0 0 10 5 0 0 0 0 9 47 11 1 0 11 0 0 0 2 0 0 0 1 0 0 0 8 0 0 0 0 0 0 0 0 9 2 0 0 0 1 0 0 0 0 3 0 0 0 0 0 0 0 0 0 0 1 0 0 0 1 30 10 6 0 0 0 4 1 0 0 0 1 7 95 104 186 66 15 15 8 17 135 13 30 55 99 164 117 24 151 788 260 43 370 255 505 481 157 414 75 89 81 33 12 13 26 26 156 151 21 8 8 17 75 75 14 13 6 3 0 1 21 23 6 2 4 0 0 20 2 0 19 2 1 5 0 0 0 0 0 2 0 0 0 0 0 0 0 1 13
1 1 4 8 0 0 0 0 0 12 2 9 2 1 0 0 0 0 3 0 0 0 23 0 5 9 0 3 0 0 0 0 0 0 1 0 0 5 5 1 0 0 0 0 0 0 0 0 0 0 0 0 0 1 1 0 0 0 0 24 100 8 6 145 4 0 0 0 2 1 0 0 36 30 20 1 78 40 5 8 82 26 1 0 40 132 184 77 137 155 40 4 82 114 132 107 211 293 454 327 193 58 37 16 6 16 1 57 17 28 7 11 1 4 20 11 0 4 3 11 2 5 17 4 2 4 0 3 10 20 8 3 24 19 4 0 0 0 1 23 14 0 0 0 0 0 0 0 0 0
0 0 0 1 1 0 0 0 0 10 5 3 8 2 0 3 0 5 2 2 0 7 41 17 4 0 3 8 0 0 0 0 0 0 0 5 0 1 0 7 4 0 0 1 0 0 0 0 0 0 0 0 0 0 6 1 0 0 1 22 5 12 2 0 0 0 1 0 0 0 0 0 2 0 0 0 6 110 71 146 113 26 2 24 16 190 333 90 6 6 24 25 28 126 249 370 61 215 124 215 347 164 9 41 22 5 3 18 146 102 26 4 2 0 4 3 6 10 103 11 86 17 8 2 1 9 4 3 2 39 12 1 58 74 0 0 0 0 0 12 5 1 0 0 0 0 0 0 0 0
13 1 0 0 0 0 0 0 0 16 2 7 0 0 0 0 0 0 4 1 0 0 3 7 2 0 2 6 6 0 1 0 0 0 0 0 0 2 0 0 2 0 0 0 0 0 0 0 0 0 4 0 0 0 77 18 0 10 21 2 0 3 3 5 0 0 0 0 0 0 5 73 10 0 0 1 17 34 139 54 50 61 4 83 104 6 26 83 1 47 438 251 619 308 358 205 122 79 317 203 245 268 90 209 18 100 23 8 180 30 6 9 21 9 0 5 13 33 29 13 11 60 29 4 3 3 1 0 7 0 1 6 14 0 10 0 0 0 0 5 28 8 0 0 0 0 0 0 0 0
0 6 0 0 0 0 0 0 0 0 1 1 0 0 0 7 0 0 0 1 0 0 0 0 0 0 0 0 0 0 0 0 0 0 1 5 4 0 0 0 1 0 0 0 0 0 0 0 0 1 2 0 1 0 27 106 34 17 1 0 1 1 0 8 0 0 0 0 1 5 83 37 49 58 9 28 29 59 139 88 130 118 123 28 119 77 32 36 17 149 579 198 218 300 174 101 32 342 181 382 528 424 426 426 227 46 57 16 12 1 19 18 11 14 4 0 1 10 64 24 144 351 79 9 1 2 2 0 1 6 0 0 0 0 9 0 0 0 0 0 23 1 0 0 0 0 0 0 0 0
7 1 0 1 0 0 0 0 6 0 1 0 0 0 0 0 0 1 11 27 3 7 0 0 0 0 0 0 0 0 0 0 0 0 9 40 24 9 0 1 0 0 0 0 0 0 0 0 0 7 27 4 1 1 11 30 21 10 8 3 0 0 1 1 0 0 0 0 1 26 57 79 96 44 52 28 15 13 25 108 175 271 244 28 1 102 35 32 5 174 825 235 33 110 255 262 53 538 197 233 331 187 430 280 11 61 8 38 8 0 0 0 2 15 5 12 6 0 0 9 55 81 2 3 1 5 1 1 3 0 2 0 3 0 1 0 1 0 0 0 0 7 0 0 0 0 0 0 0 0
0 0 0 1 0 0 0 0 0 8 0 0 0 1 1 0 0 0 0 0 0 1 0 0 0 0 0 0 0 0 0 0 0 0 0 6 1 0 2 0 0 0 0 0 0 0 0 0 0 2 3 0 5 0 1 13 9 1 30 23 3 9 0 1 35 5 0 0 2 50 29 33 133 181 171 101 194 70 254 217 320 245 489 207 50 5 3 92 36 60 576 449 28 322 209 184 251 227 354 27 15 166 81 43 10 21 37 4 10 2 25 194 106 12 17 10 6 1 25 15 43 71 3 1 0 2 6 3 0 0 5 0 0 0 0 0 0 2 0 0 0 1 0 0 0 0 0 0 0 0
2 0 0 0 0 0 0 0 0 0 1 0 0 0 0 0 0 0 0 0 0 0 0 0 0 0 0 0 0 0 9 0 0 0 3 1 0 0 3 4 0 0 0 0 0 0 0 0 0 0 0 0 7 9 2 6 0 10 34 28 43 13 39 6 10 13 0 0 1 42 1 0 19 23 35 20 40 99 384 496 310 177 511 85 115 80 115 252 140 26 192 31 6 146 203 198 94 495 413 106 116 180 206 354 106 87 15 18 62 20 189 365 27 24 8 27 1 4 7 7 20 6 9 3 4 1 6 2 4 0 0 0 0 0 0 0 0 0 0 0 0 0 0 0 0 0 0 0 0 0
3 0 0 0 0 0 2 0 0 2 0 2 0 1 1 0 0 0 0 0 0 0 0 0 0 0 0 0 0 0 3 0 0 0 0 0 0 0 0 2 0 0 0 0 0 0 0 0 0 1 0 0 1 3 0 0 7 3 16 37 144 107 6 2 1 6 1 3 2 42 1 1 0 1 0 4 1 91 36 253 282 365 393 12 5 3 282 208 179 39 0 5 148 449 470 715 103 333 236 64 390 39 49 231 561 80 90 200 49 34 612 77 151 8 11 6 0 2 2 1 17 8 10 19 7 0 3 6 0 0 7 1 0 0 0 0 0 0 0 0 0 0 0 0 0 0 0 0 0 0
0 0 0 0 0 0 0 0 3 3 0 0 0 0 0 0 0 0 0 0 0 0 0 0 0 0 0 0 0 0 0 0 0 0 0 0 0 1 0 0 0 0 0 0 0 0 1 0 6 0 3 0 15 5 0 0 2 0 0 10 33 120 6 11 3 0 2 1 0 5 0 0 0 0 1 3 1 22 71 260 410 291 351 186 586 505 135 37 82 64 30 3 4 300 383 515 487 56 35 5 29 45 6 4 65 154 123 116 47 4 200 255 117 19 4 143 162 239 104 38 20 13 10 16 20 9 4 0 0 16 50 3 1 0 0 0 0 0 0 0 0 0 0 0 0 0 0 0 0 1
0 1 8 0 0 0 1 0 4 1 0 1 0 0 0 1 1 0 0 0 0 0 0 0 0 1 0 0 0 0 0 2 0 0 0 4 0 2 1 1 0 3 0 0 0 0 0 8 29 10 21 6 13 12 0 0 0 11 19 8 0 76 4 1 0 0 0 0 0 1 0 0 0 0 0 0 11 11 85 214 226 145 401 171 110 174 77 113 176 141 20 0 2 60 157 246 366 22 8 44 10 15 2 12 69 189 410 200 71 71 238 47 77 8 0 77 182 304 137 104 148 82 129 96 47 268 67 35 22 19 5 67 7 34 5 0 0 0 0 0 0 0 0 0 0 0 0 0 0 0
1 0 0 0 0 0 0 0 3 0 0 0 0 0 0 0 4 5 1 0 0 0 0 0 0 0 0 0 0 0 0 0 0 6 1 0 0 0 2 4 3 15 11 0 2 0 2 3 1 0 0 0 2 0 2 0 1 1 0 1 5 3 0 1 1 2 1 0 1 0 3 0 0 0 0 1 44 15 388 197 315 119 27 9 44 85 7 9 58 337 26 0 1 1 3 41 343 202 127 7 0 4 6 32 19 82 223 108 51 28 312 63 34 38 7 141 437 84 255 476 205 187 73 50 69 235 0 1 0 20 1 0 53 15 14 5 0 0 0 0 0 0 0 0 0 0 0 0 0 0
1 0 0 0 0 1 0 0 1 2 0 0 0 0 0 0 2 6 4 5 4 7 0 0 0 0 0 0 0 0 0 0 0 0 0 0 0 2 0 0 0 1 25 0 16 0 1 7 0 0 0 0 5 0 1 0 0 0 0 0 2 1 1 0 0 0 0 13 0 3 10 0 0 0 0 15 59 60 211 35 73 157 12 0 5 46 1 0 2 3 0 0 3 29 40 11 217 184 266 389 11 3 28 8 8 3 12 99 178 145 480 266 36 626 121 20 14 65 544 552 106 164 106 0 43 118 16 0 23 19 0 0 2 13 0 0 0 0 0 0 0 0 0 0 0 0 0 0 0 0
0 0 0 0 0 0 0 0 0 3 0 0 0 0 0 0 0 0 49 4 3 0 0 0 0 0 0 0 0 2 3 0 0 0 0 0 0 0 0 0 0 0 1 56 32 0 0 0 2 2 4 16 2 0 0 0 0 0 1 0 2 7 6 1 0 0 3 8 14 6 43 0 0 0 2 191 339 177 89 27 39 199 68 2 19 108 2 1 3 13 0 0 0 28 9 16 100 221 79 81 0 8 172 59 172 25 50 286 122 269 358 502 441 227 209 126 141 98 461 189 131 56 0 1 0 7 5 0 1 2 0 0 0 1 0 0 0 0 0 0 0 0 0 0 0 0 0 0 0 0
0 0 0 0 0 0 0 0 2 0 0 0 0 0 0 0 0 0 0 3 1 0 0 0 0 0 0 0 0 0 0 0 0 0 0 0 0 0 0 0 0 0 0 3 21 0 0 0 3 5 3 30 1 0 3 0 7 6 3 8 56 16 2 10 7 82 64 56 135 70 36 2 1 0 25 305 385 496 249 6 1 182 15 5 2 11 14 5 0 15 15 8 5 0 0 0 33 193 125 117 7 17 243 410 627 728 649 609 385 277 488 216 263 444 210 150 114 38 36 65 70 67 6 5 0 6 22 5 3 12 0 0 0 0 0 0 0 0 0 0 0 0 0 0 0 0 0 0 0 0
0 0 0 0 0 0 0 12 5 4 1 0 0 0 0 0 3 0 1 1 0 9 3 1 0 0 0 0 1 1 0 0 0 0 0 0 0 0 0 0 0 0 0 0 1 12 0 0 0 9 34 66 1 2 0 3 35 46 5 37 6 8 4 20 22 31 206 35 35 136 326 49 71 61 256 556 749 318 74 4 1 6 0 0 0 0 10 48 6 23 3 5 0 0 6 9 30 11 23 13 1 0 623 320 249 333 420 205 281 347 318 236 256 152 149 43 17 108 67 66 12 5 56 193 29 31 3 0 1 4 0 0 0 0 8 3 0 0 0 0 0 0 0 0 0 0 0 0 0 0
0 0 0 0 0 0 1 5 1 0 0 0 0 1 0 0 5 1 3 0 1 0 5 18 7 3 3 0 0 0 0 0 0 0 0 0 0 0 0 0 0 0 3 2 0 16 0 1 0 6 13 0 3 6 3 16 31 94 34 22 0 4 0 0 2 1 0 0 0 0 0 0 72 27 153 174 379 109 57 0 0 0 0 0 0 0 0 11 29 5 0 0 0 1 3 10 6 0 3 45 10 421 655 367 172 110 224 96 399 254 217 114 375 110 79 54 32 75 56 5 0 1 15 26 19 111 1 8 0 0 0 0 0 0 0 0 0 0 0 0 0 0 0 0 0 0 1 0 0 0
0 0 0 0 0 0 0 0 0 0 0 0 0 0 0 1 0 3 7 2 1 1 0 0 8 1 8 4 0 1 0 0 0 0 0 0 3 0 0 0 0 0 0 0 0 15 34 2 2 18 17 20 2 46 11 9 24 36 215 12 4 5 0 0 0 1 14 30 0 39 38 12 94 10 30 93 35 65 41 3 0 0 7 1 0 0 0 4 38 2 0 21 81 30 17 0 5 0 19 314 77 58 77 65 82 240 90 83 218 141 81 30 26 226 50 5 65 92 8 2 0 2 6 2 67 251 147 14 2 1 0 0 0 0 0 0 0 0 0 0 0 0 0 0 0 0 0 0 0 1
0 0 0 1 2 0 1 0 0 0 0 0 2 2 0 1 0 1 0 2 0 5 1 1 1 1 48 22 55 0 0 0 0 0 1 4 0 0 0 0 1 0 1 5 18 11 7 3 20 185 44 8 10 8 5 18 98 39 32 15 37 12 1 0 0 0 4 0 0 7 10 4 21 7 5 42 53 13 6 7 5 0 4 17 0 11 6 8 2 2 2 21 51 165 20 1 0 23 161 22 47 161 33 12 50 42 87 367 141 1 0 27 0 214 8 0 1 0 0 0 0 0 1 3 26 89 127 147 2 0 0 0 0 0 0 0 0 0 0 0 0 0 0 0 0 0 0 0 0 0
0 0 0 0 0 0 0 0 0 0 0 0 1 1 0 0 0 0 0 0 3 5 43 2 3 1 3 11 114 3 0 2 7 0 0 0 0 0 0 0 0 1 4 44 5 68 69 6 3 125 20 8 1 6 34 0 23 52 0 0 1 0 0 0 0 5 0 0 5 14 29 50 4 0 0 40 3 0 2 1 2 0 0 2 0 10 16 1 2 1 5 17 8 0 0 12 0 3 3 1 351 427 310 82 59 84 75 204 72 7 0 0 1 42 8 0 0 0 0 0 0 0 0 3 13 2 23 82 65 0 0 0 0 0 0 0 0 0 0 0 0 0 0 0 0 0 0 0 0 0
0 0 0 0 0 0 0 0 0 0 0 0 0 5 0 0 0 0 2 1 0 2 3 2 0 6 3 4 1 1 0 4 2 0 0 0 0 0 0 4 4 4 7 9 4 0 50 14 25 134 116 43 6 25 10 1 12 1 1 0 0 3 9 9 111 92 4 0 4 2 44 14 0 0 28 78 140 62 4 9 11 15 1 5 0 0 1 2 12 3 8 2 0 0 0 0 0 0 206 193 629 550 267 60 0 5 49 47 3 0 0 0 0 4 0 0 0 0 0 0 0 0 0 2 0 0 29 135 0 0 0 0 0 0 0 0 0 0 0 0 0 0 0 0 0 0 0 0 0 0
0 0 0 0 0 0 0 0 0 0 0 0 0 7 2 2 0 0 0 0 2 6 10 1 7 0 0 0 0 0 6 47 3 1 1 0 0 3 0 0 23 1 0 0 1 0 0 8 144 355 136 70 9 0 0 7 0 2 0 0 1 2 0 0 4 8 8 0 4 30 6 12 8 0 0 11 38 23 21 43 10 17 5 21 9 3 2 95 113 21 10 0 0 3 3 10 3 2 26 179 94 37 22 0 19 8 51 26 0 0 0 0 5 22 0 0 0 0 0 0 0 0 0 0 0 70 12 0 0 6 7 0 0 0 0 0 0 0 0 0 0 0 0 0 0 0 0 0 0 0
0 1 0 0 0 0 0 0 0 0 0 0 0 0 3 0 0 0 0 0 1 0 9 1 1 0 0 0 0 0 0 2 20 1 1 0 13 68 2 18 0 0 0 0 0 0 10 6 6 200 105 86 5 0 0 0 0 5 1 0 0 0 0 0 6 1 15 3 0 0 8 16 12 6 0 0 15 4 13 5 4 33 10 0 0 4 5 0 0 0 1 4 3 1 0 0 2 0 2 1 4 1 4 29 27 25 17 39 34 48 12 6 12 0 0 0 0 0 0 0 0 0 0 1 15 45 80 1 0 0 0 0 0 0 0 0 0 0 0 0 0 0 0 0 0 0 0 0 0 0
0 0 0 0 0 0 0 0 0 0 0 0 0 0 2 0 2 2 0 1 3 0 1 2 1 0 0 0 0 0 1 1 5 3 0 1 2 8 1 0 0 0 0 0 1 50 13 15 1 76 85 10 0 6 0 2 5 9 4 0 0 0 0 0 0 0 0 0 0 0 0 2 63 45 1 13 0 0 0 0 0 4 44 60 2 0 0 0 0 0 0 0 2 0 1 0 5 0 0 3 3 0 2 42 38 17 4 0 1 15 1 53 5 0 0 0 0 0 0 0 0 0 1 9 3 3 18 44 1 0 0 0 0 0 0 0 0 0 0 0 0 0 0 0 0 0 0 0 0 0
0 0 0 0 0 0 0 0 0 0 0 0 0 0 0 0 0 0 0 0 0 0 0 0 0 0 0 0 0 0 0 0 2 0 17 0 0 29 0 0 0 0 0 47 12 18 25 1 2 13 28 23 8 13 8 2 1 0 0 2 0 0 0 0 0 0 0 15 3 3 1 2 3 2 29 9 0 0 0 0 0 0 4 27 5 4 0 0 0 0 1 2 0 2 0 1 8 2 0 4 3 3 0 8 258 0 0 1 0 0 1 9 0 0 0 0 0 0 0 0 1 0 0 1 0 10 25 8 0 0 0 0 0 0 0 0 0 0 0 0 0 0 0 0 0 0 0 0 0 0
0 0 0 0 0 0 0 0 0 0 0 0 0 0 4 0 0 0 3 0 0 3 2 1 2 0 0 0 0 0 0 0 1 15 19 0 0 10 0 0 0 0 0 2 40 5 0 1 12 2 39 4 0 0 0 1 0 0 0 0 0 0 0 0 10 3 0 10 2 2 1 30 0 2 1 5 4 0 0 0 2 0 0 1 0 8 0 5 1 2 0 0 1 1 3 0 0 2 0 8 8 8 2 82 142 128 0 0 0 0 0 2 1 0 2 2 0 0 0 0 0 0 0 0 0 15 0 39 1 0 0 0 0 0 0 0 2 25 0 0 0 0 0 0 0 0 0 0 0 0
0 0 0 0 0 0 0 0 0 0 0 0 0 1 2 0 0 0 0 0 0 0 0 1 0 0 0 6 1 1 0 0 0 4 7 2 0 0 2 1 0 0 0 8 41 1 3 0 0 1 15 4 1 0 5 0 0 1 0 0 0 0 0 0 8 0 0 2 4 1 1 3 0 0 4 0 5 0 0 0 0 0 11 1 0 7 6 14 3 0 5 1 0 0 1 3 0 0 0 1 10 8 0 2 24 198 36 0 0 0 0 0 0 2 2 3 0 0 3 1 0 0 0 0 4 126 4 2 0 0 0 0 0 0 0 0 1 14 0 0 0 0 0 0 0 0 0 0 0 0
0 0 0 0 0 0 0 0 0 0 0 2 0 0 2 1 7 17 3 0 3 10 12 1 0 0 1 1 0 1 0 0 0 4 1 0 0 28 4 5 12 12 5 127 111 3 1 2 1 2 2 10 16 1 1 2 0 0 0 0 0 0 0 0 0 0 0 0 4 23 65 8 4 4 0 1 0 0 0 0 0 0 0 0 0 0 0 0 3 3 1 0 2 0 0 1 0 0 0 1 0 8 5 2 7 497 301 26 0 0 0 0 0 0 0 0 1 109 20 2 0 0 0 12 39 26 44 44 64 17 0 0 0 0 0 0 6 0 0 0 0 0 0 0 0 0 0 0 0 0
0 0 0 0 0 0 0 1 0 2 0 1 7 6 0 3 5 21 1 10 0 4 1 0 0 0 0 1 2 1 0 1 5 2 0 14 2 5 42 58 104 224 77 108 31 10 0 3 0 1 0 1 19 6 0 0 0 0 0 0 0 0 0 0 0 0 0 0 0 1 13 21 7 0 4 6 0 79 0 0 0 1 1 0 7 0 0 0 6 12 0 1 2 0 6 10 2 0 0 0 1 0 3 4 133 248 120 213 1 0 0 0 0 1 0 0 88 30 5 0 0 0 9 83 73 83 393 233 12 19 0 0 2 1 0 2 0 0 0 0 0 0 0 0 0 0 0 0 0 0
0 0 0 0 0 0 0 0 3 4 9 24 20 2 0 2 11 4 0 2 0 15 4 8 0 1 0 1 0 4 0 1 0 1 15 9 0 5 21 105 277 330 258 298 36 0 1 2 3 0 1 0 37 43 2 6 1 0 0 0 0 0 0 0 0 0 0 0 0 0 0 2 0 0 0 0 0 5 7 0 0 0 3 0 7 0 0 0 0 2 3 2 3 3 3 8 0 0 0 1 0 0 3 4 4 40 0 38 8 0 0 0 0 0 32 22 314 275 25 93 11 9 2 66 39 26 205 326 183 102 11 10 12 49 5 0 0 0 0 0 0 0 0 0 0 0 0 0 0 0
0 0 0 0 0 0 1 1 2 1 0 1 0 0 1 2 0 0 3 5 0 5 92 14 0 0 0 0 1 0 2 1 1 0 6 3 7 12 17 35 424 152 205 108 28 8 6 1 0 2 2 0 4 0 0 2 0 0 0 0 0 0 0 0 0 0 0 0 0 0 0 0 0 0 0 0 1 3 1 0 0 17 3 4 27 0 0 1 13 15 0 0 0 12 0 0 1 4 0 0 0 0 0 7 2 0 0 0 5 0 0 1 2 0 22 487 212 147 49 54 45 37 53 1 1 4 25 100 1 17 4 168 164 21 27 1 0 0 0 0 0 0 0 0 0 0 0 0 0 0
0 0 0 0 0 0 1 0 1 0 4 5 2 0 0 0 1 0 7 9 107 101 10 0 0 0 0 0 0 33 0 1 2 13 26 4 2 4 0 116 186 161 224 153 49 9 5 0 2 5 0 0 5 3 2 1 0 0 0 0 0 0 0 0 0 0 0 0 0 1 0 0 0 0 0 0 0 2 19 0 14 10 22 151 19 0 0 0 0 0 0 0 2 4 0 0 1 7 0 0 3 0 0 0 1 1 0 9 93 109 143 188 31 50 193 379 256 129 32 211 52 94 4 1 48 40 40 74 0 0 22 148 94 9 17 0 0 0 0 0 0 0 0 0 0 0 0 0 0 0
0 0 1 0 0 0 0 3 0 2 0 6 0 6 0 0 0 1 5 4 39 0 0 0 0 0 0 0 4 8 1 14 1 1 0 0 0 0 5 17 20 70 19 12 0 0 0 0 1 1 0 11 125 2 1 1 4 2 1 0 0 0 0 0 0 0 0 0 0 0 0 0 0 0 0 3 0 19 9 1 0 1 9 3 0 0 0 0 1 0 3 0 0 5 2 7 4 0 0 0 2 1 0 0 0 4 5 14 118 243 62 79 27 169 753 336 110 158 25 251 60 3 0 15 7 22 11 3 0 0 24 80 0 0 1 0 0 0 0 0 0 0 0 0 0 0 0 0 0 0
0 0 0 0 0 16 8 2 2 1 5 0 0 0 7 0 0 2 14 8 7 0 0 0 0 0 0 0 1 3 32 0 5 4 9 3 3 0 9 0 5 8 0 2 0 0 0 0 1 2 0 0 146 1 14 15 18 0 1 0 0 0 0 0 0 0 0 0 0 0 0 0 0 0 0 0 1 3 0 1 0 0 2 0 0 0 0 0 2 0 0 0 3 4 3 2 4 0 1 0 2 0 0 1 0 0 3 31 36 4 1 5 61 75 125 233 52 110 47 54 208 1 0 0 0 0 0 0 0 0 0 101 9 0 0 0 0 0 0 0 0 0 0 0 0 0 0 0 0 0
0 0 0 0 1 1 1 2 0 1 2 0 1 3 4 4 11 12 1 0 0 0 6 0 0 0 0 23 10 2 10 16 8 0 2 3 3 7 1 1 6 6 3 0 0 0 0 0 0 0 0 14 104 37 1 7 3 0 0 0 0 0 0 0 0 0 0 0 0 0 0 0 0 0 0 0 11 2 6 0 0 0 0 0 0 0 0 0 8 2 11 0 14 21 1 4 3 0 1 4 0 0 0 0 0 0 0 40 322 3 0 0 0 0 1 1 5 15 171 368 23 0 0 0 0 0 1 0 0 0 0 0 24 1 0 0 0 0 0 0 0 0 0 0 0 0 0 0 0 0
1 3 0 2 2 0 4 57 2 0 6 4 0 2 1 62 23 9 3 8 0 0 3 4 3 56 0 3 3 1 15 4 2 1 1 0 0 0 0 1 33 1 1 0 0 0 0 0 0 0 0 14 7 4 14 1 1 0 0 0 0 0 0 0 0 0 0 0 0 0 0 0 0 0 0 0 11 29 0 0 0 0 1 0 0 0 0 0 4 0 2 0 0 18 0 0 0 0 8 1 0 1 15 8 2 12 25 17 71 0 0 0 0 0 5 0 0 1 48 131 186 301 0 0 3 24 0 0 0 30 33 6 41 7 0 0 0 0 0 0 0 0 0 0 0 0 0 0 0 0
1 1 0 0 0 1 2 0 0 0 7 0 2 2 20 18 21 22 5 3 0 2 0 2 2 13 0 0 1 0 0 0 8 1 5 0 0 0 0 4 1 9 4 2 3 0 1 0 0 6 2 23 8 35 13 2 2 0 0 0 0 0 0 0 0 0 0 0 0 0 0 0 0 0 0 0 1 19 78 2 2 5 0 0 0 0 0 31 8 0 1 4 1 0 0 14 0 1 2 1 16 13 21 4 2 1 10 11 29 30 0 0 0 13 31 38 74 288 59 171 290 51 0 4 181 33 0 0 0 60 114 0 0 0 0 0 0 0 0 0 0 0 0 0 0 0 0 0 2 0
0 0 0 0 0 0 2 1 0 2 3 57 4 11 0 1 1 3 1 0 0 0 0 1 2 0 1 0 19 2 0 0 1 0 0 0 0 0 3 0 0 8 16 2 0 4 0 0 0 0 0 31 15 1 0 0 0 0 0 0 0 0 0 0 0 0 0 0 0 0 0 0 0 0 0 3 0 23 19 3 0 1 0 0 0 0 0 6 0 0 0 0 2 3 0 0 1 0 1 0 6 0 2 7 9 1 4 26 17 21 0 0 0 0 66 286 324 284 20 23 50 46 100 201 61 0 0 0 0 239 71 0 0 0 0 0 0 0 0 0 0 0 0 0 0 0 0 0 0 0
0 0 0 0 0 2 0 0 0 0 13 18 2 0 0 2 1 0 2 2 0 0 0 2 0 0 1 2 2 0 0 0 0 1 0 0 0 0 11 0 0 1 1 0 0 1 0 1 0 0 4 28 1 0 1 0 0 0 3 1 0 0 0 0 0 0 0 0 0 0 0 0 0 0 0 0 1 9 62 14 6 13 9 0 0 0 0 0 0 0 0 0 0 7 0 0 0 0 0 4 3 1 3 11 2 2 2 8 25 0 0 1 14 8 25 7 5 35 255 240 8 125 395 345 202 118 45 86 342 757 377 10 0 0 0 0 0 0 0 0 0 0 0 0 0 0 0 0 0 0
0 0 1 0 0 3 0 1 0 8 29 7 0 3 19 2 0 1 0 0 0 0 0 0 0 16 11 0 0 0 0 2 2 0 0 0 0 0 1 10 4 2 2 0 0 0 2 1 0 2 3 156 14 0 2 0 2 2 1 0 0 0 0 0 0 0 0 0 0 0 0 0 0 0 0 0 1 10 31 0 1 30 8 0 0 0 0 0 1 3 2 4 2 8 6 11 20 0 0 5 3 0 0 13 15 27 1 0 118 17 4 3 5 4 2 4 79 112 90 243 226 492 437 438 809 412 289 261 450 287 231 0 0 0 0 0 0 0 0 0 0 0 0 0 0 0 0 0 0 0
0 0 0 0 0 0 0 0 6 3 3 1 4 2 9 14 1 0 0 0 0 0 0 0 11 0 1 0 2 0 0 0 1 0 1 0 0 1 0 0 0 0 2 0 0 0 0 0 1 9 260 233 3 42 6 0 1 0 0 1 1 2 0 0 0 0 0 0 0 0 0 0 0 0 0 0 0 0 4 0 0 0 0 0 0 0 0 0 4 1 0 0 15 0 0 6 0 0 0 5 15 1 4 2 13 24 20 19 2 1 3 1 3 2 2 3 7 39 219 647 836 463 208 809 861 498 152 298 234 22 21 5 0 0 0 0 0 0 0 0 0 0 0 0 0 0 0 0 0 0
0 1 0 0 1 0 0 0 8 10 4 0 2 1 10 0 3 0 0 0 0 0 0 0 6 0 0 1 0 1 0 21 15 0 0 0 0 0 1 0 0 0 0 0 0 0 0 0 1 35 240 182 214 259 18 13 2 0 1 1 0 0 0 0 0 0 0 0 0 0 0 0 0 0 1 0 0 0 0 9 0 1 0 0 0 0 0 14 75 0 0 8 5 0 0 0 0 0 0 5 9 1 5 3 1 58 219 5 2 0 0 5 1 2 2 5 11 3 55 247 315 281 244 1957 758 272 161 120 4 222 494 412 0 0 0 0 0 0 0 0 0 0 0 0 0 0 0 0 0 0
0 1 0 2 2 1 19 5 5 0 7 26 6 0 0 0 0 0 0 0 0 0 0 0 1 0 1 1 0 0 0 3 2 4 1 8 1 0 0 0 0 0 0 2 0 0 0 0 1 0 130 234 236 240 43 28 0 1 1 0 0 0 0 0 0 0 0 0 0 0 0 0 0 0 0 0 0 0 0 26 0 1 1 0 0 0 0 12 25 0 2 3 34 0 0 0 0 0 0 1 2 22 13 36 7 5 3 11 0 0 0 0 4 2 0 7 7 4 1 15 139 189 312 496 462 348 193 168 178 196 112 81 1 0 0 0 0 0 0 0 0 0 0 0 0 0 0 0 0 0
5 0 0 6 0 0 2 4 2 0 0 2 0 0 0 0 0 0 0 0 0 0 0 0 0 0 0 0 1 0 3 0 0 0 0 0 0 0 0 0 0 0 0 0 0 4 2 0 1 1 21 65 97 8 11 16 4 0 2 1 1 1 0 0 0 1 0 0 0 0 0 0 0 0 0 0 0 0 0 0 0 1 0 0 0 0 30 29 19 1 2 103 69 33 1 0 0 0 0 10 22 3 19 82 18 0 1 3 13 0 0 0 0 2 3 0 5 6 5 18 76 421 320 226 187 224 390 525 107 97 30 66 0 0 0 0 0 0 0 0 0 0 0 0 0 0 0 0 0 0
1 0 13 0 5 0 10 49 4 9 1 9 4 3 0 0 0 0 0 0 0 0 1 0 0 0 0 0 1 0 0 0 0 0 0 1 0 0 0 0 0 0 0 0 0 0 0 1 0 2 0 6 49 3 8 0 0 27 36 7 1 0 0 0 0 0 0 0 0 0 0 0 0 0 0 0 0 0 0 0 0 5 4 15 10 2 0 0 6 31 160 58 84 3 1 2 0 0 10 24 36 160 184 441 205 19 3 3 13 9 0 0 2 1 1 1 0 19 14 228 198 366 1174 768 371 148 1066 855 461 0 0 0 0 0 0 0 0 0 0 0 0 0 0 0 0 0 0 0 0 0
3 2 6 0 5 22 5 20 2 2 0 0 2 0 0 0 0 0 0 0 0 0 1 0 0 0 0 2 3 0 0 0 2 0 0 0 0 0 0 0 3 0 0 0 0 0 0 0 1 3 0 1 31 2 6 0 0 1 48 4 3 0 0 0 0 0 0 0 0 0 0 0 0 0 0 0 0 0 0 0 0 1 4 1 4 12 1 3 12 35 37 53 68 3 12 6 0 0 0 6 89 99 187 149 99 25 0 1 0 9 5 1 0 0 1 1 3 268 217 315 278 12 3 103 258 47 301 611 245 2 223 2 0 0 0 0 0 0 0 0 0 0 0 0 0 0 0 0 0 0
1 0 82 6 12 15 36 1 0 2 2 0 4 0 0 0 0 0 0 0 0 0 0 0 0 0 0 0 0 0 0 0 0 0 0 0 0 0 0 0 6 1 1 0 0 1 0 0 1 0 0 6 3 0 0 1 0 2 6 18 0 4 0 0 0 0 0 0 0 0 0 0 0 0 0 0 0 0 0 0 8 29 0 0 9 0 109 26 0 0 0 5 1 0 0 0 0 0 0 4 3 63 337 144 43 124 7 6 4 4 10 1 0 0 0 6 134 242 85 8 0 0 0 0 63 223 37 236 258 13 12 5 0 0 0 0 0 0 0 0 0 0 0 0 0 0 0 0 0 0
1 11 47 40 156 160 59 27 7 0 0 0 0 0 0 0 0 0 0 0 0 4 0 0 0 0 0 0 0 0 0 0 0 0 0 0 0 0 0 0 0 0 0 4 0 3 0 6 4 1 0 7 9 0 0 1 2 0 7 2 0 1 0 0 0 0 0 0 0 0 0 0 0 0 0 0 0 0 2 13 4 0 0 0 5 2 5 109 29 0 0 0 0 0 0 0 0 0 0 0 0 151 219 83 49 95 0 0 0 22 11 4 0 0 2 32 110 6 8 18 0 0 0 0 6 279 121 236 152 4 13 0 0 0 0 0 0 0 0 0 0 0 0 0 0 0 0 0 0 0
4 56 191 394 120 99 38 7 1 0 1 2 5 0 0 1 0 1 0 0 1 0 0 0 3 0 0 1 0 0 0 0 0 0 0 0 0 0 0 0 1 0 0 0 1 0 0 3 11 0 0 0 9 0 1 2 0 0 3 0 0 0 0 0 0 0 0 0 0 0 0 0 0 0 0 0 0 9 0 0 0 0 0 0 0 0 14 28 0 1 0 0 0 0 0 0 0 0 0 0 4 35 7 9 43 51 0 0 0 0 4 13 1 7 2 0 4 2 11 21 14 51 7 0 5 70 34 232 16 2 0 0 0 0 0 0 0 0 0 0 0 0 0 0 0 0 0 0 0 0
1 1 93 97 57 175 82 2 4 0 0 1 1 0 0 0 0 0 2 0 3 1 0 0 1 0 0 0 1 0 0 0 0 0 0 0 0 0 0 0 0 0 0 0 0 1 0 0 4 13 0 0 0 0 0 1 0 0 0 0 0 0 0 0 0 0 0 0 0 0 0 0 0 1 0 0 1 0 0 0 0 0 0 0 0 0 52 5 3 19 22 2 0 0 5 9 0 0 0 290 414 83 137 89 2 84 16 0 0 0 0 5 3 0 6 0 0 0 15 30 86 16 178 166 15 19 0 0 0 1 0 0 0 0 0 0 0 0 0 0 0 0 0 0 0 0 0 0 0 0
5 7 15 23 11 9 0 9 1 0 0 1 1 0 0 0 1 0 0 0 0 33 0 0 0 0 0 0 1 0 0 0 0 0 0 0 0 0 0 0 2 0 0 0 0 13 2 0 0 2 0 0 1 0 0 7 0 0 0 0 0 0 0 0 0 0 0 0 0 0 0 0 0 0 0 0 0 4 0 0 0 0 0 0 0 0 2 3 2 19 27 0 0 0 20 44 63 5 112 783 211 363 50 12 1 25 86 107 0 2 13 0 1 0 0 0 0 0 18 21 51 17 12 31 5 92 7 3 34 12 6 0 0 0 0 0 0 0 0 0 0 0 0 0 0 0 0 0 0 0
20 7 6 2 0 0 0 1 0 0 0 0 0 0 0 0 0 0 0 4 1 4 7 1 0 0 0 0 0 5 0 0 0 3 0 0 0 0 0 0 0 0 0 0 1 7 3 0 1 1 3 0 0 2 38 3 4 0 0 0 0 0 0 0 0 0 0 0 0 0 0 0 0 0 11 5 0 0 0 0 0 0 0 0 0 0 0 0 0 0 71 10 3 1 301 409 34 2 48 97 20 22 11 20 3 1 0 103 361 67 1 0 0 0 4 0 0 2 0 0 15 0 0 0 7 42 39 36 213 68 23 0 0 0 0 0 0 0 0 0 0 0 0 0 0 0 0 0 0 0
6 1 0 0 0 0 0 0 0 0 0 0 0 0 0 0 0 0 0 0 0 0 0 0 0 16 0 0 0 0 1 24 1 0 1 0 0 0 0 0 1 0 0 0 1 0 1 0 0 0 0 1 6 1 9 0 0 0 0 0 0 0 0 0 0 0 0 0 0 0 0 0 0 0 12 100 0 0 1 0 0 0 0 0 0 0 17 32 68 30 24 8 10 16 0 23 15 0 0 0 3 1 1 0 3 2 102 154 75 14 1 0 0 0 0 0 0 1 0 0 1 5 7 8 5 117 52 98 34 48 21 0 0 0 0 0 0 0 0 0 0 0 0 0 0 0 0 0 0 0
1 0 0 0 0 0 0 0 0 0 0 0 0 0 0 0 0 1 0 0 1 0 0 0 0 0 0 0 2 0 1 0 1 1 0 0 0 0 0 0 0 0 0 0 0 2 2 0 0 0 0 0 2 26 6 1 0 0 0 0 0 0 0 0 0 0 0 0 0 0 0 0 0 0 0 0 0 0 0 0 0 0 0 0 0 0 0 1 68 11 0 0 0 1 0 15 1 1 7 0 0 8 0 2 1 175 418 207 39 50 0 0 0 0 0 0 0 0 22 1 0 17 0 14 1 5 56 31 2 14 10 3 0 0 0 0 0 0 0 0 0 0 0 0 0 0 0 0 0 0
0 0 0 0 0 0 0 0 0 0 0 0 0 0 0 0 0 0 0 0 0 0 0 1 0 0 0 0 1 1 0 0 0 0 2 0 0 0 0 0 0 0 0 0 0 0 0 0 0 0 2 1 3 39 7 3 2 0 0 0 0 0 0 0 0 0 0 0 0 0 0 0 1 0 0 0 0 0 0 0 0 0 0 0 0 0 0 0 0 1 0 0 1 4 0 0 0 0 1 0 12 1 0 0 17 51 65 4 27 73 0 0 0 0 0 0 0 0 3 3 0 8 2 15 89 22 129 29 7 15 1 0 0 0 0 0 0 0 0 0 0 0 0 0 0 0 0 0 0 0
0 0 0 0 2 24 2 0 0 0 0 0 0 0 0 0 0 0 0 0 0 0 0 0 0 0 0 0 0 0 0 0 0 0 0 0 0 0 0 0 0 0 3 0 0 0 0 0 0 0 1 0 2 0 2 0 2 0 0 0 0 0 0 0 0 0 0 1 0 1 0 0 0 0 0 0 0 0 0 0 0 0 0 0 0 0 0 0 1 0 0 24 55 4 0 0 1 0 0 0 2 6 14 7 49 7 0 1 1 2 1 0 0 0 0 0 0 0 0 0 0 5 0 12 0 0 0 86 2 10 0 0 0 0 0 0 0 0 0 0 0 0 0 0 0 0 0 0 0 0
0 0 0 0 41 17 0 0 0 0 0 0 0 0 0 0 0 0 0 0 0 0 0 0 0 0 0 0 4 0 0 1 0 0 0 0 1 0 0 0 0 0 0 0 0 1 0 0 0 0 0 0 0 5 0 3 1 0 0 0 0 0 0 0 0 0 1 0 6 0 0 0 0 0 0 0 0 0 0 0 0 0 0 0 0 0 0 0 22 42 103 146 76 14 0 0 0 0 1 15 6 305 235 20 4 6 1 0 0 2 1 0 0 0 0 0 0 0 0 0 0 0 0 0 0 0 14 7 0 0 0 0 0 0 0 0 0 0 0 0 0 0 0 0 0 0 0 0 0 0
0 0 0 0 0 3 2 0 0 0 0 0 1 0 0 1 0 0 0 0 0 0 0 0 0 0 0 0 0 2 0 0 0 0 0 4 0 0 0 0 0 0 0 0 0 4 0 0 0 0 0 0 0 0 0 0 0 0 0 0 0 0 0 0 0 0 0 0 3 1 0 1 0 0 0 0 0 0 0 0 0 0 0 0 0 0 1 0 4 56 153 80 40 9 1 2 1 2 1 38 103 112 20 5 0 2 0 0 0 0 0 0 0 0 0 0 0 0 0 0 0 12 48 0 0 11 1 0 0 0 0 0 0 0 0 0 0 0 0 0 0 0 0 0 0 0 0 0 0 0
0 0 0 0 0 0 0 0 0 0 0 0 7 7 0 2 1 0 0 0 0 0 0 0 0 1 2 0 0 23 0 0 0 0 0 0 0 0 0 0 0 0 0 1 0 2 8 0 0 2 0 0 0 7 3 3 0 0 0 0 0 0 0 0 0 0 1 4 26 0 0 0 0 0 0 0 0 0 0 0 0 0 0 0 2 14 29 4 1 2 0 2 21 0 10 1 0 2 8 12 23 0 0 1 0 0 0 0 0 16 7 11 0 0 0 0 0 0 0 0 0 0 0 0 0 0 0 1 0 0 0 0 0 0 0 0 0 0 0 0 0 0 0 0 0 0 0 0 0 0
0 0 0 0 1 0 0 0 0 0 0 0 0 1 1 0 0 0 0 0 0 0 0 0 0 0 0 0 0 0 0 0 0 0 0 1 0 0 0 0 0 0 1 0 0 0 0 6 0 1 1 0 0 3 1 2 0 0 0 0 0 0 0 0 0 0 1 12 6 0 0 0 0 0 0 0 0 0 0 0 0 0 0 0 16 4 0 2 2 19 1 2 3 2 1 5 4 20 5 4 17 6 0 0 2 0 0 2 28 81 104 247 19 0 0 0 0 0 0 0 0 0 0 0 0 0 0 0 0 0 0 0 0 0 0 0 0 0 0 0 0 0 0 0 0 0 0 0 0 0
0 0 0 0 0 0 0 0 0 0 0 0 0 0 0 0 0 0 0 0 0 0 0 0 0 0 0 0 0 0 0 0 0 0 0 0 0 0 1 0 0 0 0 0 0 0 0 2 17 0 0 0 0 1 1 46 41 0 0 0 0 0 0 0 1 4 10 70 2 0 0 0 0 0 0 0 0 0 0 0 0 0 0 8 18 0 0 2 6 259 1 2 0 0 0 6 27 33 5 0 8 0 10 11 2 0 15 0 24 20 91 69 30 16 0 0 0 0 0 0 0 0 0 0 0 0 0 0 0 0 0 0 0 0 0 0 0 0 0 0 0 0 0 0 0 0 0 0 0 0
0 0 0 0 1 0 0 0 0 0 0 0 0 0 0 0 0 0 0 0 0 0 0 1 0 0 0 0 0 0 1 0 0 0 0 0 1 0 0 0 0 0 1 0 0 0 2 0 26 2 0 0 0 0 6 2 2 3 12 2 0 3 5 6 0 2 1 0 0 1 0 0 0 0 0 0 0 0 0 0 0 0 0 0 0 0 0 4 2 3 0 0 0 0 12 92 0 0 0 0 0 0 0 0 7 30 471 454 365 57 12 0 14 4 0 0 0 0 0 0 0 0 0 0 0 0 0 0 0 0 0 0 0 0 0 0 0 0 0 0 0 0 0 0 0 0 0 0 0 0
0 0 1 2 1 40 5 5 0 0 1 2 0 0 0 0 0 0 0 0 0 0 0 0 0 0 0 0 0 0 0 0 0 0 0 0 0 2 0 0 0 0 0 0 0 1 18 4 1 0 1 0 0 1 1 1 0 0 0 0 0 0 0 0 2 0 1 5 0 18 0 1 0 0 0 0 0 0 0 0 0 0 0 0 0 0 0 0 0 4 6 9 0 0 36 5 0 0 0 0 0 2 0 4 20 23 67 220 129 127 50 74 41 0 0 0 0 0 0 0 0 0 0 0 0 0 0 0 0 0 0 0 0 0 0 0 0 0 0 0 0 0 0 0 0 0 0 0 0 0
0 0 0 0 35 13 1 0 0 0 0 0 0 0 0 0 0 0 0 0 0 0 0 0 0 0 0 0 0 0 0 0 2 0 0 0 0 0 0 0 0 0 1 0 2 0 0 1 0 1 2 1 1 0 0 0 1 1 1 0 0 0 0 0 0 1 1 2 3 0 0 0 1 0 0 0 0 0 0 0 0 0 0 0 0 0 0 0 0 0 0 0 7 18 0 10 149 0 0 0 0 0 0 19 99 171 1 0 3 37 0 3 0 0 0 0 0 0 0 0 0 0 0 0 0 0 0 0 0 0 0 0 0 0 0 0 0 0 0 0 0 0 0 0 0 0 0 0 0 0
0 0 0 0 0 1 0 0 4 0 1 0 0 0 0 0 0 0 0 0 0 0 0 0 0 0 0 0 0 0 0 2 0 0 0 0 0 0 0 0 0 0 0 0 0 0 1 0 0 5 0 0 0 1 0 0 0 0 7 1 2 3 0 0 0 0 0 0 0 0 0 0 1 0 0 0 0 0 0 0 0 0 0 0 0 0 0 0 0 0 0 13 36 17 4 182 238 0 0 0 0 0 0 2 9 0 0 0 0 0 27 41 0 0 0 0 0 0 0 0 0 0 0 0 0 0 0 0 0 0 0 0 0 0 0 0 0 0 0 0 0 0 0 12 2 0 0 0 0 0
0 0 0 0 0 1 0 0 0 4 0 0 0 0 0 0 0 0 0 0 0 0 0 0 0 0 0 0 0 0 0 2 0 0 0 0 0 0 0 0 0 0 0 0 0 0 0 0 0 0 7 0 2 2 0 0 0 0 0 0 0 0 0 0 0 0 0 0 0 0 2 0 0 0 0 0 0 0 0 0 0 0 0 0 0 0 0 0 11 1 4 12 120 117 45 0 2 0 0 0 0 0 2 1 0 0 0 3 0 45 65 0 0 0 0 0 0 0 0 0 0 0 0 0 0 0 0 0 0 0 0 0 0 0 0 0 1 0 0 0 0 0 0 1 0 0 0 0 0 0
0 0 0 0 0 0 0 0 0 0 0 0 0 0 0 0 0 0 0 0 0 0 0 0 1 0 0 0 0 0 0 0 0 0 0 0 0 0 0 0 0 0 0 0 1 0 0 0 0 0 3 1 5 0 0 0 0 0 0 0 0 0 0 0 0 0 0 0 0 0 0 0 0 0 0 0 0 0 0 0 0 0 0 0 0 0 0 0 0 0 3 26 176 0 0 17 0 0 0 0 0 0 0 1 0 29 0 0 10 2 12 4 0 0 0 0 0 0 0 0 0 0 0 0 0 0 0 0 0 0 0 0 0 0 0 0 0 0 0 0 0 0 0 0 0 0 0 0 0 0
0 0 0 0 0 0 0 0 0 0 0 1 6 0 0 0 0 0 1 0 0 0 0 0 0 0 0 0 0 0 0 0 0 0 0 0 2 0 0 0 0 0 0 0 0 0 0 0 0 0 0 11 0 0 0 0 0 0 0 5 0 1 0 0 0 0 0 0 0 0 1 31 1 0 0 0 0 0 0 0 0 0 0 0 0 0 0 0 0 1 3 19 3 4 6 0 0 0 0 0 0 0 0 0 0 0 0 0 0 0 0 0 0 0 0 0 0 0 0 0 0 0 0 0 0 0 0 0 0 0 0 0 0 0 0 0 0 0 0 0 0 0 0 0 0 0 0 0 0 0
1 0 0 0 0 0 0 0 0 0 0 0 0 0 0 0 0 0 0 0 0 1 5 28 0 0 0 0 0 0 0 0 0 0 0 1 0 0 0 0 0 0 0 0 0 0 0 0 0 0 0 9 2 1 0 0 0 0 0 0 1 10 1 0 0 0 0 0 0 0 0 1 1 1 0 0 0 0 0 0 0 0 0 0 0 0 0 0 0 4 1 5 6 12 126 0 0 0 0 0 0 0 0 0 0 0 0 0 0 0 0 0 0 0 0 0 0 0 0 0 0 0 0 0 0 0 0 0 0 0 0 0 0 0 0 0 0 0 0 0 0 0 0 0 0 0 0 0 0 0
0 0 0 0 0 0 0 0 0 0 0 1 0 0 0 0 0 0 0 0 0 0 1 1 1 0 0 0 0 1 0 0 0 0 0 0 0 0 0 0 0 0 0 0 0 0 0 0 0 0 1 14 7 2 2 0 1 0 0 0 0 22 26 0 0 0 0 0 0 0 0 0 0 0 1 0 0 0 0 0 0 0 0 0 0 0 0 0 0 0 9 4 0 5 6 1 0 0 2 0 0 0 0 0 0 0 0 0 0 0 0 0 0 0 0 0 0 0 0 0 0 0 0 0 0 0 0 0 0 0 0 0 0 0 0 0 0 0 0 0 0 0 0 0 0 0 0 0 0 0
0 0 0 0 0 0 0 0 0 0 0 0 0 0 0 0 0 1 0 0 0 0 0 0 0 0 0 0 0 0 0 1 0 0 0 0 0 0 0 0 0 0 0 0 0 0 0 0 0 0 3 23 63 3 3 0 1 0 0 0 0 6 0 0 0 0 0 0 0 0 0 1 0 1 1 0 0 0 0 0 0 0 0 0 0 0 0 0 0 0 2 2 26 2 6 3 0 0 0 0 0 0 0 0 0 0 0 0 0 0 0 0 0 0 0 0 0 0 0 0 0 0 0 0 0 0 0 0 0 0 0 0 0 0 0 0 0 0 0 0 0 0 0 0 0 0 0 0 0 0
0 0 0 0 0 0 0 0 0 0 0 0 8 1 0 1 0 0 2 0 0 0 0 0 0 0 0 0 0 0 0 0 0 0 0 0 0 0 0 0 0 0 0 0 0 0 0 0 1 6 0 5 47 0 16 2 0 0 0 0 1 3 1 0 0 0 0 0 0 0 0 0 0 0 0 0 0 0 0 0 0 0 0 0 0 0 0 0 0 0 0 0 0 2 3 0 3 0 0 0 0 0 0 0 0 0 0 0 0 0 0 0 0 0 0 0 0 0 0 0 0 0 0 0 0 0 0 0 0 0 0 0 0 0 0 0 0 0 0 0 0 0 0 0 0 0 0 0 0 0
0 0 0 0 0 0 0 0 0 3 1 0 0 0 0 0 4 0 1 0 0 0 0 4 0 0 0 0 0 0 0 0 0 0 0 0 0 0 0 0 0 0 0 0 0 0 0 1 0 0 0 3 5 0 0 0 0 0 0 1 5 2 0 0 0 0 0 0 0 0 0 0 0 0 0 0 0 0 0 0 0 0 0 0 0 0 0 0 0 0 0 0 0 1 0 0 4 0 0 0 0 0 0 0 0 0 0 0 0 0 0 0 0 0 0 0 0 0 0 0 0 0 0 0 0 0 0 0 0 0 0 0 0 0 0 0 0 0 0 0 0 0 0 0 0 0 0 0 0 0
3 0 0 0 0 0 0 0 0 0 0 0 0 0 0 0 0 0 0 0 0 0 0 0 1 0 0 0 0 0 0 0 1 0 4 1 1 0 0 0 0 0 0 0 0 0 2 24 0 0 0 0 0 0 0 0 0 0 0 2 1 0 0 0 0 0 0 0 0 0 0 0 0 0 0 0 0 0 0 0 0 0 0 0 0 0 0 0 0 0 0 0 0 0 0 7 4 6 0 0 0 0 0 0 0 0 0 0 0 0 0 0 0 0 0 0 0 0 0 0 0 0 0 0 0 0 0 0 0 0 0 0 0 0 0 0 0 0 0 0 0 0 0 0 2 2 0 0 0 0
0 0 0 0 0 0 0 0 0 0 0 0 0 0 0 0 2 0 0 0 1 0 0 0 0 0 0 0 0 0 0 1 0 0 0 0 0 0 0 0 0 0 0 0 1 0 0 0 0 0 0 0 0 0 0 0 0 0 0 0 0 1 0 0 0 0 0 0 0 0 0 0 2 0 0 0 0 0 0 0 0 0 0 0 0 0 0 0 0 0 0 0 0 0 2 3 1 0 0 0 5 0 0 0 0 0 0 0 0 0 0 0 0 0 0 0 0 0 0 0 0 0 0 0 0 0 0 0 0 0 0 0 0 0 0 0 0 0 0 0 0 0 0 0 0 0 0 0 0 0
0 0 0 0 0 0 0 0 0 0 0 0 0 0 0 0 1 0 0 0 0 0 0 0 0 0 0 0 0 0 0 0 0 0 0 0 0 0 0 0 0 0 0 0 0 0 0 0 0 0 0 0 0 0 0 0 0 0 0 0 3 0 0 0 0 0 0 0 0 0 0 1 0 0 0 0 0 0 0 0 0 0 0 0 0 0 0 0 0 0 0 0 0 0 1 0 0 0 0 1 0 0 0 0 0 0 0 0 0 0 0 0 0 0 0 0 0 0 0 0 0 0 0 0 0 0 0 0 0 0 0 0 0 0 0 0 0 0 0 0 0 0 0 0 0 0 0 0 0 0
0 0 0 0 0 0 0 0 0 0 2 0 5 0 0 1 1 0 0 0 0 0 0 0 0 0 0 0 0 0 0 0 0 0 0 0 0 1 0 0 0 0 0 0 2 0 0 0 0 0 0 0 0 0 0 0 0 0 0 1 0 0 0 0 0 0 0 0 0 0 0 1 0 0 0 0 0 0 0 0 0 0 0 0 0 0 0 0 0 0 0 0 0 0 0 0 1 0 0 0 0 0 0 0 0 0 0 0 0 0 0 0 0 0 0 0 0 0 0 0 0 0 0 0 0 0 0 0 0 0 0 0 0 0 0 0 0 0 0 0 0 0 0 0 0 0 0 0 0 0
0 0 0 0 0 0 0 0 0 0 0 0 0 0 0 4 3 0 0 0 0 0 0 0 0 0 0 0 0 0 0 0 0 0 0 0 0 0 0 0 0 0 0 1 0 0 0 0 0 0 0 0 0 0 0 0 0 0 0 2 0 0 0 0 0 0 0 0 50 0 0 0 0 0 0 0 0 0 0 0 0 0 0 0 0 0 0 0 0 0 0 0 0 0 0 0 7 3 1 4 0 0 0 0 0 0 0 0 0 0 0 0 0 0 0 0 0 0 0 0 0 0 0 0 0 0 0 0 0 0 0 0 0 0 0 0 0 0 0 0 0 0 0 0 0 0 0 0 0 0
0 0 0 0 0 0 0 0 0 0 0 0 1 1 0 0 1 4 0 0 0 0 0 0 0 0 0 0 0 0 0 0 0 0 0 0 0 2 1 0 0 0 0 0 0 0 0 0 0 0 0 0 0 0 0 0 0 0 0 0 2 4 2 0 2 0 0 1 80 118 1 0 0 0 0 0 0 0 0 0 0 0 0 0 0 0 0 0 0 0 0 0 0 0 0 0 0 0 0 0 0 0 0 0 0 0 0 0 0 0 0 0 0 0 0 0 0 0 0 0 0 0 0 0 0 0 0 0 0 0 0 0 0 0 0 0 0 0 0 0 0 0 0 0 0 0 0 0 0 0
0 1 0 0 0 0 0 0 0 0 2 1 29 6 0 1 9 0 0 6 0 1 0 6 0 2 0 0 0 0 0 4 0 0 2 0 5 2 3 3 0 0 3 0 0 0 0 0 0 0 0 0 0 0 0 0 0 0 0 0 0 0 0 3 65 24 5 0 0 0 0 0 0 0 0 0 0 0 0 0 0 0 0 0 0 0 0 0 0 0 0 0 0 0 0 0 0 0 0 0 0 0 0 0 0 0 0 0 0 0 0 0 0 0 0 0 0 0 0 0 0 0 0 0 0 0 0 0 0 0 0 0 0 0 0 0 0 0 0 0 0 0 0 0 0 0 0 0 0 0
1 13 3 0 0 0 0 0 0 0 0 1 0 0 0 0 2 0 1 4 18 135 24 3 3 0 0 0 0 2 0 0 0 0 0 2 17 1 0 1 0 0 0 0 0 0 0 0 0 0 0 0 0 0 0 0 0 0 0 0 0 0 0 0 1 0 0 0 0 0 0 0 0 0 0 0 0 0 0 0 0 0 0 0 0 0 0 0 0 0 0 0 0 0 0 0 1 0 0 0 0 0 0 0 0 0 0 0 0 0 0 0 0 0 0 0 0 0 0 0 0 0 0 0 0 0 0 0 0 0 0 0 0 0 0 0 0 0 0 0 0 0 0 0 0 0 0 0 0 0
3 1 6 0 1 0 0 0 0 0 0 0 0 0 0 0 5 0 0 4 0 36 7 2 2 4 0 0 1 4 1 0 0 0 0 0 1 0 0 0 5 2 0 0 0 0 0 0 0 0 0 0 0 0 0 0 0 0 0 0 0 0 0 0 0 0 0 0 0 0 0 0 0 0 0 0 0 0 0 0 0 0 0 0 0 0 0 0 0 0 0 0 0 0 0 0 0 0 0 0 0 0 0 0 0 0 0 0 0 0 0 0 0 0 0 0 0 0 0 0 0 0 0 0 0 0 0 0 0 0 0 0 0 0 0 0 0 0 0 0 0 0 0 0 0 0 0 0 0 0
0 0 0 0 0 0 0 0 0 0 0 0 2 0 0 0 0 1 0 1 0 6 4 8 1 0 2 0 0 0 0 0 0 0 3 0 0 0 0 0 0 0 0 0 0 0 0 0 0 0 0 0 0 0 0 0 0 0 0 0 0 0 0 0 0 0 0 0 0 0 0 0 0 0 0 0 0 0 0 0 0 0 0 0 0 0 0 0 0 0 0 0 0 0 0 0 0 0 0 0 0 0 0 0 2 0 0 0 0 0 0 0 0 0 0 0 0 0 0 0 0 0 0 0 0 0 0 0 0 0 0 0 0 0 0 0 0 0 0 0 0 0 0 0 0 0 0 0 0 0
0 0 1 0 0 0 0 0 0 0 0 0 0 0 0 0 0 0 0 3 0 0 0 0 1 1 0 4 2 0 0 0 0 2 1 0 0 0 0 0 0 0 0 0 0 0 0 0 0 0 0 0 0 0 0 0 0 0 0 0 0 0 0 0 0 0 0 0 0 0 0 0 0 0 0 0 0 0 0 0 0 0 0 0 0 0 0 0 0 0 0 0 0 0 0 0 0 0 0 0 0 0 0 0 0 0 0 0 0 0 0 0 0 0 0 0 0 0 0 0 0 0 0 0 0 0 0 0 0 0 0 0 0 0 0 0 0 0 0 0 0 0 0 0 0 0 0 0 0 0
0 0 0 0 0 0 0 0 0 0 0 0 0 0 0 0 0 0 1 0 0 0 0 0 1 0 0 1 61 16 1 2 1 13 0 0 0 0 0 0 0 0 0 0 0 0 0 0 0 0 0 0 0 0 0 0 0 0 0 0 0 0 0 0 1 0 0 0 0 0 0 0 0 0 0 0 0 0 0 0 0 0 0 0 0 0 0 0 0 0 0 0 0 0 0 0 0 0 0 0 0 0 0 0 0 0 0 0 0 0 0 0 0 0 0 0 0 0 0 0 0 0 0 0 0 0 0 0 0 0 0 0 0 0 0 0 0 0 0 0 0 0 0 0 0 0 0 0 0 0
0 0 0 0 0 0 0 0 0 0 0 0 0 0 0 0 0 0 0 0 0 0 0 0 0 4 0 1 0 3 3 0 0 0 0 1 4 0 0 0 0 0 0 0 0 0 0 0 0 0 0 0 0 0 0 0 0 0 0 0 0 0 0 0 0 0 0 0 0 0 0 0 0 0 0 0 0 0 0 0 0 0 0 0 0 0 0 0 0 0 0 0 0 0 0 0 0 0 0 0 0 0 0 0 0 0 0 0 0 0 0 0 0 0 0 0 0 0 0 0 0 0 0 0 0 0 0 0 0 0 0 0 0 0 0 0 0 0 0 0 0 0 0 0 0 0 0 0 0 0
0 0 0 0 0 0 0 1 0 0 0 0 0 0 0 0 0 0 0 0 0 0 0 0 3 0 2 0 0 0 7 0 1 0 0 0 0 0 0 0 0 0 0 0 0 0 0 0 0 0 0 0 0 0 0 0 0 0 0 0 0 0 0 0 0 0 0 0 0 0 0 0 0 0 0 0 0 0 0 0 0 0 0 0 0 0 0 0 0 0 0 0 0 0 0 0 0 0 0 0 0 0 0 0 0 0 0 0 0 0 0 0 0 0 0 0 0 0 0 0 0 0 0 0 0 0 0 0 0 0 0 0 0 0 0 0 0 0 0 0 0 0 0 0 0 0 0 0 0 0
0 0 0 0 0 0 0 0 0 0 0 0 2 3 0 0 0 0 0 0 0 0 0 0 0 0 0 0 0 0 0 0 6 0 0 0 4 1 0 0 0 0 0 0 0 0 0 0 0 0 0 0 0 0 0 0 0 0 0 0 0 0 0 0 0 0 0 0 0 0 0 0 0 0 0 0 0 0 0 0 0 0 0 0 0 0 0 0 0 0 0 0 0 0 0 0 0 0 0 0 0 0 0 0 0 0 0 0 0 0 0 0 0 0 0 0 0 0 0 0 0 0 0 0 0 0 0 0 0 0 0 0 0 0 0 0 0 0 0 0 0 0 0 0 0 0 0 0 0 0
0 0 0 0 0 0 0 0 0 0 0 1 0 0 0 0 0 0 0 0 0 0 0 0 0 0 0 5 3 2 6 0 0 0 0 0 0 0 0 0 0 0 0 0 0 0 0 0 0 0 0 0 0 0 0 0 0 0 0 0 0 0 0 0 0 0 0 0 0 0 0 0 0 0 0 0 0 0 0 0 0 0 0 0 0 0 0 0 0 0 0 0 0 0 0 0 0 0 0 0 0 0 0 0 0 0 0 0 0 0 0 0 0 0 0 0 0 0 0 0 0 0 0 0 0 0 0 0 0 0 0 0 0 0 0 0 0 0 0 0 0 0 0 0 0 0 0 0 0 0
0 0 0 0 0 0 0 0 0 0 0 0 0 0 0 0 0 0 0 0 0 0 0 0 0 0 0 2 3 0 0 0 0 1 0 0 0 0 0 0 0 0 0 0 0 0 0 0 0 0 0 0 0 0 0 0 0 0 0 0 0 0 0 0 0 0 0 0 0 0 0 0 0 0 0 0 0 0 0 0 0 0 0 0 0 0 0 0 0 0 0 0 0 0 0 0 0 0 0 0 0 0 0 0 0 0 0 0 0 0 0 0 0 0 0 0 0 0 0 0 0 0 0 0 0 0 0 0 0 0 0 0 0 0 0 0 0 0 0 0 0 0 0 0 0 0 0 0 0 0
0 0 0 0 0 0 0 0 0 0 2 1 0 0 0 0 0 0 0 0 0 0 0 0 0 0 0 0 0 0 0 0 0 0 0 0 0 0 0 0 0 0 0 0 0 0 0 0 0 0 0 0 0 0 0 0 0 0 0 0 0 0 0 0 0 0 0 0 0 0 0 0 0 0 0 0 0 0 0 0 0 0 0 0 0 0 0 0 0 0 0 0 0 0 0 0 0 0 0 0 0 0 0 0 0 0 0 0 0 0 0 0 0 0 0 0 0 0 0 0 0 0 0 0 0 0 0 0 0 0 0 0 0 0 0 0 0 0 0 0 0 0 0 0 0 0 0 0 0 0
0 0 0 0 0 0 0 0 0 0 1 0 0 0 0 0 0 0 0 0 0 0 0 0 0 0 0 0 0 0 0 0 0 0 0 0 0 0 0 0 0 0 0 0 0 0 0 0 0 0 0 0 0 0 0 0 0 0 0 0 0 0 0 0 0 0 0 0 0 0 0 0 0 0 0 0 0 0 0 0 0 0 0 0 0 0 0 0 0 0 0 0 0 0 0 0 0 0 0 0 0 0 0 0 0 0 0 0 0 0 0 0 0 0 0 0 0 0 0 0 0 0 0 0 0 0 0 0 0 0 0 0 0 0 0 0 0 0 0 0 0 0 0 0 0 0 0 0 0 0
0 0 0 0 0 0 0 0 0 0 7 0 0 0 0 0 0 0 0 0 0 0 0 0 0 0 0 0 0 0 0 0 0 0 0 0 0 0 0 0 0 0 0 0 0 0 0 0 0 0 0 1 0 0 0 0 0 0 0 0 0 0 0 0 0 0 0 0 0 0 0 0 0 0 0 0 0 0 0 0 0 0 0 0 0 0 0 0 0 0 0 0 0 0 0 0 0 0 0 0 0 0 0 0 0 0 0 0 0 0 0 0 0 0 0 0 0 0 0 0 0 0 0 0 0 0 0 0 0 0 0 0 0 0 0 0 0 0 0 0 0 0 0 0 0 0 0 0 0 0
0 0 0 0 0 0 0 0 1 5 0 0 0 0 0 0 0 0 0 0 0 0 0 0 0 0 0 0 0 0 0 0 0 0 0 0 0 0 0 0 0 0 0 0 0 0 0 0 0 0 2 0 0 0 0 0 0 0 0 0 0 0 0 0 0 0 0 0 0 0 0 0 0 0 0 0 0 0 0 0 0 0 0 0 0 0 0 0 0 0 0 0 0 0 0 0 0 0 0 0 0 0 0 0 0 0 0 0 0 0 0 0 0 0 0 0 0 0 0 0 0 0 0 0 0 0 0 0 0 0 0 0 0 0 0 0 0 0 0 0 0 0 0 0 0 0 0 0 0 0
0 0 0 0 0 3 5 7 1 0 0 0 0 0 0 0 0 0 0 0 0 0 0 0 0 0 0 0 0 0 0 0 0 0 0 0 0 0 0 0 0 0 0 0 0 0 0 0 0 23 12 0 0 0 0 0 0 0 0 0 0 0 0 0 0 0 0 0 0 0 0 0 0 0 0 0 0 0 0 0 0 0 0 0 0 0 0 0 0 0 0 0 0 0 0 0 0 0 0 0 0 0 0 0 0 0 0 0 0 0 0 0 0 0 0 0 0 0 0 0 0 0 0 0 0 0 0 0 0 0 0 0 0 0 0 0 0 0 0 0 0 0 0 0 0 0 0 0 0 0
0 0 0 0 0 0 2 29 0 0 0 0 0 0 0 0 0 0 0 0 0 0 0 0 0 0 0 0 0 0 0 0 0 0 0 0 0 0 0 0 0 0 0 0 0 0 0 0 0 0 0 0 0 0 0 0 0 0 0 0 0 0 0 0 0 0 0 0 0 0 0 0 0 0 0 0 0 0 0 0 0 0 0 0 0 0 0 0 0 0 0 0 0 0 0 0 0 0 0 0 0 0 0 0 0 0 0 0 0 0 0 0 0 0 0 0 0 0 0 0 0 0 0 0 0 0 0 0 0 0 0 0 0 0 0 0 0 0 0 0 0 0 0 0 0 0 0 0 0 0
0 0 0 0 0 0 0 0 0 0 0 0 0 0 0 0 0 0 0 0 0 0 0 0 0 0 0 0 0 0 0 0 0 0 0 0 0 0 0 0 0 0 0 0 0 0 0 0 1 0 0 0 2 8 0 0 0 0 0 0 0 0 0 0 0 0 0 0 0 0 0 0 0 0 0 0 0 0 0 0 0 0 0 0 0 0 0 0 0 0 0 0 0 0 0 0 0 0 0 0 0 0 0 0 0 0 0 0 0 0 0 0 0 0 0 0 0 0 0 0 0 0 0 0 0 0 0 0 0 0 0 0 0 0 0 0 0 0 0 0 0 0 0 0 0 0 0 0 0 0
0 0 0 0 0 0 0 0 0 0 0 0 0 0 0 0 0 0 0 0 0 0 0 0 0 0 0 0 0 0 0 0 0 0 0 0 0 0 0 0 0 0 0 0 0 0 0 0 0 0 0 0 0 0 0 0 0 0 0 0 0 0 0 0 0 0 0 0 0 0 0 0 0 0 0 0 0 0 0 0 0 0 0 0 0 0 0 0 0 0 0 0 0 0 0 0 0 0 0 0 0 0 0 0 0 0 0 0 0 0 0 0 0 0 0 0 0 0 0 0 0 0 0 0 0 0 0 0 0 0 0 0 0 0 0 0 0 0 0 0 0 0 0 0 0 0 0 0 0 0
0 0 0 0 0 0 0 0 0 0 0 0 0 0 0 0 0 0 0 0 0 0 0 0 0 0 0 0 0 0 0 0 0 0 0 0 0 0 0 0 0 0 0 0 0 0 0 0 0 0 0 1 0 0 0 0 0 0 0 0 0 0 0 0 0 0 0 0 0 0 0 0 0 0 0 0 0 0 0 0 0 0 0 0 0 0 0 0 0 0 0 0 0 0 0 0 0 0 0 0 0 0 0 0 0 0 0 0 0 0 0 0 0 0 0 0 0 0 0 0 0 0 0 0 0 0 0 0 0 0 0 0 0 0 0 0 0 0 0 0 0 0 0 0 0 0 0 0 0 0
0 0 0 0 0 0 0 0 0 0 0 0 0 0 0 0 0 0 0 0 0 0 0 0 0 0 0 0 0 0 0 0 1 0 0 0 0 0 0 0 0 0 0 0 0 0 0 0 0 0 0 0 2 0 0 0 0 0 0 0 0 0 0 0 0 0 0 0 0 0 0 0 0 0 0 0 0 0 0 0 0 0 0 0 0 0 0 0 0 0 0 0 0 0 0 0 0 0 0 0 0 0 0 0 0 0 0 0 0 0 0 0 0 0 0 0 0 0 0 0 0 0 0 0 0 0 0 0 0 0 0 0 0 0 0 0 0 0 0 0 0 0 0 0 0 0 0 0 0 0
0 0 0 0 0 0 0 0 0 0 0 0 0 0 0 0 0 0 0 0 0 0 0 0 0 0 0 0 0 0 1 0 0 0 0 0 0 0 0 0 0 0 0 0 0 0 0 0 0 0 0 0 0 1 0 0 0 0 0 0 0 0 0 0 0 0 0 0 0 0 0 0 0 0 0 0 0 0 0 0 0 0 0 0 0 0 0 0 0 0 0 0 0 0 0 0 0 0 0 0 0 0 0 0 0 0 0 0 0 0 0 0 0 0 0 0 0 0 0 0 0 0 0 0 0 0 0 0 0 0 0 0 0 0 0 0 0 0 0 0 0 0 0 0 0 0 0 0 0 0
0 0 0 0 0 0 0 0 0 0 0 0 0 0 0 0 0 0 0 0 0 0 0 0 0 0 0 0 0 0 1 7 0 0 0 0 0 0 0 0 0 0 0 0 0 0 0 0 0 0 0 0 0 0 0 0 0 0 0 0 0 0 0 0 0 0 0 0 0 0 0 0 0 0 0 0 0 0 0 0 0 0 0 0 0 0 0 0 0 0 0 0 0 0 0 0 0 0 0 0 0 0 0 0 0 0 0 0 0 0 0 0 0 0 0 0 0 0 0 0 0 0 0 0 0 0 0 0 0 0 0 0 0 0 0 0 0 0 0 0 0 0 0 0 0 0 0 0 0 0
0 0 0 0 0 0 0 0 0 0 0 0 0 0 0 0 0 0 0 0 0 0 0 0 0 0 0 0 0 0 3 5 0 0 0 0 0 0 0 0 0 0 0 0 0 0 0 0 0 0 0 0 0 0 0 0 0 0 0 0 0 0 0 0 0 0 0 0 0 0 0 0 0 0 0 0 0 0 0 0 0 0 0 0 0 0 0 0 0 0 0 0 0 0 0 0 0 0 0 0 0 0 0 0 0 0 0 0 0 0 0 0 0 0 0 0 0 0 0 0 0 0 0 0 0 0 0 0 0 0 0 0 0 0 0 0 0 0 0 0 0 0 0 0 0 0 0 0 0 0
0 0 0 0 0 0 0 0 0 0 0 0 0 0 0 0 0 0 0 0 0 0 0 0 0 0 0 0 0 0 0 0 0 0 0 0 0 0 0 0 0 0 0 0 0 0 0 0 0 0 0 0 0 0 0 0 0 0 0 0 0 0 0 0 0 0 0 0 0 0 0 0 0 0 0 0 0 0 0 0 0 0 0 0 0 0 0 0 0 0 0 0 0 0 0 0 0 0 0 0 0 0 0 0 0 0 0 0 0 0 0 0 0 0 0 0 0 0 0 0 0 0 0 0 0 0 0 0 0 0 0 0 0 0 0 0 0 0 0 0 0 0 0 0 0 0 0 0 0 0
0 0 0 0 0 0 0 0 0 0 0 0 0 0 0 0 0 0 0 0 0 0 0 0 0 0 0 0 0 15 12 0 0 0 0 0 0 0 0 0 0 0 0 0 0 0 0 0 0 0 0 0 0 0 0 0 0 0 0 0 0 0 0 0 0 0 0 0 0 0 0 0 0 0 0 0 0 0 0 0 0 0 0 0 0 0 0 0 0 0 0 0 0 0 0 0 0 0 0 0 0 0 0 0 0 0 0 0 0 0 0 0 0 0 0 0 0 0 0 0 0 0 0 0 0 0 0 0 0 0 0 0 0 0 0 0 0 0 0 0 0 0 0 0 0 0 0 0 0 0
0 0 0 0 0 0 0 0 0 0 0 0 0 0 0 0 0 0 0 0 0 0 0 0 0 0 7 0 0 0 0 0 0 0 0 0 0 0 0 0 0 0 0 0 0 0 0 0 0 17 0 0 0 0 0 0 0 0 0 0 0 0 0 0 0 0 0 0 0 0 0 0 0 0 0 0 0 0 0 0 0 0 0 0 0 0 0 0 0 0 0 0 0 0 0 0 0 0 0 0 0 0 0 0 0 0 0 0 0 0 0 0 0 0 0 0 0 0 0 0 0 0 0 0 0 0 0 0 0 0 0 0 0 0 0 0 0 0 0 0 0 0 0 0 0 0 0 0 0 0
0 0 0 0 0 0 0 0 0 0 0 0 0 0 0 0 0 0 0 0 0 0 0 0 0 0 7 0 0 0 0 0 0 0 0 0 0 0 0 0 0 0 0 0 0 0 0 0 2 0 0 0 0 0 0 0 0 0 0 0 0 0 0 0 0 0 0 0 0 0 0 0 0 0 0 0 0 0 0 0 0 0 0 0 0 0 0 0 0 0 0 0 0 0 0 0 0 0 0 0 0 0 0 0 0 0 0 0 0 0 0 0 0 0 0 0 0 0 0 0 0 0 0 0 0 0 0 0 0 0 0 0 0 0 0 0 0 0 0 0 0 0 0 0 0 0 0 0 0 0
0 0 0 0 0 0 0 0 0 0 0 0 0 0 0 0 0 0 0 0 0 0 0 0 0 0 0 1 0 0 0 0 0 0 0 0 0 0 0 0 0 0 0 0 0 0 0 0 0 0 0 0 0 0 0 0 0 0 0 0 0 0 0 0 0 0 0 0 0 0 0 0 0 0 0 0 0 0 0 0 0 0 0 0 0 0 0 0 0 0 0 0 0 0 0 0 0 0 0 0 0 0 0 0 0 0 0 0 0 0 0 0 0 0 0 0 0 0 0 0 0 0 0 0 0 0 0 0 0 0 0 0 0 0 0 0 0 0 0 0 0 0 0 0 0 0 0 0 0 0
0 0 0 0 0 0 0 0 0 0 0 0 0 0 0 0 0 0 0 0 0 0 0 0 0 0 0 0 0 0 0 0 0 0 0 0 0 0 0 0 0 0 0 0 0 0 0 0 0 0 0 0 0 0 0 0 0 0 0 0 0 0 0 0 0 0 0 0 0 0 0 0 0 0 0 0 0 0 0 0 0 0 0 0 0 0 0 0 0 0 0 0 0 0 0 0 0 0 0 0 0 0 0 0 0 0 0 0 0 0 0 0 0 0 0 0 0 0 0 0 0 0 0 0 0 0 0 0 0 0 0 0 0 0 0 0 0 0 0 0 0 0 0 0 0 0 0 0 0 0
0 0 0 0 0 0 0 0 0 0 0 0 0 0 0 0 0 0 0 0 0 0 0 0 0 0 0 0 0 0 0 0 0 0 0 0 0 0 0 0 0 0 0 0 0 0 0 0 0 0 0 0 0 0 0 0 0 0 0 0 0 0 0 0 0 0 0 0 0 0 0 0 0 0 0 0 0 0 0 0 0 0 0 0 0 0 0 0 0 0 0 0 0 0 0 0 0 0 0 0 0 0 0 0 0 0 0 0 0 0 0 0 0 0 0 0 0 0 0 0 0 0 0 0 0 0 0 0 0 0 0 0 0 0 0 0 0 0 0 0 0 0 0 0 0 0 0 0 0 0
0 0 0 0 0 0 0 0 0 0 0 0 0 0 0 0 0 0 0 0 0 0 0 0 0 0 0 0 0 0 0 0 0 0 0 0 0 0 0 0 0 0 0 0 0 0 0 0 0 0 0 0 0 0 0 0 0 0 0 0 0 0 0 0 0 0 0 0 0 0 0 0 0 0 0 0 0 0 0 0 0 0 0 0 0 0 0 0 0 0 0 0 0 0 0 0 0 0 0 0 0 0 0 0 0 0 0 0 0 0 0 0 0 0 0 0 0 0 0 0 0 0 0 0 0 0 0 0 0 0 0 0 0 0 0 0 0 0 0 0 0 0 0 0 0 0 0 0 0 0
0 0 0 0 0 0 0 0 0 0 0 0 0 0 0 0 0 0 0 0 0 0 0 0 0 0 0 0 0 0 0 0 0 0 0 0 0 0 0 0 0 0 0 0 0 0 0 0 0 0 0 0 0 0 0 0 0 0 0 0 0 0 0 0 0 0 0 0 0 0 0 0 0 0 0 0 0 0 0 0 0 0 0 0 0 0 0 0 0 0 0 0 0 0 0 0 0 0 0 0 0 0 0 0 0 0 0 0 0 0 0 0 0 0 0 0 0 0 0 0 0 0 0 0 0 0 0 0 0 0 0 0 0 0 0 0 0 0 0 0 0 0 0 0 0 0 0 0 0 0
0 0 0 0 0 0 0 0 0 0 0 0 0 0 0 0 0 0 0 0 0 0 0 0 0 0 0 0 0 0 0 0 0 0 0 0 0 0 0 0 0 0 0 0 0 0 0 0 0 0 0 0 0 0 0 0 0 0 0 0 0 0 0 0 0 0 0 0 0 0 0 0 0 0 0 0 0 0 0 0 0 0 0 0 0 0 0 0 0 0 0 0 0 0 0 0 0 0 0 0 0 0 0 0 0 0 0 0 0 0 0 0 0 0 0 0 0 0 0 0 0 0 0 0 0 0 0 0 0 0 0 0 0 0 0 0 0 0 0 0 0 0 0 0 0 0 0 0 0 0
