0 0 19 2 0 0 1 1 18 65 2 2 0 5 0 0 0 13 6 0 0 0 1 0 0 12 0 0 0 0 0 0 4 1 5 10 0 0 1 1 0 0 0 0 0 0 0 0 0 0 0 0 0 0 3 6 0 0 0 3 35 15 5 8 0 0 6 0 0 0 0 2 13 110 161 289 50 14 21 4 13 122 32 64 91 175 266 171 40 287 1301 624 51 495 373 578 861 513 778 94 104 72 38 20 32 27 16 449 307 13 45 1 37 60 40 20 13 2 0 3 13 25 11 11 0 3 0 1 3 5 2 20 2 1 1 0 0 0 0 0 9 0 0 0 2 0 0 0 1 7
0 4 5 7 0 0 0 0 0 37 3 8 1 1 0 0 0 4 10 0 0 2 12 0 7 12 0 1 0 0 0 0 0 0 0 0 0 0 8 0 0 0 0 0 0 0 0 0 0 0 0 0 0 0 5 0 0 0 0 16 77 7 5 9 3 0 0 2 0 0 0 3 90 27 15 3 76 52 7 10 36 48 16 1 87 301 200 88 337 171 43 19 219 259 438 183 346 459 845 454 171 27 41 6 7 2 1 151 29 11 12 14 1 7 110 23 4 6 8 14 4 2 16 13 4 1 0 2 18 16 25 5 55 33 0 0 0 0 0 65 17 0 0 0 0 0 0 0 0 0
0 0 0 1 5 0 0 0 0 3 1 0 4 2 0 0 0 0 3 0 0 9 32 8 6 1 3 2 0 0 0 0 0 1 0 0 0 13 0 16 1 0 0 0 0 0 0 0 0 0 0 0 0 0 13 0 0 0 2 4 6 13 2 3 0 0 0 0 0 0 0 0 0 2 0 0 1 24 66 330 84 14 5 21 67 159 428 145 4 1 85 37 72 324 558 630 128 496 271 453 383 215 14 26 11 3 4 12 180 113 30 0 1 4 2 8 13 35 6 37 75 18 5 4 5 3 4 1 1 149 13 8 51 109 0 0 3 0 4 9 4 6 0 0 0 0 0 0 0 0
51 7 2 0 0 0 0 0 0 3 1 1 0 0 0 1 0 0 0 0 0 0 12 6 5 0 1 5 6 0 3 0 0 0 0 0 0 2 0 1 2 0 0 0 0 0 0 0 0 0 0 0 0 0 49 29 0 28 55 2 1 0 4 7 0 0 0 0 0 1 1 91 9 3 1 3 28 50 166 114 93 68 3 101 140 4 38 133 2 179 776 1097 1565 548 934 527 106 140 619 338 619 434 119 18 10 82 14 22 248 40 8 36 6 16 0 2 17 31 112 8 21 52 7 8 0 5 3 2 6 0 4 11 15 0 8 0 6 0 0 7 77 11 0 0 0 0 0 0 0 0
2 7 1 0 0 0 0 0 6 0 2 1 0 0 0 7 3 2 0 2 1 0 0 0 1 0 0 0 0 0 0 0 1 0 0 5 10 0 0 2 1 0 0 0 0 0 0 0 1 0 0 0 0 4 39 196 52 24 1 0 3 0 0 25 0 0 0 0 0 8 119 50 86 81 16 81 24 115 193 116 176 217 164 11 148 84 29 380 9 817 1430 459 526 830 430 146 128 625 307 620 882 1030 613 612 213 64 90 19 1 8 7 39 25 14 5 1 1 16 40 60 195 588 144 11 1 3 1 1 3 3 0 1 0 0 2 0 0 0 0 0 38 2 0 0 0 0 0 0 0 0
11 4 0 2 1 0 0 0 5 2 0 0 0 0 0 0 1 0 8 51 1 11 0 0 0 0 0 0 1 1 0 61 0 0 1 66 17 9 0 0 0 0 0 0 0 0 0 0 0 9 29 10 1 1 9 23 14 11 4 1 0 0 1 1 0 0 0 0 0 66 62 120 137 118 72 35 32 15 32 168 570 501 356 38 1 112 32 13 3 189 1295 1009 52 492 813 432 118 1972 424 311 327 380 836 327 14 114 72 36 5 2 1 10 3 58 16 8 13 6 0 13 135 82 2 2 2 3 3 1 0 0 5 0 1 0 0 0 1 0 1 0 1 7 0 0 0 0 0 0 0 0
2 0 0 0 0 0 0 0 0 4 6 0 0 0 0 0 0 0 0 0 0 1 3 0 0 0 0 0 0 1 2 0 0 1 0 41 0 2 1 0 0 0 0 0 0 0 0 0 0 0 0 5 2 1 2 14 4 2 38 25 4 0 0 0 3 1 0 0 2 242 33 26 384 311 332 104 288 128 300 309 728 464 926 457 68 4 3 272 87 83 1140 1035 74 451 766 482 407 481 470 35 14 228 117 110 13 32 83 8 6 2 21 74 143 16 14 15 2 2 6 6 56 66 5 0 1 1 2 1 0 0 2 0 0 0 0 0 0 3 0 0 0 1 0 0 0 0 0 0 0 0
0 0 0 0 0 0 0 0 0 1 4 0 0 0 0 0 0 0 0 0 0 0 0 0 0 0 0 0 0 2 1 0 0 0 1 4 0 0 93 8 0 0 0 0 0 0 0 0 0 0 0 0 14 19 0 7 0 9 38 84 34 22 47 3 28 29 0 0 1 44 1 1 21 41 76 21 73 126 413 623 690 486 799 147 104 89 126 319 153 110 584 73 30 368 461 331 186 646 662 145 117 254 336 340 104 66 13 26 86 11 211 411 28 31 27 50 1 1 3 4 22 9 9 4 5 5 4 1 2 0 0 0 0 0 0 0 0 0 0 0 0 0 0 0 0 0 0 0 0 0
0 0 0 0 0 0 1 0 2 5 0 3 0 2 11 0 0 0 0 0 0 0 0 0 0 0 0 0 0 0 1 0 0 0 0 0 0 1 1 1 0 0 0 0 0 0 0 0 0 1 0 0 1 2 0 0 3 10 6 40 275 141 12 2 6 13 0 5 0 35 0 0 0 1 0 5 6 78 38 334 934 687 541 39 5 1 185 230 342 41 6 3 235 811 1152 969 89 348 260 81 229 48 90 275 588 138 324 123 22 52 739 129 107 8 16 7 1 1 1 3 7 3 7 37 5 0 1 1 0 0 4 0 0 0 0 0 0 0 0 0 0 0 0 0 0 0 0 0 0 0
0 0 0 0 0 0 0 0 11 5 0 0 0 0 0 0 0 0 0 0 0 0 0 0 0 0 0 0 0 0 0 0 0 0 0 0 0 1 0 0 0 0 0 0 0 0 1 0 6 2 6 0 18 7 0 0 1 0 0 15 23 159 17 11 2 3 1 0 2 5 0 0 0 0 0 11 2 24 93 487 875 584 481 314 830 533 189 77 102 82 36 6 4 603 890 1372 704 104 74 8 47 159 19 3 47 519 188 157 59 27 377 337 199 15 2 156 148 335 133 61 12 10 19 16 12 8 7 5 0 6 40 6 0 0 0 0 0 0 0 0 0 0 0 0 0 0 0 0 0 0
0 0 16 0 0 0 2 0 5 1 2 2 0 0 0 3 0 0 0 0 0 0 0 0 0 0 0 0 0 0 0 0 0 0 0 5 0 0 3 2 1 5 1 0 0 0 10 10 3 6 10 4 3 13 0 0 0 8 11 16 1 107 3 1 1 0 0 0 2 1 0 0 0 0 0 0 1 14 124 186 238 184 339 245 137 207 186 215 450 311 37 0 4 153 308 670 675 33 16 56 16 11 2 28 235 192 606 300 173 136 423 87 124 7 2 129 246 414 257 130 197 117 179 104 63 337 40 45 32 25 5 77 18 22 4 0 1 0 0 0 0 0 0 0 0 0 0 0 0 0
1 0 0 0 0 0 0 0 13 1 0 0 0 0 0 1 7 5 0 0 0 0 0 0 0 0 0 0 0 0 0 0 0 2 0 1 4 1 0 3 0 2 7 2 4 0 1 0 1 0 0 0 0 1 1 0 1 1 1 4 1 0 0 5 0 1 1 0 0 0 12 2 2 0 0 1 13 4 67 196 457 116 16 26 87 93 8 24 86 474 17 0 0 0 1 115 1086 306 218 12 0 5 11 34 15 43 242 205 17 23 206 155 37 97 13 186 398 122 289 586 234 321 125 216 68 84 0 0 0 17 0 0 60 43 112 0 0 0 0 0 0 0 0 0 0 0 0 0 0 0
0 0 0 0 0 1 1 0 5 1 0 0 0 0 0 0 3 4 2 6 1 2 0 0 0 0 0 0 0 0 0 0 7 0 0 0 0 0 0 0 0 1 24 1 8 0 0 8 0 0 0 0 1 0 4 0 0 0 4 8 0 1 0 0 0 0 0 0 0 1 16 0 0 0 4 11 114 35 104 36 187 158 2 0 4 46 13 2 0 3 0 0 5 54 51 21 568 433 512 540 7 1 49 10 18 1 7 80 375 233 835 478 57 693 177 8 20 152 887 895 133 217 73 1 45 77 2 0 22 12 0 0 26 13 1 0 1 0 0 0 0 0 0 0 0 0 0 1 0 0
0 0 0 0 0 0 1 5 0 1 0 0 0 0 0 0 0 0 42 2 3 4 0 0 0 0 0 0 0 0 0 0 0 0 0 0 1 0 0 0 0 0 0 32 43 0 0 0 1 0 3 14 6 0 0 0 0 0 5 0 3 5 4 1 0 0 18 10 20 10 35 0 0 0 0 260 422 402 91 14 99 261 28 2 104 313 6 0 12 16 0 0 0 50 53 24 75 419 125 185 0 13 329 102 363 68 84 277 210 777 793 724 687 620 303 242 128 120 652 357 86 89 0 4 0 8 36 0 5 2 0 0 0 14 0 0 0 0 0 0 0 0 0 0 0 0 0 0 0 0
0 0 0 0 0 2 12 1 7 0 0 0 0 0 0 0 0 0 1 0 15 0 1 0 0 2 0 0 0 0 0 0 0 0 0 0 0 0 0 0 0 0 0 1 21 0 0 0 0 7 11 15 1 0 1 2 5 13 9 17 50 13 7 22 6 26 126 67 116 184 35 1 0 0 33 547 775 1006 350 6 1 301 19 0 5 17 17 4 0 60 6 12 1 0 0 4 36 233 146 202 16 30 408 687 1324 1013 1245 987 1069 804 622 504 315 675 574 112 99 71 45 85 93 49 11 7 0 6 27 11 10 25 0 0 0 0 0 0 0 0 0 0 0 0 0 0 0 0 0 0 0 0
0 0 0 0 0 0 84 26 9 3 0 0 0 0 0 0 0 0 0 5 0 42 8 0 0 0 0 0 1 1 0 0 0 0 0 0 0 0 0 0 0 0 0 0 0 16 0 0 0 8 68 74 1 0 0 4 22 90 8 53 78 15 7 99 15 60 116 132 33 69 194 72 163 96 576 667 1328 601 82 6 4 1 0 0 0 0 48 54 9 54 1 4 0 1 8 24 40 24 18 12 6 0 962 641 456 531 508 311 473 586 775 424 464 207 179 66 26 127 79 40 10 7 97 493 41 116 12 0 4 0 0 0 0 0 9 5 0 0 0 0 0 0 0 0 0 0 0 0 0 0
0 0 0 0 0 0 0 2 0 0 0 0 1 0 1 0 1 3 0 0 2 0 15 22 24 12 0 0 0 1 0 0 0 0 0 0 0 0 0 0 2 0 1 2 0 10 3 0 1 18 39 2 0 13 9 19 33 116 63 35 7 0 1 1 0 2 2 0 0 0 3 3 35 44 226 304 470 195 175 0 0 1 1 1 0 0 0 15 26 7 0 0 35 0 3 252 27 0 6 84 13 244 830 615 318 226 303 334 258 438 466 191 476 156 321 53 23 65 111 6 0 1 22 24 15 231 1 2 2 0 0 0 0 0 0 3 0 0 0 0 0 0 0 0 0 0 0 0 0 0
0 0 0 0 0 1 0 0 0 0 0 0 0 0 0 0 0 1 0 3 0 0 3 2 4 0 4 5 0 0 0 0 0 0 0 0 1 0 0 0 0 0 1 1 0 7 63 11 1 37 33 18 5 136 220 12 40 63 277 12 8 3 0 0 0 0 17 108 2 23 44 1 95 24 37 53 37 117 13 8 1 0 5 1 0 0 0 1 95 1 0 38 42 36 7 0 0 1 42 417 148 120 190 80 148 309 197 297 695 411 93 50 49 113 103 33 91 144 14 3 0 4 3 5 97 398 211 7 1 2 0 0 0 0 0 0 0 0 0 0 0 0 0 0 0 0 0 0 0 0
0 0 0 1 1 1 0 0 0 0 0 0 0 0 0 0 1 0 1 2 0 3 2 0 3 1 36 37 9 0 0 0 0 0 1 5 1 0 0 0 0 1 0 3 20 20 2 9 15 190 51 13 14 8 7 25 86 54 26 18 45 18 2 0 1 2 5 3 1 7 5 12 14 5 3 84 59 20 12 7 4 0 12 13 0 17 5 20 1 0 4 25 45 252 12 1 0 35 285 17 89 189 44 12 63 75 145 296 406 9 0 55 4 352 14 0 5 0 0 0 0 0 1 5 28 133 183 238 3 0 0 0 0 0 0 0 0 0 0 0 0 0 0 0 0 0 0 0 0 0
0 0 0 0 0 1 0 0 0 0 0 0 2 0 2 0 0 0 0 0 0 3 45 1 0 4 1 12 126 1 0 1 1 0 1 0 0 1 0 0 0 0 5 31 8 77 68 16 18 194 16 2 0 1 27 6 11 110 11 0 4 7 0 0 1 6 0 3 6 8 52 76 4 0 0 20 14 0 0 5 0 1 0 3 0 12 18 0 2 3 4 18 66 0 0 21 0 19 3 1 1054 1036 473 115 54 168 123 202 115 5 0 0 1 91 5 0 0 0 0 0 0 0 0 2 6 9 5 96 17 0 0 0 0 0 0 0 0 0 0 0 0 0 0 0 0 0 0 0 0 0
0 0 0 0 2 1 0 0 0 0 0 0 4 0 0 0 1 2 8 0 0 0 4 4 0 4 8 2 0 2 3 10 12 0 0 0 0 0 0 0 4 6 11 13 2 10 7 11 59 159 296 187 14 23 16 6 4 0 0 0 0 5 8 10 151 63 1 0 9 5 52 86 4 0 10 173 102 74 2 13 5 13 1 0 0 0 1 3 16 2 1 0 0 0 0 0 1 3 241 401 1318 1001 304 94 0 11 54 66 0 0 0 0 0 4 0 0 0 0 0 0 0 0 0 3 0 0 53 196 0 0 0 0 0 0 0 0 0 0 0 0 0 0 0 0 0 0 0 0 0 0
0 0 0 0 0 0 0 0 0 0 0 0 0 2 1 1 1 0 0 0 1 6 8 3 4 2 0 0 0 0 7 45 6 1 0 0 0 4 0 0 56 1 0 0 0 0 2 8 342 743 249 246 36 1 0 3 2 3 0 1 2 2 0 0 6 4 14 0 1 22 14 10 8 0 0 12 78 83 31 106 14 16 7 33 3 1 3 2 144 35 7 8 0 38 1 14 2 0 60 259 203 49 30 1 8 4 112 37 3 0 0 0 5 55 0 0 0 0 0 0 0 1 0 0 0 28 26 0 0 5 2 0 0 0 0 0 0 0 0 0 0 0 0 0 0 0 0 0 0 0
0 0 0 0 0 0 0 0 0 0 0 0 0 0 5 0 0 0 0 0 1 0 25 2 3 0 0 0 0 0 0 1 22 11 2 0 9 478 7 11 0 0 0 0 0 0 20 11 8 388 371 70 9 1 0 0 0 3 5 1 0 0 0 0 5 0 30 4 0 4 12 8 16 1 1 2 5 0 17 23 0 15 13 0 0 10 7 0 0 0 1 0 1 3 0 0 10 0 3 0 8 0 1 41 38 50 19 46 59 73 36 10 24 0 0 0 0 0 0 0 0 0 0 1 12 48 30 0 0 0 0 0 0 0 0 0 0 0 0 0 0 0 0 0 0 0 0 0 0 0
0 0 1 0 0 0 0 0 0 0 0 0 0 0 2 0 3 1 0 0 10 2 1 133 0 0 0 0 0 1 0 3 11 4 0 3 2 12 1 0 0 0 0 0 4 61 23 30 8 100 75 24 7 0 0 1 8 18 1 0 0 0 0 0 0 0 0 0 0 0 0 1 165 38 11 11 0 0 0 0 0 13 46 80 4 1 8 1 0 0 0 0 0 2 0 1 0 0 2 4 2 4 1 49 23 6 11 0 2 46 0 70 16 0 0 0 0 0 0 0 0 0 0 9 12 1 22 53 3 0 0 0 0 0 0 0 0 0 0 0 0 0 0 0 0 0 0 0 0 0
0 0 0 0 0 0 0 0 0 0 0 0 0 0 1 0 0 0 0 0 0 0 0 0 0 0 1 0 0 0 0 1 3 3 0 0 0 106 0 0 0 0 0 20 11 28 30 3 6 7 63 21 21 7 7 3 0 1 1 1 0 0 0 0 1 0 0 6 2 2 0 7 5 197 26 4 0 0 0 0 0 1 8 64 7 4 0 0 0 2 0 2 0 0 0 0 3 0 0 10 4 6 0 6 478 0 0 2 0 0 0 0 5 0 0 7 4 0 0 0 0 0 0 0 0 11 22 8 0 0 1 0 0 0 0 0 0 0 0 0 0 0 0 0 0 0 0 0 0 0
0 0 0 0 0 0 0 0 0 0 0 0 0 0 7 0 1 3 19 0 0 3 7 1 1 0 0 0 0 0 0 0 7 58 12 0 0 12 0 0 0 1 0 3 35 8 1 0 13 2 28 10 0 0 0 0 0 0 0 0 3 0 0 1 5 6 0 3 7 1 0 26 0 2 0 3 7 0 0 0 0 0 0 0 0 9 1 3 1 9 0 0 1 1 7 1 0 5 2 2 5 10 6 91 128 148 0 3 0 0 0 0 2 3 17 6 0 0 0 0 0 0 0 0 0 20 5 36 1 0 0 0 0 0 0 0 3 16 0 0 0 0 0 0 0 0 0 0 0 0
0 0 0 0 0 0 0 0 0 0 0 0 0 0 6 0 0 0 0 0 2 3 2 1 0 0 0 16 1 0 0 1 0 3 7 3 0 0 0 4 0 3 0 4 40 2 5 0 0 1 12 6 1 0 0 0 1 1 0 0 0 0 1 0 5 0 0 1 0 0 4 2 0 1 13 5 6 0 0 0 0 0 12 3 1 2 6 7 1 0 8 0 0 0 0 5 2 0 0 2 11 8 3 6 68 280 29 0 0 0 0 0 0 9 9 31 0 0 2 1 0 0 0 2 3 95 7 11 0 0 0 0 0 0 0 0 0 1 0 0 0 0 0 0 0 0 0 0 0 0
0 0 0 0 0 0 0 0 1 0 0 0 0 0 11 0 4 30 5 0 9 13 5 0 0 0 0 9 0 2 3 0 0 9 2 0 2 10 9 2 27 36 28 68 93 5 4 1 4 0 0 26 26 3 0 1 0 0 0 0 0 0 1 0 2 0 0 2 5 21 36 14 29 4 0 1 1 9 0 0 0 0 0 0 1 0 2 12 13 4 4 0 4 0 0 0 0 1 0 0 0 1 2 1 17 1170 464 10 5 0 0 0 0 0 0 0 1 78 47 1 0 0 0 17 44 17 40 101 80 29 0 0 0 0 0 5 7 0 0 0 0 0 0 0 0 0 0 0 0 0
0 0 0 0 0 0 0 0 0 3 1 1 6 1 19 1 19 46 0 7 0 2 6 0 0 0 0 1 11 4 0 17 1 0 28 12 4 75 35 153 245 727 212 186 68 28 0 3 1 0 0 4 23 16 0 0 0 0 0 0 0 0 0 0 0 0 0 0 0 3 2 22 27 0 43 19 1 20 2 0 0 3 0 0 3 0 0 0 6 2 2 4 0 0 9 77 6 1 0 0 0 50 11 16 177 278 448 244 3 0 0 0 0 1 0 0 73 41 16 0 0 0 292 26 161 78 581 413 8 22 0 0 0 11 0 2 0 0 0 0 0 0 0 0 0 0 0 0 0 0
0 0 0 0 0 0 0 2 7 3 8 41 23 3 0 0 2 2 0 0 1 4 1 12 1 1 1 0 0 8 0 1 0 2 261 14 2 1 40 222 589 852 507 464 28 2 1 1 2 0 4 2 27 51 4 2 0 0 0 0 0 0 0 0 0 0 0 0 0 0 0 3 2 0 0 0 0 3 5 0 0 0 2 1 7 0 0 0 2 4 0 3 3 11 0 18 0 0 0 0 0 0 36 13 5 75 1 35 10 0 0 0 3 0 29 29 318 344 33 22 4 4 0 116 57 32 247 331 248 193 15 21 20 62 2 0 0 0 0 0 0 0 0 0 0 0 0 0 0 0
0 0 0 0 0 0 0 3 9 4 5 0 3 0 2 2 0 0 3 6 0 4 59 24 0 0 0 2 0 0 21 3 1 1 5 8 16 20 210 77 529 245 328 158 42 9 4 1 7 1 1 2 5 23 2 0 0 0 0 0 0 0 0 0 0 0 0 0 0 0 0 0 0 0 0 1 0 3 2 0 0 5 14 1 11 0 0 1 14 101 2 0 0 4 0 0 1 3 1 3 0 2 0 6 5 6 0 2 23 0 0 4 2 0 26 574 421 406 118 103 70 21 41 0 0 0 24 66 2 33 10 188 429 25 24 0 0 0 0 0 0 0 0 0 0 0 0 0 0 0
0 0 0 0 0 0 0 0 0 10 1 9 2 6 1 2 0 0 16 10 164 303 2 0 0 0 0 0 9 43 0 1 3 32 12 0 0 0 0 66 419 222 257 222 64 18 9 0 1 1 1 1 3 3 5 1 0 0 0 0 0 0 0 0 0 0 0 0 0 0 1 0 0 0 0 0 0 0 1 0 10 4 20 105 25 0 0 0 1 0 0 3 2 6 0 2 7 7 0 0 0 0 0 0 3 5 4 30 140 104 198 380 107 90 315 712 282 214 74 412 27 88 3 0 25 8 39 74 0 0 11 110 158 51 50 4 0 0 0 0 0 0 0 0 0 0 0 0 0 0
0 0 0 0 0 0 0 3 0 1 0 9 4 8 1 2 1 3 2 11 70 0 0 0 0 1 0 0 0 3 1 14 27 16 1 2 0 4 2 9 35 64 19 4 2 0 0 0 0 2 0 1 19 1 2 1 2 1 0 0 0 0 0 0 0 0 0 0 0 0 0 0 0 0 0 6 1 12 5 2 0 8 1 8 0 0 0 0 1 0 6 3 5 5 3 4 0 4 0 0 1 0 0 0 0 3 6 4 120 54 83 50 34 189 1016 453 347 210 84 298 96 7 0 8 4 8 3 1 0 0 38 171 0 0 1 0 0 0 0 0 0 0 0 0 0 0 0 0 0 0
0 0 1 0 0 17 11 7 1 2 0 0 0 1 8 1 4 2 10 30 10 0 0 0 0 0 0 0 2 2 54 4 5 5 2 78 1 1 8 0 9 4 10 1 3 0 0 0 0 1 0 5 258 4 4 21 20 0 0 4 0 0 0 0 0 0 0 0 0 0 0 0 0 0 0 0 1 5 0 1 0 0 1 0 0 0 0 0 1 0 0 0 1 15 4 0 3 4 0 0 3 0 0 0 0 0 4 52 49 17 0 6 368 101 129 471 197 227 52 82 146 0 0 0 0 0 1 0 0 0 2 54 9 0 0 0 0 0 0 0 0 0 0 0 0 0 0 0 0 0
0 0 1 0 0 1 5 0 0 2 1 0 20 10 1 2 47 3 1 0 0 2 14 0 0 1 0 12 11 17 13 20 7 3 2 2 0 11 4 0 5 17 10 0 2 0 0 0 0 0 0 8 127 47 3 14 2 2 0 0 0 0 0 0 0 0 0 0 0 0 0 0 0 0 0 0 12 6 1 0 0 0 0 0 0 0 0 0 11 1 8 3 23 35 6 3 1 1 0 8 1 0 0 0 0 0 3 94 815 62 0 0 1 1 0 1 10 44 264 942 36 0 0 0 0 0 0 0 0 0 0 0 42 2 0 0 0 0 0 0 0 0 0 0 0 0 0 0 0 0
2 0 0 1 0 1 16 107 4 3 4 13 18 1 2 90 47 5 4 8 0 0 2 4 1 9 22 3 4 1 9 3 5 0 0 0 0 0 1 1 15 0 1 2 1 0 1 0 0 0 0 24 1 12 10 0 7 0 0 0 0 0 0 0 0 0 0 0 0 0 0 0 0 0 0 0 4 12 1 0 0 0 0 0 0 0 0 1 10 0 12 0 1 20 1 0 0 0 5 2 0 2 6 2 7 34 31 19 129 0 0 0 0 0 24 0 0 41 78 153 206 89 0 3 3 23 0 1 0 42 47 31 33 8 0 0 0 0 0 0 0 0 0 0 0 0 0 0 0 0
0 1 0 0 0 0 2 0 0 1 38 10 5 0 12 42 25 17 8 1 0 1 1 2 4 21 0 1 0 1 0 0 1 0 5 1 0 0 0 9 1 28 5 0 4 1 3 2 0 0 4 34 20 17 40 2 3 0 0 1 0 0 0 0 0 0 0 0 0 0 0 0 0 0 0 0 1 41 102 2 2 6 0 0 0 0 2 45 10 0 0 0 9 1 3 16 0 0 2 13 22 4 22 5 1 8 11 9 67 2 0 0 0 7 39 71 121 400 85 163 482 130 4 7 238 41 0 0 0 43 113 0 0 0 0 0 0 0 0 0 0 0 0 0 0 0 0 0 0 0
0 0 2 1 0 0 1 0 1 1 17 60 9 14 0 0 0 9 0 0 1 0 0 7 6 1 2 1 16 1 0 0 0 0 0 0 1 0 7 0 0 11 27 2 1 0 51 0 0 0 1 44 14 1 0 0 0 0 0 0 0 0 0 0 0 0 0 0 0 0 0 0 0 0 0 0 0 12 26 3 0 2 0 0 0 0 1 9 0 0 1 0 1 1 0 0 0 0 1 0 0 5 1 1 7 0 4 27 40 10 0 0 2 0 80 618 710 350 37 138 46 155 131 211 64 10 0 1 3 396 113 0 0 0 0 0 0 0 0 0 0 0 0 0 0 0 0 0 0 0
0 1 2 0 0 0 4 1 0 0 3 20 1 1 1 2 0 0 4 7 1 0 2 1 0 1 0 4 1 0 0 0 0 0 0 0 0 0 15 0 0 0 20 0 1 1 0 2 0 0 2 53 7 0 1 1 0 0 1 2 0 0 0 0 0 0 0 0 0 0 0 0 0 0 0 0 0 1 56 22 20 10 13 0 0 0 2 0 0 0 0 0 0 9 0 0 0 0 0 3 3 3 2 2 1 3 3 4 22 0 0 0 49 26 89 19 5 41 522 273 23 258 383 410 300 130 60 115 515 1155 507 0 0 0 0 0 0 0 0 0 0 0 0 0 0 0 0 0 0 0
0 0 2 0 1 0 5 6 0 20 12 5 0 21 125 1 0 0 0 0 0 0 0 0 0 7 12 0 0 0 0 0 0 0 0 0 0 0 1 8 2 0 1 0 0 0 12 3 0 2 4 249 37 4 0 0 0 0 0 0 0 0 0 0 0 0 0 0 0 0 0 0 0 0 0 0 1 13 26 0 0 39 31 0 0 0 0 0 2 3 0 6 0 30 0 11 7 0 0 1 8 0 4 4 4 12 5 2 81 18 0 13 19 3 3 5 4 231 174 501 518 649 731 388 1212 580 456 688 866 562 360 2 0 0 0 0 0 0 0 0 0 0 0 0 0 0 0 0 0 0
0 0 0 0 0 2 0 0 7 3 1 16 1 1 2 15 1 1 0 0 0 0 0 0 2 5 7 0 2 0 0 2 0 0 4 1 3 1 3 1 0 0 0 0 0 2 0 0 15 19 516 488 14 51 2 1 0 1 3 9 0 1 0 0 0 0 0 0 0 0 0 0 0 0 0 0 1 0 9 1 0 0 0 0 0 0 0 0 2 2 0 0 233 0 0 2 0 0 1 2 5 1 4 1 29 5 7 21 1 7 8 3 1 6 5 7 1 47 310 1101 1564 622 358 842 1051 548 146 464 453 34 55 44 0 0 0 0 0 0 0 0 0 0 0 0 0 0 0 0 0 0
0 4 0 3 1 0 2 1 11 3 0 0 7 3 1 0 0 1 0 0 0 0 0 0 1 3 0 2 0 0 0 19 20 0 0 2 3 0 1 0 0 0 0 0 0 1 0 0 2 22 571 459 451 551 24 11 0 0 2 2 0 0 0 0 0 0 0 0 0 0 0 0 0 0 0 1 0 0 0 12 0 0 0 0 0 0 0 13 61 0 0 30 25 0 0 0 0 0 0 2 21 0 6 1 0 80 316 29 2 0 9 8 0 34 8 8 9 3 67 485 230 611 301 2093 1449 404 140 121 2 351 697 632 0 0 0 0 0 0 0 0 0 0 0 0 0 0 0 0 0 0
0 0 1 17 0 0 10 3 22 2 6 114 0 1 0 0 0 0 0 0 0 0 0 0 0 0 1 0 0 0 0 6 2 1 0 1 0 1 0 0 0 0 0 2 0 2 0 0 2 14 237 296 501 351 26 35 1 1 9 1 1 0 0 0 0 0 0 0 0 0 0 0 0 0 0 0 0 0 0 24 7 4 10 0 0 0 0 15 22 1 4 13 56 0 0 0 0 0 0 2 1 39 4 86 10 7 0 4 0 0 0 0 10 4 0 14 2 3 2 31 290 332 445 559 629 552 412 356 227 642 293 201 0 0 4 0 0 0 0 0 0 0 0 0 0 0 0 0 0 0
6 4 2 3 0 14 7 8 6 1 0 3 25 0 0 0 0 0 0 0 0 0 0 0 0 0 0 0 0 1 2 1 0 0 0 0 0 0 1 0 0 0 0 0 0 2 1 1 0 3 8 92 190 17 28 17 1 0 1 0 0 0 0 0 0 0 0 0 0 0 0 0 0 0 0 0 0 0 1 0 5 0 0 0 0 0 36 46 23 0 0 125 92 16 6 0 0 0 0 14 16 4 20 86 15 0 6 0 11 0 1 0 3 2 2 6 23 15 14 15 140 605 328 308 156 432 574 1237 196 85 66 45 0 0 0 0 0 0 0 0 0 0 0 0 0 0 0 0 0 0
2 1 14 0 5 1 40 30 8 5 7 3 2 2 0 0 0 0 0 0 0 0 1 0 0 0 0 0 1 0 0 0 0 0 0 1 0 0 1 0 1 0 0 0 0 0 0 0 1 5 1 12 83 9 15 0 1 68 45 2 0 0 0 0 0 0 0 1 0 0 0 0 0 0 0 0 0 0 0 0 0 3 4 17 10 112 7 0 6 43 222 161 89 1 4 0 0 7 20 24 47 244 112 536 243 24 13 3 28 4 0 0 3 0 5 7 2 57 15 352 220 489 1615 968 626 215 1713 1761 1236 0 0 0 0 0 0 0 0 0 0 0 0 0 0 0 0 0 0 0 0 0
2 14 14 0 62 9 3 16 7 9 1 0 0 0 0 0 0 0 0 0 0 0 0 0 0 0 0 2 1 0 0 0 0 0 0 0 0 0 0 0 4 1 0 0 0 0 0 0 0 2 0 2 45 0 12 0 0 6 59 7 1 3 0 0 0 0 0 0 0 0 0 0 0 0 0 0 0 0 0 0 0 2 35 2 0 5 12 3 4 25 83 91 88 8 12 110 1 0 0 9 144 217 309 161 138 14 4 2 1 3 17 0 0 0 11 8 7 336 213 505 502 6 2 104 82 241 341 615 224 3 158 6 0 0 0 0 0 0 0 0 0 0 0 0 0 0 0 0 0 0
6 3 98 0 33 134 50 2 0 8 0 0 1 2 0 0 0 0 0 1 2 0 0 0 0 0 0 0 0 0 0 0 0 0 0 0 0 0 0 0 0 0 1 0 0 0 0 0 0 0 0 1 20 0 0 0 0 0 2 23 2 1 0 0 0 0 0 0 0 0 0 0 0 0 0 0 0 0 0 0 32 37 0 0 5 0 134 3 0 0 0 4 8 1 0 0 0 0 0 10 11 57 841 211 101 113 21 15 1 1 246 0 0 0 0 21 297 309 113 28 0 0 0 0 57 301 128 451 349 6 6 20 0 0 0 0 0 0 0 0 0 0 0 0 0 0 0 0 0 0
5 29 163 101 280 393 110 23 21 0 0 0 0 0 1 1 0 0 0 0 1 5 0 0 0 0 0 0 0 0 0 2 0 0 0 0 0 0 2 0 0 1 0 3 3 0 0 8 1 0 0 9 13 0 0 0 0 0 10 1 1 3 0 0 0 0 0 0 0 0 0 0 0 0 0 0 0 0 4 15 3 0 0 0 3 1 6 220 39 0 0 0 0 0 0 0 0 0 0 0 0 159 358 139 74 109 6 1 1 7 6 1 0 0 1 13 138 20 9 50 0 0 0 0 3 327 356 522 259 15 65 8 0 0 0 0 0 0 0 0 0 0 0 0 0 0 0 0 0 0
3 93 275 694 421 465 169 14 0 0 0 0 4 0 0 0 0 1 0 0 0 3 0 0 7 0 0 0 0 1 0 0 0 0 0 0 0 0 0 0 0 13 0 3 0 0 0 4 30 0 0 0 16 0 0 0 0 1 0 0 0 2 0 0 0 0 0 0 0 0 0 0 0 0 0 0 0 11 0 0 0 0 0 0 0 0 34 33 1 0 2 0 0 0 0 0 0 0 0 0 4 37 7 17 142 43 0 0 6 0 1 3 2 5 6 0 2 7 13 32 17 509 7 0 34 52 99 216 23 0 0 0 0 0 1 0 0 0 0 0 0 0 0 0 0 0 0 0 0 0
0 7 186 203 139 103 39 5 4 0 1 2 0 0 0 0 0 1 1 4 1 3 0 0 1 0 0 0 1 4 0 0 0 0 3 1 0 4 0 0 1 0 0 1 0 0 0 2 3 4 0 0 0 2 0 1 0 0 0 0 0 0 0 0 0 0 0 0 0 0 0 0 0 0 0 0 0 0 0 0 0 0 0 0 0 0 75 11 2 8 21 2 0 0 3 8 0 0 0 335 662 152 155 143 15 69 20 1 0 1 2 4 2 0 0 0 0 0 18 30 57 33 144 195 60 56 0 0 0 0 0 0 0 0 0 0 0 0 0 0 0 0 0 0 0 0 0 0 0 0
5 10 23 51 23 23 0 5 0 5 15 0 0 0 0 0 0 0 0 0 1 81 0 1 1 0 0 0 0 2 0 0 0 0 0 0 0 0 0 0 2 0 0 0 0 17 0 0 0 1 0 0 4 0 0 8 0 0 0 0 0 0 0 0 0 0 0 0 0 0 0 0 0 0 0 0 15 7 0 0 0 0 0 0 0 0 10 0 0 13 50 0 0 0 43 118 87 9 191 1195 436 459 54 14 0 34 27 60 0 5 9 0 0 0 0 0 0 1 15 90 73 17 14 16 5 88 31 13 61 41 6 0 0 0 0 0 0 0 0 0 0 0 0 0 0 0 0 0 0 0
18 20 14 2 0 0 0 0 0 0 0 0 0 0 0 0 0 0 0 0 0 7 3 0 0 0 0 2 0 4 1 0 0 5 2 1 0 0 0 0 1 0 0 1 0 5 0 1 0 0 0 0 2 1 63 10 3 0 0 0 0 0 0 0 0 0 0 0 0 0 0 0 0 0 38 9 0 0 0 0 0 0 0 0 0 0 22 0 0 0 107 16 1 8 83 290 49 9 50 138 9 65 15 3 8 1 0 51 347 83 0 0 0 1 21 0 0 3 5 0 14 0 0 5 3 65 30 56 362 35 21 1 0 0 0 0 0 0 0 0 0 0 0 0 0 0 0 0 0 0
4 2 0 1 0 1 2 0 0 0 0 0 0 0 0 0 0 0 0 0 0 0 0 0 0 0 1 1 0 0 9 18 1 0 1 0 0 0 0 0 0 0 0 0 1 2 0 0 0 0 0 1 1 4 15 0 0 0 0 0 0 0 0 0 0 0 0 0 0 0 0 0 0 0 27 37 0 0 0 0 0 0 0 0 0 0 62 75 75 45 94 4 13 28 2 44 7 0 0 1 11 6 3 0 2 4 93 275 79 22 2 0 0 0 1 0 0 6 0 0 1 2 4 20 7 97 56 119 130 172 34 1 0 0 0 0 0 0 0 0 0 0 0 0 0 0 0 0 0 0
0 0 0 0 2 0 0 0 0 0 0 0 0 0 0 0 0 1 0 0 0 0 0 0 0 0 0 0 2 1 1 0 0 0 0 3 0 0 0 0 0 0 0 0 0 14 0 0 0 0 0 4 2 23 10 4 0 0 0 0 0 0 0 0 0 0 0 0 0 0 0 1 0 4 1 0 0 0 0 0 0 0 0 0 0 0 0 0 153 4 0 0 0 0 0 32 1 1 2 2 2 4 0 5 1 138 579 292 25 78 0 0 0 0 0 0 0 0 87 12 0 29 0 22 7 22 92 33 3 12 0 57 0 0 0 0 0 0 0 0 0 0 0 0 0 0 0 0 0 0
1 0 0 2 2 0 0 0 0 0 0 0 0 0 0 0 0 0 0 0 0 0 0 6 0 0 0 0 0 0 2 0 0 0 0 0 0 1 0 0 0 0 0 0 0 0 0 0 0 0 0 0 3 34 7 2 21 0 0 0 0 0 0 0 0 0 0 0 0 0 1 0 0 0 0 0 0 0 0 0 0 0 0 0 0 0 2 0 1 0 0 0 2 16 0 0 7 0 2 0 5 5 2 0 38 66 55 4 29 130 0 0 0 0 0 0 0 0 3 3 0 6 0 59 80 25 209 75 17 18 3 0 0 0 0 0 0 0 0 0 0 0 0 0 0 0 0 0 0 0
0 0 0 0 5 12 1 0 0 0 0 0 0 0 0 0 0 0 1 1 0 0 0 0 0 0 1 0 0 0 0 0 0 0 0 0 0 0 0 0 0 0 1 0 2 0 0 0 0 0 7 0 2 0 2 0 3 1 0 0 0 0 0 0 0 0 0 1 1 2 0 0 0 0 0 0 0 0 0 0 0 0 0 0 0 0 0 0 4 3 0 23 89 12 1 0 0 0 0 3 14 9 17 7 56 2 0 17 5 6 6 0 0 0 0 0 0 0 0 0 1 6 1 17 0 0 0 292 9 14 0 0 0 0 0 0 0 0 0 0 0 0 0 0 0 0 0 0 0 0
0 0 0 0 56 30 0 0 0 0 0 0 0 0 1 0 0 0 0 0 0 0 0 0 0 0 0 0 6 0 1 0 0 0 0 0 0 0 1 0 0 0 0 18 1 1 0 0 0 6 0 0 0 5 2 0 0 5 0 1 0 0 0 0 0 0 0 0 1 0 0 0 4 0 0 0 0 0 0 0 0 0 0 0 0 0 0 0 23 45 85 169 69 5 0 0 1 2 0 26 12 466 287 12 0 24 17 0 0 5 6 0 0 0 0 0 0 0 0 0 0 0 0 0 0 2 56 87 0 0 0 0 0 0 0 0 0 0 0 0 0 0 0 0 0 0 0 0 0 0
0 0 0 0 2 0 0 0 0 0 0 0 4 1 0 0 1 0 1 0 0 0 0 0 0 0 1 0 0 4 0 0 0 0 0 2 0 0 0 0 0 1 0 0 0 3 0 0 0 0 0 0 0 1 0 0 0 0 0 0 0 0 0 0 0 0 0 0 16 0 0 0 0 0 0 0 0 0 0 0 0 0 0 0 0 0 1 0 138 58 143 118 66 24 71 0 0 2 0 56 56 102 61 6 0 0 0 0 0 0 2 0 0 0 0 0 0 0 0 0 5 56 158 0 0 9 5 0 0 0 0 0 0 0 0 0 0 0 0 0 0 0 0 0 0 0 0 0 0 0
1 0 0 0 0 0 0 0 0 0 0 0 14 11 0 0 0 0 2 0 0 0 0 0 0 5 0 1 0 8 0 0 0 0 0 0 0 0 0 0 0 0 0 0 0 9 2 0 0 0 1 0 2 24 7 0 0 0 0 0 0 0 0 0 0 0 1 6 93 0 0 1 0 0 0 0 0 0 0 0 0 0 0 0 2 8 34 0 0 7 0 2 12 1 34 0 0 0 0 6 48 0 0 1 0 0 0 2 0 22 17 11 5 0 0 0 0 0 0 0 0 0 0 0 0 0 0 6 1 0 0 0 0 0 0 0 0 0 0 0 0 0 0 0 0 0 0 0 0 0
0 0 0 1 0 0 0 0 0 0 0 0 0 0 0 0 1 0 0 0 0 0 0 0 0 0 0 0 0 0 0 0 0 0 0 0 0 0 0 0 0 0 0 0 0 1 6 1 0 2 0 0 0 4 5 0 0 0 0 0 0 0 0 0 0 0 7 52 6 0 0 0 0 0 0 0 0 0 0 0 0 0 0 1 20 0 1 1 0 8 5 1 7 1 17 6 3 23 2 2 11 19 3 0 2 0 0 9 35 88 86 303 17 19 0 0 0 0 0 0 0 0 0 0 0 0 0 0 0 0 0 0 0 0 0 0 0 0 0 0 0 0 0 0 0 0 0 0 0 0
0 0 0 2 7 1 0 2 0 0 0 0 0 0 0 0 0 0 0 0 0 0 0 0 0 0 0 0 0 0 0 0 0 0 1 0 0 0 0 0 0 0 0 0 0 0 0 12 9 0 0 0 0 0 0 78 54 0 0 0 0 0 0 0 0 4 36 44 1 0 1 1 0 0 0 0 0 0 0 0 0 0 0 8 17 0 0 4 181 1 24 6 0 0 10 16 112 19 4 2 0 0 4 6 5 3 11 5 125 27 156 74 14 2 8 0 0 0 0 0 0 0 0 0 0 0 0 0 0 0 0 0 0 0 0 0 0 0 0 0 0 0 0 0 0 0 0 0 0 0
0 0 0 0 0 0 0 0 0 0 0 0 0 0 0 1 0 0 0 0 0 0 0 0 0 0 0 0 0 1 0 0 0 0 0 1 1 0 0 0 0 0 0 0 0 0 2 10 26 0 0 0 0 2 4 18 7 4 10 5 5 1 1 24 3 1 0 1 0 1 0 0 0 1 0 0 0 0 0 0 0 0 0 0 0 0 0 9 0 0 1 0 0 0 5 240 3 0 0 0 0 0 0 0 20 56 308 864 368 71 26 0 1 2 0 0 0 0 0 0 0 0 0 0 0 0 0 0 0 0 0 0 0 0 0 0 0 0 0 0 0 0 0 0 0 0 0 0 0 0
0 0 3 1 1 33 0 1 3 1 0 0 0 1 0 0 0 0 0 0 0 0 0 0 0 0 0 0 0 0 0 0 0 0 0 0 0 0 0 0 0 0 0 2 1 1 9 8 5 2 0 0 3 1 14 3 0 0 0 1 0 0 0 0 0 0 0 1 11 6 0 4 0 0 0 0 0 0 0 0 0 0 0 0 0 0 0 2 0 0 3 10 0 2 64 15 0 0 0 0 0 2 0 14 23 41 121 214 115 114 64 74 11 0 0 0 0 0 0 0 0 0 0 0 0 0 0 0 0 0 0 0 0 0 0 0 0 0 0 0 0 0 0 0 0 0 0 0 0 0
0 0 0 0 8 59 0 1 0 1 2 0 0 0 0 0 2 0 0 0 0 0 0 0 0 0 0 0 0 0 0 0 1 1 0 0 0 0 0 1 0 1 2 0 1 0 14 1 1 1 3 0 2 2 0 0 1 1 3 1 0 1 1 0 4 2 0 0 3 0 0 0 2 3 0 0 0 0 0 0 0 0 0 0 0 2 0 0 0 1 0 1 5 32 3 12 131 0 0 0 0 0 0 45 121 210 0 0 104 37 0 4 2 0 0 0 0 0 0 0 0 0 0 0 0 0 0 0 0 0 0 0 0 0 0 0 0 0 0 0 0 0 0 0 0 0 0 0 0 0
0 0 0 0 0 0 0 0 1 1 0 0 0 0 0 0 0 0 1 0 0 0 0 0 0 0 0 0 0 0 0 1 0 7 0 0 0 0 0 0 0 0 0 1 0 0 5 1 2 6 0 0 2 1 0 0 0 0 1 4 2 1 0 0 0 0 0 0 0 0 0 1 0 0 0 0 0 0 0 0 0 0 0 0 0 0 0 0 1 0 0 7 23 18 2 78 213 0 0 0 0 0 0 1 11 0 0 0 0 0 34 56 0 0 0 0 0 0 0 0 0 0 0 0 0 0 0 0 0 0 0 0 0 0 0 0 0 0 0 0 0 0 2 14 2 0 0 0 0 0
0 0 0 3 0 0 0 0 0 1 0 0 0 0 3 0 0 0 0 0 0 0 0 0 0 0 0 0 0 0 0 0 0 0 0 0 0 0 0 0 0 0 0 0 0 0 0 0 0 0 1 7 1 0 1 0 0 0 0 3 1 0 0 0 0 0 0 0 0 0 0 0 0 0 0 0 0 0 0 0 0 0 0 0 0 0 0 0 20 0 0 12 141 139 29 0 1 0 0 0 0 0 1 1 2 0 0 1 0 75 52 0 4 0 0 0 0 0 0 0 0 0 0 0 0 0 0 0 0 0 0 0 0 0 0 0 0 0 0 0 0 0 0 3 0 0 0 0 0 0
0 0 0 0 2 0 0 0 0 0 0 0 0 0 0 0 0 0 0 0 0 0 0 0 0 0 0 0 0 0 0 0 0 0 0 0 0 0 0 0 0 0 0 0 0 0 0 0 0 0 4 3 3 0 0 0 0 0 0 0 3 0 0 0 0 0 0 0 0 0 0 0 0 0 0 0 0 0 0 0 0 0 0 0 0 0 0 0 0 0 9 28 382 0 0 5 2 0 0 0 0 0 0 1 0 0 0 0 21 2 29 18 0 0 0 0 0 0 0 0 0 0 0 0 0 0 0 0 0 0 0 0 0 0 0 0 0 0 0 0 0 0 0 0 0 0 0 0 0 0
0 0 0 0 0 0 0 0 0 0 0 0 0 0 0 0 0 0 0 0 0 0 0 0 0 0 0 0 0 0 0 0 0 0 0 0 0 0 0 0 0 0 0 0 0 0 0 0 0 0 1 11 0 0 0 0 0 0 0 1 0 0 0 0 0 0 0 0 0 0 0 46 1 0 0 0 0 0 0 0 0 0 0 0 0 0 0 0 0 1 3 9 3 2 28 0 0 0 0 0 0 0 0 0 0 0 0 0 0 0 0 0 0 0 0 0 0 0 0 0 0 0 0 0 0 0 0 0 0 0 0 0 0 0 0 0 0 0 0 0 0 0 0 0 0 0 0 0 0 0
0 0 0 0 0 0 0 0 0 0 0 0 0 0 0 0 0 0 0 0 0 3 4 30 1 0 0 0 0 0 0 0 0 0 0 0 2 0 0 0 0 0 0 0 0 0 0 0 0 0 0 24 3 0 0 0 3 1 0 0 0 8 5 0 0 0 0 0 0 0 0 0 6 4 0 0 0 0 0 0 0 0 0 0 0 0 0 0 0 3 1 26 5 9 18 0 0 0 0 0 0 0 0 0 0 0 0 0 0 0 0 0 0 0 0 0 0 0 0 0 0 0 0 0 0 0 0 0 0 0 0 0 0 0 0 0 0 0 0 0 0 0 0 0 0 0 0 0 0 0
0 0 0 0 0 0 0 0 0 0 0 4 0 0 0 0 0 0 0 0 0 0 31 3 1 0 0 0 0 0 0 0 0 0 0 0 0 0 1 0 0 0 0 0 0 0 0 0 0 0 0 11 11 0 1 0 2 0 0 1 0 18 75 0 0 0 0 0 0 0 0 0 0 0 2 0 0 0 0 0 0 0 0 0 0 0 0 0 0 4 1 11 0 5 12 3 0 0 0 0 0 0 0 0 0 0 0 1 0 0 0 0 0 0 0 0 0 0 0 0 0 0 0 0 0 0 0 0 0 0 0 0 0 0 0 0 0 0 0 0 0 0 0 0 0 0 0 0 0 0
0 0 0 0 0 0 0 0 0 0 0 0 2 0 0 0 0 0 0 0 0 0 0 0 1 0 0 0 0 0 0 0 0 0 0 0 0 0 0 0 0 0 0 0 0 0 0 0 0 1 4 21 95 6 12 3 0 0 0 0 0 10 0 0 0 0 0 0 0 0 0 0 0 0 0 0 0 0 0 0 0 0 0 0 0 0 0 0 0 0 0 29 2 18 5 2 0 0 0 0 0 0 0 0 0 0 0 0 0 0 0 0 0 0 0 0 0 0 0 0 0 0 0 0 0 0 0 0 0 0 0 0 0 0 0 0 0 0 0 0 0 0 0 0 0 0 0 0 0 0
0 0 0 0 0 0 0 0 0 0 0 0 5 94 0 0 0 4 1 0 0 0 0 0 1 4 1 0 0 0 0 0 0 0 0 0 0 0 0 0 1 0 0 0 0 0 0 0 2 8 0 9 107 0 8 0 0 0 0 0 0 7 4 0 0 0 0 0 0 0 0 0 0 0 0 0 0 0 0 0 0 0 0 0 0 0 0 2 0 0 0 1 15 3 5 1 2 0 0 13 0 0 0 0 0 0 0 0 0 0 0 0 0 0 0 0 0 0 0 0 0 0 0 0 0 0 0 0 0 0 0 0 0 0 0 0 0 0 0 0 0 0 0 0 0 0 0 0 0 0
0 0 0 0 0 0 0 0 0 1 0 0 0 0 3 0 1 0 0 0 0 0 0 0 0 6 0 0 0 0 0 0 0 2 0 0 0 0 0 0 0 0 0 0 0 0 0 2 0 0 0 6 10 0 0 0 0 0 0 0 6 2 0 1 0 0 0 0 0 0 0 0 0 0 0 0 0 0 0 0 0 0 0 0 0 0 0 0 0 0 0 0 0 0 1 0 9 1 0 0 0 0 0 0 0 0 0 0 0 0 0 0 0 0 0 0 0 0 0 0 0 0 0 0 0 0 0 0 0 0 0 0 0 0 0 0 0 0 0 0 0 0 0 0 0 0 0 0 0 0
0 0 0 0 0 0 0 0 0 0 3 0 0 0 0 0 0 1 0 0 0 0 0 0 1 0 0 0 0 0 0 0 0 1 4 1 2 0 0 0 0 0 0 0 0 0 7 4 0 0 0 0 0 0 0 0 0 0 0 0 3 0 0 0 0 0 0 0 0 0 0 0 0 0 0 0 0 0 0 0 0 0 0 0 0 0 0 0 0 0 0 0 0 0 0 3 3 11 0 0 0 0 0 0 0 0 0 0 0 0 0 0 0 0 0 0 0 0 0 0 0 0 0 0 0 0 0 0 0 0 0 0 0 0 0 0 0 0 0 0 0 0 0 2 1 8 0 0 0 0
0 0 0 0 0 0 0 0 0 0 0 0 0 0 0 0 0 0 0 3 1 0 0 0 0 0 0 0 0 0 0 0 0 0 0 1 0 0 0 0 0 0 0 0 0 0 1 0 0 0 0 0 0 0 0 0 0 0 0 0 0 0 0 0 0 0 0 0 0 0 0 0 2 0 0 0 0 0 0 0 0 0 0 0 0 0 0 0 0 0 0 0 0 0 11 2 3 0 0 0 6 0 0 0 0 0 0 0 0 0 0 0 0 0 0 0 0 0 0 0 0 0 0 0 0 0 0 0 0 0 0 0 0 0 0 0 0 0 0 0 0 0 0 0 0 0 0 0 0 0
0 0 0 0 0 0 0 0 0 0 0 3 0 0 0 0 1 0 0 0 1 0 0 0 0 0 0 0 0 0 0 0 0 0 0 0 0 0 0 0 0 0 0 0 1 0 0 0 0 0 0 0 0 0 0 0 0 0 0 0 0 0 0 0 0 0 0 0 0 0 0 0 0 0 0 0 0 0 0 0 0 0 0 0 0 0 0 0 0 0 0 0 0 0 3 0 2 0 0 0 0 6 0 0 0 0 0 0 0 0 0 0 0 0 0 0 0 0 0 0 0 0 0 0 0 0 0 0 0 0 0 0 0 0 0 0 0 0 0 0 0 0 0 0 0 0 0 0 0 0
0 0 0 0 0 0 0 0 0 0 3 0 2 0 0 2 3 0 0 0 0 0 0 0 0 0 0 0 0 0 0 0 0 0 0 0 0 0 0 0 0 0 0 0 1 0 0 0 0 0 0 0 0 0 0 0 0 0 0 1 1 0 0 0 0 0 0 0 0 0 0 0 0 0 0 0 0 0 0 0 0 0 0 0 0 0 0 0 0 0 0 0 0 0 0 0 3 0 0 0 0 0 0 0 0 0 0 0 0 0 0 0 0 0 0 0 0 0 0 0 0 0 0 0 0 0 0 0 0 0 0 0 0 0 0 0 0 0 0 0 0 0 0 0 0 0 0 0 0 0
3 0 0 0 0 0 0 0 0 4 0 0 2 1 0 3 2 0 0 0 0 0 0 0 0 0 0 0 0 0 0 0 0 0 0 0 0 0 0 0 0 0 0 2 0 0 0 0 0 0 0 0 0 0 0 0 0 0 0 5 0 0 0 0 0 0 0 0 7 0 0 0 0 0 0 0 0 0 0 0 0 0 0 0 0 0 0 0 0 0 0 0 0 0 0 0 2 1 0 2 0 0 0 0 0 0 0 0 0 0 0 0 0 0 0 0 0 0 0 0 0 0 0 0 0 0 0 0 0 0 0 0 0 0 0 0 0 0 0 0 0 0 0 0 0 0 0 0 0 0
0 0 0 0 0 0 0 0 1 0 0 0 0 0 0 0 1 7 0 0 0 0 0 0 0 0 0 0 0 0 0 0 0 0 0 0 0 12 0 3 0 0 1 0 0 0 0 0 0 0 0 0 0 0 0 0 0 0 0 0 0 3 2 0 0 0 0 0 117 41 0 0 0 0 0 0 0 0 0 0 0 0 0 0 0 0 0 0 0 0 0 0 0 0 0 0 0 0 0 0 0 0 0 0 0 0 0 0 0 0 0 0 0 0 0 0 0 0 0 0 0 0 0 0 0 0 0 0 0 0 0 0 0 0 0 0 0 0 0 0 0 0 0 0 0 0 0 0 0 0
0 0 0 0 0 0 0 0 0 0 0 2 49 5 0 1 13 0 1 12 0 1 0 17 9 1 0 0 0 0 2 0 0 0 0 0 22 3 6 3 0 0 0 0 0 0 0 0 0 0 0 0 0 0 0 0 0 0 0 0 0 1 0 3 103 25 15 0 0 0 0 0 0 0 0 0 0 0 0 0 0 0 0 0 0 0 0 0 0 0 0 0 0 0 0 0 0 0 0 0 0 0 0 0 0 0 0 0 0 0 0 0 0 0 0 0 0 0 0 0 0 0 0 0 0 0 0 0 0 0 0 0 0 0 0 0 0 0 0 0 0 0 0 0 0 0 0 0 0 0
1 20 4 0 0 0 0 0 0 0 1 2 1 0 0 1 0 0 0 2 17 37 32 4 2 0 0 0 0 0 0 0 0 0 2 1 12 0 0 0 0 0 0 0 0 0 0 0 0 0 0 0 0 0 0 0 0 0 0 0 0 0 0 0 0 0 0 0 0 0 0 0 0 0 0 0 0 0 0 0 0 0 0 0 0 0 0 0 0 0 0 0 0 0 0 0 0 0 0 0 0 0 0 0 0 0 0 0 0 0 0 0 0 0 0 0 0 0 0 0 0 0 0 0 0 0 0 0 0 0 0 0 0 0 0 0 0 0 0 0 0 0 0 0 0 0 0 0 0 0
28 6 4 1 0 1 0 0 0 0 0 0 1 0 0 1 3 1 4 2 0 29 7 1 6 0 0 0 1 5 18 0 0 0 0 0 2 0 0 0 1 4 0 0 0 0 0 0 0 0 0 0 0 0 0 0 0 0 0 0 0 0 0 0 0 0 0 0 0 0 0 0 0 0 0 0 0 0 0 0 0 0 0 0 0 0 0 0 0 1 0 0 0 0 0 0 0 0 0 0 0 0 0 0 0 0 0 0 0 0 0 0 0 0 0 0 0 0 0 0 0 0 0 0 0 0 0 0 0 0 0 0 0 0 0 0 0 0 0 0 0 0 0 0 0 0 0 0 0 0
0 0 0 0 1 0 0 0 0 0 0 3 1 0 0 0 0 0 0 3 0 3 2 6 0 4 2 0 2 27 0 0 0 0 0 0 0 0 0 0 0 4 0 0 0 0 0 0 0 0 0 0 0 0 0 0 0 0 0 0 0 0 0 0 0 0 0 0 0 0 0 0 0 0 0 0 0 0 0 0 0 0 0 0 0 0 0 0 0 0 0 0 0 0 0 0 0 0 0 0 0 0 0 0 0 0 0 0 0 0 0 0 0 0 0 0 0 0 0 0 0 0 0 0 0 0 0 0 0 0 0 0 0 0 0 0 0 0 0 0 0 0 0 0 0 0 0 0 0 0
0 0 0 0 0 0 0 0 0 0 0 0 0 0 0 0 0 7 1 4 0 0 0 1 0 0 11 5 25 0 0 0 0 7 5 0 0 0 0 0 0 0 0 0 0 0 0 0 0 0 0 0 0 0 0 0 0 0 0 0 0 0 0 0 0 0 0 0 0 0 0 0 0 0 0 0 0 0 0 0 0 0 0 0 0 0 0 0 0 0 0 0 0 0 0 0 0 0 0 0 0 0 0 0 0 0 0 0 0 0 0 0 0 0 0 0 0 0 0 0 0 0 0 0 0 0 0 0 0 0 0 0 0 0 0 0 0 0 0 0 0 0 0 0 0 0 0 0 0 0
0 0 0 0 0 0 0 0 0 0 0 0 0 0 0 0 0 0 0 0 1 0 0 0 0 1 1 3 86 39 3 2 3 17 2 0 3 0 0 0 0 0 0 0 0 0 0 0 0 0 0 0 0 0 0 0 0 0 0 0 0 0 0 0 0 0 0 0 0 0 0 0 0 0 0 0 0 0 0 0 0 0 0 0 0 0 0 0 0 0 0 0 0 0 0 0 0 0 0 0 0 0 0 0 0 0 0 0 0 0 0 0 0 0 0 0 0 0 0 0 0 0 0 0 0 0 0 0 0 0 0 0 0 0 0 0 0 0 0 0 0 0 0 0 0 0 0 0 0 0
0 0 0 0 0 0 0 0 0 0 0 0 0 0 0 0 0 0 0 0 0 0 0 0 0 1 0 6 0 0 1 0 0 2 0 0 2 0 0 0 0 0 0 0 0 0 0 0 0 0 0 0 0 0 0 0 0 0 0 0 0 0 0 0 0 0 0 0 0 0 0 0 0 0 0 0 0 0 0 0 0 0 0 0 0 0 0 0 0 0 0 0 0 0 0 0 0 0 0 0 0 0 0 0 0 0 0 0 0 0 0 0 0 0 0 0 0 0 0 0 0 0 0 0 0 0 0 0 0 0 0 0 0 0 0 0 0 0 0 0 0 0 0 0 0 0 0 0 0 0
0 0 0 0 0 0 0 0 0 0 0 0 0 0 0 0 0 0 0 0 0 0 0 0 3 0 4 0 0 1 5 2 1 0 0 0 1 0 0 0 0 0 0 0 0 0 0 0 0 0 0 0 0 0 0 0 0 0 0 0 0 0 0 0 0 0 0 0 0 0 0 0 0 0 0 0 0 0 0 0 0 0 0 0 0 0 0 0 0 0 0 0 0 0 0 0 0 0 0 0 0 0 0 0 0 0 0 0 0 0 0 0 0 0 0 0 0 0 0 0 0 0 0 0 0 0 0 0 0 0 0 0 0 0 0 0 0 0 0 0 0 0 0 0 0 0 0 0 0 0
0 0 0 0 0 0 0 0 0 0 0 0 4 7 0 0 0 0 0 0 0 0 0 0 0 0 0 7 0 0 0 0 6 0 0 0 1 0 0 0 0 0 0 0 0 0 0 0 0 0 0 0 0 0 0 0 0 0 0 0 0 0 0 0 0 0 0 0 0 0 0 0 0 0 0 0 0 0 0 0 0 0 0 0 0 0 0 0 0 0 0 0 0 0 0 0 0 0 0 0 0 0 0 0 0 0 0 0 0 0 0 0 0 0 0 0 0 0 0 0 0 0 0 0 0 0 0 0 0 0 0 0 0 0 0 0 0 0 0 0 0 0 0 0 0 0 0 0 0 0
3 0 0 0 0 0 0 0 0 0 0 11 0 0 0 0 0 0 0 0 0 0 0 0 0 0 0 16 0 4 2 0 0 0 0 0 0 0 0 0 0 0 0 0 0 0 0 0 0 0 0 0 0 0 0 0 0 0 0 0 0 0 0 0 0 0 0 0 0 0 0 0 0 0 0 0 0 0 0 0 0 0 0 0 0 0 0 0 0 0 0 0 0 0 0 0 0 0 0 0 0 0 0 0 0 0 0 0 0 0 0 0 0 0 0 0 0 0 0 0 0 0 0 0 0 0 0 0 0 0 0 0 0 0 0 0 0 0 0 0 0 0 0 0 0 0 0 0 0 0
0 0 0 0 0 0 0 0 0 1 0 0 0 0 0 0 0 0 0 0 0 0 0 0 0 0 0 8 2 0 0 0 0 0 1 0 0 0 0 0 0 0 0 0 0 0 0 0 0 0 0 0 0 0 0 0 0 0 0 0 0 0 0 0 0 0 0 0 0 0 0 0 0 0 0 0 0 0 0 0 0 0 0 0 0 0 0 0 0 0 0 0 0 0 0 0 0 0 0 0 0 0 0 0 0 0 0 0 0 0 0 0 0 0 0 0 0 0 0 0 0 0 0 0 0 0 0 0 0 0 0 0 0 0 0 0 0 0 0 0 0 0 0 0 0 0 0 0 0 0
0 0 0 0 0 0 0 0 0 0 0 0 0 0 0 0 0 0 0 0 0 0 0 0 0 0 0 0 0 0 0 0 0 0 0 0 0 0 0 0 0 0 0 0 0 0 0 0 0 0 0 0 0 0 0 0 0 0 0 0 0 0 0 0 0 0 0 0 0 0 0 0 0 0 0 0 0 0 0 0 0 0 0 0 0 0 0 0 0 0 0 0 0 0 0 0 0 0 0 0 0 0 0 0 0 0 0 0 0 0 0 0 0 0 0 0 0 0 0 0 0 0 0 0 0 0 0 0 0 0 0 0 0 0 0 0 0 0 0 0 0 0 0 0 0 0 0 0 0 0
0 0 0 0 0 0 0 0 0 0 0 0 0 0 0 0 0 0 0 0 0 0 0 0 0 0 0 0 0 0 0 0 0 0 0 0 0 0 0 0 0 0 0 0 0 0 0 0 0 0 0 0 0 0 0 0 0 0 0 0 0 0 0 0 0 0 0 0 0 0 0 0 0 0 0 0 0 0 0 0 0 0 0 0 0 0 0 0 0 0 0 0 0 0 0 0 0 0 0 0 0 0 0 0 0 0 0 0 0 0 0 0 0 0 0 0 0 0 0 0 0 0 0 0 0 0 0 0 0 0 0 0 0 0 0 0 0 0 0 0 0 0 0 0 0 0 0 0 0 0
0 0 0 0 0 0 0 0 0 0 5 0 0 0 0 0 0 0 0 0 0 0 0 0 0 0 0 0 0 0 0 0 0 0 0 0 0 0 0 0 0 0 0 0 0 0 0 0 0 0 0 0 0 0 0 0 0 0 0 0 0 0 0 0 0 0 0 0 0 0 0 0 0 0 0 0 0 0 0 0 0 0 0 0 0 0 0 0 0 0 0 0 0 0 0 0 0 0 0 0 0 0 0 0 0 0 0 0 0 0 0 0 0 0 0 0 0 0 0 0 0 0 0 0 0 0 0 0 0 0 0 0 0 0 0 0 0 0 0 0 0 0 0 0 0 0 0 0 0 0
0 0 0 0 0 0 0 0 20 15 1 0 0 0 0 0 0 0 0 0 0 0 0 0 0 0 0 0 0 0 0 0 0 0 0 0 0 0 0 0 0 0 0 0 0 0 0 0 0 0 2 2 0 0 0 0 0 0 0 0 0 0 0 0 0 0 0 0 0 0 0 0 0 0 0 0 0 0 0 0 0 0 0 0 0 0 0 0 0 0 0 0 0 0 0 0 0 0 0 0 0 0 0 0 0 0 0 0 0 0 0 0 0 0 0 0 0 0 0 0 0 0 0 0 0 0 0 0 0 0 0 0 0 0 0 0 0 0 0 0 0 0 0 0 0 0 0 0 0 0
0 0 0 0 0 6 17 8 8 1 0 0 0 0 0 0 0 0 0 0 0 0 0 0 0 0 0 0 0 0 0 0 0 0 0 0 0 0 0 0 0 0 0 0 0 0 0 0 0 16 34 0 0 0 0 0 0 0 0 0 0 0 0 0 0 0 0 0 0 0 0 0 0 0 0 0 0 0 0 0 0 0 0 0 0 0 0 0 0 0 0 0 0 0 0 0 0 0 0 0 0 0 0 0 0 0 0 0 0 0 0 0 0 0 0 0 0 0 0 0 0 0 0 0 0 0 0 0 0 0 0 0 0 0 0 0 0 0 0 0 0 0 0 0 0 0 0 0 0 0
0 0 0 0 0 0 16 4 0 0 0 0 0 0 0 0 0 0 0 0 0 0 0 0 0 0 0 0 0 0 0 0 0 0 0 0 0 0 0 0 0 0 0 0 0 0 0 0 0 0 0 0 166 0 0 0 0 0 0 0 0 0 0 0 0 0 0 0 0 0 0 0 0 0 0 0 0 0 0 0 0 0 0 0 0 0 0 0 0 0 0 0 0 0 0 0 0 0 0 0 0 0 0 0 0 0 0 0 0 0 0 0 0 0 0 0 0 0 0 0 0 0 0 0 0 0 0 0 0 0 0 0 0 0 0 0 0 0 0 0 0 0 0 0 0 0 0 0 0 0
0 0 0 0 0 0 0 0 0 0 0 0 0 0 0 0 0 0 0 0 0 0 0 0 0 0 0 0 0 0 0 0 0 0 0 0 0 0 0 0 0 0 0 0 0 0 0 0 0 0 0 0 15 87 0 0 0 0 0 0 0 0 0 0 0 0 0 0 0 0 0 0 0 0 0 0 0 0 0 0 0 0 0 0 0 0 0 0 0 0 0 0 0 0 0 0 0 0 0 0 0 0 0 0 0 0 0 0 0 0 0 0 0 0 0 0 0 0 0 0 0 0 0 0 0 0 0 0 0 0 0 0 0 0 0 0 0 0 0 0 0 0 0 0 0 0 0 0 0 0
0 0 0 0 0 0 0 0 0 0 0 0 0 0 0 0 0 0 0 0 0 0 0 0 0 0 0 0 0 0 0 0 0 0 0 0 0 0 0 0 0 0 0 0 0 0 0 0 0 0 0 0 1 1 0 0 0 0 0 0 0 0 0 0 0 0 0 0 0 0 0 0 0 0 0 0 0 0 0 0 0 0 0 0 0 0 0 0 0 0 0 0 0 0 0 0 0 0 0 0 0 0 0 0 0 0 0 0 0 0 0 0 0 0 0 0 0 0 0 0 0 0 0 0 0 0 0 0 0 0 0 0 0 0 0 0 0 0 0 0 0 0 0 0 0 0 0 0 0 0
0 0 0 0 0 0 0 0 0 0 0 0 0 0 0 0 0 0 0 0 0 0 0 0 0 0 0 0 0 0 0 0 0 0 0 0 0 0 0 0 0 0 0 0 0 0 0 0 1 0 0 0 0 0 0 0 0 0 0 0 0 0 0 0 0 0 0 0 0 0 0 0 0 0 0 0 0 0 0 0 0 0 0 0 0 0 0 0 0 0 0 0 0 0 0 0 0 0 0 0 0 0 0 0 0 0 0 0 0 0 0 0 0 0 0 0 0 0 0 0 0 0 0 0 0 0 0 0 0 0 0 0 0 0 0 0 0 0 0 0 0 0 0 0 0 0 0 0 0 0
0 0 0 0 0 0 0 0 0 0 0 0 0 0 0 0 0 0 0 0 0 0 0 0 0 0 0 0 0 0 0 0 0 0 0 0 0 0 0 0 0 0 0 0 0 0 0 0 0 0 0 0 1 0 0 0 0 0 0 0 0 0 0 0 0 0 0 0 0 0 0 0 0 0 0 0 0 0 0 0 0 0 0 0 0 0 0 0 0 0 0 0 0 0 0 0 0 0 0 0 0 0 0 0 0 0 0 0 0 0 0 0 0 0 0 0 0 0 0 0 0 0 0 0 0 0 0 0 0 0 0 0 0 0 0 0 0 0 0 0 0 0 0 0 0 0 0 0 0 0
0 0 0 0 0 0 0 0 0 0 0 0 0 0 0 0 0 0 0 0 0 0 0 0 0 0 0 0 0 1 2 0 0 0 1 0 0 0 0 0 0 0 0 0 0 0 0 0 0 0 0 0 0 6 0 0 0 0 0 0 0 0 0 0 0 0 0 0 0 0 0 0 0 0 0 0 0 0 0 0 0 0 0 0 0 0 0 0 0 0 0 0 0 0 0 0 0 0 0 0 0 0 0 0 0 0 0 0 0 0 0 0 0 0 0 0 0 0 0 0 0 0 0 0 0 0 0 0 0 0 0 0 0 0 0 0 0 0 0 0 0 0 0 0 0 0 0 0 0 0
0 0 0 0 0 0 0 0 0 0 0 0 0 0 0 0 0 0 0 0 0 0 0 0 0 0 0 0 0 1 1 4 1 0 0 0 0 0 0 0 0 0 0 0 0 0 0 0 0 0 0 1 0 0 0 0 0 0 0 0 0 0 0 0 0 0 0 0 0 0 0 0 0 0 0 0 0 0 0 0 0 0 0 0 0 0 0 0 0 0 0 0 0 0 0 0 0 0 0 0 0 0 0 0 0 0 0 0 0 0 0 0 0 0 0 0 0 0 0 0 0 0 0 0 0 0 0 0 0 0 0 0 0 0 0 0 0 0 0 0 0 0 0 0 0 0 0 0 0 0
0 0 0 0 0 0 0 0 0 0 0 0 0 0 0 0 0 0 0 0 0 0 0 0 0 0 0 0 0 0 4 5 0 0 0 0 0 0 0 0 0 0 0 0 0 0 0 0 0 0 0 0 0 0 0 0 0 0 0 0 0 0 0 0 0 0 0 0 0 0 0 0 0 0 0 0 0 0 0 0 0 0 0 0 0 0 0 0 0 0 0 0 0 0 0 0 0 0 0 0 0 0 0 0 0 0 0 0 0 0 0 0 0 0 0 0 0 0 0 0 0 0 0 0 0 0 0 0 0 0 0 0 0 0 0 0 0 0 0 0 0 0 0 0 0 0 0 0 0 0
0 0 0 0 0 0 0 0 0 0 0 0 0 0 0 0 0 0 0 0 0 0 0 0 0 0 6 0 0 6 0 0 0 0 0 0 0 0 0 0 0 0 0 0 0 0 0 0 0 0 0 0 0 0 0 0 0 0 0 0 0 0 0 0 0 0 0 0 0 0 0 0 0 0 0 0 0 0 0 0 0 0 0 0 0 0 0 0 0 0 0 0 0 0 0 0 0 0 0 0 0 0 0 0 0 0 0 0 0 0 0 0 0 0 0 0 0 0 0 0 0 0 0 0 0 0 0 0 0 0 0 0 0 0 0 0 0 0 0 0 0 0 0 0 0 0 0 0 0 0
0 0 0 0 0 0 0 0 0 0 0 0 0 0 0 0 0 0 0 0 0 0 0 0 0 0 0 0 0 146 72 0 0 0 0 0 0 0 0 0 0 0 0 0 0 0 0 0 0 0 0 0 0 0 0 0 0 0 0 0 0 0 0 0 0 0 0 0 0 0 0 0 0 0 0 0 0 0 0 0 0 0 0 0 0 0 0 0 0 0 0 0 0 0 0 0 0 0 0 0 0 0 0 0 0 0 0 0 0 0 0 0 0 0 0 0 0 0 0 0 0 0 0 0 0 0 0 0 0 0 0 0 0 0 0 0 0 0 0 0 0 0 0 0 0 0 0 0 0 0
0 0 0 0 0 0 0 0 0 0 0 0 0 0 0 0 0 0 0 0 0 0 0 0 0 0 4 0 0 0 0 0 0 0 0 0 0 0 0 0 0 0 0 0 0 0 0 0 0 59 0 0 0 0 0 0 0 0 0 0 0 0 0 0 0 0 0 0 0 0 0 0 0 0 0 0 0 0 0 0 0 0 0 0 0 0 0 0 0 0 0 0 0 0 0 0 0 0 0 0 0 0 0 0 0 0 0 0 0 0 0 0 0 0 0 0 0 0 0 0 0 0 0 0 0 0 0 0 0 0 0 0 0 0 0 0 0 0 0 0 0 0 0 0 0 0 0 0 0 0
0 0 0 0 0 0 0 0 0 0 0 0 0 0 0 0 0 0 0 0 0 0 0 0 0 0 8 0 0 0 0 0 0 0 0 0 0 0 0 0 0 0 0 0 0 0 0 0 0 0 0 0 0 0 0 0 0 0 0 0 0 0 0 0 0 0 0 0 0 0 0 0 0 0 0 0 0 0 0 0 0 0 0 0 0 0 0 0 0 0 0 0 0 0 0 0 0 0 0 0 0 0 0 0 0 0 0 0 0 0 0 0 0 0 0 0 0 0 0 0 0 0 0 0 0 0 0 0 0 0 0 0 0 0 0 0 0 0 0 0 0 0 0 0 0 0 0 0 0 0
0 0 0 0 0 0 0 0 0 0 0 0 0 0 0 0 0 0 0 0 0 0 0 0 0 0 0 3 3 0 0 0 0 0 0 0 0 0 0 0 0 0 0 0 0 0 0 0 0 0 0 0 0 0 0 0 0 0 0 0 0 0 0 0 0 0 0 0 0 0 0 0 0 0 0 0 0 0 0 0 0 0 0 0 0 0 0 0 0 0 0 0 0 0 0 0 0 0 0 0 0 0 0 0 0 0 0 0 0 0 0 0 0 0 0 0 0 0 0 0 0 0 0 0 0 0 0 0 0 0 0 0 0 0 0 0 0 0 0 0 0 0 0 0 0 0 0 0 0 0
0 0 0 0 0 0 0 0 0 0 0 0 0 0 0 0 0 0 0 0 0 0 0 0 0 0 0 0 0 0 0 0 0 0 0 0 0 0 0 0 0 0 0 0 0 0 0 0 0 0 0 0 0 0 0 0 0 0 0 0 0 0 0 0 0 0 0 0 0 0 0 0 0 0 0 0 0 0 0 0 0 0 0 0 0 0 0 0 0 0 0 0 0 0 0 0 0 0 0 0 0 0 0 0 0 0 0 0 0 0 0 0 0 0 0 0 0 0 0 0 0 0 0 0 0 0 0 0 0 0 0 0 0 0 0 0 0 0 0 0 0 0 0 0 0 0 0 1 0 0
0 0 0 0 0 0 0 0 0 0 0 0 0 0 0 0 0 0 0 0 0 0 0 0 0 0 0 0 0 0 0 0 0 0 0 0 0 0 0 0 0 0 0 0 0 0 0 0 0 0 0 0 0 0 0 0 0 0 0 0 0 0 0 0 0 0 0 0 0 0 0 0 0 0 0 0 0 0 0 0 0 0 0 0 0 0 0 0 0 0 0 0 0 0 0 0 0 0 0 0 0 0 0 0 0 0 0 0 0 0 0 0 0 0 0 0 0 0 0 0 0 0 0 0 0 0 0 0 0 0 0 0 0 0 0 0 0 0 0 0 0 0 0 0 0 0 0 0 0 0
0 0 0 0 0 0 0 0 0 0 0 0 0 0 0 0 0 0 0 0 0 0 0 0 0 0 0 0 0 0 0 0 0 0 0 0 0 0 0 0 0 0 0 0 0 0 0 0 0 0 0 0 0 0 0 0 0 0 0 0 0 0 0 0 0 0 0 0 0 0 0 0 0 0 0 0 0 0 0 0 0 0 0 0 0 0 0 0 0 0 0 0 0 0 0 0 0 0 0 0 0 0 0 0 0 0 0 0 0 0 0 0 0 0 0 0 0 0 0 0 0 0 0 0 0 0 0 0 0 0 0 0 0 0 0 0 0 0 0 0 0 0 0 0 0 0 0 0 0 0
0 0 0 0 0 0 0 0 0 0 0 0 0 0 0 0 0 0 0 0 0 0 0 0 0 0 0 0 0 0 0 0 0 0 0 0 0 0 0 0 0 0 0 0 0 0 0 0 0 0 0 0 0 0 0 0 0 0 0 0 0 0 0 0 0 0 0 0 0 0 0 0 0 0 0 0 0 0 0 0 0 0 0 0 0 0 0 0 0 0 0 0 0 0 0 0 0 0 0 0 0 0 0 0 0 0 0 0 0 0 0 0 0 0 0 0 0 0 0 0 0 0 0 0 0 0 0 0 0 0 0 0 0 0 0 0 0 0 0 0 0 0 0 0 0 0 0 0 0 0
0 0 0 0 0 0 0 0 0 0 0 0 0 0 0 0 0 0 0 0 0 0 0 0 0 0 0 0 0 0 0 0 0 0 0 0 0 0 0 0 0 0 0 0 0 0 0 0 0 0 0 0 0 0 0 0 0 0 0 0 0 0 0 0 0 0 0 0 0 0 0 0 0 0 0 0 0 0 0 0 0 0 0 0 0 0 0 0 0 0 0 0 0 0 0 0 0 0 0 0 0 0 0 0 0 0 0 0 0 0 0 0 0 0 0 0 0 0 0 0 0 0 0 0 0 0 0 0 0 0 0 0 0 0 0 0 0 0 0 0 0 0 0 0 0 0 0 0 0 0
