0 0 34 4 0 0 5 3 6 157 10 20 0 18 0 0 0 0 9 0 2 2 0 0 4 48 0 1 0 0 0 0 0 1 4 5 0 1 0 5 0 0 0 1 2 0 0 0 0 0 0 0 0 0 1 2 0 0 0 9 56 37 6 5 0 1 6 0 0 0 0 6 35 275 353 662 167 23 121 18 52 384 93 126 126 409 313 412 74 372 1643 1018 172 1148 707 1136 1521 905 1365 229 324 180 39 28 60 66 85 673 482 46 28 7 47 107 76 60 27 20 8 3 7 58 52 30 2 9 0 0 16 27 2 47 10 12 6 0 1 6 0 0 4 0 0 0 0 0 0 0 0 54
0 3 3 12 0 0 0 0 0 30 50 24 8 20 0 0 0 0 19 0 0 2 77 0 17 35 0 2 0 0 0 0 0 0 0 11 0 5 4 1 0 0 0 0 0 0 0 0 0 0 0 0 0 12 7 0 0 0 0 57 192 19 20 62 5 1 0 3 2 0 0 7 85 71 36 4 136 98 9 46 124 62 15 5 206 388 575 205 437 452 205 38 555 734 401 497 752 876 1668 1265 416 56 76 28 14 17 7 89 73 40 7 10 3 16 91 42 8 23 3 41 7 12 29 19 3 0 1 9 28 42 40 26 144 95 2 0 0 1 5 83 12 0 0 0 0 0 0 0 0 0
0 0 0 2 22 0 0 0 0 17 10 1 36 9 0 1 0 6 4 1 1 26 147 30 10 0 2 23 0 0 0 0 0 1 0 2 18 9 0 19 10 0 0 4 0 0 0 0 0 0 0 0 0 1 14 0 2 10 0 14 18 20 5 4 0 0 0 0 0 0 0 4 5 0 0 0 1 84 170 313 111 84 11 15 51 388 834 302 16 12 158 28 148 725 1012 1322 474 737 506 890 885 545 29 68 27 27 7 40 422 272 58 9 7 14 7 19 20 52 17 15 121 56 8 17 6 20 3 10 0 45 6 20 133 181 0 0 8 0 6 26 4 5 0 0 0 0 0 0 0 3
56 17 0 0 0 0 0 0 0 9 0 2 0 0 1 0 0 0 1 5 0 1 19 10 7 0 3 24 14 0 4 0 0 0 0 12 0 5 0 4 6 0 0 0 0 0 0 0 0 0 4 0 1 0 141 45 0 28 118 0 0 4 13 28 0 0 0 0 0 5 9 146 21 1 1 7 19 133 436 306 209 130 264 269 303 19 98 326 7 357 1257 1197 1964 859 1376 767 171 359 1155 754 728 674 202 19 38 202 21 49 525 107 54 30 75 34 2 24 39 115 86 47 66 150 30 7 9 11 5 7 24 5 25 28 46 0 8 1 23 3 0 16 72 6 0 0 0 0 0 0 0 0
13 46 1 0 0 0 0 0 5 8 1 0 0 0 0 16 9 9 0 2 1 4 6 0 0 0 0 2 0 0 0 0 0 0 2 30 4 0 0 0 0 0 0 0 0 0 0 0 0 8 2 0 3 5 67 331 57 82 4 0 21 4 0 25 0 0 0 0 0 25 224 132 191 212 31 86 97 182 364 308 472 386 466 461 507 218 65 45 26 642 1985 700 809 1397 700 417 122 1024 598 1317 986 1231 1118 1171 755 148 147 45 6 13 37 35 99 58 32 0 2 60 98 78 465 1744 202 34 2 3 8 0 17 7 0 1 0 0 0 0 0 0 0 1 71 3 0 0 0 0 0 0 0 0
31 15 0 0 0 0 0 0 5 1 3 0 0 0 0 10 1 4 18 76 7 3 0 0 0 0 0 0 1 0 1 7 0 0 16 91 49 28 2 0 0 0 2 0 0 0 0 0 0 10 59 26 8 9 14 67 40 36 26 11 0 0 3 2 0 0 0 0 0 109 128 216 414 152 186 47 67 59 89 414 1167 1002 550 129 2 219 99 51 11 418 2587 1254 159 551 1062 833 252 2515 931 807 740 625 1563 679 56 185 40 98 23 20 1 3 21 28 25 28 42 11 2 20 214 246 3 12 3 10 0 3 1 0 7 1 2 0 0 0 0 0 1 0 2 9 0 0 0 0 0 0 0 0
1 0 0 15 0 1 0 0 0 4 8 0 0 8 0 0 0 0 0 0 4 1 6 0 0 0 0 0 0 4 8 0 0 1 0 13 8 6 10 0 0 0 0 0 0 0 0 0 0 1 4 5 1 2 23 63 28 2 86 72 31 3 0 0 13 2 0 0 10 113 96 105 376 640 454 219 748 231 607 588 1145 1389 1616 868 234 21 12 319 201 187 2132 1424 129 700 1280 769 584 816 1191 141 48 499 186 219 15 62 130 17 27 21 69 225 345 43 36 36 5 1 39 28 107 238 20 3 2 7 22 6 0 0 3 0 0 0 0 0 0 8 0 0 0 1 4 0 0 0 0 0 0 0
4 0 0 0 0 0 0 0 0 0 4 1 0 0 0 0 0 0 0 0 0 0 0 0 0 0 0 0 0 3 9 0 0 0 2 6 0 0 18 13 0 0 0 0 0 0 0 0 0 0 0 0 2 27 5 5 1 37 113 105 129 61 110 8 27 37 0 0 9 126 4 7 67 77 83 68 161 270 990 1343 1701 969 1246 342 251 279 306 1053 316 126 751 163 62 619 652 543 324 1410 1362 346 270 670 558 788 248 211 17 112 123 56 540 624 85 76 45 74 2 3 8 24 44 9 22 11 11 6 11 7 10 1 0 0 0 0 0 0 0 4 0 0 0 0 0 0 0 0 0 0 0 1
5 0 0 0 0 0 0 0 0 15 0 2 0 7 20 0 0 0 1 0 0 0 0 0 0 0 0 0 0 0 3 0 0 0 1 0 0 0 0 4 0 0 0 0 0 0 0 0 0 0 0 0 4 15 0 0 6 30 40 67 581 689 26 1 6 48 9 6 3 46 2 2 0 5 3 20 16 101 99 843 1132 1545 1057 53 19 32 802 471 676 67 11 21 607 1473 1787 2033 172 658 354 180 506 127 140 578 1123 155 293 478 70 81 1142 268 339 14 54 14 0 12 9 9 43 2 18 25 16 7 0 7 0 0 18 1 0 0 0 0 0 0 0 0 0 0 0 0 1 0 0 0 0 0
6 0 0 0 0 0 0 7 12 12 0 0 0 0 0 0 0 0 0 0 0 0 0 0 0 0 0 0 0 0 0 0 0 0 0 0 0 0 2 0 0 0 2 0 0 0 2 1 6 5 12 0 19 17 0 1 0 1 0 34 75 273 26 41 8 4 0 9 2 41 0 0 0 0 0 26 18 78 982 1120 1615 1139 1132 615 1598 1502 464 155 263 280 114 6 14 910 1613 2170 1096 197 134 38 110 262 23 29 130 603 478 365 114 29 635 717 421 62 8 349 510 917 252 95 43 23 33 68 59 54 19 2 15 48 131 22 1 0 0 0 0 0 0 0 0 0 0 0 0 0 0 0 0 1
0 2 18 0 0 0 6 0 16 2 1 14 0 0 0 8 1 6 1 0 0 0 0 0 0 0 0 0 0 0 0 0 0 0 0 11 0 1 0 0 0 3 1 1 0 0 3 9 65 30 15 6 11 29 0 0 0 12 36 31 2 168 20 18 2 0 0 0 1 6 0 0 0 0 0 0 21 33 220 473 727 424 938 441 322 540 340 593 816 594 60 4 3 233 574 1133 1366 90 75 150 36 23 2 57 132 460 1194 574 297 240 686 182 242 26 4 202 486 960 520 314 639 362 461 257 215 779 190 122 86 61 15 145 31 93 25 0 0 0 0 0 0 0 0 0 0 0 0 0 0 0
1 0 5 0 0 0 0 0 16 1 0 0 0 0 0 1 14 8 5 1 2 0 0 0 0 0 0 0 0 0 0 0 0 3 8 0 0 1 4 8 0 14 38 24 1 0 1 0 0 0 0 0 0 2 5 1 1 1 1 11 2 9 0 2 0 7 5 6 12 0 9 4 0 0 0 0 223 17 154 459 862 211 72 75 264 163 24 65 154 1007 91 0 2 2 14 213 1399 738 439 18 1 4 14 62 55 110 646 355 63 112 350 316 159 125 55 331 1181 310 1044 1486 549 560 308 158 225 369 0 1 0 115 3 0 135 54 39 4 0 0 0 0 0 0 0 0 0 0 0 0 0 0
1 0 0 0 0 2 1 0 4 0 0 0 0 0 0 0 2 29 3 9 3 8 0 1 0 0 0 0 0 2 2 1 2 0 0 1 2 0 0 0 0 7 69 9 35 0 0 35 0 0 0 0 8 0 0 0 0 0 11 4 6 10 0 0 0 2 1 2 0 4 17 0 0 0 0 76 226 69 212 53 261 437 26 0 20 24 23 0 0 4 1 0 5 70 114 42 1034 677 1086 646 18 7 84 29 33 9 25 218 666 486 1308 808 179 1068 401 51 43 140 1853 1685 228 378 188 6 109 258 6 1 66 44 0 0 39 26 11 0 1 0 0 0 0 0 0 0 0 0 0 0 0 0
0 0 0 0 0 0 1 5 0 6 2 0 0 0 0 0 0 6 140 14 12 4 3 0 0 0 0 0 0 18 11 3 0 0 0 0 3 0 0 0 0 3 0 131 99 0 0 2 8 0 3 54 1 0 0 0 0 0 13 0 24 12 6 3 0 0 70 35 12 39 89 0 0 2 8 699 1113 593 268 21 104 617 106 3 19 249 21 4 3 55 34 5 0 104 15 33 139 835 302 376 0 18 508 198 564 106 145 654 288 1034 1675 2097 1151 593 374 461 320 314 1307 736 229 172 1 2 0 28 54 0 15 1 0 0 1 3 0 0 4 0 0 0 0 0 0 0 0 0 0 0 0 0
0 0 0 0 0 0 0 2 11 1 0 0 0 0 0 0 0 0 7 8 7 0 0 5 1 0 0 0 0 0 2 0 0 0 0 0 0 0 0 0 0 0 0 12 29 0 0 2 1 23 13 63 2 0 6 4 1 14 12 34 172 54 10 44 11 105 237 174 267 275 93 1 11 0 113 1080 1745 1815 705 58 4 270 54 1 16 28 29 24 0 59 33 17 2 1 0 1 67 547 377 446 26 73 666 799 2110 1760 1904 1477 1804 1456 1249 1072 829 1000 629 599 457 212 123 151 245 238 40 20 3 39 86 5 9 29 8 0 0 0 0 0 0 0 0 0 0 0 0 0 0 0 0 0 0 1
0 0 0 0 0 0 1 78 52 3 6 0 0 0 0 0 1 0 0 15 0 17 32 0 1 0 0 0 2 3 0 0 0 0 0 0 0 0 0 0 0 0 0 2 2 34 2 0 2 54 122 167 1 2 0 41 45 133 20 135 43 47 8 64 58 63 209 134 112 298 368 66 188 247 1161 1462 2332 1257 210 18 1 1 0 0 0 0 23 139 14 74 3 15 0 0 20 40 44 23 69 47 30 3 1755 984 835 926 1184 436 1015 1354 1717 1025 1043 525 564 504 84 234 213 114 52 12 292 487 84 142 15 1 7 3 1 0 0 0 31 7 0 0 0 0 0 0 0 0 0 0 0 0 0 0
0 0 0 0 0 0 3 5 4 0 0 0 3 0 0 4 12 4 0 3 2 0 21 51 35 17 1 0 0 1 0 0 0 0 0 0 0 0 0 0 4 0 0 0 0 17 1 7 3 34 39 10 9 28 9 87 108 296 108 57 11 9 0 0 2 5 0 0 0 0 6 1 106 75 494 541 791 567 155 0 0 1 1 0 0 0 0 81 108 15 0 0 10 3 2 17 44 0 9 116 33 313 1228 1119 615 311 617 446 617 960 1052 513 1051 436 410 212 42 179 187 21 0 3 96 63 102 427 1 20 4 0 0 0 0 0 0 0 0 0 0 0 0 0 0 0 0 0 0 0 0 0
0 0 0 1 0 5 0 1 0 0 0 0 0 0 0 2 1 1 4 7 2 0 0 0 17 3 16 27 7 0 1 0 0 0 0 1 2 0 0 0 1 0 1 0 0 31 68 7 6 61 43 64 7 140 45 43 67 128 568 27 8 21 1 0 1 3 40 116 5 50 139 12 163 29 53 133 111 183 39 10 2 0 3 3 0 0 0 20 146 18 2 62 96 90 16 1 7 0 74 724 242 213 182 159 207 694 207 323 762 599 161 192 99 320 154 53 144 219 25 4 0 2 7 11 177 945 356 31 8 2 0 0 0 0 0 0 0 0 0 0 0 0 0 0 0 0 0 0 0 0
0 0 0 5 10 5 1 0 0 0 0 0 3 1 0 0 2 1 1 1 1 3 5 0 3 8 97 55 29 0 0 0 0 0 1 7 0 0 0 0 0 0 2 15 36 34 21 20 39 677 157 35 28 37 15 41 236 147 92 45 93 34 5 0 0 0 9 11 6 37 34 26 49 45 8 145 260 51 17 37 27 0 10 41 2 11 16 29 8 1 4 28 194 409 46 5 1 62 303 26 135 373 201 17 129 129 269 523 488 1 0 115 12 780 143 0 12 8 0 0 0 0 1 7 80 304 350 573 8 8 0 0 0 0 0 0 0 0 0 0 0 0 0 0 0 0 0 0 0 0
0 0 0 0 0 0 0 0 0 0 0 0 0 0 2 0 0 0 2 8 2 16 270 4 5 12 4 30 241 3 0 0 2 0 2 0 0 0 0 0 0 6 11 82 20 141 130 21 9 275 73 13 0 10 149 11 41 127 3 0 0 2 1 0 0 15 2 2 16 16 113 73 7 0 6 63 25 0 2 0 7 0 1 0 0 28 24 0 10 10 3 27 6 4 0 33 7 9 12 0 1167 1647 930 197 152 211 249 417 234 4 0 0 1 379 107 0 0 0 0 0 0 0 0 8 21 4 33 213 12 0 0 0 0 0 0 0 0 0 0 0 0 0 0 0 0 0 0 0 0 0
0 0 0 0 0 0 0 0 0 0 0 0 0 3 1 1 0 2 2 2 2 8 12 16 0 30 8 7 3 6 2 17 15 1 0 0 0 0 0 3 18 15 39 36 17 31 54 34 149 446 460 178 29 90 40 19 23 4 5 0 0 8 19 17 269 126 6 0 19 11 139 45 0 0 16 220 384 156 2 67 16 20 4 2 5 0 1 5 50 7 12 0 0 0 0 7 0 6 549 582 1823 1239 668 240 5 48 181 286 0 0 0 0 0 12 0 0 0 0 0 0 0 0 1 14 0 0 36 61 0 1 0 0 0 0 0 0 0 0 0 0 0 0 0 0 0 0 0 0 0 0
0 0 0 0 0 0 0 0 0 0 0 0 0 11 3 5 1 0 0 0 3 3 16 8 3 11 2 0 0 0 24 71 28 9 1 0 0 17 0 0 91 19 2 0 0 0 0 25 446 1257 509 361 47 8 1 3 4 10 0 0 7 2 1 0 15 47 39 4 8 86 46 17 19 0 2 21 151 118 83 99 42 21 39 30 7 2 10 5 380 103 25 6 1 12 6 25 9 1 119 363 220 87 72 10 16 12 162 97 11 0 0 0 12 110 0 0 0 0 0 0 0 0 0 0 0 80 62 1 3 9 20 1 0 0 0 0 0 0 0 0 0 0 0 0 0 0 0 0 0 0
0 0 0 1 0 0 0 0 0 0 0 0 0 5 1 1 1 0 0 0 2 1 11 2 4 0 0 0 0 0 1 12 60 31 4 0 13 204 18 24 2 0 0 0 0 0 24 40 54 700 389 183 19 0 0 2 0 9 19 1 0 0 1 0 23 5 70 2 0 5 28 72 90 12 0 1 11 4 40 36 8 30 13 0 0 14 2 1 0 0 2 4 4 3 0 1 9 0 5 0 14 0 7 95 94 99 80 101 173 189 77 13 89 0 5 0 0 0 0 0 0 0 0 15 49 90 124 1 0 0 16 2 0 0 0 0 0 0 0 0 0 0 0 0 0 0 0 0 0 0
0 0 1 0 0 0 0 0 0 0 0 0 0 0 3 1 1 11 0 2 7 1 2 5 0 2 0 1 0 4 1 9 15 13 11 9 13 35 7 0 0 0 0 1 5 127 30 80 3 228 164 21 5 4 10 3 12 41 3 0 0 0 0 0 0 0 5 1 0 0 1 4 176 101 14 22 0 0 0 0 0 6 142 306 8 0 1 2 0 0 0 3 0 4 0 0 0 0 4 3 21 3 12 109 35 49 28 9 3 75 7 766 29 0 0 0 0 0 0 0 0 0 1 35 9 13 57 173 5 0 0 0 0 0 0 0 0 0 0 0 0 0 0 0 0 0 0 0 0 0
0 0 0 0 0 0 0 0 0 0 0 0 0 3 0 0 0 3 0 0 1 0 1 0 0 0 0 0 0 0 0 0 17 8 22 0 0 76 0 0 0 0 0 42 29 68 64 4 16 39 92 50 19 33 53 9 8 1 0 8 0 0 0 0 1 0 0 23 12 12 1 2 25 9 82 23 0 0 0 0 0 17 18 90 14 3 0 1 0 17 11 22 5 7 17 3 11 4 0 29 12 6 15 21 662 0 0 7 4 0 0 76 5 0 0 0 0 0 0 0 0 0 2 0 0 74 100 18 0 0 1 0 0 0 0 0 2 1 0 0 0 0 0 0 0 0 0 0 0 0
0 0 0 0 0 0 0 0 0 0 0 0 0 0 14 1 0 1 5 0 0 14 2 3 0 0 1 2 0 0 0 0 12 121 81 0 0 24 0 2 0 1 0 11 160 22 4 1 12 5 85 9 0 0 0 0 7 1 0 0 4 0 0 0 9 5 4 3 5 15 4 48 2 3 1 5 16 0 0 0 2 1 0 3 1 19 18 12 1 9 0 4 0 2 6 1 0 5 2 4 11 19 14 267 341 352 0 13 0 0 0 46 11 3 17 4 0 0 0 0 0 0 0 0 0 60 17 97 1 0 0 0 0 0 0 4 8 37 0 0 0 0 0 0 0 0 0 0 0 0
0 0 0 0 0 0 0 0 0 0 0 0 0 1 6 2 0 8 2 0 1 9 5 5 0 0 2 22 6 1 0 6 2 11 38 5 1 1 4 9 2 4 2 31 126 11 21 0 0 10 25 42 1 1 0 0 0 1 0 0 0 0 0 2 11 6 0 1 2 0 5 18 2 21 0 1 11 3 0 0 0 0 28 6 9 31 11 19 5 3 4 3 0 2 2 9 0 0 0 6 29 15 6 13 64 469 45 3 0 0 0 0 0 10 34 14 0 0 2 1 0 0 0 0 8 324 17 32 0 0 0 0 0 1 5 0 2 19 0 0 0 0 0 0 0 0 0 0 0 0
0 0 0 0 0 0 0 0 5 0 0 11 0 1 3 5 8 32 8 2 8 24 15 1 0 0 0 2 0 3 9 0 0 35 4 0 3 26 8 24 83 63 35 204 241 7 12 3 5 2 1 57 32 2 2 5 0 0 0 0 0 0 1 0 2 0 0 3 17 73 174 43 4 25 0 1 2 13 0 0 0 0 0 0 3 0 1 8 13 5 16 0 8 2 1 1 0 0 0 1 0 13 20 3 27 1363 1191 49 3 0 0 0 0 0 1 0 22 225 110 23 0 0 0 50 178 60 103 284 289 47 0 0 0 0 0 10 25 4 0 0 0 0 0 0 0 0 0 0 0 0
0 0 0 0 0 1 0 1 0 1 1 3 4 47 16 37 67 96 2 17 0 0 1 3 0 0 3 1 18 19 1 7 3 8 24 20 10 51 85 292 369 896 365 351 106 27 0 0 10 1 0 4 62 20 1 0 0 0 0 1 0 0 0 0 0 0 0 0 0 6 22 57 14 0 7 12 1 17 3 0 0 3 3 0 21 0 0 0 13 8 5 7 2 3 25 42 7 1 0 0 1 3 19 29 346 677 457 699 26 0 0 0 0 1 0 3 220 100 44 0 0 0 8 187 239 330 1427 832 55 24 0 0 0 61 0 10 0 0 0 0 0 0 0 0 0 0 0 0 0 0
0 0 0 0 0 0 0 2 7 10 18 75 56 3 0 1 9 10 0 2 6 8 7 34 8 0 4 1 0 3 9 0 0 3 71 23 11 10 146 442 815 1455 1164 867 69 16 1 9 13 1 4 3 72 137 19 8 0 0 0 0 0 2 0 0 0 0 0 0 0 0 1 2 2 0 0 0 0 12 5 0 0 0 2 0 29 0 0 0 0 6 0 2 13 38 4 16 0 0 0 3 0 6 4 7 7 102 3 116 45 0 0 0 1 0 73 129 1103 643 110 102 27 22 14 157 142 97 738 818 632 420 49 79 62 143 12 2 0 0 0 0 0 0 0 0 0 0 0 0 0 0
0 0 0 0 0 0 6 5 6 6 5 7 4 0 3 7 0 6 11 11 0 13 161 29 0 0 0 1 1 0 9 18 1 1 10 28 27 26 54 141 704 539 583 324 79 41 16 5 4 7 2 7 19 5 3 1 0 0 0 0 0 0 0 0 0 0 0 0 5 0 3 10 0 0 0 8 4 10 1 0 0 26 16 8 50 0 0 0 42 62 2 0 7 26 0 0 3 6 8 1 2 0 1 4 2 0 0 1 29 2 5 14 5 0 55 1265 1181 622 242 186 218 111 107 15 3 35 363 622 2 144 16 363 715 74 38 2 0 0 0 0 0 0 0 0 0 0 0 0 0 0
0 0 0 0 0 0 4 6 2 5 11 15 4 3 1 2 2 0 18 17 346 71 8 0 0 0 0 1 5 17 5 2 12 42 35 10 0 2 0 180 832 566 497 300 96 28 17 0 8 18 6 1 12 13 28 13 0 0 0 0 0 0 0 0 0 0 0 0 0 3 1 0 0 0 0 0 0 3 17 0 7 23 51 259 66 0 0 0 0 0 0 0 13 11 0 3 16 8 1 0 8 0 0 0 10 7 0 26 338 256 457 697 134 195 725 1011 673 303 101 689 116 243 11 1 137 436 179 197 1 0 109 448 403 76 81 3 0 0 0 0 0 0 0 0 0 0 0 0 0 0
0 0 4 0 0 0 0 7 0 2 6 4 12 18 3 4 2 6 46 15 115 0 0 0 0 0 0 0 5 18 6 12 5 0 5 5 5 5 13 16 53 148 103 45 18 0 0 0 1 12 3 3 53 8 1 5 11 9 0 0 0 0 0 0 0 0 0 0 0 0 0 0 0 0 0 40 3 41 19 3 5 20 15 6 0 0 0 0 2 2 16 2 0 21 9 15 1 0 0 0 10 1 0 0 0 16 13 31 290 103 242 175 36 512 1992 841 411 417 87 703 180 8 0 59 4 161 190 0 0 0 108 382 0 1 9 0 0 0 0 0 0 0 0 0 0 0 0 0 0 0
0 0 0 0 0 27 24 11 3 2 0 0 0 6 22 9 2 6 49 58 42 0 0 0 0 0 1 2 0 7 69 4 34 4 26 1 2 8 10 3 30 45 7 1 1 0 0 0 3 2 1 26 308 17 20 129 37 10 1 1 0 0 0 0 0 0 0 0 0 0 0 0 0 0 0 0 0 2 6 1 0 1 3 0 0 0 0 0 9 0 3 0 2 62 18 0 20 2 0 0 6 0 0 7 0 2 9 133 45 7 2 17 134 266 361 693 157 345 174 186 505 3 0 0 0 0 0 0 0 0 0 193 15 0 0 0 0 0 0 0 0 0 0 0 0 0 0 0 0 0
0 0 0 0 1 0 9 6 1 5 1 0 1 16 8 29 43 15 15 1 4 6 8 0 1 0 0 59 25 9 54 62 17 0 1 5 1 3 8 7 14 21 3 0 6 0 5 0 0 0 2 38 276 111 2 33 1 0 4 0 0 0 0 0 0 0 0 0 0 0 0 0 0 0 0 3 22 8 3 0 0 3 0 0 0 0 0 0 10 0 17 4 38 60 8 17 6 2 0 12 8 0 0 3 0 2 18 137 1230 17 0 0 3 0 6 2 15 63 581 787 101 0 0 0 0 0 0 0 0 0 0 5 106 5 0 0 0 0 0 0 0 0 0 0 0 0 0 0 0 0
0 1 13 2 12 1 22 56 3 2 12 12 6 0 4 130 127 22 11 16 0 0 0 5 5 9 2 19 3 6 22 34 8 4 2 0 3 0 3 3 15 13 0 3 10 0 0 0 0 0 0 95 16 40 20 1 4 3 0 0 0 0 0 0 0 0 0 0 0 0 0 0 0 0 0 0 11 24 0 0 0 0 1 0 0 0 0 0 29 3 19 0 1 39 2 0 0 0 13 5 0 2 3 1 3 29 93 60 205 0 0 0 0 1 14 1 0 2 142 401 627 404 0 0 6 68 0 0 0 129 209 41 93 16 0 0 0 0 0 0 0 0 0 0 0 0 0 0 0 0
0 1 0 0 0 11 6 0 0 9 54 9 6 5 16 70 93 24 14 0 0 1 4 2 1 20 5 0 1 34 1 0 10 8 12 5 0 0 0 13 4 9 16 1 0 1 4 1 0 0 13 76 48 53 81 11 1 0 0 0 0 0 0 0 0 0 0 0 0 0 0 0 0 0 0 0 1 70 250 3 2 6 0 0 0 0 7 120 40 1 6 5 10 6 1 9 0 4 4 7 28 30 14 10 5 17 34 25 107 10 0 0 0 17 137 90 290 1006 147 336 853 227 0 12 531 121 0 0 0 175 249 0 0 0 0 0 0 0 0 0 1 0 0 0 0 0 0 0 0 0
0 1 0 2 0 0 3 3 7 4 22 166 20 15 0 1 2 19 4 0 2 0 6 8 15 0 5 0 72 0 0 0 0 0 0 0 0 1 6 0 2 30 58 5 11 2 4 0 0 0 0 120 43 4 2 2 0 0 3 0 0 0 0 0 0 0 0 0 0 0 0 0 0 0 0 1 0 16 85 21 0 1 0 0 0 0 3 27 0 0 2 0 7 8 0 0 0 0 4 8 0 0 10 8 26 0 18 54 46 16 0 0 3 0 174 881 1424 706 88 125 153 218 161 466 264 4 0 0 10 642 169 0 0 0 0 0 0 0 0 0 0 0 0 0 0 0 0 0 0 0
0 0 5 0 0 2 6 6 2 1 31 48 6 2 5 0 0 0 2 7 1 0 2 1 0 7 3 5 6 0 0 0 0 0 0 0 1 5 21 6 0 0 0 1 3 0 0 0 0 0 6 124 6 7 6 0 1 2 2 2 0 0 0 0 0 0 0 0 0 0 0 0 0 0 0 0 4 11 145 26 25 30 20 0 0 1 3 0 6 2 0 0 6 22 0 0 0 0 0 9 2 4 2 5 7 4 9 8 51 1 0 3 44 50 69 30 6 109 660 483 73 348 891 719 800 386 148 246 1091 1985 889 34 0 0 0 0 0 0 0 0 0 0 0 0 0 0 0 0 0 0
0 8 1 0 0 6 1 5 9 17 27 14 2 2 13 5 4 2 1 0 0 0 0 0 0 55 36 0 1 0 6 4 19 3 5 0 0 0 1 24 1 4 3 1 0 1 17 2 1 4 7 546 33 6 0 6 1 5 0 1 0 0 0 0 0 0 0 0 0 0 0 0 0 0 0 0 6 40 98 0 3 56 34 0 0 0 0 0 8 14 0 6 3 17 5 51 34 3 4 1 7 0 0 17 25 9 6 0 143 88 9 16 46 10 3 20 7 356 552 808 812 1098 968 1005 2270 1495 1118 919 1485 1132 837 7 0 0 0 0 0 0 0 0 0 0 0 0 0 0 0 0 0 0
0 17 0 0 4 4 0 4 145 13 1 5 9 3 14 32 2 4 0 0 0 0 0 0 2 17 9 1 1 0 0 7 1 9 4 2 2 4 4 0 0 0 0 0 5 1 0 0 10 32 812 834 40 122 19 3 10 1 6 3 0 4 0 0 0 0 0 0 0 0 0 0 0 0 0 3 1 0 7 6 0 0 0 0 0 0 0 0 6 0 0 4 18 0 0 4 1 0 5 19 15 2 17 5 53 24 26 42 0 16 6 17 13 18 7 25 17 116 721 2304 2429 1053 601 2010 2204 1218 268 971 910 55 150 70 0 0 0 0 0 0 0 0 0 0 0 0 0 0 0 0 0 0
0 11 0 8 8 0 2 2 25 12 1 0 8 5 9 6 14 0 1 0 0 0 0 1 21 5 0 0 3 0 0 69 34 3 0 6 0 2 5 3 0 0 0 2 0 0 0 0 10 33 956 1090 960 980 62 25 4 3 3 5 0 0 0 0 0 0 0 0 0 0 0 0 0 0 6 0 0 0 0 21 0 0 1 0 0 0 0 52 162 0 3 29 30 0 0 0 0 0 0 18 25 1 37 36 11 238 632 41 0 0 4 5 4 11 13 23 34 6 178 1024 622 1016 444 4274 2497 1141 486 306 20 897 1319 800 0 0 0 0 0 0 0 0 0 0 0 0 0 0 0 0 0 0
1 1 4 25 2 0 44 20 14 6 12 50 1 0 0 0 0 0 0 0 0 0 0 0 0 0 2 0 0 0 0 36 52 5 0 1 1 1 0 0 0 0 0 2 0 0 1 0 0 7 351 556 872 690 117 123 4 2 2 2 2 0 0 0 0 0 0 0 0 0 0 0 0 0 2 0 0 1 0 34 2 6 5 0 0 0 0 32 112 5 5 41 175 1 0 0 0 0 0 11 9 58 29 20 51 25 4 18 0 0 0 1 4 4 2 22 11 9 12 62 444 477 517 1199 1664 1234 649 799 581 1117 1402 506 3 0 0 0 0 0 0 0 0 0 0 0 0 0 0 0 0 0
10 8 7 8 3 14 22 8 2 1 3 10 5 2 0 0 0 0 0 0 0 0 1 0 0 0 0 0 0 0 11 0 1 2 0 6 0 4 0 0 0 0 0 2 0 6 15 1 4 9 99 266 477 47 33 74 4 1 5 3 0 1 0 0 2 0 0 0 0 0 0 0 0 0 0 0 0 0 1 3 2 6 0 0 0 1 63 69 58 7 9 381 355 37 17 0 0 0 0 37 55 6 38 266 41 7 10 0 32 4 0 0 18 4 5 9 8 53 26 20 381 1095 599 605 356 988 1389 2094 352 306 239 137 0 0 0 0 0 0 0 0 0 0 0 0 0 0 0 0 0 0
2 4 25 0 5 3 18 56 19 16 14 3 3 5 1 0 0 0 0 0 5 0 0 2 0 0 0 1 31 0 0 0 0 0 0 1 0 1 1 0 0 0 0 0 0 1 0 0 2 4 11 35 231 32 20 0 0 63 82 2 0 0 2 0 0 0 0 0 0 0 0 0 0 0 0 0 0 0 0 0 0 24 29 40 6 34 3 0 23 138 203 244 195 20 15 2 0 1 47 61 102 493 309 726 595 68 25 6 7 18 0 0 9 1 5 17 7 102 69 769 463 1152 3493 2583 1079 390 2872 3761 1893 0 0 0 0 0 0 0 0 0 0 0 0 0 0 0 0 0 0 0 0 0
4 18 31 0 4 11 3 26 9 13 1 1 8 1 0 0 0 0 0 0 2 1 3 0 0 0 1 0 7 0 0 0 5 3 0 1 0 0 0 0 14 0 0 0 0 0 0 0 1 3 0 7 70 52 30 0 0 8 152 14 2 0 0 0 0 0 0 0 0 0 0 0 0 0 0 0 0 0 0 0 0 7 11 0 0 10 5 4 23 40 132 108 127 15 72 14 8 3 0 39 473 305 555 419 334 120 1 11 3 16 6 1 0 1 18 10 13 1001 437 971 790 11 10 271 265 304 480 1185 693 5 574 8 0 0 0 0 0 0 0 0 0 0 0 0 0 0 0 0 0 0
13 13 202 16 151 131 40 28 1 14 1 2 0 4 0 5 0 0 0 1 3 0 0 1 0 0 0 0 0 0 0 0 0 0 0 0 0 0 0 0 1 2 2 1 1 2 0 0 2 0 0 9 17 0 0 5 4 4 7 39 10 2 0 0 0 0 0 0 0 0 0 0 0 0 0 0 0 0 0 5 33 76 0 0 37 0 183 7 0 0 0 26 15 2 2 0 0 0 0 8 21 140 1367 500 190 355 19 9 14 4 23 3 0 0 0 24 435 763 234 46 0 0 0 0 129 701 219 1077 806 32 80 39 0 0 0 0 0 0 0 0 0 0 0 0 0 0 0 0 0 0
5 40 191 223 561 667 244 66 21 0 0 0 0 0 9 0 1 0 0 0 2 15 0 0 0 0 0 0 0 0 0 0 0 0 1 0 0 0 1 0 3 2 1 4 2 15 0 13 2 0 0 32 17 1 0 0 14 1 28 2 1 13 0 0 0 0 0 0 0 0 0 0 0 0 0 0 0 0 5 30 7 0 0 0 10 10 20 224 103 0 0 0 0 0 0 0 0 0 0 0 0 359 707 239 261 303 11 3 3 20 15 13 0 0 7 75 365 12 22 66 0 0 0 0 11 615 505 840 321 10 111 7 0 0 0 0 0 0 0 0 0 0 0 0 0 0 0 0 0 0
1 136 599 1284 683 538 284 36 0 1 1 4 6 0 1 8 0 2 0 0 1 6 0 0 1 0 0 3 0 1 0 0 0 0 15 0 0 0 0 1 7 2 1 5 4 0 0 8 69 0 0 0 75 0 0 12 12 0 3 0 0 7 0 0 0 0 0 0 0 0 0 0 0 0 0 0 0 28 0 0 0 0 0 0 0 0 48 44 1 1 5 0 0 0 0 5 0 0 0 0 22 87 22 24 253 120 0 0 1 6 29 24 4 17 17 1 8 12 22 64 60 141 11 0 43 250 157 252 114 1 0 0 0 0 0 0 0 0 0 0 0 0 0 0 0 0 0 0 0 0
1 14 349 375 222 327 68 18 7 12 0 4 0 0 0 0 0 1 2 7 3 10 0 0 2 3 0 0 2 3 4 0 0 0 13 0 0 0 0 0 1 0 2 1 1 0 0 1 5 24 1 0 0 1 0 2 0 0 0 0 0 0 0 0 0 0 0 0 0 0 0 0 0 0 0 0 1 3 0 0 0 0 0 0 0 0 183 22 7 37 52 4 0 0 6 40 0 0 0 729 1396 252 433 202 33 229 47 8 2 5 9 21 17 1 0 0 0 0 16 106 132 51 287 590 99 39 0 0 0 2 0 0 0 1 0 0 0 0 0 0 0 0 0 0 0 0 0 0 0 0
29 59 94 97 78 44 3 3 1 7 10 3 1 0 0 0 0 1 0 0 0 132 0 1 0 0 0 2 0 1 0 1 0 0 0 0 0 0 0 0 0 0 0 0 1 25 4 0 0 1 0 0 3 0 1 38 0 0 0 0 0 0 0 0 0 0 0 0 0 0 0 0 0 0 0 0 9 6 0 0 0 0 0 0 0 0 14 2 0 51 58 0 0 0 90 183 194 16 279 2473 625 943 237 78 0 33 67 192 2 10 38 0 0 0 0 0 0 0 45 63 147 52 30 56 40 134 48 23 123 65 14 0 0 0 0 0 0 0 0 0 0 0 0 0 0 0 0 0 0 0
80 25 15 16 0 0 1 2 0 0 0 0 0 0 0 0 0 0 0 3 1 6 7 0 0 0 0 11 0 3 2 0 0 11 13 0 0 0 0 0 0 0 0 2 1 16 2 2 0 0 0 0 1 3 130 15 2 0 0 0 0 0 0 0 0 0 0 0 0 0 0 0 0 0 24 22 0 0 0 0 0 0 0 0 0 0 15 2 0 0 149 26 13 20 226 409 120 7 329 285 24 8 60 24 7 2 9 332 825 129 1 0 1 0 13 0 0 5 3 0 51 25 2 6 29 147 104 71 578 200 37 0 0 0 0 0 0 0 0 0 0 0 0 0 0 0 0 0 0 0
27 0 14 3 0 1 1 1 0 0 0 1 0 0 0 0 0 0 0 0 0 1 0 0 0 0 2 1 0 0 11 86 0 0 0 0 0 0 0 0 0 0 0 0 2 3 7 0 0 0 0 2 4 1 23 0 0 0 0 0 0 0 0 0 0 0 0 0 0 0 0 0 0 0 16 31 0 0 0 0 0 0 0 0 0 0 52 90 247 88 150 30 19 25 6 88 22 6 0 0 15 15 4 3 8 3 266 506 274 43 8 0 3 0 4 0 0 17 0 0 5 33 5 17 13 296 130 368 143 253 27 0 0 0 0 0 0 0 0 0 0 0 0 0 0 0 0 0 0 0
13 2 0 2 3 0 0 0 0 0 0 0 0 0 0 0 0 1 0 1 0 0 0 1 0 0 0 0 18 3 0 2 2 1 5 0 0 0 0 0 0 0 0 0 1 5 1 0 0 0 0 3 10 48 22 4 3 0 0 0 0 0 0 0 0 0 0 0 0 0 0 3 2 4 2 0 0 0 0 0 0 0 0 0 0 0 4 0 251 12 0 0 0 5 5 35 0 0 6 0 0 20 0 9 5 438 1127 675 519 160 0 0 0 0 0 0 0 0 165 12 0 57 0 53 7 26 102 65 5 29 20 6 0 0 0 0 0 0 0 0 0 0 0 0 0 0 0 0 0 0
3 0 0 1 1 2 0 0 0 0 0 0 0 0 0 0 0 0 1 0 0 0 0 7 0 0 0 5 0 0 0 2 0 18 4 1 0 0 1 0 0 1 0 0 0 2 0 0 0 0 1 4 15 86 34 6 2 0 0 0 0 0 0 0 0 0 0 0 0 0 3 0 10 1 0 0 0 0 0 0 0 0 0 0 0 0 5 0 0 2 0 0 3 34 1 0 0 0 6 7 8 15 6 0 45 138 113 37 88 329 0 0 0 0 0 0 0 0 18 9 0 12 2 100 192 70 305 53 35 63 3 0 0 0 0 0 0 0 0 0 0 0 0 0 0 0 0 0 0 0
0 0 0 0 5 56 0 0 0 0 0 0 0 0 0 0 0 0 0 2 0 0 0 0 0 0 4 0 0 0 0 1 4 0 0 0 0 0 0 2 0 0 5 5 1 0 0 0 0 0 10 0 3 1 3 1 4 3 0 0 0 0 0 0 0 0 0 3 3 17 2 0 0 0 0 0 0 0 0 0 0 0 0 0 0 0 0 2 4 0 0 45 215 11 0 0 2 0 3 3 2 29 19 34 102 27 0 15 24 17 8 0 0 0 0 0 0 0 0 0 18 9 18 61 0 0 0 291 7 12 2 0 0 0 0 0 0 0 0 0 0 0 0 0 0 0 0 0 0 0
0 0 0 0 92 29 0 0 0 0 0 0 0 0 2 0 0 0 0 0 0 0 0 0 0 0 0 1 13 0 10 1 0 0 0 5 0 0 1 3 0 0 0 2 1 3 0 0 0 9 3 0 0 5 1 3 3 12 0 2 0 0 0 0 0 0 3 0 9 0 0 0 0 0 0 0 0 0 0 0 0 0 0 0 0 0 0 0 93 98 262 533 199 27 0 0 1 0 0 50 76 838 598 91 18 50 7 0 0 41 17 0 0 0 0 0 0 0 0 0 0 0 0 0 0 5 73 53 0 0 0 0 0 0 0 0 0 0 0 0 0 0 0 0 0 0 0 0 0 0
0 0 0 0 0 7 0 0 0 0 0 0 5 1 0 0 0 0 7 0 0 0 0 0 0 0 1 0 0 13 0 0 0 0 0 4 1 0 0 0 0 0 0 0 5 6 0 0 0 0 5 0 1 4 3 15 0 0 0 0 0 0 0 0 0 0 0 0 15 2 0 0 0 0 0 0 0 0 0 0 0 0 0 0 1 1 3 0 31 224 336 265 148 32 0 4 1 5 6 70 182 202 119 21 2 3 4 0 0 27 2 0 0 0 0 0 0 0 0 1 7 113 112 0 0 22 5 0 0 0 0 0 0 0 0 0 0 0 0 0 0 0 0 0 0 0 0 0 0 0
0 0 0 1 0 9 0 0 0 0 0 0 25 11 0 2 0 0 0 0 0 0 0 0 0 2 10 1 7 6 0 0 0 0 1 8 0 1 0 0 0 0 0 2 5 7 15 0 0 3 4 0 0 24 5 0 0 0 0 0 0 0 0 0 0 0 3 3 51 0 0 2 0 0 0 0 0 0 0 0 0 0 0 1 10 39 71 9 3 20 0 4 38 0 45 0 0 10 7 29 135 0 1 0 1 0 0 2 1 49 45 39 0 0 0 0 0 0 0 0 1 0 1 0 0 2 0 0 0 0 0 0 0 0 0 0 0 0 0 0 0 0 0 0 0 0 0 0 0 0
0 0 0 1 4 1 0 1 0 0 0 0 8 0 5 2 0 0 0 0 0 0 0 0 0 1 0 0 2 0 0 0 0 0 0 1 0 0 0 0 0 0 10 0 0 1 1 4 0 4 9 0 0 9 4 4 2 0 1 0 0 0 0 0 0 0 3 62 12 0 0 1 0 0 0 0 0 0 0 0 0 0 0 0 96 8 0 5 8 34 5 4 14 4 4 8 8 46 8 42 25 29 6 0 4 0 0 21 112 136 250 569 68 11 0 0 0 0 0 0 0 0 0 0 0 0 0 0 0 0 0 0 0 0 0 0 0 0 0 0 0 0 0 0 0 0 0 0 0 0
0 0 0 1 0 2 0 0 0 0 0 0 0 0 0 0 0 0 0 0 0 0 0 0 0 0 0 0 0 0 0 0 0 0 0 0 1 0 2 0 0 0 0 0 0 0 2 3 14 1 0 0 0 5 2 105 106 4 7 0 0 0 0 0 2 5 40 151 4 0 0 8 0 0 0 0 0 0 0 0 0 0 0 18 41 0 3 7 10 3 10 13 3 1 1 31 74 48 7 0 2 7 22 10 3 1 33 8 42 69 712 70 556 217 19 0 0 0 0 0 0 0 0 0 0 0 0 0 0 0 0 0 0 0 0 0 0 0 0 0 0 0 0 0 0 0 0 0 0 0
0 1 1 0 0 0 0 0 0 0 0 1 0 1 0 0 2 0 0 0 0 0 0 0 0 0 0 1 0 1 0 0 0 0 0 0 3 0 0 0 0 0 1 0 0 14 3 8 94 3 0 0 0 0 6 1 3 7 40 21 6 3 1 17 8 4 8 1 0 0 0 0 0 0 0 0 0 0 0 0 0 0 0 0 0 0 0 31 5 7 4 0 13 2 20 246 9 0 0 0 0 0 1 10 50 130 671 1527 651 142 51 0 453 111 0 0 1 0 0 0 0 0 0 0 0 0 0 0 0 0 0 0 0 0 0 0 0 0 0 0 0 0 0 0 0 0 0 0 0 0
0 0 4 1 5 87 0 15 7 0 0 6 0 0 0 0 0 0 0 0 0 0 0 0 0 0 0 0 0 1 1 0 0 0 0 2 0 0 7 7 1 5 0 7 0 2 17 25 5 6 5 0 13 7 7 1 0 0 1 1 0 0 0 4 1 0 2 5 1 14 1 8 0 0 0 0 0 0 0 0 0 0 0 0 0 0 0 0 0 5 14 18 1 4 183 12 1 0 0 0 0 18 0 11 105 122 280 596 265 376 172 266 583 28 0 0 0 0 0 0 0 0 0 0 0 0 0 0 0 0 0 0 0 0 0 0 0 0 0 0 0 0 0 0 0 0 0 0 0 0
0 0 3 0 37 71 4 0 0 6 0 0 0 5 0 0 1 0 0 0 1 0 0 0 0 0 0 0 0 0 0 0 4 2 0 0 0 0 0 0 0 4 11 0 1 0 4 11 6 1 3 0 3 3 5 0 0 9 4 3 1 2 1 1 2 10 3 4 7 0 0 0 4 2 0 0 0 0 0 0 0 0 0 0 0 1 0 0 0 0 0 4 21 52 7 45 297 0 0 0 0 0 0 91 229 428 5 0 13 87 0 5 7 0 0 0 0 0 0 0 0 0 0 0 0 0 0 0 0 0 0 0 0 0 0 0 0 0 0 0 0 0 0 0 0 0 0 0 0 0
0 0 0 15 3 6 0 0 9 2 0 0 0 0 0 0 0 0 4 1 0 0 0 0 0 0 0 0 0 0 0 3 0 3 1 0 0 0 0 0 0 0 0 1 0 0 1 0 6 5 1 0 0 0 0 0 0 0 4 1 3 1 0 0 0 0 0 0 0 0 5 2 2 1 0 0 0 0 0 0 0 0 0 0 0 0 0 0 0 1 0 24 116 26 22 231 632 0 0 0 0 0 0 10 25 0 0 0 0 0 40 145 0 0 0 0 0 0 0 0 0 0 0 0 0 0 0 0 0 0 0 0 0 0 0 0 0 0 0 0 0 0 22 31 28 0 0 0 0 0
0 0 1 1 0 0 0 0 0 0 0 0 0 0 0 0 0 0 0 0 0 0 0 0 0 0 0 0 0 0 0 1 0 1 0 0 0 0 0 0 0 0 0 0 0 3 0 0 0 0 8 7 2 3 2 0 0 0 4 11 2 0 0 0 0 0 0 0 0 0 2 0 0 0 0 0 0 0 0 0 0 0 0 0 0 0 0 0 46 2 3 40 278 289 69 0 0 2 0 0 0 0 1 3 3 0 0 2 0 107 204 4 1 1 0 0 0 0 0 0 0 0 0 0 0 0 0 0 0 0 0 0 0 0 0 0 0 0 0 0 0 0 0 6 1 0 0 0 0 0
0 0 0 0 0 0 1 0 0 0 0 0 0 0 0 0 0 0 0 0 0 0 0 0 0 0 0 0 0 0 0 0 0 0 0 0 0 0 0 0 0 0 0 0 1 0 0 0 0 0 0 5 20 0 0 1 0 0 3 5 0 0 0 0 0 0 0 0 0 0 1 0 1 0 0 0 0 0 0 0 0 0 0 0 0 0 0 0 0 3 23 89 925 2 0 21 2 0 0 0 0 0 0 3 8 7 0 0 26 26 61 2 0 0 0 0 0 0 0 0 0 0 0 0 0 0 0 0 0 0 0 0 0 0 0 0 0 0 0 0 0 0 0 0 0 0 0 0 0 0
0 0 0 0 0 0 0 0 0 5 0 0 19 2 0 0 0 0 3 2 0 0 0 0 0 0 0 0 0 0 0 0 0 0 0 0 2 0 0 0 0 0 0 0 0 0 0 0 0 0 4 18 2 2 0 3 0 0 1 8 0 1 0 0 0 0 0 0 0 0 1 88 2 0 0 0 0 0 0 0 0 0 0 0 0 0 0 0 7 1 34 19 7 8 20 1 0 1 0 0 0 0 0 0 0 0 0 0 0 0 0 0 0 0 0 0 0 0 0 0 0 0 0 0 0 0 0 0 0 0 0 0 0 0 0 0 0 0 0 0 0 0 0 0 0 0 0 0 0 0
5 0 0 0 0 0 0 0 0 0 0 2 0 0 0 0 0 0 0 0 0 1 3 59 0 0 0 0 0 0 0 0 0 0 0 0 0 0 0 0 0 0 0 0 0 0 0 0 0 0 0 25 5 3 0 0 0 0 0 0 0 21 24 0 0 0 0 0 0 0 0 10 8 1 16 0 0 0 0 0 0 0 0 0 0 0 0 0 0 5 0 40 12 24 45 8 0 0 0 0 0 0 0 0 0 0 0 0 0 0 0 0 0 0 0 0 0 0 0 0 0 0 0 0 0 0 0 0 0 0 0 0 0 0 0 0 0 0 0 0 0 0 0 0 0 0 0 0 0 0
0 0 0 0 0 0 0 0 0 0 0 0 0 0 0 0 0 0 0 0 0 2 0 2 3 0 0 0 0 4 0 0 0 0 0 0 0 2 0 0 0 0 0 0 0 0 0 0 0 1 1 43 42 1 2 2 0 0 0 0 1 29 100 5 0 0 0 0 0 0 0 0 11 0 15 0 0 0 0 0 0 0 0 0 0 0 0 0 0 2 12 6 0 39 37 6 0 0 0 0 0 0 0 0 0 0 0 0 0 0 0 0 0 0 0 0 0 0 0 0 0 0 0 0 0 0 0 0 0 0 0 0 0 0 0 0 0 0 0 0 0 0 0 0 0 0 0 0 0 0
0 0 0 0 0 0 0 0 0 0 0 0 5 0 0 0 0 1 0 0 0 0 0 0 0 0 0 0 2 0 2 0 0 0 0 0 0 0 0 0 1 0 0 0 0 0 0 0 0 4 18 63 217 6 22 1 0 1 0 0 0 14 0 0 0 0 0 0 0 0 0 0 0 8 0 0 0 0 0 0 0 0 0 0 0 0 0 0 0 0 1 0 20 24 12 5 0 0 3 0 0 0 0 0 0 0 0 0 0 0 0 0 0 0 0 0 0 0 0 0 0 0 0 0 0 0 0 0 0 0 0 0 0 0 0 0 0 0 0 0 0 0 0 0 0 0 0 0 0 0
0 0 0 0 0 0 0 0 1 0 0 0 8 2 1 3 1 6 4 2 0 16 0 0 4 3 1 0 0 0 0 0 1 0 0 0 0 0 1 0 0 0 0 0 0 0 0 0 5 15 0 22 212 5 11 4 2 0 0 0 1 15 8 0 0 0 0 0 0 0 0 0 0 0 0 0 0 0 0 0 0 0 0 0 0 0 0 0 0 0 0 1 8 11 8 4 9 5 0 12 0 0 0 0 0 0 0 0 0 0 0 0 0 0 0 0 0 0 0 0 0 0 0 0 0 0 0 0 0 0 0 0 0 0 0 0 0 0 0 0 0 0 0 0 0 0 0 0 0 0
0 0 0 0 0 0 0 0 1 8 0 0 0 3 6 0 2 0 0 0 0 0 0 3 0 1 0 0 0 0 0 0 0 0 0 3 0 1 0 0 1 0 0 0 0 0 0 2 0 4 0 10 19 0 0 1 0 0 0 3 20 5 0 1 0 0 0 0 0 0 0 0 0 0 0 0 0 0 0 0 0 0 0 0 0 0 0 0 0 0 0 0 0 2 0 1 28 0 2 0 0 0 0 0 0 0 0 0 0 0 0 0 0 0 0 0 0 0 0 0 0 0 0 0 0 0 0 0 0 0 0 0 0 0 0 0 0 0 0 0 0 0 0 0 0 0 0 0 0 0
4 0 6 0 0 0 0 0 0 0 3 11 0 0 0 2 0 0 0 0 0 0 0 0 3 0 0 0 0 0 3 0 7 3 7 0 0 0 0 0 0 0 0 0 0 0 12 11 0 0 0 0 0 0 0 0 0 0 0 3 7 0 0 0 0 0 0 0 0 0 0 0 0 0 0 0 0 0 0 0 0 0 0 0 0 0 0 0 0 0 0 0 0 2 0 9 13 30 0 0 0 0 0 0 0 0 0 0 0 0 0 0 0 0 0 0 0 0 0 0 0 0 0 0 0 0 0 0 0 0 0 0 0 0 0 0 0 0 0 0 0 0 0 0 7 22 0 0 0 0
3 0 0 0 0 0 0 0 0 0 0 2 0 0 0 0 3 0 0 4 0 4 0 0 1 0 0 0 0 0 0 0 0 0 0 0 0 0 0 0 0 0 0 0 0 13 1 0 0 0 0 0 0 0 0 0 0 0 0 0 0 0 0 0 0 0 0 0 0 0 0 5 2 0 0 0 0 0 0 0 0 0 0 0 0 0 0 0 0 0 0 0 1 0 1 4 14 8 0 4 9 0 0 0 0 0 0 0 0 0 0 0 0 0 0 0 0 0 0 0 0 0 0 0 0 0 0 0 0 0 0 0 0 0 0 0 0 0 0 0 0 0 0 0 0 0 0 0 0 0
0 0 0 0 1 0 0 0 0 0 0 4 0 0 0 0 0 0 0 1 0 0 0 0 0 0 0 0 1 0 0 0 0 0 0 0 0 0 0 0 0 0 0 0 1 0 0 0 0 0 0 0 0 0 0 0 0 0 0 0 4 0 0 0 0 0 0 0 0 0 1 4 0 0 0 0 0 0 0 0 0 0 0 0 0 0 0 0 0 0 0 0 0 0 8 0 0 0 0 0 0 1 0 0 0 0 0 0 0 0 0 0 0 0 0 0 0 0 0 0 0 0 0 0 0 0 0 0 0 0 0 0 0 0 0 0 0 0 0 0 0 0 0 0 0 0 0 0 0 0
0 0 0 0 0 0 0 0 0 0 9 5 4 0 0 6 7 0 0 0 0 0 0 0 0 0 0 0 0 0 0 0 0 0 0 0 0 0 0 0 0 0 0 1 2 0 0 0 0 0 0 0 0 0 0 0 0 0 0 2 4 0 0 0 0 0 0 0 0 0 3 0 0 0 0 0 0 0 0 0 0 0 0 0 0 0 0 0 0 0 0 1 0 0 1 3 10 0 0 0 0 0 0 0 0 0 0 0 0 0 0 0 0 0 0 0 0 0 0 0 0 0 0 0 0 0 0 0 0 0 0 0 0 0 0 0 0 0 0 0 0 0 0 0 0 0 0 0 0 0
1 0 0 0 0 0 2 0 0 1 0 2 5 0 0 8 5 1 0 0 0 0 0 0 0 0 0 0 0 0 0 0 0 0 0 0 0 0 0 0 0 0 0 1 0 0 0 2 0 0 0 0 0 0 0 0 0 0 0 25 3 0 0 0 0 0 0 0 104 0 0 0 0 0 0 0 0 0 0 0 0 0 0 0 0 0 0 0 0 0 0 1 0 0 0 0 4 0 2 30 0 0 0 0 0 0 0 0 0 0 0 0 0 0 0 0 0 0 0 0 0 0 0 0 0 0 0 0 0 0 0 0 0 0 0 0 0 0 0 0 0 0 0 0 0 0 0 0 0 0
0 1 0 0 1 0 0 0 0 2 0 0 2 2 0 0 1 12 9 0 0 0 0 0 0 0 0 0 0 0 0 0 0 0 0 1 4 0 2 2 0 0 3 5 0 0 0 0 0 0 0 0 0 0 0 0 0 0 0 0 2 6 6 0 3 0 0 3 253 106 1 0 0 0 0 0 0 0 0 0 0 0 0 0 0 0 0 0 0 0 0 0 0 0 0 0 0 0 0 0 0 0 0 0 0 0 0 0 0 0 0 0 0 0 0 0 0 0 0 0 0 0 0 0 0 0 0 0 0 0 0 0 0 0 0 0 0 0 0 0 0 0 0 0 0 0 0 0 0 0
2 0 1 2 1 0 0 0 0 0 2 1 76 12 0 9 16 2 9 16 0 0 0 22 11 2 0 0 0 1 0 3 0 0 7 0 9 10 4 9 0 1 12 0 0 0 0 0 0 0 0 0 0 0 0 0 0 0 0 0 0 0 0 1 166 106 18 0 0 0 0 0 0 0 0 0 0 0 0 0 0 0 0 0 0 0 0 0 0 0 0 0 0 0 0 0 0 0 0 0 0 0 0 0 0 0 0 0 0 0 0 0 0 0 0 0 0 0 0 0 0 0 0 0 0 0 0 0 0 0 0 0 0 0 0 0 0 0 0 0 0 0 0 0 0 0 0 0 0 0
13 53 3 1 0 0 0 0 0 0 2 3 7 0 0 0 3 0 1 20 19 106 61 28 3 0 0 0 0 0 0 0 0 5 0 8 47 1 0 3 0 1 0 0 0 0 0 0 0 0 0 0 0 0 0 0 0 0 0 0 0 0 0 0 0 2 0 0 0 0 0 0 0 0 0 0 0 0 0 0 0 0 0 0 0 0 0 0 0 0 0 0 0 0 0 0 0 0 0 0 0 0 0 0 0 0 0 0 0 0 0 0 0 0 0 0 0 0 0 0 0 0 0 0 0 0 0 0 0 0 0 0 0 0 0 0 0 0 0 0 0 0 0 0 0 0 0 0 0 0
53 11 21 0 0 4 0 0 0 0 0 0 3 0 0 0 8 2 0 3 1 57 27 4 13 3 0 0 4 22 4 0 0 0 0 0 0 2 0 0 9 4 0 0 0 0 0 0 0 0 0 0 0 0 0 0 0 0 0 0 0 0 0 0 10 0 0 0 0 0 0 0 0 0 0 0 0 0 0 0 0 0 0 0 0 0 0 0 0 15 0 0 0 0 0 0 0 0 0 0 0 0 0 0 0 0 0 0 0 0 0 0 0 0 0 0 0 0 0 0 0 0 0 0 0 0 0 0 0 0 0 0 0 0 0 0 0 0 0 0 0 0 0 0 0 0 0 0 0 0
0 0 0 1 0 0 0 0 0 0 0 0 3 0 0 0 1 6 1 7 0 4 6 27 2 18 19 3 2 1 0 0 0 0 2 0 1 2 0 1 0 0 0 0 0 0 0 0 0 0 0 0 0 0 0 0 0 0 0 0 0 0 0 0 0 0 0 0 0 0 0 0 0 0 0 0 0 0 0 0 0 0 0 0 0 0 0 0 0 0 0 0 0 0 0 0 0 0 0 0 0 0 0 0 0 0 0 0 0 0 0 0 0 0 0 0 0 0 0 0 0 0 0 0 0 0 0 0 0 0 0 0 0 0 0 0 0 0 0 0 0 0 0 0 0 0 0 0 0 0
0 0 2 0 0 0 0 0 0 0 0 0 0 1 0 0 0 1 0 1 0 0 0 8 3 26 9 15 27 2 4 0 0 3 10 0 0 0 0 0 0 0 0 0 0 0 0 0 0 0 0 0 0 0 0 0 0 0 0 0 0 0 0 0 0 0 0 0 0 0 0 0 0 0 0 0 0 0 0 0 0 0 0 0 0 0 0 0 0 0 0 0 0 0 0 0 0 0 0 0 0 0 0 0 0 0 0 0 0 0 0 0 0 0 0 0 0 0 0 0 0 0 0 0 0 0 0 0 0 0 0 0 0 0 0 0 0 0 0 0 0 0 0 0 0 0 0 0 0 0
0 0 0 0 0 0 0 0 0 0 0 0 0 0 0 0 0 0 0 0 0 0 0 0 1 0 4 3 273 85 4 7 3 25 0 0 6 0 0 0 0 0 0 0 0 0 0 0 0 0 0 0 0 0 0 0 0 0 0 0 0 0 0 0 0 0 0 0 0 0 0 0 0 0 0 0 0 0 0 0 0 0 0 0 0 0 0 0 0 0 0 0 0 0 0 0 0 0 0 0 0 0 0 0 0 0 0 0 0 0 0 0 0 0 0 0 0 0 0 0 0 0 0 0 0 0 0 0 0 0 0 0 0 0 0 0 0 0 0 0 0 0 0 0 0 0 0 0 0 0
0 0 0 0 0 0 0 0 0 0 0 0 0 0 0 0 0 0 0 0 0 0 0 0 0 6 1 9 0 1 11 0 31 29 0 0 5 0 0 0 0 0 0 0 0 0 0 0 0 0 0 0 0 0 0 0 0 0 0 0 0 0 0 0 0 0 0 0 0 0 0 0 0 0 0 0 0 0 0 0 0 0 0 0 0 0 0 0 0 0 0 0 0 0 0 0 0 0 0 0 0 0 0 0 0 0 0 0 0 0 0 0 0 0 0 0 0 0 0 0 0 0 0 0 0 0 0 0 0 0 0 0 0 0 0 0 0 0 0 0 0 0 0 0 0 0 0 0 0 0
0 0 0 0 0 0 0 1 0 0 0 1 0 0 0 0 0 0 0 0 0 0 0 0 10 1 6 0 0 0 19 4 4 2 3 4 2 5 0 0 0 0 0 0 0 0 0 0 0 0 0 0 0 0 0 0 0 0 0 0 0 0 0 0 0 0 0 0 0 0 0 0 0 0 0 0 0 0 0 0 0 0 0 0 0 0 0 0 0 0 0 0 0 0 0 0 0 0 0 0 0 0 0 0 0 0 0 0 0 0 0 0 0 0 0 0 0 0 0 0 0 0 0 0 0 0 0 0 0 0 0 0 0 0 0 0 0 0 0 0 0 0 0 0 0 0 0 0 0 0
0 0 0 0 0 0 0 0 1 0 0 0 1 6 0 0 0 0 0 0 0 0 0 0 0 0 0 0 0 0 0 0 13 0 0 0 1 0 0 0 0 0 0 0 0 0 0 0 0 0 0 0 0 0 0 0 0 0 0 0 0 0 0 0 0 0 0 0 0 0 0 0 0 0 0 0 0 0 0 0 0 0 0 0 0 0 0 0 0 0 0 0 0 0 0 0 0 0 0 0 0 0 0 0 0 0 0 0 0 0 0 0 0 0 0 0 0 0 0 0 0 0 0 0 0 0 0 0 0 0 0 0 0 0 0 0 0 0 0 0 0 0 0 0 0 0 0 0 0 0
0 0 0 0 0 0 0 0 0 0 0 1 3 1 0 0 0 0 0 0 0 0 0 0 0 0 0 35 2 3 10 0 0 0 0 0 0 0 1 0 0 0 0 0 0 0 0 0 0 0 0 0 0 0 0 0 0 0 0 0 0 0 0 0 0 0 0 0 0 0 0 0 0 0 0 0 0 0 0 0 0 0 0 0 0 0 0 0 0 0 0 0 0 0 0 0 0 0 0 0 0 0 0 0 0 0 0 0 0 0 0 0 0 0 0 0 0 0 0 0 0 0 0 0 0 0 0 0 0 0 0 0 0 0 0 0 0 0 0 0 0 0 0 0 0 0 0 0 0 0
0 0 0 0 0 0 0 0 0 0 0 0 0 0 0 0 0 0 0 0 0 0 0 0 0 0 0 3 5 0 0 0 0 23 7 0 0 0 0 0 0 0 0 0 0 0 0 0 0 0 0 0 0 0 0 0 0 0 0 0 0 0 0 0 0 0 0 0 0 0 0 0 0 0 0 0 0 0 0 0 0 0 0 0 0 0 0 0 0 0 0 0 0 0 0 0 0 0 0 0 0 0 0 0 0 0 0 0 0 0 0 0 0 0 0 0 0 0 0 0 0 0 0 0 0 0 0 0 0 0 0 0 0 0 0 0 0 0 0 0 0 0 0 0 0 0 0 0 0 0
0 0 0 0 0 0 0 0 0 0 2 3 0 0 0 0 0 0 0 0 0 0 0 0 0 0 0 0 0 0 0 0 1 0 0 0 0 0 0 0 0 0 0 0 0 0 0 0 0 0 0 0 0 0 0 0 0 0 0 0 0 0 0 0 0 0 0 0 0 0 0 0 0 0 0 0 0 0 0 0 0 0 0 0 0 0 0 0 0 0 0 0 0 0 0 0 0 0 0 0 0 0 0 0 0 0 0 0 0 0 0 0 0 0 0 0 0 0 0 0 0 0 0 0 0 0 0 0 0 0 0 0 0 0 0 0 0 0 0 0 0 0 0 0 0 0 0 0 0 0
0 0 0 0 0 0 0 0 0 0 0 0 0 0 0 0 0 0 0 0 0 0 0 0 0 0 0 0 0 0 0 0 0 0 0 0 0 0 0 0 0 0 0 0 0 0 0 0 0 0 0 0 0 0 0 0 0 0 0 0 0 0 0 0 0 0 0 0 0 0 0 0 0 0 0 0 0 0 0 0 0 0 0 0 0 0 0 0 0 0 0 0 0 0 0 0 0 0 0 0 0 0 0 0 0 0 0 0 0 0 0 0 0 0 0 0 0 0 0 0 0 0 0 0 0 0 0 0 0 0 0 0 0 0 0 0 0 0 0 0 0 0 0 0 0 0 0 0 0 0
0 0 0 0 0 0 0 0 0 0 7 0 0 0 0 0 0 0 0 0 0 0 0 0 0 0 0 0 0 0 0 0 0 0 0 0 0 0 0 0 0 0 0 0 0 0 0 0 0 0 0 17 0 0 0 0 0 0 0 0 0 0 0 0 0 0 0 0 0 0 0 0 0 0 0 0 0 0 0 0 0 0 0 0 0 0 0 0 0 0 0 0 0 0 0 0 0 0 0 0 0 0 0 0 0 0 0 0 0 0 0 0 0 0 0 0 0 0 0 0 0 0 0 0 0 0 0 0 0 0 0 0 0 0 0 0 0 0 0 0 0 0 0 0 0 0 0 0 0 0
0 0 0 1 0 0 0 0 18 27 0 0 0 0 0 0 0 0 0 0 0 0 0 0 0 0 0 0 0 0 0 0 0 0 0 0 0 0 0 0 0 0 0 0 0 0 0 0 0 0 1 0 0 0 0 0 0 0 0 0 0 0 0 0 0 0 0 0 0 0 0 0 0 0 0 0 0 0 0 0 0 0 0 0 0 0 0 0 0 0 0 0 0 0 0 0 0 0 0 0 0 0 0 0 0 0 0 0 0 0 0 0 0 0 0 0 0 0 0 0 0 0 0 0 0 0 0 0 0 0 0 0 0 0 0 0 0 0 0 0 0 0 0 0 0 0 0 0 0 0
0 0 0 0 0 1 15 11 10 1 0 0 0 0 0 0 0 0 0 0 0 0 0 0 0 0 0 0 0 0 0 0 0 0 0 0 0 0 0 0 0 0 0 0 0 0 0 0 0 26 55 0 0 0 0 0 0 0 0 0 0 0 0 0 0 0 0 0 0 0 0 0 0 0 0 0 0 0 0 0 0 0 0 0 0 0 0 0 0 0 0 0 0 0 0 0 0 0 0 0 0 0 0 0 0 0 0 0 0 0 0 0 0 0 0 0 0 0 0 0 0 0 0 0 0 0 0 0 0 0 0 0 0 0 0 0 0 0 0 0 0 0 0 0 0 0 0 0 0 0
0 0 0 0 0 0 3 25 0 0 0 0 0 0 0 0 0 0 0 0 0 0 0 0 0 0 0 0 0 0 0 0 0 0 0 0 0 0 0 0 0 0 0 0 0 0 0 0 0 0 0 0 0 0 0 0 0 0 0 0 0 0 0 0 0 0 0 0 0 0 0 0 0 0 0 0 0 0 0 0 0 0 0 0 0 0 0 0 0 0 0 0 0 0 0 0 0 0 0 0 0 0 0 0 0 0 0 0 0 0 0 0 0 0 0 0 0 0 0 0 0 0 0 0 0 0 0 0 0 0 0 0 0 0 0 0 0 0 0 0 0 0 0 0 0 0 0 0 0 0
0 0 0 0 0 0 0 0 0 0 0 0 0 0 0 0 0 0 0 0 0 0 0 0 0 0 0 0 0 0 0 0 0 0 0 0 0 0 0 0 0 0 0 0 0 0 0 0 0 0 0 0 2 16 0 0 0 0 0 0 0 0 0 0 0 0 0 0 0 0 0 0 0 0 0 0 0 0 0 0 0 0 0 0 0 0 0 0 0 0 0 0 0 0 0 0 0 0 0 0 0 0 0 0 0 0 0 0 0 0 0 0 0 0 0 0 0 0 0 0 0 0 0 0 0 0 0 0 0 0 0 0 0 0 0 0 0 0 0 0 0 0 0 0 0 0 0 0 0 0
0 0 0 0 0 0 0 0 0 0 0 0 0 0 0 0 0 0 0 0 0 0 0 0 0 0 0 0 0 0 0 0 0 0 0 0 0 0 0 0 0 0 0 0 0 0 0 0 0 0 0 0 4 1 0 0 0 0 0 0 0 0 0 0 0 0 0 0 0 0 0 0 0 0 0 0 0 0 0 0 0 0 0 0 0 0 0 0 0 0 0 0 0 0 0 0 0 0 0 0 0 0 0 0 0 0 0 0 0 0 0 0 0 0 0 0 0 0 0 0 0 0 0 0 0 0 0 0 0 0 0 0 0 0 0 0 0 0 0 0 0 0 0 0 0 0 0 0 0 0
0 0 0 0 0 0 0 0 0 0 0 0 0 0 0 0 0 0 0 0 0 0 0 0 0 0 0 0 0 0 0 0 0 0 0 0 0 1 0 0 0 0 0 0 0 0 0 0 0 0 0 6 0 0 0 0 0 0 0 0 0 0 0 0 0 0 0 0 0 0 0 0 0 0 0 0 0 0 0 0 0 0 0 0 0 0 0 0 0 0 0 0 0 0 0 0 0 0 0 0 0 0 0 0 0 0 0 0 0 0 0 0 0 0 0 0 0 0 0 0 0 0 0 0 0 0 0 0 0 0 0 0 0 0 0 0 0 0 0 0 0 0 0 0 0 0 0 0 0 0
0 0 0 0 0 0 0 0 0 0 0 0 0 0 0 0 0 0 0 0 0 0 0 0 0 0 0 0 0 0 0 0 3 0 0 0 0 0 0 0 0 0 0 0 0 0 0 0 0 0 0 0 5 0 0 0 0 0 0 0 0 0 0 0 0 0 0 0 0 0 0 0 0 0 0 0 0 0 0 0 0 0 0 0 0 0 0 0 0 0 0 0 0 0 0 0 0 0 0 0 0 0 0 0 0 0 0 0 0 0 0 0 0 0 0 0 0 0 0 0 0 0 0 0 0 0 0 0 0 0 0 0 0 0 0 0 0 0 0 0 0 0 0 0 0 0 0 0 0 0
0 0 0 0 0 0 0 0 0 0 0 0 0 0 0 0 0 0 0 0 0 0 0 0 0 0 0 0 0 0 4 0 0 1 7 0 0 0 0 0 0 0 0 0 0 0 0 0 0 0 0 0 0 7 0 0 0 0 0 0 0 0 0 0 0 0 0 0 0 0 0 0 0 0 0 0 0 0 0 0 0 0 0 0 0 0 0 0 0 0 0 0 0 0 0 0 0 0 0 0 0 0 0 0 0 0 0 0 0 0 0 0 0 0 0 0 0 0 0 0 0 0 0 0 0 0 0 0 0 0 0 0 0 0 0 0 0 0 0 0 0 0 0 0 0 0 0 0 0 0
0 0 0 0 0 0 0 0 0 0 0 0 0 0 0 0 0 0 0 0 0 0 0 0 0 0 0 0 0 0 5 17 1 1 0 0 0 0 0 0 0 0 0 0 0 0 0 0 0 0 0 0 0 0 0 0 0 0 0 0 0 0 0 0 0 0 0 0 0 0 0 0 0 0 0 0 0 0 0 0 0 0 0 0 0 0 0 0 0 0 0 0 0 0 0 0 0 0 0 0 0 0 0 0 0 0 0 0 0 0 0 0 0 0 0 0 0 0 0 0 0 0 0 0 0 0 0 0 0 0 0 0 0 0 0 0 0 0 0 0 0 0 0 0 0 0 0 0 0 0
0 0 0 0 0 0 0 0 0 0 0 0 0 0 0 0 0 0 0 0 0 0 0 0 0 0 0 0 0 0 14 7 0 0 0 0 1 0 0 0 0 0 0 0 0 0 0 0 0 0 0 0 0 0 0 0 0 0 0 0 0 0 0 0 0 0 0 0 0 0 0 0 0 0 0 0 0 0 0 0 0 0 0 0 0 0 0 0 0 0 0 0 0 0 0 0 0 0 0 0 0 0 0 0 0 0 0 0 0 0 0 0 0 0 0 0 0 0 0 0 0 0 0 0 0 0 0 0 0 0 0 0 0 0 0 0 0 0 0 0 0 0 0 0 0 0 0 0 0 0
0 0 0 0 0 0 0 0 0 0 0 0 0 0 0 0 0 0 0 0 0 0 0 0 0 0 1 0 0 2 0 0 0 0 0 0 0 0 0 0 0 0 0 0 0 0 0 0 0 0 0 0 0 0 0 0 0 0 0 0 0 0 0 0 0 0 0 0 0 0 0 0 0 0 0 0 0 0 0 0 0 0 0 0 0 0 0 0 0 0 0 0 0 0 0 0 0 0 0 0 0 0 0 0 0 0 0 0 0 0 0 0 0 0 0 0 0 0 0 0 0 0 0 0 0 0 0 0 0 0 0 0 0 0 0 0 0 0 0 0 0 0 0 0 0 0 0 0 0 0
0 0 0 0 0 0 0 0 0 0 0 0 0 0 0 0 0 0 0 0 0 0 0 0 0 0 0 0 0 65 21 0 0 0 0 0 0 0 0 0 0 0 0 0 0 0 0 0 0 0 0 0 0 0 0 0 0 0 0 0 0 0 0 0 0 0 0 0 0 0 0 0 0 0 0 0 0 0 0 0 0 0 0 0 0 0 0 0 0 0 0 0 0 0 0 0 0 0 0 0 0 0 0 0 0 0 0 0 0 0 0 0 0 0 0 0 0 0 0 0 0 0 0 0 0 0 0 0 0 0 0 0 0 0 0 0 0 0 0 0 0 0 0 0 0 0 0 0 1 0
0 0 0 0 0 0 0 0 0 0 0 0 0 0 0 0 0 0 0 0 0 0 0 0 0 0 6 0 0 0 0 0 0 0 0 0 0 0 0 0 0 0 0 0 0 0 0 0 1 70 0 0 0 0 0 0 0 0 0 0 0 0 0 0 0 0 0 0 0 0 0 0 0 0 0 0 0 0 0 0 0 0 0 0 0 0 0 0 0 0 0 0 0 0 0 0 0 0 0 0 0 0 0 0 0 0 0 0 0 0 0 0 0 0 0 0 0 0 0 0 0 0 0 0 0 0 0 0 0 0 0 0 0 0 0 0 0 0 0 0 0 0 0 0 0 0 0 0 0 0
0 0 0 0 0 0 0 0 0 0 0 0 0 0 0 0 0 0 0 0 0 0 0 0 0 0 28 0 0 0 0 0 0 0 0 0 0 0 0 0 0 0 0 0 0 0 0 0 2 0 0 0 0 0 0 0 0 0 0 0 0 0 0 0 0 0 0 0 0 0 0 0 0 0 0 0 0 0 0 0 0 0 0 0 0 0 0 0 0 0 0 0 0 0 0 0 0 0 0 0 0 0 0 0 0 0 0 0 0 0 0 0 0 0 0 0 0 0 0 0 0 0 0 0 0 0 0 0 0 0 0 0 0 0 0 0 0 0 0 0 0 0 0 0 0 0 0 0 0 0
0 0 0 0 0 0 0 0 0 0 0 0 0 0 0 0 0 0 0 0 0 0 0 0 0 0 0 1 7 0 0 0 0 0 0 0 0 0 0 0 0 0 0 0 0 0 0 0 0 0 0 0 0 0 0 0 0 0 0 0 0 0 0 0 0 0 0 0 0 0 0 0 0 0 0 0 0 0 0 0 0 0 0 0 0 0 0 0 0 0 0 0 0 0 0 0 0 0 0 0 0 0 0 0 0 0 0 0 0 0 0 0 0 0 0 0 0 0 0 0 0 0 0 0 0 0 0 0 0 0 0 0 0 0 0 0 0 0 0 0 0 0 0 0 0 0 0 0 0 0
0 0 0 0 0 0 0 0 0 0 0 0 0 0 0 0 0 0 0 0 0 0 0 0 0 0 0 0 0 0 0 0 0 0 0 0 0 0 0 0 0 0 0 0 0 0 0 0 0 0 0 0 0 0 0 0 0 0 0 0 0 0 0 0 0 0 0 0 0 0 0 0 0 0 0 0 0 0 0 0 0 0 0 0 0 0 0 0 0 0 0 0 0 0 0 0 0 0 0 0 0 0 0 0 0 0 0 0 0 0 0 0 0 0 0 0 0 0 0 0 0 0 0 0 0 0 0 0 0 0 0 0 0 0 0 0 0 0 0 0 0 0 0 0 0 0 0 0 0 0
0 0 0 0 0 0 0 0 0 0 0 0 0 0 0 0 0 0 0 0 0 0 0 0 0 0 0 0 0 0 0 0 0 0 0 0 0 0 0 0 0 0 0 0 0 0 0 0 0 0 1 0 0 0 0 0 0 0 0 0 0 0 0 0 0 0 0 0 0 0 0 0 0 0 0 0 0 0 0 0 0 0 0 0 0 0 0 0 0 0 0 0 0 0 0 0 0 0 0 0 0 0 0 0 0 0 0 0 0 0 0 0 0 0 0 0 0 0 0 0 0 0 0 0 0 0 0 0 0 0 0 0 0 0 0 0 0 0 0 0 0 0 0 0 0 0 0 0 0 0
0 0 0 0 0 0 0 0 0 0 0 0 0 0 0 0 0 0 0 0 0 0 0 0 0 0 0 0 0 0 0 0 0 0 0 0 0 0 0 0 0 0 0 0 0 0 0 0 0 0 0 0 0 0 0 0 0 0 0 0 0 0 0 0 0 0 0 0 0 0 0 0 0 0 0 0 0 0 0 0 0 0 0 0 0 0 0 0 0 0 0 0 0 0 0 0 0 0 0 0 0 0 0 0 0 0 0 0 0 0 0 0 0 0 0 0 0 0 0 0 0 0 0 0 0 0 0 0 0 0 0 0 0 0 0 0 0 0 0 0 0 0 0 0 0 0 0 0 0 0
0 0 0 0 0 0 0 0 0 0 0 0 0 0 0 0 0 0 0 0 0 0 0 0 0 0 0 0 0 0 0 0 0 0 0 0 0 0 0 0 0 0 0 0 0 0 0 0 0 0 0 0 0 0 0 0 0 0 0 0 0 0 0 0 0 0 0 0 0 0 0 0 0 0 0 0 0 0 0 0 0 0 0 0 0 0 0 0 0 0 0 0 0 0 0 0 0 0 0 0 0 0 0 0 0 0 0 0 0 0 0 0 0 0 0 0 0 0 0 0 0 0 0 0 0 0 0 0 0 0 0 0 0 0 0 0 0 0 0 0 0 0 0 0 0 0 0 0 0 0
0 0 0 0 0 0 0 0 0 0 0 0 0 0 0 0 0 0 0 0 0 0 0 0 0 0 0 0 0 0 0 0 0 0 0 0 0 0 0 0 0 0 0 0 0 0 0 0 0 0 0 0 0 0 0 0 0 0 0 0 0 0 0 0 0 0 0 0 0 0 0 0 0 0 0 0 0 0 0 0 0 0 0 0 0 0 0 0 0 0 0 0 0 0 0 0 0 0 0 0 0 0 0 0 0 0 0 0 0 0 0 0 0 0 0 0 0 0 0 0 0 0 0 0 0 0 0 0 0 0 0 0 0 0 0 0 0 0 0 0 0 0 0 0 0 0 0 0 0 0
