0 0 24 4 0 0 0 0 25 130 4 12 0 9 0 0 0 3 4 0 2 11 1 0 0 24 0 1 0 0 0 0 1 1 10 5 0 0 1 17 0 0 0 1 7 0 0 0 0 0 0 0 0 0 1 0 0 0 0 5 75 19 6 9 0 19 6 0 0 0 1 16 22 95 115 258 199 74 54 19 21 130 65 62 84 241 199 125 70 216 833 721 105 482 382 575 1017 783 747 191 213 108 11 66 15 66 61 386 238 15 6 4 20 85 74 33 24 43 7 4 8 67 13 4 4 13 0 4 25 15 2 38 7 17 3 0 1 6 0 0 17 0 0 0 0 0 0 1 3 26
0 2 12 13 0 0 0 0 0 33 5 23 8 2 0 1 0 3 16 0 0 3 40 1 11 21 1 7 0 0 0 0 0 0 0 0 0 0 8 0 0 0 0 0 0 0 0 0 0 0 0 0 0 7 8 0 0 0 0 25 76 16 17 11 22 1 0 1 4 0 0 7 69 62 20 3 30 86 17 79 51 59 8 18 96 233 260 117 287 315 81 48 370 329 548 556 950 496 815 769 311 86 20 42 18 2 3 28 33 17 23 14 0 12 50 15 8 56 0 15 1 14 10 10 46 2 5 12 45 36 16 9 209 55 1 0 0 0 7 88 11 0 0 0 0 1 0 0 0 0
1 0 0 2 10 0 0 0 1 8 6 3 19 4 0 0 0 2 1 0 3 33 87 19 14 0 0 8 0 0 0 0 0 1 0 7 3 3 0 7 4 0 0 1 0 0 0 0 0 0 0 0 0 0 13 1 0 0 1 10 12 6 3 19 0 0 0 0 0 1 0 3 1 0 6 1 6 63 145 163 283 83 37 55 30 151 659 174 7 6 111 27 143 706 922 460 298 277 258 351 615 319 40 50 33 122 4 12 294 227 38 14 1 9 12 11 25 173 22 27 58 20 16 4 8 14 2 7 5 11 6 2 48 128 1 0 4 0 15 60 5 2 0 0 0 0 0 0 0 0
48 2 1 1 0 0 0 0 0 5 1 0 0 0 0 4 1 0 13 2 0 0 6 6 10 0 1 6 15 0 3 0 0 0 0 2 0 2 0 8 10 0 1 0 0 0 0 0 0 0 2 0 2 0 80 35 4 21 24 5 0 0 9 18 1 0 0 0 0 0 10 94 24 1 4 41 11 94 241 544 123 91 110 413 125 26 55 145 12 164 1103 1047 1667 700 734 652 484 204 541 477 424 629 101 18 55 127 34 18 298 91 16 17 66 7 0 22 12 130 56 85 53 79 25 8 1 9 1 0 14 1 5 5 20 0 29 4 11 0 0 15 57 6 0 0 0 0 0 0 0 0
1 18 0 0 0 0 0 0 2 8 1 0 0 0 0 17 14 2 0 0 0 0 1 0 7 1 4 2 0 3 3 0 2 0 0 25 3 0 2 0 2 0 0 0 0 0 0 0 0 3 2 0 0 1 75 224 32 51 3 0 1 1 0 26 0 0 0 0 0 10 113 73 99 118 40 75 73 188 299 286 401 317 247 277 250 160 80 163 26 299 1004 1671 472 822 353 239 96 548 428 617 516 984 525 468 778 241 69 24 11 5 20 37 22 39 13 2 9 67 175 76 291 734 151 10 7 0 3 2 5 15 1 0 0 0 3 1 0 3 0 2 31 10 0 0 0 0 0 0 0 0
13 7 0 0 0 0 0 0 2 0 2 0 0 0 0 3 1 0 18 68 1 8 0 0 0 0 0 0 4 4 0 8 0 0 4 103 44 25 0 0 0 0 6 0 0 0 0 0 0 7 68 9 0 3 6 44 31 10 15 6 0 0 21 3 0 0 0 0 2 82 77 181 111 251 122 73 34 36 70 439 1328 933 547 74 1 108 95 40 17 247 1440 1243 178 581 789 418 124 1305 488 489 446 554 971 446 60 250 19 98 9 3 0 3 6 47 8 14 41 1 1 14 178 186 2 20 0 6 2 5 7 1 6 1 0 0 0 0 9 0 1 0 2 5 0 0 0 0 0 0 0 0
0 0 0 0 0 0 0 0 1 10 4 0 0 2 2 0 0 0 0 0 0 1 5 0 0 0 0 0 0 2 4 4 0 5 0 11 1 1 1 0 0 0 0 0 0 0 0 0 0 1 0 3 7 2 3 38 12 3 47 18 13 16 4 0 7 0 0 0 5 69 36 79 173 354 272 165 320 154 502 672 1290 1486 832 993 198 44 11 133 53 115 1139 1654 196 535 795 469 323 552 414 74 48 271 145 259 70 126 167 70 52 41 39 273 170 44 36 64 3 3 31 20 131 88 6 0 6 4 5 1 0 0 5 0 0 0 0 0 0 70 0 0 0 0 0 0 0 0 0 0 0 0
3 0 0 2 0 0 0 0 0 6 6 0 0 0 0 0 0 0 0 0 0 0 0 0 0 0 0 0 0 2 10 0 0 0 7 1 1 0 6 16 0 0 0 0 0 0 0 0 0 0 0 0 3 14 6 18 0 26 45 65 69 67 76 5 21 26 0 0 9 65 12 8 32 45 101 73 90 176 634 924 1272 883 1032 217 150 128 144 628 306 63 517 111 106 678 552 415 337 477 681 363 181 339 351 623 185 148 21 63 109 31 240 359 117 60 27 90 4 3 4 36 33 3 7 4 13 4 22 1 3 0 0 0 0 1 0 0 0 0 0 0 0 0 0 0 0 0 0 0 0 0
12 1 0 0 0 0 0 0 4 5 0 1 3 8 6 0 0 0 0 0 0 0 0 0 0 0 0 0 0 0 4 0 0 0 2 0 0 2 2 4 0 0 0 0 0 0 1 0 0 3 0 0 1 10 1 0 0 6 6 68 325 238 26 11 12 23 11 16 7 52 5 1 4 7 4 27 30 51 175 465 1100 1534 746 29 18 24 666 341 237 85 11 42 434 862 1061 1099 155 405 371 386 286 180 98 260 657 146 285 251 80 45 1044 263 234 34 85 13 2 6 4 11 13 0 17 36 8 2 0 2 0 2 6 0 0 0 0 0 0 1 0 0 0 0 0 0 0 0 0 0 0 0
0 0 0 0 0 0 0 1 10 16 0 0 0 3 0 0 0 0 0 0 0 0 0 0 0 0 0 0 0 0 0 2 0 0 1 0 0 1 2 1 1 0 0 0 0 0 4 1 9 3 8 0 18 5 0 1 1 1 0 43 26 101 47 7 1 1 0 1 1 21 0 0 0 2 0 18 28 115 311 694 1220 1034 650 427 851 566 269 230 331 260 81 5 29 483 960 1100 567 234 85 16 64 124 20 5 128 443 295 257 69 19 581 847 502 54 12 202 226 450 154 79 76 21 52 43 49 5 17 0 3 6 59 18 0 0 2 0 0 0 0 0 0 0 0 0 0 0 0 0 0 3
0 0 8 0 0 0 3 0 2 4 11 14 0 0 1 18 0 2 1 0 0 0 0 0 0 0 0 0 0 0 0 0 0 0 0 0 0 1 2 0 0 5 5 2 1 0 0 8 14 44 18 10 11 5 0 0 1 7 28 34 1 105 4 10 0 1 2 0 1 11 0 0 0 0 8 0 44 83 348 292 459 221 674 244 231 306 222 394 529 360 21 0 5 273 468 551 709 41 22 72 25 18 7 22 192 305 932 444 138 190 484 275 112 55 2 126 393 781 513 300 376 192 296 94 100 258 124 85 25 58 11 110 25 20 31 0 0 0 0 0 0 0 0 0 0 0 0 0 0 0
2 0 1 0 0 0 0 0 8 5 0 0 0 0 0 1 19 10 2 2 0 0 0 0 0 0 0 0 0 0 0 0 1 2 14 3 1 0 1 1 2 34 30 3 10 2 2 25 0 1 0 0 3 2 19 6 4 1 4 39 1 2 0 1 3 10 5 2 2 0 3 4 0 0 0 2 44 13 423 505 438 210 82 107 151 140 27 21 100 393 50 0 0 4 12 83 897 348 271 20 0 2 12 34 55 33 468 325 45 113 409 274 76 183 59 157 555 217 908 944 386 402 143 147 147 179 1 0 0 46 1 0 57 33 31 4 0 0 0 0 0 0 0 0 0 0 0 0 0 0
4 1 0 0 0 0 2 0 3 1 0 0 0 0 0 0 0 45 7 13 1 1 0 5 0 0 0 0 0 0 0 1 1 0 0 0 2 0 0 0 0 4 43 1 23 0 0 15 0 0 0 0 39 8 10 0 0 0 12 39 4 3 2 0 0 7 0 0 0 7 21 0 0 0 6 56 146 51 385 123 154 259 66 1 34 14 0 1 0 3 0 0 4 34 62 22 666 381 560 540 19 23 45 41 37 29 56 290 719 275 900 904 171 629 418 73 63 82 1342 1086 191 332 93 4 21 83 7 0 34 20 2 0 15 2 4 1 0 0 0 0 0 0 0 0 0 0 0 0 0 0
0 0 1 0 0 0 4 1 0 0 0 0 0 0 0 0 0 0 101 14 15 8 0 0 0 0 0 0 0 1 4 1 0 0 0 0 2 0 0 0 0 2 2 115 33 0 0 0 2 0 0 36 6 0 0 0 0 0 24 0 10 11 1 2 0 0 38 57 34 20 70 0 0 2 6 530 620 702 302 46 75 278 107 10 52 121 10 0 3 18 5 0 4 71 5 33 104 592 158 212 0 119 381 81 280 59 99 492 245 620 1554 1467 1109 249 218 262 273 297 1056 456 156 76 0 3 0 16 19 0 7 4 0 1 4 2 0 0 0 0 0 0 0 0 0 0 0 0 0 0 0 0
0 0 0 0 0 0 2 5 8 3 0 0 0 0 0 0 0 0 6 2 17 0 2 1 2 0 0 0 0 0 0 0 0 0 0 0 0 0 0 0 0 0 0 6 35 0 0 2 1 5 3 49 1 0 4 6 8 1 69 18 87 18 5 26 9 127 119 115 190 124 50 3 2 11 89 634 1773 1031 501 97 2 132 65 5 7 32 31 17 0 21 24 15 5 2 0 6 40 295 130 224 28 48 605 491 1167 1238 1929 1279 1109 1391 883 968 729 550 664 339 205 94 77 163 184 147 36 20 0 8 50 2 19 28 6 0 0 0 0 0 0 0 0 0 0 0 0 0 0 0 0 0 0 0
0 0 0 0 0 0 1 61 208 1 1 0 0 0 0 0 2 0 2 3 0 24 12 2 0 0 0 0 0 8 0 0 0 0 0 0 0 0 0 0 0 0 0 0 0 19 0 0 0 20 75 103 0 2 1 5 44 138 13 87 31 24 8 26 33 31 87 56 62 87 136 103 85 238 407 753 1310 1097 255 44 4 14 0 0 0 0 26 38 4 12 0 6 0 2 3 32 34 8 21 9 15 5 1226 498 572 614 1104 456 717 1129 1666 1018 1079 366 495 359 63 274 153 124 36 6 196 286 49 166 25 3 3 4 0 0 0 0 21 4 0 0 0 0 0 0 0 0 0 0 0 0 0 0
0 0 0 0 0 0 1 5 3 0 0 0 3 0 0 0 12 2 0 1 7 0 27 34 12 7 1 0 1 0 0 0 0 0 0 0 0 1 0 1 0 0 1 0 0 17 10 5 0 24 29 5 4 19 6 66 98 176 355 45 2 4 0 0 1 2 1 0 0 1 6 4 50 157 241 378 474 480 103 0 0 0 4 0 0 0 1 53 104 10 0 0 8 0 8 26 17 0 2 73 23 240 668 850 367 207 392 248 386 633 916 497 882 675 640 183 66 113 188 18 0 2 38 84 32 344 2 11 2 0 0 0 0 0 0 6 0 0 0 0 0 0 0 0 0 0 0 0 0 0
0 1 0 1 2 1 0 1 0 0 0 0 2 0 0 1 0 13 1 2 1 5 3 2 13 3 3 14 0 1 0 0 0 0 0 0 4 1 0 1 0 0 0 0 0 16 56 4 2 40 79 26 13 74 38 45 68 50 370 11 6 1 0 0 0 6 18 55 3 32 80 9 151 21 57 126 48 111 51 12 0 0 6 2 0 0 1 17 85 3 0 33 112 39 80 1 3 0 17 283 120 95 159 95 135 458 234 269 582 362 91 253 133 158 115 71 62 264 22 4 0 3 12 24 132 771 153 28 2 16 0 0 0 0 0 0 0 0 0 0 0 0 0 0 0 0 0 0 0 0
0 0 1 1 2 10 0 0 0 0 0 0 5 1 0 1 1 0 1 2 1 6 12 1 4 0 61 63 17 0 0 0 0 0 0 10 5 0 0 0 0 1 0 10 19 17 16 3 12 256 130 20 29 18 3 35 160 103 47 39 47 33 2 0 1 0 9 3 3 31 64 12 52 9 1 99 204 21 5 28 28 0 6 27 1 9 12 19 8 1 5 208 78 355 12 1 2 124 309 35 99 242 129 65 91 158 160 406 430 1 5 90 11 396 84 2 21 2 0 1 0 0 19 43 84 157 141 196 8 2 0 0 0 0 0 0 0 0 0 0 0 0 0 0 0 0 0 0 0 0
0 0 0 2 1 0 0 0 0 0 0 0 0 1 0 0 3 0 0 3 1 6 100 4 4 3 3 26 148 6 0 3 4 1 0 0 0 0 0 0 0 2 7 36 16 160 85 15 2 214 60 3 1 22 44 18 38 80 2 0 3 3 0 0 0 8 1 0 7 21 66 20 8 0 1 63 5 1 1 16 5 0 0 0 0 18 17 0 3 12 3 21 8 3 1 18 0 14 7 7 700 884 645 267 51 156 96 222 133 4 0 6 2 156 46 0 0 0 0 0 0 0 0 7 17 23 26 90 13 0 0 0 0 0 0 0 0 0 0 0 0 0 0 0 0 0 0 0 0 0
0 0 0 0 0 0 0 0 0 0 0 0 0 3 0 1 0 1 3 2 0 7 16 8 0 7 6 12 0 3 2 4 7 0 2 0 0 0 1 0 9 10 23 9 15 22 32 46 95 503 198 72 33 42 15 3 3 0 0 0 1 4 16 14 158 83 5 1 3 13 100 29 4 0 4 75 180 94 3 31 2 8 4 0 1 0 3 10 28 22 10 3 0 1 1 0 1 1 270 318 1347 708 320 95 3 37 80 158 6 0 0 0 0 10 0 0 0 0 0 0 0 0 3 8 0 0 72 214 0 0 0 0 0 0 0 0 0 0 0 0 0 0 0 0 0 0 0 0 0 0
0 0 0 0 0 0 0 0 0 0 0 0 0 2 1 2 0 0 0 0 0 0 19 4 1 0 0 0 0 0 14 74 24 7 3 0 0 7 0 0 115 30 0 0 1 0 1 17 182 933 275 348 15 0 2 6 0 5 0 0 3 3 1 0 12 19 41 2 34 54 39 21 38 0 4 30 122 93 55 96 31 42 43 46 14 6 11 4 387 57 15 4 1 6 2 25 4 0 82 257 228 77 58 2 23 76 85 52 8 0 0 0 8 87 0 0 0 0 0 0 0 0 0 0 0 43 104 2 0 11 7 0 0 0 0 0 0 0 0 0 0 0 0 0 0 0 0 0 0 0
0 0 0 1 0 0 0 0 0 0 0 0 0 0 4 0 1 0 0 0 0 1 8 0 14 0 0 0 0 0 1 10 39 23 3 0 12 96 20 19 2 0 0 0 0 0 10 42 49 368 242 127 2 0 0 3 2 2 18 4 1 0 0 0 8 1 21 19 0 5 18 34 37 4 3 17 18 13 73 9 3 48 32 0 0 9 24 1 0 2 5 2 1 1 0 1 2 1 0 3 3 2 4 38 78 34 70 50 56 132 46 10 45 0 0 0 0 0 0 0 0 0 0 20 61 148 108 0 0 0 7 1 0 0 0 0 0 0 0 0 0 0 0 0 0 0 0 0 0 0
0 0 2 0 0 0 0 0 0 0 0 0 0 1 3 3 7 1 0 0 2 2 1 2 0 3 0 0 0 2 0 4 7 11 15 11 25 52 26 1 0 0 0 0 12 67 24 47 9 146 161 58 3 9 7 7 8 19 1 0 0 0 0 0 2 0 1 0 0 0 2 1 107 71 3 4 0 0 0 2 0 8 124 119 2 0 2 0 0 0 0 4 0 6 0 2 2 0 3 2 7 0 4 66 58 16 26 6 5 51 0 565 41 0 0 0 0 0 0 0 0 0 6 18 8 17 49 110 0 0 0 0 0 0 0 0 0 0 0 1 0 0 0 0 0 0 0 0 0 0
6 0 0 0 0 0 0 0 0 0 0 0 0 2 0 0 0 1 0 0 2 0 0 0 0 0 0 0 0 0 0 0 6 14 36 0 0 84 0 0 0 0 0 27 17 64 56 1 2 28 83 56 25 9 30 12 1 11 2 1 0 0 0 0 1 0 0 11 12 4 10 3 9 1 39 12 0 0 0 0 0 1 23 91 65 6 0 0 0 1 4 8 0 0 0 0 12 2 0 7 14 9 4 21 427 0 0 5 0 0 0 49 5 0 0 6 34 0 3 0 0 0 2 0 0 18 46 34 1 0 5 0 0 0 0 0 1 0 0 1 0 0 0 0 0 0 0 0 0 0
0 0 0 0 0 0 0 0 0 0 0 0 0 2 10 0 1 1 5 0 0 0 0 0 0 0 2 2 0 0 0 0 12 29 22 3 0 25 1 0 0 0 0 7 82 20 1 2 8 5 52 9 0 7 0 1 1 2 0 0 15 0 0 1 22 10 0 8 6 3 4 26 2 4 0 5 9 9 0 0 0 0 0 7 0 14 4 17 1 10 0 7 2 1 12 1 0 2 7 5 13 11 22 81 214 153 0 5 0 0 0 0 7 8 9 8 0 0 0 1 6 1 0 0 0 93 49 41 1 0 1 0 0 0 0 0 10 30 0 0 0 0 0 0 0 0 0 0 0 0
0 0 0 0 0 0 0 0 0 0 0 0 0 0 6 1 0 1 0 0 1 6 5 5 0 0 0 14 4 1 0 8 1 10 19 4 1 1 2 11 0 1 2 15 112 14 7 0 1 7 26 29 1 1 1 0 0 2 0 0 0 0 0 0 5 0 0 1 9 2 9 5 0 0 0 0 11 1 0 0 0 0 25 4 13 2 8 22 1 0 10 8 2 1 0 5 0 0 0 5 15 26 7 10 58 208 19 4 0 0 0 0 0 13 10 13 0 0 4 1 0 0 0 0 103 257 71 31 0 0 0 0 0 0 9 0 2 14 0 0 0 0 0 0 0 0 0 0 0 0
0 0 0 0 0 0 0 0 0 0 0 0 0 0 10 7 18 23 10 0 10 29 18 3 0 1 0 1 2 5 11 2 0 45 3 0 2 22 7 10 40 74 15 122 134 8 3 0 10 3 2 47 22 10 1 1 0 0 0 0 0 0 1 0 0 0 0 0 10 72 85 17 31 11 0 2 0 4 20 0 0 0 0 0 0 0 0 11 13 2 22 0 9 0 0 0 0 0 0 0 0 11 11 36 24 603 667 16 5 0 0 0 0 0 0 0 7 113 64 1 0 0 0 56 104 56 74 244 159 8 0 0 0 0 0 14 15 2 0 0 0 0 0 0 0 0 0 0 0 0
0 0 0 0 0 2 0 7 0 1 0 1 8 2 7 10 30 89 0 5 2 4 1 0 0 0 0 6 20 5 1 3 12 0 12 23 25 16 74 157 378 670 335 249 104 12 0 0 2 2 0 2 62 21 6 0 0 0 0 0 0 0 0 0 0 0 0 0 0 0 46 79 19 0 6 13 2 14 1 0 0 2 2 0 14 0 0 0 7 11 2 3 10 6 7 10 3 0 0 0 0 5 7 37 179 351 223 359 10 0 0 0 0 0 0 3 182 71 36 0 0 0 18 121 139 123 827 505 57 40 0 14 0 18 0 7 0 0 0 0 0 0 0 0 0 0 0 0 0 0
0 0 0 0 0 0 0 3 7 11 29 38 55 1 0 1 8 8 1 1 1 4 6 32 9 7 10 1 1 0 3 1 0 2 40 22 1 3 294 367 528 1420 616 662 76 4 2 6 9 0 3 3 45 87 15 9 0 0 0 0 0 1 0 0 0 0 0 0 2 0 4 2 2 0 0 0 0 32 33 0 0 1 0 1 22 0 0 0 2 3 0 3 19 22 1 16 1 0 0 1 0 1 5 11 10 39 7 111 30 0 0 0 0 0 66 64 448 189 55 28 8 179 14 112 163 81 462 493 391 290 66 98 39 191 11 2 0 0 0 0 0 0 0 0 0 0 0 0 0 0
0 0 0 0 0 0 1 5 4 5 4 0 13 0 4 12 0 0 6 33 0 17 118 26 0 0 0 0 4 1 5 3 0 1 11 33 35 37 40 108 521 380 449 194 26 5 10 16 12 5 0 1 20 1 5 2 1 0 0 0 0 0 0 0 0 0 0 0 6 0 2 2 0 0 0 1 2 7 3 0 4 10 11 20 24 0 0 1 16 32 2 0 13 19 0 2 3 3 0 10 1 9 2 11 2 2 0 5 82 7 2 3 13 0 71 784 1051 623 155 225 112 105 59 10 4 14 266 499 7 121 49 256 693 47 27 5 0 0 0 0 0 0 0 0 0 0 0 0 0 0
0 0 0 0 1 0 5 13 0 0 11 6 4 0 0 1 2 4 23 21 243 70 7 1 0 0 0 1 14 14 2 4 7 30 24 7 1 16 0 87 383 368 361 113 175 26 10 0 8 21 6 0 32 4 23 5 1 0 0 0 0 0 0 0 0 0 0 0 0 1 0 0 0 0 0 0 0 0 4 0 13 4 35 157 39 0 0 0 0 4 0 2 8 9 0 1 25 4 0 2 2 0 0 0 4 5 1 6 169 117 198 293 91 128 332 909 527 220 46 326 81 130 7 6 104 196 336 120 7 0 34 379 331 98 60 8 0 0 0 0 0 0 0 0 0 0 0 0 0 0
0 0 2 2 0 0 0 5 0 1 1 8 3 13 0 10 13 17 27 16 58 0 0 0 0 0 0 0 1 12 7 16 14 5 2 74 4 4 7 9 36 91 28 7 4 0 0 0 0 3 0 5 35 4 5 6 2 3 7 0 0 0 0 0 0 0 0 0 0 0 0 0 0 0 0 5 3 24 10 3 5 11 15 0 0 0 0 0 0 2 9 0 0 13 2 20 2 1 0 0 6 0 0 0 0 5 1 14 105 42 145 69 159 315 770 406 316 362 120 311 73 17 0 12 19 90 127 0 0 0 58 268 0 0 4 0 0 0 0 0 0 0 0 0 0 0 0 0 0 0
0 0 3 0 0 6 18 8 4 2 7 0 0 4 32 3 4 5 31 40 25 0 0 0 0 0 0 0 0 11 67 2 5 2 5 4 0 0 2 1 16 10 1 1 1 2 0 0 2 3 0 9 249 13 77 61 32 2 0 1 0 0 0 0 0 0 0 0 0 0 0 0 0 0 0 0 2 7 1 2 0 1 3 0 0 0 0 0 7 0 0 0 3 16 7 0 12 1 1 1 6 0 0 7 0 0 5 82 57 5 1 5 100 244 225 357 157 235 149 136 221 2 0 0 0 0 1 0 0 0 3 111 30 0 0 0 0 0 0 0 0 0 0 0 0 0 0 0 0 0
0 0 0 0 0 0 8 31 2 4 4 0 7 37 10 13 25 9 12 1 1 7 3 0 0 1 0 57 28 15 27 50 11 0 0 2 4 5 2 1 16 39 2 6 0 0 0 0 0 0 4 38 123 70 3 36 3 1 0 0 0 0 0 0 0 0 0 0 0 0 0 0 0 0 0 0 8 5 3 1 0 0 2 0 0 0 0 0 8 2 16 3 21 35 2 10 5 2 1 9 2 0 0 1 0 0 5 104 420 5 0 0 50 1 1 4 0 44 270 441 32 0 0 0 0 0 3 0 0 0 0 1 75 2 0 0 0 0 0 3 0 0 0 0 0 0 0 0 0 0
5 3 5 10 3 2 29 34 9 9 8 71 46 1 2 142 55 23 8 5 0 1 8 5 6 1 3 13 3 5 9 9 12 0 2 5 0 0 7 1 17 2 0 2 2 0 4 0 0 0 0 69 1 107 26 4 4 0 0 0 0 0 0 0 0 0 0 0 0 0 0 0 0 0 0 1 12 30 1 0 0 0 3 0 0 0 0 0 16 0 4 0 1 48 0 0 0 1 18 0 0 1 3 6 2 10 25 96 138 0 0 0 0 0 47 33 0 0 107 327 294 333 0 1 3 69 0 0 0 64 124 26 156 5 0 0 0 0 0 0 0 0 0 0 0 0 0 0 0 0
4 0 0 0 0 2 2 0 0 18 116 34 0 3 23 59 38 19 10 0 0 0 4 5 3 7 4 2 1 2 0 0 1 4 11 0 0 0 0 6 3 24 9 8 2 0 5 1 0 0 11 42 24 27 18 13 5 2 1 0 0 0 0 0 0 0 0 0 0 0 0 0 0 0 0 0 0 43 230 2 2 21 0 0 0 0 3 105 17 1 1 2 2 3 2 4 0 4 6 11 41 21 88 6 2 11 38 25 101 9 0 0 0 3 64 101 207 378 89 160 591 212 0 18 290 49 0 0 0 89 252 0 0 0 0 0 0 0 0 0 0 0 0 0 0 0 0 0 0 0
0 17 2 6 0 0 1 5 14 7 9 90 15 13 0 1 2 9 1 0 0 0 1 18 4 0 4 1 31 2 0 0 1 3 0 0 1 2 6 0 0 22 27 17 5 2 9 1 0 0 1 79 27 8 0 4 0 0 1 0 0 0 0 0 0 0 0 0 0 0 0 0 0 0 0 4 0 11 27 11 0 6 0 0 0 0 4 10 0 0 1 0 4 3 0 0 0 0 4 7 0 0 9 3 24 0 7 25 58 4 0 0 0 0 94 512 718 419 93 89 86 196 201 309 337 10 0 0 9 520 149 0 0 0 0 0 0 0 0 0 0 0 0 0 0 0 0 0 0 0
0 0 3 0 0 0 3 4 2 1 8 49 2 3 0 1 2 0 19 5 10 0 0 4 3 0 4 4 2 0 0 0 0 1 0 0 0 2 8 2 0 0 1 0 5 1 0 0 0 0 3 71 14 6 1 1 0 1 0 3 1 0 0 0 0 0 0 0 0 0 0 0 0 0 0 2 1 12 67 61 13 11 23 7 0 0 0 0 4 2 1 0 15 14 0 0 0 0 0 12 1 3 5 4 4 2 4 1 41 1 0 1 27 26 22 27 4 36 657 270 29 211 1009 512 409 279 188 256 882 1838 1120 50 0 0 0 0 0 0 0 0 0 0 0 0 0 0 0 0 0 0
0 1 6 0 0 2 10 2 0 6 16 3 0 36 6 6 0 3 0 0 1 0 0 0 2 15 28 1 0 0 0 2 2 1 0 0 0 0 2 20 1 0 2 0 0 4 5 9 0 1 11 316 40 7 0 19 1 4 0 1 0 0 0 0 0 0 0 0 0 0 0 0 0 0 0 0 0 14 36 1 12 23 13 0 0 0 0 0 6 3 7 1 7 8 0 18 18 0 0 7 7 0 2 3 23 21 6 1 94 26 6 12 16 3 13 19 10 224 477 485 407 718 769 1013 1395 1573 1102 1148 1158 927 1149 5 0 0 0 0 0 0 0 0 0 0 0 0 0 0 0 0 0 0
0 0 0 0 5 3 0 4 6 6 1 4 1 2 3 36 3 4 0 2 0 0 0 0 34 9 13 4 0 0 0 7 1 0 3 0 2 5 8 1 0 0 0 0 2 0 0 0 11 25 583 533 19 103 12 2 7 1 5 2 1 1 0 0 0 0 0 0 0 0 0 0 0 0 0 2 0 0 13 7 0 1 0 0 0 0 0 0 9 2 0 1 17 0 0 0 0 0 0 7 13 10 58 3 33 38 34 14 5 13 12 0 5 14 13 11 3 49 509 1389 1381 1040 510 698 1577 1348 391 1040 729 14 238 123 0 0 0 0 0 0 0 0 0 0 0 0 0 0 0 0 0 0
3 2 0 1 4 0 3 1 8 0 5 9 1 10 2 1 0 3 0 0 0 0 0 1 5 9 0 1 1 0 1 34 14 2 1 4 3 0 2 1 0 0 0 0 0 0 3 0 0 23 537 1503 805 657 45 26 3 2 8 7 0 0 0 0 0 0 0 0 0 0 0 0 0 0 1 0 0 0 0 19 0 1 1 0 0 0 0 24 81 0 0 30 13 0 0 0 0 0 0 8 5 0 57 69 29 131 441 109 2 0 8 3 0 9 5 27 122 12 146 628 454 766 269 2157 1468 1193 480 298 13 599 1269 589 0 0 0 0 0 0 0 0 0 0 0 0 0 0 0 0 0 0
5 0 1 28 1 4 19 7 10 4 4 55 0 1 0 0 0 0 0 0 0 0 0 0 1 0 2 0 0 0 0 13 9 2 0 4 2 1 0 0 0 0 0 2 0 1 0 0 0 10 192 484 543 416 98 75 4 1 3 41 3 0 0 0 0 0 0 0 0 0 0 0 0 0 2 4 0 0 0 59 5 9 2 0 0 0 0 21 63 0 8 52 94 0 0 0 0 0 0 11 4 37 44 165 57 16 3 33 0 0 3 3 1 0 10 1 9 27 3 43 283 385 292 648 1412 1260 527 458 466 956 496 376 7 0 0 0 0 0 0 0 0 0 0 0 0 0 0 0 0 0
5 2 4 10 0 7 10 30 1 0 8 2 0 0 0 0 0 0 0 0 0 0 0 0 0 0 0 0 0 0 5 0 0 3 0 1 0 2 1 0 0 0 0 0 0 3 13 1 3 5 35 231 379 41 30 22 4 2 7 0 3 1 0 0 1 2 0 0 0 0 0 0 0 0 0 0 0 0 0 0 6 13 0 0 0 2 57 56 20 5 5 164 348 19 7 0 0 0 0 25 77 13 62 329 37 2 7 1 26 3 0 0 1 7 2 0 9 31 32 34 48 603 617 517 523 970 1105 1604 405 192 132 126 0 0 0 0 0 0 0 0 0 0 0 0 0 0 0 0 0 0
0 16 28 0 6 2 13 40 10 9 1 27 2 3 0 0 0 0 2 1 1 0 0 1 0 0 0 0 2 0 0 0 0 0 0 0 0 1 2 0 1 0 0 0 0 1 0 1 0 3 0 38 102 16 22 4 3 75 75 3 3 0 0 0 0 0 0 0 0 0 0 0 0 0 0 0 0 0 0 0 0 8 25 23 24 27 4 0 17 42 104 140 97 17 13 24 0 5 102 58 233 403 271 400 401 21 19 8 8 7 0 0 6 0 2 4 1 44 44 385 418 646 1509 2187 886 341 1717 2864 1359 0 1 3 0 0 0 0 0 0 0 0 0 0 0 0 0 0 0 0 0 0
0 12 23 0 14 13 12 31 13 8 1 0 2 0 0 0 0 0 0 1 0 1 22 0 0 0 0 7 1 0 1 0 1 6 1 2 0 0 0 0 3 1 0 0 2 0 0 0 6 3 0 29 39 7 13 4 0 16 87 11 4 1 0 0 0 0 0 0 0 0 0 0 0 0 0 0 0 0 0 0 1 3 11 3 0 7 2 8 12 58 102 77 81 12 36 42 8 1 0 11 133 328 1147 301 171 103 1 21 2 11 3 1 0 0 10 3 2 429 341 655 637 22 9 171 219 201 443 1297 440 5 212 4 0 0 0 0 0 0 0 0 0 0 0 0 0 0 0 0 0 0
16 7 97 0 43 123 87 8 1 1 1 1 1 0 0 1 0 0 0 4 3 2 0 0 0 0 0 0 0 0 0 0 0 2 0 0 0 0 0 0 1 1 1 0 0 1 0 0 3 2 0 8 14 0 1 6 0 2 4 21 6 0 0 0 0 0 0 0 0 0 0 0 0 0 0 0 0 0 0 0 23 43 0 1 32 0 125 22 0 3 3 12 14 3 0 0 0 0 0 12 10 109 1134 240 145 310 13 12 16 4 23 3 1 0 0 20 198 663 97 34 0 0 0 0 37 387 111 547 460 31 24 22 0 0 0 0 0 0 0 0 0 0 0 0 0 0 0 0 0 0
4 27 133 210 369 466 216 30 4 0 0 0 0 0 0 0 0 0 0 0 0 19 0 2 0 0 0 0 0 0 0 0 0 0 0 0 0 0 0 0 0 0 0 6 5 8 0 16 3 1 0 17 16 3 0 1 1 2 19 4 2 5 0 0 0 0 0 0 0 0 0 0 0 0 0 0 0 0 8 25 10 2 0 0 11 3 17 122 69 0 0 0 0 0 0 0 0 0 0 0 0 162 541 319 195 232 5 12 2 20 7 1 1 0 5 86 180 12 20 66 0 0 0 0 11 455 267 572 290 6 29 1 0 0 0 0 0 0 0 0 0 0 0 0 0 0 0 0 0 0
4 82 324 1468 496 360 181 37 1 2 0 3 1 0 0 0 0 3 1 1 3 5 0 0 0 1 1 3 2 0 0 0 0 0 0 0 0 0 0 0 0 4 0 1 3 0 0 4 31 1 0 0 6 0 0 3 5 0 0 0 0 0 0 0 0 0 0 0 0 0 0 0 0 0 0 0 0 13 4 0 0 0 0 0 0 0 66 46 11 1 4 0 0 0 0 2 0 0 0 0 8 64 18 22 176 141 1 0 1 1 19 9 10 24 18 0 7 4 15 37 14 77 2 0 12 112 99 230 60 3 0 0 0 0 0 0 0 0 0 0 0 0 0 0 0 0 0 0 0 0
0 7 271 216 145 178 79 36 5 1 1 3 0 0 0 0 0 1 2 4 6 3 0 2 1 0 0 0 1 6 0 0 0 0 1 0 1 0 0 0 1 0 0 0 1 0 1 2 3 2 0 0 0 0 0 9 0 0 0 0 0 0 0 0 0 0 0 0 0 0 0 0 0 0 0 0 5 1 0 0 0 0 0 0 0 0 64 7 3 14 38 5 0 0 4 11 0 0 0 404 612 192 198 247 7 145 85 1 0 1 12 40 19 3 0 0 0 0 17 37 133 54 187 255 107 324 11 1 0 0 0 0 0 0 0 0 0 0 0 0 0 0 0 0 0 0 0 0 0 0
15 34 71 130 78 59 10 1 0 0 28 1 0 0 0 0 0 1 2 0 1 79 1 0 0 0 3 0 4 0 0 0 0 0 0 0 0 0 0 0 0 0 0 0 2 31 2 0 0 0 0 0 1 0 1 11 2 0 0 0 0 0 0 0 0 0 0 0 0 0 0 0 0 0 0 1 5 15 0 0 0 0 0 0 0 32 42 0 0 23 31 0 0 0 38 94 156 7 187 1453 391 483 160 34 0 26 55 99 0 17 47 0 0 0 0 0 2 0 63 48 114 43 30 88 23 86 21 12 65 37 11 1 0 0 0 0 0 0 0 0 0 0 0 0 0 0 0 0 0 0
33 24 27 4 0 1 0 4 0 0 2 0 1 0 0 0 0 0 2 1 1 13 4 1 0 0 0 2 0 5 0 1 0 9 14 0 0 0 0 0 0 0 0 0 0 3 1 2 1 0 3 1 0 3 46 23 5 0 0 0 0 0 0 0 0 0 0 0 0 0 0 0 0 0 35 11 1 0 3 1 0 0 0 0 0 0 18 0 0 0 82 11 10 13 153 256 56 8 75 89 19 6 10 24 12 4 0 211 580 152 1 1 1 0 2 0 2 1 8 1 32 0 10 7 73 46 77 68 322 142 73 0 2 0 0 0 0 0 0 0 0 0 0 0 0 0 0 0 0 0
11 0 7 2 0 0 0 0 0 0 0 3 0 0 0 0 0 0 0 0 2 2 0 0 0 0 0 2 1 1 14 54 0 1 0 0 0 0 0 0 0 0 0 0 0 2 0 0 0 0 0 1 7 0 11 1 0 0 0 0 0 0 0 0 0 0 0 0 0 0 0 0 0 0 10 54 0 0 0 0 0 4 0 0 0 0 65 78 183 48 97 32 13 29 0 53 8 8 0 3 9 5 12 3 3 4 166 393 279 64 1 0 4 0 7 0 0 12 1 0 6 10 17 40 7 73 129 243 298 245 146 1 0 0 0 0 0 0 0 0 0 0 0 0 0 0 0 0 0 0
0 1 0 6 3 0 0 0 0 0 0 0 0 0 0 0 0 1 0 1 3 1 0 0 1 0 0 0 0 0 3 1 0 2 0 0 0 0 0 0 0 1 0 0 0 4 0 13 0 0 0 1 7 28 21 4 1 0 0 0 0 0 0 0 0 0 0 0 0 0 0 2 4 5 1 0 0 0 0 0 1 0 0 0 0 1 2 1 83 8 0 0 0 3 0 24 2 0 6 0 0 10 1 30 2 133 719 363 254 94 0 0 0 0 0 0 0 0 49 12 0 27 2 10 9 22 136 49 3 21 3 5 0 0 0 0 0 0 0 1 0 0 0 0 0 0 0 0 0 0
1 0 0 1 2 0 0 0 0 0 0 0 0 0 0 0 0 0 12 1 0 0 0 1 0 0 0 1 0 2 0 1 0 6 0 0 0 0 0 0 0 0 0 0 0 1 0 0 0 0 7 9 5 161 12 2 3 0 0 0 0 0 0 0 0 0 0 0 0 0 47 2 10 2 0 0 0 0 0 0 0 0 0 0 0 0 1 0 1 0 0 0 6 12 0 0 4 0 10 2 12 2 7 0 43 108 121 12 56 236 0 0 0 0 0 0 0 0 10 13 0 27 1 79 147 29 129 49 47 28 7 0 0 0 0 0 0 0 0 0 0 0 0 0 0 0 0 0 0 0
0 0 0 0 4 29 1 0 0 0 0 0 0 0 0 0 1 2 7 1 0 0 0 0 0 0 1 0 0 0 0 21 1 0 0 0 0 0 0 1 0 0 26 1 0 0 0 0 0 0 5 0 5 0 2 1 7 4 0 0 0 0 0 0 0 0 0 9 3 4 2 0 0 0 0 0 0 0 0 0 0 0 0 0 0 0 0 0 5 0 0 20 114 21 0 0 0 0 2 9 5 11 26 40 75 31 0 6 0 14 5 0 0 0 0 0 0 0 0 1 65 26 2 13 0 1 0 225 3 0 0 0 0 0 0 0 0 0 0 0 0 0 0 0 0 0 0 0 0 1
0 0 0 0 41 26 0 0 0 0 0 0 0 6 6 1 0 0 0 0 0 0 0 0 0 0 0 0 4 0 4 0 0 0 0 0 0 0 1 0 1 0 0 3 2 4 0 0 0 4 1 0 0 8 1 0 3 18 0 0 0 0 0 0 0 0 0 0 9 5 1 0 0 0 0 0 0 0 0 0 0 0 0 0 0 0 0 1 24 35 182 454 128 19 0 0 1 0 1 21 83 307 276 104 11 23 2 0 0 14 12 0 0 0 0 0 0 0 0 0 0 0 0 0 0 68 269 76 0 0 0 0 0 0 0 0 0 0 0 0 0 0 0 0 0 0 0 0 0 0
0 0 0 0 3 0 0 0 0 0 0 0 1 4 0 0 1 0 0 0 0 0 0 0 0 0 1 0 0 11 1 0 0 0 0 3 0 1 0 0 0 0 0 0 1 5 0 0 0 1 0 0 0 2 2 32 4 1 0 0 0 0 0 0 0 0 0 0 9 2 0 0 0 0 0 0 0 0 0 0 0 0 0 0 0 2 1 0 16 98 217 88 53 25 1 2 2 9 4 66 103 136 98 29 0 1 2 0 0 1 13 2 0 0 0 0 0 0 0 0 2 20 51 1 0 156 168 18 0 0 0 0 0 0 0 0 0 0 0 0 0 0 0 0 0 0 0 0 0 0
0 0 0 0 0 1 0 0 0 0 0 2 32 31 6 1 0 1 1 0 0 0 0 0 0 3 1 1 1 15 0 0 0 0 2 3 1 0 0 0 0 0 0 0 0 9 9 0 0 7 1 0 0 24 13 2 0 1 0 0 0 0 0 0 0 0 0 12 116 0 0 0 0 0 0 0 0 0 0 0 0 0 0 0 17 13 28 5 3 8 9 1 13 4 25 0 0 0 15 30 72 0 5 4 1 0 0 1 2 14 23 39 1 0 0 0 0 0 0 0 0 0 0 0 0 0 0 2 0 0 0 0 0 0 0 0 0 0 0 0 0 0 0 0 0 0 0 0 0 0
0 0 0 0 3 0 10 0 0 0 0 0 2 0 2 2 0 0 0 0 0 0 0 0 0 0 1 0 0 1 0 0 0 0 2 0 0 0 0 0 0 0 1 0 0 0 2 6 0 11 0 0 1 3 8 5 1 2 0 0 0 0 0 0 0 0 6 25 18 0 0 0 0 0 0 0 0 0 0 0 0 0 0 10 38 3 0 2 6 20 2 2 11 2 13 16 4 26 35 30 27 7 2 2 10 1 0 23 70 101 128 478 82 16 0 0 0 0 0 0 0 0 0 0 0 0 0 0 0 0 0 0 0 0 0 0 0 0 0 0 0 0 0 0 0 0 0 0 0 0
0 0 0 0 0 3 0 0 0 0 0 0 0 0 0 5 0 0 0 0 0 0 0 0 1 0 0 0 1 0 0 0 0 0 0 0 0 0 1 1 0 0 0 0 0 0 0 4 14 3 1 0 0 0 2 51 91 0 4 1 0 0 0 0 1 2 36 74 2 0 0 5 0 0 0 0 0 0 0 0 0 0 0 47 66 0 1 6 9 45 4 5 4 0 1 4 64 143 4 0 0 2 5 7 4 0 13 5 61 51 413 38 204 81 10 0 0 0 0 0 0 0 0 0 0 0 0 0 0 0 0 0 0 0 0 0 0 0 0 0 0 0 0 0 0 0 0 0 0 0
0 0 0 1 1 0 0 0 0 0 0 2 15 0 0 0 5 0 0 0 0 0 0 0 0 0 0 0 0 2 0 0 0 0 0 1 0 0 0 0 0 0 0 0 0 0 1 4 71 0 1 0 0 0 7 6 4 12 31 17 4 0 3 21 2 5 2 1 0 1 0 0 0 0 0 0 0 0 0 0 0 0 0 1 0 0 0 10 3 2 1 0 5 0 9 122 5 0 0 0 0 0 0 0 12 52 269 956 341 71 19 0 146 86 0 0 0 0 0 0 0 0 0 0 0 0 0 0 0 0 0 0 0 0 0 0 0 0 0 0 0 0 0 0 0 0 0 0 0 0
0 0 2 0 1 60 0 5 1 0 4 1 0 1 1 1 0 0 0 0 0 0 0 0 0 0 0 0 0 0 2 0 0 0 0 1 0 0 12 0 1 1 0 0 5 1 43 20 6 4 0 0 0 1 7 2 0 0 1 10 0 0 0 1 3 0 3 2 3 18 5 6 0 0 0 0 0 0 0 0 0 0 0 0 0 0 0 0 0 0 4 8 0 0 79 18 1 1 0 0 1 1 0 9 66 59 159 345 208 200 112 150 246 5 0 0 0 0 0 0 0 0 0 0 0 0 0 0 0 0 0 0 0 0 0 0 0 0 0 0 0 0 0 0 0 0 0 0 0 0
0 0 4 0 36 51 1 0 0 2 5 0 0 0 0 0 0 5 5 0 0 0 0 0 0 0 0 0 0 0 0 0 3 1 0 0 0 1 0 2 1 2 5 1 1 0 5 3 9 2 4 5 5 1 6 0 2 1 4 1 1 1 2 1 2 2 2 1 0 0 0 0 2 4 0 0 0 0 0 0 0 0 0 0 0 0 0 0 2 0 0 2 20 34 0 20 161 0 0 0 0 0 1 55 112 157 5 2 2 21 0 8 12 0 0 0 0 0 0 0 0 0 0 0 0 0 0 0 0 0 0 0 0 0 0 0 0 0 0 0 0 0 0 0 0 0 0 0 0 0
0 0 0 1 0 0 2 0 12 2 0 0 0 0 0 0 0 0 0 0 0 0 0 0 0 0 0 0 0 0 0 0 0 0 0 0 0 0 0 0 0 0 0 0 0 0 1 0 5 15 1 0 0 1 0 0 0 0 7 5 9 3 0 0 0 0 0 0 0 0 0 2 8 1 0 0 0 0 0 0 0 0 0 0 0 0 0 0 3 0 0 20 93 10 15 126 214 0 0 0 0 0 0 6 6 0 0 0 0 0 24 66 0 0 0 0 0 0 0 0 0 0 0 0 0 0 0 0 0 0 0 0 0 0 0 0 0 0 0 0 0 0 6 14 0 0 0 0 0 0
0 0 1 0 0 1 0 0 0 2 0 0 5 0 1 3 0 1 4 0 0 0 0 0 0 0 0 0 0 0 0 1 0 0 0 0 0 0 0 0 0 0 0 0 0 0 0 0 0 5 6 3 5 1 1 0 0 0 3 10 4 0 0 0 0 0 0 0 0 0 2 0 0 0 0 0 0 0 0 0 0 0 0 0 0 0 0 1 36 5 10 29 179 116 25 0 2 1 0 0 0 2 5 4 2 0 1 1 0 105 330 6 1 0 0 0 0 0 0 0 0 0 0 0 0 0 0 0 0 0 0 0 0 0 0 0 0 0 0 0 0 0 0 0 0 0 0 0 0 0
1 0 0 0 0 2 0 0 0 3 0 1 0 1 1 0 0 0 4 0 0 0 0 0 0 0 0 0 0 0 0 0 0 0 0 0 0 0 0 0 0 0 0 0 0 0 0 0 0 0 6 2 10 0 0 0 0 0 0 1 5 1 0 0 0 0 0 0 0 0 0 0 0 0 0 0 0 0 0 0 0 0 0 0 0 0 0 0 0 6 16 59 507 1 0 4 1 0 0 0 0 0 0 1 1 7 0 2 27 57 70 8 0 0 0 0 0 0 0 0 0 0 0 0 0 0 0 0 0 0 0 0 0 0 0 0 0 0 0 0 0 0 0 0 0 0 0 0 0 0
0 0 0 0 1 0 0 0 0 0 0 0 7 0 0 0 0 0 5 0 0 0 0 0 0 0 0 0 0 0 0 0 0 0 0 0 0 0 0 0 0 0 0 0 0 0 0 0 0 0 2 8 0 0 0 1 6 1 6 11 3 0 0 0 0 0 0 0 0 0 1 60 3 0 0 0 0 0 0 0 0 0 0 0 0 0 0 0 1 14 49 27 6 7 13 0 0 0 0 0 0 0 0 0 0 0 0 0 0 0 0 0 0 0 0 0 0 0 0 0 0 0 0 0 0 0 0 0 0 0 0 0 0 0 0 0 0 0 0 0 0 0 0 0 0 0 0 0 0 0
0 0 0 0 0 0 0 0 0 0 0 0 0 0 0 0 0 0 0 0 0 1 4 38 0 0 0 0 0 0 0 0 0 0 0 1 0 0 0 0 0 0 0 0 0 0 0 0 0 0 0 18 1 4 3 1 0 0 0 0 1 1 7 0 0 0 0 0 0 0 0 4 5 0 2 0 0 0 0 0 0 0 0 0 0 0 0 0 0 12 7 37 10 11 203 1 4 0 0 0 0 0 0 0 0 0 0 0 0 0 0 0 0 0 0 0 0 0 0 0 0 0 0 0 0 0 0 0 0 0 0 0 0 0 0 0 0 0 0 0 0 0 0 0 0 0 0 0 0 0
0 0 0 0 0 0 0 0 0 0 1 1 0 0 0 0 0 0 0 0 0 0 0 1 9 0 0 0 0 0 3 0 0 0 0 0 0 0 0 0 0 0 0 0 0 0 0 0 1 0 3 51 25 1 1 0 0 0 0 0 1 29 45 0 0 0 0 0 0 0 0 0 0 0 11 0 0 0 0 1 0 0 0 0 0 0 0 0 0 1 23 45 0 31 27 7 0 0 5 0 0 0 0 0 0 0 0 0 0 0 0 0 0 0 0 0 0 0 0 0 0 0 0 0 0 0 0 0 0 0 0 0 0 0 0 0 0 0 0 0 0 0 0 0 0 0 0 0 0 0
0 0 0 0 0 0 0 0 0 0 0 0 1 0 0 0 0 0 0 0 0 0 0 0 1 0 0 0 0 0 1 0 0 0 0 0 0 0 0 0 1 0 0 0 0 0 0 0 0 7 16 22 164 10 29 7 0 0 1 0 1 12 0 0 0 0 0 0 0 0 0 0 0 1 0 0 0 0 0 0 0 0 0 0 0 0 0 0 0 0 0 7 14 30 12 5 0 0 1 0 0 0 0 0 0 0 0 0 0 0 0 0 0 0 0 0 0 0 0 0 0 0 0 0 0 0 0 0 0 0 0 0 0 0 0 0 0 0 0 0 0 0 0 0 0 0 0 0 0 0
0 0 0 0 0 0 0 1 1 0 0 1 7 1 1 2 0 2 4 0 0 0 0 0 1 3 0 0 0 0 0 0 0 0 0 0 0 0 0 0 0 0 0 0 0 0 0 0 1 5 0 13 158 1 17 0 1 0 0 1 0 3 4 0 0 0 0 0 0 0 0 0 0 0 0 0 0 0 0 0 0 0 0 0 0 0 1 0 0 0 0 2 6 6 10 2 6 3 0 19 0 0 0 0 0 0 0 0 0 0 0 0 0 0 0 0 0 0 0 0 0 0 0 0 0 0 0 0 0 0 0 0 0 0 0 0 0 0 0 0 0 0 0 0 0 0 0 0 0 0
0 0 0 0 1 0 0 0 0 1 0 0 0 0 5 0 0 0 3 0 0 0 0 5 2 5 0 0 0 0 0 0 0 0 0 1 0 0 0 0 0 0 0 0 0 0 0 9 0 0 1 8 25 1 0 0 0 0 0 10 6 4 0 2 0 0 0 0 0 0 0 0 0 0 0 0 0 0 0 0 0 0 0 0 0 0 0 0 0 0 0 0 0 0 0 3 11 0 3 0 0 0 0 0 0 0 0 0 0 0 0 0 0 0 0 0 0 0 0 0 0 0 0 0 0 0 0 0 0 0 0 0 0 0 0 0 0 0 0 0 0 0 0 0 0 1 0 0 0 0
2 0 1 0 0 0 0 0 0 0 2 1 0 0 0 0 0 0 0 0 0 2 0 2 1 0 1 0 0 0 0 0 2 0 9 1 0 0 0 0 0 0 0 0 0 0 12 40 0 0 0 0 0 0 0 0 0 0 0 0 2 0 0 0 0 0 0 0 0 0 0 0 0 0 0 0 0 0 0 0 0 0 0 0 0 0 0 0 0 0 0 0 0 0 0 11 20 11 0 0 6 0 0 0 0 0 0 0 0 0 0 0 0 0 0 0 0 0 0 0 0 0 0 0 0 0 0 0 0 0 0 0 0 0 0 0 0 0 0 0 0 0 0 1 2 9 0 0 0 0
0 0 0 0 0 0 0 0 0 0 0 0 0 0 0 0 0 0 0 1 9 6 0 0 0 2 0 0 0 0 0 1 0 0 0 1 0 2 1 0 0 0 0 0 1 2 2 0 0 0 0 0 0 0 0 0 0 0 0 0 0 2 0 0 0 0 0 0 0 0 0 7 1 0 0 0 0 0 0 0 0 0 0 0 0 0 0 0 0 0 0 0 0 0 8 2 5 3 0 3 20 0 0 0 0 0 0 0 0 0 0 0 0 0 0 0 0 0 0 0 0 0 0 0 0 0 0 0 0 0 0 0 0 0 0 0 0 0 0 0 0 0 0 0 0 0 0 0 0 0
0 0 0 0 0 0 0 0 0 0 2 3 0 0 0 0 2 0 2 0 0 0 0 0 0 0 0 0 0 0 0 0 0 0 0 0 0 0 0 0 0 0 0 0 2 0 0 0 0 0 0 0 0 0 0 0 0 0 0 0 3 0 0 0 0 0 0 0 0 0 31 37 0 0 0 0 0 0 0 0 0 0 0 0 0 0 0 0 0 0 0 0 0 0 73 1 0 0 0 1 2 3 0 0 0 0 0 0 0 0 0 0 0 0 0 0 0 0 0 0 0 0 0 0 0 0 0 0 0 0 0 0 0 0 0 0 0 0 0 0 0 0 1 0 0 0 0 0 0 0
0 0 0 0 0 0 0 0 0 0 4 1 9 0 0 3 1 0 0 0 0 0 0 0 0 0 0 0 0 0 0 0 0 0 0 0 0 0 0 0 0 0 0 0 3 0 0 0 0 0 0 0 0 0 0 0 0 0 0 1 3 0 0 0 0 0 0 0 0 0 14 0 0 0 0 0 0 0 0 0 0 0 0 0 0 0 0 0 0 0 0 0 0 0 8 0 12 0 0 0 0 0 0 0 0 0 0 0 0 0 0 0 0 0 0 0 0 0 0 0 0 0 0 0 0 0 0 0 0 0 0 0 0 0 0 0 0 0 0 0 0 0 0 0 0 0 0 0 0 0
2 0 0 0 0 0 1 0 1 5 1 0 8 0 3 4 4 1 0 0 0 0 0 0 0 0 0 0 0 0 0 0 0 0 0 0 0 0 0 0 0 0 0 4 0 0 0 0 0 0 0 0 0 0 0 0 0 0 0 8 1 0 0 0 0 0 0 0 12 0 0 0 0 0 0 0 0 0 0 0 0 0 0 0 0 0 0 0 0 0 0 0 0 0 0 0 9 3 0 1 0 0 0 0 0 0 0 0 0 0 0 0 0 0 0 0 0 0 0 0 0 0 0 0 0 0 0 0 0 0 0 0 0 0 0 0 0 0 0 0 0 0 0 0 0 0 0 0 0 0
1 0 0 0 0 0 0 0 1 0 0 0 3 0 0 0 1 7 7 0 0 0 0 0 0 1 0 0 0 0 0 0 0 0 0 0 18 2 2 1 0 0 9 0 0 0 0 0 0 0 0 0 0 0 0 0 0 0 0 0 28 13 3 0 0 0 0 2 63 46 0 0 0 0 0 0 0 0 0 0 0 0 0 0 0 0 0 0 0 0 0 0 0 0 0 0 0 1 1 0 0 0 0 0 0 0 0 0 0 0 0 0 0 0 0 0 0 0 0 0 0 0 0 0 0 0 0 0 0 0 0 0 0 0 0 0 0 0 0 0 0 0 0 0 0 0 0 0 0 0
0 2 2 2 1 0 0 0 0 0 0 4 63 8 1 2 21 0 1 11 1 1 0 21 9 1 0 0 0 0 2 3 0 0 1 0 12 10 7 7 0 2 34 0 0 0 0 0 0 0 0 0 0 0 0 0 0 0 0 0 0 0 6 3 60 23 42 0 0 0 0 0 0 0 0 0 0 0 0 0 0 0 0 0 0 0 0 0 0 0 0 0 0 0 0 0 0 0 0 0 0 0 0 0 0 0 0 0 0 0 0 0 0 0 0 0 0 0 0 0 0 0 0 0 0 0 0 0 0 0 0 0 0 0 0 0 0 0 0 0 0 0 0 0 0 0 0 0 0 0
13 50 14 0 0 0 0 0 0 0 0 0 7 0 0 0 5 1 0 9 7 134 57 10 3 0 0 0 0 0 1 0 0 0 2 4 28 1 0 2 0 7 2 0 0 0 0 0 0 0 0 0 0 0 0 0 0 0 0 0 0 0 0 0 7 3 1 0 0 0 0 0 0 0 0 0 0 0 0 0 0 0 0 0 0 0 0 0 0 0 0 0 0 0 0 0 0 0 0 0 0 0 0 0 0 0 0 0 0 0 0 0 0 0 0 0 0 0 0 0 0 0 0 0 0 0 0 0 0 0 0 0 0 0 0 0 0 0 0 0 0 0 0 0 0 0 0 0 0 0
25 8 13 4 1 2 0 0 0 0 0 1 4 0 0 1 6 2 0 7 2 70 5 19 15 2 0 0 4 18 6 0 0 0 0 0 3 1 1 0 6 33 0 0 0 0 0 0 0 0 0 0 0 0 0 0 0 0 0 0 0 0 0 0 8 2 0 0 0 0 0 0 0 0 0 0 0 0 0 0 0 0 0 0 0 0 0 0 0 1 0 0 0 0 0 0 0 0 0 0 0 0 0 0 0 0 0 0 0 0 0 0 0 0 0 0 0 0 0 0 0 0 0 0 0 0 0 0 0 0 0 0 0 0 0 0 0 0 0 0 0 0 0 0 0 0 0 0 0 0
0 0 0 1 0 0 0 0 0 0 0 3 5 0 0 0 0 4 1 4 0 1 6 3 1 22 5 0 4 0 0 0 0 0 0 2 5 0 0 0 0 3 0 0 0 0 0 0 0 0 0 0 0 0 0 0 0 0 0 0 0 0 0 0 0 0 0 0 0 0 0 0 0 0 0 0 0 0 0 0 0 0 0 0 0 0 0 0 0 0 0 0 0 0 0 0 0 0 0 0 0 0 0 0 0 0 0 0 0 0 0 0 0 0 0 0 0 0 0 0 0 0 0 0 0 0 0 0 0 0 0 0 0 0 0 0 0 0 0 0 0 0 0 0 0 0 0 0 0 0
0 0 0 0 0 0 0 0 0 0 0 0 0 0 0 0 0 0 1 3 0 0 0 0 2 8 2 7 33 1 2 1 4 141 11 0 0 0 0 0 0 0 0 0 0 0 0 0 0 0 0 0 0 0 0 0 0 0 0 0 0 0 0 0 0 0 0 0 0 0 0 0 0 0 0 0 0 0 0 0 0 0 0 0 0 0 0 0 0 0 0 0 0 0 0 0 0 0 0 0 0 0 0 0 0 0 0 0 0 0 0 0 0 0 0 0 0 0 0 0 0 0 0 0 0 0 0 0 0 0 0 0 0 0 0 0 0 0 0 0 0 0 0 0 0 0 0 0 0 0
0 0 0 0 0 0 0 0 0 0 0 0 0 1 0 0 0 0 0 0 0 2 0 0 5 0 1 2 127 42 3 6 5 31 2 0 2 0 0 0 0 0 0 0 0 0 0 0 0 0 0 0 0 0 0 0 0 0 0 0 0 0 0 0 0 0 0 0 0 0 0 0 0 0 0 0 0 0 0 0 0 0 0 0 0 0 0 0 0 0 0 0 0 0 0 0 0 0 0 0 0 0 0 0 0 0 0 0 0 0 0 0 0 0 0 0 0 0 0 0 0 0 0 0 0 0 0 0 0 0 0 0 0 0 0 0 0 0 0 0 0 0 0 0 0 0 0 0 0 0
0 0 0 0 0 0 0 0 0 0 0 0 0 0 0 0 0 0 0 0 0 0 0 0 0 4 2 2 0 0 9 0 1 3 0 0 6 0 0 0 0 0 0 0 0 0 0 0 0 0 0 0 0 0 0 0 0 0 0 0 0 0 0 0 0 0 0 0 0 0 0 0 0 0 0 0 0 0 0 0 0 0 0 0 0 0 0 0 0 0 0 0 0 0 0 0 0 0 0 0 0 0 0 0 0 0 0 0 0 0 0 0 0 0 0 0 0 0 0 0 0 0 0 0 0 0 0 0 0 0 0 0 0 0 0 0 0 0 0 0 0 0 0 0 0 0 0 0 0 0
0 0 0 0 1 0 0 1 0 0 0 0 2 0 0 0 0 0 0 0 0 0 0 0 7 1 11 0 0 0 15 0 3 1 1 1 3 1 0 0 0 0 0 0 0 0 0 0 0 0 0 0 0 0 0 0 0 0 0 0 0 0 0 0 0 0 0 0 0 0 0 0 0 0 0 0 0 0 0 0 0 0 0 0 0 0 0 0 0 0 0 0 0 0 0 0 0 0 0 0 0 0 0 0 0 0 0 0 0 0 0 0 0 0 0 0 0 0 0 0 0 0 0 0 0 0 0 0 0 0 0 0 0 0 0 0 0 0 0 0 0 0 0 0 0 0 0 0 0 0
0 0 0 0 0 0 0 0 0 0 0 0 9 6 0 0 0 0 0 0 0 0 0 0 0 0 0 0 0 0 0 0 4 0 0 0 2 2 0 0 0 0 0 0 0 0 0 0 0 0 0 0 0 0 0 0 0 0 0 0 0 0 0 0 0 0 0 0 0 0 0 0 0 0 0 0 0 0 0 0 0 0 0 0 0 0 0 0 0 0 0 0 0 0 0 0 0 0 0 0 0 0 0 0 0 0 0 0 0 0 0 0 0 0 0 0 0 0 0 0 0 0 0 0 0 0 0 0 0 0 0 0 0 0 0 0 0 0 0 0 0 0 0 0 0 0 0 0 0 0
0 0 0 0 0 0 0 0 0 1 2 8 2 1 0 0 0 0 0 0 0 0 0 0 0 0 0 25 2 1 18 0 0 0 0 0 1 0 0 0 1 0 0 0 0 0 0 0 0 0 0 0 0 0 0 0 0 0 0 0 0 0 0 0 0 0 0 0 0 0 0 0 0 0 0 0 0 0 0 0 0 0 0 0 0 0 0 0 0 0 0 0 0 0 0 0 0 0 0 0 0 0 0 0 0 0 0 0 0 0 0 0 0 0 0 0 0 0 0 0 0 0 0 0 0 0 0 0 0 0 0 0 0 0 0 0 0 0 0 0 0 0 0 0 0 0 0 0 0 0
0 0 0 0 0 0 0 0 0 0 1 0 0 0 0 0 0 0 0 0 0 0 0 0 0 0 0 8 1 0 0 0 3 4 0 0 0 0 0 0 0 0 0 0 0 0 0 0 0 0 0 0 0 0 0 0 0 0 0 0 0 0 0 0 0 0 0 0 0 0 0 0 0 0 0 0 0 0 0 0 0 0 0 0 0 0 0 0 0 0 0 0 0 0 0 0 0 0 0 0 0 0 0 0 0 0 0 0 0 0 0 0 0 0 0 0 0 0 0 0 0 0 0 0 0 0 0 0 0 0 0 0 0 0 0 0 0 0 0 0 0 0 0 0 0 0 0 0 0 0
0 0 0 0 0 0 0 0 0 0 3 0 0 0 0 0 0 0 0 0 0 0 0 0 0 0 0 0 0 0 0 0 0 2 0 0 0 0 0 0 0 0 0 0 0 0 0 0 0 0 0 0 0 0 0 0 0 0 0 0 0 0 0 0 0 0 0 0 0 0 0 0 0 0 0 0 0 0 0 0 0 0 0 0 0 0 0 0 0 0 0 0 0 0 0 0 0 0 0 0 0 0 0 0 0 0 0 0 0 0 0 0 0 0 0 0 0 0 0 0 0 0 0 0 0 0 0 0 0 0 0 0 0 0 0 0 0 0 0 0 0 0 0 0 0 0 0 0 0 0
0 0 0 0 0 0 0 0 0 2 1 0 0 0 0 0 0 0 0 0 0 0 0 0 0 0 0 0 0 0 0 0 0 0 0 0 0 0 0 0 0 0 0 0 0 0 0 0 0 0 0 0 0 0 0 0 0 0 0 0 0 0 0 0 0 0 0 0 0 0 0 0 0 0 0 0 0 0 0 0 0 0 0 0 0 0 0 0 0 0 0 0 0 0 0 0 0 0 0 0 0 0 0 0 0 0 0 0 0 0 0 0 0 0 0 0 0 0 0 0 0 0 0 0 0 0 0 0 0 0 0 0 0 0 0 0 0 0 0 0 0 0 0 0 0 0 0 0 0 0
0 0 0 0 0 0 0 0 0 1 2 0 0 0 0 0 0 0 0 0 0 0 0 0 0 0 0 0 0 0 0 0 0 0 0 0 0 0 0 0 0 0 0 0 0 0 0 0 0 0 0 1 0 0 0 1 0 0 0 0 0 0 0 0 0 0 0 0 0 0 0 0 0 0 0 0 0 0 0 0 0 0 0 0 0 0 0 0 0 0 0 0 0 0 0 0 0 0 0 0 0 0 0 0 0 0 0 0 0 0 0 0 0 0 0 0 0 0 0 0 0 0 0 0 0 0 0 0 0 0 0 0 0 0 0 0 0 0 0 0 0 0 0 0 0 0 0 0 0 0
0 0 0 3 0 0 0 0 9 21 0 0 0 0 0 0 0 0 0 0 0 0 0 0 0 0 0 0 0 0 0 0 0 0 0 0 0 0 0 0 0 0 0 0 0 0 0 0 2 0 1 0 0 0 0 0 0 0 0 0 0 0 0 0 0 0 0 0 0 0 0 0 0 0 0 0 0 0 0 0 0 0 0 0 0 0 0 0 0 0 0 0 0 0 0 0 0 0 0 0 0 0 0 0 0 0 0 0 0 0 0 0 0 0 0 0 0 0 0 0 0 0 0 0 0 0 0 0 0 0 0 0 0 0 0 0 0 0 0 0 0 0 0 0 0 0 0 0 0 0
0 0 0 0 0 12 25 23 22 4 0 0 0 0 0 0 0 0 0 0 0 0 0 0 0 0 0 0 0 0 0 0 0 0 0 0 0 0 0 0 3 0 0 0 0 0 0 0 0 24 35 0 0 0 2 0 0 0 0 0 0 0 0 0 0 0 0 0 0 0 0 0 0 0 0 0 0 0 0 0 0 0 0 0 0 0 0 0 0 0 0 0 0 0 0 0 0 0 0 0 0 0 0 0 0 0 0 0 0 0 0 0 0 0 0 0 0 0 0 0 0 0 0 0 0 0 0 0 0 0 0 0 0 0 0 0 0 0 0 0 0 0 0 0 0 0 0 0 0 0
0 1 0 0 0 1 25 37 0 0 0 0 0 0 0 0 0 0 0 0 0 0 0 0 0 0 0 0 0 0 0 0 0 0 0 0 0 0 0 0 2 0 0 0 1 0 0 0 1 0 0 0 0 1 0 0 0 0 0 0 0 0 0 0 0 0 0 0 0 0 0 0 0 0 0 0 0 0 0 0 0 0 0 0 0 0 0 0 0 0 0 0 0 0 0 0 0 0 0 0 0 0 0 0 0 0 0 0 0 0 0 0 0 0 0 0 0 0 0 0 0 0 0 0 0 0 0 0 0 0 0 0 0 0 0 0 0 0 0 0 0 0 0 0 0 0 0 0 0 0
0 0 0 0 0 0 0 0 0 0 0 0 0 0 0 0 0 0 0 0 0 0 0 0 0 0 0 0 0 0 0 0 0 0 0 0 0 0 0 0 0 0 0 0 0 0 0 0 1 0 1 0 13 55 0 0 0 0 0 0 0 0 0 0 0 0 0 0 0 0 0 0 0 0 0 0 0 0 0 0 0 0 0 0 0 0 0 0 0 0 0 0 0 0 0 0 0 0 0 0 0 0 0 0 0 0 0 0 0 0 0 0 0 0 0 0 0 0 0 0 0 0 0 0 0 0 0 0 0 0 0 0 0 0 0 0 0 0 0 0 0 0 0 0 0 0 0 0 0 0
0 0 0 0 0 0 0 0 0 0 0 0 0 0 0 0 0 0 0 0 0 0 0 0 0 0 0 0 0 0 0 0 0 0 0 0 0 0 0 0 0 0 0 0 0 0 0 0 0 0 0 0 1 1 0 0 0 0 0 0 0 0 0 0 0 0 0 0 0 0 0 0 0 0 0 0 0 0 0 0 0 0 0 0 0 0 0 0 0 0 0 0 0 0 0 0 0 0 0 0 0 0 0 0 0 0 0 0 0 0 0 0 0 0 0 0 0 0 0 0 0 0 0 0 0 0 0 0 0 0 0 0 0 0 0 0 0 0 0 0 0 0 0 0 0 0 0 0 0 0
0 0 0 0 0 0 0 0 0 0 0 0 0 0 0 0 0 0 0 0 0 0 0 0 0 0 0 0 0 0 0 0 0 0 0 0 0 1 0 0 0 0 0 0 0 0 0 0 1 0 0 0 1 0 0 0 0 0 0 0 0 0 0 0 0 0 0 0 0 0 0 0 0 0 0 0 0 0 0 0 0 0 0 0 0 0 0 0 0 0 0 0 0 0 0 0 0 0 0 0 0 0 0 0 0 0 0 0 0 0 0 0 0 0 0 0 0 0 0 0 0 0 0 0 0 0 0 0 0 0 0 0 0 0 0 0 0 0 0 0 0 0 0 0 0 0 0 0 0 0
0 0 0 0 0 0 0 0 0 0 0 0 0 0 0 0 0 0 0 0 0 0 0 0 0 0 0 0 0 0 0 0 2 0 0 0 0 0 0 0 0 0 0 0 0 0 0 0 0 0 0 0 1 0 0 0 0 0 0 0 0 0 0 0 0 0 0 0 0 0 0 0 0 0 0 0 0 0 0 0 0 0 0 0 0 0 0 0 0 0 0 0 0 0 0 0 0 0 0 0 0 0 0 0 0 0 0 0 0 0 0 0 0 0 0 0 0 0 0 0 0 0 0 0 0 0 0 0 0 0 0 0 0 0 0 0 0 0 0 0 0 0 0 0 0 0 0 0 0 0
0 0 0 0 0 0 0 0 0 0 0 0 0 0 0 0 0 0 0 0 0 0 0 0 0 0 0 0 0 0 1 0 0 0 1 0 0 0 0 0 0 0 0 0 0 0 0 0 0 0 0 0 0 2 0 0 0 0 0 0 0 0 0 0 0 0 0 0 0 0 0 0 0 0 0 0 0 0 0 0 0 0 0 0 0 0 0 0 0 0 0 0 0 0 0 0 0 0 0 0 0 0 0 0 0 0 0 0 0 0 0 0 0 0 0 0 0 0 0 0 0 0 0 0 0 0 0 0 0 0 0 0 0 0 0 0 0 0 0 0 0 0 0 0 0 0 0 0 0 0
0 0 0 0 0 0 0 0 0 0 0 0 0 0 0 0 0 0 0 0 0 0 0 0 0 0 0 0 0 0 0 8 0 0 0 0 0 0 0 0 0 0 0 0 0 0 0 0 0 0 0 0 0 0 0 0 0 0 0 0 0 0 0 0 0 0 0 0 0 0 0 0 0 0 0 0 0 0 0 0 0 0 0 0 0 0 0 0 0 0 0 0 0 0 0 0 0 0 0 0 0 0 0 0 0 0 0 0 0 0 0 0 0 0 0 0 0 0 0 0 0 0 0 0 0 0 0 0 0 0 0 0 0 0 0 0 0 0 0 0 0 0 0 0 0 0 0 0 0 0
0 0 0 0 0 0 0 0 0 0 0 0 0 0 0 0 0 0 0 0 0 0 0 0 0 0 0 0 0 0 3 4 0 0 0 1 5 0 0 0 0 0 0 0 0 0 0 0 0 0 0 0 0 0 0 0 0 0 0 0 0 0 0 0 0 0 0 0 0 0 0 0 0 0 0 0 0 0 0 0 0 0 0 0 0 0 0 0 0 0 0 0 0 0 0 0 0 0 0 0 0 0 0 0 0 0 0 0 0 0 0 0 0 0 0 0 0 0 0 0 0 0 0 0 0 0 0 0 0 0 0 0 0 0 0 0 0 0 0 0 0 0 0 0 0 0 0 0 0 0
0 0 0 0 0 0 0 0 0 0 0 0 0 0 0 0 0 0 0 0 0 0 0 0 0 0 0 0 0 4 0 0 0 0 0 0 0 0 0 0 0 0 0 0 0 0 0 0 0 0 0 0 0 0 0 0 0 0 0 0 0 0 0 0 0 0 0 0 0 0 0 0 0 0 0 0 0 0 0 0 0 0 0 0 0 0 0 0 0 0 0 0 0 0 0 0 0 0 0 0 0 0 0 0 0 0 0 0 0 0 0 0 0 0 0 0 0 0 0 0 0 0 0 0 0 0 0 0 0 0 0 0 0 0 0 0 0 0 0 0 0 0 0 0 0 0 0 0 0 0
0 0 0 0 0 0 0 0 0 0 0 0 0 0 0 0 0 0 0 0 0 0 0 0 0 0 0 0 0 139 47 0 0 0 0 0 0 0 0 0 0 0 0 0 0 0 0 0 0 0 0 0 0 0 0 0 0 0 0 0 0 0 0 0 0 0 0 0 0 0 0 0 0 0 0 0 0 0 0 0 0 0 0 0 0 0 0 0 0 0 0 0 0 0 0 0 0 0 0 0 0 0 0 0 0 0 0 0 0 0 0 0 0 0 0 0 0 0 0 0 0 0 0 0 0 0 0 0 0 0 0 0 0 0 0 0 0 0 0 0 0 0 0 0 0 0 0 0 0 0
0 0 0 0 0 0 0 0 0 0 0 0 0 0 0 0 0 0 0 0 0 0 0 0 0 0 4 0 0 0 0 0 0 0 0 0 0 0 0 0 0 0 0 0 0 0 0 0 1 39 0 0 0 0 0 0 0 0 0 0 0 0 0 0 0 0 0 0 0 0 0 0 0 0 0 0 0 0 0 0 0 0 0 0 0 0 0 0 0 0 0 0 0 0 0 0 0 0 0 0 0 0 0 0 0 0 0 0 0 0 0 0 0 0 0 0 0 0 0 0 0 0 0 0 0 0 0 0 0 0 0 0 0 0 0 0 0 0 0 0 0 0 0 0 0 0 0 0 0 0
0 0 0 0 0 0 0 0 0 0 0 0 0 0 0 0 0 0 0 0 0 0 0 0 0 0 21 0 0 0 0 0 0 0 0 0 0 0 0 0 0 0 0 0 0 0 0 0 9 0 0 0 0 0 0 0 0 0 0 0 0 0 0 0 0 0 0 0 0 0 0 0 0 0 0 0 0 0 0 0 0 0 0 0 0 0 0 0 0 0 0 0 0 0 0 0 0 0 0 0 0 0 0 0 0 0 0 0 0 0 0 0 0 0 0 0 0 0 0 0 0 0 0 0 0 0 0 0 0 0 0 0 0 0 0 0 0 0 0 0 0 0 0 0 0 0 0 0 0 0
0 0 0 0 0 0 0 0 0 0 0 0 0 0 0 0 0 0 0 0 0 0 0 0 0 0 0 1 6 0 0 0 0 0 0 0 0 0 0 0 0 0 0 0 0 0 0 0 0 0 0 0 0 0 0 0 0 0 0 0 0 0 0 0 0 0 0 0 0 0 0 0 0 0 0 0 0 0 0 0 0 0 0 0 0 0 0 0 0 0 0 0 0 0 0 0 0 0 0 0 0 0 0 0 0 0 0 0 0 0 0 0 0 0 0 0 0 0 0 0 0 0 0 0 0 0 0 0 0 0 0 0 0 0 0 0 0 0 0 0 0 0 0 0 0 0 0 0 0 0
0 0 0 0 0 0 0 0 0 0 0 0 0 0 0 0 0 0 0 0 0 0 0 0 0 0 0 0 0 0 0 0 0 0 0 0 0 0 0 0 0 0 0 0 0 0 0 0 0 0 0 0 0 0 0 0 0 0 0 0 0 0 0 0 0 0 0 0 0 0 0 0 0 0 0 0 0 0 0 0 0 0 0 0 0 0 0 0 0 0 0 0 0 0 0 0 0 0 0 0 0 0 0 0 0 0 0 0 0 0 0 0 0 0 0 0 0 0 0 0 0 0 0 0 0 0 0 0 0 0 0 0 0 0 0 0 0 0 0 0 0 0 0 0 0 0 0 0 0 0
0 0 0 0 0 0 0 0 0 0 0 0 0 0 0 0 0 0 0 0 0 0 0 0 0 0 0 0 0 0 0 0 0 0 0 0 0 0 0 0 0 0 0 0 0 0 0 0 0 0 1 0 0 0 0 0 0 0 0 0 0 0 0 0 0 0 0 0 0 0 0 0 0 0 0 0 0 0 0 0 0 0 0 0 0 0 0 0 0 0 0 0 0 0 0 0 0 0 0 0 0 0 0 0 0 0 0 0 0 0 0 0 0 0 0 0 0 0 0 0 0 0 0 0 0 0 0 0 0 0 0 0 0 0 0 0 0 0 0 0 0 0 0 0 0 0 0 0 0 0
0 0 0 0 0 0 0 0 0 0 0 0 0 0 0 0 0 0 0 0 0 0 0 0 0 0 0 0 0 0 0 0 0 0 0 0 0 0 0 0 0 0 0 0 0 0 0 0 0 0 0 0 0 0 0 0 0 0 0 0 0 0 0 0 0 0 0 0 0 0 0 0 0 0 0 0 0 0 0 0 0 0 0 0 0 0 0 0 0 0 0 0 0 0 0 0 0 0 0 0 0 0 0 0 0 0 0 0 0 0 0 0 0 0 0 0 0 0 0 0 0 0 0 0 0 0 0 0 0 0 0 0 0 0 0 0 0 0 0 0 0 0 0 0 0 0 0 0 0 0
0 0 0 0 0 0 0 0 0 0 0 0 0 0 0 0 0 0 0 0 0 0 0 0 0 0 0 0 0 0 0 0 0 0 0 0 0 0 0 0 0 0 0 0 0 0 0 0 0 0 0 0 0 0 0 0 0 0 0 0 0 0 0 0 0 0 0 0 0 0 0 0 0 0 0 0 0 0 0 0 0 0 0 0 0 0 0 0 0 0 0 0 0 0 0 0 0 0 0 0 0 0 0 0 0 0 0 0 0 0 0 0 0 0 0 0 0 0 0 0 0 0 0 0 0 0 0 0 0 0 0 0 0 0 0 0 0 0 1 0 0 0 0 0 0 0 0 0 0 0
0 0 0 0 0 0 0 0 0 0 0 0 0 0 0 0 0 0 0 0 0 0 0 0 0 0 0 0 0 0 0 0 0 0 0 0 0 0 0 0 0 0 0 0 0 0 0 0 0 0 0 0 0 0 0 0 0 0 0 0 0 0 0 0 0 0 0 0 0 0 0 0 0 0 0 0 0 0 0 0 0 0 0 0 0 0 0 0 0 0 0 0 0 0 0 0 0 0 0 0 0 0 0 0 0 0 0 0 0 0 0 0 0 0 0 0 0 0 0 0 0 0 0 0 0 0 0 0 0 0 0 0 0 0 0 0 0 0 0 0 0 0 0 0 0 0 0 0 0 0
