0 1 28 2 0 0 0 4 15 72 2 5 0 6 0 0 0 0 5 0 3 0 1 0 4 19 0 0 0 0 0 0 0 3 19 1 0 0 0 1 0 0 0 0 0 0 0 0 0 0 0 0 0 0 1 4 0 0 0 5 68 27 0 0 0 6 7 0 0 0 0 6 16 155 100 334 141 67 37 10 18 332 40 53 97 199 163 137 63 275 694 698 187 558 404 455 948 874 922 163 189 142 29 32 35 95 132 308 227 20 14 2 11 52 60 35 17 29 4 0 1 37 11 8 3 213 0 1 32 4 3 19 0 6 8 0 0 1 0 0 1 0 0 0 0 1 0 0 0 26
1 2 12 8 2 0 0 0 0 22 4 18 4 1 0 0 0 6 14 0 0 2 23 0 14 31 0 4 0 0 0 0 0 0 0 1 0 0 0 0 0 0 0 0 0 0 0 0 0 0 0 0 0 1 15 0 0 0 0 35 73 15 9 165 13 1 1 1 2 0 0 8 38 60 37 6 29 79 10 61 173 204 11 4 89 257 282 287 317 365 77 29 376 436 254 373 874 490 885 896 317 55 35 31 5 9 2 40 55 10 4 63 2 6 56 16 5 30 4 24 5 5 19 4 1 0 0 9 7 26 7 10 49 39 0 0 0 0 2 75 4 0 0 1 0 0 0 0 0 0
0 0 0 0 5 0 0 0 1 3 3 3 12 4 1 0 0 1 7 0 0 17 50 30 12 0 3 7 0 0 0 0 0 0 0 2 0 0 0 13 0 0 0 0 0 0 0 0 0 0 0 0 0 0 3 0 0 1 0 14 9 5 2 14 0 0 0 0 0 0 0 2 2 0 1 0 3 52 119 225 88 48 6 22 46 149 612 156 7 22 97 20 99 462 721 545 347 358 213 747 458 369 8 61 78 11 2 22 199 146 26 6 4 2 3 9 14 88 12 3 105 8 11 6 2 2 4 12 1 43 9 3 63 195 0 0 12 0 7 86 9 5 0 0 1 0 0 0 0 0
27 3 1 0 0 0 0 0 0 5 6 7 0 0 0 3 1 0 10 2 0 0 2 12 8 0 4 9 3 0 1 0 0 0 0 0 1 0 0 2 2 0 1 0 0 0 0 0 0 0 4 0 2 0 93 24 3 34 36 1 3 2 4 33 0 0 0 0 0 1 11 66 23 3 2 5 17 75 161 546 162 137 32 121 128 37 40 129 5 134 811 996 1247 576 610 384 379 172 401 482 501 422 143 16 37 98 46 22 242 185 26 27 34 20 4 7 30 89 56 12 44 74 20 0 2 9 4 4 14 0 9 15 14 0 49 8 17 1 2 15 72 3 0 0 0 0 0 0 0 0
3 7 0 0 0 0 0 0 3 4 0 0 0 0 0 15 8 4 1 0 1 1 4 0 3 2 5 3 0 3 2 0 1 0 0 8 3 0 0 0 0 0 0 0 0 0 0 0 0 16 0 0 0 2 30 161 32 37 11 0 0 7 3 55 0 0 0 0 0 44 62 36 116 118 56 71 118 149 274 555 285 244 268 23 202 86 58 126 47 272 889 1416 360 858 408 199 108 501 345 540 607 810 543 381 329 163 67 37 1 6 9 9 35 37 14 0 5 34 94 172 281 617 116 9 2 0 3 0 3 4 3 3 0 0 14 2 0 1 0 0 73 6 2 0 0 0 0 0 0 0
11 3 0 0 0 0 0 0 5 0 4 0 1 0 0 1 0 1 7 31 10 6 0 0 0 0 0 2 5 3 1 6 0 0 15 114 39 22 2 0 0 0 0 0 0 0 0 0 0 10 50 25 1 3 10 33 32 5 12 24 0 0 42 5 0 0 0 0 1 58 82 125 139 106 210 50 32 88 100 538 980 710 321 73 2 119 87 14 8 228 1357 997 154 485 690 468 145 1142 460 465 354 567 820 359 29 154 36 43 5 2 0 1 2 21 7 11 47 5 2 16 335 130 5 0 1 5 2 3 8 0 5 0 0 0 0 0 6 0 3 0 2 4 0 0 0 0 0 2 0 0
1 0 0 0 0 0 0 0 0 1 11 0 0 1 0 0 0 1 0 1 3 1 2 0 0 0 0 0 0 3 3 4 6 4 0 4 0 1 4 1 0 0 0 0 0 0 0 0 0 2 2 2 8 13 6 32 13 2 41 22 5 22 8 0 5 5 0 0 4 76 78 71 155 303 248 106 229 117 561 480 1301 769 997 567 252 20 15 169 74 72 996 1131 160 620 645 334 193 288 381 61 30 267 201 231 57 93 112 25 20 31 52 173 194 34 88 49 3 2 16 20 92 69 8 1 4 6 7 4 0 0 1 1 0 0 0 0 1 15 0 0 0 0 2 0 0 0 0 0 0 0
1 0 0 0 0 0 0 0 2 5 2 0 0 0 0 0 0 0 0 0 0 0 0 0 0 0 0 0 0 2 2 0 0 0 9 4 0 0 8 12 0 0 0 0 0 0 0 0 0 0 0 0 7 14 3 8 1 26 61 49 90 79 49 9 10 21 0 0 8 134 4 6 42 41 78 55 83 125 414 812 987 653 1008 243 190 172 142 402 237 76 433 95 60 559 427 304 228 550 651 227 124 276 351 480 260 97 27 37 90 21 249 427 117 52 14 61 2 3 6 30 30 7 11 9 6 4 25 2 3 0 0 0 0 0 0 0 0 1 0 0 0 0 0 0 0 0 0 0 0 0
3 0 2 0 0 0 0 0 5 3 0 3 1 2 7 1 0 0 1 0 0 0 0 0 0 0 0 0 0 0 1 0 0 0 2 1 0 2 2 1 0 0 0 0 0 0 0 0 0 1 0 0 1 11 0 0 3 14 13 48 266 242 19 12 4 25 8 8 5 34 0 0 0 2 2 20 20 26 173 586 1048 1143 664 23 22 24 175 264 245 42 20 38 341 657 989 822 135 288 355 306 313 147 98 289 610 137 267 275 30 53 882 226 241 18 53 5 1 5 2 11 11 2 8 21 11 1 1 5 0 1 8 1 1 0 0 0 0 0 0 0 0 0 0 0 0 0 0 0 0 0
0 0 0 0 0 0 0 0 11 14 0 0 0 0 0 3 0 0 0 0 0 0 0 0 0 0 0 0 0 0 0 0 0 0 0 0 0 0 4 1 1 0 0 0 0 0 0 0 1 1 0 0 17 5 0 2 2 0 1 39 62 108 17 6 1 0 1 1 1 68 0 0 0 0 0 40 8 105 188 670 972 811 671 267 749 562 337 301 462 167 93 2 23 404 808 965 488 226 79 14 42 163 19 3 150 449 234 290 72 11 519 503 411 54 6 136 165 492 95 55 141 55 17 34 36 10 15 10 40 15 71 13 0 0 0 0 0 0 0 0 0 0 0 0 0 0 0 0 0 1
0 0 3 0 0 0 14 1 1 4 6 3 0 0 0 3 0 0 2 0 0 0 0 0 0 0 0 0 0 0 0 1 0 0 0 1 0 0 0 1 0 1 2 0 0 0 3 17 20 12 12 1 14 2 0 0 0 11 35 80 0 132 11 3 0 0 2 0 0 25 0 0 0 0 0 0 14 88 173 369 421 216 556 321 225 319 213 286 435 366 37 0 11 197 426 574 804 41 13 62 25 25 2 17 132 340 812 310 146 123 494 268 149 55 2 128 311 717 560 414 323 273 213 135 149 205 80 95 59 29 10 94 43 32 28 0 0 0 0 0 0 0 0 0 0 0 0 0 0 0
0 0 1 0 0 0 0 0 6 0 0 0 0 0 0 0 21 8 2 0 0 0 0 0 0 0 0 0 0 0 0 0 0 2 5 0 0 2 4 0 0 2 10 0 0 0 0 0 2 0 0 0 5 5 12 4 5 0 20 85 0 0 0 1 0 0 3 2 4 0 0 0 0 0 0 11 20 53 172 455 481 211 83 86 138 104 40 57 156 381 42 0 1 1 11 90 809 377 486 20 1 7 10 41 53 38 403 303 55 87 586 296 101 229 66 142 449 211 569 617 343 364 142 82 122 171 2 0 0 33 30 1 43 33 76 0 1 0 0 0 0 0 0 0 0 0 0 0 0 0
1 0 1 0 0 0 1 0 6 6 0 0 0 0 0 0 0 21 3 3 1 4 1 0 0 0 0 0 0 1 0 0 1 0 0 2 0 1 0 0 0 0 3 0 0 0 0 4 0 0 0 0 17 16 16 0 0 0 13 12 0 2 0 0 0 0 1 0 0 0 0 0 0 0 2 38 260 93 119 100 140 257 127 6 22 11 2 0 1 3 4 0 2 28 66 15 591 412 501 500 20 17 46 23 27 16 31 474 714 297 633 737 110 600 149 89 60 51 865 811 226 179 79 2 30 122 19 0 35 27 3 0 37 3 4 0 0 0 0 0 0 0 0 0 0 0 0 0 0 0
0 0 0 0 0 0 3 0 0 4 0 0 0 0 0 0 0 2 63 10 8 5 0 0 0 0 0 0 0 2 7 1 0 0 0 0 0 0 0 0 0 1 0 16 8 0 0 0 1 0 0 31 5 0 0 0 0 0 12 0 8 1 0 0 0 0 20 27 16 38 34 0 0 0 6 285 552 673 344 95 29 361 86 3 41 126 9 0 0 35 1 2 0 25 12 28 86 402 179 210 2 61 244 110 239 76 200 556 245 599 1176 858 742 173 204 137 431 358 859 354 227 116 0 1 0 36 7 0 9 4 1 0 11 2 0 0 0 0 0 0 0 0 0 0 0 0 0 0 0 0
0 0 0 0 0 0 0 1 3 4 0 0 0 0 0 0 0 1 1 1 13 0 0 1 1 22 0 0 0 0 0 0 0 0 0 0 0 0 0 0 0 0 0 2 15 2 0 0 0 12 9 44 0 0 0 0 4 8 17 14 79 50 7 15 8 177 135 92 190 32 29 1 11 2 93 709 1421 1032 341 59 1 96 41 6 8 62 41 15 0 31 14 17 3 14 0 1 52 329 277 138 24 97 495 349 1097 957 1737 1171 914 883 1255 822 565 480 400 251 107 102 61 143 74 172 63 11 0 14 46 7 11 20 38 0 0 0 0 0 0 0 0 0 0 0 0 0 0 0 0 0 0 0
0 0 0 0 0 0 0 28 96 0 0 0 0 0 0 0 0 0 0 0 0 5 5 3 0 0 0 0 0 4 0 0 0 0 0 0 0 0 0 0 0 0 0 0 0 2 0 0 0 20 57 124 4 0 0 0 21 108 20 86 13 10 4 35 37 49 80 71 40 45 157 79 126 113 501 845 1404 790 293 42 12 15 13 1 0 0 19 37 8 48 4 14 0 0 8 27 51 13 16 9 10 2 787 701 593 419 979 442 441 1166 1478 1082 1203 456 530 84 58 216 172 98 29 4 466 323 41 70 52 3 6 2 0 0 0 0 20 1 0 0 0 0 0 0 0 0 0 0 0 0 0 0
0 0 0 0 0 0 0 1 1 0 0 0 1 0 0 0 9 0 0 1 1 0 19 35 12 11 0 0 0 0 0 0 0 0 0 0 0 0 0 0 0 0 0 0 0 17 2 0 0 15 37 0 4 17 14 24 27 110 84 25 9 12 0 1 0 0 4 0 0 0 4 1 58 83 270 454 620 448 148 0 0 0 4 1 0 0 0 45 67 9 0 0 6 0 1 22 36 0 4 113 33 265 623 620 350 155 367 248 515 849 872 402 762 430 696 174 46 97 138 10 2 5 27 54 37 321 3 9 3 0 0 0 0 0 0 0 0 0 0 0 0 0 0 0 0 0 0 0 0 0
0 0 0 1 0 3 0 0 0 0 0 0 0 0 0 1 0 1 0 0 2 2 1 0 17 1 4 13 2 0 1 0 0 0 0 1 5 0 0 0 0 0 0 0 0 40 36 0 0 44 34 1 11 91 22 7 29 60 377 18 3 1 0 0 5 11 19 54 2 41 198 16 126 11 122 152 51 98 37 7 0 0 2 2 0 0 0 5 80 0 0 16 61 51 6 1 8 0 89 289 142 87 178 83 92 388 206 152 718 444 129 531 87 125 211 68 68 113 20 6 0 2 3 8 79 667 134 24 5 1 0 0 0 0 0 0 5 0 0 0 0 0 0 0 0 0 0 0 0 0
0 0 0 1 2 4 0 0 0 0 0 0 1 0 0 0 0 0 0 0 0 4 10 1 4 4 61 47 24 0 0 0 0 0 1 25 2 0 0 0 0 0 0 0 8 33 18 0 6 221 78 13 14 5 1 40 85 51 13 19 72 3 0 0 0 0 2 2 3 6 22 12 45 9 1 153 114 28 12 28 34 0 0 15 0 3 0 10 6 0 4 141 63 187 24 1 0 17 228 17 88 230 101 39 79 146 98 396 358 2 0 75 6 275 65 0 16 2 0 0 0 0 3 12 45 160 211 181 16 4 0 0 0 0 0 0 0 0 0 0 0 0 0 0 0 0 0 0 0 0
0 0 0 1 0 1 0 0 0 0 0 0 0 1 1 0 0 0 0 0 0 7 51 2 0 2 0 10 169 8 0 3 1 0 1 1 0 0 0 0 0 0 5 27 7 107 86 0 3 221 60 0 0 4 85 2 1 5 0 0 1 0 0 0 0 48 0 0 2 16 38 19 7 0 3 54 21 0 2 5 6 0 2 1 0 9 20 0 3 8 3 21 10 3 0 19 0 18 18 1 444 596 508 135 60 248 83 264 99 5 0 1 0 124 13 0 0 0 0 0 0 0 1 8 11 8 9 98 5 2 0 0 0 0 0 0 0 0 0 0 0 0 0 0 0 0 0 0 0 0
0 0 0 0 2 5 24 0 0 0 0 0 0 0 0 1 0 0 0 0 0 0 8 7 0 0 1 13 0 7 1 13 13 0 0 0 0 0 0 1 15 7 21 17 15 29 8 40 70 228 118 40 0 10 9 6 7 1 0 0 0 2 15 3 172 86 0 0 0 5 90 21 2 1 4 105 142 69 5 17 7 48 2 4 0 0 0 2 18 14 12 0 0 0 3 0 0 2 217 299 847 595 417 112 2 29 109 140 13 0 0 0 0 17 0 0 0 0 0 0 0 0 1 6 0 0 55 127 0 0 0 0 0 0 0 0 0 0 0 0 0 0 0 0 0 0 0 0 0 0
0 0 0 0 0 0 0 0 0 0 0 0 0 5 1 0 0 0 0 0 0 1 18 6 3 0 0 0 0 0 1 111 3 6 5 0 1 12 0 0 104 20 0 0 0 0 1 1 249 911 125 165 16 1 0 2 1 0 0 0 2 2 2 0 4 30 15 2 0 58 6 22 21 0 5 14 122 90 90 82 19 19 9 47 2 4 13 4 356 45 9 4 0 9 1 6 6 0 74 297 159 46 48 2 4 13 83 132 46 0 0 0 6 70 0 0 0 0 0 0 0 0 0 0 0 31 126 2 1 11 3 0 0 0 0 0 0 0 0 0 0 0 0 0 0 0 0 0 0 0
0 0 0 0 0 0 0 0 0 0 0 0 0 3 0 0 0 0 0 0 0 5 15 1 0 0 0 0 0 0 0 7 33 8 0 0 9 121 32 82 2 0 0 0 0 0 7 4 14 387 208 82 2 0 0 2 0 0 3 3 0 0 0 0 12 0 22 4 0 0 0 21 27 1 1 0 19 18 10 36 3 11 13 0 1 8 8 1 0 0 1 14 4 4 0 2 4 0 0 1 1 0 7 43 50 17 41 38 38 84 29 8 68 0 0 0 0 0 0 0 0 0 0 8 151 203 94 2 0 0 1 0 0 0 0 0 0 0 0 0 0 0 0 0 0 0 0 0 0 0
0 0 1 1 0 0 0 0 0 0 0 0 0 1 3 1 4 3 0 0 4 1 1 0 1 2 0 0 0 0 1 2 4 10 6 17 19 35 20 4 0 0 0 0 15 61 27 44 1 122 111 41 2 0 1 0 1 0 2 0 0 0 0 1 0 0 0 0 0 1 1 0 138 78 5 12 0 0 0 1 0 16 27 137 4 1 2 0 0 0 0 1 0 0 0 0 0 0 1 2 6 3 0 55 50 67 28 3 6 27 0 63 24 0 0 0 0 0 0 0 0 0 1 14 8 25 29 89 1 0 0 0 0 0 0 0 0 0 0 0 0 0 0 0 0 0 0 0 0 0
0 0 0 0 0 0 0 0 0 0 0 0 0 0 0 0 0 2 0 0 2 0 0 0 0 2 1 0 0 0 0 0 10 16 47 0 2 55 0 0 0 0 0 2 17 32 50 0 0 15 29 42 8 2 14 0 0 0 0 1 0 0 0 0 2 0 0 2 0 0 3 0 2 1 20 1 0 0 0 0 0 0 11 65 16 2 0 0 0 0 3 0 2 0 1 0 4 3 0 3 10 3 2 24 470 0 0 4 0 0 0 9 10 0 0 4 12 0 1 0 0 0 0 0 0 37 43 19 0 0 0 0 0 0 0 0 0 0 0 0 0 0 0 0 0 0 0 0 0 0
0 0 0 0 0 0 0 0 0 0 0 0 0 0 5 0 0 0 8 0 0 12 1 5 0 0 0 3 0 0 0 0 10 62 22 0 0 14 1 0 1 0 0 4 76 8 0 0 3 0 36 1 0 3 0 0 0 0 0 0 0 0 0 2 5 3 0 1 0 1 0 1 1 5 4 3 2 0 0 0 6 0 0 5 1 4 4 3 1 11 0 2 2 2 16 0 0 2 0 4 6 19 3 97 219 120 0 9 0 0 0 0 25 4 35 8 0 0 0 2 5 28 0 0 0 54 18 38 1 1 0 0 0 0 0 0 3 18 0 0 0 0 0 0 0 0 0 0 0 0
0 0 0 0 0 0 0 0 1 0 0 0 0 0 2 0 0 3 2 0 0 5 2 5 0 0 1 10 7 0 0 12 1 2 4 0 0 0 2 2 2 1 0 16 73 5 0 0 0 16 19 20 0 3 0 0 0 0 0 0 0 0 0 0 5 1 0 0 1 0 3 0 0 0 0 0 1 1 0 0 0 0 3 0 2 4 5 11 1 0 0 2 0 0 0 2 1 0 0 2 13 9 4 1 37 510 36 6 0 0 0 0 0 6 23 31 0 0 2 5 0 0 0 0 77 147 6 25 0 0 0 0 0 0 0 0 2 13 0 0 0 0 0 0 0 0 0 0 0 0
0 0 0 0 0 0 0 0 0 0 0 0 0 1 3 1 18 28 5 0 1 24 15 2 0 0 0 0 0 5 26 4 0 6 0 0 1 0 13 16 45 100 4 164 157 17 8 1 1 0 2 32 14 9 0 1 0 0 0 0 0 0 0 1 0 0 0 0 1 1 16 2 0 0 0 0 0 0 0 0 0 0 0 0 0 0 1 17 11 0 1 0 3 2 0 0 0 0 0 1 0 7 13 4 34 406 446 30 3 0 0 0 0 1 0 0 27 133 59 6 0 0 0 31 72 15 57 242 264 3 0 0 0 0 3 1 0 4 0 0 0 0 0 0 0 0 0 0 0 0
0 0 0 0 0 0 0 3 0 2 0 2 14 3 1 7 28 124 2 6 0 0 0 0 0 0 0 10 32 10 3 0 5 6 2 4 3 5 32 127 429 643 306 225 109 8 0 0 1 0 0 1 43 7 4 0 0 0 0 0 0 0 0 0 0 0 0 0 0 0 5 1 0 0 3 3 0 0 0 0 0 2 1 0 7 0 0 0 2 0 0 0 0 0 1 0 0 0 0 0 1 3 21 37 141 364 179 245 15 0 0 0 0 0 0 0 193 88 13 0 0 0 7 86 135 114 848 356 296 35 0 0 1 40 0 0 0 0 0 0 0 0 0 0 0 0 0 0 0 0
0 0 0 0 0 0 0 1 8 6 9 52 18 2 0 1 1 8 0 1 2 4 6 34 8 9 6 2 0 0 7 9 0 3 24 3 0 3 244 476 636 936 647 627 49 5 2 2 4 0 2 0 48 106 12 1 0 0 0 0 0 0 0 0 0 0 0 0 0 0 0 0 0 0 0 0 0 0 4 0 1 0 1 0 5 0 0 0 0 0 0 0 1 0 0 0 0 0 0 0 0 0 16 8 7 23 10 99 22 0 0 0 1 0 99 78 426 291 26 34 17 7 10 80 134 39 143 205 392 434 57 34 36 99 4 0 0 0 0 0 0 0 0 0 0 0 0 0 0 0
0 0 0 0 0 0 0 2 2 8 7 5 3 0 2 5 0 2 4 2 2 27 112 23 0 0 0 0 1 0 3 4 0 0 1 11 12 48 48 154 470 491 478 171 28 2 2 1 1 7 1 1 21 0 1 0 0 0 0 0 0 0 0 0 0 0 0 0 0 0 0 0 0 0 0 0 0 0 1 0 1 2 6 2 22 1 0 0 3 0 0 0 1 1 0 0 0 0 0 0 0 0 2 7 5 1 0 4 42 2 6 2 3 1 111 615 771 482 164 127 68 88 7 4 1 3 44 237 13 44 12 203 568 55 28 3 0 0 0 0 0 0 0 0 0 0 0 0 0 0
0 0 0 0 0 0 1 4 1 1 3 1 1 0 0 3 0 0 18 33 216 46 9 0 0 0 0 0 2 17 3 3 9 15 5 0 0 12 0 162 392 284 300 196 59 7 13 0 1 5 0 0 15 1 9 0 0 0 0 0 0 0 0 0 0 0 0 0 0 0 0 0 0 0 0 0 0 0 0 2 17 3 28 173 25 0 0 0 0 0 0 0 0 0 2 0 0 0 0 0 0 0 0 0 1 2 4 4 184 105 265 308 116 139 352 934 522 246 82 440 60 181 0 1 34 28 86 106 5 0 22 173 328 62 54 4 0 0 0 0 0 0 0 0 0 0 0 0 0 0
0 0 0 0 0 0 0 13 1 6 0 15 6 5 0 16 23 19 13 11 36 1 0 0 0 0 0 0 0 23 3 21 6 12 3 16 7 0 2 5 19 122 39 4 0 0 0 0 0 0 3 0 61 0 1 0 1 0 0 0 0 0 0 0 0 0 0 0 0 0 0 0 0 0 0 0 0 4 4 1 0 1 2 2 0 0 0 0 0 0 3 0 1 1 1 0 0 0 0 0 0 0 0 0 0 7 6 24 86 63 127 89 33 359 716 452 344 357 74 327 69 13 0 0 8 13 26 0 3 0 59 287 0 0 0 0 0 0 0 0 0 0 0 0 0 0 0 0 0 0
0 0 13 0 0 10 15 10 3 2 0 2 0 4 17 6 2 2 22 33 19 0 0 0 0 0 0 0 1 12 43 0 2 1 7 0 0 7 2 0 1 12 1 0 0 0 0 0 1 1 0 3 335 5 10 22 10 0 0 0 0 0 0 0 0 0 0 0 0 0 0 0 0 0 0 0 0 0 0 0 0 0 0 0 0 0 0 0 0 0 0 0 0 0 0 0 2 0 0 0 0 0 0 0 0 2 10 73 71 22 2 27 204 208 182 356 156 166 164 162 304 1 0 0 0 0 0 0 0 0 3 53 23 0 0 0 0 0 0 0 0 0 0 0 0 0 0 0 0 0
0 0 1 0 1 1 7 9 0 1 5 0 7 19 3 8 35 10 10 0 2 2 14 0 0 0 0 17 7 34 25 69 10 2 2 1 2 2 3 0 2 14 0 0 0 0 0 0 0 0 1 42 90 33 0 15 0 1 0 0 0 0 0 0 0 0 0 0 0 0 0 0 0 0 0 0 0 2 0 0 0 0 0 0 0 0 0 0 1 0 0 0 16 30 2 1 0 0 0 0 0 0 0 0 1 2 8 59 619 4 0 0 0 0 1 1 25 14 281 635 45 0 0 0 0 2 5 0 0 0 0 2 61 4 0 0 0 0 0 0 0 0 0 0 0 0 0 0 0 0
2 15 2 4 0 3 15 50 4 3 14 5 7 0 2 118 46 20 5 8 1 1 5 0 0 2 0 13 1 5 17 6 2 0 1 1 3 0 2 0 2 0 0 0 0 0 1 0 0 0 0 51 4 65 28 0 0 0 0 0 0 0 0 0 0 0 0 0 0 0 0 0 0 0 0 0 0 1 0 0 0 0 0 0 0 0 0 0 11 0 0 0 1 9 0 0 0 0 0 0 0 0 0 1 7 0 11 29 188 0 0 0 0 0 2 0 0 2 98 251 75 1 1 0 6 54 0 0 0 50 77 15 43 15 0 0 0 0 0 0 0 0 0 0 0 0 0 0 0 0
1 0 0 0 0 0 3 0 0 8 117 10 2 0 19 39 30 22 2 1 0 1 3 0 0 0 16 0 0 1 0 0 0 4 6 0 0 0 0 3 0 19 6 0 16 0 2 0 1 0 8 27 61 23 30 9 0 0 0 0 0 0 0 0 0 0 0 0 0 0 0 0 0 0 0 0 0 36 124 2 1 1 1 0 0 0 0 68 13 0 0 0 3 0 0 0 0 0 0 0 2 0 0 0 0 15 2 8 63 9 0 0 0 1 12 17 129 422 58 51 414 76 7 18 229 39 0 0 0 190 139 0 0 0 0 0 0 0 0 0 0 0 0 0 0 0 0 0 0 0
0 1 0 1 0 0 3 6 12 2 7 72 2 11 1 2 3 10 0 1 1 0 0 4 4 3 7 0 21 1 0 0 0 1 0 0 0 0 2 0 1 8 20 11 1 0 6 1 0 0 1 70 17 3 0 0 0 0 0 0 0 0 0 0 0 0 0 0 0 0 0 0 0 0 0 1 0 3 40 8 0 1 0 0 0 0 0 13 0 0 0 0 0 1 0 0 0 0 0 0 1 0 0 4 19 0 22 16 25 16 0 0 0 0 29 384 371 455 38 34 89 172 202 329 127 2 0 1 21 414 160 0 0 0 0 0 0 0 0 0 0 0 0 0 0 0 0 0 0 0
0 0 2 0 0 0 12 5 2 0 7 54 1 2 0 0 1 2 0 4 0 0 0 1 0 0 3 5 2 0 0 0 0 0 0 0 0 0 2 0 0 2 0 1 1 3 0 0 0 0 1 88 1 4 0 1 0 0 0 0 0 0 0 0 0 0 0 0 0 0 0 0 0 0 0 0 2 6 34 51 9 31 12 0 0 0 0 0 0 0 0 0 0 1 0 0 0 0 0 2 0 0 1 2 1 1 4 5 34 0 0 0 16 9 9 27 0 107 511 269 8 214 976 485 316 337 288 282 1152 1672 796 14 0 0 0 0 0 0 0 0 0 0 0 0 0 0 0 0 0 0
0 1 0 0 0 6 16 1 1 9 30 5 1 0 6 3 1 2 0 1 0 0 0 0 1 9 33 50 0 0 0 0 1 1 2 0 0 0 0 40 1 1 0 0 1 3 7 2 2 0 4 350 49 0 0 8 0 0 0 0 0 0 0 0 0 0 0 0 0 0 0 0 0 0 0 1 5 22 92 1 2 165 8 0 0 0 0 0 0 2 0 0 0 0 0 1 0 1 0 0 0 0 1 0 0 11 1 1 15 3 0 9 25 0 0 1 0 205 413 476 349 572 306 1064 1785 1123 946 1073 1145 728 1098 2 0 0 0 0 0 0 0 0 0 0 0 0 0 0 0 0 0 0
0 0 0 0 8 13 0 1 16 4 1 2 14 2 2 12 2 5 1 0 0 0 0 0 0 12 12 0 5 0 0 1 0 0 6 1 0 2 1 0 2 0 2 0 1 0 0 0 13 18 724 528 2 85 3 2 1 0 0 14 0 5 4 0 0 0 0 0 0 0 0 0 0 0 0 2 0 0 4 0 0 3 0 0 0 0 0 0 4 1 0 0 0 0 0 0 0 0 4 1 0 0 8 0 0 1 13 21 8 3 1 4 7 0 5 6 0 52 410 1349 1346 774 301 819 1680 1009 228 733 670 14 129 29 0 0 0 0 0 0 0 0 0 0 0 0 0 0 0 0 0 0
2 3 0 18 9 0 2 0 17 5 2 0 7 2 0 0 1 4 0 0 0 0 0 0 5 2 0 0 0 0 0 38 38 0 0 0 0 0 2 0 0 0 0 0 0 0 3 0 1 31 982 931 605 720 54 29 0 8 6 2 0 0 0 0 0 0 0 0 0 0 0 0 0 0 0 0 0 0 0 29 0 0 0 0 0 0 0 0 67 0 0 8 2 0 0 0 0 0 0 1 0 0 58 49 8 8 113 7 2 0 0 1 0 1 0 6 6 0 91 535 331 615 313 1924 1658 905 250 333 4 642 2027 386 0 0 0 0 0 0 0 0 0 0 0 0 0 0 0 0 0 0
2 0 8 31 1 0 16 6 13 6 4 43 1 0 2 0 0 1 0 0 0 0 0 1 5 0 0 1 0 0 0 7 11 0 1 0 0 0 0 0 0 1 0 0 0 0 0 0 1 16 308 443 573 457 106 67 2 1 0 0 5 1 1 3 0 0 0 0 0 0 0 0 0 0 1 0 0 0 0 43 0 2 0 0 0 0 0 1 14 0 0 7 48 0 0 0 0 0 0 3 17 25 26 17 5 2 1 2 0 0 0 0 0 0 0 1 2 6 3 13 242 190 68 445 1426 1165 533 424 408 1210 505 290 0 0 0 0 0 0 0 0 0 0 0 0 0 0 0 0 0 0
10 4 4 11 2 4 4 13 5 1 0 3 4 0 0 0 0 0 0 0 0 0 0 0 2 0 0 0 3 0 4 0 0 0 0 0 0 0 0 0 0 0 0 0 0 0 3 2 0 0 37 201 294 119 47 8 2 0 2 0 0 0 0 0 0 0 0 0 0 0 0 0 0 0 0 0 0 0 0 0 4 0 0 0 0 0 27 14 12 0 3 153 113 1 0 0 0 0 0 0 22 12 39 246 25 0 2 0 0 0 0 0 0 0 0 0 2 3 12 9 88 542 554 433 286 684 1054 1599 240 152 115 235 0 0 0 0 0 0 0 0 0 0 0 0 0 0 0 0 0 0
0 1 21 0 3 0 9 58 9 8 11 3 1 2 0 0 0 0 0 0 0 0 0 1 0 0 0 0 1 0 0 0 0 0 0 0 0 0 0 1 1 0 0 0 0 0 0 0 5 4 1 23 71 9 10 0 0 62 69 0 0 0 1 0 0 0 0 0 0 0 0 0 0 0 0 0 0 0 0 0 0 5 8 6 6 11 1 0 0 0 53 111 114 0 0 0 0 2 2 4 62 246 277 430 225 18 1 1 0 0 0 0 0 0 0 0 0 9 21 205 479 846 1497 2075 744 232 1448 2395 1492 1 0 1 0 0 0 0 0 0 0 0 0 0 0 0 0 0 0 0 0 0
0 15 16 0 9 12 5 32 8 10 2 0 0 2 0 0 0 0 0 0 0 0 1 0 0 0 0 1 5 0 0 0 0 0 0 0 0 0 0 0 1 1 0 0 1 0 0 0 3 1 0 9 58 3 10 0 0 2 113 15 3 0 0 0 0 0 0 0 0 0 0 0 0 0 0 0 0 0 0 0 1 2 8 0 0 6 1 0 3 38 16 46 64 4 4 7 1 0 0 4 143 325 748 164 328 109 0 0 1 0 0 0 0 3 0 0 2 44 178 608 645 22 18 162 240 307 278 1090 247 3 40 1 0 0 0 0 0 0 0 0 0 0 0 0 0 0 0 0 0 0
13 4 113 10 61 128 88 11 2 6 1 6 1 13 0 0 1 0 0 0 0 0 0 0 0 0 2 0 0 0 0 0 0 0 0 0 0 0 0 0 3 11 1 0 0 0 0 0 2 3 0 4 23 0 1 0 0 0 1 17 2 0 0 0 0 0 0 0 0 0 0 0 0 0 0 0 0 0 0 0 2 12 0 0 7 0 0 0 0 1 1 0 12 2 0 0 0 0 0 2 2 56 869 208 124 205 11 0 0 0 0 0 0 0 0 5 102 238 15 3 0 0 0 0 20 220 127 319 292 17 1 2 0 0 0 0 0 0 0 0 0 0 0 0 0 0 0 0 0 0
3 16 224 145 349 441 219 36 6 0 0 0 1 0 0 0 0 0 0 0 1 13 0 0 0 0 0 0 0 0 0 0 0 0 0 0 0 0 0 0 0 1 0 10 4 7 0 12 1 0 0 11 13 1 0 2 1 1 14 3 0 0 0 0 0 0 0 0 0 0 0 0 0 0 0 0 0 0 0 12 2 0 1 0 0 0 4 21 1 0 0 0 0 0 0 0 0 0 0 0 0 54 507 145 167 114 0 2 0 0 2 0 0 0 4 72 134 0 9 28 0 0 0 0 17 352 177 470 216 2 8 0 0 0 0 0 0 0 0 0 0 0 0 0 0 0 0 0 0 1
3 100 308 868 481 270 157 62 0 0 0 4 2 0 0 0 0 0 0 0 0 2 0 0 8 0 0 1 0 0 0 0 0 0 0 0 0 0 0 1 0 3 2 3 4 0 0 4 69 0 0 0 15 0 0 3 3 0 0 1 0 5 0 0 0 0 0 0 0 0 0 0 0 0 0 0 1 6 2 0 0 0 0 0 0 0 12 1 2 0 0 0 0 0 0 2 0 0 0 0 5 6 12 33 99 37 0 0 0 0 5 0 17 34 7 0 0 0 1 27 32 45 1 0 21 73 46 414 61 1 0 0 0 0 0 0 0 0 0 0 0 0 0 0 0 0 0 0 0 0
0 3 229 206 155 137 32 19 1 2 0 1 0 0 0 0 0 0 1 4 12 8 0 0 0 0 0 0 1 2 0 0 0 0 0 0 0 0 0 0 0 0 0 0 0 1 0 4 3 6 0 0 0 0 0 2 0 0 0 0 0 0 0 0 0 0 0 0 0 0 0 0 0 0 0 0 0 3 0 0 0 0 0 0 0 0 10 0 0 0 0 0 0 0 0 14 0 0 0 417 624 59 100 134 5 33 16 0 0 3 1 27 26 1 0 0 0 0 3 13 104 83 202 126 46 62 4 0 0 2 0 0 0 0 0 0 0 0 0 0 0 0 0 0 0 0 0 0 0 0
15 17 98 100 78 50 2 2 1 1 14 0 0 0 0 0 1 0 0 0 2 63 0 0 0 0 0 0 0 0 0 0 0 1 1 0 1 0 0 0 0 0 1 0 0 22 10 0 0 0 1 0 0 0 1 12 0 0 0 0 0 0 0 0 0 0 0 0 0 0 0 0 0 0 0 0 1 3 0 0 0 0 0 0 0 2 27 0 0 4 29 0 0 0 99 117 69 2 131 1258 491 509 228 44 0 2 23 45 0 0 19 0 1 0 0 0 1 0 28 28 116 18 25 64 27 28 27 13 55 29 19 0 0 0 0 0 0 0 0 0 0 0 0 0 0 0 0 0 0 0
132 9 94 4 0 0 2 1 0 0 1 0 0 0 0 0 0 0 1 1 0 15 1 0 0 0 0 0 0 1 2 0 0 0 4 0 0 0 0 0 0 0 0 0 1 4 0 2 1 0 1 0 1 1 51 23 6 0 0 0 0 0 0 0 0 0 0 0 0 0 0 0 0 0 7 0 1 0 0 0 0 0 0 0 0 0 18 0 0 0 1 0 1 4 140 305 56 0 58 185 1 0 1 13 0 0 0 102 338 108 0 0 0 1 2 0 0 1 1 0 40 1 6 1 54 113 132 52 262 67 83 0 0 0 0 0 0 0 0 0 0 0 0 0 0 0 0 0 0 0
18 1 4 4 0 0 0 0 0 0 0 6 0 0 0 0 0 0 0 0 0 1 0 0 0 0 0 0 0 0 5 47 0 0 0 0 0 0 0 0 1 0 0 0 2 1 0 0 0 0 0 0 4 0 15 2 0 0 0 0 0 0 0 0 0 0 0 0 0 0 0 0 0 0 1 4 0 0 0 0 0 0 0 0 0 0 48 49 228 62 26 7 16 15 1 44 20 4 0 0 5 8 0 0 5 1 151 255 72 74 0 0 0 0 0 0 0 0 0 3 4 50 5 11 25 135 157 194 115 223 44 1 0 0 0 0 0 0 0 0 0 0 1 0 0 0 0 0 0 0
0 0 0 4 4 0 0 0 0 0 0 0 0 0 0 0 0 1 0 2 1 0 0 0 0 0 0 0 0 0 0 0 0 7 0 1 0 0 0 0 0 0 0 0 0 3 1 0 0 0 0 0 3 42 9 4 0 0 0 0 0 0 0 0 0 0 0 0 0 0 0 0 0 0 0 0 0 0 0 0 0 0 0 0 0 0 0 0 69 0 0 0 0 2 0 29 0 2 6 0 2 5 0 0 0 169 778 493 108 118 0 0 0 0 0 0 0 0 20 5 4 18 2 6 1 2 104 42 8 20 15 4 0 0 0 0 0 0 0 0 0 0 0 0 0 0 0 0 0 0
1 0 3 0 0 0 0 0 0 0 0 0 0 0 0 0 0 0 0 3 0 0 0 6 0 0 0 1 0 0 0 0 0 0 0 0 0 0 0 0 0 0 0 0 0 1 0 0 0 0 2 1 1 91 4 1 0 0 0 0 0 0 0 0 0 0 0 0 0 0 0 9 2 0 0 0 0 0 0 0 0 0 0 0 0 0 0 0 0 0 0 0 2 16 0 0 1 0 7 4 1 0 0 0 29 69 133 33 71 208 0 0 0 0 0 0 0 0 2 6 0 1 0 114 80 31 214 61 19 24 2 0 0 0 0 0 0 0 0 0 0 0 0 0 0 0 0 0 0 0
0 0 0 0 6 43 0 0 0 0 0 0 0 0 0 0 0 1 0 0 0 0 0 0 0 0 4 0 0 0 0 15 0 0 0 0 0 0 0 0 0 0 5 3 1 1 0 0 0 0 3 0 4 0 0 0 0 0 0 0 0 0 0 0 0 0 0 0 0 1 2 0 0 0 0 0 0 0 0 0 0 0 0 0 0 0 0 0 0 0 0 44 182 12 0 0 0 0 0 0 0 0 12 2 65 16 0 1 0 7 6 0 0 0 0 0 0 0 0 0 1 3 4 12 0 0 0 345 8 6 1 0 0 0 0 0 0 0 0 0 0 0 0 0 0 0 0 0 0 0
1 0 0 0 65 16 0 0 0 0 0 0 0 0 6 0 0 0 3 0 0 0 0 0 0 0 1 0 11 0 3 0 0 0 0 0 0 0 0 2 0 0 0 4 1 5 0 0 0 1 0 0 0 6 2 1 0 0 0 0 0 0 0 0 0 0 0 0 0 0 0 0 0 0 0 0 0 0 0 0 0 0 0 0 0 0 0 0 27 30 153 537 98 6 0 0 0 0 0 2 24 399 126 35 12 14 1 0 0 2 4 0 0 0 0 0 0 0 0 0 0 0 0 0 0 18 194 37 0 0 0 0 0 0 0 0 0 0 0 0 0 0 0 0 0 0 0 0 0 0
0 0 0 0 2 0 2 0 0 0 0 0 0 6 0 0 0 0 0 0 0 0 0 0 0 0 1 0 0 8 0 0 0 0 0 3 0 0 0 0 0 0 0 0 3 9 0 0 0 0 2 0 0 0 6 1 0 0 0 0 0 0 0 0 0 0 0 0 7 2 0 0 0 0 0 0 0 0 0 0 0 0 0 0 0 0 0 0 7 75 208 95 80 20 0 0 0 0 0 9 67 107 65 16 0 0 3 0 0 0 2 0 1 0 0 0 0 0 0 1 0 47 57 0 0 55 23 3 0 0 0 0 0 0 0 0 0 0 0 0 0 0 0 0 0 0 0 0 0 0
0 0 0 2 0 4 0 0 0 0 0 0 18 17 0 0 1 1 1 0 0 0 0 0 0 2 3 1 0 23 0 0 0 0 0 0 0 0 0 0 0 0 0 0 0 7 4 0 0 2 2 0 2 10 13 0 0 0 0 0 0 0 0 0 0 0 0 10 72 0 0 0 0 0 0 0 0 0 0 0 0 0 0 0 0 0 0 2 0 0 0 1 16 3 30 4 0 1 0 6 11 0 1 0 0 0 0 0 0 17 5 30 0 0 0 0 0 0 0 0 0 0 0 0 0 0 0 4 0 0 0 0 0 0 0 0 0 0 0 0 0 0 0 0 0 0 0 0 0 0
0 0 0 0 2 0 1 0 0 0 0 0 0 0 5 0 0 0 0 0 0 0 0 0 0 0 1 0 0 0 0 0 0 0 0 0 0 0 0 0 0 0 1 0 1 1 0 2 0 0 0 0 0 6 5 5 2 0 1 0 0 0 0 0 0 0 13 18 16 0 0 0 0 0 0 0 0 0 0 0 0 0 0 0 9 0 1 1 0 2 0 0 3 0 7 8 5 34 8 4 6 0 0 0 1 0 0 2 23 55 129 410 15 4 1 0 0 0 0 0 0 0 0 0 0 0 0 0 0 0 0 0 0 0 0 0 0 0 0 0 0 0 0 0 0 0 0 0 0 0
0 0 0 0 0 3 0 2 0 0 0 1 0 0 1 0 0 0 0 0 0 0 0 0 1 0 0 0 1 0 0 0 0 0 0 0 0 0 0 0 0 0 0 0 0 4 0 2 4 1 0 0 0 2 3 50 66 2 2 0 0 0 0 0 1 15 40 79 4 0 0 2 0 0 0 0 0 0 0 0 0 0 0 11 45 0 0 1 2 0 0 0 0 0 0 20 52 20 7 0 2 0 0 1 0 0 0 2 42 28 245 11 2 3 1 0 0 0 0 0 0 0 0 0 0 0 0 0 0 0 0 0 0 0 0 0 0 0 0 0 0 0 0 0 0 0 0 0 0 0
0 0 0 0 1 0 0 0 0 0 0 0 0 0 0 1 1 0 0 0 0 0 0 0 0 0 0 0 0 0 0 0 0 0 0 0 2 0 0 0 0 0 0 0 0 4 2 2 60 2 3 0 0 0 3 3 6 7 16 7 16 5 3 7 6 4 0 1 0 0 0 0 0 0 0 0 0 0 0 0 0 0 0 0 0 0 0 3 0 0 0 0 0 0 9 113 8 0 0 0 0 0 0 0 24 32 164 706 102 80 19 0 4 15 0 0 0 0 0 0 0 0 0 0 0 0 0 0 0 0 0 0 0 0 0 0 0 0 0 0 0 0 0 0 0 0 0 0 0 0
0 0 17 0 1 29 0 6 6 0 2 0 0 0 1 0 0 0 0 0 0 0 0 0 0 0 0 0 0 0 2 0 0 0 0 0 0 0 3 3 0 0 0 0 0 0 13 4 2 2 5 0 1 5 15 1 0 0 0 0 0 0 0 2 7 0 1 7 0 10 0 11 0 0 0 0 0 0 0 0 0 0 0 0 0 0 0 0 0 0 11 4 0 1 56 29 4 0 0 0 0 0 0 11 32 66 155 441 171 159 63 71 34 7 0 0 0 0 0 0 0 0 0 0 0 0 0 0 0 0 0 0 0 0 0 0 0 0 0 0 0 0 0 0 0 0 0 0 0 0
0 0 0 0 15 71 1 0 0 0 0 0 0 1 0 0 1 1 0 0 0 0 0 0 0 0 0 0 0 0 0 0 0 0 0 0 0 0 0 0 0 0 0 0 0 0 0 0 1 0 2 0 4 3 8 0 0 0 1 0 0 2 3 0 2 1 2 3 2 0 0 0 3 0 0 0 0 0 0 0 0 0 0 0 0 0 0 0 0 0 0 0 8 20 1 17 165 0 0 0 0 0 0 47 77 48 1 0 9 74 0 8 4 0 0 0 0 0 0 0 0 0 0 0 0 0 0 0 0 0 0 0 0 0 0 0 0 0 0 0 0 0 0 0 0 0 0 0 0 0
0 0 0 0 0 2 0 0 5 2 0 0 0 0 0 0 0 0 4 0 0 0 0 0 0 0 0 0 0 0 0 4 0 0 0 0 0 0 0 0 0 0 0 0 0 0 0 0 1 2 0 1 0 4 0 0 0 0 3 21 0 5 1 0 0 0 0 0 0 0 1 0 6 1 0 0 0 0 0 0 0 0 0 0 0 0 0 0 1 0 0 29 37 9 5 63 29 0 0 0 0 0 0 0 2 0 0 0 0 0 25 49 0 0 0 0 0 0 0 0 0 0 0 0 0 0 0 0 0 0 0 0 0 0 0 0 0 0 0 0 0 0 0 0 0 0 0 0 0 0
0 0 1 3 0 0 0 0 1 2 0 0 2 2 0 0 0 0 0 0 0 0 0 0 0 0 0 0 0 0 0 0 0 0 0 0 0 0 0 0 0 0 0 0 0 0 0 0 0 0 10 1 1 0 0 0 0 0 6 2 6 0 0 0 0 0 0 0 0 0 2 1 0 0 0 0 0 0 0 0 0 0 0 0 0 0 0 0 9 2 12 25 216 32 0 0 0 0 0 0 0 0 2 0 0 0 0 0 0 42 175 6 0 0 0 0 0 0 0 0 0 0 0 0 0 0 0 0 0 0 0 0 0 0 0 0 0 0 0 0 0 0 0 0 0 0 0 0 0 0
0 0 0 0 2 0 0 0 0 0 0 0 0 2 0 0 0 3 1 0 0 0 0 0 0 0 0 0 0 0 0 0 0 0 0 0 0 0 0 0 0 0 0 0 0 0 0 0 0 0 1 0 0 0 0 0 0 0 1 10 3 2 0 0 0 0 0 0 0 0 0 0 0 0 0 0 0 0 0 0 0 0 0 0 0 0 0 0 0 4 8 71 321 0 0 6 0 0 0 0 0 0 0 0 0 0 0 3 9 21 58 5 0 0 0 0 0 0 0 0 0 0 0 0 0 0 0 0 0 3 0 0 0 0 0 0 0 0 0 0 0 0 0 0 0 0 0 0 0 0
0 0 0 0 0 0 0 0 0 0 0 6 2 3 0 0 0 0 2 0 0 0 0 0 0 0 0 0 0 0 0 0 0 0 0 0 0 0 0 0 0 0 0 0 0 0 0 0 0 0 0 0 0 0 0 1 0 3 3 11 4 1 0 0 0 0 0 0 0 0 3 50 6 0 0 0 0 0 0 0 0 0 0 0 0 0 0 0 1 4 46 21 24 18 25 1 0 0 0 0 0 0 0 0 0 0 0 0 0 0 0 0 0 0 0 0 0 0 0 0 0 0 0 0 0 0 0 0 0 0 0 0 0 0 0 0 0 0 0 0 0 0 0 0 0 0 0 0 0 0
0 0 0 0 0 0 0 0 0 0 0 0 0 0 0 0 0 0 0 0 0 2 9 32 0 0 0 0 0 0 0 0 0 0 0 0 0 0 0 0 0 0 0 0 0 0 0 0 0 0 0 2 1 1 6 2 0 0 0 0 2 11 5 0 0 0 0 0 0 0 0 3 0 0 5 0 0 0 0 0 0 0 0 0 0 0 0 0 0 7 4 26 23 26 20 2 0 0 0 0 0 0 0 0 0 0 0 0 0 0 0 0 0 0 0 0 0 0 0 0 0 0 0 0 0 0 0 0 0 0 0 0 0 0 0 0 0 0 0 0 0 0 0 0 0 0 0 0 0 0
0 0 0 0 0 0 0 0 0 0 0 0 1 0 0 0 0 0 0 0 0 1 0 2 6 0 0 0 0 0 0 0 0 0 0 0 0 0 0 0 0 0 0 0 0 0 0 0 0 0 6 25 31 0 1 0 1 0 0 0 2 38 68 0 0 0 0 0 0 0 0 0 0 0 2 0 0 0 0 0 0 0 0 0 0 0 0 0 0 0 13 10 0 85 21 13 0 0 0 0 0 0 0 0 0 0 0 0 0 0 0 0 0 0 0 0 0 0 0 0 0 0 0 0 0 0 0 0 0 0 0 0 0 0 0 0 0 0 0 0 0 0 0 0 0 0 0 0 0 0
0 0 0 0 0 0 0 0 0 0 0 0 9 0 0 0 0 0 0 0 0 1 0 0 3 0 0 0 0 0 0 0 0 0 0 0 0 0 0 0 0 0 0 0 0 0 0 0 1 4 11 30 149 28 20 0 0 0 0 0 0 11 0 0 0 0 0 0 0 0 0 0 0 8 1 0 0 0 0 0 0 0 0 0 0 0 0 0 0 0 0 5 119 11 9 2 0 0 0 0 0 0 0 0 0 0 0 0 0 0 0 0 0 0 0 0 0 0 0 0 0 0 0 0 0 0 0 0 0 0 0 0 0 0 0 0 0 0 0 0 0 0 0 0 0 0 0 0 0 0
1 0 0 0 0 0 0 3 0 0 0 0 9 2 1 3 0 0 1 1 0 1 0 0 2 2 1 0 0 0 0 0 0 0 0 0 0 0 0 0 0 0 0 0 0 0 0 0 4 1 1 12 241 0 20 0 0 0 0 0 0 5 5 0 0 0 0 0 0 0 0 0 0 0 0 0 0 0 0 0 0 0 0 0 0 0 0 0 0 0 1 6 8 10 4 1 22 5 0 31 0 0 0 0 0 0 0 0 0 0 0 0 0 0 0 0 0 0 0 0 0 0 0 0 0 0 0 0 0 0 0 0 0 0 0 0 0 0 0 0 0 0 0 0 0 0 0 0 0 0
0 0 0 0 0 0 0 0 0 10 0 0 0 0 2 0 1 0 2 0 0 0 0 7 1 1 0 0 0 0 0 0 0 0 0 0 0 0 0 0 0 0 0 0 0 0 0 5 0 2 0 8 26 0 0 2 0 0 0 0 6 2 2 1 0 0 0 0 0 0 0 0 0 0 0 0 0 0 0 0 0 0 0 0 0 0 0 0 0 0 0 0 0 0 0 1 10 1 0 0 0 0 0 0 0 0 0 0 0 0 0 0 0 0 0 0 0 0 0 0 0 0 0 0 0 0 0 0 0 0 0 0 0 0 0 0 0 0 0 0 0 0 0 0 0 0 0 0 0 0
1 0 1 0 0 0 0 0 0 0 1 0 0 0 0 0 0 0 0 0 0 0 2 0 1 0 0 0 0 0 0 0 0 2 6 0 0 0 0 0 0 0 0 0 0 1 2 0 0 0 0 0 0 0 0 0 0 0 0 0 14 0 0 0 0 0 0 0 0 0 0 0 0 0 0 0 0 0 0 0 0 0 0 0 0 0 0 0 0 0 0 0 0 0 0 2 9 18 0 0 0 0 0 0 0 0 0 0 0 0 0 0 0 0 0 0 0 0 0 0 0 0 0 0 0 0 0 0 0 0 0 0 0 0 0 0 0 0 0 0 0 0 0 0 1 11 0 0 0 0
2 0 0 0 0 0 0 0 0 0 1 0 0 0 0 0 0 2 0 0 1 4 0 1 0 1 0 0 0 0 0 3 0 0 0 0 0 0 0 0 0 0 0 0 0 3 0 0 0 0 0 0 0 0 0 0 0 0 0 0 0 0 0 0 0 0 0 0 0 0 0 6 4 0 0 0 0 0 0 0 0 0 0 0 0 0 0 0 0 0 0 0 0 0 3 2 3 0 0 0 2 0 0 0 0 0 0 0 0 0 0 0 0 0 0 0 0 0 0 0 0 0 0 0 0 0 0 0 0 0 0 0 0 0 0 0 0 0 0 0 0 0 0 0 0 0 0 0 0 0
0 0 0 2 0 0 0 0 0 0 0 1 0 0 0 0 1 0 1 2 0 0 0 0 0 0 0 0 0 0 0 0 0 0 0 0 0 0 0 0 0 0 0 1 6 0 0 0 0 0 0 0 0 0 0 0 0 0 0 0 3 0 0 0 0 1 0 0 0 0 14 16 0 0 0 0 0 0 0 0 0 0 0 0 0 0 0 0 0 0 0 0 0 0 7 0 0 0 0 2 0 0 0 0 0 0 0 0 0 0 0 0 0 0 0 0 0 0 0 0 0 0 0 0 0 0 0 0 0 0 0 0 0 0 0 0 0 0 0 0 0 0 0 0 0 0 0 0 0 0
0 0 0 0 0 0 0 0 0 2 4 1 2 0 0 1 3 0 0 0 0 0 0 0 0 0 0 0 0 0 0 0 0 0 0 0 0 0 0 0 0 0 0 5 0 0 0 0 0 0 0 0 0 0 0 0 0 0 0 0 0 0 0 0 0 0 1 0 0 0 20 1 0 0 0 0 0 0 0 0 0 0 0 0 0 0 0 0 0 0 0 0 0 0 2 2 15 0 0 0 0 0 0 0 0 0 0 0 0 0 0 0 0 0 0 0 0 0 0 0 0 0 0 0 0 0 0 0 0 0 0 0 0 0 0 0 0 0 0 0 0 0 0 0 0 0 0 0 0 0
0 0 0 0 0 0 1 0 2 1 0 0 9 1 1 4 9 6 0 0 0 0 0 0 0 0 0 0 0 0 0 0 0 0 0 0 0 1 0 0 0 0 0 5 1 0 0 0 0 0 0 0 0 0 0 0 0 0 0 4 1 0 0 0 0 0 0 0 14 0 0 0 0 0 0 0 0 0 0 0 0 0 0 0 0 0 0 0 0 0 0 0 0 0 0 0 5 3 1 4 0 0 0 0 0 0 0 0 0 0 0 0 0 0 0 0 0 0 0 0 0 0 0 0 0 0 0 0 0 0 0 0 0 0 0 0 0 0 0 0 0 0 0 0 0 0 0 0 0 0
3 0 0 0 1 1 0 0 1 0 0 0 6 0 0 0 1 15 4 0 0 0 0 0 0 0 0 0 0 0 0 0 0 0 0 1 2 1 2 3 0 0 10 0 0 0 0 0 0 0 0 0 0 0 0 0 0 0 0 0 8 11 3 0 0 0 0 1 45 45 0 0 0 0 0 0 0 0 0 0 0 0 0 0 0 0 0 0 0 1 0 0 0 0 0 0 1 0 2 0 0 0 0 0 0 0 0 0 0 0 0 0 0 0 0 0 0 0 0 0 0 0 0 0 0 0 0 0 0 0 0 0 0 0 0 0 0 0 0 0 0 0 0 0 0 0 0 0 0 0
1 2 3 0 0 0 0 0 0 0 0 2 85 6 0 2 38 1 8 10 0 0 0 22 6 2 0 0 0 0 2 2 0 0 0 1 13 2 5 11 0 0 8 0 0 0 0 0 0 0 0 0 0 0 0 0 0 0 0 0 0 0 0 1 65 41 14 0 0 0 0 0 0 0 0 0 0 0 0 0 0 0 0 0 0 0 0 0 0 0 0 0 0 0 0 0 0 0 0 0 0 0 0 0 0 0 0 0 0 0 0 0 0 0 0 0 0 0 0 0 0 0 0 0 0 0 0 0 0 0 0 0 0 0 0 0 0 0 0 0 0 0 0 0 0 0 0 0 0 0
6 64 2 0 1 0 0 0 0 0 0 3 6 0 0 1 4 7 1 9 15 156 45 11 2 0 0 0 0 3 1 3 0 0 1 2 22 4 0 1 0 8 1 0 0 0 0 0 0 0 0 0 0 0 0 0 0 0 0 0 0 0 0 0 19 7 0 0 0 0 0 0 0 0 0 0 0 0 0 0 0 0 0 0 0 0 0 0 0 0 0 0 0 0 0 0 0 0 0 0 0 0 0 0 0 0 0 0 0 0 0 0 0 0 0 0 0 0 0 0 0 0 0 0 0 0 0 0 0 0 0 0 0 0 0 0 0 0 0 0 0 0 0 0 0 0 0 0 0 0
43 10 11 6 0 0 0 0 0 0 0 0 2 0 0 1 10 2 1 7 2 307 12 4 18 1 2 0 2 26 4 0 0 0 0 0 7 2 2 0 1 26 0 0 0 0 0 0 0 0 0 0 0 0 0 0 0 0 0 0 0 0 0 0 1 0 0 0 0 0 0 0 0 0 0 0 0 0 0 0 0 0 0 0 0 0 0 0 0 0 0 0 0 0 0 0 0 0 0 0 0 0 0 0 0 0 0 0 0 0 0 0 0 0 0 0 0 0 0 0 0 0 0 0 0 0 0 0 0 0 0 0 0 0 0 0 0 0 0 0 0 0 0 0 0 0 0 0 0 0
0 0 0 0 0 0 0 0 0 0 0 4 3 0 0 0 0 2 0 4 0 2 7 2 1 15 5 0 2 2 0 0 0 0 2 2 0 0 0 0 0 1 0 0 0 0 0 0 0 0 0 0 0 0 0 0 0 0 0 0 0 0 0 0 0 0 0 0 0 0 0 0 0 0 0 0 0 0 0 0 0 0 0 0 0 0 0 0 0 0 0 0 0 0 0 0 0 0 0 0 0 0 0 0 0 0 0 0 0 0 0 0 0 0 0 0 0 0 0 0 0 0 0 0 0 0 0 0 0 0 0 0 0 0 0 0 0 0 0 0 0 0 0 0 0 0 0 0 0 0
0 0 0 0 0 0 0 0 0 0 0 0 0 2 0 1 0 0 0 5 0 0 0 0 3 9 4 10 26 3 0 1 1 15 3 2 0 0 0 0 0 0 0 0 0 0 0 0 0 0 0 0 0 0 0 0 0 0 0 0 0 0 0 0 0 0 0 0 0 0 0 0 0 0 0 0 0 0 0 0 0 0 0 0 0 0 0 0 0 0 0 0 0 0 0 0 0 0 0 0 0 0 0 0 0 0 0 0 0 0 0 0 0 0 0 0 0 0 0 0 0 0 0 0 0 0 0 0 0 0 0 0 0 0 0 0 0 0 0 0 0 0 0 0 0 0 0 0 0 0
1 0 0 0 0 0 0 0 0 0 0 0 0 1 0 0 0 0 0 0 0 0 0 0 1 1 0 1 146 25 8 6 11 27 3 0 4 0 0 0 0 0 0 1 0 0 0 0 0 0 0 0 0 0 0 0 0 0 0 0 0 0 0 0 0 0 0 0 0 0 0 0 0 0 0 0 0 0 0 0 0 0 0 0 0 0 0 0 0 0 0 0 0 0 0 0 0 0 0 0 0 0 0 0 0 0 0 0 0 0 0 0 0 0 0 0 0 0 0 0 0 0 0 0 0 0 0 0 0 0 0 0 0 0 0 0 0 0 0 0 0 0 0 0 0 0 0 0 0 0
0 0 0 0 0 0 0 0 0 0 0 0 0 0 0 0 0 0 0 0 0 0 0 0 1 0 9 6 1 0 4 0 1 0 0 4 4 0 0 0 0 0 0 0 0 0 0 0 0 0 0 0 0 0 0 0 0 0 0 0 0 0 0 0 0 0 0 0 0 0 0 0 0 0 0 0 0 0 0 0 0 0 0 0 0 0 0 0 0 0 0 0 0 0 0 0 0 0 0 0 0 0 0 0 0 0 0 0 0 0 0 0 0 0 0 0 0 0 0 0 0 0 0 0 0 0 0 0 0 0 0 0 0 0 0 0 0 0 0 0 0 0 0 0 0 0 0 0 0 0
0 0 0 0 0 0 0 0 0 0 0 0 0 0 0 0 0 0 0 0 0 0 0 0 9 4 7 0 0 0 7 1 1 0 0 0 3 2 0 0 0 0 0 0 0 0 0 0 0 0 0 0 0 0 0 0 0 0 0 0 0 0 0 0 0 0 0 0 0 0 0 0 0 0 0 0 0 0 0 0 0 0 0 0 0 0 0 0 0 0 0 0 0 0 0 0 0 0 0 0 0 0 0 0 0 0 0 0 0 0 0 0 0 0 0 0 0 0 0 0 0 0 0 0 0 0 0 0 0 0 0 0 0 0 0 0 0 0 0 0 0 0 0 0 0 0 0 0 0 0
0 0 0 0 0 0 0 0 0 0 0 0 7 7 0 0 0 0 0 0 0 0 0 0 0 0 0 0 0 0 0 0 5 0 0 0 2 6 0 0 0 0 0 0 0 0 0 0 0 0 0 0 0 0 0 0 0 0 0 0 0 0 0 0 0 0 0 0 0 0 0 0 0 0 0 0 0 0 0 0 0 0 0 0 0 0 0 0 0 0 0 0 0 0 0 0 0 0 0 0 0 0 0 0 0 0 0 0 0 0 0 0 0 0 0 0 0 0 0 0 0 0 0 0 0 0 0 0 0 0 0 0 0 0 0 0 0 0 0 0 0 0 0 0 0 0 0 0 0 0
0 0 0 0 0 0 0 0 0 0 2 4 4 0 0 0 0 0 0 0 0 0 0 0 0 0 0 6 7 2 8 0 0 0 0 0 0 0 0 0 0 0 0 0 0 0 0 0 0 0 0 0 0 0 0 0 0 0 0 0 0 0 0 0 0 0 0 0 0 0 0 0 0 0 0 0 0 0 0 0 0 0 0 0 0 0 0 0 0 0 0 0 0 0 0 0 0 0 0 0 0 0 0 0 0 0 0 0 0 0 0 0 0 0 0 0 0 0 0 0 0 0 0 0 0 0 0 0 0 0 0 0 0 0 0 0 0 0 0 0 0 0 0 0 0 0 0 0 0 0
0 0 0 0 0 0 0 0 0 0 0 0 0 0 0 0 0 0 0 0 0 0 0 0 0 0 0 6 1 0 0 0 3 7 1 0 0 0 0 0 0 0 0 0 0 0 0 0 0 0 0 0 0 0 0 0 0 0 0 0 0 0 0 0 0 0 0 0 0 0 0 0 0 0 0 0 0 0 0 0 0 0 0 0 0 0 0 0 0 0 0 0 0 0 0 0 0 0 0 0 0 0 0 0 0 0 0 0 0 0 0 0 0 0 0 0 0 0 0 0 0 0 0 0 0 0 0 0 0 0 0 0 0 0 0 0 0 0 0 0 0 0 0 0 0 0 0 0 0 0
0 0 0 0 0 0 0 0 0 0 5 2 0 0 0 0 0 0 0 0 0 0 0 0 0 0 0 0 0 0 0 0 0 1 0 0 0 0 0 0 0 0 0 0 0 0 0 0 0 0 0 0 0 0 0 0 0 0 0 0 0 0 0 0 0 0 0 0 0 0 0 0 0 0 0 0 0 0 0 0 0 0 0 0 0 0 0 0 0 0 0 0 0 0 0 0 0 0 0 0 0 0 0 0 0 0 0 0 0 0 0 0 0 0 0 0 0 0 0 0 0 0 0 0 0 0 0 0 0 0 0 0 0 0 0 0 0 0 0 0 0 0 0 0 0 0 0 0 0 0
0 0 0 0 0 0 0 0 0 4 3 0 0 0 0 0 0 0 0 0 0 0 0 0 0 0 0 0 0 0 0 0 0 0 0 0 0 0 0 0 0 0 0 0 0 0 0 1 0 0 0 0 0 0 0 0 0 0 0 0 0 0 0 0 0 0 0 0 0 0 0 0 0 0 0 0 0 0 0 0 0 0 0 0 0 0 0 0 0 0 0 0 0 0 0 0 0 0 0 0 0 0 0 0 0 0 0 0 0 0 0 0 0 0 0 0 0 0 0 0 0 0 0 0 0 0 0 0 0 0 0 0 0 0 0 0 0 0 0 0 0 0 0 0 0 0 0 0 0 0
0 0 0 0 0 0 0 0 0 1 4 0 0 0 0 0 0 0 0 0 0 0 0 0 0 0 0 0 0 0 0 0 0 0 0 0 0 0 0 1 0 0 0 0 0 0 0 0 0 0 0 0 0 0 0 1 0 0 0 0 0 0 0 0 0 0 0 0 0 0 0 0 0 0 0 0 0 0 0 0 0 0 0 0 0 0 0 0 0 0 0 0 0 0 0 0 0 0 0 0 0 0 0 0 0 0 0 0 0 0 0 0 0 0 0 0 0 0 0 0 0 0 0 0 0 0 0 0 0 0 0 0 0 0 0 0 0 0 0 0 0 0 0 0 0 0 0 0 0 0
0 0 0 0 0 0 0 0 4 14 0 0 0 0 0 0 0 0 0 0 0 0 0 0 0 1 0 0 0 0 0 0 0 0 0 0 0 0 0 0 0 0 0 0 0 0 0 0 1 0 4 1 0 0 0 0 0 0 0 0 0 0 0 0 0 0 0 0 0 0 0 0 0 0 0 0 0 0 0 0 0 0 0 0 0 0 0 0 0 0 0 0 0 0 0 0 0 0 0 0 0 0 0 0 0 0 0 0 0 0 0 0 0 0 0 0 0 0 0 0 0 0 0 0 0 0 0 0 0 0 0 0 0 0 0 0 0 0 0 0 0 0 0 0 0 0 0 0 0 0
0 0 0 0 0 3 9 5 16 3 0 0 0 0 0 0 0 0 0 0 0 0 0 0 0 0 0 0 0 0 0 0 0 0 0 0 0 0 0 0 0 0 0 0 0 0 0 0 1 26 47 0 0 0 0 0 0 0 0 0 0 0 0 0 0 0 0 0 0 0 0 0 0 0 0 0 0 0 0 0 0 0 0 0 0 0 0 0 0 0 0 0 0 0 0 0 0 0 0 0 0 0 0 0 0 0 0 0 0 0 0 0 0 0 0 0 0 0 0 0 0 0 0 0 0 0 0 0 0 0 0 0 0 0 0 0 0 0 0 0 0 0 0 0 0 0 0 0 0 0
12 0 0 0 0 0 4 19 0 0 0 0 0 0 0 0 0 0 0 0 0 0 0 0 0 0 0 0 0 0 0 0 0 0 0 0 0 0 0 0 0 0 0 0 0 0 0 0 0 0 0 0 1 0 0 0 0 0 0 0 0 0 0 0 0 0 0 0 0 0 0 0 0 0 0 0 0 0 0 0 0 0 0 0 0 0 0 0 0 0 0 0 0 0 0 0 0 0 0 0 0 0 0 0 0 0 0 0 0 0 0 0 0 0 0 0 0 0 0 0 0 0 0 0 0 0 0 0 0 0 0 0 0 0 0 0 0 0 0 0 0 0 0 0 0 0 0 0 0 0
0 0 0 0 0 0 0 0 0 0 0 0 0 0 0 0 0 0 0 0 0 0 0 0 0 0 0 0 0 0 0 0 0 0 0 0 0 0 0 0 0 0 0 0 0 0 0 0 1 0 0 0 5 15 0 0 0 0 0 0 0 0 0 0 0 0 0 0 0 0 0 0 0 0 0 0 0 0 0 0 0 0 0 0 0 0 0 0 0 0 0 0 0 0 0 0 0 0 0 0 0 0 0 0 0 0 0 0 0 0 0 0 0 0 0 0 0 0 0 0 0 0 0 0 0 0 0 0 0 0 0 0 0 0 0 0 0 0 0 0 0 0 0 0 0 0 0 0 0 0
0 0 0 0 0 0 0 0 0 0 0 0 0 0 0 0 0 0 0 0 0 0 0 0 0 0 0 0 0 0 0 0 0 0 0 0 0 0 0 0 0 0 0 0 0 0 0 0 0 0 0 0 0 1 0 0 0 0 0 0 0 0 0 0 0 0 0 0 0 0 0 0 0 0 0 0 0 0 0 0 0 0 0 0 0 0 0 0 0 0 0 0 0 0 0 0 0 0 0 0 0 0 0 0 0 0 0 0 0 0 0 0 0 0 0 0 0 0 0 0 0 0 0 0 0 0 0 0 0 0 0 0 0 0 0 0 0 0 0 0 0 0 0 0 0 0 0 0 0 0
0 0 0 0 0 0 0 0 0 0 0 0 0 0 0 0 0 0 0 0 0 0 0 0 0 0 0 0 0 0 0 0 0 0 0 0 0 5 0 0 0 0 0 0 0 0 0 0 0 0 0 1 0 0 0 0 0 0 0 0 0 0 0 0 0 0 0 0 0 0 0 0 0 0 0 0 0 0 0 0 0 0 0 0 0 0 0 0 0 0 0 0 0 0 0 0 0 0 0 0 0 0 0 0 0 0 0 0 0 0 0 0 0 0 0 0 0 0 0 0 0 0 0 0 0 0 0 0 0 0 0 0 0 0 0 0 0 0 0 0 0 0 0 0 0 0 0 0 0 0
0 0 0 0 0 0 0 0 0 0 0 0 0 0 0 0 0 0 0 0 0 0 0 0 0 0 0 0 0 0 0 0 3 0 0 0 0 0 0 0 0 0 0 0 0 0 0 0 0 0 0 0 1 0 0 0 0 0 0 0 0 0 0 0 0 0 0 0 0 0 0 0 0 0 0 0 0 0 0 0 0 0 0 0 0 0 0 0 0 0 0 0 0 0 0 0 0 0 0 0 0 0 0 0 0 0 0 0 0 0 0 0 0 0 0 0 0 0 0 0 0 0 0 0 0 0 0 0 0 0 0 0 0 0 0 0 0 0 0 0 0 0 0 0 0 0 0 0 0 0
0 0 0 0 0 0 0 0 0 0 0 0 0 0 0 0 0 0 0 0 0 0 0 0 0 0 0 0 0 0 1 0 0 0 2 0 1 0 0 0 0 0 0 0 0 0 0 0 0 0 0 0 0 0 0 0 0 0 0 0 0 0 0 0 0 0 0 0 0 0 0 0 0 0 0 0 0 0 0 0 0 0 0 0 0 0 0 0 0 0 0 0 0 0 0 0 0 0 0 0 0 0 0 0 0 0 0 0 0 0 0 0 0 0 0 0 0 0 0 0 0 0 0 0 0 0 0 0 0 0 0 0 0 0 0 0 0 0 0 0 0 0 0 0 0 0 0 0 0 0
0 0 0 0 0 0 0 0 0 0 0 0 0 0 0 0 0 0 0 0 0 0 0 0 0 0 0 0 0 0 3 10 1 0 0 0 0 0 0 0 0 0 0 0 0 0 0 0 0 0 0 0 0 0 0 0 0 0 0 0 0 0 0 0 0 0 0 0 0 0 0 0 0 0 0 0 0 0 0 0 0 0 0 0 0 0 0 0 0 0 0 0 0 0 0 0 0 0 0 0 0 0 0 0 0 0 0 0 0 0 0 0 0 0 0 0 0 0 0 0 0 0 0 0 0 0 0 0 0 0 0 0 0 0 0 0 0 0 0 0 0 0 0 0 0 0 0 0 0 0
0 0 0 0 0 0 0 0 0 0 0 0 0 0 0 0 0 0 0 0 0 0 0 0 0 0 0 0 0 0 2 6 0 0 0 0 0 0 0 0 0 0 0 0 0 0 0 0 0 0 0 0 0 0 0 0 0 0 0 0 0 0 0 0 0 0 0 0 0 0 0 0 0 0 0 0 0 0 0 0 0 0 0 0 0 0 0 0 0 0 0 0 0 0 0 0 0 0 0 0 0 0 0 0 0 0 0 0 0 0 0 0 0 0 0 0 0 0 0 0 0 0 0 0 0 0 0 0 0 0 0 0 0 0 0 0 0 0 0 0 0 0 0 0 0 0 0 0 1 0
0 0 0 0 0 0 0 0 0 0 0 0 0 0 0 0 0 0 0 0 0 0 0 0 0 0 0 0 1 0 0 0 0 0 0 0 1 0 0 0 0 0 0 0 0 0 0 0 0 0 0 0 0 0 0 0 0 0 0 0 0 0 0 0 0 0 0 0 0 0 0 0 0 0 0 0 0 0 0 0 0 0 0 0 0 0 0 0 0 0 0 0 0 0 0 0 0 0 0 0 0 0 0 0 0 0 0 0 0 0 0 0 0 0 0 0 0 0 0 0 0 0 0 0 0 0 0 0 0 0 0 0 0 0 0 0 0 0 0 0 0 0 0 0 0 0 0 0 1 0
0 0 0 0 0 0 0 0 0 0 0 0 0 0 0 0 0 0 0 0 0 0 0 0 0 0 0 0 0 61 13 0 0 0 0 0 0 0 0 0 0 0 0 0 0 0 0 0 1 0 0 0 0 0 0 0 0 0 0 0 0 0 0 0 0 0 0 0 0 0 0 0 0 0 0 0 0 0 0 0 0 0 0 0 0 0 0 0 0 0 0 0 0 0 0 0 0 0 0 0 0 0 0 0 0 0 0 0 0 0 0 0 0 0 0 0 0 0 0 0 0 0 0 0 0 0 0 0 0 0 0 0 0 0 0 0 0 0 0 0 0 0 0 0 0 0 0 0 0 0
0 0 0 0 0 0 0 0 0 0 0 0 0 0 0 0 0 0 0 0 0 0 0 0 0 0 3 0 0 0 0 0 0 0 0 0 0 0 0 0 0 0 0 0 0 0 0 0 0 25 0 0 0 0 0 0 0 0 0 0 0 0 0 0 0 0 0 0 0 0 0 0 0 0 0 0 0 0 0 0 0 0 0 0 0 0 0 0 0 0 0 0 0 0 0 0 0 0 0 0 0 0 0 0 0 0 0 0 0 0 0 0 0 0 0 0 0 0 0 0 0 0 0 0 0 0 0 0 0 0 0 0 0 0 0 0 0 0 0 0 0 0 0 0 0 0 0 0 0 0
0 0 0 0 0 0 0 0 0 0 0 0 0 0 0 0 0 0 0 0 0 0 0 0 0 0 10 0 0 0 0 0 0 0 0 0 0 0 0 0 0 0 0 0 0 0 0 0 5 0 0 0 0 0 0 0 0 0 0 0 0 0 0 0 0 0 0 0 0 0 0 0 0 0 0 0 0 0 0 0 0 0 0 0 0 0 0 0 0 0 0 0 0 0 0 0 0 0 0 0 0 0 0 0 0 0 0 0 0 0 0 0 0 0 0 0 0 0 0 0 0 0 0 0 0 0 0 0 0 0 0 0 0 0 0 0 0 0 0 0 0 0 0 0 0 0 0 0 1 0
0 0 0 0 0 0 0 0 0 0 0 0 0 0 0 0 0 0 0 0 0 0 0 0 0 0 0 1 3 0 0 0 0 0 0 0 0 0 0 0 0 0 0 0 0 0 0 0 0 0 0 0 0 0 0 0 0 0 0 0 0 0 0 0 0 0 0 0 0 0 0 0 0 0 0 0 0 0 0 0 0 0 0 0 0 0 0 0 0 0 0 0 0 0 0 0 0 0 0 0 0 0 0 0 0 0 0 0 0 0 0 0 0 0 0 0 0 0 0 0 0 0 0 0 0 0 0 0 0 0 0 0 0 0 0 0 0 0 0 0 0 0 0 0 0 0 0 0 0 3
0 0 0 0 0 0 0 0 0 0 0 0 0 0 0 0 0 0 0 0 0 0 0 0 0 0 0 0 0 0 0 0 0 0 0 0 0 0 0 0 0 0 0 0 0 0 0 0 0 0 0 0 0 0 0 0 0 0 0 0 0 0 0 0 0 0 0 0 0 0 0 0 0 0 0 0 0 0 0 0 0 0 0 0 0 0 0 0 0 0 0 0 0 0 0 0 0 0 0 0 0 0 0 0 0 0 0 0 0 0 0 0 0 0 0 0 0 0 0 0 0 0 0 0 0 0 0 0 0 0 0 0 0 0 0 0 0 0 0 0 0 0 0 0 0 0 0 0 0 0
0 0 0 0 0 0 0 0 0 0 0 0 0 0 0 0 0 0 0 0 0 0 0 0 0 0 0 0 0 0 0 0 0 0 0 0 0 0 0 0 0 0 0 0 0 0 0 0 0 0 1 0 0 0 0 0 0 0 0 0 0 0 0 0 0 0 0 0 0 0 0 0 0 0 0 0 0 0 0 0 0 0 0 0 0 0 0 0 0 0 0 0 0 0 0 0 0 0 0 0 0 0 0 0 0 0 0 0 0 0 0 0 0 0 0 0 0 0 0 0 0 0 0 0 0 0 0 0 0 0 0 0 0 0 0 0 0 0 0 0 0 0 0 0 0 0 0 0 0 0
0 0 0 0 0 0 0 0 0 0 0 0 0 0 0 0 0 0 0 0 0 0 0 0 0 0 0 0 0 0 0 0 0 0 0 0 0 0 0 0 0 0 0 0 0 0 0 0 0 0 0 0 0 0 0 0 0 0 0 0 0 0 0 0 0 0 0 0 0 0 0 0 0 0 0 0 0 0 0 0 0 0 0 0 0 0 0 0 0 0 0 0 0 0 0 0 0 0 0 0 0 0 0 0 0 0 0 0 0 0 0 0 0 0 0 0 0 0 0 0 0 0 0 0 0 0 0 0 0 0 0 0 0 0 0 0 0 0 0 0 0 0 0 0 0 0 0 1 0 0
0 0 0 0 0 0 0 0 0 0 0 0 0 0 0 0 0 0 0 0 0 0 0 0 0 0 0 0 0 0 0 0 0 0 0 0 0 0 0 0 0 0 0 0 0 0 0 0 0 0 0 0 0 0 0 0 0 0 0 0 0 0 0 0 0 0 0 0 0 0 0 0 0 0 0 0 0 0 0 0 0 0 0 0 0 0 0 0 0 0 0 0 0 0 0 0 0 0 0 0 0 0 0 0 0 0 0 0 0 0 0 0 0 0 0 0 0 0 0 0 0 0 0 0 0 0 0 0 0 0 0 0 0 0 0 0 0 0 0 0 0 0 0 0 0 0 0 0 0 0
0 0 0 0 0 0 0 0 0 0 0 0 0 0 0 0 0 0 0 0 0 0 0 0 0 0 0 0 0 0 0 0 0 0 0 0 0 0 0 0 0 0 0 0 0 0 0 0 0 0 0 0 0 0 0 0 0 0 0 0 0 0 0 0 0 0 0 0 0 0 0 0 0 0 0 0 0 0 0 0 0 0 0 0 0 0 0 0 0 0 0 0 0 0 0 0 0 0 0 0 0 0 0 0 0 0 0 0 0 0 0 0 0 0 0 0 0 0 0 0 0 0 0 0 0 0 0 0 0 0 0 0 0 0 0 0 0 0 0 0 0 0 0 0 0 0 0 0 0 0
