0 1 24 7 0 0 4 0 24 99 8 4 0 8 0 0 0 1 4 0 4 6 0 0 2 15 0 3 0 0 0 0 1 2 11 0 0 0 1 3 0 0 0 1 3 0 0 0 0 0 0 0 0 0 1 1 0 0 0 4 91 19 4 5 1 20 15 0 0 0 0 13 15 273 120 210 161 54 37 17 30 382 62 41 63 203 110 127 39 142 636 555 127 449 576 353 941 656 636 177 219 116 15 30 25 49 55 336 181 16 11 11 12 62 35 24 19 37 4 0 0 48 11 10 4 94 0 5 15 21 9 15 2 1 3 0 0 0 0 0 2 0 0 0 1 0 0 0 0 27
0 1 4 5 0 0 0 0 0 29 6 11 12 1 0 0 0 4 11 0 0 0 29 0 17 26 0 4 0 0 0 0 0 0 0 2 0 0 3 0 0 0 0 1 0 0 0 0 0 0 0 0 0 2 16 0 0 0 0 23 85 16 3 70 31 2 0 1 0 0 0 14 57 53 27 2 22 93 12 69 92 41 8 4 106 141 287 143 247 305 73 25 365 359 269 373 908 525 924 611 239 49 53 28 12 7 0 13 56 13 7 6 0 15 45 21 3 32 1 141 1 11 9 10 1 2 3 2 3 24 18 11 42 34 2 0 0 0 0 59 6 0 0 0 0 0 0 0 0 0
0 1 0 0 61 0 0 0 0 7 1 6 11 2 0 0 0 1 7 1 1 4 80 16 10 0 0 11 0 0 0 0 0 0 0 4 0 1 0 11 3 0 0 2 0 0 0 0 0 0 0 0 0 0 2 0 0 4 2 13 16 8 2 16 0 0 0 0 0 0 0 7 7 0 2 0 0 49 197 168 79 33 7 50 29 167 459 138 5 12 174 30 80 507 819 559 320 303 260 436 521 325 58 81 15 16 10 12 210 110 36 8 4 11 4 5 9 163 8 9 63 9 10 15 2 3 1 6 1 9 14 1 62 201 0 0 5 0 4 77 21 3 0 0 0 0 0 0 0 0
37 6 1 0 0 0 1 0 0 1 52 3 0 0 0 5 1 0 6 0 0 0 8 12 7 0 0 17 7 0 4 0 0 0 0 0 0 1 0 4 0 0 1 0 0 0 0 0 0 0 3 1 1 0 113 22 1 15 24 3 7 0 4 45 0 0 0 0 0 0 8 74 21 4 2 3 25 67 212 456 131 71 31 88 120 36 45 170 15 269 1122 1024 1212 625 621 396 237 206 440 397 518 398 113 16 39 75 60 9 261 88 18 26 36 20 0 6 13 103 51 11 35 70 28 3 0 8 3 3 11 3 5 6 14 0 27 3 29 3 5 22 66 1 0 0 0 0 0 0 0 0
3 12 0 0 0 0 0 0 8 2 1 0 0 0 0 9 11 2 2 1 4 0 0 0 1 0 2 2 1 2 0 0 1 0 0 13 7 0 0 0 1 0 0 0 0 0 0 0 2 10 1 0 1 2 27 177 32 43 3 0 1 0 0 30 0 0 0 0 0 13 107 58 112 98 54 32 79 261 222 324 248 193 260 18 179 88 77 172 68 220 1032 1377 370 614 351 158 146 568 307 694 686 762 618 415 312 145 64 37 5 10 11 21 14 57 48 0 7 27 88 62 200 560 135 7 5 2 2 3 1 7 1 0 0 2 5 0 0 1 0 0 35 35 0 0 0 0 0 0 0 0
20 4 0 1 0 1 0 0 1 1 0 1 0 0 0 5 2 1 10 44 3 23 0 0 0 0 0 1 3 4 2 1 0 0 30 108 30 21 0 0 0 0 1 0 0 0 0 0 0 5 57 13 2 1 6 32 33 5 6 5 0 0 31 1 0 0 0 0 3 61 118 157 94 117 97 97 28 86 68 476 775 760 285 62 1 122 75 34 3 167 1142 868 204 429 675 585 126 1019 442 424 412 500 1070 469 37 122 16 40 6 2 0 1 1 36 6 30 42 6 7 12 203 129 0 3 1 11 1 2 3 1 1 0 18 0 0 2 2 2 0 0 2 20 0 0 0 0 0 0 0 0
1 0 1 0 0 1 0 1 0 8 4 0 0 0 0 0 0 0 0 0 0 0 1 0 0 0 0 0 0 0 0 0 4 1 0 9 3 2 4 0 0 0 0 0 0 0 0 0 0 1 2 5 1 3 1 27 10 5 30 22 9 24 5 0 7 1 0 0 6 67 40 63 140 274 223 140 256 211 412 583 891 601 918 650 278 26 12 222 38 71 1100 991 155 511 749 392 201 391 337 125 35 220 157 212 48 68 58 20 16 13 41 144 177 47 99 46 3 0 12 22 80 83 5 2 0 2 12 1 0 0 1 0 0 0 0 0 1 16 0 0 0 1 0 0 0 0 0 0 0 1
2 0 0 0 0 0 0 0 0 1 0 0 0 0 0 0 0 0 0 0 0 0 0 0 0 0 0 0 0 0 4 0 0 0 3 6 0 0 12 13 0 0 0 0 0 0 0 0 0 0 0 0 14 23 2 12 1 19 43 47 85 75 35 13 31 33 0 0 1 236 18 61 70 68 43 51 68 75 553 657 680 401 978 143 175 103 165 440 290 81 526 89 89 378 461 302 320 535 548 205 116 203 282 466 171 93 15 37 96 37 205 327 75 49 8 74 0 1 15 34 40 3 5 6 7 1 4 0 11 0 0 0 0 0 1 0 0 0 0 0 0 0 0 0 0 0 0 0 0 0
6 0 0 0 0 0 0 0 3 6 0 0 0 1 6 0 0 0 0 0 0 0 0 0 0 0 0 0 0 0 1 0 0 0 1 0 1 2 4 4 0 0 0 0 0 0 1 0 0 0 0 0 1 14 0 0 2 17 12 50 395 150 29 5 9 29 20 9 6 35 0 0 1 22 4 13 32 44 205 574 818 1039 494 21 13 22 193 263 179 62 31 34 301 646 962 783 119 242 366 234 241 169 148 293 593 133 180 231 35 38 613 218 135 25 51 5 5 5 6 11 23 5 8 30 21 0 2 2 0 3 27 0 0 0 0 1 0 0 0 0 0 0 0 0 0 0 0 0 0 0
0 0 0 0 0 0 0 2 19 9 0 0 0 2 0 2 0 0 0 0 0 0 0 0 0 0 0 0 0 0 0 0 0 0 0 0 0 0 5 1 1 1 0 0 0 0 2 1 6 0 3 0 8 7 0 1 0 0 4 46 22 113 49 4 0 0 3 3 1 17 0 0 0 0 0 22 29 95 253 491 797 693 630 309 703 625 262 271 214 156 57 4 34 409 862 902 450 264 84 22 32 149 31 16 98 437 240 195 79 11 690 543 350 73 8 154 237 506 120 40 96 27 41 27 76 10 19 3 2 8 393 12 0 0 1 1 0 0 0 0 0 0 0 0 0 0 0 0 0 0
0 0 11 0 0 0 3 0 4 3 2 6 0 0 1 14 1 2 1 0 0 0 0 0 0 4 0 0 0 0 0 2 0 0 1 4 1 1 1 0 0 5 1 7 0 0 0 11 13 12 13 5 6 11 0 0 0 15 18 30 2 124 3 7 0 0 2 1 0 16 0 0 0 0 1 0 36 54 210 344 396 157 491 275 199 376 197 263 431 276 13 1 3 176 590 587 596 40 31 43 16 20 0 22 107 286 725 253 253 207 465 218 124 58 2 108 343 753 485 288 286 251 244 125 121 294 129 64 67 23 3 79 41 16 22 0 0 0 0 0 0 0 0 0 0 0 0 0 0 0
1 0 5 0 0 0 0 0 10 23 0 0 0 0 0 0 12 3 0 0 0 0 0 0 0 0 0 0 0 0 0 0 0 7 7 1 0 3 2 3 0 15 14 0 1 1 3 2 3 0 0 0 6 2 19 3 2 1 0 59 4 2 0 1 9 1 1 1 0 0 0 1 0 0 0 5 14 15 175 429 437 174 60 66 133 93 33 27 116 416 54 0 3 5 13 94 753 353 269 29 0 2 3 42 33 145 529 313 24 158 332 144 135 219 46 170 483 188 539 662 419 411 177 94 103 106 1 0 0 41 6 0 69 28 75 0 0 0 0 0 0 0 0 0 0 0 0 1 0 0
0 0 1 0 0 0 0 0 10 0 0 0 0 0 0 0 1 15 6 2 2 0 0 1 0 0 0 0 0 0 0 0 1 0 0 1 1 0 0 0 0 15 48 2 20 0 1 13 0 0 0 0 12 1 3 0 0 0 24 42 3 4 0 0 0 3 0 1 0 3 8 0 0 0 0 22 168 79 140 91 108 288 37 0 16 10 3 0 2 4 8 0 0 32 58 26 727 418 555 435 23 26 42 21 50 32 64 615 663 240 930 583 127 612 127 66 22 51 869 745 154 323 98 3 27 85 5 0 23 22 0 0 26 9 3 2 1 0 0 0 0 0 0 0 0 0 0 0 0 0
0 0 1 0 0 0 2 1 0 2 0 0 0 0 0 0 0 0 76 8 3 3 0 1 0 0 0 0 0 0 1 1 0 0 0 0 2 0 0 0 0 0 2 63 27 0 0 14 4 2 5 31 0 0 0 2 0 0 29 0 6 11 2 9 0 0 28 29 31 37 55 0 0 6 6 349 513 501 273 19 31 319 88 7 7 107 7 2 1 17 3 1 0 38 2 29 72 500 180 229 0 35 255 67 419 61 208 464 260 625 753 889 811 403 225 207 450 414 739 363 282 102 1 0 0 44 20 0 11 24 1 1 4 3 12 0 0 0 0 0 0 0 0 0 0 0 0 0 0 0
0 0 0 0 0 0 3 4 4 5 0 0 0 0 0 0 0 0 3 3 10 3 1 2 0 1 0 0 0 0 0 0 0 0 0 0 0 0 0 0 0 0 0 6 18 0 0 0 2 17 5 57 3 0 1 1 2 2 36 18 82 22 17 13 8 63 120 103 172 131 43 5 19 4 76 542 1126 1106 317 49 0 86 55 1 11 25 23 14 0 31 14 24 0 1 0 4 25 247 130 132 13 49 390 404 1015 897 1659 1144 796 778 1040 702 703 525 527 257 104 108 54 156 168 148 39 31 5 8 57 1 14 20 6 0 2 1 1 0 0 0 0 0 0 0 0 0 0 0 0 0 0 0
0 0 0 0 0 0 2 30 15 1 2 0 0 0 0 0 3 0 0 5 0 25 7 0 0 0 0 0 0 2 0 0 0 0 0 0 0 0 0 0 0 0 0 0 2 17 0 0 0 12 60 56 0 3 0 5 31 118 8 80 21 23 5 21 52 64 78 106 66 104 134 95 135 180 394 702 1227 622 259 24 2 7 0 0 0 0 22 201 13 36 9 5 1 2 2 33 30 16 22 8 36 2 910 479 425 500 912 385 543 1155 1214 1210 1283 634 399 125 39 156 182 95 42 7 328 290 39 64 19 3 4 1 0 0 0 0 3 3 0 0 0 0 0 0 0 0 0 0 0 0 0 0
0 0 0 0 0 0 0 6 0 0 0 0 1 0 0 0 3 4 0 4 7 0 21 21 8 5 1 0 0 0 0 0 0 0 0 0 0 0 0 0 1 0 0 0 0 18 4 22 10 17 12 4 3 15 17 62 88 185 63 17 2 4 0 2 0 3 1 0 0 0 5 1 78 107 183 367 533 293 148 0 0 0 73 0 0 0 2 40 88 9 1 1 6 0 3 43 21 0 11 93 28 198 651 672 324 156 277 227 419 832 732 432 844 389 640 164 47 63 181 9 0 4 23 32 27 284 5 8 2 0 0 0 0 0 0 0 0 0 0 0 0 0 0 0 0 0 0 0 0 0
0 1 0 1 0 0 0 1 0 0 0 1 2 0 0 1 0 11 0 0 1 3 1 1 17 4 12 16 3 3 1 0 0 0 0 0 2 2 0 2 1 0 1 0 0 23 49 5 0 33 48 50 13 83 58 20 49 60 309 7 2 0 1 0 3 3 12 55 2 14 137 6 83 12 70 133 46 209 34 5 2 0 5 3 0 0 0 7 54 4 1 29 57 48 10 0 2 0 33 414 126 82 105 86 100 320 162 224 385 343 78 486 96 113 293 59 87 128 19 4 0 1 9 14 98 519 102 19 2 4 0 0 0 0 0 0 0 0 0 0 0 0 0 0 0 0 0 0 0 0
0 0 2 0 3 6 0 0 0 0 0 0 0 1 0 0 1 0 1 1 1 6 6 0 4 9 45 31 14 1 0 0 0 0 0 23 14 0 0 0 0 3 2 5 27 19 11 4 17 233 104 27 30 23 2 31 84 102 27 23 43 9 2 0 0 2 13 9 4 123 23 28 34 16 9 90 99 44 16 32 21 0 5 29 0 9 11 16 3 3 63 153 69 240 17 0 0 23 235 28 144 178 93 42 90 157 112 339 504 5 1 88 12 274 80 0 47 39 0 0 0 0 3 5 58 151 159 178 49 1 0 0 0 0 0 0 0 0 0 0 0 0 0 0 0 0 0 0 0 0
0 0 0 1 0 0 0 0 0 0 0 0 1 1 0 0 3 0 0 1 1 7 55 4 0 1 5 22 186 6 0 21 2 1 2 0 0 0 0 0 0 4 6 33 34 92 89 13 5 162 38 6 1 10 52 10 36 67 4 0 1 1 0 0 0 7 0 0 80 69 63 45 8 0 0 61 10 0 1 10 9 0 0 0 1 18 22 0 5 13 1 17 10 1 0 20 0 19 11 0 444 638 403 181 79 169 73 290 132 8 2 0 0 122 10 0 0 0 0 0 0 0 0 7 16 7 16 85 13 0 0 0 0 0 0 0 0 0 0 0 0 0 0 0 0 0 0 0 0 0
0 0 0 0 1 3 0 0 0 0 0 0 0 1 0 0 0 0 4 1 0 4 19 4 1 21 5 6 2 5 2 12 21 0 0 0 0 0 0 0 6 8 36 30 16 16 22 42 112 384 217 72 9 32 10 15 9 1 2 0 0 9 17 12 203 85 1 0 1 14 67 40 2 0 2 121 159 174 13 23 9 23 4 6 2 0 9 6 23 18 2 0 0 0 0 0 0 1 183 266 814 616 371 129 10 41 97 166 3 0 0 0 0 15 0 0 0 0 0 0 0 0 5 4 0 0 110 248 0 0 0 0 0 0 0 0 0 0 0 0 0 0 0 0 0 0 0 0 0 0
0 0 0 0 0 0 0 0 0 0 0 0 0 2 0 0 1 0 0 0 2 2 9 2 3 4 0 0 0 1 7 105 14 1 1 0 0 6 0 0 115 21 0 0 0 0 3 8 172 660 241 192 12 0 0 8 0 7 0 1 2 6 1 0 18 30 26 1 2 56 32 25 21 0 2 8 89 89 67 80 15 47 8 30 6 8 7 76 288 49 13 10 0 7 3 16 7 0 58 242 166 43 41 0 11 18 101 98 15 0 28 1 8 57 0 0 0 0 0 0 0 0 0 0 0 39 117 14 1 8 1 0 0 0 0 0 0 0 0 0 0 0 0 0 0 0 0 0 0 0
0 0 0 2 0 0 0 0 0 0 0 0 0 0 3 1 2 0 0 0 3 0 32 1 2 0 0 0 0 0 7 4 40 6 5 0 15 84 29 14 6 0 0 0 0 0 12 13 31 325 167 75 18 1 0 4 0 4 3 3 0 0 0 0 8 4 23 3 0 6 17 35 46 4 3 0 16 18 17 14 4 28 32 0 0 7 26 0 0 0 0 5 11 7 0 0 5 0 1 1 10 0 18 19 35 37 45 59 46 91 64 26 65 0 0 0 0 0 0 0 0 0 0 11 32 71 63 1 0 0 2 0 0 0 0 0 0 0 0 0 0 0 0 0 0 0 0 0 0 0
0 0 1 0 0 0 0 0 0 0 0 0 0 0 3 0 2 1 1 1 7 1 1 0 0 0 0 0 0 0 1 3 4 10 8 9 18 38 9 1 0 0 0 0 4 56 26 42 1 82 147 29 2 2 8 4 5 17 2 0 0 0 0 0 0 3 0 1 0 0 0 2 86 72 2 13 0 0 0 1 0 8 96 328 4 1 8 0 0 0 0 5 1 2 3 0 2 1 0 3 2 0 1 55 56 16 19 4 4 30 0 94 35 0 0 0 0 0 0 0 0 0 0 17 7 23 26 64 0 0 0 0 0 0 0 0 0 0 0 1 0 0 0 0 0 0 0 0 0 0
0 0 0 0 0 0 0 0 0 0 0 0 0 0 0 0 0 1 0 0 1 0 9 0 0 0 1 0 0 0 0 0 6 18 41 0 1 69 0 0 0 0 0 37 39 23 30 4 6 22 58 31 20 11 27 2 2 4 0 1 1 0 0 0 0 0 0 15 12 6 2 0 17 3 41 12 0 0 0 0 0 1 14 62 22 3 0 0 0 1 3 2 1 1 1 1 16 1 0 4 9 8 2 21 402 0 0 8 0 0 0 2 6 0 0 9 3 0 2 0 0 0 0 0 0 46 58 23 0 0 1 0 0 0 0 1 0 0 0 0 0 0 0 0 0 0 0 0 0 0
0 0 0 0 0 0 0 0 0 0 0 0 0 0 7 1 1 27 4 0 0 4 1 1 0 0 0 4 0 0 0 0 9 25 23 0 0 39 1 0 0 0 0 5 90 11 2 1 8 4 33 13 0 5 0 0 1 2 0 0 2 0 0 1 13 7 1 7 8 5 5 25 1 2 1 4 8 0 0 0 3 1 0 1 0 6 13 8 0 12 0 1 1 3 21 1 1 5 1 2 9 17 11 85 195 114 0 9 0 0 0 1 8 15 26 12 0 0 0 0 1 0 0 0 0 52 26 29 0 0 0 0 0 0 0 2 10 13 0 0 0 0 0 0 0 0 0 0 0 0
0 0 0 0 0 0 0 0 0 0 0 0 0 0 5 0 0 2 0 0 1 7 1 5 1 0 0 12 4 0 0 12 0 4 14 6 0 0 4 4 2 0 2 11 67 6 8 0 2 3 21 26 1 13 1 0 0 1 0 0 0 0 0 0 6 0 0 1 6 1 5 10 0 0 0 1 11 0 0 0 0 2 15 1 4 11 10 10 5 0 8 2 0 0 0 14 0 0 0 2 13 16 9 12 42 163 23 4 0 0 0 0 0 8 17 28 1 0 1 0 0 0 0 0 47 173 16 8 0 0 0 0 0 0 6 0 2 21 0 1 0 0 0 0 0 0 0 0 0 0
0 0 0 0 0 0 0 0 1 0 1 0 0 2 4 3 14 35 1 2 6 21 11 1 1 0 0 0 3 11 9 2 0 30 3 0 2 10 9 12 34 106 28 129 187 3 7 2 5 1 2 30 16 2 0 0 0 0 0 0 0 0 0 0 0 0 0 2 9 28 41 8 1 3 0 1 0 8 0 0 0 0 0 0 0 0 0 9 15 2 3 0 1 0 0 0 0 0 0 2 0 1 19 8 33 420 382 23 3 0 0 0 0 0 0 0 29 86 57 5 0 0 0 24 60 24 50 252 209 8 0 0 0 0 0 9 2 2 0 0 0 0 0 0 0 0 0 0 0 0
0 0 0 0 0 0 0 2 0 1 0 0 2 5 4 3 39 59 2 12 0 1 2 2 0 0 0 7 30 7 0 8 7 1 5 25 8 13 53 115 429 657 416 283 105 17 0 0 9 0 0 1 81 21 7 0 0 0 0 0 0 0 0 0 0 0 0 2 2 4 6 12 20 0 267 12 2 19 1 0 0 0 0 0 14 0 0 0 11 5 14 5 3 8 13 19 8 0 0 0 2 38 17 28 128 297 199 573 12 0 0 0 0 0 0 4 254 69 20 0 0 0 227 71 120 83 643 388 139 19 0 0 1 15 0 11 0 0 0 0 0 0 0 0 0 0 0 0 2 0
0 0 0 0 0 0 0 3 5 4 18 54 132 1 0 0 2 6 0 0 0 4 5 20 13 11 9 1 0 3 6 0 0 21 26 18 4 10 208 345 591 718 632 512 51 5 5 5 6 0 3 3 65 61 27 6 0 0 0 0 0 0 0 0 0 0 0 2 1 0 2 2 3 0 0 0 2 8 18 0 0 0 4 25 38 0 0 0 1 9 0 5 13 21 4 15 1 0 0 4 0 1 10 18 2 38 17 68 37 0 0 0 6 0 92 77 345 326 26 15 10 14 9 84 163 98 238 354 278 386 51 41 35 130 8 1 0 0 0 0 0 0 0 0 0 0 0 0 0 0
0 0 0 0 0 0 2 2 3 2 5 2 1 0 7 4 0 0 8 1 0 12 94 21 0 0 0 2 1 0 6 3 1 1 6 14 12 18 77 86 416 323 337 171 24 6 4 0 5 18 1 2 29 3 5 1 3 0 0 0 0 0 0 0 0 0 0 0 0 0 1 1 0 0 0 1 5 8 9 4 7 21 4 3 32 2 0 0 11 20 5 0 2 29 2 2 2 3 1 4 1 3 0 1 3 0 0 10 28 6 1 1 4 3 54 570 823 473 106 140 146 91 42 4 1 1 20 121 5 34 3 201 480 32 26 0 0 0 0 0 0 0 0 0 0 0 0 0 0 0
0 0 0 0 0 0 1 1 0 2 4 7 3 1 0 4 0 0 13 23 210 45 10 0 0 0 0 1 5 11 2 3 7 25 27 7 0 22 0 90 410 254 293 144 235 24 3 0 2 8 4 0 8 4 11 3 0 1 0 0 0 0 0 0 0 0 0 0 0 0 4 0 0 0 0 0 0 0 2 0 10 16 38 158 24 0 0 0 0 0 0 0 9 1 2 1 16 2 0 0 0 2 0 1 1 8 2 24 218 126 187 326 96 107 428 816 452 260 88 325 49 148 3 2 36 31 46 59 5 0 17 93 200 48 46 3 0 0 0 0 0 0 0 0 0 0 0 0 0 0
0 0 0 0 0 0 3 3 2 3 0 3 1 11 2 14 12 16 6 8 91 1 0 0 0 0 0 1 0 24 7 11 4 3 1 26 4 0 4 10 47 95 29 12 2 0 0 0 2 2 4 7 27 2 3 4 9 6 0 2 0 0 0 0 0 0 0 0 0 0 0 0 0 0 0 7 1 17 9 0 1 3 11 5 0 0 0 0 0 0 4 4 0 11 8 7 1 0 0 0 6 0 0 3 0 2 4 8 108 50 77 52 42 323 706 452 238 315 149 332 39 21 0 20 12 9 17 0 0 0 55 238 0 0 0 0 0 0 0 0 0 0 0 0 0 0 0 0 0 0
0 0 0 0 0 6 21 16 2 2 0 0 0 4 26 6 3 2 22 37 15 0 0 0 0 0 0 0 2 2 36 0 11 2 3 0 1 1 4 2 7 9 1 2 3 1 0 0 4 1 0 10 179 8 10 40 34 0 2 0 0 0 0 0 0 0 0 0 0 0 0 0 0 0 0 0 4 5 2 2 0 0 0 0 0 0 0 0 7 5 0 2 2 16 13 1 10 5 0 3 4 0 0 0 0 0 4 60 64 6 3 7 241 266 171 194 140 173 124 96 174 23 0 0 0 0 0 0 0 0 7 53 19 0 0 0 0 0 0 0 0 0 0 0 0 0 0 0 0 0
0 0 0 0 7 1 6 9 3 2 1 0 8 32 7 4 19 10 3 0 0 4 8 0 0 0 0 24 9 11 40 51 6 1 0 0 0 3 0 1 17 19 6 0 2 0 1 0 0 0 2 21 174 72 2 27 0 1 0 0 0 0 0 0 0 0 0 0 0 0 0 0 0 0 0 0 5 12 3 0 0 0 0 0 0 0 0 0 9 4 10 2 23 53 12 9 8 3 1 10 4 0 0 2 0 0 14 75 469 6 0 0 3 0 3 0 1 25 272 529 40 0 0 0 0 2 1 0 0 0 0 1 261 2 0 0 0 0 0 0 0 0 0 0 0 0 0 0 0 0
1 3 1 1 2 0 11 42 7 4 3 14 17 1 2 100 96 9 2 5 0 1 10 1 3 1 10 5 1 1 13 10 9 2 0 1 2 0 0 2 14 2 0 0 0 0 2 0 0 0 0 44 1 156 24 1 7 0 0 0 0 0 0 0 0 0 0 0 0 0 0 0 0 0 0 0 4 15 3 0 0 0 1 0 0 0 0 0 7 0 6 0 2 20 0 0 0 3 6 4 0 0 0 7 6 4 29 166 136 0 0 0 0 0 8 0 0 1 110 333 249 133 0 0 4 74 0 0 0 46 88 37 122 10 0 0 0 0 0 0 0 0 0 0 0 0 0 0 0 0
0 2 0 0 0 5 0 0 0 7 55 6 0 1 19 32 54 30 13 3 0 0 3 8 1 3 41 0 1 3 1 0 0 3 7 0 0 0 0 2 0 32 4 1 6 1 0 2 0 0 1 47 55 40 31 14 6 0 0 0 0 0 0 0 0 0 0 0 0 0 0 0 0 0 0 0 0 24 117 2 3 3 0 0 0 0 2 70 23 0 2 6 2 2 0 3 0 2 3 5 30 16 285 6 5 28 51 22 64 11 0 0 0 18 72 71 162 381 132 208 537 143 0 5 274 39 0 1 0 200 156 0 0 0 0 0 0 0 0 0 0 0 0 0 0 0 0 0 0 0
0 2 4 2 0 0 1 7 13 2 45 178 12 12 0 2 2 5 2 0 0 0 2 19 12 1 1 8 30 3 0 0 0 1 0 0 1 0 4 0 0 5 24 40 3 1 2 0 0 0 0 86 25 8 0 4 0 0 7 0 0 0 0 0 0 0 0 0 0 0 0 0 0 0 3 0 0 14 32 17 1 4 0 0 0 0 2 9 0 0 3 0 1 11 0 0 0 0 4 2 1 0 5 7 13 0 21 23 44 14 0 0 0 0 76 434 623 512 34 59 65 192 254 288 200 2 4 0 11 314 169 0 0 0 0 0 0 0 0 0 0 0 0 0 0 0 0 0 0 0
0 0 1 0 0 0 8 5 4 1 11 32 0 8 0 0 0 1 1 1 1 0 0 3 1 3 1 6 2 0 0 0 0 0 0 0 0 0 5 1 0 0 0 0 1 1 0 1 0 0 2 75 4 3 3 5 0 0 1 4 0 0 0 0 0 0 0 0 0 0 0 0 0 0 0 0 0 5 91 63 8 10 13 0 0 0 0 0 0 1 0 0 3 5 0 0 0 0 0 8 1 2 5 6 7 5 16 7 59 0 0 4 34 23 32 32 1 54 473 160 19 216 1000 480 299 266 188 230 956 1354 838 45 0 0 0 0 0 0 0 0 0 0 0 0 0 0 0 0 0 0
0 1 3 0 0 7 6 3 1 11 25 6 1 17 10 1 0 2 1 1 0 0 0 0 0 12 18 0 0 0 1 1 3 0 3 0 0 0 0 16 1 1 1 0 0 4 6 0 1 2 2 322 50 5 1 29 0 9 0 0 0 0 0 0 0 0 0 0 0 0 0 0 0 0 0 0 0 21 33 1 2 30 18 0 0 0 0 0 4 2 0 9 5 4 1 34 14 1 1 5 7 0 3 4 11 15 7 4 74 24 2 14 16 6 6 21 0 135 408 527 549 908 717 1034 1192 1032 798 894 1130 729 938 10 0 0 0 0 0 0 0 0 0 0 0 0 0 0 0 0 0 0
0 0 0 0 8 7 0 0 3 6 4 6 1 1 5 20 5 3 0 9 0 0 0 0 17 12 15 0 1 1 0 0 2 2 1 0 0 4 2 0 1 0 3 0 0 0 0 0 7 40 514 520 18 89 7 8 4 5 0 1 0 3 0 0 0 0 0 0 0 0 0 0 0 0 1 0 1 0 3 2 0 3 0 0 0 0 0 0 5 0 0 1 13 0 0 1 0 0 3 7 14 2 10 1 28 50 51 29 2 21 15 2 3 10 11 17 3 50 398 1219 1418 754 237 606 1432 825 171 651 664 22 106 62 0 0 0 0 0 0 0 0 0 0 0 0 0 0 0 0 0 0
4 1 0 12 10 1 3 0 16 3 3 4 5 1 3 0 3 4 0 0 0 0 0 2 4 7 0 0 0 0 1 40 17 2 0 2 3 0 0 1 0 0 0 0 0 0 0 0 3 11 760 747 583 490 37 30 6 10 3 10 1 0 2 0 0 0 0 0 0 0 0 0 0 0 1 0 0 0 0 33 3 2 0 0 0 0 0 10 69 1 0 16 5 0 0 0 0 0 0 17 5 0 23 13 2 93 605 54 10 0 9 5 1 10 2 42 17 7 93 545 320 451 215 1608 1598 659 244 194 12 466 1901 643 0 0 0 0 0 0 0 0 0 0 0 0 0 0 0 0 0 0
0 1 0 27 1 1 19 3 15 1 12 56 1 1 1 1 0 0 0 0 0 0 0 1 1 0 1 1 1 0 1 12 8 4 2 4 9 0 0 0 0 0 0 0 4 1 6 0 0 9 151 426 491 324 169 39 13 9 3 2 1 0 0 0 0 0 0 0 0 0 0 0 0 0 3 0 0 0 0 62 1 6 50 0 0 0 0 11 77 6 3 23 76 0 0 0 0 0 0 4 7 33 61 22 40 14 10 38 0 0 0 0 3 0 4 14 13 13 2 41 305 371 349 530 1408 943 548 343 398 978 414 349 1 0 3 0 0 0 0 0 0 0 0 0 0 0 0 0 0 0
1 0 5 14 4 5 13 14 3 0 5 2 0 1 0 0 0 0 0 0 0 1 3 0 0 0 0 0 1 0 2 0 1 0 0 0 1 0 0 0 0 0 0 0 0 6 13 10 2 15 25 205 250 72 54 35 3 1 0 1 0 0 0 0 0 0 0 0 0 0 0 0 0 0 0 0 0 0 0 1 20 1 0 0 0 0 31 91 42 0 5 191 312 8 4 0 0 0 0 29 64 8 33 200 33 0 4 2 19 1 0 0 3 15 2 1 4 19 27 20 82 523 646 332 288 761 925 1302 192 165 91 69 0 0 0 0 0 0 0 0 0 0 0 0 0 0 0 0 0 0
1 3 25 0 4 1 52 106 6 20 3 0 5 2 0 0 0 0 0 0 0 1 0 1 0 0 0 0 2 0 0 0 0 0 0 0 0 0 0 0 0 0 0 0 0 1 1 1 5 4 2 17 77 19 16 6 1 58 55 2 0 0 0 0 0 0 0 0 0 0 0 0 0 0 0 0 0 0 0 0 0 5 46 39 25 25 1 1 13 59 119 118 95 3 2 12 0 4 13 41 64 227 180 384 377 22 10 2 3 7 0 0 5 8 3 0 7 36 36 278 579 789 1293 1457 767 252 1306 1758 1048 1 0 1 0 0 0 0 0 0 0 0 0 0 0 0 0 0 0 0 0 0
1 14 18 0 7 17 11 87 14 7 0 1 1 1 0 0 0 0 0 0 0 0 11 0 1 1 0 2 1 0 0 0 2 2 0 2 0 0 0 0 2 0 0 0 0 0 0 0 1 0 0 13 24 3 19 5 0 4 76 18 2 4 0 0 0 0 0 0 0 0 0 0 0 0 0 0 0 0 0 0 2 14 11 0 1 11 2 19 19 41 126 93 101 10 50 138 8 0 0 5 117 248 536 203 182 59 4 6 3 9 8 1 0 0 8 4 8 272 337 579 529 20 35 137 206 251 441 805 320 10 111 25 0 0 0 0 0 0 0 0 0 0 0 0 0 0 0 0 0 0
6 4 133 1 29 127 54 11 1 0 2 0 0 3 0 0 2 0 0 0 2 2 0 0 0 0 1 0 0 0 0 0 0 0 0 0 0 0 0 0 3 4 2 0 0 2 0 0 1 0 0 3 15 0 7 3 1 0 2 42 3 0 0 0 0 0 0 0 0 0 0 0 0 0 0 0 0 0 0 5 34 64 0 1 16 0 124 18 0 4 7 33 30 0 0 1 0 0 0 5 6 311 699 140 140 188 33 13 6 1 13 3 1 0 0 15 224 413 102 23 0 0 0 0 38 440 187 539 306 17 65 42 0 0 0 0 0 0 0 0 0 0 0 0 0 0 0 0 0 0
10 11 82 177 299 492 237 57 3 0 0 0 0 1 1 0 1 1 0 0 0 9 0 0 0 1 0 0 0 1 0 0 0 0 1 0 0 0 0 0 1 2 0 7 7 3 0 15 1 0 0 7 7 1 0 4 1 0 10 3 0 1 0 0 0 0 0 0 0 0 0 0 0 0 0 0 0 0 7 23 4 0 0 4 4 2 22 108 55 0 0 0 0 0 0 1 0 0 0 0 0 93 534 159 178 161 19 3 2 11 4 0 0 0 13 117 139 1 15 41 0 0 0 0 7 506 189 514 283 8 84 4 0 0 0 0 0 0 0 0 0 0 0 0 0 0 0 0 0 0
2 76 401 760 383 253 143 54 2 7 0 2 4 0 0 0 2 2 1 0 0 5 0 0 1 0 0 1 0 2 0 0 0 0 0 0 0 0 1 3 2 8 2 4 1 0 0 9 19 1 0 0 29 0 0 5 15 2 0 0 0 0 0 0 0 0 0 0 0 0 0 0 0 0 0 0 0 20 2 0 0 0 0 0 0 0 59 24 20 0 0 0 0 0 0 1 0 0 0 0 9 55 14 42 128 113 1 0 0 2 10 11 19 26 18 3 1 5 7 39 50 27 2 0 65 59 70 162 119 0 0 0 0 0 0 0 0 0 0 0 0 0 0 0 0 0 0 0 0 0
2 14 185 273 104 210 55 26 2 4 0 0 0 0 0 0 0 0 2 0 1 7 0 1 0 0 0 1 4 2 1 0 0 0 1 1 4 0 0 0 0 0 1 0 0 0 0 13 5 7 2 0 0 0 0 6 0 0 0 0 0 0 0 0 0 0 0 0 0 0 0 0 0 0 0 0 1 3 0 1 0 0 0 0 0 0 66 13 3 12 20 9 0 0 4 17 0 0 0 409 870 107 166 201 33 114 34 9 2 0 7 22 16 3 0 0 0 0 15 49 115 101 274 256 133 37 4 6 0 4 1 0 0 0 0 0 0 0 0 0 0 0 0 0 0 0 0 0 0 0
10 15 36 80 82 50 2 1 0 1 18 0 3 0 0 0 0 0 0 0 5 38 0 0 1 0 0 0 0 1 0 0 0 2 0 0 1 0 0 0 0 0 2 0 0 27 0 0 0 0 0 0 0 0 5 23 5 0 0 0 0 0 0 0 0 0 0 0 0 0 0 0 0 0 0 0 11 10 0 0 0 0 0 0 0 1 27 0 0 36 24 1 0 0 49 125 63 8 215 1237 424 494 326 37 3 16 181 129 2 6 41 0 1 0 0 0 0 1 58 122 98 30 77 81 22 56 43 35 94 29 17 0 0 0 0 0 0 0 0 0 0 0 0 0 0 0 0 0 0 0
30 19 31 4 1 0 1 2 0 2 0 0 0 0 0 1 0 0 3 1 0 6 2 1 0 0 0 0 0 2 0 0 1 50 14 0 0 0 0 0 0 0 0 0 0 9 2 4 7 0 3 0 1 1 92 36 3 0 0 0 0 0 0 0 0 0 0 0 0 0 0 0 0 0 51 18 1 0 0 0 0 0 0 0 0 0 43 2 0 0 71 6 6 2 113 232 70 6 73 114 145 8 39 22 24 7 1 131 466 98 5 0 0 3 25 0 0 7 5 0 30 3 2 12 62 128 124 30 234 90 72 1 0 0 0 0 0 0 0 0 0 0 0 0 0 0 0 0 0 0
9 1 7 2 0 1 1 0 0 0 0 2 0 0 0 0 0 0 0 0 0 1 1 0 0 0 3 2 0 0 11 57 2 1 1 0 0 0 0 0 1 0 0 0 1 1 0 0 0 0 0 0 4 3 45 3 0 0 0 0 0 0 0 0 0 0 0 0 0 0 0 0 0 0 18 39 2 0 0 0 0 0 0 0 1 0 64 35 173 103 97 13 5 14 2 62 7 8 1 2 3 15 3 1 2 0 179 295 183 87 2 0 4 0 0 0 0 14 2 0 4 5 11 3 22 149 111 223 121 208 66 1 0 0 0 0 0 0 0 0 0 0 0 0 0 0 0 0 0 0
0 1 0 2 0 0 0 0 0 0 0 0 0 0 0 0 0 1 0 0 0 0 1 1 1 0 0 0 2 0 0 0 0 0 0 0 0 0 0 0 0 0 0 0 0 8 0 0 0 0 0 1 9 50 23 2 0 0 0 0 0 0 0 0 0 0 0 0 0 0 0 1 4 11 3 0 0 0 0 0 0 0 0 1 0 0 1 0 130 3 0 0 0 0 4 31 1 4 18 0 1 6 1 9 8 201 737 349 95 116 0 0 0 0 0 0 0 0 77 14 3 8 0 16 13 14 248 93 10 14 1 34 0 0 0 0 0 0 0 0 0 0 0 0 0 0 0 0 0 0
1 0 0 4 0 2 0 0 0 0 0 0 0 0 0 0 1 0 0 1 0 0 0 14 0 0 0 3 4 0 0 0 0 1 0 1 0 1 0 0 0 1 0 0 0 2 0 0 0 0 2 6 1 68 7 0 7 0 0 0 0 0 0 0 0 0 0 0 0 0 2 5 6 1 0 0 0 0 0 0 0 0 0 0 0 0 0 1 1 1 0 0 2 21 1 6 0 0 34 1 3 3 2 0 50 68 145 21 59 139 0 0 0 0 0 0 0 0 2 6 2 33 24 83 83 21 243 83 19 57 6 0 0 0 0 0 0 0 0 0 0 0 0 0 0 0 0 0 0 0
0 0 0 0 5 21 0 0 0 0 0 0 0 2 0 0 1 0 0 4 0 0 0 0 1 0 0 0 1 0 0 27 0 0 0 0 0 0 0 0 0 0 3 1 0 0 0 0 0 0 16 0 7 0 12 2 16 1 0 0 0 0 0 0 0 0 0 8 2 9 3 0 1 0 0 0 0 0 0 0 0 0 0 0 0 0 0 0 0 0 0 14 126 9 1 0 0 0 0 5 1 5 19 13 158 24 0 5 16 12 10 0 0 0 0 0 0 0 0 0 32 17 14 19 0 0 52 489 4 10 2 0 0 0 0 0 0 0 0 0 0 0 0 0 0 0 0 0 0 0
0 0 0 0 52 19 0 0 0 0 0 0 0 0 5 0 0 2 0 0 0 0 0 0 0 0 0 0 1 0 5 0 0 0 0 0 0 2 3 0 0 0 0 35 3 7 0 0 0 0 0 0 0 15 8 4 7 1 0 0 0 0 0 0 0 0 0 0 9 0 0 0 0 0 0 0 0 0 0 0 0 0 0 0 0 0 0 0 24 18 144 291 91 14 0 0 1 3 0 29 63 370 343 37 9 33 0 0 0 16 10 0 0 0 0 0 0 0 0 0 1 0 0 0 0 35 395 81 0 0 0 0 0 0 0 0 0 0 0 0 0 0 0 0 0 0 0 0 0 0
0 0 0 0 0 12 0 0 0 0 0 0 2 1 0 0 0 0 0 0 0 0 0 0 0 0 0 0 0 9 0 0 0 0 0 2 1 0 0 0 0 0 0 0 4 1 0 0 0 0 2 0 0 4 8 1 1 2 0 0 0 0 0 0 0 1 0 0 24 2 0 0 0 0 0 0 0 0 0 0 0 0 0 0 5 0 1 0 103 89 160 129 91 23 0 1 3 5 3 76 123 123 112 13 0 0 0 0 0 9 4 0 0 0 0 0 0 0 0 0 4 69 72 2 0 42 42 2 0 0 0 0 0 0 0 0 0 0 0 0 0 0 0 0 0 0 0 0 0 0
0 0 0 2 1 3 0 0 0 0 0 1 17 10 0 1 0 1 0 0 0 0 0 0 0 0 3 0 1 11 0 0 0 0 1 7 0 0 0 0 0 0 0 1 0 11 3 0 0 1 16 0 0 20 10 1 0 2 0 0 0 0 0 0 0 0 1 9 146 0 0 0 0 0 0 0 0 0 0 0 0 0 0 0 7 14 24 6 0 7 1 4 9 1 16 0 0 1 14 31 71 0 0 1 1 0 0 3 0 21 17 32 3 0 0 0 0 0 0 0 1 1 0 0 0 49 0 1 0 0 0 0 0 0 0 0 0 0 0 0 0 0 0 0 0 0 0 0 0 0
0 0 0 0 2 1 0 0 0 1 0 0 0 0 1 0 0 0 0 0 0 0 0 0 0 0 0 2 2 3 0 0 0 0 1 0 0 0 0 0 0 0 2 0 0 0 9 10 0 0 0 0 1 5 7 7 4 1 2 0 0 0 0 0 0 1 6 50 12 0 1 0 0 0 0 0 0 0 0 0 0 0 0 3 22 1 0 1 5 12 2 2 5 0 3 6 2 16 36 8 43 9 3 1 18 0 0 14 87 242 142 340 39 20 0 0 0 0 0 0 0 0 0 0 0 0 0 0 0 0 0 0 0 0 0 0 0 0 0 0 0 0 0 0 0 0 0 0 0 0
0 0 0 4 0 2 1 0 0 0 0 0 0 0 0 0 0 0 0 0 0 0 0 0 0 0 0 0 0 0 0 0 0 0 0 0 0 0 3 0 0 0 0 0 0 1 2 4 16 1 0 0 0 0 0 39 93 1 7 0 0 0 0 1 0 8 56 94 0 0 0 1 0 0 0 0 0 0 0 0 0 0 0 26 48 1 0 3 8 8 5 1 2 1 1 12 49 26 1 1 11 0 23 8 3 0 63 12 61 57 180 42 18 2 7 0 0 0 0 0 0 0 0 0 0 0 0 0 0 0 0 0 0 0 0 0 0 0 0 0 0 0 0 0 0 0 0 0 0 0
0 0 0 1 0 1 0 0 0 0 0 1 0 0 0 1 2 0 0 0 0 0 0 0 0 0 0 0 4 0 0 0 0 0 0 0 0 0 0 0 0 0 0 0 0 3 3 7 61 3 2 0 0 1 16 2 5 13 18 12 11 8 14 17 12 9 2 0 0 2 0 0 0 0 0 0 0 0 0 0 0 0 0 0 0 0 0 15 5 4 0 0 2 0 6 124 17 0 0 0 0 4 9 0 34 33 425 881 305 116 12 0 12 20 0 0 0 0 0 0 0 0 0 0 0 0 0 0 0 0 0 0 0 0 0 0 0 0 0 0 0 0 0 0 0 0 0 0 0 0
0 0 0 1 1 45 1 15 3 1 4 0 0 0 2 0 4 0 0 0 0 0 0 0 0 0 0 0 0 0 3 0 0 0 0 0 0 0 14 0 1 0 0 2 4 17 4 14 2 3 3 0 0 2 11 5 3 0 1 12 3 0 0 5 5 0 0 5 3 18 0 8 0 0 0 0 0 0 0 0 0 0 0 0 1 0 0 1 1 4 4 5 0 1 80 13 6 0 0 0 0 42 0 12 204 65 115 348 119 186 73 97 100 0 0 0 0 0 0 0 0 0 0 0 0 0 0 0 0 0 0 0 0 0 0 0 0 0 0 0 0 0 0 0 0 0 0 0 0 0
0 0 0 2 21 61 2 0 1 7 0 0 0 0 0 0 0 0 4 0 0 0 0 0 0 0 0 0 0 0 0 0 0 0 0 0 0 1 0 1 0 1 7 2 0 0 1 1 1 0 1 0 1 2 4 0 0 4 4 5 0 1 4 6 3 7 0 1 7 0 0 0 1 0 0 0 0 0 0 0 0 0 0 0 0 0 0 0 2 0 0 1 14 24 4 30 172 0 0 0 0 0 0 62 98 141 1 0 5 72 2 10 7 0 0 0 0 0 0 0 0 0 0 0 0 0 0 0 0 0 0 0 0 0 0 0 0 0 0 0 0 0 0 0 0 0 0 0 0 0
1 0 0 7 1 1 0 0 2 3 2 0 0 2 0 0 0 0 0 0 0 0 0 0 0 0 0 0 0 0 0 5 0 0 0 0 0 0 0 0 1 0 0 3 0 0 0 1 1 4 1 0 0 1 0 0 0 0 0 0 4 4 7 0 0 0 0 0 0 0 1 2 3 0 0 0 0 0 0 0 0 0 0 0 0 0 0 0 1 0 0 40 59 8 17 94 203 0 0 0 0 0 0 13 12 0 0 0 0 0 26 109 0 0 0 0 0 0 0 0 0 0 0 0 0 0 0 0 0 0 0 0 0 0 0 0 0 0 0 0 0 0 16 7 9 0 0 0 0 0
0 0 0 0 1 0 0 0 0 4 0 0 0 1 3 0 0 0 1 0 0 0 0 0 0 0 0 0 0 0 0 0 0 0 0 0 0 0 0 0 0 0 0 0 0 0 0 0 0 2 3 0 2 7 1 0 0 0 1 2 8 1 0 0 0 0 0 0 2 0 2 0 0 1 0 0 0 0 0 0 0 0 0 0 0 0 0 0 17 5 12 18 210 81 50 0 0 0 0 0 0 0 1 2 1 0 0 2 0 95 200 3 0 1 0 0 0 0 0 0 0 0 0 0 0 0 0 0 0 0 0 0 0 0 0 0 0 0 0 0 0 0 0 2 1 0 0 0 0 0
0 1 0 0 0 0 0 0 0 1 0 0 0 3 9 0 0 0 0 0 0 0 0 0 1 0 0 0 0 0 0 0 0 0 0 0 0 0 0 0 0 0 0 0 1 0 0 0 0 0 7 4 3 0 0 0 0 0 1 5 8 0 0 0 0 0 0 0 0 0 0 0 0 0 0 0 0 0 0 0 0 0 0 0 0 0 0 0 0 0 21 41 262 4 1 7 0 0 0 0 0 0 0 3 0 2 0 10 7 18 83 9 0 0 0 0 0 0 0 0 0 0 0 0 0 0 0 0 0 1 0 0 0 0 0 0 0 0 0 0 0 0 0 0 0 0 0 0 0 0
0 0 0 0 0 0 0 0 0 1 0 2 5 0 0 0 0 0 2 0 0 0 0 1 0 0 0 0 0 0 0 0 0 0 0 0 0 0 0 0 0 0 2 0 0 0 0 0 0 0 6 11 1 0 0 2 6 3 7 10 8 1 0 0 0 0 0 0 0 0 6 52 4 0 0 0 0 0 0 0 0 1 0 0 0 0 0 0 2 5 27 26 7 11 14 2 0 0 0 0 0 0 0 0 0 0 0 0 0 0 0 0 0 0 0 0 0 0 0 0 0 0 0 0 0 0 0 0 0 0 0 0 0 0 0 0 0 0 0 0 0 0 0 0 0 0 0 0 0 0
0 0 0 0 0 0 0 0 0 0 0 0 0 0 0 0 0 0 0 0 0 4 1 41 0 0 0 0 0 0 0 0 0 0 0 0 0 0 0 0 0 0 0 1 0 0 0 0 0 0 0 17 3 7 9 3 0 2 0 0 0 10 66 0 0 0 0 0 0 0 0 7 1 0 3 0 0 0 0 0 0 0 0 0 0 0 0 0 0 12 0 22 25 39 28 2 0 0 0 0 0 0 0 0 0 0 0 0 0 0 0 0 0 0 0 0 0 0 0 0 0 0 0 0 0 0 0 0 0 0 0 0 0 0 0 0 0 0 0 0 0 0 0 0 0 0 0 0 0 0
0 0 0 0 0 0 0 0 0 2 0 0 0 1 0 0 0 0 0 0 2 0 1 2 0 0 0 0 0 0 0 0 0 0 0 0 0 0 1 0 0 1 0 0 0 0 0 0 0 0 0 39 34 1 3 1 0 0 0 0 2 20 79 0 0 0 0 0 0 0 0 0 0 0 8 0 0 0 0 0 0 0 0 0 0 0 0 0 0 2 20 16 0 48 62 38 0 0 2 0 0 0 0 0 0 0 0 0 0 0 0 0 0 0 0 0 0 0 0 0 0 0 0 0 0 0 0 0 0 0 0 0 0 0 0 0 0 0 0 0 0 0 0 0 0 0 0 0 0 0
0 0 0 0 0 0 0 0 0 0 0 0 8 0 0 0 0 0 0 0 0 0 0 0 0 0 0 0 0 0 0 0 0 0 0 0 0 0 0 0 0 0 0 0 0 0 0 0 1 8 27 32 98 15 17 23 0 0 2 0 1 19 0 0 0 0 0 0 0 0 0 0 0 9 1 0 0 0 0 0 0 0 0 0 0 0 0 0 0 0 2 19 16 9 10 6 0 0 0 0 0 0 0 0 0 0 0 0 0 0 0 0 0 0 0 0 0 0 0 0 0 0 0 0 0 0 0 0 0 0 0 0 0 0 0 0 0 0 0 0 0 0 0 0 0 0 0 0 0 0
0 0 0 0 0 0 0 0 0 0 0 0 4 3 0 0 0 0 2 0 0 6 0 0 0 3 0 0 0 0 0 0 0 0 0 0 0 0 0 0 0 0 0 0 0 0 0 0 6 2 1 5 99 1 14 0 0 1 0 0 1 3 3 0 0 0 0 0 0 0 0 0 0 0 0 0 0 0 0 0 0 0 0 0 0 0 0 0 0 0 0 2 6 7 2 6 11 4 0 14 0 0 0 0 0 0 0 0 0 0 0 0 0 0 0 0 0 0 0 0 0 0 0 0 0 0 0 0 0 0 0 0 0 0 0 0 0 0 0 0 0 0 0 0 0 0 0 0 0 0
0 0 0 0 0 0 0 0 0 10 0 2 0 0 4 0 0 0 0 0 0 0 0 1 0 2 0 0 0 0 0 0 0 0 0 0 0 0 0 0 1 0 0 0 0 0 0 13 0 0 6 9 9 0 0 0 0 0 0 2 8 9 0 1 0 0 0 0 0 0 0 0 0 0 0 0 0 0 0 0 0 0 0 0 0 0 0 0 0 0 0 0 0 1 0 3 8 0 3 0 0 0 0 0 0 0 0 0 0 0 0 0 0 0 0 0 0 0 0 0 0 0 0 0 0 0 0 0 0 0 0 0 0 0 0 0 0 0 0 0 0 0 0 0 0 1 0 0 0 0
0 0 3 0 0 0 0 0 0 1 3 0 0 0 0 0 0 0 0 0 0 1 0 0 0 0 1 0 0 0 0 0 0 1 13 1 1 2 0 0 0 0 0 0 0 1 14 16 0 0 0 0 0 0 0 0 0 0 0 0 4 0 0 0 0 0 0 0 0 0 0 0 0 0 0 0 0 0 0 0 0 0 0 0 0 0 0 0 0 0 0 0 0 0 0 3 51 54 0 0 5 0 0 0 0 0 0 0 0 0 0 0 0 0 0 0 0 0 0 0 0 0 0 0 0 0 0 0 0 0 0 0 0 0 0 0 0 0 0 0 0 0 0 3 3 13 0 0 0 0
0 0 0 0 0 0 0 0 0 0 0 1 0 0 0 0 0 1 0 1 5 2 0 0 0 0 0 0 0 0 0 0 0 0 0 0 0 1 0 0 0 0 0 0 1 7 2 0 0 0 0 0 0 0 0 0 0 0 0 0 0 0 0 0 0 0 0 0 0 0 0 2 8 0 0 0 0 0 0 0 0 0 0 0 0 0 0 0 0 0 0 0 0 0 9 4 4 1 0 0 2 0 0 0 0 0 0 0 0 0 0 0 0 0 0 0 0 0 0 0 0 0 0 0 0 0 0 0 0 0 0 0 0 0 0 0 0 0 0 0 0 0 0 0 0 0 0 0 0 0
0 1 0 0 0 0 0 0 0 0 0 4 1 0 0 0 1 0 0 0 1 0 0 0 0 0 0 0 0 0 0 0 0 0 0 0 0 0 0 0 0 0 0 1 6 0 0 0 0 0 0 0 0 0 0 0 0 0 0 0 3 0 0 0 0 0 0 0 0 0 20 120 0 0 0 0 0 0 0 0 0 0 0 0 0 0 0 0 0 0 0 0 0 0 7 0 1 0 0 0 0 6 0 0 0 0 0 0 0 0 0 0 0 0 0 0 0 0 0 0 0 0 0 0 0 0 0 0 0 0 0 0 0 0 0 0 0 0 0 0 0 0 0 0 0 0 0 0 0 0
0 0 0 0 0 0 0 0 0 0 12 3 1 0 0 2 7 0 0 0 0 0 0 0 0 0 0 0 0 0 0 0 0 0 0 0 0 0 0 0 0 0 0 2 2 0 0 0 0 0 0 0 0 0 0 0 0 0 0 9 0 0 0 0 0 0 0 0 0 0 26 18 0 0 0 0 0 0 0 0 0 0 0 0 0 0 0 0 0 0 0 0 0 0 5 5 12 0 0 0 0 0 0 0 0 0 0 0 0 0 0 0 0 0 0 0 0 0 0 0 0 0 0 0 0 0 0 0 0 0 0 0 0 0 0 0 0 0 0 0 0 0 0 0 0 0 0 0 0 0
1 0 0 0 0 1 0 1 2 2 2 1 18 4 2 9 2 3 0 0 0 0 0 0 0 0 0 0 0 0 0 0 0 0 0 0 0 0 0 0 0 0 0 4 0 0 0 1 0 0 0 0 0 0 0 0 0 0 0 6 1 0 0 0 0 0 0 0 5 0 0 0 0 0 0 0 0 0 0 0 0 0 0 0 0 0 0 0 0 0 0 0 0 0 0 0 7 18 1 0 0 0 0 0 0 0 0 0 0 0 0 0 0 0 0 0 0 0 0 0 0 0 0 0 0 0 0 0 0 0 0 0 0 0 0 0 0 0 0 0 0 0 0 0 0 0 0 0 0 0
2 0 0 0 0 0 0 0 0 0 0 0 2 1 0 0 1 7 12 0 0 0 0 0 0 0 0 0 0 0 0 0 1 0 0 0 0 0 1 1 0 0 19 1 0 0 0 0 0 0 0 0 0 0 0 0 0 0 0 0 10 13 5 0 1 0 0 0 35 53 1 0 0 0 0 0 0 0 0 0 0 0 0 0 0 0 0 0 0 0 0 0 0 0 0 0 0 0 1 0 0 0 0 0 0 0 0 0 0 0 0 0 0 0 0 0 0 0 0 0 0 0 0 0 0 0 0 0 0 0 0 0 0 0 0 0 0 0 0 0 0 0 0 0 0 0 0 0 0 0
0 1 1 0 0 0 0 0 1 0 0 2 65 11 1 2 23 0 1 9 0 0 0 25 1 2 0 0 0 0 0 1 0 0 0 0 7 7 2 2 0 3 44 0 0 0 0 0 0 0 0 0 0 0 0 0 0 0 0 0 1 0 7 1 53 31 24 0 0 0 0 0 0 0 0 0 0 0 0 0 0 0 0 0 0 0 0 0 0 0 0 0 0 0 0 0 0 0 0 0 0 0 0 0 0 0 0 0 0 0 0 0 0 0 0 0 0 0 0 0 0 0 0 0 0 0 0 0 0 0 0 0 0 0 0 0 0 0 0 0 0 0 0 0 0 0 0 0 0 0
9 36 4 1 0 0 0 0 0 0 0 3 12 0 0 0 13 1 0 6 10 191 36 15 1 0 0 0 0 1 0 0 0 0 1 5 38 3 0 2 8 13 0 0 0 0 0 0 0 0 0 0 0 0 0 0 0 0 0 0 0 0 0 0 19 11 0 0 0 0 0 0 0 0 0 0 0 0 0 0 0 0 0 0 0 0 0 0 0 0 0 0 0 0 0 0 0 0 0 0 0 0 0 0 0 0 0 0 0 0 0 0 0 0 0 0 0 0 0 0 0 0 0 0 0 0 0 0 0 0 0 0 0 0 0 0 0 0 0 0 0 0 0 0 0 0 0 0 0 0
23 6 5 3 1 1 0 0 0 0 0 0 1 0 0 2 11 1 0 13 12 203 17 4 12 13 0 0 1 15 6 0 0 0 0 0 9 3 9 12 7 84 0 0 0 0 0 0 0 0 0 0 0 0 0 0 0 0 0 0 0 0 0 0 2 0 0 0 0 0 0 0 0 0 0 0 0 0 0 0 0 0 0 0 0 0 0 0 0 9 0 0 0 0 0 0 0 0 0 0 0 0 0 0 0 0 0 0 0 0 0 0 0 0 0 0 0 0 0 0 0 0 0 0 0 0 0 0 0 0 0 0 0 0 0 0 0 0 0 0 0 0 0 0 0 0 0 0 0 0
0 0 0 0 0 0 0 0 0 0 0 4 5 0 0 0 0 1 0 7 0 3 3 1 4 27 6 1 2 1 0 0 0 0 1 4 6 1 0 0 0 1 0 0 0 0 0 0 0 0 0 0 0 0 0 0 0 0 0 0 0 0 0 0 0 1 0 0 0 0 0 0 0 0 0 0 0 0 0 0 0 0 0 0 0 0 0 0 0 0 0 0 0 0 0 0 0 0 0 0 0 0 0 0 0 0 0 0 0 0 0 0 0 0 0 0 0 0 0 0 0 0 0 0 0 0 0 0 0 0 0 0 0 0 0 0 0 0 0 0 0 0 0 0 0 0 0 0 0 0
0 0 0 0 0 0 0 0 0 0 0 0 0 1 0 0 0 0 1 1 0 0 0 3 1 6 11 10 23 3 7 2 4 11 5 0 0 0 0 0 0 0 0 0 0 0 0 0 0 0 0 0 0 0 0 0 0 0 0 0 0 0 0 0 0 0 0 0 0 0 0 0 0 0 0 0 0 0 0 0 0 0 0 0 0 0 0 0 0 0 0 0 0 0 0 0 0 0 0 0 0 0 0 0 0 0 0 0 0 0 0 0 0 0 0 0 0 0 0 0 0 0 0 0 0 0 0 0 0 0 0 0 0 0 0 0 0 0 0 0 0 0 0 0 0 0 0 0 0 0
0 0 0 0 0 0 0 0 0 0 0 0 0 0 0 0 0 0 0 0 0 0 0 0 1 0 0 4 266 40 4 3 6 15 3 1 3 0 0 0 0 1 0 0 0 0 0 0 0 0 0 0 0 0 0 0 0 0 0 0 0 0 0 0 0 0 0 0 0 0 0 0 0 0 0 0 0 0 0 0 0 0 0 0 0 0 0 0 0 0 0 0 0 0 0 0 0 0 0 0 0 0 0 0 0 0 0 0 0 0 0 0 0 0 0 0 0 0 0 0 0 0 0 0 0 0 0 0 0 0 0 0 0 0 0 0 0 0 0 0 0 0 0 0 0 0 0 0 0 0
0 0 0 0 0 0 0 0 0 0 0 0 0 0 0 0 0 0 0 0 1 0 0 0 0 0 4 16 1 0 1 0 1 5 0 2 6 0 0 0 0 1 0 0 0 0 0 0 0 0 0 0 0 0 0 0 0 0 0 0 0 0 0 0 0 0 0 0 0 0 0 0 0 0 0 0 0 0 0 0 0 0 0 0 0 0 0 0 0 0 0 0 0 0 0 0 0 0 0 0 0 0 0 0 0 0 0 0 0 0 0 0 0 0 0 0 0 0 0 0 0 0 0 0 0 0 0 0 0 0 0 0 0 0 0 0 0 0 0 0 0 0 0 0 0 0 0 0 0 0
0 0 0 0 0 0 0 3 0 0 0 0 0 0 0 0 0 0 0 0 0 0 0 0 6 4 3 1 0 0 18 1 2 0 0 0 2 2 0 0 0 0 0 0 0 0 0 0 0 0 0 0 0 0 0 0 0 0 0 0 0 0 0 0 0 0 0 0 0 0 0 0 0 0 0 0 0 0 0 0 0 0 0 0 0 0 0 0 0 0 0 0 0 0 0 0 0 0 0 0 0 0 0 0 0 0 0 0 0 0 0 0 0 0 0 0 0 0 0 0 0 0 0 0 0 0 0 0 0 0 0 0 0 0 0 0 0 0 0 0 0 0 0 0 0 0 0 0 0 0
0 0 0 0 0 0 0 0 1 0 0 1 3 7 0 0 0 0 0 0 0 0 0 0 0 0 0 0 1 0 0 0 4 0 0 0 1 9 0 0 0 0 0 0 0 0 0 0 0 0 0 0 0 0 0 0 0 0 0 0 0 0 0 0 0 0 0 0 0 0 0 0 0 0 0 0 0 0 0 0 0 0 0 0 0 0 0 0 0 0 0 0 0 0 0 0 0 0 0 0 0 0 0 0 0 0 0 0 0 0 0 0 0 0 0 0 0 0 0 0 0 0 0 0 0 0 0 0 0 0 0 0 0 0 0 0 0 0 0 0 0 0 0 0 0 0 0 0 0 0
2 0 0 0 0 0 0 0 0 0 1 2 5 0 0 0 0 0 0 0 0 0 0 0 0 0 0 19 1 0 2 0 0 0 0 0 0 0 0 0 0 0 0 0 0 0 0 0 0 0 0 0 0 0 0 0 0 0 0 0 0 0 0 0 0 0 0 0 0 0 0 0 0 0 0 0 0 0 0 0 0 0 0 0 0 0 0 0 0 0 0 0 0 0 0 0 0 0 0 0 0 0 0 0 0 0 0 0 0 0 0 0 0 0 0 0 0 0 0 0 0 0 0 0 0 0 0 0 0 0 0 0 0 0 0 0 0 0 0 0 0 0 0 0 0 0 0 0 0 0
0 0 0 0 0 0 0 0 0 2 0 0 0 0 0 0 0 0 0 0 0 0 0 0 0 0 0 12 2 0 0 0 5 1 0 0 0 0 0 0 0 0 0 0 0 0 0 0 0 0 0 0 0 0 0 0 0 0 0 0 0 0 0 0 0 0 0 0 0 0 0 0 0 0 0 0 0 0 0 0 0 0 0 0 0 0 0 0 0 0 0 0 0 0 0 0 0 0 0 0 0 0 0 0 0 0 0 0 0 0 0 0 0 0 0 0 0 0 0 0 0 0 0 0 0 0 0 0 0 0 0 0 0 0 0 0 0 0 0 0 0 0 0 0 0 0 0 0 0 0
0 0 0 0 0 0 0 0 0 0 7 1 0 0 0 0 0 0 0 0 0 0 0 0 0 0 0 0 0 0 0 0 2 0 0 0 0 0 0 0 0 0 0 0 0 0 0 1 0 0 0 0 0 0 0 0 0 0 0 0 0 0 0 0 0 0 0 0 0 0 0 0 0 0 0 0 0 0 0 0 0 0 0 0 0 0 0 0 0 0 0 0 0 0 0 0 0 0 0 0 0 0 0 0 0 0 0 0 0 0 0 0 0 0 0 0 0 0 0 0 0 0 0 0 0 0 0 0 0 0 0 0 0 0 0 0 0 0 0 0 0 0 0 0 0 0 0 0 0 0
0 0 0 0 0 0 0 0 0 2 4 0 0 0 0 0 0 0 0 0 0 0 0 0 0 0 0 0 0 0 0 0 0 0 0 0 0 0 0 0 0 0 0 0 0 0 0 0 0 0 0 0 0 0 0 0 0 0 0 0 0 0 0 0 0 0 0 0 0 0 0 0 0 0 0 0 0 0 0 0 0 0 0 0 0 0 0 0 0 0 0 0 0 0 0 0 0 0 0 0 0 0 0 0 0 0 0 0 0 0 0 0 0 0 0 0 0 0 0 0 0 0 0 0 0 0 0 0 0 0 0 0 0 0 0 0 0 0 0 0 0 0 0 0 0 0 0 0 0 0
0 0 0 0 0 0 0 0 1 0 1 0 0 0 0 0 0 0 0 0 0 0 0 0 0 0 0 0 0 0 0 0 0 0 0 0 0 0 0 0 0 0 0 0 0 0 0 0 0 0 0 5 0 0 0 0 0 0 0 0 0 0 0 0 0 0 1 0 0 0 0 0 0 0 0 0 0 0 0 0 0 0 0 0 0 0 0 0 0 0 0 0 0 0 0 0 0 0 0 0 0 0 0 0 0 0 0 0 0 0 0 0 0 0 0 0 0 0 0 0 0 0 0 0 0 0 0 0 0 0 0 0 0 0 0 0 0 0 0 0 0 0 0 0 0 0 0 0 0 0
0 0 1 3 0 0 0 0 11 20 0 0 0 0 0 0 0 0 0 0 0 0 0 0 0 0 0 0 0 0 0 0 0 0 0 0 0 0 0 0 0 0 0 0 0 0 0 0 0 0 2 0 0 0 0 0 0 0 0 0 0 0 0 0 0 0 0 0 0 0 0 0 0 0 0 0 0 0 0 0 0 0 0 0 0 0 0 0 0 0 0 0 0 0 0 0 0 0 0 0 0 0 0 0 0 0 0 0 0 0 0 0 0 0 0 0 0 0 0 0 0 0 0 0 0 0 0 0 0 0 0 0 0 0 0 0 0 0 0 0 0 0 0 0 0 0 0 0 0 0
0 0 0 0 0 2 16 24 15 3 0 0 0 0 0 0 0 0 0 0 0 0 0 0 0 0 0 0 0 0 0 0 0 0 0 0 0 0 0 0 0 0 0 0 0 0 0 0 0 31 46 0 0 0 3 0 0 0 0 0 0 0 0 0 0 0 0 0 0 0 0 0 0 0 0 0 0 0 0 0 0 0 0 0 0 0 0 0 0 0 0 0 0 0 0 0 0 0 0 0 0 0 0 0 0 0 0 0 0 0 0 0 0 0 0 0 0 0 0 0 0 0 0 0 0 0 0 0 0 0 0 0 0 0 0 0 0 0 0 0 0 0 0 0 0 0 0 0 0 0
5 0 0 0 0 0 35 31 0 0 0 0 0 0 0 0 0 0 0 0 0 0 0 0 0 0 0 0 0 0 0 0 0 0 0 0 0 0 0 0 0 0 0 0 0 0 0 0 0 0 0 0 2 7 0 0 0 0 0 0 0 0 0 0 0 0 0 0 0 0 0 0 0 0 0 0 0 0 0 0 0 0 0 0 0 0 0 0 0 0 0 0 0 0 0 0 0 0 0 0 0 0 0 0 0 0 0 0 0 0 0 0 0 0 0 0 0 0 0 0 0 0 0 0 0 0 0 0 0 0 0 0 0 0 0 0 0 0 0 0 0 0 0 0 0 0 0 0 0 0
0 0 0 0 0 0 0 0 0 0 0 0 0 0 0 0 0 0 0 0 0 0 0 0 0 0 0 0 0 0 0 0 0 0 0 0 0 0 0 0 0 0 0 0 0 0 0 0 0 0 0 0 86 56 0 0 0 0 0 0 0 0 0 0 0 0 0 0 0 0 0 0 0 0 0 0 0 0 0 0 0 0 0 0 0 0 0 0 0 0 0 0 0 0 0 0 0 0 0 0 0 0 0 0 0 0 0 0 0 0 0 0 0 0 0 0 0 0 0 0 0 0 0 0 0 0 0 0 0 0 0 0 0 0 0 0 0 0 0 0 0 0 0 0 0 0 0 0 0 0
0 0 0 0 0 0 0 0 0 0 0 0 0 0 0 0 0 0 0 0 0 0 0 0 0 0 0 0 0 0 0 0 0 0 0 0 0 0 0 0 0 0 0 0 0 0 0 0 0 0 0 0 1 1 0 0 0 0 0 0 0 0 0 0 0 0 0 0 0 0 0 0 0 0 0 0 0 0 0 0 0 0 0 0 0 0 0 0 0 0 0 0 0 0 0 0 0 0 0 0 0 0 0 0 0 0 0 0 0 0 0 0 0 0 0 0 0 0 0 0 0 0 0 0 0 0 0 0 0 0 0 0 0 0 0 0 0 0 0 0 0 0 0 0 0 0 0 0 0 0
0 0 0 0 0 0 0 0 0 0 0 0 0 0 0 0 0 0 0 0 0 0 0 0 0 0 0 0 0 0 0 0 0 0 0 0 0 6 0 0 0 0 0 0 0 0 0 0 0 0 0 0 1 0 0 0 0 0 0 0 0 0 0 0 0 0 0 0 0 0 0 0 0 0 0 0 0 0 0 0 0 0 0 0 0 0 0 0 0 0 0 0 0 0 0 0 0 0 0 0 0 0 0 0 0 0 0 0 0 0 0 0 0 0 0 0 0 0 0 0 0 0 0 0 0 0 0 0 0 0 0 0 0 0 0 0 0 0 0 0 0 0 0 0 0 0 0 0 0 0
0 0 0 0 0 0 0 0 0 0 0 0 0 0 0 0 0 0 0 0 0 0 0 0 0 0 0 0 0 0 0 0 0 0 0 0 0 0 0 0 0 0 0 0 0 0 0 0 0 0 0 0 0 0 0 0 0 0 0 0 0 0 0 0 0 0 0 0 0 0 0 0 0 0 0 0 0 0 0 0 0 0 0 0 0 0 0 0 0 0 0 0 0 0 0 0 0 0 0 0 0 0 0 0 0 0 0 0 0 0 0 0 0 0 0 0 0 0 0 0 0 0 0 0 0 0 0 0 0 0 0 0 0 0 0 0 0 0 0 0 0 0 0 0 0 0 0 0 0 0
0 0 0 0 0 0 0 0 0 0 0 0 0 0 0 0 0 0 0 0 0 0 0 0 0 0 0 0 0 0 1 0 0 0 0 0 0 0 0 0 0 0 0 0 0 0 0 0 0 0 0 2 0 6 0 0 0 0 0 0 0 0 0 0 0 0 0 0 0 0 0 0 0 0 0 0 0 0 0 0 0 0 0 0 0 0 0 0 0 0 0 0 0 0 0 0 0 0 0 0 0 0 0 0 0 0 0 0 0 0 0 0 0 0 0 0 0 0 0 0 0 0 0 0 0 0 0 0 0 0 0 0 0 0 0 0 0 0 0 0 0 0 0 0 0 0 0 0 0 0
0 0 0 0 0 0 0 0 0 0 0 0 0 0 0 0 0 0 0 0 0 0 0 0 0 0 0 0 0 0 1 47 2 0 0 0 1 0 0 0 0 0 0 0 0 0 0 0 0 0 0 2 0 0 0 0 0 0 0 0 0 0 0 0 0 0 0 0 0 0 0 0 0 0 0 0 0 0 0 0 0 0 0 0 0 0 0 0 0 0 0 0 0 0 0 0 0 0 0 0 0 0 0 0 0 0 0 0 0 0 0 0 0 0 0 0 0 0 0 0 0 0 0 0 0 0 0 0 0 0 0 0 0 0 0 0 0 0 0 0 0 0 0 0 0 0 0 0 0 0
0 0 0 0 0 0 0 0 0 0 0 0 0 0 0 0 0 0 0 0 0 0 0 0 0 0 0 0 0 0 5 6 0 0 0 0 2 0 0 0 0 0 0 0 0 0 0 0 0 1 2 0 0 0 0 0 0 0 0 0 0 0 0 0 0 0 0 0 0 0 0 0 0 0 0 0 0 0 0 0 0 0 0 0 0 0 0 0 0 0 0 0 0 0 0 0 0 0 0 0 0 0 0 0 0 0 0 0 0 0 0 0 0 0 0 0 0 0 0 0 0 0 0 0 0 0 0 0 0 0 0 0 0 0 0 0 0 0 0 0 0 0 0 0 0 0 0 0 0 0
0 0 0 0 0 0 0 0 0 0 0 0 0 0 0 0 0 0 0 0 0 0 0 0 0 0 0 0 0 3 1 0 0 0 0 0 0 0 0 0 0 0 0 0 0 0 0 0 0 0 0 0 0 0 0 0 0 0 0 0 0 0 0 0 0 0 0 0 0 0 0 0 0 0 0 0 0 0 0 0 0 0 0 0 0 0 0 0 0 0 0 0 0 0 0 0 0 0 0 0 0 0 0 0 0 0 0 0 0 0 0 0 0 0 0 0 0 0 0 0 0 0 0 0 0 0 0 0 0 0 0 0 0 0 0 0 0 0 0 0 0 0 0 0 0 0 0 3 0 0
0 0 0 0 0 0 0 0 0 0 0 0 0 0 0 0 0 0 0 0 0 0 0 0 0 0 0 0 0 218 58 0 0 0 0 0 0 0 0 0 0 0 0 0 0 0 0 0 1 0 0 0 0 0 0 0 0 0 0 0 0 0 0 0 0 0 0 0 0 0 0 0 0 0 0 0 0 0 0 0 0 0 0 0 0 0 0 0 0 0 0 0 0 0 0 0 0 0 0 0 0 0 0 0 0 0 0 0 0 0 0 0 0 0 0 0 0 0 0 0 0 0 0 0 0 0 0 0 0 0 0 0 0 0 0 0 0 0 0 0 0 0 0 0 0 0 1 0 0 0
0 0 0 0 0 0 0 0 0 0 0 0 0 0 0 0 0 0 0 0 0 0 0 0 0 0 5 0 0 0 0 0 0 0 0 0 0 0 0 0 0 0 0 0 0 0 0 0 0 26 0 0 0 0 0 0 0 0 0 0 0 0 0 0 0 0 0 0 0 0 0 0 0 0 0 0 0 0 0 0 0 0 0 0 0 0 0 0 0 0 0 0 0 0 0 0 0 0 0 0 0 0 0 0 0 0 0 0 0 0 0 0 0 0 0 0 0 0 0 0 0 0 0 0 0 0 0 0 0 0 0 0 0 0 0 0 0 0 0 0 0 0 0 0 0 0 0 0 0 0
0 0 0 0 0 0 0 0 0 0 0 0 0 0 0 0 0 0 0 0 0 0 0 0 0 0 4 0 0 0 0 0 0 0 0 0 0 0 0 0 0 0 0 0 0 0 0 0 2 0 0 0 0 0 0 0 0 0 0 0 0 0 0 0 0 0 0 0 0 0 0 0 0 0 0 0 0 0 0 0 0 0 0 0 0 0 0 0 0 0 0 0 0 0 0 0 0 0 0 0 0 0 0 0 0 0 0 0 0 0 0 0 0 0 0 0 0 0 0 0 0 0 0 0 0 0 0 0 0 0 0 0 0 0 0 0 0 0 0 0 0 0 0 0 0 0 0 0 0 0
0 0 0 0 0 0 0 0 0 0 0 0 0 0 0 0 0 0 0 0 0 0 0 0 0 0 0 5 4 0 0 0 0 0 0 0 0 0 0 0 0 0 0 0 0 0 0 0 0 0 0 0 0 0 0 0 0 0 0 0 0 0 0 0 0 0 0 0 0 0 0 0 0 0 0 0 0 0 0 0 0 0 0 0 0 0 0 0 0 0 0 0 0 0 0 0 0 0 0 0 0 0 0 0 0 0 0 0 0 0 0 0 0 0 0 0 0 0 0 0 0 0 0 0 0 0 0 0 0 0 0 0 0 0 0 0 0 0 0 0 0 0 0 0 0 0 0 0 0 4
0 0 0 0 0 0 0 0 0 0 0 0 0 0 0 0 0 0 0 0 0 0 0 0 0 0 0 0 0 0 0 0 0 0 0 0 0 0 0 0 0 0 0 0 0 0 0 0 0 0 0 0 0 0 0 0 0 0 0 0 0 0 0 0 0 0 0 0 0 0 0 0 0 0 0 0 0 0 0 0 0 0 0 0 0 0 0 0 0 0 0 0 0 0 0 0 0 0 0 0 0 0 0 0 0 0 0 0 0 0 0 0 0 0 0 0 0 0 0 0 0 0 0 0 0 0 0 0 0 0 0 0 0 0 0 0 0 0 0 0 0 0 0 0 0 0 0 0 0 0
0 0 0 0 0 0 0 0 0 0 0 0 0 0 0 0 0 0 0 0 0 0 0 0 0 0 0 0 0 0 0 0 0 0 0 0 0 0 0 0 0 0 0 0 0 0 0 0 0 0 0 0 0 0 0 0 0 0 0 0 0 0 0 0 0 0 0 0 0 0 0 0 0 0 0 0 0 0 0 0 0 0 0 0 0 0 0 0 0 0 0 0 0 0 0 0 0 0 0 0 0 0 0 0 0 0 0 0 0 0 0 0 0 0 0 0 0 0 0 0 0 0 0 0 0 0 0 0 0 0 0 0 0 0 0 0 0 0 0 0 0 0 0 0 0 0 0 0 0 0
0 0 0 0 0 0 0 0 0 0 0 0 0 0 0 0 0 0 0 0 0 0 0 0 0 0 0 0 0 0 0 0 0 0 0 0 0 0 0 0 0 0 0 0 0 0 0 0 0 0 0 0 0 0 0 0 0 0 0 0 0 0 0 0 0 0 0 0 0 0 0 0 0 0 0 0 0 0 0 0 0 0 0 0 0 0 0 0 0 0 0 0 0 0 0 0 0 0 0 0 0 0 0 0 0 0 0 0 0 0 0 0 0 0 0 0 0 0 0 0 0 0 0 0 0 0 0 0 0 0 0 0 0 0 0 0 0 0 0 0 0 0 0 0 0 0 0 0 0 0
0 0 0 0 0 0 0 0 0 0 0 0 0 0 0 0 0 0 0 0 0 0 0 0 0 0 0 0 0 0 0 0 0 0 0 0 0 0 0 0 0 0 0 0 0 0 0 0 0 0 0 0 0 0 0 0 0 0 0 0 0 0 0 0 0 0 0 0 0 0 0 0 0 0 0 0 0 0 0 0 0 0 0 0 0 0 0 0 0 0 0 0 0 0 0 0 0 0 0 0 0 0 0 0 0 0 0 0 0 0 0 0 0 0 0 0 0 0 0 0 0 0 0 0 0 0 0 0 0 0 0 0 0 0 0 0 0 0 0 0 0 0 0 0 0 0 0 0 0 0
0 0 0 0 0 0 0 0 0 0 0 0 0 0 0 0 0 0 0 0 0 0 0 0 0 0 0 0 0 0 0 0 0 0 0 0 0 0 0 0 0 0 0 0 0 0 0 0 0 0 0 0 0 0 0 0 0 0 0 0 0 0 0 0 0 0 0 0 0 0 0 0 0 0 0 0 0 0 0 0 0 0 0 0 0 0 0 0 0 0 0 0 0 0 0 0 0 0 0 0 0 0 0 0 0 0 0 0 0 0 0 0 0 0 0 0 0 0 0 0 0 0 0 0 0 0 0 0 0 0 0 0 0 0 0 0 0 0 0 0 0 0 0 0 0 0 0 0 0 0
