0 0 7 7 0 0 5 0 10 70 13 7 0 3 0 0 0 5 2 0 0 3 3 0 2 36 0 0 0 0 0 0 0 0 16 5 0 0 4 0 1 0 0 0 1 0 0 0 0 0 0 0 0 1 1 2 0 0 0 6 85 21 1 8 0 3 5 0 1 1 0 3 26 144 99 319 202 37 49 20 25 187 49 70 79 268 322 166 26 450 997 593 91 550 291 813 1007 876 883 186 250 105 19 61 17 42 49 386 256 9 7 20 29 157 45 28 34 20 1 1 2 43 7 5 2 13 0 0 7 8 1 27 2 3 6 0 0 5 0 0 19 1 0 0 0 0 0 0 0 16
0 0 4 8 0 0 0 0 0 35 18 14 8 0 0 0 0 2 8 0 0 3 25 0 13 24 0 2 0 0 0 0 0 0 0 3 0 0 4 1 0 0 0 0 0 0 0 0 0 0 0 0 0 6 7 0 0 0 0 45 141 19 12 10 8 0 0 0 2 9 0 3 65 50 23 9 28 106 13 55 88 57 14 19 137 234 349 166 380 322 103 26 362 414 305 297 661 447 1003 656 322 124 38 38 16 0 0 21 32 15 15 8 2 9 80 17 1 29 1 18 0 6 10 2 3 1 1 11 19 23 22 5 82 33 0 0 0 1 5 77 7 0 0 0 0 0 0 0 0 0
0 0 0 3 3 0 0 0 0 10 0 3 16 2 0 0 0 2 1 5 4 18 67 15 14 0 0 16 0 0 0 0 1 1 0 3 7 2 0 19 1 0 0 1 0 0 0 0 0 0 0 0 0 0 6 0 0 0 0 23 10 11 2 5 0 0 0 0 0 0 0 5 8 0 1 2 0 35 152 218 77 36 1 34 30 209 578 229 2 13 70 30 95 551 882 533 277 356 251 492 540 380 11 65 31 5 0 28 240 149 31 21 5 8 3 9 14 70 15 8 132 11 4 7 1 3 2 5 0 14 8 1 185 145 0 0 1 0 5 55 23 2 0 0 0 0 0 0 0 0
32 3 0 0 0 0 0 0 0 2 1 3 0 0 0 0 0 0 8 13 0 0 7 5 2 0 1 29 6 0 1 0 0 0 0 0 0 2 0 1 4 0 0 0 0 0 0 0 0 0 4 0 1 0 76 30 1 20 49 0 0 0 31 5 0 0 0 0 0 2 10 106 20 5 1 9 19 99 193 504 131 160 154 207 127 31 38 203 6 164 1074 898 1553 690 920 478 161 202 511 445 488 563 201 19 56 137 29 29 264 86 30 32 42 13 1 8 8 127 65 26 44 85 21 9 1 1 3 0 3 1 1 10 32 1 19 2 20 1 0 36 43 10 0 0 0 0 0 0 0 0
3 10 0 0 0 0 0 0 0 3 0 0 0 0 0 10 3 0 0 0 0 0 8 0 3 0 1 0 0 0 0 0 0 4 0 8 10 0 6 0 1 0 0 0 0 0 0 0 0 10 0 0 0 1 32 183 38 72 2 0 1 0 0 16 0 0 0 0 0 16 78 51 112 200 21 42 45 152 334 357 341 259 289 246 243 351 52 60 24 320 1132 1465 507 893 388 216 63 547 323 707 880 1042 624 528 292 236 78 31 20 18 4 18 25 55 4 0 8 96 90 51 176 542 182 11 4 1 2 1 3 1 4 0 0 0 16 0 0 0 0 0 42 4 0 0 0 0 0 0 0 0
21 4 0 0 0 0 0 0 4 3 10 0 0 0 0 4 5 0 3 53 11 9 0 0 0 1 0 0 5 2 1 1 0 0 15 91 33 15 1 0 0 3 1 0 0 0 0 0 0 10 59 21 1 0 6 52 49 11 12 1 1 0 6 0 0 0 0 0 5 74 70 101 139 111 169 67 22 49 61 466 742 694 308 78 3 148 109 29 9 234 1548 968 137 398 899 817 162 1342 382 604 417 479 969 596 21 166 13 78 3 1 0 0 7 41 2 18 149 8 3 29 208 160 1 2 3 33 4 1 1 0 5 1 1 0 0 0 2 0 0 0 0 31 0 0 0 0 0 0 0 0
0 0 0 0 0 0 0 0 0 6 17 0 0 5 1 0 0 0 0 1 1 2 0 0 0 0 0 0 0 0 3 1 0 0 0 14 4 0 4 0 0 0 0 0 0 0 0 0 0 1 0 3 3 1 0 26 11 2 41 17 3 5 0 0 13 3 0 0 3 65 53 85 261 283 321 130 367 161 551 394 1130 955 1133 592 323 35 17 297 203 70 1174 1097 133 586 847 388 338 404 503 41 18 243 146 244 32 77 183 40 27 54 33 153 313 56 36 121 2 2 33 25 92 69 10 1 3 2 9 5 1 2 3 0 0 0 0 0 1 25 0 0 0 2 0 0 0 0 0 0 0 0
3 0 0 0 0 0 0 0 3 0 0 0 0 0 0 0 0 0 0 0 0 0 0 0 0 0 0 0 0 2 13 0 0 0 12 3 0 0 10 9 0 0 0 0 0 0 0 0 0 0 0 0 2 16 3 13 0 41 54 74 78 66 42 0 13 34 0 0 6 117 7 2 20 52 93 47 80 110 492 840 1108 705 743 165 160 169 185 581 261 50 472 93 52 785 432 500 270 580 729 308 176 397 350 549 136 130 21 30 102 56 227 570 151 63 15 102 2 2 12 33 27 2 4 5 6 1 21 2 6 5 0 0 0 0 0 0 0 0 0 0 0 0 0 0 0 0 0 0 0 0
8 0 0 0 0 0 0 0 5 4 0 1 0 3 8 0 0 0 0 0 0 0 0 0 0 0 0 0 0 0 2 0 0 0 1 0 2 2 0 0 0 0 0 0 0 0 0 0 0 1 0 0 2 21 0 0 0 18 23 42 260 142 16 2 3 17 0 5 1 41 4 1 2 6 3 23 21 56 125 550 1125 1110 717 39 18 11 468 221 205 75 12 14 335 970 1296 1065 110 375 322 393 294 145 53 235 596 145 204 234 52 17 555 236 146 21 32 9 0 4 5 5 7 1 5 6 15 5 2 0 0 0 3 1 0 0 0 1 0 0 0 0 0 0 0 0 0 0 0 0 0 0
1 0 0 0 0 0 0 4 5 7 0 0 0 1 0 0 0 0 0 0 0 0 0 0 0 0 0 0 0 0 0 0 0 0 1 0 0 0 3 1 0 0 0 0 0 0 1 0 5 1 1 0 20 20 0 0 0 3 2 22 45 158 15 16 1 0 0 4 0 54 0 3 0 0 0 20 30 41 319 635 898 665 772 224 998 616 361 163 298 237 65 12 13 686 897 1139 601 184 93 7 32 162 17 2 100 491 289 177 71 34 478 374 211 50 4 225 194 476 150 47 122 30 37 87 48 42 11 2 7 19 90 43 0 0 0 0 0 0 0 0 0 0 0 0 0 0 0 0 0 0
0 2 21 0 0 0 0 0 2 2 2 2 0 0 0 10 2 1 0 0 0 0 0 0 0 3 0 0 0 0 0 5 0 0 0 7 0 1 1 1 0 3 3 1 0 0 2 6 26 18 9 2 9 7 0 0 0 4 24 17 1 104 17 7 0 0 1 0 1 48 0 0 0 0 1 0 18 65 192 422 445 211 475 241 197 436 261 369 597 331 46 0 9 270 468 693 835 48 16 61 20 27 0 10 199 326 781 277 150 93 423 261 282 60 2 134 309 572 513 351 420 202 222 142 150 343 123 70 54 129 7 69 17 26 23 0 0 0 0 0 0 0 0 0 0 0 0 0 0 0
1 0 0 0 0 0 0 0 7 1 0 0 0 0 0 1 8 9 1 0 0 0 0 0 0 0 0 0 0 0 0 0 2 2 4 0 0 0 1 1 1 13 24 8 1 0 1 0 1 0 0 1 2 2 12 2 2 2 0 9 0 3 0 0 1 5 2 2 2 0 4 2 0 0 0 0 139 20 334 437 592 168 82 74 395 151 95 47 83 491 44 0 0 5 7 143 1019 428 382 16 0 1 6 70 47 112 415 226 34 84 320 300 69 239 77 150 420 252 809 592 287 412 114 74 94 119 2 0 0 53 4 0 162 29 45 0 0 0 0 0 0 0 0 0 0 0 0 0 0 0
1 0 0 0 0 0 2 0 3 1 0 0 0 0 0 0 1 26 5 4 0 1 0 1 0 0 0 0 0 0 0 0 2 0 0 0 1 0 0 0 0 5 36 0 23 0 1 19 0 0 0 0 7 5 30 0 0 0 1 1 1 7 2 0 0 3 0 0 2 1 13 0 0 0 0 30 98 63 130 140 164 198 104 0 30 9 2 0 2 1 0 1 1 32 69 20 693 530 675 456 15 8 58 23 35 23 49 324 715 260 862 568 141 691 286 84 46 70 1124 902 187 271 137 6 18 93 24 0 40 24 0 0 26 5 7 0 1 0 0 0 0 0 0 0 0 0 0 0 0 0
0 0 0 0 0 0 9 2 0 1 0 0 0 0 0 0 0 0 75 10 4 27 0 0 1 0 0 0 0 2 2 1 0 0 0 0 0 0 0 0 0 1 2 92 29 0 0 0 3 0 3 14 2 0 0 0 0 0 4 0 10 3 0 0 0 0 27 22 28 18 78 0 1 2 4 419 580 388 323 45 47 253 113 23 45 153 13 5 4 17 2 1 0 38 9 23 112 601 179 248 0 60 276 80 409 61 75 380 316 567 1375 1471 691 268 175 254 206 360 758 300 108 84 3 0 0 38 10 0 14 2 0 1 1 0 0 0 0 0 0 0 0 0 0 0 0 0 0 1 0 0
0 0 0 0 0 0 1 0 12 1 0 0 0 0 0 0 0 0 1 17 11 0 0 0 3 0 0 0 0 1 0 0 0 0 0 0 0 0 0 0 0 0 0 5 28 0 0 0 0 18 10 52 1 0 0 0 20 6 6 11 90 15 4 16 13 102 97 105 333 196 62 4 5 6 70 646 1329 833 320 90 2 141 63 4 5 14 28 21 0 22 16 8 7 1 0 5 76 209 179 191 19 81 435 363 1132 1030 2115 1359 1068 930 849 692 687 527 438 219 122 96 46 102 94 119 37 15 0 13 46 4 11 13 4 0 0 0 0 0 0 0 0 0 0 0 0 0 0 0 0 0 0 0
0 0 0 0 0 0 1 36 42 0 1 0 0 0 0 1 0 0 5 0 0 13 5 2 0 0 0 0 0 2 0 0 0 0 0 0 0 0 0 0 0 0 0 0 0 19 0 0 0 26 87 78 0 0 3 3 26 66 7 65 21 37 3 33 32 39 114 104 77 145 233 125 87 214 582 984 1340 676 234 22 6 6 0 0 0 0 14 38 7 63 1 5 0 3 32 61 47 18 37 14 14 1 1106 539 598 486 1064 517 558 912 1281 1021 1206 471 379 302 50 236 174 103 38 15 148 284 64 68 18 1 2 1 0 0 0 1 30 3 0 0 0 0 0 0 0 0 0 0 0 0 0 0
0 0 0 0 0 0 1 1 0 0 0 0 0 1 0 0 3 2 0 6 0 0 21 18 21 4 2 0 1 0 0 0 0 0 0 0 0 0 0 0 0 0 0 0 0 9 12 6 0 11 26 1 4 12 15 37 41 114 196 38 0 4 0 1 0 2 0 0 0 2 10 3 59 101 309 383 403 360 171 0 1 0 3 0 0 0 1 30 77 8 0 0 3 0 0 129 77 0 3 73 20 177 762 977 423 204 441 197 399 715 906 415 771 414 530 146 49 75 126 6 0 6 60 34 42 501 1 6 2 0 0 0 0 0 0 0 1 0 0 0 0 0 0 0 0 0 0 0 0 0
0 0 8 0 0 0 0 3 0 0 0 0 1 0 0 1 0 4 4 2 2 1 0 2 12 2 6 23 0 1 2 0 0 0 0 0 1 0 0 0 0 0 0 1 1 31 58 3 3 75 42 15 17 69 20 30 28 43 286 12 2 2 0 0 1 1 126 36 2 29 186 10 140 18 122 108 93 165 19 25 1 0 4 1 0 0 1 9 69 2 0 25 44 40 9 3 5 0 24 608 199 124 129 96 103 436 189 173 504 342 87 217 104 212 194 56 110 140 11 5 0 1 2 19 74 709 132 17 3 5 0 0 0 0 0 0 0 0 0 0 0 0 0 0 0 0 0 0 0 0
0 0 0 3 2 4 0 0 0 0 0 0 2 1 0 1 3 0 0 1 0 3 15 2 2 1 56 32 23 0 0 0 0 0 1 6 0 0 0 0 0 2 0 7 14 17 27 4 11 403 239 37 33 28 9 46 83 64 34 25 51 26 6 0 0 1 4 6 8 18 15 40 113 28 1 85 185 22 14 15 23 1 7 17 1 3 3 14 6 0 2 127 72 191 22 2 0 64 344 21 138 279 98 51 132 187 138 418 277 2 0 84 10 497 104 0 8 4 0 0 0 0 2 26 62 186 162 250 26 3 0 0 0 0 0 0 0 0 0 0 0 0 0 0 0 0 0 0 0 0
0 0 0 0 0 0 0 0 0 0 0 0 0 1 2 0 0 0 0 2 2 19 92 7 3 1 4 18 148 8 0 2 1 0 1 0 0 0 0 0 0 6 4 67 8 83 98 16 9 247 93 2 1 6 50 5 48 59 5 0 2 0 0 0 0 6 0 0 8 26 25 46 16 0 1 35 16 0 10 10 8 0 0 3 1 8 11 0 10 8 5 22 4 5 0 19 1 43 12 3 581 833 601 168 69 198 109 322 312 4 0 0 4 209 28 0 0 0 0 0 0 0 0 7 10 5 9 115 6 0 0 0 0 0 0 0 0 0 0 0 0 0 0 0 0 0 0 0 0 0
0 0 0 0 0 0 0 0 0 0 0 0 0 1 0 0 0 0 2 0 0 1 12 7 0 9 8 11 0 6 1 6 9 0 0 0 0 0 0 2 11 5 13 16 14 20 24 47 83 325 233 126 21 37 8 3 12 5 1 0 0 26 20 6 174 81 8 0 1 3 67 23 3 0 1 114 148 48 7 40 5 17 3 3 1 0 3 7 26 13 8 0 0 0 1 0 0 3 192 432 1097 824 484 123 4 36 90 260 7 0 0 0 0 14 0 0 0 0 0 0 0 0 11 2 0 0 35 83 0 1 0 0 0 0 0 0 0 0 0 0 0 0 0 0 0 0 0 0 0 0
0 0 0 0 0 0 0 1 0 0 0 0 0 1 1 1 7 0 0 0 1 2 9 0 5 2 0 0 0 0 11 109 9 5 0 0 0 3 0 1 84 30 1 0 0 0 4 14 192 887 300 216 10 1 0 6 11 1 0 0 1 2 0 0 21 32 24 3 5 46 31 13 14 0 1 15 108 104 53 86 23 40 7 26 20 13 6 8 360 31 28 4 0 2 1 15 4 0 73 302 197 66 41 1 39 11 76 59 7 0 0 0 4 72 0 0 0 0 0 0 0 0 0 0 0 38 84 0 1 4 3 0 0 0 0 0 0 0 0 0 0 0 0 0 0 0 0 0 0 0
0 0 1 0 0 0 0 0 0 0 0 0 0 0 0 0 2 0 0 0 0 1 3 0 3 0 0 0 0 0 0 6 60 7 0 0 10 95 19 11 2 0 0 0 0 0 9 27 38 310 254 157 7 0 1 1 0 5 6 0 2 0 0 0 9 4 21 15 0 25 16 32 42 4 0 0 15 20 33 10 4 36 34 0 3 6 4 0 0 0 2 7 2 1 1 0 7 0 0 1 8 0 10 40 72 57 56 67 89 76 40 15 157 0 0 0 0 0 0 0 0 1 0 4 35 103 66 0 0 0 2 0 0 0 0 0 0 0 0 0 0 0 0 0 0 0 0 0 0 0
0 0 1 0 0 0 0 0 0 0 0 0 0 1 4 0 2 2 0 4 2 0 0 4 1 2 0 0 0 6 2 2 17 4 6 10 9 30 11 1 0 0 0 0 10 53 30 57 6 121 111 40 5 12 5 6 10 15 4 0 0 0 0 0 0 2 1 0 0 0 2 3 82 52 4 7 0 0 0 1 0 6 57 86 1 0 5 0 0 1 0 2 2 1 0 0 0 0 0 3 6 2 3 69 50 26 26 2 0 34 1 350 27 0 0 0 0 0 0 0 0 0 0 144 7 13 20 95 0 0 0 0 0 0 0 0 0 0 0 0 0 0 0 0 0 0 0 0 0 0
0 0 0 0 0 0 0 0 0 0 0 0 0 0 0 0 0 0 0 0 1 0 0 0 0 0 0 1 0 0 0 0 25 21 71 0 1 58 0 0 0 0 0 16 32 42 57 1 1 23 77 43 17 6 23 0 0 3 0 5 0 0 0 0 1 0 0 12 12 10 7 0 7 5 41 7 0 0 0 0 1 0 9 51 16 9 0 0 1 3 3 1 0 4 0 0 7 0 0 12 11 25 1 29 399 0 0 6 0 0 0 71 3 0 0 3 5 0 1 0 0 0 1 0 0 22 57 13 0 0 1 0 0 0 0 0 0 0 0 0 1 0 0 0 0 0 0 0 0 0
0 0 0 0 0 0 0 0 0 0 0 0 0 0 8 0 0 0 1 0 0 4 0 7 1 0 5 0 0 0 0 0 4 30 26 0 0 16 1 0 0 0 0 9 78 12 0 1 11 9 22 6 0 1 0 0 0 0 0 0 5 0 0 1 14 16 1 13 5 4 2 30 1 7 5 4 7 0 0 0 0 0 0 2 0 16 4 7 1 2 0 4 4 2 3 1 0 18 2 12 3 6 15 76 250 150 0 4 0 0 0 32 18 5 8 8 0 0 0 0 0 0 0 0 0 56 8 39 1 0 0 0 0 0 0 0 19 19 0 0 0 0 0 0 0 0 0 0 0 0
0 0 0 0 0 0 0 0 0 0 0 0 0 0 6 0 0 1 1 0 0 2 0 3 0 0 0 11 0 0 0 6 1 4 14 3 0 1 7 9 2 1 1 11 114 6 0 0 0 8 22 33 2 0 7 0 0 4 0 0 0 0 0 0 3 0 0 5 4 3 4 8 0 0 3 1 17 0 0 0 0 0 11 0 7 5 23 11 1 0 5 3 0 0 0 6 0 1 0 1 17 16 12 4 43 396 18 2 0 0 0 0 0 7 3 20 0 0 5 1 0 0 0 0 29 161 25 28 0 0 0 0 0 0 0 0 6 6 0 0 0 0 0 0 0 0 0 0 0 0
0 0 0 0 0 0 0 0 0 0 0 0 0 0 3 3 14 18 0 0 5 16 12 1 1 0 0 1 12 7 11 1 0 28 0 0 0 11 13 8 23 227 18 137 157 6 5 0 2 1 1 22 16 5 4 0 0 0 0 0 0 0 2 1 0 0 0 0 8 22 69 20 4 8 0 0 2 6 2 0 0 0 0 0 0 0 1 7 20 3 5 0 2 0 0 1 1 1 0 0 0 11 15 7 15 667 717 28 2 0 0 0 0 0 0 0 7 132 64 11 0 0 0 26 59 47 65 235 251 6 0 0 0 0 0 4 3 1 0 0 0 0 0 0 0 0 0 0 0 0
0 0 0 0 0 0 0 2 1 4 0 2 2 30 1 4 19 69 1 9 7 5 0 0 0 0 0 6 5 5 2 4 9 0 7 15 8 52 84 137 321 492 309 206 86 14 0 0 0 0 0 1 38 15 4 0 0 0 0 0 0 1 0 0 0 0 0 0 0 3 6 20 16 0 2 3 3 20 4 0 0 3 5 0 2 0 0 0 9 1 0 0 3 2 18 20 4 0 0 0 2 2 7 19 258 314 259 366 9 0 0 0 0 0 0 2 157 137 14 0 0 0 13 66 99 135 603 428 81 49 0 0 3 25 1 6 0 0 0 0 0 0 0 0 0 0 0 0 0 0
0 0 0 0 0 0 0 0 0 4 6 46 17 0 0 1 1 6 0 0 13 16 11 30 6 7 3 1 0 2 4 0 1 3 38 13 2 3 160 319 817 870 569 544 45 1 1 7 4 0 1 1 29 79 10 10 0 0 0 0 0 0 0 0 0 0 0 0 0 0 0 2 0 0 0 0 0 12 32 0 0 0 2 2 9 0 0 0 0 3 0 1 7 19 3 23 1 0 0 2 0 1 23 5 12 22 3 120 39 0 0 0 0 0 144 76 489 230 45 30 11 176 3 111 208 144 382 386 348 347 65 67 17 77 6 1 0 0 0 0 0 0 0 0 0 0 0 0 0 0
0 0 0 0 0 0 0 3 1 6 3 7 0 0 0 4 0 2 10 14 0 10 113 25 0 0 0 0 4 0 17 0 0 1 3 13 30 38 36 68 443 310 351 173 17 8 8 1 3 5 1 4 18 0 2 0 0 0 0 0 0 0 0 0 0 0 0 0 0 0 1 0 0 0 0 8 2 7 10 1 9 15 6 0 15 1 0 2 14 11 2 0 3 4 1 0 5 1 0 10 0 2 1 5 10 5 0 13 35 3 1 11 2 0 57 832 845 474 119 366 97 129 64 9 9 15 406 452 11 33 16 195 418 26 34 2 0 0 0 0 0 0 0 0 0 0 0 0 0 0
0 0 0 0 0 0 1 0 0 0 2 8 1 0 0 2 0 0 26 6 221 187 17 0 0 0 0 0 8 17 2 0 11 44 10 4 1 4 0 61 389 352 295 212 73 26 8 0 5 6 1 0 24 2 44 4 0 2 0 0 0 0 0 0 0 0 0 0 0 0 4 0 0 0 0 0 0 1 6 1 19 16 31 255 15 0 0 0 0 0 1 2 7 6 1 0 6 2 0 3 2 0 0 0 3 6 1 24 174 127 271 345 83 141 422 743 415 264 63 315 57 114 5 1 98 282 290 212 5 1 108 276 259 48 53 3 0 0 0 0 0 0 0 0 0 0 0 0 0 0
0 0 15 0 0 0 1 6 0 1 1 2 1 3 1 5 6 11 19 4 60 0 0 0 0 0 0 0 0 18 6 19 5 5 1 152 1 1 7 180 27 126 52 31 14 0 1 0 1 0 15 2 50 0 1 5 4 4 0 0 0 0 0 0 0 0 0 0 0 0 0 0 0 0 0 9 4 24 5 1 2 12 17 4 0 0 0 0 4 0 3 1 0 11 4 9 8 0 0 1 7 0 0 0 0 4 9 18 126 47 104 65 113 352 621 336 275 263 114 343 69 5 0 2 16 186 295 0 0 0 86 258 0 0 7 0 0 0 0 0 0 0 0 0 0 0 0 0 0 0
0 0 0 0 0 6 15 5 2 0 2 0 0 0 17 4 1 3 29 34 9 0 0 0 0 0 0 0 0 4 59 0 16 1 16 0 2 1 13 0 22 18 2 1 1 2 0 0 0 1 0 5 282 7 24 31 22 0 1 0 0 0 0 0 0 0 0 0 0 0 0 0 0 0 0 0 1 6 7 0 0 1 3 0 0 1 0 0 2 0 0 0 1 29 11 0 6 0 0 1 3 0 0 4 0 0 3 80 54 12 2 15 169 265 216 430 121 258 145 182 196 0 0 0 0 0 0 0 0 0 1 81 21 0 0 0 0 0 0 0 0 0 0 0 0 0 0 0 0 0
0 0 0 2 2 2 5 7 2 3 3 0 3 30 6 10 26 11 4 0 4 3 7 0 0 1 2 12 13 8 20 24 17 0 0 1 1 1 3 2 12 66 15 0 0 0 5 1 0 0 1 32 131 50 2 22 1 0 0 0 0 0 0 0 0 0 0 0 0 0 0 0 0 0 0 0 15 6 2 1 0 0 0 0 0 0 0 1 8 2 11 1 16 43 3 10 1 0 0 8 4 0 0 1 0 0 7 55 388 25 0 0 2 0 2 3 10 21 364 661 37 0 0 0 0 3 4 0 0 0 0 1 47 9 0 0 0 0 0 0 0 0 0 0 0 0 0 0 0 0
0 3 0 4 0 4 6 28 12 0 23 10 11 0 5 109 42 16 1 3 0 0 4 0 1 2 2 29 2 0 8 6 1 1 4 2 0 0 0 0 16 3 0 0 6 0 0 0 0 0 0 62 3 35 13 4 3 0 0 0 0 0 0 0 0 0 0 0 0 0 0 0 0 0 0 1 3 13 0 0 0 0 4 0 0 0 0 1 9 0 4 0 3 43 0 0 0 0 3 3 0 1 1 4 7 10 35 303 230 0 0 0 0 0 4 0 0 1 110 235 260 95 0 0 2 43 0 0 0 52 154 29 47 4 0 0 0 0 0 0 0 0 0 0 0 0 0 0 0 0
1 0 0 0 0 3 3 0 0 7 73 11 1 1 47 45 24 52 4 0 1 0 2 0 2 10 5 0 0 2 0 0 0 0 6 0 0 0 0 11 4 36 8 0 1 7 2 1 0 0 1 37 47 28 26 11 2 0 0 1 0 0 0 0 0 0 0 0 0 0 0 0 0 0 1 0 0 26 104 0 1 9 0 0 0 0 0 90 8 0 4 4 5 15 0 7 0 1 1 5 30 30 14 4 3 14 25 11 62 16 0 0 0 5 83 95 224 471 93 182 660 170 0 10 223 24 0 0 0 140 155 0 0 0 0 0 0 0 0 0 0 0 0 0 0 0 0 0 0 0
0 1 4 3 0 3 1 0 5 1 10 208 7 6 0 0 1 6 0 0 0 0 0 11 17 1 8 2 36 0 0 0 0 0 0 0 0 0 2 0 1 20 37 22 3 1 2 1 0 0 0 62 27 1 0 1 0 0 0 0 0 0 0 0 0 0 0 0 0 0 0 0 0 0 0 2 0 5 33 11 0 5 0 0 0 1 2 23 1 0 3 0 5 2 0 0 0 0 4 0 0 0 3 0 14 0 7 37 33 13 0 0 0 0 136 491 583 410 34 50 78 219 240 305 156 0 0 20 4 371 204 2 0 0 0 0 0 0 0 0 0 0 0 0 0 0 0 0 0 0
0 0 0 0 0 3 3 4 2 1 6 25 0 2 1 2 0 1 1 4 1 0 0 0 1 1 2 1 2 0 0 0 0 0 0 0 0 1 11 2 0 0 0 1 1 2 0 0 0 1 2 66 15 2 1 1 0 1 1 10 2 0 0 0 0 0 0 0 0 0 0 0 0 0 0 1 0 4 67 67 12 10 35 1 0 0 1 0 0 3 0 0 3 13 2 0 0 0 0 12 1 5 2 19 4 6 4 1 50 0 0 4 42 17 28 40 12 56 392 180 37 192 981 525 324 239 205 219 1028 1817 874 16 0 0 0 0 0 0 0 0 0 0 0 0 0 0 0 0 0 0
0 0 0 0 0 2 8 0 0 8 26 2 1 24 3 4 0 2 0 0 0 0 0 0 0 21 23 2 0 0 0 2 2 0 2 0 0 0 0 7 0 0 1 0 0 1 4 1 13 6 7 360 40 9 3 1 0 1 0 2 0 0 0 0 0 0 0 0 0 0 0 0 0 0 0 0 5 21 55 2 0 18 14 0 0 0 0 0 2 1 0 1 1 6 16 14 16 1 0 0 6 0 2 9 8 24 33 2 116 36 10 19 25 2 4 16 0 147 306 532 451 755 824 847 1492 1127 825 871 1322 957 890 0 0 0 0 0 0 0 0 0 0 0 0 0 0 0 0 0 1 0
0 1 0 0 7 5 1 2 9 2 0 4 0 0 4 16 1 2 0 1 0 0 0 0 1 7 16 8 1 0 0 2 2 2 2 3 2 1 2 3 0 0 0 0 0 1 1 0 10 82 435 518 10 48 15 3 6 12 3 11 0 25 0 0 0 0 0 0 0 0 0 0 0 0 0 2 0 0 3 0 0 3 1 0 0 0 0 0 24 1 0 1 19 0 0 1 0 0 0 4 9 3 14 3 16 25 36 30 7 16 9 3 2 13 9 5 12 45 434 1346 1285 762 328 570 1645 965 230 793 502 33 257 61 0 0 0 0 1 0 0 0 0 0 0 0 0 0 0 0 0 0
0 3 0 7 5 0 2 0 8 1 1 0 8 0 1 0 1 3 0 0 0 0 0 1 1 6 2 1 0 0 0 61 24 0 0 0 0 1 1 2 0 0 0 0 0 0 3 0 0 27 604 786 661 534 88 21 8 8 9 10 1 0 0 1 0 0 0 0 0 0 0 0 0 0 1 0 0 0 0 12 0 0 7 0 0 0 0 7 93 0 0 21 9 0 0 0 0 0 0 4 4 0 19 14 4 93 303 92 2 0 1 1 0 2 1 18 31 1 101 575 435 662 238 1475 1542 870 384 209 76 530 1597 652 0 0 1 0 0 0 0 0 0 0 0 0 0 0 0 0 0 0
0 0 1 40 9 0 12 7 10 2 19 28 0 0 0 0 0 0 0 0 0 0 0 2 2 0 1 1 0 0 0 22 11 4 0 0 31 0 0 0 0 0 0 1 0 0 0 0 0 35 131 347 491 349 94 130 19 4 4 0 0 2 0 0 0 0 0 0 0 0 0 0 0 0 1 0 0 0 0 44 2 6 8 0 0 0 0 64 53 2 4 24 66 0 0 0 0 0 0 1 2 54 26 223 18 17 6 6 0 0 0 0 1 2 1 5 10 8 19 47 266 276 307 578 1170 1003 612 432 488 1056 520 461 3 0 0 0 0 0 0 0 0 0 0 0 0 0 0 0 0 0
4 7 2 13 1 4 7 26 6 2 1 2 2 0 0 0 0 0 0 0 0 0 0 0 0 0 0 0 0 0 3 0 0 0 0 1 1 0 0 0 0 0 0 0 0 1 7 1 3 0 119 256 277 40 24 22 9 4 2 0 2 0 0 0 0 1 0 0 0 0 0 0 0 0 0 0 0 1 0 0 4 17 0 0 0 3 34 37 46 3 4 184 174 7 1 0 0 0 0 45 42 7 36 412 37 1 3 2 12 0 0 0 3 7 3 3 3 28 13 22 88 545 471 368 299 799 1153 1308 208 178 73 109 0 0 0 0 0 0 0 0 0 0 0 0 0 0 0 0 0 0
1 2 35 0 6 0 109 57 12 5 2 2 0 1 0 0 0 0 1 0 0 0 0 1 0 0 0 0 10 0 0 0 1 0 0 4 0 0 0 0 0 0 0 0 0 1 0 0 1 5 5 22 130 43 11 0 1 51 45 6 1 0 0 0 0 0 0 0 0 0 0 0 0 0 0 0 0 0 0 0 1 5 21 63 9 25 0 0 15 28 184 79 176 7 5 5 0 5 55 48 53 280 350 414 371 105 10 2 4 6 0 0 3 0 0 0 5 39 25 251 560 648 1447 1575 856 251 1523 2220 1276 3 0 0 0 0 0 0 0 0 0 0 0 0 0 0 0 0 0 0 0 0
3 19 27 0 19 20 15 27 14 5 0 0 2 0 0 0 0 0 0 0 0 0 1 0 0 0 0 0 4 0 0 0 0 3 0 0 1 0 0 0 5 6 0 0 0 0 0 0 8 2 0 3 70 6 21 0 0 8 115 12 1 0 0 0 0 0 0 0 0 0 0 0 0 0 0 0 0 0 0 0 2 7 7 1 0 9 3 13 27 55 64 119 75 3 42 15 5 3 0 10 112 463 681 284 138 125 0 5 3 3 2 2 0 2 17 0 2 431 328 677 599 18 12 135 224 336 407 920 310 7 190 3 0 0 0 0 0 0 0 0 0 0 0 0 0 0 0 0 0 0
17 7 77 5 73 95 79 5 2 3 0 0 0 1 0 1 0 0 0 0 0 0 0 0 0 0 0 0 0 0 0 0 0 0 0 0 0 0 0 0 9 2 1 0 0 0 0 0 0 0 0 11 5 0 0 2 0 0 0 19 0 0 0 0 0 0 0 0 0 0 0 0 0 0 0 0 0 0 0 2 25 42 0 1 26 7 141 36 0 2 0 5 12 1 0 0 0 0 0 4 9 76 725 208 123 245 6 5 2 4 22 1 0 0 0 58 241 513 78 20 0 0 0 1 22 316 179 629 493 14 20 14 0 0 0 0 0 0 0 0 0 0 0 0 0 0 0 0 0 0
10 31 91 88 370 478 185 33 4 0 0 0 1 0 2 0 0 0 0 3 7 6 0 1 0 0 0 0 1 0 0 0 0 0 0 0 0 0 0 0 1 2 1 2 10 5 0 10 8 0 0 15 7 0 1 1 2 0 18 0 0 2 0 0 0 0 0 0 0 0 0 0 0 0 0 0 0 0 3 26 15 0 0 9 5 4 25 88 25 1 0 0 0 0 0 0 0 0 0 0 0 164 544 139 110 133 2 2 6 19 5 0 0 0 13 70 109 4 15 55 0 0 0 0 9 377 266 564 309 14 39 0 0 0 0 0 0 0 0 0 0 0 0 0 0 0 0 0 0 0
1 77 309 793 328 263 128 171 0 0 0 0 4 0 0 0 0 1 0 0 2 6 0 0 1 0 0 0 0 0 0 0 0 0 0 0 0 0 0 1 1 3 2 3 1 0 0 21 25 1 0 3 23 0 0 0 3 1 0 0 0 3 0 0 0 0 0 0 0 0 0 0 0 0 0 0 0 21 1 0 0 0 0 0 0 0 68 33 0 1 0 0 0 0 0 2 0 0 0 0 4 64 17 32 103 98 2 1 3 0 15 5 11 32 19 2 3 5 6 24 25 37 2 0 8 103 64 187 72 1 0 0 0 0 0 0 0 0 0 0 0 0 0 0 0 0 0 0 0 0
0 20 195 223 144 258 35 49 1 0 1 2 0 0 0 0 0 0 1 6 2 3 0 0 0 1 0 0 2 1 2 0 0 0 0 0 0 0 0 0 0 0 1 0 0 0 0 0 3 2 0 0 0 0 0 2 0 0 0 0 0 0 0 0 0 0 0 0 0 0 0 0 0 0 0 0 3 2 0 0 0 0 0 0 0 0 93 13 3 20 22 1 0 0 1 13 0 0 1 415 940 121 192 116 6 104 102 1 0 2 14 35 23 1 0 1 0 0 20 42 85 75 202 267 66 119 2 3 0 1 0 0 0 0 0 0 0 0 0 0 0 0 0 0 0 0 0 0 0 0
12 15 35 91 42 28 0 0 0 0 28 0 0 0 0 0 0 0 0 0 3 82 0 0 0 0 0 0 0 0 0 0 0 2 2 0 1 0 0 0 0 0 2 0 0 25 1 1 0 0 0 0 2 0 2 11 1 0 0 0 0 0 0 0 0 0 0 0 0 0 0 0 0 0 0 0 13 11 1 0 0 0 0 0 0 2 31 0 2 23 21 0 0 0 48 87 99 10 207 1083 441 417 204 35 0 19 60 95 0 8 41 2 0 0 0 0 1 1 91 33 105 101 48 107 9 185 31 18 73 32 19 0 0 0 0 0 0 0 0 0 0 0 0 0 0 0 0 0 0 0
45 21 62 7 0 0 0 1 0 0 0 1 0 0 0 0 0 0 0 2 2 8 9 0 0 4 0 1 0 1 2 0 0 2 6 1 0 0 0 0 2 0 0 1 0 10 7 3 1 0 0 0 0 1 53 17 8 0 0 0 0 0 0 0 0 0 0 0 0 0 0 0 0 0 16 8 0 0 0 0 0 0 0 0 0 0 15 3 0 0 90 18 5 15 199 401 99 3 74 82 7 7 51 19 4 1 0 116 412 121 0 0 3 0 4 0 1 1 0 1 33 2 6 2 49 77 114 75 316 159 48 0 0 1 0 0 0 0 0 0 0 0 0 0 0 0 0 0 0 0
11 11 7 0 0 0 0 0 0 0 0 4 0 0 1 1 0 0 0 0 7 0 0 0 0 2 0 0 0 0 7 47 2 0 0 0 0 0 0 0 1 0 0 0 0 1 0 0 0 0 1 1 4 7 12 1 0 0 0 2 0 0 0 0 0 0 0 0 0 0 0 0 0 0 19 31 1 1 0 0 0 0 0 0 0 0 54 39 228 61 119 14 18 12 1 80 12 5 0 0 2 0 0 0 1 1 120 244 248 33 2 0 4 0 0 0 0 4 0 1 9 9 17 15 4 117 84 252 158 183 53 2 0 0 0 0 0 0 0 0 0 0 0 0 0 0 0 0 0 0
3 1 0 0 1 0 0 0 0 0 0 0 0 0 0 0 0 0 0 1 1 0 1 0 0 0 0 0 3 0 2 0 0 0 0 0 0 0 0 0 0 0 0 0 0 6 0 0 0 0 0 0 3 26 5 0 0 0 0 0 0 0 0 0 0 0 0 0 0 0 0 2 9 9 1 0 0 0 0 0 0 0 0 0 0 0 2 1 101 5 0 0 0 0 5 8 1 4 3 0 0 6 0 3 1 153 944 486 352 129 0 0 0 0 0 0 0 0 132 11 5 20 1 21 2 26 94 78 6 23 5 11 0 0 0 0 0 0 0 0 0 0 0 0 0 0 0 0 0 0
0 0 0 0 0 0 0 0 0 0 0 0 0 0 0 0 2 0 0 0 0 0 0 7 0 0 1 0 0 0 0 1 0 0 0 0 0 0 0 0 0 0 0 0 0 0 0 0 0 0 5 0 5 47 5 2 3 1 0 0 0 0 0 0 0 0 0 0 0 0 9 8 2 0 0 0 0 0 0 0 0 0 0 0 0 0 0 0 1 0 0 0 4 26 2 1 1 0 13 1 4 7 0 0 28 241 138 18 132 222 0 0 0 0 0 0 0 0 5 5 0 25 5 70 155 27 189 126 29 20 4 0 0 0 0 0 0 0 0 0 0 0 0 0 0 0 0 0 0 0
0 0 0 0 2 40 0 0 0 0 0 0 0 0 0 0 1 0 0 0 0 0 0 1 0 0 0 0 0 0 0 1 0 0 0 0 0 0 0 0 0 0 2 0 0 0 0 0 0 0 3 0 2 0 3 0 5 0 0 0 0 0 0 0 0 0 0 11 4 6 2 0 0 0 0 0 0 0 0 0 0 0 0 0 0 0 0 0 4 0 0 23 156 10 5 1 1 0 4 7 2 23 16 16 74 29 0 3 1 19 2 0 0 0 0 0 0 0 0 1 3 13 0 12 0 0 0 311 6 4 0 0 0 0 0 0 0 0 0 0 0 0 0 0 0 0 0 0 0 0
0 0 0 0 45 40 0 0 0 0 0 0 0 0 1 0 0 4 0 0 0 0 0 0 0 0 0 0 10 0 4 0 0 0 0 0 0 0 1 0 0 0 0 5 2 1 0 0 0 1 1 0 0 3 0 1 1 0 0 1 0 0 0 0 0 0 0 0 18 3 0 0 0 0 0 0 0 0 0 0 0 0 0 0 0 0 0 1 31 38 128 355 164 10 0 0 3 0 2 19 51 391 338 46 23 17 19 0 0 16 16 0 0 0 0 0 0 0 0 0 0 0 0 0 0 40 147 61 0 0 0 0 0 0 0 0 0 0 0 0 0 0 0 0 0 0 0 0 0 0
0 0 0 0 1 0 0 0 0 0 0 0 2 1 0 1 0 0 1 0 0 0 0 0 0 0 0 0 0 3 0 0 0 0 1 5 1 0 0 0 0 0 0 0 1 3 0 0 0 0 1 0 0 5 0 1 0 0 0 0 0 0 0 0 0 0 0 0 25 2 0 0 0 0 0 0 0 0 0 0 0 0 0 0 0 0 3 2 36 108 190 124 61 28 1 0 3 2 3 75 115 86 65 31 0 0 2 0 0 0 5 0 0 0 0 0 0 0 0 0 1 32 31 0 0 79 53 5 0 0 0 0 0 0 0 0 0 0 0 0 0 0 0 0 0 0 0 0 0 0
0 0 0 0 0 9 0 0 0 0 0 1 27 28 0 1 0 0 0 0 0 0 0 0 0 0 1 0 1 11 0 0 1 0 0 2 0 0 0 0 0 0 0 0 0 3 6 0 0 0 1 0 1 11 3 2 0 0 0 0 0 0 0 0 0 0 1 11 34 0 0 0 0 0 0 0 0 0 0 0 0 0 0 0 5 9 45 4 5 24 19 0 12 2 26 1 0 0 17 31 83 0 0 1 0 0 0 1 5 32 23 36 0 0 0 0 0 0 0 0 0 1 1 0 0 19 0 0 0 0 0 0 0 0 0 0 0 0 0 0 0 0 0 0 0 0 0 0 0 0
0 0 0 2 2 0 0 0 0 0 0 0 2 0 0 1 0 0 0 0 0 0 0 0 0 0 0 1 0 1 0 0 0 0 3 0 0 0 0 0 0 0 0 0 0 0 0 7 1 2 0 0 0 1 4 3 4 0 0 0 0 0 0 0 0 0 4 31 12 0 0 0 0 0 0 0 0 0 0 0 0 0 0 7 38 0 0 1 0 55 2 15 10 0 18 3 3 30 14 16 40 11 28 3 6 0 1 30 70 131 124 252 53 7 1 0 0 0 0 0 0 0 0 0 0 0 0 0 0 0 0 0 0 0 0 0 0 0 0 0 0 0 0 0 0 0 0 0 0 0
0 0 0 0 0 1 0 1 0 0 0 0 0 0 0 0 0 0 0 0 0 0 0 0 0 0 0 0 0 0 0 0 0 0 0 0 0 0 2 1 0 0 0 0 0 0 0 1 15 1 0 0 0 2 2 71 100 1 3 0 0 0 0 0 2 3 50 59 5 0 0 2 0 0 0 0 0 0 0 0 0 0 0 21 42 2 0 5 4 189 4 1 1 0 3 9 42 154 9 2 12 0 17 13 4 0 58 1 70 36 463 34 255 102 5 0 0 0 0 0 0 0 0 0 0 0 0 0 0 0 0 0 0 0 0 0 0 0 0 0 0 0 0 0 0 0 0 0 0 0
0 0 0 0 0 0 0 0 0 0 0 0 4 0 0 0 0 0 0 0 0 0 0 0 0 0 0 0 1 0 0 0 0 0 1 0 0 0 4 0 0 0 0 0 0 27 1 6 74 1 1 0 0 2 2 1 4 6 25 10 4 6 6 17 7 7 0 0 0 10 0 0 0 0 0 0 0 0 0 0 0 0 0 0 0 4 0 12 0 1 1 0 0 0 18 109 5 0 0 0 0 0 0 1 24 22 343 630 328 45 17 0 144 95 0 0 0 0 0 0 0 0 0 0 0 0 0 0 0 0 0 0 0 0 0 0 0 0 0 0 0 0 0 0 0 0 0 0 0 0
0 0 4 4 3 46 0 2 9 0 1 0 0 0 1 0 0 0 0 0 0 0 0 0 0 0 0 0 0 0 0 0 0 0 0 0 1 0 2 0 3 2 0 1 2 1 13 6 0 0 1 0 2 3 8 0 0 0 0 7 0 0 0 0 2 0 4 8 0 5 2 1 0 0 0 0 0 0 0 0 0 0 0 0 0 0 0 0 0 6 7 3 0 1 88 17 1 0 0 0 0 2 0 20 142 92 270 288 166 244 117 122 272 2 0 0 0 0 0 0 0 0 0 0 0 0 0 0 0 0 0 0 0 0 0 0 0 0 0 0 0 0 0 0 0 0 0 0 0 0
0 0 0 0 23 48 1 0 0 1 1 2 0 0 0 0 1 0 0 0 0 0 0 0 0 0 0 0 0 0 0 0 1 0 1 0 0 0 0 2 1 2 4 0 3 0 2 4 0 2 0 0 1 2 4 0 1 6 3 1 0 0 2 0 0 1 0 2 2 0 0 0 2 0 0 0 0 0 0 0 0 0 0 0 0 0 0 0 0 0 0 2 10 28 3 14 252 0 0 0 0 0 0 31 151 183 1 2 8 65 0 6 6 0 0 0 0 0 0 0 0 0 0 0 0 0 0 0 0 0 0 0 0 0 0 0 0 0 0 0 0 0 0 0 0 0 0 0 0 0
0 0 0 0 0 1 0 0 8 2 1 0 0 1 0 0 0 0 0 0 0 0 0 0 0 0 0 0 0 0 0 2 2 0 0 0 0 0 0 0 0 0 1 2 0 0 1 0 7 4 0 0 1 1 0 0 0 0 1 0 1 2 0 0 0 0 0 0 0 0 0 0 9 0 0 0 0 0 0 0 0 0 0 0 0 0 0 0 0 0 0 12 49 13 18 90 242 0 0 0 0 0 0 2 12 0 0 0 0 0 19 76 2 0 0 0 0 0 0 0 0 0 0 0 0 0 0 0 0 0 0 0 0 0 0 0 0 0 0 0 0 0 20 8 3 0 0 0 0 0
0 0 0 0 0 0 0 0 0 4 0 0 5 0 0 0 0 0 1 0 0 0 0 0 0 0 0 0 0 0 0 0 0 0 0 0 0 0 0 0 0 0 0 0 0 0 0 0 0 0 4 5 0 0 0 0 0 0 4 3 3 2 0 0 0 0 0 0 0 0 1 2 0 0 0 0 0 0 0 0 0 0 0 0 0 0 0 0 25 7 5 38 169 113 11 0 0 2 0 0 0 0 1 0 2 0 0 4 0 143 243 7 0 7 0 0 0 0 0 0 0 0 0 0 0 0 0 0 0 0 0 0 0 0 0 0 0 0 0 0 0 0 0 3 0 0 0 0 0 0
0 0 0 0 0 0 0 0 0 0 0 0 0 4 0 0 0 0 0 0 0 0 0 0 0 0 0 0 0 0 0 0 0 0 0 0 0 0 0 0 0 0 0 0 0 0 0 0 0 0 4 1 5 0 0 0 0 0 0 2 1 3 0 0 0 0 0 0 0 0 0 1 0 0 0 0 0 0 0 0 0 0 0 0 0 0 0 0 0 2 10 107 321 0 2 17 1 0 0 0 0 0 0 4 1 6 0 15 18 43 45 13 0 0 0 0 0 0 0 0 0 0 0 0 0 0 0 0 0 0 0 0 0 0 0 0 0 0 0 0 0 0 0 0 0 0 0 0 0 0
0 0 0 0 0 0 0 0 0 0 0 0 2 0 0 0 0 0 0 3 0 0 0 0 0 0 0 0 0 0 0 0 0 0 1 0 1 0 0 0 0 0 1 0 0 0 0 0 0 0 4 4 1 0 0 1 2 0 0 7 3 0 0 0 0 0 0 0 0 0 1 50 0 0 0 0 0 0 0 0 0 0 0 0 0 0 0 0 0 2 26 19 6 14 17 1 0 0 0 0 0 0 0 0 0 0 0 0 0 0 0 0 0 0 0 0 0 0 0 0 0 0 0 0 0 0 0 0 0 0 0 0 0 0 0 0 0 0 0 0 0 0 0 0 0 0 0 0 0 0
1 0 0 0 0 0 0 0 0 0 0 1 0 1 0 0 0 0 0 0 0 0 3 25 0 0 0 0 0 0 0 0 0 0 0 0 5 0 0 0 0 0 0 0 0 0 0 0 0 0 0 19 6 1 0 0 0 0 0 1 0 19 18 1 0 0 0 0 0 0 0 7 6 0 5 0 0 0 0 0 0 0 0 0 0 0 0 0 0 6 8 22 16 16 24 1 0 0 0 0 0 0 0 0 0 0 0 0 0 0 0 0 0 0 0 0 0 0 0 0 0 0 0 0 0 0 0 0 0 0 0 0 0 0 0 0 0 0 0 0 0 0 0 0 0 0 0 0 0 0
0 0 0 0 0 0 0 0 0 0 0 0 0 0 0 0 0 0 0 0 0 0 0 2 2 0 0 0 1 0 0 0 0 0 0 0 0 0 0 0 0 0 0 0 0 0 0 0 0 0 3 15 16 2 0 1 1 0 0 0 1 24 73 0 0 0 0 0 0 0 0 0 4 0 5 0 0 0 0 0 0 0 0 0 0 0 0 0 0 1 13 16 1 70 253 22 0 0 0 0 0 0 0 0 0 0 0 0 0 0 0 0 0 0 0 0 0 0 0 0 0 0 0 0 0 0 0 0 0 0 0 0 0 0 0 0 0 0 0 0 0 0 0 0 0 0 0 0 0 0
0 0 0 0 0 0 0 0 0 0 0 0 4 0 0 0 0 0 0 0 0 0 0 0 0 0 0 0 2 0 0 0 0 0 0 0 0 0 0 3 1 0 0 0 0 0 0 0 0 2 18 44 120 13 19 1 0 0 0 0 0 12 0 0 0 0 0 0 0 0 0 0 0 0 0 0 0 0 0 0 0 0 0 0 0 0 0 0 0 1 0 10 67 4 10 8 0 0 0 0 0 0 0 0 0 0 0 0 0 0 0 0 0 0 0 0 0 0 0 0 0 0 0 0 0 0 0 0 0 0 0 0 0 0 0 0 0 0 0 0 0 0 0 0 0 0 0 0 0 0
0 0 0 0 0 0 0 1 0 0 0 1 6 1 0 2 0 4 4 0 0 2 0 0 1 0 1 0 0 0 0 0 0 0 0 0 0 0 0 0 0 0 0 0 0 0 0 0 0 3 0 10 110 0 21 0 0 0 0 0 1 4 1 0 0 0 0 0 0 0 0 0 0 0 0 0 0 0 0 0 0 0 0 0 0 0 0 0 0 0 0 4 2 4 8 5 12 2 0 8 0 0 0 0 0 0 0 0 0 0 0 0 0 0 0 0 0 0 0 0 0 0 0 0 0 0 0 0 0 0 0 0 0 0 0 0 0 0 0 0 0 0 0 0 0 0 0 0 0 0
0 0 0 0 1 0 0 0 0 7 0 0 0 0 0 0 0 0 0 0 0 0 0 2 0 0 0 0 0 0 0 0 0 1 0 0 0 0 0 0 0 0 0 0 0 0 0 4 1 0 0 6 19 0 0 0 0 0 0 0 11 5 0 0 0 0 0 0 0 0 0 0 0 0 0 0 0 0 0 0 0 0 0 0 0 0 0 0 0 0 0 0 0 3 0 3 12 1 1 0 0 0 0 0 0 0 0 0 0 0 0 0 0 0 0 0 0 0 0 0 0 0 0 0 0 0 0 0 0 0 0 0 0 0 0 0 0 0 0 0 0 0 0 0 0 0 0 0 0 0
0 0 0 0 0 0 0 0 0 0 1 1 0 0 0 0 0 0 1 0 0 1 0 0 1 0 1 0 0 0 0 1 1 1 6 0 0 0 0 0 0 0 0 0 0 0 2 63 0 0 0 0 0 0 0 0 0 0 0 0 7 0 0 0 0 0 0 0 0 0 0 0 0 0 0 0 0 0 0 0 0 0 0 0 0 0 0 0 0 0 0 0 0 0 0 4 20 9 0 0 0 0 0 0 0 0 0 0 0 0 0 0 0 0 0 0 0 0 0 0 0 0 0 0 0 0 0 0 0 0 0 0 0 0 0 0 0 0 0 0 0 0 0 1 4 6 0 0 0 0
0 0 0 0 0 0 0 0 0 0 0 1 0 0 0 0 0 1 0 9 7 0 0 0 0 0 0 0 0 0 0 1 0 0 0 0 0 0 0 0 0 0 0 0 1 0 3 0 0 0 0 0 0 0 0 0 0 0 0 0 0 0 0 0 0 0 0 0 0 0 0 5 1 0 0 0 0 0 0 0 0 0 0 0 0 0 0 0 0 0 0 0 0 0 8 1 7 0 0 0 5 0 0 0 0 0 0 0 0 0 0 0 0 0 0 0 0 0 0 0 0 0 0 0 0 0 0 0 0 0 0 0 0 0 0 0 0 0 0 0 0 0 0 0 0 0 0 0 0 0
0 0 0 0 0 0 0 0 0 0 0 0 0 0 0 0 1 0 0 0 1 0 0 0 0 0 0 0 0 0 0 0 0 0 0 0 0 0 0 0 0 0 0 0 1 0 0 0 0 0 0 0 0 0 0 0 0 0 0 0 4 0 0 0 0 0 0 0 0 0 12 22 0 0 0 0 0 0 0 0 0 0 0 0 0 0 0 0 1 0 0 0 0 0 5 1 0 0 0 0 0 10 0 0 0 0 0 0 0 0 0 0 0 0 0 0 0 0 0 0 0 0 0 0 0 0 0 0 0 0 0 0 0 0 0 0 0 0 0 0 0 0 0 0 0 0 0 0 0 0
0 0 0 0 0 0 0 0 0 1 3 0 2 0 0 0 1 0 0 0 0 0 0 0 0 0 0 0 0 0 0 0 0 0 0 0 0 0 0 0 0 0 0 4 3 0 0 0 0 0 0 0 0 0 0 0 0 0 0 1 2 0 0 0 0 0 0 0 0 0 9 0 0 0 0 0 0 0 0 0 0 0 0 0 0 0 0 0 0 0 0 0 0 0 7 1 14 0 0 0 0 0 0 0 0 0 0 0 0 0 0 0 0 0 0 0 0 0 0 0 0 0 0 0 0 0 0 0 0 0 0 0 0 0 0 0 0 0 0 0 0 0 0 0 0 0 0 0 0 0
0 0 0 0 0 0 0 0 2 5 0 1 9 0 1 3 8 2 0 0 0 0 0 0 0 0 0 0 0 0 0 0 0 0 0 0 0 0 0 0 0 0 0 4 0 0 5 0 0 0 0 0 0 0 0 0 0 0 0 5 1 0 0 0 0 0 0 0 26 0 0 0 0 0 0 0 0 0 0 0 0 0 0 0 0 0 0 0 0 0 0 0 0 0 0 0 10 0 2 7 0 0 0 0 0 0 0 0 0 0 0 0 0 0 0 0 0 0 0 0 0 0 0 0 0 0 0 0 0 0 0 0 0 0 0 0 0 0 0 0 0 0 0 0 0 0 0 0 0 0
0 0 0 0 0 1 0 2 0 0 0 0 9 0 0 0 0 8 0 0 0 0 0 0 0 1 0 0 0 0 0 0 0 0 0 0 1 0 1 3 0 0 3 1 0 0 0 0 0 0 0 0 0 0 0 0 0 0 0 0 3 9 1 0 0 0 0 2 91 105 0 0 0 0 0 0 0 0 0 0 0 0 0 0 0 0 0 0 0 0 0 0 0 0 0 0 0 0 0 0 0 0 0 0 0 0 0 0 0 0 0 0 0 0 0 0 0 0 0 0 0 0 0 0 0 0 0 0 0 0 0 0 0 0 0 0 0 0 0 0 0 0 0 0 0 0 0 0 0 0
0 0 1 0 0 0 0 0 0 0 0 0 43 6 0 3 6 1 4 2 0 0 0 6 9 2 0 0 0 0 1 2 0 0 1 1 12 4 8 2 0 0 17 0 0 0 0 0 0 0 0 0 0 0 0 0 0 0 0 0 0 1 2 1 74 29 7 2 0 0 0 0 0 0 0 0 0 0 0 0 0 0 0 0 0 0 0 0 0 0 0 0 0 0 0 0 0 0 0 0 0 0 0 0 0 0 0 0 0 0 0 0 0 0 0 0 0 0 0 0 0 0 0 0 0 0 0 0 0 0 0 0 0 0 0 0 0 0 0 0 0 0 0 0 0 0 0 0 0 0
6 60 6 0 0 0 0 0 0 0 0 1 3 0 0 0 0 11 0 5 6 41 40 10 1 0 0 0 0 0 0 0 0 0 2 18 33 2 0 1 1 3 0 0 0 0 0 0 0 0 0 0 0 0 0 0 0 0 0 0 0 0 0 0 1 1 0 0 0 0 0 0 0 0 0 0 0 0 0 0 0 0 0 0 0 0 0 0 0 0 0 0 0 0 0 0 0 0 0 0 0 0 0 0 0 0 0 0 0 0 0 0 0 0 0 0 0 0 0 0 0 0 0 0 0 0 0 0 0 0 0 0 0 0 0 0 0 0 0 0 0 0 0 0 0 0 0 0 0 0
30 7 12 0 0 3 0 0 0 0 0 0 4 0 0 2 3 1 0 7 3 172 15 6 28 2 0 0 8 17 6 0 0 0 0 0 2 1 0 2 3 42 0 0 0 0 0 0 0 0 0 0 0 0 0 0 0 0 0 0 0 0 0 0 2 0 0 0 0 0 0 0 0 0 0 0 0 0 0 0 0 0 0 0 0 0 0 0 0 5 0 0 0 0 0 0 0 0 0 0 0 0 0 0 0 0 0 0 0 0 0 0 0 0 0 0 0 0 0 0 0 0 0 0 0 0 0 0 0 0 0 0 0 0 0 0 0 0 0 0 0 0 0 0 0 0 0 0 0 0
0 0 0 0 0 0 0 0 0 0 0 1 1 0 0 2 0 1 0 0 0 2 4 6 3 14 4 1 0 0 0 0 0 0 1 2 0 0 0 0 0 7 0 0 0 0 0 0 0 0 0 0 0 0 0 0 0 0 0 0 0 0 0 0 0 0 0 0 0 0 0 0 0 0 0 0 0 0 0 0 0 0 0 0 0 0 0 0 0 0 0 0 0 0 0 0 0 0 0 0 0 0 0 0 0 0 0 0 0 0 0 0 0 0 0 0 0 0 0 0 0 0 0 0 0 0 0 0 0 0 0 0 0 0 0 0 0 0 0 0 0 0 0 0 0 0 0 0 0 0
1 0 0 0 0 0 0 0 0 0 0 0 0 0 0 0 0 0 0 2 1 0 0 0 2 4 7 8 19 2 1 0 0 75 2 1 0 0 0 0 0 1 0 0 0 0 0 0 0 0 0 0 0 0 0 0 0 0 0 0 0 0 0 0 0 0 0 0 0 0 0 0 0 0 0 0 0 0 0 0 0 0 0 0 0 0 0 0 0 0 0 0 0 0 0 0 0 0 0 0 0 0 0 0 0 0 0 0 0 0 0 0 0 0 0 0 0 0 0 0 0 0 0 0 0 0 0 0 0 0 0 0 0 0 0 0 0 0 0 0 0 0 0 0 0 0 0 0 0 0
0 0 0 0 0 0 0 0 0 0 0 0 0 0 0 0 0 0 0 0 0 0 0 0 0 0 1 1 142 38 2 1 4 22 2 0 2 0 0 0 0 1 0 0 0 0 0 0 0 0 0 0 0 0 0 0 0 0 0 0 0 0 0 0 0 0 0 0 0 0 0 0 0 0 0 0 0 0 0 0 0 0 0 0 0 0 0 0 0 0 0 0 0 0 0 0 0 0 0 0 0 0 0 0 0 0 0 0 0 0 0 0 0 0 0 0 0 0 0 0 0 0 0 0 0 0 0 0 0 0 0 0 0 0 0 0 0 0 0 0 0 0 0 0 0 0 0 0 0 0
0 0 0 0 0 0 0 0 0 0 0 0 0 0 0 0 0 0 0 0 0 0 1 0 0 0 1 3 0 2 4 0 1 4 0 1 1 0 0 0 0 1 0 0 0 0 0 0 0 0 0 0 0 0 0 0 0 0 0 0 0 0 0 0 0 0 0 0 0 0 0 0 0 0 0 0 0 0 0 0 0 0 0 0 0 0 0 0 0 0 0 0 0 0 0 0 0 0 0 0 0 0 0 0 0 0 0 0 0 0 0 0 0 0 0 0 0 0 0 0 0 0 0 0 0 0 0 0 0 0 0 0 0 0 0 0 0 0 0 0 0 0 0 0 0 0 0 0 0 0
0 0 0 0 0 0 0 0 0 0 0 0 1 0 0 0 0 0 0 0 0 0 0 0 2 0 7 0 0 0 8 5 0 0 0 0 1 1 0 0 0 0 0 0 0 0 0 0 0 0 0 0 0 0 0 0 0 0 0 0 0 0 0 0 0 0 0 0 0 0 0 0 0 0 0 0 0 0 0 0 0 0 0 0 0 0 0 0 0 0 0 0 0 0 0 0 0 0 0 0 0 0 0 0 0 0 0 0 0 0 0 0 0 0 0 0 0 0 0 0 0 0 0 0 0 0 0 0 0 0 0 0 0 0 0 0 0 0 0 0 0 0 0 0 0 0 0 0 0 0
0 0 0 0 0 0 0 0 0 0 0 0 3 4 0 0 0 0 0 0 0 0 0 0 0 0 0 0 0 0 0 0 14 0 0 0 1 6 0 0 1 0 0 0 0 0 0 0 0 0 0 0 0 0 0 0 0 0 0 0 0 0 0 0 0 0 0 0 0 0 0 0 0 0 0 0 0 0 0 0 0 0 0 0 0 0 0 0 0 0 0 0 0 0 0 0 0 0 0 0 0 0 0 0 0 0 0 0 0 0 0 0 0 0 0 0 0 0 0 0 0 0 0 0 0 0 0 0 0 0 0 0 0 0 0 0 0 0 0 0 0 0 0 0 0 0 0 0 0 0
0 0 0 0 0 0 0 0 0 0 0 2 0 0 0 0 0 0 0 0 0 0 0 0 0 0 0 10 3 3 6 0 0 0 0 0 0 0 0 0 0 0 0 0 0 0 0 0 0 0 0 0 0 0 0 0 0 0 0 0 0 0 0 0 0 0 0 0 0 0 0 0 0 0 0 0 0 0 0 0 0 0 0 0 0 0 0 0 0 0 0 0 0 0 0 0 0 0 0 0 0 0 0 0 0 0 0 0 0 0 0 0 0 0 0 0 0 0 0 0 0 0 0 0 0 0 0 0 0 0 0 0 0 0 0 0 0 0 0 0 0 0 0 0 0 0 0 0 0 0
0 0 0 0 0 0 0 0 0 0 0 0 0 0 0 0 0 0 0 0 0 0 0 0 0 0 0 2 2 0 0 0 5 1 0 0 0 0 0 0 0 0 0 0 0 0 0 0 0 0 0 0 0 0 0 0 0 0 0 0 0 0 0 0 0 0 0 0 0 0 0 0 0 0 0 0 0 0 0 0 0 0 0 0 0 0 0 0 0 0 0 0 0 0 0 0 0 0 0 0 0 0 0 0 0 0 0 0 0 0 0 0 0 0 0 0 0 0 0 0 0 0 0 0 0 0 0 0 0 0 0 0 0 0 0 0 0 0 0 0 0 0 0 0 0 0 0 0 0 0
0 0 0 0 0 0 0 0 0 0 3 1 0 0 0 0 0 0 0 0 0 0 0 0 0 0 0 0 0 0 0 0 2 0 0 0 0 0 0 0 0 0 0 0 0 0 0 0 0 0 0 0 0 0 0 0 0 0 0 0 0 0 0 0 0 0 0 0 0 0 0 0 0 0 0 0 0 0 0 0 0 0 0 0 0 0 0 0 0 0 0 0 0 0 0 0 0 0 0 0 0 0 0 0 0 0 0 0 0 0 0 0 0 0 0 0 0 0 0 0 0 0 0 0 0 0 0 0 0 0 0 0 0 0 0 0 0 0 0 0 0 0 0 0 0 0 0 0 0 0
0 0 0 0 0 0 0 0 1 1 0 0 0 0 0 0 0 0 0 0 0 0 0 0 0 0 0 0 0 0 0 0 0 0 0 0 0 0 0 0 1 0 0 0 0 0 0 0 0 0 0 0 0 0 0 0 0 0 0 0 0 0 0 0 0 0 0 0 0 0 0 0 0 0 0 0 0 0 0 0 0 0 0 0 0 0 0 0 0 0 0 0 0 0 0 0 0 0 0 0 0 0 0 0 0 0 0 0 0 0 0 0 0 0 0 0 0 0 0 0 0 0 0 0 0 0 0 0 0 0 0 0 0 0 0 0 0 0 0 0 0 0 0 0 0 0 0 0 0 0
0 0 0 0 0 0 0 0 0 1 3 0 0 1 0 0 0 0 0 0 0 0 0 0 0 0 0 0 0 0 0 0 0 0 0 0 0 0 0 0 2 0 0 0 0 0 0 0 0 0 0 3 0 0 0 0 0 0 0 0 0 0 0 0 0 0 0 0 0 0 0 0 0 0 0 0 0 0 0 0 0 0 0 0 0 0 0 0 0 0 0 0 0 0 0 0 0 0 0 0 0 0 0 0 0 0 0 0 0 0 0 0 0 0 0 0 0 0 0 0 0 0 0 0 0 0 0 0 0 0 0 0 0 0 0 0 0 0 0 0 0 0 0 0 0 0 0 0 0 0
0 0 0 0 0 0 0 0 11 14 0 0 0 0 0 0 0 0 0 0 0 0 0 0 0 0 0 0 0 0 0 0 0 0 0 0 0 0 0 1 0 0 0 0 0 0 0 0 0 1 2 0 0 0 0 0 0 0 0 0 0 0 0 0 0 0 0 0 0 0 0 0 0 0 0 0 0 0 0 0 0 0 0 0 0 0 0 0 0 0 0 0 0 0 0 0 0 0 0 0 0 0 0 0 0 0 0 0 0 0 0 0 0 0 0 0 0 0 0 0 0 0 0 0 0 0 0 0 0 0 0 0 0 0 0 0 0 0 0 0 0 0 0 0 0 0 0 0 0 0
0 0 0 0 0 1 8 9 9 0 0 0 0 0 0 0 0 0 0 0 0 0 0 0 0 0 0 0 0 0 0 0 0 0 0 0 0 0 0 0 0 0 0 0 0 0 0 0 0 29 43 0 0 0 0 0 0 0 0 0 0 0 0 0 0 0 0 0 0 0 0 0 0 0 0 0 0 0 0 0 0 0 0 0 0 0 0 0 0 0 0 0 0 0 0 0 0 0 0 0 0 0 0 0 0 0 0 0 0 0 0 0 0 0 0 0 0 0 0 0 0 0 0 0 0 0 0 0 0 0 0 0 0 0 0 0 0 0 0 0 0 0 0 0 0 0 0 0 0 0
1 0 0 0 0 0 4 20 0 0 0 0 0 0 0 0 0 0 0 0 0 0 0 0 0 0 0 0 0 0 0 0 0 0 0 0 0 0 0 1 0 0 0 0 0 0 0 0 1 0 0 0 0 0 0 0 0 0 0 0 0 0 0 0 0 0 0 0 0 0 0 0 0 0 0 0 0 0 0 0 0 0 0 0 0 0 0 0 0 0 0 0 0 0 0 0 0 0 0 0 0 0 0 0 0 0 0 0 0 0 0 0 0 0 0 0 0 0 0 0 0 0 0 0 0 0 0 0 0 0 0 0 0 0 0 0 0 0 0 0 0 0 0 0 0 0 0 0 0 0
0 0 0 0 0 0 0 0 0 0 0 0 0 0 0 0 0 0 0 0 0 0 0 0 0 0 0 0 0 0 0 0 0 0 0 0 0 0 0 0 0 0 0 0 0 0 0 0 3 0 0 0 7 15 0 0 0 0 0 0 0 0 0 0 0 0 0 0 0 0 0 0 0 0 0 0 0 0 0 0 0 0 0 0 0 0 0 0 0 0 0 0 0 0 0 0 0 0 0 0 0 0 0 0 0 0 0 0 0 0 0 0 0 0 0 0 0 0 0 0 0 0 0 0 0 0 0 0 0 0 0 0 0 0 0 0 0 0 0 0 0 0 0 0 0 0 0 0 0 0
0 0 0 0 0 0 0 0 0 0 0 0 0 0 0 0 0 0 0 0 0 0 0 0 0 0 0 0 0 0 0 0 0 0 0 0 0 0 0 0 0 0 0 0 0 0 0 0 0 0 0 0 0 0 0 0 0 0 0 0 0 0 0 0 0 0 0 0 0 0 0 0 0 0 0 0 0 0 0 0 0 0 0 0 0 0 0 0 0 0 0 0 0 0 0 0 0 0 0 0 0 0 0 0 0 0 0 0 0 0 0 0 0 0 0 0 0 0 0 0 0 0 0 0 0 0 0 0 0 0 0 0 0 0 0 0 0 0 0 0 0 0 0 0 0 0 0 0 0 0
0 0 0 0 0 0 0 0 0 0 0 0 0 0 0 0 0 0 0 0 0 0 0 0 0 0 0 0 0 0 0 0 0 0 0 0 0 6 2 0 0 0 0 0 0 0 0 0 1 0 0 6 0 0 0 0 0 0 0 0 0 0 0 0 0 0 0 0 0 0 0 0 0 0 0 0 0 0 0 0 0 0 0 0 0 0 0 0 0 0 0 0 0 0 0 0 0 0 0 0 0 0 0 0 0 0 0 0 0 0 0 0 0 0 0 0 0 0 0 0 0 0 0 0 0 0 0 0 0 0 0 0 0 0 0 0 0 0 0 0 0 0 0 0 0 0 0 0 0 0
0 0 0 0 0 0 0 0 0 0 0 0 0 0 0 0 0 0 0 0 0 0 0 0 0 0 0 0 0 0 0 0 0 0 0 0 1 0 0 0 0 0 0 0 0 0 0 0 0 0 0 0 0 0 0 0 0 0 0 0 0 0 0 0 0 0 0 0 0 0 0 0 0 0 0 0 0 0 0 0 0 0 0 0 0 0 0 0 0 0 0 0 0 0 0 0 0 0 0 0 0 0 0 0 0 0 0 0 0 0 0 0 0 0 0 0 0 0 0 0 0 0 0 0 0 0 0 0 0 0 0 0 0 0 0 0 0 0 0 0 0 0 0 0 0 0 0 0 0 0
0 0 0 0 0 0 0 0 0 0 0 0 0 0 0 0 0 0 0 0 0 0 0 0 0 0 0 0 0 0 1 0 0 0 1 1 0 0 0 0 0 0 0 0 0 0 0 0 0 0 0 0 0 3 0 0 0 0 0 0 0 0 0 0 0 0 0 0 0 0 0 0 0 0 0 0 0 0 0 0 0 0 0 0 0 0 0 0 0 0 0 0 0 0 0 0 0 0 0 0 0 0 0 0 0 0 0 0 0 0 0 0 0 0 0 0 0 0 0 0 0 0 0 0 0 0 0 0 0 0 0 0 0 0 0 0 0 0 0 0 0 0 0 0 0 0 0 0 0 0
0 0 0 0 0 0 0 0 0 0 0 0 0 0 0 0 0 0 0 0 0 0 0 0 0 0 0 0 0 0 1 13 1 0 0 0 0 0 0 0 0 0 0 0 0 0 0 0 0 0 0 0 0 0 0 0 0 0 0 0 0 0 0 0 0 0 0 0 0 0 0 0 0 0 0 0 0 0 0 0 0 0 0 0 0 0 0 0 0 0 0 0 0 0 0 0 0 0 0 0 0 0 0 0 0 0 0 0 0 0 0 0 0 0 0 0 0 0 0 0 0 0 0 0 0 0 0 0 0 0 0 0 0 0 0 0 0 0 0 0 0 0 0 0 0 0 0 0 0 0
0 0 0 0 0 0 0 0 0 0 0 0 0 0 0 0 0 0 0 0 0 0 0 0 0 0 0 0 0 0 2 9 0 0 0 0 2 0 0 0 0 0 0 0 0 0 0 0 0 0 0 0 0 0 0 0 0 0 0 0 0 0 0 0 0 0 0 0 0 0 0 0 0 0 0 0 0 0 0 0 0 0 0 0 0 0 0 0 0 0 0 0 0 0 0 0 0 0 0 0 0 0 0 0 0 0 0 0 0 0 0 0 0 0 0 0 0 0 0 0 0 0 0 0 0 0 0 0 0 0 0 0 0 0 0 0 0 0 0 0 0 0 0 0 0 0 0 0 0 0
0 0 0 0 0 0 0 0 0 0 0 0 0 0 0 0 0 0 0 0 0 0 0 0 0 0 0 0 0 2 0 0 0 0 0 0 0 0 0 0 0 0 0 0 0 0 0 0 0 0 0 0 0 0 0 0 0 0 0 0 0 0 0 0 0 0 0 0 0 0 0 0 0 0 0 0 0 0 0 0 0 0 0 0 0 0 0 0 0 0 0 0 0 0 0 0 0 0 0 0 0 0 0 0 0 0 0 0 0 0 0 0 0 0 0 0 0 0 0 0 0 0 0 0 0 0 0 0 0 0 0 0 0 0 0 0 0 0 0 0 0 0 0 0 0 0 0 0 0 0
0 0 0 0 0 0 0 0 0 0 0 0 0 0 0 0 0 0 0 0 0 0 0 0 0 0 0 0 0 60 32 0 0 0 0 0 0 0 0 0 0 0 0 0 0 0 0 0 0 0 0 0 0 0 0 0 0 0 0 0 0 0 0 0 0 0 0 0 0 0 0 0 0 0 0 0 0 0 0 0 0 0 0 0 0 0 0 0 0 0 0 0 0 0 0 0 0 0 0 0 0 0 0 0 0 0 0 0 0 0 0 0 0 0 0 0 0 0 0 0 0 0 0 0 0 0 0 0 0 0 0 0 0 0 0 0 0 0 0 0 0 0 0 0 0 0 0 0 0 0
0 0 0 0 0 0 0 0 0 0 0 0 0 0 0 0 0 0 0 0 0 0 0 0 0 0 2 0 0 0 0 0 0 0 0 0 1 0 0 0 0 0 0 0 0 0 0 0 0 19 0 0 0 0 0 0 0 0 0 0 0 0 0 0 0 0 0 0 0 0 0 0 0 0 0 0 0 0 0 0 0 0 0 0 0 0 0 0 0 0 0 0 0 0 0 0 0 0 0 0 0 0 0 0 0 0 0 0 0 0 0 0 0 0 0 0 0 0 0 0 0 0 0 0 0 0 0 0 0 0 0 0 0 0 0 0 0 0 0 0 0 0 0 0 0 0 0 0 0 0
0 0 0 0 0 0 0 0 0 0 0 0 0 0 0 0 0 0 0 0 0 0 0 0 0 0 10 0 0 0 0 0 0 0 0 0 0 0 0 0 0 0 0 0 0 0 0 0 1 0 0 0 0 0 0 0 0 0 0 0 0 0 0 0 0 0 0 0 0 0 0 0 0 0 0 0 0 0 0 0 0 0 0 0 0 0 0 0 0 0 0 0 0 0 0 0 0 0 0 0 0 0 0 0 0 0 0 0 0 0 0 0 0 0 0 0 0 0 0 0 0 0 0 0 0 0 0 0 0 0 0 0 0 0 0 0 0 0 0 1 0 0 0 0 0 0 0 0 0 0
0 0 0 0 0 0 0 0 0 0 0 0 0 0 0 0 0 0 0 0 0 0 0 0 0 0 0 2 5 0 0 0 0 0 0 0 0 0 0 0 0 0 0 0 0 0 0 0 1 0 0 0 0 0 0 0 0 0 0 0 0 0 0 0 0 0 0 0 0 0 0 0 0 0 0 0 0 0 0 0 0 0 0 0 0 0 0 0 0 0 0 0 0 0 0 0 0 0 0 0 0 0 0 0 0 0 0 0 0 0 0 0 0 0 0 0 0 0 0 0 0 0 0 0 0 0 0 0 0 0 0 0 0 0 0 0 0 0 0 0 0 0 0 0 0 0 0 0 0 0
0 0 0 0 0 0 0 0 0 0 0 0 0 0 0 0 0 0 0 0 0 0 0 0 0 0 0 0 0 0 0 0 0 0 0 0 0 0 0 0 0 0 0 0 0 0 0 0 0 0 0 0 0 0 0 0 0 0 0 0 0 0 0 0 0 0 0 0 0 0 0 0 0 0 0 0 0 0 0 0 0 0 0 0 0 0 0 0 0 0 0 0 0 0 0 0 0 0 0 0 0 0 0 0 0 0 0 0 0 0 0 0 0 0 0 0 0 0 0 0 0 0 0 0 0 0 0 0 0 0 0 0 0 0 0 0 0 0 0 0 0 0 0 0 0 0 0 0 0 0
0 0 0 0 0 0 0 0 0 0 0 0 0 0 0 0 0 0 0 0 0 0 0 0 0 0 0 0 0 0 0 0 0 0 0 0 0 0 0 0 0 0 0 0 0 0 0 0 0 0 0 0 0 0 0 0 0 0 0 0 0 0 0 0 0 0 0 0 0 0 0 0 0 0 0 0 0 0 0 0 0 0 0 0 0 0 0 0 0 0 0 0 0 0 0 0 0 0 0 0 0 0 0 0 0 0 0 0 0 0 0 0 0 0 0 0 0 0 0 0 0 0 0 0 0 0 0 0 0 0 0 0 0 0 0 0 0 0 0 0 0 0 0 0 0 0 0 0 0 0
0 0 0 0 0 0 0 0 0 0 0 0 0 0 0 0 0 0 0 0 0 0 0 0 0 0 0 0 0 0 0 0 0 0 0 0 0 0 0 0 0 0 0 0 0 0 0 0 0 0 0 0 0 0 0 0 0 0 0 0 0 0 0 0 0 0 0 0 0 0 0 0 0 0 0 0 0 0 0 0 0 0 0 0 0 0 0 0 0 0 0 0 0 0 0 0 0 0 0 0 0 0 0 0 0 0 0 0 0 0 0 0 0 0 0 0 0 0 0 0 0 0 0 0 0 0 0 0 0 0 0 0 0 0 0 0 0 0 0 0 0 0 0 0 0 0 0 0 0 0
0 0 0 0 0 0 0 0 0 0 0 0 0 0 0 0 0 0 0 0 0 0 0 0 0 0 0 0 0 0 0 0 0 0 0 0 0 0 0 0 0 0 0 0 0 0 0 0 0 0 0 0 0 0 0 0 0 0 0 0 0 0 0 0 0 0 0 0 0 0 0 0 0 0 0 0 0 0 0 0 0 0 0 0 0 0 0 0 0 0 0 0 0 0 0 0 0 0 0 0 0 0 0 0 0 0 0 0 0 0 0 0 0 0 0 0 0 0 0 0 0 0 0 0 0 0 0 0 0 0 0 0 0 0 0 0 0 0 0 0 0 0 0 0 0 0 0 0 0 0
0 0 0 0 0 0 0 0 0 0 0 0 0 0 0 0 0 0 0 0 0 0 0 0 0 0 0 0 0 0 0 0 0 0 0 0 0 0 0 0 0 0 0 0 0 0 0 0 0 0 0 0 0 0 0 0 0 0 0 0 0 0 0 0 0 0 0 0 0 0 0 0 0 0 0 0 0 0 0 0 0 0 0 0 0 0 0 0 0 0 0 0 0 0 0 0 0 0 0 0 0 0 0 0 0 0 0 0 0 0 0 0 0 0 0 0 0 0 0 0 0 0 0 1 0 0 0 0 0 0 0 0 0 0 0 0 0 0 0 0 0 0 0 0 0 0 0 0 0 0
