0 1 5 1 0 0 1 0 4 40 4 0 0 2 0 0 0 0 7 0 0 0 0 0 0 3 0 0 0 0 0 0 0 3 2 0 0 0 0 2 0 0 0 1 1 0 0 0 0 0 0 0 0 0 0 0 0 0 0 0 14 35 2 0 0 1 0 0 0 0 0 0 0 46 134 66 25 3 11 1 4 45 8 14 10 61 38 109 14 50 360 170 20 232 259 159 493 235 253 27 47 14 1 3 9 4 17 151 142 2 4 4 2 17 9 14 14 5 1 1 1 7 6 7 0 4 0 0 2 1 1 8 0 0 0 0 1 1 0 0 1 0 0 0 0 0 0 0 0 13
0 1 3 2 0 0 0 0 0 0 1 3 2 1 0 0 0 0 11 0 0 0 19 0 2 11 0 0 0 0 0 0 0 0 0 0 0 0 0 0 0 0 0 0 0 0 0 0 0 0 0 0 0 0 7 0 0 0 0 10 43 1 1 3 1 0 0 0 0 0 1 0 28 13 2 0 27 13 1 8 23 30 6 0 71 99 122 39 58 117 8 6 42 96 128 74 127 188 294 141 157 15 17 12 1 0 1 151 6 2 1 3 0 3 8 6 2 5 1 2 1 14 3 1 1 1 0 3 5 22 5 2 19 15 0 0 0 0 0 22 11 1 0 0 0 0 0 0 0 0
0 0 0 0 2 0 0 0 0 1 24 0 11 0 0 0 0 0 5 0 0 4 36 10 1 0 0 1 0 0 0 0 0 1 0 0 0 0 0 41 0 0 0 0 0 0 0 0 0 0 0 0 0 0 0 0 0 0 0 21 1 0 0 0 0 0 0 0 0 0 0 0 1 0 0 0 0 12 24 39 19 24 5 6 13 49 226 47 0 0 33 7 11 83 180 328 50 194 98 143 115 113 7 12 14 4 1 22 58 39 13 2 0 0 1 3 2 15 5 3 35 6 1 7 0 3 1 1 1 4 6 1 10 31 0 0 5 0 1 4 5 10 0 0 1 0 0 0 0 0
12 0 0 0 0 0 0 0 0 1 0 0 0 0 0 1 0 0 7 4 0 0 0 1 5 0 0 5 3 0 0 0 0 0 0 0 0 1 0 3 0 0 0 0 0 0 0 0 0 0 2 0 0 0 53 17 0 5 9 1 0 0 0 2 0 0 0 0 0 0 2 18 5 0 0 1 3 55 52 29 27 11 1 54 48 2 12 31 0 71 236 281 685 190 527 111 60 212 270 126 112 146 27 0 8 32 3 7 147 11 0 2 20 4 0 4 10 15 11 55 17 24 17 2 0 3 0 0 4 0 1 7 9 0 1 0 4 0 0 1 8 10 0 0 0 0 0 0 0 0
7 3 0 0 0 0 0 0 0 0 0 0 0 0 0 1 0 1 1 3 1 0 0 0 0 0 0 0 0 0 0 1 0 0 0 5 4 0 0 0 0 0 0 0 0 0 0 0 0 3 0 0 0 0 17 48 13 10 3 0 2 0 0 1 0 0 0 0 0 10 24 19 16 27 4 21 15 26 53 60 84 123 56 1 38 21 6 12 5 262 551 164 346 474 120 52 17 218 79 381 316 327 222 137 62 41 20 4 2 3 2 3 21 9 0 0 1 4 10 10 61 234 33 3 2 2 3 0 1 0 1 0 1 0 2 0 0 0 0 0 12 3 0 0 0 0 0 0 0 0
0 0 0 0 0 0 0 0 1 0 1 0 0 0 0 0 0 0 8 17 0 18 1 0 0 0 0 0 0 0 0 74 0 0 2 19 11 7 0 0 0 0 0 0 0 0 0 0 0 2 13 5 1 0 4 34 11 0 3 0 0 0 0 1 0 0 0 0 1 16 24 45 39 39 13 9 15 9 22 94 144 106 144 11 0 38 8 8 0 46 597 785 9 188 244 96 220 647 188 186 119 139 275 158 39 27 6 6 3 2 0 3 5 4 3 11 3 2 0 6 25 42 2 1 0 0 0 2 0 0 1 0 0 0 0 2 1 0 0 0 0 5 0 0 0 0 0 0 0 0
0 0 0 1 0 0 0 0 1 14 1 0 0 0 0 0 0 0 0 0 0 1 0 0 0 0 0 0 0 0 0 0 0 0 0 5 2 1 2 0 0 0 0 0 0 0 0 0 0 0 0 3 1 2 3 9 3 0 8 8 3 1 1 0 1 0 0 0 1 23 11 16 88 113 77 37 93 46 123 223 277 142 601 174 36 3 8 109 23 25 328 314 5 130 206 136 137 221 158 22 22 71 24 30 2 6 20 0 1 0 8 42 28 7 56 9 0 1 3 3 10 23 0 1 3 0 2 1 0 0 0 0 0 0 0 0 0 3 0 0 0 0 0 0 0 0 0 0 0 0
0 0 0 1 0 0 0 0 0 0 2 0 0 0 0 0 0 0 0 0 0 0 0 0 0 0 0 0 0 1 1 0 0 0 3 0 0 0 2 2 0 0 0 0 0 0 0 0 0 0 0 0 1 0 1 2 0 3 10 21 15 6 16 3 4 5 0 0 2 14 2 0 11 26 20 9 16 47 138 344 246 154 324 81 48 27 38 198 72 24 95 12 7 54 99 69 31 292 211 135 43 94 173 135 46 54 4 6 36 3 130 244 9 5 6 16 0 1 6 1 5 5 0 1 1 4 2 0 1 0 0 0 0 0 0 0 0 2 0 0 0 0 0 0 0 0 0 0 0 0
0 0 0 0 0 0 0 0 0 2 0 0 0 1 3 0 0 0 0 0 0 0 0 0 0 0 0 0 0 0 1 0 0 0 0 0 0 0 0 0 0 0 0 0 0 0 0 0 0 0 0 0 0 4 0 0 0 3 7 14 95 51 4 0 1 9 0 2 0 10 0 0 0 1 2 2 2 8 10 322 276 383 250 13 3 0 68 131 78 9 2 4 107 248 487 319 20 107 73 27 67 20 35 121 228 35 60 102 5 5 446 30 48 1 8 2 1 3 5 8 10 3 6 5 1 0 2 0 0 0 1 0 0 2 0 0 0 0 0 0 0 0 0 0 0 0 0 0 0 0
0 0 0 0 0 0 0 0 8 1 0 0 0 0 0 0 0 0 0 0 0 0 0 0 0 0 0 0 0 0 0 0 0 0 0 0 0 0 0 0 0 0 0 0 0 0 0 0 1 0 1 0 3 16 0 1 0 1 1 2 15 48 13 3 1 4 0 0 0 2 0 0 0 0 0 3 1 9 113 305 223 175 163 114 326 438 111 22 44 44 14 6 1 210 214 493 207 31 30 6 9 40 5 0 30 171 103 63 23 5 172 155 28 3 1 57 133 151 60 16 4 16 4 24 10 10 4 4 0 11 72 4 0 1 0 0 0 0 0 0 0 0 0 0 0 0 0 0 0 0
0 0 2 0 0 0 0 0 1 0 1 0 0 0 0 2 0 0 0 0 0 0 0 0 0 0 0 0 0 0 0 0 0 0 0 3 0 0 1 0 0 3 0 0 0 0 0 5 5 5 5 1 4 8 0 0 0 1 3 3 0 41 0 3 0 0 0 0 0 0 0 0 0 0 0 0 1 2 36 77 223 62 92 431 47 122 55 113 95 191 8 0 0 40 113 164 231 18 2 27 6 10 0 0 25 63 296 176 64 61 237 32 44 1 0 50 92 195 75 25 53 33 99 26 17 121 14 34 23 4 2 24 6 9 10 0 0 0 0 0 0 0 0 0 0 0 0 0 0 0
0 0 0 0 0 0 0 0 20 0 0 0 0 0 0 0 1 1 0 0 0 0 0 0 0 0 0 0 0 0 0 0 1 1 1 0 0 1 0 0 1 2 4 2 0 0 0 0 0 0 0 0 1 0 1 0 0 0 0 1 0 1 0 0 0 2 0 0 2 0 1 0 0 0 0 0 10 12 40 165 151 54 1 19 35 33 1 6 26 190 14 0 0 0 2 30 214 80 75 2 0 8 4 6 19 15 129 110 4 15 155 48 14 20 4 41 131 35 86 197 102 72 47 10 28 49 1 0 0 3 0 0 14 14 104 0 0 0 0 0 0 0 0 0 0 0 0 0 0 0
0 0 0 0 0 0 0 0 0 2 0 0 0 0 0 0 0 2 0 2 0 1 0 0 0 0 0 0 0 0 0 1 0 0 0 0 0 0 0 0 0 1 13 0 1 0 0 5 0 0 0 0 2 0 6 0 0 0 0 0 1 0 0 0 0 0 0 0 0 2 4 0 0 0 1 12 27 4 100 7 134 69 6 0 14 1 5 0 0 0 0 0 0 26 14 3 175 122 148 123 4 4 11 5 4 2 4 74 77 83 300 131 37 281 47 3 4 37 251 594 22 59 30 1 9 28 8 1 7 2 0 0 8 2 0 0 0 0 0 0 0 0 0 0 0 0 0 0 0 0
0 0 0 0 0 0 0 1 0 1 0 0 0 0 0 0 0 0 16 2 0 1 0 0 0 0 0 0 0 1 0 0 0 0 0 0 0 0 0 0 0 1 3 16 7 0 0 0 0 0 1 10 1 0 0 0 0 0 1 0 1 2 4 0 0 0 14 4 3 2 18 0 0 0 0 95 236 108 42 4 125 82 13 0 4 202 6 0 0 7 0 0 0 12 12 4 47 131 39 94 0 5 138 27 115 29 28 122 161 258 258 237 292 228 34 72 92 43 301 97 35 14 1 0 0 1 2 0 4 1 0 0 0 4 0 0 0 0 0 0 0 0 0 0 0 0 0 0 0 0
0 0 0 0 0 0 0 0 1 0 0 0 0 0 0 0 0 0 0 6 0 0 0 0 1 0 0 0 0 0 0 0 0 0 0 0 0 0 0 0 0 0 0 3 5 0 0 0 0 0 2 74 0 0 1 0 1 2 2 5 17 4 4 4 7 65 35 53 37 143 19 0 1 0 14 359 288 479 84 16 0 164 14 0 0 4 0 4 0 34 3 6 0 5 0 0 5 78 62 53 1 13 97 308 581 482 406 647 391 308 483 182 182 147 116 36 36 22 8 17 16 30 44 4 0 7 7 3 4 8 0 0 1 0 0 0 0 0 0 0 0 0 0 0 0 0 0 0 0 0
0 0 0 0 0 0 0 13 1 0 1 0 0 0 0 0 0 0 0 2 0 48 2 1 1 0 0 0 0 0 0 0 0 0 0 0 0 0 0 0 0 0 0 0 0 9 0 0 0 3 18 21 0 0 0 3 6 31 2 18 4 6 3 82 19 13 141 12 11 30 57 17 74 21 193 201 467 232 55 1 0 0 0 0 0 0 2 9 1 3 2 4 0 0 3 4 11 22 5 5 48 1 395 272 355 172 252 52 182 543 346 141 153 71 41 13 6 37 42 33 3 1 340 260 16 9 5 2 0 3 0 0 0 0 3 0 0 0 0 0 0 0 0 0 0 0 0 0 0 0
0 0 0 0 0 0 0 0 0 0 0 0 0 0 0 0 6 0 0 1 0 0 2 9 2 8 1 0 0 0 0 0 0 0 0 0 0 0 0 1 0 0 0 2 0 3 1 0 7 5 12 1 0 7 1 9 8 33 65 11 0 1 0 0 0 0 0 0 0 0 0 0 95 19 49 92 466 40 46 0 0 0 0 0 0 1 0 7 18 3 2 0 2 0 1 210 8 0 1 14 2 90 198 203 212 101 109 71 84 347 179 52 247 43 52 24 16 14 48 0 0 1 8 2 2 80 0 1 2 0 0 0 0 0 0 0 0 0 0 0 0 0 0 0 0 0 0 0 0 0
0 0 0 0 0 0 0 2 0 0 0 0 0 0 0 0 0 2 0 1 0 0 0 0 1 0 5 5 0 0 0 0 0 0 0 0 0 0 0 0 0 0 0 0 0 9 15 1 0 16 9 14 5 137 54 2 9 14 73 0 0 1 0 0 0 1 3 95 0 3 13 4 22 10 42 5 17 32 12 2 0 0 0 1 0 1 0 0 22 0 0 11 14 23 4 0 0 0 40 298 25 124 47 49 29 98 101 51 430 103 12 15 7 45 43 7 56 83 8 1 0 1 3 3 30 170 42 2 1 4 0 0 0 0 0 0 0 0 0 0 0 0 0 0 0 0 0 0 0 2
0 0 1 0 0 0 0 0 0 0 0 0 0 0 0 1 0 0 0 1 0 2 7 0 14 0 15 19 7 0 0 0 0 0 0 2 0 0 0 0 0 2 0 5 11 4 3 20 5 94 18 4 7 4 1 6 38 77 20 11 11 4 0 0 0 0 0 0 4 2 10 5 7 1 1 13 16 4 3 4 2 1 3 11 0 4 0 2 0 0 0 15 34 72 5 0 0 5 170 1 33 59 14 5 20 21 20 89 294 6 0 12 0 177 17 0 1 0 0 0 0 0 0 0 8 43 78 47 2 11 0 0 0 0 0 0 0 0 0 0 0 0 0 0 0 0 0 0 0 0
0 0 0 0 1 0 0 0 0 0 0 0 0 0 0 0 0 0 1 0 0 1 24 1 0 1 0 2 43 0 0 129 0 0 0 0 0 0 0 0 0 1 1 36 6 28 17 9 0 60 6 0 0 0 18 2 6 96 1 0 0 0 0 0 0 2 1 0 3 1 21 24 1 0 1 4 1 0 0 0 0 0 0 0 0 611 13 0 5 3 2 13 92 0 0 3 0 4 4 0 536 295 138 32 20 105 27 163 18 24 0 0 13 21 2 0 0 0 0 0 0 0 0 0 13 0 1 62 2 0 0 0 0 0 0 0 0 0 0 0 0 0 0 0 0 0 0 0 0 0
0 0 0 0 1 0 0 0 0 0 0 0 2 0 0 0 0 1 0 0 0 2 4 0 0 2 0 0 0 0 0 1 4 0 1 0 0 0 0 0 8 2 3 1 1 0 7 10 18 57 74 45 4 3 7 1 0 2 1 0 0 6 1 3 35 27 0 0 0 2 13 16 2 0 4 15 86 50 0 4 1 0 0 2 0 0 0 0 13 0 1 0 0 0 0 0 0 0 125 238 509 640 136 30 0 1 23 66 0 0 0 0 0 2 0 0 0 0 0 0 0 0 0 4 0 0 2 244 0 0 0 0 0 0 0 0 0 0 0 0 0 0 0 0 0 0 0 0 0 0
0 0 0 0 0 0 0 0 0 0 0 0 0 2 0 1 4 0 0 1 0 1 0 1 0 2 0 0 0 0 15 158 3 0 0 0 0 1 0 0 24 13 0 0 0 0 3 2 58 192 83 61 4 0 0 2 0 0 0 0 0 0 0 0 3 2 6 1 1 20 7 12 5 0 0 1 12 19 7 9 5 9 0 8 2 0 0 1 43 25 0 0 0 47 1 1 1 0 31 114 78 164 8 0 1 5 13 19 4 0 0 0 5 16 0 0 0 0 0 0 0 0 0 0 0 2 3 0 0 1 0 0 0 0 0 0 0 0 0 0 0 0 0 0 0 0 0 0 0 0
0 0 0 0 0 0 0 0 0 0 0 0 0 0 1 1 0 0 0 0 0 0 3 0 0 0 0 0 0 0 1 0 3 0 1 0 2 478 1 0 1 0 0 0 0 0 4 5 8 370 171 50 3 0 0 0 1 1 1 4 2 0 0 0 1 1 4 0 0 1 2 7 7 0 1 0 2 0 5 17 0 4 1 0 0 0 0 0 0 0 0 0 2 1 0 0 2 0 0 0 3 0 1 5 9 10 3 13 22 29 9 2 11 0 0 0 0 0 0 0 0 0 0 1 5 13 15 0 0 0 1 0 0 0 0 0 0 0 0 0 0 0 0 0 0 0 0 0 0 0
0 0 0 0 0 0 0 0 0 0 0 0 0 1 0 0 1 1 0 1 2 1 0 0 0 0 0 0 0 0 0 1 1 1 3 0 1 1 2 1 0 0 0 0 0 11 9 4 2 26 25 4 3 2 1 5 1 2 0 0 0 0 0 0 0 0 0 0 0 0 0 2 39 16 0 2 0 0 0 1 0 0 18 46 5 0 13 0 0 0 0 0 1 0 0 0 0 0 0 0 2 0 2 12 22 4 2 0 2 2 0 11 5 0 0 0 0 0 0 0 0 0 1 39 3 4 6 15 1 0 0 0 0 0 0 0 0 0 0 0 0 0 0 0 0 0 0 0 0 0
0 0 0 0 0 0 0 0 0 0 0 0 0 0 0 0 0 0 0 0 0 0 0 0 0 0 0 1 0 0 0 0 2 1 18 0 0 34 0 0 0 0 0 2 8 10 55 0 0 7 64 11 5 10 7 1 0 5 1 0 0 0 0 0 0 0 0 0 6 3 1 0 2 118 8 2 0 0 0 0 0 0 2 23 2 1 0 0 0 0 0 1 1 0 0 0 0 0 0 4 10 3 1 2 263 0 0 1 0 0 0 0 0 0 0 0 1 0 0 0 0 0 1 0 0 8 5 1 0 0 0 0 0 0 0 0 0 0 0 0 0 0 0 0 0 0 0 0 0 0
0 0 0 0 0 0 0 0 0 0 0 0 0 0 0 0 1 0 1 0 0 0 0 1 0 0 0 0 0 0 0 0 1 20 12 0 0 10 0 0 0 0 0 16 26 3 1 0 4 1 4 2 0 0 0 0 0 0 0 0 0 0 0 0 8 0 0 3 3 1 2 6 0 1 1 1 7 0 1 0 0 0 0 0 0 4 2 7 0 2 0 0 1 0 0 0 0 1 3 0 3 1 9 21 149 56 0 2 0 0 0 0 0 0 3 0 0 0 0 0 0 0 0 0 0 8 0 7 0 0 0 0 0 0 0 0 0 3 0 0 0 0 0 0 0 0 0 0 0 0
0 0 0 0 0 0 0 0 0 0 0 0 0 0 2 0 0 1 0 0 2 0 1 0 0 0 0 3 1 0 0 1 0 1 2 1 0 1 0 1 0 1 0 4 14 0 2 0 0 3 1 4 2 0 0 0 0 0 0 0 0 0 0 0 3 1 0 1 2 0 0 3 1 0 0 0 3 1 0 0 0 0 11 0 0 2 1 6 1 0 3 0 0 1 0 1 0 0 0 0 0 2 1 2 12 137 16 1 0 0 0 0 0 0 16 0 1 0 0 0 0 0 0 0 0 37 4 0 0 0 0 0 0 0 2 0 0 2 0 0 0 0 0 0 0 0 0 0 0 0
0 0 0 0 0 0 0 0 0 0 0 0 0 3 2 0 5 3 3 0 0 2 2 0 1 0 0 1 0 1 1 0 0 10 1 0 0 7 0 2 16 12 12 16 54 1 1 0 2 0 0 8 5 0 0 1 0 0 0 0 0 0 1 0 0 0 0 1 2 7 58 9 0 0 0 0 0 1 0 0 0 0 0 0 1 0 0 2 0 1 0 0 1 0 0 0 0 0 0 0 0 11 7 1 12 408 119 6 1 0 0 0 0 0 0 0 1 20 7 1 0 0 0 1 18 8 20 24 15 8 0 0 0 0 0 0 0 0 0 0 0 0 0 0 0 0 0 0 0 0
0 0 0 0 0 0 0 0 0 2 0 0 6 3 0 2 5 16 0 1 0 1 1 0 0 0 0 0 5 0 0 0 3 0 2 7 0 4 6 26 81 419 65 46 24 1 0 0 4 0 0 1 4 5 1 0 0 0 0 0 0 0 0 0 0 0 0 0 0 2 1 5 20 0 137 2 0 5 0 0 0 0 3 0 4 0 0 0 3 2 0 3 0 8 1 4 2 0 0 0 0 21 7 1 50 115 142 87 4 1 0 2 0 0 0 0 42 9 2 0 0 0 54 16 109 56 230 86 16 27 0 0 0 27 0 2 0 0 0 0 0 0 0 0 0 0 0 0 0 0
0 0 0 0 0 0 0 0 2 4 5 5 47 0 0 0 2 1 0 0 0 1 6 7 0 1 1 0 0 1 0 0 0 7 12 3 2 3 12 71 249 239 224 193 11 1 1 0 3 0 1 8 15 22 2 0 0 0 0 0 0 0 0 0 0 0 0 0 0 0 1 1 0 0 0 0 0 3 1 0 0 0 0 2 15 0 0 0 0 2 0 0 2 11 1 2 0 0 0 2 0 2 9 2 2 19 0 27 34 0 0 0 2 0 23 5 154 221 13 67 4 6 0 32 18 6 85 124 70 57 17 9 22 18 0 0 0 0 0 0 0 0 0 0 0 0 0 0 0 0
0 0 0 0 0 0 0 1 0 2 0 1 0 0 0 1 0 0 12 4 0 3 55 17 0 0 0 0 0 0 1 0 1 1 3 7 8 6 27 22 249 93 107 78 8 1 1 1 0 2 0 1 0 0 0 0 0 0 0 0 0 0 0 0 0 0 1 0 3 0 0 1 0 0 0 0 0 6 0 0 0 4 1 0 4 0 0 0 3 4 0 0 0 3 0 1 0 0 0 0 1 1 11 1 2 0 0 1 6 0 0 0 1 0 11 283 189 145 15 26 24 24 42 7 2 0 2 20 0 8 0 108 139 16 4 0 0 0 0 0 0 0 0 0 0 0 0 0 0 0
0 0 0 0 0 0 1 0 0 0 2 4 0 1 0 0 0 1 3 4 114 64 11 0 0 0 0 0 0 3 2 0 7 4 217 1 0 4 0 33 108 57 81 35 17 4 1 0 0 2 1 0 2 2 2 0 1 1 0 0 0 0 0 0 0 0 0 0 0 0 0 0 0 0 0 0 0 0 2 3 2 2 8 25 3 0 0 0 0 0 0 2 0 0 0 1 0 1 0 0 0 0 0 1 1 0 0 3 61 27 70 117 26 25 154 486 125 56 13 90 11 32 4 1 6 2 10 23 0 0 0 51 69 24 15 0 0 0 0 0 0 0 0 0 0 0 0 0 0 0
0 0 0 0 0 0 0 1 0 1 0 0 3 5 1 0 1 0 3 11 18 0 0 0 0 0 0 0 0 0 3 8 5 1 2 1 1 0 1 2 20 47 7 2 2 0 0 0 0 1 0 1 23 1 0 1 0 0 0 0 0 0 0 0 0 0 0 0 0 0 0 0 0 0 0 2 0 2 3 0 0 2 3 0 0 0 0 0 1 0 2 0 0 2 1 0 0 0 0 0 0 0 0 0 0 0 5 3 41 17 26 15 31 58 516 126 53 99 12 135 20 2 0 2 2 2 0 0 0 0 12 60 1 0 2 0 0 0 0 0 0 0 0 0 0 0 0 0 0 0
0 0 0 0 0 2 1 1 0 0 1 0 0 1 1 0 0 0 7 7 7 0 0 0 0 0 0 0 0 1 37 0 0 0 1 1 0 0 0 0 2 1 0 1 1 0 0 0 0 1 0 4 182 29 3 42 10 0 2 0 0 0 0 0 0 0 0 0 0 0 0 0 0 0 0 0 0 1 4 0 0 0 4 0 0 0 0 0 1 0 0 0 0 5 0 0 4 2 1 0 0 0 0 0 0 0 0 13 9 0 0 1 16 49 97 420 18 160 21 18 89 0 0 0 0 0 2 0 0 0 0 20 3 0 0 0 0 0 0 0 0 0 0 0 0 0 0 0 0 0
0 0 0 0 0 0 1 1 0 1 0 0 0 5 2 3 24 3 1 0 0 7 1 0 0 2 0 6 3 6 5 3 3 0 0 0 0 1 1 1 8 11 0 0 0 0 1 0 0 0 1 8 40 42 0 6 1 0 0 0 0 0 0 0 0 0 0 0 0 0 0 0 0 0 0 0 1 1 0 0 0 0 0 0 0 0 0 0 3 0 8 0 4 12 1 4 1 0 3 2 1 0 0 0 0 1 1 21 136 36 0 0 0 0 0 1 0 38 67 122 24 0 0 0 0 0 0 0 0 0 0 0 12 0 0 0 0 0 0 0 0 0 0 0 0 0 0 0 0 0
0 2 0 1 0 0 0 63 1 0 6 1 0 1 1 75 30 3 0 2 0 0 0 0 0 1 1 19 0 1 3 1 3 1 0 0 0 0 0 0 4 0 0 0 0 0 1 0 0 0 0 4 1 9 14 1 1 0 0 0 0 0 0 0 0 0 0 0 0 0 0 0 0 0 0 0 2 4 0 0 0 0 1 0 0 0 0 1 0 0 1 0 0 2 0 1 0 0 1 0 0 0 2 0 0 16 23 8 45 0 0 0 0 0 1 0 1 2 30 82 94 64 0 0 0 7 0 0 0 13 23 4 12 1 0 0 0 0 0 0 0 0 0 0 0 0 0 0 0 0
0 0 0 0 0 2 0 0 0 0 6 0 0 1 5 13 14 4 2 0 0 1 1 0 1 1 1 1 0 1 1 0 0 1 0 0 0 0 0 3 0 3 2 0 0 1 0 1 0 0 1 10 10 19 5 3 2 0 0 0 0 0 0 0 0 0 0 0 0 0 0 0 0 1 0 0 1 5 23 1 0 5 0 0 0 0 0 24 0 0 1 0 7 1 0 0 0 0 0 2 3 1 106 3 0 7 7 19 33 1 0 0 0 7 112 22 124 103 16 60 120 96 0 0 72 11 0 0 0 20 37 0 0 0 0 0 0 0 0 0 0 0 0 0 0 0 0 0 0 0
0 0 0 0 0 0 0 0 0 1 7 44 5 0 0 1 0 0 0 0 0 0 0 0 3 0 0 1 5 0 0 0 0 0 0 0 1 0 2 1 0 5 6 0 0 0 1 0 0 0 0 11 4 0 0 0 0 0 1 0 0 0 0 0 0 0 0 0 0 0 0 0 0 0 0 0 0 4 7 0 0 0 0 0 0 1 1 11 0 0 0 0 0 3 0 0 0 0 0 0 0 0 2 1 9 0 1 3 12 1 0 0 0 0 30 216 267 143 24 5 11 46 76 68 45 0 0 1 0 178 25 0 0 0 0 0 0 0 0 0 0 0 0 0 0 0 0 0 0 0
0 0 0 0 0 0 2 1 0 0 2 8 0 0 0 1 0 0 0 0 1 0 0 0 1 0 0 2 0 0 0 0 0 0 0 0 0 0 3 0 0 0 0 0 0 1 0 0 0 0 1 20 0 0 0 0 0 0 0 0 0 0 0 0 0 0 0 0 0 0 0 0 0 0 0 0 1 0 39 9 4 5 5 0 0 0 1 0 0 0 0 0 1 4 0 0 0 0 0 2 0 0 0 1 3 0 1 0 11 0 0 0 6 2 4 5 1 10 214 46 8 80 159 101 100 60 16 29 223 286 140 3 0 0 0 0 0 0 0 0 0 0 0 0 0 0 0 0 0 0
0 0 0 0 0 3 1 1 1 3 8 2 0 34 2 1 1 0 0 0 0 0 0 0 0 2 3 0 0 0 0 0 2 0 0 0 0 0 0 6 0 1 0 0 0 0 2 0 0 0 2 160 15 1 0 1 2 1 0 0 0 0 0 0 0 0 0 0 0 0 0 0 0 0 0 0 0 5 26 0 0 5 5 0 0 0 0 0 2 0 0 0 0 2 0 5 2 0 0 0 4 1 0 5 2 3 0 0 39 15 0 4 7 3 5 2 2 68 26 155 143 189 347 126 339 251 146 161 194 183 96 3 0 0 0 0 0 0 0 0 0 0 0 0 0 0 0 0 0 0
0 0 0 0 0 0 0 0 13 1 0 1 0 3 1 0 4 3 0 0 0 0 0 0 10 0 6 0 1 0 0 0 0 0 0 0 0 2 0 0 0 0 0 0 1 1 1 0 2 15 161 211 1 37 6 0 0 0 0 0 0 0 0 0 0 0 0 0 0 0 0 0 0 0 0 0 0 0 1 0 0 0 0 0 0 0 0 0 0 1 0 2 0 0 0 0 0 0 1 3 0 0 1 0 3 3 6 11 1 1 2 2 34 2 0 3 1 9 73 425 660 255 87 306 392 262 63 416 225 28 7 16 0 0 0 0 0 0 0 0 0 0 0 0 0 0 0 0 0 0
0 2 2 0 1 0 0 0 2 1 0 1 1 0 1 0 1 0 0 0 0 0 0 0 3 1 0 0 0 0 0 8 5 0 0 0 0 0 0 0 0 0 0 0 0 0 0 0 2 3 259 208 144 211 10 0 0 1 2 0 1 0 0 0 0 0 0 0 0 0 0 0 0 0 0 0 0 0 0 3 0 0 0 0 0 0 0 3 33 0 1 9 2 0 1 0 0 0 0 3 19 0 1 1 1 26 294 5 3 0 0 1 0 2 3 4 3 5 41 144 205 117 209 934 534 101 29 48 1 139 237 193 0 0 0 0 0 0 0 0 0 0 0 0 0 0 0 0 0 0
4 0 0 4 1 0 3 7 23 0 2 20 0 3 0 0 0 0 0 0 0 0 0 0 0 0 0 0 0 0 1 1 0 0 0 1 0 0 0 0 0 0 0 1 0 0 0 0 0 1 280 133 218 101 18 13 0 1 2 3 0 0 0 0 0 0 0 0 0 0 0 0 0 0 0 0 0 0 0 5 1 3 3 0 0 0 0 3 11 0 0 4 21 0 0 0 0 0 0 0 1 8 2 116 1 2 0 2 0 0 0 0 0 3 1 1 1 5 1 29 152 70 101 108 212 186 86 79 105 149 546 74 1 0 2 0 0 0 0 0 0 0 0 0 0 0 0 0 0 0
3 0 2 5 1 0 1 0 0 0 1 1 0 0 0 0 0 0 0 0 0 0 0 0 0 0 0 0 0 0 0 0 0 0 0 0 0 0 0 0 0 0 0 0 0 2 0 0 0 2 11 21 78 2 7 1 1 1 0 0 0 0 0 0 0 0 0 0 0 0 0 0 0 0 0 0 0 0 0 0 0 3 0 0 0 0 9 27 9 0 1 42 41 3 1 0 0 0 0 4 86 1 7 41 36 0 1 5 2 1 0 0 0 1 6 4 8 6 2 2 15 168 102 66 29 152 252 466 173 59 27 16 0 0 0 0 0 0 0 0 0 0 0 0 0 0 0 0 0 0
0 0 5 0 0 0 7 13 3 3 1 6 1 2 0 0 0 0 0 0 0 0 0 0 1 0 0 0 0 0 0 0 0 0 0 0 0 1 0 0 1 0 0 0 0 1 0 0 1 3 0 0 28 2 0 0 1 5 16 2 0 0 1 0 0 0 0 0 0 0 0 0 0 0 0 0 0 0 0 0 0 3 3 10 5 28 2 0 4 15 44 17 17 1 1 0 0 14 4 6 15 62 209 205 101 18 9 10 1 4 0 0 1 1 1 0 3 13 2 253 69 309 639 397 204 103 686 591 382 0 0 0 0 0 0 0 0 0 0 0 0 0 0 0 0 0 0 0 0 0
0 3 1 0 3 2 1 9 3 1 0 0 0 1 0 0 0 0 0 0 0 0 0 1 0 0 0 1 2 0 0 0 0 0 0 0 0 0 0 0 0 0 0 0 5 0 0 0 1 0 0 3 9 0 3 0 0 1 50 1 0 0 0 0 0 0 0 0 0 0 0 0 0 0 0 0 0 0 0 0 1 1 3 0 0 2 3 2 2 15 83 52 42 1 9 137 0 0 0 2 294 52 97 58 55 3 5 1 0 2 1 0 0 0 1 0 2 148 48 179 200 0 2 39 18 83 96 203 107 1 75 4 0 0 0 0 0 0 0 0 0 0 0 0 0 0 0 0 0 0
1 0 28 1 18 22 31 0 0 0 0 0 1 0 0 0 0 0 0 0 0 0 0 0 0 0 0 0 0 0 0 0 0 0 0 0 0 0 0 0 0 0 0 0 0 0 0 0 0 0 0 3 4 0 0 0 0 0 1 4 0 0 0 0 0 0 0 0 0 0 0 0 0 0 0 0 0 0 0 0 12 11 0 1 10 1 73 2 1 0 0 3 1 0 0 0 0 0 0 3 1 22 313 133 31 90 1 0 1 0 6 2 0 0 0 6 260 158 59 35 0 0 0 0 32 86 47 232 118 2 12 4 0 0 0 0 0 0 0 0 0 0 0 0 0 0 0 0 0 0
1 6 52 54 153 257 47 8 1 0 0 0 0 0 0 0 0 0 0 0 0 2 0 0 0 0 0 0 0 0 0 0 0 0 0 0 0 0 0 0 0 0 0 23 1 2 0 2 0 1 0 4 114 0 0 0 0 0 2 1 0 4 0 0 0 0 0 0 0 0 0 0 0 0 0 0 0 0 0 10 3 1 0 0 0 2 5 53 10 0 0 0 0 0 0 0 0 0 0 0 0 74 198 315 31 37 2 1 0 1 3 1 0 0 0 10 24 10 2 9 0 0 0 0 4 132 100 221 122 0 37 3 0 0 0 0 0 0 0 0 0 0 0 0 0 0 0 0 0 0
0 19 138 284 229 129 63 5 1 0 0 0 0 0 0 1 0 1 0 0 0 0 0 0 1 0 0 1 0 0 0 0 0 0 0 0 0 0 0 0 0 1 1 1 0 0 0 3 79 0 0 0 5 0 0 0 1 0 1 0 0 0 0 0 0 0 0 0 0 0 0 0 0 0 0 0 0 2 0 0 0 0 0 0 0 0 20 3 0 0 2 0 0 0 0 0 0 0 0 0 5 19 3 8 9 31 0 0 0 0 0 0 0 1 0 0 3 2 1 9 5 443 2 0 9 8 36 173 24 1 0 0 0 0 0 0 0 0 0 0 0 0 0 0 0 0 0 0 0 0
0 3 65 116 18 165 7 2 0 0 0 1 0 0 0 0 0 0 0 0 2 2 0 0 0 0 0 0 2 0 0 0 0 0 0 0 0 0 0 0 0 0 0 0 0 0 0 0 0 0 0 0 0 0 0 0 0 0 0 0 0 0 0 0 0 0 0 0 0 0 0 0 0 0 0 0 0 0 0 0 0 0 0 0 0 0 21 2 1 2 5 0 0 0 3 9 0 0 0 150 210 55 59 32 1 40 19 2 0 1 1 0 0 0 0 0 1 0 8 7 25 19 37 66 7 23 0 0 0 0 0 0 0 0 0 0 0 0 0 0 0 0 0 0 0 0 0 0 0 0
3 6 12 7 9 4 0 0 1 0 3 2 0 0 0 0 1 0 0 0 1 16 1 1 0 0 0 0 0 0 0 0 0 0 0 0 1 0 0 0 0 0 0 0 0 2 0 0 0 1 0 0 0 0 0 1 0 0 0 0 0 0 0 0 0 0 0 0 0 0 0 0 0 0 0 0 0 1 0 0 0 0 0 0 0 0 2 0 0 45 12 0 0 0 16 51 45 3 185 611 166 276 69 5 0 3 2 23 0 1 3 0 3 0 0 0 0 0 18 30 20 12 40 7 2 19 12 2 23 16 6 0 0 0 0 0 0 0 0 0 0 0 0 0 0 0 0 0 0 0
12 2 2 2 0 0 0 0 0 0 0 0 0 0 0 0 0 0 0 0 0 3 0 0 0 0 0 0 0 1 1 0 0 1 8 0 0 0 0 0 0 0 0 0 2 0 0 2 0 0 0 0 1 1 24 9 1 0 0 0 0 0 0 0 0 0 0 0 0 0 0 0 0 0 3 4 0 0 0 0 0 0 0 0 0 0 1 0 0 0 37 4 0 1 30 83 52 2 29 24 8 3 31 3 8 0 0 29 66 24 0 0 0 4 7 0 0 0 0 0 10 0 1 0 3 17 18 23 132 11 10 0 0 0 0 0 0 0 0 0 0 0 0 0 0 0 0 0 0 0
5 0 1 0 0 0 0 0 0 0 0 0 0 0 0 0 0 0 0 0 0 1 0 0 0 0 0 0 0 0 1 11 0 0 0 0 0 0 0 0 0 0 0 0 0 0 0 0 0 0 0 0 2 0 3 0 0 0 0 0 0 0 0 0 0 0 0 0 0 0 0 0 0 0 4 17 0 0 0 0 0 0 0 0 0 0 12 28 30 10 21 3 7 1 0 14 2 0 0 0 0 1 0 0 2 0 44 99 25 232 1 0 0 0 1 0 0 0 0 0 0 3 1 6 3 37 19 74 55 121 25 0 0 0 0 0 0 0 0 0 0 0 0 0 0 0 0 0 0 0
1 0 0 1 0 0 0 0 0 0 0 0 0 0 0 0 0 0 0 0 0 0 0 0 0 0 0 0 1 0 0 0 0 0 0 0 0 0 0 0 0 0 0 0 0 0 0 0 0 0 0 0 4 8 1 1 0 0 0 0 0 0 0 0 0 0 0 0 0 0 0 0 1 0 1 0 0 0 0 0 0 0 0 0 0 0 2 0 81 1 0 0 0 1 0 11 0 1 0 0 0 2 0 3 0 60 166 104 9 27 0 0 0 0 0 0 0 0 11 2 0 6 0 5 1 109 11 14 7 12 0 1 0 0 0 0 0 0 0 0 0 0 0 0 0 0 0 0 0 0
0 0 0 0 2 0 0 0 0 0 0 0 0 0 0 0 0 0 0 0 0 0 0 2 0 0 0 0 2 0 0 0 0 0 0 0 0 0 0 0 0 0 0 0 0 0 0 0 0 0 0 1 2 14 2 0 5 0 0 0 0 0 0 0 0 0 0 0 0 0 0 0 0 0 0 0 0 0 0 0 0 0 0 0 0 0 1 0 0 0 0 0 1 0 0 0 0 0 1 0 2 0 1 0 6 50 21 4 190 36 0 0 0 0 0 0 0 0 0 0 0 10 0 21 16 26 162 1 4 18 0 0 0 0 0 0 0 0 0 0 0 0 0 0 0 0 0 0 0 0
0 0 0 0 1 19 0 0 0 0 0 0 0 0 0 0 0 0 0 1 0 0 0 0 0 0 1 0 0 0 0 21 0 0 0 0 0 0 0 0 0 0 0 0 0 0 0 0 0 0 0 0 4 0 0 0 0 0 0 0 0 0 0 0 0 0 0 0 1 1 0 0 0 0 0 0 0 0 0 0 0 0 0 0 0 0 0 0 5 0 0 16 28 1 0 0 0 0 0 0 0 2 6 4 15 2 0 14 1 8 3 0 0 0 0 0 0 0 0 0 0 3 0 4 0 0 0 51 2 1 0 0 0 0 0 0 0 0 0 0 0 0 0 0 0 0 0 0 0 0
0 0 0 0 35 9 0 0 0 0 0 0 0 0 1 0 0 1 0 0 0 0 0 0 0 0 0 0 0 0 0 0 0 0 0 0 0 0 0 0 0 0 0 1 0 2 0 0 0 0 0 0 0 8 2 1 0 0 0 0 0 0 0 0 0 0 0 0 1 0 0 0 0 0 0 0 0 0 0 0 0 0 0 1 0 0 0 0 10 7 247 107 28 2 0 0 0 0 0 8 10 172 162 1 0 31 1 0 0 3 1 0 0 0 0 0 0 0 0 0 0 0 0 0 0 0 12 6 0 0 0 0 0 0 0 0 0 0 0 0 0 0 0 0 0 0 0 0 0 0
0 0 0 0 0 0 0 0 0 0 0 0 0 0 0 0 0 0 1 0 0 0 0 0 0 0 0 0 1 0 0 0 0 0 0 1 0 0 0 0 0 0 0 0 0 3 0 0 0 0 0 0 0 1 0 0 0 0 0 0 0 0 0 0 0 0 0 0 2 0 0 0 0 0 0 0 0 0 0 0 0 0 0 0 0 0 1 1 66 15 55 35 25 2 69 0 0 2 1 16 22 19 10 1 0 0 0 0 0 0 1 0 0 0 0 0 0 0 0 0 0 16 36 0 0 1 0 0 0 0 0 0 0 0 0 0 0 0 0 0 0 0 0 0 0 0 0 0 0 0
0 0 0 0 0 1 0 0 0 0 0 0 1 1 0 1 0 0 0 1 0 0 0 0 0 0 0 0 0 0 0 0 0 0 0 0 0 0 0 0 0 0 0 0 1 2 2 0 0 0 0 0 0 8 10 0 0 0 0 0 0 0 0 0 0 0 0 0 180 0 0 0 0 0 0 0 0 0 0 0 0 0 0 0 2 4 4 0 1 1 1 2 3 0 3 0 0 0 0 4 16 0 0 0 0 0 0 1 0 20 18 2 0 0 0 0 0 0 0 0 0 0 0 0 32 0 0 2 0 0 0 0 0 0 0 0 0 0 0 0 0 0 0 0 0 0 0 0 0 0
0 0 0 0 0 0 1 0 0 0 0 0 0 0 0 0 0 0 0 0 0 0 0 0 0 0 1 0 0 0 0 0 0 0 0 0 0 0 0 0 0 0 1 0 0 2 1 2 0 2 0 0 0 0 2 2 2 0 0 0 0 0 0 0 0 0 0 9 5 0 0 0 0 0 0 0 0 0 0 0 0 0 0 0 9 0 0 0 1 4 3 0 14 0 0 3 0 5 0 2 5 1 0 0 0 0 0 0 7 27 40 71 4 1 0 0 0 0 0 0 0 0 0 0 0 0 0 0 0 0 0 0 0 0 0 0 0 0 0 0 0 0 0 0 0 0 0 0 0 0
0 0 0 0 0 1 3 0 0 0 0 0 0 0 0 0 0 0 0 0 0 0 0 0 0 0 0 0 1 0 0 0 0 0 0 0 0 0 0 0 0 0 0 0 0 0 0 0 5 0 0 1 0 0 0 13 13 0 0 0 0 0 0 0 1 0 8 23 0 0 1 1 27 0 0 0 0 0 0 0 0 0 0 2 6 1 0 3 28 0 2 0 2 0 0 1 13 3 2 0 0 0 1 0 3 0 3 1 6 2 46 13 4 0 0 0 0 0 0 0 0 0 0 0 0 0 0 0 0 0 0 0 0 0 0 0 0 0 0 0 0 0 0 0 0 0 0 0 0 0
0 0 0 0 1 0 0 0 0 0 0 0 0 0 0 0 0 0 0 0 0 0 0 0 0 0 0 0 0 0 0 0 0 0 0 0 0 0 0 0 0 0 0 0 0 0 0 1 32 2 0 0 0 0 2 1 3 5 6 0 0 0 1 4 2 0 0 0 0 0 0 0 0 0 0 0 0 0 0 0 0 0 0 0 0 0 0 5 1 1 0 0 0 0 4 38 1 0 0 0 0 0 0 0 14 14 110 236 124 20 8 0 0 3 0 0 0 0 0 0 0 0 0 0 0 0 0 0 0 0 0 0 0 0 0 0 0 0 0 0 0 0 0 0 0 0 0 0 0 0
0 0 1 0 1 10 1 2 0 1 1 0 0 0 0 0 0 0 0 0 0 0 0 0 0 0 0 0 0 0 0 0 0 0 0 1 0 0 2 0 0 0 0 0 1 1 11 0 1 0 1 0 2 3 2 0 0 0 0 1 0 0 0 0 0 0 0 1 0 9 0 1 0 0 0 0 0 0 0 0 0 0 0 0 0 0 0 0 1 1 1 1 0 0 14 136 0 0 0 0 0 0 0 7 26 14 47 121 32 86 35 30 3 0 0 0 0 0 0 0 0 0 0 0 0 0 0 0 0 0 0 0 0 0 0 0 0 0 0 0 0 0 0 0 0 0 0 0 0 0
0 0 0 0 3 5 1 0 0 0 0 0 0 0 0 0 1 0 0 0 0 0 0 0 0 0 0 0 0 0 0 0 0 0 1 0 0 0 0 2 0 2 1 0 2 0 0 16 3 0 2 0 1 0 4 0 0 0 0 0 0 0 0 0 0 0 0 0 2 0 0 0 1 1 0 0 0 0 0 0 0 0 0 0 0 0 0 0 1 0 0 0 4 2 0 7 37 0 0 0 0 0 0 12 25 103 1 0 184 9 0 6 0 0 0 0 0 0 0 0 0 0 0 0 0 0 0 0 0 0 0 0 0 0 0 0 0 0 0 0 0 0 0 0 0 0 0 0 0 0
0 0 0 0 1 0 0 0 2 3 0 0 0 0 0 0 0 0 0 0 0 0 0 0 0 0 0 0 0 0 0 0 0 0 0 0 0 0 0 0 0 0 0 0 0 0 0 0 0 0 0 0 1 0 1 0 0 0 0 0 0 0 0 0 0 0 0 0 0 0 0 6 2 0 0 0 0 0 0 0 0 0 0 0 0 0 0 0 0 0 0 2 9 6 11 66 82 0 0 0 0 0 0 3 1 0 0 0 0 0 5 28 0 0 0 0 0 0 0 0 0 0 0 0 0 0 0 0 0 0 0 0 0 0 0 0 0 0 0 0 0 0 3 1 0 0 0 0 0 0
0 0 0 0 0 0 0 0 0 0 0 0 0 0 0 0 0 0 0 0 0 0 0 0 0 0 0 0 0 0 0 0 0 1 0 0 0 0 0 0 0 0 0 0 0 0 0 0 0 0 3 0 1 0 0 0 0 0 1 1 0 0 0 0 0 0 0 0 0 0 10 0 0 0 0 0 0 0 0 0 0 0 0 0 0 0 0 0 6 0 0 4 30 48 5 0 0 0 0 0 0 0 0 0 0 0 0 2 0 24 10 0 0 1 0 0 0 0 0 0 0 0 0 0 0 0 0 0 0 0 0 0 0 0 0 0 0 0 0 0 0 0 0 0 0 0 0 0 1 0
1 0 0 0 1 0 0 0 0 0 0 0 0 0 0 0 0 0 0 0 0 0 0 0 0 0 0 0 0 0 0 0 0 0 0 0 0 0 0 0 0 0 0 0 0 0 0 0 0 0 0 3 2 0 0 0 0 0 0 1 0 0 0 0 0 0 0 0 0 0 1 0 0 0 0 0 0 0 0 0 0 0 0 0 0 0 0 0 0 2 5 14 108 0 0 3 5 0 0 0 0 0 0 0 0 0 0 3 5 1 3 2 0 0 0 0 0 0 0 0 0 0 0 0 0 0 0 0 0 0 0 0 0 0 0 0 0 0 0 0 0 0 0 0 0 0 0 0 0 0
0 0 0 0 0 0 0 0 0 0 0 0 1 0 0 0 0 0 0 0 0 0 0 1 0 0 0 0 0 0 0 0 0 0 0 0 0 0 0 0 0 0 0 0 0 0 0 0 0 0 1 3 1 0 0 0 0 0 0 0 0 0 0 0 0 0 0 0 0 0 0 16 1 0 0 0 0 0 0 0 0 0 0 0 0 0 0 0 0 0 0 6 0 3 1 0 0 0 0 0 0 0 0 0 0 0 0 0 0 0 0 0 0 0 0 0 0 0 0 0 0 0 0 0 0 0 0 0 0 0 0 0 0 0 0 0 0 0 0 0 0 0 0 0 0 0 0 0 0 0
0 0 0 0 0 0 0 0 0 0 0 0 0 0 0 0 0 0 0 0 0 0 1 9 0 0 0 0 0 0 0 0 0 0 0 0 0 0 0 0 0 0 0 0 0 0 0 0 0 0 0 2 0 0 0 0 0 0 0 0 0 1 2 0 0 0 0 0 0 0 0 5 0 0 1 0 0 0 0 0 0 0 0 0 0 0 0 0 0 1 0 10 6 4 6 0 1 0 0 0 0 0 0 0 0 0 0 0 0 0 0 0 0 0 0 0 0 0 0 0 0 0 0 0 0 0 0 0 0 0 0 0 0 0 0 0 0 0 0 0 0 0 0 0 0 0 0 0 0 0
0 0 0 0 0 0 0 0 0 0 0 1 0 0 0 0 0 0 0 0 0 0 0 0 2 0 0 0 0 0 0 0 0 0 0 0 0 0 0 0 0 0 0 0 0 0 0 0 0 0 0 4 2 1 0 0 0 0 0 0 0 3 25 0 0 0 0 0 0 0 0 0 0 0 1 0 0 0 0 0 0 0 0 0 0 0 0 0 0 8 0 1 0 4 1 0 0 0 0 0 0 0 0 0 0 0 0 0 0 0 0 0 0 0 0 0 0 0 0 0 0 0 0 0 0 0 0 0 0 0 0 0 0 0 0 0 0 0 0 0 0 0 0 0 0 0 0 0 0 0
0 0 0 0 0 0 0 0 0 0 0 0 1 0 0 0 0 0 0 0 0 1 0 0 3 0 0 0 0 0 1 0 0 0 0 0 0 0 0 0 0 0 0 0 0 0 0 0 0 4 2 11 19 0 5 0 0 0 0 0 0 1 0 0 0 0 0 0 0 0 0 0 0 1 0 0 0 0 0 0 0 0 0 0 0 0 0 0 0 0 0 2 8 29 4 0 0 0 0 0 0 0 0 0 0 0 0 0 0 0 0 0 0 0 0 0 0 0 0 0 0 0 0 0 0 0 0 0 0 0 0 0 0 0 0 0 0 0 0 0 0 0 0 0 0 0 0 0 0 0
0 0 0 0 0 0 0 0 0 0 0 0 1 87 1 0 0 0 0 0 0 0 0 0 0 0 0 0 0 0 0 0 0 0 0 0 0 0 0 0 0 0 0 0 0 0 0 0 0 3 0 7 35 0 1 0 0 0 0 0 0 4 2 0 0 0 0 0 0 0 0 0 0 0 0 0 0 0 0 0 0 0 0 0 0 0 0 0 0 0 0 5 5 2 1 1 2 1 0 3 0 0 0 0 0 0 0 0 0 0 0 0 0 0 0 0 0 0 0 0 0 0 0 0 0 0 0 0 0 0 0 0 0 0 0 0 0 0 0 0 0 0 0 0 0 0 0 0 0 0
0 0 0 0 0 0 0 0 0 0 0 0 0 1 0 0 0 0 1 0 0 0 0 0 0 0 0 0 0 0 0 0 0 0 0 0 0 0 0 0 0 0 0 0 0 0 0 1 0 2 0 0 1 0 0 0 0 0 0 0 2 1 0 0 0 0 0 0 0 0 0 0 0 0 0 0 0 0 0 0 0 0 0 0 0 0 0 0 0 0 0 0 0 0 0 0 0 1 0 0 1 0 0 0 0 0 0 0 0 0 0 0 0 0 0 0 0 0 0 0 0 0 0 0 0 0 0 0 0 0 0 0 0 0 0 0 0 0 0 0 0 0 0 0 0 0 0 0 0 0
0 0 0 0 0 0 0 0 0 0 2 0 0 0 0 0 0 0 0 0 0 0 0 0 0 0 0 0 0 0 0 0 0 0 2 0 0 0 0 0 0 0 0 0 0 0 3 1 0 0 0 0 0 0 0 0 0 0 0 0 3 0 0 0 0 0 0 0 0 0 0 0 0 0 0 0 0 0 0 0 0 0 0 0 0 0 0 0 0 0 0 0 0 0 0 3 3 5 0 0 1 0 0 0 0 0 0 0 0 0 0 0 0 0 0 0 0 0 0 0 0 0 0 0 0 0 0 0 0 0 0 0 0 0 0 0 0 0 0 0 0 0 0 0 0 1 0 0 0 0
0 0 0 0 0 0 0 0 0 0 0 0 0 0 0 0 0 1 0 1 0 1 0 0 0 0 0 0 0 0 0 0 0 0 0 0 0 0 0 0 0 0 0 0 0 0 2 0 0 0 0 0 0 0 0 0 0 0 0 0 0 0 0 0 0 0 0 0 0 0 0 0 2 0 0 0 0 0 0 0 0 0 0 0 0 0 0 0 0 0 0 0 0 0 0 0 1 0 0 1 3 0 0 0 0 0 0 0 0 0 0 0 0 0 0 0 0 0 0 0 0 0 0 0 0 0 0 0 0 0 0 0 0 0 0 0 0 0 0 0 0 0 0 0 0 0 0 0 0 0
0 0 0 0 0 0 0 0 0 0 0 0 0 0 0 0 0 0 0 0 0 0 0 0 0 0 0 0 0 0 0 0 0 0 0 0 0 0 0 0 0 0 0 0 0 0 0 0 0 0 0 0 0 0 0 0 0 0 0 0 1 0 0 0 0 0 0 0 0 0 0 1 0 0 0 0 0 0 0 0 0 0 0 0 0 0 0 0 0 0 0 0 0 0 2 0 0 0 0 0 0 1 0 0 0 0 0 0 0 0 0 0 0 0 0 0 0 0 0 0 0 0 0 0 0 0 0 0 0 0 0 0 0 0 0 0 0 0 0 0 0 0 0 0 0 0 0 0 0 0
0 0 0 0 0 0 0 0 0 0 0 0 0 0 0 0 1 0 0 0 0 0 0 0 0 0 0 0 0 0 0 0 0 0 0 0 0 0 0 0 0 0 0 0 0 0 0 0 0 0 0 0 0 0 0 0 0 0 0 0 1 0 0 0 0 0 0 0 0 0 0 0 0 0 0 0 0 0 0 0 0 0 0 0 0 0 0 0 0 0 0 0 0 0 0 23 6 0 0 0 0 0 0 0 0 0 0 0 0 0 0 0 0 0 0 0 0 0 0 0 0 0 0 0 0 0 0 0 0 0 0 0 0 0 0 0 0 0 0 0 0 0 0 0 0 0 0 0 0 0
1 0 0 0 0 0 0 0 0 1 0 0 0 0 0 0 1 0 0 0 0 0 0 0 0 0 0 0 0 0 0 0 0 0 0 0 0 0 0 0 0 0 0 0 0 0 0 0 0 0 0 0 0 0 0 0 0 0 0 2 0 0 0 0 0 0 0 0 2 0 0 0 0 0 0 0 0 0 0 0 0 0 0 0 0 0 0 0 0 0 0 0 0 0 0 0 3 0 1 1 0 0 0 0 0 0 0 0 0 0 0 0 0 0 0 0 0 0 0 0 0 0 0 0 0 0 0 0 0 0 0 0 0 0 0 0 0 0 0 0 0 0 0 0 0 0 0 0 0 0
0 0 0 0 0 0 0 0 0 0 0 0 0 0 0 0 0 0 0 0 0 0 0 0 0 0 0 0 0 0 0 0 0 0 0 0 0 0 0 0 0 0 3 0 0 0 0 0 0 0 0 0 0 0 0 0 0 0 0 0 1 2 0 0 0 0 0 0 27 13 0 0 0 0 0 0 0 0 0 0 0 0 0 0 0 0 0 0 0 0 0 0 0 0 0 0 0 0 0 0 0 0 0 0 0 0 0 0 0 0 0 0 0 0 0 0 0 0 0 0 0 0 0 0 0 0 0 0 0 0 0 0 0 0 0 0 0 0 0 0 0 0 0 0 0 0 0 0 0 0
0 0 0 0 0 0 0 0 0 0 0 1 6 2 0 0 4 0 0 2 0 1 0 18 1 0 0 0 0 0 0 0 0 0 0 0 2 2 1 0 0 0 2 0 0 0 0 0 0 0 0 0 0 0 0 0 0 0 0 0 0 0 0 0 43 6 1 0 0 0 0 0 0 0 0 0 0 0 0 0 0 0 0 0 0 0 0 0 0 0 0 0 0 0 0 0 0 0 0 0 0 0 0 0 0 0 0 0 0 0 0 0 0 0 0 0 0 0 0 0 0 0 0 0 0 0 0 0 0 0 0 0 0 0 0 0 0 0 0 0 0 0 0 0 0 0 0 0 0 0
1 5 0 0 0 0 0 0 0 0 0 0 0 0 0 0 0 0 1 0 4 13 13 3 1 0 0 0 0 0 0 0 0 1 1 3 4 0 0 0 0 0 0 0 0 0 0 0 0 0 0 0 0 0 0 0 0 0 0 0 0 0 0 0 0 0 0 0 0 0 0 0 0 0 0 0 0 0 0 0 0 0 0 0 0 0 0 0 0 0 0 0 0 0 0 0 0 0 0 0 0 0 0 0 0 0 0 0 0 0 0 0 0 0 0 0 0 0 0 0 0 0 0 0 0 0 0 0 0 0 0 0 0 0 0 0 0 0 0 0 0 0 0 0 0 0 0 0 0 0
7 142 2 0 1 1 0 0 0 0 0 0 2 0 0 0 0 0 0 1 0 9 5 0 2 0 0 0 1 3 2 0 0 0 0 0 1 0 0 0 2 13 0 0 0 0 0 0 0 0 0 0 0 0 0 0 0 0 0 0 0 0 0 0 0 0 0 0 0 0 0 0 0 0 0 0 0 0 0 0 0 0 0 0 0 0 0 0 0 0 0 0 0 0 0 0 0 0 0 0 0 0 0 0 0 0 0 0 0 0 0 0 0 0 0 0 0 0 0 0 0 0 0 0 0 0 0 0 0 0 0 0 0 0 0 0 0 0 0 0 0 0 0 0 0 0 0 0 0 0
0 0 0 0 0 0 0 0 0 0 0 0 0 0 0 0 0 0 0 0 0 0 2 3 1 0 2 1 0 38 0 0 0 0 1 0 0 0 0 0 0 0 0 0 0 0 0 0 0 0 0 0 0 0 0 0 0 0 0 0 0 0 0 0 0 0 0 0 0 0 0 0 0 0 0 0 0 0 0 0 0 0 0 0 0 0 0 0 0 0 0 0 0 0 0 0 0 0 0 0 0 0 0 0 0 0 0 0 0 0 0 0 0 0 0 0 0 0 0 0 0 0 0 0 0 0 0 0 0 0 0 0 0 0 0 0 0 0 0 0 0 0 0 0 0 0 0 0 0 0
0 0 0 0 0 0 0 0 0 0 0 0 0 0 0 0 0 1 0 0 0 0 0 0 0 2 0 2 3 0 0 0 0 0 2 0 0 1 0 0 0 0 0 0 0 0 0 0 0 0 0 0 0 0 0 0 0 0 0 0 0 0 0 0 0 0 0 0 0 0 0 0 0 0 0 0 0 0 0 0 0 0 0 0 0 0 0 0 0 0 0 0 0 0 0 0 0 0 0 0 0 0 0 0 0 0 0 0 0 0 0 0 0 0 0 0 0 0 0 0 0 0 0 0 0 0 0 0 0 0 0 0 0 0 0 0 0 0 0 0 0 0 0 0 0 0 0 0 0 0
0 0 0 0 0 0 0 0 0 0 0 0 0 0 0 0 0 0 0 0 0 0 0 0 0 0 0 0 32 6 1 1 1 11 0 0 8 0 0 0 0 0 0 0 0 0 0 0 0 0 0 0 0 0 0 0 0 0 0 0 0 0 0 0 0 0 0 0 0 0 0 0 0 0 0 0 0 0 0 0 0 0 0 0 0 0 0 0 0 0 0 0 0 0 0 0 0 0 0 0 0 0 0 0 0 0 0 0 0 0 0 0 0 0 0 0 0 0 0 0 0 0 0 0 0 0 0 0 0 0 0 0 0 0 0 0 0 0 0 0 0 0 0 0 0 0 0 0 0 0
0 0 0 0 0 0 0 0 0 0 0 0 0 0 0 0 0 0 0 0 0 0 0 0 0 0 0 1 0 0 0 0 0 1 0 0 1 0 0 0 0 0 0 0 0 0 0 0 0 0 0 0 0 0 0 0 0 0 0 0 0 0 0 0 0 0 0 0 0 0 0 0 0 0 0 0 0 0 0 0 0 0 0 0 0 0 0 0 0 0 0 0 0 0 0 0 0 0 0 0 0 0 0 0 0 0 0 0 0 0 0 0 0 0 0 0 0 0 0 0 0 0 0 0 0 0 0 0 0 0 0 0 0 0 0 0 0 0 0 0 0 0 0 0 0 0 0 0 0 0
0 0 0 0 0 0 0 0 0 0 0 0 0 1 0 0 0 0 0 0 0 0 0 0 1 0 2 0 0 0 8 2 2 0 0 0 1 0 0 0 0 0 0 0 0 0 0 0 0 0 0 0 0 0 0 0 0 0 0 0 0 0 0 0 0 0 0 0 0 0 0 0 0 0 0 0 0 0 0 0 0 0 0 0 0 0 0 0 0 0 0 0 0 0 0 0 0 0 0 0 0 0 0 0 0 0 0 0 0 0 0 0 0 0 0 0 0 0 0 0 0 0 0 0 0 0 0 0 0 0 0 0 0 0 0 0 0 0 0 0 0 0 0 0 0 0 0 0 0 0
0 0 0 0 0 0 0 0 0 0 0 1 0 2 0 0 0 0 0 0 0 0 0 0 0 0 0 0 0 0 0 0 13 0 0 0 0 2 0 0 0 0 0 0 0 0 0 0 0 0 0 0 0 0 0 0 0 0 0 0 0 0 0 0 0 0 0 0 0 0 0 0 0 0 0 0 0 0 0 0 0 0 0 0 0 0 0 0 0 0 0 0 0 0 0 0 0 0 0 0 0 0 0 0 0 0 0 0 0 0 0 0 0 0 0 0 0 0 0 0 0 0 0 0 0 0 0 0 0 0 0 0 0 0 0 0 0 0 0 0 0 0 0 0 0 0 0 0 0 0
1 0 0 0 0 0 0 0 0 0 3 0 0 0 0 0 0 0 0 0 0 0 0 0 0 0 0 5 0 1 0 0 0 0 0 0 1 0 0 0 0 0 0 0 0 0 0 0 0 0 0 0 0 0 0 0 0 0 0 0 0 0 0 0 0 0 0 0 0 0 0 0 0 0 0 0 0 0 0 0 0 0 0 0 0 0 0 0 0 0 0 0 0 0 0 0 0 0 0 0 0 0 0 0 0 0 0 0 0 0 0 0 0 0 0 0 0 0 0 0 0 0 0 0 0 0 0 0 0 0 0 0 0 0 0 0 0 0 0 0 0 0 0 0 0 0 0 0 0 0
0 0 0 0 0 0 0 0 0 0 0 0 0 0 0 0 0 0 0 0 0 0 0 0 0 0 0 1 2 0 0 0 0 2 0 0 0 0 0 0 0 0 0 0 0 0 0 0 0 0 0 0 0 0 0 0 0 0 0 0 0 0 0 0 0 0 0 0 0 0 0 0 0 0 0 0 0 0 0 0 0 0 0 0 0 0 0 0 0 0 0 0 0 0 0 0 0 0 0 0 0 0 0 0 0 0 0 0 0 0 0 0 0 0 0 0 0 0 0 0 0 0 0 0 0 0 0 0 0 0 0 0 0 0 0 0 0 0 0 0 0 0 0 0 0 0 0 0 0 0
0 0 0 0 0 0 0 0 0 0 1 0 0 0 0 0 0 0 0 0 0 0 0 0 0 0 0 0 0 0 0 0 0 0 0 0 0 0 0 0 0 0 0 0 0 0 0 0 0 0 0 0 0 0 0 0 0 0 0 0 0 0 0 0 0 0 0 0 0 0 0 0 0 0 0 0 0 0 0 0 0 0 0 0 0 0 0 0 0 0 0 0 0 0 0 0 0 0 0 0 0 0 0 0 0 0 0 0 0 0 0 0 0 0 0 0 0 0 0 0 0 0 0 0 0 0 0 0 0 0 0 0 0 0 0 0 0 0 0 0 0 0 0 0 0 0 0 0 0 0
0 0 0 0 0 0 0 0 1 1 2 0 0 0 0 0 0 0 0 0 0 0 0 0 0 0 0 0 0 0 0 0 0 0 0 0 0 0 0 0 0 0 0 0 0 0 0 0 0 0 0 0 0 0 0 0 0 0 0 0 0 0 0 0 0 0 0 0 0 0 0 0 0 0 0 0 0 0 0 0 0 0 0 0 0 0 0 0 0 0 0 0 0 0 0 0 0 0 0 0 0 0 0 0 0 0 0 0 0 0 0 0 0 0 0 0 0 0 0 0 0 0 0 0 0 0 0 0 0 0 0 0 0 0 0 0 0 0 0 0 0 0 0 0 0 0 0 0 0 0
0 0 0 0 0 0 0 0 0 0 0 0 0 0 0 0 0 0 0 0 0 0 0 0 0 0 0 0 0 0 0 0 0 0 0 0 0 0 0 0 0 0 0 0 0 0 0 0 0 0 0 2 0 0 0 0 0 0 0 0 0 0 0 0 0 0 0 0 0 0 0 0 0 0 0 0 0 0 0 0 0 0 0 0 0 0 0 0 0 0 0 0 0 0 0 0 0 0 0 0 0 0 0 0 0 0 0 0 0 0 0 0 0 0 0 0 0 0 0 0 0 0 0 0 0 0 0 0 0 0 0 0 0 0 0 0 0 0 0 0 0 0 0 0 0 0 0 0 0 0
0 0 0 0 0 0 0 0 1 6 0 0 0 0 0 0 0 0 0 0 0 0 0 0 0 0 0 0 0 0 0 0 0 0 0 0 0 0 0 0 0 0 0 0 0 0 0 0 0 0 0 0 0 0 0 0 0 0 0 0 0 0 0 0 0 0 0 0 0 0 0 0 0 0 0 0 0 0 0 0 0 0 0 0 0 0 0 0 0 0 0 0 0 0 0 0 0 0 0 0 0 0 0 0 0 0 0 0 0 0 0 0 0 0 0 0 0 0 0 0 0 0 0 0 0 0 0 0 0 0 0 0 0 0 0 0 0 0 0 0 0 0 0 0 0 0 0 0 0 0
0 0 0 0 0 2 12 7 0 0 0 0 0 0 0 0 0 0 0 0 0 0 0 0 0 0 0 0 0 0 0 0 0 0 0 0 0 0 0 0 0 0 0 0 0 0 0 0 0 9 19 0 0 0 0 0 0 0 0 0 0 0 0 0 0 0 0 0 0 0 0 0 0 0 0 0 0 0 0 0 0 0 0 0 0 0 0 0 0 0 0 0 0 0 0 0 0 0 0 0 0 0 0 0 0 0 0 0 0 0 0 0 0 0 0 0 0 0 0 0 0 0 0 0 0 0 0 0 0 0 0 0 0 0 0 0 0 0 0 0 0 0 0 0 0 0 0 0 0 0
0 0 0 0 0 0 19 2 0 0 0 0 0 0 0 0 0 0 0 0 0 0 0 0 0 0 0 0 0 0 0 0 0 0 0 0 0 0 0 0 0 0 0 0 0 0 0 0 0 0 0 0 0 0 0 0 0 0 0 0 0 0 0 0 0 0 0 0 0 0 0 0 0 0 0 0 0 0 0 0 0 0 0 0 0 0 0 0 0 0 0 0 0 0 0 0 0 0 0 0 0 0 0 0 0 0 0 0 0 0 0 0 0 0 0 0 0 0 0 0 0 0 0 0 0 0 0 0 0 0 0 0 0 0 0 0 0 0 0 0 0 0 0 0 0 0 0 0 0 0
0 0 0 0 0 0 0 0 0 0 0 0 0 0 0 0 0 0 0 0 0 0 0 0 0 0 0 0 0 0 0 0 0 0 0 0 0 0 0 0 0 0 0 0 0 0 0 0 0 0 0 0 6 6 0 0 0 0 0 0 0 0 0 0 0 0 0 0 0 0 0 0 0 0 0 0 0 0 0 0 0 0 0 0 0 0 0 0 0 0 0 0 0 0 0 0 0 0 0 0 0 0 0 0 0 0 0 0 0 0 0 0 0 0 0 0 0 0 0 0 0 0 0 0 0 0 0 0 0 0 0 0 0 0 0 0 0 0 0 0 0 0 0 0 0 0 0 0 0 0
0 0 0 0 0 0 0 0 0 0 0 0 0 0 0 0 0 0 0 0 0 0 0 0 0 0 0 0 0 0 0 0 0 0 0 0 0 0 0 0 0 0 0 0 0 0 0 0 0 0 0 0 0 2 0 0 0 0 0 0 0 0 0 0 0 0 0 0 0 0 0 0 0 0 0 0 0 0 0 0 0 0 0 0 0 0 0 0 0 0 0 0 0 0 0 0 0 0 0 0 0 0 0 0 0 0 0 0 0 0 0 0 0 0 0 0 0 0 0 0 0 0 0 0 0 0 0 0 0 0 0 0 0 0 0 0 0 0 0 0 0 0 0 0 0 0 0 0 0 0
0 0 0 0 0 0 0 0 0 0 0 0 0 0 0 0 0 0 0 0 0 0 0 0 0 0 0 0 0 0 0 0 0 0 0 0 0 0 0 0 0 0 0 0 0 0 0 0 0 0 0 0 1 0 0 0 0 0 0 0 0 0 0 0 0 0 0 0 0 0 0 0 0 0 0 0 0 0 0 0 0 0 0 0 0 0 0 0 0 0 0 0 0 0 0 0 0 0 0 0 0 0 0 0 0 0 0 0 0 0 0 0 0 0 0 0 0 0 0 0 0 0 0 0 0 0 0 0 0 0 0 0 0 0 0 0 0 0 0 0 0 0 0 0 0 0 0 0 0 0
0 0 0 0 0 0 0 0 0 0 0 0 0 0 0 0 0 0 0 0 0 0 0 0 0 0 0 0 0 0 0 0 0 0 0 0 0 0 0 0 0 0 0 0 0 0 0 0 0 0 0 0 0 0 0 0 0 0 0 0 0 0 0 0 0 0 0 0 0 0 0 0 0 0 0 0 0 0 0 0 0 0 0 0 0 0 0 0 0 0 0 0 0 0 0 0 0 0 0 0 0 0 0 0 0 0 0 0 0 0 0 0 0 0 0 0 0 0 0 0 0 0 0 0 0 0 0 0 0 0 0 0 0 0 0 0 0 0 0 0 0 0 0 0 0 0 0 0 0 0
0 0 0 0 0 0 0 0 0 0 0 0 0 0 0 0 0 0 0 0 0 0 0 0 0 0 0 0 0 0 0 0 0 0 0 0 0 0 0 0 0 0 0 0 0 0 0 0 0 0 0 0 0 4 0 0 0 0 0 0 0 0 0 0 0 0 0 0 0 0 0 0 0 0 0 0 0 0 0 0 0 0 0 0 0 0 0 0 0 0 0 0 0 0 0 0 0 0 0 0 0 0 0 0 0 0 0 0 0 0 0 0 0 0 0 0 0 0 0 0 0 0 0 0 0 0 0 0 0 0 0 0 0 0 0 0 0 0 0 0 0 0 0 0 0 0 0 0 0 0
0 0 0 0 0 0 0 0 0 0 0 0 0 0 0 0 0 0 0 0 0 0 0 0 0 0 0 0 0 0 0 1 0 0 0 0 0 0 0 0 0 0 0 0 0 0 0 0 0 0 0 0 0 0 0 0 0 0 0 0 0 0 0 0 0 0 0 0 0 0 0 0 0 0 0 0 0 0 0 0 0 0 0 0 0 0 0 0 0 0 0 0 0 0 0 0 0 0 0 0 0 0 0 0 0 0 0 0 0 0 0 0 0 0 0 0 0 0 0 0 0 0 0 0 0 0 0 0 0 0 0 0 0 0 0 0 0 0 0 0 0 0 0 0 0 0 0 0 0 0
0 0 0 0 0 0 0 0 0 0 0 0 0 0 0 0 0 0 0 0 0 0 0 0 0 0 0 0 0 0 1 89 0 0 0 0 1 0 0 0 0 0 0 0 0 0 0 0 0 0 0 0 0 0 0 0 0 0 0 0 0 0 0 0 0 0 0 0 0 0 0 0 0 0 0 0 0 0 0 0 0 0 0 0 0 0 0 0 0 0 0 0 0 0 0 0 0 0 0 0 0 0 0 0 0 0 0 0 0 0 0 0 0 0 0 0 0 0 0 0 0 0 0 0 0 0 0 0 0 0 0 0 0 0 0 0 0 0 0 0 0 0 0 0 0 0 0 0 0 0
0 0 0 0 0 0 0 0 0 0 0 0 0 0 0 0 0 0 0 0 0 0 0 0 0 0 0 0 0 1 0 0 0 0 0 0 0 0 0 0 0 0 0 0 0 0 0 0 0 0 0 0 0 0 0 0 0 0 0 0 0 0 0 0 0 0 0 0 0 0 0 0 0 0 0 0 0 0 0 0 0 0 0 0 0 0 0 0 0 0 0 0 0 0 0 0 0 0 0 0 0 0 0 0 0 0 0 0 0 0 0 0 0 0 0 0 0 0 0 0 0 0 0 0 0 0 0 0 0 0 0 0 0 0 0 0 0 0 0 0 0 0 0 0 0 0 0 0 0 0
0 0 0 0 0 0 0 0 0 0 0 0 0 0 0 0 0 0 0 0 0 0 0 0 0 0 0 0 0 52 19 0 0 0 0 0 0 0 0 0 0 0 0 0 0 0 0 0 0 0 0 0 0 0 0 0 0 0 0 0 0 0 0 0 0 0 0 0 0 0 0 0 0 0 0 0 0 0 0 0 0 0 0 0 0 0 0 0 0 0 0 0 0 0 0 0 0 0 0 0 0 0 0 0 0 0 0 0 0 0 0 0 0 0 0 0 0 0 0 0 0 0 0 0 0 0 0 0 0 0 0 0 0 0 0 0 0 0 0 0 0 0 0 0 0 0 0 0 0 0
0 0 0 0 0 0 0 0 0 0 0 0 0 0 0 0 0 0 0 0 0 0 0 0 0 0 0 0 0 0 0 0 0 0 0 0 0 0 0 0 0 0 0 0 0 0 0 0 1 11 0 0 0 0 0 0 0 0 0 0 0 0 0 0 0 0 0 0 0 0 0 0 0 0 0 0 0 0 0 0 0 0 0 0 0 0 0 0 0 0 0 0 0 0 0 0 0 0 0 0 0 0 0 0 0 0 0 0 0 0 0 0 0 0 0 0 0 0 0 0 0 0 0 0 0 0 0 0 0 0 0 0 0 0 0 0 0 0 0 0 0 0 0 0 0 0 0 0 0 0
0 0 0 0 0 0 0 0 0 0 0 0 0 0 0 0 0 0 0 0 0 0 0 0 0 0 2 0 0 0 0 0 0 0 0 0 0 0 0 0 0 0 0 0 0 0 0 0 0 0 0 0 0 0 0 0 0 0 0 0 0 0 0 0 0 0 0 0 0 0 0 0 0 0 0 0 0 0 0 0 0 0 0 0 0 0 0 0 0 0 0 0 0 0 0 0 0 0 0 0 0 0 0 0 0 0 0 0 0 0 0 0 0 0 0 0 0 0 0 0 0 0 0 0 0 0 0 0 0 0 0 0 0 0 0 0 0 0 0 0 0 0 0 0 0 0 0 0 0 0
0 0 0 0 0 0 0 0 0 0 0 0 0 0 0 0 0 0 0 0 0 0 0 0 0 0 0 1 0 0 0 0 0 0 0 0 0 0 0 0 0 0 0 0 0 0 0 0 0 0 0 0 0 0 0 0 0 0 0 0 0 0 0 0 0 0 0 0 0 0 0 0 0 0 0 0 0 0 0 0 0 0 0 0 0 0 0 0 0 0 0 0 0 0 0 0 1 0 0 0 0 0 0 0 0 0 0 0 0 0 0 0 0 0 0 0 0 0 0 0 0 0 0 0 0 0 0 0 0 0 0 0 0 0 0 0 0 0 0 0 0 0 0 0 0 0 0 0 0 0
0 0 0 0 0 0 0 0 0 0 0 0 0 0 0 0 0 0 0 0 0 0 0 0 0 0 0 0 0 0 0 0 0 0 0 0 0 0 0 0 0 0 0 0 0 0 0 0 0 0 0 0 0 0 0 0 0 0 0 0 0 0 0 0 0 0 0 0 0 0 0 0 0 0 0 0 0 0 0 0 0 0 0 0 0 0 0 0 0 0 0 0 0 0 0 0 0 0 0 0 0 0 0 0 0 0 0 0 0 0 0 0 0 0 0 0 0 0 0 0 0 0 0 0 0 0 0 0 0 0 0 0 0 0 0 0 0 0 0 0 0 0 0 0 0 0 0 0 0 0
0 0 0 0 0 0 0 0 0 0 0 0 0 0 0 0 0 0 0 0 0 0 0 0 0 0 0 0 0 0 0 0 0 0 0 0 0 0 0 0 0 0 0 0 0 0 0 0 0 0 0 0 0 0 0 0 0 0 0 0 0 0 0 0 0 0 0 0 0 0 0 0 0 0 0 0 0 0 0 0 0 0 0 0 0 0 0 0 0 0 0 0 0 0 0 0 0 0 0 0 0 0 0 0 0 0 0 0 0 0 0 0 0 0 0 0 0 0 0 0 0 0 0 0 0 0 0 0 0 0 0 0 0 0 0 0 0 0 0 0 0 0 0 0 0 0 0 0 0 0
0 0 0 0 0 0 0 0 0 0 0 0 0 0 0 0 0 0 0 0 0 0 0 0 0 0 0 0 0 0 0 0 0 0 0 0 0 0 0 0 0 0 0 0 0 0 0 0 0 0 0 0 0 0 0 0 0 0 0 0 0 0 0 0 0 0 0 0 0 0 0 0 0 0 0 0 0 0 0 0 0 0 0 0 0 0 0 0 0 0 0 0 0 0 0 0 0 0 0 0 0 0 0 0 0 0 0 0 0 0 0 0 0 0 0 0 0 0 0 0 0 0 0 0 0 0 0 0 0 0 0 0 0 0 0 0 0 0 0 0 0 0 0 0 0 0 0 0 0 0
0 0 0 0 0 0 0 0 0 0 0 0 0 0 0 0 0 0 0 0 0 0 0 0 0 0 0 0 0 0 0 0 0 0 0 0 0 0 0 0 0 0 0 0 0 0 0 0 0 0 0 0 0 0 0 0 0 0 0 0 0 0 0 0 0 0 0 0 0 0 0 0 0 0 0 0 0 0 0 0 0 0 0 0 0 0 0 0 0 0 0 0 0 0 0 0 0 0 0 0 0 0 0 0 0 0 0 0 0 0 0 0 0 0 0 0 0 0 0 0 0 0 0 0 0 0 0 0 0 0 0 0 0 0 0 0 0 0 0 0 0 0 0 0 0 0 0 0 0 0
0 0 0 0 0 0 0 0 0 0 0 0 0 0 0 0 0 0 0 0 0 0 0 0 0 0 0 0 0 0 0 0 0 0 0 0 0 0 0 0 0 0 0 0 0 0 0 0 0 0 0 0 0 0 0 0 0 0 0 0 0 0 0 0 0 0 0 0 0 0 0 0 0 0 0 0 0 0 0 0 0 0 0 0 0 0 0 0 0 0 0 0 0 0 0 0 0 0 0 0 0 0 0 0 0 0 0 0 0 0 0 0 0 0 0 0 0 0 0 0 0 0 0 0 0 0 0 0 0 0 0 0 0 0 0 0 0 0 0 0 0 0 0 0 0 0 0 0 0 0
