0 2 26 13 0 0 5 1 14 139 12 15 0 15 0 0 0 2 4 0 3 3 0 0 0 36 0 3 0 0 0 0 0 3 11 3 0 0 4 15 0 1 0 2 6 0 0 0 0 0 0 0 0 0 5 4 0 0 0 4 59 32 13 5 0 4 4 0 0 0 0 7 37 287 332 648 154 39 85 33 22 417 96 81 113 325 301 364 121 220 1474 981 131 1091 614 920 1585 807 1066 268 298 170 40 33 40 44 71 803 315 33 40 8 45 124 104 74 31 18 3 2 5 62 37 33 2 5 0 2 11 15 1 50 2 6 6 0 0 17 0 0 0 0 0 0 0 1 0 0 0 29
0 5 14 5 1 0 0 0 0 40 24 20 14 10 0 0 0 2 9 0 0 2 42 0 18 76 1 3 0 0 0 0 0 0 4 3 0 4 9 0 0 0 3 0 0 0 0 0 0 0 0 0 0 1 7 0 0 0 0 40 181 24 10 19 4 0 0 1 6 0 0 6 77 86 28 6 125 143 32 49 110 61 22 3 117 397 575 185 409 454 118 54 423 232 340 426 689 737 1286 928 450 78 71 36 14 27 4 156 37 25 11 9 6 15 73 29 13 15 14 34 7 12 115 13 6 2 1 5 30 34 28 11 105 270 1 0 0 2 3 89 4 0 0 0 0 0 0 0 0 0
3 0 0 2 5 0 0 0 3 23 1 7 16 6 1 0 0 1 3 2 3 28 134 75 18 0 3 11 0 0 0 0 0 0 0 8 9 2 0 24 13 0 0 0 0 0 0 0 0 0 0 0 0 0 8 0 0 1 1 7 26 34 6 5 0 0 0 0 0 0 0 4 4 0 0 2 3 79 212 268 189 92 48 51 62 313 884 261 25 15 121 19 178 701 750 1116 357 699 425 824 571 604 35 69 40 31 14 58 388 285 73 21 12 4 10 5 12 44 11 14 115 44 7 18 5 8 8 12 3 52 11 9 154 234 0 0 7 0 17 29 7 1 0 0 0 0 0 0 0 0
59 25 0 0 0 0 0 0 0 9 1 1 0 1 1 3 0 0 6 8 0 1 19 14 35 0 7 17 23 0 4 0 0 0 1 3 0 1 0 7 13 1 0 0 0 0 0 0 0 0 6 0 1 2 209 64 0 32 71 1 1 1 18 19 0 0 0 0 0 2 13 142 26 0 5 10 35 136 451 239 223 97 185 304 288 30 80 250 9 237 1110 1100 1380 985 1220 577 193 303 875 662 789 678 171 27 36 185 25 35 559 147 38 19 35 14 0 26 54 99 106 34 87 100 37 21 15 15 5 9 28 4 8 10 36 1 6 1 20 2 0 7 112 13 0 0 0 0 0 0 0 0
1 28 1 0 0 0 0 0 5 0 1 1 0 0 0 9 21 4 1 2 2 1 3 0 1 3 2 2 0 1 0 1 2 0 2 18 18 1 1 0 0 0 0 0 0 0 0 0 2 7 1 0 0 1 68 336 82 57 2 0 4 2 0 18 0 0 0 0 0 33 185 88 180 207 35 78 168 255 397 277 408 425 456 508 389 153 65 42 30 522 1761 1028 638 1112 634 314 119 1014 527 1128 893 1372 1041 983 807 153 112 34 18 38 16 37 17 39 14 1 2 27 115 118 335 699 207 32 4 4 4 0 4 2 1 3 0 0 5 2 0 0 0 1 95 7 0 0 0 0 0 0 0 0
28 3 0 2 0 0 0 0 6 1 7 0 0 0 0 11 1 3 21 89 146 7 1 0 0 0 0 0 1 0 1 1 0 0 9 113 46 55 6 0 0 1 2 0 0 0 0 0 0 6 19 13 1 11 7 127 43 14 4 8 3 0 3 2 3 0 0 0 10 78 184 163 255 157 156 63 36 64 61 287 950 989 624 101 2 178 79 43 8 260 2266 1070 176 427 936 785 258 1803 942 766 644 655 1629 532 60 156 36 87 9 5 3 2 5 30 40 22 21 12 7 18 193 208 10 4 7 11 3 1 8 2 4 1 1 0 0 0 0 0 1 0 1 11 1 0 0 0 0 0 0 0
3 0 0 6 1 0 0 0 0 8 10 0 0 2 1 0 0 0 0 0 1 2 3 0 0 0 0 0 0 4 4 0 0 1 0 28 7 5 8 0 0 0 0 0 0 0 0 0 0 2 2 9 2 10 2 33 30 2 91 96 8 7 1 0 18 2 0 0 4 114 80 125 295 568 362 224 662 202 655 835 1207 1662 1671 632 283 8 10 311 135 109 1619 1185 116 643 1143 732 476 667 591 78 42 376 187 207 26 65 111 10 20 15 39 205 298 43 68 31 1 1 42 21 100 212 22 4 1 10 37 4 0 0 6 0 0 0 0 0 0 5 0 0 0 1 2 0 0 0 0 0 0 0
3 0 0 0 0 0 0 0 1 1 5 0 0 0 0 0 0 0 0 0 0 0 0 0 0 0 0 0 0 1 10 0 0 0 5 7 0 1 7 19 0 0 0 0 0 0 0 0 0 0 0 0 7 19 1 20 2 51 93 112 116 61 64 5 21 54 0 0 10 133 6 7 27 64 137 82 137 314 499 772 1598 1030 1049 290 354 320 265 730 316 113 676 93 59 582 533 679 313 818 1174 277 204 600 591 769 239 125 16 89 177 26 511 654 120 77 23 60 8 2 4 12 43 5 18 28 20 3 16 4 12 0 0 0 0 0 0 0 0 1 0 0 0 0 0 0 0 0 0 0 0 3
5 1 0 0 0 0 1 0 24 11 0 7 0 10 24 1 0 0 1 0 0 0 0 0 0 0 0 0 0 0 15 0 0 0 7 0 1 2 1 2 0 0 0 0 0 0 0 0 0 1 0 0 3 17 0 0 4 19 26 63 517 348 35 5 5 59 2 6 5 62 2 0 0 3 1 27 10 54 74 553 1279 1526 1045 62 19 20 803 404 384 60 16 11 398 1246 1608 1825 164 582 328 187 486 123 143 545 1102 159 241 389 108 124 1019 198 324 20 50 6 2 7 14 2 30 11 22 23 16 3 2 7 3 2 11 0 0 0 0 0 0 0 0 0 0 0 0 0 0 0 0 0 0 0
0 0 0 0 0 0 0 1 10 14 0 0 0 0 0 1 0 0 0 0 0 0 0 0 0 0 0 0 0 0 0 0 0 0 0 0 0 1 5 0 1 0 0 0 0 0 3 4 6 1 8 0 16 22 0 0 1 1 1 29 64 180 25 16 5 6 3 5 1 16 0 0 0 0 0 33 30 63 543 1042 1703 1275 1081 360 1643 1523 487 120 413 254 79 9 24 837 1440 1684 745 134 138 50 99 180 39 7 81 497 441 404 109 42 634 695 308 38 7 420 619 1014 248 83 42 20 39 34 71 78 19 4 5 43 151 56 0 0 1 0 0 0 0 0 0 0 0 0 0 0 0 0 0 1
0 0 27 0 0 0 1 2 9 7 3 9 0 0 0 12 0 5 2 0 0 0 0 0 0 7 0 0 0 0 0 3 0 0 1 10 0 1 2 0 1 6 3 3 1 0 6 29 30 5 17 6 10 8 0 0 0 21 27 18 5 141 9 6 1 3 5 0 3 8 0 0 0 0 0 0 16 112 182 443 738 438 798 405 264 519 341 422 570 531 59 2 10 159 558 1055 928 56 33 116 48 25 2 36 167 439 1019 548 295 283 608 259 195 50 2 177 502 933 630 380 608 311 385 204 192 812 141 94 87 48 9 169 47 44 18 0 0 0 0 0 0 0 0 0 0 0 0 0 0 0
6 0 13 0 0 0 0 0 12 2 0 0 0 0 0 2 12 18 1 1 7 0 0 0 0 0 0 0 0 0 0 0 1 4 6 1 0 1 3 0 1 16 15 9 10 0 6 1 0 0 0 1 2 3 8 1 1 2 3 11 2 6 0 6 2 9 0 5 2 0 22 1 0 0 0 7 175 26 206 434 939 232 65 92 209 116 46 34 176 806 58 0 0 4 14 122 1110 577 261 20 0 5 14 107 34 133 632 359 48 61 403 335 116 185 27 374 963 298 1009 1341 535 693 225 141 239 248 0 0 0 88 3 1 162 41 34 0 0 0 0 0 0 0 0 0 0 0 0 0 0 0
1 0 0 0 0 0 3 0 12 5 0 0 0 0 0 0 3 36 11 5 5 2 0 2 0 0 0 0 0 1 2 1 0 0 0 1 1 1 0 0 0 7 65 5 43 0 2 63 0 0 0 0 2 0 4 0 0 0 4 7 1 11 1 0 0 3 1 0 0 10 19 0 0 0 1 67 176 105 261 57 264 172 50 17 28 12 8 0 1 6 0 0 9 58 100 20 783 567 889 564 23 21 94 42 29 10 21 232 335 512 1267 1070 174 801 273 115 40 181 2058 1485 297 354 288 2 92 205 5 0 70 34 0 0 23 13 11 0 0 0 0 0 0 0 0 0 0 0 0 0 0 0
0 0 0 0 0 0 2 2 0 1 0 0 0 0 0 0 0 2 141 10 10 15 1 0 0 0 0 0 0 3 2 2 0 0 0 0 0 0 0 0 0 0 0 136 76 0 0 0 14 1 2 50 3 0 0 0 0 0 9 0 20 13 7 1 1 0 64 20 15 32 80 0 0 3 4 539 994 716 149 30 98 627 100 3 21 254 11 6 2 31 6 1 4 93 15 33 121 773 249 315 0 13 438 176 521 79 113 593 318 748 1898 1983 1089 504 210 386 250 290 1009 553 203 143 2 1 0 39 38 0 131 1 1 0 3 2 0 0 0 0 0 0 0 0 0 0 0 0 0 0 0 0
0 0 0 0 0 0 1 9 9 1 0 0 0 0 0 0 0 0 10 6 21 0 0 0 1 0 0 0 0 0 1 0 0 0 0 0 0 0 0 0 0 0 0 15 27 1 0 3 0 28 20 39 17 0 3 0 6 15 22 56 118 42 3 37 13 23 212 205 351 207 82 0 9 0 77 1067 1394 1093 758 45 5 261 37 4 7 44 36 32 0 56 23 24 3 5 1 5 85 478 348 469 15 39 648 515 1567 1539 1915 1513 1566 1575 1042 1027 914 751 733 395 301 176 106 132 258 164 29 30 0 37 99 12 15 44 2 0 0 0 0 0 0 0 0 0 0 0 0 0 0 0 0 0 0 0
0 0 0 0 0 0 0 87 18 3 8 0 0 0 0 1 3 0 0 5 0 13 47 2 0 0 0 0 0 3 0 0 0 0 0 0 0 0 0 0 0 3 3 1 1 55 0 0 0 74 111 100 3 1 0 18 43 143 17 143 45 28 19 65 65 59 146 101 110 283 279 55 228 203 921 1438 2210 1110 251 30 20 10 0 0 0 0 15 75 15 79 8 16 1 3 10 44 42 18 110 29 18 0 1691 917 787 818 1329 529 1020 1255 1547 1036 1363 507 444 528 95 274 177 114 36 10 234 500 73 148 7 4 5 8 0 0 0 0 24 10 0 0 0 0 0 0 0 0 0 0 0 0 0 0
0 0 0 0 0 0 6 5 2 0 0 0 1 0 0 1 19 4 1 5 4 0 37 60 46 22 3 0 0 0 0 0 0 0 0 0 0 0 0 0 0 0 6 0 0 21 8 6 1 21 15 9 8 27 16 91 142 261 113 71 7 4 0 0 0 2 0 0 0 0 0 3 145 58 448 607 621 489 184 0 0 0 7 0 0 1 0 62 103 19 0 0 11 0 10 24 32 1 11 112 36 319 1088 955 558 376 402 340 572 1025 1062 568 882 513 570 186 41 147 211 16 0 1 28 70 46 422 9 13 6 0 0 0 0 0 0 0 0 0 0 0 0 0 0 0 0 0 0 0 0 0
0 0 0 0 0 1 1 1 0 0 0 1 4 0 0 4 0 5 1 5 3 7 1 1 29 1 7 50 4 4 0 0 0 0 15 0 1 1 0 1 0 0 0 1 0 27 101 22 7 59 42 65 12 102 40 48 75 131 620 18 6 6 0 0 4 5 42 143 5 32 128 16 151 36 45 184 129 170 30 18 0 0 8 1 0 1 0 10 128 14 0 42 103 81 31 0 4 1 94 718 221 229 178 102 168 652 193 258 776 542 182 176 146 276 183 61 141 180 30 12 0 3 4 13 179 1228 297 36 6 4 0 0 0 0 0 0 0 0 0 0 0 0 0 0 0 0 0 0 0 0
0 0 0 3 4 7 0 1 0 0 0 0 9 3 0 1 19 5 0 2 1 5 12 2 5 8 109 44 39 0 0 0 0 0 1 48 6 0 0 1 1 0 2 18 36 40 11 6 72 601 164 26 40 35 9 44 292 147 74 35 93 36 4 1 1 0 25 6 8 34 13 25 49 28 7 200 191 57 19 25 58 0 9 34 0 29 14 24 8 0 4 16 97 402 53 0 0 64 319 53 122 356 64 20 107 88 226 637 565 0 0 107 8 662 100 0 6 0 0 0 0 0 4 7 101 282 328 348 8 2 0 0 0 0 0 0 0 0 0 0 0 0 0 0 0 0 0 0 0 0
0 0 0 0 0 0 0 0 0 0 0 0 0 2 2 0 0 1 0 2 5 20 205 3 3 8 2 40 216 13 0 12 5 0 2 0 0 0 0 0 0 8 22 69 16 150 148 29 10 244 93 13 114 12 177 13 76 110 5 0 2 9 0 0 0 6 5 1 31 15 120 47 15 0 1 95 36 0 7 15 2 0 0 0 0 18 39 0 9 5 2 20 11 5 0 42 0 16 18 7 1132 1417 802 156 131 214 208 297 248 5 0 0 0 347 70 0 0 0 0 0 0 0 0 9 20 6 26 226 11 0 0 0 0 0 0 0 0 0 0 0 0 0 0 0 0 0 0 0 0 0
0 0 0 0 0 0 1 0 0 0 0 1 0 1 0 0 0 2 5 2 3 13 23 9 4 36 16 12 4 5 0 15 14 0 1 0 0 0 0 4 5 22 51 41 11 17 26 44 177 245 419 128 23 56 34 16 6 1 4 0 3 7 58 14 237 124 2 0 6 19 125 48 0 0 10 241 436 179 4 65 9 14 10 3 0 0 7 7 38 16 8 0 0 2 0 0 3 18 231 494 1783 1205 551 199 2 15 126 246 2 0 0 0 0 18 0 0 0 0 0 0 0 0 14 12 0 0 36 59 0 0 0 0 0 0 0 0 0 0 0 0 0 0 0 0 0 0 0 0 0 0
0 0 0 0 0 0 0 0 0 0 0 1 0 3 3 4 0 0 0 0 4 10 31 2 5 14 0 0 0 0 56 83 20 14 0 0 0 29 0 0 53 14 0 0 0 0 5 16 488 821 513 351 88 3 0 6 8 4 0 0 7 3 1 0 27 43 74 2 6 94 40 20 21 0 6 16 173 83 70 101 38 27 18 61 30 3 7 15 449 104 24 2 1 7 7 13 12 1 92 423 156 77 66 3 12 16 154 113 4 0 0 0 16 125 0 0 0 0 0 0 0 0 0 0 0 76 45 1 1 11 10 0 0 0 0 0 0 0 0 0 0 0 0 0 0 0 0 0 0 0
0 0 0 0 0 0 0 0 0 0 0 0 0 0 1 1 0 0 0 0 0 10 14 0 2 0 0 0 0 0 1 4 75 23 4 0 22 255 24 28 1 0 0 0 0 0 27 35 50 496 308 195 18 1 0 4 1 5 13 1 2 0 0 0 35 3 37 5 0 6 24 58 53 6 1 0 7 9 55 21 4 57 32 0 0 144 11 0 0 0 0 2 3 1 0 0 9 0 3 0 20 1 45 52 102 52 40 75 115 152 73 23 75 0 0 0 0 0 0 0 0 0 0 16 34 103 158 7 0 1 6 1 0 0 0 0 0 0 0 0 0 0 0 0 0 0 0 0 0 0
0 0 2 0 0 0 0 0 0 0 0 0 0 2 6 0 4 4 0 1 15 0 5 0 0 3 0 0 0 7 1 4 17 8 9 6 8 50 10 0 0 0 0 2 5 114 30 104 2 188 142 40 5 7 7 7 20 37 6 0 0 0 0 0 0 4 1 3 0 0 0 3 185 122 10 9 0 0 0 1 0 4 157 235 8 1 2 2 0 0 0 1 5 4 0 0 4 0 5 5 4 0 10 96 34 61 28 5 3 50 12 653 30 0 0 0 0 0 0 0 0 0 3 21 11 21 77 142 1 0 0 0 0 0 0 0 0 0 0 0 0 0 0 0 0 0 0 0 0 0
0 0 0 0 0 0 0 0 0 0 0 0 0 7 1 0 0 2 0 0 0 0 4 0 0 5 0 0 0 0 0 1 10 18 76 0 2 79 0 0 0 0 0 34 35 60 60 3 11 51 129 49 29 12 33 8 3 5 2 1 0 0 0 0 1 0 0 26 8 13 4 3 4 11 83 19 0 0 0 0 3 4 22 95 18 5 1 0 0 1 6 0 0 10 2 1 4 5 0 15 18 4 10 31 729 0 0 3 0 0 0 144 2 0 0 2 0 0 1 0 0 0 0 0 0 41 84 17 0 0 1 0 0 0 0 0 9 4 0 0 0 0 0 0 0 0 0 0 0 0
0 0 0 0 0 0 0 0 1 0 0 0 0 0 19 18 3 1 5 0 0 11 1 3 0 1 2 9 0 0 0 0 8 52 48 6 0 7 1 1 0 1 0 6 133 13 5 1 19 5 96 25 0 4 0 0 0 0 0 0 2 1 0 2 22 6 0 3 11 22 4 41 6 7 6 11 18 3 0 0 3 1 0 7 1 35 14 27 2 14 0 1 3 2 5 2 1 13 3 7 29 14 10 220 394 301 0 4 0 0 1 82 7 20 46 4 0 0 0 0 0 0 0 0 0 33 14 79 1 0 0 0 0 0 0 12 35 52 0 0 0 0 0 0 0 0 0 0 0 0
0 0 0 0 0 0 0 0 0 1 1 0 0 0 8 1 1 9 2 0 1 0 1 1 0 0 0 14 6 0 0 1 3 7 16 5 0 2 0 2 7 4 2 37 98 15 10 3 1 4 36 34 2 3 1 0 0 0 0 0 0 0 0 0 16 1 0 5 6 2 9 28 0 15 1 0 30 6 0 0 0 0 36 1 7 15 12 12 6 2 6 1 0 0 0 6 2 0 0 6 22 27 6 14 32 239 48 1 0 0 0 0 0 7 7 17 0 0 2 2 0 0 0 0 5 216 20 6 0 0 0 0 0 0 2 0 5 14 0 0 0 0 0 0 0 0 0 0 0 0
0 0 0 0 0 0 0 0 4 0 1 0 0 3 1 10 22 45 5 0 8 23 20 2 0 0 0 0 2 0 10 1 0 39 10 0 3 20 18 25 57 71 17 201 279 9 10 2 3 5 2 42 39 3 3 1 0 0 0 0 0 0 0 1 0 0 0 0 10 63 166 41 16 6 0 3 3 11 3 0 0 0 0 0 0 0 2 13 34 8 4 0 0 1 1 0 0 0 0 1 0 22 10 3 38 1210 936 46 1 0 0 0 0 0 0 0 4 269 45 1 0 0 0 64 293 73 115 171 238 33 0 0 0 0 0 10 5 1 0 0 0 0 0 0 0 0 0 0 0 0
0 0 0 0 0 0 2 1 0 2 0 11 18 33 7 7 45 95 3 8 5 4 3 2 0 0 1 4 21 5 1 10 5 12 4 25 9 39 73 258 441 975 374 402 185 20 0 0 10 2 7 6 46 17 4 0 0 0 0 0 0 0 0 0 0 0 0 0 0 3 18 47 15 0 14 17 2 15 6 0 2 18 7 0 19 0 0 0 20 39 8 2 0 6 12 52 11 0 0 0 3 3 29 34 273 588 351 484 13 0 0 0 0 0 0 0 249 114 22 0 0 0 31 162 320 239 1352 957 50 19 0 0 1 20 0 4 0 0 0 0 0 0 0 0 0 0 0 0 0 0
0 0 0 0 0 0 0 1 8 6 22 77 38 4 0 4 6 6 1 4 6 7 16 45 3 3 2 2 0 1 1 2 0 4 67 31 14 11 142 274 587 1486 992 937 60 6 1 10 6 1 13 1 74 179 15 17 0 0 0 0 0 0 0 0 0 0 0 0 1 0 0 5 0 0 0 3 0 14 19 0 0 0 3 0 19 0 0 0 2 12 0 1 8 27 4 29 0 1 0 9 0 5 6 16 7 118 5 151 20 0 0 0 2 1 86 67 742 541 59 90 20 29 9 144 185 127 712 713 554 305 62 83 27 167 24 0 0 0 0 0 0 0 0 0 0 0 0 0 0 0
0 0 0 0 1 0 6 5 9 4 2 7 4 0 3 9 0 7 5 3 6 8 158 43 0 0 0 1 1 5 6 6 2 1 2 36 13 27 57 106 784 602 682 302 120 33 13 0 6 8 9 7 15 12 5 1 0 0 0 0 0 0 0 0 0 0 0 0 9 0 1 14 0 0 0 4 2 24 1 1 1 28 14 10 45 0 0 5 37 31 4 0 1 32 0 0 1 4 2 0 3 1 11 16 3 2 0 5 15 3 1 5 6 0 59 1051 1020 616 165 223 183 120 102 16 3 24 375 524 0 182 18 379 955 45 59 1 0 0 0 0 0 0 0 0 0 0 0 0 0 0
0 0 0 0 0 0 2 4 2 3 11 9 13 2 0 4 1 3 13 29 314 42 6 0 0 0 0 4 10 13 1 2 7 45 20 2 2 6 0 169 805 622 580 281 89 27 23 0 5 22 7 3 37 15 9 7 2 0 1 0 0 0 0 0 0 0 0 0 0 1 0 0 0 0 0 0 0 3 25 1 23 20 68 169 62 0 0 0 0 7 0 1 3 2 0 1 8 9 0 1 3 0 1 1 10 11 3 44 260 269 344 560 196 312 608 1123 628 406 130 485 93 217 21 0 167 298 287 150 1 0 149 411 414 87 105 7 0 0 0 0 0 0 0 0 0 0 0 0 0 0
0 0 2 0 0 0 0 11 0 2 1 13 7 17 6 2 5 6 7 10 135 0 0 0 0 0 0 0 0 21 18 38 13 2 2 13 2 3 8 24 34 122 145 59 11 0 2 0 0 11 0 10 54 0 2 1 11 4 1 4 0 0 0 0 0 0 0 0 0 1 0 0 0 0 0 26 0 52 9 0 6 18 40 6 0 0 0 0 17 4 8 0 1 3 10 7 9 0 0 0 0 0 0 1 2 10 14 34 248 64 185 160 54 433 1750 784 526 345 155 562 131 8 0 53 11 166 126 0 0 0 124 361 0 0 15 0 0 0 0 0 0 0 0 0 0 0 0 0 0 0
0 0 0 0 0 23 36 16 4 6 3 0 0 3 12 5 5 1 55 28 21 0 0 0 0 0 1 0 1 3 94 2 4 0 22 2 16 4 18 0 29 25 6 1 2 0 0 0 8 3 0 8 291 15 27 39 19 2 0 0 0 0 0 0 0 0 0 0 0 0 0 0 0 0 0 0 1 9 3 2 0 0 3 0 0 0 0 0 11 0 1 0 2 38 11 0 7 4 0 0 1 0 0 1 0 20 6 104 47 12 0 19 173 305 508 652 188 282 192 153 544 1 0 0 0 0 0 0 0 0 3 159 14 0 0 0 0 0 0 0 0 0 0 0 0 0 0 0 0 0
0 0 0 0 1 2 6 9 4 2 1 0 2 23 14 30 50 17 2 1 7 5 5 0 1 1 3 66 28 19 41 31 19 1 7 6 3 3 6 8 16 27 3 0 4 0 7 0 0 0 1 27 252 131 1 44 1 1 0 0 0 0 0 0 0 0 0 0 0 0 0 0 0 0 0 0 21 15 15 1 0 0 1 0 0 0 0 0 9 1 39 7 51 70 12 12 2 0 3 10 5 0 0 4 0 0 8 179 903 23 0 0 0 0 1 0 9 44 579 761 123 0 0 0 0 1 2 0 0 0 0 26 71 2 0 0 0 0 0 0 0 0 0 0 0 0 0 0 0 0
1 1 3 6 5 1 13 78 15 4 25 14 11 1 1 139 131 26 4 10 0 0 4 5 6 11 12 11 9 18 15 17 14 5 0 9 0 0 4 4 6 4 0 8 3 0 2 0 0 0 0 72 6 36 57 2 0 0 0 0 0 0 0 0 0 0 0 0 0 0 0 0 0 0 0 3 17 34 1 0 0 0 1 0 0 0 0 0 32 2 19 0 1 37 0 0 0 0 13 3 0 5 7 6 3 23 67 46 229 0 0 0 0 0 5 0 0 4 117 413 519 453 0 0 8 87 0 0 0 83 165 36 114 4 0 0 0 0 0 0 0 0 0 0 0 0 0 0 0 0
0 0 0 0 0 6 6 0 0 1 66 7 6 12 25 72 96 44 8 2 1 3 2 5 0 13 5 2 2 10 1 0 9 11 5 0 0 0 0 12 2 14 23 2 2 1 4 3 2 0 5 81 32 44 105 5 3 0 0 0 0 0 0 0 0 0 0 0 0 0 0 0 0 0 0 0 0 81 151 19 2 18 1 0 0 0 0 131 37 1 10 5 2 17 3 17 0 4 3 9 65 28 41 15 6 5 11 44 105 8 0 0 0 23 76 34 250 749 113 268 862 275 0 16 365 98 0 0 0 172 276 0 0 0 0 0 0 0 0 0 0 0 0 0 0 0 0 0 0 0
0 3 2 0 0 0 8 4 8 4 7 188 16 9 0 3 2 43 3 1 4 0 3 7 2 2 4 3 37 6 0 0 9 0 1 0 0 3 2 0 3 36 53 7 4 1 6 0 0 0 0 82 46 9 1 1 0 0 7 0 0 0 0 0 0 0 0 0 0 0 0 0 0 0 0 1 0 31 86 7 3 4 0 0 0 0 4 32 0 1 4 0 6 7 0 0 0 0 6 5 0 1 10 14 34 0 27 59 45 22 0 0 0 0 204 754 1278 506 92 150 140 200 228 374 357 4 0 0 22 714 293 0 0 0 0 0 0 0 0 0 0 0 0 0 0 0 0 0 0 0
0 0 6 0 0 0 4 5 21 1 12 56 3 1 4 1 0 2 1 8 0 1 0 2 1 1 2 3 3 0 0 0 1 0 0 0 0 1 17 4 0 0 3 0 10 1 0 2 0 0 4 124 7 10 4 0 0 6 2 3 2 0 0 0 0 0 0 0 0 0 0 0 0 0 0 1 2 19 157 47 41 34 25 0 0 1 5 0 0 2 0 0 4 23 1 0 0 0 1 10 3 13 2 11 9 8 10 10 45 1 0 1 40 63 38 38 20 112 530 408 39 245 821 973 744 401 119 198 1095 2213 744 80 0 0 0 0 0 0 0 0 0 0 0 0 0 0 0 0 0 0
0 2 0 0 2 6 2 3 0 15 29 14 2 10 8 7 0 3 0 0 0 0 0 0 0 63 20 1 0 0 3 11 7 5 1 0 0 0 2 15 2 2 1 2 0 4 12 2 1 2 3 385 36 9 2 2 0 4 1 0 0 0 0 3 0 0 0 0 0 0 0 0 0 0 0 0 7 32 108 0 6 74 57 0 0 0 0 0 16 8 0 4 7 27 5 18 35 2 1 4 2 0 1 19 24 9 8 2 184 52 6 16 40 13 7 23 5 335 448 485 812 1156 1142 1156 2252 1642 1095 1184 1476 1148 853 16 0 0 0 0 0 0 2 0 0 0 0 0 0 0 0 0 0 0
0 0 0 0 4 1 0 3 1523 6 6 2 4 2 12 35 6 4 0 0 0 0 0 0 0 13 17 0 3 0 1 1 0 4 2 1 3 7 20 0 0 0 5 0 1 9 5 0 8 51 881 879 32 126 22 6 7 1 3 8 1 3 1 0 0 0 0 0 0 0 0 0 0 0 0 0 0 0 12 10 0 1 1 0 0 0 0 0 14 2 0 1 17 0 0 4 9 0 3 13 30 8 8 1 54 50 32 78 3 8 13 5 7 16 13 9 6 189 638 2242 1644 1019 530 1619 1793 1398 315 1075 976 32 103 71 0 0 0 0 0 0 0 0 0 0 0 0 0 0 0 0 0 0
1 5 0 2 3 0 2 4 21 2 2 4 8 6 7 9 3 0 1 0 0 0 0 0 21 3 0 1 2 0 1 53 30 4 0 1 5 1 0 1 0 0 0 0 0 0 0 0 0 33 634 1030 928 766 83 43 5 5 7 11 3 0 0 0 0 0 0 0 0 0 0 0 0 0 7 0 0 0 0 39 0 0 1 0 0 0 0 57 188 0 0 20 20 0 0 0 0 0 0 23 17 6 22 22 7 244 581 31 7 0 2 10 0 25 16 22 23 16 176 815 575 713 476 4480 1789 852 557 280 30 787 897 603 3 0 0 0 0 0 0 0 0 0 0 0 0 0 0 0 0 0
2 2 6 31 2 1 25 8 11 8 15 57 4 2 0 1 0 0 0 0 0 0 0 0 1 0 5 0 0 0 0 20 12 10 0 1 4 2 0 0 0 0 0 4 0 0 0 0 3 4 218 381 753 481 130 137 4 2 3 2 0 0 0 0 0 0 0 0 0 0 0 0 0 0 0 0 0 0 0 35 13 17 6 0 0 0 1 41 107 19 6 37 111 1 0 0 0 0 0 5 13 57 38 30 29 25 5 16 0 0 0 0 9 7 8 11 2 5 14 70 433 503 593 1218 1940 1283 652 680 470 1109 619 440 2 0 0 0 0 0 0 0 0 0 0 0 0 0 0 0 0 0
2 2 4 14 2 15 9 14 2 2 5 6 1 0 0 0 0 0 0 0 0 0 3 0 2 0 0 0 5 0 0 0 0 0 0 2 2 2 0 0 0 0 0 0 0 2 7 2 0 3 84 214 437 25 32 29 17 0 8 4 5 1 0 0 0 3 0 0 0 0 0 0 0 0 0 0 0 0 2 0 2 5 0 0 0 1 72 68 31 9 10 330 313 27 7 0 0 0 0 22 61 9 144 294 40 0 9 3 22 5 0 0 10 3 8 7 7 21 47 58 153 686 640 619 405 1165 925 2030 335 305 158 113 0 0 0 0 0 0 0 0 0 0 0 0 0 0 0 0 0 0
1 7 21 1 2 1 17 47 21 12 8 4 8 5 0 0 0 0 0 0 0 0 0 2 0 0 0 2 6 0 0 0 0 0 0 1 0 0 0 1 0 0 0 0 0 3 0 0 4 3 6 59 213 37 60 0 0 73 77 4 2 0 0 0 0 0 0 0 0 0 0 0 0 0 0 0 0 0 0 0 2 4 18 57 16 19 6 0 31 86 163 166 211 5 23 5 0 3 37 89 44 529 363 578 630 72 22 18 20 12 0 0 9 2 5 14 14 92 35 621 560 909 2637 2931 1182 398 2792 2329 1968 0 3 1 0 0 0 0 0 0 0 0 0 0 0 0 0 0 0 0 0 0
2 8 33 0 18 18 11 50 11 15 0 0 10 3 0 0 0 0 0 0 0 2 15 2 0 0 1 1 6 0 0 0 0 6 0 2 0 0 0 0 6 0 0 0 3 1 0 0 12 4 0 11 116 7 17 0 1 26 139 28 3 2 0 0 0 0 0 0 0 0 0 0 0 0 0 0 0 0 0 0 5 9 16 2 1 7 1 6 32 53 64 149 152 18 57 10 9 0 0 14 246 413 759 408 228 136 8 10 4 19 8 0 0 0 11 5 28 953 497 627 692 16 22 251 247 280 416 1378 511 4 483 26 0 0 0 0 0 0 0 0 0 0 0 0 0 0 0 0 0 0
8 14 186 18 90 201 43 18 0 9 0 2 2 3 0 1 0 0 0 3 4 0 0 0 0 0 0 0 0 0 0 0 0 0 0 0 0 0 0 0 5 0 3 0 0 3 0 0 2 1 0 11 33 0 0 1 5 3 2 30 24 0 1 0 0 0 0 0 0 0 0 0 0 0 0 0 0 0 0 2 47 109 0 0 35 17 123 10 0 2 1 20 9 6 0 0 0 0 0 10 24 197 1224 488 182 309 18 17 7 5 37 5 0 0 1 20 352 876 251 58 0 0 0 0 78 650 236 992 895 17 59 34 0 0 0 0 0 0 0 0 0 0 0 0 0 0 0 0 0 0
12 50 168 201 489 615 283 51 14 0 0 0 0 0 8 0 0 1 0 1 0 25 0 0 0 0 0 0 0 0 0 1 0 0 0 0 0 2 0 0 0 1 0 4 2 9 0 18 2 0 0 9 60 0 0 0 3 0 25 1 0 2 0 0 0 0 0 0 0 0 0 0 0 0 0 0 0 0 16 13 4 2 0 0 9 16 32 268 99 3 0 0 0 0 0 0 0 0 0 0 0 388 813 262 299 260 11 8 7 18 10 1 1 0 10 93 259 19 23 93 0 0 0 0 15 570 437 722 405 21 84 8 0 0 0 0 0 0 0 0 0 0 0 0 0 0 0 0 0 0
2 99 522 1421 571 374 189 47 2 0 1 5 14 0 0 5 0 13 1 0 0 3 0 0 2 0 1 3 1 0 0 0 0 0 0 0 0 0 0 1 1 0 0 6 4 0 0 20 55 2 0 0 25 0 0 2 3 0 3 0 0 6 0 0 0 0 0 0 0 0 0 0 0 0 0 0 0 25 0 0 0 0 0 0 0 0 45 43 3 0 2 0 0 0 0 4 0 0 0 0 17 94 39 30 130 125 0 1 4 0 8 24 13 17 12 5 5 23 32 67 59 125 14 0 45 186 154 331 89 1 0 0 0 0 0 0 0 0 0 0 1 0 0 0 0 0 0 0 0 0
6 13 303 285 211 287 87 25 2 3 0 1 2 0 0 0 0 1 3 2 12 9 0 0 0 0 0 0 1 3 8 0 1 0 1 0 0 0 0 1 1 0 2 0 0 5 0 1 5 14 0 0 0 12 0 6 0 0 0 0 0 0 0 0 0 0 0 0 0 0 0 0 0 0 0 0 0 1 0 0 0 0 0 0 0 0 157 32 8 29 54 2 0 0 12 16 0 0 0 653 1031 277 449 277 41 163 46 12 3 1 3 28 14 1 0 0 0 0 20 84 201 91 347 344 73 166 4 0 0 0 0 0 0 0 1 0 0 0 0 0 0 0 0 0 0 0 0 0 0 0
33 24 30 98 69 36 4 5 0 8 15 0 0 0 0 0 0 0 1 0 2 93 4 0 0 0 0 0 1 1 0 0 0 3 1 0 1 0 0 0 0 0 0 0 0 41 9 0 1 0 0 0 0 0 0 31 0 0 0 0 0 0 0 0 0 0 0 0 0 0 0 0 0 0 0 0 13 15 0 0 0 0 0 0 0 0 15 2 0 74 45 0 0 0 87 176 135 7 335 2125 540 690 195 38 1 41 58 183 0 11 35 0 0 0 0 0 0 0 55 65 159 51 34 61 25 76 61 21 77 59 9 0 0 0 0 0 0 0 0 0 0 0 0 0 0 0 0 0 0 0
104 21 23 15 0 0 0 1 0 0 0 1 0 0 0 0 0 0 4 1 0 7 6 2 0 0 0 0 1 3 0 0 0 7 4 0 0 0 0 0 0 0 0 11 1 4 1 6 0 1 0 0 0 32 128 21 3 0 0 0 0 0 0 0 0 0 0 0 0 0 0 0 0 0 25 16 0 0 0 0 0 0 0 0 0 0 18 2 0 0 179 48 14 5 180 436 82 12 226 225 28 8 56 25 6 11 0 295 782 211 0 1 0 1 13 0 0 12 0 0 57 4 3 4 29 151 93 80 497 157 42 0 0 0 0 0 0 0 0 0 0 0 0 1 0 0 0 0 0 0
37 1 20 1 0 0 1 4 0 0 0 0 0 0 0 3 0 0 0 0 1 0 0 0 0 0 0 7 0 1 8 86 2 0 0 0 0 0 0 0 0 0 0 0 1 2 2 0 0 0 0 2 4 2 20 0 0 0 0 0 0 0 0 0 0 0 0 0 0 0 0 0 0 0 15 33 0 0 0 0 6 0 0 0 0 0 54 89 216 91 169 23 11 28 1 76 26 6 0 2 24 4 8 0 3 5 193 613 259 60 3 0 1 0 2 0 0 24 0 0 3 22 33 24 14 325 139 350 163 241 35 2 0 0 0 0 0 0 0 0 0 0 0 0 0 0 0 0 0 0
3 1 0 13 0 0 0 0 0 0 0 0 0 0 0 0 0 0 0 0 2 0 0 0 0 0 0 0 6 1 7 1 3 1 0 0 0 0 0 0 0 4 0 0 0 6 2 0 0 0 0 0 11 57 25 2 2 0 0 0 0 0 0 0 0 0 0 0 0 0 0 7 1 2 3 0 0 0 0 0 0 0 0 0 0 0 2 0 254 11 0 0 0 17 4 51 1 3 8 0 0 5 2 4 1 353 1331 555 461 154 0 1 0 0 0 0 0 1 158 41 0 57 4 33 3 10 112 68 9 37 7 13 0 0 0 0 0 0 0 0 0 0 0 0 0 0 0 0 0 0
1 0 0 0 1 1 0 0 0 0 0 0 0 0 0 0 0 0 0 1 0 0 0 11 0 1 0 3 1 0 0 0 0 0 0 1 0 0 0 0 0 0 0 0 0 1 0 0 0 0 4 1 15 125 6 2 3 0 0 0 0 0 0 0 0 0 0 0 0 0 5 3 5 1 2 0 0 0 0 0 0 0 0 0 0 0 8 0 1 0 0 0 5 37 0 0 1 0 11 8 7 8 3 0 62 94 140 68 86 304 0 0 0 0 0 0 0 0 6 20 0 31 2 67 230 47 315 71 27 75 2 0 0 0 0 0 0 0 0 0 0 0 0 0 0 0 0 0 0 0
0 0 0 0 5 57 1 0 0 0 0 0 0 0 0 0 0 0 0 8 0 0 0 1 0 0 2 0 1 0 1 0 0 0 1 4 0 0 0 1 0 0 4 2 3 0 0 0 0 0 2 0 10 0 10 1 7 3 0 0 0 0 0 0 0 0 0 1 0 16 2 0 0 0 0 0 0 0 0 0 0 0 0 0 0 0 1 6 2 0 0 52 228 8 2 0 2 6 6 2 5 22 41 18 120 15 0 20 4 9 33 0 0 0 0 0 0 0 0 0 3 17 4 62 0 0 0 203 11 14 0 0 0 0 0 0 0 0 0 0 0 0 0 0 0 0 0 0 0 0
0 0 0 0 98 32 3 0 0 0 0 0 0 0 9 0 0 0 0 0 0 0 0 0 0 0 0 1 16 0 7 0 0 0 0 1 0 0 0 5 1 0 0 6 4 2 0 0 0 2 1 0 0 7 4 4 3 6 0 4 0 0 0 0 0 0 1 0 5 1 0 0 2 0 0 0 0 0 0 0 0 0 0 0 0 0 0 2 68 78 262 414 118 46 0 0 1 0 5 68 64 790 626 60 5 33 8 0 0 26 12 0 0 0 0 0 0 0 0 0 0 0 0 0 0 2 112 57 0 0 0 0 0 0 0 0 0 0 0 0 0 0 0 0 0 0 0 0 0 0
0 0 0 0 1 2 1 0 0 0 0 0 6 0 0 0 0 0 0 0 0 0 0 0 0 0 0 0 0 19 0 0 0 0 0 5 3 0 0 0 0 0 0 0 1 9 0 0 0 0 5 0 0 7 2 0 0 0 0 0 0 0 0 0 0 0 0 0 13 0 0 0 0 0 0 0 0 0 0 0 0 0 0 0 0 0 7 0 27 160 342 211 95 23 1 4 3 6 0 73 96 164 92 20 3 3 5 0 0 11 6 0 0 0 0 0 1 0 0 0 0 89 115 0 0 21 13 3 0 0 0 0 0 0 0 0 0 0 0 0 0 0 0 0 0 0 0 0 0 0
0 0 0 0 1 10 0 0 0 0 0 1 48 31 0 4 0 0 0 0 0 0 0 0 0 12 4 1 1 20 0 0 0 0 0 3 1 0 1 0 0 0 0 0 2 9 22 0 0 3 7 0 1 19 5 6 0 0 0 0 0 0 0 0 0 0 0 7 40 0 0 0 0 0 0 0 0 0 0 0 0 0 0 1 2 29 43 5 2 27 0 0 17 2 41 0 0 0 15 16 94 0 1 2 0 0 0 4 0 34 13 66 6 0 0 0 0 0 0 0 1 0 1 0 0 0 0 3 0 0 0 0 0 0 0 0 0 0 0 0 0 0 0 0 0 0 0 0 0 0
0 0 0 0 5 0 0 0 0 0 0 0 0 4 0 1 0 0 0 0 0 0 0 0 0 0 1 1 0 6 0 0 0 0 1 2 0 0 1 0 0 0 1 0 0 0 1 11 1 6 0 0 0 8 5 5 3 0 0 0 0 0 0 0 0 1 5 64 22 0 0 1 0 0 0 0 0 0 0 0 0 0 0 1 71 0 0 2 7 37 7 3 17 2 12 20 13 39 13 23 56 39 10 0 5 0 0 25 73 199 179 498 102 37 0 0 0 0 0 0 0 0 0 0 0 0 0 0 0 0 0 0 0 0 0 0 0 0 0 0 0 0 0 0 0 0 0 0 0 0
0 0 0 2 1 5 2 2 0 0 0 0 0 0 0 0 0 0 0 0 0 0 0 0 0 1 0 1 0 4 0 0 0 0 0 0 0 0 3 0 0 0 0 0 0 0 0 4 18 1 0 0 0 1 0 103 140 1 1 1 0 0 0 0 0 4 58 144 7 0 1 5 0 0 0 0 0 0 0 0 0 0 0 17 64 1 3 19 21 4 18 6 5 0 1 30 76 64 13 2 2 2 15 8 2 1 39 11 21 44 454 59 440 195 5 0 0 0 0 0 0 0 0 0 0 0 0 0 0 0 0 0 0 0 0 0 0 0 0 0 0 0 0 0 0 0 0 0 0 0
0 0 1 2 0 0 0 0 0 0 0 0 0 0 4 1 5 0 0 0 0 0 0 0 0 0 0 0 2 0 0 0 0 0 0 1 1 0 8 0 0 0 0 0 0 16 0 6 89 5 3 0 0 0 2 6 4 3 66 17 9 7 4 11 13 5 13 1 0 7 0 0 0 0 0 0 0 0 0 0 0 0 0 0 0 0 0 39 4 2 3 1 0 0 14 217 7 0 0 0 0 0 3 22 37 117 474 1423 626 159 47 0 429 121 0 0 0 0 0 0 0 0 0 0 0 0 0 0 0 0 0 0 0 0 0 0 0 0 0 0 0 0 0 0 0 0 0 0 0 0
0 0 3 1 4 71 2 21 3 0 0 1 0 0 3 0 1 0 0 0 0 0 0 0 0 0 0 0 0 0 2 0 0 0 0 0 0 2 11 5 3 2 0 3 1 1 16 25 9 5 2 0 3 4 5 1 0 0 0 1 0 0 0 2 1 0 3 14 1 12 0 8 1 0 0 0 0 0 0 0 0 0 0 0 0 0 0 4 1 4 4 28 1 1 151 36 1 0 0 0 0 5 0 16 93 158 243 455 173 303 154 214 573 3 0 0 0 0 0 0 0 0 0 0 0 0 0 0 0 0 0 0 0 0 0 0 0 0 0 0 0 0 0 0 0 0 0 0 0 0
0 1 0 0 53 73 0 0 1 0 0 0 0 2 0 0 0 0 0 0 0 0 0 0 0 0 0 0 0 1 0 0 0 2 0 0 0 0 0 0 2 2 6 1 1 0 3 7 11 1 11 3 1 8 4 1 0 4 3 1 0 6 3 1 3 9 9 4 4 0 0 0 10 1 0 0 0 0 0 0 0 0 0 0 0 2 0 0 1 0 0 5 26 111 2 48 277 1 0 0 0 0 0 149 184 358 1 0 9 87 0 5 10 0 0 0 0 0 0 0 0 0 0 0 0 0 0 0 0 0 0 0 0 0 0 0 0 0 0 0 0 0 0 0 0 0 0 0 0 0
0 0 0 0 2 1 0 0 4 0 1 0 0 2 0 0 0 0 0 3 0 0 0 0 0 0 0 0 0 0 0 1 1 0 0 0 0 0 0 0 0 0 0 0 0 0 1 0 7 7 1 0 2 1 1 0 0 0 13 2 1 1 0 0 0 0 0 0 0 0 0 1 7 1 0 0 0 0 0 0 0 0 0 0 0 0 0 0 0 0 0 37 95 37 29 281 574 0 0 0 0 0 0 13 15 0 0 0 0 1 59 143 0 0 0 0 0 0 0 0 0 0 0 0 0 0 0 0 0 0 0 0 0 0 0 0 0 0 0 0 0 0 15 24 6 0 0 0 0 0
0 0 0 1 0 0 0 0 0 7 0 0 2 0 5 1 0 0 0 0 0 0 0 0 0 0 0 0 0 0 0 0 0 13 0 0 0 0 0 0 0 0 3 0 0 1 0 0 0 1 8 1 1 3 3 0 0 0 3 8 7 1 0 0 0 0 0 0 0 0 2 0 0 0 0 0 0 0 0 0 0 0 0 0 0 0 0 0 100 9 6 30 223 261 47 0 1 2 0 0 0 0 0 5 2 0 0 2 0 112 218 0 0 0 0 0 0 0 0 0 0 0 0 0 0 0 0 0 0 0 0 0 0 0 0 0 0 0 0 0 0 0 0 5 0 0 0 0 0 0
0 0 0 0 5 0 0 0 0 0 0 0 0 1 0 0 0 0 0 0 0 0 0 0 0 0 0 0 0 0 0 0 0 0 0 0 0 0 0 0 0 0 0 0 0 0 0 0 0 5 6 3 12 0 0 0 0 2 5 3 2 0 0 0 0 0 0 0 0 0 5 0 0 0 0 0 0 0 0 0 0 0 0 0 0 0 0 0 0 5 29 96 913 0 9 45 8 0 0 0 0 0 0 3 5 3 0 5 51 38 130 12 0 0 0 0 0 0 0 0 0 0 0 0 0 0 0 0 0 0 0 0 0 0 0 0 0 0 0 0 0 0 0 0 0 0 0 0 0 0
0 0 0 0 2 0 0 0 0 1 0 4 10 1 0 1 0 0 1 0 0 0 0 0 0 0 0 0 0 0 0 0 0 0 1 0 0 0 0 0 0 0 0 0 0 0 0 0 0 0 0 23 4 0 0 1 2 1 1 18 6 1 0 0 0 0 0 0 0 0 1 128 7 2 0 0 0 0 0 0 0 0 0 0 0 0 0 0 2 10 22 23 4 11 9 1 0 0 0 0 0 0 0 0 0 0 0 0 0 0 0 0 0 0 0 0 0 0 0 0 0 0 0 0 0 0 0 0 0 0 0 0 0 0 0 0 0 0 0 0 0 0 0 0 0 0 0 0 0 0
0 0 0 0 0 0 0 0 0 0 0 1 0 0 0 0 0 1 0 0 0 0 10 75 0 0 0 0 0 0 0 0 0 0 0 0 0 0 0 0 0 0 0 0 0 0 0 0 0 0 0 25 4 0 1 0 0 0 0 0 0 22 49 0 0 0 0 0 0 0 0 16 12 1 13 0 0 0 0 0 0 0 0 0 0 0 0 0 0 6 4 12 21 14 14 1 0 0 0 0 0 0 0 0 0 0 0 0 0 0 0 0 0 0 0 0 0 0 0 0 0 0 0 0 0 0 0 0 0 0 0 0 0 0 0 0 0 0 0 0 0 0 0 0 0 0 0 0 0 0
0 0 0 0 0 0 0 0 0 0 0 1 0 0 0 0 0 0 0 0 0 0 3 2 4 0 0 0 1 2 0 0 0 0 0 0 0 1 0 0 0 0 0 0 0 0 0 0 0 0 0 29 55 2 4 5 0 0 0 0 1 45 121 0 0 0 0 0 0 0 0 0 1 2 14 0 0 0 0 0 0 0 0 0 0 0 0 0 0 0 24 11 0 35 29 6 0 0 1 0 0 0 0 0 0 0 0 0 0 0 0 0 0 0 0 0 0 0 0 0 0 0 0 0 0 0 0 0 0 0 0 0 0 0 0 0 0 0 0 0 0 0 0 0 0 0 0 0 0 0
0 0 0 0 0 0 0 0 0 1 0 0 1 2 0 0 1 2 0 0 4 0 0 0 4 0 0 0 0 1 4 0 0 0 0 0 0 0 0 0 2 0 0 0 0 0 0 0 0 9 11 77 215 9 24 0 0 0 2 0 0 16 0 0 0 0 0 0 0 0 0 0 0 4 1 0 0 0 0 0 0 0 0 0 0 0 0 0 0 0 1 0 23 23 18 12 0 0 1 0 0 0 0 0 0 0 0 0 0 0 0 0 0 0 0 0 0 0 0 0 0 0 0 0 0 0 0 0 0 0 0 0 0 0 0 0 0 0 0 0 0 0 0 0 0 0 0 0 0 0
0 0 0 0 0 0 0 0 0 0 0 0 10 5 1 0 0 4 1 0 0 4 0 0 0 3 1 0 0 0 0 0 0 0 0 0 0 0 0 0 0 0 0 0 0 0 0 0 2 10 3 21 209 0 25 3 0 1 0 0 0 9 4 0 0 0 0 0 0 0 0 0 0 0 0 0 0 0 0 0 0 0 0 0 0 0 0 0 0 0 0 1 11 12 12 2 4 3 0 9 0 0 0 0 0 0 0 0 0 0 0 0 0 0 0 0 0 0 0 0 0 0 0 0 0 0 0 0 0 0 0 0 0 0 0 0 0 0 0 0 0 0 0 0 0 0 0 0 0 0
0 0 0 0 0 0 0 0 2 15 1 0 0 1 1 0 2 0 1 0 0 0 0 5 2 12 0 0 0 0 0 0 0 2 0 0 0 0 0 0 0 0 0 0 0 0 0 7 0 1 0 16 24 0 0 0 0 0 1 0 15 11 0 1 0 0 0 0 0 0 0 0 0 0 0 0 0 0 0 0 0 0 0 0 0 0 0 0 0 0 0 0 0 1 0 3 21 0 1 0 0 0 0 0 0 0 0 0 0 0 0 0 0 0 0 0 0 0 0 0 0 0 0 0 0 0 0 0 0 0 0 0 0 0 0 0 0 0 0 0 0 0 0 0 0 0 0 0 0 0
0 0 6 0 0 0 0 0 1 0 1 0 0 0 0 0 0 0 0 0 0 1 0 0 3 0 1 0 0 0 0 6 2 2 11 0 0 2 0 0 0 0 0 0 0 0 5 17 0 0 0 0 0 0 0 0 0 0 0 0 16 0 0 0 0 0 0 0 0 0 0 0 0 0 0 0 0 0 0 0 0 0 0 0 0 0 0 0 0 0 0 0 0 1 0 8 18 47 0 0 0 0 0 0 0 0 0 0 0 0 0 0 0 0 0 0 0 0 0 0 0 0 0 0 0 0 0 0 0 0 0 0 0 0 0 0 0 0 0 0 0 0 0 1 8 20 0 0 0 0
6 0 0 0 0 0 0 0 0 0 0 1 0 0 0 0 3 0 0 2 3 3 0 0 0 0 0 0 0 0 0 1 0 1 0 3 0 1 0 0 0 0 0 0 0 1 11 0 0 0 0 0 0 0 0 0 0 0 0 0 1 2 0 0 0 0 0 0 0 0 0 2 5 0 0 0 0 0 0 0 0 0 0 0 0 0 0 0 0 0 0 0 0 0 3 21 12 1 0 3 9 0 0 0 0 0 0 0 0 0 0 0 0 0 0 0 0 0 0 0 0 0 0 0 0 0 0 0 0 0 0 0 0 0 0 0 0 0 0 0 0 0 0 0 0 0 0 0 0 0
0 0 0 0 0 0 0 0 0 0 0 5 0 0 0 0 1 0 1 0 0 0 0 0 0 0 0 0 0 0 0 0 0 0 0 0 0 0 0 0 0 0 0 0 0 0 0 0 0 0 0 0 0 0 0 0 0 0 0 0 4 0 0 0 0 0 0 0 0 0 2 16 0 0 0 0 0 0 0 0 0 0 0 0 0 0 0 0 0 0 0 0 0 0 11 0 0 0 0 3 0 0 0 0 0 0 0 0 0 0 0 0 0 0 0 0 0 0 0 0 0 0 0 0 0 0 0 0 0 0 0 0 0 0 0 0 0 0 0 0 0 0 0 0 0 0 0 0 0 0
0 0 0 0 0 0 0 0 0 0 9 0 11 0 0 2 1 0 0 0 0 0 0 0 0 0 0 0 0 0 0 0 0 0 0 0 0 0 0 0 0 0 0 0 3 0 0 0 0 0 0 0 0 0 0 0 0 0 0 0 2 0 0 0 0 0 0 0 0 0 5 0 0 0 0 0 0 0 0 0 0 0 0 0 0 0 0 0 0 0 0 0 0 0 2 0 1 0 0 0 0 0 0 0 0 0 0 0 0 0 0 0 0 0 0 0 0 0 0 0 0 0 0 0 0 0 0 0 0 0 0 0 0 0 0 0 0 0 0 0 0 0 0 0 0 0 0 0 0 0
2 0 0 0 0 0 1 0 0 1 0 1 13 0 0 6 6 2 0 0 0 0 0 0 0 0 0 0 0 0 0 0 0 0 0 0 0 0 0 0 0 0 0 4 0 0 0 0 0 0 0 0 0 0 0 0 0 0 0 10 2 0 0 0 0 0 0 0 85 0 0 0 0 0 0 0 0 0 0 0 0 0 0 0 0 0 0 0 0 0 0 0 0 0 0 0 5 3 2 24 0 0 0 0 0 0 0 0 0 0 0 0 0 0 0 0 0 0 0 0 0 0 0 0 0 0 0 0 0 0 0 0 0 0 0 0 0 0 0 0 0 0 0 0 0 0 0 0 0 0
0 0 0 0 0 0 0 1 2 0 0 0 0 0 0 0 0 6 3 0 0 0 0 0 0 1 0 0 0 0 0 0 0 0 0 0 1 6 1 2 0 0 5 6 0 0 0 0 0 0 0 0 0 0 0 0 0 0 0 0 1 18 1 0 3 0 0 2 241 184 1 0 0 0 0 0 0 0 0 0 0 0 0 0 0 0 0 0 0 0 0 0 0 0 0 0 1 0 0 0 0 0 0 0 0 0 0 0 0 0 0 0 0 0 0 0 0 0 0 0 0 0 0 0 0 0 0 0 0 0 0 0 0 0 0 0 0 0 0 0 0 0 0 0 0 0 0 0 0 0
3 1 1 0 0 0 0 0 0 0 0 3 54 13 0 5 30 0 2 13 1 3 0 39 2 3 0 0 0 0 5 0 0 0 4 0 13 3 10 4 0 0 4 0 0 0 0 0 0 0 0 0 0 0 0 0 0 0 0 0 0 2 3 5 133 102 28 0 0 0 0 0 0 0 0 0 0 0 0 0 0 0 0 0 0 0 0 0 0 0 0 0 0 0 0 0 0 0 0 0 0 0 0 0 0 0 0 0 0 0 0 0 0 0 0 0 0 0 0 0 0 0 0 0 0 0 0 0 0 0 0 0 0 0 0 0 0 0 0 0 0 0 0 0 0 0 0 0 0 0
8 66 8 0 0 0 0 0 0 0 1 1 1 0 0 0 3 1 1 9 17 78 108 11 8 0 0 0 0 0 3 0 0 1 1 4 47 4 0 2 1 0 1 0 0 0 0 0 0 0 0 0 0 0 0 0 0 0 0 0 0 0 0 0 3 3 0 0 0 0 0 0 0 0 0 0 0 0 0 0 0 0 0 0 0 0 0 0 0 0 0 0 0 0 0 0 0 0 0 0 0 0 0 0 0 0 0 0 0 0 0 0 0 0 0 0 0 0 0 0 0 0 0 0 0 0 0 0 0 0 0 0 0 0 0 0 0 0 0 0 0 0 0 0 0 0 0 0 0 0
35 15 4 0 3 0 0 0 0 0 0 0 3 0 0 4 7 5 0 11 3 34 26 6 16 3 0 0 6 10 7 0 0 0 0 0 1 2 0 1 5 53 0 0 0 0 0 0 0 0 0 0 0 0 0 0 0 0 0 0 0 0 0 0 0 0 0 0 0 0 0 0 0 0 0 0 0 0 0 0 0 0 0 0 0 0 0 0 0 7 0 0 0 0 0 0 0 0 0 0 0 0 0 0 0 0 0 0 0 0 0 0 0 0 0 0 0 0 0 0 0 0 0 0 0 0 0 0 0 0 0 0 0 0 0 0 0 0 0 0 0 0 0 0 0 0 0 0 0 0
0 0 0 0 1 0 0 0 0 0 0 5 4 0 2 0 0 2 3 1 0 6 4 11 1 9 6 5 2 0 0 0 1 0 1 0 3 0 0 18 0 0 0 0 0 0 0 0 0 0 0 0 0 0 0 0 0 0 0 0 0 0 0 0 0 0 0 0 0 0 0 0 0 0 0 0 0 0 0 0 0 0 0 0 0 0 0 0 0 0 0 0 0 0 0 0 0 0 0 0 0 0 0 0 0 0 0 0 0 0 0 0 0 0 0 0 0 0 0 0 0 0 0 0 0 0 0 0 0 0 0 0 0 0 0 0 0 0 0 0 0 0 0 0 0 0 0 0 0 0
0 0 1 0 0 0 0 0 0 0 0 0 0 1 0 0 0 2 0 5 0 0 0 5 7 12 7 9 49 1 0 0 0 13 4 1 0 0 0 0 0 0 0 0 0 0 0 0 0 0 0 0 0 0 0 0 0 0 0 0 0 0 0 0 0 0 0 0 0 0 0 0 0 0 0 0 0 0 0 0 0 0 0 0 0 0 0 0 0 0 0 0 0 0 0 0 0 0 0 0 0 0 0 0 0 0 0 0 0 0 0 0 0 0 0 0 0 0 0 0 0 0 0 0 0 0 0 0 0 0 0 0 0 0 0 0 0 0 0 0 0 0 0 0 0 0 0 0 0 0
0 1 0 0 0 0 0 0 0 0 0 0 0 0 0 0 0 0 1 0 0 2 0 0 5 0 0 3 175 105 5 11 11 59 8 0 3 0 0 0 0 0 0 0 0 0 0 0 0 0 0 0 0 0 0 0 0 0 0 0 0 0 0 0 0 0 0 0 0 0 0 0 0 0 0 0 0 0 0 0 0 0 0 0 0 0 0 0 0 0 0 0 0 0 0 0 0 0 0 0 0 0 0 0 0 0 0 0 0 0 0 0 0 0 0 0 0 0 0 0 0 0 0 0 0 0 0 0 0 0 0 0 0 0 0 0 0 0 0 0 0 0 0 0 0 0 0 0 0 0
0 1 0 0 0 0 0 0 0 0 0 0 0 0 0 0 0 0 0 0 0 0 0 0 0 1 20 5 4 0 10 0 6 7 0 3 6 0 0 0 0 0 0 0 0 0 0 0 0 0 0 0 0 0 0 0 0 0 0 0 0 0 0 0 0 0 0 0 0 0 0 0 0 0 0 0 0 0 0 0 0 0 0 0 0 0 0 0 0 0 0 0 0 0 0 0 0 0 0 0 0 0 0 0 0 0 0 0 0 0 0 0 0 0 0 0 0 0 0 0 0 0 0 0 0 0 0 0 0 0 0 0 0 0 0 0 0 0 0 0 0 0 0 0 0 0 0 0 0 0
0 0 0 0 0 0 0 6 0 0 0 0 0 0 0 0 0 0 0 0 0 0 0 0 31 6 8 0 0 0 35 2 2 5 3 3 2 4 0 0 0 0 0 0 0 0 0 0 0 0 0 0 0 0 0 0 0 0 0 0 0 0 0 0 0 0 0 0 0 0 0 0 0 0 0 0 0 0 0 0 0 0 0 0 0 0 0 0 0 0 0 0 0 0 0 0 0 0 0 0 0 0 0 0 0 0 0 0 0 0 0 0 0 0 0 0 0 0 0 0 0 0 0 0 0 0 0 0 0 0 0 0 0 0 0 0 0 0 0 0 0 0 0 0 0 0 0 0 0 0
0 0 0 0 0 0 0 0 0 0 0 1 5 4 0 0 0 0 0 0 0 0 0 0 0 0 0 0 0 0 0 0 19 2 3 0 1 1 0 0 0 0 0 0 0 0 0 0 0 0 0 0 0 0 0 0 0 0 0 0 0 0 0 0 0 0 0 0 0 0 0 0 0 0 0 0 0 0 0 0 0 0 0 0 0 0 0 0 0 0 0 0 0 0 0 0 0 0 0 0 0 0 0 0 0 0 0 0 0 0 0 0 0 0 0 0 0 0 0 0 0 0 0 0 0 0 0 0 0 0 0 0 0 0 0 0 0 0 0 0 0 0 0 0 0 0 0 0 0 0
0 0 0 0 0 0 0 0 0 1 2 0 1 2 0 0 0 0 0 0 0 0 0 0 0 0 0 33 8 3 5 0 2 0 0 0 0 0 0 0 0 0 0 0 0 0 0 0 0 0 0 0 0 0 0 0 0 0 0 0 0 0 0 0 0 0 0 0 0 0 0 0 0 0 0 0 0 0 0 0 0 0 0 0 0 0 0 0 0 0 0 0 0 0 0 0 0 0 0 0 0 0 0 0 0 0 0 0 0 0 0 0 0 0 0 0 0 0 0 0 0 0 0 0 0 0 0 0 0 0 0 0 0 0 0 0 0 0 0 0 0 0 0 0 0 0 0 0 0 0
0 0 0 0 0 0 0 0 0 2 1 0 0 0 0 0 0 0 0 0 0 0 0 0 0 0 0 23 6 0 0 0 0 6 1 0 0 0 0 0 0 0 0 0 0 0 0 0 0 0 0 0 0 0 0 0 0 0 0 0 0 0 0 0 0 0 0 0 0 0 0 0 0 0 0 0 0 0 0 0 0 0 0 0 0 0 0 0 0 0 0 0 0 0 0 0 0 0 0 0 0 0 0 0 0 0 0 0 0 0 0 0 0 0 0 0 0 0 0 0 0 0 0 0 0 0 0 0 0 0 0 0 0 0 0 0 0 0 0 0 0 0 0 0 0 0 0 0 0 0
0 0 0 0 0 0 0 0 0 0 0 1 0 1 0 0 0 0 0 0 0 0 0 0 0 0 0 0 2 0 0 0 1 0 0 0 0 0 0 0 0 0 0 0 0 0 0 0 0 0 0 0 0 0 0 0 0 0 0 0 0 0 0 0 0 0 0 0 0 0 0 0 0 0 0 0 0 0 0 0 0 0 0 0 0 0 0 0 0 0 0 0 0 0 0 0 0 0 0 0 0 0 0 0 0 0 0 0 0 0 0 0 0 0 0 0 0 0 0 0 0 0 0 0 0 0 0 0 0 0 0 0 0 0 0 0 0 0 0 0 0 0 0 0 0 0 0 0 0 0
0 0 0 0 0 0 0 0 0 0 3 0 0 0 0 0 0 0 0 0 0 0 0 0 0 0 0 0 0 0 0 0 0 0 0 0 0 0 0 0 0 0 0 0 0 0 0 0 0 0 0 1 0 0 0 0 0 0 0 0 0 0 0 0 0 0 0 0 0 0 0 0 0 0 0 0 0 0 0 0 0 0 0 0 0 0 0 0 0 0 0 0 0 0 0 0 0 0 0 0 0 0 0 0 0 0 0 0 0 0 0 0 0 0 0 0 0 0 0 0 0 0 0 0 0 0 0 0 0 0 0 0 0 0 0 0 0 0 0 0 0 0 0 0 0 0 0 0 0 0
0 0 0 0 0 0 0 0 1 1 11 0 0 0 0 0 0 0 0 0 0 0 0 0 0 0 0 0 0 0 0 0 0 0 0 0 0 0 0 0 0 0 0 0 0 0 0 0 0 0 0 4 0 0 0 0 0 0 0 0 0 0 0 0 0 0 0 0 0 0 0 0 0 0 0 0 0 0 0 0 0 0 0 0 0 0 0 0 0 0 0 0 0 0 0 0 0 0 0 0 0 0 0 0 0 0 0 0 0 0 0 0 0 0 0 0 0 0 0 0 0 0 0 0 0 0 0 0 0 0 0 0 0 0 0 0 0 0 0 0 0 0 0 0 0 0 0 0 0 0
0 0 0 0 0 0 0 0 11 15 0 0 0 0 0 0 0 0 0 0 0 0 0 0 0 0 0 0 0 0 0 0 0 0 0 0 0 0 0 0 0 0 0 0 0 0 0 0 0 6 7 2 0 0 0 0 0 0 0 0 0 0 0 0 0 0 0 0 0 0 0 0 0 0 0 0 0 0 0 0 0 0 0 0 0 0 0 0 0 0 0 0 0 0 0 0 0 0 0 0 0 0 0 0 0 0 0 0 0 0 0 0 0 0 0 0 0 0 0 0 0 0 0 0 0 0 0 0 0 0 0 0 0 0 0 0 0 0 0 0 0 0 0 0 0 0 0 0 0 0
0 0 0 0 0 6 13 13 6 1 0 0 0 0 0 0 0 0 0 0 0 0 0 0 0 0 0 0 0 0 0 0 0 0 0 0 0 0 0 0 0 0 0 0 0 0 0 0 0 37 61 0 0 0 0 0 0 0 0 0 0 0 0 0 0 0 0 0 0 0 0 0 0 0 0 0 0 0 0 0 0 0 0 0 0 0 0 0 0 0 0 0 0 0 0 0 0 0 0 0 0 0 0 0 0 0 0 0 0 0 0 0 0 0 0 0 0 0 0 0 0 0 0 0 0 0 0 0 0 0 0 0 0 0 0 0 0 0 0 0 0 0 0 0 0 0 0 0 0 0
0 0 0 0 0 0 18 28 0 0 0 0 0 0 0 0 0 0 0 0 0 0 0 0 0 0 0 0 0 0 0 0 0 0 0 0 0 0 0 0 0 0 0 0 0 0 0 0 4 1 0 0 0 0 0 0 0 0 0 0 0 0 0 0 0 0 0 0 0 0 0 0 0 0 0 0 0 0 0 0 0 0 0 0 0 0 0 0 0 0 0 0 0 0 0 0 0 0 0 0 0 0 0 0 0 0 0 0 0 0 0 0 0 0 0 0 0 0 0 0 0 0 0 0 0 0 0 0 0 0 0 0 0 0 0 0 0 0 0 0 0 0 0 0 0 0 0 0 0 0
0 0 0 0 0 0 0 0 0 0 0 0 0 0 0 0 0 0 0 0 0 0 0 0 0 0 0 0 0 0 0 0 0 0 0 0 0 0 0 0 0 0 0 0 0 0 0 0 1 0 0 0 2 16 0 0 0 0 0 0 0 0 0 0 0 0 0 0 0 0 0 0 0 0 0 0 0 0 0 0 0 0 0 0 0 0 0 0 0 0 0 0 0 0 0 0 0 0 0 0 0 0 0 0 0 0 0 0 0 0 0 0 0 0 0 0 0 0 0 0 0 0 0 0 0 0 0 0 0 0 0 0 0 0 0 0 0 0 0 0 0 0 0 0 0 0 0 0 0 0
0 0 0 0 0 0 0 0 0 0 0 0 0 0 0 0 0 0 0 0 0 0 0 0 0 0 0 0 0 0 0 0 0 0 0 0 0 0 0 0 0 0 0 0 0 0 0 0 0 0 0 0 0 0 0 0 0 0 0 0 0 0 0 0 0 0 0 0 0 0 0 0 0 0 0 0 0 0 0 0 0 0 0 0 0 0 0 0 0 0 0 0 0 0 0 0 0 0 0 0 0 0 0 0 0 0 0 0 0 0 0 0 0 0 0 0 0 0 0 0 0 0 0 0 0 0 0 0 0 0 0 0 0 0 0 0 0 0 0 0 0 0 0 0 0 0 0 0 0 0
0 0 0 0 0 0 0 0 0 0 0 0 0 0 0 0 0 0 0 0 0 0 0 0 0 0 0 0 0 0 0 0 0 0 0 0 0 0 0 0 0 0 0 0 0 0 0 0 1 0 0 9 2 0 0 0 0 0 0 0 0 0 0 0 0 0 0 0 0 0 0 0 0 0 0 0 0 0 0 0 0 0 0 0 0 0 0 0 0 0 0 0 0 0 0 0 0 0 0 0 0 0 0 0 0 0 0 0 0 0 0 0 0 0 0 0 0 0 0 0 0 0 0 0 0 0 0 0 0 0 0 0 0 0 0 0 0 0 0 0 0 0 0 0 0 0 0 0 0 0
0 0 0 0 0 0 0 0 0 0 0 0 0 0 0 0 0 0 0 0 0 0 0 0 0 0 0 0 0 0 0 0 2 0 0 0 0 0 0 0 0 0 0 0 0 0 0 0 0 0 0 0 14 0 0 0 0 0 0 0 0 0 0 0 0 0 0 0 0 0 0 0 0 0 0 0 0 0 0 0 0 0 0 0 0 0 0 0 0 0 0 0 0 0 0 0 0 0 0 0 0 0 0 0 0 0 0 0 0 0 0 0 0 0 0 0 0 0 0 0 0 0 0 0 0 0 0 0 0 0 0 0 0 0 0 0 0 0 0 0 0 0 0 0 0 0 0 0 0 0
0 0 0 0 0 0 0 0 0 0 0 0 0 0 0 0 0 0 0 0 0 0 0 0 0 0 0 0 0 0 6 2 0 0 1 0 0 0 0 0 0 0 0 0 0 0 0 0 0 0 0 0 0 3 0 0 0 0 0 0 0 0 0 0 0 0 0 0 0 0 0 0 0 0 0 0 0 0 0 0 0 0 0 0 0 0 0 0 0 0 0 0 0 0 0 0 0 0 0 0 0 0 0 0 0 0 0 0 0 0 0 0 0 0 0 0 0 0 0 0 0 0 0 0 0 0 0 0 0 0 0 0 0 0 0 0 0 0 0 0 0 0 0 0 0 0 0 0 0 0
0 0 0 0 0 0 0 0 0 0 0 0 0 0 0 0 0 0 0 0 0 0 0 0 0 0 0 0 0 2 3 12 2 0 0 0 0 0 0 0 0 0 0 0 0 0 0 0 0 0 0 0 0 0 0 0 0 0 0 0 0 0 0 0 0 0 0 0 0 0 0 0 0 0 0 0 0 0 0 0 0 0 0 0 0 0 0 0 0 0 0 0 0 0 0 0 0 0 0 0 0 0 0 0 0 0 0 0 0 0 0 0 0 0 0 0 0 0 0 0 0 0 0 0 0 0 0 0 0 0 0 0 0 0 0 0 0 0 0 0 0 0 0 0 0 0 0 0 0 0
0 0 0 0 0 0 0 0 0 0 0 0 0 0 0 0 0 0 0 0 0 0 0 0 0 0 0 0 0 0 9 9 0 0 0 0 2 0 0 0 0 0 0 0 0 0 0 0 0 0 0 0 0 0 0 0 0 0 0 0 0 0 0 0 0 0 0 0 0 0 0 0 0 0 0 0 0 0 0 0 0 0 0 0 0 0 0 0 0 0 0 0 0 0 0 0 0 0 0 0 0 0 0 0 0 0 0 0 0 0 0 0 0 0 0 0 0 0 0 0 0 0 0 0 0 0 0 0 0 0 0 0 0 0 0 0 0 0 0 0 0 0 0 0 0 0 0 0 0 0
0 0 0 0 0 0 0 0 0 0 0 0 0 0 0 0 0 0 0 0 0 0 0 0 0 0 0 2 0 4 0 0 0 0 0 1 0 0 0 0 0 0 0 0 0 0 0 0 0 0 0 0 0 0 0 0 0 0 0 0 0 0 0 0 0 0 0 0 0 0 0 0 0 0 0 0 0 0 0 0 0 0 0 0 0 0 0 0 0 0 0 0 0 0 0 0 0 0 0 0 0 0 0 0 0 0 0 0 0 0 0 0 0 0 0 0 0 0 0 0 0 0 0 0 0 0 0 0 0 0 0 0 0 0 0 0 0 0 0 0 0 0 0 0 0 0 0 0 0 0
0 0 0 0 0 0 0 0 0 0 0 0 0 0 0 0 0 0 0 0 0 0 0 0 0 0 0 0 0 81 14 0 0 0 0 0 0 0 0 0 0 0 0 0 0 0 0 0 0 0 0 0 0 0 0 0 0 0 0 0 0 0 0 0 0 0 0 0 0 0 0 0 0 0 0 0 0 0 0 0 0 0 0 0 0 0 0 0 0 0 0 0 0 0 0 0 0 0 0 0 0 0 0 0 0 0 0 0 0 0 0 0 0 0 0 0 0 0 0 0 0 0 0 0 0 0 0 0 0 0 0 0 0 0 0 0 0 0 0 0 0 0 0 0 0 0 0 0 0 0
0 0 0 0 0 0 0 0 0 0 0 0 0 0 0 0 0 0 0 0 0 0 0 0 0 0 14 0 0 0 0 0 0 0 0 0 0 0 0 0 0 0 0 0 0 0 0 0 0 57 0 0 0 0 0 0 0 0 0 0 0 0 0 0 0 0 0 0 0 0 0 0 0 0 0 0 0 0 0 0 0 0 0 0 0 0 0 0 0 0 0 0 0 0 0 0 0 0 0 0 0 0 0 0 0 0 0 0 0 0 0 0 0 0 0 0 0 0 0 0 0 0 0 0 0 0 0 0 0 0 0 0 0 0 0 0 0 0 0 0 0 0 0 0 0 0 0 0 0 0
0 0 0 0 0 0 0 0 0 0 0 0 0 0 0 0 0 0 0 0 0 0 0 0 0 0 28 0 0 0 0 0 0 0 0 0 0 0 0 0 0 0 0 0 0 0 0 0 0 0 0 0 0 0 0 0 0 0 0 0 0 0 0 0 0 0 0 0 0 0 0 0 0 0 0 0 0 0 0 0 0 0 0 0 0 0 0 0 0 0 0 0 0 0 0 0 0 0 0 0 0 0 0 0 0 0 0 0 0 0 0 0 0 0 0 0 0 0 0 0 0 0 0 0 0 0 0 0 0 0 0 0 0 0 0 0 0 0 0 0 0 0 0 0 0 0 0 0 0 0
0 0 0 0 0 0 0 0 0 0 0 0 0 0 0 0 0 0 0 0 0 0 0 0 0 0 0 1 13 0 0 0 0 0 0 0 0 0 0 0 0 0 0 0 0 0 0 0 0 0 0 0 0 0 0 0 0 0 0 0 0 0 0 0 0 0 0 0 0 0 0 0 0 0 0 0 0 0 0 0 0 0 0 0 0 0 0 0 0 0 0 0 0 0 0 0 0 0 0 0 0 0 0 0 0 0 0 0 0 0 0 0 0 0 0 0 0 0 0 0 0 0 0 0 0 0 0 0 0 0 0 0 0 0 0 0 0 0 0 0 0 0 0 0 0 0 0 0 0 0
0 0 0 0 0 0 0 0 0 0 0 0 0 0 0 0 0 0 0 0 0 0 0 0 0 0 0 0 0 0 0 0 0 0 0 0 0 0 0 0 0 0 0 0 0 0 0 0 0 0 0 0 0 0 0 0 0 0 0 0 0 0 0 0 0 0 0 0 0 0 0 0 0 0 0 0 0 0 0 0 0 0 0 0 0 0 0 0 0 0 0 0 0 0 0 0 0 0 0 0 0 0 0 0 0 0 0 0 0 0 0 0 0 0 0 0 0 0 0 0 0 0 0 0 0 0 0 0 0 0 0 0 0 0 0 0 0 0 0 0 0 0 0 0 0 0 0 0 0 0
0 0 0 0 0 0 0 0 0 0 0 0 0 0 0 0 0 0 0 0 0 0 0 0 0 0 0 0 0 0 0 0 0 0 0 0 0 0 0 0 0 0 0 0 0 0 0 0 0 0 1 0 0 0 0 0 0 0 0 0 0 0 0 0 0 0 0 0 0 0 0 0 0 0 0 0 0 0 0 0 0 0 0 0 0 0 0 0 0 0 0 0 0 0 0 0 0 0 0 0 0 0 0 0 0 0 0 0 0 0 0 0 0 0 0 0 0 0 0 0 0 0 0 0 0 0 0 0 0 0 0 0 0 0 0 0 0 0 0 0 0 0 0 0 0 0 0 0 0 0
0 0 0 0 0 0 0 0 0 0 0 0 0 0 0 0 0 0 0 0 0 0 0 0 0 0 0 0 0 0 0 0 0 0 0 0 0 0 0 0 0 0 0 0 0 0 0 0 0 0 0 0 0 0 0 0 0 0 0 0 0 0 0 0 0 0 0 0 0 0 0 0 0 0 0 0 0 0 0 0 0 0 0 0 0 0 0 0 0 0 0 0 0 0 0 0 0 0 0 0 0 0 0 0 0 0 0 0 0 0 0 0 0 0 0 0 0 0 0 0 0 0 0 0 0 0 0 0 0 0 0 0 0 0 0 0 0 0 0 0 0 0 0 0 0 0 0 0 0 0
0 0 0 0 0 0 0 0 0 0 0 0 0 0 0 0 0 0 0 0 0 0 0 0 0 0 0 0 0 0 0 0 0 0 0 0 0 0 0 0 0 0 0 0 0 0 0 0 0 0 0 0 0 0 0 0 0 0 0 0 0 0 0 0 0 0 0 0 0 0 0 0 0 0 0 0 0 0 0 0 0 0 0 0 0 0 0 0 0 0 0 0 0 0 0 0 0 0 0 0 0 0 0 0 0 0 0 0 0 0 0 0 0 0 0 0 0 0 0 0 0 0 0 0 0 0 0 0 0 0 0 0 0 0 0 0 0 0 0 0 0 0 0 0 0 0 0 0 0 0
0 0 0 0 0 0 0 0 0 0 0 0 0 0 0 0 0 0 0 0 0 0 0 0 0 0 0 0 0 0 0 0 0 0 0 0 0 0 0 0 0 0 0 0 0 0 0 0 0 0 0 0 0 0 0 0 0 0 0 0 0 0 0 0 0 0 0 0 0 0 0 0 0 0 0 0 0 0 0 0 0 0 0 0 0 0 0 0 0 0 0 0 0 0 0 0 0 0 0 0 0 0 0 0 0 0 0 0 0 0 0 0 0 0 0 0 0 0 0 0 0 0 0 0 1 0 0 0 0 0 0 0 0 0 0 0 0 0 0 0 0 0 0 0 0 0 0 0 0 0
