0 0 18 6 0 0 1 0 8 80 5 2 0 5 0 0 0 4 4 0 1 1 0 0 0 17 0 1 0 0 0 0 1 1 5 1 0 0 3 2 0 0 0 0 2 0 0 0 0 0 0 0 0 0 3 0 0 0 0 11 41 33 6 3 0 3 3 0 0 0 0 0 18 193 198 347 153 37 40 6 31 210 27 52 92 211 198 244 54 279 855 482 97 589 396 594 782 414 912 134 201 134 28 24 34 43 46 298 254 23 9 5 32 117 57 32 28 15 3 0 3 39 8 53 1 11 0 4 5 12 1 9 1 5 4 0 0 8 0 0 1 0 0 0 0 0 0 0 0 18
0 4 8 5 0 0 0 0 0 21 3 8 2 2 0 0 0 0 11 0 0 3 20 0 1 22 0 1 0 0 0 0 0 0 0 0 0 3 4 0 0 0 0 0 0 0 0 0 0 0 0 0 0 0 14 0 0 0 0 35 85 35 4 6 7 0 0 1 0 0 0 1 57 163 40 0 42 64 18 70 116 82 35 3 117 226 304 132 253 268 68 33 272 357 188 212 480 483 896 549 306 88 48 13 17 4 0 61 45 12 3 4 1 22 56 22 4 9 1 12 1 4 13 3 3 1 0 0 10 29 22 7 53 41 8 0 0 1 1 64 10 1 0 0 0 0 0 0 0 0
0 0 0 0 2 0 0 0 0 12 0 2 8 18 1 0 0 0 1 1 3 18 85 24 0 0 17 13 0 0 0 0 0 0 0 5 2 3 0 5 2 0 0 3 0 0 0 0 0 0 0 0 0 0 4 0 0 1 1 17 16 23 3 4 1 0 6 0 0 0 0 1 28 0 0 1 8 39 114 236 80 39 171 30 44 208 510 144 9 8 68 25 55 325 493 663 195 436 200 511 427 291 17 62 8 6 10 19 288 166 53 6 1 6 9 6 10 32 7 3 98 13 3 10 3 8 3 5 0 18 30 3 64 89 0 0 2 0 2 11 2 6 0 0 0 0 0 0 0 0
15 2 0 0 0 0 1 0 0 3 4 0 0 0 0 1 0 0 5 0 0 0 7 1 2 0 1 4 3 0 1 0 0 0 0 0 0 4 0 1 1 0 0 0 0 0 0 0 0 0 3 0 1 0 86 30 0 13 40 2 0 0 3 9 0 0 0 0 0 1 8 91 17 2 2 7 12 84 165 187 79 26 66 319 184 13 68 187 3 148 704 598 1300 473 707 526 126 204 532 450 442 495 140 39 19 112 42 33 337 86 33 20 58 19 0 4 26 68 47 20 48 88 12 6 8 5 3 1 22 5 4 26 17 0 3 1 3 1 1 10 53 2 0 0 0 0 0 0 0 0
0 10 1 0 0 0 0 0 0 1 2 0 0 0 0 4 5 1 0 2 1 1 2 0 1 0 1 0 0 1 0 0 0 0 0 11 4 0 1 0 29 0 0 0 0 0 0 0 0 1 1 0 4 1 48 147 41 34 2 0 2 6 0 13 0 0 0 0 0 18 92 46 161 121 23 64 88 110 200 191 316 218 277 326 231 118 54 63 22 375 1010 347 530 742 423 277 82 553 338 743 496 612 753 556 616 192 95 23 4 6 9 26 37 53 13 5 2 19 57 43 252 561 116 47 3 4 1 0 1 8 2 1 0 0 2 0 0 0 0 0 49 5 0 0 0 0 0 0 1 0
15 8 0 1 0 0 0 0 3 4 3 0 0 0 0 4 0 0 4 57 86 12 2 0 0 0 0 0 0 3 0 2 0 0 9 110 25 25 0 2 0 0 2 0 0 0 0 0 0 6 46 2 0 5 3 124 25 10 27 2 0 1 2 0 0 0 0 0 8 71 86 149 190 88 124 53 42 48 25 306 380 467 282 24 4 157 76 33 2 156 1225 616 49 274 543 468 124 1084 446 448 361 327 824 388 31 106 34 46 4 2 0 2 2 34 5 13 17 7 0 6 160 114 4 3 5 5 2 0 2 0 3 1 0 0 0 1 3 0 0 0 3 0 1 0 0 0 0 0 0 0
1 0 0 0 0 0 0 0 0 10 5 0 0 0 0 0 0 2 0 0 0 1 1 0 0 0 0 0 0 2 2 0 0 0 0 7 2 6 2 0 0 0 0 0 0 0 0 0 0 4 3 3 1 15 0 25 10 0 48 32 1 3 1 2 4 0 0 0 3 110 58 81 208 368 316 121 297 120 399 430 673 780 862 482 167 14 3 125 41 103 967 678 66 383 807 420 302 404 642 58 38 305 115 130 24 40 81 14 23 9 31 120 193 54 32 11 4 6 18 27 86 111 12 0 2 10 7 4 0 0 8 0 0 0 0 0 0 5 0 0 0 0 0 0 0 0 0 0 0 0
1 0 0 0 0 0 0 0 1 0 0 0 0 0 0 0 0 0 0 0 0 0 0 0 0 0 0 1 0 2 7 0 0 0 3 4 0 0 4 7 0 0 0 0 0 0 0 0 0 0 0 0 2 8 1 6 1 34 68 83 94 34 48 3 26 35 0 0 3 71 5 0 28 44 66 34 95 195 604 689 771 584 577 207 245 160 148 516 175 52 479 90 35 318 334 304 243 792 845 211 189 365 355 430 202 158 9 57 92 36 240 368 62 31 11 64 2 1 3 9 28 9 6 17 7 0 14 0 2 0 0 0 0 0 0 0 0 0 0 0 0 0 0 0 0 0 0 0 0 0
6 1 0 0 0 0 0 0 3 8 0 0 0 1 8 0 0 0 1 0 0 0 0 0 0 0 0 0 0 0 2 0 0 0 2 0 0 1 0 2 0 0 0 0 0 0 0 0 0 0 0 0 1 10 0 0 5 11 5 48 326 187 15 3 2 16 4 5 3 59 4 0 0 3 3 13 4 33 87 448 724 688 584 34 10 17 404 250 289 56 1 5 356 814 957 1014 105 358 401 182 270 113 96 348 682 156 192 186 53 36 709 119 219 13 43 6 5 2 6 10 14 4 5 18 5 3 2 0 0 0 6 0 0 0 0 0 0 0 0 0 0 0 0 0 0 0 0 0 0 0
0 0 0 0 0 0 0 2 13 4 0 0 0 0 0 0 0 0 0 0 0 0 0 0 0 0 0 0 0 0 0 0 0 0 0 0 0 0 1 0 0 0 0 0 0 0 2 2 4 1 7 0 19 5 0 0 1 1 0 20 28 122 25 23 1 2 0 0 0 7 0 0 0 0 0 11 11 35 331 478 757 436 542 248 735 873 367 153 238 151 62 5 12 577 957 1149 553 107 79 18 48 148 27 6 80 344 264 211 64 18 376 483 173 42 4 212 340 546 202 58 40 14 28 30 48 16 29 2 1 13 76 9 0 0 0 0 0 0 0 0 0 0 0 0 0 0 0 0 0 1
0 8 5 0 0 0 0 0 0 1 1 2 0 0 0 7 3 2 2 0 0 0 0 0 0 2 0 0 0 0 0 0 0 0 0 6 0 0 2 0 0 10 0 0 0 0 9 4 9 11 5 3 5 3 0 0 0 10 12 7 2 185 7 10 0 0 1 0 0 10 0 0 0 0 0 0 12 15 165 285 347 167 625 221 232 359 251 313 407 352 42 0 11 143 377 638 761 35 22 54 43 15 2 19 87 285 611 311 139 177 422 174 165 44 0 180 364 758 334 203 274 186 250 142 104 401 108 84 57 48 5 88 7 28 42 0 0 0 0 0 0 0 0 0 0 0 0 0 0 0
1 0 0 0 0 0 0 0 9 0 0 0 0 0 0 0 6 8 2 0 0 0 0 0 0 0 0 0 0 0 0 0 2 3 9 1 0 1 5 0 4 13 10 4 2 0 1 0 0 0 0 0 2 0 2 0 1 1 0 1 0 4 0 0 10 7 0 1 2 0 2 2 0 0 0 2 169 10 91 357 379 200 52 44 131 141 36 32 150 460 36 0 0 2 5 132 837 402 289 23 1 7 17 41 24 89 344 192 26 54 201 154 114 149 29 228 615 223 449 679 301 309 183 163 136 173 0 0 0 38 1 1 58 34 32 0 0 0 0 0 0 0 0 0 0 0 0 0 0 0
0 0 0 0 0 0 0 0 0 3 0 0 0 0 0 0 0 8 2 4 3 1 0 2 0 0 0 0 0 0 0 0 0 0 0 0 0 0 0 0 0 3 48 5 24 0 0 25 0 0 0 0 18 2 6 0 0 0 2 0 2 7 1 1 0 5 2 7 1 1 17 0 0 0 0 66 114 62 163 35 117 222 25 1 9 11 2 0 2 6 0 0 5 44 115 9 602 341 661 484 19 8 45 9 18 6 24 191 396 217 797 535 146 622 273 41 21 76 934 927 178 217 144 0 38 151 0 0 37 36 2 1 36 12 7 0 0 0 0 0 0 0 0 0 0 0 0 0 0 0
0 0 0 1 0 0 1 6 0 1 0 0 0 0 0 0 0 2 63 11 9 7 1 0 0 0 0 0 0 7 10 2 0 0 0 0 0 0 0 0 0 2 0 76 32 0 0 0 3 0 0 19 0 0 0 0 0 0 3 0 10 8 7 0 0 0 27 21 21 27 59 0 0 6 6 325 588 267 110 14 41 236 86 5 38 124 11 1 2 38 7 0 0 44 4 22 98 387 195 270 1 10 289 100 321 44 125 379 222 457 857 937 571 228 229 265 167 191 550 405 162 113 0 1 0 32 23 0 3 0 0 0 0 1 0 0 0 0 0 0 0 0 0 0 0 0 0 0 0 0
0 0 0 0 0 0 0 1 8 1 0 0 0 0 0 0 0 0 2 1 12 0 0 1 1 0 0 0 0 0 2 0 0 0 0 0 0 0 0 0 0 0 0 10 26 0 0 0 1 23 4 36 1 0 2 0 4 3 6 21 83 16 9 13 3 14 101 106 252 177 50 9 9 3 88 600 677 853 332 11 0 134 29 1 9 12 9 8 0 13 1 6 1 1 0 2 51 273 271 181 17 41 406 399 1152 733 1184 643 611 432 715 401 472 488 373 213 168 89 67 85 165 126 75 15 3 17 63 20 19 11 4 0 0 0 0 0 0 0 0 0 0 0 0 0 0 0 0 0 0 0
0 0 0 0 0 0 0 19 20 0 1 0 0 0 0 0 2 0 0 4 0 10 5 2 0 0 0 0 0 3 0 0 0 0 0 0 0 0 0 0 0 0 0 0 0 22 0 0 0 26 76 104 0 1 0 10 31 74 6 98 15 33 5 34 23 43 121 58 82 133 201 55 120 116 498 739 1032 505 112 10 1 1 0 0 0 0 8 35 3 52 0 8 0 0 6 16 39 18 26 16 8 2 890 602 647 523 674 289 504 630 612 560 514 263 215 160 29 124 128 99 19 2 148 358 48 49 4 0 2 5 0 0 0 0 12 6 0 0 0 0 0 0 0 0 0 0 0 0 0 0
0 0 0 0 0 0 0 2 1 0 0 0 0 0 0 2 7 3 1 0 1 0 19 34 35 1 2 0 0 0 0 0 0 0 0 0 0 0 0 0 2 0 1 3 0 20 3 4 0 9 15 4 2 4 14 26 50 137 66 38 3 6 0 0 0 1 0 0 0 0 3 3 74 61 245 288 472 227 121 0 1 0 5 0 0 0 0 57 49 12 0 0 14 0 1 13 41 0 3 64 24 226 737 677 328 131 348 186 311 534 514 279 503 358 188 109 26 78 129 6 0 7 27 31 19 330 0 12 1 0 0 0 0 0 0 0 0 0 0 0 0 0 0 0 0 0 0 0 0 0
0 0 0 0 0 3 0 1 0 0 0 0 1 0 0 5 0 3 2 4 0 2 0 1 6 6 2 24 3 0 0 0 0 0 0 0 2 0 0 1 1 0 3 0 0 224 49 2 0 29 36 45 9 43 28 30 17 56 301 17 2 0 0 0 0 2 21 56 5 33 157 6 83 15 71 100 143 126 33 14 3 0 7 6 0 0 0 8 44 2 0 18 71 39 15 1 1 0 38 492 149 123 138 109 112 333 194 183 531 313 114 106 60 239 99 20 87 132 15 11 0 1 6 5 87 469 178 5 0 8 0 0 0 0 0 0 0 0 0 0 0 0 0 0 0 0 0 0 0 0
0 0 0 0 0 3 0 0 0 0 0 0 3 3 0 1 5 0 0 7 0 1 1 0 2 0 64 44 23 0 0 0 0 0 1 10 1 0 0 0 0 0 0 6 11 17 12 1 12 403 93 24 18 20 4 34 125 69 45 33 75 16 1 0 0 1 3 3 2 18 30 20 20 16 6 80 109 15 7 24 24 0 6 21 0 3 14 8 3 1 1 48 63 142 26 0 0 26 189 19 90 182 74 6 76 120 125 357 363 2 0 72 2 432 51 0 4 1 0 0 0 0 1 1 58 199 183 576 30 2 0 0 0 0 0 0 0 0 0 0 0 0 0 0 0 0 0 0 0 0
0 0 0 1 0 1 0 0 0 0 0 0 0 0 0 0 0 0 0 0 1 9 61 2 1 5 3 20 119 10 0 0 1 0 0 0 0 0 0 0 0 4 6 35 18 118 64 8 1 96 40 27 6 13 59 6 21 65 4 0 0 19 5 0 0 9 0 0 14 12 33 35 18 0 4 34 17 0 5 0 5 0 0 0 0 11 20 1 10 10 3 27 12 0 1 15 2 5 6 6 624 699 505 117 75 97 97 333 176 2 0 1 1 218 8 0 0 0 0 0 0 0 0 3 12 4 7 162 12 0 0 0 0 0 0 0 0 0 0 0 0 0 0 0 0 0 0 0 0 0
0 0 0 0 1 0 0 0 0 0 0 1 0 5 1 0 0 0 0 1 0 2 17 1 0 7 7 6 1 4 0 7 5 1 0 0 0 0 0 0 4 4 9 9 2 8 14 21 68 250 267 82 12 49 12 1 6 0 2 0 1 2 6 13 135 97 4 0 4 16 66 24 3 0 24 95 156 83 6 19 8 8 3 3 0 0 7 3 22 9 14 0 0 2 0 0 0 1 279 303 931 723 357 115 1 14 90 147 4 0 0 0 0 16 0 0 0 0 0 0 0 0 1 2 0 0 20 28 0 0 0 0 0 0 0 0 0 0 0 0 0 0 0 0 0 0 0 0 0 0
0 0 0 0 0 0 0 0 0 0 0 0 0 2 0 14 0 0 0 0 2 4 6 1 1 4 0 0 0 0 8 52 18 2 1 0 0 5 0 0 21 4 0 0 0 0 2 10 159 627 284 183 28 5 0 0 0 1 0 0 5 1 0 0 9 10 32 7 5 44 22 9 12 0 0 12 122 79 49 64 20 40 3 45 9 3 5 4 158 48 7 8 2 3 6 4 5 0 44 262 190 127 37 2 18 7 116 77 10 0 0 1 16 87 0 0 0 0 0 0 0 0 0 0 0 45 28 0 1 0 5 0 0 0 0 0 0 0 0 0 0 0 0 0 0 0 0 0 0 0
0 0 0 0 0 0 0 0 0 0 0 0 0 0 1 0 0 0 0 0 0 0 11 1 0 0 0 0 0 0 0 7 31 11 0 0 51 99 13 8 1 0 0 0 0 0 9 14 25 295 178 101 7 0 0 0 0 12 10 3 1 0 0 0 7 0 11 2 0 7 11 36 38 1 0 0 11 5 20 19 3 47 45 0 0 8 28 0 0 0 0 1 3 0 0 2 4 0 1 0 1 0 4 33 43 20 51 51 78 107 26 3 86 0 0 0 0 0 0 0 0 0 0 6 20 48 73 5 0 0 1 0 0 0 0 0 0 0 0 0 0 0 0 0 0 0 0 0 0 0
0 0 2 0 0 0 0 0 0 0 0 0 0 0 0 0 1 2 1 0 3 0 2 0 0 0 0 0 0 1 0 1 3 10 2 1 4 15 6 0 0 0 0 0 5 56 23 41 8 110 121 33 3 6 2 0 12 25 4 0 0 0 0 0 0 1 0 1 0 0 1 6 91 65 9 11 0 0 0 1 0 16 83 102 4 3 3 0 0 0 0 5 1 2 0 1 0 0 2 2 1 0 4 124 49 23 15 3 9 26 2 182 28 0 0 0 0 0 0 0 0 0 3 21 10 5 28 86 2 0 0 0 0 0 0 0 0 0 0 0 0 0 0 0 0 0 0 0 0 0
0 0 0 0 0 0 0 0 0 0 0 0 0 0 0 0 0 0 0 0 1 0 3 0 0 0 2 0 0 0 0 0 1 1 10 0 2 37 0 0 0 0 0 22 28 26 54 6 3 13 47 36 25 18 25 2 1 0 3 8 0 0 0 0 0 0 0 12 4 5 2 1 4 9 52 5 0 0 0 0 0 0 8 63 17 4 0 3 0 0 1 1 0 2 1 1 11 0 0 13 5 4 10 17 411 0 0 3 0 0 0 109 12 0 0 1 1 0 0 0 0 0 0 0 0 22 32 21 0 0 32 0 0 0 0 0 2 0 0 0 1 0 0 0 0 0 0 0 0 0
0 0 0 0 0 0 0 0 0 0 0 0 0 0 6 0 5 0 0 0 0 0 0 1 0 0 0 2 0 0 0 0 2 31 20 0 0 18 0 0 0 0 0 6 113 6 0 0 6 0 40 8 0 11 0 0 1 0 0 0 0 1 0 0 13 3 0 4 2 1 2 27 0 4 0 5 3 0 0 0 4 1 0 5 2 14 2 8 0 5 0 1 3 0 2 0 0 3 1 2 4 16 7 80 244 174 0 5 0 0 0 26 12 15 16 3 0 0 0 0 0 0 0 0 0 33 9 24 0 0 0 0 0 0 0 0 5 22 0 0 0 0 0 0 0 0 0 0 0 0
0 0 0 0 0 0 0 0 0 0 0 0 1 0 6 0 3 0 0 0 1 1 0 0 0 0 0 11 0 0 0 0 0 6 16 12 0 1 3 13 2 1 3 7 63 4 6 2 0 1 29 14 3 2 0 0 0 1 0 0 0 0 0 0 6 0 0 1 2 1 7 4 1 0 2 0 12 0 0 0 0 0 16 5 1 2 17 20 0 1 5 0 1 0 0 0 0 0 0 1 10 13 5 12 81 307 54 6 0 0 0 0 0 5 7 10 1 0 2 0 0 0 0 0 9 172 37 9 0 1 0 0 0 0 0 0 5 10 0 0 0 0 0 0 0 0 0 0 0 0
0 0 0 0 0 0 0 0 0 0 0 0 0 8 0 2 4 35 1 1 2 15 5 0 0 0 0 0 2 1 1 0 0 34 4 0 3 22 3 17 76 50 15 110 170 5 27 1 5 1 0 26 21 1 3 1 0 0 0 0 0 0 0 0 0 0 0 0 6 13 78 11 6 3 0 0 3 3 0 0 0 0 0 0 0 0 1 3 50 9 8 0 0 1 1 0 0 1 0 0 0 1 13 1 10 756 642 42 2 0 0 0 0 0 0 0 16 98 73 2 0 0 0 17 68 35 118 214 145 13 0 0 0 0 1 0 6 0 0 0 0 0 0 0 0 0 0 0 0 0
0 0 0 0 0 1 0 0 0 0 1 2 21 7 4 6 36 71 2 4 0 1 3 2 0 0 0 2 2 1 1 2 6 1 1 18 8 18 70 89 248 413 149 240 68 4 0 0 0 0 0 1 41 7 0 0 0 0 0 0 0 0 0 0 0 0 0 1 0 0 7 38 11 0 16 11 0 12 0 0 0 1 14 0 5 0 0 0 12 9 3 0 2 3 9 25 1 0 0 0 0 13 17 25 263 376 285 333 5 0 0 0 0 0 0 4 165 76 20 0 0 0 2 99 228 168 634 506 64 18 0 0 4 17 0 1 0 0 0 0 0 0 0 0 0 0 0 0 0 0
0 0 0 0 0 0 0 0 2 6 6 41 38 1 0 2 2 8 2 0 2 0 18 17 3 2 0 0 1 0 0 0 0 1 45 13 5 2 44 167 482 590 406 484 37 1 3 3 7 0 5 2 36 98 9 10 0 0 0 0 1 0 0 0 0 0 0 0 1 0 0 0 1 0 0 0 0 7 16 0 0 1 5 0 9 0 0 0 0 12 0 2 2 19 5 7 0 0 0 3 0 1 11 5 7 94 1 121 16 0 0 0 3 0 57 72 611 292 63 27 14 16 3 90 117 75 329 482 322 320 43 57 31 122 6 0 0 0 0 0 0 0 0 0 0 0 0 0 0 0
0 0 0 0 0 0 6 4 2 9 1 1 3 0 1 27 0 0 7 3 0 7 108 18 0 0 0 0 0 1 5 10 0 0 8 11 14 24 40 67 334 230 326 129 21 9 6 5 4 2 1 4 11 4 4 0 0 0 0 0 0 0 0 0 0 0 0 0 1 0 1 1 0 0 0 1 3 2 2 0 10 13 5 0 22 0 0 3 26 14 1 0 3 3 2 0 3 3 5 1 0 1 1 7 1 3 0 4 33 2 3 1 0 0 65 687 400 319 133 194 149 64 65 8 2 11 150 228 4 93 14 221 307 53 25 3 0 0 0 0 0 0 0 0 0 0 0 0 0 0
0 0 0 0 0 0 0 0 0 2 3 4 2 2 0 1 3 0 10 14 191 60 10 0 0 0 0 0 1 17 0 1 8 38 16 2 0 4 0 47 404 244 304 122 97 25 4 0 2 6 0 1 2 5 23 3 1 0 0 0 0 0 0 0 0 0 0 0 0 0 0 0 0 0 0 0 0 3 7 0 13 5 27 110 13 0 0 0 1 2 0 0 1 0 1 1 5 0 0 0 3 0 0 0 2 4 3 38 204 140 302 382 93 168 387 600 375 167 58 405 89 191 8 0 48 133 144 105 2 0 90 180 210 30 46 2 0 0 0 0 0 0 0 0 0 0 0 0 0 0
0 0 0 0 0 0 0 4 0 0 4 3 2 15 4 8 0 3 1 17 59 3 0 0 0 0 0 0 1 6 7 9 6 4 3 3 1 0 4 7 28 84 58 77 0 0 1 0 0 2 3 5 61 1 0 3 2 2 1 0 0 0 0 0 0 0 0 0 0 0 0 0 0 0 0 7 0 30 4 4 5 12 18 6 0 0 0 0 0 1 2 0 4 1 5 0 2 1 0 0 3 0 0 0 0 17 4 21 175 60 152 70 25 334 1207 497 178 251 74 396 84 17 0 24 4 68 65 0 0 0 47 540 1 0 1 0 0 0 0 0 0 0 0 0 0 0 0 0 0 0
0 0 0 6 0 15 9 6 0 0 0 0 0 1 7 0 2 2 19 28 19 0 0 0 0 0 0 1 0 6 61 0 17 0 11 2 0 4 10 1 15 9 1 2 1 0 0 0 8 2 0 5 180 6 22 37 26 1 0 0 0 0 0 0 0 0 0 0 0 0 0 0 0 0 0 0 0 9 2 4 0 1 1 0 0 0 0 0 1 0 1 1 4 21 10 1 3 2 2 2 4 0 0 0 0 0 6 89 32 9 0 23 263 169 205 355 129 268 148 149 359 0 0 0 0 0 0 0 0 0 0 88 33 0 0 0 0 0 0 0 0 0 0 0 0 0 0 0 0 0
0 0 0 0 1 0 1 26 2 1 1 0 2 4 5 5 11 7 1 0 0 4 2 0 0 1 0 35 9 6 14 46 13 2 3 1 0 1 2 1 5 15 3 2 1 0 2 0 0 0 4 17 174 66 1 26 2 0 0 1 0 0 0 0 0 0 0 0 0 0 0 0 0 0 0 0 7 7 1 2 0 0 0 0 0 0 0 0 11 0 11 4 13 30 2 16 3 3 0 0 4 0 0 3 0 0 0 80 531 20 0 0 1 0 0 0 2 34 397 610 58 0 0 0 0 2 10 0 0 0 0 1 66 1 0 0 0 0 0 0 0 0 0 0 0 0 0 0 0 0
2 1 0 0 0 0 6 41 9 2 6 3 1 1 0 92 25 16 1 3 0 1 2 1 1 9 2 12 1 4 11 13 3 3 0 1 1 0 0 2 8 1 0 0 1 0 5 0 0 0 0 39 5 35 20 1 3 0 0 0 0 0 0 0 0 0 0 0 0 0 0 0 0 0 0 1 6 18 0 0 0 0 0 0 0 0 0 0 3 0 5 0 10 24 0 0 0 0 4 4 0 1 4 0 2 15 24 32 185 0 0 0 0 0 0 0 0 2 106 223 255 142 0 0 5 60 0 0 0 58 115 27 58 7 0 0 0 0 0 0 0 0 0 0 0 0 0 0 0 0
0 1 0 0 0 2 1 0 0 1 8 3 2 1 16 29 55 19 4 0 0 1 3 1 2 3 2 0 0 2 0 0 2 4 10 0 0 0 0 10 0 30 5 4 1 0 1 2 0 0 6 50 42 34 47 11 3 0 1 1 0 0 0 0 0 0 0 0 0 0 0 0 0 0 0 0 1 29 55 5 0 7 0 0 0 0 7 103 21 0 1 7 1 0 0 3 0 1 1 1 38 13 10 12 4 6 16 14 68 59 0 0 0 12 65 60 152 506 111 207 680 134 1 9 310 50 0 0 0 102 217 0 0 0 0 0 0 0 0 0 0 0 0 0 0 0 0 0 0 0
1 0 1 0 0 0 3 0 0 3 8 105 8 5 0 0 2 7 1 0 1 0 0 3 3 0 5 0 27 4 0 0 0 0 0 0 0 0 4 0 0 9 26 6 5 4 2 0 0 0 1 53 26 4 2 1 0 0 0 0 0 0 0 0 0 0 0 0 0 0 0 0 0 0 0 1 0 7 24 2 0 3 0 0 0 1 1 9 0 0 3 0 2 5 0 0 0 0 1 1 0 0 4 5 21 0 15 50 36 17 0 0 0 0 148 573 795 451 49 43 87 135 105 380 272 2 0 0 20 400 155 0 0 0 0 0 0 0 0 0 0 0 0 0 0 0 0 0 0 0
0 0 0 0 0 0 1 0 0 1 13 26 1 2 2 0 1 0 0 9 3 0 0 2 0 0 2 0 2 0 0 0 0 0 0 0 0 0 16 6 0 0 0 0 3 0 0 0 0 0 2 80 2 9 1 0 0 0 3 1 0 0 0 0 0 0 0 0 0 0 0 0 0 0 0 0 3 1 76 42 16 20 29 1 0 0 0 0 0 0 0 0 0 4 0 0 0 0 0 3 18 1 2 5 6 3 6 5 41 0 0 2 39 41 34 34 7 66 439 296 28 241 696 564 498 274 134 188 629 1096 604 8 0 0 0 0 0 0 0 0 0 0 0 0 0 0 0 0 0 0
0 1 0 0 0 1 1 2 0 15 32 6 1 17 8 7 2 0 0 0 0 0 0 0 0 36 25 0 0 0 1 0 2 1 1 0 0 0 1 18 1 0 0 0 0 2 12 2 1 0 5 276 34 14 0 5 0 1 0 9 0 0 0 0 0 0 0 0 0 0 0 0 0 0 0 0 1 11 57 0 0 28 19 0 0 0 0 0 6 3 1 1 0 10 2 15 10 3 1 2 3 0 1 2 8 13 6 2 99 42 12 17 12 10 1 17 1 160 208 443 587 694 827 753 1320 856 567 606 963 650 502 7 0 0 0 0 0 0 0 0 0 0 0 0 0 0 0 0 0 0
0 0 0 0 0 0 1 1 20 6 3 1 0 2 1 10 6 5 0 0 0 0 0 0 0 2 9 0 1 0 0 0 1 1 5 1 0 2 2 0 0 0 2 0 0 0 0 0 11 28 569 414 14 70 13 2 37 0 3 6 0 2 0 0 0 0 0 0 0 0 0 0 0 0 0 0 1 0 0 2 0 0 0 0 0 0 0 0 7 0 0 2 6 0 0 0 1 0 4 4 11 8 9 1 39 16 35 21 11 20 13 5 4 16 7 9 5 81 453 1190 1289 679 303 1085 1856 912 193 728 483 8 125 21 0 0 0 0 0 0 0 0 0 0 0 0 0 0 0 0 0 0
1 8 0 2 0 0 1 1 14 2 0 1 8 17 3 1 1 4 0 0 0 0 0 0 2 4 0 1 0 0 0 28 30 5 0 1 1 0 1 0 0 0 0 0 0 0 0 0 2 10 407 324 447 480 57 23 3 2 3 7 0 0 0 0 0 0 0 0 0 0 0 0 0 0 0 4 0 0 1 32 0 1 0 0 0 0 0 21 62 0 0 13 2 0 0 0 0 0 0 5 10 0 15 2 17 112 323 23 6 0 3 5 0 3 6 7 16 12 86 508 416 606 325 2460 1550 605 236 229 12 470 754 554 0 0 0 0 0 0 0 0 0 0 0 0 0 0 0 0 0 0
2 1 1 10 0 0 10 10 16 5 6 37 1 3 0 1 0 0 0 0 0 0 0 1 0 0 4 0 0 0 0 8 3 4 0 1 3 0 0 0 0 0 0 0 0 1 0 0 0 3 257 314 493 350 57 41 1 2 3 2 0 0 0 0 0 0 0 0 0 0 0 0 0 0 1 0 0 0 0 40 3 1 8 0 0 0 0 12 56 4 1 17 72 0 0 0 0 0 0 6 1 32 13 42 15 15 10 17 0 0 0 0 3 1 0 4 7 6 12 66 344 261 445 814 963 845 370 509 350 636 255 216 1 0 0 0 0 0 2 0 0 0 0 0 0 0 0 0 0 0
2 3 4 3 1 5 9 11 1 0 2 5 0 0 0 0 0 0 0 0 0 0 1 0 0 0 0 0 0 0 2 0 0 0 0 0 1 0 0 0 0 0 0 0 0 2 4 0 0 1 66 89 265 27 24 29 2 8 7 0 0 0 0 0 0 0 0 0 0 0 0 0 0 0 0 0 0 0 2 0 3 2 0 0 0 0 44 79 16 0 1 171 115 20 5 0 0 0 0 17 39 3 46 113 19 0 3 1 12 0 0 0 4 2 3 1 2 50 23 37 193 956 981 456 332 972 742 829 142 146 70 104 0 0 0 0 0 0 0 0 0 0 0 0 0 0 0 0 0 0
0 1 5 0 6 0 19 30 7 5 7 0 2 2 0 0 0 0 0 0 0 0 0 1 0 0 0 0 0 0 0 0 0 0 0 0 0 0 0 0 0 0 0 0 0 1 0 0 1 3 1 15 109 27 31 0 0 45 64 1 1 4 0 0 0 0 0 0 0 0 0 0 0 0 0 0 0 0 0 0 0 2 15 17 5 55 6 0 16 39 126 140 94 4 2 10 0 4 17 19 44 239 199 364 297 25 14 5 4 2 0 0 0 0 6 1 4 76 34 406 495 727 1917 1570 758 176 1505 1240 728 0 0 3 0 0 0 0 0 0 0 0 0 0 0 0 0 0 0 0 0 0
1 7 16 0 3 17 13 32 10 5 0 0 11 0 0 0 0 0 0 0 0 1 0 0 0 0 0 0 4 0 0 0 1 1 0 1 0 0 0 0 4 0 0 0 0 0 0 1 1 6 0 11 68 3 24 0 0 8 81 9 3 0 0 0 0 0 0 0 0 0 0 0 0 0 0 0 0 0 0 0 1 2 13 1 1 17 0 18 11 56 61 88 119 5 58 1 1 1 0 12 129 190 317 270 163 56 1 7 0 6 4 1 0 0 2 0 2 554 391 890 568 18 6 171 221 309 266 704 340 9 131 6 0 0 0 0 0 0 0 0 0 0 0 0 0 0 0 0 0 0
4 4 77 25 59 103 26 12 3 4 0 0 2 6 0 1 0 0 0 0 1 1 0 0 0 0 0 0 0 0 0 0 0 0 0 0 0 0 1 0 1 6 1 0 0 0 0 0 2 0 1 5 9 0 1 0 2 0 1 23 6 1 0 0 0 0 0 0 0 0 0 0 0 0 0 0 0 0 0 0 15 46 0 3 42 1 79 14 0 0 2 6 12 2 1 0 0 0 0 6 6 98 526 303 97 232 12 10 6 7 9 0 0 0 0 23 263 609 122 30 0 0 0 0 31 361 124 535 398 19 35 12 0 0 0 0 0 0 0 0 0 0 0 0 0 0 0 0 0 0
0 36 59 118 346 294 130 38 7 0 0 0 0 0 1 0 0 0 0 0 0 8 0 0 0 0 0 0 0 0 0 0 0 0 0 0 0 0 0 0 0 0 0 4 7 22 0 11 1 0 0 11 6 1 0 1 3 0 24 3 0 1 0 0 0 0 0 0 0 0 0 0 0 0 0 0 0 0 2 14 5 0 0 2 14 10 35 146 105 0 0 0 0 0 0 0 0 0 0 0 0 137 395 168 126 152 13 0 0 4 3 4 0 0 10 96 206 15 18 60 0 0 0 0 9 375 202 424 182 10 40 1 0 0 0 0 0 0 0 0 0 0 0 0 0 0 0 0 0 0
1 50 282 479 240 206 76 16 0 0 0 5 3 0 0 0 0 3 0 1 0 1 0 0 1 0 0 1 0 0 0 0 0 0 1 0 0 0 0 1 0 0 2 2 1 0 0 23 25 1 0 0 7 0 0 2 2 0 0 0 0 0 0 0 0 0 0 0 0 0 0 0 0 0 0 2 0 17 0 0 0 0 0 4 0 0 35 44 0 0 1 1 0 0 0 5 0 0 0 0 7 28 21 46 116 95 3 0 1 0 7 25 16 55 12 2 2 13 11 40 38 67 10 0 10 84 57 107 44 1 0 0 0 0 0 0 0 0 0 0 0 0 0 0 0 0 0 0 0 0
1 7 210 158 93 123 44 11 5 3 0 2 0 0 0 0 0 0 3 5 6 4 0 0 1 0 1 0 0 0 2 0 16 0 0 0 0 0 0 0 0 0 6 0 1 1 0 0 2 4 0 0 0 0 0 7 0 0 0 0 0 0 0 0 0 0 0 0 0 0 0 0 0 0 0 0 0 0 0 0 0 0 0 2 0 0 133 10 4 16 21 3 0 0 5 7 0 0 0 385 755 187 293 148 3 136 63 2 2 2 8 47 28 4 0 0 0 0 40 61 98 60 209 339 63 49 1 1 0 3 0 0 0 0 0 0 0 0 0 0 0 0 0 0 0 0 0 0 0 0
9 17 35 50 44 33 0 2 4 9 4 0 0 0 0 0 1 0 0 0 0 51 0 0 0 0 0 0 0 0 0 0 0 0 0 0 0 0 0 0 0 0 0 0 0 22 3 3 0 0 0 0 0 0 0 14 1 0 0 0 0 0 0 0 0 0 0 0 0 0 0 0 0 0 0 0 4 5 0 0 0 0 0 0 0 0 12 1 0 47 22 0 0 0 38 97 78 3 169 1425 364 560 190 68 0 11 45 103 0 10 72 0 0 0 0 0 0 0 29 40 118 20 20 43 12 46 16 7 74 30 8 0 0 0 0 0 0 0 0 0 0 0 0 0 0 0 0 0 0 0
60 8 9 5 3 0 0 0 0 0 0 0 0 0 0 0 0 0 0 1 0 14 1 1 0 0 0 0 0 2 0 0 0 4 1 0 0 0 0 0 0 0 0 0 1 7 8 7 0 0 1 0 1 2 67 16 2 0 0 0 0 0 0 0 0 0 0 0 0 0 0 0 0 0 12 9 0 0 0 0 0 0 0 0 0 0 24 0 0 0 94 10 6 10 117 259 89 26 110 155 57 30 26 38 2 1 0 262 506 136 0 1 0 1 6 0 0 0 3 2 25 12 2 8 41 72 51 45 308 93 28 0 0 0 0 0 0 0 0 0 0 0 0 0 0 0 0 0 0 0
8 0 7 1 0 0 3 0 0 0 0 1 0 0 0 1 0 0 0 0 0 0 0 0 0 0 0 1 0 1 6 57 1 0 0 0 0 0 0 0 0 0 0 0 0 0 0 0 0 0 0 1 3 0 40 0 0 0 0 0 0 0 0 0 0 0 0 0 0 0 0 0 0 0 11 12 0 0 0 0 0 0 0 0 0 0 58 51 154 35 109 17 16 16 0 39 10 2 0 2 5 1 4 2 2 6 204 343 195 68 14 0 0 0 0 0 0 7 1 0 4 11 1 10 19 210 85 200 33 95 40 0 0 0 0 0 0 0 0 0 0 0 0 0 0 0 0 0 0 0
0 0 0 1 0 0 0 0 0 0 0 0 0 0 0 0 0 0 0 0 1 0 1 0 0 0 0 0 4 0 3 0 0 0 0 0 0 0 0 0 0 1 0 0 1 1 0 0 0 0 0 2 4 33 15 4 0 0 0 0 0 0 0 0 0 0 0 0 0 0 0 1 2 1 1 0 0 0 0 0 0 0 0 0 0 0 0 0 95 3 0 0 0 3 0 19 2 1 3 0 3 7 0 4 2 243 645 508 187 146 0 0 0 0 0 0 0 0 71 18 0 64 2 13 3 8 100 46 9 21 2 3 0 0 0 0 0 0 0 0 0 0 0 0 0 0 0 0 0 0
1 0 0 1 1 1 0 0 0 0 0 0 0 0 0 0 0 0 0 0 0 0 0 6 0 0 2 0 0 1 0 0 0 0 0 0 0 0 0 0 0 0 2 0 0 0 0 0 0 0 2 2 0 61 8 5 4 0 0 0 0 0 0 0 0 0 0 0 0 0 2 1 5 0 1 0 0 0 0 0 0 0 0 0 0 0 5 0 1 2 0 0 3 21 1 0 5 0 6 0 4 1 0 0 36 70 145 15 35 173 0 0 0 0 0 0 0 0 4 17 1 10 7 45 67 27 205 25 22 23 8 0 0 0 0 0 0 0 0 0 0 0 0 0 0 0 0 0 0 0
0 0 0 0 3 35 0 0 0 0 0 0 0 0 0 1 0 0 0 3 0 0 0 0 0 0 3 0 0 0 1 0 0 0 0 0 0 0 0 0 0 0 0 4 0 0 0 0 0 0 1 0 4 0 6 0 1 2 0 0 0 0 0 0 0 0 0 0 2 7 0 0 0 0 0 0 0 0 0 0 0 0 0 0 0 0 0 0 10 0 0 40 135 10 1 0 0 0 0 1 10 10 27 20 96 36 0 3 6 16 12 0 0 0 0 0 0 0 0 0 0 7 3 21 0 0 0 129 9 4 0 0 0 0 0 0 0 0 0 0 0 0 0 0 0 0 0 0 0 0
0 0 0 0 68 19 0 0 0 0 0 0 0 0 5 0 0 0 1 0 0 0 0 0 0 0 0 1 3 0 0 0 0 0 0 0 0 0 1 1 0 0 0 1 0 0 3 0 0 1 1 0 0 2 3 1 4 0 0 0 0 0 0 0 0 0 0 0 5 7 0 0 2 0 0 1 0 0 0 0 0 0 0 0 0 0 0 0 67 51 143 204 124 23 0 2 3 0 0 33 31 503 290 115 11 20 7 0 0 11 13 0 0 0 0 0 0 0 0 0 0 0 0 0 0 5 43 35 0 0 0 0 0 0 0 0 0 0 0 0 0 0 0 0 0 0 0 0 0 0
0 0 0 0 0 5 0 0 0 0 0 0 0 3 0 0 0 1 2 0 0 0 0 0 0 0 0 0 0 5 0 0 0 0 1 4 0 0 0 0 0 0 0 0 1 7 0 0 0 1 5 0 2 1 0 2 10 0 0 0 0 0 0 0 0 0 0 0 11 0 0 0 0 0 0 0 0 0 0 0 0 0 0 0 1 0 8 0 32 91 216 156 112 28 0 4 14 4 5 74 162 113 153 19 2 1 4 0 0 2 5 0 0 0 0 0 0 0 0 0 1 31 65 0 0 4 3 1 0 0 0 0 0 0 0 0 0 0 0 0 0 0 0 0 0 0 0 0 0 0
0 0 0 0 0 1 0 0 0 0 0 0 21 12 0 1 0 0 0 0 0 0 0 0 0 3 3 1 0 20 0 0 0 0 0 6 0 0 0 0 1 0 0 2 0 9 6 0 0 1 4 0 1 9 9 1 0 3 0 0 0 0 0 0 0 0 2 9 23 0 0 0 1 0 0 0 0 0 0 0 0 0 0 0 2 7 23 3 1 10 0 1 16 4 23 0 0 0 10 26 109 0 3 4 0 0 0 4 1 24 23 48 0 0 0 0 0 0 0 0 0 0 0 0 0 0 0 0 0 0 0 0 0 0 0 0 0 0 0 0 0 0 0 0 0 0 0 0 0 0
0 0 0 0 1 0 1 0 0 0 0 0 0 0 0 4 0 0 0 0 0 0 0 0 0 0 0 1 0 1 0 0 0 0 0 0 0 0 0 0 0 0 7 0 0 0 0 13 0 13 0 0 0 4 3 3 2 0 0 0 0 0 0 0 0 0 3 36 13 0 0 0 0 0 0 0 0 0 0 0 0 0 0 0 30 1 0 1 4 13 1 2 4 2 1 2 3 26 31 12 32 21 0 2 1 0 0 21 79 103 161 318 62 18 6 0 0 0 0 0 0 0 0 0 0 0 0 0 0 0 0 0 0 0 0 0 0 0 0 0 0 0 0 0 0 0 0 0 0 0
0 0 0 0 0 3 0 0 0 0 0 0 0 0 0 0 0 0 0 0 0 0 0 0 0 0 0 0 0 0 0 0 0 0 0 0 0 0 2 0 0 0 0 0 0 0 2 0 9 1 1 0 0 0 1 39 74 1 1 0 0 0 0 0 0 8 34 74 2 0 0 0 0 0 0 0 0 0 0 0 0 0 0 5 34 1 0 3 2 0 2 9 7 0 5 14 47 28 9 1 2 1 15 7 10 0 25 3 45 104 164 52 269 68 11 0 0 0 0 0 0 0 0 0 0 0 0 0 0 0 0 0 0 0 0 0 0 0 0 0 0 0 0 0 0 0 0 0 0 0
0 0 0 0 0 0 0 1 0 0 0 0 0 0 0 20 5 0 0 0 0 0 0 0 0 0 0 0 0 1 0 0 0 0 0 0 1 0 0 0 0 0 0 0 0 0 1 3 41 3 0 0 0 0 7 4 1 5 16 15 0 1 1 9 2 1 1 2 0 1 0 0 0 0 0 0 0 0 0 0 0 0 0 0 0 0 0 8 24 1 1 0 1 3 12 146 4 0 0 0 1 0 1 0 13 65 278 725 433 103 35 0 122 28 0 0 0 0 0 0 0 0 0 0 0 0 0 0 0 0 0 0 0 0 0 0 0 0 0 0 0 0 0 0 0 0 0 0 0 0
0 0 2 0 0 40 1 11 2 0 1 0 0 0 1 1 0 0 0 0 0 0 0 0 0 0 0 0 0 4 1 0 0 0 0 0 0 0 9 0 0 2 0 0 2 2 22 12 2 0 1 0 2 1 4 1 0 0 0 1 0 0 0 2 0 0 1 2 0 10 1 2 0 0 0 0 0 0 0 0 0 0 0 0 0 2 0 3 0 1 21 15 0 3 75 12 2 0 0 0 1 2 0 7 28 62 155 267 190 231 105 116 191 5 0 0 0 0 0 0 0 0 0 0 0 0 0 0 0 0 0 0 0 0 0 0 0 0 0 0 0 0 0 0 0 0 0 0 0 0
0 0 0 0 13 38 0 0 0 0 0 0 0 1 0 0 0 0 0 0 0 0 0 0 0 0 0 0 0 0 0 0 0 1 0 0 1 1 0 2 0 3 0 0 0 0 3 0 3 2 2 0 0 3 2 0 0 2 1 0 0 1 0 0 0 1 1 0 3 0 0 0 3 1 0 0 0 0 0 0 0 0 0 0 0 1 0 0 3 0 0 0 46 29 2 13 164 0 0 0 0 0 0 129 134 217 1 0 5 47 0 17 6 0 0 0 0 0 0 0 0 0 0 0 0 0 0 0 0 0 0 0 0 0 0 0 0 0 0 0 0 0 0 0 0 0 0 0 0 0
0 0 0 0 0 0 0 0 6 2 0 0 0 1 0 0 0 0 0 0 0 0 0 0 0 0 0 0 0 0 0 2 0 1 0 0 0 0 0 0 0 0 0 0 0 0 0 0 2 4 2 0 0 0 0 0 0 0 7 2 6 1 1 0 0 0 0 0 0 0 0 3 1 0 0 0 0 0 0 0 0 0 0 0 0 0 0 0 0 1 0 18 48 18 12 103 299 0 0 0 0 0 0 5 19 0 1 0 0 0 24 89 1 0 0 0 0 0 0 0 0 0 0 0 0 0 0 0 0 0 0 0 0 0 0 0 0 0 0 0 0 0 4 16 5 0 0 0 0 0
0 0 1 0 0 1 0 0 0 1 0 0 0 0 0 0 0 0 0 0 0 0 0 0 0 0 0 0 0 0 0 1 0 0 0 0 0 0 0 0 0 0 0 0 0 0 0 0 0 0 10 0 1 4 0 0 0 0 0 0 4 0 0 0 0 0 0 0 0 0 2 0 0 0 0 0 0 0 0 0 0 0 0 0 0 0 0 0 34 0 2 19 229 144 31 0 2 0 0 0 0 0 4 14 0 0 0 3 0 57 132 4 2 1 0 0 0 0 0 0 0 0 0 0 0 0 0 0 0 0 0 0 0 0 0 0 0 0 0 0 0 0 0 5 2 0 0 0 0 0
0 0 0 0 2 1 0 0 0 0 0 0 0 1 1 0 0 0 0 0 0 0 0 0 1 0 0 0 0 0 0 0 0 0 0 0 0 0 0 0 0 0 0 0 0 0 0 0 0 0 1 1 17 0 0 0 0 0 0 0 0 0 0 0 0 0 0 0 0 0 0 0 0 0 0 0 0 0 0 0 0 0 0 0 0 0 0 0 0 0 13 43 380 0 0 9 6 0 0 0 0 0 0 1 0 0 0 5 26 2 46 2 0 0 0 0 0 0 0 0 0 0 0 0 0 0 0 0 0 0 0 0 0 0 0 0 0 0 0 0 0 0 0 0 0 0 0 0 0 0
0 0 0 0 0 0 0 0 0 0 0 0 1 0 0 0 0 0 2 0 0 0 0 0 0 0 0 0 0 0 0 0 0 0 0 0 0 0 0 0 0 0 0 0 0 0 0 0 0 0 1 4 0 0 0 0 0 0 1 7 4 0 0 0 0 0 0 0 0 0 3 37 1 0 0 0 0 0 0 0 0 0 0 0 0 0 0 0 1 0 15 21 6 14 7 0 0 0 0 0 0 0 0 0 0 0 0 0 0 0 0 0 0 0 0 0 0 0 0 0 0 0 0 0 0 0 0 0 0 0 0 0 0 0 0 0 0 0 0 0 0 0 0 0 0 0 0 0 0 0
0 0 0 0 0 0 0 0 0 0 0 0 0 0 0 0 0 1 0 0 0 2 2 31 0 0 0 0 0 0 0 0 0 0 0 0 0 0 0 0 0 0 0 0 0 0 0 0 0 0 0 11 0 0 0 0 0 0 0 0 0 5 20 0 0 0 0 0 0 0 0 2 1 0 6 0 0 0 0 0 0 0 0 0 0 0 0 0 0 12 6 64 17 22 11 1 1 0 0 0 0 0 0 0 0 0 0 0 0 0 0 0 0 0 0 0 0 0 0 0 0 0 0 0 0 0 0 0 0 0 0 0 0 0 0 0 0 0 0 0 0 0 0 0 0 0 0 0 0 0
0 0 0 0 0 0 0 0 0 0 0 0 0 0 0 0 0 0 0 0 0 0 0 0 1 0 0 0 1 0 0 0 0 0 0 0 0 0 0 0 0 0 0 0 0 0 0 0 0 1 0 18 17 1 12 0 1 0 0 0 1 13 49 1 0 0 0 0 0 0 0 0 0 0 15 0 0 0 0 0 0 0 0 0 0 0 0 0 0 1 14 9 0 31 46 6 0 0 0 0 0 0 0 0 0 0 0 0 0 0 0 0 0 0 0 0 0 0 0 0 0 0 0 0 0 0 0 0 0 0 0 0 0 0 0 0 0 0 0 0 0 0 0 0 0 0 0 0 0 0
0 0 0 0 0 0 0 0 0 0 0 0 1 0 0 0 0 0 0 0 0 0 0 0 0 1 0 0 0 0 0 0 0 0 0 0 0 0 0 0 0 0 0 0 0 0 0 0 0 0 11 32 98 21 17 7 1 0 0 0 0 13 0 0 0 0 0 0 0 0 0 0 0 0 0 0 0 0 0 0 0 0 0 0 0 0 0 0 0 0 1 4 41 14 17 3 0 0 1 0 0 0 0 0 0 0 0 0 0 0 0 0 0 0 0 0 0 0 0 0 0 0 0 0 0 0 0 0 0 0 0 0 0 0 0 0 0 0 0 0 0 0 0 0 0 0 0 0 0 0
0 0 0 0 0 0 0 0 0 0 0 0 5 1 0 0 0 1 0 0 0 0 0 0 0 0 2 0 0 0 0 0 0 0 0 0 0 0 0 0 0 0 0 0 0 0 0 0 1 10 1 11 112 0 31 1 0 0 0 0 0 3 5 0 0 0 0 0 0 0 0 0 0 0 0 0 0 0 0 0 0 0 0 0 0 0 0 0 0 0 0 0 4 3 1 1 5 0 0 2 0 0 0 0 0 0 0 0 0 0 0 0 0 0 0 0 0 0 0 0 0 0 0 0 0 0 0 0 0 0 0 0 0 0 0 0 0 0 0 0 0 0 0 0 0 0 0 0 0 0
0 0 0 0 0 0 0 0 0 5 0 0 0 0 1 0 1 0 2 0 0 0 0 2 1 7 0 0 0 0 0 0 0 0 0 0 0 0 0 0 2 0 0 0 0 0 0 1 0 0 0 3 14 0 1 0 0 0 0 1 18 2 0 0 0 0 0 0 0 0 0 0 0 0 0 0 0 0 0 0 0 0 0 0 0 0 0 0 0 0 0 0 0 0 0 2 5 0 2 0 0 0 0 0 0 0 0 0 0 0 0 0 0 0 0 0 0 0 0 0 0 0 0 0 0 0 0 0 0 0 0 0 0 0 0 0 0 0 0 0 0 0 0 0 0 1 0 0 0 0
0 0 0 0 0 0 0 0 0 0 0 0 0 0 0 0 0 0 1 0 0 0 0 0 0 0 0 0 0 0 0 0 1 1 14 0 0 0 0 0 0 0 0 0 0 0 1 9 0 0 0 0 0 0 0 0 0 0 0 0 7 0 0 0 0 0 0 0 0 0 0 0 0 0 0 0 0 0 0 0 0 0 0 0 0 0 0 0 0 0 0 0 0 0 0 11 6 13 0 0 0 0 0 0 0 0 0 0 0 0 0 0 0 0 0 0 0 0 0 0 0 0 0 0 0 0 0 0 0 0 0 0 0 0 0 0 0 0 0 0 0 0 0 0 12 5 0 0 0 0
0 0 0 0 0 0 0 0 0 0 0 0 0 0 0 0 0 0 0 1 0 2 0 1 18 1 0 0 0 0 1 0 0 0 1 0 0 3 0 0 0 0 0 0 0 0 1 0 0 0 0 0 0 0 0 0 0 0 0 0 0 3 0 0 0 0 0 0 0 0 0 4 2 0 0 0 0 0 0 0 0 0 0 0 0 0 0 0 0 0 0 0 0 0 3 3 4 1 0 0 0 0 0 0 0 0 0 0 0 0 0 0 0 0 0 0 0 0 0 0 0 0 0 0 0 0 0 0 0 0 0 0 0 0 0 0 0 0 0 0 0 0 0 0 0 0 0 0 0 0
0 0 0 0 0 0 0 0 0 0 0 4 9 0 0 0 0 0 1 0 1 0 0 0 0 0 0 0 0 0 0 0 0 0 0 0 0 0 0 0 0 0 0 0 0 0 0 0 0 0 0 0 0 0 0 0 0 0 0 0 0 0 0 0 0 0 0 0 0 0 9 15 0 0 0 0 0 0 0 0 0 0 0 0 0 0 0 0 0 0 0 0 0 0 9 0 0 0 0 0 0 1 0 0 0 0 0 0 0 0 0 0 0 0 0 0 0 0 0 0 0 0 0 0 0 0 0 0 0 0 0 0 0 0 0 0 0 0 0 0 0 0 0 0 0 0 0 0 0 0
0 0 0 0 0 0 0 0 0 1 11 0 4 0 0 2 0 0 0 0 0 0 0 0 0 0 0 0 0 0 0 0 0 0 0 0 0 0 0 0 0 0 0 0 12 0 0 0 0 0 0 0 0 0 0 0 0 0 0 1 1 0 0 0 0 0 0 0 0 0 5 0 0 0 0 0 0 0 0 0 0 0 0 0 0 0 0 0 0 0 0 0 0 0 3 2 6 0 0 0 0 0 0 0 0 0 0 0 0 0 0 0 0 0 0 0 0 0 0 0 0 0 0 0 0 0 0 0 0 0 0 0 0 0 0 0 0 0 0 0 0 0 0 0 0 0 0 0 0 0
2 0 0 0 0 0 0 0 0 1 0 0 8 0 0 1 3 0 0 0 0 0 0 0 0 0 0 0 0 0 0 0 0 0 0 0 0 0 0 0 0 0 0 2 0 0 4 0 0 0 0 0 0 0 0 0 0 0 0 2 3 0 0 0 0 0 0 0 34 1 0 0 0 0 0 0 0 0 0 0 0 0 0 0 0 0 0 0 0 0 0 0 0 0 0 0 3 0 3 3 0 0 0 0 0 0 0 0 0 0 0 0 0 0 0 0 0 0 0 0 0 0 0 0 0 0 0 0 0 0 0 0 0 0 0 0 0 0 0 0 0 0 0 0 0 0 0 0 0 0
0 0 0 0 0 0 0 1 0 0 0 0 1 1 0 0 0 8 3 0 0 0 0 0 0 0 0 0 0 0 0 0 0 0 0 0 1 0 0 0 0 0 0 0 0 0 0 0 0 0 0 0 0 0 0 0 0 0 0 2 9 6 1 0 0 0 0 3 96 55 1 0 0 0 0 0 0 0 0 0 0 0 0 0 0 0 0 0 0 0 0 0 0 0 0 0 0 0 8 0 0 0 0 0 0 0 0 0 0 0 0 0 0 0 0 0 0 0 0 0 0 0 0 0 0 0 0 0 0 0 0 0 0 0 0 0 0 0 0 0 0 0 0 0 0 0 0 0 0 0
1 0 0 0 0 0 0 0 0 0 0 0 43 9 0 1 32 1 5 3 0 1 1 10 1 2 0 0 0 0 2 0 0 0 6 0 5 1 4 2 0 0 2 0 0 0 0 0 0 0 0 0 0 0 0 0 0 0 0 0 0 0 0 0 64 22 7 1 0 0 0 0 0 0 0 0 0 0 0 0 0 0 0 0 0 0 0 0 0 0 0 0 0 0 0 0 0 0 0 0 0 0 0 0 0 0 0 0 0 0 0 0 0 0 0 0 0 0 0 0 0 0 0 0 0 0 0 0 0 0 0 0 0 0 0 0 0 0 0 0 0 0 0 0 0 0 0 0 0 0
0 30 3 0 0 0 0 0 0 0 0 0 3 0 0 0 0 0 9 4 13 49 24 11 4 0 0 0 0 0 0 0 0 1 0 8 22 1 0 4 0 5 0 0 0 0 0 0 0 0 0 0 0 0 0 0 0 0 0 0 0 0 0 0 8 1 0 0 0 0 0 0 0 0 0 0 0 0 0 0 0 0 0 0 0 0 0 0 0 0 0 0 0 0 0 0 0 0 0 0 0 0 0 0 0 0 0 0 0 0 0 0 0 0 0 0 0 0 0 0 0 0 0 0 0 0 0 0 0 0 0 0 0 0 0 0 0 0 0 0 0 0 0 0 0 0 0 0 0 0
32 5 2 0 2 0 0 0 0 0 0 1 1 0 0 3 5 1 0 5 0 30 29 3 7 0 0 0 2 3 3 0 0 0 0 0 3 1 2 2 1 20 0 0 0 0 0 0 0 0 0 0 0 0 0 0 0 0 0 0 0 0 0 0 0 0 0 0 0 0 0 0 0 0 0 0 0 0 0 0 0 0 0 0 0 0 0 0 0 0 0 0 0 0 0 0 0 0 0 0 0 0 0 0 0 0 0 0 0 0 0 0 0 0 0 0 0 0 0 0 0 0 0 0 0 0 0 0 0 0 0 0 0 0 0 0 0 0 0 0 0 0 0 0 0 0 0 0 0 0
0 0 0 0 0 0 0 0 0 0 0 1 4 0 0 0 0 0 0 0 0 1 7 2 0 17 6 2 0 0 0 0 0 0 0 4 0 0 0 0 0 0 0 0 0 0 0 0 0 0 0 0 0 0 0 0 0 0 0 0 0 0 0 0 0 0 0 0 0 0 0 0 0 0 0 0 0 0 0 0 0 0 0 0 0 0 0 0 0 0 0 0 0 0 0 0 0 0 0 0 0 0 0 0 0 0 0 0 0 0 0 0 0 0 0 0 0 0 0 0 0 0 0 0 0 0 0 0 0 0 0 0 0 0 0 0 0 0 0 0 0 0 0 0 0 0 0 0 0 0
0 0 0 0 0 0 0 0 0 0 0 0 0 1 0 0 0 0 0 2 0 0 0 0 2 8 3 3 18 0 1 0 0 4 5 0 2 0 0 0 0 0 0 0 0 0 0 0 0 0 0 0 0 0 0 0 0 0 0 0 0 0 0 0 0 0 0 0 0 0 0 0 0 0 0 0 0 0 0 0 0 0 0 0 0 0 0 0 0 0 0 0 0 0 0 0 0 0 0 0 0 0 0 0 0 0 0 0 0 0 0 0 0 0 0 0 0 0 0 0 0 0 0 0 0 0 0 0 0 0 0 0 0 0 0 0 0 0 0 0 0 0 0 0 0 0 0 0 0 0
0 0 0 0 0 0 0 0 0 0 0 0 0 0 0 0 0 0 1 0 0 1 0 0 0 0 1 0 114 49 6 2 3 27 1 0 2 0 0 0 0 0 0 0 0 0 0 0 0 0 0 0 0 0 0 0 0 0 0 0 0 0 0 0 0 0 0 0 0 0 0 0 0 0 0 0 0 0 0 0 0 0 0 0 0 0 0 0 0 0 0 0 0 0 0 0 0 0 0 0 0 0 0 0 0 0 0 0 0 0 0 0 0 0 0 0 0 0 0 0 0 0 0 0 0 0 0 0 0 0 0 0 0 0 0 0 0 0 0 0 0 0 0 0 0 0 0 0 0 0
0 0 0 0 0 0 0 0 0 0 0 0 0 0 0 0 0 0 0 0 0 0 0 0 3 11 3 3 0 0 1 1 0 11 0 1 2 0 0 0 0 0 0 0 0 0 0 0 0 0 0 0 0 0 0 0 0 0 0 0 0 0 0 0 0 0 0 0 0 0 0 0 0 0 0 0 0 0 0 0 0 0 0 0 0 0 0 0 0 0 0 0 0 0 0 0 0 0 0 0 0 0 0 0 0 0 0 0 0 0 0 0 0 0 0 0 0 0 0 0 0 0 0 0 0 0 0 0 0 0 0 0 0 0 0 0 0 0 0 0 0 0 0 0 0 0 0 0 0 0
0 0 0 0 0 0 0 0 0 0 0 0 0 0 0 0 0 0 0 0 0 0 0 0 12 1 5 0 0 0 3 5 1 0 0 0 1 1 0 0 0 0 0 0 0 0 0 0 0 0 0 0 0 0 0 0 0 0 0 0 0 0 0 0 0 0 0 0 0 0 0 0 0 0 0 0 0 0 0 0 0 0 0 0 0 0 0 0 0 0 0 0 0 0 0 0 0 0 0 0 0 0 0 0 0 0 0 0 0 0 0 0 0 0 0 0 0 0 0 0 0 0 0 0 0 0 0 0 0 0 0 0 0 0 0 0 0 0 0 0 0 0 0 0 0 0 0 0 0 0
0 0 0 0 0 0 0 0 0 0 0 2 2 6 0 0 0 0 0 0 0 0 0 0 0 0 0 0 0 0 1 0 11 0 0 0 0 0 0 0 0 0 0 0 0 0 0 0 0 0 0 0 0 0 0 0 0 0 0 0 0 0 0 0 0 0 0 0 0 0 0 0 0 0 0 0 0 0 0 0 0 0 0 0 0 0 0 0 0 0 0 0 0 0 0 0 0 0 0 0 0 0 0 0 0 0 0 0 0 0 0 0 0 0 0 0 0 0 0 0 0 0 0 0 0 0 0 0 0 0 0 0 0 0 0 0 0 0 0 0 0 0 0 0 0 0 0 0 0 0
1 0 0 0 0 0 0 0 0 0 0 1 3 0 0 0 0 0 0 0 0 0 0 0 0 0 0 12 2 0 1 0 0 0 0 0 0 0 0 0 0 0 0 0 0 0 0 0 0 0 0 0 0 0 0 0 0 0 0 0 0 0 0 0 0 0 0 0 0 0 0 0 0 0 0 0 0 0 0 0 0 0 0 0 0 0 0 0 0 0 0 0 0 0 0 0 0 0 0 0 0 0 0 0 0 0 0 0 0 0 0 0 0 0 0 0 0 0 0 0 0 0 0 0 0 0 0 0 0 0 0 0 0 0 0 0 0 0 0 0 0 0 0 0 0 0 0 0 0 0
0 0 0 0 0 0 0 0 0 1 0 0 0 0 0 0 0 0 0 0 0 0 0 0 0 0 0 5 1 0 0 0 0 1 0 0 0 0 0 0 0 0 0 0 0 0 0 0 0 0 0 0 0 0 0 0 0 0 0 0 0 0 0 0 0 0 0 0 0 0 0 0 0 0 0 0 0 0 0 0 0 0 0 0 0 0 0 0 0 0 0 0 0 0 0 0 0 0 0 0 0 0 0 0 0 0 0 0 0 0 0 0 0 0 0 0 0 0 0 0 0 0 0 0 0 0 0 0 0 0 0 0 0 0 0 0 0 0 0 0 0 0 0 0 0 0 0 0 0 0
0 0 0 0 0 0 0 0 0 0 0 0 0 1 0 0 0 0 0 0 0 0 0 0 0 0 0 0 0 0 0 0 0 0 0 0 0 0 0 0 0 0 0 0 0 0 0 0 0 0 0 0 0 0 0 0 0 0 0 0 0 0 0 0 0 0 0 0 0 0 0 0 0 0 0 0 0 0 0 0 0 0 0 0 0 0 0 0 0 0 0 0 0 0 0 0 0 0 0 0 0 0 0 0 0 0 0 0 0 0 0 0 0 0 0 0 0 0 0 0 0 0 0 0 0 0 0 0 0 0 0 0 0 0 0 0 0 0 0 0 0 0 0 0 0 0 0 0 0 0
0 0 0 0 0 0 0 0 0 2 3 0 0 2 0 0 0 0 0 0 0 0 0 0 0 0 0 0 0 0 0 0 0 0 0 0 0 0 0 0 0 0 0 0 0 0 0 0 0 0 0 0 0 0 0 0 0 0 0 0 0 0 0 0 0 0 0 0 0 0 0 0 0 0 0 0 0 0 0 0 0 0 0 0 0 0 0 0 0 0 0 0 0 0 0 0 0 0 0 0 0 0 0 0 0 0 0 0 0 0 0 0 0 0 0 0 0 0 0 0 0 0 0 0 0 0 0 0 0 0 0 0 0 0 0 0 0 0 0 0 0 0 0 0 0 0 0 0 0 0
0 0 0 0 0 0 0 0 0 0 3 0 0 0 0 0 0 0 0 0 0 0 0 0 0 0 0 0 0 0 0 0 0 0 0 0 0 0 0 0 0 0 0 0 0 0 0 0 0 0 0 1 0 0 0 0 0 0 0 0 0 0 0 0 0 0 0 0 0 0 0 0 0 0 0 0 0 0 0 0 0 0 0 0 0 0 0 0 0 0 0 0 0 0 0 0 0 0 0 0 0 0 0 0 0 0 0 0 0 0 0 0 0 0 0 0 0 0 0 0 0 0 0 0 0 0 0 0 0 0 0 0 0 0 0 0 0 0 0 0 0 0 0 0 0 0 0 0 0 0
0 0 0 0 0 0 0 0 4 9 0 0 0 0 0 0 0 0 0 0 0 0 0 0 0 0 0 0 0 0 0 0 0 0 0 0 0 0 0 0 0 0 0 0 0 0 0 0 1 0 2 0 0 0 0 0 0 0 0 0 0 0 0 0 0 0 0 0 0 0 0 0 0 0 0 0 0 0 0 0 0 0 0 0 0 0 0 0 0 0 0 0 0 0 0 0 0 0 0 0 0 0 0 0 0 0 0 0 0 0 0 0 0 0 0 0 0 0 0 0 0 0 0 0 0 0 0 0 0 0 0 0 0 0 0 0 0 0 0 0 0 0 0 0 0 0 0 0 0 0
0 0 0 0 0 2 8 2 2 0 0 0 0 0 0 0 0 0 0 0 0 0 0 0 0 0 0 0 0 0 0 0 0 0 0 0 0 0 0 0 0 0 0 0 0 0 0 0 0 22 30 2 0 0 0 0 0 0 0 0 0 0 0 0 0 0 0 0 0 0 0 0 0 0 0 0 0 0 0 0 0 0 0 0 0 0 0 0 0 0 0 0 0 0 0 0 0 0 0 0 0 0 0 0 0 0 0 0 0 0 0 0 0 0 0 0 0 0 0 0 0 0 0 0 0 0 0 0 0 0 0 0 0 0 0 0 0 0 0 0 0 0 0 0 0 0 0 0 0 0
0 0 0 0 0 0 4 5 0 0 0 0 0 0 0 0 0 0 0 0 0 0 0 0 0 0 0 0 0 0 0 0 0 0 0 0 0 0 0 0 0 0 0 0 0 0 0 0 1 0 0 0 1 0 0 0 0 0 0 0 0 0 0 0 0 0 0 0 0 0 0 0 0 0 0 0 0 0 0 0 0 0 0 0 0 0 0 0 0 0 0 0 0 0 0 0 0 0 0 0 0 0 0 0 0 0 0 0 0 0 0 0 0 0 0 0 0 0 0 0 0 0 0 0 0 0 0 0 0 0 0 0 0 0 0 0 0 0 0 0 0 0 0 0 0 0 0 0 0 0
0 0 0 0 0 0 0 0 0 0 0 0 0 0 0 0 0 0 0 0 0 0 0 0 0 0 0 0 0 0 0 0 0 0 0 0 0 0 0 0 0 0 0 0 0 0 0 0 2 0 0 0 2 18 0 0 0 0 0 0 0 0 0 0 0 0 0 0 0 0 0 0 0 0 0 0 0 0 0 0 0 0 0 0 0 0 0 0 0 0 0 0 0 0 0 0 0 0 0 0 0 0 0 0 0 0 0 0 0 0 0 0 0 0 0 0 0 0 0 0 0 0 0 0 0 0 0 0 0 0 0 0 0 0 0 0 0 0 0 0 0 0 0 0 0 0 0 0 0 0
0 0 0 0 0 0 0 0 0 0 0 0 0 0 0 0 0 0 0 0 0 0 0 0 0 0 0 0 0 0 0 0 0 0 0 0 0 0 0 0 0 0 0 0 0 0 0 0 0 0 0 0 0 0 0 0 0 0 0 0 0 0 0 0 0 0 0 0 0 0 0 0 0 0 0 0 0 0 0 0 0 0 0 0 0 0 0 0 0 0 0 0 0 0 0 0 0 0 0 0 0 0 0 0 0 0 0 0 0 0 0 0 0 0 0 0 0 0 0 0 0 0 0 0 0 0 0 0 0 0 0 0 0 0 0 0 0 0 0 0 0 0 0 0 0 0 0 0 0 0
0 0 0 0 0 0 0 0 0 0 0 0 0 0 0 0 0 0 0 0 0 0 0 0 0 0 0 0 0 0 0 0 0 0 0 0 0 4 0 0 0 0 0 0 0 0 0 0 0 0 0 0 0 0 0 0 0 0 0 0 0 0 0 0 0 0 0 0 0 0 0 0 0 0 0 0 0 0 0 0 0 0 0 0 0 0 0 0 0 0 0 0 0 0 0 0 0 0 0 0 0 0 0 0 0 0 0 0 0 0 0 0 0 0 0 0 0 0 0 0 0 0 0 0 0 0 0 0 0 0 0 0 0 0 0 0 0 0 0 0 0 0 0 0 0 0 0 0 0 0
0 0 0 0 0 0 0 0 0 0 0 0 0 0 0 0 0 0 0 0 0 0 0 0 0 0 0 0 0 0 0 0 1 0 0 0 0 0 0 0 0 0 0 0 0 0 0 0 0 0 0 0 1 0 0 0 0 0 0 0 0 0 0 0 0 0 0 0 0 0 0 0 0 0 0 0 0 0 0 0 0 0 0 0 0 0 0 0 0 0 0 0 0 0 0 0 0 0 0 0 0 0 0 0 0 0 0 0 0 0 0 0 0 0 0 0 0 0 0 0 0 0 0 0 0 0 0 0 0 0 0 0 0 0 0 0 0 0 0 0 0 0 0 0 0 0 0 0 0 0
0 0 0 0 0 0 0 0 0 0 0 0 0 0 0 0 0 0 0 0 0 0 0 0 0 0 0 0 0 0 0 2 0 0 2 0 0 0 0 0 0 0 0 0 0 0 0 0 0 0 0 0 0 1 0 0 0 0 0 0 0 0 0 0 0 0 0 0 0 0 0 0 0 0 0 0 0 0 0 0 0 0 0 0 0 0 0 0 0 0 0 0 0 0 0 0 0 0 0 0 0 0 0 0 0 0 0 0 0 0 0 0 0 0 0 0 0 0 0 0 0 0 0 0 0 0 0 0 0 0 0 0 0 0 0 0 0 0 0 0 0 0 0 0 0 0 0 0 0 0
0 0 0 0 0 0 0 0 0 0 0 0 0 0 0 0 0 0 0 0 0 0 0 0 0 0 0 0 0 0 1 9 0 0 0 0 0 0 0 0 0 0 0 0 0 0 0 0 0 0 0 0 0 0 0 0 0 0 0 0 0 0 0 0 0 0 0 0 0 0 0 0 0 0 0 0 0 0 0 0 0 0 0 0 0 0 0 0 0 0 0 0 0 0 0 0 0 0 0 0 0 0 0 0 0 0 0 0 0 0 0 0 0 0 0 0 0 0 0 0 0 0 0 0 0 0 0 0 0 0 0 0 0 0 0 0 0 0 0 0 0 0 0 0 0 0 0 0 0 0
0 0 0 0 0 0 0 0 0 0 0 0 0 0 0 0 0 0 0 0 0 0 0 0 0 0 0 0 0 0 2 3 0 0 0 0 2 0 0 0 0 0 0 0 0 0 0 0 0 0 0 0 0 0 0 0 0 0 0 0 0 0 0 0 0 0 0 0 0 0 0 0 0 0 0 0 0 0 0 0 0 0 0 0 0 0 0 0 0 0 0 0 0 0 0 0 0 0 0 0 0 0 0 0 0 0 0 0 0 0 0 0 0 0 0 0 0 0 0 0 0 0 0 0 0 0 0 0 0 0 0 0 0 0 0 0 0 0 0 0 0 0 0 0 0 0 0 0 0 0
0 0 0 0 0 0 0 0 0 0 0 0 0 0 0 0 0 0 0 0 0 0 0 0 0 0 1 0 0 6 0 0 0 0 0 0 0 0 0 0 0 0 0 0 0 0 0 0 0 0 0 0 0 0 0 0 0 0 0 0 0 0 0 0 0 0 0 0 0 0 0 0 0 0 0 0 0 0 0 0 0 0 0 0 0 0 0 0 0 0 0 0 0 0 0 0 0 0 0 0 0 0 0 0 0 0 0 0 0 0 0 0 0 0 0 0 0 0 0 0 0 0 0 0 0 0 0 0 0 0 0 0 0 0 0 0 0 0 0 0 0 0 0 0 0 0 0 0 0 0
0 0 0 0 0 0 0 0 0 0 0 0 0 0 0 0 0 0 0 0 0 0 0 0 0 0 0 0 0 63 16 0 0 0 0 0 0 0 0 0 0 0 0 0 0 0 0 0 0 0 1 0 0 0 0 0 0 0 0 0 0 0 0 0 0 0 0 0 0 0 0 0 0 0 0 0 0 0 0 0 0 0 0 0 0 0 0 0 0 0 0 0 0 0 0 0 0 0 0 0 0 0 0 0 0 0 0 0 0 0 0 0 0 0 0 0 0 0 0 0 0 0 0 0 0 0 0 0 0 0 0 0 0 0 0 0 0 0 0 0 0 0 0 0 0 0 0 0 0 0
0 0 0 0 0 0 0 0 0 0 0 0 0 0 0 0 0 0 0 0 0 0 0 0 0 0 1 0 0 0 0 0 0 0 0 0 0 0 0 0 0 0 0 0 0 0 0 0 1 36 0 0 0 0 0 0 0 0 0 0 0 0 0 0 0 0 0 0 0 0 0 0 0 0 0 0 0 0 0 0 0 0 0 0 0 0 0 0 0 0 0 0 0 0 0 0 0 0 0 0 0 0 0 0 0 0 0 0 0 0 0 0 0 0 0 0 0 0 0 0 0 0 0 0 0 0 0 0 0 0 0 0 0 0 0 0 0 0 0 0 0 0 0 0 0 0 0 0 0 0
0 0 0 0 0 0 0 0 0 0 0 0 0 0 0 0 0 0 0 0 0 0 0 0 0 0 18 0 0 0 0 0 0 0 0 0 0 0 0 0 0 0 0 0 0 0 0 0 15 0 0 0 0 0 0 0 0 0 0 0 0 0 0 0 0 0 0 0 0 0 0 0 0 0 0 0 0 0 0 0 0 0 0 0 0 0 0 0 0 0 0 0 0 0 0 0 0 0 0 0 0 0 0 0 0 0 0 0 0 0 0 0 0 0 0 0 0 0 0 0 0 0 0 0 0 0 0 0 0 0 0 0 0 0 0 0 0 0 0 0 0 0 0 0 0 0 0 0 0 0
0 0 0 0 0 0 0 0 0 0 0 0 0 0 0 0 0 0 0 0 0 0 0 0 0 0 0 0 4 0 0 0 0 0 0 0 0 0 0 0 0 0 0 0 0 0 0 0 0 0 0 0 0 0 0 0 0 0 0 0 0 0 0 0 0 0 0 0 0 0 0 0 0 0 0 0 0 0 0 0 0 0 0 0 0 0 0 0 0 0 0 0 0 0 0 0 0 0 0 0 0 0 0 0 0 0 0 0 0 0 0 0 0 0 0 0 0 0 0 0 0 0 0 0 0 0 0 0 0 0 0 0 0 0 0 0 0 0 0 0 0 0 0 0 0 0 0 0 0 5
0 0 0 0 0 0 0 0 0 0 0 0 0 0 0 0 0 0 0 0 0 0 0 0 0 0 0 0 0 0 0 0 0 0 0 0 0 0 0 0 0 0 0 0 0 0 0 0 0 0 0 0 0 0 0 0 0 0 0 0 0 0 0 0 0 0 0 0 0 0 0 0 0 0 0 0 0 0 0 0 0 0 0 0 0 0 0 0 0 0 0 0 0 0 0 0 0 0 0 0 0 0 0 0 0 0 0 0 0 0 0 0 0 0 0 0 0 0 0 0 0 0 0 0 0 0 0 0 0 0 0 0 0 0 0 0 0 0 0 0 0 0 0 0 0 0 0 0 0 0
0 0 0 0 0 0 0 0 0 0 0 0 0 0 0 0 0 0 0 0 0 0 0 0 0 0 0 0 0 0 0 0 0 0 0 0 0 0 0 0 0 0 0 0 0 0 0 0 0 0 4 0 0 0 0 0 0 0 0 0 0 0 0 0 0 0 0 0 0 0 0 0 0 0 0 0 0 0 0 0 0 0 0 0 0 0 0 0 0 0 0 0 0 0 0 0 0 0 0 0 0 0 0 0 0 0 0 0 0 0 0 0 0 0 0 0 0 0 0 0 0 0 0 0 0 0 0 0 0 0 0 0 0 0 0 0 0 0 0 0 0 0 0 0 0 0 0 0 0 0
0 0 0 0 0 0 0 0 0 0 0 0 0 0 0 0 0 0 0 0 0 0 0 0 0 0 0 0 0 0 0 0 0 0 0 0 0 0 0 0 0 0 0 0 0 0 0 0 0 0 0 0 0 0 0 0 0 0 0 0 0 0 0 0 0 0 0 0 0 0 0 0 0 0 0 0 0 0 0 0 0 0 0 0 0 0 0 0 0 0 0 0 0 0 0 0 0 0 0 0 0 0 0 0 0 0 0 0 0 0 0 0 0 0 0 0 0 0 0 0 0 0 0 0 0 0 0 0 0 0 0 0 0 0 0 0 0 0 0 0 0 0 0 0 0 0 0 0 0 0
0 0 0 0 0 0 0 0 0 0 0 0 0 0 0 0 0 0 0 0 0 0 0 0 0 0 0 0 0 0 0 0 0 0 0 0 0 0 0 0 0 0 0 0 0 0 0 0 0 0 0 0 0 0 0 0 0 0 0 0 0 0 0 0 0 0 0 0 0 0 0 0 0 0 0 0 0 0 0 0 0 0 0 0 0 0 0 0 0 0 0 0 0 0 0 0 0 0 0 0 0 0 0 0 0 0 0 0 0 0 0 0 0 0 0 0 0 0 0 0 0 0 0 0 0 0 0 0 0 0 0 0 0 0 0 0 0 0 0 0 0 0 0 0 0 0 0 0 0 0
0 0 0 0 0 0 0 0 0 0 0 0 0 0 0 0 0 0 0 0 0 0 0 0 0 0 0 0 0 0 0 0 0 0 0 0 0 0 0 0 0 0 0 0 0 0 0 0 0 0 0 0 0 0 0 0 0 0 0 0 0 0 0 0 0 0 0 0 0 0 0 0 0 0 0 0 0 0 0 0 0 0 0 0 0 0 0 0 0 0 0 0 0 0 0 0 0 0 0 0 0 0 0 0 0 0 0 0 0 0 0 0 0 0 0 0 0 0 0 0 0 0 0 0 0 0 0 0 0 0 0 0 0 0 0 0 0 0 0 0 0 0 0 0 0 0 0 0 0 0
