0 0 18 1 1 0 0 0 20 107 7 5 0 4 0 0 0 1 8 0 0 3 1 0 1 19 0 0 0 0 0 0 1 2 11 3 0 0 1 11 0 0 0 0 2 0 0 0 0 0 0 0 0 0 2 6 0 0 0 1 42 15 8 4 1 1 6 0 0 1 0 2 16 208 294 475 100 10 46 4 36 281 46 96 128 253 352 220 37 405 1806 817 80 790 513 844 1211 690 1014 151 181 162 40 25 71 40 38 540 333 18 11 3 32 95 35 42 38 12 1 0 11 30 18 20 4 2 0 0 9 11 1 21 3 3 1 0 0 0 3 0 3 0 0 1 3 0 0 0 0 10
0 7 12 6 0 0 0 0 0 30 10 7 14 1 0 0 0 1 14 0 0 1 18 0 19 37 0 2 0 0 0 0 0 0 0 0 0 0 6 0 0 0 0 0 0 0 0 0 0 0 0 0 0 0 6 0 0 0 0 25 105 18 7 12 3 0 0 3 0 0 0 0 142 43 18 3 206 195 23 20 72 53 4 0 212 427 316 152 391 287 76 28 321 336 364 270 619 829 1232 808 291 39 39 21 24 2 2 130 61 19 3 8 6 17 146 25 8 16 6 20 4 9 10 5 13 2 2 7 21 46 35 10 134 78 0 1 0 0 3 53 6 0 0 0 0 0 0 0 0 0
0 0 0 1 3 0 0 0 0 7 5 2 6 1 0 0 0 1 4 0 0 14 72 11 20 0 1 6 0 0 0 0 0 4 0 3 0 57 0 10 0 0 0 0 0 0 0 0 0 0 0 0 0 0 6 0 0 0 0 7 12 21 5 2 0 0 0 0 0 0 0 2 0 0 0 0 0 50 134 259 369 23 3 24 81 202 719 244 10 15 93 54 95 470 920 1001 202 698 340 578 688 315 45 44 32 19 22 12 254 183 34 7 8 5 3 11 11 29 13 4 85 8 4 44 4 16 6 2 1 155 23 4 92 140 0 0 4 0 3 10 5 5 0 0 0 0 0 0 0 0
59 3 0 0 0 0 0 0 0 3 1 0 0 0 0 0 0 0 10 1 0 0 1 7 14 0 2 10 11 0 4 0 0 0 0 1 0 0 0 4 6 0 0 0 0 0 0 0 0 0 1 0 0 0 80 33 3 21 34 1 0 1 4 10 0 0 0 0 0 1 7 88 9 0 10 64 20 99 259 190 120 71 23 184 193 21 49 193 4 270 1005 1149 1582 741 1375 636 163 239 873 544 798 584 160 27 26 156 8 48 441 78 17 19 33 41 9 7 15 96 132 28 26 74 38 12 1 3 1 0 21 0 7 7 15 1 13 0 7 1 0 11 61 7 0 0 0 0 0 0 0 0
2 12 1 0 0 0 0 0 24 5 2 0 0 0 1 10 6 5 0 0 3 1 0 0 1 0 0 0 0 0 0 0 1 0 1 16 7 0 0 1 0 0 0 0 0 0 0 0 0 3 0 0 0 3 47 288 37 19 3 0 1 5 0 7 0 0 0 0 0 6 148 72 119 100 25 173 109 158 198 235 241 415 222 15 210 81 64 263 14 781 1911 523 703 953 629 288 59 1015 674 942 951 1396 877 786 391 95 80 20 7 8 12 67 34 22 7 0 3 21 54 100 290 897 158 5 2 1 5 0 4 10 0 1 0 0 7 0 0 0 0 1 38 6 0 0 0 0 0 0 0 0
12 7 0 0 0 0 0 0 6 1 1 1 0 0 0 1 1 2 20 40 0 5 0 0 0 0 0 0 1 3 2 48 0 2 8 93 42 4 0 0 0 0 1 0 0 0 0 0 0 9 25 5 0 0 19 53 31 7 4 7 1 0 3 1 0 0 0 0 2 83 86 149 154 97 111 45 45 24 27 203 724 704 570 97 2 186 37 18 7 269 1806 983 62 475 1088 577 119 2309 453 651 487 505 1136 462 29 216 39 81 2 0 1 5 8 32 14 14 22 7 0 16 143 161 4 11 4 12 0 3 3 0 6 0 2 0 0 1 0 0 0 0 0 7 0 0 0 0 0 0 0 0
1 0 0 5 0 0 0 0 0 7 7 0 0 0 0 0 0 1 0 0 1 2 3 0 0 0 0 0 0 0 2 0 1 2 0 62 4 3 11 0 0 0 0 0 0 0 0 0 0 2 2 8 5 4 1 17 15 6 56 33 4 6 0 0 6 1 0 0 11 270 42 81 244 377 347 158 423 169 491 486 848 681 974 544 108 16 5 248 76 121 1659 1285 63 602 1034 576 369 694 720 66 19 383 125 211 22 48 99 19 10 6 40 201 219 27 30 42 0 0 23 15 69 108 9 1 6 8 11 3 0 0 1 0 0 0 0 0 0 5 0 0 0 1 0 0 0 0 0 0 0 0
1 0 0 2 0 0 0 0 1 1 1 0 0 0 0 0 0 0 0 0 0 0 0 0 0 0 0 0 0 3 20 0 0 0 9 3 1 0 90 5 0 0 0 0 0 0 0 0 0 0 0 2 15 20 1 3 0 20 63 95 62 37 80 3 18 17 0 0 8 101 7 5 17 37 65 40 78 250 889 883 821 638 1118 161 182 322 238 514 299 164 690 103 46 453 700 416 285 921 1013 231 132 386 416 462 159 170 8 47 159 24 322 469 56 39 30 63 2 3 6 6 40 4 14 2 8 2 8 3 6 0 0 0 0 0 0 0 0 0 0 0 0 0 0 0 0 0 0 0 0 0
0 0 0 0 0 0 1 0 3 4 0 5 0 2 11 0 0 0 0 0 0 0 0 0 0 0 0 0 0 0 1 0 0 0 2 0 0 1 1 0 0 0 0 0 0 0 0 0 0 0 0 0 0 10 0 0 3 17 75 40 354 248 10 5 5 24 3 10 5 41 1 0 0 2 3 15 15 46 50 419 868 977 765 35 8 13 223 315 520 72 3 11 311 1160 1411 1587 107 492 184 162 366 143 80 347 786 198 265 281 46 167 1117 160 207 4 34 3 6 6 5 8 10 5 10 28 3 1 0 1 0 0 7 1 0 0 0 1 0 0 0 0 0 0 0 0 0 0 0 0 1 0
0 0 0 0 0 0 0 0 12 11 0 0 0 0 0 0 0 0 0 1 0 0 0 0 0 0 0 0 0 0 0 0 0 0 0 0 0 1 0 0 0 0 0 0 0 0 0 0 6 1 6 0 16 14 0 0 0 2 0 15 67 180 13 21 5 0 1 2 2 11 0 0 0 0 0 9 68 36 128 624 1043 774 651 386 1364 899 351 112 193 169 76 2 10 702 1393 1698 726 99 101 20 59 151 55 10 96 481 323 327 65 34 429 468 207 36 3 245 219 529 202 84 32 14 29 55 34 14 2 0 3 13 78 19 0 0 1 0 0 0 0 0 0 0 0 0 0 0 0 0 0 0
1 2 3 0 0 0 3 0 5 2 0 6 0 0 0 5 1 3 0 0 0 0 0 0 0 0 0 0 0 0 0 1 0 1 0 7 0 1 0 0 1 5 0 0 0 0 2 35 7 9 6 3 10 18 0 0 0 7 20 20 2 126 5 10 1 0 2 0 1 13 0 0 0 0 0 0 17 26 104 228 392 256 440 219 184 331 259 421 534 455 40 1 11 209 462 890 1028 44 18 74 37 15 4 33 211 306 919 516 169 288 498 109 155 24 13 147 347 745 363 219 314 363 289 185 90 471 101 61 81 40 11 116 23 48 7 0 0 0 0 0 0 0 0 0 0 0 0 0 0 0
1 0 0 0 0 0 0 0 48 2 0 0 0 0 0 0 13 17 2 0 0 0 0 0 0 0 0 0 0 0 0 0 0 1 1 1 0 3 0 1 8 12 15 1 4 0 1 0 0 0 0 0 4 3 4 2 2 0 2 8 3 5 0 0 0 4 0 1 2 0 5 2 0 0 0 1 20 10 82 293 605 156 41 34 159 122 9 46 108 711 32 0 0 1 8 112 1328 509 309 15 0 5 14 33 27 42 394 286 26 59 360 191 45 106 35 202 769 225 452 955 395 441 224 282 151 141 0 0 0 34 1 0 109 39 180 2 0 0 0 0 0 0 0 0 0 0 0 0 0 0
3 0 1 0 0 0 0 0 14 3 0 0 0 0 0 0 3 38 1 3 6 2 0 0 0 0 0 0 0 0 1 0 8 0 0 0 0 1 0 0 0 6 55 4 25 0 0 6 0 0 0 0 16 1 1 0 0 0 0 3 3 0 0 0 0 2 3 4 1 5 16 0 0 0 4 29 131 78 172 22 300 286 26 2 9 51 4 1 1 17 2 0 22 203 67 24 858 507 809 647 13 6 47 9 20 10 7 140 439 300 1008 676 89 885 205 19 22 122 1018 1229 247 321 138 1 104 117 12 0 31 16 2 0 39 27 0 0 3 0 0 0 0 0 0 0 0 0 0 0 0 0
0 0 0 0 0 0 3 1 0 0 0 0 0 0 0 0 0 0 83 9 7 4 1 0 0 0 0 0 0 2 9 3 0 0 0 0 7 0 0 0 0 0 0 59 85 0 0 0 5 0 3 29 1 0 0 0 0 0 1 0 20 13 7 2 1 0 47 20 10 25 91 0 0 2 1 396 783 600 221 14 138 360 59 3 66 284 9 0 2 25 0 2 1 59 40 30 180 655 189 293 1 18 436 155 607 74 132 430 295 930 1382 992 872 810 310 315 162 205 882 516 151 94 1 1 0 4 37 0 9 5 1 1 1 2 0 0 0 0 0 0 0 0 0 0 0 0 0 0 0 0
0 0 0 0 0 0 11 3 17 1 0 0 0 0 0 0 0 0 1 4 16 0 2 0 5 1 0 0 0 1 1 0 0 0 0 0 0 0 0 0 0 0 0 24 22 0 0 0 1 11 13 43 3 0 1 1 4 15 3 29 83 25 5 22 13 36 166 201 157 376 63 2 1 0 57 752 1269 1351 593 8 1 257 29 19 7 15 14 10 0 53 9 13 2 1 1 4 51 317 176 253 14 52 464 730 1811 1233 1307 1187 975 1034 1008 637 538 717 828 164 162 112 81 102 142 159 36 10 0 10 43 18 33 14 0 0 0 0 0 0 0 0 0 0 0 0 0 0 0 0 0 0 0 0
0 0 0 0 0 0 8 36 18 3 0 0 0 0 0 0 1 0 2 0 0 26 8 0 1 0 0 0 0 3 0 0 0 0 0 0 0 0 0 4 0 1 0 0 0 19 0 0 0 31 55 155 9 1 1 9 30 89 10 68 88 11 9 77 30 58 230 147 52 150 219 82 186 140 951 927 1823 1031 132 5 4 0 0 0 0 0 32 65 3 77 4 10 0 2 7 41 45 25 34 30 11 2 1286 726 704 794 821 358 670 778 912 636 667 252 289 102 56 183 73 58 29 9 155 532 48 104 10 0 4 1 0 0 0 0 25 8 0 0 0 0 0 0 0 0 0 0 0 0 0 0
0 0 0 0 0 0 0 20 6 0 0 0 1 0 0 1 26 3 2 1 0 0 17 41 16 8 3 0 0 0 0 0 0 0 0 0 0 0 0 0 4 0 0 2 1 18 1 2 0 20 28 7 2 11 7 35 75 178 119 43 2 1 2 0 0 3 4 0 1 0 35 0 46 39 351 342 719 334 228 0 0 2 0 0 0 0 1 40 75 22 0 0 19 1 0 250 58 0 7 115 14 311 978 925 404 215 497 317 467 533 597 295 604 315 499 88 44 102 196 7 0 4 20 34 37 265 2 16 7 0 0 0 0 0 0 9 0 0 0 0 0 0 0 0 0 0 0 0 0 0
0 0 0 0 0 1 0 1 0 0 0 0 0 0 0 1 0 0 2 3 1 5 2 2 11 2 3 18 1 1 0 0 0 0 0 0 5 0 1 0 0 1 1 1 0 30 64 4 3 28 38 61 9 138 267 19 49 70 364 22 12 6 2 0 3 10 16 168 2 18 80 7 122 17 29 84 33 114 29 15 1 0 12 5 0 0 3 5 83 3 0 35 73 50 7 1 1 0 56 537 196 147 263 153 186 473 238 332 892 622 109 96 69 149 116 22 155 265 16 11 0 0 7 11 139 685 299 6 2 4 0 0 0 0 0 0 0 0 0 0 0 0 0 0 0 0 0 0 0 0
0 0 0 0 9 8 0 0 0 0 0 0 2 4 0 3 0 0 0 4 1 1 4 0 1 1 70 38 19 0 0 0 0 0 1 10 2 0 0 0 0 0 0 4 20 21 18 5 12 370 91 42 23 21 13 40 137 70 42 24 35 43 17 0 0 1 4 2 0 11 6 8 38 9 1 88 63 33 6 9 18 0 15 97 4 22 16 15 3 0 0 61 87 309 40 1 0 44 335 38 128 289 66 27 142 117 173 479 412 8 0 65 2 394 50 0 12 2 0 0 0 0 1 3 42 250 255 320 5 2 3 0 0 0 0 0 0 0 0 0 0 0 0 0 0 0 0 0 0 0
0 0 0 2 1 2 0 0 0 0 0 0 1 0 2 0 0 0 0 1 0 10 82 4 4 8 10 24 143 3 0 4 1 2 0 0 0 0 0 0 0 1 6 51 11 115 92 15 4 205 22 4 2 7 65 10 29 126 15 0 0 3 1 0 0 11 0 2 6 6 58 43 8 0 0 92 29 0 9 0 4 0 0 6 0 23 21 0 6 2 7 15 68 0 0 15 0 22 3 4 1039 1408 895 146 89 191 199 490 203 8 0 0 0 137 9 0 0 0 0 0 0 0 0 11 14 4 4 119 3 0 0 0 0 0 0 0 0 0 0 0 0 0 0 0 0 0 0 0 0 0
0 0 0 0 3 0 30 0 0 0 0 0 2 1 0 0 0 3 5 0 2 1 17 5 0 24 7 7 0 6 3 27 4 0 0 0 0 0 0 1 4 7 18 8 10 15 16 33 131 280 293 141 21 41 23 6 25 0 0 0 0 11 41 17 227 105 0 1 5 12 72 82 3 0 19 145 241 184 5 41 11 12 4 3 1 0 2 3 18 4 4 0 0 0 2 0 0 3 335 396 1313 1015 547 108 2 13 87 146 2 0 0 0 0 14 0 0 0 0 0 0 0 0 1 3 0 0 22 320 0 0 0 0 0 0 0 0 0 0 0 0 0 0 0 0 0 0 0 0 0 0
0 0 0 0 0 0 0 0 0 0 0 0 0 0 3 2 1 0 0 0 1 1 12 0 0 7 1 0 0 0 7 58 7 1 0 0 0 13 0 0 60 13 0 0 0 0 6 17 335 1012 304 283 53 0 0 0 0 2 0 0 3 4 1 0 8 22 25 7 2 37 11 15 11 0 0 7 126 61 194 115 27 14 9 59 7 1 9 4 170 64 10 5 1 103 3 8 6 0 57 364 218 72 25 2 15 9 221 56 5 0 0 0 7 112 0 0 0 0 0 0 0 0 0 0 0 43 28 1 0 7 1 1 0 0 0 0 0 0 0 0 0 0 0 0 0 0 0 0 0 0
0 0 0 0 0 0 0 0 0 0 0 0 0 0 3 0 0 0 0 0 1 3 38 1 0 0 0 0 0 0 0 10 18 3 2 0 11 433 9 9 1 0 0 0 0 0 24 8 29 527 416 149 6 2 0 0 0 1 14 2 0 0 0 0 12 3 28 2 0 6 19 24 22 2 0 0 13 0 21 20 2 36 31 0 0 5 41 1 0 0 0 1 3 2 0 1 5 1 8 0 4 0 2 66 65 65 40 61 122 165 52 13 45 0 0 0 0 0 0 0 0 0 0 9 29 63 69 0 0 0 0 2 0 0 0 0 0 0 0 0 0 0 0 0 0 0 0 0 0 0
0 0 4 0 0 0 0 0 0 0 0 0 0 2 5 1 1 16 0 1 2 0 2 114 0 0 0 0 0 0 0 1 12 3 3 1 29 9 5 0 0 0 0 0 5 57 28 40 3 141 103 16 9 6 2 2 3 22 0 0 0 0 0 2 0 1 1 1 0 0 1 7 177 70 4 12 0 0 0 4 0 1 85 161 6 0 13 0 0 0 0 0 0 1 1 1 1 0 1 5 1 8 4 101 30 20 6 4 14 46 0 92 40 0 0 0 0 0 0 0 0 0 1 24 11 11 32 60 7 0 0 0 0 0 0 0 0 0 0 0 0 0 0 0 0 0 0 0 0 0
0 0 0 0 0 0 0 0 0 0 0 0 0 0 0 0 0 0 0 0 2 0 1 1 0 2 0 0 0 0 1 1 4 9 9 0 3 100 0 0 0 0 0 26 12 31 59 0 12 31 76 56 18 10 11 6 0 1 2 0 0 0 0 0 4 0 0 13 8 11 6 3 15 210 62 18 0 0 0 0 0 2 5 168 23 6 0 0 0 1 3 3 0 1 0 0 3 0 0 13 8 13 4 12 517 0 0 2 0 0 0 6 2 0 0 4 9 0 0 0 0 0 1 0 0 26 20 16 0 0 0 0 0 0 0 0 0 0 0 0 0 0 0 0 0 0 0 0 0 0
0 0 0 0 0 0 0 0 0 0 0 0 0 0 7 0 0 14 19 0 0 12 2 3 0 0 1 0 0 0 0 0 3 86 37 0 0 19 1 0 0 0 0 6 94 13 9 2 7 5 29 18 0 0 0 0 0 0 0 0 2 0 0 0 23 0 0 11 4 5 3 36 2 2 1 2 12 0 0 0 0 1 0 3 0 14 0 3 0 10 0 0 2 1 14 2 0 5 0 6 18 12 12 107 200 244 0 8 0 0 0 1 3 12 13 7 0 0 0 0 0 0 0 0 0 35 7 84 1 0 0 0 0 0 0 0 5 27 0 0 0 0 0 0 0 0 0 0 0 0
0 0 0 0 0 0 0 0 0 0 0 0 0 0 7 0 1 8 0 0 2 2 3 3 0 0 1 38 3 0 0 3 1 3 13 0 0 0 0 2 0 0 3 11 71 5 5 1 0 5 23 12 2 2 0 0 0 2 0 0 0 0 1 0 6 1 0 1 4 0 4 12 0 2 1 5 13 1 0 0 0 0 24 2 2 6 20 9 8 1 30 1 0 1 0 8 0 0 0 1 11 24 5 10 63 290 66 4 0 0 0 0 0 11 11 23 0 0 3 0 0 0 0 0 8 104 22 4 0 0 0 0 0 0 0 0 3 8 0 0 0 0 0 0 0 0 0 0 0 0
0 0 0 0 0 0 0 0 1 0 0 0 0 3 10 1 6 27 16 1 4 13 3 0 1 0 1 15 0 2 10 0 0 17 6 0 3 10 6 9 33 72 27 97 134 10 4 0 5 0 4 38 26 2 8 0 0 0 0 0 0 0 1 0 4 0 0 0 5 30 65 16 29 10 0 0 0 13 0 0 0 0 0 0 0 0 0 13 11 3 6 0 0 0 0 0 0 0 0 0 0 2 8 3 30 1420 730 26 5 0 0 0 0 0 0 0 2 148 45 2 0 0 0 36 57 52 63 189 128 34 0 0 0 0 0 4 10 2 0 0 0 0 0 0 0 0 0 0 0 0
0 0 0 0 0 0 0 0 0 6 0 3 6 3 14 10 20 60 1 7 0 9 1 0 0 0 1 4 11 3 3 19 5 1 6 9 27 73 57 157 362 996 231 238 109 45 0 0 0 0 0 6 28 13 4 1 0 0 0 0 0 0 0 0 0 0 0 0 0 1 8 32 38 0 72 35 2 23 4 0 0 3 2 0 9 0 0 0 13 4 3 0 2 1 16 59 4 0 0 0 1 49 12 19 281 357 626 456 13 0 0 0 0 0 0 3 201 50 28 0 0 0 256 60 229 140 763 636 19 49 0 0 0 18 0 1 0 0 0 0 0 0 0 0 0 0 0 0 0 0
0 0 0 0 0 0 0 2 6 4 13 36 45 2 0 2 0 5 1 2 9 8 6 21 3 5 3 0 2 3 0 5 4 8 234 12 2 3 86 261 580 1090 704 548 44 5 2 5 9 1 8 0 48 64 9 14 0 0 0 0 0 0 0 0 0 0 0 0 0 0 0 1 1 0 0 0 0 8 3 0 0 0 2 1 13 0 0 0 2 16 0 3 2 16 3 23 0 0 0 0 0 1 20 6 9 90 3 107 28 0 0 0 1 0 50 59 689 578 51 51 13 8 4 95 98 29 358 532 333 220 17 33 38 81 13 0 0 0 0 0 0 0 0 0 0 0 0 0 0 0
0 0 0 0 0 0 3 1 6 4 5 5 7 0 5 4 0 0 13 8 0 6 103 19 0 0 0 0 1 0 4 1 1 1 4 18 42 21 168 90 525 340 475 188 38 6 9 4 2 2 0 7 13 20 2 1 0 0 0 0 0 0 0 0 0 0 0 0 1 0 1 0 0 0 0 13 13 3 1 1 0 23 18 1 31 0 0 2 18 156 2 0 3 17 0 0 0 2 1 2 0 1 1 12 4 3 0 0 33 0 0 2 6 0 27 799 614 480 182 175 116 88 77 9 0 2 37 164 1 65 22 224 500 51 33 1 0 0 0 0 0 0 0 0 0 0 0 0 0 0
0 0 0 0 0 0 1 1 0 2 3 8 4 3 0 10 1 1 23 13 226 58 4 0 0 0 1 0 8 25 1 10 3 24 22 0 2 6 0 88 533 344 337 229 54 36 17 0 0 7 2 1 3 2 4 0 0 0 0 0 0 0 0 0 0 0 0 0 0 0 0 0 0 0 0 0 0 0 14 0 15 15 37 124 33 2 0 0 0 1 0 1 4 8 0 0 3 1 0 0 0 0 0 0 2 2 8 9 202 194 334 601 153 117 380 995 473 274 70 509 107 174 3 0 54 15 76 82 2 0 13 246 465 75 115 3 0 0 0 0 0 0 0 0 0 0 0 0 0 0
0 0 2 0 0 0 0 5 1 2 1 11 3 17 2 2 2 5 8 4 64 0 0 0 0 0 0 0 0 5 4 11 35 2 7 34 1 2 11 19 32 123 22 12 1 0 1 0 0 0 2 12 19 4 2 0 0 5 0 0 0 0 0 0 0 0 0 0 0 0 0 0 0 0 0 4 3 11 6 2 3 18 7 9 0 0 0 0 4 1 5 2 0 10 3 1 0 0 0 0 1 0 1 0 0 2 5 13 202 78 126 128 95 293 1786 642 276 314 75 537 127 20 0 6 3 12 14 0 0 0 73 414 0 0 2 0 0 0 0 0 0 0 0 0 0 0 0 0 0 0
0 0 1 11 3 10 15 10 0 1 3 0 0 2 13 3 1 4 26 19 12 0 0 0 0 0 0 1 4 1 49 5 12 2 6 93 2 5 11 0 28 10 8 1 4 0 0 0 5 4 0 10 257 5 18 83 20 1 11 0 0 0 0 0 0 0 0 0 0 0 0 0 0 0 0 0 1 2 3 0 0 0 0 0 0 0 0 0 1 0 1 0 0 32 6 0 7 3 0 0 2 0 0 0 0 0 13 97 39 4 1 18 186 166 193 735 130 304 130 125 390 2 0 0 0 0 0 0 0 0 6 127 18 0 0 0 0 0 0 0 0 0 0 0 0 0 0 0 0 0
0 0 0 0 1 2 3 2 0 3 0 0 7 10 14 4 41 9 1 0 0 4 1 0 0 1 1 32 9 15 22 62 6 2 1 0 1 2 2 1 7 10 9 1 1 0 3 0 0 0 1 15 142 88 10 28 2 0 0 0 0 0 0 0 0 0 0 0 0 0 0 0 0 0 0 0 12 5 6 2 0 2 0 0 0 0 0 0 19 1 21 2 26 43 2 6 5 1 3 11 2 0 0 0 0 0 2 116 1170 83 0 0 1 1 2 1 1 95 356 720 48 0 0 0 0 0 1 0 0 0 0 0 93 11 0 0 0 0 0 0 0 0 0 0 0 0 0 0 0 0
1 3 1 0 2 1 8 100 9 3 6 7 23 0 3 85 70 14 5 13 0 0 2 15 3 7 40 5 1 3 12 12 4 0 2 0 1 0 2 0 13 8 0 0 0 0 5 0 0 0 0 53 3 24 9 0 5 0 0 0 0 0 0 0 0 0 0 0 0 0 0 0 0 0 0 1 7 21 1 0 0 0 0 0 0 0 0 1 15 0 14 0 5 15 1 1 0 0 2 3 0 1 2 4 1 16 114 38 175 0 0 0 0 0 49 0 0 49 91 238 322 138 0 0 3 42 0 0 0 71 59 64 44 18 0 0 0 0 0 0 0 0 0 0 0 0 0 0 0 0
0 1 0 0 0 0 2 0 0 4 21 13 3 3 24 39 28 27 7 0 0 2 0 2 2 9 1 3 3 0 0 0 0 3 6 1 0 0 0 25 0 63 4 5 1 1 0 0 0 0 5 58 45 29 92 5 8 0 0 0 0 0 0 0 0 0 0 0 0 0 0 0 0 2 2 0 1 46 137 5 0 11 0 0 0 0 0 56 18 0 3 0 13 6 0 3 0 2 0 14 33 18 27 4 5 0 15 11 80 36 0 0 0 13 76 65 247 580 89 248 534 167 5 10 368 84 0 0 0 67 138 0 0 0 0 0 0 0 0 0 0 0 0 0 0 0 0 0 0 0
0 3 0 1 0 0 6 3 6 1 14 82 11 10 0 2 2 11 1 2 1 0 2 1 8 0 3 1 21 1 0 0 0 0 0 0 0 0 12 0 0 14 47 3 4 3 43 0 0 0 0 73 20 4 2 0 0 0 1 0 0 0 0 0 0 0 0 0 0 0 0 0 0 0 0 0 0 21 28 10 0 0 0 0 0 2 4 34 0 2 6 0 4 0 0 0 0 0 3 2 0 5 5 1 10 0 3 41 20 15 0 0 0 1 176 652 987 560 52 125 70 146 211 352 105 0 0 1 5 525 133 0 0 0 0 0 0 0 0 0 0 0 0 0 0 0 0 0 0 0
0 0 1 0 0 0 4 0 4 0 3 42 0 2 0 0 0 1 3 4 1 0 2 0 1 0 3 11 2 0 0 0 0 1 0 0 0 0 29 1 0 0 18 0 1 1 0 2 0 0 1 82 18 5 0 1 0 0 2 8 0 0 0 0 0 0 0 0 0 0 0 0 0 0 0 0 0 11 104 26 5 21 19 0 0 0 3 0 0 0 0 0 0 6 0 0 0 0 0 8 0 11 4 5 7 3 5 4 21 0 0 0 22 20 126 41 8 79 519 331 39 238 626 615 431 211 57 205 655 1477 627 21 0 0 0 0 0 0 0 0 0 0 0 0 0 0 0 0 0 0
0 4 0 0 1 8 3 7 0 13 22 6 0 13 41 5 2 2 0 0 0 0 0 0 0 9 17 2 0 0 0 4 2 1 1 0 0 0 1 12 1 3 6 0 0 3 8 1 2 8 10 355 35 0 5 3 0 4 1 0 0 0 0 1 0 0 0 0 0 0 0 0 0 0 0 0 1 25 48 3 5 36 13 0 0 0 0 0 13 3 0 1 3 17 3 20 13 0 0 0 4 0 0 6 11 2 3 0 122 29 9 10 34 5 0 15 11 353 291 665 649 747 811 689 1378 970 810 753 985 854 489 1 0 0 0 0 0 0 0 0 0 0 0 0 0 0 0 0 0 0
0 0 0 0 3 2 0 1 14 4 0 3 1 1 5 8 8 1 1 1 0 0 0 0 0 2 13 0 5 1 1 1 1 0 3 0 1 2 1 2 1 0 0 0 0 2 2 0 9 51 653 663 15 87 8 4 2 4 2 3 2 1 0 0 0 0 0 0 0 0 0 0 0 0 0 0 0 0 11 1 0 2 0 0 0 0 0 0 3 0 0 0 238 0 0 4 0 0 1 3 15 3 3 4 15 17 10 39 4 4 8 2 3 7 4 12 4 89 415 1528 1899 1170 300 1124 1399 822 286 606 683 38 79 113 0 0 0 0 0 0 0 0 0 0 0 0 0 0 0 0 0 0
1 4 7 0 3 0 1 0 14 3 1 2 6 2 5 1 3 4 1 0 0 0 0 0 3 1 0 1 1 0 1 40 16 1 0 1 2 0 1 0 0 0 1 0 0 1 0 0 2 31 796 751 614 700 45 14 0 3 6 5 13 0 0 0 0 0 0 0 0 0 0 0 0 0 0 0 0 0 0 20 0 3 0 0 0 0 0 26 76 0 0 20 19 0 0 0 0 0 0 2 33 0 7 6 3 140 347 26 1 0 2 6 0 29 15 15 18 5 131 800 414 690 390 2782 2009 456 166 172 47 439 851 697 1 0 0 0 0 0 0 0 0 0 0 0 0 0 0 0 0 0
2 3 0 21 1 1 17 5 16 6 14 75 0 0 0 1 0 0 0 0 0 0 0 1 2 0 0 1 0 0 0 27 8 10 0 0 9 0 0 0 0 0 0 1 0 2 0 0 0 7 283 486 551 456 53 45 0 6 3 4 1 0 0 0 0 0 0 0 0 0 0 0 0 0 0 0 0 2 0 23 7 4 9 0 0 0 0 25 65 0 6 26 60 0 0 0 0 0 0 2 2 40 11 123 13 12 2 10 0 0 0 0 2 16 0 18 19 10 8 68 395 313 379 737 992 720 693 396 330 752 470 483 0 0 0 0 0 0 0 0 0 0 0 0 0 0 0 0 0 0
8 6 2 2 8 3 14 3 4 1 0 1 19 0 0 0 0 0 0 0 0 0 0 0 0 0 0 0 0 0 0 1 0 1 0 0 1 1 0 0 0 0 0 0 0 2 8 1 0 2 11 208 330 27 24 28 1 1 2 3 2 0 0 0 0 0 0 0 0 0 0 0 0 0 0 0 0 0 4 0 4 2 0 0 0 0 45 54 27 1 5 154 221 35 4 0 0 0 0 9 18 5 45 111 21 0 4 5 21 1 2 0 5 4 4 5 27 19 44 25 182 800 435 395 231 709 748 1531 242 178 110 63 0 0 0 0 0 0 0 0 0 0 0 0 0 0 0 0 0 0
0 6 39 0 4 1 65 42 18 5 7 0 2 3 0 0 0 0 0 0 1 0 1 2 1 0 0 0 2 0 0 0 0 0 0 1 0 0 0 0 1 0 0 0 0 0 1 1 3 2 0 31 76 17 17 0 0 57 76 1 2 0 5 0 0 0 0 3 0 0 0 0 0 0 0 0 0 0 0 0 0 1 21 32 6 93 2 0 95 71 263 193 114 3 17 0 0 3 26 32 72 405 198 801 409 34 22 2 11 5 0 0 0 2 3 3 5 58 23 468 307 772 2313 1711 824 285 1720 2249 1524 0 0 0 0 0 0 0 0 0 0 0 0 0 0 0 0 0 0 0 0 0
5 6 12 0 66 6 5 32 12 10 1 0 0 1 0 0 0 0 0 0 0 0 5 0 0 0 0 0 0 0 0 2 0 1 0 0 0 0 0 0 5 0 0 0 0 1 0 0 3 3 0 6 47 3 12 0 0 24 115 6 0 0 0 0 0 0 0 0 0 0 0 0 0 0 0 0 0 0 0 0 0 0 39 1 0 5 2 8 12 46 77 82 162 10 32 165 0 1 0 9 197 256 470 402 238 35 3 4 0 19 14 1 0 1 3 0 13 472 334 690 639 8 6 182 161 146 435 872 351 2 236 11 0 0 0 0 0 0 0 0 0 0 0 0 0 0 0 0 0 0
14 3 155 0 125 133 62 11 1 6 0 1 0 2 0 0 0 0 0 1 1 0 0 0 0 0 0 0 0 0 0 0 0 0 0 0 0 0 0 0 1 1 1 0 2 2 0 0 0 1 0 14 26 0 0 0 1 2 1 11 4 1 1 0 0 0 0 0 0 0 0 0 0 0 0 0 0 0 0 0 35 32 0 0 23 1 160 6 5 0 0 6 10 2 0 0 0 0 0 10 13 106 1197 322 122 281 30 47 1 3 240 2 0 0 0 67 456 406 124 20 0 0 0 0 70 420 134 568 321 7 28 43 0 0 0 0 0 0 0 0 0 0 0 0 0 0 0 0 0 0
4 30 227 124 435 544 230 30 21 0 0 0 0 0 2 0 1 0 0 0 1 12 0 0 0 0 0 1 0 0 0 1 0 0 0 0 0 0 0 0 1 0 0 7 9 2 0 10 0 3 0 14 14 0 0 3 1 1 16 2 1 3 0 0 0 0 0 0 0 0 0 0 0 0 0 0 0 0 5 42 6 0 0 0 5 5 9 263 60 0 0 0 0 0 0 0 0 0 0 0 0 209 520 208 130 156 7 5 2 9 6 0 0 0 3 24 172 25 12 69 0 0 0 0 12 437 370 587 226 34 125 5 0 0 0 0 0 0 0 0 0 0 0 0 0 0 0 0 0 0
5 100 362 956 569 469 179 17 2 0 0 1 10 0 0 1 2 0 0 1 5 1 0 0 14 0 0 1 0 0 0 0 0 0 0 0 0 0 1 1 0 13 2 0 2 0 0 8 37 1 0 1 22 0 0 1 0 0 0 0 0 7 0 0 0 0 0 0 0 0 0 0 0 0 0 0 0 9 0 1 0 0 0 0 0 0 46 29 1 0 3 0 0 0 0 0 0 0 0 0 8 63 24 25 132 87 0 0 10 0 10 6 8 4 6 1 5 22 11 68 66 385 3 0 23 96 74 219 34 1 0 0 0 0 1 0 0 0 0 0 0 0 0 0 0 0 0 0 0 0
3 9 273 354 174 153 64 19 2 0 1 9 0 0 0 0 0 0 1 4 2 1 0 1 0 2 0 0 0 2 3 0 0 0 1 0 0 1 0 0 1 0 1 0 0 1 0 3 6 11 0 0 0 0 0 0 0 0 0 0 0 0 0 0 0 0 0 0 0 0 0 0 0 0 0 0 1 0 0 0 0 0 0 0 0 0 126 26 13 7 26 0 0 0 3 17 0 0 1 522 999 159 177 142 12 149 33 4 6 3 0 10 5 3 0 0 0 0 10 51 140 54 186 228 84 27 1 0 0 0 0 0 0 0 0 0 0 0 0 0 0 0 0 0 0 0 0 0 0 0
14 14 30 43 74 25 3 4 0 0 18 1 0 0 0 0 0 0 0 0 1 85 1 0 0 0 1 0 0 1 0 2 0 1 0 0 1 0 0 0 0 0 0 0 1 14 4 0 0 1 1 0 3 0 0 32 0 0 0 0 0 0 0 0 0 0 0 0 0 0 0 0 0 0 0 0 4 9 0 0 0 0 0 0 0 0 25 6 0 38 63 0 0 0 50 112 138 7 262 1659 435 770 57 46 2 28 50 96 2 8 13 0 0 0 0 0 1 3 29 58 130 26 22 43 9 73 55 19 85 49 6 0 0 0 0 0 0 0 0 0 0 0 0 0 0 0 0 0 0 0
19 4 18 3 0 0 0 1 0 0 0 0 1 0 0 0 0 0 0 5 1 9 2 4 0 0 0 0 0 3 6 0 0 10 8 0 0 0 0 0 0 0 0 0 1 12 2 0 0 0 0 2 0 6 131 10 8 0 0 0 0 0 0 0 0 0 0 0 0 0 0 0 0 0 30 11 0 0 0 0 0 0 0 0 0 0 13 3 0 0 102 24 6 5 127 338 76 2 98 175 10 118 53 5 12 4 0 126 390 142 0 0 0 5 31 0 0 5 0 0 21 0 5 3 20 67 47 61 379 42 29 0 0 0 0 0 0 0 0 0 0 0 0 0 0 0 0 0 0 0
17 1 4 0 0 0 5 0 0 0 0 0 0 0 0 0 0 0 0 0 1 2 5 0 0 0 1 0 0 0 11 45 3 0 2 0 0 0 0 0 0 0 0 0 2 1 2 0 0 0 0 1 6 2 6 1 0 0 0 0 0 0 0 0 0 0 0 0 0 0 0 0 0 0 11 30 0 0 0 0 0 0 0 0 0 0 61 128 137 58 105 25 14 22 3 34 8 3 1 1 8 1 1 1 5 3 143 360 159 53 1 0 0 0 0 0 0 29 1 0 1 11 19 16 25 155 45 226 128 251 42 0 0 0 0 0 0 0 0 0 0 0 0 0 0 0 0 0 0 0
2 1 0 0 0 0 0 0 0 0 0 0 0 0 0 0 0 1 0 0 0 2 1 0 0 0 0 3 0 0 1 0 0 0 0 1 0 0 0 0 0 3 0 0 0 18 0 0 0 0 0 0 3 39 20 1 1 0 0 0 0 0 0 0 0 0 0 0 0 0 0 1 1 8 0 0 0 0 0 0 0 0 0 0 0 0 0 0 175 3 0 0 0 3 1 25 0 0 6 0 0 7 0 9 2 253 872 288 41 89 0 0 0 0 0 0 0 0 140 22 0 66 0 45 10 7 105 41 6 24 1 19 0 0 0 0 0 0 0 0 0 0 0 0 0 0 0 0 0 0
11 0 0 4 0 0 0 0 0 0 0 0 0 0 0 0 0 0 0 1 0 0 0 15 0 0 0 2 0 0 3 0 0 0 0 1 0 0 0 0 0 0 1 0 0 1 0 0 0 0 1 1 6 71 7 1 29 0 0 0 0 0 0 0 0 0 0 0 0 0 1 0 1 0 0 0 0 0 0 0 0 0 0 0 0 0 4 0 8 2 0 0 4 33 0 5 0 0 6 1 3 7 3 0 65 126 58 8 43 159 0 0 0 0 0 0 0 0 2 6 0 43 1 66 135 52 277 32 25 23 4 0 0 0 0 0 0 0 0 0 0 0 0 0 0 0 0 0 0 0
0 0 0 0 4 16 1 0 0 0 0 0 0 0 0 0 0 0 0 0 0 0 0 0 0 0 0 0 0 0 0 1 0 0 0 1 0 0 0 1 0 0 0 0 1 0 0 0 0 0 13 0 4 1 1 0 2 1 0 0 0 0 0 0 0 0 0 1 1 9 0 0 0 0 0 0 0 0 0 0 0 0 0 0 0 0 0 0 0 7 0 36 117 38 1 0 0 0 0 1 1 6 27 20 88 10 0 68 3 15 10 0 0 0 0 0 0 0 0 0 6 3 1 37 0 0 0 312 3 5 0 0 0 0 0 0 0 0 0 0 0 0 0 0 0 0 0 0 0 0
0 0 0 0 46 20 0 0 0 0 0 0 0 0 2 0 0 7 0 0 0 0 0 0 0 0 0 0 11 0 5 0 0 0 0 0 0 0 0 1 0 0 0 31 3 2 0 0 0 45 17 0 0 0 1 0 2 5 0 1 0 0 0 0 0 0 2 0 5 0 0 0 2 0 0 0 0 0 0 0 0 0 0 0 0 0 0 0 46 40 110 282 142 10 0 0 1 0 0 52 27 614 383 77 2 35 3 0 0 6 10 0 0 0 0 0 0 0 0 0 0 0 0 0 0 1 83 65 0 0 0 0 0 0 0 0 0 0 0 0 0 0 0 0 0 0 0 0 0 0
0 0 0 0 0 0 0 0 0 0 0 0 0 2 0 0 1 0 0 0 0 0 0 0 0 0 0 0 0 1 0 0 0 0 0 0 0 0 0 0 0 1 0 0 3 11 0 0 0 0 0 0 0 5 1 1 0 0 0 0 0 0 0 0 0 0 0 0 11 2 0 0 0 0 0 0 0 0 0 0 0 0 0 0 2 1 2 0 122 98 186 119 113 33 47 0 1 3 11 56 120 145 115 8 1 0 0 0 0 4 4 3 0 0 0 0 0 0 0 0 4 105 185 0 0 30 23 0 0 0 0 0 0 0 0 0 0 0 0 0 0 0 0 0 0 0 0 0 0 0
0 0 0 0 1 1 0 0 0 0 0 1 11 11 0 0 0 0 3 0 0 0 0 0 0 11 2 1 0 8 0 0 2 0 0 1 0 0 0 0 0 0 0 1 0 9 6 0 0 2 3 0 2 16 3 0 0 1 0 0 0 0 0 0 0 0 1 14 113 0 0 0 0 0 0 0 0 0 0 0 0 0 0 0 3 13 50 1 4 32 0 3 16 1 22 0 0 5 4 11 78 0 2 0 1 0 0 0 2 23 40 33 0 0 0 0 0 0 0 0 0 0 0 0 0 0 0 3 0 0 0 0 0 0 0 0 0 0 0 0 0 0 0 0 0 0 0 0 0 0
0 0 0 1 0 0 1 0 0 0 0 0 0 0 1 4 2 0 0 0 0 0 0 0 0 1 5 0 1 3 0 0 0 0 0 6 0 0 0 0 0 0 2 0 0 0 1 7 1 4 0 0 0 3 8 4 3 0 0 0 0 0 0 0 0 0 2 33 13 0 0 0 0 0 0 0 0 0 0 0 0 0 0 3 54 1 2 0 1 28 0 2 11 0 32 11 2 38 16 23 13 19 5 0 12 0 0 4 91 113 144 361 18 3 0 0 0 0 0 0 0 0 0 0 0 0 0 0 0 0 0 0 0 0 0 0 0 0 0 0 0 0 0 0 0 0 0 0 0 0
0 0 0 1 6 1 1 0 0 0 0 0 0 0 0 0 0 0 0 0 0 0 0 0 7 0 0 2 0 0 0 0 0 0 0 0 0 0 0 2 0 0 0 0 0 0 0 8 11 0 0 1 0 4 0 139 76 0 0 0 0 0 0 0 1 6 27 62 9 0 6 4 0 0 0 0 0 0 0 0 0 0 0 20 50 1 2 7 116 6 24 6 1 0 1 19 68 22 15 5 4 0 9 7 3 1 23 4 29 19 254 119 27 4 9 0 0 0 0 0 0 0 0 0 0 0 0 0 0 0 0 0 0 0 0 0 0 0 0 0 0 0 0 0 0 0 0 0 0 0
0 0 3 0 0 0 0 0 0 0 0 0 0 0 0 1 2 0 0 0 0 0 0 0 0 0 0 0 0 0 0 0 0 0 0 0 1 1 0 0 0 0 0 0 0 2 3 11 42 1 0 0 0 0 10 15 2 6 19 5 5 1 0 25 1 0 0 1 0 17 0 0 0 0 0 0 0 0 0 0 0 0 0 0 0 0 0 27 12 1 0 0 0 0 14 251 9 0 0 0 0 0 0 0 22 73 294 965 441 102 50 0 2 5 0 0 0 0 0 0 0 0 0 0 0 0 0 0 0 0 0 0 0 0 0 0 0 0 0 0 0 0 0 0 0 0 0 0 0 0
0 1 3 0 2 55 2 3 0 7 1 1 0 0 1 0 1 0 0 0 0 0 0 0 0 0 0 0 0 0 2 0 0 0 0 0 0 0 3 0 0 0 0 0 1 1 19 24 6 5 1 0 0 2 6 1 0 0 1 2 0 0 0 0 1 0 1 2 4 14 0 8 0 0 0 0 0 0 0 0 0 0 0 0 0 0 0 3 0 1 11 8 0 0 85 16 0 0 0 0 0 5 0 42 41 88 120 373 212 202 96 185 56 5 0 0 0 0 0 0 0 0 0 0 0 0 0 0 0 0 0 0 0 0 0 0 0 0 0 0 0 0 0 0 0 0 0 0 0 0
0 0 0 0 13 35 1 0 1 1 1 0 0 0 0 0 12 0 0 0 0 0 0 0 0 0 0 0 0 0 0 0 3 0 0 0 0 0 0 0 1 1 2 0 1 0 3 3 3 4 8 0 1 5 2 1 1 3 10 0 0 0 0 0 0 1 0 6 1 0 0 0 2 5 0 0 0 0 0 0 0 0 0 0 0 0 0 0 2 1 0 1 18 25 4 28 206 0 0 0 0 0 0 72 104 321 1 0 108 48 0 4 3 0 0 0 0 0 0 0 0 0 0 0 0 0 0 0 0 0 0 0 0 0 0 0 0 0 0 0 0 0 0 0 0 0 0 0 0 0
0 0 0 0 0 4 0 0 0 6 0 0 0 2 0 0 0 0 2 0 0 0 0 0 0 0 0 0 0 0 0 0 0 6 0 0 0 0 0 0 0 0 0 2 0 0 5 1 2 5 0 0 0 1 5 0 0 0 3 2 3 4 0 0 0 0 0 0 0 0 0 4 0 0 0 0 0 0 0 0 0 0 0 0 0 0 0 0 0 0 0 16 38 12 8 137 321 0 0 0 0 0 0 2 17 0 0 0 0 0 52 73 6 0 0 0 0 0 0 0 0 0 0 0 0 0 0 0 0 0 0 0 0 0 0 0 0 0 0 0 0 0 16 17 3 0 0 0 0 0
0 0 0 5 0 1 0 0 0 10 0 0 1 0 0 0 0 0 0 0 0 0 0 0 0 0 0 0 0 0 0 0 0 0 0 0 0 0 0 0 0 0 0 0 0 0 0 0 0 1 3 0 4 0 0 0 0 0 3 0 1 0 0 0 0 0 0 0 0 0 6 0 0 0 0 0 0 0 0 0 0 0 0 0 0 0 0 0 35 2 0 14 292 295 30 0 2 1 0 0 0 0 1 1 1 0 0 3 0 91 139 1 4 0 0 0 0 0 0 0 0 0 0 0 0 0 0 0 0 0 0 0 0 0 0 0 0 0 0 0 0 0 0 14 0 0 0 0 0 0
2 1 0 0 0 1 0 0 0 0 0 0 0 0 1 0 0 0 0 0 0 0 0 0 2 0 0 0 0 0 0 0 0 0 0 0 0 0 0 0 0 0 0 0 0 0 0 0 0 0 3 12 13 0 0 0 0 0 1 3 2 0 0 0 0 0 0 0 0 0 1 0 0 0 0 0 0 0 0 0 0 0 0 0 0 0 0 0 0 0 15 48 566 0 1 11 1 0 0 0 0 0 0 4 8 1 0 7 18 15 14 17 0 0 0 0 0 0 0 0 0 0 0 0 0 0 0 0 0 0 0 0 0 0 0 0 0 0 0 0 0 0 0 0 0 0 0 0 0 0
0 0 0 0 1 0 0 0 0 0 0 1 1 1 0 0 0 0 1 1 0 0 0 2 1 0 0 0 0 0 0 0 0 0 0 0 0 0 0 0 0 0 0 0 0 0 0 0 0 0 0 8 1 0 0 0 3 0 1 8 1 0 0 0 0 0 0 0 0 0 1 38 3 0 0 0 0 0 0 0 0 0 0 0 0 0 0 0 0 0 6 12 3 3 1 0 0 0 0 0 0 0 0 0 0 0 0 0 0 0 0 0 0 0 0 0 0 0 0 0 0 0 0 0 0 0 0 0 0 0 0 0 0 0 0 0 0 0 0 0 0 0 0 0 0 0 0 0 0 0
0 0 0 0 0 0 0 0 0 0 0 1 0 1 0 0 0 0 0 0 0 3 6 54 1 0 0 0 0 0 0 0 0 0 0 0 1 0 0 0 0 0 0 0 0 0 0 0 0 0 0 19 5 0 0 0 14 6 0 0 0 10 12 0 0 0 0 0 0 0 0 2 24 0 2 0 0 0 0 0 0 0 0 0 0 0 0 0 0 0 0 28 3 16 14 1 0 0 0 0 0 0 0 0 0 0 0 0 0 0 0 0 0 0 0 0 0 0 0 0 0 0 0 0 0 0 0 0 0 0 0 0 0 0 0 0 0 0 0 0 0 0 0 0 0 0 0 0 0 0
0 0 0 0 0 0 0 0 0 0 0 1 0 0 0 0 0 0 0 0 0 0 6 4 1 0 0 0 0 0 0 0 0 0 0 0 1 0 0 0 0 0 0 0 0 0 0 0 0 0 0 27 20 0 1 0 1 0 0 0 0 25 118 0 0 0 0 0 0 0 0 0 0 0 0 0 0 0 0 0 0 0 0 0 0 0 0 0 0 0 9 16 0 14 30 3 0 0 0 0 0 0 0 0 0 0 0 0 0 0 0 0 0 0 0 0 0 0 0 0 0 0 0 0 0 0 0 0 0 0 0 0 0 0 0 0 0 0 0 0 0 0 0 0 0 0 0 0 0 0
0 0 0 0 0 0 0 0 0 0 0 0 1 1 0 0 0 0 0 0 0 0 0 0 1 0 0 0 0 5 0 0 0 0 0 0 0 0 0 0 0 0 0 0 0 0 0 0 0 2 4 40 175 4 9 3 0 0 0 1 0 15 0 0 0 0 0 0 0 0 0 0 0 0 0 0 0 0 0 0 0 0 0 0 0 0 0 0 0 0 0 84 8 6 9 4 0 0 0 0 0 0 0 0 0 0 0 0 0 0 0 0 0 0 0 0 0 0 0 0 0 0 0 0 0 0 0 0 0 0 0 0 0 0 0 0 0 0 0 0 0 0 0 0 0 0 0 0 0 0
0 0 0 0 0 0 0 2 0 0 0 0 10 64 0 2 0 0 4 0 0 1 0 0 1 4 2 0 0 0 0 0 0 0 0 0 0 0 1 0 1 0 0 0 0 0 0 0 6 5 0 10 124 1 19 2 1 1 0 0 1 4 5 0 0 0 0 0 0 0 0 0 0 0 0 0 0 0 0 0 0 0 0 0 0 0 0 0 0 0 0 1 6 0 6 2 0 3 0 10 0 0 0 0 0 0 0 0 0 0 0 0 0 0 0 0 0 0 0 0 0 0 0 0 0 0 0 0 0 0 0 0 0 0 0 0 0 0 0 0 0 0 0 0 0 0 0 0 0 0
0 0 0 0 0 0 0 0 0 5 0 0 0 0 0 0 0 0 1 0 0 0 0 2 0 5 0 0 0 0 0 0 0 0 0 0 0 0 1 0 0 0 0 0 0 0 0 11 0 0 3 11 14 0 0 0 0 0 0 1 10 4 0 0 0 0 0 0 0 0 0 0 0 0 0 0 0 0 0 0 0 0 0 0 0 0 0 0 0 0 0 0 0 0 0 2 14 1 0 0 0 0 0 0 0 0 1 0 0 0 0 0 0 0 0 0 0 0 0 0 0 0 0 0 0 0 0 0 0 0 0 0 0 0 0 0 0 0 0 0 0 0 0 0 0 0 0 0 0 0
0 0 1 0 0 0 0 0 0 0 4 5 0 0 0 0 0 0 0 0 0 0 0 1 0 0 0 0 0 0 0 0 0 3 8 1 1 1 0 0 0 0 0 0 0 0 25 8 0 0 0 0 0 0 0 0 0 0 0 0 7 0 4 0 0 0 0 0 0 0 0 0 0 0 0 0 0 0 0 0 0 0 0 0 0 0 0 0 0 0 0 0 0 0 0 8 12 22 0 0 1 0 0 0 0 0 1 0 0 0 0 0 0 0 0 0 0 0 0 0 0 0 0 0 0 0 0 0 0 0 0 0 0 0 0 0 0 0 0 0 0 0 0 2 8 17 0 0 0 0
1 0 0 1 0 0 0 0 0 0 0 1 0 0 0 0 37 1 0 13 0 0 0 0 0 3 0 0 0 0 0 2 0 0 0 1 0 2 0 0 0 0 0 0 1 0 1 0 0 0 0 0 0 0 0 0 0 0 0 0 0 2 0 0 0 0 0 0 0 0 0 2 2 0 0 0 0 0 0 0 0 0 0 0 0 0 0 0 0 0 0 0 1 0 7 11 6 9 0 2 5 0 0 0 0 0 0 0 0 0 0 0 0 0 0 0 0 0 0 0 0 0 0 0 0 0 0 0 0 0 0 0 0 0 0 0 0 0 0 0 0 0 0 0 0 0 0 0 0 0
0 0 0 1 0 0 0 0 0 0 0 3 0 0 0 0 0 0 0 0 0 0 0 0 0 0 0 0 0 0 0 0 0 0 0 0 0 0 0 0 0 0 0 0 0 0 0 0 0 0 0 0 0 0 0 0 0 0 0 0 0 0 0 0 0 0 0 0 0 0 0 2 0 0 0 0 0 0 0 0 0 0 0 0 0 0 0 0 0 0 0 0 0 0 12 0 0 0 0 0 0 3 0 0 0 0 0 0 0 0 0 0 0 0 0 0 0 0 0 0 0 0 0 0 0 0 0 0 0 0 0 0 0 0 0 0 0 0 0 0 0 0 0 0 0 0 0 0 0 0
0 0 0 0 0 0 0 0 0 0 3 2 5 0 0 2 3 0 0 0 0 0 0 0 0 0 0 0 0 0 0 0 0 0 0 0 0 0 0 0 0 0 0 0 1 1 0 0 0 0 0 0 0 0 0 0 0 0 0 1 2 0 0 0 0 0 0 0 0 0 1 1 0 0 0 0 0 0 0 0 0 0 0 0 0 0 0 0 0 0 0 0 0 0 1 1 6 0 0 0 0 0 0 0 0 0 0 0 0 0 0 0 0 0 0 0 0 0 0 0 0 0 0 0 0 0 0 0 0 0 0 0 0 0 0 0 0 0 0 0 0 0 0 0 0 0 0 0 0 0
0 0 0 0 0 0 0 0 0 1 0 0 14 1 0 2 4 3 0 0 0 0 0 0 0 0 0 0 0 0 0 0 0 0 0 0 1 0 0 0 0 0 0 1 0 0 0 0 0 0 0 0 0 0 0 0 0 0 0 11 1 0 0 0 0 0 0 0 51 1 0 0 0 0 0 0 0 0 1 0 0 0 0 0 0 0 0 0 0 0 0 0 0 0 0 0 1 0 4 5 0 0 0 0 0 0 0 0 0 0 0 0 0 0 0 0 0 0 0 0 0 0 0 0 0 0 0 0 0 0 0 0 0 0 0 0 0 0 0 0 0 0 0 0 0 0 0 0 0 0
0 0 0 0 0 0 0 0 0 3 0 0 1 1 0 0 0 7 8 0 0 0 0 0 0 0 0 0 0 0 0 0 0 0 0 2 2 0 4 0 0 0 1 0 0 0 0 0 0 0 0 0 0 0 0 0 0 0 0 0 11 10 3 0 7 0 0 0 139 88 0 0 0 0 0 0 0 0 0 0 0 0 0 0 0 0 0 0 0 0 0 0 0 0 0 0 0 0 0 0 0 0 0 0 0 0 0 0 0 0 0 0 0 0 0 0 0 0 0 0 0 0 0 0 0 0 0 0 0 0 0 0 0 0 0 0 0 0 0 0 0 0 0 0 0 0 0 0 0 0
1 0 2 0 0 0 0 0 0 0 1 2 52 3 0 2 16 0 3 5 0 2 5 23 14 1 0 0 0 0 3 0 0 0 2 5 14 0 3 7 0 0 7 0 0 0 0 0 0 0 0 0 0 0 0 0 0 0 0 0 0 4 0 3 113 64 8 0 0 0 0 0 0 0 0 0 0 0 0 0 0 0 0 0 0 0 0 0 0 0 0 0 0 0 0 0 0 0 0 0 0 0 0 0 0 0 0 0 0 0 0 0 0 0 0 0 0 0 0 0 0 0 0 0 0 0 0 0 0 0 0 0 0 0 0 0 0 0 0 0 0 0 0 0 0 0 0 0 0 0
3 54 3 0 0 0 0 0 0 0 1 1 2 0 0 0 5 0 3 4 13 81 37 5 0 0 0 0 0 2 2 0 0 0 1 2 25 2 0 0 0 2 0 0 0 0 0 0 0 0 0 0 0 0 0 0 0 0 0 0 0 0 0 0 1 0 0 0 0 0 0 0 0 0 0 0 0 0 0 0 0 0 0 0 0 0 0 0 0 0 0 0 0 0 0 0 0 0 0 0 0 0 0 0 0 0 0 0 0 0 0 0 0 0 0 0 0 0 0 0 0 0 0 0 0 0 0 0 0 0 0 0 0 0 0 0 0 0 0 0 0 0 0 0 0 0 0 0 0 0
16 9 10 1 3 2 0 0 0 0 0 0 2 0 0 0 8 0 0 5 1 36 16 3 18 2 0 0 2 12 4 0 0 0 0 0 1 0 0 0 2 9 0 0 0 0 0 0 0 0 0 0 0 0 0 0 0 0 0 0 0 0 0 0 1 0 0 0 0 0 0 0 0 0 0 0 0 0 0 0 0 0 0 0 0 0 0 0 0 2 0 0 0 0 0 0 0 0 0 0 0 0 0 0 0 0 0 0 0 0 0 0 0 0 0 0 0 0 0 0 0 0 0 0 0 0 0 0 0 0 0 0 0 0 0 0 0 0 0 0 0 0 0 0 0 0 0 0 0 0
0 0 0 0 1 0 0 0 0 0 0 1 4 0 0 0 0 1 0 4 0 1 12 12 1 8 1 1 1 15 0 0 0 0 0 1 0 0 0 0 0 0 0 0 0 0 0 0 0 0 0 0 0 0 0 0 0 0 0 0 0 0 0 0 0 0 0 0 0 0 0 0 0 0 0 0 0 0 0 0 0 0 0 0 0 0 0 0 0 0 0 0 0 0 0 0 0 0 0 0 0 0 0 0 0 0 0 0 0 0 0 0 0 0 0 0 0 0 0 0 0 0 0 0 0 0 0 0 0 0 0 0 0 0 0 0 0 0 0 0 0 0 0 0 0 0 0 0 0 0
0 0 0 0 0 0 0 0 0 0 0 0 0 0 0 0 0 0 0 0 0 0 0 0 5 2 6 13 24 0 0 0 1 9 6 0 0 0 0 0 0 0 0 0 0 0 0 0 0 0 0 0 0 0 0 0 0 0 0 0 0 0 0 0 0 0 0 0 0 0 0 0 0 0 0 0 0 0 0 0 0 0 0 0 0 0 0 0 0 0 0 0 0 0 0 0 0 0 0 0 0 0 0 0 0 0 0 0 0 0 0 0 0 0 0 0 0 0 0 0 0 0 0 0 0 0 0 0 0 0 0 0 0 0 0 0 0 0 0 0 0 0 0 0 0 0 0 0 0 0
0 0 0 0 0 0 0 0 0 0 0 0 0 0 0 0 0 0 0 0 0 0 0 0 0 1 0 5 221 27 2 2 0 12 0 1 5 0 0 0 0 0 0 0 0 0 0 0 0 0 0 0 0 0 0 0 0 0 0 0 0 0 0 0 0 0 0 0 0 0 0 0 0 0 0 0 0 0 0 0 0 0 0 0 0 0 0 0 0 0 0 0 0 0 0 0 0 0 0 0 0 0 0 0 0 0 0 0 0 0 0 0 0 0 0 0 0 0 0 0 0 0 0 0 0 0 0 0 0 0 0 0 0 0 0 0 0 0 0 0 0 0 0 0 0 0 0 0 0 0
0 0 0 0 0 0 0 0 0 0 0 0 0 0 0 0 0 0 0 1 3 0 0 0 0 2 1 6 0 0 3 0 1 1 0 1 2 0 0 0 0 0 0 0 0 0 0 0 0 0 0 0 0 0 0 0 0 0 0 0 0 0 0 0 0 0 0 0 0 0 0 0 0 0 0 0 0 0 0 0 0 0 0 0 0 0 0 0 0 0 0 0 0 0 0 0 0 0 0 0 0 0 0 0 0 0 0 0 0 0 0 0 0 0 0 0 0 0 0 0 0 0 0 0 0 0 0 0 0 0 0 0 0 0 0 0 0 0 0 0 0 0 0 0 0 0 0 0 0 0
0 0 0 0 0 0 0 0 0 0 0 0 0 0 0 0 0 0 0 0 0 0 0 0 4 3 7 0 0 0 6 0 0 1 0 0 0 1 0 0 0 0 0 0 0 0 0 0 0 0 0 0 0 0 0 0 0 0 0 0 0 0 0 0 0 0 0 0 0 0 0 0 0 0 0 0 0 0 0 0 0 0 0 0 0 0 0 0 0 0 0 0 0 0 0 0 0 0 0 0 0 0 0 0 0 0 0 0 0 0 0 0 0 0 0 0 0 0 0 0 0 0 0 0 0 0 0 0 0 0 0 0 0 0 0 0 0 0 0 0 0 0 0 0 0 0 0 0 0 0
0 0 0 0 0 0 0 0 0 0 0 0 1 6 0 0 0 0 0 0 0 0 0 0 0 0 0 0 0 0 0 0 3 0 2 0 11 0 0 0 0 0 0 0 0 0 0 0 0 0 0 0 0 0 0 0 0 0 0 0 0 0 0 0 0 0 0 0 0 0 0 0 0 0 0 0 0 0 0 0 0 0 0 0 0 0 0 0 0 0 0 0 0 0 0 0 0 0 0 0 0 0 0 0 0 0 0 0 0 0 0 0 0 0 0 0 0 0 0 0 0 0 0 0 0 0 0 0 0 0 0 0 0 0 0 0 0 0 0 0 0 0 0 0 0 0 0 0 0 0
0 0 0 0 0 0 0 0 0 0 0 6 1 0 0 0 0 0 0 0 0 0 0 0 0 0 0 16 1 7 20 0 0 0 0 0 0 0 0 0 0 0 0 0 0 0 0 0 0 0 0 0 0 0 0 0 0 0 0 0 0 0 0 0 0 0 0 0 0 0 0 0 0 0 0 0 0 0 0 0 0 0 0 0 0 0 0 0 0 0 0 0 0 0 0 0 0 0 0 0 0 0 0 0 0 0 0 0 0 0 0 0 0 0 0 0 0 0 0 0 0 0 0 0 0 0 0 0 0 0 0 0 0 0 0 0 0 0 0 0 0 0 0 0 0 0 0 0 0 0
0 0 0 0 0 0 0 0 0 0 1 0 0 0 0 0 0 0 0 0 0 0 0 0 0 0 0 8 1 0 0 0 1 5 0 0 0 0 0 0 0 0 0 0 0 0 0 0 0 0 0 0 0 0 0 0 0 0 1 0 0 0 0 0 0 0 0 0 0 0 0 0 0 0 0 0 0 0 0 0 0 0 0 0 0 0 0 0 0 0 0 0 0 0 0 0 0 0 0 0 0 0 0 0 0 0 0 0 0 0 0 0 0 0 0 0 0 0 0 0 0 0 0 0 0 0 0 0 0 0 0 0 0 0 0 0 0 0 0 0 0 0 0 0 0 0 0 0 0 0
0 0 0 0 0 0 0 0 0 0 2 2 0 3 0 0 0 0 0 0 0 0 0 0 0 0 0 0 0 0 0 0 1 1 0 0 0 0 0 0 0 0 0 0 0 0 0 0 0 0 0 0 0 0 0 0 0 0 0 0 0 0 0 0 0 0 0 0 0 0 0 0 0 0 0 0 0 0 0 0 0 0 0 0 0 0 0 0 0 0 0 0 0 0 0 0 0 0 0 0 0 0 0 0 0 0 0 0 0 0 0 0 0 0 0 0 0 0 0 0 0 0 0 0 0 0 0 0 0 0 0 0 0 0 0 0 0 0 0 0 0 0 0 0 0 0 0 0 0 0
0 0 0 0 0 0 0 0 0 4 1 0 0 0 0 0 0 0 0 0 0 0 0 0 0 0 0 0 0 0 0 0 0 0 0 0 0 0 0 0 0 0 0 0 0 0 0 0 0 0 0 0 0 0 0 0 0 0 0 0 0 0 0 0 0 0 0 0 0 0 0 0 0 0 0 0 0 0 0 0 0 0 0 0 0 0 0 0 0 0 0 0 0 0 0 0 0 0 0 0 0 0 0 0 0 0 0 0 0 0 0 0 0 0 0 0 0 0 0 0 0 0 0 0 0 0 0 0 0 0 0 0 0 0 0 0 0 0 0 0 0 0 0 0 0 0 0 0 0 0
0 0 0 0 0 0 0 0 0 0 1 0 0 0 0 0 0 0 0 0 0 0 0 0 0 0 0 0 0 0 0 0 0 0 0 0 0 0 0 0 0 0 0 0 0 0 0 0 0 0 0 2 0 0 0 0 0 0 0 0 0 0 0 0 0 0 0 0 0 0 0 0 0 0 0 0 0 0 0 0 0 0 0 0 0 0 0 0 0 0 0 0 0 0 0 0 0 0 0 0 0 0 0 0 0 0 0 0 0 0 0 0 0 0 0 0 0 0 0 0 0 0 0 0 0 0 0 0 0 0 0 0 0 0 0 0 0 0 0 0 0 0 0 0 0 0 0 0 0 0
0 0 1 0 0 0 0 0 31 33 1 0 0 0 0 0 0 0 0 0 0 0 0 0 0 0 0 0 0 0 0 0 0 0 0 0 0 0 0 0 0 0 0 0 0 0 0 0 1 0 1 2 0 0 0 0 0 0 0 0 0 0 0 0 0 0 0 0 0 0 0 0 0 0 0 0 0 0 0 0 0 0 0 0 0 0 0 0 0 0 0 0 0 0 0 0 0 0 0 0 0 0 0 0 0 0 0 0 0 0 0 0 0 0 0 0 0 0 0 0 0 0 0 0 0 0 0 0 0 0 0 0 0 0 0 0 0 0 0 0 0 0 0 0 0 0 0 0 0 0
0 0 0 0 0 1 26 14 9 1 0 0 0 0 0 0 0 0 0 0 0 0 0 0 0 0 0 0 0 0 0 0 0 0 0 0 0 0 0 0 0 0 0 0 0 0 0 0 0 29 60 0 0 0 1 0 0 0 0 0 0 0 0 0 0 0 0 0 0 0 0 0 0 0 0 0 0 0 0 0 0 0 0 0 0 0 0 0 0 0 0 0 0 0 0 0 0 0 0 0 0 0 0 0 0 0 0 0 0 0 0 0 0 0 0 0 0 0 0 0 0 0 0 0 0 0 0 0 0 0 0 0 0 0 0 0 0 0 0 0 0 0 0 0 0 0 0 0 0 0
0 0 0 0 0 2 27 27 0 0 0 0 0 0 0 0 0 0 0 0 0 0 0 0 0 0 0 0 0 0 0 0 0 0 0 0 0 0 0 0 0 0 0 0 0 0 0 0 0 0 0 0 215 0 0 0 0 0 0 0 0 0 0 0 0 0 0 0 0 0 0 0 0 0 0 0 0 0 0 0 0 0 0 0 0 0 0 0 0 0 0 0 0 0 0 0 0 0 0 0 0 0 0 0 0 0 0 0 0 0 0 0 0 0 0 0 0 0 0 0 0 0 0 0 0 0 0 0 0 0 0 0 0 0 0 0 0 0 0 0 0 0 0 0 0 0 0 0 0 0
0 0 0 0 0 0 0 0 0 0 0 0 0 0 0 0 0 0 0 0 0 0 0 0 0 0 0 0 0 0 0 0 0 0 0 0 0 0 0 0 0 0 0 0 0 0 0 0 0 0 0 0 23 124 0 0 0 0 0 0 0 0 0 0 0 0 0 0 0 0 0 0 0 0 0 0 0 0 0 0 0 0 0 0 0 0 0 0 0 0 0 0 0 0 0 0 0 0 0 0 0 0 0 0 0 0 0 0 0 0 0 0 0 0 0 0 0 0 0 0 0 0 0 0 0 0 0 0 0 0 0 0 0 0 0 0 0 0 0 0 0 0 0 0 0 0 0 0 0 0
0 0 0 0 0 0 0 0 0 0 0 0 0 0 0 0 0 0 0 0 0 0 0 0 0 0 0 0 0 0 0 0 0 0 0 0 0 0 0 0 0 0 0 0 0 0 0 0 0 0 0 0 0 0 0 0 0 0 0 0 0 0 0 0 0 0 0 0 0 0 0 0 0 0 0 0 0 0 0 0 0 0 0 0 0 0 0 0 0 0 0 0 0 0 0 0 0 0 0 0 0 0 0 0 0 0 0 0 0 0 0 0 0 0 0 0 0 0 0 0 0 0 0 0 0 0 0 0 0 0 0 0 0 0 0 0 0 0 0 0 0 0 0 0 0 0 0 0 0 0
0 0 0 0 0 0 0 0 0 0 0 0 0 0 0 0 0 0 0 0 0 0 0 0 0 0 0 0 0 0 0 0 0 0 0 0 0 1 0 0 0 0 0 0 0 0 0 0 0 0 0 1 1 0 0 0 0 0 0 0 0 0 0 0 0 0 0 0 0 0 0 0 0 0 0 0 0 0 0 0 0 0 0 0 0 0 0 0 0 0 0 0 0 0 0 0 0 0 0 0 0 0 0 0 0 0 0 0 0 0 0 0 0 0 0 0 0 0 0 0 0 0 0 0 0 0 0 0 0 0 0 0 0 0 0 0 0 0 0 0 0 0 0 0 0 0 0 0 0 0
0 0 0 0 0 0 0 0 0 0 0 0 0 0 0 0 0 0 0 0 0 0 0 0 0 0 0 0 0 0 0 0 1 0 0 0 0 0 0 0 0 0 0 0 0 0 0 0 0 0 0 0 1 0 0 0 0 0 0 0 0 0 0 0 0 0 0 0 0 0 0 0 0 0 0 0 0 0 0 0 0 0 0 0 0 0 0 0 0 0 0 0 0 0 0 0 0 0 0 0 0 0 0 0 0 0 0 0 0 0 0 0 0 0 0 0 0 0 0 0 0 0 0 0 0 0 0 0 0 0 0 0 0 0 0 0 0 0 0 0 0 0 0 0 0 0 0 0 0 0
0 0 0 0 0 0 0 0 0 0 0 0 0 0 0 0 0 0 0 0 0 0 0 0 0 0 0 0 0 0 2 0 0 0 2 0 0 0 0 0 0 0 0 0 0 0 0 0 0 0 0 0 0 2 0 0 0 0 0 0 0 0 0 0 0 0 0 0 0 0 0 0 0 0 0 0 0 0 0 0 0 0 0 0 0 0 0 0 0 0 0 0 0 0 0 0 0 0 0 0 0 0 0 0 0 0 0 0 0 0 0 0 0 0 0 0 0 0 0 0 0 0 0 0 0 0 0 0 0 0 0 0 0 0 0 0 0 0 0 0 0 0 0 0 0 0 0 0 0 0
0 0 0 0 0 0 0 0 0 0 0 0 0 0 0 0 0 0 0 0 0 0 0 0 0 0 0 0 0 0 1 19 1 0 0 0 0 0 0 0 0 0 0 0 0 0 0 0 0 0 0 1 0 0 0 0 0 0 0 0 0 0 0 0 0 0 0 0 0 0 0 0 0 0 0 1 0 0 0 0 0 0 0 0 0 0 0 0 0 0 0 0 0 0 0 0 0 0 0 0 0 0 0 0 0 0 0 0 0 0 0 0 0 0 0 0 0 0 0 0 0 0 0 0 0 0 0 0 0 0 0 0 0 0 0 0 0 0 0 0 0 0 0 0 0 0 0 0 0 0
0 0 0 0 0 0 0 0 0 0 0 0 0 0 0 0 0 0 0 0 0 0 0 0 0 0 0 0 0 0 1 7 0 0 0 0 0 0 0 0 0 0 0 0 0 0 0 0 0 0 0 0 0 0 0 0 0 0 0 0 0 0 0 0 0 0 0 0 0 0 0 0 0 0 0 0 0 0 0 0 0 0 0 0 0 0 0 0 0 0 0 0 0 0 0 0 0 0 0 0 0 0 0 0 0 0 0 0 0 0 0 0 0 0 0 0 0 0 0 0 0 0 0 0 0 0 0 0 0 0 0 0 0 0 0 0 0 0 0 0 0 0 0 0 0 0 0 0 0 0
0 0 0 0 0 0 0 0 0 0 0 0 0 0 0 0 0 0 0 0 0 0 0 0 0 0 0 0 0 10 0 0 0 0 0 0 4 0 0 0 0 0 0 0 0 0 0 0 0 0 0 0 0 0 0 0 0 0 0 0 0 0 0 0 0 0 0 0 0 0 0 0 0 0 0 0 0 0 0 0 0 0 0 0 0 0 0 0 0 0 0 0 0 0 0 0 0 0 0 0 0 0 0 0 0 0 0 0 0 0 0 0 0 0 0 0 0 0 0 0 0 0 0 0 0 0 0 0 0 0 0 0 0 0 0 0 0 0 0 0 0 0 0 0 0 0 0 0 0 0
0 0 0 0 0 0 0 0 0 0 0 0 0 0 0 0 0 0 0 0 0 0 0 0 0 0 0 0 0 265 87 0 0 0 0 0 0 0 0 0 0 0 0 0 0 0 0 0 1 0 0 0 0 0 0 0 0 0 0 0 0 0 0 0 0 0 0 0 0 0 0 0 0 0 0 0 0 0 0 0 0 0 0 0 0 0 0 0 0 0 0 0 0 0 0 0 0 0 0 0 0 0 0 0 0 0 0 0 0 0 0 0 0 0 0 0 0 0 0 0 0 0 0 0 0 0 0 0 0 0 0 0 0 0 0 0 0 0 0 0 0 0 0 0 0 0 0 0 0 0
0 0 0 0 0 0 0 0 0 0 0 0 0 0 0 0 0 0 0 0 0 0 0 0 0 0 5 0 0 0 0 0 0 1 0 0 0 0 0 0 0 0 0 0 0 0 0 0 2 52 0 0 0 0 0 0 0 0 0 0 0 0 0 0 0 0 0 0 0 0 0 0 0 0 0 0 0 0 0 0 0 0 0 0 0 0 0 0 0 0 0 0 0 0 0 0 0 0 0 0 0 0 0 0 0 0 0 0 0 0 0 0 0 0 0 0 0 0 0 0 0 0 0 0 0 0 0 0 0 0 0 0 0 0 0 0 0 0 0 0 0 0 0 0 0 0 0 0 0 0
0 0 0 0 0 0 0 0 0 0 0 0 0 0 0 0 0 0 0 0 0 0 0 0 0 0 18 0 0 0 0 0 0 0 0 0 0 0 0 0 0 0 0 0 0 0 0 0 0 0 0 0 0 0 0 0 0 0 0 0 0 0 0 0 0 0 0 0 0 0 0 0 0 0 0 0 0 0 0 0 0 0 0 0 0 0 0 0 0 0 0 0 0 0 0 0 0 0 0 0 0 0 0 0 0 0 0 0 0 0 0 0 0 0 0 0 0 0 0 0 0 0 0 0 0 0 0 0 0 0 0 0 0 0 0 0 0 0 0 0 0 0 0 0 0 0 0 0 0 0
0 0 0 0 0 0 0 0 0 0 0 0 0 0 0 0 0 0 0 0 0 0 0 0 0 0 0 1 2 0 0 0 0 0 0 0 0 0 0 0 0 0 0 0 0 0 0 0 0 0 0 0 0 0 0 0 0 0 0 0 0 0 0 0 0 0 0 0 0 0 0 0 0 0 0 0 0 0 0 0 0 0 0 0 0 0 0 0 0 0 0 0 0 0 0 0 0 0 0 0 0 0 0 0 0 0 0 0 0 0 0 0 0 0 0 0 0 0 0 0 0 0 0 0 0 0 0 0 0 0 0 0 0 0 0 0 0 0 0 0 0 0 0 0 0 0 0 0 0 0
0 0 0 0 0 0 0 0 0 0 0 0 0 0 0 0 0 0 0 0 0 0 0 0 0 0 0 0 0 0 0 0 0 0 0 0 0 0 0 0 0 0 0 0 0 0 0 0 0 0 0 0 0 0 0 0 0 0 0 0 0 0 0 0 0 0 0 0 0 0 0 0 0 0 0 0 0 0 0 0 0 0 0 0 0 0 0 0 0 0 0 0 0 0 0 0 0 0 0 0 0 0 0 0 0 0 0 0 0 0 0 0 0 0 0 0 0 0 0 0 0 0 0 0 0 0 0 0 0 0 0 0 0 0 0 0 0 0 0 0 0 0 0 0 0 0 0 0 0 0
0 0 0 0 0 0 0 0 0 0 0 0 0 0 0 0 0 0 0 0 0 0 0 0 0 0 0 0 0 0 0 0 0 0 0 0 0 0 0 0 0 0 0 0 0 0 0 0 0 0 0 0 0 0 0 0 0 0 0 0 0 0 0 0 0 0 0 0 0 0 0 0 0 0 0 0 0 0 0 0 0 0 0 0 0 0 0 0 0 0 0 0 0 0 0 0 0 0 0 0 0 0 0 0 0 0 0 0 0 0 0 0 0 0 0 0 0 0 0 0 0 0 0 0 0 0 0 0 0 0 0 0 0 0 0 0 0 0 0 0 0 0 0 0 0 0 0 0 0 0
0 0 0 0 0 0 0 0 0 0 0 0 0 0 0 0 0 0 0 0 0 0 0 0 0 0 0 0 0 0 0 0 0 0 0 0 0 0 0 0 0 0 0 0 0 0 0 0 0 0 0 0 0 0 0 0 0 0 0 0 0 0 0 0 0 0 0 0 0 0 0 0 0 0 0 0 0 0 0 0 0 0 0 0 0 0 0 0 0 0 0 0 0 0 0 0 0 0 0 0 0 0 0 0 0 0 0 0 0 0 0 0 0 0 0 0 0 0 0 0 0 0 0 0 0 0 0 0 0 0 0 0 0 0 0 0 0 0 0 0 0 0 0 0 0 0 0 0 0 0
0 0 0 0 0 0 0 0 0 0 0 0 0 0 0 0 0 0 0 0 0 0 0 0 0 0 0 0 0 0 0 0 0 0 0 0 0 0 0 0 0 0 0 0 0 0 0 0 0 0 0 0 0 0 0 0 0 0 0 0 0 0 0 0 0 0 0 0 0 0 0 0 0 0 0 0 0 0 0 0 0 0 0 0 0 0 0 0 0 0 0 0 0 0 0 0 0 0 0 0 0 0 0 0 0 0 0 0 0 0 0 0 0 0 0 0 0 0 0 0 0 0 0 0 0 0 0 0 0 0 0 0 0 0 0 0 0 0 0 0 0 0 0 0 0 0 0 0 0 0
0 0 0 0 0 0 0 0 0 0 0 0 0 0 0 0 0 0 0 0 0 0 0 0 0 0 0 0 0 0 0 0 0 0 0 0 0 0 0 0 0 0 0 0 0 0 0 0 0 0 0 0 0 0 0 0 0 0 0 0 0 0 0 0 0 0 0 0 0 0 0 0 0 0 0 0 0 0 0 0 0 0 0 0 0 0 0 0 0 0 0 0 0 0 0 0 0 0 0 0 0 0 0 0 0 0 0 0 0 0 0 0 0 0 0 0 0 0 0 0 0 1 0 0 0 0 0 0 0 0 0 0 0 0 0 0 0 0 0 0 0 0 0 0 0 0 0 0 0 0
