0 0 6 1 0 0 0 1 2 43 1 0 0 3 0 0 0 4 1 0 1 2 0 0 0 16 0 0 0 0 0 0 1 2 10 3 0 0 0 0 0 0 0 0 92 0 0 0 0 0 0 0 0 0 0 0 0 0 1 3 18 13 0 2 0 0 0 0 0 0 0 1 3 52 63 150 57 5 28 19 9 67 25 33 40 144 182 173 29 104 582 286 26 384 184 569 442 313 313 82 83 33 39 5 12 5 23 321 123 47 6 2 62 21 39 9 16 3 2 0 1 15 8 2 0 0 0 1 3 7 0 2 2 2 0 0 0 3 0 0 0 0 0 0 0 0 0 0 0 1
0 3 0 0 0 0 0 0 0 7 2 4 1 0 0 0 0 1 6 0 0 5 18 0 16 8 0 0 0 0 0 0 0 0 0 0 0 0 4 0 0 0 0 0 0 0 0 0 0 0 0 0 0 0 2 0 0 0 0 17 49 8 2 152 1 1 0 0 0 0 0 0 28 12 7 4 99 28 1 5 31 21 8 3 23 124 168 60 120 195 32 22 109 122 62 141 269 416 496 332 131 27 21 8 8 4 2 27 55 2 4 8 3 3 17 12 3 2 1 4 1 4 4 5 0 8 1 3 25 13 8 16 69 21 0 0 0 0 0 33 9 0 0 0 0 0 0 0 0 0
0 0 0 0 2 0 0 0 0 2 0 0 4 0 0 0 0 0 1 0 0 19 46 14 9 0 0 1 0 0 0 0 0 0 0 1 1 0 0 7 1 0 0 0 0 0 0 0 0 0 0 0 0 0 5 0 0 0 0 3 8 3 1 0 0 0 0 0 0 0 0 1 0 0 0 0 0 22 52 62 36 48 2 19 24 136 379 90 3 3 23 16 45 130 290 440 80 156 87 255 221 137 19 20 11 2 1 9 90 48 9 1 6 1 5 2 10 29 2 1 27 9 1 1 0 3 0 0 3 6 4 5 44 49 0 0 7 0 5 9 7 2 0 0 0 0 0 0 0 0
27 0 0 0 0 0 0 0 0 0 0 0 0 0 0 2 0 0 10 0 0 0 2 2 95 0 0 10 3 0 0 0 0 0 0 0 0 0 0 1 0 0 0 0 0 0 0 0 0 0 6 0 1 7 42 9 1 14 16 4 0 1 0 2 0 0 0 0 0 0 1 19 2 0 0 0 4 13 70 93 98 12 16 139 75 16 21 112 1 77 373 390 787 308 381 242 74 86 201 174 174 226 57 186 3 58 21 11 119 79 6 5 13 5 0 5 18 23 24 7 20 11 18 2 1 4 0 1 2 0 5 3 7 0 2 0 6 0 0 14 41 0 0 0 0 0 0 0 0 0
1 11 0 0 0 0 0 0 2 0 0 0 0 0 0 3 2 1 0 0 0 1 0 0 0 0 0 0 0 0 0 0 1 0 0 11 6 0 0 0 0 0 0 0 0 0 0 0 0 1 0 0 0 1 14 103 16 15 2 0 0 0 0 3 0 0 0 0 0 1 93 19 21 113 2 32 12 74 171 101 83 107 234 68 124 37 22 22 3 178 538 329 221 352 201 118 20 237 166 329 535 532 314 320 255 58 43 49 13 2 5 10 13 5 3 0 0 5 25 25 132 316 48 6 0 0 2 2 2 2 1 1 0 0 0 0 0 0 0 0 28 2 0 0 0 0 0 0 0 0
3 1 0 0 0 0 0 0 4 0 2 0 0 0 0 1 0 0 6 13 1 2 0 0 0 0 0 0 0 13 0 10 0 0 0 31 18 9 0 2 0 0 0 0 0 0 0 0 0 3 15 7 1 0 69 42 19 18 12 1 0 0 1 0 0 0 0 0 1 17 30 45 123 38 20 13 22 13 8 134 326 284 155 31 2 57 13 13 2 104 883 557 18 175 307 203 59 770 266 482 231 203 522 240 8 61 12 43 2 1 0 1 2 9 2 5 5 0 0 6 36 59 2 1 0 3 0 0 5 0 0 0 0 0 0 0 3 0 0 0 0 3 0 0 0 0 0 0 0 0
0 0 0 0 0 0 0 0 1 5 5 0 0 0 0 0 0 0 0 0 0 0 0 0 0 0 0 0 0 0 2 0 0 0 0 10 0 5 0 0 0 0 0 0 0 0 0 0 0 0 0 2 2 0 0 13 4 1 20 8 2 2 1 0 2 0 0 0 6 39 12 20 112 169 121 48 159 101 85 206 419 241 379 157 28 0 2 64 47 31 767 473 25 168 297 359 354 157 243 26 5 93 38 59 10 14 29 0 2 1 7 70 67 6 13 5 1 0 17 6 30 43 1 1 1 1 2 2 0 0 6 0 0 0 0 0 0 2 0 0 0 0 0 0 0 0 0 0 0 0
1 0 0 0 0 0 0 0 2 1 0 0 0 0 0 0 0 0 0 0 0 0 0 0 0 0 0 0 0 0 3 0 0 0 0 3 0 1 2 1 0 0 0 0 0 0 0 0 0 0 0 0 0 3 2 1 0 13 48 20 34 13 43 0 6 19 0 0 3 44 4 2 10 14 12 14 29 58 213 340 399 250 646 85 85 76 48 202 132 31 183 79 10 411 194 125 89 430 350 98 86 153 148 214 66 51 7 16 49 17 310 180 21 10 8 23 0 1 2 9 4 3 2 0 1 4 13 1 2 0 0 0 0 0 0 0 0 0 0 0 0 0 0 1 0 0 0 0 0 0
2 1 0 0 0 0 0 0 0 0 0 0 0 0 5 0 0 0 0 0 0 0 0 0 0 0 0 0 0 0 1 0 0 0 0 0 0 0 0 0 0 0 0 0 0 0 0 0 0 0 0 0 2 11 0 0 2 0 12 34 155 80 4 0 3 7 0 2 0 7 0 0 0 1 0 8 2 13 22 186 273 538 326 15 1 37 192 298 124 14 0 0 179 532 638 532 32 247 160 46 82 69 68 131 242 76 88 71 19 35 334 48 133 9 4 2 1 0 1 0 9 1 1 7 4 0 2 1 0 2 1 0 0 0 0 0 0 0 0 0 0 0 0 0 0 0 0 0 0 0
0 0 0 0 0 0 0 1 40 3 0 0 0 0 0 0 0 0 0 0 0 0 0 0 0 0 0 0 0 0 0 0 0 0 0 0 0 0 0 0 0 0 0 0 0 0 0 0 1 0 4 0 4 4 0 0 0 2 0 5 23 370 10 5 0 0 0 1 0 4 0 0 0 0 0 113 7 10 99 271 394 290 272 124 411 475 98 34 66 85 26 4 1 237 389 722 352 45 51 9 23 41 9 1 32 125 124 177 32 6 140 243 66 5 5 74 85 185 120 40 26 3 13 20 20 17 5 0 0 11 48 3 0 0 0 0 0 0 0 0 0 0 0 0 0 0 0 0 0 1
0 2 1 0 0 0 0 0 0 2 1 1 0 0 0 5 0 0 0 0 0 0 0 0 0 0 0 0 0 0 0 1 0 0 0 2 0 0 0 0 1 1 1 0 0 0 0 4 6 2 3 0 8 3 0 0 0 3 5 4 0 53 6 3 0 0 0 0 0 13 0 0 0 0 0 0 12 5 69 136 176 137 377 124 74 103 89 143 172 99 18 0 0 41 393 293 368 13 8 31 9 7 1 3 41 123 245 142 50 57 272 70 48 9 0 49 166 273 169 53 72 58 176 33 26 206 41 24 24 14 2 51 4 9 0 0 0 0 0 0 0 0 0 0 0 0 0 0 0 0
0 0 0 0 0 0 0 0 8 1 0 0 0 0 0 0 2 5 0 0 1 0 0 0 0 0 0 0 0 0 0 0 0 0 0 0 0 0 0 0 0 13 8 1 1 0 0 1 0 0 0 0 1 0 4 1 0 0 0 0 3 1 0 1 0 2 0 1 0 0 1 0 0 0 0 0 16 4 254 114 178 157 5 15 60 58 25 7 67 183 21 0 0 1 5 35 304 167 98 5 0 7 5 17 9 35 153 123 21 75 76 67 25 16 5 93 334 80 219 311 148 112 51 24 60 82 0 0 0 104 1 0 29 25 13 0 0 0 0 0 0 0 0 0 0 0 0 0 0 0
1 0 0 0 0 0 0 0 1 2 0 0 0 0 0 0 1 46 1 2 3 36 0 1 0 0 0 0 0 0 0 0 0 0 0 0 0 0 0 0 0 0 14 0 7 0 0 9 0 0 0 0 4 0 1 0 0 0 0 0 1 1 1 0 0 1 0 0 0 1 1 0 0 0 0 5 68 29 46 26 68 74 5 0 2 0 1 0 0 3 1 0 0 21 18 6 371 138 196 178 3 1 9 6 7 3 3 46 182 155 689 216 14 319 235 11 24 26 566 506 48 89 39 0 50 27 1 0 26 10 0 0 8 11 5 0 0 0 0 0 0 0 0 0 0 0 0 0 0 0
0 0 0 0 0 0 1 0 0 1 0 0 0 0 0 0 0 0 45 7 3 0 2 0 0 0 0 0 0 1 0 0 0 0 0 0 0 0 0 0 0 1 0 31 11 0 0 0 2 0 0 9 1 0 0 0 0 0 3 0 2 6 0 0 0 0 29 10 2 9 15 0 0 0 1 112 342 200 52 1 23 122 21 3 7 73 8 2 0 12 5 1 0 22 6 5 38 324 73 66 0 16 174 49 162 35 34 233 99 278 644 429 262 116 128 121 44 67 297 168 91 26 0 2 0 7 4 0 13 0 0 0 0 0 0 0 0 0 0 0 0 0 0 0 0 0 0 0 0 0
0 0 0 0 0 0 1 0 2 2 0 0 0 0 0 0 0 0 2 1 5 0 0 0 0 1 0 0 0 0 0 0 0 0 0 0 0 0 0 0 0 0 0 4 7 0 0 1 0 2 3 18 1 0 1 0 2 6 2 9 39 7 3 14 4 95 82 26 83 131 17 1 0 0 20 260 512 638 151 42 1 42 19 1 1 3 2 5 0 14 9 2 1 0 0 0 24 156 149 162 3 28 262 314 675 531 722 576 605 329 328 226 197 255 164 107 74 38 24 28 83 53 7 6 0 1 14 10 7 4 1 0 0 0 0 0 0 0 0 0 0 0 0 0 0 0 0 0 0 0
0 0 0 0 0 0 0 7 0 0 0 0 0 0 0 0 1 0 0 1 0 4 4 1 0 0 0 0 0 1 0 0 0 0 0 0 0 0 0 0 0 0 0 0 0 12 0 0 0 2 18 51 2 1 0 2 7 24 3 38 57 2 1 8 11 15 254 29 24 63 163 25 66 35 280 287 606 386 34 1 3 4 0 0 0 0 8 21 5 31 0 6 0 0 3 7 17 7 15 18 9 1 546 341 226 301 451 139 236 324 647 212 267 116 107 86 15 182 42 26 5 1 44 198 20 15 13 1 1 7 0 0 0 0 9 1 0 0 0 0 0 0 0 0 0 0 0 0 0 0
0 0 0 0 0 0 0 1 0 0 0 0 2 0 0 0 9 4 0 0 1 0 4 13 4 9 1 0 0 0 0 0 0 0 0 0 0 0 0 0 3 0 1 0 0 2 1 4 0 5 33 3 5 7 6 7 23 69 25 38 1 2 0 0 0 0 0 0 0 0 0 0 31 43 90 131 274 73 47 0 2 0 0 0 0 0 0 15 30 6 0 0 3 0 6 4 26 0 14 21 2 86 465 323 209 95 150 96 153 220 336 337 265 349 75 28 16 20 32 5 0 0 5 16 11 101 1 4 0 0 0 0 0 0 0 0 0 0 0 0 0 0 0 0 0 0 0 0 0 0
0 0 0 1 0 0 0 0 0 0 0 0 0 0 0 0 0 1 0 1 0 0 0 0 3 0 2 7 0 0 0 0 0 0 0 0 0 1 0 0 0 0 0 0 0 5 15 1 0 14 18 10 3 31 24 4 15 74 141 5 1 0 0 0 0 3 7 15 1 7 19 6 21 11 47 24 16 66 27 9 0 0 2 0 0 0 0 4 45 0 0 9 30 23 1 0 0 2 14 243 87 71 73 40 44 251 58 50 202 152 65 42 61 37 84 9 23 64 6 2 0 1 1 3 52 267 58 5 0 4 0 0 0 0 0 0 0 0 0 0 0 0 0 0 0 0 0 0 0 0
0 0 0 2 0 2 0 0 0 0 0 0 4 1 0 0 3 0 0 0 0 2 2 1 9 0 21 18 42 0 0 0 0 0 0 0 0 0 0 0 0 0 0 7 14 13 9 1 7 183 20 6 8 7 1 10 84 30 17 12 20 2 1 0 0 0 5 1 1 10 6 8 8 7 0 38 20 5 3 11 4 0 1 4 0 7 1 5 3 0 1 21 61 102 16 0 0 18 334 8 32 111 37 4 26 75 45 138 169 0 0 25 1 162 9 0 2 0 0 0 0 0 1 0 12 64 82 102 2 0 0 0 0 0 0 0 0 0 0 0 0 0 0 0 0 0 0 0 0 0
0 0 0 1 0 0 0 0 0 0 0 0 0 0 0 0 0 0 0 1 0 7 35 2 4 0 1 1 56 2 0 0 1 0 0 0 0 0 0 0 0 1 0 9 0 38 36 0 3 99 12 3 0 9 27 3 10 20 2 0 0 1 0 0 0 2 2 0 1 7 11 9 3 0 0 10 8 0 0 4 1 0 0 0 0 8 12 0 4 1 1 16 6 0 0 9 0 2 4 0 317 450 290 56 21 63 75 131 48 2 0 0 0 48 5 0 0 0 0 0 0 0 0 0 20 0 0 40 81 0 0 0 0 0 0 0 0 0 0 0 0 0 0 0 0 0 0 0 0 0
0 0 0 0 0 0 0 0 0 0 0 0 0 0 0 0 0 0 5 1 0 2 2 5 0 27 5 1 1 7 3 4 2 0 0 0 0 0 0 0 2 1 4 3 1 7 5 17 26 84 92 29 3 14 18 9 5 0 3 0 0 0 1 5 134 73 0 0 2 2 28 3 2 1 0 43 123 26 2 6 1 9 1 0 0 0 0 1 13 4 5 0 3 0 0 2 0 0 291 217 787 500 235 37 2 2 43 58 2 0 0 0 0 4 0 0 0 0 0 0 0 0 0 1 0 0 3 39 0 0 0 0 0 0 0 0 0 0 0 0 0 0 0 0 0 0 0 0 0 0
0 0 0 0 0 0 0 0 0 0 0 0 0 0 0 1 0 0 0 0 0 1 2 0 0 3 0 0 0 0 2 38 1 6 0 0 0 0 0 0 24 11 0 0 0 0 0 6 91 288 102 85 7 0 0 0 0 0 0 0 1 1 3 0 4 2 6 1 3 23 7 19 14 0 0 0 46 19 10 65 4 27 8 10 6 0 2 2 258 12 4 1 0 0 1 4 1 0 40 167 88 57 32 0 6 1 35 24 1 0 0 0 1 15 0 0 0 0 0 0 0 0 0 0 0 17 12 0 1 4 0 0 0 0 0 0 0 0 0 0 0 0 0 0 0 0 0 0 0 0
0 0 0 0 0 0 0 0 0 0 0 0 0 0 0 0 0 0 0 0 0 0 1 0 2 0 0 0 0 0 0 2 9 1 0 0 21 46 1 3 0 0 0 0 0 0 5 11 8 204 211 28 1 0 0 0 1 0 2 0 0 0 0 0 1 1 14 1 0 1 4 14 9 0 0 0 2 4 8 8 0 3 7 0 1 4 2 0 0 0 0 3 0 0 0 3 1 0 0 0 3 0 1 11 37 18 15 7 39 59 16 2 14 0 0 0 0 0 0 0 0 0 0 2 7 12 34 1 0 0 1 0 0 0 0 0 0 0 0 0 0 0 0 0 0 0 0 0 0 0
0 0 13 0 0 0 0 0 0 0 0 0 0 0 4 0 0 1 0 0 2 0 0 0 0 0 0 0 0 0 0 10 4 3 0 0 2 6 1 0 0 0 0 0 2 58 8 28 1 48 65 8 2 8 1 10 1 11 0 0 0 0 0 0 1 2 0 1 0 0 0 3 50 26 3 4 0 0 0 1 0 1 20 70 2 0 1 0 0 0 0 0 0 0 0 0 0 2 5 2 0 0 1 28 7 7 8 0 2 17 0 43 4 0 0 0 0 0 0 0 0 0 0 4 8 0 27 29 0 0 0 0 0 0 0 0 0 0 0 0 0 0 0 0 0 0 0 0 0 0
0 0 0 0 0 0 0 0 0 0 0 0 0 1 1 0 0 1 0 0 0 0 0 0 0 0 1 0 0 0 0 0 2 10 32 0 0 34 0 0 0 0 0 8 14 12 31 0 2 4 38 7 5 9 4 1 1 0 0 0 0 0 0 0 2 0 0 7 4 1 0 0 2 15 16 1 0 0 0 0 0 0 3 23 1 2 0 0 0 20 4 1 0 2 0 0 1 26 2 0 21 1 0 11 195 0 0 0 0 0 0 1 0 0 0 4 0 0 0 0 0 0 0 0 0 7 15 5 0 0 1 0 0 0 0 0 0 0 0 0 0 0 0 0 0 1 0 0 0 0
0 0 0 0 0 0 0 0 0 0 0 0 0 0 8 0 0 0 0 0 0 0 0 3 0 0 0 0 0 0 0 0 1 3 19 0 0 4 0 0 0 0 0 0 48 4 0 0 3 0 33 1 0 0 0 0 1 0 0 0 1 0 0 0 3 25 0 1 1 1 0 10 0 1 0 1 2 0 0 0 1 0 0 0 0 7 2 2 1 7 0 0 0 0 0 0 0 3 0 1 9 0 3 50 109 110 0 2 0 0 0 3 1 0 3 2 0 0 0 0 0 0 0 0 0 9 3 32 0 0 0 0 0 0 0 0 2 13 0 0 0 0 0 0 0 0 0 0 0 0
0 0 0 0 0 0 0 0 0 0 0 0 0 0 2 0 0 1 0 0 0 3 0 1 0 0 0 3 0 0 0 0 0 2 9 0 0 0 1 1 0 0 0 8 48 3 0 0 0 4 10 4 2 0 0 0 0 0 0 0 0 0 0 1 1 0 0 0 3 1 8 27 0 0 0 0 1 1 0 0 0 0 4 0 0 6 3 4 0 0 1 1 0 0 0 1 0 0 0 0 6 1 3 1 11 181 17 0 0 0 0 0 0 4 7 0 0 0 0 1 0 0 0 0 4 76 31 1 0 0 0 0 0 0 0 0 0 5 0 0 0 0 0 0 0 0 0 0 0 0
0 0 0 0 0 0 0 0 1 0 0 0 0 0 2 6 6 10 12 0 3 1 5 0 0 0 0 0 0 0 0 0 0 6 1 0 0 10 1 4 4 16 8 88 97 7 1 0 0 3 1 24 8 0 0 0 0 0 0 0 0 0 0 0 0 0 0 0 5 7 33 5 2 2 0 1 0 1 0 0 0 0 0 0 0 0 0 3 4 1 4 0 1 0 0 0 0 0 0 0 0 1 6 1 11 409 306 12 0 0 0 0 0 0 0 0 0 62 20 1 0 0 0 21 24 9 18 52 55 9 0 0 0 0 0 0 4 0 0 0 0 0 0 0 0 0 0 0 0 0
0 0 0 0 0 0 0 0 0 1 0 0 13 2 3 1 15 15 0 4 0 2 1 0 0 0 0 0 2 2 0 1 3 1 8 6 10 10 11 74 105 296 100 102 26 2 0 2 1 0 0 3 6 2 0 0 0 0 0 0 0 0 0 0 0 0 0 0 0 0 4 21 4 0 4 2 0 165 1 0 0 1 1 0 1 0 0 0 0 1 0 0 0 6 4 9 2 0 0 0 0 36 1 7 115 129 331 168 1 0 0 0 0 0 0 1 73 96 2 0 0 0 5 50 139 57 339 196 14 4 0 0 0 4 0 1 0 0 0 0 0 0 0 0 0 0 0 0 0 0
0 0 0 0 0 0 0 0 1 2 3 25 40 0 0 2 3 9 1 0 3 0 7 10 0 0 1 0 0 1 1 0 1 0 15 26 0 4 18 75 269 458 210 255 23 0 1 1 0 0 1 0 13 33 3 4 0 0 0 0 0 1 0 0 0 0 0 0 0 0 0 0 0 0 0 0 0 4 3 0 0 0 2 0 2 0 0 0 0 2 0 2 2 3 4 0 0 0 0 1 0 1 1 2 3 49 0 24 4 0 0 1 0 0 42 16 245 228 16 18 4 1 2 23 29 12 172 217 185 166 7 18 7 42 2 0 0 0 0 0 0 0 0 0 0 0 0 0 0 0
0 0 0 0 0 0 1 1 1 1 1 1 2 0 20 3 0 1 4 2 0 4 60 25 0 0 0 0 0 0 4 2 0 2 2 6 4 8 11 18 271 167 176 66 20 7 2 0 1 0 0 0 2 0 0 0 0 0 0 0 0 0 0 0 0 0 0 0 2 0 0 0 0 0 0 3 0 0 0 0 1 50 3 2 6 0 0 2 8 9 1 0 1 2 1 0 0 0 0 0 0 1 0 3 2 0 0 1 9 2 6 0 0 0 17 382 203 201 42 34 31 31 17 1 2 4 25 57 13 15 0 78 183 25 8 3 0 0 0 0 0 0 0 0 0 0 0 0 0 0
0 0 0 0 0 0 0 3 0 0 3 5 2 0 0 0 0 0 10 7 148 46 5 1 0 0 0 0 1 12 0 3 6 9 156 4 0 0 0 23 204 123 178 40 14 11 3 0 2 2 2 0 2 2 2 1 0 0 0 0 0 0 0 0 0 0 0 0 0 0 0 0 0 0 0 0 0 3 1 1 1 34 7 54 9 0 0 0 0 0 0 0 0 0 0 2 0 1 0 0 1 0 0 0 2 0 3 4 94 51 109 211 40 27 307 322 156 95 25 140 22 44 3 0 42 15 19 56 0 0 7 102 90 8 15 0 0 0 0 0 0 0 0 0 0 0 0 0 0 0
0 0 2 0 0 0 0 3 0 1 1 3 4 2 2 0 0 2 5 10 44 0 0 0 0 0 0 0 0 1 2 4 5 0 1 0 1 0 3 59 10 36 32 6 2 0 0 0 14 2 0 1 20 0 0 1 0 3 0 0 0 0 0 0 0 0 0 0 0 0 0 0 1 0 0 2 0 56 9 1 0 6 3 3 1 0 0 0 3 2 1 0 0 0 2 0 0 0 0 0 1 0 0 0 0 2 2 5 81 24 80 56 8 98 591 190 129 75 47 174 30 3 0 9 1 14 7 0 0 0 20 149 0 0 0 0 0 0 0 0 0 0 0 0 0 0 0 0 0 0
0 0 1 0 0 7 6 3 0 1 0 0 0 7 3 4 1 5 11 8 10 0 0 0 0 0 0 0 0 1 24 0 2 1 2 0 5 1 2 0 5 7 3 2 0 1 0 0 0 1 0 1 75 5 78 8 10 1 0 0 0 0 0 0 0 0 0 0 0 0 0 0 0 0 0 0 0 2 0 0 0 0 0 0 0 0 0 0 0 0 0 0 3 6 5 1 1 0 0 0 0 0 0 0 0 1 1 18 14 1 0 6 35 88 100 201 29 71 70 63 198 0 0 0 0 0 0 0 0 0 1 61 6 0 0 0 0 0 0 0 0 0 0 0 0 0 0 0 0 0
0 0 1 1 0 0 4 1 1 0 0 0 2 3 1 8 11 4 2 0 0 2 8 0 0 0 1 16 5 6 8 8 2 0 0 3 0 1 3 6 2 12 1 0 1 0 0 0 0 0 0 20 58 24 2 7 3 0 0 0 0 0 0 0 0 0 0 0 0 0 0 0 0 0 0 0 10 1 1 0 0 0 0 0 0 0 0 0 2 0 2 0 7 13 2 3 0 0 0 0 0 0 0 0 0 0 0 22 359 3 0 0 0 0 0 1 1 6 170 465 29 0 0 0 0 0 0 0 0 0 0 1 34 1 0 0 0 0 0 0 0 0 0 0 0 0 0 0 0 0
0 1 0 1 1 0 1 13 2 2 3 0 4 0 0 44 23 9 8 24 0 0 2 0 2 1 1 4 1 4 2 5 8 0 1 0 0 0 0 1 6 3 1 2 0 0 0 0 0 0 0 70 0 22 26 1 0 0 0 0 0 0 0 0 0 0 0 0 0 0 0 0 0 0 0 0 0 7 0 0 0 0 1 0 0 0 0 0 12 0 1 0 1 11 0 0 0 0 2 0 0 0 3 0 0 3 14 22 69 0 0 0 0 0 0 1 0 1 36 93 160 53 0 0 2 50 0 0 0 32 234 21 30 5 0 0 0 0 0 0 0 0 0 0 0 0 0 0 0 0
0 0 0 0 0 4 1 0 0 1 16 6 2 1 11 14 17 8 3 0 1 0 3 1 0 4 0 1 0 2 0 0 0 0 1 0 0 0 1 3 2 5 2 1 0 2 0 0 1 0 1 7 10 12 13 3 0 0 0 0 0 0 0 0 0 0 0 0 0 0 0 0 0 0 0 0 1 11 14 0 0 2 0 0 0 0 0 35 4 0 0 1 0 5 0 1 0 2 0 8 6 2 51 2 3 2 7 10 17 14 0 0 0 8 23 51 63 189 31 67 178 66 0 0 117 56 0 0 0 32 42 0 0 0 0 0 0 0 0 0 0 0 0 0 0 0 0 0 0 0
0 0 0 0 0 0 17 1 0 2 3 42 4 14 0 0 0 5 1 0 0 0 0 2 1 0 0 0 11 0 0 0 0 0 0 0 0 0 2 0 1 8 16 0 4 0 0 0 0 0 0 52 3 9 1 0 0 0 0 0 0 0 0 0 0 0 0 0 0 0 0 0 0 0 0 0 0 2 9 0 0 0 0 0 0 0 2 4 0 0 1 0 1 0 0 0 0 0 4 0 0 0 0 1 8 0 4 12 12 5 0 0 0 0 43 199 319 180 17 41 40 79 64 121 122 0 0 1 2 128 46 0 0 0 0 0 0 0 0 0 0 0 0 0 0 0 0 0 0 0
0 0 1 0 0 0 0 3 0 3 6 19 0 0 1 0 0 0 1 2 0 0 0 0 0 1 0 1 0 0 0 0 0 0 0 0 0 0 73 1 0 0 0 0 0 3 0 0 0 0 0 52 1 2 3 1 0 0 0 2 5 0 0 0 0 0 0 0 0 0 0 0 0 0 0 0 0 4 43 12 3 6 4 0 0 0 1 0 0 2 0 0 0 7 1 0 0 0 0 4 0 1 1 0 2 0 5 0 9 0 0 1 7 7 10 4 6 20 143 72 25 87 374 225 145 40 55 50 283 579 281 0 0 0 0 0 0 0 0 0 0 0 0 0 0 0 0 0 0 0
0 0 0 0 0 2 2 0 0 5 5 1 1 4 2 2 0 2 0 0 0 0 0 0 0 3 5 0 0 0 0 0 2 0 0 0 0 0 0 7 0 0 2 0 0 0 3 0 1 0 10 147 16 1 0 0 2 1 0 0 0 0 0 0 0 0 0 0 0 0 0 0 0 0 0 0 0 3 15 1 0 13 3 0 0 0 0 0 6 0 0 0 0 4 9 7 10 0 1 0 0 0 0 6 4 0 1 0 43 19 0 7 7 4 0 1 5 71 80 187 245 375 379 335 722 326 236 229 285 497 207 0 0 0 0 0 0 0 0 0 0 0 0 0 0 0 0 0 0 0
0 0 0 0 3 1 0 0 44 4 19 8 0 0 6 9 1 0 0 0 0 0 0 0 1 1 3 0 0 0 0 0 0 0 6 2 0 1 0 0 0 0 1 0 0 0 1 0 2 25 258 220 2 60 7 0 2 1 0 4 3 0 0 0 0 0 0 0 0 0 0 0 0 0 0 0 0 0 4 0 0 0 0 0 0 0 0 0 4 0 0 1 5 0 0 0 0 0 0 3 13 2 5 0 6 5 22 18 0 3 1 2 0 1 0 1 16 35 162 822 833 421 115 606 708 214 136 211 215 1 137 1 0 0 0 0 0 0 0 0 0 0 0 0 0 0 0 0 0 0
0 0 0 2 0 1 2 0 19 2 2 0 6 1 0 0 0 1 0 0 0 0 0 0 3 1 0 0 0 0 0 9 9 0 0 3 0 1 1 1 0 0 0 3 0 0 1 0 4 22 239 289 227 211 25 3 0 1 1 3 0 0 0 0 0 0 0 0 0 0 0 0 0 0 0 0 0 0 0 11 2 0 0 0 0 0 0 22 36 0 0 15 8 0 0 0 0 0 0 1 6 0 0 1 3 54 165 10 0 0 0 1 0 3 1 1 4 2 40 255 164 203 317 1517 519 211 285 67 3 199 335 338 0 0 0 0 0 0 0 0 0 0 0 0 0 0 0 0 0 0
1 2 0 2 0 1 11 5 7 1 7 13 0 0 0 0 0 0 0 0 0 0 0 1 2 0 0 0 0 0 0 3 3 0 0 2 0 0 0 0 0 0 0 3 0 1 0 0 2 1 124 158 195 196 22 22 1 2 0 1 0 0 0 0 0 0 0 0 0 0 0 0 0 0 0 0 0 0 0 18 1 1 0 0 0 0 0 12 11 0 2 17 21 0 0 0 0 0 0 2 1 4 2 65 1 5 2 8 0 0 0 0 1 13 1 2 1 2 2 5 73 130 236 327 515 342 212 241 128 235 143 130 0 0 0 0 0 0 0 0 0 0 0 0 0 0 0 0 0 0
3 0 1 9 0 3 1 0 1 0 1 3 0 0 0 0 0 0 0 0 0 0 1 0 1 0 0 0 0 0 0 0 1 0 0 0 0 1 0 0 0 0 0 0 0 5 0 0 0 2 71 92 90 20 12 11 1 2 3 0 1 0 0 0 0 0 0 0 0 0 0 0 0 0 0 0 0 0 2 0 3 2 0 0 0 0 8 38 13 0 5 71 57 8 3 0 0 0 0 8 9 3 20 55 7 0 0 1 3 2 0 0 0 2 13 2 8 22 3 0 88 385 208 247 49 308 311 716 109 84 37 51 0 0 0 0 0 0 0 0 0 0 0 0 0 0 0 0 0 0
0 0 6 0 3 0 6 22 7 3 3 3 0 3 0 0 0 0 0 0 0 0 0 0 1 0 0 0 3 0 0 0 0 0 0 0 0 0 1 0 0 0 0 0 0 1 0 0 0 4 3 4 24 7 17 0 0 18 32 2 1 0 0 0 0 0 0 0 0 0 0 0 0 0 0 0 0 0 0 0 0 1 2 12 3 4 2 0 5 14 85 46 56 2 4 0 0 0 11 10 26 83 69 208 226 9 3 1 3 2 0 0 0 2 0 0 2 10 8 148 167 352 953 740 305 118 885 937 654 0 1 0 0 0 0 0 0 0 0 0 0 0 0 0 0 0 0 0 0 0
1 3 3 0 5 4 2 7 4 13 0 2 0 1 0 0 0 0 0 0 0 0 0 0 0 0 0 0 3 0 0 0 0 0 0 0 0 0 0 0 0 0 0 0 0 0 0 0 0 1 0 1 22 0 2 0 0 4 42 9 0 1 0 0 0 0 0 0 0 0 0 0 0 0 0 0 0 0 0 0 0 3 0 1 0 0 15 2 2 11 42 51 43 2 13 3 0 0 0 10 42 258 150 74 83 22 0 9 0 1 3 0 0 0 3 0 1 239 135 389 222 1 7 69 343 222 355 305 144 0 53 3 0 0 0 0 0 0 0 0 0 0 0 0 0 0 0 0 0 0
0 6 74 0 25 52 21 1 1 0 0 1 0 0 0 3 0 0 0 0 3 0 0 0 0 0 0 0 0 0 0 0 0 0 0 0 0 0 0 0 2 1 1 0 0 0 0 0 0 1 0 2 3 0 0 0 0 0 0 7 1 0 1 0 0 0 0 0 0 0 0 0 0 0 0 0 0 0 0 0 1 13 0 5 5 0 52 4 0 0 0 12 9 0 0 0 0 0 0 5 2 34 484 98 42 73 4 2 0 6 10 0 0 0 0 6 69 239 48 8 0 0 0 0 52 265 39 730 185 5 10 20 0 0 0 0 0 0 0 0 0 0 0 0 0 0 0 0 0 0
0 17 23 56 164 158 109 14 5 0 0 0 0 0 0 0 0 0 0 0 0 11 0 0 0 0 0 0 0 0 0 0 0 0 0 0 0 0 0 0 0 0 0 3 2 3 0 6 0 0 0 6 2 1 0 0 0 0 5 0 0 4 0 0 0 0 0 0 0 0 0 0 0 0 0 0 0 0 0 7 8 0 0 0 3 2 8 61 20 1 0 0 0 0 0 0 0 0 0 0 0 67 200 127 52 78 0 0 3 17 0 3 1 0 0 17 36 4 8 16 0 0 0 0 5 160 122 326 170 5 25 1 0 0 0 0 0 0 0 0 0 0 0 0 0 0 0 0 0 0
4 34 120 358 244 124 79 6 0 0 0 1 4 0 0 1 0 1 0 0 0 4 0 0 0 0 0 0 0 0 0 0 0 0 0 0 0 0 0 0 1 1 0 1 0 0 0 3 9 0 0 0 11 0 0 0 3 0 1 0 0 4 0 0 0 0 0 0 0 0 0 0 0 0 0 0 0 5 0 0 0 0 0 0 0 0 19 7 0 0 0 0 0 0 0 0 0 0 0 0 4 17 6 4 40 20 0 0 0 0 1 3 0 1 0 1 5 5 2 10 10 60 2 0 9 252 40 116 60 0 0 0 0 0 0 0 0 0 0 0 0 0 0 0 0 0 0 0 0 0
0 15 104 119 71 106 20 4 2 0 0 1 0 0 0 0 0 0 4 1 1 6 0 0 0 0 0 0 1 1 0 0 0 0 0 0 0 0 0 0 0 0 0 0 0 1 0 0 1 3 0 0 0 0 0 0 0 0 0 0 0 0 0 0 0 0 0 0 0 0 0 0 0 0 0 0 0 2 0 0 0 0 0 0 0 0 34 3 6 5 9 0 0 0 0 3 0 0 0 225 380 62 85 83 1 176 13 0 0 1 0 0 6 0 0 0 0 0 6 19 31 28 83 126 15 6 0 1 0 0 0 0 0 0 0 0 0 0 0 0 0 0 0 0 0 0 0 0 0 0
0 11 16 43 36 24 0 0 1 0 3 0 0 0 0 0 0 0 1 0 3 27 0 0 0 0 0 0 0 0 0 0 0 0 0 0 0 0 0 0 0 0 0 0 0 4 7 0 0 0 0 0 0 0 0 6 0 0 0 0 0 0 0 0 0 0 0 0 0 0 0 0 0 0 0 0 1 1 0 0 0 0 0 0 0 0 23 0 0 6 11 0 0 0 8 31 43 10 107 655 162 232 30 10 0 7 14 166 0 0 4 0 0 0 0 0 0 0 21 14 43 18 9 15 7 11 17 3 36 12 0 0 0 1 0 0 0 0 0 0 0 0 0 0 0 0 0 0 0 0
10 3 4 17 0 0 0 0 0 0 0 0 0 0 0 0 0 0 0 0 0 1 1 2 0 0 0 1 0 0 2 0 0 1 6 0 0 0 0 0 0 0 0 1 0 0 1 0 0 0 0 0 2 0 24 1 3 0 0 0 0 0 0 0 0 0 0 0 0 0 0 0 0 0 4 2 0 0 0 0 0 0 0 0 0 0 5 0 0 0 77 10 1 1 34 117 36 1 40 63 85 46 6 0 1 1 0 80 159 54 0 0 0 0 0 0 0 0 0 0 11 0 1 0 8 30 9 27 223 25 10 0 0 0 0 0 0 0 0 0 0 0 0 0 0 0 0 0 0 0
7 1 3 0 0 0 0 0 0 0 0 0 0 0 0 0 0 0 0 0 0 0 0 0 0 0 0 0 0 0 3 11 3 0 0 0 0 0 0 0 4 0 0 0 0 0 0 0 0 0 0 1 0 2 8 2 0 0 0 0 0 0 0 0 0 0 0 0 0 0 0 0 0 0 2 2 0 0 0 0 0 0 0 0 0 0 17 11 82 36 25 6 5 5 1 23 0 2 0 1 2 1 0 0 1 1 79 96 46 1 1 0 0 0 0 0 0 1 0 0 2 4 3 9 2 83 27 60 63 105 8 0 0 0 0 0 0 0 0 0 0 0 0 0 0 0 0 0 0 0
4 0 0 3 0 0 0 0 0 0 0 0 0 0 0 0 0 0 0 2 0 0 0 0 0 0 0 0 3 0 1 0 0 0 0 0 0 0 0 0 0 0 0 0 0 0 1 0 0 0 0 1 2 49 5 0 1 0 0 0 0 0 0 0 0 0 0 0 0 0 0 0 1 0 0 0 0 0 0 0 0 0 0 0 0 0 0 0 85 2 0 0 0 1 1 38 0 0 0 0 1 2 0 1 1 99 324 120 103 17 0 0 0 0 0 0 0 0 24 2 0 15 0 6 0 2 16 33 1 4 2 0 0 0 0 0 0 0 0 0 0 0 0 0 0 0 0 0 0 0
0 0 0 1 1 0 0 0 0 0 0 0 0 0 0 0 0 0 1 0 0 0 0 1 0 0 0 0 0 0 0 0 0 0 2 0 0 0 0 0 0 0 0 0 0 1 0 0 0 0 0 1 1 15 3 0 0 0 0 0 0 0 0 0 0 0 0 0 0 0 0 0 0 0 0 0 0 0 0 0 0 0 0 0 0 0 0 0 0 0 0 0 2 6 0 0 0 0 1 2 0 3 0 0 10 26 20 2 25 41 0 0 0 0 0 0 0 0 2 1 0 2 0 29 35 9 80 18 3 6 0 0 0 0 0 0 0 0 0 0 1 0 0 0 0 0 0 0 0 2
0 0 0 0 1 34 0 0 0 0 0 0 0 0 0 0 0 0 0 0 0 0 0 0 0 0 0 0 0 0 0 2 0 0 0 0 0 0 0 0 0 0 1 0 0 0 0 0 0 0 4 0 3 0 0 0 4 2 0 0 0 0 0 0 0 0 0 1 0 1 0 0 0 0 0 0 0 0 0 0 0 0 0 0 0 0 0 0 2 0 0 18 19 1 0 0 0 0 0 1 12 4 22 8 13 4 0 2 0 3 0 0 0 0 0 0 0 0 0 0 0 0 0 5 0 0 0 173 4 2 0 0 0 0 0 0 0 0 0 0 0 0 0 0 0 0 0 0 0 0
0 0 0 0 25 35 0 0 0 0 0 0 0 0 1 0 0 0 1 0 0 0 0 0 0 0 1 0 3 0 2 0 0 0 0 0 0 0 1 0 0 0 0 0 0 0 0 0 0 2 0 0 0 4 2 0 2 1 0 0 0 0 0 0 0 0 0 0 15 0 0 0 2 0 0 0 0 0 0 0 0 0 0 0 0 0 0 0 38 17 37 107 26 7 0 0 0 0 0 8 11 188 144 13 1 4 4 0 0 10 7 0 0 0 0 0 0 0 0 0 0 0 0 0 0 0 12 2 0 0 0 0 0 0 0 0 0 0 0 0 0 0 0 0 0 0 0 0 0 0
0 0 0 0 1 0 0 0 0 0 0 0 1 1 0 0 1 0 0 0 0 0 0 0 0 0 0 0 0 2 0 0 0 0 0 1 0 0 0 0 0 0 0 0 0 2 0 0 0 0 0 0 0 2 19 0 0 0 0 0 0 0 0 0 0 0 0 0 99 0 0 0 0 0 0 0 0 0 0 0 0 0 0 0 0 0 0 0 48 30 56 84 22 10 20 0 0 1 1 32 51 37 26 4 1 0 0 0 0 1 0 0 0 0 0 0 0 0 0 9 0 4 37 0 0 1 1 1 0 0 0 0 0 0 0 0 0 0 0 0 0 0 0 0 0 0 0 0 0 0
0 0 0 0 0 3 0 0 0 0 0 0 9 4 0 4 0 0 0 0 0 0 0 0 0 0 1 1 0 5 0 0 0 0 1 0 0 0 0 0 0 0 0 0 1 3 1 0 0 0 0 0 0 9 2 1 0 0 0 0 0 0 0 0 0 0 2 2 37 0 0 0 0 0 0 0 0 0 0 0 0 0 0 0 0 5 11 0 0 4 6 2 7 0 5 0 0 0 0 0 18 0 2 2 0 0 0 0 0 7 3 7 1 0 0 0 0 0 0 0 0 0 0 0 0 0 0 0 0 0 0 0 0 0 0 0 0 0 0 0 0 0 0 0 0 0 0 0 0 0
0 0 0 1 0 0 0 0 0 0 0 0 0 1 0 0 0 0 0 0 0 0 0 0 0 0 1 0 0 1 0 0 0 0 0 0 0 0 0 0 0 0 1 0 0 0 0 4 0 1 0 0 0 6 2 2 0 0 0 0 0 0 0 0 0 0 0 20 2 0 0 0 0 0 0 0 0 0 0 0 0 0 0 0 12 1 1 0 1 6 1 1 2 2 4 1 1 13 1 22 11 1 0 0 2 0 0 5 21 47 72 148 3 0 0 0 0 3 0 0 0 0 0 0 0 0 0 0 0 0 0 0 0 0 0 0 0 0 0 0 0 0 0 0 0 0 0 0 0 0
0 0 0 0 0 0 2 0 0 0 0 0 0 0 0 0 0 0 0 0 0 0 0 0 0 0 0 0 0 0 0 0 0 0 0 0 0 0 0 0 0 0 0 0 0 0 0 1 9 0 0 0 0 1 1 32 46 0 0 0 0 0 0 0 0 2 2 25 0 0 0 0 0 0 0 0 0 0 0 0 0 0 0 1 9 2 0 3 7 113 0 1 0 0 0 2 18 10 37 3 0 0 0 1 0 0 16 0 15 7 62 9 36 23 1 0 0 0 0 0 0 0 0 0 0 0 0 0 0 0 0 0 0 0 0 0 0 0 0 0 0 0 0 0 0 0 0 0 0 0
0 0 0 0 0 0 0 0 0 0 0 0 0 0 0 0 1 0 0 0 0 0 0 0 0 0 0 0 0 0 0 0 0 0 0 0 0 0 0 0 0 0 0 0 0 2 2 1 18 1 1 0 0 0 11 0 1 2 25 1 0 1 0 0 2 2 0 0 0 3 0 0 0 0 0 0 0 0 0 0 0 0 0 0 0 0 0 5 7 5 0 0 0 0 4 67 1 0 0 0 0 0 0 0 10 20 234 329 161 38 5 0 41 4 0 0 0 0 0 0 0 0 0 0 0 0 0 0 0 0 0 0 0 0 0 0 0 0 0 0 0 0 0 0 0 0 0 0 0 0
0 0 3 12 0 13 0 5 1 0 0 1 0 0 2 0 0 0 0 0 0 0 0 0 0 0 0 0 0 0 0 0 0 0 0 0 0 0 3 0 1 2 0 1 0 0 8 4 2 1 1 0 3 2 2 1 0 0 0 7 0 0 0 0 0 0 1 4 0 3 1 4 0 0 0 0 0 0 0 0 0 0 0 0 0 0 0 0 0 3 1 2 0 0 24 11 0 0 0 0 0 0 1 1 25 28 46 121 51 89 35 92 76 0 0 0 0 0 0 0 0 0 0 0 0 0 0 0 0 0 0 0 0 0 0 0 0 0 0 0 0 0 0 0 0 0 0 0 0 0
0 0 0 0 5 17 0 0 0 0 0 0 0 0 0 0 0 0 0 0 0 0 0 0 0 0 0 0 0 0 0 0 0 0 0 0 0 2 0 1 0 0 0 0 1 0 7 2 3 0 11 2 3 0 0 0 0 2 1 0 0 0 0 0 1 1 1 0 0 0 0 0 0 1 0 0 0 0 0 0 0 0 0 0 0 0 0 0 0 0 0 8 5 10 0 8 90 0 0 0 0 0 0 25 56 86 2 0 4 20 0 8 0 0 0 0 0 0 0 0 0 0 0 0 0 0 0 0 0 0 0 0 0 0 0 0 0 0 0 0 0 0 0 0 0 0 0 0 0 0
0 0 0 0 0 1 0 0 3 0 0 0 0 1 0 0 0 0 0 0 0 0 0 0 0 0 0 0 0 0 0 0 1 0 0 0 0 0 0 0 0 0 0 0 0 0 1 1 1 5 0 0 0 0 0 0 0 0 1 0 2 1 0 0 0 0 0 0 0 0 0 0 1 0 0 0 0 0 0 0 0 0 0 0 0 0 0 0 0 0 0 11 8 2 3 46 180 0 0 0 0 0 0 3 6 0 0 0 0 0 9 34 0 0 0 0 0 0 0 0 0 0 0 0 0 0 0 0 0 0 0 0 0 0 0 0 0 0 0 0 0 0 2 6 3 0 0 0 0 0
0 0 2 0 0 0 0 0 0 0 0 0 0 0 0 0 0 0 0 0 0 0 0 0 0 0 0 0 0 0 0 0 0 0 0 0 0 0 0 0 0 0 0 2 0 0 0 0 0 0 5 1 2 3 0 0 0 0 0 3 2 0 0 0 0 0 0 0 0 0 1 0 0 0 0 0 0 0 0 0 0 0 0 0 0 0 0 0 3 0 4 13 42 42 16 0 0 1 0 0 0 0 0 1 1 0 0 0 0 21 124 0 0 0 0 0 0 0 0 0 0 0 0 0 0 0 0 0 0 0 0 0 0 0 0 0 0 0 0 0 0 0 0 0 0 0 0 0 0 0
0 1 0 0 0 0 0 0 0 0 0 0 0 1 0 0 0 0 0 0 0 0 0 0 0 0 0 0 0 0 0 0 0 0 0 0 0 0 0 0 0 0 0 0 0 0 0 0 0 1 1 0 4 0 0 0 0 0 0 0 1 0 0 0 0 0 0 0 0 0 1 0 0 0 0 0 0 0 0 0 0 0 0 0 0 0 0 0 0 2 1 21 292 0 0 2 6 0 0 0 0 0 0 0 0 0 0 1 4 1 9 0 0 0 0 0 0 0 0 0 0 0 0 0 0 0 0 0 0 0 0 0 0 0 0 0 0 0 0 0 0 0 0 0 0 0 0 0 0 0
0 0 0 0 0 0 0 0 0 0 0 1 0 0 0 0 0 0 0 0 0 0 0 1 0 0 0 0 0 0 0 0 0 0 0 0 0 0 0 0 0 0 0 0 0 0 0 0 0 0 0 6 1 0 0 0 0 0 0 1 3 0 0 0 0 0 0 0 0 0 0 24 1 0 0 0 0 0 0 0 0 0 0 0 0 0 0 0 0 4 2 7 0 4 5 0 0 0 0 0 0 0 0 0 0 0 0 0 0 0 0 0 0 0 0 0 0 0 0 0 0 0 0 0 0 0 0 0 0 0 0 0 0 0 0 0 0 0 0 0 0 0 0 0 0 0 0 0 0 0
1 0 0 0 0 0 0 0 0 0 0 0 0 0 0 0 0 0 0 0 0 0 3 14 0 0 0 0 0 0 0 0 0 0 0 0 0 0 0 0 0 0 0 0 0 0 0 0 0 0 0 15 0 0 0 0 0 0 0 0 0 3 3 0 0 0 0 0 0 0 0 4 3 0 4 0 0 0 0 0 0 0 0 0 0 0 0 0 0 5 4 11 8 2 8 1 52 0 0 0 0 0 0 0 0 0 0 0 0 0 0 0 0 0 0 0 0 0 0 0 0 0 0 0 0 0 0 0 0 0 0 0 0 0 0 0 0 0 0 0 0 0 0 0 0 0 0 0 0 0
0 0 0 0 0 0 0 0 0 0 0 0 0 0 0 0 0 0 0 0 0 0 0 1 13 0 0 0 0 0 0 0 0 0 0 0 0 0 0 0 0 0 0 0 0 0 0 0 0 0 0 10 9 2 0 0 0 0 0 0 1 11 19 0 0 0 0 0 0 0 0 0 0 0 1 0 0 0 0 0 0 0 0 0 0 0 0 0 0 6 1 4 0 3 5 1 0 0 1 0 0 0 0 0 0 0 0 0 0 0 0 0 0 0 0 0 0 0 0 0 0 0 0 0 0 0 0 0 0 0 0 0 0 0 0 0 0 0 0 0 0 0 0 0 0 0 0 0 0 0
0 0 0 0 0 0 0 0 0 0 0 0 1 1 0 0 1 0 0 0 0 0 0 0 0 0 0 0 0 0 1 0 0 0 0 0 0 0 0 0 0 0 0 0 0 0 0 0 0 0 2 23 53 3 9 0 0 0 0 0 0 5 0 0 0 0 0 0 0 0 0 0 0 0 0 0 0 0 0 0 0 0 0 0 0 0 0 0 0 2 2 0 2 31 1 0 0 0 0 0 0 0 0 0 0 0 0 0 0 0 0 0 0 0 0 0 0 0 0 0 0 0 0 0 0 0 0 0 0 0 0 0 0 0 0 0 0 0 0 0 0 0 0 0 0 0 0 0 0 0
0 0 0 0 0 0 0 0 0 0 0 0 2 0 0 1 0 0 7 0 0 0 0 0 0 0 0 0 0 0 0 0 0 0 0 0 0 0 0 0 0 0 0 0 0 0 0 0 1 1 0 7 125 2 13 0 0 0 0 0 1 3 3 0 0 0 0 0 0 0 0 0 0 0 0 0 0 0 0 0 0 0 0 0 0 0 0 0 0 0 0 0 5 7 4 0 0 0 0 1 0 0 0 0 0 0 0 0 0 0 0 0 0 0 0 0 0 0 0 0 0 0 0 0 0 0 0 0 0 0 0 0 0 0 0 0 0 0 0 0 0 0 0 0 0 0 0 0 0 0
0 0 0 0 0 0 0 0 0 1 0 0 0 0 0 0 0 0 0 0 0 0 0 2 0 0 0 0 0 0 0 0 0 0 0 1 0 0 0 0 0 0 0 0 0 0 0 0 0 0 2 1 3 0 0 2 0 0 0 0 5 0 0 0 0 0 0 0 0 0 0 0 0 0 0 0 0 0 0 0 0 0 0 0 0 0 0 0 0 0 0 0 0 1 0 0 4 0 0 0 0 0 0 0 0 0 0 0 0 0 0 0 0 0 0 0 0 0 0 0 0 0 0 0 0 0 0 0 0 0 0 0 0 0 0 0 0 0 0 0 0 0 0 0 0 0 0 0 0 0
1 0 0 0 0 0 0 0 0 0 0 0 0 0 0 0 0 0 0 0 0 0 0 0 0 0 0 0 0 0 0 0 0 0 1 0 0 0 0 0 0 0 0 0 0 1 2 1 0 0 0 0 0 0 0 0 0 0 0 0 1 0 0 0 0 0 0 0 0 0 0 0 0 0 0 0 0 0 0 0 0 0 0 0 0 0 0 0 0 0 0 0 0 0 0 13 4 1 0 0 0 0 0 0 0 0 0 0 0 0 0 0 0 0 0 0 0 0 0 0 0 0 0 0 0 0 0 0 0 0 0 0 0 0 0 0 0 0 0 0 0 0 0 1 1 6 0 0 0 0
0 0 0 0 0 0 0 0 0 0 0 0 0 0 0 0 0 0 0 1 0 2 0 0 0 0 0 0 0 0 0 0 0 0 0 0 0 0 0 0 0 0 0 0 0 1 0 0 0 0 0 0 0 0 0 0 0 0 0 0 0 0 0 0 0 0 0 0 0 0 0 0 0 0 0 0 0 0 0 0 0 0 0 0 0 0 0 0 0 0 0 0 0 0 0 1 3 0 0 0 5 0 0 0 0 0 0 0 0 0 0 0 0 0 0 0 0 0 0 0 0 0 0 0 0 0 0 0 0 0 0 0 0 0 0 0 0 0 0 0 0 0 0 0 0 0 0 0 0 0
0 0 0 0 0 0 0 0 0 0 0 2 0 0 0 0 0 0 1 0 0 0 0 0 0 0 0 0 0 0 0 0 0 0 0 0 0 0 0 0 0 0 0 0 0 0 0 0 0 0 0 0 0 0 0 0 0 0 0 0 0 0 0 0 0 0 0 0 0 0 0 0 0 0 0 0 0 0 0 0 0 0 0 0 0 0 0 0 0 0 0 0 0 0 7 0 0 0 0 0 0 0 0 0 0 0 0 0 0 0 0 0 0 0 0 0 0 0 0 0 0 0 0 0 0 0 0 0 0 0 0 0 0 0 0 0 0 0 0 0 0 0 0 0 0 0 0 0 0 0
0 0 0 0 0 0 0 0 0 0 3 0 1 0 0 8 2 0 0 0 0 0 0 0 0 0 0 0 0 0 0 0 0 0 0 0 0 0 0 0 0 0 0 0 0 0 0 0 0 0 0 0 0 0 0 0 0 0 0 0 0 0 0 0 0 0 0 0 0 0 0 0 0 0 0 0 0 0 0 0 0 0 0 0 0 0 0 0 0 0 0 0 0 0 0 0 0 0 0 0 0 0 0 0 0 0 0 0 0 0 0 0 0 0 0 0 0 0 0 0 0 0 0 0 0 0 0 0 0 0 0 0 0 0 0 0 0 0 0 0 0 0 0 0 0 0 0 0 0 0
0 0 0 0 0 0 0 0 1 0 0 1 3 2 1 0 4 1 0 0 0 0 0 0 0 0 0 0 0 0 0 0 0 0 0 0 3 0 0 0 0 0 0 1 0 0 0 0 0 0 0 0 0 0 0 0 0 0 0 1 0 0 0 0 0 0 0 0 16 0 0 0 0 0 0 0 0 0 0 0 0 0 0 0 0 0 0 0 0 0 0 0 0 0 0 0 0 0 0 1 0 0 0 0 0 0 0 0 0 0 0 0 0 0 0 0 0 0 0 0 0 0 0 0 0 0 0 0 0 0 0 0 0 0 0 0 0 0 0 0 0 0 0 0 0 0 0 0 0 0
0 0 0 0 1 0 0 0 0 0 0 0 4 0 0 0 1 0 0 0 0 0 0 0 0 0 0 0 0 0 0 0 0 0 0 0 1 0 3 0 0 0 1 0 0 0 0 0 0 0 0 0 0 0 0 0 0 0 0 0 3 0 0 0 1 0 0 0 58 18 0 0 0 0 0 0 0 0 0 0 0 0 0 0 0 0 0 0 0 0 0 0 0 0 0 0 0 0 0 0 0 0 0 0 0 0 0 0 0 0 0 0 0 0 0 0 0 0 0 0 0 0 0 0 0 0 0 0 0 0 0 0 0 0 0 0 0 0 0 0 0 0 0 0 0 0 0 0 0 0
0 0 0 1 0 0 1 0 0 0 0 1 16 4 0 4 21 0 1 1 1 0 0 8 0 1 0 0 0 0 0 1 0 0 0 0 2 1 0 0 0 0 6 0 0 0 0 0 0 0 0 0 0 0 0 0 0 0 0 0 0 0 0 1 79 8 5 0 0 0 0 0 0 0 0 0 0 0 0 0 0 0 0 0 0 0 0 0 0 0 0 0 0 0 0 0 0 0 0 0 0 0 0 0 0 0 0 0 0 0 0 0 0 0 0 0 0 0 0 0 0 0 0 0 0 0 0 0 0 0 0 0 0 0 0 0 0 0 0 0 0 0 0 0 0 0 0 0 0 0
5 17 0 0 0 0 0 0 0 0 0 0 1 0 0 1 0 0 1 2 33 25 16 4 0 0 0 0 0 1 0 0 0 0 0 1 7 0 0 4 0 0 0 0 0 0 0 0 0 0 0 0 0 0 0 0 0 0 0 0 0 0 0 0 0 0 0 0 0 0 0 0 0 0 0 0 0 0 0 0 0 0 0 0 0 0 0 0 0 0 0 0 0 0 0 0 0 0 0 0 0 0 0 0 0 0 0 0 0 0 0 0 0 0 0 0 0 0 0 0 0 0 0 0 0 0 0 0 0 0 0 0 0 0 0 0 0 0 0 0 0 0 0 0 0 0 0 0 0 0
6 0 2 0 2 0 0 0 0 0 0 0 1 0 0 0 3 0 0 3 1 49 9 2 4 1 0 0 1 5 1 0 0 0 0 0 2 0 0 0 1 11 0 0 0 0 0 0 0 0 0 0 0 0 0 0 0 0 0 0 0 0 0 0 0 0 0 0 0 0 0 0 0 0 0 0 0 0 0 0 0 0 0 0 0 0 0 0 0 0 0 0 0 0 0 0 0 0 0 1 0 0 0 0 0 0 0 0 0 0 0 0 0 0 0 0 0 0 0 0 0 0 0 0 0 0 0 0 0 0 0 0 0 0 0 0 0 0 0 0 0 0 0 0 0 0 0 0 0 0
0 0 0 0 0 0 0 0 0 0 0 0 1 0 0 0 1 0 0 1 0 0 1 1 2 1 2 2 0 0 0 0 0 0 0 4 0 0 0 0 0 0 0 0 0 0 0 0 0 0 0 0 0 0 0 0 0 0 0 0 0 0 0 0 0 0 0 0 0 0 0 0 0 0 0 0 0 0 0 0 0 0 0 0 0 0 0 0 0 0 0 0 0 0 0 0 0 0 0 0 0 0 0 0 0 0 0 0 0 0 0 0 0 0 0 0 0 0 0 0 0 0 0 0 0 0 0 0 0 0 0 0 0 0 0 0 0 0 0 0 0 0 0 0 0 0 0 0 0 0
0 0 1 0 0 0 0 0 0 0 0 0 0 0 0 0 0 0 0 0 0 0 0 2 1 8 0 5 6 0 0 1 1 1 7 0 0 0 0 0 0 0 0 0 0 0 0 0 0 0 0 0 0 0 0 0 0 0 0 0 0 0 0 0 0 0 0 0 0 0 0 0 0 0 0 0 0 0 0 0 0 0 0 0 0 0 0 0 0 0 0 0 0 0 0 0 0 0 0 0 0 0 0 0 0 0 0 0 0 0 0 0 0 0 0 0 0 0 0 0 0 0 0 0 0 0 0 0 0 0 0 0 0 0 0 0 0 0 0 0 0 0 0 0 0 0 0 0 0 0
0 0 0 0 0 0 0 0 0 0 0 0 0 0 0 0 0 0 0 0 3 0 0 0 2 0 0 2 51 22 0 3 1 6 1 0 2 0 0 0 0 0 0 0 0 0 0 0 0 0 0 0 0 0 0 0 0 0 0 0 0 0 0 0 0 0 0 0 0 0 0 0 0 0 0 0 0 0 0 0 0 0 0 0 0 0 0 0 0 0 0 0 0 0 0 0 0 0 0 0 0 0 0 0 0 0 0 0 0 0 0 0 0 0 0 0 0 0 0 0 0 0 0 0 0 0 0 0 0 0 0 0 0 0 0 0 0 0 0 0 0 0 0 0 0 0 0 0 0 0
0 0 0 0 0 0 0 0 0 0 0 0 0 0 0 0 0 0 0 0 0 0 0 0 0 2 1 0 1 0 2 0 0 11 0 0 1 0 0 0 0 0 0 0 0 0 0 0 0 0 0 0 0 0 0 0 0 0 0 0 0 0 0 0 0 0 0 0 0 0 0 0 0 0 0 0 0 0 0 0 0 0 0 0 0 0 0 0 0 0 0 0 0 0 0 0 0 0 0 0 0 0 0 0 0 0 0 0 0 0 0 0 0 0 0 0 0 0 0 0 0 0 0 0 0 0 0 0 0 0 0 0 0 0 0 0 0 0 0 0 0 0 0 0 0 0 0 0 0 0
0 0 0 0 0 0 0 0 0 0 0 0 0 0 0 0 0 0 0 0 0 0 0 0 2 1 5 0 0 0 0 1 1 0 0 0 1 2 0 0 0 0 0 0 0 0 0 0 0 0 0 0 0 0 0 0 0 0 0 0 0 0 0 0 0 0 0 0 0 0 0 0 0 0 0 0 0 0 0 0 0 0 0 0 0 0 0 0 0 0 0 0 0 0 0 0 0 0 0 0 0 0 0 0 0 0 0 0 0 0 0 0 0 0 0 0 0 0 0 0 0 0 0 0 0 0 0 0 0 0 0 0 0 0 0 0 0 0 0 0 0 0 0 0 0 0 0 0 0 0
0 0 0 0 0 0 0 0 0 0 0 0 2 0 0 0 0 0 0 0 0 0 0 0 0 0 0 0 0 0 0 0 3 0 0 0 0 0 0 0 0 0 0 0 0 0 0 0 0 0 0 0 0 0 0 0 0 0 0 0 0 0 0 0 0 0 0 0 0 0 0 0 0 0 0 0 0 0 0 0 0 0 0 0 0 0 0 0 0 0 0 0 0 0 0 0 0 0 0 0 0 0 0 0 0 0 0 0 0 0 0 0 0 0 0 0 0 0 0 0 0 0 0 0 0 0 0 0 0 0 0 0 0 0 0 0 0 0 0 0 0 0 0 0 0 0 0 0 0 0
0 0 0 0 0 0 0 0 0 0 0 0 0 0 0 0 0 0 0 0 0 0 0 0 0 0 0 3 0 0 2 0 0 0 0 0 0 0 0 0 0 0 0 0 0 0 0 0 0 0 0 0 0 0 0 0 0 0 0 0 0 0 0 0 0 0 0 0 0 0 0 0 0 0 0 0 0 0 0 0 0 0 0 0 0 0 0 0 0 0 0 0 0 0 0 0 0 0 0 0 0 0 0 0 0 0 0 0 0 0 0 0 0 0 0 0 0 0 0 0 0 0 0 0 0 0 0 0 0 0 0 0 0 0 0 0 0 0 0 0 0 0 0 0 0 0 0 0 0 0
0 0 0 0 0 0 0 0 0 0 0 0 0 0 0 0 0 0 0 0 0 0 0 0 0 0 0 0 3 0 0 0 1 1 0 0 0 0 0 0 0 0 0 0 0 0 0 0 0 0 0 0 0 0 0 0 0 0 0 0 0 0 0 0 0 0 0 0 0 0 0 0 0 0 0 0 0 0 0 0 0 0 0 0 0 0 0 0 0 0 0 0 0 0 0 0 0 0 0 0 0 0 0 0 0 0 0 0 0 0 0 0 0 0 0 0 0 0 0 0 0 0 0 0 0 0 0 0 0 0 0 0 0 0 0 0 0 0 0 0 0 0 0 0 0 0 0 0 0 0
0 0 0 0 0 0 0 0 0 0 1 0 0 0 0 0 0 0 0 0 0 0 0 0 0 0 0 0 0 0 0 0 0 0 0 0 0 0 0 0 0 0 0 0 0 0 0 0 0 0 0 0 0 0 0 0 0 0 0 0 0 0 0 0 0 0 0 0 0 0 0 0 0 0 0 0 0 0 0 0 0 0 0 0 0 0 0 0 0 0 0 0 0 0 0 0 0 0 0 0 0 0 0 0 0 0 0 0 0 0 0 0 0 0 0 0 0 0 0 0 0 0 0 0 0 0 0 0 0 0 0 0 0 0 0 0 0 0 0 0 0 0 0 0 0 0 0 0 0 0
0 0 0 0 0 0 0 0 0 3 0 0 0 0 0 0 0 0 0 0 0 0 0 0 0 0 0 0 0 0 0 0 0 0 0 0 0 0 0 0 0 0 0 0 0 0 0 0 0 0 0 0 0 0 0 0 0 0 0 0 0 0 0 0 0 0 0 0 0 0 0 0 0 0 0 0 0 0 0 0 0 0 0 0 0 0 0 0 0 0 0 0 0 0 0 0 0 0 0 0 0 0 0 0 0 0 0 0 0 0 0 0 0 0 0 0 0 0 0 0 0 0 0 0 0 0 0 0 0 0 0 0 0 0 0 0 0 0 0 0 0 0 0 0 0 0 0 0 0 0
0 0 0 0 0 0 0 0 0 0 44 0 0 0 0 0 0 0 0 0 0 0 0 0 0 0 0 0 0 0 0 0 0 0 0 0 0 0 0 0 0 0 0 0 0 0 0 0 0 0 0 0 0 0 0 0 0 0 0 0 0 0 0 0 0 0 0 0 0 0 0 0 0 0 0 0 0 0 0 0 0 0 0 0 0 0 0 0 0 0 0 0 0 0 0 0 0 0 0 0 0 0 0 0 0 0 0 0 0 0 0 0 0 0 0 0 0 0 0 0 0 0 0 0 0 0 0 0 0 0 0 0 0 0 0 0 0 0 0 0 0 0 0 0 0 0 0 0 0 0
0 0 0 0 0 0 0 0 1 9 0 0 0 0 0 0 0 0 0 0 0 0 0 0 0 0 0 0 0 0 0 0 0 0 0 0 0 0 0 0 0 0 0 0 0 0 0 0 0 0 0 0 0 0 0 0 0 0 0 0 0 0 0 0 0 0 0 0 0 0 0 0 0 0 0 0 0 0 0 0 0 0 0 0 0 0 0 0 0 0 0 0 0 0 0 0 0 0 0 0 0 0 0 0 0 0 0 0 0 0 0 0 0 0 0 0 0 0 0 0 0 0 0 0 0 0 0 0 0 0 0 0 0 0 0 0 0 0 0 0 0 0 0 0 0 0 0 0 0 0
0 0 0 0 0 2 6 1 1 0 0 0 0 0 0 0 0 0 0 0 0 0 0 0 0 0 0 0 0 0 0 0 0 0 0 0 0 0 0 0 0 0 0 0 0 0 0 0 0 14 28 0 0 0 0 0 0 0 0 0 0 0 0 0 0 0 0 0 0 0 0 0 0 0 0 0 0 0 0 0 0 0 0 0 0 0 0 0 0 0 0 0 0 0 0 0 0 0 0 0 0 0 0 0 0 0 0 0 0 0 0 0 0 0 0 0 0 0 0 0 0 0 0 0 0 0 0 0 0 0 0 0 0 0 0 0 0 0 0 0 0 0 0 0 0 0 0 0 0 0
0 0 0 0 0 0 6 7 0 0 0 0 0 0 0 0 0 0 0 0 0 0 0 0 0 0 0 0 0 0 0 0 0 0 0 0 0 0 0 0 0 0 0 0 0 0 0 0 0 1 0 0 0 0 0 0 0 0 0 0 0 0 0 0 0 0 0 0 0 0 0 0 0 0 0 0 0 0 0 0 0 0 0 0 0 0 0 0 0 0 0 0 0 0 0 0 0 0 0 0 0 0 0 0 0 0 0 0 0 0 0 0 0 0 0 0 0 0 0 0 0 0 0 0 0 0 0 0 0 0 0 0 0 0 0 0 0 0 0 0 0 0 0 0 0 0 0 0 0 0
0 0 0 0 0 0 0 0 0 0 0 0 0 0 0 0 0 0 0 0 0 0 0 0 0 0 0 0 0 0 0 0 0 0 0 0 0 0 0 0 0 0 0 0 0 0 0 0 0 0 0 0 3 5 0 0 0 0 0 0 0 0 0 0 0 0 0 0 0 0 0 0 0 0 0 0 0 0 0 0 0 0 0 0 0 0 0 0 0 0 0 0 0 0 0 0 0 0 0 0 0 0 0 0 0 0 0 0 0 0 0 0 0 0 0 0 0 0 0 0 0 0 0 0 0 0 0 0 0 0 0 0 0 0 0 0 0 0 0 0 0 0 0 0 0 0 0 0 0 0
0 0 0 0 0 0 0 0 0 0 0 0 0 0 0 0 0 0 0 0 0 0 0 0 0 0 0 0 0 0 0 0 0 0 0 0 0 0 0 0 0 0 0 0 0 0 0 0 0 0 0 0 0 0 0 0 0 0 0 0 0 0 0 0 0 0 0 0 0 0 0 0 0 0 0 0 0 0 0 0 0 0 0 0 0 0 0 0 0 0 0 0 0 0 0 0 0 0 0 0 0 0 0 0 0 0 0 0 0 0 0 0 0 0 0 0 0 0 0 0 0 0 0 0 0 0 0 0 0 0 0 0 0 0 0 0 0 0 0 0 0 0 0 0 0 0 0 0 0 0
0 0 0 0 0 0 0 0 0 0 0 0 0 0 0 0 0 0 0 0 0 0 0 0 0 0 0 0 0 0 0 0 0 0 0 0 0 0 0 0 0 0 0 0 0 0 0 0 0 0 0 3 0 0 0 0 0 0 0 0 0 0 0 0 0 0 0 0 0 0 0 0 0 0 0 0 0 0 0 0 0 0 0 0 0 0 0 0 0 0 0 0 0 0 0 0 0 0 0 0 0 0 0 0 0 0 0 0 0 0 0 0 0 0 0 0 0 0 0 0 0 0 0 0 0 0 0 0 0 0 0 0 0 0 0 0 0 0 0 0 0 0 0 0 0 0 0 0 0 0
0 0 0 0 0 0 0 0 0 0 0 0 0 0 0 0 0 0 0 0 0 0 0 0 0 0 0 0 0 0 0 0 0 0 0 0 0 0 0 0 0 0 0 0 0 0 0 0 0 0 0 0 0 0 0 0 0 0 0 0 0 0 0 0 0 0 0 0 0 0 0 0 0 0 0 0 0 0 0 0 0 0 0 0 0 0 0 0 0 0 0 0 0 0 0 0 0 0 0 0 0 0 0 0 0 0 0 0 0 0 0 0 0 0 0 0 0 0 0 0 0 0 0 0 0 0 0 0 0 0 0 0 0 0 0 0 0 0 0 0 0 0 0 0 0 0 0 0 0 0
0 0 0 0 0 0 0 0 0 0 0 0 0 0 0 0 0 0 0 0 0 0 0 0 0 0 0 0 0 0 1 0 0 0 0 0 0 0 0 0 0 0 0 0 0 0 0 0 0 0 0 0 0 0 0 0 0 0 0 0 0 0 0 0 0 0 0 0 0 0 0 0 0 0 0 0 0 0 0 0 0 0 0 0 0 0 0 0 0 0 0 0 0 0 0 0 0 0 0 0 0 0 0 0 0 0 0 0 0 0 0 0 0 0 0 0 0 0 0 0 0 0 0 0 0 0 0 0 0 0 0 0 0 0 0 0 0 0 0 0 0 0 0 0 0 0 0 0 0 0
0 0 0 0 0 0 0 0 0 0 0 0 0 0 0 0 0 0 0 0 0 0 0 0 0 0 0 0 0 0 1 4 0 0 0 0 0 0 0 0 0 0 0 0 0 0 0 0 0 0 0 0 0 0 0 0 0 0 0 0 0 0 0 0 0 0 0 0 0 0 0 0 0 0 0 0 0 0 0 0 0 0 0 0 0 0 0 0 0 0 0 0 0 0 0 0 0 0 0 0 0 0 0 0 0 0 0 0 0 0 0 0 0 0 0 0 0 0 0 0 0 0 0 0 0 0 0 0 0 0 0 0 0 0 0 0 0 0 0 0 0 0 0 0 0 0 0 0 0 0
0 0 0 0 0 0 0 0 0 0 0 0 0 0 0 0 0 0 0 0 0 0 0 0 0 0 0 0 0 0 3 3 0 0 0 0 1 0 0 0 0 0 0 0 0 0 0 0 0 0 0 0 0 0 0 0 0 0 0 0 0 0 0 0 0 0 0 0 0 0 0 0 0 0 0 0 0 0 0 0 0 0 0 0 0 0 0 0 0 0 0 0 0 0 0 0 0 0 0 0 0 0 0 0 0 0 0 0 0 0 0 0 0 0 0 0 0 0 0 0 0 0 0 0 0 0 0 0 0 0 0 0 0 0 0 0 0 0 0 0 0 0 0 0 0 0 0 0 0 0
0 0 0 0 0 0 0 0 0 0 0 0 0 0 0 0 0 0 0 0 0 0 0 0 0 0 1 0 0 2 0 0 0 0 0 0 0 0 0 0 0 0 0 0 0 0 0 0 0 0 0 0 0 0 0 0 0 0 0 0 0 0 0 0 0 0 0 0 0 0 0 0 0 0 0 0 0 0 0 0 0 0 0 0 0 0 0 0 0 0 0 0 0 0 0 0 0 0 0 0 0 0 0 0 0 0 0 0 0 0 0 0 0 0 0 0 0 0 0 0 0 0 0 0 0 0 0 0 0 0 0 0 0 0 0 0 0 0 0 0 0 0 0 0 0 0 0 0 0 0
0 0 0 0 0 0 0 0 0 0 0 0 0 0 0 0 0 0 0 0 0 0 0 0 0 0 0 0 0 37 5 0 0 0 0 0 0 0 0 0 0 0 0 0 0 0 0 0 0 0 0 0 0 0 0 0 0 0 0 0 0 0 0 0 0 0 0 0 0 0 0 0 0 0 0 0 0 0 0 0 0 0 0 0 0 0 0 0 0 0 0 0 0 0 0 0 0 0 0 0 0 0 0 0 0 0 0 0 0 0 0 0 0 0 0 0 0 0 0 0 0 0 0 0 0 0 0 0 0 0 0 0 0 0 0 0 0 0 0 0 0 0 0 0 0 0 0 0 0 0
0 0 0 0 0 0 0 0 0 0 0 0 0 0 0 0 0 0 0 0 0 0 0 0 0 0 0 0 0 0 0 0 0 0 0 0 0 0 0 0 0 0 0 0 0 0 0 0 0 48 0 0 0 0 0 0 0 0 0 0 0 0 0 0 0 0 0 0 0 0 0 0 0 0 0 0 0 0 0 0 0 0 0 0 0 0 0 0 0 0 0 0 0 0 0 0 0 0 0 0 0 0 0 0 0 0 0 0 0 0 0 0 0 0 0 0 0 0 0 0 0 0 0 0 0 0 0 0 0 0 0 0 0 0 0 0 0 0 0 0 0 0 0 0 0 0 0 0 0 0
0 0 0 0 0 0 0 0 0 0 0 0 0 0 0 0 0 0 0 0 0 0 0 0 0 0 6 0 0 0 0 0 0 0 0 0 0 0 0 0 0 0 0 0 0 0 0 0 6 0 0 0 0 0 0 0 0 0 0 0 0 0 0 0 0 0 0 0 0 0 0 0 0 0 0 0 0 0 0 0 0 0 0 0 0 0 0 0 0 0 0 0 0 0 0 0 0 0 0 0 0 0 0 0 0 0 0 0 0 0 0 0 0 0 0 0 0 0 0 0 0 0 0 0 0 0 0 0 0 0 0 0 0 0 0 0 0 0 0 0 0 0 0 0 0 0 0 0 0 0
0 0 0 0 0 0 0 0 0 0 0 0 0 0 0 0 0 0 0 0 0 0 0 0 0 0 0 0 2 0 0 0 0 0 0 0 0 0 0 0 0 0 0 0 0 0 0 0 0 0 0 0 0 0 0 0 0 0 0 0 0 0 0 0 0 0 0 0 0 0 0 0 0 0 0 0 0 0 0 0 0 0 0 0 0 0 0 0 0 0 0 0 0 0 0 0 0 0 0 0 0 0 0 0 0 0 0 0 0 0 0 0 0 0 0 0 0 0 0 0 0 0 0 0 0 0 0 0 0 0 0 0 0 0 0 0 0 0 0 0 0 0 0 0 0 0 0 0 0 0
0 0 0 0 0 0 0 0 0 0 0 0 0 0 0 0 0 0 0 0 0 0 0 0 0 0 0 0 0 0 0 0 0 0 0 0 0 0 0 0 0 0 0 0 0 0 0 0 0 0 0 0 0 0 0 0 0 0 0 0 0 0 0 0 0 0 0 0 0 0 0 0 0 0 0 0 0 0 0 0 0 0 0 0 0 0 0 0 0 0 0 0 0 0 0 0 0 0 0 0 0 0 0 0 0 0 0 0 0 0 0 0 0 0 0 0 0 0 0 0 0 0 0 0 0 0 0 0 0 0 0 0 0 0 0 0 0 0 0 0 0 0 0 0 0 0 0 0 0 0
0 0 0 0 0 0 0 0 0 0 0 0 0 0 0 0 0 0 0 0 0 0 0 0 0 0 0 0 0 0 0 0 0 0 0 0 0 0 0 0 0 0 0 0 0 0 0 0 0 1 0 0 0 0 0 0 0 0 0 0 0 0 0 0 0 0 0 0 0 0 0 0 0 0 0 0 0 0 0 0 0 0 0 0 0 0 0 0 0 0 0 0 0 0 0 0 0 0 0 0 0 0 0 0 0 0 0 0 0 0 0 0 0 0 0 0 0 0 0 0 0 0 0 0 0 0 0 0 0 0 0 0 0 0 0 0 0 0 0 0 0 0 0 0 0 0 0 0 0 0
0 0 0 0 0 0 0 0 0 0 0 0 0 0 0 0 0 0 0 0 0 0 0 0 0 0 0 0 0 0 0 0 0 0 0 0 0 0 0 0 0 0 0 0 0 0 0 0 0 0 0 0 0 0 0 0 0 0 0 0 0 0 0 0 0 0 0 0 0 0 0 0 0 0 0 0 0 0 0 0 0 0 0 0 0 0 0 0 0 0 0 0 0 0 0 0 0 0 0 0 0 0 0 0 0 0 0 0 0 0 0 0 0 0 0 0 0 0 0 0 0 0 0 0 0 0 0 0 0 0 0 0 0 0 0 0 0 0 0 0 0 0 0 0 0 0 0 0 0 0
0 0 0 0 0 0 0 0 0 0 0 0 0 0 0 0 0 0 0 0 0 0 0 0 0 0 0 0 0 0 0 0 0 0 0 0 0 0 0 0 0 0 0 0 0 0 0 0 0 0 0 0 0 0 0 0 0 0 0 0 0 0 0 0 0 0 0 0 0 0 0 0 0 0 0 0 0 0 0 0 0 0 0 0 0 0 0 0 0 0 0 0 0 0 0 0 0 0 0 0 0 0 0 0 0 0 0 0 0 0 0 0 0 0 0 0 0 0 0 0 0 0 0 0 0 0 0 0 0 0 0 0 0 0 0 0 0 0 0 0 0 0 0 0 0 0 0 0 0 0
0 0 0 0 0 0 0 0 0 0 0 0 0 0 0 0 0 0 0 0 0 0 0 0 0 0 0 0 0 0 0 0 0 0 0 0 0 0 0 0 0 0 0 0 0 0 0 0 0 0 0 0 0 0 0 0 0 0 0 0 0 0 0 0 0 0 0 0 0 0 0 0 0 0 0 0 0 0 0 0 0 0 0 0 0 0 0 0 0 0 0 0 0 0 0 0 0 0 0 0 0 0 0 0 0 0 0 0 0 0 0 0 0 0 0 0 0 0 0 0 0 0 0 0 0 0 0 0 0 0 0 0 0 0 0 0 0 0 0 0 0 0 0 0 0 0 0 0 0 0
