0 0 3 2 0 0 2 2 6 56 5 2 0 7 0 0 0 4 2 0 3 2 0 0 0 8 0 0 0 0 0 0 2 2 3 0 0 0 1 2 0 0 0 2 3 0 0 0 0 0 0 0 0 0 2 1 0 0 0 1 23 14 6 2 0 0 0 0 0 0 0 0 11 94 103 237 60 27 26 4 14 105 19 25 33 112 130 120 38 93 529 258 24 349 348 756 385 206 379 108 79 67 14 29 14 20 22 245 123 7 10 2 14 46 24 20 23 2 2 1 5 28 14 16 2 2 0 1 12 2 0 14 0 5 2 0 0 0 0 0 4 0 0 0 0 0 0 0 0 7
0 2 2 0 0 0 0 0 0 9 6 19 3 0 0 0 0 1 6 0 0 2 32 0 6 8 0 1 0 0 0 0 0 0 0 2 0 2 1 0 0 0 0 0 0 0 0 0 0 0 0 0 0 1 7 0 0 0 0 31 60 13 6 5 1 0 0 0 1 2 0 3 47 22 23 4 61 47 4 19 48 23 5 0 69 150 162 72 104 177 30 11 143 131 120 138 193 281 490 303 142 90 74 15 9 32 0 112 24 57 9 9 5 9 20 14 0 4 2 17 3 4 12 3 3 3 1 1 26 27 9 6 39 28 1 0 0 0 1 28 3 0 0 0 0 0 0 0 0 0
0 0 0 0 2 0 0 0 1 8 4 9 5 15 0 0 0 3 3 2 0 12 79 7 8 0 1 7 0 0 0 0 0 1 0 2 1 2 0 5 1 0 0 0 0 0 0 0 0 0 0 0 0 0 6 0 0 1 0 10 9 5 4 4 0 0 0 0 0 0 0 5 0 0 0 3 0 22 58 205 77 36 20 13 22 135 253 105 5 6 37 18 38 138 221 421 63 250 140 226 376 159 22 43 14 11 4 18 127 183 16 5 0 1 3 2 9 20 13 13 70 22 10 10 1 2 0 2 1 23 3 6 52 81 0 0 2 0 7 227 3 3 0 0 0 0 0 0 0 0
28 1 0 0 0 0 0 0 0 6 3 0 0 0 0 1 0 0 3 3 0 0 7 4 43 0 4 6 12 0 3 0 0 0 0 3 0 1 0 4 3 0 0 0 0 0 0 0 0 0 0 0 0 0 53 11 0 15 56 0 0 1 4 8 0 0 0 0 0 1 6 58 7 0 1 3 8 79 163 108 54 65 39 141 152 9 24 67 0 89 329 295 632 255 454 221 75 112 344 207 253 238 103 7 16 103 15 17 235 35 10 8 19 11 0 4 5 37 26 15 16 50 23 4 2 3 1 2 5 2 3 8 17 0 3 1 17 1 0 5 14 6 0 0 0 0 0 0 0 0
0 6 0 0 0 0 0 0 1 1 0 0 0 0 0 1 4 5 0 1 1 1 1 0 1 0 0 0 0 0 2 0 0 1 1 7 5 0 0 0 0 0 0 0 0 0 0 0 0 4 2 0 2 0 60 132 21 17 4 0 13 2 0 6 0 0 0 0 0 5 50 68 62 92 15 43 32 60 156 93 166 127 148 81 142 69 31 27 13 145 698 244 221 336 189 94 29 352 152 391 289 386 369 387 432 34 82 31 3 9 4 25 17 26 5 0 1 8 38 32 133 353 115 15 4 5 9 0 1 8 0 0 0 0 0 0 0 0 0 0 20 6 0 0 0 0 0 0 0 0
3 1 0 0 0 0 0 0 6 1 1 0 0 0 0 0 4 4 5 32 7 0 0 0 0 0 0 0 0 1 0 2 0 0 9 59 20 17 0 0 0 0 0 0 0 0 0 0 0 3 28 4 1 4 21 34 22 12 7 2 1 0 0 2 1 0 0 0 0 44 56 93 110 55 62 38 11 23 32 226 188 324 149 42 0 92 26 12 2 128 700 583 17 160 240 251 49 592 509 264 232 188 518 370 13 73 6 47 9 5 2 5 2 16 5 5 5 1 5 7 92 161 1 3 0 9 1 3 3 0 7 0 0 0 0 0 9 0 0 0 0 9 0 0 0 0 0 0 0 0
1 0 0 0 0 0 0 0 0 3 4 0 0 0 0 0 0 0 0 0 0 0 0 0 0 0 0 0 0 0 0 0 0 0 0 5 3 0 2 0 0 0 0 0 0 0 0 0 0 1 3 0 2 5 1 13 5 0 28 13 1 2 0 1 4 0 0 0 2 39 21 32 151 256 171 94 192 80 195 281 384 334 481 259 65 5 3 68 34 48 611 314 28 172 321 229 155 242 314 38 26 209 65 56 16 17 26 7 9 7 27 91 152 12 20 11 3 1 11 15 60 70 2 2 2 2 6 1 0 0 6 0 0 0 0 0 0 1 0 0 0 0 0 0 0 0 0 0 1 2
0 0 0 0 0 0 0 0 1 0 1 0 0 0 0 0 0 0 0 0 0 0 0 0 0 0 0 0 0 0 4 0 0 0 6 0 0 0 5 6 0 0 0 0 0 0 0 0 0 0 0 0 5 11 0 4 0 8 38 39 60 19 22 1 18 37 0 0 0 70 0 2 9 23 23 20 43 109 388 423 434 268 329 132 112 76 85 314 110 44 191 34 20 136 157 155 84 441 464 141 91 191 221 272 99 83 11 26 72 16 160 248 23 32 10 25 5 11 2 15 25 13 7 6 3 2 5 2 3 0 0 0 0 0 0 0 0 0 0 0 0 0 0 0 0 0 0 0 0 1
2 0 0 0 0 0 0 0 2 2 0 2 1 4 6 0 0 0 0 0 0 0 0 0 0 0 0 0 0 0 1 0 0 0 0 0 0 0 0 0 0 0 0 0 0 0 0 0 0 0 0 0 4 13 0 1 2 9 23 25 156 115 3 1 2 13 2 4 0 25 0 0 0 4 0 13 1 22 62 246 321 394 398 14 1 13 157 145 227 57 4 7 133 460 514 543 33 230 195 77 128 45 64 195 478 60 103 152 42 34 446 68 345 64 15 5 2 3 4 3 8 38 10 7 1 1 0 7 1 0 6 0 0 0 0 0 0 0 0 0 0 0 0 0 0 0 0 0 0 0
0 0 0 0 0 0 0 1 3 2 0 0 0 0 0 0 0 0 0 0 0 0 0 0 0 0 0 0 0 0 0 0 0 0 0 0 0 1 0 0 0 0 0 0 0 0 2 0 0 1 5 0 6 3 0 0 0 0 0 16 28 91 18 5 3 5 0 0 0 11 0 0 0 0 0 18 6 11 215 346 538 291 366 146 459 429 127 79 81 90 32 3 6 241 380 568 334 55 47 12 29 44 9 1 44 174 141 179 44 12 169 265 296 149 2 130 160 274 172 46 20 3 14 8 40 21 8 0 3 16 61 4 0 0 0 0 0 0 0 0 0 0 0 0 0 0 0 0 0 0
0 0 2 0 0 0 1 0 1 0 2 3 0 0 1 13 1 5 0 0 0 0 0 0 0 3 0 0 0 0 0 0 0 0 0 3 0 0 0 1 0 2 0 1 0 0 1 5 17 14 20 4 5 2 0 0 0 6 10 10 0 88 6 2 0 0 0 0 0 2 0 0 0 0 0 0 2 18 264 154 306 157 330 204 128 211 77 156 180 110 10 0 5 99 205 325 387 24 16 57 45 12 2 27 72 182 336 215 120 89 238 57 271 13 1 72 240 241 201 208 190 146 153 55 79 227 114 24 35 31 2 45 9 18 1 0 0 0 0 0 0 0 0 0 0 0 0 0 0 0
0 0 0 0 0 0 0 0 12 1 0 0 0 0 0 0 10 7 1 0 1 0 0 0 0 0 0 0 0 0 0 0 0 4 28 0 0 0 1 0 3 10 13 4 3 0 1 0 0 0 0 0 1 1 3 1 0 0 0 0 1 4 0 1 0 1 0 1 0 0 1 0 0 0 0 0 58 6 54 220 330 107 29 15 59 47 8 12 49 280 34 0 1 5 9 36 408 201 131 2 0 1 8 19 26 44 252 112 23 32 106 85 28 39 24 111 386 84 283 406 158 192 58 71 80 144 0 0 0 25 3 0 54 25 35 2 0 0 0 0 0 0 0 0 0 0 0 0 0 0
0 0 0 0 0 0 1 0 0 1 0 0 0 0 0 0 1 8 7 6 7 1 0 0 0 0 0 0 0 0 0 1 1 0 0 0 0 0 0 0 0 4 39 1 15 0 0 20 0 0 0 0 4 0 2 0 1 0 0 0 1 5 2 0 0 0 0 0 0 0 10 0 0 0 3 16 115 28 96 21 118 176 16 1 6 21 3 0 0 2 0 0 1 68 73 21 329 189 255 169 6 4 31 6 27 0 10 131 252 143 420 238 48 354 116 12 23 53 617 457 73 97 79 0 71 95 3 0 17 25 0 0 10 8 1 0 0 0 0 0 0 0 0 0 0 0 0 0 0 0
0 0 0 0 0 0 2 0 0 0 0 0 0 0 0 0 0 1 53 13 6 1 0 0 0 0 0 0 0 3 7 4 0 0 0 0 0 0 0 0 0 2 0 50 40 0 0 0 2 0 0 27 3 0 0 0 0 0 0 0 6 2 2 1 0 0 120 6 5 25 38 0 0 1 1 221 389 220 81 17 35 206 35 2 9 85 4 1 0 15 2 0 0 26 4 13 44 312 88 143 0 6 175 85 232 34 36 172 218 336 599 487 451 129 179 189 73 89 400 278 96 31 2 0 0 15 18 0 11 3 0 0 0 0 0 0 0 0 0 0 0 0 0 0 0 0 0 0 0 0
0 0 0 0 0 0 1 2 8 0 0 0 0 0 0 0 0 0 5 5 1 0 0 0 0 0 0 0 0 1 5 0 0 0 2 0 0 0 0 0 0 0 0 4 17 0 0 0 0 21 10 16 3 0 1 0 4 5 1 17 64 16 1 9 2 12 54 65 109 238 44 1 3 0 41 366 469 617 229 17 4 110 25 1 3 10 6 15 0 31 6 9 3 0 0 0 31 157 164 138 16 22 182 256 664 530 651 368 421 262 344 257 202 294 232 114 80 57 52 39 57 64 13 10 0 2 24 3 13 24 0 0 0 0 0 0 0 0 0 0 0 0 0 0 0 0 0 0 0 0
0 0 0 0 0 0 0 13 12 3 0 0 0 0 0 0 0 0 0 3 0 10 5 0 0 0 0 0 0 1 0 0 0 0 0 0 0 0 0 0 0 0 0 0 3 24 0 0 0 13 54 76 0 1 0 4 39 43 3 46 24 21 9 26 24 24 67 38 72 104 149 24 51 83 503 522 817 431 77 7 2 3 1 0 0 2 17 22 6 30 0 2 0 0 0 14 35 4 15 30 6 2 520 332 422 326 345 187 311 342 329 245 275 163 146 62 21 77 57 66 12 3 92 159 27 56 4 1 1 0 0 0 0 0 13 2 0 0 0 0 0 0 0 0 0 0 0 0 0 0
0 0 0 0 0 0 1 8 1 0 0 0 0 0 0 1 2 5 0 1 1 0 9 19 11 9 1 0 0 0 0 0 0 0 0 0 0 0 0 0 2 0 1 0 1 4 2 1 1 9 6 1 5 19 2 29 36 75 40 31 1 4 1 0 1 1 0 0 0 0 10 0 60 40 138 189 325 126 82 0 0 0 0 0 0 0 3 31 52 5 0 0 2 0 2 8 10 0 1 36 12 110 397 360 184 86 203 110 198 250 309 119 354 318 159 63 8 33 49 2 0 0 15 17 13 187 1 9 2 0 0 0 0 0 0 0 1 0 0 0 0 0 0 0 0 0 0 0 0 0
0 0 0 0 0 1 0 0 0 0 0 0 6 0 0 10 0 4 0 2 1 0 1 0 5 2 6 20 0 0 0 0 0 0 0 0 3 0 0 1 0 0 1 0 0 14 46 3 1 8 16 13 2 36 15 28 18 85 230 8 5 3 0 0 0 1 10 22 1 27 39 3 71 15 14 67 18 72 9 4 8 0 1 2 0 0 0 8 80 3 0 21 51 41 14 0 0 0 55 246 92 74 81 74 44 223 87 152 202 199 59 38 33 136 43 6 55 92 6 3 0 2 4 1 60 348 141 1 2 5 0 0 0 0 0 0 0 0 0 0 0 0 0 0 0 0 0 0 0 0
0 0 0 2 0 0 0 0 0 0 0 0 3 0 0 2 1 1 0 5 1 2 2 2 1 3 33 23 14 0 0 0 0 0 1 3 1 0 0 0 0 0 0 5 28 23 9 1 15 250 52 5 7 20 1 30 241 58 36 18 46 12 2 0 0 0 8 1 0 9 13 14 14 7 1 62 50 23 2 22 4 0 7 21 0 9 16 11 7 4 4 31 74 156 26 0 0 17 87 25 57 115 39 2 46 219 88 166 173 0 0 31 2 244 19 0 1 0 0 0 0 0 2 1 53 141 111 190 12 1 0 0 0 0 0 0 0 0 0 0 0 0 0 0 0 0 0 0 0 0
0 0 1 2 0 0 0 0 0 0 0 1 0 0 0 0 1 0 0 1 3 9 41 2 1 2 5 22 84 3 0 2 0 0 1 0 0 0 0 0 0 1 4 20 6 41 43 14 1 48 16 8 0 2 39 2 22 57 1 0 2 3 0 0 0 3 1 0 7 40 31 26 14 0 3 60 7 0 2 1 1 0 0 0 0 19 13 0 18 12 2 33 6 0 1 19 0 1 8 2 381 473 293 81 47 63 67 239 70 5 1 0 0 76 6 0 0 0 0 0 0 0 0 4 16 0 4 52 3 0 0 0 0 0 0 0 0 0 0 0 0 0 0 0 0 0 0 0 0 0
0 0 0 0 1 0 0 0 0 0 0 0 0 0 1 1 1 0 1 2 0 1 9 1 0 7 2 8 1 8 0 6 9 0 1 0 0 0 0 0 6 4 11 8 3 8 8 31 28 121 119 52 5 26 10 7 9 3 0 0 0 3 3 6 114 42 2 1 4 6 53 13 0 1 2 82 137 72 1 12 0 12 0 1 0 1 0 1 14 13 19 0 0 0 0 2 1 0 185 225 578 441 249 69 3 6 58 49 2 0 0 0 0 3 0 0 0 0 0 0 0 0 2 1 0 0 17 33 0 0 0 0 0 0 0 0 0 0 0 0 0 0 0 0 0 0 0 0 0 0
0 0 0 0 0 0 0 0 0 0 0 0 0 4 15 3 0 0 0 1 5 4 2 1 0 1 0 0 0 0 20 12 0 2 0 0 11 4 0 0 29 2 0 0 0 0 1 6 182 434 165 113 16 1 0 3 0 2 0 2 1 1 2 0 8 8 15 1 1 38 16 8 8 0 0 5 69 30 22 32 21 9 3 19 4 1 2 7 236 34 10 4 0 6 3 9 5 0 32 175 89 122 48 3 14 6 37 29 2 0 0 0 1 22 0 0 0 0 0 0 0 0 0 0 0 16 21 4 0 5 5 0 0 0 0 0 0 0 0 0 0 0 0 0 0 0 0 0 0 0
0 0 0 0 0 0 0 0 0 0 0 0 0 0 0 0 0 0 0 0 2 1 9 1 1 0 0 0 0 0 0 1 2 2 1 0 5 83 4 5 1 0 0 0 0 1 5 11 14 203 112 52 12 0 0 0 0 3 3 1 0 0 0 0 11 1 21 1 0 4 15 20 16 3 0 0 9 1 18 2 0 21 11 0 0 1 1 2 0 0 2 6 3 3 0 0 6 0 0 0 1 2 11 53 35 44 22 32 57 65 22 13 29 0 0 0 0 0 0 0 0 0 0 3 12 16 57 0 0 0 0 0 0 0 0 0 0 0 0 0 0 0 0 0 0 0 0 0 0 0
0 0 0 0 0 0 0 0 0 0 0 0 0 0 2 0 2 6 0 0 2 0 1 0 0 1 0 0 0 0 0 0 0 0 2 3 3 5 2 0 0 0 0 0 2 66 26 26 1 55 79 16 1 11 3 1 0 18 1 0 0 0 0 0 0 0 0 0 0 0 0 4 92 49 5 17 0 0 0 1 0 3 65 71 0 1 0 0 0 0 0 5 2 1 1 0 0 0 0 17 6 0 2 50 16 13 6 0 0 30 0 98 8 0 0 0 0 0 0 0 0 0 2 14 5 7 17 58 0 0 0 0 0 0 0 0 0 0 0 0 0 0 0 0 0 0 0 0 0 8
0 0 0 0 0 0 0 0 0 0 0 0 0 2 0 0 0 1 0 0 0 0 1 0 0 0 2 1 0 0 0 1 0 2 17 0 0 58 0 0 0 0 0 20 14 11 24 4 6 8 38 26 18 5 18 1 4 2 1 0 0 0 0 0 2 0 0 11 7 2 1 4 0 4 24 3 0 0 0 0 0 2 5 29 10 0 0 0 0 2 2 12 0 0 1 0 3 2 0 4 8 3 1 8 242 0 0 2 0 0 0 22 0 0 0 0 3 0 0 0 0 0 0 0 0 24 28 9 0 0 24 0 0 0 0 0 0 0 0 0 0 0 0 0 0 0 0 0 0 0
0 0 0 0 0 0 0 0 0 0 0 0 0 1 3 0 1 0 1 0 0 0 0 4 0 0 1 0 0 0 0 0 1 12 21 0 0 6 0 1 0 1 0 2 63 26 0 0 6 0 41 12 0 0 0 0 0 3 0 0 1 0 0 0 6 2 1 2 1 3 5 14 0 3 0 3 12 1 0 0 0 0 0 5 0 9 1 7 1 6 0 12 0 0 2 0 0 3 2 6 2 10 3 83 183 115 0 2 0 0 0 7 1 0 5 4 0 0 0 0 0 0 0 0 0 7 5 46 1 0 0 0 0 0 0 0 7 18 0 0 0 0 0 0 0 0 0 0 0 0
0 0 0 0 0 0 0 0 0 0 1 0 0 0 7 3 0 2 0 0 1 5 0 0 0 0 0 9 4 0 0 1 0 5 25 1 0 1 3 1 0 0 1 10 41 5 2 2 2 3 18 6 2 1 1 1 0 0 0 0 0 0 0 0 13 0 0 2 0 1 4 9 0 0 6 1 11 0 0 0 0 0 8 3 0 2 16 10 3 2 4 10 2 0 0 2 0 1 0 0 55 9 5 0 28 140 19 0 0 0 0 0 0 4 5 7 0 0 1 0 0 0 0 0 5 75 28 2 0 1 0 0 0 0 0 0 0 2 0 0 0 0 0 0 0 0 0 0 0 0
0 0 0 0 0 0 0 0 0 0 0 0 0 0 2 4 9 24 3 0 21 13 5 0 0 0 0 1 0 4 5 0 0 5 12 0 0 10 3 12 15 17 9 95 153 7 7 0 7 0 1 19 15 2 0 2 0 0 0 0 0 0 0 2 2 0 0 0 3 16 63 18 2 2 0 0 0 5 1 0 0 0 0 0 0 0 0 3 24 3 3 0 7 1 0 1 0 0 0 0 0 6 17 4 9 451 362 24 0 0 0 0 0 0 0 0 5 111 34 2 0 0 0 17 48 25 44 91 80 18 0 0 0 0 0 0 5 0 0 0 0 0 0 0 0 0 0 0 0 0
0 0 0 0 0 1 0 1 0 2 0 0 8 5 2 2 36 27 0 5 2 3 0 2 0 0 0 3 6 1 1 4 4 4 1 10 8 7 80 56 119 281 99 140 56 8 0 1 2 0 0 0 12 7 0 0 0 0 0 0 0 0 0 0 0 0 1 0 0 5 7 16 12 0 6 9 0 9 3 0 0 4 1 0 5 0 0 0 1 6 1 4 2 3 4 11 2 0 0 0 0 191 5 16 135 165 111 263 9 0 0 0 0 0 0 0 137 35 7 0 0 0 7 89 111 89 370 226 4 10 0 0 0 4 0 6 0 0 0 0 0 0 0 0 0 0 0 0 0 0
0 0 0 0 0 0 0 1 3 3 9 38 33 1 0 1 2 8 4 0 1 18 8 11 0 0 0 1 4 1 1 0 1 2 15 9 2 5 43 91 294 407 292 422 19 2 1 3 2 0 4 1 21 45 9 6 0 0 0 0 0 0 0 0 0 0 0 0 0 0 1 3 0 0 0 0 0 13 30 0 0 0 0 0 11 0 0 0 1 3 0 1 2 16 8 5 0 0 0 0 0 0 3 10 5 42 0 73 4 0 0 0 0 0 34 25 328 217 26 19 9 6 2 81 62 21 235 257 158 230 11 47 10 61 2 0 0 0 0 0 0 0 0 0 0 0 0 0 0 0
0 0 0 0 0 0 0 3 3 1 1 2 0 0 0 3 0 2 9 0 0 17 58 17 0 0 0 1 0 0 2 6 0 1 6 12 17 17 14 57 420 146 220 104 29 7 4 6 0 4 0 0 6 4 1 1 0 0 0 0 0 0 0 0 0 0 0 0 2 0 0 0 0 0 0 6 2 3 1 0 2 18 7 0 15 0 0 0 27 8 1 0 2 6 1 0 0 4 3 3 0 4 0 3 1 8 0 0 20 1 4 1 2 3 27 423 188 185 69 92 47 47 23 7 0 4 43 105 1 35 1 110 179 36 21 9 0 0 0 0 0 0 0 0 0 0 0 0 0 0
0 0 0 0 0 0 0 0 1 2 5 4 1 0 0 5 2 0 15 14 106 29 3 0 0 0 0 1 1 11 2 1 5 32 7 2 0 0 0 56 292 192 257 122 59 6 2 0 5 4 4 0 7 6 3 1 0 0 0 0 0 0 0 0 0 0 0 0 0 0 0 0 0 0 0 0 0 6 1 0 8 21 12 94 11 1 0 0 0 0 0 1 5 4 1 0 10 1 0 0 0 0 0 0 0 1 3 11 82 79 156 166 51 45 264 319 185 163 26 223 37 76 10 1 34 47 34 73 1 0 60 124 134 14 61 0 0 0 0 0 0 0 0 0 0 0 0 0 0 0
0 0 3 0 0 0 1 2 0 2 1 15 1 6 1 2 0 0 4 6 58 0 0 0 0 0 0 0 1 15 1 10 1 3 1 1 0 0 2 6 12 69 30 22 1 1 0 0 0 3 0 1 12 2 0 0 0 0 1 0 0 0 0 0 0 0 0 0 0 0 0 0 1 0 0 4 2 32 8 1 2 13 10 2 0 0 0 0 3 0 4 0 0 1 2 5 1 0 0 0 1 1 0 1 0 3 6 25 99 45 108 48 42 197 718 316 120 197 59 230 52 4 0 32 4 11 26 3 0 0 28 115 2 0 0 0 0 0 0 0 0 0 0 0 0 0 0 0 0 0
0 0 0 0 0 8 9 3 5 0 1 0 0 2 5 0 1 0 4 10 11 0 0 0 0 0 0 0 1 1 27 1 9 0 7 0 0 2 4 1 9 10 4 1 0 0 0 0 8 7 0 5 78 7 7 16 15 0 0 0 0 0 0 0 0 0 0 0 0 0 0 0 0 0 0 0 1 3 3 0 0 0 0 0 0 1 0 0 5 0 0 0 2 9 10 1 7 2 0 0 7 0 0 0 0 0 4 27 7 6 0 12 46 77 110 217 50 116 65 45 179 1 0 0 0 0 0 0 0 0 1 143 4 0 0 0 0 0 0 0 0 0 0 0 0 0 0 0 0 0
0 0 1 0 1 0 0 1 0 1 1 0 3 8 2 2 39 8 2 0 1 3 3 0 0 1 0 24 10 3 17 12 5 1 0 6 7 3 0 0 3 14 0 0 0 1 2 0 0 0 1 8 106 33 1 9 1 0 0 0 0 0 0 0 0 0 0 0 0 0 0 0 0 0 0 0 8 1 2 0 0 0 0 0 0 0 0 0 4 0 10 2 22 17 8 14 7 4 4 19 0 0 0 0 0 2 4 46 344 8 0 0 1 0 0 0 0 16 254 337 49 0 0 0 0 0 0 0 0 0 0 5 31 2 0 0 0 0 0 0 0 0 0 0 0 0 0 0 0 0
0 1 1 2 0 2 1 20 3 1 3 10 2 1 1 66 18 16 0 6 0 0 0 1 0 0 0 8 4 5 13 5 8 4 0 3 2 0 0 3 8 2 0 2 2 0 1 0 0 1 0 59 1 7 23 1 4 0 0 0 0 0 0 0 0 0 0 0 0 0 0 0 0 0 0 0 4 14 0 0 0 0 0 0 0 0 0 0 14 2 3 0 0 15 0 0 0 1 9 4 0 1 6 5 3 7 11 33 101 0 0 0 0 0 8 0 0 0 47 138 157 101 1 0 2 23 0 0 0 28 70 24 35 3 0 0 0 0 0 0 0 0 0 0 0 0 0 0 0 0
0 0 0 0 0 1 3 0 0 0 1 2 2 5 1 16 48 17 2 1 1 1 1 2 0 2 1 0 1 1 0 0 0 2 4 0 0 0 0 2 1 12 7 1 0 2 2 0 0 0 10 20 13 24 30 15 3 0 0 0 0 0 0 0 0 0 0 0 0 0 0 0 0 1 0 0 0 29 51 2 1 4 0 0 0 0 0 67 8 0 3 1 4 1 0 4 0 0 6 2 11 6 10 8 4 2 13 15 33 3 0 0 0 6 18 40 102 267 60 130 257 63 0 7 173 37 0 0 0 45 105 0 0 0 0 0 0 0 0 0 0 0 0 0 0 0 0 0 0 0
0 0 0 0 0 0 1 1 3 1 8 45 7 7 0 0 2 19 2 0 0 0 0 5 2 2 2 1 19 0 0 0 0 0 2 0 2 0 2 0 0 8 11 1 4 1 2 0 0 0 0 31 46 1 0 1 0 0 0 0 0 0 0 0 0 0 0 0 0 0 0 0 0 0 0 2 0 15 32 6 0 0 0 0 0 0 4 6 1 0 0 1 3 3 0 0 2 0 1 1 0 0 1 4 21 0 4 14 17 4 0 0 0 0 59 254 392 310 39 22 45 46 84 203 148 0 0 1 4 281 49 0 0 0 0 0 0 0 0 0 0 0 0 0 0 0 0 0 0 0
0 0 0 0 0 3 1 3 0 0 5 18 0 0 1 1 0 0 3 0 0 0 0 4 1 5 0 2 1 0 0 0 0 0 0 0 0 0 8 2 0 0 1 0 2 2 0 0 0 0 1 55 4 7 0 2 1 2 1 1 0 0 0 0 0 0 0 0 0 0 0 0 0 0 0 0 0 7 56 24 5 8 9 0 0 1 3 0 3 2 0 0 1 5 0 0 1 0 0 10 2 1 2 12 4 1 14 3 35 1 0 1 12 10 30 16 8 30 292 162 17 233 442 332 259 136 53 59 372 593 290 13 0 0 0 0 0 0 0 0 0 0 0 0 0 0 0 0 0 0
0 0 2 0 0 1 0 2 0 11 36 7 0 18 8 2 0 0 0 0 0 0 0 0 0 16 19 0 0 0 0 5 15 0 0 0 0 0 1 11 1 2 0 0 0 0 1 2 2 2 5 213 24 3 0 0 0 2 0 0 0 0 0 0 0 0 0 0 0 0 0 0 0 0 0 0 3 23 33 0 0 14 18 0 0 0 0 0 8 6 0 1 1 6 1 10 8 0 0 13 12 0 1 4 9 31 3 0 76 34 1 14 6 5 7 14 6 146 122 326 316 402 469 437 859 436 260 336 353 356 207 2 0 0 0 0 0 0 0 0 0 0 0 1 0 0 0 0 0 0
0 0 0 0 0 2 0 1 1 0 1 0 0 0 4 11 0 1 0 1 0 0 0 0 25 2 6 1 1 0 0 3 0 1 1 2 1 1 1 0 0 0 2 0 1 1 2 0 3 20 338 330 6 62 4 2 5 0 2 1 2 1 0 0 0 0 0 0 0 0 0 0 0 0 0 1 3 0 1 0 0 1 1 0 0 0 0 0 1 1 0 0 7 0 0 0 0 0 4 3 14 6 11 0 23 12 17 26 4 5 26 4 6 12 12 9 3 32 229 718 826 434 222 717 928 363 107 289 236 15 33 33 0 0 0 0 0 0 0 0 0 0 0 0 0 0 0 0 0 0
0 0 0 2 2 1 0 0 11 2 3 0 2 3 5 4 0 1 1 0 0 0 0 0 4 0 0 0 0 0 1 17 19 1 0 0 1 0 1 3 0 0 0 0 0 0 0 0 1 11 282 235 265 196 28 24 1 0 3 9 0 0 0 0 0 0 0 0 0 0 0 0 0 0 0 0 0 0 0 8 0 1 0 0 0 0 0 9 60 0 0 11 8 0 0 0 0 0 0 3 7 0 11 1 5 62 208 14 0 0 4 17 1 3 1 13 17 8 71 393 245 307 329 1827 974 247 107 130 8 262 278 375 0 0 0 0 0 0 0 0 0 0 0 0 0 0 0 0 0 0
3 3 1 8 0 1 24 2 24 2 6 31 3 3 0 1 0 0 0 0 0 0 0 0 0 0 3 1 0 0 0 9 6 0 0 1 3 0 0 0 0 0 0 2 0 0 0 1 1 0 126 232 236 144 62 27 0 0 0 1 2 0 0 0 0 0 0 0 0 0 0 0 0 0 1 2 0 0 0 36 0 2 3 0 0 0 0 17 48 2 2 10 41 0 0 0 0 0 0 0 2 28 6 26 9 4 2 11 0 0 0 0 2 6 0 6 0 0 7 44 184 203 278 450 468 477 187 263 153 269 176 136 0 0 0 0 0 0 0 0 0 0 0 0 0 0 0 0 0 0
2 2 1 3 1 4 12 4 4 0 1 8 1 0 0 0 0 0 0 0 0 0 2 0 0 0 0 2 0 0 3 0 1 0 0 0 0 0 0 0 0 0 0 0 0 1 2 1 0 0 32 71 133 21 11 20 4 0 2 1 0 1 0 0 0 1 0 0 0 0 0 0 0 0 0 0 0 0 1 0 3 2 0 0 0 0 25 40 28 7 4 122 116 17 3 0 0 0 0 15 46 1 15 188 18 0 5 2 17 1 0 0 7 19 1 0 2 13 10 16 75 390 327 247 116 288 363 589 118 77 45 66 0 0 0 0 0 0 0 0 0 0 0 0 0 0 0 0 0 0
0 1 5 0 1 1 3 16 5 7 3 6 0 0 0 0 0 0 1 0 0 0 0 0 0 0 0 0 2 0 0 0 0 0 0 0 0 0 0 0 0 0 0 0 0 1 0 0 0 4 1 7 65 9 16 0 1 34 44 2 1 0 4 0 0 0 0 0 0 0 0 0 0 0 0 0 0 0 0 0 0 3 8 13 2 10 1 0 14 34 88 80 89 2 13 2 0 2 5 20 39 165 121 382 220 22 6 2 5 5 0 0 3 0 1 3 2 29 16 210 185 328 1316 708 371 101 750 913 450 0 1 0 0 0 0 0 0 0 0 0 0 0 0 0 0 0 0 0 0 0
0 4 10 0 5 11 1 17 0 4 0 0 21 2 0 0 0 0 0 0 1 0 0 0 0 0 6 0 2 0 0 0 0 2 0 2 0 0 0 0 2 0 0 0 0 1 0 0 2 6 0 1 27 1 6 0 0 8 50 5 1 1 0 0 0 0 0 0 0 0 0 0 0 0 0 0 0 0 0 0 0 7 3 1 0 2 1 8 4 13 47 55 72 4 18 0 0 1 0 2 82 136 234 167 142 30 0 10 2 9 2 0 0 0 2 2 0 349 198 455 325 14 8 104 165 113 144 349 196 0 221 6 0 0 0 0 0 0 0 0 0 0 0 0 0 0 0 0 0 0
0 3 42 2 39 43 13 4 0 1 2 2 0 1 0 1 1 0 0 0 0 2 0 0 0 0 0 0 0 0 0 0 0 0 0 0 0 0 0 0 0 0 0 0 0 1 0 0 1 3 0 6 18 0 0 2 0 0 1 23 0 1 0 0 0 0 0 0 0 0 0 0 0 0 0 0 0 0 0 0 44 40 0 8 19 0 35 10 0 0 1 4 4 0 0 0 0 0 0 5 11 36 370 162 71 140 4 4 2 3 16 0 0 0 0 8 146 303 96 20 0 0 0 0 40 205 50 340 282 10 23 14 0 0 0 0 0 0 0 0 0 0 0 0 0 0 0 0 0 0
0 45 39 42 190 164 66 13 14 0 0 0 0 0 9 0 0 0 0 0 0 9 0 0 0 0 0 0 0 0 0 0 0 0 0 0 0 0 0 0 0 2 1 3 3 3 1 10 0 4 0 8 9 0 0 1 3 0 12 3 0 3 0 0 0 0 0 0 0 0 0 0 0 0 0 0 0 0 1 6 2 0 0 0 9 21 9 98 34 0 0 0 0 0 0 0 0 0 0 0 0 150 255 126 62 90 9 2 1 5 3 2 1 0 3 30 92 6 6 25 0 0 0 0 19 261 147 256 123 5 47 0 0 0 0 0 0 0 0 0 0 0 0 0 0 0 0 0 0 0
0 66 204 313 162 129 40 8 0 0 1 0 3 0 0 0 0 1 0 0 2 2 0 0 2 0 0 0 0 0 0 0 0 0 0 0 0 0 0 1 0 1 2 2 1 0 0 17 9 0 0 0 13 0 0 1 4 0 0 0 0 2 0 0 0 0 0 0 0 0 0 0 0 0 0 0 0 13 0 0 0 0 0 0 0 0 27 10 0 0 2 0 0 0 0 0 0 0 0 0 4 44 9 8 27 33 0 0 0 0 21 4 0 4 0 2 1 8 9 36 13 65 7 0 6 63 39 84 22 1 0 0 0 0 0 0 0 0 0 0 0 0 0 0 0 0 0 0 0 0
1 2 123 93 57 99 34 5 0 2 0 0 0 0 0 1 0 0 1 2 4 3 0 1 0 0 0 0 0 0 4 0 11 0 1 0 0 2 0 0 0 0 0 0 0 0 0 0 0 1 0 0 0 0 1 2 0 0 0 0 0 0 0 0 0 0 0 0 0 0 0 0 0 0 0 0 0 0 0 0 0 0 0 0 0 0 44 21 2 11 19 3 0 0 4 6 0 0 0 259 572 110 140 74 4 58 24 1 3 0 17 9 3 3 0 0 0 0 16 29 107 12 128 215 31 16 0 1 0 2 0 0 0 0 0 0 0 0 0 0 0 0 0 0 0 0 0 0 0 0
10 21 21 22 21 22 1 0 0 1 1 0 1 0 0 0 0 0 0 0 1 30 0 0 0 0 0 0 0 2 0 0 0 0 0 0 0 0 0 0 0 0 0 0 0 12 0 0 0 0 0 0 0 0 0 9 1 0 0 0 0 0 0 0 0 0 0 0 0 0 0 0 0 0 0 0 7 6 0 0 0 0 0 0 0 0 8 0 0 17 16 0 0 0 31 87 72 10 127 787 189 442 103 17 0 17 25 68 0 2 39 0 1 0 0 0 0 0 21 15 50 9 6 25 8 49 15 8 49 18 6 0 0 0 0 0 0 0 0 0 0 0 0 0 0 0 0 0 0 0
52 8 19 5 0 0 0 0 2 0 0 0 1 0 0 0 0 0 1 0 0 1 4 2 0 0 0 0 0 1 0 0 0 1 1 0 0 0 0 0 0 0 0 1 1 8 4 1 0 0 0 0 1 3 38 9 1 0 0 0 0 0 0 0 0 0 0 0 0 0 0 0 0 0 16 6 0 0 0 0 0 0 0 0 0 0 5 1 0 0 56 9 1 1 67 219 43 12 72 70 13 24 40 31 0 0 0 76 392 62 0 0 0 0 8 0 0 0 3 0 21 22 2 1 28 76 26 27 369 51 283 0 0 0 0 0 0 0 0 0 0 0 0 0 0 0 0 0 0 0
13 0 10 3 0 0 2 0 0 0 0 0 0 0 0 0 0 0 0 0 0 0 0 0 0 0 0 0 0 0 0 22 1 0 0 0 0 0 0 0 0 0 0 1 0 1 16 0 0 0 1 2 2 3 7 0 0 0 0 0 0 0 0 0 0 0 0 0 0 0 0 0 0 0 10 7 0 0 0 0 0 0 0 0 0 0 12 40 76 23 53 14 5 8 0 19 7 2 0 2 4 0 0 0 0 15 118 218 79 14 0 0 0 0 0 0 0 1 0 0 5 10 23 13 6 110 41 124 26 45 14 0 0 0 0 0 0 0 0 0 0 0 0 0 0 0 0 0 0 0
3 0 0 2 1 0 0 0 0 0 0 0 0 0 0 0 0 0 0 0 0 0 0 0 0 0 0 0 2 0 1 5 0 0 0 0 0 0 0 0 0 0 0 0 0 3 0 0 0 0 0 3 2 26 4 1 0 0 0 0 0 0 0 0 0 0 0 0 0 0 0 1 2 0 0 0 0 0 0 0 0 0 0 0 0 0 2 0 94 4 0 0 0 5 2 26 1 1 2 1 0 7 1 6 0 186 494 214 88 57 0 0 0 0 0 0 0 0 40 6 0 21 0 9 0 9 42 35 1 4 3 9 0 0 0 0 0 0 0 0 0 0 0 0 0 0 0 1 0 0
1 0 0 2 0 0 0 0 0 0 0 0 0 0 0 0 0 0 0 1 0 0 0 8 0 0 0 0 1 3 0 0 0 0 0 1 0 0 0 0 0 0 0 0 0 0 0 0 0 0 10 2 3 15 2 2 3 0 0 0 0 0 0 0 0 0 0 0 0 0 0 2 0 0 0 0 0 0 0 0 0 0 0 0 0 0 9 0 0 0 0 0 0 28 1 0 2 0 4 3 12 0 1 0 21 35 43 9 69 101 0 0 0 0 0 0 0 0 8 3 0 9 2 94 75 33 143 20 46 23 6 0 0 0 0 0 0 0 0 0 0 0 0 0 0 0 0 0 0 0
0 0 0 0 0 29 0 0 0 0 0 0 0 0 0 0 0 0 0 1 0 0 0 0 0 0 1 0 0 0 0 1 0 0 1 0 0 0 0 2 0 0 4 1 0 0 0 0 0 0 0 0 2 1 5 1 2 0 0 0 0 0 0 0 0 0 0 0 0 6 0 0 0 0 0 0 0 0 0 0 0 0 0 0 0 0 2 0 0 1 0 15 77 1 0 0 1 0 1 1 2 5 8 9 44 24 0 11 6 5 3 0 0 0 0 0 0 0 0 0 2 1 4 10 0 0 0 86 1 1 0 0 0 0 0 0 0 0 0 0 0 0 0 0 0 0 0 0 0 0
0 0 0 0 39 10 0 0 0 0 0 0 0 0 3 0 0 0 0 0 0 0 0 0 0 0 0 0 1 0 0 0 0 0 0 0 0 0 1 0 1 0 0 1 2 0 0 0 0 2 0 1 0 1 0 1 1 1 0 0 0 0 0 0 0 0 0 0 4 4 0 0 1 0 0 0 0 0 0 0 0 0 0 0 1 0 0 0 39 35 77 161 93 9 0 0 0 0 1 16 34 335 210 33 16 18 1 0 0 9 3 0 0 0 0 0 0 0 0 0 0 0 0 0 0 0 40 7 0 0 0 0 0 0 0 0 0 0 0 0 0 0 0 0 0 0 0 0 0 0
0 0 0 0 1 2 0 0 0 0 0 0 1 0 0 0 0 0 1 0 0 0 0 0 0 0 0 0 0 5 0 0 0 0 0 10 0 0 0 0 0 0 0 0 31 8 0 0 0 0 0 0 0 2 1 0 0 0 0 0 0 0 0 0 0 0 0 0 2 0 0 0 0 0 0 0 0 0 0 0 0 0 0 0 2 1 0 1 5 61 154 66 47 24 1 2 6 5 4 49 73 54 46 11 2 63 0 0 0 0 5 0 0 0 0 0 0 0 0 0 0 17 38 0 0 2 0 2 0 0 0 0 0 0 0 0 0 0 0 0 0 0 0 0 0 0 0 0 0 0
0 0 0 0 1 1 0 0 0 0 0 0 15 7 0 1 1 3 0 0 0 0 0 0 0 1 4 2 0 10 0 0 0 0 0 2 0 0 0 0 0 0 0 2 0 6 6 0 0 0 0 0 0 7 8 4 0 0 0 0 0 0 0 0 0 0 1 9 24 0 0 0 0 0 0 0 0 0 0 0 0 0 0 0 2 16 38 3 2 8 0 1 10 1 19 0 0 2 1 10 27 0 0 1 0 0 0 0 0 27 47 31 1 0 0 0 0 0 0 0 0 0 4 0 0 0 0 2 0 0 0 0 0 0 0 0 0 0 0 0 0 0 0 0 0 0 0 0 0 0
0 0 0 0 1 0 2 0 0 0 0 0 0 1 1 0 0 0 0 0 0 0 0 0 0 0 1 0 0 1 0 0 0 0 0 0 0 0 0 0 0 0 0 0 0 0 1 3 0 2 0 0 1 1 7 0 2 0 0 0 0 0 0 0 0 0 5 37 17 0 0 0 0 0 0 0 0 0 0 0 0 0 0 0 30 0 0 0 6 19 5 4 8 1 5 3 8 18 8 13 16 8 5 0 2 0 0 11 17 58 72 220 17 7 0 1 2 0 0 0 0 0 0 0 0 0 0 0 0 0 0 0 0 0 0 0 0 0 0 0 0 0 0 0 0 0 0 0 0 0
0 0 0 0 0 0 0 0 0 0 0 0 0 0 0 0 0 0 0 0 0 0 0 0 0 1 0 0 0 0 0 0 0 0 0 0 0 0 0 0 0 0 0 0 0 0 0 1 19 5 2 0 0 2 0 35 43 2 1 0 0 0 0 0 3 16 20 37 8 0 1 1 0 0 0 0 0 0 0 0 0 0 0 3 37 2 1 2 4 0 9 5 2 2 0 9 29 16 13 0 0 0 9 72 3 0 14 1 25 16 121 27 120 18 4 2 1 0 0 0 0 0 0 0 0 0 0 0 0 0 0 0 0 0 0 0 0 0 0 0 0 0 0 0 0 0 0 0 0 0
0 0 0 0 0 1 0 0 0 0 0 0 0 0 0 0 2 0 0 0 0 0 0 0 0 0 0 0 0 0 0 0 0 0 0 0 1 0 0 0 0 0 0 0 4 0 0 3 93 2 3 0 0 1 1 0 2 8 19 1 4 0 1 6 3 1 0 2 0 1 0 0 0 0 0 0 0 0 0 0 0 0 0 0 0 0 2 14 0 0 2 0 0 0 16 77 1 0 0 0 0 1 1 0 12 34 291 644 292 78 29 0 24 3 0 0 0 0 0 0 0 0 0 0 0 0 0 0 0 0 0 0 0 0 0 0 0 0 0 0 0 0 0 0 0 0 0 0 0 0
0 1 1 0 1 18 0 0 3 0 0 0 0 0 0 0 0 1 0 0 0 0 0 0 0 0 0 0 0 0 0 0 0 0 0 1 0 1 2 0 2 0 0 0 2 3 8 4 2 1 2 0 1 0 4 1 0 0 0 1 0 0 0 3 1 0 0 5 0 11 2 5 0 0 0 0 0 0 0 0 0 0 0 0 0 0 0 1 2 2 11 5 0 1 46 8 1 0 0 0 0 1 0 4 28 41 89 205 133 133 52 117 58 1 0 0 0 0 0 0 0 0 0 0 0 0 0 0 0 0 0 0 0 0 0 0 0 0 0 0 0 0 0 0 0 0 0 0 0 0
0 1 0 0 21 18 0 0 0 0 0 0 0 1 0 0 1 0 0 0 0 0 0 0 0 0 0 0 0 0 0 0 1 0 0 0 0 0 0 0 0 0 3 0 6 0 1 4 1 1 1 1 0 2 0 0 0 2 4 1 0 0 0 0 0 2 0 1 1 0 0 0 1 0 0 0 0 0 0 0 0 0 0 0 0 3 0 0 2 0 0 0 11 21 0 16 89 0 0 0 0 0 0 21 97 203 1 0 5 34 0 2 3 0 0 0 0 0 0 0 0 0 0 0 0 0 0 0 0 0 0 0 0 0 0 0 0 0 0 0 0 0 0 0 0 0 0 0 0 0
1 0 0 0 0 2 0 0 3 0 0 0 0 0 0 0 0 0 0 1 0 0 0 0 0 0 0 0 0 0 0 0 0 1 0 0 0 0 0 0 0 0 0 0 0 0 1 0 2 0 0 0 0 0 0 0 0 0 6 1 2 1 0 0 0 0 0 0 0 0 0 1 1 0 0 0 0 0 0 0 0 0 0 0 0 0 0 0 0 2 0 10 40 16 12 108 249 0 0 0 0 0 0 0 12 0 0 0 0 0 19 51 0 0 0 0 0 0 0 0 0 0 0 0 0 0 0 0 0 0 0 0 0 0 0 0 0 0 0 0 0 0 1 19 1 1 0 0 0 0
0 0 0 1 1 0 0 0 0 3 0 0 0 0 1 2 0 1 0 0 0 0 0 0 0 0 0 0 0 0 0 3 0 0 0 0 0 0 0 0 0 1 0 0 0 1 0 0 0 0 7 1 2 1 0 0 0 0 0 4 0 0 0 0 0 0 0 0 0 0 0 0 0 0 0 0 0 0 0 0 0 0 0 0 0 0 0 0 11 1 0 10 149 166 61 0 0 0 0 0 0 0 1 0 3 0 1 2 0 47 106 1 3 0 0 0 0 0 0 0 0 0 0 0 0 0 0 0 0 0 0 0 0 0 0 0 0 0 0 0 0 0 0 0 1 0 0 0 0 0
0 0 0 0 1 0 0 0 0 0 0 0 0 0 0 0 0 0 0 0 0 0 0 0 0 0 0 0 0 0 0 0 0 0 0 0 0 0 0 0 0 0 0 0 0 0 0 0 0 0 0 2 8 0 0 0 0 0 2 1 0 0 0 0 0 0 0 0 0 0 0 0 0 0 0 0 0 0 0 0 0 0 0 0 0 0 0 0 0 2 7 46 353 1 0 8 2 0 0 0 0 0 0 0 0 0 0 2 7 1 2 1 0 0 0 0 0 0 0 0 0 0 0 0 0 0 0 0 0 0 0 0 0 0 0 0 0 0 0 0 0 0 0 0 0 0 0 0 0 0
0 0 0 0 0 0 0 0 0 0 0 1 6 0 0 0 0 0 1 0 0 0 0 0 0 0 0 0 0 0 0 0 0 0 0 0 0 0 0 0 0 0 0 0 0 0 0 0 0 0 2 6 0 1 0 0 0 0 2 2 3 2 0 0 0 0 0 0 0 0 2 35 2 0 0 0 0 0 0 0 0 0 0 0 0 0 0 0 1 7 13 6 5 3 3 0 0 0 0 0 0 0 0 0 0 0 0 0 0 0 0 0 0 0 0 0 0 0 0 0 0 0 0 0 0 0 0 0 0 0 0 0 0 0 0 0 0 0 0 0 0 0 0 0 0 0 0 0 0 0
3 0 0 0 0 0 0 0 0 0 0 0 0 0 0 0 0 0 0 0 0 0 4 14 0 0 0 0 0 0 0 0 0 0 0 0 0 0 0 0 0 0 0 0 0 0 0 0 0 0 0 9 6 0 0 1 0 0 0 0 0 10 7 0 0 0 0 0 0 0 0 3 4 0 7 0 0 0 0 0 0 0 0 0 0 0 0 0 0 2 4 10 8 4 3 1 2 0 0 0 0 0 0 0 0 0 0 0 0 0 0 0 0 0 0 0 0 0 0 0 0 0 0 0 0 0 0 0 0 0 0 0 0 0 0 0 0 0 0 0 0 0 0 0 0 0 0 0 0 0
0 0 0 0 0 0 0 0 0 0 0 0 0 0 0 0 1 0 0 0 0 0 0 1 4 0 0 0 0 1 0 0 0 0 0 0 0 0 0 0 0 0 0 0 0 0 0 0 0 0 0 18 17 0 3 0 0 0 0 0 0 13 39 0 0 0 0 0 0 0 0 0 1 0 6 0 0 0 0 0 0 0 0 0 0 0 0 0 0 0 10 8 0 15 17 1 0 0 1 0 0 0 0 0 0 0 0 0 0 0 0 0 0 0 0 0 0 0 0 0 0 0 0 0 0 0 0 0 0 0 0 0 0 0 0 0 0 0 0 0 0 0 0 0 0 0 0 0 0 0
0 0 0 0 0 0 0 0 0 0 0 0 4 0 0 0 0 0 0 0 0 1 0 0 1 0 0 0 0 1 0 1 0 0 0 0 0 0 0 0 0 0 0 0 0 0 0 0 0 0 2 27 81 1 8 4 0 0 0 0 0 8 0 0 0 0 0 0 0 0 0 0 0 0 0 0 0 0 0 0 0 0 0 0 0 0 0 0 0 0 0 0 19 9 0 2 0 0 0 0 0 0 0 0 0 0 0 0 0 0 0 0 0 0 0 0 0 0 0 0 0 0 0 0 0 0 0 0 0 0 0 0 0 0 0 0 0 0 0 0 0 0 0 0 0 0 0 0 0 0
0 0 0 0 0 0 0 0 2 0 0 0 7 0 0 0 0 0 3 0 0 1 0 0 0 3 0 0 0 0 0 0 0 0 0 0 0 0 0 0 0 0 0 0 0 0 0 0 0 8 0 10 59 0 18 2 0 0 0 0 0 2 3 0 0 0 0 0 0 0 0 0 0 0 0 0 0 0 0 0 0 0 0 0 0 0 0 0 0 0 0 0 3 4 9 1 5 0 0 4 0 0 0 0 0 0 0 0 0 0 0 0 0 0 0 0 0 0 0 0 0 0 0 0 0 0 0 0 0 0 0 0 0 0 0 0 0 0 0 0 0 0 0 0 0 0 0 0 0 0
0 0 0 0 0 0 0 0 0 3 0 0 0 1 1 0 1 0 2 0 0 0 0 2 0 3 0 0 0 0 0 0 0 0 0 0 0 0 0 0 0 0 0 0 0 0 0 2 0 1 0 2 9 0 0 0 0 0 0 0 6 2 0 3 0 0 0 0 0 0 0 0 0 0 0 0 0 0 0 0 0 0 0 0 0 0 0 0 0 0 0 0 0 0 0 1 1 0 0 0 0 0 0 0 0 0 0 0 0 0 0 0 0 0 0 0 0 0 0 0 0 0 0 0 0 0 0 0 0 0 0 0 0 0 0 0 0 0 0 0 0 0 0 0 0 1 0 0 0 0
0 0 0 0 0 0 0 0 0 0 0 0 0 0 0 0 0 0 0 0 0 0 0 1 1 0 0 0 0 0 0 0 0 0 8 0 0 0 0 0 0 0 0 0 0 0 2 2 0 0 0 0 0 0 0 0 0 0 0 0 7 0 0 0 0 0 0 0 0 0 0 0 0 0 0 0 0 0 0 0 0 0 0 0 0 0 0 0 0 0 0 0 0 0 0 2 7 19 0 0 0 0 0 0 0 0 0 0 0 0 0 0 0 0 0 0 0 0 0 0 0 0 0 0 0 0 0 0 0 0 0 0 0 0 0 0 0 0 0 0 0 0 0 0 1 13 0 0 0 0
0 0 0 0 0 0 0 0 0 0 0 1 0 0 0 0 0 0 0 1 1 0 0 0 0 2 0 0 0 0 0 0 0 0 0 0 0 0 0 0 0 0 0 0 0 0 0 0 0 0 0 0 0 0 0 0 0 0 0 0 0 1 0 0 0 0 0 0 0 0 0 0 1 0 0 0 0 0 0 0 0 0 0 0 0 0 0 0 1 0 0 0 0 0 6 9 5 1 0 0 5 0 0 0 0 0 0 0 0 0 0 0 0 0 0 0 0 0 0 0 0 0 0 0 0 0 0 0 0 0 0 0 0 0 0 0 0 0 0 0 0 0 0 0 0 0 0 0 0 0
0 0 0 0 0 0 0 0 0 0 0 0 0 0 0 0 0 0 1 0 0 0 0 0 0 0 0 0 0 0 0 0 0 0 0 0 0 0 0 0 0 0 0 0 0 0 0 0 0 0 0 0 0 0 0 0 0 0 0 0 0 0 0 0 0 0 0 0 0 0 1 3 0 0 0 0 0 0 0 0 0 0 0 0 0 0 0 0 0 0 0 0 0 0 7 0 0 0 0 0 0 1 0 0 0 0 0 0 0 0 0 0 0 0 0 0 0 0 0 0 0 0 0 0 0 0 0 0 0 0 0 0 0 0 0 0 0 0 0 0 0 0 0 0 0 0 0 0 0 0
0 0 0 0 0 0 0 0 0 1 5 0 4 0 0 0 0 0 0 0 0 0 0 0 0 0 0 0 0 0 0 0 0 0 0 0 0 0 0 0 0 0 0 0 4 0 0 0 0 0 0 0 0 0 0 0 0 0 0 1 0 0 0 0 0 0 0 0 0 0 1 0 0 0 0 0 0 0 0 0 0 0 0 0 0 0 0 0 0 0 0 0 0 0 0 27 2 0 0 0 0 0 0 0 0 0 0 0 0 0 0 0 0 0 0 0 0 0 0 0 0 0 0 0 0 0 0 0 0 0 0 0 0 0 0 0 0 0 0 0 0 0 0 0 0 0 0 0 0 0
0 0 0 0 0 0 0 0 0 0 0 0 4 0 0 3 4 0 0 0 0 0 0 0 0 0 0 0 0 0 0 0 0 0 0 0 0 0 0 0 0 0 0 1 0 0 0 0 0 0 0 0 0 0 0 0 0 0 0 3 1 0 0 0 0 0 0 0 37 1 0 0 0 0 0 0 0 0 0 0 0 0 0 0 0 0 0 0 0 0 0 0 0 0 0 0 0 0 3 0 0 0 0 0 0 0 0 0 0 0 0 0 0 0 0 0 0 0 0 0 0 0 0 0 0 0 0 0 0 0 0 0 0 0 0 0 0 0 0 0 0 0 0 0 0 0 0 0 0 0
0 0 0 0 0 0 0 1 0 0 0 0 0 0 0 0 2 4 1 0 0 0 0 0 0 0 0 0 0 0 0 0 0 0 0 0 0 3 0 0 0 0 1 0 0 0 0 0 0 0 0 0 0 0 0 0 0 0 0 0 3 2 0 0 2 0 0 1 107 45 1 0 0 0 0 0 0 0 0 0 0 0 0 0 0 0 0 0 0 0 0 0 0 0 0 0 0 0 1 0 0 0 0 0 0 0 0 0 0 0 0 0 0 0 0 0 0 0 0 0 0 0 0 0 0 0 0 0 0 0 0 0 0 0 0 0 0 0 0 0 0 0 0 0 0 0 0 0 0 0
1 0 0 0 0 0 0 0 0 0 0 0 21 4 0 1 14 0 1 16 0 1 0 4 5 1 0 0 0 0 1 0 0 0 0 0 3 3 4 1 0 0 5 0 0 0 0 0 0 0 0 0 0 0 0 0 0 0 0 0 0 0 0 1 58 35 11 0 0 0 0 0 0 0 0 0 0 0 0 0 0 0 0 0 0 0 0 0 0 0 0 0 0 0 0 0 0 0 0 0 0 0 0 0 0 0 0 0 0 0 0 0 0 0 0 0 0 0 0 0 0 0 0 0 0 0 0 0 0 0 0 0 0 0 0 0 0 0 0 0 0 0 0 0 0 0 0 0 0 0
2 18 5 0 0 0 2 0 0 0 3 0 3 0 0 0 1 0 0 4 5 34 29 5 1 0 0 0 0 0 1 0 0 0 0 8 16 1 0 1 0 0 2 0 0 0 0 0 0 0 0 0 0 0 0 0 0 0 0 0 0 0 0 0 2 1 1 0 0 0 0 0 0 0 0 0 0 0 0 0 0 0 0 0 0 0 0 0 0 0 0 0 0 0 0 0 0 0 0 0 0 0 0 0 0 0 0 0 0 0 0 0 0 0 0 0 0 0 0 0 0 0 0 0 0 0 0 0 0 0 0 0 0 0 0 0 0 0 0 0 0 0 0 0 0 0 0 0 0 0
14 15 3 0 0 0 0 0 0 0 0 0 1 0 0 1 11 2 0 6 0 20 20 1 2 1 0 0 8 6 2 0 0 0 0 0 0 1 0 0 2 1 0 0 0 0 0 0 0 0 0 0 0 0 0 0 0 0 0 0 0 0 0 0 0 0 0 0 0 0 0 0 0 0 0 0 0 0 0 0 0 0 0 0 0 0 0 0 0 0 0 0 0 0 0 0 0 0 0 0 0 0 0 0 0 0 0 0 0 0 0 0 0 0 0 0 0 0 0 0 0 0 0 0 0 0 0 0 0 0 0 0 0 0 0 0 0 0 0 0 0 0 0 0 0 0 0 0 0 0
0 0 0 0 1 0 0 0 0 0 0 1 1 0 0 0 1 0 0 4 0 1 6 3 3 1 9 3 0 1 0 0 0 0 3 2 0 0 1 0 0 0 0 0 0 0 0 0 0 0 0 0 0 0 0 0 0 0 0 0 0 0 0 0 0 0 0 0 0 0 0 0 0 0 0 0 0 0 0 0 0 0 0 0 0 0 0 0 0 0 0 0 0 0 0 0 0 0 0 0 0 0 0 0 0 0 0 0 0 0 0 0 0 0 0 0 0 0 0 0 0 0 0 0 0 0 0 0 0 0 0 0 0 0 0 0 0 0 0 0 0 0 0 0 0 0 0 0 0 0
0 0 0 0 0 0 0 0 0 0 0 0 0 1 0 0 0 0 1 1 0 0 0 1 0 5 2 3 12 0 1 0 0 3 2 0 0 0 0 0 0 0 0 0 0 0 0 0 0 0 0 0 0 0 0 0 0 0 0 0 0 0 0 0 0 0 0 0 0 0 0 0 0 0 0 0 0 0 0 0 0 0 0 0 0 0 0 0 0 0 0 0 0 0 0 0 0 0 0 0 0 0 0 0 0 0 0 0 0 0 0 0 0 0 0 0 0 0 0 0 0 0 0 0 0 0 0 0 0 0 0 0 0 0 0 0 0 0 0 0 0 0 0 0 0 0 0 0 0 0
0 0 0 0 0 0 0 0 0 0 0 0 0 0 0 1 0 0 0 0 0 0 1 0 1 0 1 6 59 26 3 6 3 21 2 0 0 0 0 0 0 0 0 0 0 0 0 0 0 0 0 0 0 0 0 0 0 0 0 0 0 0 0 0 0 0 0 0 0 0 0 0 0 0 0 0 0 0 0 0 0 0 0 0 0 0 0 0 0 0 0 0 0 0 0 0 0 0 0 0 0 0 0 0 0 0 0 0 0 0 0 0 0 0 0 0 0 0 0 0 0 0 0 0 0 0 0 0 0 0 0 0 0 0 0 0 0 0 0 0 0 0 0 0 0 0 0 0 0 0
0 0 0 0 0 0 0 0 0 0 0 0 0 0 0 0 0 0 0 0 0 0 0 0 0 5 3 5 1 2 5 0 0 5 0 0 1 0 0 0 0 0 0 0 0 0 0 0 0 0 0 0 0 0 0 0 0 0 0 0 0 0 0 0 0 0 0 0 0 0 0 0 0 0 0 0 0 0 0 0 0 0 0 0 0 0 0 0 0 0 0 0 0 0 0 0 0 0 0 0 0 0 0 0 0 0 0 0 0 0 0 0 0 0 0 0 0 0 0 0 0 0 0 0 0 0 0 0 0 0 0 0 0 0 0 0 0 0 0 0 0 0 0 0 0 0 0 0 0 0
0 0 0 0 0 0 0 3 0 0 0 0 0 0 0 0 0 0 0 0 0 0 0 0 4 0 10 0 0 0 6 17 4 0 0 0 0 0 0 0 0 0 0 0 0 0 0 0 0 0 0 0 0 0 0 0 0 0 0 0 0 0 0 0 0 0 0 0 0 0 0 0 0 0 0 0 0 0 0 0 0 0 0 0 0 0 0 0 0 0 0 0 0 0 0 0 0 0 0 0 0 0 0 0 0 0 0 0 0 0 0 0 0 0 0 0 0 0 0 0 0 0 0 0 0 0 0 0 0 0 0 0 0 0 0 0 0 0 0 0 0 0 0 0 0 0 0 0 0 0
0 0 0 0 0 0 0 0 0 0 0 1 0 3 0 0 0 0 0 0 0 0 0 0 0 0 0 0 0 0 0 0 8 0 0 0 1 3 0 0 0 0 0 0 0 0 0 0 0 0 0 0 0 0 0 0 0 0 0 0 0 0 0 0 0 0 0 0 0 0 0 0 0 0 0 0 0 0 0 0 0 0 0 0 0 0 0 0 0 0 0 0 0 0 0 0 0 0 0 0 0 0 0 0 0 0 0 0 0 0 0 0 0 0 0 0 0 0 0 0 0 0 0 0 0 0 0 0 0 0 0 0 0 0 0 0 0 0 0 0 0 0 0 0 0 0 0 0 0 0
0 0 0 0 0 0 0 0 0 0 1 1 0 0 0 0 0 0 0 0 0 0 0 0 0 0 0 16 1 1 2 0 0 0 0 0 0 0 0 0 0 0 0 0 0 0 0 0 0 0 0 0 0 0 0 0 0 0 0 0 0 0 0 0 0 0 0 0 0 0 0 0 0 0 0 0 0 0 0 0 0 0 0 0 0 0 0 0 0 0 0 0 0 0 0 0 0 0 0 0 0 0 0 0 0 0 0 0 0 0 0 0 0 0 0 0 0 0 0 0 0 0 0 0 0 0 0 0 0 0 0 0 0 0 0 0 0 0 0 0 0 0 0 0 0 0 0 0 0 0
0 0 0 0 0 0 0 0 0 0 0 0 0 0 0 0 0 0 0 0 0 0 0 0 0 0 0 2 0 0 0 0 2 18 0 0 0 0 0 0 0 0 0 0 0 0 0 0 0 0 0 0 0 0 0 0 0 0 0 0 0 0 0 0 0 0 0 0 0 0 0 0 0 0 0 0 0 0 0 0 0 0 0 0 0 0 0 0 0 0 0 0 0 0 0 0 0 0 0 0 0 0 0 0 0 0 0 0 0 0 0 0 0 0 0 0 0 0 0 0 0 0 0 0 0 0 0 0 0 0 0 0 0 0 0 0 0 0 0 0 0 0 0 0 0 0 0 0 0 0
0 0 0 0 0 0 0 0 0 0 0 0 0 0 0 0 0 0 0 0 0 0 0 0 0 0 0 0 0 0 0 0 0 0 0 0 0 0 0 0 0 0 0 0 0 0 0 0 0 0 0 0 0 0 0 0 0 0 0 0 0 0 0 0 0 0 0 0 0 0 0 0 0 0 0 0 0 0 0 0 0 0 0 0 0 0 0 0 0 0 0 0 0 0 0 0 0 0 0 0 0 0 0 0 0 0 0 0 0 0 0 0 0 0 0 0 0 0 0 0 0 0 0 0 0 0 0 0 0 0 0 0 0 0 0 0 0 0 0 0 0 0 0 0 0 0 0 0 0 0
0 0 0 0 0 0 0 0 0 1 1 0 0 0 0 0 0 0 0 0 0 0 0 0 0 0 0 0 0 0 0 0 0 0 0 0 0 0 0 0 0 0 0 0 0 0 0 0 0 0 0 0 0 0 0 0 0 0 0 0 0 0 0 0 0 0 0 0 0 0 0 0 0 0 0 0 0 0 0 0 0 0 0 0 0 0 0 0 0 0 0 0 0 0 0 0 0 0 0 0 0 0 0 0 0 0 0 0 0 0 0 0 0 0 0 0 0 0 0 0 0 0 0 0 0 0 0 0 0 0 0 0 0 0 0 0 0 0 0 0 0 0 0 0 0 0 0 0 0 0
0 0 0 0 0 0 0 0 0 0 1 0 0 0 0 0 0 0 0 0 0 0 0 0 0 0 0 0 0 0 0 0 0 0 0 0 0 0 0 0 0 0 0 0 0 0 0 0 0 0 0 1 0 0 0 6 0 0 0 0 0 0 0 0 0 0 0 0 0 0 0 0 0 0 0 0 0 0 0 0 0 0 0 0 0 0 0 0 0 0 0 0 0 0 0 0 0 0 0 0 0 0 0 0 0 0 0 0 0 0 0 0 0 0 0 0 0 0 0 0 0 0 0 0 0 0 0 0 0 0 0 0 0 0 0 0 0 0 0 0 0 0 0 0 0 0 0 0 0 0
0 0 0 0 0 0 0 0 4 29 0 0 0 0 0 0 0 0 0 0 0 0 0 0 0 0 0 0 0 0 0 0 0 0 0 0 0 0 0 0 0 0 0 0 0 0 0 0 0 0 1 0 0 0 0 0 0 0 0 0 0 0 0 0 0 0 0 0 0 0 0 0 0 0 0 0 0 0 0 0 0 0 0 0 0 0 0 0 0 0 0 0 0 0 0 0 0 0 0 0 0 0 0 0 0 0 0 0 0 0 0 0 0 0 0 0 0 0 0 0 0 0 0 0 0 0 0 0 0 0 0 0 0 0 0 0 0 0 0 0 0 0 0 0 0 0 0 0 0 0
0 0 0 0 0 2 7 6 0 0 0 0 0 0 0 0 0 0 0 0 0 0 0 0 0 0 0 0 0 0 0 0 0 0 0 0 0 0 0 0 0 0 0 0 0 0 0 0 0 16 20 0 0 0 0 0 0 0 0 0 0 0 0 0 0 0 0 0 0 0 0 0 0 0 0 0 0 0 0 0 0 0 0 0 0 0 0 0 0 0 0 0 0 0 0 0 0 0 0 0 0 0 0 0 0 0 0 0 0 0 0 0 0 0 0 0 0 0 0 0 0 0 0 0 0 0 0 0 0 0 0 0 0 0 0 0 0 0 0 0 0 0 0 0 0 0 0 0 0 0
0 0 0 0 0 0 5 7 0 0 0 0 0 0 0 0 0 0 0 0 0 0 0 0 0 0 0 0 0 0 0 0 0 0 0 0 0 0 0 0 0 0 0 0 0 0 0 0 0 0 0 0 0 0 0 0 0 0 0 0 0 0 0 0 0 0 0 0 0 0 0 0 0 0 0 0 0 0 0 0 0 0 0 0 0 0 0 0 0 0 0 0 0 0 0 0 0 0 0 0 0 0 0 0 0 0 0 0 0 0 0 0 0 0 0 0 0 0 0 0 0 0 0 0 0 0 0 0 0 0 0 0 0 0 0 0 0 0 0 0 0 0 0 0 0 0 0 0 0 0
0 0 0 0 0 0 0 0 0 0 0 0 0 0 0 0 0 0 0 0 0 0 0 0 0 0 0 0 0 0 0 0 0 0 0 0 0 0 0 0 0 0 0 0 0 0 0 0 1 0 0 0 1 14 0 0 0 0 0 0 0 0 0 0 0 0 0 0 0 0 0 0 0 0 0 0 0 0 0 0 0 0 0 0 0 0 0 0 0 0 0 0 0 0 0 0 0 0 0 0 0 0 0 0 0 0 0 0 0 0 0 0 0 0 0 0 0 0 0 0 0 0 0 0 0 0 0 0 0 0 0 0 0 0 0 0 0 0 0 0 0 0 0 0 0 0 0 0 0 0
0 0 0 0 0 0 0 0 0 0 0 0 0 0 0 0 0 0 0 0 0 0 0 0 0 0 0 0 0 0 0 0 0 0 0 0 0 0 0 0 0 0 0 0 0 0 0 0 0 0 0 0 1 1 0 0 0 0 0 0 0 0 0 0 0 0 0 0 0 0 0 0 0 0 0 0 0 0 0 0 0 0 0 0 0 0 0 0 0 0 0 0 0 0 0 0 0 0 0 0 0 0 0 0 0 0 0 0 0 0 0 0 0 0 0 0 0 0 0 0 0 0 0 0 0 0 0 0 0 0 0 0 0 0 0 0 0 0 0 0 0 0 0 0 0 0 0 0 0 0
0 0 0 0 0 0 0 0 0 0 0 0 0 0 0 0 0 0 0 0 0 0 0 0 0 0 0 0 0 0 0 0 0 0 0 0 0 0 0 0 0 0 0 0 0 0 0 0 0 0 0 0 0 0 0 0 0 0 0 0 0 0 0 0 0 0 0 0 0 0 0 0 0 0 0 0 0 0 0 0 0 0 0 0 0 0 0 0 0 0 0 0 0 0 0 0 0 0 0 0 0 0 0 0 0 0 0 0 0 0 0 0 0 0 0 0 0 0 0 0 0 0 0 0 0 0 0 0 0 0 0 0 0 0 0 0 0 0 0 0 0 0 0 0 0 0 0 0 0 0
0 0 0 0 0 0 0 0 0 0 0 0 0 0 0 0 0 0 0 0 0 0 0 0 0 0 0 0 0 0 0 0 0 0 0 0 0 0 0 0 0 0 0 0 0 0 0 0 0 0 0 0 0 0 0 0 0 0 0 0 0 0 0 0 0 0 0 0 0 0 0 0 0 0 0 0 0 0 0 0 0 0 0 0 0 0 0 0 0 0 0 0 0 0 0 0 0 0 0 0 0 0 0 0 0 0 0 0 0 0 0 0 0 0 0 0 0 0 0 0 0 0 0 0 0 0 0 0 0 0 0 0 0 0 0 0 0 0 0 0 0 0 0 0 0 0 0 0 0 0
0 0 0 0 0 0 0 0 0 0 0 0 0 0 0 0 0 0 0 0 0 0 0 0 0 0 0 0 0 1 2 0 0 0 1 0 0 0 0 0 0 0 0 0 0 0 0 0 0 0 0 0 0 2 0 0 0 0 0 0 0 0 0 0 0 0 0 0 0 0 0 0 0 0 0 0 0 0 0 0 0 0 0 0 0 0 0 0 0 0 0 0 0 0 0 0 0 0 0 0 0 0 0 0 0 0 0 0 0 0 0 0 0 0 0 0 0 0 0 0 0 0 0 0 0 0 0 0 0 0 0 0 0 0 0 0 0 0 0 0 0 0 0 0 0 0 0 0 0 0
0 0 0 0 0 0 0 0 0 0 0 0 0 0 0 0 0 0 0 0 0 0 0 0 0 0 0 0 0 0 0 10 1 0 0 0 1 0 0 0 0 0 0 0 0 0 0 0 0 0 0 0 0 0 0 0 0 0 0 0 0 0 0 0 0 0 0 0 0 0 0 0 0 0 0 0 0 0 0 0 0 0 0 0 0 0 0 0 0 0 0 0 0 0 0 0 0 0 0 0 0 0 0 0 0 0 0 0 0 0 0 0 0 0 0 0 0 0 0 0 0 0 0 0 0 0 0 0 0 0 0 0 0 0 0 0 0 0 0 0 0 0 0 0 0 0 0 0 0 0
0 0 0 0 0 0 0 0 0 0 0 0 0 0 0 0 0 0 0 0 0 0 0 0 0 0 0 0 0 0 1 4 0 0 0 0 0 0 0 0 0 0 0 0 0 0 0 0 0 0 0 0 0 0 0 0 0 0 0 0 0 0 0 0 0 0 0 0 0 0 0 0 0 0 0 0 0 0 0 0 0 0 0 0 0 0 0 0 0 0 0 0 0 0 0 0 0 0 0 0 0 0 0 0 0 0 0 0 0 0 0 0 0 0 0 0 0 0 0 0 0 0 0 0 0 0 0 0 0 0 0 0 0 0 0 0 0 0 0 0 0 0 0 0 0 0 0 0 0 0
0 0 0 0 0 0 0 0 0 0 0 0 0 0 0 0 0 0 0 0 0 0 0 0 0 0 2 0 0 2 0 0 0 0 0 0 0 0 0 0 0 0 0 0 0 0 0 0 0 0 0 0 0 0 0 0 0 0 0 0 0 0 0 0 0 0 0 0 0 0 0 0 0 0 0 0 0 0 0 0 0 0 0 0 0 0 0 0 0 0 0 0 0 0 0 0 0 0 0 0 0 0 0 0 0 0 0 0 0 0 0 0 0 0 0 0 0 0 0 0 0 0 0 0 0 0 0 0 0 0 0 0 0 0 0 0 0 0 0 0 0 0 0 0 0 0 0 0 0 0
0 0 0 0 0 0 0 0 0 0 0 0 0 0 0 0 0 0 0 0 0 0 0 0 0 0 0 0 0 33 13 0 0 0 0 0 0 0 0 0 0 0 0 0 0 0 0 0 0 0 0 0 0 0 0 0 0 0 0 0 0 0 0 0 0 0 0 0 0 0 0 0 0 0 0 0 0 0 0 0 0 0 0 0 0 0 0 0 0 0 0 0 0 0 0 0 0 0 0 0 0 0 0 0 0 0 0 0 0 0 0 0 0 0 0 0 0 0 0 0 0 0 0 0 0 0 0 0 0 0 0 0 0 0 0 0 0 0 0 0 0 0 0 0 0 0 0 0 0 0
0 0 0 0 0 0 0 0 0 0 0 0 0 0 0 0 0 0 0 0 0 0 0 0 0 0 1 0 0 0 0 0 0 0 0 0 0 0 0 0 0 0 0 0 0 0 0 0 0 17 0 0 0 0 0 0 0 0 0 0 0 0 0 0 0 0 0 0 0 0 0 0 0 0 0 0 0 0 0 0 0 0 0 0 0 0 0 0 0 0 0 0 0 0 0 0 0 0 0 0 0 0 0 0 0 0 0 0 0 0 0 0 0 0 0 0 0 0 0 0 0 0 0 0 0 0 0 0 0 0 0 0 0 0 0 0 0 0 0 0 0 0 0 0 0 0 0 0 0 0
0 0 0 0 0 0 0 0 0 0 0 0 0 0 0 0 0 0 0 0 0 0 0 0 0 0 14 0 0 0 0 0 0 0 0 0 0 0 0 0 0 0 0 0 0 0 0 0 0 0 0 0 0 0 0 0 0 0 0 0 0 0 0 0 0 0 0 0 0 0 0 0 0 0 0 0 0 0 0 0 0 0 0 0 0 0 0 0 0 0 0 0 0 0 0 0 0 0 0 0 0 0 0 0 0 0 0 0 0 0 0 0 0 0 0 0 0 0 0 0 0 0 0 0 0 0 0 0 0 0 0 0 0 0 0 0 0 0 0 0 0 0 0 0 0 0 0 0 0 0
0 0 0 0 0 0 0 0 0 0 0 0 0 0 0 0 0 0 0 0 0 0 0 0 0 0 0 1 2 0 0 0 0 0 0 0 0 0 0 0 0 0 0 0 0 0 0 0 0 0 0 0 0 0 0 0 0 0 0 0 0 0 0 0 0 0 0 0 0 0 0 0 0 0 0 0 0 0 0 0 0 0 0 0 0 0 0 0 0 0 0 0 0 0 0 0 0 0 0 0 0 0 0 0 0 0 0 0 0 0 0 0 0 0 0 0 0 0 0 0 0 0 0 0 0 0 0 0 0 0 0 0 0 0 0 0 0 0 0 0 0 0 0 0 0 0 0 0 0 0
0 0 0 0 0 0 0 0 0 0 0 0 0 0 0 0 0 0 0 0 0 0 0 0 0 0 0 0 0 0 0 0 0 0 0 0 0 0 0 0 0 0 0 0 0 0 0 0 0 0 0 0 0 0 0 0 0 0 0 0 0 0 0 0 0 0 0 0 0 0 0 0 0 0 0 0 0 0 0 0 0 0 0 0 0 0 0 0 0 0 0 0 0 0 0 0 0 0 0 0 0 0 0 0 0 0 0 0 0 0 0 0 0 0 0 0 0 0 0 0 0 0 0 0 0 0 0 0 0 0 0 0 0 0 0 0 0 0 0 0 0 0 0 0 0 0 0 0 0 0
0 0 0 0 0 0 0 0 0 0 0 0 0 0 0 0 0 0 0 0 0 0 0 0 0 0 0 0 0 0 0 0 0 0 0 0 0 0 0 0 0 0 0 0 0 0 0 0 0 0 0 0 0 0 0 0 0 0 0 0 0 0 0 0 0 0 0 0 0 0 0 0 0 0 0 0 0 0 0 0 0 0 0 0 0 0 0 0 0 0 0 0 0 0 0 0 0 0 0 0 0 0 0 0 0 0 0 0 0 0 0 0 0 0 0 0 0 0 0 0 0 0 0 0 0 0 0 0 0 0 0 0 0 0 0 0 0 0 0 0 0 0 0 0 0 0 0 0 0 0
0 0 0 0 0 0 0 0 0 0 0 0 0 0 0 0 0 0 0 0 0 0 0 0 0 0 0 0 0 0 0 0 0 0 0 0 0 0 0 0 0 0 0 0 0 0 0 0 0 0 0 0 0 0 0 0 0 0 0 0 0 0 0 0 0 0 0 0 0 0 0 0 0 0 0 0 0 0 0 0 0 0 0 0 0 0 0 0 0 0 0 0 0 0 0 0 0 0 0 0 0 0 0 0 0 0 0 0 0 0 0 0 0 0 0 0 0 0 0 0 0 0 0 0 0 0 0 0 0 0 0 0 0 0 0 0 0 0 0 0 0 0 0 0 0 0 0 0 0 0
0 0 0 0 0 0 0 0 0 0 0 0 0 0 0 0 0 0 0 0 0 0 0 0 0 0 0 0 0 0 0 0 0 0 0 0 0 0 0 0 0 0 0 0 0 0 0 0 0 0 0 0 0 0 0 0 0 0 0 0 0 0 0 0 0 0 0 0 0 0 0 0 0 0 0 0 0 0 0 0 0 0 0 0 0 0 0 0 0 0 0 0 0 0 0 0 0 0 0 0 0 0 0 0 0 0 0 0 0 0 0 0 0 0 0 0 0 0 0 0 0 0 0 0 0 0 0 0 0 0 0 0 0 0 0 0 0 0 0 0 0 0 0 0 0 0 0 0 0 0
0 0 0 0 0 0 0 0 0 0 0 0 0 0 0 0 0 0 0 0 0 0 0 0 0 0 0 0 0 0 0 0 0 0 0 0 0 0 0 0 0 0 0 0 0 0 0 0 0 0 0 0 0 0 0 0 0 0 0 0 0 0 0 0 0 0 0 0 0 0 0 0 0 0 0 0 0 0 0 0 0 0 0 0 0 0 0 0 0 0 0 0 0 0 0 0 0 0 0 0 0 0 0 0 0 0 0 0 0 0 0 0 0 0 0 0 0 0 0 0 0 0 0 0 0 0 0 0 0 0 0 0 0 0 0 0 0 0 0 0 0 0 0 0 0 0 0 0 0 0
