0 0 17 5 0 0 0 1 20 59 3 5 0 8 0 0 0 1 3 0 3 0 0 0 1 6 0 0 0 0 0 0 1 12 7 2 0 0 0 2 0 1 0 1 5 0 0 0 0 0 0 0 0 0 1 4 0 0 3 2 41 21 1 1 2 7 10 0 0 0 0 3 14 319 145 277 110 15 56 8 20 259 33 37 62 122 150 103 24 154 644 465 113 420 446 576 718 492 551 156 158 78 12 20 40 41 49 360 126 25 12 12 4 53 89 31 20 21 0 2 4 36 7 7 1 29 0 1 10 11 0 9 1 3 2 0 1 0 0 0 6 0 0 0 3 0 0 0 0 27
0 3 4 9 0 0 0 0 0 16 1 8 6 2 0 0 0 1 7 0 0 3 25 0 4 19 0 9 0 0 0 0 0 0 0 4 0 8 3 0 0 0 0 0 0 0 0 0 0 0 0 0 0 1 5 0 0 0 0 32 102 21 5 128 6 0 0 0 0 0 0 4 55 36 16 13 45 45 7 55 111 55 3 11 107 156 235 111 223 216 49 32 379 361 159 241 670 332 619 566 189 162 25 22 15 3 3 18 43 9 8 6 5 8 45 37 2 19 1 159 2 7 6 0 1 1 1 6 18 36 30 3 34 22 39 0 0 0 5 99 30 0 0 0 1 0 0 0 0 0
0 1 0 0 59 0 0 0 0 0 0 3 16 3 0 0 0 0 1 1 1 4 54 19 15 0 0 4 0 0 0 0 0 6 0 2 0 0 0 8 3 0 0 0 0 0 0 0 0 0 0 0 0 0 3 0 0 1 1 6 12 16 5 14 0 0 0 0 0 0 0 4 4 0 1 0 2 42 189 174 75 46 1 22 19 155 334 131 2 15 175 22 231 287 584 467 186 262 192 391 410 251 51 52 10 12 4 16 164 133 20 9 2 11 1 11 5 41 29 16 72 37 7 6 5 1 3 6 0 29 12 3 43 77 0 0 3 0 14 36 8 3 0 0 0 0 0 0 0 0
25 4 0 0 0 0 0 0 0 0 1 1 0 0 0 0 0 0 3 1 0 0 3 7 2 1 4 15 6 0 2 0 0 0 0 0 0 1 0 6 1 0 0 0 0 0 0 0 0 0 2 0 0 0 42 20 0 13 28 3 0 0 8 9 0 0 0 0 0 1 10 75 11 1 0 4 10 56 197 354 154 92 27 96 98 22 67 221 2 201 730 624 985 544 576 343 140 174 396 376 466 397 100 11 28 98 42 22 209 96 11 28 25 17 1 9 20 53 37 17 21 70 9 4 0 0 0 4 18 2 0 3 25 0 6 0 25 0 1 8 53 9 0 0 0 0 0 0 0 0
0 15 0 0 0 0 0 0 2 2 0 0 0 0 0 20 6 3 0 0 1 0 2 0 1 0 0 0 0 0 1 0 3 0 0 10 5 0 0 0 14 0 0 0 0 0 0 0 0 10 0 0 1 2 30 140 27 29 2 0 1 0 0 30 0 0 0 0 0 12 70 40 108 94 30 83 52 160 249 395 186 239 251 11 143 65 42 51 12 286 825 582 399 726 341 175 81 553 307 658 784 558 501 326 252 163 50 24 2 11 12 21 12 32 36 0 1 26 74 53 207 536 116 6 3 1 3 0 1 2 1 1 1 0 2 0 0 0 0 0 40 13 0 0 0 0 0 0 0 0
6 0 0 0 0 0 0 0 1 7 1 0 0 0 0 1 1 1 13 45 7 21 1 0 0 0 0 1 0 0 0 1 0 0 9 71 21 13 0 0 0 0 0 0 0 0 0 0 0 3 98 13 0 1 9 20 40 6 7 2 0 0 7 0 0 0 0 0 9 57 68 114 126 145 94 83 41 47 34 479 585 630 284 63 0 140 69 23 5 176 916 624 103 290 592 677 88 972 372 355 367 300 748 445 17 107 11 34 1 3 0 7 8 36 3 4 10 4 1 14 140 135 4 3 3 11 0 3 0 1 1 1 4 0 0 2 2 0 0 0 0 8 0 0 0 0 0 0 0 0
2 0 0 2 0 0 0 0 0 4 4 0 0 0 0 0 0 1 0 0 0 4 0 0 0 0 0 0 0 2 3 0 1 1 0 11 2 7 2 0 0 0 0 0 0 0 0 0 0 0 3 0 0 2 0 26 24 5 32 21 4 5 0 1 6 0 0 0 4 74 56 86 116 225 189 102 221 163 352 423 775 633 888 479 109 20 12 111 40 93 810 719 93 444 655 335 202 271 315 105 22 345 155 119 29 63 52 14 15 10 36 140 173 36 68 15 0 0 15 24 74 68 2 0 0 9 1 1 0 0 2 0 0 0 0 0 0 5 0 0 2 1 0 0 0 0 0 0 0 0
1 0 0 0 0 0 0 0 3 0 1 0 0 0 0 0 0 0 0 0 0 0 0 0 0 0 0 0 0 0 2 0 0 0 7 4 0 0 56 7 0 0 0 0 0 0 0 0 0 0 0 0 8 29 1 8 0 19 41 71 63 96 41 3 36 35 0 0 7 304 7 5 28 57 66 38 66 89 482 743 723 505 751 196 105 133 161 390 256 56 487 92 35 353 366 267 242 491 478 201 163 263 302 499 123 107 50 26 82 32 225 359 69 29 10 46 5 2 11 16 17 6 7 9 8 0 6 1 10 0 0 0 0 0 0 0 0 0 0 0 0 0 0 0 0 0 0 0 0 0
5 0 0 0 0 0 0 0 0 5 0 0 0 1 2 0 0 0 1 0 0 0 0 0 0 0 0 0 0 0 1 0 0 0 0 0 0 0 0 1 0 0 0 0 0 0 0 0 0 0 0 0 2 12 0 0 0 9 9 56 283 152 24 6 6 21 4 10 4 20 3 2 0 4 0 24 11 30 125 520 871 807 534 31 16 18 117 249 170 56 16 37 246 717 783 671 91 329 325 220 204 174 65 247 522 161 201 225 23 19 572 137 206 10 34 9 11 7 3 12 9 3 7 11 12 0 1 3 0 0 24 0 0 0 1 0 0 1 0 0 0 0 0 0 0 0 0 0 1 0
1 0 0 0 0 0 9 0 8 6 0 0 0 0 0 1 0 0 0 0 0 0 0 0 0 0 0 0 0 0 0 1 0 0 0 0 0 2 0 1 0 0 0 0 0 0 3 1 7 2 5 0 11 0 0 0 0 0 0 27 49 99 38 9 1 1 3 0 10 8 0 0 0 1 0 14 11 59 196 429 730 481 526 296 584 577 230 264 177 171 71 4 24 394 726 748 488 125 65 4 36 143 12 14 68 388 279 170 89 12 360 565 251 105 10 210 218 450 143 20 45 28 25 23 60 8 17 1 1 8 390 10 1 0 0 0 0 0 0 0 0 0 0 0 0 0 0 0 0 0
0 0 6 0 0 0 1 1 3 2 0 0 0 0 1 2 1 5 1 0 0 0 0 0 0 0 0 0 0 0 0 4 0 0 0 2 0 1 0 0 0 3 1 0 0 0 9 15 19 10 8 1 8 16 0 0 0 6 9 59 0 114 5 3 0 0 7 0 0 10 0 0 0 0 0 0 6 27 156 297 375 227 479 262 201 381 189 247 422 255 33 1 3 163 323 525 427 22 13 49 16 21 0 15 78 204 694 233 98 149 415 153 131 52 1 165 321 784 311 283 299 176 252 120 140 265 77 50 64 28 7 93 59 19 35 0 0 0 0 0 0 0 0 0 0 0 0 0 0 0
1 0 0 0 0 0 0 0 4 2 0 0 0 0 0 0 23 175 2 1 0 0 0 0 0 0 0 0 0 0 0 0 1 2 5 1 0 2 0 0 0 3 11 0 1 0 0 0 1 0 0 0 4 1 3 1 1 1 1 12 0 11 0 1 2 4 1 2 1 0 1 1 0 0 0 1 41 10 150 322 399 165 84 85 122 87 36 16 99 335 32 0 0 0 5 77 667 339 294 18 0 0 7 18 49 58 403 202 44 112 479 286 103 172 62 140 376 264 469 496 314 307 186 52 112 99 0 0 0 76 1 0 84 46 108 3 0 0 0 0 0 0 0 0 0 0 0 0 2 0
2 0 0 0 0 0 0 0 1 1 0 0 0 0 0 0 0 8 2 1 0 0 0 0 0 0 0 0 0 1 3 0 0 0 0 0 1 2 0 0 0 3 34 3 14 0 0 4 0 0 0 0 9 1 2 0 0 0 5 6 0 0 1 0 0 2 2 0 1 0 9 0 0 0 1 38 109 69 163 116 116 171 60 1 13 42 7 0 1 1 2 1 1 22 66 15 526 347 415 331 22 8 24 17 32 11 28 287 373 206 596 543 140 475 201 119 33 39 763 794 178 208 75 2 93 61 2 0 29 25 0 0 14 6 4 1 0 0 0 0 0 0 0 0 0 0 0 0 0 0
0 0 0 0 0 0 0 0 0 1 0 0 0 0 0 0 0 0 57 11 5 2 1 0 0 0 0 0 0 0 11 0 0 0 0 0 0 0 0 0 0 0 3 50 22 0 0 19 4 1 1 17 3 0 0 0 0 0 15 0 11 10 1 11 0 0 18 33 23 5 60 0 0 2 3 266 443 403 181 27 35 262 48 38 24 102 7 4 2 18 5 0 2 32 6 30 68 243 151 173 0 39 275 74 342 60 103 346 201 460 631 812 891 274 171 211 333 246 643 316 128 83 11 3 0 29 9 0 5 10 0 0 0 0 0 0 0 0 0 0 0 0 0 0 0 0 0 0 0 0
0 0 0 0 0 0 1 1 3 0 0 0 0 0 0 0 0 0 3 1 4 0 0 3 0 1 0 0 0 1 5 0 0 0 0 0 0 0 0 0 0 0 0 9 30 0 0 0 0 16 7 107 1 0 1 0 2 1 8 20 64 21 8 13 6 117 95 70 177 102 32 7 17 1 76 409 994 914 324 31 2 113 31 7 10 9 28 7 1 15 23 16 3 5 0 2 18 171 187 132 45 36 395 374 1056 858 1245 1092 653 603 703 518 491 593 384 220 123 73 55 76 118 104 28 12 0 36 44 5 12 12 0 0 0 0 0 0 0 0 0 0 0 0 0 0 0 0 0 0 0 0
0 0 0 0 0 0 1 12 24 5 0 0 0 0 0 0 4 0 0 5 0 7 2 3 0 0 0 0 1 3 0 0 0 0 0 0 0 0 0 0 0 0 2 0 1 31 0 0 0 14 38 67 4 0 0 5 29 70 4 63 13 16 6 23 42 65 84 38 57 80 129 71 79 182 357 657 983 627 306 39 4 4 0 0 0 0 12 226 4 43 1 7 0 0 1 11 30 10 14 11 12 1 906 489 427 740 653 292 475 756 933 715 1160 462 281 118 44 196 109 72 46 1 225 222 48 89 3 2 8 1 0 0 0 0 12 4 0 0 0 0 0 0 0 0 0 0 0 0 0 0
0 0 0 0 0 0 0 2 1 0 0 0 1 0 0 0 14 2 0 2 1 0 15 30 19 0 1 0 0 0 0 0 0 0 0 0 0 0 0 0 1 0 0 1 0 6 1 0 5 16 20 2 1 6 9 61 59 83 44 19 1 3 1 0 0 1 2 1 0 0 2 0 111 212 248 347 562 283 104 0 0 0 1 0 0 6 0 28 56 15 0 0 3 1 3 18 28 0 9 78 19 127 537 520 325 186 303 558 360 630 602 408 678 276 317 154 23 79 208 4 0 1 19 24 35 252 3 4 2 1 0 0 0 0 0 1 0 0 0 0 0 0 0 0 0 0 0 0 0 0
0 0 0 0 0 1 0 1 0 0 0 0 1 0 0 0 0 1 0 0 0 4 0 0 13 4 4 13 0 0 0 0 0 0 0 0 0 0 0 2 0 0 1 3 0 24 34 5 2 41 33 34 16 56 21 21 52 51 232 9 3 0 2 0 4 1 15 45 2 14 81 10 133 16 110 131 54 123 14 8 1 0 1 2 0 0 0 12 45 0 1 16 51 28 7 0 6 0 54 331 105 154 125 68 81 275 182 182 444 629 76 452 86 131 168 35 76 129 21 1 0 0 3 5 104 470 126 49 1 0 0 0 0 0 0 0 0 0 0 0 0 0 0 0 0 0 0 0 0 0
0 0 0 2 0 7 2 0 0 0 0 0 1 0 0 0 5 3 0 1 1 6 6 0 6 0 66 24 15 0 0 0 0 0 0 12 0 0 0 0 0 0 0 6 14 10 14 2 18 267 101 26 15 16 4 24 90 69 32 27 33 23 3 0 0 1 3 5 3 10 20 27 24 14 4 134 148 23 10 20 16 0 1 15 0 6 11 4 9 0 7 45 65 178 11 1 0 21 238 19 79 149 61 23 75 90 111 293 371 2 5 68 19 343 45 0 8 7 0 0 0 0 5 6 41 109 137 193 20 0 0 0 0 0 0 0 0 0 0 0 0 0 0 0 0 0 0 0 0 0
0 0 0 0 1 0 0 0 0 0 0 0 0 0 1 0 0 0 0 1 0 6 62 2 0 5 2 13 227 7 0 2 0 0 1 0 0 0 0 0 0 2 2 24 26 88 71 15 2 125 31 3 0 5 64 16 28 25 2 0 0 2 1 0 0 1 0 1 9 34 38 25 10 0 3 90 19 0 1 1 10 0 0 0 0 15 9 0 4 11 1 31 4 1 1 17 0 12 5 2 362 448 407 121 69 129 109 213 118 16 0 0 4 155 6 0 0 0 0 0 0 0 0 3 4 2 14 97 12 0 0 0 0 0 0 0 0 0 0 0 0 0 0 0 0 0 0 0 0 0
0 0 0 0 0 0 0 0 0 0 0 0 0 0 0 1 0 1 3 2 0 4 4 0 0 13 27 8 0 4 1 15 4 0 0 0 0 0 0 1 1 5 23 16 8 13 10 31 53 365 178 83 15 36 13 9 7 14 0 0 0 4 8 19 181 81 1 0 2 14 66 21 2 0 2 149 105 57 16 24 9 9 2 2 0 1 1 7 13 10 12 0 0 0 0 0 2 1 166 205 820 526 388 77 0 22 82 174 4 0 0 0 0 9 0 0 0 0 0 0 0 0 1 5 0 0 40 243 0 0 0 0 0 0 0 0 0 0 0 0 0 0 0 0 0 0 0 0 0 0
0 0 0 0 0 0 0 0 0 0 0 0 0 0 1 1 1 0 0 0 2 2 12 2 3 4 0 0 0 0 8 57 4 0 1 0 0 4 0 0 93 14 0 0 2 0 4 4 146 560 227 188 18 8 0 7 0 2 0 0 1 3 0 0 11 19 18 6 6 65 43 25 14 0 2 7 83 77 60 44 10 43 8 22 4 4 8 14 137 35 15 3 0 6 1 5 7 0 99 208 119 183 40 2 8 28 75 64 15 0 1 0 8 47 0 0 0 0 0 0 0 0 0 0 0 51 29 0 2 2 2 0 0 0 0 0 0 0 0 0 0 0 0 0 0 0 0 0 0 0
0 0 1 1 0 0 0 0 0 0 0 0 0 1 2 0 0 0 0 0 2 2 12 2 0 0 0 0 0 0 0 7 23 6 1 0 7 95 23 9 1 0 0 0 0 1 20 14 29 243 234 82 8 0 0 5 0 4 5 2 0 0 0 0 9 10 16 3 0 6 8 30 46 6 73 0 16 17 35 13 3 62 13 0 1 13 3 0 0 0 3 3 3 8 0 0 3 0 1 2 9 1 6 29 55 23 36 39 92 82 56 3 30 0 0 0 0 0 0 0 0 0 0 7 92 58 48 0 0 0 2 0 0 0 0 0 0 0 0 0 0 0 0 0 0 0 0 0 0 0
0 0 2 0 0 0 0 0 0 0 0 0 0 0 1 0 1 1 1 1 1 1 0 1 0 1 0 0 0 6 0 3 7 3 4 8 12 31 6 3 0 0 0 0 3 82 26 44 4 81 144 18 2 5 2 2 6 15 0 0 0 0 0 0 0 0 0 2 0 0 0 7 100 55 5 3 0 0 0 7 0 6 66 180 2 0 1 1 0 0 0 22 1 1 2 0 2 0 1 6 3 1 3 62 50 30 18 2 1 35 0 44 47 0 0 0 0 0 0 0 0 0 0 193 1 7 43 59 2 0 0 0 0 0 0 0 0 0 0 1 0 0 0 0 0 0 0 0 0 0
0 0 0 0 0 0 0 0 0 0 0 0 0 0 0 0 0 0 0 0 0 0 0 0 0 0 2 0 0 0 0 3 4 5 13 0 0 103 0 0 0 0 0 14 102 26 64 1 9 30 31 47 15 8 41 8 2 6 0 1 0 0 0 0 2 0 0 21 9 11 4 3 2 7 36 6 0 0 0 0 1 1 13 53 29 3 0 1 0 2 0 7 0 4 0 0 6 1 0 5 9 4 3 15 258 0 0 6 0 0 0 4 5 0 0 0 1 0 2 0 0 0 1 0 0 25 24 11 0 0 0 0 0 0 0 3 4 0 0 0 0 0 0 0 0 0 0 0 0 0
0 0 0 0 0 0 0 0 0 0 0 0 5 0 5 2 0 0 2 0 0 4 0 1 0 0 0 1 0 0 0 0 8 14 19 1 0 11 0 0 0 0 0 7 83 22 17 0 7 3 25 3 0 4 0 1 0 1 0 0 1 0 0 0 13 3 0 6 1 3 0 18 2 3 2 3 8 0 0 0 3 0 0 5 0 20 3 3 0 11 0 8 0 1 5 0 0 4 0 3 4 9 4 59 218 129 0 7 0 0 0 0 6 3 15 5 0 0 0 0 0 1 0 0 0 27 12 30 1 0 0 0 0 0 0 0 4 15 0 0 0 0 0 0 0 0 0 0 0 0
0 0 0 0 0 0 0 0 0 0 0 0 0 0 10 0 0 2 0 0 0 3 0 1 0 0 0 22 1 0 0 1 1 10 13 1 0 1 1 10 5 0 0 15 87 7 21 2 0 3 24 28 1 1 0 0 0 0 0 0 0 0 0 0 7 1 0 1 4 1 6 10 4 0 0 1 8 0 0 0 0 0 13 1 3 3 7 15 2 0 21 2 3 0 0 3 0 0 0 2 10 11 7 2 31 154 29 3 0 0 0 0 0 12 18 16 1 0 1 1 0 0 0 0 15 106 46 3 0 0 0 0 0 0 0 0 2 13 0 0 0 0 0 0 0 0 0 0 0 0
0 0 0 0 0 0 0 0 0 0 0 0 0 36 0 1 9 12 2 1 0 16 11 1 0 0 0 2 4 12 4 0 1 23 7 1 2 15 11 14 48 48 28 126 189 4 0 0 4 1 0 25 18 1 0 1 0 0 0 0 0 0 0 0 0 0 0 3 5 18 63 10 3 7 0 2 3 9 0 0 0 0 0 1 0 0 0 3 10 1 5 0 1 0 1 0 0 0 0 0 0 9 19 4 34 457 429 16 2 0 0 0 0 0 0 0 20 121 32 1 0 0 0 14 91 24 33 295 210 17 0 0 1 0 0 7 9 13 0 0 0 0 0 0 0 0 0 0 0 0
0 0 0 0 0 0 0 2 0 2 0 0 12 13 10 3 16 38 0 5 0 3 1 0 0 0 0 9 18 5 1 5 6 3 2 9 5 17 39 103 273 389 309 244 94 17 0 0 2 0 0 6 34 8 4 0 0 0 0 0 0 0 0 0 0 0 0 0 0 1 5 30 6 0 99 27 0 27 1 0 0 4 2 0 5 0 0 0 27 6 3 7 6 8 1 21 5 0 0 0 0 8 5 23 132 356 173 362 15 0 0 0 0 0 0 1 187 103 22 0 0 0 42 42 105 92 634 387 66 9 0 0 0 29 0 11 0 0 0 0 0 0 0 0 0 0 0 0 0 0
0 0 0 0 0 0 0 1 4 4 4 67 100 0 0 0 3 3 0 0 0 3 0 15 5 4 5 3 0 1 2 1 0 2 18 11 3 4 68 218 421 628 425 435 47 2 0 1 1 0 1 1 29 93 8 3 0 0 0 0 0 0 0 0 0 0 0 0 0 0 1 4 0 0 0 0 0 5 11 0 0 0 1 0 5 0 0 0 4 2 1 1 6 21 1 8 0 0 0 2 0 0 13 4 14 66 7 86 24 0 0 0 2 0 62 73 297 226 43 26 4 38 5 49 189 79 191 294 339 433 89 69 16 161 21 1 0 0 0 0 0 0 0 0 0 0 0 0 0 0
0 0 0 0 0 0 0 3 3 4 7 5 2 0 0 1 0 1 4 3 0 11 51 16 0 0 0 2 0 2 6 4 0 1 6 6 13 20 34 69 363 253 275 136 16 7 7 3 2 1 1 0 8 3 1 3 0 0 0 0 0 0 0 0 0 0 0 0 2 0 0 0 0 0 0 2 4 2 12 0 13 25 4 1 12 0 0 0 10 11 2 0 5 10 0 0 4 2 1 4 3 2 1 2 2 6 0 1 23 1 1 7 5 1 45 465 425 492 125 123 131 94 56 9 2 1 10 124 7 41 10 99 506 38 22 2 0 0 0 0 0 0 0 0 0 0 0 0 0 0
0 0 0 0 0 0 0 1 1 1 5 10 3 3 0 2 1 0 14 14 151 52 11 0 0 0 0 0 0 18 7 1 6 35 26 3 2 3 0 59 301 222 272 126 143 25 1 0 6 13 0 2 7 3 15 4 0 0 0 0 0 0 0 0 0 0 0 0 0 0 0 0 0 0 0 0 0 1 2 0 13 6 22 93 25 0 0 0 5 7 0 0 5 2 0 0 3 0 0 0 2 0 0 0 4 5 9 14 161 94 198 270 86 91 424 508 381 207 48 325 45 120 8 1 32 19 26 91 10 0 9 152 363 58 101 1 0 0 0 0 0 0 0 0 0 0 0 0 0 0
0 0 0 0 0 0 0 3 0 2 1 6 2 8 0 3 6 5 6 13 31 0 0 0 0 0 0 0 0 8 7 16 3 4 1 2 2 1 1 6 57 77 31 20 2 0 0 0 3 5 0 4 30 2 0 2 6 1 0 0 0 0 0 0 0 0 0 0 0 0 0 0 0 0 0 4 1 7 7 2 1 8 6 2 0 0 0 0 2 0 6 0 0 12 5 5 1 0 0 2 4 0 0 0 0 5 11 12 90 31 132 64 79 253 687 288 251 244 110 253 49 9 0 8 6 8 15 0 0 0 56 257 1 0 2 0 0 0 0 0 0 0 0 0 0 0 0 0 0 0
0 0 0 0 0 9 5 11 6 1 1 0 0 2 11 2 2 0 20 55 22 0 0 0 0 0 0 0 3 4 45 1 5 0 5 0 1 0 9 0 7 10 1 1 1 0 0 0 1 1 0 3 150 13 9 31 36 0 1 0 0 0 0 0 0 0 0 0 0 0 0 0 0 0 0 0 2 3 2 1 0 0 1 0 0 0 0 0 3 0 2 0 4 16 7 0 7 18 2 0 6 0 0 0 0 1 23 67 66 6 0 8 111 260 220 204 130 185 166 90 212 0 0 0 0 0 4 0 0 0 0 111 49 0 0 0 0 0 0 0 0 0 0 0 0 0 0 0 0 0
0 0 0 0 0 0 3 3 2 2 2 0 0 9 5 13 22 7 0 0 1 7 6 0 0 1 0 14 11 11 36 30 4 2 0 1 2 16 0 0 11 31 3 0 0 0 1 0 0 0 2 22 118 31 5 9 0 0 0 0 0 0 0 0 0 0 0 0 0 0 0 0 0 0 0 0 6 3 8 1 0 0 0 0 0 0 0 0 4 1 9 2 50 13 5 14 3 3 0 4 5 0 0 0 0 1 3 72 313 11 0 0 2 5 1 1 48 23 304 452 24 0 0 0 0 1 6 0 1 0 0 3 118 5 0 0 0 0 0 0 0 0 0 0 0 0 0 1 0 0
1 0 0 1 0 2 11 29 1 0 6 2 8 1 0 76 63 34 3 1 0 0 0 1 1 4 9 8 3 0 14 2 4 0 3 2 2 0 0 2 8 4 0 4 3 0 1 0 0 0 0 62 5 34 15 1 1 0 0 0 0 0 0 0 0 0 0 0 0 0 0 0 0 0 0 0 1 9 0 0 0 0 0 0 0 0 0 2 11 0 3 0 0 35 0 0 0 2 4 2 0 0 1 1 12 7 35 136 119 0 0 0 0 0 4 1 0 0 75 261 268 90 0 0 12 60 1 0 0 38 101 55 53 26 0 0 0 0 0 0 0 0 0 0 0 0 1 0 0 0
0 0 0 0 0 1 0 0 0 2 15 8 2 2 13 29 86 24 7 6 1 2 0 5 2 3 14 1 0 0 1 0 0 2 6 1 0 0 0 2 0 19 3 3 0 0 1 1 0 0 0 42 69 24 22 13 1 1 0 0 0 0 0 0 0 0 0 0 0 0 0 0 0 1 1 0 0 24 68 1 1 3 0 0 0 0 2 62 8 0 2 1 3 3 0 1 0 5 0 5 35 19 279 4 4 24 7 17 212 3 0 0 0 3 89 77 264 357 92 160 526 196 0 21 201 30 0 0 0 169 179 0 0 0 0 0 0 0 0 0 0 0 0 0 0 0 1 0 0 0
1 1 0 0 0 0 1 5 3 1 6 50 6 4 0 0 3 7 2 0 0 0 2 6 15 2 1 0 15 0 0 0 0 0 1 0 1 0 3 0 1 9 14 24 2 0 11 1 0 0 0 54 21 12 0 2 0 0 7 1 0 0 0 0 0 0 0 0 0 0 0 0 0 0 0 2 0 17 19 10 1 2 0 0 0 0 1 17 1 1 23 2 0 2 0 0 0 0 3 2 0 0 2 2 13 0 11 22 23 4 0 0 0 0 78 373 632 420 42 50 73 163 253 340 197 0 0 0 7 321 159 0 0 0 0 0 0 0 0 0 0 0 0 0 0 0 0 0 0 0
0 0 2 0 0 0 6 3 5 1 14 17 0 2 1 0 0 1 1 5 0 0 0 1 2 2 3 6 3 2 0 0 0 0 0 0 0 0 15 0 0 1 0 0 7 3 0 2 0 0 7 92 2 7 1 1 0 0 2 1 0 0 0 0 0 0 0 0 0 0 0 0 0 0 0 0 0 5 57 57 5 15 8 1 0 0 2 0 1 8 1 0 1 5 0 0 0 0 0 9 1 0 2 16 4 4 12 7 44 0 0 3 32 23 26 23 3 54 405 175 15 202 787 488 497 246 165 249 751 1134 725 21 0 0 0 0 0 0 0 0 0 0 0 0 0 0 0 0 0 1
0 1 1 0 0 4 4 1 0 6 23 5 0 3 4 6 2 5 7 0 0 0 0 0 0 16 25 1 0 0 0 0 0 0 3 0 0 0 0 12 1 1 0 1 0 2 10 2 2 0 7 287 39 10 0 9 1 1 0 1 0 0 0 0 0 0 0 0 0 0 0 0 0 0 0 0 0 8 67 0 1 19 28 0 0 0 0 0 6 2 0 1 1 3 2 25 7 0 0 1 2 0 2 22 13 18 6 2 79 19 5 19 14 1 3 7 2 175 246 375 414 708 621 688 1131 906 739 759 961 815 697 2 0 0 0 0 0 0 0 0 0 0 0 0 0 0 0 0 0 0
0 2 0 0 3 2 0 4 4 4 0 0 1 0 0 10 4 0 0 0 0 0 0 0 7 4 7 0 4 0 4 0 3 0 1 0 0 1 2 2 0 0 2 0 0 2 1 0 8 38 474 425 46 66 1 1 3 3 0 2 0 4 0 0 0 0 0 0 0 0 0 0 0 0 0 0 0 0 1 3 0 5 1 0 0 0 0 0 4 0 0 2 60 0 0 2 0 0 5 3 5 5 5 2 10 19 33 52 5 15 18 0 5 8 13 12 6 53 376 1081 1310 708 277 909 1551 1123 188 587 561 26 177 24 0 0 0 0 0 0 0 0 0 0 0 0 0 0 0 0 0 0
1 0 0 2 4 1 2 1 12 2 4 0 5 2 1 0 3 4 1 0 0 0 0 0 4 17 0 0 0 0 2 30 35 0 0 1 0 0 2 0 0 0 0 0 0 0 0 0 1 24 685 446 379 381 48 18 5 0 2 6 3 0 0 0 0 0 0 0 0 0 0 0 0 0 1 0 0 0 0 24 0 0 1 0 0 0 0 12 45 0 0 13 8 0 0 0 0 0 0 7 8 0 23 14 6 98 252 54 11 0 7 9 1 6 12 13 23 9 77 512 355 511 296 1742 1569 491 236 188 5 389 1417 456 0 0 0 0 0 0 0 0 0 0 0 0 0 0 0 0 0 0
1 1 0 32 1 0 8 1 10 3 8 37 0 4 1 0 0 1 0 0 0 0 0 0 1 0 0 0 0 0 0 8 6 3 2 1 3 1 0 0 0 0 0 0 0 1 19 0 1 11 126 272 471 305 65 52 4 1 2 0 1 0 0 0 0 0 0 0 0 0 0 0 0 0 2 0 0 0 0 80 0 5 2 0 0 0 0 14 59 3 0 12 81 0 0 0 0 0 0 9 3 48 30 25 23 8 7 6 1 0 0 0 0 2 1 3 5 5 8 71 350 281 312 713 1077 700 367 441 325 1142 445 297 0 0 1 0 0 0 0 0 0 0 0 0 0 0 0 0 0 0
2 0 0 3 3 3 5 13 6 1 1 1 0 0 0 0 0 0 0 0 0 0 0 0 0 0 0 0 2 0 1 0 0 1 0 0 0 0 0 0 0 0 0 0 0 5 10 4 0 2 73 138 216 78 32 14 4 0 2 0 0 0 0 0 0 0 0 0 0 0 0 0 0 0 0 0 0 0 0 0 4 1 0 0 0 2 34 36 44 2 4 118 165 7 2 0 0 0 0 20 79 10 43 288 14 0 3 1 20 6 0 0 3 7 3 3 2 29 22 36 151 738 674 384 327 815 778 994 149 216 48 89 0 0 0 0 0 0 0 0 0 0 0 0 0 0 0 0 0 0
1 1 10 0 0 0 7 74 3 26 5 3 1 0 0 0 0 0 0 0 0 0 0 1 0 0 0 0 1 0 0 0 0 0 0 0 0 0 0 0 0 0 0 0 0 0 0 0 1 2 1 32 123 24 4 0 1 49 45 0 0 0 5 0 0 0 0 0 0 0 0 0 0 0 0 0 0 0 0 0 0 6 40 21 10 71 1 1 9 41 134 96 60 3 11 4 0 3 20 36 63 254 212 491 262 24 5 5 7 6 1 0 0 1 0 0 9 67 28 246 596 748 1357 1398 819 223 1265 1372 949 0 1 2 0 0 0 0 0 0 0 0 0 0 0 0 0 0 0 0 0 0
0 18 16 0 7 8 8 62 11 6 1 0 0 0 0 0 0 0 0 0 0 0 5 0 0 0 0 0 0 0 0 0 1 1 0 0 0 1 0 1 1 0 0 0 1 0 0 0 1 3 0 8 74 6 14 0 0 9 82 17 0 1 0 0 0 0 0 0 0 0 0 0 0 0 0 0 0 0 0 0 1 5 11 0 0 2 6 12 9 32 134 175 70 16 35 61 4 2 0 13 144 237 371 237 123 33 3 3 3 22 3 2 0 0 2 2 7 235 332 545 564 14 19 177 313 207 457 831 232 7 109 8 0 0 0 0 0 0 0 0 0 0 0 0 0 0 0 0 0 0
6 11 56 0 22 228 61 10 0 3 1 0 3 3 0 0 0 0 0 12 2 0 0 0 0 0 0 0 0 0 0 0 0 0 0 0 0 0 0 0 1 4 0 0 0 0 0 0 2 2 0 3 8 0 4 2 2 2 4 10 3 0 0 0 0 0 0 0 0 0 0 0 0 0 0 0 0 0 0 0 20 32 0 0 15 1 123 9 0 3 5 9 11 1 0 0 0 0 0 4 10 303 578 153 162 236 20 9 3 0 13 0 1 0 1 21 157 495 86 31 0 0 0 0 44 381 149 473 276 18 57 14 0 0 0 0 0 0 0 0 0 0 0 0 0 0 0 0 0 0
3 11 61 116 292 427 114 46 9 0 0 0 0 0 1 0 2 0 1 0 2 7 0 0 0 1 0 0 0 0 0 0 0 0 1 0 0 0 1 0 1 3 0 9 7 1 0 13 1 0 0 17 3 2 0 0 0 0 10 6 4 12 0 0 0 0 0 0 0 0 0 0 0 0 0 0 0 0 2 21 8 0 0 3 9 1 10 96 76 0 0 0 0 0 0 0 0 0 0 0 0 133 352 91 122 161 5 5 2 26 2 3 0 0 12 79 134 3 23 46 0 0 0 0 11 350 231 320 225 6 68 5 0 0 0 0 0 0 0 0 0 0 0 0 0 0 0 0 0 0
5 51 262 712 218 242 84 15 0 0 0 1 1 0 0 0 1 3 0 0 0 3 0 0 0 0 0 1 1 0 0 0 0 0 0 0 0 0 0 0 0 7 0 2 4 0 0 14 22 0 0 0 10 0 1 0 2 0 0 0 0 9 0 0 0 0 0 0 0 0 0 0 0 0 0 0 0 6 0 0 0 0 0 0 0 0 43 30 0 1 1 0 0 0 0 1 0 0 0 0 6 38 33 33 133 70 1 0 2 1 7 5 18 28 26 1 5 6 10 34 17 80 8 0 11 71 97 151 33 4 0 0 0 0 0 0 0 0 0 0 0 0 0 0 0 0 0 0 0 0
0 4 212 155 108 145 40 9 30 3 0 0 0 0 0 0 0 0 1 0 2 10 0 2 0 0 0 0 0 2 1 0 0 0 0 0 1 0 0 0 0 0 0 1 0 0 0 1 2 11 1 0 0 0 0 4 0 0 0 0 0 0 0 0 0 0 0 0 0 0 0 0 0 0 0 0 3 1 0 1 0 0 0 0 0 0 47 5 10 21 16 3 0 0 3 10 0 0 0 356 649 109 226 135 7 90 54 2 3 0 2 46 13 2 0 0 0 0 20 34 73 72 192 268 70 46 1 0 0 1 0 0 0 0 0 0 0 0 0 0 0 0 0 0 0 0 0 0 0 0
5 10 23 81 55 59 3 0 1 0 33 0 2 0 1 0 1 0 0 0 4 42 0 1 0 0 0 0 0 4 0 0 0 0 1 0 1 0 0 0 0 0 0 0 2 21 5 0 1 0 0 0 0 0 0 24 0 0 0 0 0 0 0 0 0 0 0 0 0 0 0 0 0 0 0 0 3 4 0 0 0 0 0 0 0 0 53 1 0 14 15 0 0 0 31 103 97 7 206 1064 378 467 144 30 4 18 53 112 0 6 32 0 0 0 0 0 0 9 47 43 106 18 31 69 6 80 34 16 59 24 19 0 0 0 0 0 0 0 0 0 0 0 0 0 0 0 0 0 0 0
16 10 30 6 0 0 0 1 1 0 0 0 0 0 0 0 0 0 0 1 1 7 2 0 0 0 0 0 0 0 0 0 0 7 8 0 0 0 0 0 0 0 0 0 1 4 0 1 0 0 0 0 1 2 56 12 4 0 0 0 0 0 0 0 0 0 0 0 0 0 0 0 0 0 45 10 0 0 0 0 0 0 0 0 0 0 12 0 0 0 92 11 8 5 83 267 140 8 88 129 7 3 3 24 6 3 2 149 516 120 0 1 0 4 28 0 0 4 8 3 60 2 2 5 48 71 66 30 363 66 42 0 0 0 0 0 0 0 0 0 0 0 0 0 0 0 0 0 0 0
10 0 3 1 0 0 0 0 0 0 0 1 0 0 0 0 0 0 0 0 0 1 0 0 0 0 1 1 0 0 3 39 0 0 0 0 0 0 0 0 0 0 0 5 1 1 0 0 0 0 1 0 1 0 15 0 0 0 0 0 0 0 0 0 0 0 0 0 0 0 0 0 0 0 30 22 0 0 0 0 0 0 0 0 1 0 65 41 158 40 106 13 6 20 2 33 5 7 0 1 6 1 1 1 10 5 101 250 172 36 0 0 1 0 1 0 0 13 0 0 0 1 7 15 3 106 80 124 58 140 58 1 0 0 0 0 0 0 0 0 0 0 0 0 0 0 0 0 0 0
0 3 0 1 1 0 0 0 0 0 0 0 0 0 0 0 0 0 0 0 0 1 0 0 0 0 0 0 0 1 3 0 0 0 0 0 0 0 0 0 0 0 0 0 0 10 0 0 0 0 0 0 3 34 3 0 0 0 0 0 0 0 0 0 0 0 0 0 0 0 0 0 3 2 0 0 0 0 0 0 0 0 0 0 0 0 1 0 103 2 0 0 1 1 7 35 4 3 2 0 0 4 0 1 11 195 578 356 91 169 0 0 0 0 0 0 0 0 117 8 2 20 0 20 11 8 89 50 4 18 4 22 0 0 0 0 0 0 0 0 0 0 0 0 0 0 0 0 0 0
3 0 0 1 0 2 0 0 0 0 0 0 0 0 0 0 0 0 0 0 0 0 0 2 0 0 0 0 0 0 0 0 0 0 0 0 0 0 0 0 0 0 0 0 0 3 0 0 0 0 5 1 3 66 6 0 4 1 0 0 0 0 0 0 0 0 0 0 0 0 1 1 2 0 0 0 0 0 0 0 0 0 0 0 0 0 0 0 2 1 0 0 5 31 2 0 3 0 16 0 3 3 2 0 40 51 149 23 36 193 0 0 0 0 0 0 0 0 1 10 0 50 0 30 65 21 202 51 21 45 3 0 0 0 0 0 0 0 0 0 0 0 0 0 0 0 0 0 0 0
0 0 0 0 0 18 0 0 0 0 0 0 0 0 0 1 0 0 0 2 0 0 0 0 0 0 5 0 1 0 0 0 0 0 0 0 0 0 0 0 0 0 1 5 0 0 0 0 0 0 5 0 3 2 4 2 4 5 0 0 0 0 0 0 0 0 0 1 2 9 0 0 0 0 0 0 0 0 0 0 0 0 0 0 1 0 0 0 1 0 0 25 107 18 1 0 1 0 2 20 30 12 19 20 59 23 0 13 23 7 4 0 0 0 0 0 0 0 0 0 3 17 9 13 0 0 30 281 2 2 0 0 0 0 0 0 0 0 0 0 0 0 0 0 0 0 0 0 0 0
1 0 0 0 45 21 1 0 0 0 0 0 0 0 7 0 0 0 0 0 0 0 0 0 0 0 0 0 2 1 2 0 0 0 0 0 0 0 0 1 1 0 0 11 0 2 0 0 0 0 3 0 0 6 0 3 4 0 0 0 0 0 0 0 0 0 0 2 4 0 0 0 0 0 0 0 0 0 0 0 0 0 0 0 0 0 0 0 13 13 100 304 103 13 0 1 1 0 0 71 80 360 243 42 9 12 2 0 0 7 22 0 0 0 0 0 0 0 0 0 0 0 0 0 0 5 196 86 0 0 0 0 0 0 0 0 0 0 0 0 0 0 0 0 0 0 0 0 0 0
0 0 0 0 0 0 0 0 0 0 0 0 1 0 0 0 0 0 0 0 0 0 0 0 0 0 1 0 0 3 0 0 0 0 0 0 0 0 0 0 0 0 0 0 1 5 0 0 0 1 0 0 0 4 6 1 1 0 0 0 0 0 0 0 0 0 0 0 10 0 0 0 0 0 0 0 0 0 0 0 0 0 0 0 3 1 2 0 157 57 185 91 84 21 13 0 2 2 1 83 116 112 80 8 0 0 2 0 0 0 5 0 0 0 0 0 0 0 0 1 4 36 115 0 0 4 8 1 0 0 0 0 0 0 0 0 0 0 0 0 0 0 0 0 0 0 0 0 0 0
0 0 0 0 0 0 1 0 0 0 0 1 8 10 0 1 0 3 0 0 0 0 0 0 0 18 1 0 0 20 0 0 0 0 0 3 0 0 1 0 0 0 0 0 0 9 5 0 0 0 7 0 0 7 4 0 0 0 0 0 0 0 0 0 0 0 2 23 94 0 0 0 1 0 0 0 0 0 0 0 0 0 0 0 3 7 29 2 4 3 0 7 20 0 11 1 0 1 11 12 78 0 0 4 1 0 0 2 0 57 17 52 1 0 0 0 0 0 0 0 0 0 0 0 0 35 0 0 0 0 0 0 0 0 0 0 0 0 0 0 0 0 0 0 0 0 0 0 0 0
0 0 0 0 1 1 2 0 0 0 0 1 0 0 3 0 0 0 0 0 0 0 0 0 0 0 0 0 0 0 0 0 0 0 0 0 0 0 0 0 0 0 0 0 0 0 2 5 0 3 0 0 0 5 1 4 2 0 0 0 0 0 0 0 0 0 5 7 3 0 0 0 2 0 0 0 0 0 0 0 0 0 0 0 26 1 0 1 5 11 1 1 3 0 1 2 7 14 12 45 25 5 50 0 23 0 0 23 96 155 170 255 25 28 0 0 0 0 0 0 0 0 0 0 0 0 0 0 0 0 0 0 0 0 0 0 0 0 0 0 0 0 0 0 0 0 0 0 0 0
0 0 0 0 4 1 0 0 0 0 0 0 0 0 0 1 0 0 0 0 0 0 0 0 0 0 0 0 1 1 0 0 0 0 1 0 0 0 0 0 0 0 0 0 0 0 0 0 12 1 0 1 0 0 0 37 56 4 1 0 0 0 0 0 1 4 17 59 5 0 2 0 0 0 0 0 0 0 0 0 0 0 0 22 25 0 0 6 26 1 4 6 1 0 6 7 49 13 47 0 1 0 9 4 2 5 12 21 77 48 211 27 29 4 4 0 0 0 0 0 0 0 0 0 0 0 0 0 0 0 0 0 0 0 0 0 0 0 0 0 0 0 0 0 0 0 0 0 0 0
0 0 0 0 0 0 0 0 0 0 0 0 0 0 0 0 1 0 0 0 0 0 0 0 0 0 0 0 1 1 0 0 0 0 0 0 1 0 0 0 0 0 0 0 0 0 1 3 57 0 0 0 0 0 5 1 9 3 10 3 2 3 3 17 3 3 0 1 0 2 0 0 0 0 0 0 0 0 0 0 0 0 0 0 0 0 0 8 12 3 1 1 1 0 3 187 8 0 0 0 0 1 2 0 32 43 206 622 303 98 17 0 3 5 0 0 0 0 0 0 0 0 0 0 0 0 0 0 0 0 0 0 0 0 0 0 0 0 0 0 0 0 0 0 0 0 0 0 0 0
0 0 0 2 4 42 1 3 0 1 4 0 0 0 0 1 0 0 0 0 0 0 0 0 0 0 0 0 0 0 1 0 0 0 0 0 0 0 9 0 1 0 0 0 3 2 10 7 3 0 1 0 0 4 10 2 0 0 0 2 0 0 0 0 1 0 3 1 1 6 1 5 1 0 0 0 0 0 0 0 0 0 0 0 0 0 0 1 5 3 5 9 1 0 100 24 3 0 0 0 0 32 0 11 217 69 138 342 182 179 100 132 35 1 0 0 0 0 0 0 0 0 0 0 0 0 0 0 0 0 0 0 0 0 0 0 0 0 0 0 0 0 0 0 0 0 0 0 0 0
0 0 1 0 11 39 1 0 0 5 0 0 0 2 0 0 0 0 0 0 0 0 0 0 0 0 0 0 0 1 0 0 1 0 0 0 0 0 1 1 0 1 0 0 0 0 0 1 0 1 11 0 1 0 2 1 3 3 2 0 0 0 0 0 2 1 0 0 1 0 0 0 2 0 0 0 0 0 0 0 0 0 0 0 0 0 0 0 2 1 0 1 13 13 3 31 173 5 0 0 0 0 0 43 113 189 0 0 8 35 0 16 10 0 0 0 0 0 0 0 0 0 0 0 0 0 0 0 0 0 0 0 0 0 0 0 0 0 0 0 0 0 0 0 0 0 0 0 0 0
1 0 0 0 0 0 0 0 13 1 0 0 0 0 0 0 0 0 0 0 0 0 0 0 0 0 0 0 0 0 0 1 0 1 0 0 0 0 0 0 1 1 0 0 0 0 3 1 2 2 2 0 1 2 0 0 0 0 5 0 1 0 0 0 0 0 0 0 0 0 0 1 3 0 0 0 0 0 0 0 0 0 0 0 0 0 0 0 2 1 0 15 65 6 31 94 200 0 0 0 0 0 0 2 22 0 0 0 0 0 34 76 0 0 0 0 0 0 0 0 0 0 0 0 0 0 0 0 0 0 0 0 0 0 0 0 0 0 0 0 0 0 6 19 6 0 0 0 0 0
0 0 0 0 0 0 0 0 0 1 0 0 0 0 1 0 0 0 1 0 0 0 0 0 0 0 0 0 0 0 0 0 0 0 0 0 0 0 0 0 0 0 0 0 0 0 0 0 0 0 9 1 3 3 1 0 0 0 0 2 1 1 0 0 0 0 0 0 0 0 2 2 0 0 0 0 0 0 0 0 0 0 0 0 0 0 0 1 9 4 3 20 131 103 40 0 0 0 0 0 0 0 2 0 0 0 0 0 0 83 152 0 1 0 0 0 0 0 0 0 0 0 0 0 0 0 0 0 0 0 0 0 0 0 0 0 0 0 0 0 0 0 0 0 0 0 0 0 0 0
0 0 0 0 0 0 0 0 0 0 0 0 0 5 0 0 0 0 0 0 0 0 0 0 1 0 0 0 0 0 0 0 0 0 0 0 0 0 0 0 0 0 0 0 0 0 0 0 0 0 4 2 4 0 0 0 0 1 0 1 3 1 0 0 0 0 0 0 0 0 3 0 0 0 0 0 0 0 0 0 0 0 0 0 0 0 0 0 0 8 6 67 255 0 1 13 2 0 0 0 0 0 0 2 0 0 0 3 9 18 66 10 0 0 0 0 0 0 0 0 0 0 0 0 0 0 0 0 0 2 0 0 0 0 0 0 0 0 0 0 0 0 0 0 0 0 0 0 0 0
0 0 0 0 0 0 0 0 0 0 0 0 4 0 0 0 0 0 0 0 0 0 0 1 0 0 0 0 0 0 0 0 0 0 0 0 0 0 0 0 0 0 1 0 0 0 0 0 0 0 0 15 0 0 0 0 2 4 1 11 2 1 0 0 0 0 0 0 0 0 3 47 4 0 0 0 0 0 0 0 0 0 0 0 0 0 0 0 1 2 62 42 8 11 8 2 0 0 0 0 0 0 0 0 0 0 0 0 0 0 0 0 0 0 0 0 0 0 0 0 0 0 0 0 0 0 0 0 0 0 0 0 0 0 0 0 0 0 0 0 0 0 0 0 0 0 0 0 0 0
0 0 0 0 0 0 0 0 0 0 0 1 0 0 0 0 0 0 0 0 0 1 5 30 0 0 0 0 0 0 0 0 0 0 0 0 1 0 0 0 0 0 0 0 0 0 0 0 0 0 0 10 2 1 0 1 0 4 0 0 1 5 8 0 0 0 0 0 0 0 0 6 4 0 2 0 0 0 0 0 0 0 0 0 0 0 0 0 0 6 6 31 20 39 19 0 0 0 0 0 0 0 0 0 0 0 0 0 0 0 0 0 0 0 0 0 0 0 0 0 0 0 0 0 0 0 0 0 0 0 0 0 0 0 0 0 0 0 0 0 0 0 0 0 0 0 0 0 0 0
0 0 0 0 0 0 0 0 0 0 0 0 1 0 0 0 0 0 0 1 1 0 0 3 0 0 0 0 0 0 0 0 0 0 0 0 0 1 0 0 0 0 0 0 0 0 0 0 1 0 0 17 24 1 2 0 0 0 0 0 0 20 78 2 0 0 0 0 0 0 0 0 0 0 8 0 0 0 0 0 0 0 0 0 0 0 0 0 0 0 22 8 0 29 86 23 0 0 0 0 0 0 0 0 0 0 0 0 0 0 0 0 0 0 0 0 0 0 0 0 0 0 0 0 0 0 0 0 0 0 0 0 0 0 0 0 0 0 0 0 0 0 0 0 0 0 0 0 0 0
0 0 0 0 0 0 0 0 0 0 0 0 5 0 0 0 1 0 0 0 0 1 1 0 1 0 0 0 0 0 0 0 0 0 0 0 0 0 0 0 0 0 0 0 0 0 0 0 0 3 99 31 94 11 14 1 1 0 0 0 0 4 0 0 0 0 0 0 0 0 0 0 0 3 1 0 0 0 0 0 0 0 0 0 0 0 0 0 0 0 0 9 24 11 26 5 0 0 1 0 0 0 0 0 0 0 0 0 0 0 0 0 0 0 0 0 0 0 0 0 0 0 0 0 0 0 0 0 0 0 0 0 0 0 0 0 0 0 0 0 0 0 0 0 0 0 0 0 0 0
0 0 0 0 0 0 0 0 1 0 0 0 4 0 0 0 1 3 2 0 0 1 0 0 0 0 0 0 0 0 0 0 0 0 0 0 0 0 0 0 0 0 0 0 0 0 0 0 2 20 0 5 83 0 12 0 0 0 0 0 0 2 7 0 0 0 0 0 0 0 0 0 0 0 0 0 0 0 0 0 0 0 0 0 0 0 0 0 0 0 0 4 10 14 1 3 5 3 0 5 0 0 0 0 0 0 0 0 0 0 0 0 0 0 0 0 0 0 0 0 0 0 0 0 0 0 0 0 0 0 0 0 0 0 0 0 0 0 0 0 0 0 0 0 0 0 0 0 0 0
0 0 0 0 0 0 0 0 0 2 0 0 0 1 5 0 1 0 0 0 0 0 0 3 1 0 0 0 0 0 0 0 0 0 0 1 0 47 1 0 0 0 0 0 0 0 0 3 0 1 0 2 7 0 0 0 0 0 0 0 11 3 0 1 0 0 0 0 0 0 0 0 0 0 0 0 0 0 0 0 0 0 0 0 0 0 0 0 0 0 0 0 0 0 0 0 6 0 0 0 0 0 0 0 0 0 0 0 0 0 0 0 0 0 0 0 0 0 0 0 0 0 0 0 0 0 0 0 0 0 0 0 0 0 0 0 0 0 0 0 0 0 0 0 0 0 0 0 0 0
0 0 0 0 0 0 0 0 0 1 0 0 0 0 0 0 0 0 1 0 0 2 0 0 0 0 0 0 0 0 0 1 0 2 4 0 1 0 0 0 0 0 0 0 0 0 6 5 0 0 0 0 0 0 0 0 0 0 0 0 2 0 0 0 0 0 0 0 0 0 0 0 0 0 0 0 0 0 0 0 0 0 0 0 0 0 0 0 0 0 0 0 0 0 0 2 13 5 0 0 0 0 0 0 0 0 0 0 0 0 0 0 0 0 0 0 0 0 0 0 0 0 0 0 0 0 0 0 0 0 0 0 0 0 0 0 0 0 0 0 0 0 0 0 1 13 0 0 0 0
0 0 0 0 0 0 0 0 0 0 0 0 0 0 0 0 0 0 0 1 0 0 0 0 0 1 0 0 0 0 0 0 0 0 0 0 0 0 0 0 0 0 0 0 2 0 1 0 0 0 0 0 0 0 0 0 0 0 0 0 0 8 0 0 0 0 0 0 0 0 0 8 12 0 0 0 0 0 0 0 0 0 0 0 0 0 0 0 0 0 0 0 0 0 6 3 2 1 0 2 3 0 0 0 0 0 0 0 0 0 0 0 0 0 0 0 0 0 0 0 0 0 0 0 0 0 0 0 0 0 0 0 0 0 0 0 0 0 0 0 0 0 0 0 0 0 0 0 0 0
0 0 0 0 0 0 0 0 0 0 0 0 0 0 0 0 0 0 0 1 0 0 0 0 0 0 0 0 0 0 0 0 0 0 0 0 0 0 0 0 0 0 0 0 0 0 0 0 0 0 0 0 0 0 0 0 0 0 0 0 3 0 0 0 0 0 0 0 0 0 17 56 0 0 0 0 0 0 0 0 0 0 0 0 0 0 0 0 0 0 0 0 0 0 4 1 0 0 0 0 0 3 0 0 0 0 0 0 0 0 0 0 0 0 0 0 0 0 0 0 0 0 0 0 0 0 0 0 0 0 0 0 0 0 0 0 0 0 0 0 0 0 0 0 0 0 0 0 0 0
0 0 0 0 0 0 0 0 0 0 3 0 4 0 0 0 0 0 0 0 0 0 0 0 0 0 0 0 0 0 0 0 0 0 0 0 0 0 0 0 0 0 0 0 2 0 0 0 0 0 0 0 0 0 0 0 0 0 0 1 1 0 0 0 0 0 0 0 0 0 23 0 0 0 0 0 0 0 0 0 0 0 0 0 0 0 0 0 0 0 0 0 0 0 1 2 10 0 0 0 0 0 0 0 0 0 0 0 0 0 0 0 0 0 0 0 0 0 0 0 0 0 0 0 0 0 0 0 0 0 0 0 0 0 0 0 0 0 0 0 0 0 0 0 0 0 0 0 0 0
0 0 0 0 0 0 0 0 0 1 0 0 4 0 1 7 4 2 0 0 0 0 0 0 0 0 0 0 0 0 0 0 0 0 0 0 0 0 0 0 0 0 0 2 0 0 0 0 0 0 0 0 0 0 0 0 0 0 0 2 0 0 0 0 0 0 0 0 4 0 0 0 0 0 0 0 0 0 0 0 0 0 0 0 0 0 0 0 0 0 1 1 0 0 0 0 9 3 8 1 0 0 0 0 0 0 0 0 0 0 0 0 0 0 0 0 0 0 0 0 0 0 0 0 0 0 0 0 0 0 0 0 0 0 0 0 0 0 0 0 0 0 0 0 0 0 0 0 0 0
0 0 0 0 0 0 0 1 0 1 0 0 1 0 0 0 1 6 3 0 0 0 0 0 0 0 0 0 0 0 0 0 0 0 0 2 9 1 0 0 0 0 5 6 0 0 0 0 0 0 0 0 0 0 0 0 0 0 0 0 2 4 0 0 0 0 0 1 32 31 0 0 0 0 0 0 0 0 0 0 0 0 0 0 0 0 0 0 0 0 0 0 0 0 0 0 2 0 0 0 0 0 0 0 0 0 0 0 0 0 0 0 0 0 0 0 0 0 0 0 0 0 0 0 0 0 0 0 0 0 0 0 0 0 0 0 0 0 0 0 0 0 0 0 0 0 0 0 0 0
0 0 2 0 0 0 0 0 0 0 0 10 107 11 5 7 18 0 2 10 0 0 1 20 0 1 0 0 0 0 2 0 0 0 0 1 2 6 1 4 0 0 19 0 0 0 0 0 0 0 0 0 0 0 0 0 0 0 0 0 0 0 0 0 46 29 16 0 0 0 0 0 0 0 0 0 0 0 0 0 0 0 0 0 0 0 0 0 0 0 0 0 0 0 0 0 0 0 0 0 0 0 0 0 0 0 0 0 0 0 0 0 0 0 0 0 0 0 0 0 0 0 0 0 0 0 0 0 0 0 0 0 0 0 0 0 0 0 0 0 0 0 0 0 0 0 0 0 0 0
4 31 2 0 0 0 0 0 0 0 0 0 8 0 0 0 1 0 0 2 3 87 28 2 0 0 0 0 0 0 11 0 0 1 2 0 36 5 0 1 0 9 1 0 0 0 0 0 0 0 0 0 0 0 0 0 0 0 0 0 0 0 0 0 9 4 0 0 0 0 0 0 0 0 0 0 0 0 0 0 0 0 0 0 0 0 0 0 0 0 0 0 0 0 0 0 0 0 0 0 0 0 0 0 0 0 0 0 0 0 0 0 0 0 0 0 0 0 0 0 0 0 0 0 0 0 0 0 0 0 0 0 0 0 0 0 0 0 0 0 0 0 0 0 0 0 0 0 0 0
13 3 8 0 0 2 0 0 0 0 2 0 0 0 0 1 8 0 0 4 0 146 18 6 8 5 2 0 1 10 2 0 0 0 0 0 0 1 1 1 1 24 0 0 0 0 0 0 0 0 0 0 0 0 0 0 0 0 0 0 0 0 0 0 1 0 0 0 0 0 0 0 0 0 0 0 0 0 0 0 0 0 0 0 0 0 0 0 0 0 0 0 0 0 0 0 0 0 0 0 0 0 0 0 1 0 0 0 0 0 0 0 0 0 0 0 0 0 0 0 0 0 0 0 0 0 0 0 0 0 0 0 0 0 0 0 0 0 0 0 0 0 0 0 0 0 0 0 0 0
0 0 0 0 0 0 0 0 0 0 0 2 1 0 0 0 1 0 3 0 0 0 1 4 1 15 6 2 2 0 0 0 0 0 0 2 1 0 0 0 0 0 0 0 0 0 0 0 0 0 0 0 0 0 0 0 0 0 0 0 0 0 0 0 0 0 0 0 0 0 0 0 0 0 0 0 0 0 0 0 0 0 0 0 0 0 0 0 0 0 0 0 0 0 0 0 0 0 0 0 0 0 0 0 0 0 0 0 0 0 0 0 0 0 0 0 0 0 0 0 0 0 0 0 0 0 0 0 0 0 0 0 0 0 0 0 0 0 0 0 0 0 0 0 0 0 0 0 0 0
0 0 0 0 0 0 0 0 0 0 0 0 0 2 0 0 0 1 0 1 1 0 0 0 1 1 2 4 16 4 1 0 0 8 6 0 0 0 0 0 0 0 0 0 0 0 0 0 0 0 0 0 0 0 0 0 0 0 0 0 0 0 0 0 0 0 0 0 0 0 0 0 0 0 0 0 0 0 0 0 0 0 0 0 0 0 0 0 0 0 0 0 0 0 0 0 0 0 0 0 0 0 0 0 0 0 0 0 0 0 0 0 0 0 0 0 0 0 0 0 0 0 0 0 0 0 0 0 0 0 0 0 0 0 0 0 0 0 0 0 0 0 0 0 0 0 0 0 0 0
0 0 0 0 0 0 0 0 0 0 0 0 0 0 0 0 0 0 0 0 0 0 0 0 1 0 2 2 167 39 4 2 5 20 0 0 4 0 0 0 0 0 0 0 0 0 0 0 0 0 0 0 0 0 0 0 0 0 0 0 0 0 0 0 0 0 0 0 0 0 0 0 0 0 0 0 0 0 0 0 0 0 0 0 0 0 0 0 0 0 0 0 0 0 0 0 0 0 0 0 0 0 0 0 0 0 0 0 0 0 0 0 0 0 0 0 0 0 0 0 0 0 0 0 0 0 0 0 0 0 0 0 0 0 0 0 0 0 0 0 0 0 0 0 0 0 0 0 0 0
0 0 0 0 0 0 0 0 0 0 0 0 0 0 0 0 0 0 0 0 3 0 0 0 0 1 1 3 0 0 3 0 0 3 0 2 2 0 0 0 0 0 0 0 0 0 0 0 0 0 0 0 0 0 0 0 0 0 0 0 0 0 0 0 0 0 0 0 0 0 0 0 0 0 0 0 0 0 0 0 0 0 0 0 0 0 0 0 0 0 0 0 0 0 0 0 0 0 0 0 0 0 0 0 0 0 0 0 0 0 0 0 0 0 0 0 0 0 0 0 0 0 0 0 0 0 0 0 0 0 0 0 0 0 0 0 0 0 0 0 0 0 0 0 0 0 0 0 0 0
0 0 0 0 0 0 0 0 0 0 0 0 0 1 0 0 0 0 0 0 0 0 0 0 1 5 4 0 0 0 4 4 3 0 0 1 2 2 0 0 0 0 0 0 0 0 0 0 0 0 0 0 0 0 0 0 0 0 0 0 0 0 0 0 0 0 0 0 0 0 0 0 0 0 0 0 0 0 0 0 0 0 0 0 0 0 0 0 0 0 0 0 0 0 0 0 0 0 0 0 0 0 0 0 0 0 0 0 0 0 0 0 0 0 0 0 0 0 0 0 0 0 0 0 0 0 0 0 0 0 0 0 0 0 0 0 0 0 0 0 0 0 0 0 0 0 0 0 0 0
0 0 0 0 0 0 0 0 1 0 0 1 2 3 0 0 0 0 0 0 0 0 0 0 0 0 0 0 0 0 0 0 11 0 0 0 3 6 0 0 0 0 0 0 0 0 0 0 0 0 0 0 0 0 0 0 0 0 0 0 0 0 0 0 0 0 0 0 0 0 0 0 0 0 0 0 0 0 0 0 0 0 0 0 0 0 0 0 0 0 0 0 0 0 0 0 0 0 0 0 0 0 0 0 0 0 0 0 0 0 0 0 0 0 0 0 0 0 0 0 0 0 0 0 0 0 0 0 0 0 0 0 0 0 0 0 0 0 0 0 0 0 0 0 0 0 0 0 0 0
2 0 0 0 0 0 0 0 0 0 1 3 1 1 0 0 0 0 0 0 0 0 0 0 0 0 0 10 0 2 0 0 0 0 0 0 0 0 0 0 0 0 0 0 0 0 0 0 0 0 0 0 0 0 0 0 0 0 0 0 0 0 0 0 0 0 0 0 0 0 0 0 0 0 0 0 0 0 0 0 0 0 0 0 0 0 0 0 0 0 0 0 0 0 0 0 0 0 0 0 0 0 0 0 0 0 0 0 0 0 0 0 0 0 0 0 0 0 0 0 0 0 0 0 0 0 0 0 0 0 0 0 0 0 0 0 0 0 0 0 0 0 0 0 0 0 0 0 0 0
0 0 0 0 0 0 0 0 1 0 0 0 0 0 0 0 0 0 0 0 0 0 0 0 0 0 0 5 0 0 0 0 1 2 1 0 0 0 0 0 0 0 0 0 0 0 0 0 0 0 0 0 0 0 0 0 0 0 0 0 0 0 0 0 0 0 0 0 0 0 0 0 0 0 0 0 0 0 0 0 0 0 0 0 0 0 0 0 0 0 0 0 0 0 0 0 0 0 0 0 0 0 0 0 0 0 0 0 0 0 0 0 0 0 0 0 0 0 0 0 0 0 0 0 0 0 0 0 0 0 0 0 0 0 0 0 0 0 0 0 0 0 0 0 0 0 0 0 0 0
0 0 0 0 0 0 0 0 0 0 0 1 0 0 0 0 0 0 0 0 0 0 0 0 0 0 2 0 0 0 0 1 0 0 0 0 0 0 0 0 0 0 0 0 0 0 0 0 0 0 0 0 0 0 0 0 0 0 0 0 0 0 0 0 0 0 0 0 0 0 0 0 0 0 0 0 0 0 0 0 0 0 0 0 0 0 0 0 0 0 0 0 0 0 0 0 0 0 0 0 0 0 0 0 0 0 0 0 0 0 0 0 0 0 0 0 0 0 0 0 0 0 0 0 0 0 0 0 0 0 0 0 0 0 0 0 0 0 0 0 0 0 0 0 0 0 0 0 0 0
0 0 0 0 0 0 0 0 0 0 0 0 0 1 0 0 0 0 0 0 0 0 0 0 0 0 0 0 0 0 0 0 0 0 0 0 0 0 0 0 0 0 0 0 0 0 0 0 0 0 0 0 0 0 0 0 0 0 0 0 0 0 0 0 0 0 0 0 0 0 0 0 0 0 0 0 0 0 0 0 0 0 0 0 0 0 0 0 0 0 0 0 0 0 0 0 0 0 0 0 0 0 0 0 0 0 0 0 0 0 0 0 0 0 0 0 0 0 0 0 0 0 0 0 0 0 0 0 0 0 0 0 0 0 0 0 0 0 0 0 0 0 0 0 0 0 0 0 0 0
0 0 0 0 0 0 0 0 0 0 2 0 0 0 0 0 0 0 0 0 0 0 0 0 0 0 0 0 0 0 0 0 0 0 0 0 0 0 0 0 0 0 0 0 0 0 0 0 0 0 0 0 0 0 0 1 0 0 0 0 0 0 0 0 0 0 0 0 0 0 0 0 0 0 0 0 0 0 0 0 0 0 0 0 0 0 0 0 0 0 0 0 0 0 0 0 0 0 0 0 0 0 0 0 0 0 0 0 0 0 0 0 0 0 0 0 0 0 0 0 0 0 0 0 0 0 0 0 0 0 0 0 0 0 0 0 0 0 0 0 0 0 0 0 0 0 0 0 0 0
0 0 0 1 0 0 0 0 6 15 0 0 0 0 0 0 0 0 0 0 0 0 0 0 0 0 0 0 0 0 0 0 0 0 0 0 0 0 0 0 0 0 0 0 0 0 0 0 1 0 0 0 0 0 0 0 0 0 0 0 0 0 0 0 0 0 0 0 0 0 0 0 0 0 0 0 0 0 0 0 0 0 0 0 0 0 0 0 0 0 0 0 0 0 0 0 0 0 0 0 0 0 0 0 0 0 0 0 0 0 0 0 0 0 0 0 0 0 0 0 0 0 0 0 0 0 0 0 0 0 0 0 0 0 0 0 0 0 0 0 0 0 0 0 0 0 0 0 0 0
0 0 0 0 0 2 7 15 22 1 0 0 0 0 0 0 0 0 0 0 0 0 0 0 0 0 0 0 0 0 0 0 0 0 0 0 0 0 0 0 0 0 0 0 0 0 0 0 0 15 30 0 0 0 2 0 0 0 0 0 0 0 0 0 0 0 0 0 0 0 0 0 0 0 0 0 0 0 0 0 0 0 0 0 0 0 0 0 0 0 0 0 0 0 0 0 0 0 0 0 0 0 0 0 0 0 0 0 0 0 0 0 0 0 0 0 0 0 0 0 0 0 0 0 0 0 0 0 0 0 0 0 0 0 0 0 0 0 0 0 0 0 0 0 0 0 0 0 0 0
4 0 0 0 0 0 26 28 0 0 0 0 0 0 0 0 0 0 0 0 0 0 0 0 0 0 0 0 0 0 0 0 0 0 0 0 0 0 0 0 0 0 0 0 0 0 0 0 0 0 0 1 1 1 0 0 0 0 0 0 0 0 0 0 0 0 0 0 0 0 0 0 0 0 0 0 0 0 0 0 0 0 0 0 0 0 0 0 0 0 0 0 0 0 0 0 0 0 0 0 0 0 0 0 0 0 0 0 0 0 0 0 0 0 0 0 0 0 0 0 0 0 0 0 0 0 0 0 0 0 0 0 0 0 0 0 0 0 0 0 0 0 0 0 0 0 0 0 0 0
0 0 0 0 0 0 0 0 0 0 0 0 0 0 0 0 0 0 0 0 0 0 0 0 0 0 0 0 0 0 0 0 0 0 0 0 0 0 0 0 0 0 0 0 0 0 0 0 0 0 0 0 18 45 0 0 0 0 0 0 0 0 0 0 0 0 0 0 0 0 0 0 0 0 0 0 0 0 0 0 0 0 0 0 0 0 0 0 0 0 0 0 0 0 0 0 0 0 0 0 0 0 0 0 0 0 0 0 0 0 0 0 0 0 0 0 0 0 0 0 0 0 0 0 0 0 0 0 0 0 0 0 0 0 0 0 0 0 0 0 0 0 0 0 0 0 0 0 0 0
0 0 0 0 0 0 0 0 0 0 0 0 0 0 0 0 0 0 0 0 0 0 0 0 0 0 0 0 0 0 0 0 0 0 0 0 0 0 0 0 0 0 0 0 0 0 0 0 0 0 0 0 0 7 0 0 0 0 0 0 0 0 0 0 0 0 0 0 0 0 0 0 0 0 0 0 0 0 0 0 0 0 0 0 0 0 0 0 0 0 0 0 0 0 0 0 0 0 0 0 0 0 0 0 0 0 0 0 0 0 0 0 0 0 0 0 0 0 0 0 0 0 0 0 0 0 0 0 0 0 0 0 0 0 0 0 0 0 0 0 0 0 0 0 0 0 0 0 0 0
0 0 0 0 0 0 0 0 0 0 0 0 0 0 0 0 0 0 0 0 0 0 0 0 0 0 0 0 0 0 0 0 0 0 0 0 0 1 0 0 0 0 0 0 0 0 0 0 0 0 0 0 0 0 0 0 0 0 0 0 0 0 0 0 0 0 0 0 0 0 0 0 0 0 0 0 0 0 0 0 0 0 0 0 0 0 0 0 0 0 0 0 0 0 0 0 0 0 0 0 0 0 0 0 0 0 0 0 0 0 0 0 0 0 0 0 0 0 0 0 0 0 0 0 0 0 0 0 0 0 0 0 0 0 0 0 0 0 0 0 0 0 0 0 0 0 0 0 0 0
0 0 0 0 0 0 0 0 0 0 0 0 0 0 0 0 0 0 0 0 0 0 0 0 0 0 0 0 0 0 0 0 0 0 0 0 0 0 0 0 0 0 0 0 0 0 0 0 0 0 0 0 0 0 0 0 0 0 0 0 0 0 0 0 0 0 0 0 0 0 0 0 0 0 0 0 0 0 0 0 0 0 0 0 0 0 0 0 0 0 0 0 0 0 0 0 0 0 0 0 0 0 0 0 0 0 0 0 0 0 0 0 0 0 0 0 0 0 0 0 0 0 0 0 0 0 0 0 0 0 0 0 0 0 0 0 0 0 0 0 0 0 0 0 0 0 0 0 0 0
0 0 0 0 0 0 0 0 0 0 0 0 0 0 0 0 0 0 0 0 0 0 0 0 0 0 0 0 0 0 1 0 0 1 2 0 0 0 0 0 0 0 0 0 0 0 0 0 0 0 0 0 0 12 0 0 0 0 0 0 0 0 0 0 0 0 0 0 0 0 0 0 0 0 0 0 0 0 0 0 0 0 0 0 0 0 0 0 0 0 0 0 0 0 0 0 0 0 0 0 0 0 0 0 0 0 0 0 0 0 0 0 0 0 0 0 0 0 0 0 0 0 0 0 0 0 0 0 0 0 0 0 0 0 0 0 0 0 0 0 0 0 0 0 0 0 0 0 0 0
0 0 0 0 0 0 0 0 0 0 0 0 0 0 0 0 0 0 0 0 0 0 0 0 0 0 0 0 0 0 0 65 0 0 0 0 0 0 0 0 0 0 0 0 0 0 0 0 0 0 0 0 0 0 0 0 0 0 0 0 0 0 0 0 0 0 0 0 0 0 0 0 0 0 0 0 0 0 0 0 0 0 0 0 0 0 0 0 0 0 0 0 0 0 0 0 0 0 0 0 0 0 0 0 0 0 0 0 0 0 0 0 0 0 0 0 0 0 0 0 0 0 0 0 0 0 0 0 0 0 0 0 0 0 0 0 0 0 0 0 0 0 0 0 0 0 0 0 0 0
0 0 0 0 0 0 0 0 0 0 0 0 0 0 0 0 0 0 0 0 0 0 0 0 0 0 0 0 0 0 0 12 0 0 0 0 1 0 0 0 0 0 0 0 0 0 0 0 0 0 0 0 0 0 0 0 0 0 0 0 0 0 0 0 0 0 0 0 0 0 0 0 0 0 0 0 0 0 0 0 0 0 0 0 0 0 0 0 0 0 0 0 0 0 0 0 0 0 0 0 0 0 0 0 0 0 0 0 0 0 0 0 0 0 0 0 0 0 0 0 0 0 0 0 0 0 0 0 0 0 0 0 0 0 0 0 0 0 0 0 0 0 0 0 0 0 0 0 0 0
0 0 0 0 0 0 0 0 0 0 0 0 0 0 0 0 0 0 0 0 0 0 0 0 0 0 0 0 0 1 0 0 0 0 0 0 0 0 0 0 0 0 0 0 0 0 0 0 0 0 0 0 0 0 0 0 0 0 0 0 0 0 0 0 0 0 0 0 0 0 0 0 0 0 0 0 0 0 0 0 0 0 0 0 0 0 0 0 0 0 0 0 0 0 0 0 0 0 0 0 0 0 0 0 0 0 0 0 0 0 0 0 0 0 0 0 0 0 0 0 0 0 0 0 0 0 0 0 0 0 0 0 0 0 0 0 0 0 0 0 0 0 0 0 0 0 0 0 0 0
0 0 0 0 0 0 0 0 0 0 0 0 0 0 0 0 0 0 0 0 0 0 0 0 0 0 0 0 0 221 45 0 0 0 0 0 0 0 0 0 0 0 0 0 0 0 0 0 0 0 1 0 0 0 0 0 0 0 0 0 0 0 0 0 0 0 0 0 0 0 0 0 0 0 0 0 0 0 0 0 0 0 0 0 0 0 0 0 0 0 0 0 0 0 0 0 0 0 0 0 0 0 0 0 0 0 0 0 0 0 0 0 0 0 0 0 0 0 0 0 0 0 0 0 0 0 0 0 0 0 0 0 0 0 0 0 0 0 0 0 0 0 0 0 0 0 0 0 0 0
0 0 0 0 0 0 0 0 0 0 0 0 0 0 0 0 0 0 0 0 0 0 0 0 0 0 4 0 0 0 0 0 0 2 0 0 0 0 0 0 0 0 0 0 0 0 0 0 0 28 0 0 0 0 0 0 0 0 0 0 0 0 0 0 0 0 0 0 0 0 0 0 0 0 0 0 0 0 0 0 0 0 0 0 0 0 0 0 0 0 0 0 0 0 0 0 0 0 0 0 0 0 0 0 0 0 0 0 0 0 0 0 0 0 0 0 0 0 0 0 0 0 0 0 0 0 0 0 0 0 0 0 0 0 0 0 0 0 0 0 0 0 0 0 0 0 0 0 0 0
0 0 0 0 0 0 0 0 0 0 0 0 0 0 0 0 0 0 0 0 0 0 0 0 0 0 5 0 0 0 0 0 0 0 0 0 0 0 0 0 0 0 0 0 0 0 0 0 1 0 0 0 0 0 0 0 0 0 0 0 0 0 0 0 0 0 0 0 0 0 0 0 0 0 0 0 0 0 0 0 0 0 0 0 0 0 0 0 0 0 0 0 0 0 0 0 0 0 0 0 0 0 0 0 0 0 0 0 0 0 0 0 0 0 0 0 0 0 0 0 0 0 0 0 0 0 0 0 0 0 0 0 0 0 0 0 0 0 0 0 0 0 0 0 0 0 0 0 0 0
0 0 0 0 0 0 0 0 0 0 0 0 0 0 0 0 0 0 0 0 0 0 0 0 0 0 0 0 4 0 0 0 0 0 0 0 0 0 0 0 0 0 0 0 0 0 0 0 0 0 0 0 0 0 0 0 0 0 0 0 0 0 0 0 0 0 0 0 0 0 0 0 0 0 0 0 0 0 0 0 0 0 0 0 0 0 0 0 0 0 0 0 0 0 0 0 0 0 0 0 0 0 0 0 0 0 0 0 0 0 0 0 0 0 0 0 0 0 0 0 0 0 0 0 0 0 0 0 0 0 0 0 0 0 0 0 0 0 0 0 0 0 0 0 0 0 0 0 0 0
0 0 0 0 0 0 0 0 0 0 0 0 0 0 0 0 0 0 0 0 0 0 0 0 0 0 0 0 0 0 0 0 0 0 0 0 0 0 0 0 0 0 0 0 0 0 0 0 0 0 0 0 0 0 0 0 0 0 0 0 0 0 0 0 0 0 0 0 0 0 0 0 0 0 0 0 0 0 0 0 0 0 0 0 0 0 0 0 0 0 0 0 0 0 0 0 0 0 0 0 0 0 0 0 0 0 0 0 0 0 0 0 0 0 0 0 0 0 0 0 0 0 0 0 0 0 0 0 0 0 0 0 0 0 0 0 0 0 0 0 0 0 0 0 0 0 0 0 0 0
0 0 0 0 0 0 0 0 0 0 0 0 0 0 0 0 0 0 0 0 0 0 0 0 0 0 0 0 0 0 0 0 0 0 0 0 0 0 0 0 0 0 0 0 0 0 0 0 0 0 0 0 0 0 0 0 0 0 0 0 0 0 0 0 0 0 0 0 0 0 0 0 0 0 0 0 0 0 0 0 0 0 0 0 0 0 0 0 0 0 0 0 0 0 0 0 0 0 0 0 0 0 0 0 0 0 0 0 0 0 0 0 0 0 0 0 0 0 0 0 0 0 0 0 0 0 0 0 0 0 0 0 0 0 0 0 0 0 0 0 0 0 0 0 0 0 0 0 0 0
0 0 0 0 0 0 0 0 0 0 0 0 0 0 0 0 0 0 0 0 0 0 0 0 0 0 0 0 0 0 0 0 0 0 0 0 0 0 0 0 0 0 0 0 0 0 0 0 0 0 0 0 0 0 0 0 0 0 0 0 0 0 0 0 0 0 0 0 0 0 0 0 0 0 0 0 0 0 0 0 0 0 0 0 0 0 0 0 0 0 0 0 0 0 0 0 0 0 0 0 0 0 0 0 0 0 0 0 0 0 0 0 0 0 0 0 0 0 0 0 0 0 0 0 0 0 0 0 0 0 0 0 0 0 0 0 0 0 0 0 0 0 0 0 0 0 0 0 0 0
0 0 0 0 0 0 0 0 0 0 0 0 0 0 0 0 0 0 0 0 0 0 0 0 0 0 0 0 0 0 0 0 0 0 0 0 0 0 0 0 0 0 0 0 0 0 0 0 0 0 0 0 0 0 0 0 0 0 0 0 0 0 0 0 0 0 0 0 0 0 0 0 0 0 0 0 0 0 0 0 0 0 0 0 0 0 0 0 0 0 0 0 0 0 0 0 0 0 0 0 0 0 0 0 0 0 0 0 0 0 0 0 0 0 0 0 0 0 0 0 0 0 0 0 0 0 0 0 0 0 0 0 0 0 0 0 0 0 0 0 0 0 0 0 0 0 0 0 0 0
0 0 0 0 0 0 0 0 0 0 0 0 0 0 0 0 0 0 0 0 0 0 0 0 0 0 0 0 0 0 0 0 0 0 0 0 0 0 0 0 0 0 0 0 0 0 0 0 0 0 0 0 0 0 0 0 0 0 0 0 0 0 0 0 0 0 0 0 0 0 0 0 0 0 0 0 0 0 0 0 0 0 0 0 0 0 0 0 0 0 0 0 0 0 0 0 0 0 0 0 0 0 0 0 0 0 0 0 0 0 0 0 0 0 0 0 0 0 0 0 0 0 0 0 0 0 0 0 0 0 0 0 0 0 0 0 0 0 0 0 0 0 0 0 0 0 0 0 0 0
