0 1 18 5 0 0 0 0 11 62 4 0 0 9 0 0 0 4 2 0 1 0 0 0 0 16 0 0 0 0 0 0 0 0 2 2 0 0 0 0 0 0 0 0 2 0 0 0 0 0 0 0 0 0 2 0 0 0 0 7 31 9 4 31 0 6 5 2 0 0 0 8 18 116 114 206 133 43 28 6 14 111 31 37 71 119 116 134 34 178 634 515 60 438 309 560 651 584 699 112 192 81 4 44 27 27 60 418 155 5 1 2 11 58 37 9 32 17 8 0 0 46 10 3 2 22 0 0 15 9 0 6 0 4 4 0 0 1 0 0 2 0 0 0 0 0 0 0 0 18
0 1 1 4 0 0 0 0 0 10 4 14 2 0 0 0 0 2 13 0 0 0 27 0 9 22 0 0 0 0 0 0 0 0 2 0 0 0 1 0 0 0 0 0 0 0 0 0 0 0 0 0 0 0 4 0 0 0 0 23 57 8 6 17 17 0 0 0 1 0 0 2 38 48 30 2 15 59 8 54 57 59 9 7 76 110 250 100 217 242 71 63 309 329 199 306 654 341 576 351 209 100 15 24 2 0 0 7 97 11 4 2 0 12 32 13 0 29 0 7 2 6 14 4 1 1 3 1 27 55 17 2 39 28 1 0 0 0 2 64 6 0 0 0 3 0 0 0 0 0
0 0 0 1 2 0 0 0 0 0 2 24 10 1 0 0 0 3 2 0 2 3 92 26 17 0 1 5 0 0 0 0 0 0 0 10 18 1 0 4 2 0 0 1 0 0 0 0 0 0 0 0 0 0 5 0 0 0 3 7 5 14 19 6 0 0 1 0 0 1 0 4 1 0 1 1 2 36 162 209 130 51 7 20 43 156 303 162 3 8 89 30 57 352 668 407 254 299 221 463 453 236 14 32 16 14 4 7 212 125 27 2 1 3 4 10 8 80 17 2 42 6 5 4 4 5 5 5 0 9 4 2 172 113 0 0 9 0 9 81 4 3 0 0 0 0 0 0 0 0
22 2 0 0 0 0 0 0 0 5 0 1 0 0 0 0 0 0 3 1 0 0 4 8 3 1 0 15 6 0 1 0 0 0 0 1 0 3 0 1 2 1 0 0 0 0 0 0 0 0 3 0 0 2 64 34 0 14 48 11 0 0 17 8 0 0 0 0 0 1 7 67 20 0 1 5 14 67 218 416 73 92 51 201 82 17 84 180 4 187 846 779 855 553 536 283 113 140 355 378 435 408 102 20 28 85 43 18 229 73 12 41 27 4 1 6 7 90 53 28 33 78 14 1 5 4 1 1 5 1 3 11 12 0 12 1 25 1 0 18 67 1 0 0 0 0 0 0 0 0
1 5 1 0 0 0 0 0 2 0 1 0 0 0 0 4 8 2 0 23 1 0 0 0 2 1 0 0 2 3 1 0 2 0 0 12 3 0 1 0 2 0 0 0 0 0 0 0 0 1 0 0 0 0 25 195 32 51 1 0 1 0 0 22 0 0 0 0 0 15 57 32 129 89 19 18 58 164 262 291 216 211 244 354 139 57 51 56 11 215 762 955 322 661 259 169 67 395 242 504 416 700 568 347 165 191 36 11 4 3 9 18 26 36 7 3 6 25 60 80 177 497 106 26 3 1 1 0 0 2 1 2 0 0 4 0 0 0 0 1 35 9 0 0 0 0 0 2 0 0
10 5 0 0 0 0 0 0 0 0 2 0 0 0 0 2 0 2 7 37 5 5 0 0 0 0 0 0 0 0 0 1 0 0 8 61 26 14 1 0 1 0 0 0 0 0 0 0 0 7 27 4 0 0 9 60 47 7 4 0 0 0 16 2 0 0 0 0 14 58 70 114 125 107 132 83 44 61 70 453 455 526 300 56 2 87 50 25 11 245 1060 756 157 358 686 397 96 834 392 352 286 437 856 419 27 96 23 44 5 1 2 2 1 26 2 15 21 3 3 9 237 86 1 1 2 8 1 0 3 0 2 0 0 0 0 1 6 0 0 0 10 2 0 0 0 0 0 0 0 0
1 0 0 1 0 0 0 0 0 4 5 0 0 1 0 0 0 0 0 1 0 3 0 0 0 0 0 0 0 0 0 0 0 0 0 3 1 4 0 0 0 0 0 0 0 0 0 0 0 0 1 6 1 3 1 15 50 2 26 15 5 8 1 1 8 2 0 0 4 48 54 56 220 192 183 103 294 137 349 481 907 976 692 539 307 35 12 129 65 107 1105 859 128 448 604 297 250 339 294 42 14 225 222 146 42 60 71 15 32 21 41 130 156 28 29 37 1 5 5 17 85 56 10 1 1 0 4 5 0 0 1 0 0 0 0 0 0 7 0 0 0 0 3 0 0 0 0 0 0 0
0 0 0 1 0 0 0 0 1 0 0 0 0 0 0 0 0 0 0 0 0 0 0 0 0 0 0 0 0 1 4 0 0 0 4 1 0 3 5 7 0 0 0 0 0 0 0 0 0 0 0 0 2 8 3 12 0 14 61 41 42 58 31 3 9 30 0 0 4 84 3 3 21 53 47 47 129 95 488 609 827 494 838 220 106 123 129 488 270 63 469 95 52 379 409 303 311 462 551 199 117 271 307 549 143 120 51 25 109 20 157 342 91 28 16 46 3 5 3 29 21 5 11 3 1 3 5 1 3 0 0 0 0 0 0 0 0 0 0 0 0 0 0 0 0 0 0 0 0 0
6 0 0 0 0 0 0 0 2 3 0 1 0 6 3 0 0 0 0 0 0 0 0 0 0 0 0 0 0 0 1 0 0 0 1 0 0 0 1 0 0 0 0 0 0 0 0 0 0 0 0 0 0 10 0 0 3 14 10 55 219 154 9 1 3 25 3 8 2 27 4 0 0 2 3 22 9 28 184 659 827 847 554 25 26 73 372 241 199 43 12 12 268 548 788 714 110 325 289 208 291 213 59 309 614 110 195 129 20 30 607 164 124 11 44 9 1 3 5 8 2 2 13 6 13 1 0 2 1 1 2 0 0 0 0 0 0 0 0 0 0 0 0 0 0 0 0 0 0 0
0 0 0 0 0 0 1 1 16 6 0 0 0 1 1 0 0 0 1 0 0 0 0 0 0 0 0 0 0 0 0 0 0 0 0 0 0 2 4 1 2 0 0 0 0 0 1 0 3 1 1 0 27 6 0 0 0 2 0 19 30 121 15 4 3 3 0 1 0 16 0 0 0 0 0 66 16 75 442 447 960 404 478 246 594 493 316 100 218 173 73 10 12 453 748 751 297 163 48 9 47 123 18 4 142 308 218 162 80 15 365 366 151 79 9 173 370 516 132 37 81 59 29 34 43 16 7 3 7 16 40 19 1 0 1 0 0 0 0 0 0 0 0 0 0 0 0 0 0 3
0 0 12 0 0 0 0 0 4 2 0 2 0 0 0 17 2 3 0 0 0 0 0 0 0 2 0 0 0 0 0 1 0 0 0 0 1 0 2 0 0 5 1 0 0 0 2 10 11 39 10 3 4 3 0 0 2 9 23 9 1 104 6 20 0 0 6 0 0 11 0 0 0 0 0 0 21 51 247 271 289 141 436 248 276 284 171 297 472 219 32 0 6 150 344 519 503 22 4 28 12 9 0 12 123 315 617 188 100 94 374 233 103 46 1 99 320 731 446 252 291 188 222 110 94 262 138 48 67 29 21 95 32 24 43 0 0 0 0 0 0 0 0 0 0 0 0 0 0 0
1 0 3 0 0 0 0 0 3 1 0 0 0 0 0 0 5 2 1 0 0 0 0 0 0 0 0 0 0 0 0 0 0 1 5 1 0 0 0 1 3 21 17 6 1 1 1 0 1 0 0 0 15 5 23 2 2 3 1 11 0 8 0 1 2 10 0 2 2 0 0 1 0 0 0 1 82 17 99 316 481 155 81 61 98 88 32 21 146 296 36 0 0 3 4 76 723 248 251 18 0 1 10 46 41 46 410 228 24 89 279 223 76 239 42 146 350 189 520 538 337 238 122 54 138 203 2 0 0 23 2 3 61 37 18 0 0 0 0 0 0 0 0 0 0 0 0 0 0 0
1 0 1 0 0 0 0 0 4 4 0 0 0 0 0 0 0 9 3 1 0 1 0 0 0 0 0 0 0 0 0 0 0 0 0 2 0 0 0 0 0 1 29 1 11 0 1 12 0 0 0 0 5 1 1 0 0 0 4 2 0 1 1 0 0 3 1 3 1 0 9 0 0 0 0 51 102 92 142 88 106 223 44 1 24 13 1 0 0 2 2 0 4 27 61 19 476 419 498 361 20 18 44 16 21 21 39 420 444 205 644 493 173 480 95 64 39 63 643 866 195 208 113 8 32 80 5 0 28 17 1 0 11 6 9 2 1 0 0 0 0 0 0 0 0 0 0 0 0 0
0 0 0 0 0 0 0 1 0 0 0 0 0 0 0 0 0 0 68 11 5 4 0 0 0 0 0 0 0 0 1 1 0 0 0 0 0 0 0 0 0 2 2 43 31 0 0 0 5 0 1 17 2 0 0 0 0 0 8 0 4 2 1 0 0 0 111 34 15 8 55 0 1 8 1 237 355 350 215 31 29 223 53 5 17 74 16 1 1 22 2 0 0 24 3 23 67 379 168 160 0 30 218 68 273 47 85 260 213 569 1153 801 651 201 110 201 194 313 586 373 173 68 0 1 0 21 7 0 8 1 0 0 9 0 0 0 0 0 0 0 0 0 0 0 0 0 0 0 0 0
0 0 0 0 0 0 0 1 4 4 0 0 0 0 0 0 0 0 1 4 10 1 0 0 0 0 0 0 0 1 0 0 0 0 0 0 0 0 0 0 0 0 0 6 15 0 0 1 2 9 6 46 1 0 2 0 3 1 5 23 85 6 3 3 5 6 99 79 171 208 40 2 3 4 58 560 886 640 282 33 0 79 43 2 14 7 14 25 0 33 12 9 1 1 1 6 65 224 134 134 15 37 403 304 1088 757 1728 901 773 571 945 772 674 487 414 231 130 90 75 124 125 89 40 16 0 11 52 6 11 15 8 0 0 0 0 0 0 0 0 0 0 0 0 0 0 0 0 0 0 0
0 0 0 0 0 0 0 40 20 0 3 0 0 0 0 0 2 0 0 1 0 11 2 2 0 0 0 0 0 2 0 0 0 0 0 0 0 0 0 0 0 0 0 1 8 14 0 0 0 26 33 102 0 3 0 18 29 84 5 59 15 23 1 23 19 70 85 33 50 91 123 88 93 128 418 550 839 453 216 14 4 5 0 0 0 0 15 28 15 56 0 17 1 0 2 13 41 12 18 7 5 0 919 484 452 381 823 303 445 713 1143 929 1054 419 284 227 34 195 114 99 53 5 101 250 32 54 14 5 3 2 0 0 0 0 19 1 0 0 0 0 0 0 0 0 0 0 0 0 0 0
0 0 0 0 0 0 1 3 1 0 0 0 0 0 0 0 2 1 0 0 2 0 14 25 12 7 0 0 0 0 0 0 0 0 0 0 0 0 0 0 1 0 1 0 0 14 3 4 1 13 15 2 0 8 11 46 52 106 41 24 0 5 2 0 0 0 1 0 0 0 4 3 28 91 236 239 437 193 101 0 0 0 1 0 0 0 0 51 84 9 3 0 6 1 1 23 26 0 1 84 27 146 618 587 306 137 285 164 335 636 639 308 520 301 359 109 22 96 184 9 0 5 17 44 21 310 3 1 0 0 0 0 0 0 0 0 0 0 0 0 0 0 0 0 0 0 0 0 0 0
0 0 0 0 2 0 0 2 0 0 0 0 1 0 0 1 0 0 1 3 1 0 0 2 16 3 4 18 2 0 1 0 0 0 0 1 1 5 0 2 1 0 2 0 0 17 52 1 1 36 26 13 13 51 23 15 40 39 290 8 3 0 1 0 2 1 8 37 5 24 74 19 66 9 117 150 107 168 23 7 1 0 0 5 0 2 1 15 53 3 1 19 48 50 11 1 13 0 63 244 126 75 167 122 106 295 169 127 369 350 145 511 82 176 225 30 78 87 17 16 0 1 3 19 64 440 103 20 2 0 0 0 0 0 0 0 0 0 0 0 0 0 0 0 0 0 0 0 0 0
0 0 0 2 0 0 0 1 0 0 0 0 1 0 0 0 1 0 0 3 0 2 1 3 3 0 47 46 26 0 0 0 0 0 0 11 2 0 0 0 1 1 0 2 10 18 12 2 10 259 95 11 12 8 2 28 128 91 26 21 49 12 0 0 0 0 12 4 2 15 16 23 28 14 4 115 157 64 6 26 20 0 4 12 0 7 2 5 6 0 5 33 67 155 10 0 0 23 95 23 69 166 66 41 61 144 104 391 258 2 7 60 10 224 31 0 1 5 0 0 0 0 2 4 49 138 129 199 30 1 0 0 0 0 0 0 0 0 0 0 0 0 0 0 0 0 0 0 0 0
0 0 0 0 0 0 0 0 0 0 0 1 2 1 0 0 0 0 0 1 0 16 84 4 5 1 4 9 89 6 0 3 1 3 2 0 0 0 0 0 0 2 12 38 11 62 65 2 2 105 49 0 1 5 38 6 17 44 3 0 1 2 0 0 0 5 0 0 12 5 30 20 40 0 3 47 11 0 3 18 5 0 0 0 0 9 14 0 1 8 9 6 5 2 0 4 0 25 18 1 391 632 381 148 68 118 83 151 122 13 0 0 3 245 18 0 0 0 0 0 0 0 0 1 3 4 12 125 9 0 0 0 0 0 0 0 0 0 0 0 0 0 0 0 0 0 0 0 0 0
0 0 0 0 0 0 1 0 0 0 0 0 0 5 0 0 0 1 0 0 0 0 10 6 0 2 3 0 3 3 3 11 4 0 0 0 0 0 0 5 5 3 12 7 5 10 12 18 58 263 176 49 7 34 9 6 2 3 1 0 0 1 5 5 103 89 2 1 2 17 60 17 4 0 5 78 122 59 5 14 3 9 4 2 0 1 6 10 22 17 3 0 0 0 0 0 1 1 197 253 942 580 341 88 6 30 95 204 4 0 0 0 0 16 0 0 0 0 0 0 0 0 3 8 0 0 27 29 0 0 0 0 0 0 0 0 0 0 0 0 0 0 0 0 0 0 0 0 0 0
0 0 0 0 0 0 0 0 0 0 0 0 0 2 1 3 0 0 0 0 1 1 5 0 1 2 0 0 0 0 10 60 9 2 0 0 0 4 0 1 51 6 0 0 0 0 2 8 107 648 242 232 13 0 1 2 0 2 0 0 1 1 0 0 14 10 14 9 4 43 45 21 21 0 2 28 81 76 53 74 13 23 1 36 14 5 5 9 236 26 22 3 1 1 0 10 7 2 64 277 219 61 64 2 29 32 78 86 16 0 0 0 9 102 0 0 0 0 0 0 0 0 0 0 0 32 59 1 1 3 3 0 0 0 0 0 0 0 0 0 0 0 0 0 0 0 0 0 0 0
0 0 0 0 0 0 0 0 0 0 0 0 0 0 0 0 4 0 0 0 0 2 12 1 0 0 0 0 0 0 0 1 36 8 3 0 14 71 13 16 2 0 0 0 0 0 1 16 47 211 159 115 6 1 0 2 1 3 1 1 1 0 0 0 4 0 29 2 0 10 9 22 57 3 0 1 17 14 14 21 1 34 25 0 1 16 6 0 0 0 1 3 3 0 0 1 0 1 2 2 3 0 37 24 38 28 70 31 62 86 37 35 43 0 0 0 0 0 0 0 0 0 0 8 32 36 37 1 0 0 1 0 0 0 0 0 0 0 0 0 0 0 0 0 0 0 0 0 0 0
0 0 1 0 0 0 0 0 0 0 0 0 0 1 1 0 1 2 0 1 3 1 1 3 0 1 0 0 0 1 0 11 1 12 5 11 5 32 6 2 0 0 0 0 12 52 20 39 1 77 99 17 0 10 4 5 5 17 1 0 0 0 0 1 0 1 0 1 0 0 0 1 68 64 9 27 0 0 0 1 0 9 58 49 4 1 2 0 0 0 0 1 0 5 0 1 1 0 0 1 1 0 1 61 54 27 28 8 4 20 0 311 24 0 0 0 0 0 0 0 0 0 0 25 3 26 28 99 0 0 0 0 0 0 0 0 0 0 0 0 0 0 0 0 0 0 0 0 0 0
0 0 0 0 0 0 0 0 0 0 0 0 0 0 0 0 0 0 0 0 0 0 0 0 0 1 1 0 0 0 0 0 4 3 18 0 1 47 0 0 0 0 0 28 45 16 36 9 5 29 51 41 38 20 13 2 0 2 2 1 0 0 0 0 0 0 0 8 3 2 2 0 6 6 24 8 0 0 0 0 0 2 15 42 35 2 0 0 0 4 0 9 0 0 2 0 4 0 0 2 4 2 1 12 312 0 0 6 0 0 0 55 10 0 0 6 5 0 0 0 0 0 0 0 0 25 52 40 0 0 23 0 0 0 0 0 0 0 0 0 0 0 0 0 0 0 0 0 0 0
0 0 0 0 0 0 0 0 0 0 0 0 0 0 1 0 0 1 1 0 0 1 0 0 0 0 0 2 0 0 0 0 6 20 28 1 0 7 1 1 0 0 0 7 66 9 0 0 4 1 24 1 0 3 0 0 0 0 0 0 0 0 0 1 12 6 1 5 0 1 2 21 7 3 0 3 4 0 0 1 2 0 0 6 0 10 1 4 0 5 0 4 1 0 4 2 0 2 10 0 1 11 7 74 189 117 0 6 0 0 0 2 5 7 16 1 0 0 0 1 1 1 0 0 0 55 28 12 0 0 0 0 0 0 0 0 4 24 0 0 0 0 0 0 0 0 0 0 0 0
0 0 0 0 0 0 0 0 0 0 0 0 0 0 6 0 0 1 0 0 0 3 2 0 0 0 1 7 2 0 0 2 0 2 7 9 2 0 3 4 1 3 0 10 67 3 1 12 0 2 19 14 1 8 4 0 0 0 0 0 0 0 0 0 3 0 0 2 5 2 8 0 0 0 0 1 5 0 0 0 0 0 11 0 4 6 24 12 7 0 7 0 0 0 0 2 1 0 0 5 9 10 1 1 34 116 22 3 0 0 0 0 0 2 6 18 0 0 3 0 0 0 0 0 41 248 83 15 0 2 0 0 0 0 1 0 2 5 0 0 0 0 0 0 0 0 0 0 0 0
0 0 0 0 0 0 0 0 1 0 0 2 0 0 0 1 12 18 13 1 1 15 1 1 2 0 0 0 0 2 6 0 0 14 4 0 1 6 4 13 29 50 7 98 109 0 1 1 6 5 2 13 18 13 7 2 0 0 0 0 0 0 1 1 1 0 0 0 5 10 56 18 4 2 0 1 1 5 0 0 0 0 0 0 0 0 2 0 6 4 6 0 3 0 0 0 0 1 0 2 0 17 15 4 7 504 456 19 4 0 0 0 0 0 0 0 16 67 38 2 0 0 0 32 87 43 31 157 280 16 0 0 2 0 1 4 4 4 0 0 0 0 0 0 0 0 0 0 0 0
0 0 0 0 0 0 2 0 0 1 0 1 13 2 1 1 7 87 0 5 0 4 0 0 0 1 0 1 12 2 6 5 2 0 3 5 2 13 60 99 313 492 255 171 65 4 0 0 0 0 0 0 42 17 1 0 0 0 0 0 0 0 0 0 0 0 0 1 1 1 11 8 5 0 2 4 1 11 1 0 0 2 2 0 14 0 0 0 5 7 4 0 7 7 8 37 1 1 0 2 2 0 10 34 177 284 173 211 24 0 0 0 0 0 0 1 168 73 31 0 0 0 11 121 132 138 428 362 255 53 0 0 0 11 0 10 0 0 0 0 0 0 0 0 0 0 0 0 0 0
0 0 0 0 0 0 0 1 8 3 6 55 23 0 0 0 3 2 0 1 3 0 2 19 2 2 3 0 0 1 1 0 2 0 41 17 7 2 97 264 361 673 389 482 63 2 2 4 5 0 2 1 39 55 13 7 0 0 0 0 1 0 0 0 0 0 0 0 0 0 1 1 1 0 0 0 0 8 3 0 0 0 2 3 5 1 0 0 5 3 0 2 9 21 2 11 0 1 0 3 0 0 9 3 14 37 3 131 15 0 0 0 1 1 54 56 385 164 25 29 13 61 6 91 166 113 250 322 394 326 108 81 14 85 4 0 0 0 0 0 0 0 0 0 0 0 0 0 0 0
0 0 0 0 0 0 0 5 3 9 2 12 2 0 1 2 0 1 10 2 0 3 79 39 0 0 0 0 0 1 2 1 0 0 8 21 27 34 33 90 304 275 275 113 26 4 3 6 2 0 1 1 32 7 3 0 1 0 0 0 0 0 0 0 0 0 0 0 0 0 0 2 0 0 0 0 1 6 7 0 1 14 5 1 10 0 0 0 24 14 3 0 6 10 1 0 0 7 1 1 1 1 0 13 2 4 0 2 38 1 0 2 2 0 36 643 701 422 99 162 94 99 54 7 4 6 239 233 15 46 15 147 475 37 27 1 0 0 0 0 0 0 0 0 0 0 0 0 0 0
0 0 0 0 0 0 0 0 0 0 2 5 3 1 0 1 0 0 7 10 188 52 11 0 0 0 0 0 5 10 0 4 7 35 19 1 3 11 1 42 255 236 184 104 68 35 9 0 1 3 0 0 8 0 10 4 0 0 0 0 0 0 0 0 0 0 0 0 0 2 0 0 0 0 0 0 0 1 10 0 32 8 36 112 14 0 0 0 0 0 0 1 14 7 1 1 10 0 0 0 0 0 0 0 5 6 2 18 158 105 183 324 64 125 499 570 507 190 54 256 56 120 3 1 126 173 314 71 13 0 37 226 204 48 28 0 0 0 0 0 0 0 0 0 0 0 0 0 0 0
0 0 0 1 0 1 0 5 0 0 0 4 2 4 1 3 4 1 5 6 59 1 0 0 0 0 0 1 0 3 14 20 3 0 2 3 0 0 1 6 26 120 54 49 1 0 3 0 0 4 2 1 25 1 1 3 3 2 1 1 0 0 0 0 0 0 0 0 0 0 0 0 0 0 0 9 0 13 4 2 2 5 14 2 0 0 0 0 2 2 0 0 1 13 8 10 1 0 0 0 3 0 0 0 0 2 5 15 81 25 124 57 22 288 643 267 173 205 74 267 80 15 0 12 2 75 106 1 0 0 50 273 0 0 3 0 0 0 0 0 0 0 0 0 0 0 0 0 0 0
0 0 0 0 0 10 14 2 0 0 2 0 0 0 2 1 3 1 29 20 24 0 0 0 0 0 0 0 0 2 79 2 12 0 13 0 4 1 4 0 19 14 1 0 1 2 0 0 0 1 0 2 163 10 7 24 14 0 0 0 0 0 0 0 0 0 0 0 0 0 0 0 0 0 0 0 1 2 1 1 0 2 0 0 0 0 0 0 2 0 0 0 3 24 7 1 3 0 0 0 2 0 0 0 0 1 7 80 29 10 0 7 129 179 269 243 131 163 124 118 149 5 0 0 0 0 1 0 0 0 1 52 64 0 0 0 0 0 0 0 0 0 0 0 0 0 0 0 0 0
0 0 1 0 1 0 1 9 0 2 5 0 0 12 2 7 20 7 6 0 0 8 2 0 0 0 0 12 17 5 23 35 11 1 7 1 0 2 0 4 8 13 1 0 2 0 4 0 0 0 1 36 96 76 4 13 0 0 0 0 0 0 0 0 0 0 0 0 0 0 0 0 0 0 0 0 4 10 1 0 0 0 0 0 0 0 0 0 1 3 13 2 7 40 3 11 6 1 3 11 1 0 0 3 0 0 4 64 374 5 0 0 3 0 2 4 3 16 315 592 37 0 0 0 0 3 2 0 0 0 0 8 77 0 0 0 0 0 0 0 0 0 0 0 0 0 0 0 0 0
2 0 3 2 0 18 5 26 2 1 9 5 5 1 1 122 47 17 5 2 0 2 4 0 2 1 5 10 2 0 6 4 2 0 0 1 1 0 2 1 15 9 0 0 2 2 1 1 0 1 0 42 6 26 39 2 2 0 0 0 0 0 0 0 0 0 0 0 0 0 0 0 0 0 0 0 5 17 2 0 0 0 2 0 0 0 0 1 8 0 1 0 1 34 0 0 0 3 9 0 0 1 80 8 0 4 29 25 132 0 0 0 0 0 2 0 0 1 130 288 228 78 0 0 3 54 0 0 0 50 68 25 21 7 0 0 0 0 0 0 0 0 0 0 0 0 0 0 0 0
0 0 0 0 0 0 3 0 0 2 15 1 0 2 14 28 34 20 3 0 1 0 1 1 5 6 9 1 0 1 0 0 0 2 7 0 0 0 0 4 1 17 7 3 4 0 1 0 1 0 5 47 64 28 50 18 0 0 0 0 0 0 0 0 0 0 0 0 0 0 0 0 0 0 0 0 0 19 95 2 0 2 0 0 0 0 0 86 22 0 0 2 9 0 0 6 0 0 3 10 32 11 2 11 2 39 30 15 57 17 0 0 0 19 59 73 111 330 75 147 593 231 1 7 325 26 0 0 0 179 172 0 0 0 0 0 0 0 0 0 0 0 0 0 0 0 0 0 0 0
0 0 0 0 0 0 2 1 0 0 2 67 8 14 0 0 1 3 1 0 0 0 2 3 11 2 2 0 11 2 0 0 0 0 0 0 0 0 5 0 0 10 17 14 3 0 3 1 0 0 1 54 20 4 0 0 0 0 2 0 0 0 0 0 0 0 0 0 0 0 0 0 0 0 0 2 0 5 44 11 0 2 0 0 0 0 0 10 0 2 1 0 0 12 0 0 0 0 1 3 0 2 0 0 29 0 5 21 28 9 0 0 0 0 85 383 599 380 45 30 61 184 227 359 183 1 0 2 5 435 164 0 0 0 0 0 0 0 0 0 0 0 0 0 0 0 0 0 0 0
0 0 2 0 0 1 3 1 1 0 21 26 0 0 1 0 0 0 3 5 1 0 0 4 1 3 4 1 3 1 0 0 0 0 0 0 0 0 16 1 3 1 0 0 0 3 0 1 0 0 0 81 0 4 2 0 2 0 2 1 0 0 0 0 0 0 0 0 0 0 0 0 0 0 0 1 1 0 90 86 23 7 15 0 0 0 2 0 1 1 0 0 2 5 1 0 0 1 0 3 2 0 1 3 4 3 5 3 43 0 0 3 25 16 23 22 2 29 340 177 10 139 967 444 396 195 186 245 886 1262 499 13 0 0 0 0 0 0 1 0 0 0 0 0 0 0 0 0 0 0
0 0 0 0 0 1 5 0 0 8 17 0 3 10 7 5 0 1 0 0 0 0 0 0 0 26 29 0 0 0 0 0 11 1 1 0 0 0 0 8 0 1 0 0 0 0 6 1 4 3 2 327 37 3 0 6 0 2 1 0 0 0 0 0 0 0 0 0 0 0 0 0 0 0 0 0 2 12 29 4 0 13 16 0 0 0 0 0 4 1 0 3 2 6 1 19 16 0 1 2 4 0 0 8 6 20 4 7 106 39 3 21 24 7 2 14 3 142 364 500 457 557 667 718 1332 826 655 755 972 579 722 2 0 0 0 0 0 0 0 0 0 0 0 0 0 0 0 0 0 0
0 1 0 0 0 0 0 0 8 8 0 1 1 0 0 14 2 0 1 0 0 0 0 0 16 6 6 0 4 0 1 1 0 0 2 3 1 3 1 0 0 0 1 0 0 0 0 0 7 28 399 311 14 64 8 0 6 1 0 14 0 4 0 0 0 0 0 0 0 0 0 0 0 0 0 0 1 0 4 0 0 0 3 0 0 0 0 0 6 0 0 1 8 0 0 3 2 0 4 2 19 3 14 2 19 7 48 47 9 16 8 2 2 2 5 8 3 41 325 1152 1015 700 269 906 1408 1019 204 622 341 12 148 32 0 0 1 0 0 0 0 0 0 0 0 0 0 0 0 0 0 0
2 2 0 6 0 1 2 1 5 1 15 0 3 29 9 0 3 1 0 0 0 0 0 0 2 1 0 0 0 0 0 27 15 2 3 3 3 0 11 0 0 0 0 1 0 0 1 0 2 27 392 484 442 485 47 21 1 6 3 8 0 0 0 0 0 0 0 0 0 0 0 0 0 0 0 0 0 0 0 23 0 0 3 0 0 0 0 12 83 0 0 16 9 0 0 0 0 0 0 12 1 0 18 38 16 111 286 139 8 0 4 0 0 1 2 11 12 3 106 438 267 421 221 1627 1739 804 327 170 6 382 1580 530 0 0 0 0 0 0 0 0 0 0 0 0 0 0 0 0 0 0
0 0 0 4 0 2 8 9 1 2 8 41 2 1 2 0 0 0 0 0 0 0 0 0 0 0 1 0 0 0 0 13 8 2 0 1 6 0 0 0 0 0 0 0 1 0 1 0 0 11 132 253 399 297 88 72 2 0 2 2 1 0 0 0 0 0 0 0 0 0 0 0 0 0 0 0 0 0 0 39 2 1 1 0 0 0 0 16 40 0 3 16 70 0 0 0 0 0 0 8 2 29 36 141 35 16 10 12 0 0 0 0 10 0 0 4 3 4 2 41 269 295 247 610 1132 745 368 424 344 917 515 366 3 0 0 0 0 0 0 0 0 0 0 0 0 0 0 0 0 0
1 3 1 1 0 2 3 17 0 0 3 17 0 0 0 0 1 0 0 0 0 0 1 1 0 0 0 1 0 1 0 1 0 0 0 0 0 1 0 0 0 0 0 0 0 2 9 3 0 5 80 155 202 95 25 17 4 0 4 0 0 1 0 0 0 0 0 0 0 0 0 0 0 0 0 0 0 0 0 0 3 2 0 0 0 0 19 43 24 2 3 130 191 17 2 0 0 0 0 13 39 8 33 290 21 1 3 3 15 1 0 0 1 1 2 0 0 16 26 21 113 618 531 460 408 761 971 1041 142 181 90 89 0 0 0 0 0 0 0 0 0 0 0 0 0 0 0 0 0 0
0 1 12 0 4 0 13 70 5 8 2 1 1 0 0 0 0 0 0 0 0 0 1 0 0 0 0 0 5 0 0 0 0 0 0 0 0 0 0 0 0 0 0 0 0 1 0 0 1 13 3 37 123 67 7 1 0 224 35 1 1 1 1 0 0 0 0 0 0 0 0 0 0 0 0 0 0 0 0 0 0 7 13 27 14 14 1 1 3 31 110 147 114 6 3 6 0 6 16 37 38 298 244 336 285 40 6 6 4 5 0 0 1 0 2 0 0 42 23 306 471 694 1428 1637 723 194 1105 1394 937 0 0 0 0 0 0 0 0 0 0 0 0 0 0 0 0 0 0 0 0 0
3 1 29 0 28 5 15 25 15 9 0 0 3 1 0 0 0 0 0 0 0 1 3 0 0 0 0 0 1 0 0 0 0 1 0 1 0 0 0 2 2 0 0 0 0 0 0 0 6 13 0 9 44 0 2 0 0 8 127 17 2 1 0 0 0 0 0 0 0 0 0 0 0 0 0 0 0 0 0 0 4 3 4 0 0 3 4 12 21 31 63 129 94 13 43 28 2 1 0 3 104 260 517 142 126 144 1 1 1 15 4 1 0 1 6 0 0 221 318 540 566 37 19 129 399 275 429 635 273 3 66 1 0 0 0 0 0 0 0 1 0 0 0 0 0 0 0 0 0 0
1 11 94 26 46 57 61 1 3 4 0 1 0 2 0 1 3 0 0 0 0 0 0 0 0 0 0 0 0 0 0 1 0 0 0 0 0 0 0 0 0 4 0 0 0 1 0 0 2 0 0 3 15 1 1 0 2 1 5 23 3 0 1 0 0 0 0 0 0 0 0 0 0 0 0 0 0 0 0 1 4 19 0 3 54 10 57 10 0 5 2 2 10 1 2 2 0 0 0 8 8 66 518 194 128 124 13 8 5 2 22 2 0 0 0 22 167 468 81 43 0 0 0 0 33 304 164 429 389 73 28 21 0 0 0 0 0 0 0 0 0 0 0 0 0 0 0 0 0 0
2 16 82 137 292 319 126 66 12 0 0 0 0 0 1 1 1 0 0 1 0 5 0 0 0 0 0 0 0 0 0 0 0 0 0 0 0 0 0 0 0 1 0 19 6 7 1 9 0 0 0 26 8 0 0 4 8 0 13 5 1 2 0 0 0 0 0 0 0 0 0 0 0 0 0 0 0 0 0 20 4 0 0 4 6 3 22 102 31 0 0 0 0 0 0 0 0 0 0 0 0 84 506 103 119 131 0 1 0 10 7 2 0 0 13 96 109 3 19 48 0 0 1 0 11 353 205 404 398 4 38 0 0 0 0 0 0 0 0 0 0 0 0 0 0 0 0 0 0 0
8 32 271 599 281 137 138 40 0 4 3 3 1 0 1 2 1 1 0 0 0 0 0 0 3 0 0 1 0 0 0 0 0 0 0 0 0 0 0 0 0 2 2 3 10 0 0 9 29 0 0 1 8 0 0 1 4 0 0 0 0 1 0 0 0 0 0 0 0 0 0 0 0 0 0 0 0 10 0 0 0 0 0 0 0 0 37 16 0 0 1 2 0 0 0 1 0 0 0 0 12 41 11 36 106 106 0 0 3 0 9 3 10 31 26 4 15 4 8 57 16 49 8 0 5 67 83 158 69 0 0 0 0 0 0 0 0 0 0 0 0 0 0 0 0 0 0 0 0 0
0 7 219 120 92 123 47 16 3 1 0 1 0 0 0 0 0 0 0 2 1 4 0 0 1 0 0 0 1 0 1 0 0 0 0 0 0 0 0 1 0 0 0 0 1 0 0 6 2 0 2 0 0 0 0 1 0 0 0 0 0 0 0 0 0 0 0 0 0 0 0 0 0 0 0 0 0 0 0 0 0 0 0 2 0 0 98 15 1 20 41 1 0 0 4 11 0 0 0 369 598 119 174 134 5 138 50 1 0 4 5 45 13 0 0 0 0 0 19 51 122 71 148 220 78 67 0 3 0 3 0 0 0 0 0 0 0 0 0 0 0 0 0 0 0 0 0 0 0 0
7 22 26 113 61 33 7 1 0 1 16 0 0 0 0 0 0 0 0 0 0 32 0 0 0 0 0 0 0 2 0 0 0 1 0 0 0 0 0 0 0 0 0 1 0 22 0 0 0 0 0 0 0 0 1 34 0 0 0 0 0 0 0 0 0 0 0 0 0 0 0 0 0 0 0 0 3 4 0 0 0 0 0 0 3 1 33 0 0 27 29 0 0 0 21 69 78 6 168 1367 425 396 278 44 3 18 44 79 0 2 32 0 1 0 0 0 2 0 113 45 136 31 52 96 22 67 27 16 46 31 32 0 0 0 0 0 0 0 0 1 0 0 0 0 0 0 0 0 0 0
57 15 23 7 0 0 0 0 0 0 0 0 0 0 0 0 0 0 1 0 2 2 1 0 0 0 0 0 0 1 0 0 0 2 8 0 0 0 0 0 0 0 0 0 0 15 9 2 0 0 0 0 0 1 65 18 3 0 0 0 0 0 0 0 0 0 0 0 0 0 0 0 0 0 26 12 2 0 0 0 0 0 0 0 26 0 16 3 0 4 72 8 3 10 71 183 77 2 54 133 14 20 33 13 10 1 0 160 395 119 2 0 0 0 12 0 0 0 2 1 59 1 1 0 31 126 85 38 275 119 22 0 0 0 0 0 0 0 0 0 0 0 0 0 0 0 0 0 0 0
14 1 8 0 0 2 1 0 0 0 0 1 0 0 0 0 0 0 0 0 0 0 1 0 0 0 1 17 0 0 6 55 0 0 0 0 0 0 0 0 0 0 0 0 0 3 0 0 0 0 0 2 2 4 17 0 0 1 0 1 0 0 0 0 0 0 0 0 0 0 0 0 0 0 11 13 0 0 0 0 0 0 0 0 0 0 50 42 118 38 62 19 4 11 0 50 9 4 0 1 4 2 2 2 1 3 98 278 217 40 0 0 0 0 0 0 0 5 1 0 2 12 15 13 7 114 84 197 93 148 99 0 0 0 0 0 0 0 0 0 0 0 0 0 0 0 0 0 0 0
1 5 0 0 5 0 0 0 0 0 0 0 0 0 0 0 0 0 0 0 0 0 0 1 0 0 0 0 1 0 1 2 0 0 0 0 0 0 0 0 0 1 0 0 0 8 1 0 0 0 0 1 6 44 14 2 1 0 0 0 0 0 0 0 0 0 0 0 0 0 0 2 2 0 1 0 0 0 0 0 0 0 0 0 0 0 1 0 152 4 0 0 0 0 6 16 2 4 3 0 1 4 0 6 13 173 416 232 297 111 0 0 0 0 0 0 0 0 34 12 20 22 1 17 5 35 145 56 6 16 2 12 0 0 0 0 0 0 0 0 0 0 0 0 0 0 0 0 0 0
5 0 0 0 0 0 0 0 0 0 0 0 0 0 0 0 0 0 1 2 0 0 0 9 0 0 1 0 0 0 0 0 0 0 1 0 0 0 0 0 0 0 0 0 0 1 0 0 0 0 0 1 6 79 5 3 0 0 0 0 0 0 0 0 0 0 0 0 0 0 0 0 2 0 0 0 0 0 0 0 0 0 0 0 0 0 7 0 3 0 0 0 2 25 1 0 2 0 9 1 0 2 5 2 38 37 119 26 46 122 0 0 0 0 0 0 0 0 6 16 1 15 0 59 67 16 156 83 27 26 1 0 0 0 0 0 0 0 0 0 0 0 0 0 0 0 0 0 0 0
0 0 0 0 4 20 0 0 0 0 0 0 0 0 0 0 0 0 0 0 0 0 0 0 0 0 6 1 0 0 0 0 0 0 1 1 0 0 0 0 0 0 3 2 4 0 0 0 0 0 0 0 3 0 2 1 1 9 0 0 0 0 0 0 0 0 0 0 1 3 0 0 0 0 0 0 0 0 0 0 0 0 0 0 0 0 2 0 8 2 0 9 87 16 0 1 0 0 7 5 0 1 16 8 91 25 0 9 7 100 14 0 0 0 0 0 0 0 0 0 1 9 2 13 0 0 0 179 1 4 1 0 0 0 0 0 0 0 0 0 0 0 0 0 0 0 0 0 0 0
0 0 0 0 52 21 0 0 0 0 0 0 0 0 5 0 0 1 0 0 0 0 0 0 0 0 0 0 1 0 0 1 2 0 0 0 0 0 0 2 0 0 0 6 0 0 0 0 0 1 0 0 0 0 3 1 0 1 0 0 0 0 0 0 0 0 2 0 4 5 0 0 0 0 0 0 0 0 0 0 0 0 0 0 0 0 0 0 23 50 133 167 161 10 0 0 0 1 0 19 44 234 238 34 4 17 0 0 0 17 6 0 0 0 0 0 0 0 0 0 0 0 0 0 0 2 82 87 0 0 0 0 0 0 0 0 0 0 0 0 0 0 0 0 0 0 0 0 0 0
0 0 0 0 1 0 0 0 0 0 0 0 7 4 0 1 1 0 0 0 0 0 0 0 0 0 3 0 0 3 0 0 0 0 0 4 1 0 0 0 0 0 0 0 2 9 0 0 0 0 1 0 0 2 3 0 1 1 0 0 0 0 0 0 0 0 0 0 2 0 0 0 1 0 0 0 0 0 0 0 0 0 0 0 0 3 5 1 40 71 142 187 69 23 0 0 4 1 6 64 120 72 95 12 1 0 0 0 0 6 13 0 0 0 0 0 0 0 0 0 1 34 58 0 0 18 21 1 0 0 0 0 0 0 0 0 0 0 0 0 0 0 0 0 0 0 0 0 0 0
0 0 0 0 0 1 0 0 0 0 0 0 12 14 0 0 3 1 0 0 0 0 0 0 0 1 2 0 2 16 0 0 0 0 0 3 0 0 0 0 0 0 0 1 0 13 14 0 0 0 0 0 0 25 35 0 0 1 0 0 0 0 0 0 0 0 1 18 15 0 0 0 0 0 0 0 0 0 0 0 0 0 0 0 3 9 18 3 1 5 0 2 11 15 14 0 0 2 8 29 80 0 1 4 1 0 0 0 1 39 21 41 0 0 0 1 0 0 0 0 0 0 25 0 0 0 0 7 0 0 0 0 0 0 0 0 0 0 0 0 0 0 0 0 0 0 0 0 0 0
0 0 0 0 0 0 0 0 0 0 0 0 0 0 2 0 0 0 0 0 0 0 0 0 0 0 0 0 0 0 0 0 0 0 0 2 0 0 0 0 0 0 0 0 0 0 0 10 2 2 0 1 0 3 1 1 0 0 1 0 0 0 0 0 0 0 7 14 14 0 0 0 0 0 0 0 0 0 0 0 0 0 0 0 34 0 1 2 1 21 1 1 9 1 1 1 1 12 18 29 28 10 2 0 6 0 1 18 78 100 181 364 30 23 4 0 0 0 0 0 0 0 0 0 0 0 0 0 0 0 0 0 0 0 0 0 0 0 0 0 0 0 0 0 0 0 0 0 0 0
0 0 0 0 0 2 0 0 0 0 0 0 0 0 0 1 0 0 0 0 0 0 0 0 0 0 0 0 0 0 0 0 0 0 0 0 0 0 0 0 0 0 0 0 0 0 0 3 18 0 0 0 0 0 0 23 35 2 1 0 0 0 0 0 0 8 50 63 2 0 0 0 0 0 0 0 0 0 0 0 0 0 0 31 50 0 0 5 20 0 5 1 1 0 2 4 70 14 27 2 1 1 20 14 2 2 8 2 55 28 158 36 151 57 4 0 0 0 0 0 0 0 0 0 0 0 0 0 0 0 0 0 0 0 0 0 0 0 0 0 0 0 0 0 0 0 0 0 0 0
0 0 0 0 0 0 0 0 0 0 0 0 2 0 0 0 2 0 0 0 0 0 0 0 0 0 0 0 1 1 0 0 0 0 0 0 0 0 0 0 0 0 0 0 0 6 0 3 58 0 1 0 0 0 5 3 1 15 8 11 1 0 2 4 2 0 0 0 0 4 0 0 0 0 0 0 0 0 0 0 0 0 0 0 0 0 0 27 2 1 0 0 0 1 9 143 12 0 0 0 0 1 0 0 48 34 238 643 332 47 21 0 292 128 0 0 0 0 0 0 0 0 0 0 0 0 0 0 0 0 0 0 0 0 0 0 0 0 0 0 0 0 0 0 0 0 0 0 0 0
0 0 1 1 3 34 0 5 1 0 3 0 0 0 0 0 0 0 0 0 0 0 0 0 0 0 0 0 0 0 0 0 0 0 1 0 0 0 2 0 0 1 0 1 1 4 11 11 1 1 0 0 0 0 4 2 1 0 0 0 0 1 0 1 4 0 0 10 0 6 2 3 0 0 0 0 0 0 0 0 0 0 0 0 0 0 0 1 0 9 5 11 2 1 57 13 1 1 0 0 3 5 1 22 114 67 127 339 219 130 138 83 286 9 0 0 0 0 0 0 0 0 0 0 0 0 0 0 0 0 0 0 0 0 0 0 0 0 0 0 0 0 0 0 0 0 0 0 0 0
0 0 0 0 14 79 1 0 3 0 0 0 0 0 0 0 2 0 0 0 0 0 0 0 0 0 0 0 0 0 0 0 0 0 0 0 0 0 0 0 1 3 1 1 0 0 3 0 4 0 1 0 0 3 1 0 1 0 2 0 0 0 1 0 2 3 0 2 0 0 0 0 0 0 0 0 0 0 0 0 0 0 0 0 0 0 0 0 2 0 0 3 22 19 3 22 155 1 0 0 0 0 0 46 133 174 3 0 8 37 0 6 9 0 0 0 0 0 0 0 0 0 0 0 0 0 0 0 0 0 0 0 0 0 0 0 0 0 0 0 0 0 0 0 0 0 0 0 0 0
0 0 0 0 0 4 0 0 5 2 0 0 0 1 0 0 0 0 0 0 0 0 0 0 0 0 0 0 0 0 0 4 0 0 0 0 0 0 0 0 0 0 0 0 0 0 0 1 10 10 0 0 0 0 0 0 0 0 4 4 1 3 0 0 0 0 0 0 0 0 0 0 2 1 0 0 0 0 0 0 0 0 0 0 0 0 0 0 1 1 0 35 84 15 24 84 223 0 0 0 0 0 0 2 3 0 0 0 0 0 26 58 1 0 0 0 0 0 0 0 0 0 0 0 0 0 0 0 0 0 0 0 0 0 0 0 0 0 0 0 0 0 6 12 1 0 0 0 0 0
0 0 1 1 0 0 0 0 0 2 0 0 0 0 0 0 0 0 0 0 0 0 0 0 0 0 0 0 1 0 0 1 0 0 0 0 0 0 0 0 0 1 0 0 0 0 0 0 0 0 4 3 1 4 0 0 0 0 1 4 2 0 0 0 0 0 0 0 0 0 3 2 0 0 0 0 0 0 0 0 0 0 0 0 0 0 0 0 18 3 7 42 155 103 18 0 0 0 0 1 0 0 2 1 0 0 0 2 0 133 227 2 0 0 0 0 0 0 0 0 0 0 0 0 0 0 0 0 0 0 0 0 0 0 0 0 0 0 0 0 0 0 0 1 0 0 0 0 0 0
0 0 0 0 0 0 0 0 0 1 0 0 0 5 0 0 0 0 0 0 0 0 0 0 1 0 0 0 0 0 0 0 0 0 0 0 0 0 0 0 0 0 0 0 0 0 0 0 0 0 1 3 3 0 0 0 1 0 0 4 0 0 0 0 0 0 0 0 0 0 0 0 0 0 0 0 0 0 0 0 0 0 0 0 0 0 0 0 0 6 9 76 321 1 0 9 0 0 0 0 0 0 0 0 1 0 0 3 17 48 70 4 0 5 0 0 0 0 0 0 0 0 0 0 0 0 0 0 0 0 0 0 0 0 0 0 0 0 0 0 0 0 0 0 0 0 0 0 0 0
0 0 0 0 0 0 0 0 0 0 0 0 0 2 1 0 0 0 1 0 0 0 0 0 0 0 0 0 0 0 0 0 0 0 0 0 0 0 0 0 0 0 1 0 0 0 0 0 0 0 1 18 0 0 0 0 1 0 2 8 3 1 0 0 0 0 0 0 0 0 2 44 0 0 0 0 0 0 0 0 0 0 0 0 0 0 0 0 1 4 25 66 3 14 22 1 0 0 0 0 0 0 0 0 0 0 0 0 0 0 0 0 0 0 0 0 0 0 0 0 0 0 0 0 0 0 0 0 0 0 0 0 0 0 0 0 0 0 0 0 0 0 0 0 0 0 0 0 0 0
0 0 0 0 0 0 0 0 0 1 0 0 0 0 0 0 0 0 0 0 0 0 6 32 0 0 0 0 0 0 0 0 0 0 0 0 0 0 0 0 0 0 0 0 0 0 0 0 0 0 0 5 3 0 0 1 0 0 1 0 0 3 6 0 0 0 0 0 0 0 0 3 1 0 2 0 0 0 0 0 0 0 0 0 0 0 0 0 0 16 5 50 15 19 19 5 0 0 0 0 0 0 0 0 0 0 0 0 0 0 0 3 1 0 0 0 0 0 0 0 0 0 0 0 0 0 0 0 0 0 0 0 0 0 0 0 0 0 0 0 0 0 0 0 0 0 0 0 0 0
0 0 0 0 0 0 0 0 0 0 0 2 0 0 0 0 0 0 0 0 0 0 0 0 0 0 0 0 0 0 0 0 0 0 0 0 0 1 0 0 0 0 0 0 0 0 0 0 0 2 1 26 17 2 1 0 0 1 0 0 1 12 50 0 0 0 0 0 0 0 0 0 0 0 4 0 0 0 0 0 0 0 0 0 0 0 0 0 0 0 24 8 0 39 31 17 0 0 2 0 0 0 0 0 0 0 0 0 0 0 0 0 0 0 0 0 0 0 0 0 0 0 0 0 0 0 0 0 0 0 0 0 0 0 0 0 0 0 0 0 0 0 0 0 0 0 0 0 0 0
0 0 0 0 0 0 0 0 0 0 0 0 0 0 0 0 0 0 0 0 0 0 0 0 1 0 0 0 0 0 0 0 0 0 0 0 0 0 0 0 1 0 0 0 0 0 0 0 0 8 8 23 93 17 15 19 0 0 0 0 0 4 0 0 0 0 0 0 0 0 0 0 0 0 0 0 0 0 0 0 0 0 0 0 0 0 0 0 0 0 1 7 25 18 23 2 0 0 0 0 0 0 0 0 0 0 0 0 0 0 0 0 0 0 0 0 0 0 0 0 0 0 0 0 0 0 0 0 0 0 0 0 0 0 0 0 0 0 0 0 0 0 0 0 0 0 0 0 0 0
0 0 0 0 0 0 0 0 0 0 2 0 5 3 0 6 0 2 1 3 0 0 0 0 0 1 0 0 0 0 0 0 0 0 0 0 0 0 0 0 0 1 0 0 0 0 0 0 3 1 0 11 76 0 15 2 0 0 0 0 0 2 0 0 0 0 0 0 0 0 0 0 0 0 0 0 0 0 0 0 0 0 0 0 0 0 0 0 0 0 0 2 3 6 2 0 45 0 0 7 0 0 0 0 0 0 0 0 0 0 0 0 0 0 0 0 0 0 0 0 0 0 0 0 0 0 0 0 0 0 0 0 0 0 0 0 0 0 0 0 0 0 0 0 0 0 0 0 0 0
0 0 0 0 0 0 0 0 0 5 1 0 0 0 0 0 0 0 0 0 0 0 0 1 0 2 0 0 0 0 0 0 0 0 0 0 0 2 0 0 1 0 0 0 0 0 0 2 2 0 0 7 8 0 0 0 0 0 0 0 2 7 0 0 0 0 0 0 0 0 0 0 0 0 0 0 0 0 0 0 0 0 0 0 0 0 0 0 0 0 0 0 0 0 0 0 7 1 3 0 1 0 0 0 0 0 0 0 0 0 0 0 0 0 0 0 0 0 0 0 0 0 0 0 0 0 0 0 0 0 0 0 0 0 0 0 0 0 0 0 0 0 0 0 0 1 0 0 0 0
0 0 2 0 0 0 0 0 0 0 0 1 0 0 0 0 0 0 0 0 0 0 0 0 2 0 1 0 0 0 0 2 0 2 12 1 2 0 0 0 0 0 0 0 0 2 1 0 0 0 0 0 0 0 0 0 0 0 0 0 3 0 0 0 0 0 0 0 0 0 0 0 0 0 0 0 0 0 0 0 0 0 0 0 0 0 0 0 0 0 0 0 0 0 0 9 26 32 0 0 0 0 0 0 0 0 0 0 0 0 0 0 0 0 0 0 0 0 0 0 0 0 0 0 0 0 0 0 0 0 0 0 0 0 0 0 0 0 0 0 0 0 0 2 1 8 0 0 0 0
3 0 0 0 0 0 0 0 0 0 0 0 0 0 0 1 0 0 0 5 2 0 0 0 0 3 0 0 0 0 0 0 0 0 0 1 0 0 0 0 0 0 0 0 0 1 1 0 0 0 0 0 0 0 0 0 0 0 0 0 0 0 0 0 0 0 0 0 0 0 0 5 5 0 0 0 0 0 0 0 0 0 0 0 0 0 0 0 0 0 0 0 0 0 8 7 4 2 0 0 2 0 0 0 0 0 0 0 0 0 0 0 0 0 0 0 0 0 0 0 0 0 0 0 0 0 0 0 0 0 0 0 0 0 0 0 0 0 0 0 0 0 0 0 0 0 0 0 0 0
0 0 0 0 0 0 0 0 0 0 1 4 0 0 0 0 0 0 0 0 1 0 0 0 0 0 0 0 0 0 0 0 0 0 0 0 0 0 0 0 0 0 0 0 0 0 0 0 0 0 0 0 0 0 0 0 0 0 0 0 1 0 0 0 0 0 0 0 0 0 16 30 0 0 0 0 0 0 0 0 0 0 0 0 0 0 0 0 0 0 0 0 0 0 28 0 2 0 0 0 0 8 0 0 0 0 0 0 0 0 0 0 0 0 0 0 0 0 0 0 0 0 0 0 0 0 0 0 0 0 0 0 0 0 0 0 0 0 0 0 0 0 0 0 0 0 0 0 0 0
0 0 0 0 0 0 0 0 0 0 2 0 4 0 0 1 10 0 0 0 0 0 0 0 0 0 0 0 0 0 0 0 0 0 0 0 0 0 0 0 0 0 0 1 5 0 0 0 0 0 0 0 0 0 0 0 0 0 0 2 2 0 0 0 0 0 0 0 0 0 18 1 0 0 0 0 0 0 0 0 0 0 0 0 0 0 0 0 0 0 0 0 0 0 13 5 10 0 0 0 0 0 0 0 0 0 0 0 0 0 0 0 0 0 0 0 0 0 0 0 0 0 0 0 0 0 0 0 0 0 0 0 0 0 0 0 0 0 0 0 0 0 0 0 0 0 0 0 0 0
2 0 0 0 0 0 0 0 0 0 0 0 5 0 1 0 1 0 0 0 0 0 0 0 0 0 0 0 0 0 0 0 0 0 0 0 0 0 0 0 0 0 0 3 1 0 0 0 0 0 0 0 0 0 0 0 0 0 0 3 0 0 0 0 0 0 0 0 11 1 0 0 0 0 0 0 0 0 0 0 0 0 0 0 0 0 0 0 0 0 0 0 0 0 0 0 1 2 2 6 0 0 0 0 0 0 0 0 0 0 0 0 0 0 0 0 0 0 0 0 0 0 0 0 0 0 0 0 0 0 0 0 0 0 0 0 0 0 0 0 0 0 0 0 0 0 0 0 0 0
0 0 0 0 0 0 0 0 1 0 0 0 3 0 0 0 0 7 0 0 0 0 0 0 0 0 0 0 0 0 0 0 0 0 0 0 7 0 3 0 0 0 3 4 0 0 0 0 0 0 0 0 0 0 0 0 0 0 0 0 8 11 2 0 0 0 0 3 98 25 1 0 0 0 0 0 0 0 0 0 0 0 0 0 0 0 0 0 0 0 0 0 0 0 0 0 0 0 0 0 0 0 0 0 0 0 0 0 0 0 0 0 0 0 0 0 0 0 0 0 0 0 0 0 0 0 0 0 0 0 0 0 0 0 0 0 0 0 0 0 0 0 0 0 0 0 0 0 0 0
0 1 0 0 0 0 0 0 0 0 0 3 26 5 0 0 29 0 0 5 0 1 0 27 2 1 0 0 0 0 0 0 0 0 1 0 6 1 2 1 0 0 12 0 0 0 0 0 0 0 0 0 0 0 0 0 0 0 0 0 0 0 0 2 57 24 6 0 0 0 0 0 0 0 0 0 0 0 0 0 0 0 0 0 0 0 0 0 0 0 0 0 0 0 0 0 0 0 0 0 0 0 0 0 0 0 0 0 0 0 0 0 0 0 0 0 0 0 0 0 0 0 0 0 0 0 0 0 0 0 0 0 0 0 0 0 0 0 0 0 0 0 0 0 0 0 0 0 0 0
4 34 5 0 0 0 0 0 0 0 0 0 4 0 0 0 1 0 0 1 7 47 22 5 1 0 0 0 0 0 0 0 0 0 0 2 33 1 0 2 0 0 0 0 0 0 0 0 0 0 0 0 0 0 0 0 0 0 0 0 0 0 0 0 9 3 0 0 0 0 0 0 0 0 0 0 0 0 0 0 0 0 0 0 0 0 0 0 0 0 0 0 0 0 0 0 0 0 0 0 0 0 0 0 0 0 0 0 0 0 0 0 0 0 0 0 0 0 0 0 0 0 0 0 0 0 0 0 0 0 0 0 0 0 0 0 0 0 0 0 0 0 0 0 0 0 0 0 0 0
13 22 3 0 0 0 0 0 0 0 0 0 0 0 0 2 7 3 0 6 10 22 19 7 10 2 0 0 4 9 3 0 0 0 0 0 1 0 1 0 1 14 0 0 0 0 0 0 0 0 0 0 0 0 0 0 0 0 0 0 0 0 0 0 5 0 0 0 0 0 0 0 0 0 0 0 0 0 0 0 0 0 0 0 0 0 0 0 0 5 0 0 0 0 0 0 0 0 0 0 0 0 0 0 0 0 0 0 0 0 0 0 0 0 0 0 0 0 0 0 0 0 0 0 0 0 0 0 0 0 0 0 0 0 0 0 0 0 0 0 0 0 0 0 0 0 0 0 0 0
0 0 0 0 0 0 0 0 0 0 0 3 0 0 0 0 0 0 0 0 0 1 4 4 6 6 4 1 0 0 0 0 0 0 1 1 0 1 0 0 0 0 0 0 0 0 0 0 0 0 0 0 0 0 0 0 0 0 0 0 0 0 0 0 0 1 0 0 0 0 0 0 0 0 0 0 0 0 0 0 0 0 0 0 0 0 0 0 0 0 0 0 0 0 0 0 0 0 0 0 0 0 0 0 0 0 0 0 0 0 0 0 0 0 0 0 0 0 0 0 0 0 0 0 0 0 0 0 0 0 0 0 0 0 0 0 0 0 0 0 0 0 0 0 0 0 0 0 0 0
0 0 0 0 0 0 0 0 0 0 0 0 0 1 0 0 0 50 0 0 0 0 0 1 0 6 1 4 14 0 0 0 0 3 3 2 1 0 0 0 0 0 0 0 0 0 0 0 0 0 0 0 0 0 0 0 0 0 0 0 0 0 0 0 0 0 0 0 0 0 0 0 0 0 0 0 0 0 0 0 0 0 0 0 0 0 0 0 0 0 0 0 0 0 0 0 0 0 0 0 0 0 0 0 0 0 0 0 0 0 0 0 0 0 0 0 0 0 0 0 0 0 0 0 0 0 0 0 0 0 0 0 0 0 0 0 0 0 0 0 0 0 0 0 0 0 0 0 0 0
0 1 0 0 0 0 0 0 0 0 0 0 0 0 0 0 0 0 1 0 0 0 0 0 0 0 1 0 142 39 0 7 4 15 2 0 0 0 0 0 0 0 0 0 0 0 0 0 0 0 0 0 0 0 0 0 0 0 0 0 0 0 0 0 0 0 0 0 0 0 0 0 0 0 0 0 0 0 0 0 0 0 0 0 0 0 0 0 0 0 0 0 0 0 0 0 0 0 0 0 0 0 0 0 0 0 0 0 0 0 0 0 0 0 0 0 0 0 0 0 0 0 0 0 0 0 0 0 0 0 0 0 0 0 0 0 0 0 0 0 0 0 0 0 0 0 0 0 0 0
0 0 0 0 0 0 0 0 0 0 0 0 0 0 0 0 0 0 0 0 0 0 0 0 0 1 1 3 0 0 1 0 0 12 0 4 3 0 0 0 0 0 0 0 0 0 0 0 0 0 0 0 0 0 0 0 0 0 0 0 0 0 0 0 0 0 0 0 0 0 0 0 0 0 0 0 0 0 0 0 0 0 0 0 0 0 0 0 0 0 0 0 0 0 0 0 0 0 0 0 0 0 0 0 0 0 0 0 0 0 0 0 0 0 0 0 0 0 0 0 0 0 0 0 0 0 0 0 0 0 0 0 0 0 0 0 0 0 0 0 0 0 0 0 0 0 0 0 0 0
0 0 0 0 0 0 0 1 0 0 0 0 0 0 0 0 0 0 0 0 0 0 0 0 2 2 4 0 1 0 6 1 1 0 1 1 0 2 0 0 0 0 0 0 0 0 0 0 0 0 0 0 0 0 0 0 0 0 0 0 0 0 0 0 0 0 0 0 0 0 0 0 0 0 0 0 0 0 0 0 0 0 0 0 0 0 0 0 0 0 0 0 0 0 0 0 0 0 0 0 0 0 0 0 0 0 0 0 0 0 0 0 0 0 0 0 0 0 0 0 0 0 0 0 0 0 0 0 0 0 0 0 0 0 0 0 0 0 0 0 0 0 0 0 0 0 0 0 0 0
0 0 0 0 0 0 0 0 1 0 0 0 1 8 0 0 0 0 0 0 0 0 0 0 0 0 0 1 0 0 0 0 3 4 1 0 1 0 0 0 0 0 0 0 0 0 0 0 0 0 0 0 0 0 0 0 0 0 0 0 0 0 0 0 0 0 0 0 0 0 0 0 0 0 0 0 0 0 0 0 0 0 0 0 0 0 0 0 0 0 0 0 0 0 0 0 0 0 0 0 0 0 0 0 0 0 0 0 0 0 0 0 0 0 0 0 0 0 0 0 0 0 0 0 0 0 0 0 0 0 0 0 0 0 0 0 0 0 0 0 0 0 0 0 0 0 0 0 0 0
1 0 0 0 0 0 0 0 0 0 1 0 1 0 0 0 0 0 0 0 0 0 0 0 0 0 0 11 1 0 3 0 0 0 0 0 0 0 0 0 0 0 0 0 0 0 0 0 0 0 0 0 0 0 0 0 0 0 0 0 0 0 0 0 0 0 0 0 0 0 0 0 0 0 0 0 0 0 0 0 0 0 0 0 0 0 0 0 0 0 0 0 0 0 0 0 0 0 0 0 0 0 0 0 0 0 0 0 0 0 0 0 0 0 0 0 0 0 0 0 0 0 0 0 0 0 0 0 0 0 0 0 0 0 0 0 0 0 0 0 0 0 0 0 0 0 0 0 0 0
0 0 0 0 0 0 0 0 0 0 0 0 0 0 0 0 0 0 0 0 0 0 0 0 0 0 0 5 2 0 0 0 0 2 0 0 0 0 0 0 0 0 0 0 0 0 0 0 0 0 0 0 0 0 0 0 0 0 0 0 0 0 0 0 0 0 0 0 0 0 0 0 0 0 0 0 0 0 0 0 0 0 0 0 0 0 0 0 0 0 0 0 0 0 0 0 0 0 0 0 0 0 0 0 0 0 0 0 0 0 0 0 0 0 0 0 0 0 0 0 0 0 0 0 0 0 0 0 0 0 0 0 0 0 0 0 0 0 0 0 0 0 0 0 0 0 0 0 0 0
0 0 0 0 0 0 0 0 0 0 0 0 0 0 0 0 0 0 0 0 0 0 0 0 0 0 0 0 0 0 0 0 12 0 0 0 0 0 0 0 0 0 0 0 0 0 0 0 0 0 0 0 0 0 0 0 0 0 0 0 0 0 0 0 0 0 0 0 0 0 0 0 0 0 0 0 0 0 0 0 0 0 0 0 0 0 0 0 0 0 0 0 0 0 0 0 0 0 0 0 0 0 0 0 0 0 0 0 0 0 0 0 0 0 0 0 0 0 0 0 0 0 0 0 0 0 0 0 0 0 0 0 0 0 0 0 0 0 0 0 0 0 0 0 0 0 0 0 0 0
0 0 0 0 0 0 0 0 0 0 0 0 0 1 0 0 0 0 0 0 0 0 0 0 0 0 0 0 0 0 0 0 0 0 0 0 0 0 0 0 0 0 0 0 0 0 0 0 0 2 0 0 0 0 0 0 0 0 0 0 0 0 0 0 0 0 0 0 0 0 0 0 0 0 0 0 0 0 0 0 0 0 0 0 0 0 0 0 0 0 0 0 0 0 0 0 0 0 0 0 0 0 0 0 0 0 0 0 0 0 0 0 0 0 0 0 0 0 0 0 0 0 0 0 0 0 0 0 0 0 0 0 0 0 0 0 0 0 0 0 0 0 0 0 0 0 0 0 0 0
0 0 0 0 0 0 0 0 0 0 2 0 0 0 0 0 0 0 0 0 0 0 0 0 0 0 0 0 0 0 0 0 0 0 0 0 0 0 0 0 0 0 0 0 0 0 0 0 0 0 0 0 0 0 0 0 0 0 0 0 0 0 0 0 0 0 0 0 0 0 0 0 0 0 0 0 0 0 0 0 0 0 0 0 0 0 0 0 0 0 0 0 0 0 0 0 0 0 0 0 0 0 0 0 0 0 0 0 0 0 0 0 0 0 0 0 0 0 0 0 0 0 0 0 0 0 0 0 0 0 0 0 0 0 0 0 0 0 0 0 0 0 0 0 0 0 0 0 0 0
0 0 0 0 0 0 0 0 5 5 0 0 0 0 0 0 0 0 0 0 0 0 0 0 0 0 0 0 0 0 0 0 0 0 0 0 0 0 0 0 0 0 0 0 0 0 0 0 0 0 1 0 0 0 0 0 0 0 0 0 0 0 0 0 0 0 0 0 0 0 0 0 0 0 0 0 0 0 0 0 0 0 0 0 0 0 0 0 0 0 0 0 0 0 0 0 0 0 0 0 0 0 0 0 0 0 0 0 0 0 0 0 0 0 0 0 0 0 0 0 0 0 0 0 0 0 0 0 0 0 0 0 0 0 0 0 0 0 0 0 0 0 0 0 0 0 0 0 0 0
0 0 0 0 0 2 3 13 4 0 0 0 0 0 0 0 0 0 0 0 0 0 0 0 0 0 0 0 0 0 0 0 0 0 0 0 0 0 0 0 0 0 0 0 0 0 0 0 0 18 38 0 0 0 0 0 0 0 0 0 0 0 0 0 0 0 0 0 0 0 0 0 0 0 0 0 0 0 0 0 0 0 0 0 0 0 0 0 0 0 0 0 0 0 0 0 0 0 0 0 0 0 0 0 0 0 0 0 0 0 0 0 0 0 0 0 0 0 0 0 0 0 0 0 0 0 0 0 0 0 0 0 0 0 0 0 0 0 0 0 0 0 0 0 0 0 0 0 0 0
5 0 0 0 0 0 2 5 0 0 0 0 0 0 0 0 0 0 0 0 0 0 0 0 0 0 0 0 0 0 0 0 0 0 0 0 0 0 0 0 0 0 0 0 0 0 0 0 0 0 0 0 0 0 0 0 0 0 0 0 0 0 0 0 0 0 0 0 0 0 0 0 0 0 0 0 0 0 0 0 0 0 0 0 0 0 0 0 0 0 0 0 0 0 0 0 0 0 0 0 0 0 0 0 0 0 0 0 0 0 0 0 0 0 0 0 0 0 0 0 0 0 0 0 0 0 0 0 0 0 0 0 0 0 0 0 0 0 0 0 0 0 0 0 0 0 0 0 0 0
0 0 0 0 0 0 0 0 0 0 0 0 0 0 0 0 0 0 0 0 0 0 0 0 0 0 0 0 0 0 0 0 0 0 0 0 0 0 0 0 0 0 0 0 0 0 0 0 0 0 0 0 3 28 0 0 0 0 0 0 0 0 0 0 0 0 0 0 0 0 0 0 0 0 0 0 0 0 0 0 0 0 0 0 0 0 0 0 0 0 0 0 0 0 0 0 0 0 0 0 0 0 0 0 0 0 0 0 0 0 0 0 0 0 0 0 0 0 0 0 0 0 0 0 0 0 0 0 0 0 0 0 0 0 0 0 0 0 0 0 0 0 0 0 0 0 0 0 0 0
0 0 0 0 0 0 0 0 0 0 0 0 0 0 0 0 0 0 0 0 0 0 0 0 0 0 0 0 0 0 0 0 0 0 0 0 0 0 0 0 0 0 0 0 0 0 0 0 0 0 0 0 1 0 0 0 0 0 0 0 0 0 0 0 0 0 0 0 0 0 0 0 0 0 0 0 0 0 0 0 0 0 0 0 0 0 0 0 0 0 0 0 0 0 0 0 0 0 0 0 0 0 0 0 0 0 0 0 0 0 0 0 0 0 0 0 0 0 0 0 0 0 0 0 0 0 0 0 0 0 0 0 0 0 0 0 0 0 0 0 0 0 0 0 0 0 0 0 0 0
0 0 0 0 0 0 0 0 0 0 0 0 0 0 0 0 0 0 0 0 0 0 0 0 0 0 0 0 0 0 0 0 0 0 0 0 0 1 0 0 0 0 0 0 0 0 0 0 1 0 0 1 0 0 0 0 0 0 0 0 0 0 0 0 0 0 0 0 0 0 0 0 0 0 0 0 0 0 0 0 0 0 0 0 0 0 0 0 0 0 0 0 0 0 0 0 0 0 0 0 0 0 0 0 0 0 0 0 0 0 0 0 0 0 0 0 0 0 0 0 0 0 0 0 0 0 0 0 0 0 0 0 0 0 0 0 0 0 0 0 0 0 0 0 0 0 0 0 0 0
0 0 0 0 0 0 0 0 0 0 0 0 0 0 0 0 0 0 0 0 0 0 0 0 0 0 0 0 0 0 0 0 1 0 0 0 0 0 0 0 0 0 0 0 0 0 0 0 0 0 0 0 2 0 0 0 0 0 0 0 0 0 0 0 0 0 0 0 0 0 0 0 0 0 0 0 0 0 0 0 0 0 0 0 0 0 0 0 0 0 0 0 0 0 0 0 0 0 0 0 0 0 0 0 0 0 0 0 0 0 0 0 0 0 0 0 0 0 0 0 0 0 0 0 0 0 0 0 0 0 0 0 0 0 0 0 0 0 0 0 0 0 0 0 0 0 0 0 0 0
0 0 0 0 0 0 0 0 0 0 0 0 0 0 0 0 0 0 0 0 0 0 0 0 0 0 0 0 0 0 16 0 0 0 0 0 0 0 0 0 0 0 0 0 0 0 0 0 0 0 0 0 0 8 0 0 0 0 0 0 0 0 0 0 0 0 0 0 0 0 0 0 0 0 0 0 0 0 0 0 0 0 0 0 0 0 0 0 0 0 0 0 0 0 0 0 0 0 0 0 0 0 0 0 0 0 0 0 0 0 0 0 0 0 0 0 0 0 0 0 0 0 0 0 0 0 0 0 0 0 0 0 0 0 0 0 0 0 0 0 0 0 0 0 0 0 0 0 0 0
0 0 0 0 0 0 0 0 0 0 0 0 0 0 0 0 0 0 0 0 0 0 0 0 0 0 0 0 0 0 0 11 3 0 0 0 1 0 0 0 0 0 0 0 0 0 0 0 0 0 0 0 0 0 0 0 0 0 0 0 0 0 0 0 0 0 0 0 0 0 0 0 0 0 0 0 0 0 0 0 0 0 0 0 0 0 0 0 0 0 0 0 0 0 0 0 0 0 0 0 0 0 0 0 0 0 0 0 0 0 0 0 0 0 0 0 0 0 0 0 0 0 0 0 0 0 0 0 0 0 0 0 0 0 0 0 0 0 0 0 0 0 0 0 0 0 0 0 0 0
0 0 0 0 0 0 0 0 0 0 0 0 0 0 0 0 0 0 0 0 0 0 0 0 0 0 0 0 0 0 0 8 0 0 0 0 0 0 0 0 0 0 0 0 0 0 0 0 0 0 0 0 0 0 0 0 0 0 0 0 0 0 0 0 0 0 0 0 0 0 0 0 0 0 0 0 0 0 0 0 0 0 0 0 0 0 0 0 0 0 0 0 0 0 0 0 0 0 0 0 0 0 0 0 0 0 0 0 0 0 0 0 0 0 0 0 0 0 0 0 0 0 0 0 0 0 0 0 0 0 0 0 0 0 0 0 0 0 0 0 0 0 0 0 0 0 0 0 0 0
0 0 0 0 0 0 0 0 0 0 0 0 0 0 0 0 0 0 0 0 0 0 0 0 0 0 0 1 0 1 0 0 0 0 0 0 0 0 0 0 0 0 0 0 0 0 0 0 0 0 0 0 0 0 0 0 0 0 0 0 0 0 0 0 0 0 0 0 0 0 0 0 0 0 0 0 0 0 0 0 0 0 0 0 0 0 0 0 0 0 0 0 0 0 0 0 0 0 0 0 0 0 0 0 0 0 0 0 0 0 0 0 0 0 0 0 0 0 0 0 0 0 0 0 0 0 0 0 0 0 0 0 0 0 0 0 0 0 0 0 0 0 0 0 0 0 0 0 0 0
0 0 0 0 0 0 0 0 0 0 0 0 0 0 0 0 0 0 0 0 0 0 0 0 0 0 0 0 0 79 24 0 0 0 0 0 0 0 0 0 0 0 0 0 0 0 0 0 0 0 0 0 0 0 0 0 0 0 0 0 0 0 0 0 0 0 0 0 0 0 0 0 0 0 0 0 0 0 0 0 0 0 0 0 0 0 0 0 0 0 0 0 0 0 0 0 0 0 0 0 0 0 0 0 0 0 0 0 0 0 0 0 0 0 0 0 0 0 0 0 0 0 0 0 0 0 0 0 0 0 0 0 0 0 0 0 0 0 0 0 0 0 0 0 0 0 0 0 0 0
0 0 0 0 0 0 0 0 0 0 0 0 0 0 0 0 0 0 0 0 0 0 0 0 0 0 5 0 0 0 0 0 0 0 0 0 0 0 0 0 0 0 0 0 0 0 0 0 1 25 0 0 0 0 0 0 0 0 0 0 0 0 0 0 0 0 0 0 0 0 0 0 0 0 0 0 0 0 0 0 0 0 0 0 0 0 0 0 0 0 0 0 0 0 0 0 0 0 0 0 0 0 0 0 0 0 0 0 0 0 0 0 0 0 0 0 0 0 0 0 0 0 0 0 0 0 0 0 0 0 0 0 0 0 0 0 0 0 0 0 0 0 0 0 0 0 0 0 0 0
0 0 0 0 0 0 0 0 0 0 0 0 0 0 0 0 0 0 0 0 0 0 0 0 0 0 5 0 0 0 0 0 0 0 0 0 0 0 0 0 0 0 0 0 0 0 0 0 5 0 0 0 0 0 0 0 0 0 0 0 0 0 0 0 0 0 0 0 0 0 0 0 0 0 0 0 0 0 0 0 0 0 0 0 0 0 0 0 0 0 0 0 0 0 0 0 0 0 0 0 0 0 0 0 0 0 0 0 0 0 0 0 0 0 0 0 0 0 0 0 0 0 0 0 0 0 0 0 0 0 0 0 0 0 0 0 0 0 0 0 0 0 0 0 0 0 0 0 0 0
0 0 0 0 0 0 0 0 0 0 0 0 0 0 0 0 0 0 0 0 0 0 0 0 0 0 0 0 5 0 0 0 0 0 0 0 0 0 0 0 0 0 0 0 0 0 0 0 0 0 0 0 0 0 0 0 0 0 0 0 0 0 0 0 0 0 0 0 0 0 0 0 0 0 0 0 0 0 0 0 0 0 0 0 0 0 0 0 0 0 0 0 0 0 0 0 0 0 0 0 0 0 0 0 0 0 0 0 0 0 0 0 0 0 0 0 0 0 0 0 0 0 0 0 0 0 0 0 0 0 0 0 0 0 0 0 0 0 0 0 0 0 0 1 0 0 0 0 0 4
0 0 0 0 0 0 0 0 0 0 0 0 0 0 0 0 0 0 0 0 0 0 0 0 0 0 0 0 0 0 0 0 0 0 0 0 0 0 0 0 0 0 0 0 0 0 0 0 0 0 0 0 0 0 0 0 0 0 0 0 0 0 0 0 0 0 0 0 0 0 0 0 0 0 0 0 0 0 0 0 0 0 0 0 0 0 0 0 0 0 0 0 0 0 0 0 0 0 0 0 0 0 0 0 0 0 0 0 0 0 0 0 0 0 0 0 0 0 0 0 0 0 0 0 0 0 0 0 0 0 0 0 0 0 0 0 0 0 0 0 0 0 0 0 0 0 0 0 0 0
0 0 0 0 0 0 0 0 0 0 0 0 0 0 0 0 0 0 0 0 0 0 0 0 0 0 0 0 0 0 0 0 0 0 0 0 0 0 0 0 0 0 0 0 0 0 0 0 0 0 0 0 0 0 0 0 0 0 0 0 0 0 0 0 0 0 0 0 0 0 0 0 0 0 0 0 0 0 0 0 0 0 0 0 0 0 0 0 0 0 0 0 0 0 0 0 0 0 0 0 0 0 0 0 0 0 0 0 0 0 0 0 0 0 0 0 0 0 0 0 0 0 0 0 0 0 0 0 0 0 0 0 0 0 0 0 0 0 0 0 0 0 0 0 0 0 0 0 0 0
0 0 0 0 0 0 0 0 0 0 0 0 0 0 0 0 0 0 0 0 0 0 0 0 0 0 0 0 0 0 0 0 0 0 0 0 0 0 0 0 0 0 0 0 0 0 0 0 0 0 0 0 0 0 0 0 0 0 0 0 0 0 0 0 0 0 0 0 0 0 0 0 0 0 0 0 0 0 0 0 0 0 0 0 0 0 0 0 0 0 0 0 0 0 0 0 0 0 0 0 0 0 0 0 0 0 0 0 0 0 0 0 0 0 0 0 0 0 0 0 0 0 0 0 0 0 0 0 0 0 0 0 0 0 0 0 0 0 0 0 0 0 0 0 0 0 0 0 0 0
0 0 0 0 0 0 0 0 0 0 0 0 0 0 0 0 0 0 0 0 0 0 0 0 0 0 0 0 0 0 0 0 0 0 0 0 0 0 0 0 0 0 0 0 0 0 0 0 0 0 0 0 0 0 0 0 0 0 0 0 0 0 0 0 0 0 0 0 0 0 0 0 0 0 0 0 0 0 0 0 0 0 0 0 0 0 0 0 0 0 0 0 0 0 0 0 0 0 0 0 0 0 0 0 0 0 0 0 0 0 0 0 0 0 0 0 0 0 0 0 0 0 0 0 0 0 0 0 0 0 0 0 0 0 0 0 0 0 0 0 0 0 0 0 0 0 0 0 1 0
0 0 0 0 0 0 0 0 0 0 0 0 0 0 0 0 0 0 0 0 0 0 0 0 0 0 0 0 0 0 0 0 0 0 0 0 0 0 0 0 0 0 0 0 0 0 0 0 0 0 0 0 0 0 0 0 0 0 0 0 0 0 0 0 0 0 0 0 0 0 0 0 0 0 0 0 0 0 0 0 0 0 0 0 0 0 0 0 0 0 0 0 0 0 0 0 0 0 0 0 0 0 0 0 0 0 0 0 0 0 0 0 0 0 0 0 0 0 0 0 0 0 0 0 0 0 0 0 0 0 0 0 0 0 0 0 0 0 0 0 0 0 0 0 0 0 0 0 0 0
