0 0 24 6 0 0 2 0 11 139 8 13 0 17 0 0 0 9 0 0 0 6 2 0 1 27 0 1 0 0 0 0 0 3 9 3 0 0 0 7 0 2 0 0 6 0 0 0 0 0 0 0 0 0 3 1 0 0 1 6 74 15 10 4 1 4 1 0 0 0 0 17 22 156 240 363 143 26 65 22 33 234 59 66 108 287 271 219 45 339 1170 718 127 658 434 639 1252 818 1097 183 229 120 27 36 49 49 95 533 273 17 13 10 45 110 58 36 79 17 2 0 4 81 45 10 1 19 0 3 21 14 7 30 0 29 9 0 0 3 0 0 5 0 1 0 1 0 0 0 1 20
2 6 21 5 2 0 0 0 0 37 22 20 12 1 0 0 0 2 22 0 0 5 32 0 16 33 0 7 0 0 0 0 0 0 0 2 0 1 5 0 0 0 1 0 0 0 0 0 0 0 0 0 0 2 6 0 0 0 0 36 172 30 7 17 4 0 0 2 0 0 0 9 84 74 51 12 50 88 9 46 127 113 20 10 91 275 396 179 393 351 109 44 441 425 289 523 749 574 890 759 331 137 48 28 4 5 0 25 82 15 10 4 2 8 66 23 4 19 0 14 4 10 16 13 4 1 1 10 17 27 34 6 69 64 1 0 0 0 1 105 13 0 0 0 0 0 0 0 0 0
0 0 0 2 8 0 0 0 0 19 8 56 16 5 0 0 0 3 3 1 2 5 96 35 12 0 3 9 0 0 0 0 0 0 0 6 21 7 0 9 2 0 0 4 0 0 0 0 0 0 0 0 0 1 17 0 0 1 1 11 19 12 3 5 0 0 2 0 0 2 0 11 8 0 6 2 38 53 152 193 162 63 3 47 53 257 634 238 9 7 156 55 221 750 669 774 327 457 332 512 821 428 12 89 34 11 2 36 246 125 40 11 5 19 6 9 33 56 13 2 166 16 3 4 5 5 0 8 0 43 7 4 108 150 0 0 11 0 2 120 16 1 0 0 0 0 0 0 0 0
51 31 0 0 0 0 1 0 0 4 0 0 0 0 0 0 2 1 11 7 0 0 8 17 24 0 6 20 12 0 0 0 0 0 0 3 0 1 0 3 4 0 0 0 0 0 0 0 0 0 4 0 0 0 381 25 2 18 37 1 2 0 17 12 0 0 0 0 0 1 18 172 14 3 4 16 50 78 282 479 117 119 200 363 178 20 104 214 5 267 1099 1219 1544 700 894 465 201 219 663 631 680 640 194 13 59 144 46 20 340 132 35 44 64 15 6 16 11 105 51 125 33 85 22 1 3 7 0 2 16 5 8 9 30 1 16 4 16 7 1 13 65 3 0 0 0 0 0 0 0 0
13 25 0 0 0 0 0 0 6 3 0 0 0 0 0 27 7 2 1 2 4 0 5 0 1 0 1 0 0 0 0 1 1 0 21 11 15 0 1 0 2 1 0 0 0 0 0 0 1 10 5 0 1 0 46 236 45 40 0 0 0 0 0 22 0 0 0 0 1 23 129 67 143 173 66 65 39 120 374 398 293 333 360 479 290 107 78 76 18 462 1529 1435 628 877 474 252 101 797 394 727 672 1124 721 621 345 217 83 42 12 9 7 29 36 44 14 0 3 30 111 79 211 752 165 32 0 2 4 0 3 6 4 0 0 0 64 8 0 0 0 1 42 7 0 1 0 0 0 0 0 0
11 3 0 0 0 0 0 0 3 0 3 0 0 0 0 11 2 2 14 77 37 11 0 0 0 0 0 0 0 0 3 3 0 0 157 168 45 30 0 0 0 10 0 0 0 0 0 0 0 21 40 13 1 2 5 74 50 26 5 0 0 0 4 4 0 0 0 0 5 83 140 199 152 129 243 81 33 55 59 463 804 757 423 107 8 201 119 30 12 264 1671 1167 178 418 1160 794 214 1491 694 532 474 531 1167 533 54 154 36 70 10 2 1 6 2 34 18 11 32 20 4 18 221 194 0 6 2 9 2 1 1 3 6 0 3 0 0 1 7 0 0 0 3 2 0 0 0 0 0 0 0 0
0 0 0 0 0 0 0 0 0 5 10 0 0 1 2 0 0 0 1 1 1 3 5 0 0 0 0 0 0 0 2 0 1 0 0 27 3 3 1 0 0 0 0 0 0 0 0 0 0 1 1 3 11 8 2 49 14 2 53 30 7 6 3 0 4 0 0 0 3 75 70 133 209 363 341 164 349 156 557 554 1140 1144 1062 748 291 21 18 206 69 103 1566 1265 194 633 1082 486 394 583 623 78 50 411 150 226 35 86 138 15 13 39 63 193 252 51 43 34 7 4 34 20 137 129 12 1 5 6 5 2 0 0 0 0 0 0 1 0 0 27 0 0 0 1 2 1 0 0 0 0 0 0
4 0 0 1 0 0 0 0 0 0 2 1 0 0 0 0 0 0 0 0 0 0 0 0 0 0 0 0 0 1 11 0 0 0 16 4 0 1 18 11 0 0 0 0 0 0 0 0 0 0 0 0 9 26 4 23 5 52 73 60 69 57 20 4 19 28 0 0 3 188 3 1 18 45 133 78 145 119 679 945 1384 800 1045 209 151 180 276 775 274 71 767 124 58 547 455 475 343 777 675 280 147 385 413 649 181 236 25 45 136 39 311 452 117 60 29 82 2 4 6 21 17 13 8 16 15 6 20 1 6 1 0 0 0 0 0 0 0 0 0 0 0 0 0 0 0 0 0 0 0 0
6 0 0 0 0 0 1 0 5 8 0 2 1 8 9 0 0 0 0 0 0 0 0 0 0 0 0 0 0 0 0 0 0 0 3 1 0 0 0 1 0 0 0 0 0 0 0 0 0 0 0 0 1 19 0 1 3 26 20 59 427 275 29 2 3 43 3 0 4 61 4 0 1 17 0 24 27 58 166 692 1036 1393 872 49 24 46 814 335 360 99 15 24 528 1101 1282 1515 180 411 369 280 350 225 96 367 804 162 324 275 38 42 654 246 204 8 44 10 0 7 7 6 19 8 10 13 18 1 0 2 8 0 13 1 0 0 0 0 0 0 0 0 0 0 0 0 0 0 0 0 0 0
0 0 0 0 0 0 0 1 9 7 0 0 0 1 0 0 0 0 0 0 0 0 0 1 0 0 0 0 0 0 0 0 0 0 0 0 0 0 0 0 0 0 0 0 0 0 4 0 5 1 4 0 25 7 0 0 1 0 0 18 55 123 35 24 1 8 0 1 0 13 0 1 0 0 0 16 20 89 704 683 1162 825 758 385 910 646 423 213 249 248 77 10 28 637 1135 1308 829 139 109 11 72 229 26 6 117 401 318 208 44 24 530 465 382 92 4 205 355 442 241 41 52 44 19 33 66 22 9 8 7 20 95 23 0 0 0 2 0 0 0 0 0 0 0 0 0 0 0 0 0 1
0 0 3 0 0 0 3 0 11 0 4 11 0 0 0 3 2 2 2 0 0 0 0 0 0 0 0 0 0 0 0 1 0 0 1 4 0 0 1 1 0 8 0 1 1 0 3 24 21 27 13 4 5 3 0 1 0 11 66 31 0 114 8 6 0 0 2 0 3 13 0 0 0 0 0 0 39 35 215 383 493 259 567 276 295 426 319 536 584 447 49 1 9 233 545 952 897 37 42 64 24 20 3 17 191 419 792 406 185 123 513 275 233 71 2 139 316 808 581 243 442 186 261 155 140 435 118 82 74 52 9 91 36 35 37 0 0 0 0 0 0 0 0 0 0 0 0 0 0 0
4 0 1 0 0 0 0 0 17 5 0 0 0 0 0 0 19 25 3 3 0 0 0 0 0 0 0 0 0 0 0 0 0 8 2 2 0 1 0 16 4 9 35 8 1 0 1 0 1 1 0 0 14 4 7 1 0 0 0 6 1 3 0 1 3 5 3 3 1 0 5 2 0 0 0 3 116 18 144 447 733 236 138 136 315 205 34 30 139 653 54 0 8 4 16 128 975 507 436 18 0 0 23 57 59 54 508 321 40 77 431 291 95 211 63 185 405 357 1063 704 326 448 180 89 119 164 0 0 0 27 14 0 101 38 29 3 0 0 0 0 0 0 0 0 0 0 0 0 0 3
4 0 1 0 0 1 4 0 6 3 0 0 0 0 0 0 0 30 11 9 17 11 0 0 0 0 0 0 0 0 1 0 0 0 0 6 1 4 0 0 0 3 77 2 29 0 0 14 0 0 0 0 13 1 3 0 0 0 5 7 1 10 0 1 0 1 4 3 0 8 22 0 0 0 0 61 145 76 157 124 170 297 119 25 55 14 6 0 5 3 0 0 13 38 107 34 807 571 878 648 9 10 78 33 37 19 35 400 682 336 824 710 140 555 149 71 28 82 1212 1006 200 247 147 2 26 129 2 0 44 43 0 0 41 27 20 0 0 0 0 0 0 0 0 0 0 0 0 0 0 0
0 0 0 0 0 0 1 2 0 2 1 0 0 0 0 0 0 2 85 18 8 1 1 0 0 0 0 0 0 1 11 0 0 0 0 0 1 0 0 0 0 1 1 68 45 0 0 0 10 0 2 36 0 0 0 0 0 0 13 0 15 8 1 8 0 0 41 22 24 13 91 0 3 7 5 465 810 504 284 29 56 385 90 28 28 158 4 1 3 56 2 1 1 44 12 33 171 694 250 324 0 29 349 145 438 84 113 430 275 725 1280 1787 909 279 273 304 447 403 1045 534 170 85 3 6 0 41 11 0 9 2 0 0 1 2 0 0 0 0 0 0 0 0 0 0 0 0 0 0 0 0
0 0 0 0 0 0 3 2 13 13 0 0 0 0 0 0 0 0 9 1 15 0 0 1 4 0 0 0 0 1 1 0 0 0 0 0 0 0 0 0 0 0 0 15 39 2 0 0 0 8 6 47 3 0 5 5 3 6 12 21 107 29 10 12 10 22 184 126 254 188 72 3 11 2 114 961 1406 1009 445 65 1 166 56 2 6 25 48 23 0 39 33 14 5 2 0 2 70 372 206 293 26 77 637 465 1580 1272 2209 1414 1140 1025 1061 926 779 631 558 316 159 97 89 85 145 166 51 27 0 17 61 14 8 12 11 0 0 0 0 0 0 0 0 0 0 0 0 0 0 0 0 0 0 0
0 0 0 0 0 0 0 52 14 2 0 0 0 0 0 0 0 0 24 3 0 29 24 4 0 0 0 0 0 3 0 0 0 0 0 0 0 0 0 0 1 3 0 0 3 24 0 0 0 40 75 99 1 0 0 10 69 107 9 104 18 28 2 28 41 75 149 86 124 140 241 98 196 157 580 1061 1579 925 293 58 10 27 0 0 0 0 18 75 7 75 4 10 2 0 11 43 38 22 32 16 17 1 1200 814 749 678 1213 421 603 1113 2019 1109 1568 427 406 474 62 226 353 108 41 5 159 273 67 76 14 6 3 0 0 0 0 0 21 1 0 0 0 0 0 0 0 0 0 0 0 0 0 0
0 0 0 0 0 0 0 5 2 0 0 0 1 0 0 0 5 2 0 1 2 0 31 43 17 2 13 0 0 0 0 0 0 0 0 0 0 0 0 0 1 0 0 2 0 23 2 2 2 24 27 9 12 16 9 100 89 181 60 37 3 2 0 0 0 2 0 1 0 0 2 4 80 124 386 456 435 388 133 0 0 0 6 0 0 0 0 78 100 10 0 0 4 2 3 18 34 0 1 117 28 276 927 780 419 163 403 321 435 893 925 407 921 433 518 214 40 96 158 13 0 2 40 45 38 332 4 12 7 0 0 0 0 0 0 0 0 0 0 0 0 0 0 0 0 0 0 0 0 0
0 1 1 1 0 6 1 6 0 0 0 1 3 0 0 1 0 6 0 2 1 1 0 3 28 6 6 28 0 1 2 0 0 0 0 0 0 0 0 2 0 0 12 0 0 43 57 4 3 38 55 37 7 72 48 28 67 86 366 16 5 1 1 0 2 8 59 47 10 37 99 20 148 23 96 164 155 165 10 9 2 0 6 7 0 2 0 19 69 2 0 29 87 61 26 4 2 0 25 494 202 172 160 150 159 527 232 178 683 462 106 253 93 230 180 34 123 157 21 1 1 3 3 25 69 906 162 42 6 5 0 0 0 0 0 0 1 0 0 0 0 0 0 0 0 0 0 0 0 0
0 0 1 1 5 9 0 0 0 0 0 0 2 2 0 3 1 0 2 12 0 2 4 0 2 1 42 48 34 0 0 0 0 0 0 10 4 0 0 0 0 0 0 14 50 29 20 4 26 415 114 30 28 21 4 36 154 122 27 44 73 29 0 0 0 2 6 4 3 36 42 15 48 30 1 116 267 49 26 26 32 0 8 23 1 18 8 16 11 0 5 64 68 311 31 0 0 69 212 44 138 370 102 50 138 204 184 533 433 0 0 93 12 493 74 0 38 0 0 0 0 0 11 25 94 202 239 341 83 4 0 0 0 0 0 0 0 0 0 0 0 0 0 0 0 0 0 0 0 0
0 0 0 2 0 0 0 0 0 0 0 2 1 3 1 0 0 0 1 0 8 20 271 3 6 3 6 28 172 5 0 0 1 0 3 0 0 0 0 0 0 0 12 62 19 147 133 18 3 195 55 1 1 11 58 9 47 67 4 0 1 0 0 0 1 17 0 0 4 8 83 42 11 0 4 40 19 0 2 2 5 0 1 3 0 32 30 0 7 17 15 27 8 8 0 24 0 29 17 5 799 1141 933 223 90 213 104 345 166 6 0 0 9 278 69 0 0 0 0 0 0 0 0 4 14 8 25 115 17 0 0 0 0 0 0 0 0 0 0 0 0 0 0 0 0 0 0 0 0 0
0 0 0 0 2 0 0 0 0 0 0 0 0 13 0 0 1 1 4 1 2 4 39 4 0 7 6 10 5 5 3 22 19 0 1 0 0 0 0 2 10 13 10 16 14 22 16 29 107 391 358 79 23 70 34 10 7 5 1 0 1 5 29 17 187 107 0 2 7 21 83 26 7 0 6 152 196 75 3 46 12 10 9 4 1 0 4 1 45 28 11 0 0 0 1 1 0 1 362 432 1431 1075 565 139 3 35 148 327 7 0 0 0 0 16 0 0 1 0 0 0 0 0 10 9 0 0 61 42 0 0 0 0 0 0 0 0 0 0 0 0 0 0 0 0 0 0 0 0 0 0
0 0 0 1 0 0 0 0 0 0 0 0 0 12 3 0 0 0 0 0 3 0 20 4 8 7 3 0 0 1 6 75 17 1 3 0 0 14 0 0 73 8 1 0 0 0 14 40 239 807 428 311 26 7 1 3 0 4 0 0 2 9 0 0 8 16 40 6 5 70 55 31 32 0 0 39 109 85 77 113 21 51 15 29 18 8 10 13 223 58 16 9 0 5 2 11 3 0 80 400 190 93 54 1 4 27 181 94 25 0 0 0 2 119 0 0 0 0 0 0 0 0 0 0 0 47 68 2 0 12 13 0 0 0 0 0 0 0 0 0 0 0 0 0 0 0 0 0 0 0
0 0 0 3 0 0 0 0 0 0 0 0 0 2 4 0 1 0 0 0 1 1 8 3 2 0 0 0 0 0 1 6 97 17 2 0 22 149 22 14 0 0 0 0 0 0 18 28 56 435 276 133 16 0 0 2 0 22 7 2 2 0 0 0 8 1 39 7 0 12 11 24 77 8 2 6 16 20 26 30 5 47 37 0 1 10 14 1 0 0 0 4 1 12 0 2 8 0 0 1 5 0 9 50 94 44 74 68 113 84 42 10 68 0 0 0 0 0 0 0 0 0 0 2 54 104 97 0 0 0 6 0 0 0 0 0 0 0 0 0 0 0 0 0 0 0 0 0 0 0
0 0 2 0 0 0 0 0 0 0 0 0 0 0 1 0 4 10 0 12 1 0 0 1 0 0 0 0 0 1 2 3 8 11 6 6 20 58 13 0 0 0 0 0 11 112 52 57 2 134 159 58 6 5 5 11 13 15 0 0 0 0 0 0 0 1 0 1 0 0 0 7 138 87 3 11 0 0 0 1 0 14 121 121 2 1 2 2 0 0 0 4 3 2 0 0 0 0 2 4 6 0 5 99 103 49 65 8 2 34 4 787 30 0 0 0 0 0 0 0 0 0 1 9 5 17 51 107 5 0 0 0 0 0 0 0 0 0 0 0 0 0 0 0 0 0 0 0 0 0
0 0 0 0 0 0 0 0 0 0 0 0 0 2 0 0 0 0 0 0 2 0 1 0 0 1 0 0 0 0 0 1 9 16 85 0 0 51 0 0 0 0 0 41 53 49 72 3 17 23 77 59 52 16 29 9 10 3 1 1 0 0 0 0 2 0 0 19 10 8 2 6 6 7 72 13 0 0 0 0 1 3 19 61 23 7 0 2 0 0 5 2 1 2 1 0 9 1 0 4 10 3 5 29 495 0 0 4 0 0 0 83 6 0 0 2 0 0 0 0 0 0 0 0 0 33 62 41 0 0 3 0 0 0 0 0 2 0 0 0 0 0 0 0 0 0 0 0 0 0
0 0 0 0 0 0 0 0 0 0 0 0 0 0 12 0 0 5 6 0 0 4 2 4 0 0 0 5 0 0 0 0 9 80 35 5 0 10 1 0 2 0 0 12 90 19 2 0 18 1 66 3 0 3 0 1 2 0 0 0 5 0 0 2 24 11 0 12 3 9 3 48 0 6 0 6 9 6 0 0 1 1 0 17 0 6 2 15 1 7 0 7 0 0 3 0 4 4 0 1 6 18 3 122 208 168 1 8 0 0 4 44 6 3 14 6 0 0 0 2 1 0 0 0 0 89 26 53 1 0 0 0 0 0 0 1 8 32 0 0 0 0 0 0 0 0 0 0 0 0
0 0 0 0 0 0 0 0 0 0 1 0 0 0 10 0 0 1 0 0 0 0 1 1 0 0 1 12 6 0 0 3 1 5 26 13 0 0 3 13 2 1 5 10 148 3 8 20 0 7 31 32 3 0 1 0 0 2 0 0 0 0 0 2 9 0 0 0 6 1 12 7 0 1 0 1 15 6 0 0 0 0 19 7 2 2 14 7 3 0 26 2 2 1 0 8 5 0 0 1 6 18 13 6 59 319 43 6 0 0 0 0 0 6 8 19 0 0 12 1 0 0 0 0 99 185 19 38 0 0 0 0 0 0 10 0 6 17 0 0 0 0 0 0 0 0 0 0 0 0
0 0 0 0 0 0 0 0 0 0 1 0 0 9 6 5 8 33 5 0 2 25 17 2 2 0 0 1 4 2 6 5 0 39 4 0 3 14 5 10 49 137 15 142 138 5 11 1 1 3 0 44 16 2 2 4 0 0 0 0 0 0 1 0 0 0 0 2 11 20 110 20 5 7 0 1 0 9 1 0 0 0 0 0 2 0 4 14 11 5 5 0 2 0 1 0 0 0 0 2 2 7 25 19 17 637 826 31 5 0 0 0 0 0 0 0 9 140 66 1 0 0 0 34 95 33 62 267 354 13 0 0 0 0 0 8 10 8 0 0 0 0 0 0 0 0 0 0 0 0
0 0 0 0 0 0 0 2 0 1 1 5 15 35 9 6 24 88 1 7 1 5 3 3 0 0 0 6 34 4 2 3 9 1 6 27 20 29 117 242 414 721 325 267 71 13 0 1 4 1 1 6 60 15 1 0 0 0 0 0 0 0 1 0 0 0 1 0 0 4 19 23 16 1 30 14 1 8 4 0 0 3 7 0 4 0 0 0 7 6 5 4 1 2 18 30 8 2 0 0 0 4 8 31 291 470 335 400 20 0 0 0 0 0 0 7 216 117 21 0 0 0 9 114 143 245 729 555 125 60 0 0 2 8 0 9 0 0 0 0 0 0 0 0 0 0 0 0 0 0
0 0 0 0 0 0 0 3 6 13 20 54 33 0 0 0 2 7 1 0 5 9 12 33 9 7 3 0 0 2 10 0 0 8 59 45 13 4 158 287 679 1113 717 775 39 2 6 7 3 0 3 0 47 67 29 9 0 0 0 0 0 0 0 0 0 0 0 0 1 0 3 2 3 0 0 1 0 8 13 0 0 0 1 2 10 0 0 0 7 8 0 1 8 38 9 22 0 0 0 3 0 0 10 8 9 73 7 146 28 0 0 0 1 0 154 140 573 322 63 22 17 29 12 133 181 170 427 452 350 443 46 76 19 100 5 0 0 0 0 0 0 0 0 0 0 0 0 0 0 0
0 0 0 0 0 0 1 4 0 7 0 0 4 0 1 3 0 4 11 24 0 17 118 18 0 0 0 0 0 1 11 7 0 4 7 15 43 61 53 127 606 378 479 263 41 19 10 2 1 5 3 0 10 2 4 3 0 0 0 0 0 0 0 0 0 0 0 0 10 0 0 0 0 0 0 3 9 8 2 1 9 10 8 3 36 1 0 1 19 22 2 0 4 35 1 0 9 6 6 1 0 2 3 3 7 1 0 15 56 6 2 5 4 0 88 758 954 486 148 207 162 82 56 5 5 9 462 602 23 36 32 221 478 44 32 3 0 0 0 0 0 0 0 0 0 0 0 0 0 0
0 0 0 0 0 0 3 0 1 3 5 13 4 2 0 2 1 1 25 14 276 78 6 0 0 0 0 0 2 17 4 6 18 56 12 13 0 2 5 96 646 370 452 127 150 43 13 0 2 19 3 1 37 18 12 2 0 0 0 0 0 0 0 0 0 0 0 0 0 1 0 0 0 0 0 0 1 3 7 2 25 15 45 188 37 3 0 0 1 0 0 2 17 12 2 0 13 14 0 1 2 1 0 0 4 4 1 19 269 141 341 518 112 153 596 1019 549 285 84 367 79 164 8 1 186 296 407 109 7 0 79 373 266 86 65 9 0 0 0 0 0 0 0 0 0 0 0 0 0 0
0 0 0 0 0 0 2 4 0 0 4 12 5 12 4 4 8 6 22 7 96 0 0 0 0 0 0 1 0 15 14 15 11 3 1 9 10 2 2 22 40 105 95 36 4 0 1 0 0 1 3 1 46 1 2 0 3 8 0 0 0 0 0 0 0 0 0 0 0 1 11 0 0 0 0 7 2 33 14 1 2 16 13 6 0 0 1 0 6 1 9 0 0 9 5 8 2 0 0 0 8 1 0 6 0 14 15 16 186 66 232 150 41 392 947 590 251 252 92 447 91 20 0 27 14 174 135 0 0 0 94 259 1 0 2 0 0 0 0 0 0 0 0 0 0 0 0 0 0 0
0 0 0 0 0 10 29 4 0 1 0 0 0 9 24 11 4 0 33 39 18 0 0 0 0 0 1 0 3 7 66 1 36 3 15 2 3 7 14 2 14 24 2 1 1 2 0 0 3 2 0 4 204 18 19 79 21 4 1 0 0 0 0 0 0 0 0 0 0 0 0 0 0 0 0 0 0 9 12 3 0 1 3 0 0 0 0 0 4 0 1 0 3 35 2 0 10 1 0 1 2 0 0 1 0 0 18 109 53 13 1 18 212 314 286 419 167 288 210 377 260 3 0 0 0 0 4 0 0 0 2 84 36 0 0 0 0 0 0 0 0 0 0 0 0 0 0 0 0 0
0 0 0 0 2 0 4 14 0 4 2 0 6 37 2 8 17 12 5 0 2 6 5 0 0 0 0 26 26 8 20 61 17 0 8 5 1 7 3 11 17 27 27 3 6 0 12 1 0 0 0 24 145 86 7 22 1 0 0 0 0 0 0 0 0 0 0 0 0 0 0 0 0 0 0 0 9 10 3 0 0 0 0 0 0 0 0 0 29 2 16 1 25 51 5 15 3 4 0 5 4 0 0 1 0 0 7 77 600 30 0 0 3 0 3 0 15 27 374 644 63 0 0 0 0 3 8 0 0 0 0 5 87 2 0 0 0 0 0 0 0 0 0 0 0 0 0 0 0 0
1 1 2 12 1 0 17 68 10 5 6 10 5 0 2 167 55 31 4 10 0 0 4 0 3 10 7 31 1 6 9 9 8 2 0 5 0 2 3 4 16 6 0 3 19 0 1 0 0 0 0 73 3 82 55 4 2 0 1 0 0 0 0 0 0 0 0 0 0 0 0 0 0 0 0 0 5 29 0 0 0 0 1 0 0 0 0 0 12 1 10 0 7 42 0 0 0 1 14 0 0 0 4 9 13 9 50 72 223 0 0 0 0 0 5 0 0 2 119 299 309 394 0 0 8 74 0 0 0 45 85 19 58 4 0 0 0 0 0 0 0 0 0 0 0 0 0 0 0 0
0 0 0 0 0 105 5 0 0 7 51 12 2 3 19 41 34 35 16 2 0 1 1 0 4 10 2 0 3 0 1 0 0 4 5 0 0 0 0 10 0 26 5 0 0 1 0 1 0 0 3 47 43 47 109 17 3 0 0 0 0 0 0 0 0 0 0 0 0 0 0 0 0 1 0 0 1 26 97 9 3 4 0 0 0 0 2 112 13 0 6 5 7 4 0 4 0 5 3 10 39 16 11 8 9 28 27 17 58 2 3 0 0 12 129 183 211 480 114 226 769 176 1 27 267 51 0 0 0 169 187 0 0 0 0 0 0 0 0 0 0 0 0 0 0 0 0 0 0 0
0 0 2 1 0 2 1 0 12 5 9 132 9 10 0 2 1 8 2 1 8 0 3 10 24 2 2 2 31 0 1 0 1 0 0 0 0 1 5 0 1 14 17 21 2 1 2 0 0 0 3 69 43 5 1 2 0 0 2 1 0 0 0 0 0 0 0 0 0 0 0 0 0 0 0 0 0 8 50 16 0 3 0 0 0 0 1 19 1 0 2 0 5 3 0 0 0 0 4 6 0 0 7 9 22 0 15 39 32 9 0 0 2 0 116 505 773 501 60 40 126 235 267 383 228 2 0 0 3 495 159 5 0 0 0 0 0 0 0 0 0 0 0 0 0 0 0 0 0 0
0 0 6 1 0 0 7 4 1 1 24 35 0 0 0 2 0 0 2 4 1 0 1 1 1 1 3 2 6 1 0 0 0 0 0 0 0 1 15 2 0 0 0 4 3 1 0 2 0 0 3 96 5 7 4 1 0 0 1 3 0 0 0 0 0 0 0 0 0 0 0 0 0 0 0 2 1 1 105 83 34 23 34 1 0 1 3 0 1 1 0 0 4 14 0 0 0 0 0 20 2 3 4 6 1 2 9 7 94 1 0 15 43 23 36 40 7 41 536 261 47 257 974 543 471 330 182 315 1233 1960 900 22 0 0 0 0 0 0 0 1 0 0 0 0 0 0 0 0 0 1
0 6 2 0 10 10 1 0 0 9 35 2 0 1 1 5 1 1 1 0 0 0 0 0 1 33 40 0 0 0 0 0 0 3 5 0 0 1 1 7 3 2 3 0 2 0 15 2 0 0 4 411 48 10 2 2 0 0 1 0 0 0 0 0 0 0 0 0 0 0 0 0 0 0 0 0 3 13 36 0 1 46 28 0 0 0 0 0 7 8 1 8 2 18 6 35 13 2 0 1 14 0 3 3 17 15 23 7 122 44 6 17 38 3 2 27 12 202 433 553 498 817 831 976 1876 1184 974 983 1161 872 1187 6 0 0 1 0 0 0 0 0 0 0 0 0 0 0 0 0 0 0
0 4 0 0 7 4 0 2 423 6 2 1 1 3 7 29 3 1 0 0 0 0 0 0 0 8 10 0 3 0 0 0 1 1 3 1 19 0 1 0 1 0 1 0 0 0 1 0 11 43 627 647 21 140 15 21 4 4 8 4 3 3 0 0 0 0 0 0 0 0 0 0 0 0 0 3 1 0 8 2 0 3 2 0 0 0 0 0 3 2 0 1 13 0 0 2 0 0 1 4 17 7 43 2 36 34 76 60 5 24 14 2 11 6 13 20 6 76 504 1690 1480 741 407 775 1621 1086 255 737 675 51 148 28 0 0 0 0 0 0 0 0 0 0 0 0 0 0 0 0 0 0
5 4 0 13 4 0 4 0 14 5 2 2 7 5 2 2 10 4 0 0 0 0 0 0 9 3 0 2 2 0 0 48 23 2 0 2 0 0 1 0 0 0 1 0 0 0 0 0 1 37 832 899 780 901 78 19 1 5 2 9 1 0 0 0 0 0 0 0 0 0 0 0 0 0 2 0 0 0 0 25 0 1 0 0 0 0 0 16 72 0 0 21 9 0 0 0 0 0 0 2 7 0 35 57 13 133 326 130 4 0 2 14 2 4 8 23 24 7 146 778 447 643 354 2034 1824 922 444 265 15 642 2080 791 0 0 0 0 0 0 0 0 0 0 0 0 0 0 0 0 0 1
3 4 2 27 3 3 13 13 8 6 8 48 0 5 0 0 0 0 0 0 0 0 0 1 2 0 1 0 0 0 0 33 11 7 2 2 4 0 0 0 0 0 0 2 0 1 4 0 1 12 310 524 727 557 71 114 10 0 5 2 0 0 0 0 0 0 0 0 0 0 0 0 0 0 0 0 0 0 0 50 0 9 2 0 0 0 0 22 70 5 0 46 134 1 0 0 0 0 0 48 31 68 42 28 35 21 9 21 1 0 0 1 0 0 1 13 5 14 16 128 376 275 387 790 1488 1238 581 506 400 1479 455 416 18 0 0 0 0 0 0 0 0 0 0 0 0 0 0 0 1 0
5 11 5 15 2 8 28 27 6 0 6 3 5 0 0 0 0 0 0 0 0 0 2 0 0 0 0 0 0 0 2 0 0 0 0 1 0 0 2 0 0 0 0 0 0 1 6 7 1 11 115 233 345 41 36 18 2 0 5 0 0 0 0 0 14 2 0 0 0 0 0 0 0 0 0 0 0 0 0 0 6 5 0 0 0 2 43 69 24 8 4 513 316 22 6 0 0 0 0 75 65 9 49 267 29 3 13 1 19 2 0 0 5 0 3 1 3 32 59 25 98 695 434 517 469 790 1299 1659 381 223 99 125 0 0 0 0 0 0 0 0 0 0 0 0 0 0 0 0 0 0
0 1 34 1 8 3 16 60 21 7 7 3 1 1 0 0 0 0 0 2 0 0 1 2 0 0 0 0 0 0 0 0 0 0 0 2 0 0 2 0 0 0 0 0 0 1 0 1 4 5 6 32 225 22 26 3 1 70 68 7 0 1 1 0 0 0 0 0 0 0 0 0 0 0 0 0 0 0 0 0 0 6 15 54 11 37 8 0 10 41 162 183 116 6 32 1 0 7 68 29 75 333 287 571 526 53 15 15 6 16 0 0 2 0 2 4 5 58 40 373 608 746 1554 1869 897 323 1901 2588 1365 5 0 0 0 0 0 0 0 0 0 0 0 0 0 0 0 0 0 0 0 0
2 15 25 0 15 19 11 65 1 41 0 0 1 0 0 0 0 0 0 0 0 1 3 2 0 0 1 0 2 0 0 0 0 3 0 0 0 0 0 0 11 0 0 0 0 1 0 0 0 4 0 4 65 8 20 0 0 11 116 9 5 0 0 0 0 0 0 0 0 0 0 0 0 0 0 0 0 0 0 0 1 7 13 2 0 5 8 20 19 55 92 134 107 10 58 39 12 2 0 22 175 315 666 339 260 110 2 2 2 10 6 0 0 1 5 1 5 541 319 603 627 21 11 177 371 272 381 1102 476 8 195 8 0 0 0 0 0 0 0 0 0 0 0 0 0 0 0 0 0 0
11 6 139 7 98 153 89 9 2 6 1 4 1 4 0 1 0 0 0 0 1 0 0 2 0 0 0 0 0 0 0 0 0 0 0 0 0 0 0 0 1 2 1 0 0 2 0 0 4 3 0 7 18 0 1 5 4 0 2 30 8 0 0 0 0 0 0 0 0 0 0 0 0 0 0 0 0 0 0 2 15 67 0 6 35 1 114 17 0 0 5 9 38 3 1 0 0 0 0 17 11 68 903 238 164 285 28 13 14 3 15 1 0 0 0 21 200 490 96 20 0 0 0 0 35 341 266 738 742 18 51 24 0 0 0 0 0 0 0 0 0 0 0 0 0 0 0 0 0 0
4 54 138 194 522 576 196 62 13 0 0 0 1 0 4 0 0 0 0 0 0 4 0 0 0 0 0 0 0 0 0 0 0 0 0 0 0 2 1 0 0 0 0 12 7 5 0 13 0 0 0 8 10 0 0 1 3 0 23 1 0 2 0 0 0 0 0 0 0 0 0 0 0 0 0 0 0 0 2 18 5 3 0 2 6 4 33 148 33 0 0 0 0 0 0 0 0 0 0 0 0 151 608 170 244 183 4 3 1 24 7 2 1 0 4 100 210 16 33 70 0 0 0 0 12 552 373 786 338 6 89 2 0 0 0 0 0 0 0 0 0 0 0 0 0 0 0 0 0 0
6 86 385 1126 386 427 188 40 2 3 0 3 5 0 1 1 0 1 0 3 0 1 0 0 3 0 0 0 1 1 0 0 0 0 0 0 0 0 2 3 0 6 0 3 6 0 0 16 35 0 0 1 36 0 2 4 5 0 1 0 0 1 0 0 0 0 0 0 0 0 0 0 0 0 0 0 0 18 1 0 0 0 0 0 0 0 58 17 6 0 3 0 0 0 0 2 0 0 0 0 8 111 22 31 114 105 0 0 36 1 11 5 12 19 17 1 7 8 15 52 40 31 10 1 7 109 92 281 144 2 0 0 0 0 0 0 0 0 0 0 0 0 0 0 0 0 0 0 0 0
3 6 257 296 199 231 57 19 3 7 1 1 1 1 0 0 0 1 1 4 15 6 0 0 0 1 0 0 0 1 2 0 0 2 4 0 0 0 0 0 0 0 0 0 2 1 0 3 10 11 0 0 0 4 0 6 0 0 0 0 0 0 0 0 0 0 0 0 0 0 0 0 0 0 0 0 1 3 0 0 0 0 0 0 0 0 72 12 4 24 34 0 0 0 7 9 0 0 1 436 888 182 231 222 2 117 53 1 1 6 5 30 9 4 0 0 0 0 57 53 114 91 209 305 82 43 5 3 0 2 0 0 0 0 0 0 0 0 0 0 0 0 0 0 0 0 0 0 0 0
32 35 54 111 93 51 2 1 1 3 10 0 0 1 0 0 0 0 0 0 2 79 0 0 0 0 0 0 0 3 0 0 0 1 3 0 0 0 0 0 0 0 0 1 1 31 2 0 0 0 0 0 3 0 1 21 1 0 0 0 0 0 0 0 0 0 0 0 0 0 0 0 0 0 0 0 2 8 0 0 0 0 0 0 0 0 15 1 0 45 25 0 0 0 69 207 103 4 185 1313 504 554 243 52 7 33 50 149 1 11 48 0 1 0 0 0 5 0 172 55 109 46 46 82 34 124 47 20 136 54 28 11 0 0 0 0 0 0 0 0 0 0 0 0 0 0 0 0 0 0
38 14 25 9 0 0 0 0 0 0 0 0 0 0 0 0 0 1 0 0 4 8 34 0 0 0 0 0 0 0 0 0 0 11 7 1 0 0 0 0 0 0 0 1 2 15 1 2 1 0 0 0 1 2 85 29 3 0 0 0 0 0 0 0 0 0 0 0 0 0 0 0 0 0 25 14 1 0 0 0 0 0 0 0 0 0 15 5 0 1 115 51 17 9 109 268 119 8 152 119 13 3 24 22 16 8 0 187 495 125 4 0 0 0 5 0 0 5 0 3 61 19 3 8 41 97 122 63 356 243 43 0 0 0 0 0 0 0 0 0 0 0 0 0 0 0 0 0 0 0
13 2 2 0 0 1 4 0 0 0 0 3 0 0 0 0 0 0 0 0 0 1 0 0 0 0 0 0 0 0 4 65 10 3 0 0 0 0 0 0 1 0 0 0 0 0 0 0 0 0 0 3 2 0 27 0 0 0 0 0 0 0 0 0 0 0 0 0 0 0 0 0 0 0 8 74 0 0 0 0 14 0 0 0 0 0 45 52 188 65 79 22 9 19 2 53 14 8 0 4 8 3 5 3 1 0 191 379 220 40 12 0 4 1 0 0 0 14 1 0 2 17 3 22 10 275 129 241 201 307 46 0 0 0 0 0 0 0 0 0 0 0 0 0 0 0 0 0 0 0
5 3 0 2 9 0 0 0 0 0 0 0 0 0 0 0 0 0 0 0 0 0 0 3 0 0 0 0 4 1 1 0 2 0 0 0 0 0 0 0 0 0 0 0 1 1 0 0 0 0 0 1 6 37 8 3 0 0 0 0 0 0 0 0 0 0 0 0 0 0 0 4 3 5 0 0 0 0 0 0 0 0 0 0 0 0 0 1 113 9 0 0 0 7 5 20 0 1 11 0 0 7 0 5 1 172 720 636 464 94 0 0 0 0 0 0 0 0 100 37 2 33 0 46 3 16 132 69 12 28 15 6 0 0 0 0 0 0 0 0 0 0 0 0 0 0 0 0 0 0
0 1 0 0 0 0 0 0 0 0 0 0 0 0 0 0 3 0 0 0 0 0 0 20 0 0 0 1 1 1 0 0 0 0 0 0 0 0 1 0 0 0 1 0 0 0 0 0 0 0 1 4 2 91 9 3 5 0 0 0 0 0 0 0 0 0 0 0 0 0 2 4 7 1 0 0 0 0 0 0 0 0 0 0 0 0 0 0 1 0 0 0 13 29 0 0 2 0 7 1 2 8 1 1 51 96 180 28 103 192 0 0 0 0 0 0 0 0 4 22 0 14 1 79 118 49 211 75 30 34 1 0 0 0 0 0 0 0 0 0 0 0 0 0 0 0 0 0 0 0
0 0 0 0 5 42 2 0 0 0 0 0 0 0 0 1 0 3 1 1 0 0 0 0 0 0 5 0 0 0 1 1 4 0 0 1 0 0 0 1 0 0 5 0 0 0 0 0 0 0 5 0 4 1 5 1 9 1 0 0 0 0 0 0 0 0 0 16 4 8 0 0 0 0 0 0 0 0 0 0 0 0 0 0 0 0 0 0 10 3 0 32 164 18 2 0 1 0 1 3 7 2 43 10 122 32 0 23 4 14 13 0 0 0 0 0 0 0 0 0 4 8 2 14 0 0 0 362 16 3 0 0 0 0 0 0 0 0 0 0 0 0 0 0 0 0 0 0 0 0
0 0 0 0 71 22 0 0 0 0 0 0 0 0 8 0 0 1 0 0 0 0 0 0 0 0 0 0 4 0 4 1 0 0 0 0 0 0 1 0 0 0 0 2 1 1 0 0 0 2 6 0 0 7 4 7 3 2 0 0 0 0 0 0 0 0 1 0 2 3 0 2 4 3 0 0 0 0 0 0 0 0 0 0 0 0 0 0 52 78 169 329 135 5 0 1 1 0 0 37 112 415 290 89 11 76 4 0 0 17 21 0 0 0 0 0 0 0 0 1 2 0 0 0 0 31 115 52 0 0 0 0 0 0 0 0 0 0 0 0 0 0 0 0 0 0 0 0 0 0
0 0 0 0 0 8 2 0 0 0 0 0 8 0 0 0 0 2 12 0 0 0 0 0 0 0 0 0 0 4 0 0 0 0 1 4 0 0 0 0 0 0 0 0 2 1 0 0 0 0 10 0 0 2 23 0 0 1 0 0 0 0 0 0 0 0 0 0 9 3 0 0 0 0 0 0 0 0 0 0 0 0 0 0 0 3 4 0 130 125 219 132 71 33 0 0 5 7 2 97 133 127 87 21 0 2 2 0 0 3 4 0 0 0 0 0 0 0 0 0 2 37 69 0 0 40 42 6 0 0 0 0 0 0 0 0 0 0 0 0 0 0 0 0 0 0 0 0 0 0
0 0 0 0 0 8 0 0 0 0 0 0 30 16 1 1 0 0 1 0 0 0 0 0 0 1 12 0 1 9 0 0 0 0 1 2 0 0 0 0 0 0 0 1 2 11 5 0 0 2 1 0 1 13 8 1 0 1 0 0 0 0 0 0 0 0 2 5 40 0 0 0 0 0 0 0 0 0 0 0 0 0 0 0 2 25 21 3 12 21 2 6 14 0 22 0 0 1 9 32 65 0 0 11 0 0 0 3 0 22 22 62 6 0 0 0 0 0 0 0 1 0 0 0 0 0 0 7 0 0 0 0 0 0 0 0 0 0 0 0 0 0 0 0 0 0 0 0 0 0
0 0 0 3 1 1 3 0 0 0 0 0 0 0 2 1 1 0 0 0 0 0 0 0 0 0 0 0 3 0 0 0 0 0 0 1 0 0 0 0 0 0 3 1 0 0 1 10 0 4 3 0 2 5 7 7 0 2 0 0 0 0 0 0 0 0 6 25 14 0 0 0 0 0 0 0 0 0 0 0 0 0 0 5 62 3 0 10 6 13 2 3 9 2 5 10 3 43 20 31 46 22 4 0 30 0 0 32 101 136 233 352 68 46 2 0 0 0 0 0 0 0 0 0 0 0 0 0 0 0 0 0 0 0 0 0 0 0 0 0 0 0 0 0 0 0 0 0 0 0
0 0 0 0 0 41 2 0 0 0 0 0 0 0 0 1 0 0 0 0 0 0 0 0 0 0 0 2 1 1 0 0 0 0 0 0 0 0 0 0 0 0 0 0 0 0 2 1 19 1 0 0 0 0 3 59 140 2 10 0 0 0 0 0 3 15 101 127 9 0 0 0 0 0 0 0 0 0 0 0 0 0 0 21 56 2 0 3 7 3 9 3 1 0 0 13 65 15 15 3 1 0 6 9 3 0 32 5 87 42 180 152 376 157 11 0 0 0 0 0 0 0 0 0 0 0 0 0 0 0 0 0 0 0 0 0 0 0 0 0 0 0 0 0 0 0 0 0 0 0
0 0 2 0 0 0 0 0 0 0 0 0 3 0 0 0 0 0 0 0 0 0 0 0 0 0 0 0 0 1 0 0 0 0 2 1 4 0 2 0 0 0 0 0 0 3 9 11 70 0 0 1 0 2 17 0 10 7 80 11 3 12 4 12 5 2 1 1 0 0 0 0 0 0 0 0 0 0 0 0 0 0 0 0 0 0 0 15 8 8 1 0 0 0 8 171 7 0 0 1 0 2 0 0 68 48 338 827 393 118 18 0 480 126 0 0 0 0 0 0 0 0 0 0 0 0 0 0 0 0 0 0 0 0 0 0 0 0 0 0 0 0 0 0 0 0 0 0 0 0
0 1 2 0 7 48 1 7 1 0 21 4 0 0 1 0 0 0 0 0 0 0 0 0 0 0 0 0 0 1 6 0 0 0 0 0 0 3 7 0 20 1 0 3 0 5 29 14 6 0 1 0 3 2 2 10 0 0 0 7 0 0 0 4 4 0 0 4 2 12 0 14 0 0 0 0 0 0 0 0 0 0 0 0 0 0 5 1 1 7 5 8 1 3 114 16 1 0 0 0 1 12 0 37 53 74 271 451 292 196 131 197 591 1 0 0 0 0 0 0 0 0 0 0 0 0 0 0 0 0 0 0 0 0 0 0 0 0 0 0 0 0 0 0 0 0 0 0 0 0
1 0 0 0 20 64 0 0 1 0 1 0 0 5 0 0 2 0 0 0 0 0 0 0 0 0 0 0 0 0 1 0 0 0 3 0 0 2 0 0 0 4 32 0 1 0 1 2 14 0 1 1 3 2 0 0 0 1 1 2 0 0 2 1 1 4 3 3 3 0 0 0 2 1 0 0 0 0 0 0 0 0 0 0 0 0 0 0 2 0 0 0 20 33 1 34 214 0 0 0 0 0 0 62 159 227 0 0 18 46 0 19 10 0 0 0 0 0 0 0 0 0 0 0 0 0 0 0 0 0 0 0 0 0 0 0 0 0 0 0 0 0 0 0 0 0 0 0 0 0
0 0 0 0 0 1 0 0 6 1 0 0 0 0 0 0 0 0 0 0 0 0 0 0 0 0 0 0 0 0 0 7 1 0 0 0 0 0 0 0 0 1 0 0 0 0 0 0 10 13 0 0 0 0 1 0 0 0 1 0 3 3 0 0 0 0 0 0 0 0 3 5 6 0 0 0 0 0 0 0 0 0 0 0 0 0 0 0 0 0 0 103 113 16 17 127 384 0 0 0 0 0 0 2 17 0 0 0 0 0 52 92 1 0 0 0 0 0 0 0 0 0 0 0 0 0 0 0 0 0 0 0 0 0 0 0 0 0 0 0 0 0 10 14 7 0 0 0 0 0
0 0 0 1 1 0 0 0 0 0 0 0 1 0 2 0 0 1 1 0 0 0 0 0 0 0 0 0 0 0 0 0 0 0 0 0 0 0 0 0 0 0 1 0 0 0 0 0 0 5 5 3 2 3 0 0 0 0 0 3 2 0 0 0 0 0 0 0 0 0 7 1 0 0 0 0 0 0 0 0 0 0 0 0 0 0 0 1 61 9 3 36 172 123 41 1 0 0 0 0 0 0 3 1 2 0 0 2 0 94 336 3 0 1 0 0 0 0 0 0 0 0 0 0 0 0 0 0 0 0 0 0 0 0 0 0 0 0 0 0 0 0 0 1 0 0 0 0 0 0
0 0 0 0 0 0 0 0 0 0 0 1 0 0 0 0 0 1 0 0 0 0 0 0 0 0 0 0 0 0 0 0 0 0 0 0 0 0 0 0 0 0 0 0 0 0 0 0 0 0 3 1 15 0 0 0 0 0 0 6 4 0 0 0 0 0 0 0 0 0 1 2 0 0 0 0 0 0 0 0 0 0 0 0 0 0 0 0 0 8 18 114 394 0 0 14 6 0 0 0 0 0 0 0 4 1 0 3 20 32 81 6 0 0 0 0 0 0 0 0 0 0 0 0 0 0 0 0 0 0 0 0 0 0 0 0 0 0 0 0 0 0 0 0 0 0 0 0 0 0
0 0 0 0 0 0 0 0 0 3 0 1 4 0 0 0 1 0 1 0 0 0 0 0 1 0 0 0 0 0 0 0 0 0 0 0 0 0 0 0 0 0 0 0 0 0 0 0 0 0 0 30 1 0 0 1 1 3 3 8 2 1 0 0 0 0 0 0 0 0 2 96 11 1 0 0 0 0 0 0 0 0 0 0 0 0 0 0 6 3 45 48 9 24 84 4 0 0 0 0 0 0 0 0 0 0 0 0 0 0 0 0 0 0 0 0 0 0 0 0 0 0 0 0 0 0 0 0 0 0 0 0 0 0 0 0 0 0 0 0 0 0 0 0 0 0 0 0 0 0
1 0 0 0 0 0 0 0 0 0 1 0 0 0 0 0 0 0 0 0 0 4 9 32 0 0 0 0 0 0 0 0 0 0 0 0 4 0 0 0 0 0 0 0 0 0 0 0 0 0 0 12 3 3 0 0 0 2 0 0 0 29 12 2 0 0 0 0 0 0 0 15 4 5 4 0 0 0 0 0 0 0 0 0 0 0 0 0 1 12 4 41 19 25 30 6 1 0 0 0 0 0 0 0 0 0 0 0 0 0 0 0 0 0 0 0 0 0 0 0 0 0 0 0 0 0 0 0 0 0 0 0 0 0 0 0 0 0 0 0 0 0 0 0 0 0 0 0 0 0
0 0 0 0 0 0 0 0 0 1 0 2 1 0 0 0 0 0 0 0 0 1 1 5 3 0 0 0 0 0 0 0 0 0 0 0 0 1 0 0 0 0 0 0 0 0 0 0 0 1 1 35 37 2 8 0 0 0 0 0 0 34 85 0 0 0 0 0 0 0 0 0 0 0 8 1 0 0 0 0 0 0 0 0 0 0 0 0 0 2 36 3 1 98 26 20 0 0 1 0 0 0 0 0 0 0 0 0 0 0 0 0 0 0 0 0 0 0 0 0 0 0 0 0 0 0 0 0 0 0 0 0 0 0 0 0 0 0 0 0 0 0 0 0 0 0 0 0 0 0
0 0 0 0 0 0 0 0 0 2 0 0 25 3 0 0 0 0 0 0 0 1 0 0 1 5 0 0 0 0 4 0 0 0 0 0 0 0 0 0 2 0 0 0 0 0 0 0 0 0 18 76 203 19 20 3 2 0 0 0 0 12 0 0 0 0 0 0 0 0 0 0 0 0 1 0 0 0 0 0 0 0 0 0 0 0 0 0 0 0 1 8 62 41 22 2 0 0 0 0 0 0 0 0 0 0 0 0 0 0 0 0 0 0 0 0 0 0 0 0 0 0 0 0 0 0 0 0 0 0 0 0 0 0 0 0 0 0 0 0 0 0 0 0 0 0 0 0 0 0
0 0 0 0 0 0 0 0 2 0 0 0 19 8 0 2 0 1 4 0 0 0 0 0 0 9 1 0 0 0 0 0 0 0 0 0 0 0 1 0 0 0 0 0 0 0 0 0 2 6 1 42 200 4 17 0 0 0 0 0 0 6 3 0 0 0 0 0 0 0 0 0 0 0 0 0 0 0 0 0 0 0 0 0 0 0 0 0 0 0 0 0 12 7 4 8 8 3 0 9 0 0 0 0 0 0 0 0 0 0 0 0 0 0 0 0 0 0 0 0 0 0 0 0 0 0 0 0 0 0 0 0 0 0 0 0 0 0 0 0 0 0 0 0 0 0 0 0 0 0
0 0 0 0 0 0 0 0 1 8 0 0 0 6 4 0 1 0 1 0 0 0 0 2 1 2 0 0 0 0 0 0 1 0 0 0 0 1 0 0 0 0 0 0 0 0 0 0 0 1 1 28 14 0 0 0 0 0 0 2 7 7 0 1 0 0 0 0 0 0 0 0 0 0 0 0 0 0 0 0 0 0 0 0 0 0 0 0 0 0 0 0 0 0 0 0 11 0 1 0 1 0 0 0 0 0 0 0 0 0 0 0 0 0 0 0 0 0 0 0 0 0 0 0 0 0 0 0 0 0 0 0 0 0 0 0 0 0 0 0 0 0 0 0 0 0 0 0 0 0
0 0 7 0 0 0 0 0 0 0 3 2 0 0 0 0 0 0 1 0 3 1 0 0 1 0 0 0 0 0 0 1 3 6 21 0 1 0 0 0 1 0 0 0 0 1 5 6 0 0 0 0 0 0 0 0 0 0 0 1 6 0 0 0 0 0 0 0 0 0 0 0 0 0 0 0 0 0 0 0 0 0 0 0 0 0 0 0 0 0 0 0 0 0 0 11 25 17 0 0 0 0 0 0 0 0 0 0 0 0 0 0 0 0 0 0 0 0 0 0 0 0 0 0 0 0 0 0 0 0 0 0 0 0 0 0 0 0 0 0 0 0 0 0 7 18 0 0 0 0
4 0 0 0 0 0 0 0 0 0 0 0 0 0 0 0 0 0 0 2 1 1 0 0 1 2 0 1 0 0 0 1 0 0 1 1 0 1 0 0 0 0 0 0 1 1 0 0 0 0 0 0 0 0 0 0 0 0 0 0 1 1 0 0 0 0 0 0 0 0 0 2 7 0 0 0 0 0 0 0 0 0 0 0 0 0 0 0 0 0 0 0 0 0 6 3 2 1 0 2 1 0 0 0 0 0 0 0 0 0 0 0 0 0 0 0 0 0 0 0 0 0 0 0 0 0 0 0 0 0 0 0 0 0 0 0 0 0 0 0 0 0 0 0 0 0 0 0 0 0
0 0 0 0 4 0 0 0 0 0 0 0 0 0 0 0 1 0 3 0 0 0 0 0 0 0 0 0 0 0 0 0 0 0 0 0 0 0 0 0 0 0 0 0 0 0 0 0 0 0 0 0 0 0 0 0 0 0 0 0 1 0 0 0 0 0 0 0 0 0 6 17 0 0 0 0 0 0 0 0 0 0 0 0 0 0 0 0 0 0 1 0 0 0 8 0 0 0 0 0 1 6 0 0 0 0 0 0 0 0 0 0 0 0 0 0 0 0 0 0 0 0 0 0 0 0 0 0 0 0 0 0 0 0 0 0 0 0 0 0 0 0 0 0 0 0 0 0 0 0
0 0 0 0 0 0 0 0 0 1 3 0 7 0 0 7 5 0 0 0 0 0 0 0 0 0 0 0 0 0 0 0 0 0 0 0 0 0 0 0 0 0 0 3 3 0 0 0 0 0 0 0 0 0 0 0 0 0 0 0 9 0 0 0 0 0 0 0 0 0 12 0 0 0 0 0 0 0 0 0 0 0 0 0 0 0 0 0 0 0 0 0 0 0 1 3 7 0 0 0 0 0 0 0 0 0 0 0 0 0 0 0 0 0 0 0 0 0 0 0 0 0 0 0 0 0 0 0 0 0 0 0 0 0 0 0 0 0 0 0 0 0 0 0 0 0 0 0 0 0
2 0 0 0 0 1 0 2 3 2 0 1 7 2 0 6 8 3 1 0 0 0 0 0 0 0 0 0 0 0 0 0 0 0 0 0 0 0 0 0 0 0 0 4 1 0 0 1 0 0 0 0 0 0 0 0 0 0 0 51 0 0 0 0 0 0 0 0 35 1 0 0 0 0 0 0 0 0 0 0 0 0 0 0 0 0 0 0 0 0 0 0 0 0 0 0 9 1 19 10 0 0 0 0 0 0 0 0 0 0 0 0 0 0 0 0 0 0 0 0 0 0 0 0 0 0 0 0 0 0 0 0 0 0 0 0 0 0 0 0 0 0 0 0 0 0 0 0 0 0
2 0 0 0 0 0 0 0 0 0 0 0 0 1 0 0 1 12 8 0 0 0 0 0 0 0 0 0 0 0 0 0 0 0 0 1 1 1 0 2 0 0 8 0 0 0 0 0 0 0 0 0 0 0 0 0 0 0 0 0 4 9 0 0 0 0 0 4 103 121 0 0 0 0 0 0 0 0 0 0 0 0 0 0 0 0 0 0 0 0 0 0 0 0 0 0 15 0 4 0 0 0 0 0 0 0 0 0 0 0 0 0 0 0 0 0 0 0 0 0 0 0 0 0 0 0 0 0 0 0 0 0 0 0 0 0 0 0 0 0 0 0 0 0 0 0 0 0 0 0
0 0 5 1 1 0 0 0 0 2 0 1 59 9 0 10 42 0 5 11 0 2 1 37 0 1 0 0 0 0 4 37 0 0 8 1 6 13 3 8 0 0 12 0 0 0 0 0 0 0 0 0 0 0 0 0 0 0 0 0 0 0 0 2 87 65 11 0 0 0 0 0 0 0 0 0 0 0 0 0 0 0 0 0 0 0 0 0 0 0 0 0 0 0 0 0 0 0 0 0 0 0 0 0 0 0 0 0 0 0 0 0 0 0 0 0 0 0 0 0 0 0 0 0 0 0 0 0 0 0 0 0 0 0 0 0 0 0 0 0 0 0 0 0 0 0 0 0 0 0
10 73 4 0 0 0 0 0 0 0 0 2 6 0 0 0 2 0 0 10 9 91 51 28 7 0 0 0 0 3 0 0 0 1 0 4 28 3 0 0 0 2 1 0 0 0 0 0 0 0 0 0 0 0 0 0 0 0 0 0 0 0 0 0 4 1 0 0 0 0 0 0 0 0 0 0 0 0 0 0 0 0 0 0 0 0 0 0 0 0 0 0 0 0 0 0 0 0 0 0 0 0 0 0 0 0 0 0 0 0 0 0 0 0 0 0 0 0 0 0 0 0 0 0 0 0 0 0 0 0 0 0 0 0 0 0 0 0 0 0 0 0 0 0 0 0 0 0 0 0
53 22 14 2 0 1 0 0 0 0 0 1 3 0 0 1 1 3 0 3 8 55 16 5 12 3 0 0 1 21 4 0 0 0 0 0 5 0 0 1 10 42 0 0 0 0 0 0 0 0 0 0 0 0 0 0 0 0 0 0 0 0 0 0 2 0 0 0 0 0 0 0 0 0 0 0 0 0 0 0 0 0 0 0 0 0 0 0 0 6 0 0 0 0 0 0 0 0 0 0 0 0 0 0 0 0 0 0 0 0 0 0 0 0 0 0 0 0 0 0 0 0 0 0 0 0 0 0 0 0 0 0 0 0 0 0 0 0 0 0 0 0 0 0 0 0 0 0 0 0
0 0 0 0 1 0 0 0 0 0 0 18 4 0 0 0 0 1 1 1 0 0 1 4 5 16 14 1 0 1 0 0 2 0 0 2 1 2 0 0 0 2 0 0 0 0 0 0 0 0 0 0 0 0 0 0 0 0 0 0 0 0 0 0 0 0 0 0 0 0 0 0 0 0 0 0 0 0 0 0 0 0 0 0 0 0 0 0 0 0 0 0 0 0 0 0 0 0 0 0 0 0 0 0 0 0 0 0 0 0 0 0 0 0 0 0 0 0 0 0 0 0 0 0 0 0 0 0 0 0 0 0 0 0 0 0 0 0 0 0 0 0 0 0 0 0 0 0 0 0
1 0 1 0 0 1 0 0 0 0 0 0 0 1 0 0 0 1 1 2 0 0 0 1 1 6 7 14 44 3 0 2 2 11 11 1 0 0 0 0 0 0 0 0 0 0 0 0 0 0 0 0 0 0 0 0 0 0 0 0 0 0 0 0 0 0 0 0 0 0 0 0 0 0 0 0 0 0 0 0 0 0 0 0 0 0 0 0 0 0 0 0 0 0 0 0 0 0 0 0 0 0 0 0 0 0 0 0 0 0 0 0 0 0 0 0 0 0 0 0 0 0 0 0 0 0 0 0 0 0 0 0 0 0 0 0 0 0 0 0 0 0 0 0 0 0 0 0 0 0
0 0 0 0 0 0 0 0 0 0 0 0 0 0 0 0 0 0 0 0 0 0 0 0 0 0 9 11 245 81 4 3 1 25 0 0 1 0 0 0 0 0 0 0 0 0 0 0 0 0 0 0 0 0 0 0 0 0 0 0 0 0 0 0 0 0 0 0 0 0 0 0 0 0 0 0 0 0 0 0 0 0 0 0 0 0 0 0 0 0 0 0 0 0 0 0 0 0 0 0 0 0 0 0 0 0 0 0 0 0 0 0 0 0 0 0 0 0 0 0 0 0 0 0 0 0 0 0 0 0 0 0 0 0 0 0 0 0 0 0 0 0 0 0 0 0 0 0 0 0
0 0 0 0 0 0 0 0 0 0 0 0 0 0 0 0 0 0 0 0 0 0 0 0 0 0 1 3 0 0 4 0 1 3 0 0 13 0 0 0 0 0 0 0 0 0 0 0 0 0 0 0 0 0 0 0 0 0 0 0 0 0 0 0 0 0 0 0 0 0 0 0 0 0 0 0 0 0 0 0 0 0 0 0 0 0 0 0 0 0 0 0 0 0 0 0 0 0 0 0 0 0 0 0 0 0 0 0 0 0 0 0 0 0 0 0 0 0 0 0 0 0 0 0 0 0 0 0 0 0 0 0 0 0 0 0 0 0 0 0 0 0 0 0 0 0 0 0 0 0
0 0 0 0 0 0 0 4 0 0 0 0 0 0 0 0 0 0 0 0 0 0 0 0 7 6 17 0 0 0 23 0 4 0 0 7 2 2 0 0 0 0 0 0 0 0 0 0 0 0 0 0 0 0 0 0 0 0 0 0 0 0 0 0 0 0 0 0 0 0 0 0 0 0 0 0 0 0 0 0 0 0 0 0 0 0 0 0 0 0 0 0 0 0 0 0 0 0 0 0 0 0 0 0 0 0 0 0 0 0 0 0 0 0 0 0 0 0 0 0 0 0 0 0 0 0 0 0 0 0 0 0 0 0 0 0 0 0 0 0 0 0 0 0 0 0 0 0 0 0
0 0 0 0 0 0 0 0 0 0 0 2 0 10 0 0 0 0 0 0 0 0 0 0 0 0 0 1 0 0 0 0 20 0 0 0 4 1 0 0 0 0 0 0 0 0 0 0 0 0 0 0 0 0 0 0 0 0 0 0 0 0 0 0 0 0 0 0 0 0 0 0 0 0 0 0 0 0 0 0 0 0 0 0 0 0 0 0 0 0 0 0 0 0 0 0 0 0 0 0 0 0 0 0 0 0 0 0 0 0 0 0 0 0 0 0 0 0 0 0 0 0 0 0 0 0 0 0 0 0 0 0 0 0 0 0 0 0 0 0 0 0 0 0 0 0 0 0 0 0
1 0 0 0 0 0 0 0 0 0 0 1 2 1 0 0 0 0 0 0 0 0 0 0 0 0 0 22 6 4 8 0 0 0 0 0 0 0 0 0 0 0 0 0 0 0 0 0 0 0 0 0 0 0 0 0 0 0 0 0 0 0 0 0 0 0 0 0 0 0 0 0 0 0 0 0 0 0 0 0 0 0 0 0 0 0 0 0 0 0 0 0 0 0 0 0 0 0 0 0 0 0 0 0 0 0 0 0 0 0 0 0 0 0 0 0 0 0 0 0 0 0 0 0 0 0 0 0 0 0 0 0 0 0 0 0 0 0 0 0 0 0 0 0 0 0 0 0 0 0
0 0 0 0 0 0 0 0 0 1 10 0 0 0 0 0 0 0 0 0 0 0 0 0 0 0 0 3 2 0 0 0 2 4 0 0 1 0 0 0 0 0 0 0 0 0 0 0 0 0 0 0 0 0 0 0 0 0 0 0 0 0 0 0 0 0 0 0 0 0 0 0 0 0 0 0 0 0 0 0 0 0 0 0 0 0 0 0 0 0 0 0 0 0 0 0 0 0 0 0 0 0 0 0 0 0 0 0 0 0 0 0 0 0 0 0 0 0 0 0 0 0 0 0 0 0 0 0 0 0 0 0 0 0 0 0 0 0 0 0 0 0 0 0 0 0 0 0 0 0
0 0 0 0 0 0 0 0 0 0 1 0 0 0 0 0 0 0 0 0 0 0 0 0 0 0 0 0 0 0 0 0 1 2 0 0 0 0 0 0 0 0 0 0 0 0 0 0 0 0 0 0 0 0 0 0 0 0 0 0 0 0 0 0 0 0 0 0 0 0 0 0 0 0 0 0 0 0 0 0 0 0 0 0 0 0 0 0 0 0 0 0 0 0 0 0 0 0 0 0 0 0 0 0 0 0 0 0 0 0 0 0 0 0 0 0 0 0 0 0 0 0 0 0 0 0 0 0 0 0 0 0 0 0 0 0 0 0 0 0 0 0 0 0 0 0 0 0 0 0
0 0 0 0 0 0 0 0 0 3 3 0 0 0 0 0 0 0 0 0 0 0 0 0 0 0 0 0 0 0 0 0 0 0 0 0 0 0 0 0 0 0 0 0 0 0 0 0 0 0 0 1 0 0 0 0 0 0 0 0 0 0 0 0 0 0 0 0 0 0 0 0 0 0 0 0 0 0 0 0 0 0 0 0 0 0 0 0 0 0 0 0 0 0 0 0 0 0 0 0 0 0 0 0 0 0 0 0 0 0 0 0 0 0 0 0 0 0 0 0 0 0 0 0 0 0 0 0 0 0 0 0 0 0 0 0 0 0 0 0 0 0 0 0 0 0 0 0 0 0
0 0 0 0 0 0 0 0 0 0 1 0 0 0 0 0 0 0 0 0 0 0 0 0 0 0 0 0 0 0 0 0 0 0 0 0 0 0 0 0 0 0 0 0 0 0 0 0 0 0 0 6 0 0 0 0 0 0 0 0 0 0 0 0 0 0 0 0 0 0 0 0 0 0 0 0 0 0 0 0 0 0 0 0 0 0 0 0 0 0 0 0 0 0 0 0 0 0 0 0 0 0 0 0 0 0 0 0 0 0 0 0 0 0 0 0 0 0 0 0 0 0 0 0 0 0 0 0 0 0 0 0 0 0 0 0 0 0 0 0 0 0 0 0 0 0 0 0 0 0
0 0 0 2 0 0 0 0 5 18 0 0 0 0 0 0 0 0 0 0 0 0 0 0 0 0 0 0 0 0 0 0 0 0 0 0 0 0 0 0 0 0 0 0 0 0 0 0 0 2 1 0 0 0 0 0 0 0 0 0 0 0 0 0 0 0 0 0 0 0 0 0 0 0 0 0 0 0 0 0 0 0 0 0 0 0 0 0 0 0 0 0 0 0 0 0 0 0 0 0 0 0 0 0 0 0 0 0 0 0 0 0 0 0 0 0 0 0 0 0 0 0 0 0 0 0 0 0 0 0 0 0 0 0 0 0 0 0 0 0 0 0 0 0 0 0 0 0 0 0
0 1 0 0 0 6 11 51 5 0 0 0 0 0 0 0 0 0 0 0 0 0 0 0 0 0 0 0 0 0 0 0 0 0 0 0 0 0 0 0 0 0 0 0 0 0 0 0 0 26 48 0 0 0 2 0 0 0 0 0 0 0 0 0 0 0 0 0 0 0 0 0 0 0 0 0 0 0 0 0 0 0 0 0 0 0 0 0 0 0 0 0 0 0 0 0 0 0 0 0 0 0 0 0 0 0 0 0 0 0 0 0 0 0 0 0 0 0 0 0 0 0 0 0 0 0 0 0 0 0 0 0 0 0 0 0 0 0 0 0 0 0 0 0 0 0 0 0 0 0
1 0 0 0 0 0 1 27 0 0 0 0 0 0 0 0 0 0 0 0 0 0 0 0 0 0 0 0 0 0 0 0 0 0 0 0 0 0 0 0 0 0 0 0 0 1 0 0 1 0 0 0 1 0 0 0 0 0 0 0 0 0 0 0 0 0 0 0 0 0 0 0 0 0 0 0 0 0 0 0 0 0 0 0 0 0 0 0 0 0 0 0 0 0 0 0 0 0 0 0 0 0 0 0 0 0 0 0 0 0 0 0 0 0 0 0 0 0 0 0 0 0 0 0 0 0 0 0 0 0 0 0 0 0 0 0 0 0 0 0 0 0 0 0 0 0 0 0 0 0
0 0 0 0 0 0 0 0 0 0 0 0 0 0 0 0 0 0 0 0 0 0 0 0 0 0 0 0 0 0 0 0 0 0 0 0 0 0 0 0 0 0 0 0 0 0 0 0 0 0 0 0 8 13 0 0 0 0 0 0 0 0 0 0 0 0 0 0 0 0 0 0 0 0 0 0 0 0 0 0 0 0 0 0 0 0 0 0 0 0 0 0 0 0 0 0 0 0 0 0 0 0 0 0 0 0 0 0 0 0 0 0 0 0 0 0 0 0 0 0 0 0 0 0 0 0 0 0 0 0 0 0 0 0 0 0 0 0 0 0 0 0 0 0 0 0 0 0 0 0
0 0 0 0 0 0 0 0 0 0 0 0 0 0 0 0 0 0 0 0 0 0 0 0 0 0 0 0 0 0 0 0 0 0 0 0 0 0 0 0 0 0 0 0 0 0 0 0 0 0 0 0 0 2 0 0 0 0 0 0 0 0 0 0 0 0 0 0 0 0 0 0 0 0 0 0 0 0 0 0 0 0 0 0 0 0 0 0 0 0 0 0 0 0 0 0 0 0 0 0 0 0 0 0 0 0 0 0 0 0 0 0 0 0 0 0 0 0 0 0 0 0 0 0 0 0 0 0 0 0 0 0 0 0 0 0 0 0 0 0 0 0 0 0 0 0 0 0 0 0
0 0 0 0 0 0 0 0 0 0 0 0 0 0 0 0 0 0 0 0 0 0 0 0 0 0 0 0 0 0 0 0 0 0 0 0 0 14 0 0 0 0 0 0 0 0 0 0 2 0 0 9 0 0 0 0 0 0 0 0 0 0 0 0 0 0 0 0 0 0 0 0 0 0 0 0 0 0 0 0 0 0 0 0 0 0 0 0 0 0 0 0 0 0 0 0 0 0 0 0 0 0 0 0 0 0 0 0 0 0 0 0 0 0 0 0 0 0 0 0 0 0 0 0 0 0 0 0 0 0 0 0 0 0 0 0 0 0 0 0 0 0 0 0 0 0 0 0 0 0
0 0 0 0 0 0 0 0 0 0 0 0 0 0 0 0 0 0 0 0 0 0 0 0 0 0 0 0 0 0 0 0 0 0 0 0 0 0 0 0 0 0 0 0 0 0 0 0 0 0 0 0 0 0 0 0 0 0 0 0 0 0 0 0 0 0 0 0 0 0 0 0 0 0 0 0 0 0 0 0 0 0 0 0 0 0 0 0 0 0 0 0 0 0 0 0 0 0 0 0 0 0 0 0 0 0 0 0 0 0 0 0 0 0 0 0 0 0 0 0 0 0 0 0 0 0 0 0 0 0 0 0 0 0 0 0 0 0 0 0 0 0 0 0 0 0 0 0 0 0
0 0 0 0 0 0 0 0 0 0 0 0 0 0 0 0 0 0 0 0 0 0 0 0 0 0 0 0 0 0 1 0 0 0 0 0 0 0 0 0 0 0 0 0 0 0 0 0 0 0 0 0 0 1 0 0 0 0 0 0 0 0 0 0 0 0 0 0 0 0 0 0 0 0 0 0 0 0 0 0 0 0 0 0 0 0 0 0 0 0 0 0 0 0 0 0 0 0 0 0 0 0 0 0 0 0 0 0 0 0 0 0 0 0 0 0 0 0 0 0 0 0 0 0 0 0 0 0 0 0 0 0 0 0 0 0 0 0 0 0 0 0 0 0 0 0 0 0 0 0
0 0 0 0 0 0 0 0 0 0 0 0 0 0 0 0 0 0 0 0 0 0 0 0 0 0 0 0 0 0 3 20 5 0 0 0 1 0 0 0 0 0 0 0 0 0 0 0 0 0 0 0 0 0 0 0 0 0 0 0 0 0 0 0 0 0 0 0 0 0 0 0 0 0 0 0 0 0 0 0 0 0 0 0 0 0 0 0 0 0 0 0 0 0 0 0 0 0 0 0 0 0 0 0 0 0 0 0 0 0 0 0 0 0 0 0 0 0 0 0 0 0 0 0 0 0 0 0 0 0 0 0 0 0 0 0 0 0 0 0 0 0 0 0 0 0 0 0 0 0
0 0 0 0 0 0 0 0 0 0 0 0 0 0 0 0 0 0 0 0 0 0 0 0 0 0 0 0 0 0 11 10 0 0 0 0 1 0 0 0 0 0 0 0 0 0 0 0 0 0 0 0 0 0 0 0 0 0 0 0 0 0 0 0 0 0 0 0 0 0 0 0 0 0 0 0 0 0 0 0 0 0 0 0 0 0 0 0 0 0 0 0 0 0 0 0 0 0 0 0 0 0 0 0 0 0 0 0 0 0 0 0 0 0 0 0 0 0 0 0 0 0 0 0 0 0 0 0 0 0 0 0 0 0 0 0 0 0 0 0 0 0 0 0 0 0 0 0 0 0
0 0 0 0 0 0 0 0 0 0 0 0 0 0 0 0 0 0 0 0 0 0 0 0 0 0 0 0 0 7 0 0 0 0 0 0 0 0 0 0 0 0 0 0 0 0 0 0 0 0 0 0 0 0 0 0 0 0 0 0 0 0 0 0 0 0 0 0 0 0 0 0 0 0 0 0 0 0 0 0 0 0 0 0 0 0 0 0 0 0 0 0 0 0 0 0 0 0 0 0 0 0 0 0 0 0 0 0 0 0 0 0 0 0 0 0 0 0 0 0 0 0 0 0 0 0 0 0 0 0 0 0 0 0 0 0 0 0 0 0 0 0 0 0 0 0 0 0 0 0
0 0 0 0 0 0 0 0 0 0 0 0 0 0 0 0 0 0 0 0 0 0 0 0 0 0 0 0 0 68 17 0 0 0 0 0 0 0 0 0 0 0 0 0 0 0 0 0 1 0 0 0 0 0 0 0 0 0 0 0 0 0 0 0 0 0 0 0 0 0 0 0 0 0 0 0 0 0 0 0 0 0 0 0 0 0 0 0 0 0 0 0 0 0 0 0 0 0 0 0 0 0 0 0 0 0 0 0 0 0 0 0 0 0 0 0 0 0 0 0 0 0 0 0 0 0 0 0 0 0 0 0 0 0 0 0 0 0 0 0 0 0 0 0 0 0 0 0 0 0
0 0 0 0 0 0 0 0 0 0 0 0 0 0 0 0 0 0 0 0 0 0 0 0 0 0 7 0 0 0 0 0 0 0 0 0 0 0 0 0 0 0 0 0 0 0 0 0 0 34 0 0 0 0 0 0 0 0 0 0 0 0 0 0 0 0 0 0 0 0 0 0 0 0 0 0 0 0 0 0 0 0 0 0 0 0 0 0 0 0 0 0 0 0 0 0 0 0 0 0 0 0 0 0 0 0 0 0 0 0 0 0 0 0 0 0 0 0 0 0 0 0 0 0 0 0 0 0 0 0 0 0 0 0 0 0 0 0 0 0 0 0 0 0 0 0 0 0 0 0
0 0 0 0 0 0 0 0 0 0 0 0 0 0 0 0 0 0 0 0 0 0 0 0 0 0 15 0 0 0 0 0 0 0 0 0 0 0 0 0 0 0 0 0 0 0 0 0 0 0 0 0 0 0 0 0 0 0 0 0 0 0 0 0 0 0 0 0 0 0 0 0 0 0 0 0 0 0 0 0 0 0 0 0 0 0 0 0 0 0 0 0 0 0 0 0 0 0 0 0 0 0 0 0 0 0 0 0 0 0 0 0 0 0 0 0 0 0 0 0 0 0 0 0 0 0 0 0 0 0 0 0 0 0 0 0 0 0 0 0 0 0 0 0 0 0 0 0 0 0
0 0 0 0 0 0 0 0 0 0 0 0 0 0 0 0 0 0 0 0 0 0 0 0 0 0 0 4 3 0 0 0 0 0 0 0 0 0 0 0 0 0 0 0 0 0 0 0 0 0 0 0 0 0 0 0 0 0 0 0 0 0 0 0 0 0 0 0 0 0 0 0 0 0 0 0 0 0 0 0 0 0 0 0 0 0 0 0 0 0 0 0 0 0 0 0 0 0 0 0 0 0 0 0 0 0 0 0 0 0 0 0 0 0 0 0 0 0 0 0 0 0 0 0 0 0 0 0 0 0 0 0 0 0 0 0 0 0 0 0 0 0 0 0 0 0 0 0 0 0
0 0 0 0 0 0 0 0 0 0 0 0 0 0 0 0 0 0 0 0 0 0 0 0 0 0 0 0 0 0 0 0 0 0 0 0 0 0 0 0 0 0 0 0 0 0 0 0 0 0 0 0 0 0 0 0 0 0 0 0 0 0 0 0 0 0 0 0 0 0 0 0 0 0 0 0 0 0 0 0 0 0 0 0 0 0 0 0 0 0 0 0 0 0 0 0 0 0 0 0 0 0 0 0 0 0 0 0 0 0 0 0 0 0 0 0 0 0 0 0 0 0 0 0 0 0 0 0 0 0 0 0 0 0 0 0 0 0 0 0 0 0 0 0 0 0 0 0 0 0
0 0 0 0 0 0 0 0 0 0 0 0 0 0 0 0 0 0 0 0 0 0 0 0 0 0 0 0 0 0 0 0 0 0 0 0 0 0 0 0 0 0 0 0 0 0 0 0 0 0 1 0 0 0 0 0 0 0 0 0 0 0 0 0 0 0 0 0 0 0 0 0 0 0 0 0 0 0 0 0 0 0 0 0 0 0 0 0 0 0 0 0 0 0 0 0 0 0 0 0 0 0 0 0 0 0 0 0 0 0 0 0 0 0 0 0 0 0 0 0 0 0 0 0 0 0 0 0 0 0 0 0 0 0 0 0 0 0 0 0 0 0 0 0 0 0 0 0 0 0
0 0 0 0 1 0 0 0 0 0 0 0 0 1 0 0 0 0 0 0 0 0 0 0 0 0 0 0 0 0 0 0 0 0 0 0 0 0 0 0 0 0 0 0 0 0 0 0 0 0 0 0 0 0 0 0 0 0 0 0 0 0 0 0 0 0 0 0 0 0 0 0 0 0 0 0 0 0 0 0 0 0 0 0 0 0 0 0 0 0 0 0 0 0 0 0 0 0 0 0 0 0 0 0 0 0 0 0 0 0 0 0 0 0 0 0 0 0 0 0 0 0 0 0 0 0 0 0 0 0 0 0 0 0 0 0 0 0 0 0 0 0 0 0 0 0 0 0 0 0
0 0 0 0 0 0 0 0 0 0 0 0 0 0 0 0 0 0 0 0 0 0 0 0 0 0 0 0 0 0 0 0 0 0 0 0 0 0 0 0 0 0 0 0 0 0 0 0 0 0 0 0 0 0 0 0 0 0 0 0 0 0 0 0 0 0 0 0 0 0 0 0 0 0 0 0 0 0 0 0 0 0 0 0 0 0 0 0 0 0 0 0 0 0 0 0 0 0 0 0 0 0 0 0 0 0 0 0 0 0 0 0 0 0 0 0 0 0 0 0 0 0 0 0 0 0 0 0 0 0 0 0 0 0 0 0 0 0 0 0 0 0 0 0 0 0 0 0 0 0
0 0 0 0 0 0 0 0 0 0 0 0 0 0 0 0 0 0 0 0 0 0 0 0 0 0 0 0 0 0 0 0 0 0 0 0 0 0 0 0 0 0 0 0 0 0 0 0 0 0 0 0 0 0 0 0 0 0 0 0 0 0 0 0 0 0 0 0 0 0 0 0 0 0 0 0 0 0 0 0 0 0 0 0 0 0 0 0 0 0 0 0 0 0 0 0 0 0 0 0 0 0 0 0 0 0 0 0 0 0 0 0 0 0 0 0 0 0 0 0 0 0 0 0 0 0 0 0 0 0 0 0 0 0 0 0 0 0 0 0 0 0 0 0 0 0 0 0 0 0
