0 0 23 4 0 0 1 0 12 89 7 5 0 7 0 0 0 4 11 0 0 1 1 0 7 28 0 1 0 0 0 0 0 1 5 3 0 0 0 3 0 0 1 0 22 0 0 0 0 0 0 0 6 1 2 0 0 0 0 1 49 22 7 4 0 10 9 0 0 0 0 7 16 232 226 346 194 56 43 8 26 342 62 70 119 235 209 206 47 260 1124 903 106 625 695 695 1024 850 1050 278 179 109 22 57 55 50 99 444 250 21 16 29 32 124 57 59 65 19 2 0 0 32 13 11 0 18 10 2 8 7 2 20 3 6 5 0 0 0 0 2 1 0 1 0 0 0 0 0 0 20
0 3 10 2 0 0 0 0 0 17 3 16 2 2 0 0 0 0 5 0 0 0 20 2 13 28 0 4 0 0 0 0 0 0 0 0 0 0 16 1 0 0 0 0 0 0 0 0 0 0 0 0 2 9 9 0 0 0 0 32 156 17 9 24 20 1 0 0 1 0 0 8 195 132 32 7 57 93 13 41 123 59 16 5 103 325 304 188 394 468 132 301 444 312 221 558 836 667 1097 899 375 90 55 37 13 3 1 24 43 7 11 7 2 19 50 35 4 37 1 34 7 2 9 3 8 3 1 4 8 32 12 14 84 45 0 0 0 0 2 73 12 0 0 0 0 0 0 0 0 0
0 0 0 0 76 0 0 0 3 9 2 1 12 2 0 0 0 7 2 0 0 14 92 19 20 1 1 5 0 0 0 0 0 1 0 5 0 5 0 12 1 0 0 8 0 0 0 0 0 0 0 0 0 0 10 1 0 0 0 9 21 13 4 9 1 0 2 0 0 1 1 13 3 0 7 2 0 58 113 258 93 43 11 41 46 332 621 215 6 8 264 25 338 979 706 824 261 577 312 655 680 368 21 81 30 12 8 21 214 120 35 6 1 6 1 8 13 79 39 26 64 27 13 6 0 6 1 6 0 32 6 19 76 234 0 0 4 0 5 119 4 1 0 0 0 0 0 0 0 0
29 7 0 0 0 0 0 0 0 0 1 0 0 0 0 2 0 1 2 2 0 0 3 14 9 0 1 8 18 0 3 0 0 0 0 2 0 2 0 6 5 0 0 0 0 0 0 0 0 0 1 0 1 1 69 33 1 23 35 2 1 1 5 25 0 0 0 0 0 13 15 220 18 2 2 27 21 117 212 570 129 91 33 198 192 19 68 243 10 341 1090 1122 1495 850 921 448 148 246 547 555 560 601 192 21 36 202 41 22 344 90 16 14 38 12 1 13 32 144 56 45 67 82 17 4 2 6 3 4 13 5 6 8 13 2 19 7 12 1 0 27 61 1 0 0 0 0 0 0 0 0
10 13 0 0 0 0 0 0 1 1 3 1 0 0 0 18 14 2 1 0 2 0 2 0 10 0 1 0 1 1 4 0 0 0 3 14 8 0 1 1 4 0 0 0 0 0 0 0 1 16 2 0 0 3 40 204 51 52 3 0 0 2 0 31 0 0 0 0 1 26 162 135 162 124 78 85 82 240 432 446 288 453 239 21 160 100 47 100 49 566 1487 1431 497 1244 525 315 150 703 420 718 776 1059 651 554 374 182 125 40 7 3 11 24 31 40 37 4 6 29 61 59 209 903 124 15 5 1 1 1 2 5 2 0 0 0 1 1 0 0 0 9 52 4 0 0 0 0 0 0 1 0
17 5 0 0 0 0 0 0 0 2 2 0 0 0 1 3 0 5 5 67 4 15 0 0 0 0 0 0 0 0 6 8 0 0 19 105 47 29 0 0 0 0 2 0 0 0 0 0 0 17 39 13 0 2 22 36 40 40 14 2 0 0 25 2 0 0 0 0 3 86 136 356 154 162 140 81 48 56 56 518 1226 863 344 61 1 183 105 37 4 332 1648 1391 209 578 1159 759 148 1745 579 524 442 399 1376 579 41 124 70 65 6 1 2 0 3 39 2 19 39 5 2 32 256 144 1 5 7 10 5 1 2 0 1 0 2 0 0 1 0 0 1 0 2 5 0 0 0 0 0 0 0 0
2 0 0 3 0 0 0 0 1 6 6 0 0 2 0 0 0 0 0 0 0 4 3 0 0 0 0 0 0 0 1 0 0 2 0 9 2 4 3 0 0 0 0 0 0 0 0 0 0 3 3 5 7 5 1 40 16 5 60 21 8 18 4 0 7 4 0 0 10 99 82 77 206 450 324 144 358 255 521 549 1385 824 1261 634 190 31 6 168 136 121 1325 1450 225 707 1115 545 309 664 649 72 47 633 218 249 58 68 162 16 22 14 54 133 193 48 59 51 3 0 29 20 83 91 35 2 0 2 7 5 0 0 2 0 0 0 0 0 0 23 0 0 0 0 0 0 0 0 0 0 0 0
0 0 0 1 0 0 0 0 4 1 3 0 0 1 0 0 0 0 0 0 0 0 0 0 0 0 0 0 0 1 4 0 0 0 8 7 0 1 54 9 0 0 0 0 0 0 0 0 0 0 0 0 4 25 1 15 1 34 68 100 109 94 55 4 33 38 0 0 15 116 15 15 38 76 110 98 96 224 754 884 1076 679 1217 229 167 178 479 702 313 58 750 127 106 628 550 497 283 870 856 247 209 511 409 756 188 147 20 41 147 35 280 429 84 95 30 58 5 3 3 18 21 30 10 8 4 1 15 3 8 7 0 0 0 0 0 0 0 0 0 0 0 0 0 0 0 0 0 0 0 0
3 0 0 0 0 0 0 0 4 4 0 1 1 2 4 0 0 0 0 0 0 0 0 0 0 0 0 0 0 0 5 0 0 0 2 0 0 1 1 6 0 0 0 0 0 0 1 0 0 0 0 0 1 13 0 0 0 27 11 85 405 249 27 3 16 45 20 21 4 47 4 0 2 13 17 205 192 43 144 556 1083 1336 777 46 14 28 166 322 359 59 16 18 369 934 1339 1318 118 383 416 241 389 258 120 371 747 180 229 261 55 76 856 360 130 16 55 8 1 7 9 9 15 6 11 11 18 3 1 4 1 0 31 2 0 0 1 0 0 0 0 0 0 0 0 0 0 0 0 1 0 0
0 0 0 0 0 0 0 0 17 18 0 0 0 1 0 5 0 0 0 0 0 0 0 0 0 0 0 0 0 0 0 3 0 0 0 0 0 2 2 0 1 1 0 0 0 0 1 2 14 1 1 0 8 9 0 0 1 0 1 40 53 120 20 18 1 2 1 1 4 17 0 0 0 0 0 33 51 154 288 599 1183 868 687 427 1053 752 355 169 333 199 80 8 24 770 1442 1425 944 301 119 18 52 168 26 35 112 544 331 271 105 11 604 548 253 41 14 223 218 466 122 56 32 19 25 24 69 21 12 3 6 22 348 14 0 0 0 0 0 0 0 0 0 0 0 0 0 0 0 0 0 0
1 2 9 0 0 0 5 0 3 6 3 4 0 0 1 6 2 1 0 0 0 0 0 0 0 0 0 0 0 0 0 0 0 0 0 7 0 1 1 0 0 8 2 0 0 0 1 79 13 20 18 2 16 5 0 0 0 6 20 35 0 132 11 8 0 1 0 0 4 13 0 0 0 0 0 0 69 50 169 339 468 255 666 319 255 372 185 472 591 344 34 3 7 332 611 814 850 42 15 58 35 39 2 25 221 573 994 319 196 158 472 340 170 71 2 150 389 652 555 265 270 222 238 105 88 384 114 76 55 30 7 57 21 27 19 0 0 0 0 0 0 0 0 0 0 0 0 0 0 0
1 0 3 0 0 0 0 0 8 5 0 0 0 0 0 0 9 6 4 0 3 0 0 0 0 0 0 0 0 0 0 0 1 5 1 1 0 1 1 5 0 9 12 10 2 3 2 0 3 0 0 0 4 2 7 2 0 0 2 17 1 8 0 2 1 6 1 6 10 0 2 1 0 0 0 9 40 17 148 401 469 182 80 98 153 106 40 38 92 536 38 0 1 3 21 114 1462 476 373 31 0 13 9 56 45 78 619 280 52 135 548 224 85 196 53 167 466 371 619 761 393 407 259 64 165 177 0 0 0 18 4 1 118 37 66 0 0 1 0 0 0 0 0 0 0 0 0 0 0 0
9 0 0 0 0 0 3 0 3 4 0 0 0 0 0 0 2 9 9 3 1 4 0 3 0 0 0 0 0 1 0 2 1 0 0 0 0 1 0 0 0 7 104 5 20 0 1 20 0 0 0 1 13 19 12 0 0 0 13 15 1 3 1 0 0 3 0 12 1 10 8 0 0 0 1 75 164 79 138 70 135 244 29 2 35 13 19 1 0 5 0 0 1 44 149 24 1018 545 915 636 16 14 51 20 47 12 45 301 611 336 1140 774 160 721 243 115 45 98 1305 1081 218 258 130 9 49 133 8 0 40 24 1 0 20 19 0 0 1 0 0 0 0 0 0 0 0 0 0 0 0 0
0 0 0 0 0 0 1 0 0 2 0 0 0 0 0 0 0 0 51 17 13 12 1 0 0 0 0 0 0 1 8 4 0 0 0 1 0 0 0 0 0 1 3 93 60 0 0 0 4 0 1 22 10 0 0 0 0 0 47 0 18 10 1 3 0 0 43 38 27 7 98 0 0 8 0 431 664 584 268 31 49 332 67 53 20 186 7 1 3 27 2 2 0 46 9 48 159 673 218 345 0 28 354 102 329 99 172 545 324 633 1495 1224 1162 731 318 202 250 330 1020 466 236 131 0 1 0 33 16 0 12 2 0 0 1 1 0 0 1 0 0 0 0 0 0 0 0 0 0 0 0 0
0 0 0 0 0 1 0 0 8 2 0 0 0 0 0 0 0 0 6 5 11 0 2 0 1 0 0 0 0 3 17 0 0 0 0 0 0 0 0 0 0 0 0 11 23 0 0 1 0 12 8 72 5 0 2 7 5 4 73 21 136 46 4 12 7 126 128 113 226 154 46 2 5 6 61 797 1828 1361 410 108 0 202 50 11 5 50 36 13 0 27 13 9 2 2 0 21 55 355 253 232 31 56 732 473 1705 1280 2415 1364 1330 1343 1113 732 811 722 655 342 155 112 104 149 197 134 38 15 0 12 55 14 18 17 16 0 0 0 0 0 0 0 0 0 0 0 0 0 0 0 0 0 0 0
0 0 0 0 0 0 0 20 16 4 4 0 0 0 0 0 0 0 1 4 0 26 12 2 0 0 1 0 1 3 0 0 0 0 0 0 0 0 0 0 1 0 0 0 0 19 0 0 0 37 102 134 2 0 2 8 61 179 22 121 23 30 5 46 43 69 103 43 54 115 166 109 123 169 607 808 1583 887 359 36 12 29 2 0 0 0 18 246 9 79 0 15 0 1 5 25 48 18 21 14 12 1 1147 741 660 622 1209 584 854 1082 1660 1123 1330 461 481 120 40 190 156 102 42 13 147 389 57 112 8 0 2 5 0 0 0 0 22 2 0 0 0 0 0 0 0 0 0 0 0 0 0 0
0 0 0 0 0 0 3 2 0 0 0 0 2 0 0 0 20 5 0 2 1 0 32 28 38 10 1 0 1 0 0 0 0 0 0 0 0 0 0 1 2 0 0 0 0 24 4 0 8 15 103 3 5 12 109 200 154 169 71 43 5 7 1 1 0 1 2 1 1 0 1 1 57 86 279 407 592 596 127 0 0 0 17 0 0 0 0 46 76 16 0 0 19 0 2 24 27 0 3 88 33 286 859 884 413 210 418 314 387 1023 911 535 994 455 614 135 49 121 156 8 0 13 40 54 43 432 4 10 5 0 0 0 0 0 0 0 0 0 0 0 0 0 0 0 0 0 0 0 0 0
0 0 0 0 0 4 0 3 1 0 0 0 1 0 0 0 0 11 1 1 0 6 0 1 15 1 8 19 1 0 0 0 0 0 0 0 3 0 0 0 0 0 2 0 0 35 58 4 7 58 47 36 43 219 124 26 117 93 409 14 1 2 0 0 1 5 22 61 3 24 89 8 116 6 73 137 54 179 46 4 0 0 6 10 0 3 0 4 68 1 0 17 57 31 11 3 7 0 43 512 237 127 229 130 217 449 260 400 488 449 149 232 120 164 337 62 151 141 29 7 0 1 2 20 163 664 180 23 3 1 0 0 0 0 0 0 3 0 0 0 0 0 0 0 0 0 0 0 0 0
0 0 0 2 4 6 0 0 0 0 0 0 1 2 0 0 0 1 0 1 2 13 7 2 5 4 84 47 24 0 0 0 0 0 0 18 6 0 0 0 0 1 1 29 33 24 10 3 17 609 248 95 127 32 18 71 207 99 40 38 47 47 0 0 0 0 4 4 1 129 19 11 29 13 6 90 128 51 11 13 12 0 30 22 0 16 11 12 9 1 9 43 76 233 21 2 0 25 276 26 194 270 103 33 92 143 304 420 398 2 11 131 11 416 71 1 27 41 0 0 0 0 1 13 58 161 147 215 48 0 1 0 0 0 0 0 0 0 0 0 0 0 0 0 0 0 0 0 0 0
0 0 0 0 1 0 0 0 0 0 0 0 3 5 4 0 1 1 0 3 1 12 73 13 2 5 4 17 301 5 0 0 2 0 1 0 0 0 0 0 0 1 9 42 25 109 78 7 14 382 69 11 1 10 85 14 17 166 9 0 5 3 0 0 0 15 1 1 16 20 61 42 4 0 0 125 11 1 7 1 11 0 2 2 0 21 15 2 5 14 5 29 6 1 0 26 0 26 33 2 885 837 619 127 120 209 140 376 221 2 4 1 2 205 4 0 0 0 0 0 1 0 1 8 18 10 17 140 1 0 0 0 0 0 0 0 0 0 0 0 0 0 0 0 0 0 0 0 0 0
0 0 0 0 4 0 3 0 0 0 0 0 1 3 0 0 0 3 3 1 1 3 9 4 0 50 7 7 0 5 0 18 6 0 0 0 0 0 0 0 8 14 74 47 60 60 41 49 150 375 371 142 27 60 18 9 34 2 2 0 0 2 11 11 272 137 2 0 6 16 77 52 4 4 8 132 173 90 40 29 8 12 6 5 1 0 7 8 28 16 8 1 0 1 1 1 0 2 337 359 1340 1023 484 155 2 15 83 176 1 0 0 0 0 18 0 0 0 0 0 0 0 0 2 5 0 0 30 60 0 0 0 0 0 0 0 0 0 0 0 0 0 0 0 0 0 0 0 0 0 0
0 0 0 0 0 0 0 0 0 0 0 0 0 2 1 0 0 0 0 0 1 2 6 5 2 2 1 0 0 0 9 166 15 2 0 0 0 11 0 0 123 37 0 0 3 0 6 12 241 978 291 268 26 12 0 6 3 3 0 1 1 2 3 0 14 26 25 8 6 68 26 35 11 0 0 19 122 82 92 89 25 38 9 30 19 5 8 18 304 66 32 7 0 11 4 6 4 0 98 329 240 202 51 0 15 24 156 68 3 0 0 0 13 97 0 0 0 0 0 0 0 0 0 0 0 30 105 34 1 7 6 0 0 0 0 0 0 0 0 0 0 0 0 0 0 0 0 0 0 0
0 0 0 0 0 0 0 0 0 0 0 0 0 0 1 1 0 0 0 0 0 1 11 0 1 0 0 0 0 0 0 3 37 22 10 0 59 96 31 16 2 0 0 0 0 0 15 29 40 400 285 151 13 1 1 1 1 5 9 3 0 1 0 0 6 1 17 5 0 12 7 31 34 6 2 1 4 15 39 26 10 51 30 0 0 8 11 1 0 5 4 1 5 4 0 0 6 0 4 2 3 0 9 30 74 102 62 84 116 156 54 24 34 0 0 0 0 0 0 0 0 0 0 3 25 56 70 2 0 0 9 1 0 0 0 0 0 0 0 0 0 0 0 0 0 0 0 0 0 0
0 0 2 1 0 0 0 0 0 0 0 0 0 0 1 0 0 0 0 3 10 1 1 0 0 3 0 0 0 0 0 4 4 10 13 10 11 27 14 1 0 0 0 0 7 72 26 51 1 114 175 28 0 6 17 4 15 17 4 0 0 0 0 0 0 1 2 2 0 0 2 10 209 101 3 11 0 0 0 0 3 9 72 254 3 3 3 1 2 0 0 3 0 3 1 0 0 0 0 8 3 2 2 83 70 53 33 2 6 28 0 66 17 0 0 0 0 0 0 0 0 0 1 10 7 18 47 99 3 0 0 0 0 0 0 0 0 0 0 0 0 0 0 0 0 0 0 0 0 0
0 0 0 0 0 0 0 0 0 0 0 0 0 0 0 0 0 0 0 0 1 0 1 0 2 0 0 0 0 0 0 1 6 19 59 0 1 88 0 0 0 0 0 39 31 43 52 1 9 33 87 47 40 22 24 1 11 3 3 3 0 0 0 0 1 0 0 17 19 6 3 4 6 8 38 9 0 0 0 1 1 3 12 69 6 8 2 0 0 0 2 9 0 0 0 0 8 2 1 6 12 4 5 26 551 0 0 5 2 0 0 7 6 0 0 11 11 0 0 0 0 0 0 0 0 44 71 19 0 0 5 0 0 0 0 1 0 0 0 0 0 0 0 0 0 0 0 0 0 0
0 0 0 0 0 0 0 0 0 0 0 0 0 0 8 0 0 1 0 0 0 10 3 3 0 0 0 0 0 0 0 0 10 54 28 0 1 22 1 0 0 0 2 6 111 7 6 2 8 3 62 20 0 2 0 0 8 0 0 0 0 0 0 1 16 1 0 13 7 9 10 24 1 10 0 10 15 0 0 0 0 1 0 11 75 15 7 12 0 8 0 5 4 3 14 0 2 3 7 8 12 11 12 141 239 170 0 0 0 0 1 2 7 13 33 27 0 0 0 1 0 0 0 0 0 82 12 53 2 2 0 0 0 0 0 0 6 38 0 0 0 0 0 0 0 0 0 0 0 0
0 0 0 0 0 0 0 0 0 0 0 0 0 0 1 0 0 3 2 0 2 1 4 4 0 0 0 11 2 0 0 4 2 11 16 3 0 1 15 1 8 6 7 8 112 2 4 1 3 2 18 16 1 4 0 8 1 1 0 0 0 0 0 1 7 0 0 3 7 3 5 17 0 1 0 0 28 0 0 0 0 0 28 2 8 3 10 45 2 1 2 2 0 0 0 4 3 0 0 3 12 16 8 26 36 555 36 4 0 0 0 0 0 76 15 24 0 0 9 2 0 0 0 0 35 212 36 21 0 1 0 0 0 0 5 0 2 6 0 0 0 0 0 0 0 0 0 0 0 0
0 0 0 0 0 0 0 0 1 0 0 0 0 6 6 2 7 35 6 0 1 10 22 0 0 0 1 1 0 7 9 3 0 60 2 0 1 11 31 21 73 105 20 128 270 9 7 1 12 1 0 33 17 4 2 11 0 0 0 0 0 0 1 1 0 0 0 1 10 51 66 28 5 5 0 1 0 14 0 0 0 0 1 0 1 0 0 9 8 5 3 0 10 2 0 0 0 2 0 0 0 3 14 8 23 743 582 45 4 0 0 0 0 3 0 0 16 85 45 3 0 0 0 44 70 27 56 238 227 15 0 0 0 0 1 13 3 17 0 0 0 0 0 0 0 0 0 0 0 0
0 0 0 0 0 0 0 0 0 0 3 0 21 6 7 6 22 46 0 11 0 1 3 2 0 0 0 11 31 8 1 3 8 0 4 19 8 18 187 104 592 906 395 299 113 22 0 1 7 1 0 9 68 34 9 0 0 0 0 0 0 0 0 0 0 0 0 0 0 0 6 23 3 1 18 11 0 34 6 0 0 2 6 0 6 0 0 0 15 7 4 2 5 4 11 19 6 1 0 0 2 215 10 36 298 372 196 318 11 0 0 0 0 0 0 3 252 80 11 0 0 0 50 110 136 260 795 625 169 30 0 0 0 32 0 3 0 0 0 0 0 0 0 0 0 0 0 0 0 0
0 0 0 0 0 0 0 4 5 10 7 35 145 1 0 1 5 10 0 1 4 2 10 22 5 10 5 0 0 1 5 3 0 7 24 22 11 5 276 403 704 1193 695 526 56 4 5 10 5 0 4 2 43 139 27 10 0 0 0 0 0 0 0 0 0 0 0 1 0 0 0 10 3 0 0 1 0 8 20 0 0 0 4 0 21 0 0 0 3 1 1 7 22 17 4 9 1 0 0 1 0 1 7 13 13 35 3 89 24 0 0 0 1 0 104 106 518 246 71 25 11 24 24 113 113 62 475 534 439 412 78 69 18 126 21 0 0 0 0 0 0 0 0 0 0 0 0 0 0 0
0 0 0 0 0 0 0 1 10 2 0 2 3 0 0 10 0 1 9 7 0 11 103 27 0 0 0 1 0 1 17 5 0 2 6 34 37 42 98 113 536 438 464 192 34 8 6 5 5 2 2 3 15 39 9 1 1 0 0 0 0 0 0 0 0 0 0 0 0 0 3 5 0 0 0 0 1 5 1 0 5 29 8 4 35 0 0 5 16 18 4 0 4 8 2 0 1 4 2 2 2 3 2 3 5 0 0 5 28 1 0 3 3 0 80 883 838 520 151 159 155 108 93 12 3 4 31 177 7 79 7 206 730 50 29 4 0 0 0 0 0 0 0 0 0 0 0 0 0 0
0 0 0 0 0 0 0 0 0 3 5 5 1 0 0 3 0 0 18 19 244 73 14 0 0 0 0 0 5 10 1 5 17 36 15 2 0 4 0 116 524 424 317 212 156 24 22 0 4 8 5 0 7 4 11 5 0 0 0 0 0 0 0 0 0 0 0 0 0 0 3 0 0 0 0 0 0 1 9 0 19 11 44 141 22 0 0 0 2 0 0 2 4 4 2 6 8 1 0 0 2 2 0 0 2 5 1 14 235 186 323 458 149 132 436 1027 628 268 105 392 67 162 9 1 61 33 91 211 4 0 40 226 361 70 80 2 0 0 0 0 0 0 0 0 0 0 0 0 0 0
0 0 2 0 0 0 1 5 1 0 0 8 3 9 1 5 8 10 13 7 51 1 0 0 0 0 0 0 0 14 8 27 3 7 3 46 2 1 3 6 25 105 24 18 2 0 0 0 1 1 0 3 45 1 4 3 10 2 2 0 0 0 0 0 0 0 0 0 0 0 1 0 0 0 0 8 0 17 8 3 0 16 14 4 0 0 0 0 3 2 10 0 0 3 4 9 7 0 0 0 7 0 0 1 0 1 25 11 132 61 144 78 29 614 1080 567 398 369 69 379 66 13 0 12 22 18 40 0 0 0 53 366 0 0 2 0 0 0 0 0 0 0 0 0 0 0 0 0 0 0
0 0 1 0 0 9 19 7 10 1 0 0 0 4 12 3 2 3 19 45 24 0 0 0 0 0 1 1 2 7 65 2 9 2 8 14 1 3 3 1 17 8 1 0 4 8 0 0 2 3 0 7 191 39 14 31 24 2 0 0 0 0 0 0 0 0 0 0 0 0 0 0 0 0 0 0 1 2 2 0 0 1 1 0 0 0 0 0 2 0 0 0 0 26 28 2 3 16 0 0 8 0 0 0 0 2 6 70 147 7 1 7 174 282 217 432 193 255 125 144 360 1 0 0 0 0 0 0 0 0 2 103 39 0 0 0 0 0 0 0 0 0 0 0 0 0 0 0 0 0
0 0 0 0 1 0 7 5 0 0 5 0 5 17 6 11 25 22 3 0 2 2 9 0 0 2 1 30 19 19 28 54 14 0 3 2 2 6 4 0 17 52 5 0 2 0 4 0 0 1 2 31 172 52 7 7 2 0 1 0 0 0 0 0 0 0 0 0 0 0 0 0 0 0 0 0 10 10 5 2 0 0 0 0 0 0 0 0 6 3 12 1 34 52 3 14 4 2 1 2 0 0 0 2 0 1 4 97 595 16 0 0 9 0 3 2 0 53 385 670 173 0 0 0 0 2 2 0 0 0 0 0 158 4 0 0 0 0 0 0 0 0 0 0 0 0 0 0 0 0
3 4 0 2 2 0 9 41 4 1 5 8 6 2 5 217 73 24 7 7 0 0 7 2 1 5 9 20 0 3 25 9 7 0 0 1 1 0 0 2 20 5 2 16 1 0 0 0 0 0 0 61 6 25 17 2 5 0 0 0 0 0 0 0 0 0 0 0 0 0 0 0 0 0 0 0 7 23 2 0 0 0 2 0 0 0 0 3 9 0 7 0 1 39 0 0 0 0 4 2 0 1 9 4 10 15 25 29 226 1 0 0 0 0 7 0 0 27 106 418 385 115 0 0 2 84 2 0 0 51 140 165 103 6 0 0 0 0 0 0 0 0 0 0 0 0 0 0 0 0
2 0 0 0 0 3 1 0 0 0 41 4 6 4 82 54 24 19 14 4 1 0 9 4 1 12 2 1 0 1 1 0 1 4 10 0 0 0 0 3 2 56 7 3 4 2 5 0 0 0 2 59 29 42 22 11 1 0 0 0 0 0 0 0 0 0 0 0 0 0 0 0 0 0 1 0 0 22 169 3 1 9 0 0 0 0 4 70 33 1 1 1 6 1 0 8 0 1 5 7 30 12 202 8 3 13 21 19 69 12 0 0 0 8 79 78 218 501 178 197 654 149 0 23 291 42 0 0 0 140 256 0 0 0 0 0 0 0 0 0 0 0 0 0 0 0 0 0 0 0
0 3 1 1 0 1 2 5 4 2 4 93 19 6 0 0 2 10 1 0 0 0 0 9 14 5 8 0 20 4 0 1 0 4 2 0 0 0 5 0 4 9 36 14 5 0 2 0 0 0 1 56 30 7 2 4 0 0 1 0 0 0 0 0 0 0 0 0 0 0 0 0 0 0 0 0 0 19 26 9 0 3 0 0 0 0 1 15 0 0 3 0 1 10 1 0 1 0 3 2 0 0 7 3 10 0 22 38 68 18 0 0 16 0 165 474 1052 516 58 45 65 190 319 325 228 0 0 5 13 524 311 0 0 0 0 0 0 0 0 0 0 0 0 0 0 0 0 0 0 0
0 0 3 0 0 0 10 6 11 0 17 33 1 2 0 1 1 0 2 10 0 0 1 1 0 0 9 8 4 0 0 0 0 0 0 0 0 0 22 1 0 0 0 9 126 2 0 0 0 0 1 99 5 2 3 3 4 0 3 2 0 0 0 0 0 0 0 0 0 0 0 0 0 0 0 0 0 9 83 58 9 18 28 0 0 0 1 1 0 1 0 0 1 16 0 0 0 1 0 4 1 6 0 10 2 3 6 6 79 0 0 2 44 18 100 39 2 83 587 285 48 393 936 698 519 281 184 313 969 1808 1037 151 0 0 0 0 0 0 0 0 0 0 0 0 0 0 0 0 1 0
0 0 2 0 1 7 2 2 0 16 24 3 1 3 4 5 1 3 0 0 0 1 0 0 0 11 19 0 0 0 1 5 3 1 3 0 0 0 0 23 1 0 0 2 0 2 13 3 1 2 16 386 18 14 2 22 0 1 3 0 5 0 0 0 0 0 0 0 0 0 0 0 0 0 0 0 5 23 62 1 1 20 15 0 0 0 0 0 7 3 0 3 3 26 4 18 61 1 1 5 1 0 0 133 10 5 7 3 101 37 9 18 32 7 1 18 12 199 355 469 704 793 914 1049 1619 1483 1282 1045 1359 977 1165 33 0 0 0 0 0 0 0 0 0 0 0 0 0 0 0 0 0 0
0 0 0 0 5 3 0 3 19 11 1 2 2 0 3 18 5 2 1 0 0 0 0 0 3 13 9 0 2 0 0 1 5 2 2 3 3 2 5 0 4 0 1 0 0 0 2 0 14 42 778 675 25 81 35 5 8 3 2 4 0 2 0 0 0 0 0 0 0 0 0 0 0 0 0 1 0 0 3 2 0 2 1 0 0 0 0 0 7 4 0 1 28 0 0 2 1 0 1 9 14 7 8 1 25 10 57 48 6 24 66 5 7 10 8 15 7 54 583 1785 1712 964 350 939 1925 1308 240 739 695 10 326 201 0 0 0 0 0 0 0 0 0 0 0 0 0 0 0 0 0 0
2 3 0 8 7 2 1 1 20 4 3 0 3 4 2 0 0 0 0 0 0 0 0 0 3 6 0 0 1 0 1 36 14 1 1 2 1 0 0 1 0 0 0 0 0 0 0 0 0 63 1058 1071 681 763 65 33 3 0 4 14 1 0 0 0 0 0 0 0 0 0 0 0 0 0 3 0 0 0 0 25 0 4 0 0 0 0 0 10 82 1 0 24 14 0 0 0 0 0 2 2 4 0 16 30 19 134 477 12 7 0 7 6 3 8 2 29 9 5 132 685 457 621 351 2420 1822 966 285 231 8 609 1924 911 0 0 0 0 0 0 0 0 0 0 0 0 0 0 0 0 0 0
1 2 1 23 0 0 13 9 10 7 8 47 1 2 2 2 0 0 0 0 0 0 0 1 0 0 2 12 0 0 0 7 10 5 2 1 3 2 0 0 0 0 0 1 0 1 2 0 0 12 237 355 645 449 106 117 7 1 4 2 1 1 1 2 0 0 0 0 0 0 0 0 0 0 2 0 0 0 0 17 1 2 0 0 0 0 0 16 71 11 7 20 151 0 0 0 0 0 0 14 8 64 21 19 42 91 7 17 0 0 0 0 3 2 6 18 10 7 13 40 343 351 271 846 1554 1013 763 623 540 1243 534 430 5 1 2 0 0 0 1 0 0 0 0 0 0 0 0 0 0 0
6 10 3 5 4 5 16 19 3 2 1 3 1 1 0 0 0 0 0 0 0 0 3 0 0 0 0 0 1 2 1 0 1 1 0 1 0 1 0 0 0 0 0 0 0 4 9 4 4 4 34 323 309 71 49 14 15 3 3 1 1 1 0 0 0 0 0 0 0 0 0 0 0 0 0 0 0 0 1 0 6 12 0 0 0 1 28 63 86 3 0 128 243 25 2 0 0 0 0 13 56 2 58 204 25 2 5 2 20 5 0 0 2 0 4 6 9 29 36 60 172 853 721 557 521 1208 1246 1708 271 188 99 196 0 0 0 0 0 0 0 0 0 0 0 0 0 0 0 0 0 0
2 1 25 0 4 0 20 55 10 20 4 0 0 2 0 0 0 0 0 0 0 0 3 0 2 0 0 0 1 1 0 0 2 1 0 0 0 0 0 0 0 0 0 0 0 1 0 2 3 7 3 17 95 42 39 0 0 47 107 4 0 0 1 0 0 0 0 0 0 0 0 0 0 0 0 0 0 0 0 0 0 8 24 32 20 16 1 0 13 44 156 164 124 3 10 3 0 4 11 33 47 431 250 447 316 29 14 4 11 6 0 3 1 2 2 4 13 115 43 366 595 813 2021 2394 902 372 2087 3026 1635 0 1 2 0 0 0 0 0 0 0 0 0 0 0 0 0 0 0 0 0 0
3 17 33 0 14 19 6 79 17 10 0 0 0 3 0 0 0 0 0 0 0 1 3 0 0 0 0 1 6 0 0 6 0 0 0 0 0 0 1 0 2 0 0 0 2 0 0 0 2 5 0 5 90 3 10 0 0 5 87 11 25 1 0 0 0 0 0 0 0 0 0 0 0 0 0 0 0 0 0 0 2 10 10 0 0 5 3 9 15 46 73 87 103 8 60 19 9 0 0 10 368 277 642 265 230 57 10 6 2 6 12 2 0 0 6 0 11 334 323 553 578 36 9 204 306 278 509 1440 520 9 204 13 0 0 0 0 0 0 0 0 0 0 0 0 0 0 0 0 0 0
12 9 150 0 31 100 75 11 6 4 1 0 6 3 0 1 4 0 0 1 8 0 0 0 0 0 0 0 0 0 0 0 1 0 0 0 0 0 0 0 3 1 1 0 0 3 0 0 4 0 0 8 10 0 0 1 1 1 2 58 3 1 0 0 0 0 0 0 0 0 0 0 0 0 0 0 0 0 0 0 37 74 0 0 32 1 126 6 5 0 0 5 13 3 3 0 0 0 0 13 6 82 1104 260 208 208 20 8 10 1 26 15 0 0 0 29 243 488 203 43 0 0 0 0 62 641 169 692 429 29 59 23 0 0 0 0 0 0 0 0 0 0 0 0 0 0 0 0 0 0
5 29 94 151 398 643 174 66 9 0 0 0 0 0 7 0 0 0 0 1 3 7 0 0 0 0 0 0 0 0 0 0 0 0 0 0 0 0 0 0 0 0 2 6 12 9 0 17 2 1 0 8 12 3 0 1 2 0 18 3 0 2 0 0 0 0 0 0 0 0 0 0 0 0 0 0 0 0 5 26 5 0 0 0 16 5 23 163 64 0 0 0 0 0 0 0 0 0 0 0 0 138 641 189 229 226 5 4 4 12 5 6 0 0 18 155 224 8 43 69 0 0 0 0 10 519 244 516 249 13 97 10 0 0 0 0 0 0 0 0 0 0 0 0 0 0 0 0 0 0
4 82 410 1108 546 393 154 50 0 1 0 4 2 0 0 0 2 0 1 0 0 3 0 0 0 0 0 0 1 0 0 0 0 0 0 0 0 0 0 0 1 1 0 1 2 0 0 8 37 0 0 0 15 0 0 2 1 0 0 0 0 3 1 0 0 0 0 0 0 0 0 0 0 0 0 0 0 27 1 0 0 0 0 0 0 0 52 29 0 0 3 2 0 0 0 4 0 0 0 0 7 84 32 25 238 173 5 0 4 2 3 7 53 79 33 13 6 1 8 49 29 52 15 0 16 67 74 275 88 2 0 0 0 0 0 0 0 0 0 0 0 0 0 0 0 0 0 0 0 0
1 8 312 237 132 161 58 29 6 2 1 1 1 0 0 0 0 0 1 3 5 4 0 0 3 0 0 0 1 0 0 0 0 0 0 0 0 0 0 0 2 0 0 1 0 1 0 6 7 9 0 0 0 0 0 3 0 0 0 0 0 0 0 0 0 0 0 0 0 0 0 0 0 0 0 0 5 2 0 0 0 0 0 0 0 0 124 11 6 24 18 1 0 0 7 12 0 0 0 395 842 201 278 216 36 154 77 10 4 1 14 55 44 1 0 0 0 0 33 55 123 55 205 393 111 62 3 1 0 5 1 0 0 0 0 0 0 0 0 0 0 0 0 0 0 0 0 0 0 0
16 25 41 95 98 35 2 1 2 0 35 0 0 0 0 0 0 0 0 0 6 117 0 1 0 0 0 0 0 0 0 0 0 5 3 0 1 0 0 0 1 0 0 0 2 30 1 0 2 0 2 0 1 0 1 18 1 0 0 0 0 0 0 0 0 0 0 0 0 0 0 0 0 0 0 0 9 5 1 0 0 0 0 0 0 0 18 0 0 28 32 0 0 0 75 119 76 14 241 1401 413 473 254 26 1 51 98 98 1 9 87 0 0 0 0 0 1 3 47 75 117 20 75 75 27 147 54 15 57 36 14 0 0 0 0 0 0 0 0 0 0 0 0 0 0 0 0 0 0 0
34 9 44 9 0 0 0 1 0 0 0 0 0 0 0 0 2 1 2 1 0 9 4 0 0 0 0 1 25 1 0 0 1 5 9 0 0 0 0 0 0 0 0 0 2 7 0 2 1 0 0 0 0 1 71 30 7 0 0 0 0 0 0 0 0 0 0 0 0 0 0 0 0 0 39 19 0 0 0 0 0 0 0 0 0 0 29 2 0 0 82 17 9 10 102 386 99 15 89 111 15 4 32 17 18 4 0 234 574 213 1 0 0 5 15 0 0 3 3 3 31 3 27 20 36 121 75 40 345 79 52 1 0 0 0 0 0 0 0 0 0 0 0 0 0 0 0 0 0 0
25 4 8 0 0 0 1 0 0 0 0 0 0 0 0 0 0 0 0 0 0 1 0 0 0 0 1 1 0 28 13 39 4 0 2 0 0 0 0 0 5 0 0 1 2 2 1 0 0 0 0 1 1 1 23 1 0 0 0 0 0 0 0 0 0 0 0 0 0 0 0 0 0 0 20 48 0 0 0 0 0 0 0 0 3 0 98 82 165 62 177 57 25 7 1 54 11 8 0 3 4 2 2 3 1 2 200 315 198 69 14 0 0 0 3 0 0 11 0 0 7 8 8 10 10 160 103 273 193 319 67 0 0 0 0 0 0 0 0 0 0 0 0 0 0 0 0 0 0 0
1 0 0 0 0 0 0 0 0 0 0 0 0 0 0 0 0 0 0 1 0 0 0 0 0 0 0 0 2 0 3 0 0 3 0 0 0 0 0 0 0 0 0 0 0 4 8 0 0 0 0 0 11 54 7 2 1 0 0 0 0 0 0 0 0 0 0 0 0 0 0 2 38 5 2 0 0 0 0 0 0 0 0 0 0 0 6 0 120 3 0 0 1 2 2 19 1 5 4 4 0 4 1 7 2 246 846 394 96 122 0 0 0 0 0 0 0 4 110 30 1 18 4 34 15 19 126 92 9 21 4 54 0 0 0 0 0 0 0 0 0 0 0 0 0 0 0 0 0 0
2 0 1 1 0 0 0 0 0 0 0 0 0 0 0 0 0 0 1 2 0 0 0 5 0 0 0 1 1 1 0 0 0 0 2 0 0 0 0 0 0 1 0 0 0 1 0 0 0 0 1 3 5 68 5 2 3 1 0 0 0 0 0 0 0 0 0 0 0 0 6 7 8 3 0 0 0 0 0 0 0 0 0 0 0 0 3 0 0 0 0 0 6 30 0 7 1 0 16 3 1 13 2 0 50 91 135 20 53 186 0 0 0 0 0 0 0 0 4 12 0 30 7 105 122 49 193 57 25 27 3 0 0 0 0 0 0 0 0 0 0 0 0 0 0 0 0 0 0 0
0 0 0 0 4 23 4 0 0 0 0 0 0 0 0 0 0 1 0 0 0 0 0 0 0 0 5 0 0 0 0 9 0 0 0 0 0 0 0 0 0 0 4 3 0 0 0 0 0 0 1 0 9 0 1 0 11 2 0 0 0 0 0 0 0 0 0 2 1 10 2 0 0 0 0 0 0 0 0 0 0 0 0 0 0 0 0 0 2 3 1 52 141 13 0 0 0 0 1 6 10 6 32 21 125 29 0 5 13 7 9 0 0 0 0 0 0 0 0 0 11 10 5 19 0 0 0 450 5 9 2 0 0 0 0 0 0 0 0 0 0 0 0 0 0 0 0 0 0 0
0 0 0 0 82 29 0 0 0 0 0 0 0 0 5 0 0 1 0 0 0 0 0 0 0 0 0 0 3 0 2 0 0 0 0 0 0 0 0 0 0 0 0 2 2 2 0 0 0 4 10 0 0 5 0 1 3 2 0 1 0 0 0 0 0 0 1 0 6 0 0 1 0 0 0 0 0 0 0 0 0 0 0 0 0 0 0 0 36 67 166 343 166 13 0 0 0 1 0 31 43 445 448 58 23 21 13 0 0 15 28 0 0 0 0 0 0 0 0 0 0 0 0 0 0 34 424 75 0 0 0 0 0 0 0 0 0 0 0 0 0 0 0 0 0 0 0 0 0 0
0 0 0 0 6 1 3 0 0 0 0 0 1 1 0 0 1 0 1 0 0 0 0 0 0 0 1 0 0 8 0 0 0 0 0 1 1 0 0 0 0 0 0 0 4 8 0 0 0 0 1 0 0 3 6 0 0 0 0 0 0 0 0 0 0 0 0 0 10 3 0 0 0 0 0 0 0 0 0 0 0 0 0 0 0 2 2 0 117 92 288 128 132 22 1 2 4 2 0 78 160 143 103 9 0 3 4 0 2 1 6 1 0 0 0 0 0 0 0 0 1 47 83 0 0 105 161 0 0 0 0 0 0 0 0 0 0 0 0 0 0 0 0 0 0 0 0 0 0 0
0 0 0 0 0 5 1 0 0 0 0 1 11 13 0 0 0 0 0 0 0 0 0 0 0 8 2 0 0 11 0 0 1 0 0 4 0 0 0 0 0 0 0 1 0 10 7 0 0 3 1 0 1 20 4 0 0 0 0 0 0 0 0 0 0 0 2 11 227 0 0 0 0 0 0 0 0 0 0 0 0 0 0 1 6 17 24 6 3 11 0 2 15 4 32 0 0 1 11 26 47 0 0 2 1 0 0 3 1 35 30 38 6 0 0 0 0 0 0 0 0 0 0 0 0 0 0 1 0 0 0 0 0 0 0 0 0 0 0 0 0 0 0 0 0 0 0 0 0 0
0 0 0 1 0 1 1 0 0 0 0 0 0 0 1 2 1 0 0 0 0 0 0 0 0 0 0 0 0 0 0 0 0 0 0 0 0 0 0 0 0 0 1 0 0 1 2 5 0 2 0 0 2 5 6 4 3 1 1 0 0 0 0 0 0 0 13 41 20 0 0 1 1 0 0 0 0 0 0 0 0 0 0 13 39 4 1 4 5 8 4 3 9 4 5 13 6 19 16 47 34 13 3 0 19 0 0 23 84 166 135 417 28 20 1 0 0 0 0 0 0 0 1 0 0 0 0 0 0 0 0 0 0 0 0 0 0 0 0 0 0 0 0 0 0 0 0 0 0 0
0 0 0 0 1 3 0 1 0 0 0 0 0 0 0 2 0 0 0 0 0 0 0 0 0 0 0 0 1 0 0 0 0 0 2 0 0 0 2 2 0 0 0 0 0 0 0 3 32 0 0 0 0 0 2 48 74 0 1 0 0 0 0 0 0 10 86 72 2 0 2 2 0 0 0 0 0 0 0 0 0 0 0 28 58 0 0 9 6 3 8 1 1 1 1 6 50 20 139 2 4 2 7 20 5 3 17 7 43 38 231 46 14 1 13 0 0 0 0 0 0 0 0 0 0 0 0 0 0 0 0 0 0 0 0 0 0 0 0 0 0 0 0 0 0 0 0 0 0 0
0 0 3 0 0 1 0 0 0 0 0 0 0 0 0 0 7 0 0 0 0 0 0 0 0 0 0 1 0 1 0 0 0 0 0 1 3 0 0 0 0 0 0 0 0 3 1 6 64 4 0 0 0 0 21 1 6 11 8 21 8 5 4 4 8 6 1 0 0 0 0 0 0 0 0 0 0 0 0 0 0 0 0 0 0 2 1 31 4 12 0 0 0 0 11 139 7 0 0 0 0 2 1 0 21 57 307 1023 513 61 19 0 2 9 0 0 0 0 0 0 0 0 0 0 0 0 0 0 0 0 0 0 0 0 0 0 0 0 0 0 0 0 0 0 0 0 0 0 0 0
0 0 2 1 2 42 2 10 0 0 1 0 0 0 1 0 1 0 0 0 0 0 0 0 0 0 0 0 0 0 0 0 0 0 0 2 0 0 9 1 1 0 0 2 2 4 19 11 38 8 0 0 3 1 7 1 1 0 1 6 0 0 0 4 6 0 1 132 2 11 0 12 0 0 0 0 0 0 0 0 0 0 0 0 0 2 0 2 2 3 8 7 0 1 154 13 1 0 0 0 0 15 0 22 89 131 223 445 170 190 139 145 49 2 0 0 0 0 0 0 0 0 0 0 0 0 0 0 0 0 0 0 0 0 0 0 0 0 0 0 0 0 0 0 0 0 0 0 0 0
0 0 0 0 25 50 3 0 0 1 0 0 0 1 0 0 4 0 0 0 0 0 0 0 0 0 0 0 0 0 0 0 4 0 1 0 0 0 0 2 0 6 1 0 2 0 2 8 3 0 5 0 1 4 4 0 2 2 1 10 0 0 0 0 0 0 0 2 0 1 0 0 1 1 0 0 0 0 0 0 0 0 0 0 0 0 0 0 1 0 0 1 8 44 3 30 206 0 0 0 0 0 0 80 125 206 0 0 9 43 0 12 4 0 0 0 1 0 0 0 0 0 0 0 0 0 0 0 0 0 0 0 0 0 0 0 0 0 0 0 0 0 0 0 0 0 0 0 0 0
0 0 0 0 0 1 1 0 2 0 0 0 0 2 0 0 0 0 2 0 0 0 0 0 0 1 0 0 0 0 0 3 1 1 0 0 0 0 0 0 0 0 0 1 0 0 3 0 4 7 1 0 0 0 0 0 0 0 7 7 6 2 0 0 0 0 0 0 0 0 0 5 4 2 0 0 0 0 0 0 0 0 0 0 0 0 0 0 0 0 0 21 43 10 30 188 282 0 0 0 0 0 0 16 11 0 0 0 0 0 44 58 0 1 0 0 0 0 0 0 0 0 0 0 0 0 0 0 0 0 0 0 0 0 0 0 0 0 0 0 0 0 10 23 3 0 0 0 0 0
0 0 0 2 0 0 0 0 0 5 0 0 3 0 2 0 0 0 0 0 0 0 0 0 0 0 0 0 0 0 0 0 2 0 0 0 0 0 0 0 0 1 0 0 0 1 0 0 0 1 4 1 1 1 0 0 0 0 4 7 9 0 0 0 0 0 0 0 0 0 0 0 0 0 0 0 0 0 0 0 0 0 0 0 0 0 0 1 27 2 3 28 349 129 34 1 0 1 0 0 0 0 3 4 0 0 0 3 0 160 225 4 0 0 0 0 0 0 0 0 0 0 0 0 0 0 0 0 0 0 0 0 0 0 0 0 0 0 0 0 0 0 0 7 0 0 0 0 0 0
0 0 0 0 1 1 0 0 0 0 0 0 0 2 0 0 0 0 0 0 0 0 0 0 0 0 0 0 0 0 0 0 0 0 0 0 0 0 0 0 0 0 0 0 0 0 0 0 0 0 3 8 9 0 0 0 0 0 0 3 0 1 0 0 0 0 0 0 0 0 0 0 0 0 0 0 0 0 0 0 0 0 0 0 0 0 0 0 0 5 8 68 487 0 0 13 5 0 0 0 0 0 0 6 4 2 0 26 9 23 63 87 1 0 0 0 0 0 0 0 0 0 0 0 0 0 0 0 0 0 0 0 0 0 0 0 0 0 0 0 0 0 0 0 0 0 0 0 0 0
0 0 0 0 0 0 0 0 0 0 0 0 1 0 0 0 0 0 0 0 0 0 0 2 0 0 0 0 0 0 0 0 0 0 0 0 3 0 0 0 0 0 1 0 0 0 0 0 0 0 0 13 0 0 3 2 4 4 3 12 5 0 0 0 0 0 0 0 0 0 2 57 5 0 0 0 0 0 0 0 0 0 0 0 0 0 0 0 1 0 18 42 9 8 6 0 0 0 0 0 0 0 0 0 0 0 0 0 0 0 0 0 0 0 0 0 0 0 0 0 0 0 0 0 0 0 0 0 0 0 0 0 0 0 0 0 0 0 0 0 0 0 0 0 0 0 0 0 0 0
0 0 0 0 0 0 0 0 0 0 0 0 0 0 0 0 0 0 0 0 0 5 4 28 0 0 0 0 0 0 0 0 0 0 0 0 1 0 0 0 0 0 0 0 0 0 0 0 0 0 0 17 3 2 2 3 0 1 0 0 0 15 6 1 0 0 0 0 0 0 0 7 16 0 5 0 0 0 0 0 0 0 0 0 0 0 0 0 2 1 7 20 33 17 16 1 0 0 0 0 0 0 0 0 0 0 0 0 0 0 0 0 0 0 0 0 0 0 0 0 0 0 0 0 0 0 0 0 0 0 0 0 0 0 0 0 0 0 0 0 0 0 0 0 0 0 0 0 0 0
0 0 0 0 0 0 0 0 0 0 0 0 1 0 0 0 0 0 0 4 0 0 0 1 2 0 0 0 1 0 0 0 0 0 0 0 0 0 0 0 0 2 0 0 0 0 0 0 0 2 3 43 23 3 2 1 0 0 1 0 3 23 74 0 0 0 0 0 0 0 0 0 0 0 3 0 0 0 0 0 0 0 0 0 0 0 0 0 0 0 9 8 0 31 29 4 0 0 1 0 0 0 0 0 0 0 0 0 0 0 0 0 0 0 0 0 0 0 0 0 0 0 0 0 0 0 0 0 0 0 0 0 0 0 0 0 0 0 0 0 0 0 0 0 0 0 0 0 0 0
0 0 0 0 0 0 0 0 0 0 0 0 4 3 0 0 0 0 0 0 0 2 0 0 2 4 0 0 0 1 0 0 0 0 0 0 0 0 0 0 1 0 0 0 0 0 0 0 1 8 4 42 121 15 9 1 1 0 0 2 0 10 0 0 0 0 0 0 0 0 0 0 0 1 2 0 0 0 0 0 0 0 0 0 0 1 0 0 0 0 0 5 18 26 6 5 0 0 0 0 0 0 0 0 0 0 0 0 0 0 0 0 0 0 0 0 0 0 0 0 0 0 0 0 0 0 0 0 0 0 0 0 0 0 0 0 0 0 0 0 0 0 0 0 0 0 0 0 0 0
0 0 0 0 0 0 0 1 0 0 0 0 2 0 1 1 0 2 3 0 0 0 0 0 0 1 0 0 0 0 0 0 0 0 0 0 0 0 1 0 0 0 0 0 0 0 0 0 7 9 0 14 166 3 9 0 1 0 0 0 2 17 6 0 0 0 0 0 0 0 0 0 0 0 0 0 0 0 0 0 0 0 0 0 0 0 1 0 0 0 0 1 1 10 4 1 11 2 1 31 0 0 0 0 0 0 0 0 0 0 0 0 0 0 0 0 0 0 0 0 0 0 0 0 0 0 0 0 0 0 0 0 0 0 0 0 0 0 0 0 0 0 0 0 0 0 0 0 0 0
0 0 0 0 1 0 0 0 0 12 1 0 0 3 2 0 0 1 0 0 0 0 0 5 2 8 0 0 0 0 0 0 0 0 0 0 0 2 0 0 0 0 0 0 0 0 0 14 0 0 0 21 28 0 0 0 0 0 0 1 10 2 0 1 0 0 0 0 0 0 0 0 0 0 0 0 0 0 0 0 0 0 0 0 0 0 0 0 0 0 0 0 0 0 0 0 2 0 2 0 4 0 0 0 0 0 0 0 0 0 0 0 0 0 0 0 0 0 0 0 0 0 0 0 0 0 0 0 0 0 0 0 0 0 0 0 0 0 0 0 0 0 0 1 0 1 0 0 0 0
3 0 1 0 0 0 0 0 0 0 2 1 0 0 0 0 0 0 0 0 0 0 0 2 4 0 0 0 0 0 0 0 0 1 16 2 1 0 0 0 0 1 0 0 0 1 15 7 0 0 0 0 0 0 0 0 0 0 0 1 21 0 0 0 0 0 0 0 0 0 0 0 0 0 0 0 0 0 0 0 0 0 0 0 0 0 0 0 0 0 0 0 0 0 0 7 10 11 0 0 7 0 0 0 0 0 0 0 0 0 0 0 0 0 0 0 0 0 0 0 0 0 0 0 0 0 0 0 0 0 0 0 0 0 0 0 0 0 0 0 0 0 0 1 3 20 0 0 0 0
1 0 0 0 0 0 0 0 0 0 0 0 0 0 0 0 0 0 0 3 1 0 0 0 0 0 0 0 0 0 1 0 0 0 0 0 0 1 0 0 0 0 0 0 2 3 4 0 0 0 0 0 1 0 0 0 0 0 0 1 1 1 0 0 0 0 0 0 0 0 0 2 3 0 0 0 0 0 0 0 0 0 0 0 0 0 0 0 0 0 0 0 0 0 2 5 15 0 0 1 10 83 0 0 0 0 0 0 0 0 0 0 0 0 0 0 0 0 0 0 0 0 0 0 0 0 0 0 0 0 0 0 0 0 0 0 0 0 0 0 0 0 0 0 0 0 0 0 0 0
0 0 0 0 0 0 0 0 0 0 0 3 3 0 0 0 4 0 0 0 0 0 0 0 0 0 0 0 0 0 0 0 0 0 0 0 0 0 0 0 0 0 0 0 1 0 0 0 0 0 0 0 0 0 0 0 0 0 0 0 2 0 0 0 0 0 0 0 0 0 7 12 0 0 0 0 0 0 0 0 0 0 0 0 0 0 0 0 0 0 0 0 0 0 7 0 2 0 0 1 0 13 0 0 0 0 0 0 0 0 0 0 0 0 0 0 0 0 0 0 0 0 0 0 0 0 0 0 0 0 0 0 0 0 0 0 0 0 0 0 0 0 0 0 0 0 0 0 0 0
0 0 0 0 0 0 0 0 0 1 6 1 3 0 0 2 7 0 0 0 0 0 0 0 0 0 0 0 0 0 0 0 0 0 0 0 0 0 0 0 0 0 0 3 3 0 0 0 0 0 0 1 0 0 0 0 0 0 0 0 3 0 0 0 0 0 0 0 0 0 6 1 0 0 0 0 0 0 0 0 0 0 0 0 0 0 0 0 0 0 0 0 0 0 2 9 4 0 0 0 0 0 0 0 0 0 0 0 0 0 0 0 0 0 0 0 0 0 0 0 0 0 0 0 0 0 0 0 0 0 0 0 0 0 0 0 0 0 0 0 0 0 0 0 0 0 0 0 0 0
1 0 0 0 0 0 0 1 2 0 0 0 7 1 8 5 5 5 0 0 0 0 0 0 0 0 0 0 0 0 0 0 0 0 0 0 1 0 0 0 0 0 0 11 1 0 0 0 0 0 0 0 0 0 0 0 0 0 0 14 2 0 0 0 0 0 0 0 30 0 0 0 0 0 0 0 0 0 0 0 0 0 0 0 0 0 0 0 0 0 0 0 0 0 0 0 4 2 6 0 0 0 0 0 0 0 0 0 0 0 0 0 0 0 0 0 0 0 0 0 0 0 0 0 0 0 0 0 0 0 0 0 0 0 0 0 0 0 0 0 0 0 0 0 0 0 0 0 0 0
0 0 0 0 1 1 0 3 0 0 0 0 3 0 0 0 0 9 5 0 0 0 0 0 0 0 0 0 0 0 0 0 0 0 0 7 1 0 2 0 0 0 10 2 0 0 0 0 0 0 0 0 0 0 0 0 0 0 0 0 5 8 1 0 0 0 0 4 101 58 1 0 0 0 0 0 0 0 0 0 0 0 0 0 0 0 0 0 0 0 0 0 0 0 0 0 0 0 0 0 0 0 0 0 0 0 0 0 0 0 0 0 0 0 0 0 0 0 0 0 0 0 0 0 0 0 0 0 0 0 0 0 0 0 0 0 0 0 0 0 0 0 0 0 0 0 0 0 0 0
0 0 1 0 1 0 0 0 0 2 4 1 82 19 0 4 18 0 22 12 0 2 0 30 6 1 0 0 0 0 0 0 0 0 3 0 7 11 6 2 0 1 38 0 0 0 0 0 0 0 0 0 0 0 0 0 0 0 0 0 0 0 3 2 109 46 51 0 0 0 0 0 0 0 0 0 0 0 0 0 0 0 0 0 0 0 0 0 0 0 0 0 0 0 0 0 0 0 0 0 0 0 0 0 0 0 0 0 0 0 0 0 0 0 0 0 0 0 0 0 0 0 0 0 0 0 0 0 0 0 0 0 0 0 0 0 0 0 0 1 0 0 0 0 0 0 0 0 0 0
4 50 3 0 0 0 0 0 0 0 1 2 1 0 0 1 2 2 0 8 17 112 39 9 2 0 0 0 0 2 0 0 0 0 1 0 34 1 0 3 1 3 3 0 0 0 0 0 0 0 0 0 0 0 0 0 0 0 0 0 0 0 0 0 13 3 0 0 0 0 0 0 0 0 0 0 0 0 0 0 0 0 0 0 0 0 0 0 0 0 0 0 0 0 0 0 0 0 0 0 0 0 0 0 0 0 0 0 0 0 0 0 0 0 0 0 0 0 0 0 0 0 0 0 0 0 0 0 0 0 0 0 0 0 0 0 0 0 0 0 0 0 0 0 0 0 0 0 0 0
17 6 16 2 2 2 0 0 0 0 0 0 2 0 0 2 5 1 0 1 1 266 15 3 8 6 0 0 0 9 3 0 0 0 0 0 1 0 1 2 5 39 0 0 0 0 0 0 0 0 0 0 0 0 0 0 0 0 0 0 0 0 0 0 0 0 0 0 0 0 0 0 0 0 0 0 0 0 0 0 0 0 0 0 0 0 0 0 0 1 0 0 0 0 0 0 0 0 0 0 0 0 0 0 0 0 0 0 0 0 0 0 0 0 0 0 0 0 0 0 0 0 0 0 0 0 0 0 0 0 0 0 0 0 0 0 0 0 0 0 0 0 0 0 0 0 0 0 0 0
0 0 0 0 0 0 0 0 0 0 0 3 4 0 0 0 1 2 0 6 0 0 19 2 2 16 5 3 0 2 0 0 0 0 2 3 0 1 0 0 0 4 0 0 0 0 0 0 0 0 0 0 0 0 0 0 0 1 0 0 0 0 0 0 0 0 0 0 0 0 0 0 0 0 0 0 0 0 0 0 0 0 0 0 0 0 0 0 0 0 0 0 0 0 0 0 0 0 0 0 0 0 0 0 0 0 0 0 0 0 0 0 0 0 0 0 0 0 0 0 0 0 0 0 0 0 0 0 0 0 0 0 0 0 0 0 0 0 0 0 0 0 0 0 0 0 0 0 0 0
0 0 0 0 0 0 0 0 0 0 0 0 0 0 0 0 0 0 0 2 0 0 0 1 3 4 14 8 28 1 2 1 2 63 7 0 1 0 0 0 0 0 0 0 0 0 0 0 0 0 0 0 0 0 0 0 0 0 0 0 0 0 0 0 0 0 0 0 0 0 0 0 0 0 0 0 0 0 0 0 0 0 0 0 0 0 0 0 0 0 0 0 0 0 0 0 0 0 0 0 0 0 0 0 0 0 0 0 0 0 0 0 0 0 0 0 0 0 0 0 0 0 0 0 0 0 0 0 0 0 0 0 0 0 0 0 0 0 0 0 0 0 0 0 0 0 0 0 0 0
0 0 0 0 0 0 0 0 0 0 0 0 0 0 0 0 0 0 0 0 0 1 0 0 0 0 1 9 168 72 7 4 3 29 4 0 10 0 0 0 0 0 0 0 0 0 0 0 0 0 0 0 0 0 0 0 0 0 0 0 0 0 0 0 0 0 0 0 0 0 0 0 0 0 0 0 0 0 0 0 0 0 0 0 0 0 0 0 0 0 0 0 0 0 0 0 0 0 0 0 0 0 0 0 0 0 0 0 0 0 0 0 0 0 0 0 0 0 0 0 0 0 0 0 0 0 0 0 0 0 0 0 0 0 0 0 0 0 0 0 0 0 0 0 0 0 0 0 0 0
0 0 1 0 0 0 0 0 0 0 0 0 0 0 0 0 0 0 0 0 1 0 0 0 1 0 1 11 4 1 0 0 1 1 0 0 5 0 0 0 0 0 0 0 0 0 0 0 0 0 0 0 0 0 0 0 0 0 0 0 0 0 0 0 0 0 0 0 0 0 0 0 0 0 0 0 0 0 0 0 0 0 0 0 0 0 0 0 0 0 0 0 0 0 0 0 0 0 0 0 0 0 0 0 0 0 0 0 0 0 0 0 0 0 0 0 0 0 0 0 0 0 0 0 0 0 0 0 0 0 0 0 0 0 0 0 0 0 0 0 0 0 0 0 0 0 0 0 0 0
0 0 0 0 0 0 0 0 0 0 0 0 0 0 0 0 0 0 0 0 0 0 0 0 1 1 11 0 0 0 9 0 2 0 0 0 0 3 0 0 0 0 0 0 0 0 0 0 0 0 0 0 0 0 0 0 0 0 0 0 0 0 0 0 0 0 0 0 0 0 0 0 0 0 0 0 0 0 0 0 0 0 0 0 0 0 0 0 0 0 0 0 0 0 0 0 0 0 0 0 0 0 0 0 0 0 0 0 0 0 0 0 0 0 0 0 0 0 0 0 0 0 0 0 0 0 0 0 0 0 0 0 0 0 0 0 0 0 0 0 0 0 0 0 0 0 0 0 0 0
0 0 0 0 0 0 0 0 0 0 0 0 2 4 0 0 0 0 0 0 0 0 0 0 0 0 0 0 0 0 0 0 4 1 0 0 2 4 0 0 0 0 0 0 0 0 0 0 0 0 0 0 0 0 0 0 0 0 0 0 0 0 0 0 0 0 0 0 0 0 0 0 0 0 0 0 0 0 0 0 0 0 0 0 0 0 0 0 0 0 0 0 0 0 0 0 0 0 0 0 0 0 0 0 0 0 0 0 0 0 0 0 0 0 0 0 0 0 0 0 0 0 0 0 0 0 0 0 0 0 0 0 0 0 0 0 0 0 0 0 0 0 0 0 0 0 0 0 0 0
0 0 0 0 0 0 0 0 0 0 0 1 3 0 0 0 0 0 0 0 0 0 0 0 0 0 0 12 1 3 8 0 0 0 0 2 0 0 0 0 0 0 0 0 0 0 0 0 0 0 0 0 0 0 0 0 0 0 0 0 0 0 0 0 0 0 0 0 0 0 0 0 0 0 0 0 0 0 0 0 0 0 0 0 0 0 0 0 0 0 0 0 0 0 0 0 0 0 0 0 0 0 0 0 0 0 0 0 0 0 0 0 0 0 0 0 0 0 0 0 0 0 0 0 0 0 0 0 0 0 0 0 0 0 0 0 0 0 0 0 0 0 0 0 0 0 0 0 0 0
0 0 0 0 0 0 0 0 0 0 1 0 0 0 0 0 0 0 0 0 0 0 0 0 0 0 0 3 5 0 0 0 2 4 1 0 0 0 0 0 0 0 0 0 0 0 0 0 0 0 0 0 0 0 0 0 0 0 0 0 0 0 0 0 0 0 0 0 0 0 0 0 0 0 0 0 0 0 0 0 0 0 0 0 0 0 0 0 0 0 0 0 0 0 0 0 0 0 0 0 0 0 0 0 0 0 0 0 0 0 0 0 0 0 0 0 0 0 0 0 0 0 0 0 0 0 0 0 0 0 0 0 0 0 0 0 0 0 0 0 0 0 0 0 0 0 0 0 0 0
0 0 0 0 0 0 0 0 0 1 5 0 0 0 0 0 0 0 0 0 0 0 0 0 0 0 0 0 0 0 0 0 0 2 0 0 0 0 0 0 0 0 0 0 0 0 0 0 0 0 0 0 0 0 0 0 0 0 0 0 0 0 0 0 0 0 0 0 0 0 0 0 0 0 0 0 0 0 0 0 0 0 0 0 0 0 0 0 0 0 0 0 0 0 0 0 0 0 0 0 0 0 0 0 0 0 0 0 0 0 0 0 0 0 0 0 0 0 0 0 0 0 0 0 0 0 0 0 0 0 0 0 0 0 0 0 0 0 0 0 0 0 0 0 0 0 0 0 0 0
0 0 0 0 0 0 0 0 0 2 4 0 0 2 0 0 0 0 0 0 0 0 0 0 0 0 0 0 0 0 0 0 0 0 0 0 0 0 0 0 0 0 0 0 0 0 0 0 0 0 0 0 0 0 0 0 0 0 0 0 0 0 0 0 0 0 0 0 0 0 0 0 0 0 0 0 0 0 0 0 0 0 0 0 0 0 0 0 0 0 0 0 0 0 0 0 0 0 0 0 0 0 0 0 0 0 0 0 0 0 0 0 0 0 0 0 0 0 0 0 0 0 0 0 0 0 0 0 0 0 0 0 0 0 0 0 0 0 0 0 0 0 0 0 0 0 0 0 0 0
0 0 0 0 0 0 0 0 0 1 2 0 0 0 0 0 0 0 0 0 0 0 0 0 0 0 0 0 0 0 0 0 0 0 0 0 0 0 0 0 0 0 0 0 0 0 0 0 0 0 0 3 0 0 0 0 0 0 0 0 0 0 0 0 0 0 0 0 0 0 0 0 0 0 0 0 0 0 0 0 0 0 0 0 0 0 0 0 0 0 0 0 0 0 0 0 0 0 0 0 0 0 0 0 0 0 0 0 0 0 0 0 0 0 0 0 0 0 0 0 0 0 0 0 0 0 0 0 0 0 0 0 0 0 0 0 0 0 0 0 0 0 0 0 0 0 0 0 0 0
0 0 0 0 0 0 0 0 22 12 0 0 0 0 0 0 0 0 0 0 0 0 0 0 0 0 0 0 0 0 0 0 0 0 0 0 0 0 0 0 0 0 0 0 0 0 0 0 3 1 0 0 0 0 0 0 0 0 0 0 0 0 0 0 0 0 0 0 0 0 0 0 0 0 0 0 0 0 0 0 0 0 0 0 0 0 0 0 0 0 0 0 0 0 0 0 0 0 0 0 0 0 0 0 0 0 0 0 0 0 0 0 0 0 0 0 0 0 0 0 0 0 0 0 0 0 0 0 0 0 0 0 0 0 0 0 0 0 0 0 0 0 0 0 0 0 0 0 0 0
0 0 0 0 0 0 10 13 38 3 0 0 0 0 0 0 0 0 0 0 0 0 0 0 0 0 0 0 0 0 0 0 0 0 0 0 0 0 0 0 0 0 0 0 0 0 0 0 0 30 46 0 0 0 2 0 0 0 0 0 0 0 0 0 0 0 0 0 0 0 0 0 0 0 0 0 0 0 0 0 0 0 0 0 0 0 0 0 0 0 0 0 0 0 0 0 0 0 0 0 0 0 0 0 0 0 0 0 0 0 0 0 0 0 0 0 0 0 0 0 0 0 0 0 0 0 0 0 0 0 0 0 0 0 0 0 0 0 0 0 0 0 0 0 0 0 0 0 0 0
2 0 0 0 0 1 36 38 0 0 0 0 0 0 0 0 0 0 0 0 0 0 0 0 0 0 0 0 0 0 0 0 0 0 0 0 0 0 0 1 0 0 0 0 0 0 0 0 0 1 0 0 1 0 0 0 0 0 0 0 0 0 0 0 0 0 0 0 0 0 0 0 0 0 0 0 0 0 0 0 0 0 1 0 0 0 0 0 0 0 0 0 0 0 0 0 0 0 0 0 0 0 0 0 0 0 0 0 0 0 0 0 0 0 0 0 0 0 0 0 0 0 0 0 0 0 0 0 0 0 0 0 0 0 0 0 0 0 0 0 0 0 0 0 0 0 0 0 0 0
0 0 0 0 0 0 0 0 0 0 0 0 0 0 0 0 0 0 0 0 0 0 0 0 0 0 0 0 0 0 0 0 0 0 0 0 0 0 0 0 0 0 0 0 0 0 0 0 0 0 0 0 6 99 0 0 0 0 0 0 0 0 0 0 0 0 0 0 0 0 0 0 0 0 0 0 0 0 0 0 0 0 0 0 0 0 0 0 0 0 0 0 0 0 0 0 0 0 0 0 0 0 0 0 0 0 0 0 0 0 0 0 0 0 0 0 0 0 0 0 0 0 0 0 0 0 0 0 0 0 0 0 0 0 0 0 0 0 0 0 0 0 0 0 0 0 0 0 0 0
0 0 0 0 0 0 0 0 0 0 0 0 0 0 0 0 0 0 0 1 0 0 0 0 0 0 0 0 0 0 1 0 0 0 0 0 0 0 0 0 0 0 0 0 0 0 0 0 0 0 0 0 0 0 0 0 0 0 0 0 0 0 0 0 0 0 0 0 0 0 0 0 0 0 0 0 0 0 0 0 0 0 0 0 0 0 0 0 0 0 0 0 0 0 0 0 0 0 0 0 0 0 0 0 0 0 0 0 0 0 0 0 0 0 0 0 0 0 0 0 0 0 0 0 0 0 0 0 0 0 0 0 0 0 0 0 0 0 0 0 0 0 0 0 0 0 0 0 0 0
0 0 0 0 0 0 0 0 0 0 0 0 0 0 0 0 0 0 0 0 0 0 0 0 0 0 0 0 0 0 0 0 0 0 0 0 0 4 0 0 0 0 0 0 0 0 0 0 0 0 0 0 0 0 0 0 0 0 0 0 0 0 0 0 0 0 0 0 0 0 0 0 0 0 0 0 0 0 0 0 0 0 0 0 0 0 0 0 0 0 0 0 0 0 0 0 0 0 0 0 0 0 0 0 0 0 0 0 0 0 0 0 0 0 0 0 0 0 0 0 0 0 0 0 0 0 0 0 0 0 0 0 0 0 0 0 0 0 0 0 0 0 0 0 0 0 0 0 0 0
0 0 0 0 0 0 0 0 0 0 0 0 0 0 0 0 0 0 0 0 0 0 0 0 0 0 0 0 0 0 0 0 1 0 0 0 0 0 0 0 0 0 0 0 0 0 0 0 0 0 0 0 1 0 0 0 0 0 0 0 0 0 0 0 0 0 0 0 0 0 0 0 0 0 0 0 0 0 0 0 0 0 0 0 0 0 0 0 0 0 0 0 0 0 0 0 0 0 0 0 0 0 0 0 0 0 0 0 0 0 0 0 0 0 0 0 0 0 0 0 0 0 0 0 0 0 0 0 0 0 0 0 0 0 0 0 0 0 0 0 0 0 0 0 0 0 0 0 0 0
0 0 0 0 0 0 0 0 0 0 0 0 0 0 0 0 0 0 0 0 0 0 0 0 0 0 0 0 0 0 1 0 0 0 4 0 0 0 0 0 0 0 0 0 0 0 0 0 0 0 0 0 0 5 1 0 0 0 0 0 0 0 0 0 0 0 0 0 0 0 0 0 0 0 0 0 0 0 0 0 0 0 0 0 0 0 0 0 0 0 0 0 0 0 0 0 0 0 0 0 0 0 0 0 0 0 0 0 0 0 0 0 0 0 0 0 0 0 0 0 0 0 0 0 0 0 0 0 0 0 0 0 0 0 0 0 0 0 0 0 0 0 0 0 0 0 0 0 0 0
0 0 0 0 0 0 0 0 0 0 0 0 0 0 0 0 0 0 0 0 0 0 0 0 0 0 0 0 0 1 0 15 0 0 0 0 0 0 0 0 0 0 0 0 0 0 0 0 0 0 0 0 0 0 0 0 0 0 0 0 0 0 0 0 0 0 0 0 0 0 0 0 0 0 0 0 0 0 0 0 0 0 0 0 0 0 0 0 0 0 0 0 0 0 0 0 0 0 0 0 0 0 0 0 0 0 0 0 0 0 0 0 0 0 0 0 0 0 0 0 0 0 0 0 0 0 0 0 0 0 0 0 0 0 0 0 0 0 0 0 0 0 0 0 0 0 0 0 0 0
0 0 0 0 0 0 0 0 0 0 0 0 0 0 0 0 0 0 0 0 0 0 1 0 0 0 0 0 0 0 1 9 0 0 0 0 1 0 0 0 0 0 0 0 0 0 0 0 0 0 0 0 0 0 0 0 0 0 0 0 0 0 0 0 0 0 0 0 0 0 0 0 0 0 0 0 0 0 0 0 0 0 0 0 0 0 0 0 0 0 0 0 0 0 0 0 0 0 0 0 0 0 0 0 0 0 0 0 0 0 0 0 0 0 0 0 0 0 0 0 0 0 0 0 0 0 0 0 0 0 0 0 0 0 0 0 0 0 0 0 0 0 0 0 0 0 0 0 0 0
0 0 0 0 0 0 0 0 0 0 0 0 0 0 0 0 0 0 0 0 0 0 0 0 0 0 0 0 0 1 0 0 0 0 0 1 0 0 0 0 0 0 0 0 0 0 0 0 0 0 0 0 0 0 0 0 0 0 0 0 0 0 0 0 0 0 0 0 0 0 0 0 0 0 0 0 0 0 0 0 0 0 0 0 0 0 0 0 0 0 0 0 0 0 0 0 0 0 0 0 0 0 0 0 0 0 0 0 0 0 0 0 0 0 0 0 0 0 0 0 0 0 0 0 0 0 0 0 0 0 0 0 0 0 0 0 0 0 0 0 0 0 0 0 0 0 0 0 0 0
0 0 0 0 0 0 0 0 0 0 0 0 0 0 0 0 0 0 0 0 0 0 0 0 0 0 0 0 0 128 62 0 0 0 0 0 0 0 0 0 0 0 0 0 0 0 0 0 3 0 0 0 0 0 0 0 0 0 0 0 0 0 0 0 0 0 0 0 0 0 0 0 0 0 0 0 0 0 0 0 0 0 0 0 0 0 0 0 0 0 0 0 0 0 0 0 0 0 0 0 0 0 0 0 0 0 0 0 0 0 0 0 0 0 0 0 0 0 0 0 0 0 0 0 0 0 0 0 0 0 0 0 0 0 0 0 0 0 0 0 0 0 0 0 0 0 0 0 0 0
0 0 0 0 0 0 0 0 0 0 0 0 0 0 0 0 0 0 0 0 0 0 0 0 0 0 7 0 0 0 0 0 0 0 0 0 0 0 0 0 0 0 0 0 0 0 0 0 0 43 0 1 0 0 0 0 0 0 0 0 0 0 0 0 0 0 0 0 0 0 0 0 0 0 0 0 0 0 0 0 0 0 0 0 0 0 0 0 0 0 0 0 0 0 0 0 0 0 0 0 0 0 0 0 0 0 0 0 0 0 0 0 0 0 0 0 0 0 0 0 0 0 0 0 0 0 0 0 0 0 0 0 0 0 0 0 0 0 0 0 0 0 0 0 0 0 0 0 0 0
0 0 0 0 0 0 0 0 0 0 0 0 0 0 0 0 0 0 0 0 0 0 0 0 0 0 14 0 0 0 0 0 0 0 0 0 0 0 0 0 0 0 0 0 0 0 0 0 0 0 0 0 0 0 0 0 0 0 0 0 0 0 0 0 0 0 0 0 0 0 0 0 0 0 0 0 0 0 0 0 0 0 0 0 0 0 0 0 0 0 0 0 0 0 0 0 0 0 0 0 0 0 0 0 0 0 0 0 0 0 0 0 0 0 0 0 0 0 0 0 0 0 0 0 0 0 0 0 0 0 0 0 0 0 0 0 0 0 0 0 0 0 0 0 0 0 0 0 0 0
0 0 0 0 0 0 0 0 0 0 0 0 0 0 0 0 0 0 0 0 0 0 0 0 0 0 0 2 7 0 0 0 0 0 0 0 0 0 0 0 0 0 0 0 0 0 0 0 0 0 0 0 0 0 0 0 0 0 0 0 0 0 0 0 0 0 0 0 0 0 0 0 0 0 0 0 0 0 0 0 0 0 0 0 0 0 0 0 0 0 0 0 0 0 0 0 0 0 0 0 0 0 0 0 0 0 0 0 0 0 0 0 0 0 0 0 0 0 0 0 0 0 0 0 0 0 0 0 0 0 0 0 0 0 0 0 0 0 0 0 0 0 0 0 0 0 0 0 0 0
0 0 0 0 0 0 0 0 0 0 0 0 0 0 0 0 0 0 0 0 0 0 0 0 0 0 0 0 0 0 0 0 0 0 0 0 0 0 0 0 0 0 0 0 0 0 0 0 0 0 0 0 0 0 0 0 0 0 0 0 0 0 0 0 0 0 0 0 0 0 0 0 0 0 0 0 0 0 0 0 0 0 0 0 0 0 0 0 0 0 0 0 0 0 0 0 0 0 0 0 0 0 0 0 0 0 0 0 0 0 0 0 0 0 0 0 0 0 0 0 0 0 0 0 0 0 0 0 0 0 0 0 0 0 0 0 0 0 0 0 0 0 0 0 0 0 0 0 0 0
0 0 0 0 0 0 0 0 0 0 0 0 0 0 0 0 0 0 0 0 0 0 0 0 0 0 0 0 0 0 0 0 0 0 0 0 0 0 0 0 0 0 0 0 0 0 0 0 0 0 2 0 0 0 0 0 0 0 0 0 0 0 0 0 0 0 0 0 0 0 0 0 0 0 0 0 0 0 0 0 0 0 0 0 0 0 0 0 0 0 0 0 0 0 0 0 0 0 0 0 0 0 0 0 0 0 0 0 0 0 0 0 0 0 0 0 0 0 0 0 0 0 0 0 0 0 0 0 0 0 0 0 0 0 0 0 0 0 0 0 0 0 0 0 0 0 0 0 0 0
0 0 0 0 0 0 0 0 0 0 0 0 0 0 0 0 0 0 0 0 0 0 0 0 0 0 0 0 0 0 0 0 0 0 0 0 0 0 0 0 0 0 0 0 0 0 0 0 0 0 0 0 0 0 0 0 0 0 0 0 0 0 0 0 0 0 0 0 0 0 0 0 0 0 0 0 0 0 0 0 0 0 0 0 0 0 0 0 0 0 0 0 0 0 0 0 0 0 0 0 0 0 0 0 0 0 0 0 0 0 0 0 0 0 0 0 0 0 0 0 0 0 0 0 0 0 0 0 0 0 0 0 0 0 0 0 0 0 0 0 0 0 0 0 0 0 0 0 0 0
0 0 0 0 0 0 0 0 0 0 0 0 0 0 0 0 0 0 0 0 0 0 0 0 0 0 0 0 0 0 0 0 0 0 0 0 0 0 0 0 0 0 0 0 0 0 0 0 0 0 0 0 0 0 0 0 0 0 0 0 0 0 0 0 0 0 0 0 0 0 0 0 0 0 0 0 0 0 0 0 0 0 0 0 0 0 0 0 0 0 0 0 0 0 0 0 0 0 0 0 0 0 0 0 0 0 0 0 0 0 0 0 0 0 0 0 0 0 0 0 0 0 0 0 0 0 0 0 0 0 0 0 0 0 0 0 0 0 0 0 0 0 0 0 0 0 0 0 0 0
0 0 0 0 0 0 0 0 0 0 0 0 0 0 0 0 0 0 0 0 0 0 0 0 0 0 0 0 0 0 0 0 0 0 0 0 0 0 0 0 0 0 0 0 0 0 0 0 0 0 0 0 0 0 0 0 0 0 0 0 0 0 0 0 0 0 0 0 0 0 0 0 0 0 0 0 0 0 0 0 0 0 0 0 0 0 0 0 0 0 0 0 0 0 0 0 0 0 0 0 0 0 0 0 0 0 0 0 0 0 0 0 0 0 0 0 0 0 0 0 0 0 0 0 0 0 0 0 0 0 0 0 0 0 0 0 0 0 0 0 0 0 0 0 0 0 0 0 0 0
