0 0 1 0 0 0 0 0 4 37 4 2 0 5 0 0 0 5 4 0 2 2 1 0 0 5 0 0 0 0 0 0 1 1 2 1 0 0 1 2 0 0 0 1 0 0 0 0 0 0 0 0 0 0 1 0 0 0 1 2 21 8 4 0 1 0 0 0 0 0 0 0 5 54 59 107 36 24 19 3 7 69 16 17 39 53 210 60 16 87 399 185 21 199 119 516 384 188 368 129 63 31 25 7 10 8 15 130 132 6 5 2 7 27 25 12 17 0 3 1 1 29 7 3 1 8 1 1 9 25 1 10 1 0 0 0 0 1 0 1 1 0 0 0 0 0 0 1 0 7
0 0 0 3 0 0 0 0 0 1 0 4 1 0 0 0 0 2 11 0 0 0 12 0 7 10 0 4 0 0 0 0 0 0 1 0 0 0 6 0 0 0 0 0 0 0 0 0 0 0 0 0 0 0 3 0 0 0 0 21 32 3 19 6 4 0 0 0 0 2 0 1 13 28 5 2 63 29 0 11 29 37 1 0 40 85 100 48 92 151 20 6 97 119 101 45 184 202 347 189 142 73 16 3 10 8 4 6 9 6 4 3 3 11 13 8 2 1 1 5 2 3 6 3 0 2 0 4 31 21 19 10 42 21 0 0 0 0 0 16 5 0 0 0 0 0 0 0 0 0
0 0 0 0 33 0 0 0 0 2 2 1 4 0 1 0 0 0 0 1 2 12 50 10 2 0 0 2 0 0 0 0 0 0 0 0 5 0 0 3 0 0 0 0 0 0 0 0 0 0 0 0 0 0 0 0 0 0 0 2 16 10 0 1 2 0 0 0 0 0 0 0 1 0 0 0 0 23 44 121 30 21 0 10 10 83 191 56 4 3 24 12 18 111 219 223 61 206 91 155 124 122 10 19 15 5 8 11 90 69 15 5 0 1 2 2 8 8 94 5 19 4 2 1 4 2 0 0 1 56 5 1 87 32 0 0 13 0 0 6 1 3 0 0 0 0 0 0 0 0
2 9 1 0 0 0 0 0 0 2 0 0 0 0 0 0 0 0 0 1 0 0 84 4 1 0 3 4 4 0 1 0 0 0 0 1 0 2 0 1 0 0 0 0 0 0 0 0 0 0 3 0 3 0 39 12 3 13 14 1 0 0 0 0 0 0 0 0 0 1 4 30 6 1 0 1 9 41 102 155 31 23 7 59 131 5 14 64 6 51 252 174 445 156 373 211 26 42 204 168 161 217 53 12 9 53 3 8 92 22 4 9 8 10 0 3 5 48 19 21 12 42 7 1 2 3 0 3 10 0 1 4 7 0 1 0 3 1 0 6 17 6 0 0 0 0 0 0 0 0
1 7 0 0 0 0 0 0 1 0 0 0 0 0 0 6 0 0 0 1 0 1 1 0 1 0 0 0 0 0 0 0 0 0 0 6 2 0 0 0 1 0 0 0 0 0 0 0 0 1 0 0 1 0 28 69 31 15 2 0 3 0 0 1 0 0 0 0 0 6 26 53 24 86 4 22 19 53 133 74 53 90 123 23 63 44 14 9 5 122 430 180 202 240 177 120 12 260 72 360 183 385 265 279 328 33 17 28 6 6 2 8 11 5 1 0 2 4 14 27 73 225 44 5 1 0 3 0 1 1 2 0 0 0 0 0 0 0 0 0 6 0 0 0 0 0 0 0 0 0
2 0 0 4 0 0 0 0 3 1 0 0 0 0 0 2 0 0 4 13 0 1 1 0 0 0 0 0 1 1 0 0 0 0 22 27 30 6 0 0 0 0 0 0 0 0 0 0 0 10 54 8 2 2 13 27 10 0 7 2 0 0 0 1 0 0 0 0 1 27 45 35 73 27 20 9 14 8 54 141 192 193 145 25 1 100 9 10 4 70 564 168 29 82 203 159 40 520 126 432 180 200 422 154 7 24 6 21 4 2 0 2 0 14 12 3 4 4 0 6 39 47 1 1 0 4 0 1 3 0 0 1 4 0 0 0 0 0 0 0 0 3 0 0 0 0 0 0 0 0
2 0 0 1 0 0 0 0 0 4 4 0 0 4 0 0 0 0 0 0 0 0 0 0 0 0 0 0 0 2 1 1 0 1 0 12 1 0 1 0 0 0 0 0 0 0 0 0 0 0 0 0 3 1 0 4 4 0 16 7 0 1 0 0 29 1 0 0 2 34 9 10 60 141 123 44 273 36 141 183 207 200 326 197 21 3 0 42 73 26 556 442 16 83 323 129 127 204 207 16 5 380 40 40 2 7 44 3 1 2 7 51 104 9 7 13 0 4 26 9 40 34 4 0 3 0 5 2 0 0 0 0 0 0 0 1 0 1 0 0 0 0 0 0 0 0 0 0 0 0
1 0 0 1 0 0 0 0 1 0 0 0 0 0 0 0 0 0 0 0 0 0 0 0 0 0 0 0 0 0 1 0 0 0 8 1 1 0 1 0 0 0 0 0 0 0 0 0 0 0 0 0 1 11 0 4 1 7 25 22 19 20 28 0 0 7 0 0 2 38 0 1 5 23 11 27 43 73 329 312 272 139 328 37 32 124 65 155 73 26 175 16 10 104 85 108 53 290 319 81 58 139 120 221 76 57 7 13 26 14 195 218 11 19 12 15 1 7 1 6 10 2 5 6 2 3 2 1 2 0 0 0 0 0 0 0 0 0 0 0 0 0 0 0 0 0 0 0 0 0
0 0 0 0 0 0 1 0 2 0 0 0 0 0 9 0 0 0 0 0 0 0 0 0 0 0 0 0 0 0 1 0 0 0 0 0 0 0 1 2 0 0 0 0 0 0 0 0 0 0 0 0 1 1 0 0 0 5 2 22 487 76 6 0 0 10 1 1 0 9 1 0 0 1 1 4 6 23 22 157 358 195 313 5 1 2 126 411 80 8 0 0 96 588 503 482 19 155 86 41 275 19 19 112 368 35 54 80 25 12 293 64 114 19 6 3 0 0 3 4 4 1 4 3 4 0 1 6 0 0 2 0 0 0 0 0 0 0 0 0 0 0 0 0 0 0 0 0 0 0
0 0 0 0 0 0 1 0 2 1 0 0 0 0 0 0 0 0 0 0 0 0 0 0 0 0 0 0 0 0 0 0 0 0 0 0 0 1 0 1 1 0 0 0 0 0 3 0 0 0 4 0 7 6 0 0 0 0 9 9 22 53 4 7 1 3 0 0 0 7 0 0 0 0 0 3 4 11 43 202 293 180 164 94 329 317 105 41 51 59 20 2 2 159 285 524 205 370 28 9 16 36 12 3 35 122 92 61 25 9 116 207 74 11 5 91 191 197 115 49 15 4 12 4 28 12 4 1 0 6 76 3 0 0 0 0 0 0 0 0 0 0 0 0 0 0 0 0 0 1
0 0 0 0 0 0 0 0 0 1 0 1 0 0 0 5 0 0 0 0 0 0 0 0 0 0 0 0 0 0 0 0 0 0 0 5 0 0 0 0 0 4 1 1 0 0 5 2 6 1 5 1 7 4 0 0 0 9 5 18 0 75 2 5 0 0 1 0 0 0 0 0 0 0 0 0 3 13 50 87 110 110 252 292 101 107 95 143 105 80 3 0 1 46 291 192 278 21 5 30 5 8 4 9 54 128 209 126 87 83 278 31 81 3 4 44 130 195 96 73 83 77 91 39 28 176 50 17 9 7 1 26 6 15 4 0 0 0 0 0 0 0 0 0 0 0 0 0 0 0
2 0 1 0 0 0 0 0 4 0 0 0 0 0 0 0 1 0 0 0 1 0 0 0 0 0 0 0 0 0 0 0 0 0 1 0 0 0 1 0 2 3 15 0 0 0 1 0 0 0 0 0 0 0 1 0 2 0 0 0 1 0 0 0 0 2 1 0 2 0 1 0 0 0 0 1 14 2 268 146 219 72 17 20 32 30 0 8 112 233 50 0 0 1 1 29 289 140 98 2 0 0 3 9 24 218 149 89 6 27 104 62 14 40 12 73 343 66 155 292 87 259 77 36 53 88 0 0 0 9 0 0 38 12 8 2 0 0 0 0 0 0 0 0 0 0 0 0 0 0
0 0 0 0 0 0 4 0 1 0 0 0 0 0 0 0 0 17 1 3 9 0 0 1 0 0 0 0 0 1 0 0 1 0 0 0 1 0 0 0 0 1 28 0 2 0 0 5 0 0 0 0 1 0 1 0 0 0 0 0 1 0 0 0 0 0 2 2 0 3 5 0 0 0 0 13 33 18 142 43 62 89 5 0 5 6 1 0 0 2 3 0 0 18 34 2 176 97 171 150 1 7 17 8 8 6 1 49 232 102 305 212 23 361 59 5 4 44 408 360 39 234 54 0 18 60 6 0 14 8 0 0 8 4 0 0 0 0 0 0 0 0 0 0 0 0 0 0 0 0
0 0 0 0 0 0 0 0 0 0 0 0 0 0 0 0 0 0 10 3 6 0 0 0 0 0 0 0 0 2 1 0 0 0 0 0 0 0 0 0 0 1 1 28 13 0 0 0 0 0 1 11 0 0 0 0 0 0 0 0 2 2 0 3 0 0 5 4 0 4 25 0 0 0 0 153 271 160 41 6 22 204 18 2 5 34 3 1 0 24 1 0 0 15 1 11 27 284 66 59 0 3 195 37 131 31 33 108 71 311 284 347 235 88 94 88 52 65 255 139 63 36 2 0 0 31 3 0 6 0 0 0 0 0 0 0 0 0 0 0 0 0 0 0 0 0 0 0 0 0
0 0 0 0 0 0 1 1 2 0 0 0 0 0 0 0 0 0 1 0 7 0 0 1 1 0 0 0 0 0 1 0 0 0 0 0 0 0 0 0 0 0 0 11 8 0 0 0 0 1 1 14 0 0 1 0 2 3 1 8 27 9 5 6 5 178 29 34 74 128 35 0 0 0 52 348 312 473 171 1 0 43 9 0 1 3 4 4 0 14 7 7 1 0 0 1 13 109 73 45 4 13 164 308 492 284 531 320 339 265 237 120 178 249 210 51 47 39 15 53 31 63 8 59 0 2 17 3 21 4 0 0 0 0 0 0 0 0 0 0 0 0 0 0 0 0 0 0 0 0
0 0 0 0 0 0 0 8 23 0 1 0 0 0 0 0 0 0 0 1 0 9 7 0 0 0 0 0 0 0 0 0 0 0 0 0 0 0 0 0 0 0 0 0 0 12 0 0 0 7 25 33 0 0 0 1 10 37 1 25 7 0 2 9 15 10 160 60 19 87 89 15 28 33 210 362 600 262 40 4 0 0 0 0 0 0 3 14 0 20 0 6 0 2 0 21 12 2 18 11 4 0 434 205 183 281 313 129 223 425 388 177 151 169 103 27 7 59 47 22 5 0 60 169 13 30 2 1 1 0 0 0 0 0 10 2 0 0 0 0 0 0 0 0 0 0 0 0 0 0
0 0 0 0 0 0 0 1 1 0 0 0 1 0 0 0 3 2 0 0 0 0 3 6 8 2 0 0 0 0 0 0 0 0 0 0 0 0 0 0 0 0 0 0 0 6 4 1 3 12 10 0 1 6 4 4 14 53 37 11 1 1 4 0 0 4 0 0 0 0 0 0 30 16 61 160 579 66 43 0 0 0 0 0 0 0 0 19 21 3 0 0 4 0 2 2 8 0 1 12 1 73 591 263 145 131 155 94 212 164 220 249 230 176 71 28 18 55 22 9 0 0 7 4 9 91 0 3 1 0 0 0 0 0 0 0 0 0 0 0 0 0 0 0 0 0 0 0 0 0
0 0 0 0 0 0 0 1 0 0 0 2 1 0 2 0 0 2 16 1 0 0 0 0 2 0 0 5 0 0 0 0 0 0 0 0 2 0 0 0 0 0 1 1 0 4 26 3 3 16 16 3 11 29 9 4 22 24 114 0 2 1 0 0 0 1 7 17 1 83 11 0 47 8 18 28 6 61 9 3 0 0 1 1 0 0 0 3 44 0 0 19 33 23 1 0 3 0 3 289 84 29 64 25 28 144 48 128 159 101 47 13 27 39 32 9 31 39 7 3 0 1 2 0 45 169 68 5 1 1 0 0 0 0 0 0 0 0 0 0 0 0 0 0 0 0 0 0 0 0
0 0 0 0 0 0 0 0 0 0 0 0 0 0 0 0 0 0 0 1 2 2 3 0 1 0 26 21 10 0 0 0 0 0 1 4 3 0 0 0 0 0 0 2 7 4 3 2 6 77 48 11 3 6 0 8 40 25 35 7 17 13 0 0 0 0 3 0 0 9 5 5 10 3 0 25 8 6 3 9 3 0 6 10 0 6 3 9 1 0 1 13 20 73 11 0 0 5 316 11 67 69 26 3 45 19 40 380 121 0 0 40 1 148 12 0 0 0 0 0 0 0 2 0 6 97 112 116 0 1 0 0 0 0 0 0 0 0 0 0 0 0 0 0 0 0 0 0 0 0
0 0 0 0 1 0 0 0 0 0 0 0 0 8 0 0 0 0 0 1 1 4 34 0 7 4 0 14 47 2 0 2 0 0 0 0 0 0 0 0 0 0 36 75 3 33 25 6 3 108 23 3 0 2 22 0 11 74 0 0 0 0 0 0 0 5 0 1 11 6 15 11 2 0 1 20 14 0 0 1 1 0 0 0 0 8 4 0 2 2 0 6 0 1 0 1 0 0 3 0 279 684 233 37 43 42 42 148 40 1 0 0 1 39 1 0 0 0 0 0 0 0 0 2 4 0 0 48 81 0 0 0 0 0 0 0 0 0 0 0 0 0 0 0 0 0 0 0 0 0
0 0 0 0 0 0 0 0 0 0 0 0 0 1 0 0 0 0 1 2 0 2 6 0 0 10 3 4 0 1 0 6 2 0 0 0 0 0 0 1 0 2 3 9 3 3 12 14 16 80 69 27 13 14 11 2 0 0 3 0 0 6 4 4 42 42 2 0 2 1 13 15 1 0 3 76 81 65 2 6 0 1 0 0 1 0 1 5 6 5 3 0 0 1 0 0 1 0 124 108 414 276 154 30 0 2 22 19 4 0 0 0 0 3 0 0 0 0 0 0 0 0 2 1 0 0 65 209 0 0 0 0 0 0 0 0 0 0 0 0 0 0 0 0 0 0 0 0 1 0
0 0 0 0 0 0 0 0 0 0 0 0 0 1 0 1 0 0 0 0 1 1 7 3 1 1 0 0 0 0 3 29 7 4 0 0 0 3 0 0 23 6 0 0 0 0 0 2 112 210 104 61 5 0 0 2 0 1 0 0 0 0 0 0 3 1 12 0 4 28 7 3 12 0 2 1 29 14 9 21 9 22 4 9 5 2 0 1 86 12 4 3 1 6 6 12 3 1 31 141 71 36 19 2 5 0 19 23 0 0 0 0 2 28 0 0 0 0 0 0 0 0 0 0 0 9 11 1 1 19 2 0 0 0 0 0 0 0 0 0 0 0 0 0 0 0 0 0 0 0
0 0 0 0 0 0 0 0 0 0 0 0 0 0 0 0 0 0 0 0 1 0 3 0 0 0 0 0 0 0 0 0 17 7 0 0 4 23 1 7 0 0 0 0 0 0 9 13 5 236 321 35 3 0 0 0 1 2 1 0 0 0 0 0 1 4 11 1 0 0 2 19 4 0 0 0 1 1 4 2 2 10 5 0 0 1 9 1 0 0 0 2 4 0 0 1 6 0 0 2 2 0 3 24 21 9 8 20 42 85 22 6 4 0 0 0 0 0 0 0 0 0 0 2 11 16 31 0 0 0 0 0 0 0 0 0 0 0 0 0 0 0 0 0 0 0 0 0 0 0
0 0 0 0 0 0 0 0 0 0 0 0 0 1 1 0 1 2 0 0 0 3 0 0 0 0 0 0 0 1 0 0 4 6 1 0 4 6 1 0 0 0 0 0 72 42 9 13 0 42 81 8 0 5 1 0 5 8 0 0 0 0 0 1 0 0 1 0 0 0 0 0 31 19 3 7 0 0 0 1 0 1 36 40 0 1 2 0 0 0 0 2 1 3 0 0 0 0 1 0 2 0 0 23 15 13 2 0 2 14 0 63 24 0 0 0 0 0 0 0 0 0 0 13 4 0 18 29 0 0 0 0 0 0 0 0 0 0 0 0 0 0 0 0 0 0 0 0 0 0
0 0 0 0 0 0 0 0 0 0 0 0 0 0 0 0 0 0 0 0 2 0 0 0 0 1 1 0 0 0 0 0 1 1 13 0 1 55 0 0 0 0 0 8 9 15 30 0 2 6 27 12 9 23 6 0 1 1 0 0 0 0 0 0 2 0 0 2 9 1 0 0 0 2 19 10 0 0 0 0 0 1 3 24 4 5 0 0 0 12 0 0 0 2 0 0 0 1 0 0 3 0 0 8 166 0 0 0 0 0 1 2 0 0 0 0 2 0 0 0 0 0 0 0 0 7 7 2 0 0 0 0 0 0 0 0 0 0 0 0 0 0 0 0 0 0 0 0 0 0
0 0 0 0 0 0 0 0 0 0 0 0 0 0 6 0 0 0 1 0 0 1 1 4 0 0 0 0 0 0 0 0 0 2 19 0 0 2 0 0 0 0 0 0 34 3 1 0 12 1 21 6 0 0 0 1 0 0 0 0 0 0 0 1 2 10 0 1 0 0 1 11 0 0 13 3 1 0 0 0 0 0 0 4 2 5 0 2 0 4 0 2 0 0 0 0 1 2 0 2 2 6 4 48 186 82 0 1 0 0 0 0 0 0 3 6 0 0 0 0 0 0 0 0 0 7 1 32 0 0 0 0 0 0 0 0 3 4 0 0 0 0 0 0 0 0 0 0 0 0
0 0 0 0 0 0 0 0 0 0 0 0 0 0 2 0 0 3 0 0 0 4 5 2 0 0 0 5 1 0 0 0 0 2 3 3 0 1 0 1 1 0 0 8 33 3 2 0 1 0 9 2 0 0 0 0 0 0 0 0 0 0 0 0 2 0 0 0 0 5 1 1 0 0 0 0 4 0 0 0 0 0 8 0 0 1 3 6 1 0 3 1 3 0 0 0 0 0 0 0 11 8 1 1 17 105 32 1 0 0 0 0 0 6 6 7 0 0 1 0 0 0 0 0 4 64 1 2 0 0 0 0 0 0 5 0 0 1 0 0 0 0 0 0 0 0 0 0 0 0
0 0 0 0 0 0 0 0 0 0 0 0 0 0 0 2 5 7 4 0 7 2 5 3 0 0 0 0 0 0 0 0 0 10 3 0 0 6 1 1 5 63 7 54 101 0 1 0 0 0 1 12 12 2 0 0 0 0 0 0 0 0 0 0 0 0 0 0 4 7 24 8 1 2 0 0 1 11 0 0 0 0 0 0 0 0 0 2 2 0 0 0 1 0 0 1 0 0 0 0 1 3 9 2 6 274 152 10 0 0 0 0 0 0 0 0 1 49 27 0 0 0 0 18 30 11 32 32 62 6 0 0 0 0 1 0 4 0 0 0 0 0 0 0 0 0 0 0 0 0
0 0 0 0 0 0 0 0 1 0 1 0 3 4 1 2 6 71 1 1 17 4 2 1 0 0 0 1 2 1 1 4 11 0 2 10 2 2 27 24 61 217 59 78 21 2 0 1 0 0 0 2 11 5 0 0 0 0 1 0 1 0 0 0 0 0 1 0 0 0 6 13 3 1 2 4 0 5 2 0 0 6 10 0 2 0 0 0 4 3 0 0 2 0 5 5 0 0 0 0 0 0 5 2 64 190 62 198 1 0 0 0 0 0 0 0 44 18 1 0 0 0 11 53 51 40 223 170 8 8 0 0 0 4 0 2 0 0 0 0 0 0 0 0 0 0 0 0 0 0
0 0 0 0 0 0 0 0 0 0 9 19 17 1 0 0 1 5 0 0 4 3 11 7 0 0 0 1 0 2 3 0 1 0 5 3 0 3 25 91 222 282 140 189 11 6 0 1 3 0 2 2 16 26 0 4 0 0 0 0 0 0 0 0 0 0 0 0 1 0 0 0 0 0 0 2 0 5 2 0 0 0 0 0 3 0 0 0 0 0 0 2 6 13 0 4 0 0 0 2 0 0 5 2 5 25 0 21 3 0 0 0 1 0 9 4 166 229 10 73 17 8 0 30 28 10 124 161 226 48 4 12 9 27 0 0 0 0 0 0 0 0 0 0 0 0 0 0 0 0
0 0 0 0 0 0 0 1 0 1 1 0 0 0 0 4 0 0 5 3 0 2 54 22 0 0 0 0 0 0 2 0 0 0 4 1 4 11 7 32 194 94 123 79 11 4 6 1 0 5 0 2 8 2 0 0 0 0 0 0 0 0 0 0 0 0 0 0 1 0 0 0 0 0 0 0 0 0 1 0 5 4 3 3 7 0 0 0 5 0 0 0 0 1 0 0 0 0 0 0 0 2 0 0 4 2 0 0 3 0 0 0 2 0 52 429 130 96 52 62 38 28 47 0 1 2 15 37 3 20 4 68 161 6 20 0 0 0 0 0 0 0 0 0 0 0 0 0 0 0
0 0 0 0 0 0 0 0 1 0 3 3 1 1 0 2 1 0 3 7 122 38 4 0 0 0 0 0 1 2 2 0 4 5 9 2 0 1 1 31 231 110 102 71 46 3 0 0 2 3 0 0 3 3 2 2 0 0 0 0 0 0 0 0 0 0 0 0 0 0 0 0 0 0 0 0 0 0 14 0 5 7 26 39 14 0 0 0 0 0 0 0 2 0 5 0 0 0 0 0 0 0 0 0 3 2 2 5 56 84 96 138 80 50 131 224 115 112 26 121 24 61 9 0 9 18 8 31 2 0 6 40 40 23 60 0 0 0 0 0 0 0 0 0 0 0 0 0 0 0
0 0 1 0 0 0 0 0 0 0 0 1 1 3 0 0 0 0 3 7 18 0 0 0 0 0 0 0 0 4 5 9 0 1 0 1 0 1 0 2 12 36 7 3 2 0 0 0 0 1 0 1 18 0 0 1 1 7 0 0 0 0 0 0 0 0 0 0 0 0 0 0 0 0 0 3 0 9 8 1 1 2 4 1 0 0 0 0 0 2 0 0 0 2 2 2 4 0 0 0 3 0 0 0 0 3 3 3 49 43 47 23 9 108 461 196 80 81 24 143 36 1 0 8 1 9 14 0 0 0 17 52 0 0 0 0 0 0 0 0 0 0 0 0 0 0 0 0 0 0
0 0 0 0 0 5 8 4 3 0 4 0 0 1 17 1 1 0 7 8 13 0 0 0 0 0 0 0 1 0 14 0 2 2 2 1 1 7 4 0 13 0 1 0 0 0 0 0 0 1 0 8 191 15 1 18 8 0 1 1 0 0 0 0 0 0 0 0 0 0 0 0 0 0 0 0 2 1 4 0 0 0 0 0 0 0 0 0 0 0 0 0 0 3 3 0 1 7 0 0 1 0 0 0 0 0 2 29 14 4 0 2 30 42 52 475 33 68 52 44 119 0 0 0 0 0 0 0 0 0 0 27 6 0 0 0 0 0 0 0 0 0 0 0 0 0 0 0 0 0
0 0 0 0 0 4 2 1 1 1 0 0 1 1 4 0 14 2 0 0 1 9 4 0 0 0 0 20 3 1 5 11 2 0 1 1 0 11 0 1 7 2 4 2 1 0 0 1 0 0 2 7 56 21 1 10 0 0 0 0 0 0 0 0 0 0 0 0 0 0 0 0 0 0 0 0 6 2 1 0 0 0 0 0 0 0 0 0 2 0 7 1 3 12 1 3 4 1 0 4 2 0 0 0 0 0 0 39 165 8 0 0 0 0 0 1 0 8 132 223 18 0 0 0 0 1 2 0 1 1 0 0 2 0 0 0 0 0 0 0 0 0 0 0 0 0 0 0 0 0
0 21 4 0 0 0 4 120 1 3 1 0 1 3 0 41 20 11 1 3 0 0 1 0 0 0 0 4 0 0 3 2 6 1 2 1 0 0 0 1 6 0 0 0 0 0 1 0 0 0 0 7 1 5 15 0 1 0 0 0 0 0 0 0 0 0 0 0 0 0 0 0 0 0 0 1 1 13 0 0 0 0 1 0 0 0 0 0 6 0 2 0 1 8 0 0 0 2 1 0 0 0 0 2 0 1 3 6 49 0 0 0 0 0 3 0 0 0 14 92 131 303 0 0 1 18 0 0 0 17 19 22 32 4 0 0 0 0 0 0 0 0 0 0 0 0 0 0 0 0
0 0 0 0 0 0 0 0 0 1 14 3 7 0 2 14 11 6 2 0 0 0 4 0 1 5 1 0 2 0 0 0 0 2 1 0 0 0 0 3 1 6 3 0 0 0 2 0 0 0 3 12 3 13 34 3 0 0 0 0 0 0 0 0 0 0 0 0 0 0 0 0 0 0 0 0 0 10 42 2 0 0 0 0 0 0 0 29 13 1 0 1 3 0 0 1 0 3 0 1 12 5 4 4 1 1 8 7 21 2 0 0 0 14 13 20 57 131 33 79 247 39 0 5 103 26 0 0 3 18 36 0 0 0 0 0 0 0 0 0 0 0 0 0 0 0 0 0 0 0
0 0 2 0 0 0 0 3 0 2 0 25 2 37 0 0 2 3 1 0 0 0 0 1 6 0 2 0 12 0 0 0 0 0 0 0 0 0 1 0 1 3 5 1 1 0 3 0 0 0 1 20 4 0 2 1 0 0 0 0 0 0 0 0 0 0 0 0 0 0 0 0 0 0 0 2 0 5 15 1 0 0 0 0 0 0 0 3 0 0 0 0 0 2 0 0 0 0 9 1 0 0 2 0 4 0 3 4 11 4 0 0 0 0 32 244 275 202 55 49 55 101 34 85 65 0 0 0 1 106 27 0 0 0 0 0 0 0 0 0 0 0 0 0 0 0 0 0 0 0
0 0 1 0 0 0 1 0 0 0 3 7 0 0 0 0 0 0 0 1 1 0 0 0 1 1 1 2 1 1 0 0 0 1 0 0 0 0 6 0 0 0 1 0 0 3 0 1 0 0 0 25 2 0 1 0 0 0 1 2 0 0 0 0 0 0 0 0 0 0 0 0 0 0 0 0 6 0 31 7 2 6 3 0 0 0 0 0 0 1 0 1 1 1 0 0 0 0 0 4 3 1 3 0 8 1 3 3 12 0 0 0 6 8 6 3 3 31 115 73 27 63 256 267 112 65 11 38 168 312 161 7 0 0 0 0 0 0 0 0 0 0 0 0 0 0 0 0 0 0
0 0 1 0 0 0 0 0 0 3 5 0 0 4 2 2 0 1 0 0 0 0 0 0 0 3 4 0 0 0 0 0 3 1 0 0 0 0 0 4 0 1 2 0 0 0 1 0 0 0 2 106 10 0 0 0 0 1 1 0 0 0 0 0 0 0 0 0 0 0 0 0 0 0 0 0 1 11 21 0 0 8 4 0 0 0 0 0 1 1 0 1 1 9 18 6 2 0 0 0 0 0 0 4 2 0 2 0 28 14 0 2 9 11 0 4 2 61 188 183 271 207 252 318 438 315 128 119 197 241 136 0 0 0 0 0 0 0 0 0 0 0 0 0 0 0 0 0 0 0
0 0 0 0 0 0 0 0 3 2 0 1 1 0 1 10 0 2 0 8 0 0 0 0 13 3 5 1 0 0 0 1 0 1 2 4 0 0 0 0 1 0 1 0 0 0 0 0 0 8 175 206 1 39 16 0 0 5 1 2 1 0 0 0 0 0 0 0 0 0 0 0 0 0 0 0 0 0 4 0 0 1 1 0 0 0 0 0 3 0 0 0 14 0 0 0 0 0 0 2 4 1 1 0 11 10 9 12 1 4 1 1 0 1 1 0 1 24 205 531 749 286 497 481 626 287 82 267 102 2 5 0 0 0 0 0 0 0 0 0 0 0 0 0 0 0 0 0 0 0
0 0 0 0 0 1 1 1 4 0 0 0 2 0 0 0 0 1 0 0 0 0 0 0 1 3 0 0 0 1 3 11 7 3 0 2 0 0 0 0 0 0 0 0 0 0 0 0 1 3 179 128 173 138 26 8 4 1 0 2 0 0 0 0 0 0 0 0 0 0 0 0 0 0 0 0 0 0 0 11 0 1 0 0 0 0 0 11 33 0 0 3 7 0 0 0 0 0 0 1 0 0 4 2 2 45 144 3 5 0 1 3 0 1 0 8 4 4 20 213 106 196 116 1307 466 165 57 59 1 177 297 132 0 0 0 0 0 0 0 0 0 0 0 0 0 0 0 0 0 0
1 0 0 2 1 0 10 5 2 0 2 16 0 5 0 0 0 0 0 0 0 0 0 1 1 0 0 0 0 0 0 4 4 0 1 4 0 0 0 0 0 0 0 0 0 1 0 0 0 0 154 146 191 126 19 21 0 0 3 0 0 0 0 0 0 0 0 0 0 0 0 0 0 0 0 0 0 0 0 20 0 2 0 0 0 0 0 112 24 0 0 6 36 0 0 0 0 0 0 2 2 19 5 112 6 6 3 2 0 0 0 0 0 2 0 4 0 1 8 19 153 100 201 288 359 203 78 90 142 260 179 85 0 0 0 0 0 0 0 0 0 0 0 0 0 0 0 0 0 0
0 2 0 0 1 0 2 6 1 0 1 0 0 0 0 0 0 0 0 0 0 0 0 0 0 0 0 0 0 0 0 0 0 0 0 1 0 1 0 0 0 0 0 0 0 1 1 2 0 0 86 42 116 3 50 16 1 0 0 0 0 0 0 0 0 1 0 0 0 0 0 0 0 0 0 0 0 0 1 1 4 0 0 0 0 0 10 25 5 1 2 94 36 10 1 0 0 0 0 2 8 2 9 73 4 0 9 2 12 0 0 0 0 2 7 0 0 2 3 13 50 238 170 104 52 183 244 432 82 51 22 11 0 0 0 0 0 0 0 0 0 0 0 0 0 0 0 0 0 0
0 0 12 0 2 0 21 24 5 1 0 3 1 0 0 0 0 0 0 0 0 0 0 0 0 0 0 0 0 0 0 0 0 0 0 0 0 0 1 0 0 0 0 0 0 0 0 0 0 2 0 6 38 10 5 0 0 24 22 0 0 0 2 0 0 0 0 0 0 0 0 0 0 0 0 0 0 0 0 0 0 1 22 14 6 10 0 0 2 21 128 29 57 0 0 0 0 0 3 10 14 59 66 144 167 6 1 1 2 3 0 0 1 0 1 3 3 6 6 200 114 287 862 498 255 99 648 649 583 0 0 0 0 0 0 0 0 0 0 0 0 0 0 0 0 0 0 0 0 0
0 0 4 0 3 3 1 8 1 0 0 2 0 0 0 0 0 0 0 0 0 0 2 0 0 0 10 0 1 0 0 0 0 0 0 2 0 0 0 0 0 1 0 0 0 0 0 0 0 0 0 0 25 4 2 0 0 1 26 5 1 0 0 0 0 0 0 0 0 0 0 0 0 0 0 0 0 0 0 0 0 0 0 0 0 5 0 2 3 7 97 39 300 1 3 4 0 0 0 0 56 71 200 76 103 15 0 0 0 6 1 0 0 0 1 1 1 170 84 330 182 0 1 34 40 146 289 241 119 2 164 1 0 0 0 0 0 0 0 0 0 0 0 0 0 0 0 0 0 0
1 1 34 0 11 33 7 1 0 3 1 0 1 2 0 2 0 0 0 1 1 1 0 0 0 0 0 0 0 0 0 0 0 0 0 0 0 0 0 0 0 0 0 0 0 0 0 0 0 0 0 4 7 0 0 0 0 1 0 4 2 0 0 0 0 0 0 0 0 0 0 0 0 0 0 0 0 0 0 0 2 32 0 0 2 1 35 2 0 0 0 2 32 2 0 0 0 0 0 2 3 25 197 95 25 140 3 4 4 3 11 0 0 0 0 8 64 239 38 13 0 3 0 0 45 148 41 209 173 1 10 3 0 0 0 0 0 0 0 0 0 0 0 0 0 0 0 0 0 0
0 10 46 36 142 134 72 25 1 0 0 0 0 0 1 0 0 0 0 0 0 7 0 0 0 0 0 0 0 0 0 0 0 0 0 0 0 0 1 0 0 0 0 1 3 1 0 4 0 0 0 6 1 0 0 0 0 0 6 0 0 3 0 0 0 0 0 0 0 0 0 0 0 0 0 0 0 0 0 3 1 0 0 0 3 0 7 57 18 0 0 0 0 0 0 0 0 0 0 0 0 90 146 29 23 73 2 0 2 6 24 0 0 0 0 12 46 4 9 20 0 0 0 0 0 135 83 160 161 1 18 0 0 0 0 0 0 0 0 0 0 0 0 0 0 0 0 0 0 0
1 34 108 287 127 83 49 10 0 0 0 1 1 0 0 0 0 2 0 0 0 4 0 0 1 0 0 2 0 0 0 0 0 0 0 0 0 0 0 1 0 0 0 2 2 0 0 5 7 1 0 0 14 0 0 0 1 0 0 0 0 0 0 0 0 0 0 0 0 0 0 0 0 0 0 0 0 4 0 0 0 0 0 0 0 0 59 10 0 0 2 0 0 0 0 0 0 0 0 0 5 18 7 4 17 5 0 0 0 0 6 3 0 1 1 0 1 6 45 22 8 27 5 0 4 103 14 172 18 0 0 0 0 0 0 0 0 0 0 0 0 0 0 0 0 0 0 0 0 0
1 2 145 65 43 65 14 6 2 0 0 0 0 0 0 0 0 1 1 3 1 1 0 0 0 0 0 0 0 0 0 1 0 0 0 0 0 0 0 0 0 0 0 0 1 0 0 0 0 3 0 0 0 0 0 0 0 0 0 0 0 0 0 0 0 0 0 0 0 0 0 0 0 0 0 0 0 0 0 0 0 0 0 0 0 0 22 13 3 3 8 0 0 0 2 2 0 0 0 238 308 44 78 26 1 107 4 1 1 1 1 0 0 0 0 0 0 0 4 36 27 13 68 120 23 38 0 0 0 0 0 0 0 0 0 0 1 0 0 0 0 0 0 0 0 0 0 0 0 0
5 5 14 36 14 7 1 1 1 0 0 0 0 0 0 0 1 0 0 0 1 20 0 0 0 0 0 1 1 1 0 0 0 0 0 0 0 0 0 0 0 0 0 0 0 8 0 0 1 0 0 0 0 0 1 9 0 0 0 0 0 0 0 0 0 0 0 0 0 0 0 0 0 0 0 0 0 8 0 0 0 0 0 0 0 27 3 0 0 21 9 0 0 0 7 31 56 3 62 708 196 224 43 6 0 8 7 344 0 1 1 0 0 0 0 0 1 0 12 20 35 10 7 1 3 17 6 1 34 12 1 0 0 0 0 0 0 0 0 0 0 0 0 0 0 0 0 0 0 0
14 3 4 9 0 0 0 0 1 0 0 0 0 0 0 0 0 1 0 1 5 0 0 0 0 0 0 0 0 4 0 0 0 1 3 0 0 0 0 0 0 0 0 0 1 5 1 70 0 0 0 0 1 1 23 3 3 0 0 0 0 0 0 0 0 0 0 0 0 0 0 0 0 0 4 2 0 0 0 0 0 0 0 0 0 0 5 0 0 0 33 2 20 6 28 246 21 1 23 101 31 0 7 4 0 0 0 112 114 36 0 0 0 0 0 0 0 0 0 0 8 0 0 1 4 46 14 25 111 41 8 0 0 0 0 0 0 0 0 0 0 0 0 0 0 0 0 0 0 0
4 3 7 0 0 0 2 0 0 0 0 0 0 0 0 0 0 5 0 0 0 1 0 0 0 0 17 0 0 0 1 17 2 0 0 0 0 0 0 0 0 0 0 0 0 0 0 0 0 0 0 0 0 1 6 0 0 0 0 0 0 0 0 0 0 0 0 0 0 0 0 0 0 0 2 1 0 0 0 0 0 0 0 0 0 0 18 10 57 8 33 2 1 5 0 12 0 1 0 0 0 1 0 0 2 0 68 73 18 3 0 0 0 0 0 0 0 1 0 0 2 3 6 6 26 74 26 57 31 80 25 0 0 0 0 0 0 0 0 0 0 0 0 0 0 0 0 0 0 0
0 0 0 0 0 0 0 0 0 0 0 0 0 0 0 0 0 0 0 0 1 0 0 0 0 0 0 0 0 0 0 0 0 1 0 0 0 0 0 0 0 0 0 0 0 0 0 0 0 0 0 0 0 14 2 0 0 0 0 0 0 0 0 0 0 0 0 0 0 0 0 2 1 0 0 0 0 0 0 0 0 0 0 0 0 0 1 0 54 1 0 0 0 1 0 11 0 0 0 0 0 2 0 5 2 121 185 110 21 32 0 0 0 0 0 0 0 0 8 3 0 9 0 2 0 2 16 41 4 6 0 0 0 0 0 0 0 0 0 0 0 0 0 0 0 0 0 0 0 0
1 0 0 0 0 0 0 0 0 0 0 0 0 0 0 0 0 0 1 0 0 0 0 1 0 0 0 0 0 0 0 0 0 0 1 0 0 0 0 0 0 0 0 0 0 0 0 0 0 0 3 0 2 22 4 2 1 0 0 0 0 0 0 0 0 0 0 0 0 0 0 0 0 0 0 0 0 0 0 0 0 0 0 0 0 0 3 0 0 0 0 0 3 6 0 1 4 0 1 1 2 0 0 0 18 25 32 4 17 27 0 0 0 0 0 0 0 0 7 9 0 9 0 31 71 13 70 9 3 8 1 0 0 0 0 0 0 0 0 0 0 0 0 0 0 0 0 0 0 0
0 0 0 0 6 38 1 0 0 0 0 0 0 0 0 0 0 0 0 1 0 0 0 0 0 0 0 0 0 0 0 7 0 0 0 0 0 0 0 0 0 0 1 0 0 0 0 0 0 0 0 0 4 0 1 0 1 0 0 0 0 0 0 0 0 0 0 0 1 2 0 0 0 0 0 0 0 0 0 0 0 0 0 0 0 0 0 0 0 0 0 19 43 4 1 0 1 0 3 3 1 3 9 4 18 4 0 2 0 3 0 0 0 0 0 0 0 0 0 0 2 13 0 4 0 0 0 106 5 1 0 0 0 0 0 0 0 0 0 0 0 0 0 0 0 0 0 0 0 0
0 0 0 0 30 10 0 0 0 0 0 0 0 0 0 0 0 0 0 0 0 0 0 0 0 0 2 0 1 0 2 0 0 0 0 0 0 0 0 0 0 0 0 0 0 0 0 0 0 3 0 0 1 2 1 1 2 0 0 0 0 0 0 0 0 0 0 0 0 0 0 0 0 0 0 0 0 0 0 0 0 0 0 0 0 0 0 2 16 15 289 140 39 3 0 0 0 0 0 46 6 203 144 20 3 9 0 0 0 2 5 0 0 0 0 0 0 0 0 0 0 0 0 0 0 0 10 10 0 0 0 0 0 0 0 0 0 0 0 0 0 0 0 0 0 0 0 0 0 0
0 0 0 0 1 2 0 0 0 0 0 0 0 0 0 0 1 1 0 0 0 0 0 0 0 0 0 0 0 1 0 0 0 0 0 3 0 0 0 0 0 0 0 0 0 0 0 0 0 0 0 0 0 1 1 14 0 0 0 0 0 0 0 0 0 0 0 0 5 0 0 0 0 0 0 0 0 0 0 0 0 0 0 0 1 0 0 2 3 28 51 42 27 25 1 1 2 0 0 51 28 27 29 11 0 3 0 0 0 0 0 0 0 0 0 0 0 0 0 0 1 10 44 0 0 9 3 0 0 0 0 0 0 0 0 0 0 0 0 0 0 0 0 0 0 0 0 0 0 0
0 0 0 0 0 0 0 0 0 0 0 4 2 1 0 2 0 0 0 0 0 0 0 0 0 0 5 0 0 4 0 0 0 0 0 0 0 0 0 0 0 0 0 0 0 5 37 0 0 1 0 0 0 3 2 2 0 0 0 0 0 0 0 0 0 0 0 1 112 0 0 0 0 0 0 0 0 0 0 0 0 0 0 0 0 15 16 6 1 0 0 1 7 0 5 0 0 0 0 5 22 0 0 1 0 0 0 0 1 1 8 4 0 0 0 0 0 0 0 0 0 0 0 0 0 0 0 2 0 0 0 0 0 0 0 0 0 0 0 0 0 0 0 0 0 0 0 0 0 0
0 0 0 0 0 1 0 0 0 0 0 0 0 1 0 0 0 0 0 0 0 0 0 0 0 0 1 0 0 0 0 0 0 0 1 0 0 0 0 0 0 0 0 0 0 1 1 2 0 1 0 0 0 0 1 7 0 0 0 0 0 0 0 0 0 0 2 9 8 0 0 0 0 0 0 0 0 0 0 0 0 0 0 0 12 0 0 3 2 10 1 2 3 0 0 0 5 3 3 1 3 6 0 0 0 0 0 2 21 39 45 89 5 3 0 0 0 0 0 0 0 0 0 0 0 0 0 0 0 0 0 0 0 0 0 0 0 0 0 0 0 0 0 0 0 0 0 0 0 0
0 0 0 0 0 0 1 0 0 0 0 0 0 0 0 0 0 0 0 0 0 0 0 0 0 0 0 0 0 0 0 0 0 0 0 0 0 0 0 0 0 0 0 0 0 0 0 0 12 1 1 0 0 0 0 13 15 0 0 0 0 0 0 0 1 0 4 16 3 0 1 0 0 0 0 0 0 0 0 0 0 0 0 6 10 1 0 0 4 110 2 1 0 1 1 6 18 19 55 0 1 0 4 13 0 0 6 0 8 14 48 12 20 13 0 0 0 0 0 0 0 0 0 0 0 0 0 0 0 0 0 0 0 0 0 0 0 0 0 0 0 0 0 0 0 0 0 0 0 0
0 0 0 0 0 1 0 0 0 0 0 0 0 0 0 0 0 0 0 0 0 0 0 0 0 0 0 0 0 0 0 0 0 0 0 0 0 0 0 0 0 0 0 0 0 2 1 5 14 2 2 0 0 0 3 2 3 15 11 3 2 1 3 2 2 1 1 1 0 0 0 0 0 0 0 0 0 0 0 0 0 0 0 0 0 0 0 1 0 0 1 0 0 0 6 72 2 0 0 0 0 0 0 0 6 16 156 192 136 36 10 0 12 5 0 0 0 0 0 0 0 0 0 0 0 0 0 0 0 0 0 0 0 0 0 0 0 0 0 0 0 0 0 0 0 0 0 0 0 0
0 0 0 2 0 25 0 2 0 0 0 0 0 0 0 0 1 0 0 0 0 0 0 0 0 0 0 0 0 0 0 0 0 0 0 0 0 3 3 0 0 0 0 0 1 1 8 2 0 1 0 0 1 2 2 0 0 0 0 1 0 1 0 0 0 0 0 0 0 2 0 4 0 0 0 0 0 0 0 0 0 0 0 0 0 0 0 0 0 0 8 14 0 2 35 12 0 0 0 0 0 1 0 1 41 24 37 98 75 109 28 59 29 0 0 0 0 0 0 0 0 0 0 0 0 0 0 0 0 0 0 0 0 0 0 0 0 0 0 0 0 0 0 0 0 0 0 0 0 0
0 0 0 0 27 9 0 0 0 0 0 0 0 0 0 0 0 0 0 0 0 0 0 0 0 0 0 0 0 0 0 0 0 0 0 0 0 0 0 0 1 2 2 0 1 0 1 0 0 0 1 0 1 0 1 0 0 2 4 0 0 0 0 0 0 0 1 0 1 0 0 0 1 1 0 0 0 0 0 0 0 0 0 0 0 0 0 0 0 0 0 0 1 6 1 5 66 0 0 0 0 0 0 24 63 66 0 0 2 17 0 4 1 0 0 0 0 0 0 0 0 0 0 0 0 0 0 0 0 0 0 0 0 0 0 0 0 0 0 0 0 0 0 0 0 0 0 0 0 0
0 0 0 0 1 0 0 0 1 0 0 0 0 1 0 0 0 0 0 0 0 0 0 0 0 0 0 0 0 0 0 0 0 0 0 0 0 0 0 0 0 0 0 0 0 0 1 0 2 2 0 0 0 0 0 0 0 0 2 1 1 0 0 0 0 0 0 0 0 0 0 1 2 0 0 0 0 0 0 0 0 0 0 0 0 0 0 0 0 0 0 9 29 5 4 45 103 0 0 0 0 0 0 1 2 0 0 1 0 0 15 17 0 0 0 0 0 0 0 0 0 0 0 0 0 0 0 0 0 0 0 0 0 0 0 0 0 0 0 0 0 0 1 7 1 0 0 0 0 0
0 0 0 0 0 0 0 0 0 1 0 0 0 0 0 0 0 0 0 0 0 0 0 0 0 0 0 0 0 0 0 0 0 0 0 0 0 0 0 0 0 0 0 0 0 0 0 0 0 3 7 0 1 0 0 0 0 0 1 2 0 1 0 0 0 0 0 0 0 0 4 0 0 0 0 0 0 0 0 0 0 0 0 0 0 0 0 0 10 0 0 4 85 75 25 0 0 0 0 0 0 0 0 0 0 0 0 5 0 29 24 0 0 1 0 0 0 0 0 0 0 0 0 0 0 0 0 0 0 0 0 0 0 0 0 0 0 0 0 0 0 0 0 0 0 0 0 0 0 0
0 0 0 0 0 0 0 0 0 0 0 0 0 1 0 0 0 0 0 0 0 0 0 0 0 0 0 0 0 0 0 0 0 0 0 0 0 0 0 0 0 0 0 0 0 0 0 0 0 0 0 0 0 0 0 0 0 0 0 0 1 0 0 0 0 0 0 0 0 0 0 0 0 0 0 0 0 0 0 0 0 0 0 0 0 0 0 0 0 0 6 36 236 1 0 2 1 0 0 0 0 0 0 0 0 0 0 0 6 0 6 0 0 0 0 0 0 0 0 0 0 0 0 0 0 0 0 0 0 0 0 0 0 0 0 0 0 0 0 0 0 0 0 0 0 0 0 0 0 0
0 0 0 0 0 0 0 0 0 0 0 0 0 0 0 0 0 0 1 0 0 0 0 0 0 0 0 0 0 0 0 0 0 0 0 0 1 0 0 0 0 0 1 0 0 0 0 0 0 0 0 6 0 0 0 0 1 1 0 1 2 0 0 0 0 0 0 0 0 0 1 24 6 0 0 0 0 0 0 0 0 0 0 0 0 0 0 0 0 0 1 0 1 1 10 0 0 0 0 0 0 0 0 0 0 0 0 0 0 0 0 0 0 0 0 0 0 0 0 0 0 0 0 0 0 0 0 0 0 0 0 0 0 0 0 0 0 0 0 0 0 0 0 0 0 0 0 0 0 0
0 0 0 0 0 0 0 0 0 0 0 0 0 0 0 0 0 0 0 0 0 0 3 15 0 0 0 0 0 0 0 0 0 0 0 0 0 0 0 0 0 0 0 0 0 0 0 0 0 0 0 8 0 1 1 1 0 0 0 0 0 8 4 0 0 0 0 0 0 0 0 2 3 0 1 0 0 0 0 0 0 0 0 0 0 0 0 0 0 0 1 21 2 2 2 0 0 0 0 0 0 0 0 0 0 0 0 0 0 0 0 0 0 0 0 0 0 0 0 0 0 0 0 0 0 0 0 0 0 0 0 0 0 0 0 0 0 0 0 0 0 0 0 0 0 0 0 0 0 0
0 0 0 0 0 0 0 0 0 0 0 0 0 0 0 0 0 0 0 0 0 0 0 1 0 0 0 0 0 0 0 0 0 0 0 0 0 0 0 0 0 0 0 0 0 0 0 0 0 1 0 6 4 1 1 0 0 0 0 0 0 16 26 0 0 0 0 0 0 0 0 0 0 0 0 0 0 0 0 0 0 0 0 0 0 0 0 0 0 0 6 4 0 0 13 0 0 0 0 0 0 0 0 0 0 0 0 0 0 0 0 0 0 0 0 0 0 0 0 0 0 0 0 0 0 0 0 0 0 0 0 0 0 0 0 0 0 0 0 0 0 0 0 0 0 0 0 0 0 0
0 0 0 0 0 0 0 0 0 0 0 0 0 0 0 0 0 0 0 0 0 0 0 0 0 1 0 0 0 0 0 0 0 0 0 0 0 0 0 0 0 0 0 0 0 0 0 0 0 0 2 12 46 5 4 1 0 0 0 0 0 4 0 0 0 0 0 0 0 0 0 0 0 2 0 0 0 0 0 0 0 0 0 0 0 0 0 0 0 0 0 0 6 8 22 4 0 0 0 0 0 0 0 0 0 0 0 0 0 0 0 0 0 0 0 0 0 0 0 0 0 0 0 0 0 0 0 0 0 0 0 0 0 0 0 0 0 0 0 0 0 0 0 0 0 0 0 0 0 0
0 0 0 0 0 0 0 0 0 0 0 0 4 0 0 0 0 0 0 0 0 1 0 0 0 0 0 0 0 0 0 0 0 0 0 0 0 0 0 0 0 0 0 0 0 0 0 0 3 1 0 3 125 0 15 0 0 0 0 0 0 0 2 0 0 0 0 0 0 0 0 0 0 0 0 0 0 0 0 0 0 0 0 0 0 0 0 0 0 0 0 1 3 3 4 0 0 0 0 4 0 0 0 0 0 0 0 0 0 0 0 0 0 0 0 0 0 0 0 0 0 0 0 0 0 0 0 0 0 0 0 0 0 0 0 0 0 0 0 0 0 0 0 0 0 0 0 0 0 0
0 0 0 0 0 0 0 0 0 3 0 0 0 0 0 0 1 0 1 0 0 0 0 0 0 0 0 0 0 0 0 0 0 0 0 0 0 1 0 0 0 0 0 0 0 0 0 4 0 0 0 0 9 0 0 0 0 0 2 0 3 1 0 0 0 0 0 0 0 0 0 0 0 0 0 0 0 0 0 0 0 0 0 0 0 0 0 0 0 0 0 0 0 0 0 0 4 0 0 0 0 0 0 0 0 0 0 0 0 0 0 0 0 0 0 0 0 0 0 0 0 0 0 0 0 0 0 0 0 0 0 0 0 0 0 0 0 0 0 0 0 0 0 0 0 0 0 0 0 0
0 0 0 0 0 0 0 0 0 0 1 0 0 0 0 0 0 0 0 0 0 0 0 0 1 0 0 0 0 0 0 0 0 0 0 0 1 0 0 0 0 0 0 0 0 0 2 0 0 0 0 0 0 0 0 0 0 0 0 0 0 0 0 0 0 0 0 0 0 0 0 0 0 0 0 0 0 0 0 0 0 0 0 0 0 0 0 0 0 0 0 0 0 0 0 2 2 5 0 0 0 0 0 0 0 0 0 0 0 0 0 0 0 0 0 0 0 0 0 0 0 0 0 0 0 0 0 0 0 0 0 0 0 0 0 0 0 0 0 0 0 0 0 0 0 9 0 0 0 0
0 0 0 0 0 0 0 0 0 0 0 1 0 0 0 0 0 0 0 1 1 0 0 0 0 0 0 0 0 0 0 2 0 0 0 0 0 0 0 0 0 0 0 0 1 0 0 0 0 0 0 0 0 0 0 0 0 0 0 0 0 1 0 0 0 0 0 0 0 0 0 0 0 0 0 0 0 0 0 0 0 0 0 0 0 0 0 0 0 0 0 0 0 0 1 1 2 1 0 0 1 0 0 0 0 0 0 0 0 0 0 0 0 0 0 0 0 0 0 0 0 0 0 0 0 0 0 0 0 0 0 0 0 0 0 0 0 0 0 0 0 0 0 0 0 0 0 0 0 0
0 0 0 0 0 0 0 0 0 0 0 10 0 0 0 0 0 0 0 0 0 0 0 0 0 0 0 0 0 0 0 0 0 0 0 0 0 0 0 0 0 0 0 0 0 0 0 0 0 0 0 0 0 0 0 0 0 0 0 0 0 0 0 0 0 0 0 0 0 0 0 0 0 0 0 0 0 0 0 0 0 0 0 0 0 0 0 0 0 0 0 0 0 0 0 0 0 0 0 0 0 0 0 0 0 0 0 0 0 0 0 0 0 0 0 0 0 0 0 0 0 0 0 0 0 0 0 0 0 0 0 0 0 0 0 0 0 0 0 0 0 0 0 0 0 0 0 0 0 0
0 0 0 0 0 0 0 0 0 0 2 0 0 0 0 2 0 0 0 0 0 0 0 0 0 0 0 0 0 0 0 0 0 0 0 0 0 0 0 0 0 0 0 0 1 0 0 0 0 0 0 0 0 0 0 0 0 0 0 0 0 0 0 0 0 0 0 0 0 0 0 0 0 0 0 0 0 0 0 0 0 0 0 0 0 0 0 0 0 0 0 0 0 0 6 0 3 0 0 0 0 0 0 0 0 0 0 0 0 0 0 0 0 0 0 0 0 0 0 0 0 0 0 0 0 0 0 0 0 0 0 0 0 0 0 0 0 0 0 0 0 0 0 0 0 0 0 0 0 0
0 0 0 0 0 0 0 0 1 0 0 0 3 1 0 0 0 2 0 0 0 0 0 0 0 0 0 0 0 0 0 0 0 0 0 0 0 0 0 0 0 0 0 1 0 0 0 0 0 0 0 0 0 0 0 0 0 0 0 1 0 0 0 0 0 0 0 0 17 0 0 0 0 0 0 0 0 0 0 0 0 0 0 0 0 0 0 0 0 0 0 0 0 0 0 0 0 0 0 1 0 0 0 0 0 0 0 0 0 0 0 0 0 0 0 0 0 0 0 0 0 0 0 0 0 0 0 0 0 0 0 0 0 0 0 0 0 0 0 0 0 0 0 0 0 0 0 0 0 0
0 0 0 0 0 0 0 2 0 0 0 0 0 0 0 0 0 5 1 0 0 0 0 0 0 0 0 0 0 0 0 0 0 0 0 0 24 5 1 0 0 0 1 0 0 0 0 0 0 0 0 0 0 0 0 0 0 0 0 0 0 1 0 0 0 0 0 0 43 26 0 0 0 0 0 0 0 0 0 0 0 0 0 0 0 0 0 0 0 0 0 0 0 0 0 0 0 0 0 0 0 0 0 0 0 0 0 0 0 0 0 0 0 0 0 0 0 0 0 0 0 0 0 0 0 0 0 0 0 0 0 0 0 0 0 0 0 0 0 0 0 0 0 0 0 0 0 0 0 0
0 1 0 0 0 0 1 0 0 0 0 0 12 2 0 0 4 0 1 1 0 0 0 5 0 1 0 0 0 0 0 0 0 0 0 2 0 0 2 2 0 0 29 0 0 0 0 0 0 0 0 0 0 0 0 0 0 0 0 0 0 0 0 0 32 8 5 0 0 0 0 0 0 0 0 0 0 0 0 0 0 0 0 0 0 0 0 0 0 0 0 0 0 0 0 0 0 0 0 0 0 0 0 0 0 0 0 0 0 0 0 0 0 0 0 0 0 0 0 0 0 0 0 0 0 0 0 0 0 0 0 0 0 0 0 0 0 0 0 0 0 0 0 0 0 0 0 0 0 0
0 17 1 0 0 0 0 0 0 0 1 0 0 0 0 0 0 0 0 2 2 15 17 3 0 0 0 0 0 0 0 0 0 0 0 9 7 0 0 4 0 0 0 0 0 0 0 0 0 0 0 0 0 0 0 0 0 0 0 0 0 0 0 0 0 0 0 0 0 0 0 0 0 0 0 0 0 0 0 0 0 0 0 0 0 0 0 0 0 0 0 0 0 0 0 0 0 0 0 0 0 0 0 0 0 0 0 0 0 0 0 0 0 0 0 0 0 0 0 0 0 0 0 0 0 0 0 0 0 0 0 0 0 0 0 0 0 0 0 0 0 0 0 0 0 0 0 0 0 0
3 2 1 2 0 0 0 0 0 0 0 0 6 0 0 0 5 1 0 1 0 18 2 0 3 0 0 0 0 2 1 0 0 0 0 0 1 0 0 0 1 0 0 0 0 0 0 0 0 0 0 0 0 0 0 0 0 0 0 0 0 0 0 0 0 0 0 0 0 0 0 0 0 0 0 0 0 0 0 0 0 0 0 0 0 0 0 0 0 0 0 0 0 0 0 0 0 0 0 0 0 0 0 0 0 0 0 0 0 0 0 0 0 0 0 0 0 0 0 0 0 0 0 0 0 0 0 0 0 0 0 0 0 0 0 0 0 0 0 0 0 0 0 0 0 0 0 0 0 0
0 0 0 0 0 0 0 0 0 0 0 0 0 0 0 0 0 0 0 0 0 1 3 1 0 3 2 1 2 0 0 0 0 0 1 0 0 0 0 0 0 0 0 0 0 0 0 0 0 0 0 0 0 0 0 0 0 0 0 0 0 0 0 0 0 0 0 0 0 0 0 0 0 0 0 0 0 0 0 0 0 0 0 0 0 0 0 0 0 0 0 0 0 0 0 0 0 0 0 0 0 0 0 0 0 0 0 0 0 0 0 0 0 0 0 0 0 0 0 0 0 0 0 0 0 0 0 0 0 0 0 0 0 0 0 0 0 0 0 0 0 0 0 0 0 0 0 0 0 0
0 0 0 0 0 0 0 0 0 0 0 0 0 0 0 0 0 0 0 1 0 0 0 1 3 2 3 2 12 1 0 0 0 5 0 0 0 0 0 0 0 0 0 0 0 0 0 0 0 0 0 0 0 0 0 0 0 0 0 0 0 0 0 0 0 0 0 0 0 0 0 0 0 0 0 0 0 0 0 0 0 0 0 0 0 0 0 0 0 0 0 0 0 0 0 0 0 0 0 0 0 0 0 0 0 0 0 0 0 0 0 0 0 0 0 0 0 0 0 0 0 0 0 0 0 0 0 0 0 0 0 0 0 0 0 0 0 0 0 0 0 0 0 0 0 0 0 0 0 0
0 0 0 0 0 0 0 0 0 0 0 0 0 0 0 0 0 0 0 0 0 0 0 0 0 0 0 0 52 13 1 5 2 11 0 0 1 0 0 0 0 0 0 0 0 0 0 0 0 0 0 0 0 0 0 0 0 0 0 0 0 0 0 0 0 0 0 0 0 0 0 0 0 0 0 0 0 0 0 0 0 0 0 0 0 0 0 0 0 0 0 0 0 0 0 0 0 0 0 0 0 0 0 0 0 0 0 0 0 0 0 0 0 0 0 0 0 0 0 0 0 0 0 0 0 0 0 0 0 0 0 0 0 0 0 0 0 0 0 0 0 0 0 0 0 0 0 0 0 0
0 0 0 0 0 0 0 0 0 0 0 0 0 0 0 0 0 0 0 0 0 0 0 0 0 1 0 2 0 0 0 0 0 0 0 0 1 0 0 0 0 0 0 0 0 0 0 0 0 0 0 0 0 0 0 0 0 0 0 0 0 0 0 0 0 0 0 0 0 0 0 0 0 0 0 0 0 0 0 0 0 0 0 0 0 0 0 0 0 0 0 0 0 0 0 0 0 0 0 0 0 0 0 0 0 0 0 0 0 0 0 0 0 0 0 0 0 0 0 0 0 0 0 0 0 0 0 0 0 0 0 0 0 0 0 0 0 0 0 0 0 0 0 0 0 0 0 0 0 0
0 0 0 0 0 0 0 0 0 0 0 0 0 0 0 0 0 0 0 0 0 0 0 0 3 0 4 0 0 0 2 1 0 1 1 0 0 2 0 0 0 0 0 0 0 0 0 0 0 0 0 0 0 0 0 0 0 0 0 0 0 0 0 0 0 0 0 0 0 0 0 0 0 0 0 0 0 0 0 0 0 0 0 0 0 0 0 0 0 0 0 0 0 0 0 0 0 0 0 0 0 0 0 0 0 0 0 0 0 0 0 0 0 0 0 0 0 0 0 0 0 0 0 0 0 0 0 0 0 0 0 0 0 0 0 0 0 0 0 0 0 0 0 0 0 0 0 0 0 0
0 0 0 0 0 0 0 0 0 0 0 0 1 3 0 0 0 0 0 0 0 0 0 0 0 0 0 0 0 0 0 0 3 0 0 0 13 1 0 0 0 0 0 0 0 0 0 0 0 0 0 0 0 0 0 0 0 0 0 0 0 0 0 0 0 0 0 0 0 0 0 0 0 0 0 0 0 0 0 0 0 0 0 0 0 0 0 0 0 0 0 0 0 0 0 0 0 0 0 0 0 0 0 0 0 0 0 0 0 0 0 0 0 0 0 0 0 0 0 0 0 0 0 0 0 0 0 0 0 0 0 0 0 0 0 0 0 0 0 0 0 0 0 0 0 0 0 0 0 0
0 0 0 0 0 0 0 0 0 0 0 2 1 0 0 0 0 0 0 0 0 0 0 0 0 0 0 3 0 0 11 0 0 0 1 0 0 0 0 0 0 0 0 0 0 0 0 0 0 0 0 0 0 0 0 0 0 0 0 0 0 0 0 0 0 0 0 0 0 0 0 0 0 0 0 0 0 0 0 0 0 0 0 0 0 0 0 0 0 0 0 0 0 0 0 0 0 0 0 0 0 0 0 0 0 0 0 0 0 0 0 0 0 0 0 0 0 0 0 0 0 0 0 0 0 0 0 0 0 0 0 0 0 0 0 0 0 0 0 0 0 0 0 0 0 0 0 0 0 0
0 0 0 0 0 0 0 0 0 0 0 0 0 0 0 0 0 0 0 0 0 0 0 0 0 0 0 1 0 0 0 0 0 2 0 0 0 0 0 0 0 0 0 0 0 0 0 0 0 0 0 0 0 0 0 0 0 0 0 0 0 0 0 0 0 0 0 0 0 0 0 0 0 0 0 0 0 0 0 0 0 0 0 0 0 0 0 0 0 0 0 0 0 0 0 0 0 0 0 0 0 0 0 0 0 0 0 0 0 0 0 0 0 0 0 0 0 0 0 0 0 0 0 0 0 0 0 0 0 0 0 0 0 0 0 0 0 0 0 0 0 0 0 0 0 0 0 0 0 0
0 0 0 0 0 0 0 0 0 0 1 0 0 0 0 0 0 0 0 0 0 0 0 0 0 0 0 0 0 0 0 0 0 1 0 0 0 0 0 0 0 0 0 0 0 0 0 0 0 0 0 0 0 0 0 0 0 0 0 0 0 0 0 0 0 0 0 0 0 0 0 0 0 0 0 0 0 0 0 0 0 0 0 0 0 0 0 0 0 0 0 0 0 0 0 0 0 0 0 0 0 0 0 0 0 0 0 0 0 0 0 0 0 0 0 0 0 0 0 0 0 0 0 0 0 0 0 0 0 0 0 0 0 0 0 0 0 0 0 0 0 0 0 0 0 0 0 0 0 0
0 0 0 0 0 0 0 0 0 0 0 0 0 0 0 0 0 0 0 0 0 0 0 0 0 0 0 0 0 0 0 0 0 0 0 0 0 0 0 0 0 0 0 0 0 0 0 0 0 0 0 0 0 0 0 0 0 0 0 0 0 0 0 0 0 0 0 0 0 0 0 0 0 0 0 0 0 0 0 0 0 0 0 0 0 0 0 0 0 0 0 0 0 0 0 0 0 0 0 0 0 0 0 0 0 0 0 0 0 0 0 0 0 0 0 0 0 0 0 0 0 0 0 0 0 0 0 0 0 0 0 0 0 0 0 0 0 0 0 0 0 0 0 0 0 0 0 0 0 0
0 0 0 0 0 0 0 0 0 0 0 0 0 0 0 0 0 0 0 0 0 0 0 0 0 0 0 0 0 0 0 0 0 0 0 0 0 0 0 0 0 0 0 0 0 0 0 0 0 0 0 1 0 0 0 0 0 0 0 0 0 0 0 0 0 0 0 0 0 0 0 0 0 0 0 0 0 0 0 0 0 0 0 0 0 0 0 0 0 0 0 0 0 0 0 0 0 0 0 0 0 0 0 0 0 0 0 0 0 0 0 0 0 0 0 0 0 0 0 0 0 0 0 0 0 0 0 0 0 0 0 0 0 0 0 0 0 0 0 0 0 0 0 0 0 0 0 0 0 0
0 0 0 0 0 0 0 0 7 3 0 0 0 0 0 0 0 0 0 0 0 0 0 0 0 0 0 0 0 0 0 0 0 0 0 0 0 0 0 0 0 0 0 0 0 0 0 0 0 0 0 0 0 0 0 0 0 0 0 0 0 0 0 0 0 0 0 0 0 0 0 0 0 0 0 0 0 0 0 0 0 0 0 0 0 0 0 0 0 0 0 0 0 0 0 0 0 0 0 0 0 0 0 0 0 0 0 0 0 0 0 0 0 0 0 0 0 0 0 0 0 0 0 0 0 0 0 0 0 0 0 0 0 0 0 0 0 0 0 0 0 0 0 0 0 0 0 0 0 0
0 0 0 0 0 1 2 3 1 1 0 0 0 0 0 0 0 0 0 0 0 0 0 0 0 0 0 0 0 0 0 0 0 0 0 0 0 0 0 0 0 0 0 0 0 0 0 0 0 13 9 0 0 0 0 0 0 0 0 0 0 0 0 0 0 0 0 0 0 0 0 0 0 0 0 0 0 0 0 0 0 0 0 0 0 0 0 0 0 0 0 0 0 0 0 0 0 0 0 0 0 0 0 0 0 0 0 0 0 0 0 0 0 0 0 0 0 0 0 0 0 0 0 0 0 0 0 0 0 0 0 0 0 0 0 0 0 0 0 0 0 0 0 0 0 0 0 0 0 0
0 0 0 0 0 0 4 13 0 0 0 0 0 0 0 0 0 0 0 0 0 0 0 0 0 0 0 0 0 0 0 0 0 0 0 0 0 0 0 0 0 0 0 0 0 0 0 0 0 0 0 0 0 0 0 0 0 0 0 0 0 0 0 0 0 0 0 0 0 0 0 0 0 0 0 0 0 0 0 0 0 0 0 0 0 0 0 0 0 0 0 0 0 0 0 0 0 0 0 0 0 0 0 0 0 0 0 0 0 0 0 0 0 0 0 0 0 0 0 0 0 0 0 0 0 0 0 0 0 0 0 0 0 0 0 0 0 0 0 0 0 0 0 0 0 0 0 0 0 0
0 0 0 0 0 0 0 0 0 0 0 0 0 0 0 0 0 0 0 0 0 0 0 0 0 0 0 0 0 0 0 0 0 0 0 0 0 0 0 0 0 0 0 0 0 0 0 0 0 0 0 0 2 13 0 0 0 0 0 0 0 0 0 0 0 0 0 0 0 0 0 0 0 0 0 0 0 0 0 0 0 0 0 0 0 0 0 0 0 0 0 0 0 0 0 0 0 0 0 0 0 0 0 0 0 0 0 0 0 0 0 0 0 0 0 0 0 0 0 0 0 0 0 0 0 0 0 0 0 0 0 0 0 0 0 0 0 0 0 0 0 0 0 0 0 0 0 0 0 0
0 0 0 0 0 0 0 0 0 0 0 0 0 0 0 0 0 0 0 0 0 0 0 0 0 0 0 0 0 0 0 0 0 0 0 0 0 0 0 0 0 0 0 0 0 0 0 0 0 0 0 0 1 1 0 0 0 0 0 0 0 0 0 0 0 0 0 0 0 0 0 0 0 0 0 0 0 0 0 0 0 0 0 0 0 0 0 0 0 0 0 0 0 0 0 0 0 0 0 0 0 0 0 0 0 0 0 0 0 0 0 0 0 0 0 0 0 0 0 0 0 0 0 0 0 0 0 0 0 0 0 0 0 0 0 0 0 0 0 0 0 0 0 0 0 0 0 0 0 0
0 0 0 0 0 0 0 0 0 0 0 0 0 0 0 0 0 0 0 0 0 0 0 0 0 0 0 0 0 0 0 0 0 0 0 0 0 0 0 0 0 0 0 0 0 0 0 0 1 0 0 0 1 0 0 0 0 0 0 0 0 0 0 0 0 0 0 0 0 0 0 0 0 0 0 0 0 0 0 0 0 0 0 0 0 0 0 0 0 0 0 0 0 0 0 0 0 0 0 0 0 0 0 0 0 0 0 0 0 0 0 0 0 0 0 0 0 0 0 0 0 0 0 0 0 0 0 0 0 0 0 0 0 0 0 0 0 0 0 0 0 0 0 0 0 0 0 0 0 0
0 0 0 0 0 0 0 0 0 0 0 0 0 0 0 0 0 0 0 0 0 0 0 0 0 0 0 0 0 0 0 0 0 0 0 0 0 0 0 0 0 0 0 0 0 0 0 0 0 0 0 0 1 0 0 0 0 0 0 0 0 0 0 0 0 0 0 0 0 0 0 0 0 0 0 0 0 0 0 0 0 0 0 0 0 0 0 0 0 0 0 0 0 0 0 0 0 0 0 0 0 0 0 0 0 0 0 0 0 0 0 0 0 0 0 0 0 0 0 0 0 0 0 0 0 0 0 0 0 0 0 0 0 0 0 0 0 0 0 0 0 0 0 0 0 0 0 0 0 0
0 0 0 0 0 0 0 0 0 0 0 0 0 0 0 0 0 0 0 0 0 0 0 0 0 0 0 0 0 0 1 0 0 0 0 0 0 0 0 0 0 0 0 0 0 0 0 0 0 0 0 0 0 0 0 0 0 0 0 0 0 0 0 0 0 0 0 0 0 0 0 0 0 0 0 0 0 0 0 0 0 0 0 0 0 0 0 0 0 0 0 0 0 0 0 0 0 0 0 0 0 0 0 0 0 0 0 0 0 0 0 0 0 0 0 0 0 0 0 0 0 0 0 0 0 0 0 0 0 0 0 0 0 0 0 0 0 0 0 0 0 0 0 0 0 0 0 0 0 0
0 0 0 0 0 0 0 0 0 0 0 0 0 0 0 0 0 0 0 0 0 0 0 0 0 0 0 0 0 0 2 4 0 0 0 0 0 0 0 0 0 0 0 0 0 0 0 0 0 0 0 0 0 0 0 0 0 0 0 0 0 0 0 0 0 0 0 0 0 0 0 0 0 0 0 0 0 0 0 0 0 0 0 0 0 0 0 0 0 0 0 0 0 0 0 0 0 0 0 0 0 0 0 0 0 0 0 0 0 0 0 0 0 0 0 0 0 0 0 0 0 0 0 0 0 0 0 0 0 0 0 0 0 0 0 0 0 0 0 0 0 0 0 0 0 0 0 0 0 0
0 0 0 0 0 0 0 0 0 0 0 0 0 0 0 0 0 0 0 0 0 0 0 0 0 0 0 0 0 0 1 1 0 0 0 0 0 0 0 0 0 0 0 0 0 0 0 0 0 0 0 0 0 0 0 0 0 0 0 0 0 0 0 0 0 0 0 0 0 0 0 0 0 0 0 0 0 0 0 0 0 0 0 0 0 0 0 0 0 0 0 0 0 0 0 0 0 0 0 0 0 0 0 0 0 0 0 0 0 0 0 0 0 0 0 0 0 0 0 0 0 0 0 0 0 0 0 0 0 0 0 0 0 0 0 0 0 0 0 0 0 0 0 0 0 0 0 0 0 0
0 0 0 0 0 0 0 0 0 0 0 0 0 0 0 0 0 0 0 0 0 0 0 0 0 0 0 0 0 2 0 0 0 0 0 0 0 0 0 0 0 0 0 0 0 0 0 0 0 0 0 0 0 0 0 0 0 0 0 0 0 0 0 0 0 0 0 0 0 0 0 0 0 0 0 0 0 0 0 0 0 0 0 0 0 0 0 0 0 0 0 0 0 0 0 0 0 0 0 0 0 0 0 0 0 0 0 0 0 0 0 0 0 0 0 0 0 0 0 0 0 0 0 0 0 0 0 0 0 0 0 0 0 0 0 0 0 0 1 0 0 0 0 0 0 0 0 0 0 0
0 0 0 0 0 0 0 0 0 0 0 0 0 0 0 0 0 0 0 0 0 0 0 0 0 0 0 0 0 45 21 0 0 0 0 1 0 0 0 0 0 0 0 0 0 0 0 0 0 0 0 0 0 0 0 0 0 0 0 0 0 0 0 0 0 0 0 0 0 0 0 0 0 0 0 0 0 0 0 0 0 0 0 0 0 0 0 0 0 0 0 0 0 0 0 0 0 0 0 0 0 0 0 0 0 0 0 0 0 0 0 0 0 0 0 0 0 0 0 0 0 0 0 0 0 0 0 0 0 0 0 0 0 0 0 0 0 0 0 0 0 0 0 0 0 0 0 0 0 0
0 0 0 0 0 0 0 0 0 0 0 0 0 0 0 0 0 0 0 0 0 0 0 0 0 0 3 0 0 0 0 0 0 0 0 0 0 0 0 0 0 0 0 0 0 0 0 0 0 14 0 0 0 0 0 0 0 0 0 0 0 0 0 0 0 0 0 0 0 0 0 0 0 0 0 0 0 0 0 0 0 0 0 0 0 0 0 0 0 0 0 0 0 0 0 0 0 0 0 0 0 0 0 0 0 0 0 0 0 0 0 0 0 0 0 0 0 0 0 0 0 0 0 0 0 0 0 0 0 0 0 0 0 0 0 0 0 0 0 0 0 0 0 0 0 0 0 0 0 0
0 0 0 0 0 0 0 0 0 0 0 0 0 0 0 0 0 0 0 0 0 0 0 0 0 0 6 0 0 0 0 0 0 0 0 0 0 0 0 0 0 0 0 0 0 0 0 0 1 0 0 0 0 0 0 0 0 0 0 0 0 0 0 0 0 0 0 0 0 0 0 0 0 0 0 0 0 0 0 0 0 0 0 0 0 0 0 0 0 0 0 0 0 0 0 0 0 0 0 0 0 0 0 0 0 0 0 0 0 0 0 0 0 0 0 0 0 0 0 0 0 0 0 0 0 0 0 0 0 0 0 0 0 0 0 0 0 0 0 0 0 0 0 0 0 0 0 0 0 0
0 0 0 0 0 0 0 0 0 0 0 0 0 0 0 0 0 0 0 0 0 0 0 0 0 0 0 2 0 0 0 0 0 0 0 0 0 0 0 0 0 0 0 0 0 0 0 0 0 0 0 0 0 0 0 0 0 0 0 0 0 0 0 0 0 0 0 0 0 0 0 0 0 0 0 0 0 0 0 0 0 0 0 0 0 0 0 0 0 0 0 0 0 0 0 0 0 0 0 0 0 0 0 0 0 0 0 0 0 0 0 0 0 0 0 0 0 0 0 0 0 0 0 0 0 0 0 0 0 0 0 0 0 0 0 0 0 0 0 0 0 0 0 0 0 0 0 0 0 0
0 0 0 0 0 0 0 0 0 0 0 0 0 0 0 0 0 0 0 0 0 0 0 0 0 0 0 0 0 0 0 0 0 0 0 0 0 0 0 0 0 0 0 0 0 0 0 0 0 0 0 0 0 0 0 0 0 0 0 0 0 0 0 0 0 0 0 0 0 0 0 0 0 0 0 0 0 0 0 0 0 0 0 0 0 0 0 0 0 0 0 0 0 0 0 0 0 0 0 0 0 0 0 0 0 0 0 0 0 0 0 0 0 0 0 0 0 0 0 0 0 0 0 0 0 0 0 0 0 0 0 0 0 0 0 0 0 0 0 0 0 0 0 0 0 0 0 0 0 0
0 0 0 0 0 0 0 0 0 0 0 0 0 0 0 0 0 0 0 0 0 0 0 0 0 0 0 0 0 0 0 0 0 0 0 0 0 0 0 0 0 0 0 0 0 0 0 0 0 0 0 0 0 0 0 0 0 0 0 0 0 0 0 0 0 0 0 0 0 0 0 0 0 0 0 0 0 0 0 0 0 0 0 0 0 0 0 0 0 0 0 0 0 0 0 0 0 0 0 0 0 0 0 0 0 0 0 0 0 0 0 0 0 0 0 0 0 0 0 0 0 0 0 0 0 0 0 0 0 0 0 0 0 0 0 0 0 0 0 0 0 0 0 0 0 0 0 0 0 0
0 0 0 0 0 0 0 0 0 0 0 0 0 0 0 0 0 0 0 0 0 0 0 0 0 0 0 0 0 0 0 0 0 0 0 0 0 0 0 0 0 0 0 0 0 0 0 0 0 0 0 0 0 0 0 0 0 0 0 0 0 0 0 0 0 0 0 0 0 0 0 0 0 0 0 0 0 0 0 0 0 0 0 0 0 0 0 0 0 0 0 0 0 0 0 0 0 0 0 0 0 0 0 0 0 0 0 0 0 0 0 0 0 0 0 0 0 0 0 0 0 0 0 0 0 0 0 0 0 0 0 0 0 0 0 0 0 0 0 0 0 0 0 0 0 0 0 0 0 0
0 0 0 0 0 0 0 0 0 0 0 0 0 0 0 0 0 0 0 0 0 0 0 0 0 0 0 0 0 0 0 0 0 0 0 0 0 0 0 0 0 0 0 0 0 0 0 0 0 0 0 0 0 0 0 0 0 0 0 0 0 0 0 0 0 0 0 0 0 0 0 0 0 0 0 0 0 0 0 0 0 0 0 0 0 0 0 0 0 0 0 0 0 0 0 0 0 0 0 0 0 0 0 0 0 0 0 0 0 0 0 0 0 0 0 0 0 0 0 0 0 0 0 0 0 0 0 0 0 0 0 0 0 0 0 0 0 0 0 0 0 0 0 0 0 0 0 0 0 0
0 0 0 0 0 0 0 0 0 0 0 0 0 0 0 0 0 0 0 0 0 0 0 0 0 0 0 0 0 0 0 0 0 0 0 0 0 0 0 0 0 0 0 0 0 0 0 0 0 0 0 0 0 0 0 0 0 0 0 0 0 0 0 0 0 0 0 0 0 0 0 0 0 0 0 0 0 0 0 0 0 0 0 0 0 0 0 0 0 0 0 0 0 0 0 0 0 0 0 0 0 0 0 0 0 0 0 0 0 0 0 0 0 0 0 0 0 0 0 0 0 0 0 0 0 0 0 0 0 0 0 0 0 0 0 0 0 0 0 0 0 0 0 0 0 0 0 0 0 0
