0 0 47 10 0 0 2 0 12 120 2 2 0 6 0 0 0 3 6 0 1 1 0 0 1 12 0 0 0 0 0 0 1 4 6 1 0 0 2 5 0 0 0 0 2 0 0 0 0 0 0 0 0 0 5 1 0 0 1 29 31 14 4 5 0 2 1 0 0 0 0 3 19 187 150 394 125 22 41 8 17 253 38 53 72 254 255 265 47 291 1172 781 56 785 471 621 1037 655 954 181 165 97 15 12 37 59 29 367 255 23 34 11 18 73 91 38 54 5 1 3 5 36 16 16 1 5 0 2 6 6 1 16 5 2 4 0 1 7 0 0 1 0 0 0 0 0 0 0 0 20
0 3 4 5 0 0 0 0 0 28 13 26 3 3 0 0 0 1 11 0 0 1 35 1 14 18 0 1 0 0 0 0 0 0 3 2 0 0 8 0 0 0 0 1 0 0 0 0 0 0 0 0 0 2 14 0 0 0 0 47 99 53 8 5 6 0 0 1 0 10 0 0 51 17 9 14 87 58 11 27 129 51 0 2 133 271 347 151 304 317 85 39 310 392 256 253 482 520 1093 734 225 49 40 17 11 3 3 46 36 14 11 10 6 8 56 22 3 4 3 16 3 9 101 8 15 8 1 6 20 23 20 7 79 202 1 0 0 0 5 55 8 1 0 0 0 0 0 0 0 0
0 0 0 0 4 0 0 0 3 30 5 2 17 4 1 0 0 2 3 2 1 7 84 25 15 0 1 9 0 0 0 0 0 1 0 2 0 9 0 52 0 0 0 1 0 0 0 0 0 0 0 0 0 0 7 0 0 0 2 6 18 8 1 3 0 0 1 0 0 0 2 0 1 0 0 3 1 51 105 165 99 60 4 24 47 236 594 234 4 3 81 52 77 482 627 839 259 456 278 626 558 295 20 57 14 11 5 45 217 166 41 12 2 2 4 3 8 25 15 8 76 39 2 17 9 7 12 5 0 30 8 8 67 118 0 0 5 0 5 17 7 5 0 0 0 0 0 0 0 0
36 28 0 0 0 0 0 0 0 3 2 0 0 0 0 0 1 0 5 0 0 3 5 8 5 1 6 9 10 0 0 0 0 0 0 0 0 1 0 7 2 1 0 0 0 0 0 0 0 0 3 0 0 0 51 11 1 26 19 2 2 2 5 8 0 0 0 0 0 0 1 123 4 0 1 3 14 74 206 106 98 42 130 167 378 8 55 187 5 230 958 987 1523 675 870 395 102 201 682 411 532 570 146 15 9 161 11 26 401 61 18 17 42 12 0 9 15 85 58 9 29 112 30 7 3 6 0 3 13 1 7 13 42 0 4 1 11 0 0 7 56 2 0 0 0 0 0 0 0 0
3 12 1 0 0 0 0 0 1 1 0 0 0 0 0 15 7 1 0 0 14 5 0 0 3 0 0 0 2 0 0 0 0 0 0 10 3 0 3 0 0 0 0 0 0 0 0 0 2 4 0 0 1 0 57 189 55 26 1 0 40 2 0 6 0 0 0 0 0 13 136 40 86 132 24 83 56 104 244 180 212 182 223 313 293 86 42 27 11 469 1528 574 546 1049 507 225 65 606 375 786 729 844 727 728 607 76 95 24 5 21 14 25 22 50 14 1 3 13 71 76 220 682 152 11 2 5 5 1 1 4 6 0 0 0 0 6 0 0 0 0 32 0 0 0 0 0 0 0 0 0
13 0 0 0 0 0 0 0 6 1 3 0 0 0 0 6 1 1 11 55 71 4 0 0 0 0 0 0 0 3 0 0 0 0 10 70 28 50 0 0 0 0 0 0 0 0 0 0 0 11 25 9 0 7 3 231 37 11 8 6 0 0 5 5 0 0 0 0 2 48 96 132 170 108 86 42 30 30 49 244 597 544 277 79 0 148 51 25 4 222 1975 912 79 359 921 644 115 1687 639 548 416 403 944 431 26 127 32 78 9 1 6 5 33 19 5 21 13 6 1 20 130 140 7 7 1 8 0 0 0 2 3 0 2 0 0 0 1 0 0 0 2 3 1 0 0 0 0 0 0 0
0 0 0 1 0 0 0 1 0 5 2 0 0 3 0 1 0 1 0 0 0 2 2 0 0 0 0 0 0 0 4 0 0 0 0 16 2 1 5 0 0 0 0 0 0 0 0 0 0 4 3 3 5 2 0 29 6 0 38 48 6 1 0 0 8 1 0 0 11 69 73 103 161 393 331 107 321 127 288 456 821 757 962 485 144 9 4 289 59 69 1336 1179 33 476 967 512 366 462 660 93 16 328 131 110 10 35 72 5 7 6 31 151 173 20 35 14 1 0 17 25 49 132 8 8 0 3 4 4 0 0 3 0 0 0 0 0 0 6 0 0 0 0 0 0 0 0 0 0 0 0
0 0 0 1 0 0 0 0 0 2 0 0 0 0 0 0 0 0 0 0 0 0 0 0 0 0 0 0 0 6 8 0 0 0 4 4 0 0 14 6 0 0 0 0 0 0 0 0 0 0 0 0 4 15 4 3 0 16 67 63 61 23 46 3 13 19 0 0 6 45 0 6 43 50 53 31 97 153 663 797 913 535 758 201 235 234 177 528 243 67 484 122 42 425 357 400 263 772 905 226 187 410 390 475 194 148 16 58 122 42 292 430 45 53 20 54 4 0 5 3 26 5 5 2 6 3 43 3 6 0 0 0 0 0 0 0 0 0 0 0 0 0 0 0 0 0 0 0 0 0
12 0 0 0 0 0 2 0 6 4 0 1 0 1 27 0 0 0 0 0 0 0 0 0 0 0 0 0 0 0 1 0 0 0 1 0 0 1 0 0 0 0 0 0 0 0 0 0 0 0 0 0 1 6 1 0 1 24 12 33 305 210 29 10 75 50 11 2 0 35 1 0 0 6 1 14 18 49 50 521 782 909 635 15 1 5 515 229 396 36 7 4 380 1071 1432 1426 99 436 343 100 251 127 73 382 710 142 211 197 65 45 780 150 179 7 32 3 0 9 10 8 10 2 18 8 16 0 1 5 0 0 8 0 0 0 0 0 0 0 0 0 0 0 0 0 0 0 0 0 0 0
0 0 0 0 0 0 0 1 9 2 0 0 0 0 0 0 0 0 1 0 0 0 0 0 0 0 1 0 0 0 0 0 0 0 0 0 0 0 2 0 0 0 0 0 0 0 4 0 5 5 16 0 5 8 0 0 0 4 2 14 42 140 36 19 3 7 7 5 1 3 0 0 0 0 0 32 9 31 389 633 1111 697 676 288 1073 825 335 100 131 204 62 18 9 671 1102 1697 742 86 184 24 56 87 22 11 95 408 281 211 48 25 425 491 292 19 16 229 437 675 226 27 13 6 23 68 18 11 14 0 5 17 437 11 0 0 1 0 0 0 0 0 0 0 0 0 0 0 1 0 0 3
0 1 6 0 0 0 1 0 11 4 1 4 0 0 0 8 0 3 0 0 0 0 0 0 0 2 0 0 0 0 0 1 0 0 0 3 0 0 0 0 1 7 1 2 0 0 10 7 59 13 9 4 2 1 0 0 1 7 15 13 0 130 9 8 0 1 2 0 0 6 0 0 0 0 0 0 3 32 92 267 347 321 649 225 251 320 179 318 417 234 26 0 3 177 381 826 994 53 13 75 28 16 5 16 81 307 693 423 161 157 477 131 203 19 3 132 304 674 416 208 378 223 278 173 164 417 127 57 66 44 8 87 22 49 23 0 0 0 0 0 0 0 0 0 0 0 0 0 0 0
5 0 3 0 0 0 0 0 23 0 0 0 0 0 0 0 5 11 2 0 0 0 0 0 0 0 0 0 0 0 0 0 0 1 2 0 0 0 1 0 3 13 8 3 10 0 1 0 0 1 0 0 2 2 1 0 2 1 0 8 4 3 0 1 2 2 0 1 1 0 3 1 0 0 0 2 94 13 60 237 475 128 20 38 156 117 28 23 93 588 56 0 0 2 4 137 1020 391 339 15 0 10 11 29 17 75 353 264 33 56 217 150 66 105 23 242 683 223 574 841 325 358 168 95 122 157 0 0 0 53 3 0 77 33 34 0 0 0 0 0 0 0 0 0 0 0 0 1 0 0
1 0 0 0 0 0 2 1 5 3 0 0 0 0 0 0 0 15 5 16 6 1 0 1 0 0 0 0 0 0 2 0 1 0 0 1 0 1 0 0 0 1 73 3 26 0 1 16 0 0 0 0 8 2 7 0 0 0 3 2 1 3 0 0 0 2 5 1 0 3 23 0 0 0 0 29 149 37 311 27 135 254 15 1 14 6 5 0 0 1 0 0 6 46 61 14 690 414 631 459 8 4 46 10 13 2 12 114 326 285 888 595 93 763 281 13 22 98 1617 1325 113 250 105 0 94 112 2 0 37 20 0 0 55 25 1 1 0 0 0 0 0 0 0 0 0 0 0 0 0 0
0 0 0 0 0 0 2 0 0 1 0 0 0 0 0 0 0 1 67 14 15 5 0 0 0 0 0 0 0 2 22 2 0 0 0 3 0 0 0 0 0 1 0 66 51 0 0 0 1 0 5 28 0 0 0 0 0 0 8 0 11 6 2 4 2 0 42 9 15 12 60 0 0 1 1 268 663 327 170 13 43 323 29 5 19 176 6 2 0 16 7 1 0 97 16 23 86 541 167 268 1 10 380 120 477 118 96 431 183 634 1104 1385 779 359 274 245 155 165 795 535 111 79 0 3 0 7 36 0 18 0 0 0 0 3 0 11 0 0 0 0 0 0 0 0 0 0 0 0 0 0
0 0 0 0 0 0 2 2 11 1 0 0 0 0 0 0 0 0 4 4 6 0 0 0 8 0 0 0 0 1 0 0 0 0 0 0 0 0 0 0 0 0 0 15 19 0 0 1 1 12 4 39 17 0 1 0 7 4 8 9 77 17 12 5 8 6 161 93 160 133 33 4 0 0 53 638 1021 1049 376 9 2 178 44 0 6 16 8 12 0 29 15 12 0 1 0 1 41 292 222 328 14 47 451 539 1764 1095 1337 908 1029 982 1016 647 567 635 382 113 145 86 69 71 133 102 20 13 0 7 27 6 13 11 0 0 0 0 0 0 0 0 0 0 0 0 0 0 0 0 0 0 0 0
0 0 0 0 0 0 0 32 13 0 0 0 0 0 0 2 0 0 3 5 0 10 17 1 0 0 0 0 1 1 0 0 0 0 0 0 0 0 0 0 0 4 0 0 0 17 0 0 0 46 66 92 2 1 2 7 31 67 8 69 24 21 3 37 32 52 96 71 55 155 175 53 96 125 575 878 1560 803 94 4 5 1 0 0 0 0 11 263 9 56 2 10 2 0 2 22 23 20 40 31 22 2 1411 783 486 716 798 256 644 895 996 678 662 260 302 183 37 71 99 79 36 3 118 358 67 73 12 1 3 2 0 0 0 0 34 1 0 0 0 0 0 0 0 0 0 0 0 0 0 0
0 0 0 0 0 0 0 3 2 0 0 0 0 1 0 2 12 6 3 0 5 0 9 27 16 11 1 0 0 1 0 0 0 0 0 0 0 0 0 0 2 0 0 1 0 7 4 8 0 31 9 1 3 26 7 30 60 132 69 29 4 6 1 0 0 2 1 0 0 0 0 0 53 70 301 264 419 242 89 0 0 1 0 0 0 0 0 19 46 8 0 0 11 0 1 7 23 0 6 80 18 246 932 763 491 218 361 196 445 692 556 298 592 211 232 108 51 69 127 12 0 0 32 37 35 267 5 23 0 0 0 0 0 0 0 0 0 0 0 0 0 0 0 0 0 0 0 0 0 0
0 0 0 6 0 1 0 2 0 0 0 4 3 0 0 11 0 0 1 3 2 0 5 1 10 0 3 38 0 9 0 0 0 0 1 0 1 0 0 0 0 0 5 0 0 34 47 28 4 38 55 30 5 51 26 26 32 65 460 14 8 4 0 0 0 4 27 43 5 28 48 3 101 12 22 82 35 154 39 7 2 0 1 0 0 0 0 4 72 0 0 21 76 64 4 0 1 0 37 587 165 192 143 118 153 407 157 196 407 322 118 121 51 153 150 17 70 102 15 6 0 0 11 7 169 625 183 9 1 0 0 0 0 0 0 0 0 0 0 0 0 0 0 0 0 0 0 0 0 0
0 0 0 2 1 4 0 0 0 0 0 0 1 0 0 0 0 0 0 0 0 5 2 0 3 2 68 71 18 0 0 0 0 0 2 18 3 0 0 0 1 0 0 10 18 23 5 20 20 445 89 22 20 18 14 27 205 70 49 23 68 16 5 0 0 0 4 3 1 14 67 16 36 4 0 71 126 42 3 9 15 0 8 17 0 21 7 7 0 0 1 35 50 234 26 0 0 29 249 35 119 213 56 17 59 68 133 305 447 1 0 68 8 501 64 0 3 0 0 0 0 0 7 2 45 205 132 232 3 6 0 0 0 0 0 0 0 0 0 0 0 0 0 0 0 0 0 0 0 0
0 0 0 0 0 0 0 0 0 0 0 1 0 1 2 0 0 0 0 7 0 6 46 0 0 2 5 66 185 10 0 1 0 0 4 0 0 0 0 0 0 2 6 38 9 121 75 16 3 125 38 8 0 2 72 2 63 48 2 0 3 12 1 0 0 6 1 0 9 12 35 32 4 0 0 26 15 0 0 0 3 0 0 0 0 15 16 1 12 6 0 17 13 1 0 11 0 4 12 2 880 1167 711 119 42 136 119 425 189 7 0 0 0 202 74 0 0 0 0 0 0 0 0 4 5 2 12 124 8 0 0 0 0 0 0 0 0 0 0 0 0 0 0 0 0 0 0 0 0 0
0 0 0 0 1 0 0 0 0 0 0 0 0 2 0 0 0 2 1 3 0 9 8 3 0 14 8 2 1 3 0 14 6 0 1 0 0 0 0 3 11 9 12 12 8 27 5 28 60 262 234 59 19 24 30 13 8 2 3 0 0 4 13 13 122 66 4 0 5 13 69 41 1 0 10 95 210 86 8 21 8 7 4 14 1 0 3 3 15 0 7 1 0 1 3 0 2 2 355 471 1583 1007 562 111 3 29 84 148 2 0 0 0 0 9 0 0 0 0 0 0 0 0 3 6 0 0 11 41 0 0 0 0 0 0 0 0 0 0 0 0 0 0 0 0 0 0 0 0 0 0
0 0 0 0 0 0 0 0 0 0 0 0 0 7 1 2 0 0 0 0 0 1 11 3 1 10 0 0 0 0 26 54 16 0 0 0 0 13 0 0 39 12 0 0 2 0 4 12 233 748 236 183 27 12 0 1 4 3 0 0 3 4 0 0 7 29 29 2 4 45 21 16 16 0 3 9 108 55 44 114 16 22 6 43 15 2 5 8 179 55 12 1 3 3 3 12 9 0 105 448 174 39 25 2 3 0 87 46 4 0 0 0 4 80 0 0 0 0 0 0 0 0 0 0 0 65 34 2 1 6 5 0 0 0 0 0 0 0 0 0 0 0 0 0 0 0 0 0 0 0
0 1 0 0 0 0 0 0 0 0 0 0 0 3 0 0 0 2 0 0 0 1 8 4 9 0 0 0 0 0 0 13 41 2 0 0 17 89 3 10 1 0 0 0 0 0 12 4 9 442 262 109 3 0 0 0 0 5 4 0 0 0 0 0 8 1 20 1 0 2 9 26 27 8 0 1 6 3 12 20 0 25 14 0 0 8 3 0 0 1 0 4 5 7 0 0 7 0 1 0 6 0 12 67 55 43 27 65 103 99 47 6 43 0 0 0 0 0 0 0 0 0 0 8 37 51 88 1 0 0 0 0 0 0 0 0 0 0 0 0 0 0 0 0 0 0 0 0 0 0
0 0 0 0 0 0 0 0 0 0 0 0 0 1 1 1 3 0 0 1 4 0 1 2 0 1 0 0 0 2 0 3 8 5 6 6 2 17 6 0 0 0 0 0 10 77 20 42 12 114 110 18 0 3 4 1 12 11 3 0 0 0 0 2 0 0 0 1 0 0 0 2 106 56 8 7 0 0 0 0 0 2 79 180 13 1 0 3 0 0 0 0 0 2 0 0 0 0 5 3 0 0 7 61 17 31 11 0 11 11 8 338 21 0 0 0 0 0 0 0 0 0 1 12 13 7 34 106 0 0 0 0 0 0 0 0 0 0 0 0 0 0 0 0 0 0 0 0 0 0
0 0 0 0 0 0 0 0 0 0 0 0 0 5 1 0 0 1 0 0 1 0 0 0 0 6 0 0 0 0 0 4 16 5 11 0 0 63 0 0 0 0 0 20 28 32 49 0 7 18 62 29 10 11 22 3 1 1 1 1 0 0 0 0 2 0 0 16 12 2 0 4 15 4 39 9 0 0 0 0 0 9 9 70 13 5 1 0 1 6 4 3 2 0 0 1 5 0 0 12 6 4 4 78 425 0 0 0 0 0 0 21 2 0 0 0 0 0 2 0 0 0 0 0 0 16 24 7 0 0 1 0 0 0 0 0 2 0 0 0 0 0 0 0 0 0 0 0 0 0
0 0 0 0 0 0 0 0 0 0 0 0 0 0 7 0 8 0 1 0 0 3 4 3 0 0 0 7 0 0 0 0 4 24 25 7 0 14 0 0 0 0 0 7 86 6 3 2 2 12 41 4 0 1 3 0 3 0 0 0 1 0 0 0 2 1 0 1 3 3 2 42 0 2 0 2 6 0 0 0 3 0 0 1 0 22 3 4 1 8 0 0 2 0 4 0 0 9 0 9 5 6 5 113 183 192 0 0 0 0 2 15 5 1 5 2 0 0 0 0 1 0 0 0 0 36 7 49 0 0 0 0 0 0 0 0 3 45 0 0 0 0 0 0 0 0 0 0 0 0
0 0 0 0 0 0 0 0 0 0 1 0 0 0 6 0 0 5 0 0 1 5 1 1 0 0 0 2 2 3 0 3 1 7 11 3 0 0 0 1 0 1 1 9 58 13 3 1 0 2 20 23 1 0 0 0 0 2 0 0 0 0 0 0 14 0 0 3 3 3 5 12 0 0 2 3 29 1 0 0 0 0 14 4 1 1 3 7 2 1 1 1 0 0 1 6 0 0 0 2 12 5 1 3 16 261 64 1 0 0 0 0 0 2 25 7 0 0 1 0 0 0 0 0 6 202 10 9 0 3 0 0 0 0 0 0 4 9 0 0 0 0 0 0 0 0 0 1 0 0
0 0 0 0 0 0 0 0 0 0 0 0 0 0 0 2 10 14 5 0 2 10 6 1 0 0 0 0 1 4 6 0 0 28 3 0 0 24 4 8 27 44 11 97 134 3 7 2 2 0 1 34 18 8 1 4 0 0 0 0 0 1 2 0 1 0 0 0 13 30 68 16 2 1 0 0 0 4 3 0 0 0 0 0 0 0 3 7 6 3 5 0 2 4 0 0 0 1 0 0 0 5 18 5 16 814 594 27 1 0 0 0 0 0 1 0 1 124 43 1 0 0 0 28 115 12 49 113 123 17 0 0 0 0 0 2 7 0 0 0 0 0 0 0 0 0 0 0 0 0
0 0 0 0 0 0 0 2 0 2 1 5 13 20 7 6 16 68 1 7 1 2 2 0 0 0 0 4 9 2 2 0 3 1 6 15 1 42 70 111 211 605 242 259 90 7 0 0 6 0 1 14 45 10 0 0 0 0 0 0 0 0 0 0 0 0 0 0 0 2 12 13 16 0 24 8 1 18 0 0 0 2 4 0 3 0 0 0 8 11 4 0 0 1 15 29 4 0 0 0 1 0 20 16 203 364 237 379 6 0 0 0 0 0 0 1 142 50 21 0 0 0 11 214 243 230 750 574 25 15 0 0 0 11 0 16 0 0 0 0 0 0 0 0 0 0 0 0 0 0
0 0 0 0 0 0 0 0 4 9 11 44 40 0 0 0 2 7 2 5 5 8 7 25 4 3 1 2 0 4 2 0 2 2 26 13 2 3 52 257 530 886 577 628 39 2 3 11 4 0 6 2 36 55 17 7 0 0 0 0 0 0 0 0 0 0 0 0 0 0 0 4 0 0 0 0 0 3 9 0 0 0 0 0 11 0 0 0 0 2 0 0 7 12 5 34 0 2 0 1 0 5 14 11 10 66 3 78 9 0 0 0 2 0 29 38 682 301 50 48 2 20 3 95 94 46 463 488 504 185 21 43 17 102 1 1 0 0 0 0 0 0 0 0 0 0 0 0 0 0
0 0 0 0 0 0 2 1 2 2 3 2 1 0 12 3 0 4 20 9 0 10 108 22 0 0 0 2 0 0 3 10 0 0 6 24 42 28 59 65 525 345 460 156 33 13 3 3 3 5 2 2 10 17 2 6 0 0 0 0 0 0 0 0 0 0 0 0 1 0 1 0 0 0 0 6 5 2 1 0 0 13 9 2 39 0 0 0 5 15 2 1 5 12 2 1 4 3 4 2 3 0 1 7 4 1 0 1 30 0 1 2 2 0 37 792 510 385 114 161 143 73 90 5 1 24 317 303 0 98 9 251 436 52 37 1 0 0 0 0 0 0 0 0 0 0 0 0 0 0
0 0 0 0 0 0 1 3 0 5 5 8 6 4 1 2 2 1 29 9 244 63 4 2 0 0 0 0 3 12 1 1 4 29 14 0 0 2 0 74 509 329 313 188 55 14 11 0 1 19 0 4 12 6 4 3 1 0 0 0 0 0 0 0 0 0 0 0 0 1 0 0 0 0 0 0 0 2 15 0 16 11 25 115 30 1 0 0 0 0 0 1 1 2 1 0 4 3 0 1 4 0 0 5 3 3 2 14 173 150 272 430 115 118 414 748 462 352 59 456 165 134 6 0 98 172 63 129 3 0 106 300 225 52 72 2 0 0 0 0 0 0 0 0 0 0 0 0 0 0
0 0 0 0 0 0 0 3 1 1 0 2 7 5 0 5 0 4 2 15 68 1 0 0 0 0 0 1 1 12 4 11 4 1 4 2 1 4 6 5 32 88 42 17 4 0 2 0 0 0 2 5 37 13 3 2 1 2 0 0 0 0 0 0 0 0 0 0 0 0 1 0 0 0 0 30 0 18 13 0 4 4 9 4 0 0 0 0 3 3 4 3 0 4 7 1 3 0 0 0 5 2 0 0 0 3 12 7 170 61 147 90 18 229 1487 542 170 277 98 398 96 8 0 59 2 105 83 0 0 0 58 405 0 0 1 0 0 0 0 0 0 0 0 0 0 0 0 0 0 0
0 0 0 0 0 10 11 10 2 1 0 0 0 19 17 3 8 4 17 7 20 0 0 0 0 0 0 1 0 6 35 7 5 1 11 0 0 1 5 6 25 19 3 1 1 0 0 0 0 3 0 9 355 11 9 15 19 6 1 0 0 0 0 0 0 0 0 0 0 0 0 0 0 0 0 0 0 0 5 2 0 0 2 0 0 0 0 0 1 0 0 0 1 25 2 1 10 0 0 0 0 0 0 0 0 0 6 45 25 1 0 19 241 151 221 550 97 227 64 116 315 0 0 0 0 0 0 0 0 0 1 106 26 0 0 0 0 0 0 0 0 0 0 0 0 0 0 0 0 0
0 0 0 1 1 1 3 0 4 4 1 0 2 10 2 7 25 12 4 0 4 4 4 1 0 0 1 27 13 9 30 23 7 0 0 6 0 9 5 5 11 16 4 2 6 0 4 0 0 0 2 12 170 68 2 40 0 1 0 0 0 0 0 0 0 0 0 0 0 0 0 0 0 0 0 0 9 7 19 0 1 0 0 0 0 0 0 0 8 0 23 4 20 43 5 9 0 0 0 1 3 0 0 1 0 0 1 58 598 16 0 0 3 0 0 0 1 21 299 595 67 1 0 0 0 0 0 0 0 0 0 0 63 0 0 0 0 0 0 0 0 0 0 0 0 0 0 0 0 0
2 1 8 1 7 0 9 43 5 6 9 8 2 0 0 102 66 18 5 19 0 0 2 3 4 4 3 9 2 8 19 5 8 0 0 0 0 0 1 2 15 5 3 1 2 0 0 0 0 0 0 33 9 19 19 5 5 0 0 0 0 0 0 0 0 0 0 0 0 0 0 0 0 0 0 0 2 29 0 0 0 0 0 0 0 0 0 2 35 1 4 0 1 18 1 0 0 0 1 2 0 0 3 2 4 8 35 20 162 0 0 0 0 1 13 0 0 1 81 301 328 343 2 0 0 47 0 0 0 75 127 16 54 8 0 0 0 0 0 0 0 0 0 0 0 0 0 0 0 0
2 2 0 0 0 3 6 0 0 4 39 15 1 0 10 40 29 23 8 0 1 0 2 6 1 12 3 0 2 31 0 0 0 5 2 0 0 0 0 11 2 8 4 2 2 2 2 0 0 0 7 27 18 27 32 12 1 0 0 0 0 0 0 0 0 0 0 0 0 0 0 0 0 2 0 0 0 37 82 12 0 2 0 0 0 0 0 53 10 1 2 0 2 1 0 2 0 0 1 8 37 10 10 5 2 4 12 13 65 2 0 0 0 16 40 48 156 410 58 224 529 162 0 4 355 68 0 0 0 92 155 0 0 0 0 0 0 0 0 0 0 0 0 0 0 0 0 0 0 0
0 0 2 2 0 0 1 1 6 3 7 88 27 1 0 1 4 10 1 0 1 0 3 2 3 0 2 0 13 5 2 3 0 0 0 0 0 3 2 0 0 15 23 7 9 0 5 1 0 0 1 56 20 3 2 5 0 0 9 0 0 0 0 0 0 0 0 0 0 0 0 0 0 0 0 4 0 9 33 3 7 3 0 0 0 0 6 13 0 0 2 0 5 2 0 0 0 0 1 0 0 1 6 10 4 0 7 27 24 25 0 0 0 0 118 549 787 501 51 40 81 112 107 294 141 0 1 0 6 346 115 0 0 0 0 0 0 0 0 0 0 0 0 0 0 0 0 0 0 0
0 0 2 0 0 1 4 2 1 0 4 22 0 0 0 0 0 0 2 8 0 0 0 9 0 5 0 1 1 0 0 0 0 0 0 0 0 0 14 0 0 3 1 0 5 1 0 0 0 0 2 90 1 10 9 0 0 0 0 2 1 0 0 0 0 0 0 0 0 0 0 0 0 0 0 0 4 2 87 22 16 17 19 0 0 3 3 0 7 0 0 0 18 13 0 0 0 0 0 3 1 20 2 7 6 5 5 4 18 5 0 4 27 17 30 20 3 75 380 340 39 281 433 465 421 245 49 147 554 1342 555 2 0 0 0 0 0 0 0 0 0 0 0 0 0 0 0 0 0 0
0 1 1 0 0 3 4 4 0 16 38 7 0 1 1 7 0 2 1 0 0 0 0 0 0 14 12 0 0 0 1 0 6 0 0 0 0 0 2 9 6 0 1 1 0 0 11 0 9 6 13 368 45 6 1 8 0 3 1 1 0 0 0 2 0 0 0 0 0 0 0 0 0 0 0 0 3 24 62 0 5 39 20 0 0 0 0 0 2 0 1 8 7 12 3 10 16 3 0 0 8 0 1 6 25 4 0 0 96 33 4 5 8 2 1 55 4 217 245 453 396 734 917 587 1338 843 627 631 767 704 477 3 0 0 0 0 0 0 0 0 0 0 0 0 0 0 0 0 0 0
0 4 0 0 4 2 0 4 901 3 1 2 1 0 10 18 3 2 1 2 0 0 0 0 0 5 3 1 2 0 1 2 4 5 7 5 2 2 2 0 5 0 3 0 1 2 1 0 8 20 647 630 3 72 16 4 2 2 6 5 1 0 0 0 0 0 0 0 0 0 0 0 0 0 0 1 1 0 7 1 0 0 0 0 0 0 0 0 6 1 0 1 6 0 0 2 0 0 1 7 11 4 7 0 34 16 28 37 2 10 4 0 30 9 13 8 25 56 418 1437 1523 717 294 1326 1363 660 169 637 621 56 38 6 0 0 0 0 0 0 0 0 0 0 0 0 0 0 0 0 0 0
0 1 0 1 1 1 0 2 20 1 0 6 3 11 0 1 4 5 0 0 0 0 0 0 9 0 0 0 0 0 0 29 35 3 0 3 1 0 0 2 0 0 0 0 0 2 0 0 4 27 555 730 653 729 49 25 9 3 6 17 0 0 0 0 0 0 0 0 0 0 0 0 0 0 1 0 0 0 0 20 0 1 5 0 0 0 0 15 92 0 0 24 13 0 0 0 0 0 0 2 11 1 12 3 3 119 365 20 0 0 2 11 0 8 2 12 18 13 85 615 383 433 300 2889 1454 455 303 195 14 547 785 624 0 0 0 0 0 0 0 0 0 0 0 0 0 0 0 0 0 0
4 1 3 15 1 1 16 11 9 4 12 55 1 0 0 0 0 0 0 0 0 0 0 1 1 0 1 0 0 0 0 5 11 10 0 5 3 4 0 0 0 0 0 1 0 0 1 0 0 2 199 349 574 521 44 33 0 0 7 0 4 0 0 0 0 0 0 0 0 0 0 0 0 0 0 0 0 0 0 27 0 4 2 0 0 0 0 14 43 1 2 28 156 0 0 0 0 0 0 4 5 44 6 12 9 16 2 13 0 0 0 0 2 7 1 8 2 4 6 35 217 272 331 678 855 865 437 433 271 601 429 238 0 0 0 0 0 0 0 0 0 0 0 0 0 0 0 0 0 0
9 3 4 6 3 13 10 4 7 1 1 1 3 0 0 0 0 0 0 0 0 0 2 0 0 0 0 0 1 0 1 0 0 0 0 0 0 1 0 0 0 0 0 0 0 1 3 3 0 5 49 135 329 23 28 15 4 1 2 3 2 0 0 0 0 0 0 0 0 0 0 0 0 0 0 0 0 0 2 0 2 3 0 0 0 2 28 61 6 5 5 181 173 41 7 0 0 0 0 15 18 3 41 236 24 0 1 3 23 1 0 0 4 2 1 7 4 20 23 8 167 747 379 351 218 675 798 1428 282 258 54 57 0 0 0 0 0 0 0 0 0 0 0 0 0 0 0 0 0 0
0 10 18 0 10 0 13 30 13 8 5 6 2 3 0 0 0 0 0 0 0 0 0 0 0 0 0 0 4 0 0 0 0 0 0 0 0 1 0 0 0 0 0 0 0 0 0 1 1 2 0 9 103 17 20 0 0 47 71 7 0 0 10 0 0 0 0 0 0 0 0 0 0 0 0 0 0 0 0 0 0 1 17 18 11 16 6 1 11 43 145 219 179 3 17 1 0 0 131 29 49 409 239 366 326 31 4 1 8 8 0 0 0 3 3 11 3 33 32 428 274 676 2258 1458 582 274 2027 1962 1328 0 0 0 0 0 0 0 0 0 0 0 0 0 0 0 0 0 0 0 0 0
1 6 20 0 7 5 3 31 3 6 1 1 15 0 0 0 0 0 0 0 0 0 4 0 0 0 0 0 9 0 0 0 2 4 0 1 0 0 1 0 5 3 0 0 0 0 0 0 1 2 0 8 87 1 4 0 0 12 81 4 5 1 0 0 0 0 0 0 0 0 0 0 0 0 0 0 0 0 0 0 0 0 7 2 1 5 1 10 10 34 104 96 138 6 30 4 0 0 0 11 163 261 371 210 202 35 1 1 4 7 9 0 0 0 6 1 15 617 248 703 497 7 11 168 142 303 289 909 425 1 401 2 0 0 0 0 0 0 0 0 0 0 0 0 0 0 0 0 0 0
6 5 124 8 56 129 37 13 0 11 0 1 6 2 0 4 0 0 0 1 0 0 2 0 0 0 0 1 0 0 0 0 1 0 0 0 0 0 0 0 4 1 5 0 0 1 0 0 0 0 0 5 15 0 0 0 0 2 3 27 4 0 0 0 0 0 0 0 0 0 0 0 0 0 0 0 0 0 0 0 24 52 0 0 19 2 95 7 0 1 0 6 6 1 0 0 0 0 0 15 11 101 843 339 106 219 14 7 4 0 25 0 0 0 0 13 225 382 169 30 0 0 0 0 72 368 161 798 508 8 8 13 0 0 0 0 0 0 0 0 0 0 0 0 0 0 0 0 0 0
7 36 120 138 432 495 188 45 7 0 0 0 0 0 16 0 0 0 0 0 2 9 0 2 0 0 0 0 0 0 1 0 0 0 0 0 0 0 3 0 0 0 0 8 0 8 0 17 0 1 0 18 38 1 0 0 3 0 16 1 1 4 0 0 0 0 0 0 0 0 0 0 0 0 0 0 0 0 6 22 7 0 0 0 8 2 22 206 105 2 0 0 0 0 0 0 0 0 0 0 0 224 588 181 130 156 7 0 4 8 1 3 0 0 3 55 161 21 4 32 0 0 0 0 12 433 384 691 359 7 99 1 0 0 0 0 0 0 0 0 0 0 0 0 0 0 0 0 0 0
3 135 409 900 535 423 223 31 1 0 0 0 3 0 0 1 0 1 0 1 0 6 0 0 3 0 0 1 0 0 0 0 0 0 0 0 0 0 3 0 1 1 5 1 5 0 0 13 44 2 0 0 15 0 0 1 1 3 1 0 0 18 0 0 0 0 0 0 0 0 0 0 0 0 0 0 0 13 0 0 0 0 0 0 0 0 35 43 0 0 2 2 0 0 0 0 0 0 0 0 5 76 11 6 87 68 0 0 2 2 6 10 7 5 14 2 4 17 7 53 31 77 11 0 18 117 114 306 28 1 0 0 0 0 0 0 0 0 0 0 0 0 0 0 0 0 0 0 0 0
0 40 276 257 184 150 26 10 0 0 0 5 0 0 0 0 0 1 1 5 2 7 0 5 0 1 0 0 0 1 0 0 0 0 0 0 0 1 0 0 0 0 1 0 0 0 0 1 5 7 0 1 0 2 0 3 0 0 0 0 0 0 0 0 0 0 0 0 0 0 0 0 0 0 0 0 1 1 0 0 0 0 0 0 0 0 62 9 1 26 20 3 0 0 10 11 0 0 0 448 880 152 276 106 7 96 18 1 2 1 1 5 6 2 1 0 0 0 20 64 142 39 146 368 57 19 0 0 1 0 0 0 0 0 0 0 0 0 0 0 0 0 0 0 0 0 0 0 0 0
13 29 36 63 42 24 1 0 0 0 12 0 1 0 0 0 0 0 0 0 1 46 0 1 0 0 0 0 1 0 0 0 0 0 0 0 0 0 0 0 0 0 0 0 1 16 0 0 0 0 0 0 0 0 0 15 0 0 0 0 0 0 0 0 0 0 0 0 0 0 0 0 0 0 0 0 7 10 0 0 0 0 0 1 0 0 15 1 0 21 21 0 0 0 62 76 129 15 266 1892 437 588 148 45 0 7 26 103 0 1 11 0 0 0 0 0 1 0 29 45 118 22 23 35 6 57 22 17 81 76 9 0 0 0 0 1 0 0 0 0 0 0 0 0 0 0 0 0 0 0
74 14 16 18 0 0 1 4 0 0 0 0 0 0 0 0 0 0 0 0 5 2 1 1 0 0 0 0 0 1 1 0 0 5 13 0 0 0 0 0 0 0 0 0 3 8 3 2 2 0 1 0 2 5 64 8 7 0 0 0 0 0 0 0 0 0 0 0 0 0 0 0 0 0 16 10 0 0 0 0 0 0 0 0 0 0 17 1 0 0 124 14 7 5 172 344 51 7 203 182 23 13 22 3 14 1 0 121 498 139 0 0 0 0 4 0 0 2 1 0 44 3 1 4 14 83 40 73 401 135 43 0 0 0 0 0 0 0 0 0 0 0 0 0 0 0 0 0 0 0
17 3 4 1 0 0 3 0 0 0 0 0 0 0 0 0 0 0 0 0 0 0 0 0 0 0 0 1 0 0 3 48 2 0 0 0 0 0 0 0 0 0 0 0 2 0 0 0 0 0 0 7 3 2 12 0 0 0 0 0 0 0 0 0 0 0 0 0 0 0 0 0 0 0 12 17 1 0 0 0 0 0 0 0 0 0 41 52 186 60 96 14 15 17 4 58 9 3 0 2 16 2 1 0 3 1 155 325 134 17 2 0 0 0 0 0 0 13 0 0 3 20 4 27 16 169 66 188 69 233 24 0 1 0 0 0 0 0 0 0 0 0 0 0 0 0 0 0 0 0
3 0 0 1 0 0 0 0 0 0 0 0 0 0 0 0 0 0 0 0 0 0 0 0 0 0 0 0 5 0 1 0 2 0 0 1 0 0 0 0 0 0 0 0 0 1 1 0 0 0 0 1 1 40 17 1 0 0 0 0 0 0 0 0 0 0 0 0 0 0 0 2 3 1 0 0 0 0 0 0 0 0 0 0 0 0 0 17 135 10 0 0 0 1 1 32 0 2 3 0 1 6 0 6 0 217 613 352 243 71 0 0 0 0 0 0 0 0 52 7 0 31 1 12 3 8 55 25 4 22 1 5 0 0 0 0 0 0 0 0 0 0 0 0 0 0 0 0 0 0
2 0 0 1 0 0 0 0 0 0 0 0 0 0 0 0 0 0 0 1 0 0 0 7 0 0 0 2 0 0 0 0 0 0 0 0 0 0 0 0 0 0 0 0 0 4 0 0 0 1 3 1 4 81 6 1 0 0 0 0 0 0 0 0 0 0 0 0 0 0 0 3 10 0 0 0 0 0 0 0 0 0 0 0 0 0 0 0 0 0 0 0 2 14 0 0 3 0 10 8 4 6 1 2 45 177 55 6 39 149 0 0 0 0 0 0 0 0 7 6 1 17 3 59 107 22 165 47 34 51 9 0 0 0 0 0 0 0 0 0 0 0 0 0 0 0 0 0 0 0
0 0 0 0 3 46 1 0 0 0 0 0 0 0 0 0 0 0 0 0 0 0 0 0 0 0 1 0 1 0 0 0 0 0 0 1 0 0 0 1 0 0 0 1 1 0 0 0 0 0 2 0 3 1 7 1 5 0 0 0 0 0 0 0 0 0 0 3 1 5 0 0 0 0 0 0 0 0 0 0 0 0 0 0 0 0 0 0 10 0 0 27 121 4 0 0 2 0 1 2 3 5 22 19 55 6 0 6 3 5 1 0 0 0 0 0 0 0 0 0 1 10 5 32 0 0 0 166 1 17 0 0 0 0 0 0 0 0 0 0 0 0 0 0 0 0 0 0 0 0
0 0 0 0 53 26 1 0 0 0 0 0 0 0 3 0 0 3 0 0 0 0 0 0 0 0 0 0 1 0 7 0 0 0 0 0 0 0 0 1 0 0 0 1 0 0 0 0 0 2 0 0 0 4 3 4 0 0 0 0 0 0 0 0 0 0 0 0 6 4 0 0 0 2 0 0 0 0 0 0 0 0 0 0 0 0 0 0 48 68 144 381 112 29 0 0 0 0 0 42 22 472 329 71 3 4 8 0 0 4 5 0 0 0 0 0 0 0 0 0 0 0 0 0 0 0 35 27 0 0 0 0 0 0 0 0 0 0 0 0 0 0 0 0 0 0 0 0 0 0
0 0 0 0 1 6 2 0 0 0 0 0 0 3 0 0 0 0 12 0 0 0 0 0 0 0 0 0 0 30 0 0 0 0 0 1 0 0 0 0 0 0 0 0 1 6 0 0 0 5 0 0 0 3 0 1 0 0 0 0 0 0 0 0 0 0 0 0 4 1 0 0 0 0 0 0 0 0 0 0 0 0 0 0 0 0 1 0 25 94 241 218 92 41 2 1 3 1 2 53 116 111 71 12 1 0 1 0 0 1 0 0 0 0 0 0 0 0 0 0 2 83 80 0 0 2 5 0 0 0 0 0 0 0 0 0 0 0 0 0 0 0 0 0 0 0 0 0 0 0
0 0 0 1 1 3 1 0 0 0 0 0 13 14 0 2 0 0 0 0 0 0 0 0 0 2 4 0 0 23 0 0 0 0 1 2 0 0 0 0 0 0 0 4 0 6 6 0 0 1 0 0 2 17 5 4 0 0 0 0 0 0 0 0 0 0 1 4 54 0 0 0 0 0 0 0 0 0 0 0 0 0 0 0 5 13 24 3 2 13 0 2 40 1 17 0 0 12 1 16 39 0 0 1 0 0 0 0 1 19 18 29 3 0 0 0 0 0 0 0 0 0 0 0 0 0 0 2 0 0 0 0 0 0 0 0 0 0 0 0 0 0 0 0 0 0 0 0 0 0
0 0 0 0 3 1 7 0 0 1 0 0 8 1 1 0 1 0 0 0 0 0 0 0 0 0 0 0 0 0 0 0 0 0 0 2 0 0 0 0 0 0 0 0 0 0 0 3 0 0 7 0 0 4 1 3 1 0 0 0 0 0 0 0 0 0 5 34 18 0 0 0 0 0 0 0 0 0 0 0 0 0 0 0 61 3 0 14 11 18 4 2 13 1 4 6 7 24 10 12 17 19 5 1 3 0 0 12 91 72 126 306 64 2 0 0 0 0 0 0 0 0 0 0 0 0 0 0 0 0 0 0 0 0 0 0 0 0 0 0 0 0 0 0 0 0 0 0 0 0
0 0 0 0 0 0 0 0 0 0 0 0 0 0 0 1 0 0 0 0 0 0 0 0 0 0 0 0 0 0 0 0 0 0 0 0 0 0 6 0 0 0 0 0 0 0 0 3 15 0 0 0 0 4 1 58 98 0 0 0 0 0 0 0 1 4 37 88 0 0 0 7 0 0 0 0 0 0 0 0 0 0 0 3 45 4 1 6 15 4 2 3 5 0 0 3 54 16 12 18 7 0 13 3 1 0 19 2 27 35 415 43 275 139 3 0 0 0 0 0 0 0 0 0 0 0 0 0 0 0 0 0 0 0 0 0 0 0 0 0 0 0 0 0 0 0 0 0 0 0
0 0 1 1 0 0 0 0 0 0 0 0 0 0 0 1 0 0 0 0 0 0 0 0 0 0 0 0 0 0 0 0 0 0 0 0 0 0 0 0 0 0 0 0 0 8 1 4 54 5 1 0 0 0 8 3 4 6 67 5 4 2 0 4 11 0 0 1 0 2 1 0 0 0 0 0 0 0 0 0 0 0 0 0 2 0 0 14 14 5 0 0 1 1 11 202 9 0 0 0 0 0 0 0 21 91 333 914 408 108 26 0 283 104 0 0 0 0 0 0 0 0 0 0 0 0 0 0 0 0 0 0 0 0 0 0 0 0 0 0 0 0 0 0 0 0 0 0 0 0
0 0 0 1 1 45 2 12 2 1 2 0 0 0 0 0 0 0 0 0 0 0 0 0 0 0 0 0 0 0 2 0 0 0 0 0 0 0 8 2 1 0 0 1 0 7 8 4 2 0 0 0 2 5 5 2 0 0 0 2 0 0 0 2 4 0 1 15 0 14 1 9 0 0 0 0 0 0 0 0 0 0 0 0 0 0 0 1 0 2 18 1 0 0 129 22 2 0 0 0 0 1 0 4 49 84 114 310 199 193 86 179 351 2 0 0 0 0 0 0 0 0 0 0 0 0 0 0 0 0 0 0 0 0 0 0 0 0 0 0 0 0 0 0 0 0 0 0 0 0
0 0 0 0 34 47 2 0 1 3 0 0 0 3 0 0 1 0 0 0 0 0 0 0 0 0 0 0 0 0 0 0 0 0 1 0 0 1 0 0 1 2 6 2 3 0 3 3 4 0 3 1 1 0 5 0 0 6 2 1 0 2 1 0 1 5 3 1 2 0 0 0 4 0 0 0 0 0 0 0 0 0 0 0 0 0 0 0 0 1 0 0 18 13 9 48 235 1 0 0 0 0 0 77 155 333 1 0 5 72 0 4 2 0 0 0 0 0 0 0 0 0 0 0 0 0 0 0 0 0 0 0 0 0 0 0 0 0 0 0 0 0 0 0 0 0 0 0 0 0
2 0 0 1 1 3 2 0 3 0 1 0 0 2 0 0 0 0 0 0 0 0 0 0 0 0 0 0 0 0 0 0 0 0 0 0 0 0 0 0 0 0 0 0 0 1 1 3 0 3 0 0 0 4 0 0 0 0 3 1 4 0 0 0 0 0 0 0 0 0 2 0 6 0 0 0 0 0 0 0 0 0 0 0 0 0 0 0 0 0 0 17 37 44 8 172 425 0 0 0 0 0 0 0 8 0 0 0 0 0 36 85 0 0 0 0 0 0 0 0 0 0 0 0 0 0 0 0 0 0 0 0 0 0 0 0 0 0 0 0 0 0 2 10 7 0 0 0 0 0
0 0 2 0 0 0 0 0 0 7 0 0 1 0 2 1 0 0 1 1 0 0 0 0 0 0 0 0 0 0 0 2 2 1 0 0 0 0 0 0 0 0 1 0 0 1 0 0 0 0 4 2 0 5 0 0 0 0 6 2 34 7 0 0 0 0 0 0 0 0 3 0 0 0 0 0 0 0 0 0 0 0 0 0 0 0 0 0 17 8 2 32 173 179 60 0 2 0 0 0 0 0 0 2 3 0 0 2 0 73 132 0 0 0 0 0 0 0 0 0 0 0 0 0 0 0 0 0 0 0 0 0 0 0 0 0 0 0 0 0 0 0 0 2 0 0 0 0 0 0
0 0 0 0 3 0 0 0 0 0 0 0 0 0 0 0 0 0 0 0 0 0 0 0 0 0 0 0 0 0 0 0 0 0 0 0 0 0 0 0 0 0 0 0 0 0 0 0 0 0 2 3 7 0 0 0 0 0 0 1 9 0 0 0 0 0 0 0 0 0 1 0 0 0 0 0 0 0 0 0 0 0 0 0 0 0 0 0 0 0 11 77 500 0 1 5 1 0 0 0 0 0 0 0 0 0 0 6 10 1 20 0 0 0 0 0 0 0 0 0 0 0 0 0 0 0 0 0 0 0 0 0 0 0 0 0 0 0 0 0 0 0 0 0 0 0 0 0 0 0
0 0 0 0 0 0 0 0 0 0 0 0 6 0 0 0 0 0 0 5 0 0 0 1 0 0 0 0 0 0 0 0 0 0 1 0 0 0 0 0 0 0 0 0 0 0 0 0 0 0 0 8 0 1 0 0 0 0 0 13 1 1 0 0 0 0 0 0 0 0 0 62 1 0 0 0 0 0 0 0 0 0 0 0 0 0 0 0 0 0 1 8 2 9 19 0 0 0 0 0 0 0 0 0 0 0 0 0 0 0 0 0 0 0 0 0 0 0 0 0 0 0 0 0 0 0 0 0 0 0 0 0 0 0 0 0 0 0 0 0 0 0 0 0 0 0 0 0 0 0
1 0 0 0 0 0 0 0 0 0 0 0 0 1 0 0 0 0 0 0 0 1 3 29 0 0 0 0 0 0 0 0 0 0 0 0 0 0 0 0 0 0 0 0 0 0 0 0 0 0 0 18 10 0 0 0 0 0 0 0 0 21 10 0 0 0 0 0 0 0 0 1 9 2 13 0 0 0 0 0 0 0 0 0 0 0 0 0 0 2 0 18 11 9 5 0 0 0 0 0 0 0 0 0 0 0 0 0 0 0 0 0 0 0 0 0 0 0 0 0 0 0 0 0 0 0 0 0 0 0 0 0 0 0 0 0 0 0 0 0 0 0 0 0 0 0 0 0 0 0
0 0 0 0 0 0 0 0 0 0 0 0 0 0 0 0 0 0 0 0 0 1 2 0 2 0 0 0 0 1 0 0 0 0 0 0 0 0 0 0 0 0 0 0 0 0 0 0 0 0 0 25 23 2 3 0 0 3 1 0 0 26 54 2 0 0 0 0 0 0 0 0 1 0 6 0 0 0 0 0 0 0 0 0 0 0 0 0 0 0 11 9 0 20 20 2 0 0 0 0 0 0 0 0 0 0 0 0 0 0 0 0 0 0 0 0 0 0 0 0 0 0 0 0 0 0 0 0 0 0 0 0 0 0 0 0 0 0 0 0 0 0 0 0 0 0 0 0 0 0
0 0 0 0 0 0 0 0 0 2 0 0 32 0 0 0 0 0 0 0 0 0 0 0 1 0 0 0 0 2 0 0 0 0 0 0 0 0 0 0 0 0 0 0 0 0 0 0 0 1 12 45 124 5 13 0 0 0 1 0 0 21 0 0 0 0 0 0 0 0 0 2 0 6 0 0 0 0 0 0 0 0 0 0 0 0 0 0 0 0 0 1 13 13 6 6 0 0 0 0 0 0 0 0 0 0 0 0 0 0 0 0 0 0 0 0 0 0 0 0 0 0 0 0 0 0 0 0 0 0 0 0 0 0 0 0 0 0 0 0 0 0 0 0 0 0 0 0 0 0
0 0 0 0 0 0 0 0 2 0 0 0 7 2 0 2 1 1 3 2 0 0 0 0 0 3 0 0 0 0 0 0 0 0 0 0 0 0 0 0 0 0 0 0 0 0 0 0 4 5 1 12 130 0 17 0 0 0 0 0 0 4 5 0 0 0 0 0 0 0 0 0 0 0 0 0 0 0 0 0 0 0 0 0 0 0 0 0 0 0 0 0 5 5 1 1 21 0 0 2 0 0 0 0 0 0 0 0 0 0 0 0 0 0 0 0 0 0 0 0 0 0 0 0 0 0 0 0 0 0 0 0 0 0 0 0 0 0 0 0 0 0 0 0 0 0 0 0 0 0
0 0 0 0 0 0 0 0 0 1 0 0 0 0 0 0 0 0 0 0 0 0 0 1 2 3 0 0 0 0 0 0 0 0 0 0 0 0 0 0 0 0 0 0 0 0 0 0 0 0 0 6 12 0 0 0 0 0 0 0 9 7 0 0 0 0 0 0 0 0 0 0 0 0 0 0 0 0 0 0 0 0 0 0 0 0 0 0 0 0 0 0 0 3 0 1 9 0 0 0 0 0 0 0 0 0 0 0 0 0 0 0 0 0 0 0 0 0 0 0 0 0 0 0 0 0 0 0 0 0 0 0 0 0 0 0 0 0 0 0 0 0 0 0 0 0 0 0 0 0
0 0 0 0 0 0 0 0 0 0 0 0 0 0 0 0 0 0 0 0 0 2 1 1 0 0 0 0 0 0 1 0 2 0 4 0 0 0 0 0 0 0 0 0 0 0 6 6 0 0 0 0 0 0 0 0 0 0 0 0 5 0 0 0 0 0 0 0 0 0 0 0 0 0 0 0 0 0 0 0 0 0 0 0 0 0 0 0 0 0 0 0 0 7 0 8 8 18 0 0 0 0 0 0 0 0 0 0 0 0 0 0 0 0 0 0 0 0 0 0 0 0 0 0 0 0 0 0 0 0 0 0 0 0 0 0 0 0 0 0 0 0 0 0 8 15 0 0 0 0
4 0 0 0 0 0 0 0 0 0 0 0 0 0 0 0 3 0 0 5 1 11 0 0 1 3 0 0 0 0 0 0 0 0 0 2 0 0 0 0 0 0 0 0 0 0 0 0 0 0 0 0 0 0 0 0 0 0 0 0 0 5 0 0 0 0 0 0 0 0 0 0 1 0 0 0 0 0 0 0 0 0 0 0 0 0 0 0 0 0 0 0 0 0 1 4 8 0 0 2 9 0 0 0 0 0 0 0 0 0 0 0 0 0 0 0 0 0 0 0 0 0 0 0 0 0 0 0 0 0 0 0 0 0 0 0 0 0 0 0 0 0 0 0 0 0 0 0 0 0
0 0 0 0 0 0 0 0 0 0 0 1 5 0 0 0 0 0 0 0 0 0 0 0 0 0 0 0 0 0 0 0 0 0 0 0 0 0 0 0 0 0 0 0 0 0 0 0 0 0 0 0 0 0 0 0 0 0 0 0 0 0 0 0 0 0 0 0 0 0 8 4 0 0 0 0 0 0 0 0 0 0 0 0 0 0 0 0 0 0 0 0 0 0 7 0 0 0 0 0 0 1 0 0 0 0 0 0 0 0 0 0 0 0 0 0 0 0 0 0 0 0 0 0 0 0 0 0 0 0 0 0 0 0 0 0 0 0 0 0 0 0 0 0 0 0 0 0 0 0
0 0 0 0 0 0 0 0 0 0 5 0 4 0 0 1 0 0 0 0 0 0 0 0 0 0 0 0 0 0 0 0 0 0 0 0 0 0 0 0 0 0 0 0 4 0 0 0 0 0 0 0 0 0 0 0 0 0 0 0 2 0 0 0 0 0 0 0 0 0 5 0 0 0 0 0 0 0 0 0 0 0 0 0 0 0 0 0 0 0 0 0 0 0 0 1 2 0 0 0 0 0 0 0 0 0 0 0 0 0 0 0 0 0 0 0 0 0 0 0 0 0 0 0 0 0 0 0 0 0 0 0 0 0 0 0 0 0 0 0 0 0 0 0 0 0 0 0 0 0
0 0 0 0 0 0 0 0 0 0 0 0 2 0 0 1 3 18 0 0 0 0 0 0 0 0 0 0 0 0 0 0 0 0 0 0 0 0 0 0 0 0 0 0 0 0 0 0 0 0 0 0 0 0 0 0 0 0 0 10 1 0 0 0 0 0 0 0 39 2 0 0 0 0 0 0 0 0 0 0 0 0 0 0 0 0 0 0 0 0 0 0 0 0 0 0 1 4 4 6 0 0 0 0 0 0 0 0 0 0 0 0 0 0 0 0 0 0 0 0 0 0 0 0 0 0 0 0 0 0 0 0 0 0 0 0 0 0 0 0 0 0 0 0 0 0 0 0 0 0
0 0 0 0 0 0 0 0 0 0 0 0 3 0 0 0 2 3 0 0 0 0 0 0 0 0 0 0 0 0 0 0 0 0 0 1 1 4 6 1 0 0 0 0 0 0 0 0 0 0 0 0 0 0 0 0 0 0 0 0 3 7 4 0 1 0 0 3 152 50 0 0 0 0 0 0 0 0 0 0 0 0 0 0 0 0 0 0 0 0 0 0 0 0 0 0 0 0 0 0 0 0 0 0 0 0 0 0 0 0 0 0 0 0 0 0 0 0 0 0 0 0 0 0 0 0 0 0 0 0 0 0 0 0 0 0 0 0 0 0 0 0 0 0 0 0 0 0 0 0
1 0 1 0 0 0 0 0 0 0 0 2 40 11 0 2 38 0 1 17 0 0 0 9 10 3 0 0 0 0 3 1 0 0 6 1 21 5 3 5 0 0 5 0 0 0 0 0 0 0 0 0 0 0 0 0 0 0 0 0 0 0 0 0 107 37 7 0 0 0 0 0 0 0 0 0 0 0 0 0 0 0 0 0 0 0 0 0 0 0 0 0 0 0 0 0 0 0 0 0 0 0 0 0 0 0 0 0 0 0 0 0 0 0 0 0 0 0 0 0 0 0 0 0 0 0 0 0 0 0 0 0 0 0 0 0 0 0 0 0 0 0 0 0 0 0 0 0 0 0
4 52 6 0 0 0 0 0 0 0 0 1 3 0 0 0 0 0 0 3 26 63 50 18 2 0 0 0 0 1 0 0 0 0 1 3 44 1 0 2 0 0 2 0 0 0 0 0 0 0 0 0 0 0 0 0 0 0 0 0 0 0 0 0 2 1 0 0 0 0 0 0 0 0 0 0 0 0 0 0 0 0 0 0 0 0 0 0 0 0 0 0 0 0 0 0 0 0 0 0 0 0 0 0 0 0 0 0 0 0 0 0 0 0 0 0 0 0 0 0 0 0 0 0 0 0 0 0 0 0 0 0 0 0 0 0 0 0 0 0 0 0 0 0 0 0 0 0 0 0
22 10 7 0 1 0 0 0 0 0 0 0 4 0 0 0 3 1 0 2 0 48 25 11 11 1 0 0 4 15 10 0 0 0 0 0 0 0 0 0 9 16 0 0 0 0 0 0 0 0 0 0 0 0 0 0 0 0 0 0 0 0 0 0 0 0 0 0 0 0 0 0 0 0 0 0 0 0 0 0 0 0 0 0 0 0 0 0 0 5 0 0 0 0 0 0 0 0 0 0 0 0 0 0 0 0 0 0 0 0 0 0 0 0 0 0 0 0 0 0 0 0 0 0 0 0 0 0 0 0 0 0 0 0 0 0 0 0 0 0 0 0 0 0 0 0 0 0 0 0
0 0 0 2 0 0 0 0 0 0 0 1 4 0 0 0 1 1 1 0 0 2 4 5 2 5 5 3 1 0 0 0 0 0 4 0 0 0 0 0 0 0 0 0 0 0 0 0 0 0 0 0 0 0 0 0 0 0 0 0 0 0 0 0 0 0 0 0 0 0 0 0 0 0 0 0 0 0 0 0 0 0 0 0 0 0 0 0 0 0 0 0 0 0 0 0 0 0 0 0 0 0 0 0 0 0 0 0 0 0 0 0 0 0 0 0 0 0 0 0 0 0 0 0 0 0 0 0 0 0 0 0 0 0 0 0 0 0 0 0 0 0 0 0 0 0 0 0 0 0
0 0 0 0 0 0 0 0 0 0 0 0 0 0 0 0 0 0 0 8 0 0 0 2 6 10 8 2 13 0 1 0 0 12 5 0 0 0 0 0 0 0 0 0 0 0 0 0 0 0 0 0 0 0 0 0 0 0 0 0 0 0 0 0 0 0 0 0 0 0 0 0 0 0 0 0 0 0 0 0 0 0 0 0 0 0 0 0 0 0 0 0 0 0 0 0 0 0 0 0 0 0 0 0 0 0 0 0 0 0 0 0 0 0 0 0 0 0 0 0 0 0 0 0 0 0 0 0 0 0 0 0 0 0 0 0 0 0 0 0 0 0 0 0 0 0 0 0 0 0
0 0 0 0 0 0 0 0 0 0 0 0 0 0 0 0 0 0 0 0 0 0 0 0 0 0 0 5 167 30 5 1 4 27 3 0 2 0 0 0 0 0 0 0 0 0 0 0 0 0 0 0 0 0 0 0 0 0 0 0 0 0 0 0 0 0 0 0 0 0 0 0 0 0 0 0 0 0 0 0 0 0 0 0 0 0 0 0 0 0 0 0 0 0 0 0 0 0 0 0 0 0 0 0 0 0 0 0 0 0 0 0 0 0 0 0 0 0 0 0 0 0 0 0 0 0 0 0 0 0 0 0 0 0 0 0 0 0 0 0 0 0 0 0 0 0 0 0 0 0
0 0 0 0 0 0 0 0 0 0 0 0 0 0 0 0 0 0 0 0 0 0 0 0 1 1 1 5 0 2 7 0 8 11 0 0 5 0 0 0 0 0 0 0 0 0 0 0 0 0 0 0 0 0 0 0 0 0 0 0 0 0 0 0 0 0 0 0 0 0 0 0 0 0 0 0 0 0 0 0 0 0 0 0 0 0 0 0 0 0 0 0 0 0 0 0 0 0 0 0 0 0 0 0 0 0 0 0 0 0 0 0 0 0 0 0 0 0 0 0 0 0 0 0 0 0 0 0 0 0 0 0 0 0 0 0 0 0 0 0 0 0 0 0 0 0 0 0 0 0
0 0 0 0 0 0 0 0 0 0 0 0 0 0 0 0 0 0 0 0 0 0 0 0 170 1 6 0 0 0 13 3 2 0 0 1 1 4 0 0 0 0 0 0 0 0 0 0 0 0 0 0 0 0 0 0 0 0 0 0 0 0 0 0 0 0 0 0 0 0 0 0 0 0 0 0 0 0 0 0 0 0 0 0 0 0 0 0 0 0 0 0 0 0 0 0 0 0 0 0 0 0 0 0 0 0 0 0 0 0 0 0 0 0 0 0 0 0 0 0 0 0 0 0 0 0 0 0 0 0 0 0 0 0 0 0 0 0 0 0 0 0 0 0 0 0 0 0 0 0
0 0 0 0 0 0 0 0 1 0 0 4 3 3 0 0 0 0 0 0 0 0 0 0 0 0 0 0 0 0 0 0 30 0 0 0 1 2 0 0 0 0 0 0 0 0 0 0 0 0 0 0 0 0 0 0 0 0 0 0 0 0 0 0 0 0 0 0 0 0 0 0 0 0 0 0 0 0 0 0 0 0 0 0 0 0 0 0 0 0 0 0 0 0 0 0 0 0 0 0 0 0 0 0 0 0 0 0 0 0 0 0 0 0 0 0 0 0 0 0 0 0 0 0 0 0 0 0 0 0 0 0 0 0 0 0 0 0 0 0 0 0 0 0 0 0 0 0 0 0
0 0 0 0 0 0 0 0 0 0 0 0 1 0 0 0 0 0 0 0 0 0 0 0 0 0 0 31 2 2 3 0 0 0 0 0 0 0 0 0 0 0 0 0 0 0 0 0 0 0 0 0 0 0 0 0 0 0 0 0 0 0 0 0 0 0 0 0 0 0 0 0 0 0 0 0 0 0 0 0 0 0 0 0 0 0 0 0 0 0 0 0 0 0 0 0 0 0 0 0 0 0 0 0 0 0 0 0 0 0 0 0 0 0 0 0 0 0 0 0 0 0 0 0 0 0 0 0 0 0 0 0 0 0 0 0 0 0 0 0 0 0 0 0 0 0 0 0 0 0
0 0 0 0 0 0 0 0 0 0 7 0 0 0 0 0 0 0 0 0 0 0 0 0 0 0 0 2 2 0 0 0 0 5 0 0 0 0 0 0 0 0 0 0 0 0 0 0 0 0 0 0 0 0 0 0 0 0 0 0 0 0 0 0 0 0 0 0 0 0 0 0 0 0 0 0 0 0 0 0 0 0 0 0 0 0 0 0 0 0 0 0 0 0 0 0 0 0 0 0 0 0 0 0 0 0 0 0 0 0 0 0 0 0 0 0 0 0 0 0 0 0 0 0 0 0 0 0 0 0 0 0 0 0 0 0 0 0 0 0 0 0 0 0 0 0 0 0 0 0
0 0 0 0 0 0 0 0 0 0 6 0 0 2 0 0 0 0 0 0 0 0 0 0 0 0 0 0 0 0 0 0 0 0 0 0 0 0 0 0 0 0 0 0 0 0 0 0 0 0 0 0 0 0 0 0 0 0 0 0 0 0 0 0 0 0 0 0 0 0 0 0 0 0 0 0 0 0 0 0 0 0 0 0 0 0 0 0 0 0 0 0 0 0 0 0 0 0 0 0 0 0 0 0 0 0 0 0 0 0 0 0 0 0 0 0 0 0 0 0 0 0 0 0 0 0 0 0 0 0 0 0 0 0 0 0 0 0 0 0 0 0 0 0 0 0 0 0 0 0
0 0 0 0 0 0 0 0 0 1 0 0 0 0 0 0 0 0 0 0 0 0 0 0 0 0 0 0 0 0 0 0 0 0 0 0 0 0 0 0 0 0 0 0 0 0 0 0 0 0 0 0 0 0 0 0 0 0 0 0 0 0 0 0 0 0 0 0 0 0 0 0 0 0 0 0 0 0 0 0 0 0 0 0 0 0 0 0 0 0 0 0 0 0 0 0 0 0 0 0 0 0 0 0 0 0 0 0 0 0 0 0 0 0 0 0 0 0 0 0 0 0 0 0 0 0 0 0 0 0 0 0 0 0 0 0 0 0 0 0 0 0 0 0 0 0 0 0 0 0
0 0 0 0 0 0 0 0 0 0 7 0 0 0 0 0 0 0 0 0 0 0 0 0 0 0 0 0 0 0 0 0 0 0 0 0 0 0 0 0 0 0 0 0 0 0 0 0 0 0 0 3 0 0 0 1 0 0 0 0 0 0 0 0 0 0 0 0 0 0 0 0 0 0 0 0 0 0 0 0 0 0 0 0 0 0 0 0 0 0 0 0 0 0 0 0 0 0 0 0 0 0 0 0 0 0 0 0 0 0 0 0 0 0 0 0 0 0 0 0 0 0 0 0 0 0 0 0 0 0 0 0 0 0 0 0 0 0 0 0 0 0 0 0 0 0 0 0 0 0
0 0 0 0 0 0 0 0 4 27 0 0 0 0 0 0 0 0 0 0 0 0 0 0 0 0 0 0 0 0 0 0 0 0 0 0 0 0 0 0 0 0 0 0 0 0 0 0 0 1 0 0 0 0 0 0 0 0 0 0 0 0 0 0 0 0 0 0 0 0 0 0 0 0 0 0 0 0 0 0 0 0 0 0 0 0 0 0 0 0 0 0 0 0 0 0 0 0 0 0 0 0 0 0 0 0 0 0 0 0 0 0 0 0 0 0 0 0 0 0 0 0 0 0 0 0 0 0 0 0 0 0 0 0 0 0 0 0 0 0 0 0 0 0 0 0 0 0 0 0
0 0 0 0 0 2 18 7 1 0 0 0 0 0 0 0 0 0 0 0 0 0 0 0 0 0 0 0 0 0 0 0 0 0 0 0 0 0 0 0 0 0 0 0 0 0 0 0 0 32 58 0 0 0 0 0 0 0 0 0 0 0 0 0 0 0 0 0 0 0 0 0 0 0 0 0 0 0 0 0 0 0 0 0 0 0 0 0 0 0 0 0 0 0 0 0 0 0 0 0 0 0 0 0 0 0 0 0 0 0 0 0 0 0 0 0 0 0 0 0 0 0 0 0 0 0 0 0 0 0 0 0 0 0 0 0 0 0 0 0 0 0 0 0 0 0 0 0 0 0
7 0 0 0 0 0 6 16 0 0 0 0 0 0 0 0 0 0 0 0 0 0 0 0 0 0 0 0 0 0 0 0 0 0 0 0 0 0 0 0 0 0 0 0 0 0 0 0 1 0 0 4 0 0 0 0 0 0 0 0 0 0 0 0 0 0 0 0 0 0 0 0 0 0 0 0 0 0 0 0 0 0 0 0 0 0 0 0 0 0 0 0 0 0 0 0 0 0 0 0 0 0 0 0 0 0 0 0 0 0 0 0 0 0 0 0 0 0 0 0 0 0 0 0 0 0 0 0 0 0 0 0 0 0 0 0 0 0 0 0 0 0 0 0 0 0 0 0 0 0
0 0 0 0 0 0 0 0 0 0 0 0 0 0 0 0 0 0 0 0 0 0 0 0 0 0 0 0 0 0 0 0 0 0 0 0 0 0 0 0 0 0 0 0 0 0 0 0 0 0 0 0 2 24 0 0 0 0 0 0 0 0 0 0 0 0 0 0 0 0 0 0 0 0 0 0 0 0 0 0 0 0 0 0 0 0 0 0 0 0 0 0 0 0 0 0 0 0 0 0 0 0 0 0 0 0 0 0 0 0 0 0 0 0 0 0 0 0 0 0 0 0 0 0 0 0 0 0 0 0 0 0 0 0 0 0 0 0 0 0 0 0 0 0 0 0 0 0 0 0
0 0 0 0 0 0 0 0 0 0 0 0 0 0 0 0 0 0 0 0 0 0 0 0 0 0 0 0 0 0 0 0 0 0 0 0 0 0 0 0 0 0 0 0 0 0 0 0 0 0 0 0 0 1 0 0 0 0 0 0 0 0 0 0 0 0 0 0 0 0 0 0 0 0 0 0 0 0 0 0 0 0 0 0 0 0 0 0 0 0 0 0 0 0 0 0 0 0 0 0 0 0 0 0 0 0 0 0 0 0 0 0 0 0 0 0 0 0 0 0 0 0 0 0 0 0 0 0 0 0 0 0 0 0 0 0 0 0 0 0 0 0 0 0 0 0 0 0 0 0
0 0 0 0 0 0 0 0 0 0 0 0 0 0 0 0 0 0 0 0 0 0 0 0 0 0 0 0 0 0 0 0 0 0 0 0 0 0 0 0 0 0 0 0 0 0 0 0 0 0 0 18 0 0 0 0 0 0 0 0 0 0 0 0 0 0 0 0 0 0 0 0 0 0 0 0 0 0 0 0 0 0 0 0 0 0 0 0 0 0 0 0 0 0 0 0 0 0 0 0 0 0 0 0 0 0 0 0 0 0 0 0 0 0 0 0 0 0 0 0 0 0 0 0 0 0 0 0 0 0 0 0 0 0 0 0 0 0 0 0 0 0 0 0 0 0 0 0 0 0
0 0 0 0 0 0 0 0 0 0 0 0 0 0 0 0 0 0 0 0 0 0 0 0 0 0 0 0 0 0 0 0 0 0 0 0 0 0 0 0 0 0 0 0 0 0 0 0 0 0 0 0 0 0 0 0 0 0 0 0 0 0 0 0 0 0 0 0 0 0 0 0 0 0 0 0 0 0 0 0 0 0 0 0 0 0 0 0 0 0 0 0 0 0 0 0 0 0 0 0 0 0 0 0 0 0 0 0 0 0 0 0 0 0 0 0 0 0 0 0 0 0 0 0 0 0 0 0 0 0 0 0 0 0 0 0 0 0 0 0 0 0 0 0 0 0 0 0 0 0
0 0 0 0 0 0 0 0 0 0 0 0 0 0 0 0 0 0 0 0 0 0 0 0 0 0 0 0 0 0 4 0 0 0 5 0 0 0 0 0 0 0 0 0 0 0 0 0 0 0 0 0 0 0 0 0 0 0 0 0 0 0 0 0 0 0 0 0 0 0 0 0 0 0 0 0 0 0 0 0 0 0 0 0 0 0 0 0 0 0 0 0 0 0 0 0 0 0 0 0 0 0 0 0 0 0 0 0 0 0 0 0 0 0 0 0 0 0 0 0 0 0 0 0 0 0 0 0 0 0 0 0 0 0 0 0 0 0 0 0 0 0 0 0 0 0 0 0 0 0
0 0 0 0 0 0 0 0 0 0 0 0 0 0 0 0 0 0 0 0 0 0 0 0 0 0 0 0 0 0 4 30 2 0 0 0 0 0 0 0 0 0 0 0 0 0 0 0 0 0 0 0 0 0 0 0 0 0 0 0 0 0 0 0 0 0 0 0 0 0 0 0 0 0 0 0 0 0 0 0 0 0 0 0 0 0 0 0 0 0 0 0 0 0 0 0 0 0 0 0 0 0 0 0 0 0 0 0 0 0 0 0 0 0 0 0 0 0 0 0 0 0 0 0 0 0 0 0 0 0 0 0 0 0 0 0 0 0 0 0 0 0 0 0 0 0 0 0 0 0
0 0 0 0 0 0 0 0 0 0 0 0 0 0 0 0 0 0 0 0 0 0 0 0 0 0 0 0 0 0 0 4 0 0 0 0 0 0 0 0 0 0 0 0 0 0 0 0 0 0 0 0 0 0 0 0 0 0 0 0 0 0 0 0 0 0 0 0 0 0 0 0 0 0 0 0 0 0 0 0 0 0 0 0 0 0 0 0 0 0 0 0 0 0 0 0 0 0 0 0 0 0 0 0 0 0 0 0 0 0 0 0 0 0 0 0 0 0 0 0 0 0 0 0 0 0 0 0 0 0 0 0 0 0 0 0 0 0 0 0 0 0 0 0 0 0 0 0 0 0
0 0 0 0 0 0 0 0 0 0 0 0 0 0 0 0 0 0 0 0 0 0 0 0 0 0 1 0 0 3 0 0 0 0 0 0 0 0 0 0 0 0 0 0 0 0 0 0 0 0 0 0 0 0 0 0 0 0 0 0 0 0 0 0 0 0 0 0 0 0 0 0 0 0 0 0 0 0 0 0 0 0 0 0 0 0 0 0 0 0 0 0 0 0 0 0 0 0 0 0 0 0 0 0 0 0 0 0 0 0 0 0 0 0 0 0 0 0 0 0 0 0 0 0 0 0 0 0 0 0 0 0 0 0 0 0 0 0 0 0 0 0 0 0 0 0 0 0 0 0
0 0 0 0 0 0 0 0 0 0 0 0 0 0 0 0 0 0 0 0 0 0 0 0 0 0 0 0 0 82 19 0 0 0 0 0 0 0 0 0 0 0 0 0 0 0 0 0 0 0 2 0 0 0 0 0 0 0 0 0 0 0 0 0 0 0 0 0 0 0 0 0 0 0 0 0 0 0 0 0 0 0 0 0 0 0 0 0 0 0 0 0 0 0 0 0 0 0 0 0 0 0 0 0 0 0 0 0 0 0 0 0 0 0 0 0 0 0 0 0 0 0 0 0 0 0 0 0 0 0 0 0 0 0 0 0 0 0 0 0 0 0 0 0 0 0 0 0 0 0
0 0 0 0 0 0 0 0 0 0 0 0 0 0 0 0 0 0 0 0 0 0 0 0 0 0 5 0 0 0 0 0 0 0 0 0 0 0 0 0 0 0 0 0 0 0 0 0 1 64 0 0 0 0 0 0 0 0 0 0 0 0 0 0 0 0 0 0 0 0 0 0 0 0 0 0 0 0 0 0 0 0 0 0 0 0 0 0 0 0 0 0 0 0 0 0 0 0 0 0 0 0 0 0 0 0 0 0 0 0 0 0 0 0 0 0 0 0 0 0 0 0 0 0 0 0 0 0 0 0 0 0 0 0 0 0 0 0 0 0 0 0 0 0 0 0 0 0 0 0
0 0 0 0 0 0 0 0 0 0 0 0 0 0 0 0 0 0 0 0 0 0 0 0 0 0 10 0 0 0 0 0 0 0 0 0 0 0 0 0 0 0 0 0 0 0 0 0 0 0 0 0 0 0 0 0 0 0 0 0 0 0 0 0 0 0 0 0 0 0 0 0 0 0 0 0 0 0 0 0 0 0 0 0 0 0 0 0 0 0 0 0 0 0 0 0 0 0 0 0 0 0 0 0 0 0 0 0 0 0 0 0 0 0 0 0 0 0 0 0 0 0 0 0 0 0 0 0 0 0 0 0 0 0 0 0 0 0 0 0 0 0 0 0 0 0 0 0 0 0
0 0 0 0 0 0 0 0 0 0 0 0 0 0 0 0 0 0 0 0 0 0 0 0 0 0 0 1 1 0 0 0 0 0 0 0 0 0 0 0 0 0 0 0 0 0 0 0 0 0 0 0 0 0 0 0 0 0 0 0 0 0 0 0 0 0 0 0 0 0 0 0 0 0 0 0 0 0 0 0 0 0 0 0 0 0 0 0 0 0 0 0 0 0 0 0 0 0 0 0 0 0 0 0 0 0 0 0 0 0 0 0 0 0 0 0 0 0 0 0 0 0 0 0 0 0 0 0 0 0 0 0 0 0 0 0 0 0 0 0 0 0 0 0 0 0 0 0 0 0
0 0 0 0 0 0 0 0 0 0 0 0 0 0 0 0 0 0 0 0 0 0 0 0 0 0 0 0 0 0 0 0 0 0 0 0 0 0 0 0 0 0 0 0 0 0 0 0 0 0 0 0 0 0 0 0 0 0 0 0 0 0 0 0 0 0 0 0 0 0 0 0 0 0 0 0 0 0 0 0 0 0 0 0 0 0 0 0 0 0 0 0 0 0 0 0 0 0 0 0 0 0 0 0 0 0 0 0 0 0 0 0 0 0 0 0 0 0 0 0 0 0 0 0 0 0 0 0 0 0 0 0 0 0 0 0 0 0 0 0 0 0 0 0 0 0 0 0 0 0
0 0 0 0 0 0 0 0 0 0 0 0 0 0 0 0 0 0 0 0 0 0 0 0 0 0 0 0 0 0 0 0 0 0 0 0 0 0 0 0 0 0 0 0 0 0 0 0 0 0 0 0 0 0 0 0 0 0 0 0 0 0 0 0 0 0 0 0 0 0 0 0 0 0 0 0 0 0 0 0 0 0 0 0 0 0 0 0 0 0 0 0 0 0 0 0 0 0 0 0 0 0 0 0 0 0 0 0 0 0 0 0 0 0 0 0 0 0 0 0 0 0 0 0 0 0 0 0 0 0 0 0 0 0 0 0 0 0 0 0 0 0 0 0 0 0 0 0 0 0
0 0 0 0 0 0 0 0 0 0 0 0 0 0 0 0 0 0 0 0 0 0 0 0 0 0 0 0 0 0 0 0 0 0 0 0 0 0 0 0 0 0 0 0 0 0 0 0 0 0 0 0 0 0 0 0 0 0 0 0 0 0 0 0 0 0 0 0 0 0 0 0 0 0 0 0 0 0 0 0 0 0 0 0 0 0 0 0 0 0 0 0 0 0 0 0 0 0 0 0 0 0 0 0 0 0 0 0 0 0 0 0 0 0 0 0 0 0 0 0 0 0 0 0 0 0 0 0 0 0 0 0 0 0 0 0 0 0 0 0 0 0 0 0 0 0 0 0 0 0
0 0 0 0 0 0 0 0 0 0 0 0 0 0 0 0 0 0 0 0 0 0 0 0 0 0 0 0 0 0 0 0 0 0 0 0 0 0 0 0 0 0 0 0 0 0 0 0 0 0 0 0 0 0 0 0 0 0 0 0 0 0 0 0 0 0 0 0 0 0 0 0 0 0 0 0 0 0 0 0 0 0 0 0 0 0 0 0 0 0 0 0 0 0 0 0 0 0 0 0 0 0 0 0 0 0 0 0 0 0 0 0 0 0 0 0 0 0 0 0 0 0 0 0 0 0 0 0 0 0 0 0 0 0 0 0 0 0 0 0 0 0 0 0 0 0 0 0 0 0
0 0 0 0 0 0 0 0 0 0 0 0 0 0 0 0 0 0 0 0 0 0 0 0 0 0 0 0 0 0 0 0 0 0 0 0 0 0 0 0 0 0 0 0 0 0 0 0 0 0 0 0 0 0 0 0 0 0 0 0 0 0 0 0 0 0 0 0 0 0 0 0 0 0 0 0 0 0 0 0 0 0 0 0 0 0 0 0 0 0 0 0 0 0 0 0 0 0 0 0 0 0 0 0 0 0 0 0 0 0 0 0 0 0 0 0 0 0 0 0 0 0 0 0 0 0 0 0 0 0 0 0 0 0 0 0 0 0 0 0 0 0 0 0 0 0 0 0 0 0
