1 0 14 5 0 0 0 0 17 98 6 12 0 12 0 0 0 2 4 0 1 7 0 0 0 11 0 2 0 0 0 0 2 2 5 4 0 0 1 6 0 0 0 0 4 0 0 0 0 0 0 0 0 0 8 2 0 0 0 3 55 18 5 4 1 23 14 0 0 0 3 12 21 176 132 291 172 47 49 9 14 242 61 43 94 184 175 168 36 215 1110 719 155 458 430 651 1107 884 875 170 234 139 22 53 19 56 66 395 249 18 10 5 18 104 70 22 56 54 5 7 5 50 17 12 3 11 0 6 14 11 5 38 2 21 3 0 0 1 0 0 1 0 0 0 1 0 0 0 0 47
0 5 5 3 1 0 0 0 0 19 6 9 7 0 0 0 0 1 14 0 0 0 23 0 14 38 0 9 0 0 0 0 0 0 2 0 0 0 4 0 0 0 0 1 0 0 0 0 0 0 0 0 0 12 11 0 0 0 0 32 85 18 8 11 19 2 0 2 1 0 0 6 51 46 27 2 40 80 12 36 101 60 15 8 103 229 263 144 285 367 116 32 326 269 234 473 779 598 929 725 185 65 37 21 6 18 1 37 64 11 7 7 1 28 80 24 8 62 3 18 3 9 6 4 5 0 4 6 11 46 21 10 65 62 1 0 0 1 2 100 10 0 0 0 0 0 0 0 0 0
1 0 0 3 15 0 0 0 0 7 7 1 11 1 0 0 0 1 2 1 2 12 72 18 32 1 0 9 0 0 0 0 0 1 0 3 0 2 0 18 5 0 0 3 0 0 0 0 0 0 0 0 0 3 6 0 16 1 1 18 14 9 4 23 0 0 0 0 0 1 0 5 5 0 1 1 3 45 123 148 234 49 11 34 45 189 477 154 3 22 88 30 167 652 631 556 319 275 253 479 540 342 24 58 15 15 8 79 219 344 147 28 2 18 6 10 19 218 13 8 78 17 9 8 4 5 6 5 2 16 6 3 560 213 0 0 7 0 9 67 9 2 0 0 0 0 0 1 0 0
36 1 0 1 0 0 0 0 0 2 14 0 0 0 0 3 0 0 5 4 0 1 6 16 8 0 1 8 15 0 4 0 0 1 0 0 0 4 0 7 6 0 0 0 0 0 0 0 0 0 4 0 0 0 86 41 1 13 43 2 1 3 15 32 0 0 0 0 0 0 2 78 28 1 2 30 30 86 218 524 136 107 40 220 138 34 74 169 13 157 930 1086 889 695 597 468 131 223 613 504 497 544 154 18 35 81 45 9 260 80 51 28 31 28 3 5 24 161 123 51 54 79 9 1 3 18 1 2 38 2 4 34 32 1 36 13 14 2 1 7 60 5 0 0 0 0 0 0 0 0
4 12 0 0 0 0 0 0 2 4 0 0 0 0 0 27 16 3 1 1 2 1 5 0 1 1 2 0 0 3 0 0 0 0 1 32 11 0 1 0 0 0 0 0 0 0 0 0 0 14 2 0 0 2 31 169 32 50 4 0 0 2 1 30 0 0 0 0 0 15 139 56 142 141 67 55 74 176 284 260 385 237 223 66 189 108 69 71 26 294 1046 1677 426 867 459 294 76 526 445 608 796 819 584 416 304 237 76 207 6 3 9 16 29 67 4 1 10 83 80 65 225 616 150 28 4 1 6 0 1 7 1 0 0 0 11 3 0 0 0 1 89 8 0 0 0 0 0 0 0 0
13 6 0 1 0 0 0 0 5 2 6 0 0 0 1 3 0 1 9 74 9 4 1 0 0 0 0 0 0 0 0 4 0 1 7 90 51 19 0 0 0 0 0 0 0 0 0 0 0 5 40 20 0 0 6 41 19 11 24 5 0 0 20 1 0 0 0 0 1 93 87 149 128 135 119 65 33 54 134 391 1030 745 470 63 2 109 78 41 32 235 1289 976 145 509 741 431 187 1307 395 411 572 422 861 527 40 141 25 29 13 3 0 3 10 44 9 5 66 8 3 26 283 133 6 3 1 10 2 4 4 0 5 0 0 0 0 0 11 0 1 0 21 14 1 0 0 0 0 0 0 0
1 0 0 5 0 0 0 2 0 26 6 0 0 1 0 0 0 2 0 1 1 0 0 0 0 0 0 0 0 0 2 1 1 1 2 11 4 1 1 0 0 0 0 0 0 0 0 0 0 1 0 6 5 15 3 26 19 0 32 50 5 22 2 0 6 0 0 0 2 58 125 74 185 343 230 156 363 215 450 668 1088 896 849 465 114 33 14 135 59 158 1035 1342 181 538 743 280 203 388 463 46 43 360 174 265 73 89 107 34 28 32 27 132 156 109 39 72 0 2 32 51 111 139 5 3 12 2 13 2 0 0 2 0 0 0 0 0 0 33 0 0 0 1 6 0 0 0 0 0 0 0
2 0 0 0 0 0 0 0 2 0 3 1 0 0 0 0 0 0 0 0 0 0 0 0 0 0 0 0 0 0 7 0 0 0 8 6 1 0 3 2 0 0 0 0 0 0 0 0 0 0 0 0 2 16 5 17 1 26 77 72 78 70 80 1 8 34 0 0 14 81 8 2 37 53 52 53 84 145 495 963 1233 821 931 251 158 126 243 429 217 52 558 120 180 618 418 382 241 738 694 338 161 329 374 645 168 133 26 26 103 57 330 463 172 113 45 75 2 5 10 40 41 3 5 14 9 3 12 5 1 0 0 0 0 0 0 0 0 0 0 0 0 0 0 0 0 0 0 0 0 0
5 0 0 0 0 0 0 0 3 8 0 1 1 2 4 0 0 0 0 0 0 0 0 0 0 0 0 0 0 0 3 0 0 0 1 2 0 0 0 0 0 0 0 0 0 0 0 0 0 0 0 0 1 6 0 0 3 13 12 42 299 225 24 8 9 35 10 5 12 33 3 1 11 15 3 33 22 69 338 481 994 1215 885 37 21 14 550 359 321 51 14 36 403 742 1151 1149 143 446 319 283 354 140 71 282 778 202 177 152 31 116 1187 332 153 16 85 18 1 16 7 7 15 1 8 31 11 1 3 2 4 0 6 0 0 0 2 1 0 0 0 0 0 0 0 0 0 0 0 0 0 0
0 0 0 0 0 0 2 1 24 9 0 0 0 0 0 1 0 0 0 0 0 0 0 0 0 0 0 0 0 0 0 1 0 0 0 0 0 0 9 0 0 0 0 0 0 0 1 1 10 0 6 0 14 8 0 0 1 1 2 52 41 119 22 13 3 0 0 0 1 21 0 1 0 2 0 23 26 88 324 523 1196 875 648 349 941 664 426 212 238 254 73 8 67 544 936 1225 498 260 98 36 45 134 37 5 108 361 243 293 114 9 438 651 271 76 13 200 287 567 129 76 62 22 27 33 52 6 12 4 7 33 84 12 3 0 1 0 0 0 0 0 0 1 0 0 0 0 0 0 0 0
0 1 14 0 0 0 3 0 0 1 0 4 0 0 9 17 2 1 1 1 0 0 0 0 0 0 0 0 0 0 0 2 0 0 0 2 0 0 1 0 0 2 1 0 0 0 5 11 21 35 22 2 31 5 0 0 1 8 64 84 2 122 10 15 0 0 2 0 1 22 0 0 0 0 0 0 63 42 246 243 662 202 569 213 202 399 284 422 489 310 33 7 4 229 462 711 580 72 21 84 14 15 6 20 133 281 839 310 235 233 577 418 167 58 5 126 295 784 575 196 399 174 189 125 172 308 117 86 46 73 9 105 29 18 22 0 0 0 0 0 0 0 0 0 0 1 0 0 0 0
1 1 1 0 0 0 0 0 9 1 0 0 0 0 0 0 35 7 2 3 0 0 0 2 0 0 0 0 0 0 0 0 0 5 9 0 0 0 0 0 0 12 22 11 3 0 0 0 0 0 0 0 5 6 31 8 5 9 24 113 1 0 0 1 2 5 0 2 0 0 0 1 0 0 0 0 64 20 194 365 432 200 117 105 164 141 26 18 104 424 22 0 1 4 18 90 861 463 372 33 1 3 18 39 34 53 490 330 37 138 379 352 190 198 47 196 584 251 662 899 446 598 133 129 108 179 5 0 0 29 10 2 84 48 40 0 0 0 0 0 0 0 0 0 0 0 0 0 0 0
6 1 1 0 0 1 4 0 7 4 0 0 0 0 0 0 4 16 5 7 4 8 0 3 0 0 0 0 0 0 0 0 0 0 0 0 5 0 0 0 0 2 98 2 31 0 0 10 0 0 0 0 18 45 6 0 0 0 33 65 1 2 4 0 0 3 6 3 0 4 12 0 0 0 0 83 156 65 166 75 127 296 65 1 36 8 3 0 1 3 0 0 2 34 60 30 705 424 744 526 18 27 48 33 36 17 70 310 775 354 930 761 188 584 186 46 58 53 1140 1092 190 203 104 3 36 105 2 1 33 28 0 0 17 8 11 0 0 0 0 0 0 0 0 0 0 0 0 0 0 0
0 0 0 0 0 0 4 7 0 8 0 0 0 0 0 0 0 0 82 17 3 7 0 2 0 0 0 0 0 2 5 3 0 0 0 0 0 0 0 0 0 0 4 86 27 0 0 0 2 0 0 36 8 0 0 0 0 0 42 0 14 9 3 6 0 0 19 32 19 15 85 0 0 28 3 634 664 447 190 36 31 346 62 26 54 116 11 1 1 19 5 1 0 55 18 34 86 673 254 191 0 54 300 114 346 85 195 514 310 694 1376 1646 1004 237 311 264 460 335 1113 436 229 287 0 2 0 34 6 0 6 5 3 3 1 3 0 0 1 0 0 0 0 0 0 0 0 0 0 0 0 0
0 1 0 0 0 0 1 2 6 3 0 0 0 0 0 0 0 0 5 7 10 0 0 0 0 0 0 0 0 0 4 0 0 0 0 0 0 0 0 0 0 0 0 10 40 1 0 0 0 7 8 65 1 0 5 2 6 3 58 10 107 16 7 12 13 81 119 109 172 120 44 6 7 15 106 648 1756 1329 335 65 0 125 56 2 3 19 42 15 0 26 19 11 1 2 0 6 32 397 251 171 36 69 454 422 1271 1153 2529 1473 1112 1275 997 832 635 695 653 342 210 118 110 208 234 128 134 11 1 1 78 15 10 38 5 0 0 0 0 1 0 0 0 0 0 0 0 0 0 0 0 0 0 1
0 0 0 0 0 0 6 34 99 2 2 0 0 0 0 0 3 0 6 1 0 20 9 0 1 0 0 0 0 2 0 0 0 0 0 0 0 0 0 0 0 0 0 1 0 14 0 0 0 13 75 93 0 0 3 9 46 121 13 65 32 16 8 22 35 60 74 56 55 90 111 101 166 146 414 757 1524 876 303 27 4 1 2 0 0 0 18 72 14 83 4 11 1 1 3 115 36 13 25 36 16 3 980 594 574 583 1113 401 683 857 1445 1064 1125 376 429 281 34 214 259 136 44 11 198 256 76 75 17 1 3 3 0 0 0 0 18 6 0 0 0 0 0 0 0 0 0 0 0 0 0 0
0 0 0 0 0 0 1 8 2 0 0 0 4 0 0 0 7 1 2 2 10 0 23 21 18 6 1 0 0 0 0 0 0 0 0 0 0 0 0 0 2 0 0 0 0 8 4 1 2 15 47 2 1 15 10 104 79 125 93 20 5 9 0 0 0 3 1 1 0 0 0 2 71 90 264 353 630 540 146 3 0 0 9 0 0 2 1 80 62 4 7 0 0 2 3 18 30 0 13 124 39 173 729 721 396 245 402 300 364 848 976 422 813 438 597 212 50 92 188 18 0 2 58 39 33 493 4 16 3 0 0 0 0 0 0 4 0 0 0 0 0 0 0 0 0 0 0 0 1 0
0 0 0 0 0 3 0 2 1 0 0 2 2 0 0 1 0 7 1 4 1 2 1 2 13 0 6 11 1 1 0 0 0 0 0 1 2 0 0 0 0 0 1 0 0 26 53 3 2 40 54 26 12 85 19 33 39 83 416 9 1 0 1 0 0 4 25 49 2 15 70 13 192 68 67 192 62 171 32 10 1 0 3 1 0 2 0 10 81 3 0 24 104 48 20 4 4 2 65 386 241 109 148 149 100 377 357 242 584 498 101 238 114 161 126 57 96 136 19 8 0 0 5 32 77 764 145 30 1 4 0 0 0 0 0 0 0 0 0 0 0 0 0 0 0 0 0 0 0 0
0 0 0 3 2 4 0 0 0 0 0 1 5 1 0 20 1 3 1 1 0 1 7 1 7 4 46 41 11 0 0 0 0 0 0 21 5 0 0 0 0 0 0 10 12 34 22 24 17 373 87 25 23 21 7 52 109 76 33 24 31 17 3 0 1 0 12 7 2 96 39 11 27 14 6 67 134 68 5 59 34 0 16 23 0 17 25 10 6 2 9 171 76 232 21 1 0 103 264 18 166 292 73 48 135 156 108 599 511 3 1 101 13 380 25 0 17 16 0 0 0 0 5 14 74 196 235 194 12 2 0 0 0 0 0 0 0 0 0 0 0 0 0 0 0 0 0 0 0 0
0 0 0 0 0 1 0 0 0 0 0 0 0 1 4 3 0 0 1 3 2 17 76 25 2 7 1 26 157 7 0 0 0 0 0 0 0 0 0 0 0 2 4 222 8 121 102 6 6 205 44 3 0 11 64 11 37 73 0 0 1 2 3 1 0 29 2 3 4 18 50 28 51 0 1 190 11 2 4 7 2 0 3 5 0 20 23 2 11 7 2 26 10 15 0 30 0 46 11 3 539 881 570 175 57 178 66 302 135 1 1 0 2 224 36 0 0 0 0 0 0 0 1 10 10 8 18 119 11 1 0 0 0 0 0 0 0 0 0 0 0 0 0 0 0 0 0 0 0 0
1 0 0 0 1 1 1 0 0 0 0 0 0 0 0 0 0 0 9 0 0 5 11 6 0 12 7 6 2 5 2 14 5 0 0 0 0 0 0 4 14 5 23 15 22 18 14 41 76 338 216 61 21 41 7 4 11 4 3 0 1 7 10 9 135 98 2 0 5 11 85 29 1 0 8 133 274 131 5 36 3 15 7 5 0 0 5 17 42 21 19 0 1 1 0 0 3 1 369 391 1307 787 495 126 5 39 65 127 8 0 0 0 0 17 0 0 0 0 0 0 0 0 2 7 0 0 62 144 0 3 4 0 0 0 0 0 0 0 0 0 0 0 0 0 0 0 0 0 0 0
0 0 0 0 0 0 0 0 0 0 0 0 0 3 0 2 0 0 0 0 1 5 16 2 2 5 1 0 0 0 19 73 10 2 0 0 1 12 0 3 85 38 0 0 0 0 2 13 155 719 318 257 25 0 1 6 0 2 0 0 1 4 1 0 12 7 17 1 4 55 31 41 33 0 6 5 71 77 47 98 15 54 4 32 9 9 11 6 198 93 33 9 1 8 3 8 1 0 106 364 320 74 53 2 8 75 98 92 10 0 0 1 7 76 0 0 0 0 0 0 0 0 0 0 0 39 77 5 0 4 2 0 0 0 0 0 0 0 0 0 0 0 0 0 0 0 0 0 0 0
0 0 0 0 0 0 0 0 0 0 0 0 0 2 8 1 0 0 0 0 0 6 18 3 3 0 0 0 0 0 2 0 27 9 4 0 32 81 31 18 3 0 0 0 0 0 8 11 32 278 228 103 8 0 0 1 0 5 6 9 1 0 0 0 11 2 9 5 0 8 15 41 79 9 3 0 16 13 54 21 1 36 14 0 1 11 8 0 0 0 4 4 7 1 0 1 5 0 0 2 2 0 7 38 62 68 63 73 80 91 46 10 44 0 0 0 0 0 0 0 0 0 0 18 34 194 77 0 0 0 1 2 0 0 0 0 0 0 0 0 0 0 0 0 0 0 0 0 0 0
0 0 5 0 0 0 0 0 0 0 0 0 0 1 1 1 4 0 0 1 2 1 1 1 3 2 0 0 0 1 1 8 9 8 19 22 13 28 15 4 0 0 0 0 9 70 33 81 4 118 138 49 4 10 4 4 24 16 2 1 0 0 0 0 2 1 1 2 9 0 0 10 128 99 3 14 0 0 0 5 0 4 89 148 10 0 0 1 0 0 0 4 0 4 0 1 0 0 0 5 1 4 0 86 36 57 13 8 3 55 1 249 26 1 0 0 0 0 0 0 0 0 0 15 11 47 51 97 1 0 0 0 0 0 0 0 0 0 0 0 0 0 0 0 0 0 0 0 0 0
1 0 0 0 0 0 0 0 0 0 0 0 0 0 0 0 0 0 0 0 2 0 0 0 0 4 1 0 0 0 0 1 7 16 76 0 0 70 0 0 0 0 0 16 25 39 65 7 1 11 67 32 14 17 31 2 2 0 3 4 0 0 0 0 2 0 0 10 20 11 3 3 19 9 41 13 0 0 1 0 19 0 24 59 18 5 0 0 0 0 2 2 2 11 0 1 7 0 0 9 10 4 3 19 610 0 0 18 0 0 0 16 6 0 0 4 8 0 0 0 0 0 0 0 0 83 141 25 0 0 1 0 0 0 0 1 4 0 0 0 1 0 0 0 0 0 0 0 0 0
0 0 0 0 0 0 0 0 0 0 0 0 0 0 21 3 1 1 3 0 0 6 0 4 0 0 1 6 0 0 0 0 9 32 25 3 0 13 1 0 0 1 0 5 107 17 5 1 9 2 70 9 0 5 0 0 0 0 0 0 0 0 0 0 16 2 0 4 5 2 2 26 1 3 2 3 11 1 0 0 3 0 0 15 2 15 3 16 1 12 0 3 5 1 8 0 3 3 2 4 8 19 10 92 278 182 0 16 0 0 0 7 9 8 18 7 0 0 0 0 19 0 0 0 0 106 43 29 4 1 0 0 0 0 0 0 12 30 0 0 0 0 0 0 0 0 0 0 0 0
0 0 0 0 0 0 0 0 1 0 1 0 0 0 8 0 1 9 0 0 5 8 3 2 0 0 1 12 2 0 0 11 3 3 14 3 0 0 2 8 1 4 3 3 88 4 1 0 1 5 44 28 2 1 0 2 0 0 0 0 0 0 0 2 8 0 0 0 6 0 14 5 0 2 1 1 11 10 0 0 0 0 21 5 5 9 15 10 4 1 8 1 0 0 0 15 1 0 0 3 22 73 10 6 37 275 36 4 0 0 0 0 0 2 12 19 0 0 5 1 0 0 0 0 21 241 34 14 1 0 0 0 0 0 0 0 1 15 0 0 0 0 0 0 0 0 0 0 0 0
0 0 0 0 0 0 0 0 0 0 1 0 0 0 2 3 9 35 2 0 3 103 2 3 0 0 2 6 2 9 19 1 0 34 8 0 2 14 10 8 51 84 9 92 125 9 5 2 3 0 0 31 16 18 0 2 0 0 0 0 0 0 1 0 0 0 0 2 5 43 91 30 2 4 0 0 0 14 1 0 0 1 0 0 1 0 4 13 14 16 9 0 2 0 0 0 0 1 0 0 0 12 18 6 22 764 641 44 12 0 0 0 0 7 0 0 14 101 38 10 0 0 0 25 128 23 104 188 223 6 0 0 0 0 1 4 13 8 0 0 0 0 0 0 0 0 0 0 0 0
0 0 0 0 0 0 0 0 1 0 0 1 6 11 18 7 20 86 0 9 1 3 4 2 0 0 0 9 29 6 3 5 14 2 6 15 11 18 70 175 325 728 473 266 63 8 0 1 0 0 2 2 44 33 4 0 0 0 0 0 0 2 6 0 0 0 0 2 0 1 28 31 0 0 8 10 7 11 7 0 0 7 5 0 14 0 0 0 22 8 14 12 10 4 10 29 6 0 0 0 0 20 18 53 172 340 362 321 19 0 0 0 0 1 0 18 204 106 28 0 0 0 18 106 118 371 792 574 107 15 0 0 6 30 0 1 0 0 0 0 0 0 0 0 0 0 0 0 3 0
0 0 0 0 0 0 0 5 1 4 15 31 28 0 0 0 9 14 1 0 2 4 3 20 8 7 4 1 0 1 10 1 0 0 35 27 1 3 261 317 568 1181 564 636 36 4 3 5 7 0 2 0 81 73 33 10 0 0 0 0 0 0 0 0 0 0 0 0 0 0 12 0 0 0 0 0 0 10 20 0 0 0 0 1 10 0 0 0 4 5 0 0 15 13 4 13 1 0 1 2 0 0 12 15 9 77 2 150 43 0 0 0 1 0 85 82 484 380 52 30 14 25 14 100 198 76 390 432 506 263 63 177 14 105 9 1 0 0 0 0 0 0 0 0 0 0 0 0 0 0
0 0 0 0 0 0 1 0 4 4 4 1 5 0 9 4 0 1 10 5 0 9 98 17 0 0 0 0 1 0 3 10 3 0 8 18 16 38 37 120 546 370 315 204 20 6 17 3 1 3 2 3 30 13 2 7 0 0 0 0 0 0 0 0 0 0 0 0 0 0 0 3 0 0 0 0 1 6 1 0 4 39 11 8 28 3 0 1 59 40 2 1 5 19 0 0 4 1 2 5 6 7 2 11 11 5 0 2 65 3 9 3 1 0 120 855 1234 557 202 176 116 114 58 8 3 4 46 234 46 66 15 376 789 59 45 1 0 0 0 0 0 0 0 0 0 0 0 0 0 0
0 0 0 0 0 0 1 0 0 5 1 11 5 0 0 1 1 1 25 8 227 269 18 0 0 0 0 0 3 30 3 1 6 32 9 4 1 8 1 104 427 351 392 136 50 35 8 0 6 8 1 0 7 6 23 1 0 0 0 0 0 0 0 0 0 0 0 0 0 0 0 0 0 0 0 0 0 0 8 2 13 15 36 246 48 8 0 0 0 0 0 0 5 5 0 0 7 4 0 4 2 0 0 2 7 1 1 16 253 150 314 428 102 147 421 1083 539 272 75 347 42 221 8 6 57 159 242 106 9 0 114 302 364 78 55 4 0 0 0 0 0 0 0 0 0 0 0 0 0 0
0 0 0 1 0 0 1 1 0 2 0 2 5 4 0 9 3 14 18 13 47 0 0 0 0 0 0 1 1 10 9 37 6 12 4 84 3 3 3 277 34 78 21 20 6 0 0 0 1 1 1 3 55 4 1 6 0 1 0 0 0 0 0 0 0 0 0 0 0 0 1 0 0 0 0 0 0 12 16 0 0 5 28 6 0 0 0 0 4 0 9 0 0 10 12 16 5 0 0 0 4 1 0 0 0 3 6 14 187 73 100 112 50 534 825 481 317 326 75 352 56 21 0 18 14 43 71 0 0 0 81 360 0 0 0 0 0 0 0 0 0 0 0 0 0 0 0 0 0 0
1 0 3 1 0 9 21 27 2 4 1 0 0 6 11 3 1 10 25 23 17 0 0 0 0 0 0 0 1 8 72 0 15 2 5 0 1 7 10 0 23 13 2 0 0 0 0 0 5 2 0 6 238 13 15 28 13 1 0 0 0 0 0 0 0 0 0 0 0 0 0 0 0 0 0 0 0 3 2 6 0 1 3 0 0 0 0 0 4 0 0 0 2 25 6 0 8 1 0 0 10 0 0 0 0 0 4 66 70 35 3 10 216 328 435 312 183 309 190 131 228 1 0 0 0 0 0 0 0 0 1 88 23 0 0 0 0 0 0 0 0 0 0 0 0 0 0 0 0 0
0 0 0 0 7 0 27 13 0 3 3 0 1 17 5 6 26 29 3 0 1 14 7 0 1 1 0 40 11 8 20 54 14 0 0 3 1 3 2 0 4 16 2 3 1 0 9 0 0 1 0 20 137 51 5 21 2 0 0 0 0 0 0 0 0 0 0 0 0 0 0 0 0 0 0 0 5 3 3 1 0 0 0 0 0 0 0 0 3 1 2 7 14 42 1 22 7 3 1 7 6 0 0 1 0 0 10 70 487 17 0 0 0 0 9 7 7 61 353 561 50 0 0 0 0 1 13 0 0 0 0 0 78 6 0 0 0 0 0 0 0 0 0 0 0 1 0 0 0 0
2 0 16 1 2 0 17 55 7 10 8 9 8 2 4 122 71 21 4 15 0 1 2 4 5 1 2 14 1 11 3 8 5 3 0 1 2 0 3 1 12 7 0 1 2 0 3 0 0 0 0 57 5 86 15 4 4 0 0 0 0 0 0 0 0 0 0 0 0 0 0 0 0 0 0 0 2 25 3 1 0 0 5 0 0 0 0 3 30 0 19 0 1 37 0 0 0 3 25 3 0 0 2 1 1 12 40 49 163 0 0 0 0 0 13 0 0 12 152 408 316 402 0 0 7 74 0 0 0 55 95 41 44 9 0 0 0 0 0 0 0 0 0 1 0 0 0 0 0 0
0 2 0 0 0 3 2 0 0 3 60 4 3 2 134 63 66 37 11 3 2 0 2 6 4 9 1 0 1 4 0 0 1 6 5 0 0 0 0 1 0 23 12 0 0 2 1 0 2 0 13 49 27 33 20 5 0 0 0 0 0 0 0 0 0 0 0 0 0 0 0 0 0 0 0 0 0 33 195 2 3 10 2 0 0 0 0 82 44 0 0 5 3 4 1 7 0 2 3 20 43 17 8 7 3 19 26 9 64 22 0 0 0 10 69 85 159 441 114 237 562 202 0 10 230 32 0 0 0 122 171 0 0 0 0 0 0 0 0 0 0 0 0 0 0 0 0 0 0 0
0 0 0 0 0 0 5 1 8 2 14 78 10 8 0 1 2 2 1 2 0 0 6 8 17 3 3 3 35 5 0 0 0 1 0 0 0 0 1 0 2 11 13 9 10 0 8 0 0 0 0 77 24 7 0 5 0 0 2 0 0 0 0 0 0 0 0 0 0 0 0 0 0 0 0 0 0 8 31 13 0 3 0 0 0 0 0 25 0 0 5 0 0 9 0 0 1 0 8 7 0 0 10 0 13 0 17 32 46 5 0 0 0 0 116 417 933 453 77 29 82 189 263 238 450 3 0 2 29 497 193 0 0 0 0 0 0 0 0 0 0 0 0 0 0 0 0 0 0 0
0 0 1 0 0 1 10 3 3 0 9 15 2 1 0 0 0 2 2 10 1 0 0 1 0 1 2 3 21 0 0 0 1 0 0 0 0 0 4 2 0 0 0 2 2 1 0 2 0 1 1 72 3 7 5 3 0 1 3 8 0 0 0 0 0 0 0 0 0 0 0 0 0 0 0 0 4 26 86 82 5 20 15 1 0 0 2 0 0 1 0 0 1 14 0 0 0 0 0 7 3 10 1 6 11 5 6 4 59 1 0 1 30 27 60 58 1 54 610 269 28 210 1173 570 423 365 279 372 994 1999 917 11 0 2 0 0 0 2 0 0 0 0 0 0 0 0 0 0 0 0
0 1 5 0 1 3 6 2 3 14 28 2 1 4 5 4 0 1 0 0 0 0 0 0 0 25 16 0 0 0 1 8 1 1 0 0 0 0 1 12 0 0 3 0 0 4 6 1 1 2 10 299 35 8 0 11 0 5 2 1 0 0 0 1 0 0 0 0 0 0 0 0 0 0 0 0 0 23 68 1 1 34 43 0 0 0 0 0 1 5 0 3 3 10 2 44 8 4 3 1 6 0 1 12 5 10 24 6 107 55 10 29 19 2 2 23 6 265 468 521 471 717 794 1083 1570 1301 898 765 1322 918 1101 5 0 0 0 0 0 0 0 0 0 0 0 0 0 0 0 0 0 0
0 2 0 0 5 3 0 0 8 8 1 3 0 0 5 14 1 3 1 1 0 0 0 0 24 8 5 4 0 0 1 2 3 3 0 1 3 7 5 0 4 0 1 0 3 1 2 0 10 29 647 536 11 89 8 1 9 0 3 9 0 0 0 0 0 0 0 0 0 0 0 0 0 0 0 0 0 0 4 0 0 3 0 0 0 0 0 0 2 1 0 0 14 0 0 1 1 0 0 4 16 9 33 4 18 16 46 114 7 34 19 2 7 6 10 24 3 63 568 1378 1358 994 373 959 1577 1255 222 674 737 15 261 73 0 0 0 0 0 0 0 0 0 0 0 0 0 0 0 0 0 0
1 0 0 14 6 0 0 0 15 1 1 0 3 2 0 0 1 9 0 0 0 0 0 0 3 7 0 0 0 0 1 56 32 0 0 3 1 0 0 1 0 0 1 0 0 1 2 0 2 85 596 1403 708 673 44 47 3 3 9 7 0 0 0 0 0 0 0 0 0 0 0 0 0 0 0 0 0 0 0 14 0 0 0 0 0 0 0 24 97 1 0 20 19 0 0 0 0 0 0 5 8 0 32 51 17 162 418 46 4 0 3 5 0 6 2 29 25 28 175 661 351 638 240 1941 1755 1020 248 249 10 502 1388 540 1 0 0 0 0 0 0 0 0 0 0 0 0 0 0 0 0 0
2 3 2 30 0 0 23 5 28 17 13 49 1 3 1 0 0 0 0 0 0 0 0 0 0 0 4 15 17 0 0 14 6 1 1 3 3 0 0 0 0 0 0 1 0 0 0 0 0 17 194 339 819 382 94 54 9 5 3 3 0 0 0 0 0 0 0 0 0 0 0 0 0 0 2 0 0 0 0 51 13 4 0 0 0 0 0 30 52 0 4 22 56 0 0 0 0 0 0 16 8 45 92 214 28 23 4 18 0 0 0 2 2 3 3 2 9 17 6 24 231 231 387 732 1432 1069 584 531 332 970 557 412 2 0 0 0 0 0 0 0 0 0 0 0 0 0 0 0 0 0
6 2 8 9 1 3 13 21 8 0 4 0 2 0 0 0 0 0 0 0 0 0 1 0 0 0 0 0 0 0 3 0 0 0 0 0 2 3 0 0 0 0 0 0 0 4 12 0 10 15 54 351 383 32 35 16 7 1 3 1 0 0 0 0 0 0 0 0 0 0 0 0 0 0 0 0 0 0 0 0 5 7 0 0 0 1 47 47 58 1 12 167 192 33 8 0 0 0 0 24 56 11 71 330 44 5 6 4 37 2 5 0 9 1 3 4 3 50 80 32 81 606 653 462 432 957 985 1478 187 168 139 76 0 0 0 0 0 0 0 0 0 0 0 0 0 0 0 0 0 0
0 1 23 1 5 1 13 75 8 16 1 4 4 1 0 0 0 0 0 0 1 0 0 0 0 0 0 0 0 0 0 0 0 0 0 0 0 1 1 1 1 0 0 0 0 1 0 1 3 81 3 20 100 20 8 1 0 38 64 60 2 0 0 0 0 0 0 0 0 0 0 0 0 0 0 0 0 0 0 0 1 3 25 31 17 17 3 0 9 34 157 165 111 4 13 21 0 7 18 56 50 345 416 556 348 49 48 6 7 9 2 0 12 0 0 0 1 51 38 312 416 574 1530 2049 923 259 1622 2434 1351 0 0 3 0 0 0 0 0 0 0 1 0 0 0 0 0 0 0 0 0 0
4 13 26 0 4 14 13 51 15 8 0 0 0 4 0 0 0 0 0 0 0 0 24 0 0 0 0 0 2 0 0 0 3 2 0 0 0 0 0 0 4 0 0 0 0 3 0 0 31 1 0 11 48 5 7 1 0 7 87 17 5 1 0 0 0 0 0 0 0 0 0 0 0 0 0 0 0 0 0 0 5 7 18 0 1 13 4 19 11 65 111 135 95 17 40 46 8 2 0 22 172 354 1157 229 202 113 1 18 3 5 7 1 0 0 2 0 6 370 400 486 664 24 22 157 209 395 378 1505 289 6 186 8 0 0 0 0 0 0 0 0 0 0 0 0 0 0 0 0 0 0
21 5 112 1 34 145 48 6 0 2 1 2 1 3 0 1 0 0 0 0 3 0 0 0 0 0 1 0 0 0 0 0 0 0 0 0 0 0 0 0 3 1 2 0 1 4 0 0 0 1 0 6 20 0 3 4 0 0 2 29 4 1 0 0 0 0 0 0 0 0 0 0 0 0 0 0 0 0 0 6 29 59 0 4 48 3 79 21 1 0 2 7 40 0 1 0 0 0 0 21 7 90 1049 267 153 365 14 13 20 2 29 13 0 0 0 31 208 486 138 38 0 0 0 0 32 269 145 603 360 21 42 8 0 0 0 0 0 0 0 0 0 0 0 0 0 0 0 0 0 0
2 33 81 260 382 506 181 108 4 0 0 0 0 0 1 0 0 0 0 0 0 14 0 0 0 0 0 0 0 0 0 1 0 0 0 0 0 0 0 0 1 1 0 7 4 10 1 11 0 0 1 23 15 1 0 6 2 0 7 5 1 0 0 0 0 0 0 0 0 0 0 0 0 0 0 0 0 0 4 32 13 0 0 1 18 2 27 120 42 1 0 0 0 0 0 0 0 0 0 0 0 228 676 234 220 259 3 7 4 49 7 5 2 0 20 116 141 6 21 61 0 0 0 0 18 439 197 969 245 8 30 1 0 0 0 0 0 0 0 0 0 0 0 0 0 0 0 0 0 0
4 94 314 1209 398 364 165 50 0 1 0 4 1 0 1 0 2 4 1 1 2 3 0 0 2 0 0 35 0 0 0 0 0 0 0 0 0 0 0 3 0 2 0 2 0 0 1 9 35 0 0 0 5 0 0 3 1 0 1 0 0 2 0 0 0 0 0 0 0 0 0 0 0 0 0 0 0 21 0 0 0 0 0 0 0 0 36 19 1 0 7 2 0 0 0 8 0 0 0 0 13 64 40 29 149 157 0 0 0 3 37 19 23 30 25 0 2 3 12 27 25 63 3 0 7 146 99 448 51 2 0 0 0 0 0 0 0 0 0 0 0 0 0 0 0 0 0 0 0 0
0 24 245 235 145 165 46 26 5 1 0 6 1 0 0 0 0 0 2 1 4 4 0 1 0 0 0 0 3 1 0 0 0 0 0 0 0 0 0 0 0 0 0 0 0 1 0 3 2 2 0 0 0 1 0 21 0 0 0 0 1 0 0 0 0 0 0 0 0 0 0 0 0 0 0 0 2 0 0 1 0 0 0 0 0 0 66 23 5 23 31 2 0 0 4 19 0 0 0 412 706 164 285 240 5 193 35 6 0 4 13 65 17 1 0 0 0 0 17 65 76 59 162 225 45 43 2 0 0 4 0 0 0 0 0 0 0 0 0 0 0 0 0 0 0 0 0 0 0 0
17 20 64 102 102 34 2 1 3 49 21 0 1 0 0 0 1 0 0 0 2 86 1 0 0 0 0 0 0 1 1 0 0 0 0 0 0 0 0 0 0 0 2 0 3 34 4 0 0 0 0 0 0 0 2 15 1 0 0 0 0 0 0 0 0 0 0 0 0 0 0 0 0 0 0 0 6 16 0 0 0 0 0 0 0 1 37 0 0 16 35 1 0 0 71 132 95 3 202 1333 422 455 343 39 2 17 82 159 0 13 85 0 0 0 0 0 1 1 79 40 86 53 14 85 15 56 25 21 56 43 23 0 0 0 0 0 0 0 0 0 0 0 0 0 0 0 0 0 0 0
39 8 23 0 0 0 1 1 0 0 1 3 0 0 0 0 0 0 2 4 1 11 4 1 0 0 0 0 0 1 0 0 0 2 9 2 0 0 0 0 1 0 0 2 1 9 1 5 0 0 1 0 2 1 40 17 5 0 0 0 0 0 0 0 0 0 0 0 0 0 0 0 0 0 27 11 1 0 0 0 0 0 0 0 0 0 11 2 0 0 109 14 10 14 177 233 101 20 100 130 15 8 85 29 13 8 0 169 737 127 2 0 0 2 0 0 0 0 1 2 35 2 3 1 52 51 59 68 265 108 37 0 0 0 0 0 0 0 0 0 0 0 0 0 0 0 0 0 0 0
13 0 14 1 0 0 7 0 0 0 0 4 0 0 0 0 0 0 0 0 0 0 0 1 0 0 1 0 0 0 3 93 0 0 0 0 0 0 0 0 1 0 0 0 2 0 0 0 0 0 0 3 3 4 25 1 0 0 0 0 0 0 0 0 0 0 0 0 0 0 0 0 0 0 16 18 1 0 1 0 0 0 0 0 0 0 44 43 167 54 145 24 8 10 1 65 19 16 0 4 7 0 2 1 0 1 157 336 226 114 0 0 0 0 0 0 0 5 1 1 6 6 2 22 9 175 79 194 230 219 75 1 0 0 0 0 0 0 0 0 0 0 0 0 0 0 0 0 0 0
5 2 0 5 3 0 0 0 0 0 0 0 0 0 0 0 0 0 1 1 2 0 0 0 0 0 1 0 0 0 9 0 0 0 0 0 0 0 0 0 0 2 0 0 0 3 3 1 0 0 0 3 8 51 12 2 2 0 0 0 0 0 0 0 0 0 0 0 0 0 0 2 4 2 2 0 0 0 0 0 0 0 0 0 0 0 3 0 133 9 0 0 0 1 8 39 5 3 11 0 0 5 0 10 2 129 836 507 124 139 0 0 0 0 0 0 0 39 56 16 2 62 2 17 1 0 123 59 10 28 31 2 0 0 0 0 0 0 0 0 0 0 0 0 0 0 0 0 0 0
1 0 0 1 0 0 0 0 0 0 0 0 0 0 0 0 0 0 0 0 0 0 0 6 0 0 0 1 0 1 0 4 0 0 1 0 0 0 0 0 0 0 0 0 0 1 0 0 0 0 16 4 7 90 13 4 6 0 0 0 0 0 0 0 0 0 0 0 0 0 2 4 3 1 0 0 0 0 0 0 0 0 0 0 0 0 3 0 3 1 0 0 0 22 2 1 1 0 25 2 1 4 1 0 25 72 190 34 120 380 0 0 0 0 0 0 0 0 5 8 2 5 2 42 82 21 178 47 41 34 1 0 0 0 0 0 0 0 0 0 0 0 0 0 0 0 0 0 0 0
0 0 0 0 5 10 2 0 0 0 0 0 0 0 0 0 1 0 0 0 0 0 0 0 0 0 0 0 1 0 0 0 0 1 2 2 0 0 1 0 0 0 1 1 0 0 0 0 0 0 3 0 5 4 1 0 13 4 0 0 0 0 0 0 0 0 0 2 4 3 0 0 0 0 0 0 0 0 0 0 0 0 0 0 0 1 0 0 6 0 0 40 152 24 0 0 0 0 1 10 14 3 22 12 76 80 0 6 7 18 9 0 0 0 0 0 0 0 0 0 6 42 0 34 0 0 0 265 6 12 0 0 0 0 0 0 0 0 0 0 0 0 0 0 0 0 0 0 0 0
0 0 0 0 81 37 0 0 0 0 0 0 0 0 4 0 0 5 0 0 0 0 0 0 0 0 1 0 1 0 3 0 0 0 0 1 0 2 1 1 0 0 0 6 8 1 0 0 0 2 6 0 0 5 0 1 9 2 0 5 0 0 0 0 0 0 0 0 5 4 0 0 0 0 0 0 0 0 0 0 0 0 0 0 0 0 0 1 36 76 219 406 209 15 5 0 0 0 1 34 69 374 336 83 9 32 5 0 0 8 11 0 0 0 0 0 0 0 0 0 1 0 0 0 0 33 213 74 0 0 0 0 0 0 0 0 0 0 0 0 0 0 0 0 0 0 0 0 0 0
0 0 0 0 1 2 1 0 0 0 0 0 0 1 0 1 0 0 2 0 0 0 0 0 0 0 0 0 0 6 0 0 0 0 0 5 0 0 0 0 0 0 0 0 1 3 0 0 1 0 1 0 0 0 2 1 0 1 0 0 0 0 0 0 0 0 0 0 10 3 0 0 0 0 0 0 0 0 0 0 0 0 0 0 1 5 0 3 24 105 231 156 58 10 1 1 3 4 2 74 97 119 84 12 0 0 2 0 0 0 17 0 0 0 0 0 0 0 0 0 0 23 60 0 0 65 59 1 0 0 0 0 0 0 0 0 0 0 0 0 0 0 0 0 0 0 0 0 0 0
0 0 0 1 0 2 1 0 0 0 0 0 14 16 0 1 0 0 0 0 0 0 0 0 0 2 4 0 3 16 0 0 0 0 3 1 0 0 0 0 0 0 0 3 3 2 4 0 0 0 2 0 0 24 11 1 0 0 0 0 0 0 0 0 0 0 1 5 59 0 0 0 0 0 0 0 0 0 0 0 0 0 0 0 4 11 61 4 5 5 2 4 14 1 38 0 0 9 24 13 107 0 6 11 1 1 0 4 1 21 20 52 0 0 0 0 0 0 0 0 0 0 1 0 0 0 0 2 0 0 0 0 0 0 0 0 0 0 0 0 0 0 0 0 0 0 0 0 0 0
0 0 0 0 0 0 3 0 0 0 0 0 0 0 3 0 0 1 0 0 0 0 0 0 0 0 0 0 0 0 0 0 0 0 0 0 0 0 0 0 0 0 0 0 0 0 2 13 0 4 0 0 2 1 3 10 1 1 0 0 0 0 0 0 0 1 10 34 29 0 0 0 0 0 0 0 0 0 0 0 0 1 0 13 65 2 0 3 7 16 9 0 8 1 35 4 7 27 19 15 50 17 1 2 16 0 0 20 72 146 201 427 56 13 0 0 0 0 0 0 0 0 0 0 0 0 0 0 0 0 0 0 0 0 0 0 0 0 0 0 0 0 0 0 0 0 0 0 0 0
0 0 0 1 0 1 2 3 0 0 0 0 0 0 0 0 0 0 0 0 0 0 0 0 1 0 0 0 1 1 0 0 0 0 0 0 1 0 0 0 0 0 0 0 0 0 0 7 12 0 0 0 0 2 1 83 82 0 1 0 0 0 0 0 0 4 35 117 1 0 1 2 0 0 0 0 0 0 0 0 0 0 0 19 69 0 2 8 13 8 6 3 12 0 0 21 43 22 8 0 1 0 13 9 9 3 11 5 57 67 220 216 112 51 4 0 0 0 0 0 0 0 0 0 0 0 0 0 0 0 0 0 0 0 0 0 0 0 0 0 0 0 0 0 0 0 0 0 0 0
0 0 3 0 3 0 0 0 0 0 0 0 0 0 0 2 0 0 0 0 0 0 0 2 0 0 0 0 0 0 0 0 0 0 0 0 0 0 0 1 0 0 0 0 0 2 5 7 55 16 0 0 0 0 6 1 4 13 28 28 5 2 4 5 7 2 0 0 0 1 0 0 0 0 0 0 0 0 0 0 0 0 0 0 0 0 0 8 7 16 0 0 0 0 13 148 5 0 0 0 0 0 0 0 23 113 315 1095 379 91 25 0 72 49 0 0 0 0 0 0 0 0 0 0 0 0 0 0 0 0 0 0 0 0 0 0 0 0 0 0 0 0 0 0 0 0 0 0 0 0
0 0 0 2 6 68 1 0 1 0 2 0 0 0 0 0 0 0 0 0 0 0 0 0 0 0 0 0 0 0 0 0 0 0 0 1 0 0 11 1 1 0 0 1 1 4 26 10 1 5 2 0 1 1 19 5 0 0 0 1 0 0 0 0 1 0 1 4 1 15 2 8 1 0 0 0 0 0 0 0 0 0 0 0 0 0 0 7 0 2 10 22 0 1 92 16 1 0 0 0 1 11 0 9 115 104 392 324 163 286 101 187 317 3 0 0 0 0 0 0 0 0 0 0 0 0 0 0 0 0 0 0 0 0 0 0 0 0 0 0 0 0 0 0 0 0 0 0 0 0
0 0 1 0 22 54 0 0 0 8 1 0 0 0 0 0 3 0 1 0 0 0 0 0 0 0 0 0 0 0 0 0 2 1 0 0 0 0 0 0 1 2 4 0 1 0 5 1 4 2 4 0 4 3 0 0 1 1 5 5 0 2 0 2 0 0 0 0 1 0 0 0 1 1 0 0 0 0 0 0 0 0 0 0 0 0 0 0 1 1 0 1 19 34 0 43 245 0 0 0 0 0 0 47 144 185 2 0 9 27 0 7 4 0 0 0 0 0 0 0 0 0 0 0 0 0 0 0 0 0 0 0 0 0 0 0 0 0 0 0 0 0 0 0 0 0 0 0 0 0
0 0 0 0 0 5 0 0 1 0 1 0 0 0 0 0 0 0 0 0 0 0 0 0 0 1 0 0 0 0 0 2 2 0 0 0 0 0 0 0 0 2 0 1 0 0 2 0 5 5 2 0 0 1 0 0 0 0 7 2 3 1 0 0 0 0 0 0 0 0 2 8 0 3 0 0 0 0 0 0 0 0 0 0 0 0 0 0 1 1 0 23 80 22 21 157 302 0 0 0 0 0 1 6 5 0 0 0 0 0 47 123 1 0 0 0 1 0 0 0 0 0 0 0 0 0 0 0 0 0 0 0 0 0 0 0 0 0 0 0 0 0 11 6 4 0 0 0 0 0
0 0 1 0 0 0 0 0 0 0 1 0 0 0 1 1 0 0 0 0 0 0 0 0 0 0 0 0 0 0 0 0 0 0 0 0 0 0 0 0 0 0 0 0 0 1 0 0 0 1 8 1 9 6 10 0 0 0 7 6 8 1 0 0 0 0 0 0 0 0 0 1 0 0 0 0 0 0 0 0 0 0 0 0 0 0 0 3 24 6 5 35 219 142 27 0 9 2 0 0 0 0 1 4 0 0 2 8 0 90 234 2 1 0 0 0 0 0 0 0 0 0 0 0 0 0 0 0 0 0 0 0 0 0 0 0 0 0 0 0 0 0 0 1 0 0 0 0 0 0
0 0 0 0 0 1 0 0 0 0 0 1 0 0 0 0 0 0 0 0 0 0 0 0 1 0 0 0 0 0 0 0 0 0 0 0 0 0 0 0 0 0 0 0 1 0 0 0 0 0 10 7 6 0 1 0 0 0 1 4 8 0 0 0 1 0 0 0 0 0 0 5 0 0 0 0 0 0 0 0 0 0 0 0 0 0 0 0 0 1 7 70 399 1 0 3 12 0 0 0 0 0 0 3 1 8 0 6 25 45 57 3 0 0 0 0 0 0 0 0 0 0 0 0 0 0 0 0 0 0 0 0 0 0 0 0 0 0 0 0 0 0 0 0 0 0 0 0 0 0
0 0 0 0 0 0 0 0 0 0 0 0 4 2 0 0 0 0 2 0 0 0 0 1 0 0 0 0 0 0 0 0 0 0 0 0 1 0 0 0 0 0 0 1 0 0 0 0 0 0 2 17 1 0 0 2 5 4 1 7 2 2 0 0 0 0 0 0 0 0 0 71 9 0 0 0 0 0 0 0 1 0 0 0 0 0 0 0 2 2 67 21 8 8 63 10 0 0 0 0 0 0 0 0 0 0 0 0 0 0 0 0 0 0 0 0 0 0 0 0 0 0 0 0 0 0 0 0 0 0 0 0 0 0 0 0 0 0 0 0 0 0 0 0 0 0 0 0 0 0
0 0 0 0 0 0 0 0 0 0 0 0 0 0 0 0 0 0 0 0 0 0 6 40 0 0 0 0 0 0 0 0 0 0 0 0 2 0 0 0 0 0 0 0 0 0 0 0 0 0 0 22 2 2 3 2 0 1 0 0 0 12 11 0 0 0 0 0 0 0 0 4 1 0 3 0 0 0 0 0 0 0 0 0 0 0 0 0 0 8 12 38 12 17 13 4 0 0 0 0 0 0 0 0 0 0 0 0 0 0 0 0 0 0 0 0 0 0 0 0 0 0 0 0 0 0 0 0 0 0 0 0 0 0 0 0 0 0 0 0 0 0 0 0 0 0 0 0 0 0
0 0 0 0 0 0 0 0 0 0 0 0 1 0 0 0 0 0 0 0 0 0 0 3 4 0 0 0 3 0 0 0 0 0 0 0 0 1 0 0 0 1 0 1 0 0 0 0 0 0 0 32 35 1 8 2 2 0 0 0 2 40 121 0 0 0 0 0 0 0 0 0 0 0 5 0 0 0 0 0 0 0 0 0 0 1 0 0 0 4 23 8 0 17 64 11 0 0 1 0 0 0 0 0 0 0 0 0 0 0 0 0 0 0 0 0 0 0 0 0 0 0 0 0 0 0 0 0 0 0 0 0 0 0 0 0 0 0 0 0 0 0 0 0 0 0 0 0 0 0
0 0 0 0 0 0 0 0 2 0 0 0 5 1 0 0 0 1 0 0 0 0 0 0 1 0 0 0 0 0 0 0 0 0 0 0 0 0 0 1 2 0 0 0 0 0 0 0 1 15 9 40 134 20 10 4 0 0 0 0 0 15 0 0 0 0 0 0 0 0 0 0 0 10 1 0 0 0 0 0 0 0 0 0 0 0 0 0 0 0 0 15 21 9 23 4 0 0 0 0 0 0 0 0 0 0 0 0 0 0 0 0 0 0 0 0 0 0 0 0 0 0 0 0 0 0 0 0 0 0 0 0 0 0 0 0 0 0 0 0 0 0 0 0 0 0 0 0 0 0
0 0 0 0 0 0 0 0 0 0 0 0 14 2 0 2 1 2 3 0 0 1 0 0 1 7 0 0 0 0 0 0 0 0 0 0 0 0 0 0 0 0 0 0 0 0 0 0 7 8 0 21 116 1 22 2 1 0 0 0 1 9 2 0 0 0 0 0 0 0 0 0 0 0 0 0 0 0 0 0 0 0 0 0 0 0 0 0 0 0 0 4 6 8 5 3 6 24 0 11 0 0 0 0 0 0 0 0 0 0 0 0 0 0 0 0 0 0 0 0 0 0 0 0 0 0 0 0 0 0 0 0 0 0 0 0 0 0 0 0 0 0 0 0 0 0 0 0 0 0
0 0 0 0 4 0 0 0 0 7 0 0 0 0 3 0 0 0 5 0 0 0 0 1 0 7 0 0 0 0 0 0 0 0 0 0 0 0 1 0 0 0 0 0 0 0 0 4 0 0 1 11 35 0 0 1 0 1 1 3 21 5 0 2 0 0 0 0 0 0 0 0 0 0 0 0 0 0 0 0 0 0 0 0 0 0 0 0 0 0 0 0 0 0 0 7 14 0 1 2 0 0 0 0 0 0 0 0 0 0 0 0 0 0 0 0 0 0 0 0 0 0 0 0 0 0 0 0 0 0 0 0 0 0 0 0 0 0 0 0 0 0 0 0 0 1 0 0 0 0
0 0 1 0 0 0 0 0 0 0 4 5 0 0 0 0 0 0 0 0 0 0 0 1 1 0 0 0 0 0 1 0 1 0 26 3 0 2 0 0 0 0 0 0 0 0 29 6 0 0 0 0 0 0 0 0 0 0 0 1 8 0 0 0 0 0 0 0 0 0 0 0 0 0 0 0 0 0 0 0 0 0 0 0 0 0 0 0 0 0 0 0 0 0 0 22 6 19 0 0 1 0 0 0 0 0 0 0 0 0 0 0 0 0 0 0 0 0 0 0 0 0 0 0 0 0 0 0 0 0 0 0 0 0 0 0 0 0 0 0 0 0 0 0 2 9 0 0 0 0
0 0 0 0 0 0 0 0 0 0 1 0 0 0 0 0 0 0 0 4 2 0 0 0 0 0 0 0 0 0 1 2 0 0 0 0 0 1 0 0 0 0 0 0 1 2 1 0 0 0 0 0 0 0 0 0 0 0 0 0 3 0 0 0 0 0 0 0 0 0 0 5 6 0 0 0 0 0 0 0 0 0 0 0 0 0 0 0 0 0 0 0 0 0 24 1 10 1 0 4 14 1 0 0 0 0 0 0 0 0 0 0 0 0 0 0 0 0 0 0 0 0 0 0 0 0 0 0 0 0 0 0 0 0 0 0 0 0 0 0 0 0 0 0 0 0 0 0 0 0
0 0 0 0 0 0 0 0 0 0 0 2 0 0 0 0 1 0 3 1 0 0 0 0 0 0 0 0 0 0 0 0 0 0 0 0 0 0 0 0 0 0 0 0 3 0 0 0 0 0 0 0 0 0 0 0 0 0 0 0 0 0 0 0 0 0 0 0 0 0 25 23 0 0 0 0 0 0 0 0 0 0 0 0 0 0 0 0 0 0 0 0 0 0 8 0 0 0 0 0 0 0 0 0 0 0 0 0 0 0 0 0 0 0 0 0 0 0 0 0 0 0 0 0 0 0 0 0 0 0 0 0 0 0 0 0 0 0 0 0 0 0 0 0 0 0 0 0 0 0
0 0 0 0 0 0 0 0 0 0 3 0 8 0 0 5 2 0 0 0 0 0 0 0 0 0 0 0 0 0 0 0 1 0 0 0 0 0 0 0 0 0 0 3 1 0 0 0 0 0 0 0 0 0 0 0 0 0 0 0 3 0 0 0 0 0 0 0 0 0 10 3 0 0 0 0 0 0 0 0 0 0 0 0 0 0 0 0 0 0 0 0 0 0 0 1 8 0 0 0 0 0 0 0 0 0 0 0 0 0 0 0 0 0 0 0 0 0 0 0 0 0 0 0 0 0 0 0 0 0 0 0 0 0 0 0 0 0 0 0 0 0 0 0 0 0 0 0 0 0
0 0 0 0 0 0 0 0 1 0 0 1 10 0 5 6 18 3 0 0 0 0 0 0 0 0 0 0 0 0 0 0 0 0 0 0 1 0 0 0 0 0 0 10 0 0 0 0 0 0 0 0 0 0 0 0 0 0 0 17 1 0 0 0 0 0 0 0 28 0 0 3 0 0 0 0 0 0 0 0 0 0 0 0 0 0 0 0 0 0 0 0 0 0 0 0 3 1 2 2 0 0 0 0 0 0 0 0 0 0 0 0 0 0 0 0 0 0 0 0 0 0 0 0 0 0 0 0 0 0 0 0 0 0 0 0 0 0 0 0 0 0 0 0 0 0 0 0 0 0
0 0 0 0 0 2 0 0 0 0 0 0 2 0 0 0 0 11 4 0 0 0 0 0 0 0 0 0 0 0 0 0 0 0 0 0 1 0 2 1 0 0 5 2 0 0 0 0 0 0 0 0 0 0 0 0 0 0 0 0 7 3 2 0 1 0 0 1 70 48 2 0 0 0 0 0 0 0 0 0 0 0 0 0 0 0 0 0 0 0 0 0 0 0 0 0 6 0 3 0 0 0 0 0 0 0 0 0 0 0 0 0 0 0 0 0 0 0 0 0 0 0 0 0 0 0 0 0 0 0 0 0 0 0 0 0 0 0 0 0 0 0 0 0 0 0 0 0 0 0
1 1 0 0 0 0 0 0 0 0 2 3 39 16 0 2 32 1 4 9 0 0 0 20 0 2 0 0 0 0 0 1 0 0 0 0 16 2 5 1 0 0 7 0 0 0 0 0 0 0 0 0 0 0 0 0 0 0 0 0 0 0 1 1 150 54 31 0 0 0 0 0 0 0 0 0 0 0 0 0 0 0 0 0 0 0 0 0 0 0 0 0 0 0 0 0 0 0 0 0 0 0 0 0 0 0 0 0 0 0 0 0 0 0 0 0 0 0 0 0 0 0 0 0 0 0 0 0 0 0 0 0 0 0 0 0 0 0 0 0 0 0 0 0 0 0 0 0 0 0
3 68 7 0 0 0 0 0 0 0 1 4 5 0 0 0 3 0 1 9 17 261 43 5 1 0 0 0 0 1 1 0 0 0 2 9 25 2 0 4 0 4 1 0 0 0 0 0 0 0 0 0 0 0 0 0 0 0 0 0 0 0 0 0 12 5 0 0 0 0 0 0 0 0 0 0 0 0 0 0 0 0 0 0 0 0 0 0 0 0 0 0 0 0 0 0 0 0 0 0 0 0 0 0 0 0 0 0 0 0 0 0 0 0 0 0 0 0 0 0 0 0 0 0 0 0 0 0 0 0 0 0 0 0 0 0 0 0 0 0 0 0 0 0 0 0 0 0 0 0
19 6 8 3 0 2 0 0 0 0 0 0 14 0 0 3 8 7 0 8 0 43 22 5 16 2 0 0 4 12 4 0 0 0 0 0 3 4 3 3 2 20 0 0 0 0 0 0 0 0 0 0 0 0 0 0 0 0 0 0 0 0 0 0 2 0 0 0 0 0 0 0 0 0 0 0 0 0 0 0 0 0 0 0 0 0 0 0 0 1 0 0 0 0 0 0 0 0 0 0 0 0 0 0 0 0 0 0 0 0 0 0 0 0 0 0 0 0 0 0 0 0 0 0 0 0 0 0 0 0 0 0 0 0 0 0 0 0 0 0 0 0 0 0 0 0 0 0 0 0
0 0 0 0 0 1 0 0 0 0 0 2 16 0 0 0 0 1 0 1 0 2 1 6 2 8 7 5 1 0 0 0 0 0 1 1 2 0 0 0 0 0 0 0 0 0 0 0 0 0 0 0 0 0 0 0 0 0 0 0 0 0 0 0 0 1 0 0 0 0 0 0 0 0 0 0 0 0 0 0 0 0 0 0 0 0 0 0 0 0 0 0 0 0 0 0 0 0 0 0 0 0 0 0 0 0 0 0 0 0 0 0 0 0 0 0 0 0 0 0 0 0 0 0 0 0 0 0 0 0 0 0 0 0 0 0 0 0 0 0 0 0 0 0 0 0 0 0 0 0
0 0 0 0 0 0 0 0 0 0 0 0 0 0 0 0 0 1 0 13 0 0 1 1 2 9 9 7 20 1 3 0 1 12 2 1 0 0 0 0 0 0 0 0 0 0 0 0 0 0 0 0 0 0 0 0 0 0 0 0 0 0 0 0 0 0 0 0 0 0 0 0 0 0 0 0 0 0 0 0 0 0 0 0 0 0 0 0 0 0 0 0 0 0 0 0 0 0 0 0 0 0 0 0 0 0 0 0 0 0 0 0 0 0 0 0 0 0 0 0 0 0 0 0 0 0 0 0 0 0 0 0 0 0 0 0 0 0 0 0 0 0 0 0 0 0 0 0 0 0
0 0 0 0 0 0 0 0 0 0 0 0 0 1 0 0 0 0 0 0 0 0 0 0 0 0 0 3 328 28 9 9 7 34 0 0 1 0 0 0 0 0 0 0 0 0 0 0 0 0 0 0 0 0 0 0 0 0 0 0 0 0 0 0 0 0 0 0 0 0 0 0 0 0 0 0 0 0 0 0 0 0 0 0 0 0 0 0 0 0 0 0 0 0 0 0 0 0 0 0 0 0 0 0 0 0 0 0 0 0 0 0 0 0 0 0 0 0 0 0 0 0 0 0 0 0 0 0 0 0 0 0 0 0 0 0 0 0 0 0 0 0 0 0 0 0 0 0 0 0
0 0 0 0 0 0 0 0 0 0 0 0 0 1 0 0 0 0 0 0 0 0 0 0 1 1 2 5 0 2 5 0 1 4 0 0 6 0 0 0 0 0 0 0 0 0 0 0 0 0 0 0 0 0 0 0 0 0 0 0 0 0 0 0 0 0 0 0 0 0 0 0 0 0 0 0 0 0 0 0 0 0 0 0 0 0 0 0 0 0 0 0 0 0 0 0 0 0 0 0 0 0 0 0 0 0 0 0 0 0 0 0 0 0 0 0 0 0 0 0 0 0 0 0 0 0 0 0 0 0 0 0 0 0 0 0 0 0 0 0 0 0 0 0 0 0 0 0 0 0
0 0 0 0 0 0 0 1 0 0 0 0 1 0 0 0 0 0 0 0 0 0 0 0 7 1 5 1 0 0 23 1 0 0 0 0 0 0 0 0 0 0 0 0 0 0 0 0 0 0 0 0 0 0 0 0 0 0 0 0 0 0 0 0 0 0 0 0 0 0 0 0 0 0 0 0 0 0 0 0 0 0 0 0 0 0 0 0 0 0 0 0 0 0 0 0 0 0 0 0 0 0 0 0 0 0 0 0 0 0 0 0 0 0 0 0 0 0 0 0 0 0 0 0 0 0 0 0 0 0 0 0 0 0 0 0 0 0 0 0 0 0 0 0 0 0 0 0 0 0
0 0 0 0 0 0 0 1 0 0 0 1 6 3 0 0 0 0 0 0 0 0 0 0 0 0 0 2 0 0 0 0 14 0 0 0 0 1 0 0 1 0 0 0 0 0 0 0 0 0 0 0 0 0 0 0 0 0 0 0 0 0 0 0 0 0 0 0 0 0 0 0 0 0 0 0 0 0 0 0 0 0 0 0 0 0 0 0 0 0 0 0 0 0 0 0 0 0 0 0 0 0 0 0 0 0 0 0 0 0 0 0 0 0 0 0 0 0 0 0 0 0 0 0 0 0 0 0 0 0 0 0 0 0 0 0 0 0 0 0 0 0 0 0 0 0 0 0 0 0
0 0 0 0 0 0 0 0 0 0 0 0 2 0 0 0 0 0 0 0 0 0 0 0 0 0 0 15 4 1 2 0 0 0 0 0 0 0 0 0 0 0 0 0 0 0 0 0 0 0 0 0 0 0 0 0 0 0 0 0 0 0 0 0 0 0 0 0 0 0 0 0 0 0 0 0 0 0 0 0 0 0 0 0 0 0 0 0 0 0 0 0 0 0 0 0 0 0 0 0 0 0 0 0 0 0 0 0 0 0 0 0 0 0 0 0 0 0 0 0 0 0 0 0 0 0 0 0 0 0 0 0 0 0 0 0 0 0 0 0 0 0 0 0 0 0 0 0 0 0
0 0 0 0 0 0 0 0 0 0 0 0 0 0 0 0 0 0 0 0 0 0 0 0 0 0 0 20 0 0 0 0 7 3 0 0 0 0 0 0 0 0 0 0 0 0 0 0 0 0 0 0 0 0 0 0 0 0 0 0 0 0 0 0 0 0 0 0 0 0 0 0 0 0 0 0 0 0 0 0 0 0 0 0 0 0 0 0 0 0 0 0 0 0 0 0 0 0 0 0 0 0 0 0 0 0 0 0 0 0 0 0 0 0 0 0 0 0 0 0 0 0 0 0 0 0 0 0 0 0 0 0 0 0 0 0 0 0 0 0 0 0 0 0 0 0 0 0 0 0
0 0 0 0 0 0 0 0 0 0 4 0 0 2 0 0 0 0 0 0 0 0 0 0 0 0 0 0 0 0 0 0 1 0 0 0 0 0 0 0 0 0 0 0 0 0 0 0 0 0 0 0 0 0 0 0 0 0 0 0 0 0 0 0 0 0 0 0 0 0 0 0 0 0 0 0 0 0 0 0 0 0 0 0 0 0 0 0 0 0 0 0 0 0 0 0 0 0 0 0 0 0 0 0 0 0 0 0 0 0 0 0 0 0 0 0 0 0 0 0 0 0 0 0 0 0 0 0 0 0 0 0 0 0 0 0 0 0 0 0 0 0 0 0 0 0 0 0 0 0
0 0 0 0 0 0 0 0 0 0 3 0 0 0 0 0 0 0 0 0 0 0 0 0 0 0 0 0 0 0 0 0 0 0 0 0 0 0 0 0 0 0 0 0 0 0 0 0 0 0 0 0 0 0 0 0 0 0 0 0 0 0 0 0 0 0 0 0 0 0 0 0 0 0 0 0 0 0 0 0 0 0 0 0 0 0 0 0 0 0 0 0 0 0 0 0 0 0 0 0 0 0 0 0 0 0 0 0 0 0 0 0 0 0 0 0 0 0 0 0 0 0 0 0 0 0 0 0 0 0 0 0 0 0 0 0 0 0 0 0 0 0 0 0 0 0 0 0 0 0
0 0 0 0 0 0 0 0 0 0 3 0 0 0 0 0 0 0 0 0 0 0 0 0 0 0 0 0 0 0 0 0 0 0 0 0 0 0 0 0 0 0 0 0 0 0 0 0 0 0 0 5 0 0 0 0 0 0 0 0 0 0 0 0 0 0 0 0 0 0 0 0 0 0 0 0 0 0 0 0 0 0 0 0 0 0 0 0 0 0 0 0 0 0 0 0 0 0 0 0 0 0 0 0 0 0 0 0 0 0 0 0 0 0 0 0 0 0 0 0 0 0 0 0 0 0 0 0 0 0 0 0 0 0 0 0 0 0 0 0 0 0 0 0 0 0 0 0 0 0
0 0 0 0 0 0 0 0 6 12 0 0 0 0 0 0 0 0 0 0 0 0 0 0 0 0 0 0 0 0 0 0 0 0 0 0 0 0 0 0 0 0 0 0 0 0 0 0 0 2 0 0 0 0 0 0 0 0 0 0 0 0 0 0 0 0 0 0 0 0 0 0 0 0 0 0 0 0 0 0 0 0 0 0 0 0 0 0 0 0 0 0 0 0 0 0 0 0 0 0 0 0 0 0 0 0 0 0 0 0 0 0 0 0 0 0 0 0 0 0 0 0 0 0 0 0 0 0 0 0 0 0 0 0 0 0 0 0 0 0 0 0 0 0 0 0 0 0 0 0
0 0 0 0 0 0 10 18 28 1 0 0 0 0 0 0 0 0 0 0 0 0 0 0 0 0 0 0 0 0 0 0 0 0 0 0 0 0 0 0 0 0 0 0 0 0 0 0 0 33 60 0 0 0 1 0 0 0 0 0 0 0 0 0 0 0 0 0 0 0 0 0 0 0 0 0 0 0 0 0 0 0 0 0 0 0 0 0 0 0 0 0 0 0 0 0 0 0 0 0 0 0 0 0 0 0 0 0 0 0 0 0 0 0 0 0 0 0 0 0 0 0 0 0 0 0 0 0 0 0 0 0 0 0 0 0 0 0 0 0 0 0 0 0 0 0 0 0 0 0
0 0 0 0 0 0 9 42 0 0 0 0 0 0 0 0 0 0 0 0 0 0 0 0 0 0 0 0 0 0 0 0 0 0 0 0 0 0 0 0 0 0 0 0 0 0 0 0 0 0 0 0 0 1 0 0 0 0 0 0 0 0 0 0 0 0 0 0 0 0 0 0 0 0 0 0 0 0 0 0 0 0 0 0 0 0 0 0 0 0 0 0 0 0 0 0 0 0 0 0 0 0 0 0 0 0 0 0 0 0 0 0 0 0 0 0 0 0 0 0 0 0 0 0 0 0 0 0 0 0 0 0 0 0 0 0 0 0 0 0 0 0 0 0 0 0 0 0 0 0
0 0 0 0 0 0 0 0 0 0 0 0 0 0 0 0 0 0 0 0 0 0 0 0 0 0 0 0 0 0 0 0 0 0 0 0 0 0 0 0 0 0 0 0 0 0 0 0 0 0 0 0 8 17 0 0 0 0 0 0 0 0 0 0 0 0 0 0 0 0 0 0 0 0 0 0 0 0 0 0 0 0 0 0 0 0 0 0 0 0 0 0 0 0 0 0 0 0 0 0 0 0 0 0 0 0 0 0 0 0 0 0 0 0 0 0 0 0 0 0 0 0 0 0 0 0 0 0 0 0 0 0 0 0 0 0 0 0 0 0 0 0 0 0 0 0 0 0 0 0
0 0 0 0 0 0 0 0 0 0 0 0 0 0 0 0 0 0 0 0 0 0 0 0 0 0 0 0 0 0 0 0 0 0 0 0 0 0 0 0 0 0 0 0 0 0 0 0 0 0 0 0 0 1 0 0 0 0 0 0 0 0 0 0 0 0 0 0 0 0 0 0 0 0 0 0 0 0 0 0 0 0 0 0 0 0 0 0 0 0 0 0 0 0 0 0 0 0 0 0 0 0 0 0 0 0 0 0 0 0 0 0 0 0 0 0 0 0 0 0 0 0 0 0 0 0 0 0 0 0 0 0 0 0 0 0 0 0 0 0 0 0 0 0 0 0 0 0 0 0
0 0 0 0 0 0 0 0 0 0 0 0 0 0 0 0 0 0 0 0 0 0 0 0 0 0 0 0 0 0 0 0 0 0 0 0 0 2 0 0 0 0 0 0 0 0 0 0 0 0 0 0 0 0 0 0 0 0 0 0 0 0 0 0 0 0 0 0 0 0 0 0 0 0 0 0 0 0 0 0 0 0 0 0 0 0 0 0 0 0 0 0 0 0 0 0 0 0 0 0 0 0 0 0 0 0 0 0 0 0 0 0 0 0 0 0 0 0 0 0 0 0 0 0 0 0 0 0 0 0 0 0 0 0 0 0 0 0 0 0 0 0 0 0 0 0 0 0 0 0
0 0 0 0 0 0 0 0 0 0 0 0 0 0 0 0 0 0 0 0 0 0 0 0 0 0 0 0 0 0 0 0 0 0 0 0 0 0 0 0 0 0 0 0 0 0 0 0 0 0 0 0 1 0 0 0 0 0 0 0 0 0 0 0 0 0 0 0 0 0 0 0 0 0 0 0 0 0 0 0 0 0 0 0 0 0 0 0 0 0 0 0 0 0 0 0 0 0 0 0 0 0 0 0 0 0 0 0 0 0 0 0 0 0 0 0 0 0 0 0 0 0 0 0 0 0 0 0 0 0 0 0 0 0 0 0 0 0 0 0 0 0 0 0 0 0 0 0 0 0
0 0 0 0 0 0 0 0 0 0 0 0 0 0 0 0 0 0 0 0 0 0 0 0 0 0 0 0 0 0 1 0 0 0 1 0 0 0 0 0 0 0 0 0 0 0 0 0 0 0 0 0 0 3 0 0 0 0 0 0 0 0 0 0 0 0 0 0 0 0 0 0 0 0 0 0 0 0 0 0 0 0 0 0 0 0 0 0 0 0 0 0 0 0 0 0 0 0 0 0 0 0 0 0 0 0 0 0 0 0 0 0 0 0 0 0 0 0 0 0 0 0 0 0 0 0 0 0 0 0 0 0 0 0 0 0 0 0 0 0 0 0 0 0 0 0 0 0 0 0
0 0 0 0 0 0 0 0 0 0 0 0 0 0 0 0 0 0 0 0 0 0 0 0 0 0 0 0 0 0 0 6 1 0 0 0 0 0 0 0 0 0 0 0 0 0 0 0 0 0 0 0 0 0 0 0 0 0 0 0 0 0 0 0 0 0 0 0 0 0 0 0 0 0 0 0 0 0 0 0 0 0 0 0 0 0 0 0 0 0 0 0 0 0 0 0 0 0 0 0 0 0 0 0 0 0 0 0 0 0 0 0 0 0 0 0 0 0 0 0 0 0 0 0 0 0 0 0 0 0 0 0 0 0 0 0 0 0 0 0 0 0 0 0 0 0 0 0 0 0
0 0 0 0 0 0 0 0 0 0 0 0 0 0 0 0 0 0 0 0 0 0 0 0 0 0 0 0 0 0 3 13 0 0 0 0 2 0 0 0 0 0 0 0 0 0 0 0 0 0 0 0 0 0 0 0 0 0 0 0 0 0 0 0 0 0 0 0 0 0 0 0 0 0 0 0 0 0 0 0 0 0 0 0 0 0 0 0 0 0 0 0 0 0 0 0 0 0 0 0 0 0 0 0 0 0 0 0 0 0 0 0 0 0 0 0 0 0 0 0 0 0 0 0 0 0 0 0 0 0 0 0 0 0 0 0 0 0 0 0 0 0 0 0 0 0 0 0 0 0
0 0 0 0 0 0 0 0 0 0 0 0 0 0 0 0 0 0 0 0 0 0 0 0 0 0 1 0 0 1 0 0 0 0 0 0 1 0 0 0 0 0 0 0 0 0 0 0 0 0 0 0 0 0 0 0 0 0 0 0 0 0 0 0 0 0 0 0 0 0 0 0 0 0 0 0 0 0 0 0 0 0 0 0 0 0 0 0 0 0 0 0 0 0 0 0 0 0 0 0 0 0 0 0 0 0 0 0 0 0 0 0 0 0 0 0 0 0 0 0 0 0 0 0 0 0 0 0 0 0 0 0 0 0 0 0 0 0 0 0 0 0 0 0 0 0 0 0 0 0
0 0 0 0 0 0 0 0 0 0 0 0 0 0 0 0 0 0 0 0 0 0 0 0 0 0 0 0 0 98 35 0 0 0 0 0 0 0 0 0 0 0 0 0 0 0 0 0 0 0 0 0 0 0 0 0 0 0 0 0 0 0 0 0 0 0 0 0 0 0 0 0 0 0 0 0 0 0 0 0 0 0 0 0 0 0 0 0 0 0 0 0 0 0 0 0 0 0 0 0 0 0 0 0 0 0 0 0 0 0 0 0 0 0 0 0 0 0 0 0 0 0 0 0 0 0 0 0 0 0 0 0 0 0 0 0 0 0 0 0 0 0 0 0 0 0 0 0 0 0
0 0 0 0 0 0 0 0 0 0 0 0 0 0 0 0 0 0 0 0 0 0 0 0 0 0 2 0 0 0 0 0 0 0 0 0 0 0 0 0 0 0 0 0 0 0 0 0 1 18 0 0 0 0 0 0 0 0 0 0 0 0 0 0 0 0 0 0 0 0 0 0 0 0 0 0 0 0 0 0 0 0 0 0 0 0 0 0 0 0 0 0 0 0 0 0 0 0 0 0 0 0 0 0 0 0 0 0 0 0 0 0 0 0 0 0 0 0 0 0 0 0 0 0 0 0 0 0 0 0 0 0 0 0 0 0 0 0 0 0 0 0 0 0 0 0 0 0 0 0
0 0 0 0 0 0 0 0 0 0 0 0 0 0 0 0 0 0 0 0 0 0 0 0 0 0 15 0 0 0 0 0 0 0 0 0 0 0 0 0 0 0 0 0 0 0 0 0 0 0 0 0 0 0 0 0 0 0 0 0 0 0 0 0 0 0 0 0 0 0 0 0 0 0 0 0 0 0 0 0 0 0 0 0 0 0 0 0 0 0 0 0 0 0 0 0 0 0 0 0 0 0 0 0 0 0 0 0 0 0 0 0 0 0 0 0 0 0 0 0 0 0 0 0 0 0 0 0 0 0 0 0 0 0 0 0 0 0 0 0 0 0 0 0 0 0 0 0 0 0
0 0 0 0 0 0 0 0 0 0 0 0 0 0 0 0 0 0 0 0 0 0 0 0 0 0 0 4 5 0 0 0 0 0 0 0 0 0 0 0 0 0 0 0 0 0 0 0 0 0 0 0 4 0 0 0 0 0 0 0 0 0 0 0 0 0 0 0 0 0 0 0 0 0 0 0 0 0 0 0 0 0 0 0 0 0 0 0 0 0 0 0 0 0 0 0 0 0 0 0 0 0 0 0 0 0 0 0 0 0 0 0 0 0 0 0 0 0 0 0 0 0 0 0 0 0 0 0 0 0 0 0 0 0 0 0 0 0 0 0 0 0 0 0 0 0 0 2 0 2
0 0 0 0 0 0 0 0 0 0 0 0 0 0 0 0 0 0 0 0 0 0 0 0 0 0 0 0 0 0 0 0 0 0 0 0 0 0 0 0 0 0 0 0 0 0 0 0 0 0 0 0 0 0 0 0 0 0 0 0 0 0 0 0 0 0 0 0 0 0 0 0 0 0 0 0 0 0 0 0 0 0 0 0 0 0 0 0 0 0 0 0 0 0 0 0 0 0 0 0 0 0 0 0 0 0 0 0 0 0 0 0 0 0 0 0 0 0 0 0 0 0 0 0 0 0 0 0 0 0 0 0 0 0 0 0 0 0 0 0 0 0 0 0 0 0 0 0 0 0
0 0 0 0 0 0 0 0 0 0 0 0 0 0 0 0 0 0 0 0 0 0 0 0 0 0 0 0 0 0 0 0 0 0 0 0 0 0 0 0 0 0 0 0 0 0 0 0 0 0 0 0 0 0 0 0 0 0 0 0 0 0 0 0 0 0 0 0 0 0 0 0 0 0 0 0 0 0 0 0 0 0 0 0 0 0 0 0 0 0 0 0 0 0 0 0 0 0 0 0 0 0 0 0 0 0 0 0 0 0 0 0 0 0 0 0 0 0 0 0 0 0 0 0 0 0 0 0 0 0 0 0 0 0 0 0 0 0 0 0 0 0 0 0 0 0 0 0 0 0
0 0 0 0 0 0 0 0 0 0 0 0 0 0 0 0 0 0 0 0 0 0 0 0 0 0 0 0 0 0 0 0 0 0 0 0 0 0 0 0 0 0 0 0 0 0 0 0 0 0 0 0 0 0 0 0 0 0 0 0 0 0 0 0 0 0 0 0 0 0 0 0 0 0 0 0 0 0 0 0 0 0 0 0 0 0 0 0 0 0 0 0 0 0 0 0 0 0 0 0 0 0 0 0 0 0 0 0 0 0 0 0 0 0 0 0 0 0 0 0 0 0 0 0 0 0 0 0 0 0 0 0 0 0 0 0 0 0 0 0 0 0 0 0 0 0 0 0 0 0
0 0 0 0 0 0 0 0 0 0 0 0 0 0 0 0 0 0 0 0 0 0 0 0 0 0 0 0 0 0 0 0 0 0 0 0 0 0 0 0 0 0 0 0 0 0 0 0 0 0 0 0 0 0 0 0 0 0 0 0 0 0 0 0 0 0 0 0 0 0 0 0 0 0 0 0 0 0 0 0 0 0 0 0 0 0 0 0 0 0 0 0 0 0 0 0 0 0 0 0 0 0 0 0 0 0 0 0 0 0 0 0 0 0 0 0 0 0 0 0 0 0 0 0 0 0 0 0 0 0 0 0 0 0 0 0 0 0 0 0 0 0 0 0 0 0 0 0 0 0
0 0 0 0 0 0 0 0 0 0 0 0 0 0 0 0 0 0 0 0 0 0 0 0 0 0 0 0 0 0 0 0 0 0 0 0 0 0 0 0 0 0 0 0 0 0 0 0 0 0 0 0 0 0 0 0 0 0 0 0 0 0 0 0 0 0 0 0 0 0 0 0 0 0 0 0 0 0 0 0 0 0 0 0 0 0 0 0 0 0 0 0 0 0 0 0 0 0 0 0 0 0 0 0 0 0 0 0 0 0 0 0 0 0 0 0 0 0 0 0 0 0 0 0 0 0 0 0 0 0 0 0 0 0 0 0 0 0 0 0 0 0 0 0 0 0 0 0 0 0
