0 0 31 3 0 0 2 0 15 90 7 19 0 28 0 0 0 5 9 0 6 2 0 0 3 20 0 0 0 0 0 0 1 2 6 4 0 0 1 4 1 0 0 0 6 0 0 0 0 0 0 0 0 0 2 1 0 0 0 5 47 14 3 1 0 25 24 0 0 0 6 10 43 149 138 313 151 33 32 14 23 192 60 70 112 189 161 165 31 260 1223 696 134 512 340 737 835 804 944 150 179 149 19 53 24 58 72 411 163 20 7 4 5 130 57 33 12 28 8 3 3 56 30 10 0 21 0 4 12 25 1 29 1 12 0 0 0 2 0 1 1 0 0 0 1 0 0 0 0 38
1 6 15 6 2 0 0 0 0 31 15 16 9 0 0 1 0 1 9 0 0 2 33 0 4 39 0 4 0 0 0 0 0 0 2 0 0 0 5 0 0 0 0 0 0 0 0 0 0 0 0 0 0 3 8 0 0 0 0 18 64 25 4 8 24 1 0 0 0 0 0 4 42 66 19 9 69 82 18 64 95 52 15 8 102 231 296 126 255 398 143 38 294 316 253 509 766 465 1041 720 245 83 57 41 12 58 0 24 32 10 6 10 1 9 84 19 4 35 3 104 1 15 13 2 7 1 3 7 8 36 12 9 61 42 0 0 0 0 5 69 9 0 0 0 0 0 0 0 0 0
0 0 0 3 15 0 0 0 1 7 4 13 9 1 1 0 0 1 2 1 3 12 73 16 21 1 0 4 0 0 0 0 0 1 0 4 0 5 0 17 2 0 0 4 0 0 0 0 0 0 0 0 0 0 12 0 11 0 0 20 7 11 3 31 0 0 0 0 0 2 0 7 4 0 0 0 1 55 154 166 206 83 3 33 40 143 489 151 2 17 103 30 172 606 604 589 355 284 276 502 480 354 14 64 40 15 13 18 186 263 117 14 2 15 6 5 12 123 21 8 33 15 4 3 2 3 2 7 0 17 5 0 86 142 2 0 3 0 4 64 4 0 0 0 0 0 0 0 0 2
40 2 0 0 0 0 0 0 0 4 2 1 0 1 1 2 3 1 11 3 0 0 4 15 6 0 1 12 16 0 3 0 0 0 0 1 0 4 0 0 9 0 1 0 0 0 0 0 0 0 3 0 1 0 56 35 0 16 21 1 2 2 12 29 0 0 0 0 0 1 13 92 32 8 7 23 18 82 212 568 159 104 61 142 90 19 51 153 6 173 866 1024 1163 778 657 429 110 193 552 518 478 582 151 12 102 127 31 24 303 90 32 39 37 24 0 9 26 110 123 11 24 114 16 5 2 4 3 2 31 1 4 57 20 0 29 8 15 2 1 9 55 0 0 0 0 0 0 0 0 0
6 16 0 0 0 0 0 0 0 2 0 0 0 0 0 8 12 1 0 1 0 0 3 0 1 0 3 0 1 0 0 0 0 0 2 11 8 0 0 0 1 0 0 0 0 0 0 0 1 8 0 0 2 3 37 186 29 43 2 0 1 2 0 28 0 0 0 0 0 15 145 71 95 86 47 43 50 140 260 322 374 289 302 57 130 74 56 75 25 312 1272 1978 478 834 403 338 133 566 426 688 851 976 744 490 333 202 73 76 3 6 11 21 28 58 3 1 6 36 81 75 215 686 163 42 8 3 2 1 5 9 3 2 0 0 10 7 0 5 0 1 43 10 0 0 0 0 0 0 0 0
14 9 0 0 1 0 0 0 3 0 2 0 0 0 0 6 3 1 9 63 6 1 3 0 0 0 0 1 1 3 1 8 0 1 11 103 46 26 2 0 0 0 0 0 0 0 0 0 0 5 38 15 0 2 3 73 30 12 17 5 0 0 26 2 0 0 0 0 1 44 91 141 112 105 150 49 43 62 179 368 864 720 363 51 4 128 95 38 22 342 1476 1117 191 564 835 399 166 1388 420 426 527 579 1069 556 34 157 22 65 13 0 4 29 21 38 5 9 44 12 2 19 239 125 5 4 1 9 0 5 2 1 6 0 1 0 0 0 15 1 2 0 16 14 6 0 0 0 0 0 0 0
0 0 0 1 0 0 0 0 0 2 9 0 0 2 3 1 0 0 0 0 1 1 1 0 0 0 0 0 0 2 3 1 0 2 0 17 1 2 2 0 0 0 0 0 0 0 0 0 0 1 0 5 5 3 2 25 11 1 94 24 2 21 6 0 6 1 0 0 2 83 145 81 166 370 283 152 315 178 470 705 1030 989 991 572 128 37 19 235 80 150 894 1215 204 513 710 445 219 418 486 65 41 393 167 266 64 106 113 50 47 36 55 106 147 109 34 40 0 2 9 57 96 112 7 3 7 3 19 5 0 0 4 0 0 0 0 0 1 58 0 0 1 2 4 0 0 0 0 0 0 0
1 0 0 0 0 0 0 0 3 1 3 0 0 0 0 1 0 0 0 0 0 0 0 0 0 0 0 0 0 2 10 0 0 1 14 3 1 0 11 4 0 0 0 0 0 0 0 0 0 0 0 0 6 5 4 10 0 39 30 46 47 67 39 3 16 68 0 0 5 94 3 2 29 134 79 60 89 144 488 830 967 706 1101 164 167 126 222 483 300 55 547 97 118 699 372 399 291 663 746 310 170 301 364 686 195 142 28 34 87 47 263 402 155 98 34 77 3 4 6 41 15 13 11 3 7 2 8 2 3 0 0 0 0 0 0 0 0 2 0 0 0 0 0 0 0 0 0 0 0 0
6 1 0 0 0 0 0 0 3 8 0 6 1 3 4 0 0 0 1 0 0 0 0 0 0 0 0 0 0 0 2 1 0 0 1 0 0 3 1 1 0 0 0 0 0 0 0 0 0 0 0 0 1 4 0 0 0 10 14 64 398 209 18 6 4 29 5 9 5 46 4 1 12 39 4 22 31 31 182 494 854 1327 847 30 26 25 467 302 213 57 16 27 388 751 1041 1157 139 441 361 347 278 158 113 314 867 160 225 230 44 137 917 234 180 24 78 24 11 5 19 9 16 1 17 23 13 2 1 6 1 1 9 0 0 0 0 0 0 0 0 0 0 0 0 0 0 0 0 0 0 0
0 0 0 0 0 0 0 2 12 12 0 0 0 0 0 0 0 0 1 0 0 0 0 0 0 0 0 0 0 0 0 1 0 0 0 0 0 2 3 0 0 0 0 0 0 0 2 0 9 2 8 0 20 5 0 1 2 0 0 44 46 159 14 9 1 1 2 0 0 30 0 0 0 2 0 35 25 65 382 512 1234 914 699 299 801 539 311 215 267 270 76 9 27 586 982 1355 607 345 79 30 57 171 24 6 111 612 222 233 77 9 357 628 484 66 6 173 344 490 142 49 91 29 51 32 77 12 42 3 2 12 84 17 0 1 1 0 0 0 0 0 0 0 0 0 0 0 0 0 0 0
0 0 7 0 0 0 3 3 4 3 3 2 0 0 5 3 0 4 0 0 0 0 0 0 0 1 0 0 0 0 0 2 0 1 0 1 0 0 1 0 0 5 2 1 1 0 3 13 13 18 23 5 5 5 0 0 0 7 51 74 10 129 9 9 0 0 0 0 5 14 0 0 0 0 2 0 29 29 230 287 557 217 673 289 232 407 367 363 722 314 36 0 15 262 395 750 691 50 30 80 12 10 7 33 140 396 777 329 234 228 519 420 183 67 4 108 327 712 475 222 312 177 214 119 181 278 115 71 67 48 7 70 23 29 29 0 0 0 0 0 0 0 0 0 0 0 0 0 0 0
2 0 3 0 0 0 0 0 6 5 0 0 0 0 0 0 8 9 3 1 0 0 0 0 0 0 0 0 0 0 0 0 1 4 5 1 0 2 4 3 1 10 8 6 5 1 2 1 1 0 0 0 6 14 35 10 8 6 15 63 2 8 0 2 5 2 1 0 1 0 3 0 0 0 0 9 35 11 108 395 583 223 69 48 118 67 28 36 92 448 56 0 0 5 13 82 915 455 378 39 3 2 21 58 47 66 482 315 50 144 358 296 100 207 45 189 473 189 594 718 393 586 144 61 126 151 1 0 0 17 3 0 65 29 29 0 0 0 0 0 0 0 0 0 0 0 0 0 0 0
5 0 5 0 0 0 1 0 6 3 0 0 0 0 0 0 4 18 5 4 0 70 0 1 0 0 0 0 0 0 0 0 0 0 0 0 2 0 0 0 0 6 65 2 23 0 1 15 1 0 0 1 21 41 13 0 0 0 51 58 5 3 1 0 4 1 3 2 0 10 23 0 0 0 2 43 135 66 140 91 99 164 68 4 30 8 3 0 1 4 3 0 4 49 104 52 541 393 644 544 20 25 54 30 43 31 44 390 693 257 617 688 134 666 154 73 63 100 1164 998 187 133 125 1 22 75 4 1 21 29 0 0 13 8 2 1 0 0 0 0 0 0 0 0 0 0 0 0 0 0
0 0 0 0 0 0 1 4 0 5 0 0 0 0 0 0 0 0 106 13 7 8 3 0 0 0 0 0 0 0 15 2 0 0 0 0 1 0 0 0 0 1 3 69 31 0 0 0 2 0 0 28 7 0 0 0 0 0 40 0 6 15 15 3 0 0 30 30 11 26 61 0 0 1 3 492 601 435 203 30 43 293 64 21 35 107 14 0 3 28 5 6 1 68 8 29 120 595 189 169 1 72 272 167 322 105 132 496 296 815 1441 1752 739 273 347 261 373 401 811 416 233 160 0 2 0 21 6 0 47 1 3 0 1 3 2 0 0 0 0 0 0 0 0 0 0 0 0 0 0 0
0 0 0 0 0 0 1 0 4 8 0 0 0 0 0 0 0 0 4 8 8 0 0 0 5 1 0 0 0 0 3 0 0 0 0 0 0 0 0 0 0 0 0 10 33 0 0 0 0 12 2 92 1 1 5 2 3 9 43 28 82 16 10 16 11 71 99 105 167 155 49 2 2 2 86 756 1671 1131 324 77 0 110 37 3 7 31 56 9 0 22 15 14 2 0 0 10 66 325 319 209 37 134 577 457 1116 1020 1982 1556 1069 1149 1111 866 663 512 531 276 141 94 104 142 136 144 47 14 0 9 49 4 9 11 1 0 0 0 0 0 0 0 0 0 0 0 0 0 0 0 0 0 0 0
0 0 0 0 0 0 3 36 199 0 4 0 0 0 0 0 2 0 28 6 0 15 12 2 0 0 0 0 1 9 0 0 0 0 0 0 0 0 0 0 0 1 0 5 1 10 0 0 0 12 96 126 0 0 1 14 45 135 8 76 27 20 51 29 41 77 106 51 35 125 191 102 174 136 509 762 1453 792 293 34 9 13 1 0 0 0 12 100 10 89 1 11 0 1 6 165 39 15 35 36 11 0 885 647 481 503 1130 475 737 890 1680 919 1126 386 365 212 42 195 337 118 50 13 268 238 48 67 8 2 3 0 0 0 0 0 17 5 0 0 0 0 0 0 0 0 0 0 0 0 0 0
0 0 0 0 0 0 0 4 2 0 0 2 3 0 0 0 13 3 3 4 7 0 27 31 24 28 4 0 2 0 0 0 0 0 0 0 0 0 0 0 2 0 0 0 0 14 2 2 0 13 30 4 4 9 14 79 112 129 44 26 2 6 0 0 2 5 8 0 0 0 1 1 90 96 225 368 573 509 157 0 0 1 6 0 0 0 1 54 60 8 2 0 5 0 3 28 23 0 105 89 34 212 669 739 340 235 436 252 411 851 838 641 816 351 472 147 26 118 195 13 0 2 40 49 26 371 7 13 1 0 0 0 0 0 0 5 0 0 0 0 0 0 0 0 0 0 0 0 0 0
0 1 0 0 1 0 0 2 0 0 0 0 1 0 0 2 0 23 3 1 2 8 2 1 28 2 10 13 1 0 0 0 0 0 0 0 0 0 0 0 0 0 1 0 2 24 61 4 2 41 59 33 11 62 19 30 40 76 382 19 1 2 0 0 2 8 9 43 1 12 79 8 166 53 68 158 65 191 46 15 3 0 2 6 0 0 0 6 72 3 0 35 73 41 18 3 6 2 56 350 221 112 204 132 130 460 237 248 512 423 133 256 99 182 138 55 97 212 35 8 0 0 7 46 106 617 122 23 0 1 0 0 0 0 0 0 1 0 0 0 0 0 0 0 0 0 0 0 0 0
0 0 0 0 2 7 0 0 0 0 0 0 2 0 0 6 4 0 1 2 3 3 5 2 5 2 42 40 26 0 0 0 1 0 1 24 2 0 0 0 0 1 4 8 18 25 32 21 20 374 104 27 10 19 5 39 93 91 24 16 45 16 2 0 0 1 14 6 1 117 13 13 29 12 6 82 131 21 19 19 18 0 5 25 0 20 14 11 11 3 6 200 92 294 32 1 0 199 373 16 134 317 94 59 136 191 118 422 395 0 1 95 3 377 41 0 19 11 0 0 0 0 3 26 60 153 142 209 21 0 0 0 0 0 0 0 0 0 0 0 0 0 0 0 0 0 0 0 0 0
0 0 0 1 0 5 0 0 0 0 0 0 2 2 3 0 0 0 0 1 0 10 89 10 8 9 6 16 132 5 0 0 1 3 0 0 0 0 0 0 0 0 6 123 6 133 94 4 10 198 50 6 3 16 62 14 20 60 0 0 4 1 0 0 0 51 1 1 9 17 45 18 10 0 0 281 11 0 34 3 1 0 6 1 0 28 20 0 9 10 6 23 7 0 0 28 1 21 11 1 600 810 681 219 60 161 81 278 134 9 2 0 3 213 45 0 0 0 0 0 0 0 0 6 16 24 35 79 5 0 0 0 0 0 0 0 0 0 0 0 0 0 0 0 0 0 0 0 0 0
0 0 0 0 5 1 0 0 0 0 0 0 3 0 0 0 0 0 4 0 4 3 5 7 0 17 4 9 0 6 6 17 11 0 0 0 0 0 0 2 6 10 30 25 12 19 23 40 105 361 239 79 15 38 23 10 10 0 2 0 0 6 15 16 101 72 1 0 5 15 85 21 2 0 8 170 389 84 7 29 4 12 5 6 0 0 1 9 36 18 15 1 0 2 1 0 0 0 288 308 1251 659 512 97 3 29 103 170 8 0 0 0 0 21 0 0 0 0 0 0 0 0 6 4 0 0 49 193 0 0 0 0 0 0 0 0 0 0 0 0 0 0 0 0 0 0 0 0 0 0
0 0 0 0 0 0 0 0 0 0 0 0 0 3 2 6 0 0 0 0 2 12 14 2 6 2 1 0 0 0 22 63 3 2 0 0 0 11 0 0 118 26 0 0 0 0 8 11 176 815 263 208 23 3 2 2 1 2 0 0 0 3 0 0 6 12 25 4 2 45 35 21 41 0 4 29 83 60 57 56 6 38 2 28 12 4 7 43 207 60 17 5 2 7 3 7 10 1 86 355 274 51 50 5 16 58 121 66 15 0 0 0 2 65 0 0 0 0 0 0 0 0 0 0 0 32 82 1 2 7 6 0 0 0 0 0 0 0 0 0 0 0 0 0 0 0 0 0 0 0
0 0 0 1 0 0 0 0 0 0 0 0 0 0 6 0 1 0 0 0 1 7 15 2 5 0 0 0 0 0 0 0 30 22 0 0 14 70 27 18 0 0 0 0 0 0 13 11 18 314 193 103 8 0 0 0 1 2 7 2 2 0 0 0 7 0 23 0 0 4 9 41 52 5 4 0 17 3 36 26 2 58 17 0 0 12 4 0 1 0 5 5 3 3 0 3 10 0 1 6 12 0 13 55 94 72 71 53 115 87 40 6 39 0 0 0 0 0 0 0 0 0 0 8 29 196 79 2 0 0 2 0 0 0 0 0 0 0 0 0 0 0 0 0 0 0 0 0 0 0
0 0 4 0 0 0 0 0 0 0 0 0 0 0 2 1 6 4 0 1 4 1 0 2 1 2 1 0 0 6 0 6 11 8 9 10 13 41 24 2 0 0 0 0 15 80 31 40 10 123 142 22 3 19 4 11 21 7 3 0 0 0 0 0 0 6 0 2 5 0 0 19 127 87 5 3 0 0 0 4 0 5 70 115 0 5 2 2 0 0 0 7 1 3 3 0 0 0 0 8 4 0 2 84 99 69 25 13 2 23 1 256 24 1 0 0 0 0 0 0 0 0 2 10 7 51 43 76 1 0 0 0 0 0 0 0 0 0 0 0 0 0 0 0 0 0 0 0 0 0
0 0 0 0 0 0 0 0 0 0 0 0 0 0 0 0 0 2 0 0 0 0 0 0 0 0 1 0 0 0 0 1 9 12 110 0 2 63 0 0 0 0 0 14 22 47 50 2 3 20 76 24 37 11 39 4 7 4 1 1 0 0 0 0 0 0 0 10 17 3 14 4 11 4 47 12 0 0 0 0 4 3 20 109 20 3 0 0 0 8 5 7 2 1 1 0 7 1 0 8 16 14 3 30 588 0 0 11 0 0 0 21 3 0 0 4 3 0 0 0 0 0 1 0 0 53 106 41 0 0 0 0 0 0 0 3 2 0 0 0 0 0 0 0 0 0 0 0 0 0
0 0 0 0 0 0 0 0 0 0 0 0 0 0 17 1 1 0 3 0 0 2 0 0 0 0 1 6 0 0 0 0 9 25 24 0 0 22 1 0 0 1 1 8 104 16 3 3 12 1 39 4 0 2 0 0 0 0 0 0 3 0 0 0 8 6 3 1 3 5 8 24 1 3 2 7 17 3 0 1 2 0 1 12 0 14 1 7 0 9 0 2 4 1 9 0 1 7 3 6 9 26 10 96 264 136 0 6 0 0 0 2 30 6 26 16 0 0 0 0 4 0 0 0 0 123 32 17 2 0 0 0 0 0 0 0 3 58 0 0 0 3 0 0 0 0 0 0 0 0
0 0 0 0 0 0 0 0 0 0 0 0 0 0 3 0 0 4 1 2 2 4 5 1 0 0 0 24 3 0 0 10 1 7 27 1 0 1 2 5 8 4 1 17 76 14 3 0 6 5 19 19 0 0 2 0 0 1 0 0 0 0 0 0 8 0 0 1 10 2 22 9 1 2 0 2 14 0 0 0 0 0 20 3 7 14 12 9 1 0 7 0 3 0 0 9 1 0 0 1 23 64 11 4 27 219 17 5 0 0 0 0 0 8 27 20 1 0 1 1 0 0 0 0 22 120 36 12 0 1 0 0 0 0 0 0 6 11 0 0 0 0 0 0 0 0 0 0 0 0
0 0 0 0 0 0 0 0 0 0 0 0 0 4 1 1 14 30 2 2 1 14 6 0 1 0 1 4 1 9 12 2 0 21 5 0 2 22 14 15 33 75 19 104 102 9 2 2 3 0 2 36 21 5 1 1 0 0 0 0 0 0 2 0 0 0 0 0 11 41 92 45 5 3 0 1 0 12 0 0 0 0 0 0 4 0 1 6 7 7 7 0 4 1 1 0 0 0 0 1 0 3 17 4 16 728 591 51 4 0 0 0 0 0 0 0 14 244 38 10 0 0 0 18 83 25 105 230 183 7 0 0 0 0 3 9 6 5 0 0 0 0 0 0 0 0 0 0 0 0
0 0 0 0 0 0 0 0 0 1 2 3 8 10 7 8 26 87 1 8 1 1 2 3 0 0 0 4 19 5 0 3 8 7 11 29 9 17 49 125 336 822 332 273 64 6 0 0 1 0 0 0 52 16 5 0 0 0 0 0 0 6 0 0 0 0 0 0 0 1 30 20 0 0 5 8 1 20 1 0 1 3 3 0 10 0 0 0 19 11 4 4 3 3 17 48 8 1 0 0 2 7 8 57 184 408 226 389 13 0 0 0 0 1 0 1 200 95 21 0 0 0 9 76 136 292 841 470 133 11 0 1 1 53 0 9 0 0 0 0 0 0 0 0 0 0 0 0 1 1
0 0 0 0 0 0 0 7 9 6 8 64 25 0 0 0 5 8 1 2 1 6 5 46 5 9 3 1 1 5 5 2 0 1 33 13 0 7 328 316 591 1121 640 631 56 0 2 4 9 0 3 0 82 60 11 4 0 0 0 0 0 0 0 0 0 0 0 0 0 0 3 2 3 0 0 1 0 13 8 0 0 0 2 6 7 0 0 0 1 4 0 7 9 23 1 25 0 0 1 3 0 7 6 12 5 44 5 143 21 0 0 0 0 0 109 62 395 289 36 32 24 11 7 84 185 66 384 423 377 290 70 106 16 81 7 0 0 0 0 0 0 0 0 0 0 0 0 0 0 0
0 0 0 0 0 0 5 3 6 6 2 2 3 0 3 8 0 1 11 5 0 12 84 20 0 0 0 0 1 0 5 7 0 4 6 18 8 28 31 138 594 399 377 178 29 18 22 1 7 4 4 2 17 7 6 1 0 0 0 0 0 0 0 0 0 0 0 0 1 0 2 1 0 0 0 1 7 10 3 0 1 9 4 0 20 0 0 2 24 29 1 3 5 8 0 0 1 4 4 6 10 8 2 7 6 3 0 10 46 1 14 7 5 0 73 815 973 521 166 198 111 141 63 1 6 4 41 312 10 81 10 260 680 109 40 4 0 0 0 0 0 0 0 0 0 0 0 0 0 0
0 0 0 0 0 0 2 3 1 12 5 8 4 0 1 2 1 3 28 25 213 183 11 0 0 0 0 3 14 13 5 4 20 20 12 4 0 6 0 111 499 410 422 133 76 27 21 0 2 4 3 1 10 4 24 6 2 0 0 0 0 0 0 0 0 0 0 0 0 1 0 0 0 0 0 0 0 2 2 1 7 12 42 195 23 0 0 0 0 0 0 1 7 6 0 4 8 1 0 0 4 3 1 2 3 5 3 23 182 121 256 371 101 139 371 954 573 218 101 264 34 142 10 1 39 104 243 87 7 0 91 218 292 108 55 6 0 0 0 0 0 0 0 0 0 0 0 0 0 0
0 0 2 0 0 0 1 1 0 0 0 3 2 17 2 8 7 8 27 7 38 0 0 0 0 0 0 0 0 15 2 14 8 1 1 103 4 1 2 211 27 107 24 12 3 1 0 0 3 2 4 1 45 2 2 3 8 6 0 2 0 0 0 0 0 0 0 0 0 0 0 0 0 0 0 3 0 25 7 2 2 10 24 1 0 0 0 0 2 1 0 1 0 10 10 12 7 0 0 0 4 1 0 0 0 7 13 10 129 54 111 68 53 522 735 418 248 416 136 341 110 13 0 26 21 29 88 0 0 0 64 344 0 0 2 0 0 0 0 0 0 0 0 0 0 0 0 0 0 0
0 1 3 2 0 1 14 41 4 2 0 0 0 10 19 6 2 10 34 23 17 0 0 0 0 0 1 0 0 5 83 4 6 3 5 0 2 1 3 0 17 9 4 1 0 0 0 0 3 6 1 10 181 19 12 19 30 1 0 0 0 0 0 0 0 0 0 0 0 0 0 0 0 0 0 0 0 3 1 2 0 1 4 0 0 1 0 0 3 0 0 0 7 16 6 0 9 2 0 2 5 0 0 4 0 17 7 64 53 6 2 11 129 278 252 332 137 261 150 170 233 2 0 0 0 0 2 0 0 0 1 85 28 0 0 0 0 0 0 0 0 0 0 0 0 0 0 0 0 0
0 0 0 0 0 1 12 21 1 1 2 0 10 34 4 5 18 39 3 0 1 7 13 0 0 0 0 10 10 19 61 53 13 0 5 1 2 4 5 1 11 65 6 0 1 0 2 0 0 0 0 22 103 43 2 15 2 0 1 0 0 0 0 0 0 0 0 0 0 0 0 0 0 0 0 0 8 8 2 0 0 0 0 0 0 0 0 0 2 1 6 6 13 53 4 17 5 1 0 3 8 0 0 2 0 10 13 128 469 20 0 0 23 0 3 0 3 63 331 567 41 2 0 0 0 3 0 0 0 0 0 7 59 9 0 0 0 0 0 0 0 0 0 0 0 0 0 0 0 0
1 2 1 6 3 0 7 70 4 11 7 7 13 2 4 177 45 13 4 9 0 0 3 3 6 0 0 8 2 3 11 7 6 2 0 2 2 0 0 2 12 2 1 2 4 0 4 0 0 0 0 51 9 72 25 3 3 0 0 0 0 0 0 0 0 0 0 0 0 0 0 0 0 0 0 0 13 22 2 0 0 0 2 0 0 0 0 3 17 0 22 0 2 30 0 0 0 1 16 4 0 1 4 5 3 13 30 40 117 0 0 0 0 0 12 0 0 0 161 333 305 392 1 0 7 48 0 0 0 59 96 29 47 27 0 0 0 0 0 0 0 0 0 0 0 0 0 0 0 0
0 1 0 0 0 3 4 0 0 6 57 6 1 3 111 48 52 35 9 4 3 1 2 4 1 10 4 0 0 1 1 0 1 5 9 1 0 0 0 4 0 21 10 0 0 2 1 5 1 0 14 80 46 42 13 5 2 0 0 2 0 0 0 0 0 0 0 0 0 0 0 0 0 0 0 0 1 19 190 3 1 10 0 0 0 0 0 72 20 0 1 2 0 7 0 5 0 3 4 7 39 9 21 7 2 16 33 19 74 11 0 0 0 12 77 129 170 547 175 196 567 207 0 12 318 41 0 0 0 114 203 0 0 0 0 0 0 0 0 0 0 0 0 0 0 0 0 0 0 0
0 2 0 3 0 6 10 3 2 3 1 76 4 12 0 0 0 15 8 0 0 0 1 8 10 3 4 1 26 1 0 0 0 2 0 0 1 0 3 7 1 17 31 11 5 1 9 0 0 0 0 73 35 11 0 4 0 0 1 0 0 0 0 0 0 0 0 0 0 0 0 0 0 0 0 0 0 11 31 7 0 2 0 0 0 0 0 13 0 0 0 0 2 7 0 0 0 1 3 3 0 0 2 1 10 0 20 25 53 17 0 0 7 0 115 405 809 447 65 46 73 214 198 280 496 1 0 1 52 390 153 0 0 0 0 0 0 0 0 0 0 0 0 0 0 0 0 0 0 0
0 0 2 0 0 0 5 6 3 1 20 32 4 1 0 3 0 0 0 3 0 0 0 9 0 1 6 3 2 4 0 0 0 0 0 0 0 0 6 1 0 0 1 1 4 0 1 0 0 0 1 85 3 6 4 0 1 0 3 0 0 0 0 0 0 0 0 0 0 0 0 0 0 0 0 1 1 7 82 121 3 15 23 0 0 0 0 0 0 1 0 0 2 16 0 0 0 3 0 12 3 5 3 13 7 1 9 3 56 0 0 0 29 13 40 39 4 64 500 282 44 213 961 748 373 339 233 293 889 1853 873 17 0 0 0 0 0 0 0 0 0 0 0 0 0 0 0 0 0 0
0 3 2 0 0 3 4 2 0 5 27 4 0 10 5 4 1 0 0 0 0 0 0 0 0 13 17 0 0 0 0 1 3 0 2 0 0 0 5 13 0 2 1 0 0 3 14 5 0 4 12 335 57 9 0 4 0 4 0 3 0 0 0 0 0 0 0 0 0 0 0 0 0 0 0 0 1 7 35 1 0 34 29 0 0 0 0 0 6 0 1 5 1 9 2 41 16 4 7 4 12 0 3 21 15 21 2 6 115 34 3 19 18 0 0 9 11 309 588 511 459 764 876 1029 1526 1312 812 856 1074 863 1301 7 0 0 0 0 0 0 0 0 0 0 0 0 0 0 0 0 0 0
0 0 0 0 2 8 0 1 8 8 1 4 3 0 5 21 6 2 0 0 0 0 0 0 37 9 10 0 3 0 2 3 1 2 5 2 2 9 3 0 1 0 2 0 0 3 0 0 12 69 653 551 22 95 12 4 4 3 0 6 0 0 0 0 0 0 0 0 0 0 0 0 0 0 0 0 0 0 4 0 0 6 1 0 0 0 0 0 5 3 0 0 8 0 0 5 0 0 5 2 16 9 24 3 48 20 37 54 4 30 15 5 9 8 5 15 4 52 610 1645 1645 1078 650 810 1431 1190 220 850 618 15 289 121 0 0 0 0 0 0 0 0 0 0 0 0 0 0 0 0 0 0
3 0 0 6 4 0 1 0 11 2 1 4 5 1 2 1 3 5 0 0 0 0 0 1 4 3 0 1 0 0 1 33 16 1 0 2 1 0 0 2 0 0 1 0 0 0 0 0 3 41 558 1110 804 873 35 32 7 6 5 3 1 0 0 1 0 0 0 0 0 0 0 0 0 0 0 0 0 0 0 6 0 1 2 0 0 0 0 16 81 1 0 33 10 0 0 0 0 0 0 7 3 0 26 64 9 175 364 31 6 0 1 4 0 14 3 11 12 13 155 721 307 642 277 2043 1683 955 351 280 8 495 1220 891 0 0 0 0 0 0 0 0 0 0 0 0 0 0 0 0 0 0
4 3 1 27 2 1 14 2 20 7 4 29 0 2 0 0 0 0 0 0 0 0 0 0 0 0 3 14 4 0 0 11 9 1 2 2 6 2 0 0 0 0 0 0 0 0 0 0 0 9 334 352 749 508 147 79 8 8 4 4 1 0 0 0 0 0 0 0 0 0 0 0 0 0 0 0 0 0 0 73 12 3 1 0 0 0 0 16 28 2 10 8 64 0 0 0 0 0 0 8 4 31 41 52 40 26 12 23 0 0 0 0 6 1 4 6 8 19 10 33 297 266 418 729 1424 1346 671 504 380 922 500 536 11 0 0 0 0 0 0 0 0 0 0 0 0 0 0 0 0 0
2 5 4 8 12 6 7 8 3 2 19 0 3 1 0 0 0 0 0 0 0 0 2 1 0 0 0 0 0 0 2 0 0 1 0 1 0 6 0 0 0 0 0 0 0 4 7 3 20 5 25 169 260 38 51 25 8 2 5 0 2 0 0 0 0 0 0 0 0 0 0 0 0 0 0 0 0 0 0 0 0 2 0 0 0 4 39 46 62 2 4 147 158 8 9 0 0 0 0 32 73 9 63 406 17 1 6 9 50 1 0 0 1 3 5 2 10 22 42 16 48 532 606 414 353 1251 1059 1521 240 128 139 137 0 0 0 0 0 0 0 0 0 0 0 0 0 0 0 0 0 0
0 5 29 0 3 0 10 100 8 9 12 2 7 1 0 0 0 0 0 0 0 1 0 4 0 0 0 0 1 0 0 0 0 0 0 0 0 1 3 2 1 0 0 0 0 0 0 1 2 64 0 33 97 34 6 3 0 40 68 75 0 3 0 0 0 0 0 0 0 0 0 0 0 0 0 0 0 0 0 0 0 4 18 25 15 13 1 0 17 33 153 111 107 3 4 12 0 5 48 48 52 384 293 438 409 47 16 5 8 7 0 0 3 0 3 4 2 28 42 349 382 513 1602 2155 749 237 1702 2655 1553 0 1 4 0 0 0 0 0 0 0 0 0 0 0 0 0 0 0 0 0 0
7 14 29 0 7 15 6 33 6 12 3 0 0 0 0 0 0 0 0 0 0 0 19 0 0 0 0 5 3 0 0 0 3 1 0 0 0 0 1 0 1 0 0 0 2 0 0 0 74 2 0 12 78 6 10 1 0 10 115 6 2 0 0 0 0 0 0 0 0 0 0 0 0 0 0 0 0 0 0 0 8 4 4 1 0 10 4 17 16 35 67 111 79 11 77 27 7 2 0 39 126 507 1404 278 172 101 0 3 2 16 11 2 0 0 7 0 3 351 331 718 655 23 65 199 228 316 499 1383 341 7 283 3 0 0 0 0 0 0 0 0 0 0 0 0 0 0 0 0 0 0
8 2 118 1 43 111 78 11 4 1 3 0 1 2 0 0 0 0 0 7 2 1 0 0 0 0 0 0 0 0 0 0 0 0 0 0 0 0 0 0 0 3 0 0 1 2 0 0 1 0 0 17 46 0 0 3 2 0 5 22 3 1 0 0 0 0 0 0 0 0 0 0 0 0 0 0 0 0 0 1 11 61 0 0 18 2 74 22 1 0 3 5 23 8 0 0 0 0 0 6 6 71 1021 300 151 343 25 6 11 7 30 6 0 0 0 15 243 545 114 31 0 0 0 0 25 328 113 687 381 28 28 8 0 0 0 0 0 0 0 0 1 0 0 0 0 0 0 0 0 0
8 30 103 186 431 517 180 49 1 0 0 0 0 0 2 1 5 0 0 2 0 7 0 0 0 0 0 0 0 0 0 0 0 0 0 0 0 0 0 0 0 1 1 6 5 4 2 9 9 0 0 45 21 2 0 3 2 0 10 6 0 2 0 0 0 0 0 0 0 0 0 0 0 0 0 0 0 0 7 35 5 0 0 0 6 0 21 90 19 0 0 0 0 0 0 0 0 0 0 0 0 183 593 258 289 174 5 2 2 32 5 0 0 0 15 150 196 10 19 55 0 0 0 0 20 438 268 650 271 18 22 1 0 0 0 0 0 0 0 0 0 0 0 0 0 0 0 0 0 0
3 84 290 1163 501 304 184 34 0 0 0 4 1 0 0 0 0 7 0 2 1 2 0 0 0 0 2 36 0 1 0 0 0 0 0 0 0 0 0 1 0 3 0 7 6 0 0 1 33 0 0 0 10 0 0 5 5 0 0 0 0 1 0 0 0 0 0 0 0 0 1 0 0 0 0 0 0 19 1 0 0 0 0 0 0 0 29 12 1 0 3 1 0 0 0 4 0 0 0 1 9 38 32 33 156 158 0 0 2 1 32 16 18 35 17 0 5 11 16 40 11 78 10 0 6 68 101 465 65 1 0 0 0 0 0 0 0 0 0 0 0 0 0 0 0 0 0 0 0 0
0 10 210 183 124 138 59 23 3 4 0 2 0 0 0 0 0 2 3 1 7 3 0 0 2 0 0 1 0 1 0 0 0 0 1 1 0 0 0 0 0 0 0 0 0 0 0 0 6 9 0 0 0 0 1 5 0 0 0 1 0 0 0 0 0 0 0 0 0 0 0 0 0 1 0 0 1 2 0 0 0 0 0 0 0 0 81 29 13 33 36 1 0 0 5 10 0 0 1 314 737 139 262 252 3 110 64 2 1 2 7 40 23 0 0 3 0 0 22 70 282 91 187 243 63 43 5 0 0 1 0 0 0 0 0 0 0 0 0 0 0 0 0 0 0 0 0 0 0 0
11 24 42 94 93 23 2 1 1 28 49 0 0 0 0 0 0 0 0 0 3 86 1 0 0 0 0 0 0 0 0 1 0 1 0 0 1 0 0 0 1 0 0 0 0 33 3 0 0 0 0 0 0 0 0 22 1 0 0 0 0 0 0 0 0 0 0 0 0 0 0 0 0 0 0 0 6 15 0 0 0 0 0 0 0 0 19 0 0 22 42 3 0 0 78 105 82 11 228 1275 511 483 288 21 6 27 58 105 0 19 97 1 0 0 0 0 1 3 103 59 116 64 21 83 14 45 35 20 51 53 14 0 0 0 0 0 0 0 0 0 0 0 0 0 0 0 0 0 0 0
35 5 26 5 1 0 0 4 0 1 0 0 0 0 0 0 0 0 0 1 0 11 4 1 0 0 0 0 0 3 0 0 0 8 6 0 0 0 0 0 0 0 0 3 1 11 0 3 0 0 0 0 0 2 113 9 3 0 0 0 0 0 0 0 0 0 0 0 0 0 0 0 0 0 36 17 0 0 0 0 0 0 0 0 0 0 12 11 0 1 81 16 19 21 95 232 96 10 93 121 10 8 74 19 4 2 0 185 681 210 0 0 0 0 3 0 0 0 1 1 41 1 1 2 30 128 45 58 336 155 51 2 0 0 0 0 0 0 0 0 0 0 0 0 0 0 0 0 0 0
30 3 5 7 0 0 1 0 0 0 0 3 0 0 0 1 0 0 0 0 10 1 2 23 0 0 2 0 0 0 12 75 2 0 1 0 0 0 0 0 1 0 0 0 0 0 0 0 0 0 0 4 4 4 16 3 0 0 0 0 0 0 0 0 0 0 0 0 0 0 0 0 0 0 7 10 0 0 0 0 0 0 0 0 0 0 63 44 108 42 77 24 10 19 4 89 17 6 0 1 4 2 4 0 1 3 216 403 246 104 2 0 2 0 0 0 0 6 1 6 3 14 14 15 9 126 99 156 199 230 78 0 0 0 0 0 0 0 0 0 0 0 0 0 0 0 0 0 0 0
2 1 0 2 2 0 0 0 0 0 0 0 0 0 0 0 0 0 0 2 0 0 0 0 0 0 0 0 1 0 5 0 0 0 0 0 0 0 0 0 0 1 0 0 0 3 1 1 0 0 0 4 8 67 5 6 0 0 0 0 0 0 0 0 0 0 0 0 0 0 0 1 7 8 2 0 0 0 0 0 0 0 0 0 0 0 4 0 119 1 0 0 1 1 6 34 2 7 9 0 2 3 0 6 3 147 804 387 247 97 0 0 0 0 0 0 0 30 89 13 8 69 0 4 12 3 173 65 5 26 39 19 0 0 0 0 0 0 0 0 0 0 0 0 0 0 0 0 0 0
1 0 0 1 0 1 0 0 0 0 0 0 0 0 0 0 0 0 0 1 0 0 0 6 0 1 0 0 0 0 0 4 0 0 0 1 0 1 0 0 0 0 0 0 0 1 0 0 0 0 15 2 2 96 9 9 3 0 0 0 0 0 0 0 0 0 0 0 0 0 6 2 6 3 0 0 0 0 0 0 0 0 0 0 0 0 0 0 2 0 0 0 3 21 3 4 1 0 6 2 2 3 4 1 65 77 196 53 104 204 0 0 0 0 0 0 0 0 7 14 0 4 4 48 97 23 84 51 29 29 1 0 0 0 0 0 0 0 0 0 0 0 0 0 0 0 0 0 0 0
0 0 0 0 1 24 1 0 0 0 0 0 0 0 0 0 0 0 0 3 0 0 0 0 0 0 0 0 0 0 0 0 0 2 0 0 0 0 0 0 0 0 3 1 0 0 0 0 0 0 13 0 7 0 12 0 12 2 0 0 0 0 0 0 0 0 0 2 3 6 4 0 0 0 0 0 0 0 0 0 0 0 0 0 0 0 0 0 9 0 0 33 127 14 1 1 0 0 1 6 6 4 34 22 84 27 0 3 5 32 12 0 0 0 0 0 0 0 0 0 1 18 0 20 0 0 0 349 6 6 3 0 0 0 0 0 0 0 0 0 0 0 0 0 0 0 0 0 0 0
0 0 0 0 60 39 0 0 0 0 0 0 0 0 4 0 0 0 0 0 0 0 0 0 0 0 1 1 0 0 4 0 0 0 0 0 0 0 1 0 0 0 0 1 2 4 0 0 0 2 3 0 1 6 5 2 9 1 0 2 0 0 0 0 0 0 0 0 9 4 0 1 0 0 0 0 0 0 0 0 0 0 0 0 0 0 0 0 34 34 213 408 93 17 0 0 0 1 0 31 52 341 229 44 4 38 11 0 0 16 1 0 0 0 0 0 0 0 0 0 1 0 0 0 0 28 227 70 1 0 0 0 0 0 0 0 0 0 0 0 0 0 0 0 0 0 0 0 0 0
0 0 0 0 1 0 0 0 0 0 0 1 0 2 0 0 0 0 1 0 0 0 0 0 0 0 0 0 0 5 0 0 0 0 0 3 0 0 0 0 0 0 0 0 3 4 0 0 0 0 10 0 0 8 64 1 5 2 0 0 0 0 0 0 0 0 0 0 10 0 0 0 0 0 0 0 0 0 0 0 0 0 0 0 1 0 0 3 36 73 222 131 48 21 1 3 8 3 4 68 127 127 54 8 8 3 3 0 0 0 9 0 0 0 0 0 0 0 0 0 0 27 46 1 0 104 100 1 0 0 0 0 0 0 0 0 0 0 0 0 0 0 0 0 0 0 0 0 0 0
0 0 0 0 0 2 1 0 0 0 0 0 24 24 0 0 0 2 2 0 0 0 0 0 0 5 1 0 2 10 0 0 0 0 0 1 0 0 0 0 0 0 0 2 1 9 7 0 0 1 2 0 2 14 13 0 0 2 0 0 0 0 0 0 0 0 2 7 66 0 0 0 0 0 0 0 0 0 0 0 0 0 0 0 2 8 32 2 5 9 0 9 3 2 25 2 0 13 25 23 71 0 0 4 0 0 0 2 4 20 11 34 0 0 0 0 0 0 0 0 0 0 0 0 0 0 0 2 0 0 0 0 0 0 0 0 0 0 0 0 0 0 0 0 0 0 0 0 0 0
0 0 0 1 0 1 2 0 0 0 0 0 0 0 4 1 1 0 0 0 0 0 0 0 0 0 1 0 0 4 0 0 0 0 0 0 0 0 0 0 0 0 2 0 0 0 4 9 0 1 1 0 0 2 4 7 2 2 1 0 0 0 0 0 0 0 2 21 15 0 1 1 0 0 0 0 0 0 0 0 0 0 0 5 39 1 0 1 9 12 11 1 27 1 7 7 4 22 20 14 40 10 2 1 4 0 7 16 100 105 138 463 48 10 0 0 0 0 0 0 0 0 0 0 0 0 0 0 0 0 0 0 0 0 0 0 0 0 0 0 0 0 0 0 0 0 0 0 0 0
0 0 0 1 3 5 2 3 0 0 0 0 0 0 0 0 0 0 0 0 0 0 0 0 0 0 0 0 1 0 0 0 0 0 0 0 0 0 8 4 0 0 0 0 0 0 0 4 23 0 0 0 0 0 0 63 99 3 6 0 0 0 0 0 0 7 52 117 4 0 1 0 0 0 0 0 0 0 0 0 0 0 0 21 66 0 0 15 17 4 1 1 3 0 0 17 46 44 18 1 0 0 20 1 1 1 14 1 69 55 181 46 71 49 5 0 0 0 0 0 0 0 0 0 0 0 0 0 0 0 0 0 0 0 0 0 0 0 0 0 0 0 0 0 0 0 0 0 0 0
0 2 0 0 11 0 0 0 0 0 0 1 0 0 0 0 0 0 0 0 0 0 0 0 0 0 0 2 1 1 0 0 0 0 0 1 3 0 1 0 0 0 1 0 0 3 0 6 86 24 0 0 0 0 13 0 5 15 27 28 1 1 6 6 3 3 0 0 0 0 0 0 0 0 0 0 0 0 0 0 0 0 0 0 0 1 0 6 5 4 0 0 0 1 23 119 5 0 0 0 0 0 1 0 16 35 440 989 296 56 11 0 34 42 0 0 0 0 0 0 0 0 0 0 0 0 0 0 0 0 0 0 0 0 0 0 0 0 0 0 0 0 0 0 0 0 0 0 0 0
0 0 7 2 0 60 2 2 1 2 6 0 0 2 0 0 0 0 0 0 0 0 0 0 0 0 0 0 0 0 1 0 0 0 0 1 0 3 8 0 6 1 0 0 0 5 21 14 5 5 0 0 2 1 8 6 0 0 0 3 0 0 0 2 8 0 4 7 1 17 1 7 0 0 0 0 0 0 0 0 0 0 0 0 0 0 0 0 1 2 6 9 0 1 70 16 2 0 0 0 0 3 2 6 69 77 148 395 191 236 82 116 183 8 0 0 0 0 0 0 0 0 0 0 0 0 0 0 0 0 0 0 0 0 0 0 0 0 0 0 0 0 0 0 0 0 0 0 0 0
0 0 1 0 25 59 1 0 0 1 1 0 0 0 0 0 0 0 0 0 0 0 0 0 0 0 0 0 0 0 1 0 0 1 1 0 0 0 0 2 1 2 8 3 0 0 4 1 2 1 8 0 1 2 3 0 4 4 3 1 0 0 2 1 2 0 0 2 0 0 0 0 4 1 0 0 0 0 0 0 0 0 0 0 0 0 0 0 0 0 0 0 7 14 1 45 162 0 0 0 0 0 0 65 134 192 0 0 6 19 0 9 15 0 0 0 0 0 0 0 0 0 0 0 0 0 0 0 0 0 0 0 0 0 0 0 0 0 0 0 0 0 0 0 0 0 0 0 0 0
0 0 1 1 0 0 0 0 9 0 0 0 0 1 0 0 0 0 1 2 0 0 0 0 0 0 0 0 0 0 0 5 2 0 0 0 0 0 0 0 0 0 0 2 0 0 1 0 9 5 0 0 1 2 0 0 0 0 5 0 3 8 1 0 0 0 0 0 0 0 2 1 0 1 0 0 0 0 0 0 0 0 0 0 0 0 0 0 0 0 0 10 55 19 17 132 220 0 0 0 0 0 0 7 4 0 1 0 0 0 32 72 2 0 0 0 1 0 0 0 0 0 0 0 0 0 0 0 0 0 0 0 0 0 0 0 0 0 0 0 0 0 3 1 3 0 0 0 0 0
0 0 1 0 0 2 0 0 0 4 0 0 0 0 1 2 0 0 0 0 0 0 0 0 0 0 0 0 0 0 0 1 0 0 0 0 0 0 0 0 0 0 1 0 0 2 0 0 0 0 1 4 4 10 1 0 0 0 4 4 4 0 0 0 0 0 0 0 0 0 1 3 0 0 0 0 0 0 0 0 0 0 0 0 0 0 0 2 41 0 3 28 210 118 22 0 8 0 0 0 0 0 2 17 6 0 1 1 0 69 297 5 3 0 0 0 0 0 0 0 0 0 0 0 0 0 0 0 0 0 0 0 0 0 0 0 0 0 0 0 0 0 0 0 0 0 0 0 0 0
0 0 0 0 0 0 0 0 0 0 0 0 0 2 0 0 0 0 0 0 0 0 0 0 0 0 0 0 0 0 0 0 0 0 0 0 0 0 0 0 0 0 0 0 0 0 0 0 0 0 8 4 7 0 0 0 0 0 0 4 3 0 0 0 0 0 0 0 0 0 0 0 0 0 0 0 0 0 0 0 0 0 0 0 0 0 0 0 0 0 6 94 323 0 0 5 2 0 0 0 0 0 0 1 0 0 0 5 20 59 39 30 0 0 0 0 0 0 0 0 0 0 0 0 0 0 0 0 0 0 0 0 0 0 0 0 0 0 0 0 0 0 0 0 0 0 0 0 0 0
0 0 0 0 0 0 0 0 0 1 0 1 2 0 0 0 0 0 2 1 0 0 0 0 1 0 0 0 0 0 0 0 0 0 0 0 0 0 0 0 0 0 3 0 0 0 0 0 0 0 1 7 0 0 0 3 10 6 6 8 1 1 0 0 0 0 0 0 0 0 5 62 1 0 0 0 0 0 0 0 0 0 0 0 0 0 0 0 0 2 34 18 5 10 40 1 0 0 0 0 0 0 0 0 0 0 0 0 0 0 0 0 0 0 0 0 0 0 0 0 0 0 0 0 0 0 0 0 0 0 0 0 0 0 0 0 0 0 0 0 0 0 0 0 0 0 0 0 0 0
0 0 0 0 0 0 0 0 0 0 0 0 0 0 1 0 0 0 0 0 0 1 5 29 0 0 0 0 0 0 0 0 0 0 0 0 2 0 0 0 0 0 0 0 0 0 0 0 0 0 0 15 2 3 4 1 0 0 1 0 0 10 6 0 0 0 0 0 0 0 0 2 14 0 2 0 0 0 0 0 0 0 0 0 0 0 0 0 0 7 4 44 12 14 9 5 0 0 0 0 0 0 0 0 0 0 0 0 0 0 0 0 0 0 0 0 0 0 0 0 0 0 0 0 0 0 0 0 0 0 0 0 0 0 0 0 0 0 0 0 0 0 0 0 0 0 0 0 0 0
0 0 0 0 0 0 0 0 1 1 1 0 0 3 0 0 1 0 0 0 0 0 1 1 7 0 0 0 1 0 0 0 0 0 0 0 0 2 0 0 0 0 0 0 0 0 0 0 0 0 4 29 28 4 0 2 7 0 0 0 3 19 115 0 0 0 0 0 0 0 0 0 0 0 2 0 0 0 1 0 0 0 0 0 0 0 0 0 0 0 26 11 0 20 20 8 0 0 0 0 0 0 0 0 0 0 0 0 0 0 0 0 0 0 0 0 0 0 0 0 0 0 0 0 0 0 0 0 0 0 0 0 0 0 0 0 0 0 0 0 1 0 0 0 0 0 0 0 0 0
0 0 0 0 0 0 0 0 0 0 0 0 12 4 0 0 0 0 0 0 0 0 0 0 2 0 0 0 0 0 0 0 0 0 0 0 0 0 0 0 0 0 0 0 0 0 0 0 0 5 9 47 172 18 6 3 0 0 0 0 0 24 0 0 0 0 0 0 0 0 0 0 0 3 0 0 0 0 0 0 0 0 0 0 0 0 0 0 0 0 5 8 17 15 11 3 0 0 0 0 0 0 0 0 0 0 0 0 0 0 0 0 0 0 0 0 0 0 0 0 0 0 0 0 0 0 0 0 0 0 0 0 0 0 0 0 0 0 0 0 0 0 0 0 0 0 0 0 0 1
0 0 0 0 0 0 0 0 0 0 0 0 3 1 1 1 0 1 6 0 0 0 0 0 0 2 0 0 0 0 0 0 0 0 0 0 0 0 0 0 0 0 0 0 0 0 0 0 1 1 1 15 108 1 22 0 0 0 0 0 3 6 3 0 0 0 0 0 0 0 0 0 0 0 0 0 0 0 0 0 0 0 0 0 0 0 0 0 0 0 0 3 6 6 4 3 7 0 0 32 0 0 0 0 0 0 0 0 0 0 0 0 0 0 0 0 0 0 0 0 0 0 0 0 0 0 0 0 0 0 0 0 0 0 0 0 0 0 0 0 0 0 0 0 0 0 0 0 0 0
0 0 0 0 7 0 0 0 0 3 0 0 0 0 1 0 0 0 1 0 0 0 0 0 1 1 0 0 0 0 0 0 0 0 0 1 0 0 0 0 0 0 0 0 0 0 0 6 0 1 1 4 17 0 0 0 0 0 0 0 18 5 0 3 0 0 0 0 0 0 0 0 0 0 0 0 0 0 0 0 0 0 0 0 0 0 0 0 2 0 0 0 0 0 0 1 7 0 2 0 3 0 0 0 0 0 0 0 0 0 0 0 0 0 0 0 0 0 0 0 0 0 0 0 0 0 0 0 0 0 0 0 0 0 0 0 0 0 0 0 0 0 0 0 0 0 0 0 0 0
0 0 1 0 0 0 0 0 0 0 2 1 0 0 0 0 0 0 1 0 0 0 0 0 1 0 0 0 0 0 0 0 1 2 16 1 1 0 0 0 0 0 0 0 0 0 39 4 0 0 0 0 0 0 0 0 0 0 0 0 5 0 0 0 0 0 0 0 0 0 0 0 0 0 0 0 0 0 0 0 0 0 0 0 0 0 0 0 0 0 0 0 0 0 0 8 10 12 0 0 1 0 0 0 0 0 0 0 0 0 0 0 0 0 0 0 0 0 0 0 0 0 0 0 0 0 0 0 0 0 0 0 0 0 0 0 0 0 0 0 0 0 0 2 3 12 0 0 0 0
1 0 1 0 0 0 0 0 0 0 0 1 0 0 0 0 2 1 0 1 2 0 0 0 0 2 0 0 0 0 1 1 0 1 0 0 0 1 0 0 0 0 0 0 0 7 1 0 0 0 0 0 0 0 0 0 0 0 0 0 3 0 0 0 0 0 0 0 0 0 0 1 2 0 0 0 0 0 0 0 0 0 0 0 0 0 0 0 0 0 0 0 0 0 29 4 2 2 0 3 6 1 0 0 0 0 0 0 0 0 0 0 0 0 0 0 0 0 0 0 0 0 0 0 0 0 0 0 0 0 0 0 0 0 0 0 0 0 0 0 0 0 0 0 0 0 0 0 0 0
0 0 0 0 0 0 0 0 0 0 0 13 1 0 0 0 0 0 0 1 0 0 0 0 0 0 0 0 0 0 0 0 0 0 0 0 0 0 0 0 0 0 0 0 2 0 0 0 0 0 0 0 0 0 0 0 0 0 0 0 8 0 0 0 0 0 0 0 0 0 7 26 0 0 0 0 0 0 0 0 0 0 0 0 0 0 0 0 0 0 0 0 0 0 2 1 0 0 0 0 0 4 0 0 0 0 0 0 0 0 0 0 0 0 0 0 0 0 0 0 0 0 0 0 0 0 0 0 0 0 0 0 0 0 0 0 0 0 0 0 0 0 0 0 0 0 0 0 0 0
0 0 0 0 0 0 0 0 0 0 7 1 6 0 0 3 0 0 0 0 0 0 0 0 0 0 0 0 0 0 0 0 0 0 0 0 0 0 0 0 0 0 0 0 0 0 0 0 0 0 0 0 0 0 0 0 0 0 0 2 4 0 0 0 0 0 0 0 0 0 10 0 0 0 0 0 0 0 0 0 0 0 0 0 0 0 0 0 0 0 0 0 0 0 2 1 5 0 0 0 0 0 0 0 0 0 0 0 0 0 0 0 0 0 0 0 0 0 0 0 0 0 0 0 0 0 0 0 0 0 0 0 0 0 0 0 0 0 0 0 0 0 0 0 0 0 0 0 0 0
10 0 0 0 0 0 0 1 1 0 0 0 10 0 1 2 3 3 0 0 0 0 0 0 0 0 0 0 0 0 0 0 0 0 0 0 0 0 0 0 0 0 0 10 2 0 0 0 0 0 0 0 0 0 0 0 0 0 0 20 3 0 0 0 0 0 0 0 10 0 1 1 0 0 0 0 0 0 0 0 0 0 0 0 0 0 0 0 0 0 0 0 0 0 0 0 2 0 0 0 0 0 0 0 0 0 0 0 0 0 0 0 0 0 0 0 0 0 0 0 0 0 0 0 0 0 0 0 0 0 0 0 0 0 0 0 0 0 0 0 0 0 0 0 0 0 0 0 0 0
1 0 0 0 1 0 0 0 0 0 0 0 3 0 0 0 0 5 3 0 0 0 0 0 0 0 0 0 0 0 0 0 0 0 0 0 1 1 0 1 0 0 11 2 0 0 0 0 0 0 0 0 0 0 0 0 0 0 0 0 7 15 2 0 1 0 0 0 52 31 0 0 0 0 0 0 0 0 0 0 0 0 0 0 0 0 0 0 0 0 0 0 0 0 0 0 0 0 2 0 0 0 0 0 0 0 0 0 0 0 0 0 0 0 0 0 0 0 0 0 0 0 0 0 0 0 0 0 0 0 0 0 0 0 0 0 0 0 0 0 0 0 0 0 0 0 0 0 0 0
1 1 2 0 0 0 0 0 0 0 1 1 49 11 0 8 35 0 1 4 0 0 1 15 1 4 0 0 0 0 0 0 0 0 2 1 10 4 9 9 0 1 18 0 0 0 0 0 0 0 0 0 0 0 0 0 0 0 0 0 0 3 3 2 133 35 19 0 0 0 0 0 0 0 0 0 0 0 0 0 0 0 0 0 0 0 0 0 0 0 0 0 0 0 0 0 0 0 0 0 0 0 0 0 0 0 0 0 0 0 0 0 0 0 0 0 0 0 0 0 0 0 0 0 0 0 0 0 0 0 0 0 0 0 0 0 0 0 0 0 0 0 0 0 0 0 0 0 0 0
3 48 4 0 0 0 0 0 0 0 0 10 3 0 0 0 2 1 1 5 13 146 37 4 5 0 0 0 0 2 3 0 0 3 0 2 26 1 0 2 3 5 1 0 0 0 0 0 0 0 0 0 0 0 0 0 0 0 0 0 0 0 0 0 11 5 0 0 0 0 0 0 0 0 0 0 0 0 0 0 0 0 0 0 0 0 0 0 0 0 0 0 0 0 0 0 0 0 0 0 0 0 0 0 0 0 0 0 0 0 0 0 0 0 0 0 0 0 0 0 0 0 0 0 0 0 0 0 0 0 0 0 0 0 0 0 0 0 0 0 0 0 0 0 0 0 0 0 0 0
17 11 9 0 0 0 0 0 0 0 0 0 4 0 0 0 4 0 0 7 0 47 14 28 9 1 0 0 5 12 5 0 0 0 0 0 5 3 3 5 5 53 0 0 0 0 0 0 0 0 0 0 0 0 0 0 0 0 0 0 0 0 0 0 4 0 0 0 0 0 0 0 0 0 0 0 0 0 0 0 0 0 0 0 0 0 0 0 0 2 0 0 0 0 0 0 0 0 0 0 0 0 0 0 0 0 0 0 0 0 0 0 0 0 0 0 0 0 0 0 0 0 0 0 0 0 0 0 0 0 0 0 0 0 0 0 0 0 0 0 0 0 0 0 0 0 0 0 0 0
0 2 0 0 0 0 0 0 0 0 0 0 3 0 0 0 0 2 0 3 0 3 5 4 2 17 7 2 3 0 0 0 0 0 1 2 1 0 0 0 0 1 0 0 0 0 0 0 0 0 0 0 0 0 0 0 0 0 0 0 0 0 0 0 0 0 0 0 0 0 0 0 0 0 0 0 0 0 0 0 0 0 0 0 0 0 0 0 0 0 0 0 0 0 0 0 0 0 0 0 0 0 0 0 0 0 0 0 0 0 0 0 0 0 0 0 0 0 0 0 0 0 0 0 0 0 0 0 0 0 0 0 0 0 0 0 0 0 0 0 0 0 0 0 0 0 0 0 0 0
0 0 0 0 0 0 0 0 0 0 0 0 0 1 0 0 0 2 0 2 0 0 0 1 4 10 7 11 37 4 0 2 0 11 6 0 1 0 0 0 0 0 0 0 0 0 0 0 0 0 0 0 0 0 0 0 0 0 0 0 0 0 0 0 0 0 0 0 0 0 0 0 0 0 0 0 0 0 0 0 0 0 0 0 0 0 0 0 0 0 0 0 0 0 0 0 0 0 0 0 0 0 0 0 0 0 0 0 0 0 0 0 0 0 0 0 0 0 0 0 0 0 0 0 0 0 0 0 0 0 0 0 0 0 0 0 0 1 0 0 0 0 0 0 0 0 0 0 0 0
0 0 0 0 0 0 0 0 0 0 0 0 0 4 0 0 0 0 0 0 0 0 0 0 1 0 0 4 304 44 5 3 4 29 0 0 7 0 0 0 0 1 0 0 0 0 0 0 0 0 0 0 0 0 0 0 0 0 0 0 0 0 0 0 0 0 0 0 0 0 0 0 0 0 0 0 0 0 0 0 0 0 0 0 0 0 0 0 0 0 0 0 0 0 0 0 0 0 0 0 0 0 0 0 0 0 0 0 0 0 0 0 0 0 0 0 0 0 0 0 0 0 0 0 0 0 0 0 0 0 0 0 0 0 0 0 1 0 0 0 0 0 0 0 0 0 0 0 0 0
0 0 0 0 0 0 0 0 0 0 0 0 0 1 0 0 0 0 0 0 0 0 0 0 0 1 6 3 0 0 2 0 0 1 0 3 10 0 0 0 0 0 0 0 0 0 0 0 0 0 0 0 0 0 0 0 0 0 0 0 0 0 0 0 0 0 0 0 0 0 0 0 0 0 0 0 0 0 0 0 0 0 0 0 0 0 0 0 0 0 0 0 0 0 0 0 0 0 0 0 0 0 0 0 0 0 0 0 0 0 0 0 0 0 0 0 0 0 0 0 0 0 0 0 0 0 0 0 0 0 0 0 0 0 0 0 0 0 0 0 0 0 0 0 0 0 0 0 0 0
0 0 0 0 0 0 0 2 0 0 1 1 0 0 0 0 0 0 0 0 0 1 0 0 1 0 10 0 0 0 7 0 6 2 1 0 1 3 0 0 0 0 0 0 0 0 0 0 0 0 0 0 0 0 0 0 0 0 0 0 0 0 0 0 0 0 0 0 0 0 0 0 0 0 0 0 0 0 0 0 0 0 0 0 0 0 0 0 0 0 0 0 0 0 0 0 0 0 0 0 0 0 0 0 0 0 0 0 0 0 0 0 0 0 0 0 0 0 0 0 0 0 0 0 0 0 0 0 0 0 0 0 0 0 0 0 0 0 0 0 0 0 0 0 0 0 0 0 0 0
0 0 0 0 0 0 0 1 0 0 0 1 3 8 0 0 0 0 0 0 0 0 0 0 0 0 0 0 0 0 0 0 8 0 0 0 1 1 0 0 0 0 0 0 0 0 0 0 0 0 0 0 0 0 0 0 0 0 0 0 0 0 0 0 0 0 0 0 0 0 0 0 0 0 0 0 0 0 0 0 0 0 0 0 0 0 0 0 0 0 0 0 0 0 0 0 0 0 0 0 0 0 0 0 0 0 0 0 0 0 0 0 0 0 0 0 0 0 0 0 0 0 0 0 0 0 0 0 0 0 0 0 0 0 0 0 0 0 0 0 0 0 0 0 0 0 0 0 0 0
0 0 0 0 0 0 0 0 0 1 0 1 2 0 0 0 0 0 0 0 0 0 0 0 0 0 0 22 2 0 8 0 0 0 0 0 0 0 0 0 0 0 0 0 0 0 0 0 0 0 0 0 0 0 0 0 0 0 0 0 0 0 0 0 0 0 0 0 0 0 0 0 0 0 0 0 0 0 0 0 0 0 0 0 0 0 0 0 0 0 0 0 0 0 0 0 0 0 0 0 0 0 0 0 0 0 0 0 0 0 0 0 0 0 0 0 0 0 0 0 0 0 0 0 0 0 0 0 0 0 0 0 0 0 0 0 0 0 0 0 0 0 0 0 0 0 0 0 0 0
0 0 0 0 0 0 0 0 0 0 5 0 0 0 0 0 0 0 0 0 0 0 0 0 0 0 0 6 1 0 0 0 1 5 0 0 0 0 0 0 0 0 0 0 0 0 0 0 0 0 0 0 0 0 0 0 0 0 0 0 0 0 0 0 0 0 0 0 0 0 0 0 0 0 0 0 0 0 0 0 0 0 0 0 0 0 0 0 0 0 0 0 0 0 0 0 0 0 0 0 0 0 0 0 0 0 0 0 0 0 0 0 0 0 0 0 0 0 0 0 0 0 0 0 0 0 0 0 0 0 0 0 0 0 0 0 0 0 0 0 0 0 0 0 0 0 0 0 0 0
0 0 0 0 0 0 0 0 0 0 1 0 0 0 0 0 0 0 0 0 0 0 0 0 0 0 0 0 0 0 0 0 1 0 0 0 0 0 0 0 0 0 0 0 0 0 0 0 0 0 0 0 0 0 0 0 0 0 0 0 0 0 0 0 0 0 0 0 0 0 0 0 0 0 0 0 0 0 0 0 0 0 0 0 0 0 0 0 0 0 0 0 0 0 0 0 0 0 0 0 0 0 0 0 0 0 0 0 0 0 0 0 0 0 0 0 0 0 0 0 0 0 0 0 0 0 0 0 0 0 0 0 0 0 0 0 0 0 0 0 0 0 0 0 0 0 0 0 0 0
0 0 0 0 0 0 0 0 0 0 4 0 0 0 0 0 0 0 0 0 0 0 0 0 0 0 0 0 0 0 0 0 0 0 0 0 0 0 0 0 0 0 0 0 0 0 0 0 0 0 0 0 0 0 0 0 0 0 0 0 0 0 0 0 0 0 0 0 0 0 0 0 0 0 0 0 0 0 0 0 0 0 0 0 0 0 0 0 0 0 0 0 0 0 0 0 0 0 0 0 0 0 0 0 0 0 0 0 0 0 0 0 0 0 0 0 0 0 0 0 0 0 0 0 0 0 0 0 0 0 0 0 0 0 0 0 0 0 0 0 0 0 0 0 0 0 0 0 0 0
0 0 0 0 0 0 0 0 0 3 3 0 0 0 0 0 0 0 0 0 0 0 0 0 0 0 0 0 0 1 0 0 0 0 0 0 0 0 0 0 0 0 0 0 0 0 0 0 0 0 0 12 0 0 0 4 0 0 0 0 0 0 0 0 0 0 0 0 0 0 0 0 0 0 0 0 0 0 0 0 0 0 0 0 0 0 0 0 0 0 0 0 0 0 0 0 0 0 0 0 0 0 0 0 0 0 0 0 0 0 0 0 0 0 0 0 0 0 0 0 0 0 0 0 0 0 0 0 0 0 0 0 0 0 0 0 0 0 0 0 0 0 0 0 0 0 0 0 0 0
0 0 1 0 0 0 0 0 10 22 0 0 0 0 0 0 0 0 0 0 0 0 0 0 0 0 0 0 0 0 0 0 0 0 0 0 0 0 0 0 0 0 0 0 0 0 0 0 0 0 1 0 0 0 0 0 0 0 0 0 0 0 0 0 0 0 0 0 0 0 0 0 0 0 0 0 0 0 0 0 0 0 0 0 0 0 0 0 0 0 0 0 0 0 0 0 0 0 0 0 0 0 0 0 0 0 0 0 0 0 0 0 0 0 0 0 0 0 0 0 0 0 0 0 0 0 0 0 0 0 0 0 0 0 0 0 0 0 0 0 0 0 0 0 0 0 0 0 0 0
0 0 0 0 1 2 15 34 27 1 0 0 0 0 0 0 0 0 0 0 0 0 0 0 0 0 0 0 0 0 0 0 0 0 0 0 0 0 0 0 0 0 0 0 0 0 0 0 0 41 41 0 0 0 1 0 0 0 0 0 0 0 0 0 0 0 0 0 0 0 0 0 0 0 0 0 0 0 0 0 0 0 0 0 0 0 0 0 0 0 0 0 0 0 0 0 0 0 0 0 0 0 0 0 0 0 0 0 0 0 0 0 0 0 0 0 0 0 0 0 0 0 0 0 0 0 0 0 0 0 0 0 0 0 0 0 0 0 0 0 0 0 0 0 0 0 0 0 0 0
0 0 0 0 0 2 20 54 0 0 0 0 0 0 0 0 0 0 0 0 0 0 0 0 0 0 0 0 0 0 0 0 0 0 0 0 0 0 0 0 0 0 0 0 0 0 0 0 0 0 0 0 0 0 0 0 0 0 0 0 0 0 0 0 0 0 0 0 0 0 0 0 0 0 0 0 0 0 0 0 0 0 0 0 0 0 0 0 0 0 0 0 0 0 0 0 0 0 0 0 0 0 0 0 0 0 0 0 0 0 0 0 0 0 0 0 0 0 0 0 0 0 0 0 0 0 0 0 0 0 0 0 0 0 0 0 0 0 0 0 0 0 0 0 0 0 0 0 0 0
0 1 0 0 0 0 0 0 0 0 0 0 0 0 0 0 0 0 0 0 0 0 0 0 0 0 0 0 0 0 0 0 0 0 0 0 0 0 0 0 0 0 0 0 0 0 0 0 1 0 0 0 3 15 0 0 0 0 0 0 0 0 0 0 0 0 0 0 0 0 0 0 0 0 0 0 0 0 0 0 0 0 0 0 0 0 0 0 0 0 0 0 0 0 0 0 0 0 0 0 0 0 0 0 0 0 0 0 0 0 0 0 0 0 0 0 0 0 0 0 0 0 0 0 0 0 0 0 0 0 0 0 0 0 0 0 0 0 0 0 0 0 0 0 0 0 0 0 0 0
0 0 0 0 0 0 0 0 0 0 0 0 0 0 0 0 0 0 0 0 0 0 0 0 0 0 0 0 0 0 0 0 0 0 0 0 0 0 0 0 0 0 0 0 0 0 0 0 0 0 0 0 2 0 0 0 0 0 0 0 0 0 0 0 0 0 0 0 0 0 0 0 0 0 0 0 0 0 0 0 0 0 0 0 0 0 0 0 0 0 0 0 0 0 0 0 0 0 0 0 0 0 0 0 0 0 0 0 0 0 0 0 0 0 0 0 0 0 0 0 0 0 0 0 0 0 0 0 0 0 0 0 0 0 0 0 0 0 0 0 0 0 0 0 0 0 0 0 0 0
0 0 0 0 0 0 0 0 0 0 0 0 0 0 0 0 0 0 0 0 0 0 0 0 0 0 0 0 0 0 0 0 0 0 0 0 0 6 0 0 0 0 0 0 0 0 0 0 0 0 0 0 1 0 0 0 0 0 0 0 0 0 0 0 0 0 0 0 0 0 0 0 0 0 0 0 0 0 0 0 0 0 0 0 0 0 0 0 0 0 0 0 0 0 0 0 0 0 0 0 0 0 0 0 0 0 0 0 0 0 0 0 0 0 0 0 0 0 0 0 0 0 0 0 0 0 0 0 0 0 0 0 0 0 0 0 0 0 0 0 0 0 0 0 0 0 0 0 0 0
0 0 0 0 0 0 0 0 0 0 0 0 0 0 0 0 0 0 0 0 0 0 0 0 0 0 0 0 0 0 0 0 0 0 0 0 0 0 0 0 0 0 0 0 0 0 0 0 0 0 0 0 1 0 0 0 0 0 0 0 0 0 0 0 0 0 0 0 0 0 0 0 0 0 0 0 0 0 0 0 0 0 0 0 0 0 0 0 0 0 0 0 0 0 0 0 0 0 0 0 0 0 0 0 0 0 0 0 0 0 0 0 0 0 0 0 0 0 0 0 0 0 0 0 0 0 0 0 0 0 0 0 0 0 0 0 0 0 0 0 0 0 0 0 0 0 0 0 0 0
0 0 0 0 0 0 0 0 0 0 0 0 0 0 0 0 0 0 0 0 0 0 0 0 0 0 0 0 0 0 1 1 0 0 1 0 0 0 0 0 0 0 0 0 0 0 0 0 0 0 0 0 0 3 0 0 0 0 0 0 0 0 0 0 0 0 0 0 0 0 0 0 0 0 0 0 0 0 0 0 0 0 0 0 0 0 0 0 0 0 0 0 0 0 0 0 0 0 0 0 0 0 0 0 0 0 0 0 0 0 0 0 0 0 0 0 0 0 0 0 0 0 0 0 0 0 0 0 0 0 0 0 0 0 0 0 0 0 0 0 0 0 0 0 0 0 0 0 0 0
0 0 0 0 0 0 0 0 0 0 0 0 0 0 0 0 0 0 0 0 0 0 0 0 0 0 0 0 0 0 1 12 1 0 0 0 0 0 0 0 0 0 0 0 0 0 0 0 0 0 0 0 0 0 0 0 0 0 0 0 0 0 0 0 0 0 0 0 0 0 0 0 0 0 0 0 0 0 0 0 0 0 0 0 0 0 0 0 0 0 0 0 0 0 0 0 0 0 0 0 0 0 0 0 0 0 0 0 0 0 0 0 0 0 0 0 0 0 0 0 0 0 0 0 0 0 0 0 0 0 0 0 0 0 0 0 0 0 0 0 0 0 0 0 0 0 0 0 0 0
0 0 0 0 0 0 0 0 0 0 0 0 0 0 0 0 0 0 0 0 0 0 0 0 0 0 0 0 0 0 1 5 0 0 0 0 0 0 0 0 0 0 0 0 0 0 0 0 0 0 0 0 0 0 0 0 0 0 0 0 0 0 0 0 0 0 0 0 0 0 0 0 0 0 0 0 0 0 0 0 0 0 0 0 0 0 0 0 0 0 0 0 0 0 0 0 0 0 0 0 0 0 0 0 0 0 0 0 0 0 0 0 0 0 0 0 0 0 0 0 0 0 0 0 0 0 0 0 0 0 0 0 0 0 0 0 0 0 0 0 0 0 0 0 0 0 0 0 0 0
0 0 0 0 0 0 0 0 0 0 0 0 0 0 0 0 0 0 0 0 0 0 0 0 0 0 0 0 0 2 0 0 0 0 0 0 0 0 0 0 0 0 0 0 0 0 0 0 0 0 0 0 0 0 0 0 0 0 0 0 0 0 0 0 0 0 0 0 0 0 0 0 0 0 0 0 0 0 0 0 0 0 0 0 0 0 0 0 0 0 0 0 0 0 0 0 0 0 0 0 0 0 0 0 0 0 0 0 0 0 0 0 0 0 0 0 0 0 0 0 0 0 0 0 0 0 0 0 0 0 0 0 0 0 0 0 0 0 0 0 0 0 0 0 0 0 0 0 0 0
0 0 0 0 0 0 0 0 0 0 0 0 0 0 0 0 0 0 0 0 0 0 0 0 0 0 0 0 0 109 31 0 0 0 0 0 0 0 0 0 0 0 0 0 0 0 0 0 0 0 0 0 0 0 0 0 0 0 0 0 0 0 0 0 0 0 0 0 0 0 0 0 0 0 0 0 0 0 0 0 0 0 0 0 0 0 0 0 0 0 0 0 0 0 0 0 0 0 0 0 0 0 0 0 0 0 0 0 0 0 0 0 0 0 0 0 0 0 0 0 0 0 0 0 0 0 0 0 0 0 0 0 0 0 0 0 0 0 0 0 0 0 0 0 0 0 0 0 0 0
0 0 0 0 0 0 0 0 0 0 0 0 0 0 0 0 0 0 0 0 0 0 0 0 0 0 0 0 0 0 0 0 0 0 0 0 0 0 0 0 0 0 0 0 0 0 0 0 0 43 0 0 0 0 0 0 0 0 0 0 0 0 0 0 0 0 0 0 0 0 0 0 0 0 0 0 0 0 0 0 0 0 0 0 0 0 0 0 0 0 0 0 0 0 0 0 0 0 0 0 0 0 0 0 0 0 0 0 0 0 0 0 0 0 0 0 0 0 0 0 0 0 0 0 0 0 0 0 0 0 0 0 0 0 0 0 0 0 0 0 0 0 0 0 0 0 0 0 0 0
0 0 0 0 0 0 0 0 0 0 0 0 0 0 0 0 0 0 0 0 0 0 0 0 0 0 7 0 0 0 0 0 0 0 0 0 0 0 0 0 0 0 0 0 0 0 0 0 2 0 0 0 0 0 0 0 0 0 0 0 0 0 0 0 0 0 0 0 0 0 0 0 0 0 0 0 0 0 0 0 0 0 0 0 0 0 0 0 0 0 0 0 0 0 0 0 0 0 0 0 0 0 0 0 0 0 0 0 0 0 0 0 0 0 0 0 0 0 0 0 0 0 0 0 0 0 0 0 0 0 0 0 0 0 0 0 0 0 0 0 0 0 0 0 0 0 0 0 0 0
0 0 0 0 0 0 0 0 0 0 0 0 0 0 0 0 0 0 0 0 0 0 0 0 0 0 0 1 8 0 0 0 0 0 0 0 0 0 0 0 0 0 0 0 0 0 0 0 0 0 0 0 0 0 0 0 0 0 0 0 0 0 0 0 0 0 0 0 0 0 0 0 0 0 0 0 0 0 0 0 0 0 0 0 0 0 0 0 0 0 0 0 0 0 0 0 0 0 0 0 0 0 0 0 0 0 0 0 0 0 0 0 0 0 0 0 0 0 0 0 0 0 0 0 0 0 0 0 0 0 0 0 0 0 1 1 2 1 2 2 1 2 1 2 1 2 1 0 1 0
0 0 0 0 0 0 0 0 0 0 0 0 0 0 0 0 0 0 0 0 0 0 0 0 0 0 0 0 0 0 0 0 0 0 0 0 0 0 0 0 0 0 0 0 0 0 0 0 0 0 0 0 0 1 0 0 0 0 0 0 0 0 0 0 0 0 0 0 0 0 0 0 0 0 0 0 0 0 0 0 0 0 0 0 0 0 0 0 0 0 0 0 0 0 0 0 0 0 0 0 0 0 0 0 0 0 0 0 0 0 0 0 0 0 0 0 0 0 0 0 0 0 0 0 0 0 0 0 0 0 0 0 0 0 0 0 0 0 0 0 0 0 0 0 0 0 0 0 0 0
0 0 0 0 0 0 0 0 0 0 0 0 0 0 0 0 0 0 0 0 0 0 0 0 0 0 0 0 0 0 0 0 0 0 0 0 0 0 0 0 0 0 0 0 0 0 0 0 0 0 3 0 0 0 0 0 0 0 0 0 0 0 0 0 0 0 0 0 0 0 0 0 0 0 0 0 0 0 0 0 0 0 0 0 0 0 0 0 0 0 0 0 0 0 0 0 0 0 0 0 0 0 0 0 0 0 0 0 0 0 0 0 0 0 0 0 0 0 0 0 0 0 0 0 0 0 0 0 0 0 0 0 0 0 0 0 0 0 0 0 0 0 0 0 0 0 0 0 0 0
0 0 0 0 0 0 0 0 0 0 0 0 0 0 0 0 0 0 0 0 0 0 0 0 0 0 0 0 0 0 0 0 0 0 0 0 0 0 0 0 0 0 0 0 0 0 0 0 0 0 0 0 0 0 0 0 0 0 0 0 0 0 0 0 0 0 0 0 0 0 0 0 0 0 0 0 0 0 0 0 0 0 0 0 0 0 0 0 0 0 0 0 0 0 0 0 0 0 0 0 0 0 0 0 0 0 0 0 0 0 0 0 0 0 0 0 0 0 0 0 0 0 0 0 0 0 0 0 0 0 0 0 0 0 0 0 0 0 0 0 0 0 0 0 0 0 0 0 0 0
0 0 0 0 0 0 0 0 0 0 0 0 0 0 0 0 0 0 0 0 0 0 0 0 0 0 0 0 0 0 0 0 0 0 0 0 0 0 0 0 0 0 0 0 0 0 0 0 0 0 0 0 0 0 0 0 0 0 0 0 0 0 0 0 0 0 0 0 0 0 0 0 0 0 0 0 0 0 0 0 0 0 0 0 0 0 0 0 0 0 0 0 0 0 0 0 0 0 0 0 0 0 0 0 0 0 0 0 0 0 0 0 0 0 0 0 0 0 0 0 0 0 0 0 0 0 0 1 0 0 0 0 0 0 0 0 0 0 0 0 0 0 0 0 0 0 0 0 0 0
0 0 0 0 0 0 0 0 0 0 0 0 0 0 0 0 0 0 0 0 0 0 0 0 0 0 0 0 0 0 0 0 0 0 0 0 0 0 0 0 0 0 0 0 0 0 0 0 0 0 0 0 0 0 0 0 0 0 0 0 0 0 0 0 0 0 0 0 0 0 0 0 0 0 0 0 0 0 0 0 0 0 0 0 0 0 0 0 0 0 0 0 0 0 0 0 0 0 0 0 0 0 0 0 0 0 0 0 0 0 0 0 0 0 0 0 0 0 0 0 0 0 0 0 0 0 0 0 0 0 0 0 0 0 0 0 0 0 0 0 0 0 0 0 0 0 0 0 0 0
