0 0 29 3 0 0 2 1 24 121 12 8 0 18 0 0 0 3 5 0 1 7 0 0 2 12 0 0 0 0 0 0 1 2 14 3 0 0 3 9 0 0 0 0 0 0 0 0 0 0 0 0 0 0 1 3 0 0 0 6 69 29 12 2 0 13 17 0 0 0 0 6 16 232 228 415 190 48 58 17 30 170 96 72 151 208 178 210 27 198 900 837 110 588 411 620 1186 1116 950 181 228 128 24 66 31 59 73 460 283 34 12 6 11 107 54 124 39 19 4 6 6 46 19 5 0 17 2 1 18 11 4 16 1 15 8 0 0 5 0 0 1 0 0 0 0 0 0 0 0 14
0 7 4 5 0 0 0 0 0 36 32 6 5 6 0 0 0 0 15 0 4 2 28 2 15 28 0 3 0 0 0 0 0 0 0 0 0 0 4 1 0 0 0 0 0 0 0 0 0 0 0 0 0 0 4 0 0 0 0 38 122 35 8 18 26 1 0 0 2 1 0 10 80 72 51 2 51 73 18 73 125 81 26 16 151 227 371 173 380 400 135 83 539 451 347 486 954 596 996 762 400 82 107 36 3 9 3 24 41 7 2 7 1 23 64 72 7 29 0 14 4 9 14 9 1 1 6 2 17 42 21 9 59 52 2 0 0 0 5 116 8 0 0 0 0 0 0 0 0 0
0 0 0 0 5 0 0 0 0 13 3 4 19 6 1 0 0 4 1 2 0 18 100 33 16 0 1 8 0 0 0 0 1 0 0 6 6 2 0 14 2 0 0 1 0 0 0 0 0 0 0 0 0 0 16 1 0 2 0 1 4 17 6 13 0 0 0 0 0 0 0 7 3 0 4 0 3 37 262 282 124 65 5 33 48 203 536 176 5 8 170 33 157 897 741 671 409 422 344 825 645 403 14 52 35 11 6 16 339 159 47 8 3 15 3 13 11 78 52 8 119 16 6 4 2 3 2 7 0 44 10 4 62 151 0 0 12 0 16 116 14 5 0 0 0 0 0 0 0 0
35 21 0 0 0 0 0 0 0 2 4 3 0 0 0 3 2 0 4 5 0 0 3 17 9 0 3 9 7 0 0 0 0 0 0 0 0 1 0 2 1 0 0 1 0 0 0 0 0 0 7 0 0 0 288 31 2 21 13 1 0 1 5 28 0 0 0 0 0 0 36 146 30 0 4 6 23 118 279 508 185 98 155 343 169 35 123 208 16 220 1086 1285 1455 907 930 557 145 242 647 591 571 568 168 15 57 115 58 17 408 158 28 24 43 24 0 9 19 118 111 35 66 121 26 4 2 6 3 8 16 3 4 13 21 0 27 3 32 7 0 11 70 7 0 0 0 0 0 0 0 0
8 10 0 0 0 0 0 0 4 2 3 0 0 0 0 18 9 1 0 0 2 1 2 0 1 0 0 1 0 0 0 0 0 0 0 14 10 0 0 0 1 0 0 0 0 0 0 0 1 2 0 0 4 5 53 289 42 69 1 0 32 2 0 33 0 0 0 0 1 30 122 64 190 189 41 68 52 178 418 459 398 413 341 571 365 140 96 110 33 334 1223 1612 450 996 457 250 108 670 527 790 682 1010 769 571 361 296 66 33 5 8 13 36 28 68 9 3 3 43 193 57 272 815 180 25 3 4 5 0 4 5 1 1 0 1 5 0 0 0 0 1 54 8 0 0 0 0 1 0 0 0
26 1 0 0 0 0 0 0 1 0 7 0 0 0 0 4 11 0 8 100 11 6 1 0 0 0 0 0 3 3 0 1 0 0 24 87 54 24 0 0 0 0 4 0 0 0 0 0 0 7 53 11 0 4 10 30 48 29 16 5 3 0 19 4 1 0 0 0 9 89 101 149 180 149 212 98 66 73 90 632 1067 840 379 61 3 156 130 48 9 341 1506 1188 187 484 1219 832 162 1442 566 522 455 425 1133 575 47 182 33 100 6 1 2 4 8 52 9 7 38 2 3 14 338 192 1 4 14 11 5 2 1 0 4 0 2 0 0 0 9 0 0 0 1 8 1 0 0 0 0 0 0 0
0 0 0 3 0 1 0 1 1 1 16 0 0 2 1 0 0 1 0 0 0 3 1 0 0 0 0 0 0 1 2 0 1 2 0 8 2 4 6 0 0 0 0 0 0 0 0 0 0 2 0 3 2 15 0 15 18 3 53 41 6 24 3 0 7 1 0 0 11 106 91 116 247 376 314 181 339 229 490 535 1401 1481 1190 847 292 50 23 163 96 182 1269 1269 288 705 992 491 324 540 707 48 24 421 207 268 53 128 126 22 29 44 61 172 276 64 74 38 2 1 15 34 126 108 4 1 7 3 12 3 0 0 3 0 0 0 0 0 0 17 0 0 0 1 6 0 0 0 0 1 0 0
0 0 0 1 0 0 0 0 0 0 2 0 0 0 1 0 0 0 0 0 0 0 0 0 0 0 0 0 0 4 8 0 0 0 5 7 0 0 11 24 0 0 0 0 0 0 0 0 0 0 0 0 4 20 12 11 4 60 95 85 110 131 67 11 25 50 0 0 1 154 7 6 40 78 125 67 178 166 631 972 1543 862 1286 251 191 241 200 662 306 97 750 129 158 651 491 459 326 714 794 346 150 367 474 672 139 138 17 55 115 45 259 513 159 74 20 99 2 0 7 24 25 12 7 9 9 1 5 6 2 0 0 0 0 0 0 0 0 0 0 0 0 0 0 0 0 0 0 0 0 0
2 0 0 0 0 0 0 0 4 3 0 4 2 2 11 0 0 0 2 0 0 0 0 0 0 0 0 0 0 0 1 0 0 0 1 1 0 5 0 0 0 0 0 0 0 0 0 0 0 0 0 0 2 30 0 0 5 18 23 47 341 267 24 3 3 23 7 6 9 43 9 1 0 12 2 38 17 35 175 768 1176 1487 796 34 20 30 457 338 249 64 16 61 384 889 1163 1104 151 479 413 462 402 280 105 319 756 199 283 396 42 40 1136 320 161 14 67 10 4 4 7 7 14 3 11 19 9 2 0 2 0 1 8 1 1 0 0 0 0 0 0 0 0 0 0 0 0 0 0 0 1 0
0 0 0 0 0 0 0 2 4 6 0 1 0 1 0 0 0 0 0 0 0 0 0 0 0 0 0 0 0 0 0 0 0 0 0 0 1 0 5 0 2 1 0 0 0 0 2 0 4 2 6 0 15 13 0 3 2 0 2 43 38 132 29 22 2 4 2 0 0 7 0 0 0 1 0 19 27 164 551 703 1187 927 654 300 851 789 522 184 324 232 84 7 24 613 1154 1464 624 222 133 13 33 278 24 10 148 587 309 239 65 34 632 490 398 137 17 230 667 760 227 76 149 60 47 48 90 18 18 3 11 19 73 18 0 0 1 0 0 0 0 0 0 0 0 0 0 0 0 0 0 1
0 6 6 0 0 0 2 0 1 1 6 6 0 0 0 7 1 2 1 0 0 0 0 0 0 1 0 0 0 0 0 2 0 0 0 3 1 0 3 0 1 5 7 2 0 0 1 17 17 34 32 4 4 15 0 0 1 7 33 32 1 294 16 10 8 0 1 0 0 5 0 0 0 0 0 0 22 75 403 357 486 223 716 300 349 505 351 512 650 451 39 4 10 281 527 770 822 43 10 61 13 17 3 16 181 400 942 292 267 163 537 380 252 162 2 210 439 989 706 347 412 196 341 192 233 511 193 100 96 34 14 174 31 36 40 0 0 0 0 0 0 0 0 0 0 0 0 0 0 0
2 1 6 0 0 0 0 0 3 0 0 0 0 0 0 0 12 12 0 0 2 0 0 0 0 0 0 0 0 0 0 0 2 3 6 0 3 0 3 0 0 7 11 8 4 3 5 5 2 0 0 0 1 2 18 0 2 5 1 7 0 2 0 1 4 7 1 1 4 0 1 0 0 0 0 4 163 14 142 557 668 253 146 80 193 120 36 39 152 457 72 0 4 2 16 116 1112 483 349 44 0 2 18 76 67 71 573 354 57 138 398 337 131 257 75 257 492 393 977 1134 448 452 306 117 231 326 1 0 0 57 8 0 103 54 46 0 0 0 0 0 0 0 0 0 0 0 0 0 0 0
0 0 1 0 0 2 3 0 3 3 0 0 0 0 0 0 2 36 4 11 4 4 0 0 0 0 0 0 0 0 0 0 0 0 1 2 6 1 0 0 0 5 36 2 43 0 2 35 0 0 0 0 11 4 12 0 0 0 9 5 7 6 3 1 0 3 0 3 0 8 11 0 0 0 2 58 87 54 199 146 236 289 71 1 42 12 5 0 1 7 2 2 2 51 130 33 878 516 794 573 20 15 58 44 59 17 54 409 679 341 898 888 257 682 191 147 45 74 1705 1307 322 297 174 20 49 291 9 0 71 30 0 0 47 18 15 1 0 0 0 0 0 0 0 0 0 0 0 0 0 0
0 0 0 0 0 0 10 6 0 1 0 0 0 0 0 0 0 0 113 11 6 5 0 1 0 0 0 0 0 1 11 0 0 0 0 0 4 0 0 0 0 1 1 85 66 0 0 0 6 0 3 12 4 0 0 0 0 0 27 0 6 11 1 2 0 0 50 62 21 13 73 0 2 1 9 481 732 553 266 62 66 344 106 12 41 153 22 0 3 31 4 2 0 35 5 54 156 615 257 245 1 32 338 148 326 78 92 519 319 766 1421 1972 850 326 270 299 328 585 806 458 259 98 5 4 0 63 15 0 10 2 0 0 1 4 0 0 0 0 0 0 0 0 0 0 0 0 0 0 0 0
0 0 0 0 0 0 0 0 8 2 0 0 0 0 0 0 0 0 1 7 13 0 19 1 2 3 0 0 0 1 1 0 0 0 0 0 0 0 0 1 0 0 0 10 53 0 0 0 3 5 7 55 3 0 4 1 6 3 30 15 86 23 8 23 15 20 154 110 258 149 48 7 12 7 95 909 1818 1114 399 60 3 82 31 5 6 45 64 23 0 53 14 8 0 1 0 7 63 437 249 243 14 86 613 506 1525 1608 2319 1357 1174 1333 1073 1074 765 641 548 393 217 115 142 159 139 138 75 40 3 41 79 11 11 14 3 0 0 0 0 0 0 0 0 0 0 0 0 0 0 0 0 0 0 0
0 0 0 0 0 0 0 58 23 2 4 0 0 0 0 0 5 0 1 4 0 33 6 3 0 0 0 0 1 5 0 0 0 0 0 0 0 0 0 0 0 0 0 0 2 24 0 0 0 34 94 87 1 0 1 6 63 211 16 117 17 50 9 46 42 73 109 83 84 119 169 100 93 146 477 988 1683 897 288 48 16 10 2 0 0 0 22 56 12 126 1 13 1 0 4 44 51 21 54 25 18 0 1422 769 824 571 1280 484 796 1476 1788 1557 1517 454 384 462 69 203 209 148 73 8 210 475 59 87 23 2 2 0 1 0 0 0 17 4 0 0 0 0 0 0 0 0 0 0 0 0 0 0
0 0 0 0 0 0 1 6 2 0 0 0 0 1 0 0 8 3 2 4 0 0 25 37 16 19 1 0 1 1 0 0 0 0 0 0 0 0 0 0 2 0 1 4 1 6 9 1 4 49 20 15 2 16 29 77 92 174 75 35 2 6 0 0 0 6 0 0 0 0 4 2 56 162 336 395 482 352 111 1 1 1 11 0 0 0 1 58 89 16 1 0 6 0 6 15 29 0 16 124 22 305 858 844 474 220 429 352 433 989 945 515 1093 541 639 146 46 63 160 5 0 11 44 54 26 396 19 5 4 0 0 0 0 0 0 0 0 0 0 0 0 0 0 0 0 0 0 0 0 0
0 0 0 1 0 1 0 2 0 0 0 0 0 0 0 2 0 0 1 0 1 0 0 1 18 2 5 13 7 3 1 0 0 0 0 0 5 0 0 1 0 0 3 0 1 28 49 2 3 54 55 39 15 112 55 28 60 65 477 14 2 0 0 0 6 2 23 94 21 30 103 11 95 7 83 189 158 136 28 19 3 0 10 2 0 0 0 13 74 21 0 28 55 43 14 2 2 1 25 353 198 142 163 111 207 510 268 240 562 402 156 427 128 336 278 58 94 96 38 26 0 2 9 27 92 759 197 23 1 3 0 0 0 0 0 0 0 0 0 0 0 0 0 0 0 0 0 0 0 0
0 0 3 17 0 2 0 1 0 0 0 0 4 9 0 0 6 1 0 5 2 2 5 1 2 3 84 70 36 0 0 0 1 0 0 7 5 0 0 0 0 0 1 22 18 32 20 1 17 374 137 24 27 26 10 34 166 118 43 40 82 22 1 0 0 0 52 6 1 39 22 46 42 10 4 100 268 77 12 52 45 0 8 24 0 5 18 16 13 1 6 89 58 273 29 0 0 43 180 18 137 241 96 59 135 199 218 543 410 0 3 85 8 625 98 0 13 3 0 0 0 0 1 18 88 322 216 395 28 5 0 0 0 0 0 0 0 0 0 0 0 0 0 0 0 0 0 0 0 0
0 0 0 0 2 0 0 0 0 0 0 1 0 2 0 0 0 0 2 0 5 19 90 10 1 1 2 23 181 10 0 0 1 0 0 0 0 0 0 0 0 4 4 65 8 113 83 13 3 209 78 3 0 16 63 12 18 79 8 0 1 4 4 0 1 8 1 0 11 13 66 28 27 0 2 100 13 0 21 5 11 0 3 0 0 15 16 0 5 12 7 21 7 3 0 14 0 26 13 0 737 944 646 290 115 245 151 252 273 3 4 0 3 357 62 0 0 0 0 0 0 0 2 4 30 7 20 158 17 0 0 0 0 0 0 0 0 0 0 0 0 0 0 0 0 0 0 0 0 0
0 0 0 0 1 0 0 0 0 0 0 1 0 1 1 0 1 2 2 0 1 7 12 9 0 16 17 11 2 4 0 15 9 0 0 0 0 0 0 0 6 14 33 37 22 46 17 36 71 390 361 74 18 54 11 3 4 2 1 0 0 11 19 20 163 129 1 0 4 10 96 36 0 0 4 195 151 114 11 65 8 13 6 5 0 0 2 7 29 22 8 0 0 0 2 0 0 2 280 414 1369 970 508 139 2 16 173 313 4 0 0 0 0 19 0 0 0 0 0 0 0 0 3 2 0 1 54 51 0 0 0 0 0 0 0 0 0 0 0 0 0 0 0 0 0 0 0 0 0 0
0 0 0 0 0 0 0 0 0 0 0 0 0 6 2 3 0 0 0 0 12 7 13 2 4 0 2 0 0 0 271 69 23 3 1 0 0 15 0 0 185 22 0 0 0 0 5 6 213 899 431 259 12 6 0 4 0 1 0 0 2 6 0 0 21 14 27 8 13 53 44 28 50 0 1 33 120 113 111 78 33 52 4 37 11 7 13 18 249 71 27 6 0 2 2 16 5 0 108 430 210 81 52 1 22 20 140 160 13 0 0 0 17 179 0 0 0 0 0 0 0 0 0 0 0 57 66 1 3 6 1 0 0 0 0 0 0 0 0 0 0 0 0 0 0 0 0 0 0 0
0 0 1 2 0 0 0 0 0 0 0 0 0 1 2 0 1 0 0 0 1 4 3 5 5 0 0 0 0 0 0 3 63 15 4 0 22 153 37 30 4 0 0 0 0 0 16 24 38 431 239 125 7 0 0 2 0 4 12 1 0 0 0 0 23 0 22 9 0 11 9 30 48 17 3 5 8 22 39 48 6 40 17 0 3 6 10 0 0 0 3 5 5 0 0 1 5 0 2 2 16 0 18 84 85 55 76 50 74 168 40 46 99 0 0 0 0 0 0 0 0 0 0 8 34 79 110 0 0 0 11 3 1 0 0 0 0 0 0 0 0 0 0 0 0 0 0 0 0 0
0 0 0 0 0 0 0 0 0 0 0 0 0 1 2 1 2 3 0 0 6 1 0 2 0 0 0 0 0 2 2 5 67 10 9 9 35 52 15 0 0 0 0 0 13 102 40 56 3 119 165 49 2 13 4 6 14 23 3 0 0 0 0 0 0 0 0 4 0 0 1 14 117 55 4 11 0 0 0 3 0 8 115 122 3 13 7 0 0 0 0 3 1 1 1 0 0 0 2 8 11 0 2 103 61 43 49 10 7 31 18 623 49 0 0 0 0 0 0 0 0 0 1 20 8 23 49 124 9 0 0 0 0 0 0 0 0 0 0 0 0 0 0 0 0 1 0 0 0 0
0 0 0 0 0 0 0 0 0 0 0 0 0 1 1 0 0 4 0 0 2 0 2 0 0 1 0 0 0 0 0 6 23 21 162 0 0 60 0 0 0 0 0 39 57 47 62 2 1 42 68 57 18 12 32 8 1 6 1 3 0 0 0 0 0 0 0 15 9 4 9 3 8 10 45 9 0 0 0 0 0 2 17 63 53 9 3 0 0 0 3 3 0 1 2 4 10 2 0 1 10 3 5 30 538 0 0 7 0 0 0 100 7 0 0 3 0 0 2 0 0 1 2 0 0 34 57 32 0 0 11 0 0 0 0 0 0 0 0 0 0 0 0 0 0 0 0 0 0 0
0 0 0 0 0 0 0 0 0 0 0 0 0 1 18 0 1 0 1 0 0 10 2 1 0 0 2 1 0 0 0 0 11 39 44 2 0 15 1 1 0 1 0 11 123 16 8 0 6 2 43 20 0 7 0 0 2 0 0 0 1 0 0 1 21 5 0 10 0 2 2 18 0 3 0 9 12 0 0 0 0 0 0 8 0 21 3 10 0 11 0 6 4 0 4 0 1 7 5 2 8 17 12 86 270 165 0 9 0 0 0 44 14 6 31 6 0 0 0 1 1 0 0 0 0 57 18 28 0 0 0 0 0 0 0 1 7 28 0 0 0 0 0 0 0 0 0 0 0 0
0 0 0 0 0 0 0 0 0 0 0 0 1 0 11 4 0 5 1 0 4 11 4 3 0 0 0 38 0 1 0 25 2 8 32 3 4 0 7 5 2 4 4 8 120 8 10 0 0 5 24 32 2 7 1 1 0 0 0 0 0 0 0 0 6 0 0 2 5 1 6 11 3 0 0 0 24 0 0 0 0 0 27 2 5 8 20 16 2 1 14 2 2 0 1 7 2 0 0 2 12 10 6 1 61 320 15 4 0 0 0 0 0 5 9 18 2 0 18 1 0 0 0 0 13 231 45 23 1 0 0 0 0 0 0 1 8 20 0 0 0 0 0 0 0 0 0 0 0 0
0 0 0 0 0 0 0 0 1 0 0 2 0 0 5 4 10 50 9 0 2 28 6 3 0 0 0 0 2 8 24 10 0 36 1 0 0 14 10 12 35 336 18 192 156 5 9 2 5 0 2 46 27 3 2 0 0 0 0 0 0 0 0 2 0 1 0 0 4 24 97 25 2 7 0 2 0 17 1 0 0 0 0 0 0 0 1 3 9 3 5 2 2 0 0 0 0 1 0 2 0 6 10 2 42 1112 988 25 8 0 0 0 0 2 0 0 23 120 63 4 0 0 0 23 156 118 80 460 442 19 0 0 0 0 2 17 12 3 0 0 0 0 0 0 0 0 0 0 0 0
0 0 0 0 0 2 0 2 0 2 3 5 17 27 28 12 26 88 1 9 0 2 0 3 0 0 1 12 30 11 9 8 13 3 10 21 13 26 94 200 456 713 356 278 104 11 0 1 4 1 0 1 46 30 3 0 0 0 0 0 0 0 0 0 0 0 0 0 0 2 7 15 8 0 2 11 0 23 6 0 0 8 4 0 3 0 0 0 4 5 8 4 9 3 22 21 11 1 1 0 1 1 8 53 240 493 374 415 10 0 0 0 0 0 0 7 250 99 38 0 0 0 4 259 302 300 846 682 182 49 0 0 12 29 0 4 0 0 0 0 0 0 0 0 0 0 0 0 0 0
0 0 0 0 0 0 0 2 7 9 17 103 43 3 0 2 3 6 0 4 0 4 11 42 11 18 11 3 1 0 0 3 1 7 37 38 2 3 210 348 559 1176 760 775 66 5 2 1 13 0 4 0 41 86 16 6 0 0 0 0 0 1 0 0 0 0 0 0 0 0 7 3 0 0 1 0 0 17 16 0 0 0 2 1 12 2 0 0 4 7 0 0 8 25 2 21 0 0 0 0 0 0 18 17 8 50 4 114 33 0 0 0 1 0 111 114 553 253 46 55 14 22 11 198 291 225 427 582 655 484 136 78 23 127 12 0 0 0 0 0 0 0 0 0 0 0 0 0 0 0
0 0 0 0 0 0 3 5 4 9 7 5 0 0 0 2 0 1 9 8 0 31 126 37 0 0 0 1 2 3 10 17 1 0 7 43 27 37 47 90 513 447 518 187 60 12 12 4 5 10 1 2 17 4 2 3 0 0 0 0 0 0 0 0 0 0 0 0 4 0 0 0 0 0 0 4 3 5 8 2 19 16 8 2 32 0 0 4 15 29 3 0 8 11 3 0 3 6 4 3 6 1 3 8 3 0 0 5 53 3 12 6 4 0 127 873 1061 535 188 192 153 131 87 9 8 20 366 664 13 43 35 303 780 37 62 2 0 0 0 0 0 0 0 0 0 0 0 0 0 0
0 0 0 0 0 1 5 0 0 1 2 12 10 2 0 2 1 1 20 22 308 70 13 0 0 0 0 1 4 16 1 11 21 42 30 8 0 15 0 66 473 363 396 167 93 33 21 0 3 17 1 0 5 3 16 1 0 0 0 0 0 0 0 0 0 0 0 0 0 0 2 0 0 0 0 0 0 1 9 0 26 10 47 152 36 0 0 0 0 0 0 1 3 5 4 3 5 1 1 0 2 0 0 0 11 5 0 28 264 179 313 438 131 305 487 988 659 355 93 406 104 225 7 2 219 294 366 131 9 0 130 330 299 46 95 7 0 0 0 0 0 0 0 0 0 0 0 0 0 0
0 0 2 0 0 2 1 10 0 0 2 6 3 9 3 11 9 11 26 16 90 2 0 0 0 0 0 0 0 13 5 64 13 6 4 21 2 1 6 9 54 108 153 62 5 0 3 0 0 4 2 6 36 3 1 5 0 3 0 0 0 0 0 0 0 0 0 0 0 0 0 0 0 0 0 7 0 42 5 5 4 6 8 6 0 0 0 0 6 1 14 2 0 23 7 12 7 0 0 0 7 0 0 0 1 6 1 20 174 67 190 114 60 459 851 509 317 327 97 516 96 13 0 7 18 188 190 0 0 0 79 616 2 0 9 0 0 0 0 0 0 0 0 0 0 0 0 0 0 0
0 0 0 3 0 9 23 21 5 4 0 0 0 11 28 1 1 2 38 29 33 0 0 0 0 0 1 0 1 10 86 0 48 12 20 0 2 3 12 0 16 33 4 0 2 2 0 0 0 6 0 2 177 8 17 65 32 3 0 1 0 0 0 0 0 0 0 0 0 0 0 0 0 0 0 0 5 7 1 4 0 0 2 0 0 0 0 0 6 0 0 2 16 22 5 2 6 3 0 0 3 0 0 3 0 0 5 103 99 12 2 20 117 366 255 398 327 432 147 222 260 2 0 0 0 0 0 0 0 0 2 93 60 0 0 0 0 0 0 0 0 0 0 0 0 0 0 0 0 0
0 0 1 0 0 1 7 10 0 0 3 0 8 51 13 17 41 21 7 0 2 1 7 0 0 0 1 15 38 10 27 41 24 4 12 2 4 5 0 9 12 27 22 0 7 0 6 0 0 0 1 40 126 58 1 27 2 0 0 0 0 0 0 0 0 0 0 0 0 0 0 0 0 0 0 0 15 9 7 2 0 0 0 0 0 0 0 0 8 3 10 1 16 56 4 9 6 2 1 3 2 0 0 0 0 3 11 91 682 14 0 0 4 3 1 4 12 38 390 684 79 0 0 0 0 1 5 0 0 0 0 7 88 1 0 0 0 0 0 0 0 0 0 0 0 0 0 0 0 0
2 0 2 4 2 0 26 39 8 7 5 14 12 2 2 138 70 30 2 16 1 0 5 0 6 6 3 19 5 4 21 12 8 0 1 0 0 1 3 1 32 6 1 2 2 0 1 0 0 0 0 95 3 68 27 1 3 0 0 0 0 0 0 0 0 0 0 0 0 0 0 0 0 0 0 1 8 21 4 0 0 0 3 0 0 0 1 1 22 0 4 4 1 28 0 0 0 2 26 2 0 0 2 4 5 24 58 72 215 0 0 0 0 0 8 2 0 5 154 354 319 320 0 0 5 42 0 0 0 57 174 45 110 8 0 0 0 0 0 0 0 0 0 0 0 0 0 0 0 0
1 0 0 0 0 2 3 0 0 14 108 14 1 2 29 51 54 31 25 2 0 1 4 3 5 16 2 2 0 0 0 1 3 6 8 0 0 0 0 7 1 20 15 0 1 0 0 0 0 0 4 32 57 37 35 15 1 0 0 0 0 0 0 0 0 0 0 0 0 0 0 0 0 1 0 0 7 36 122 6 2 5 0 0 0 0 0 111 29 0 3 5 8 6 0 5 1 2 3 8 47 21 15 15 3 30 42 23 103 11 0 0 0 12 114 147 246 624 162 243 1007 248 1 12 353 66 0 0 0 186 209 0 0 0 0 0 0 0 0 0 0 0 0 0 0 0 0 0 0 0
0 2 1 0 0 1 0 6 16 6 19 143 19 19 0 8 3 6 1 1 0 0 4 8 10 1 11 0 44 2 0 1 0 7 1 0 0 0 7 0 0 22 26 17 19 1 3 0 0 0 2 137 49 11 1 2 0 0 1 0 0 0 0 0 0 0 0 0 0 0 0 0 0 0 0 2 0 20 43 27 0 7 0 0 0 0 1 18 1 1 9 0 1 4 0 0 0 0 9 5 0 0 19 3 23 0 15 32 45 13 0 0 5 0 175 675 840 686 82 58 109 289 367 313 221 6 0 5 9 636 215 0 0 0 0 0 0 0 0 0 0 0 0 0 0 0 0 0 0 0
0 0 4 0 0 0 9 6 1 2 15 43 0 3 0 0 0 2 4 5 1 0 0 0 3 0 1 7 3 0 0 0 0 0 0 0 0 3 22 2 4 1 0 1 3 2 0 3 0 0 1 128 0 9 2 0 0 0 5 3 0 0 0 0 0 0 0 0 0 0 0 0 0 0 0 0 4 2 92 62 18 24 26 1 0 1 1 0 3 1 0 0 8 16 1 0 0 0 0 13 2 5 3 9 5 3 41 5 84 0 0 40 47 34 45 57 4 55 580 266 31 204 1406 660 554 356 261 458 1326 2287 1198 32 0 0 0 0 0 0 0 0 0 0 0 0 0 0 0 0 0 0
0 2 1 0 3 9 6 3 1 7 33 5 0 1 5 6 2 5 0 0 0 0 0 0 0 60 33 1 0 0 0 3 27 2 5 0 0 0 2 14 14 2 1 1 0 5 21 3 2 2 4 391 64 16 0 9 1 11 1 0 0 0 0 0 0 0 0 0 0 0 0 0 0 0 0 0 1 10 47 1 0 17 61 0 0 0 0 0 8 1 0 2 9 18 4 21 50 0 0 4 11 0 1 1 10 10 14 2 160 50 5 6 49 6 2 25 12 217 458 639 674 800 1004 1263 1824 1340 1180 1303 1835 1062 1413 8 0 0 0 0 0 1 1 0 0 0 0 0 0 0 0 0 0 0
0 0 0 0 4 5 0 2 10 2 4 3 1 0 14 21 1 2 0 0 0 0 0 0 2 11 12 2 5 0 1 0 3 2 0 3 3 0 1 0 0 0 1 0 2 2 5 0 13 52 686 632 25 110 14 0 11 2 2 7 4 3 0 0 0 0 0 0 0 0 0 0 0 0 0 2 0 0 2 3 0 2 2 0 0 0 0 0 1 2 0 1 17 0 0 9 0 0 3 8 24 6 38 8 59 28 68 71 9 18 17 3 3 10 15 13 8 73 559 1899 1617 967 334 998 1965 1390 268 994 884 24 200 70 0 0 0 0 0 0 0 0 0 0 0 0 0 0 0 0 0 0
4 11 0 13 7 1 0 0 25 5 2 1 3 3 3 0 5 1 0 0 0 0 0 0 10 4 0 0 2 1 0 73 22 0 0 0 1 0 1 1 0 0 0 0 0 0 0 0 3 23 611 1169 839 1028 51 21 5 0 4 9 2 1 0 0 0 0 0 0 0 0 0 0 0 0 2 0 0 0 0 24 0 0 3 0 0 0 0 14 97 0 0 44 17 0 0 0 0 0 1 21 6 0 31 53 19 210 589 13 1 0 1 4 0 7 1 13 13 14 155 665 580 628 334 2251 2076 1164 575 298 7 653 2308 775 15 0 0 0 0 0 0 0 0 0 0 0 0 0 0 0 0 0
4 1 0 37 2 1 5 12 13 13 16 76 1 1 1 0 0 0 0 0 0 0 0 0 0 0 2 9 0 0 0 20 8 3 2 0 9 0 0 0 0 0 0 3 0 0 1 0 0 13 179 499 651 529 115 147 7 0 0 0 1 0 0 0 0 0 0 0 0 0 0 0 0 0 0 0 0 0 0 64 1 1 15 0 0 0 0 18 38 2 8 19 91 0 0 0 0 0 0 7 6 27 38 30 56 9 5 15 0 0 0 0 6 4 2 6 4 11 9 49 457 351 348 888 1756 1288 612 711 656 1362 499 483 8 0 0 0 0 0 0 0 0 0 0 0 0 0 0 0 0 0
5 6 8 16 5 4 5 16 0 1 8 8 2 0 0 0 0 0 0 0 0 0 0 1 3 0 0 0 0 0 3 0 0 0 0 0 1 2 0 0 0 0 0 0 0 6 4 7 1 12 117 160 407 61 57 21 3 3 2 0 0 1 0 0 0 1 0 0 0 0 0 0 0 0 0 0 0 0 10 0 11 5 0 0 0 40 46 80 39 4 1 188 254 43 4 0 0 0 0 21 81 11 63 278 24 3 12 2 49 2 0 0 1 3 4 6 8 25 42 29 116 754 776 585 612 1103 1475 2035 296 299 122 151 0 0 0 0 0 0 0 0 0 0 1 0 0 0 0 0 0 0
0 3 42 0 6 2 7 64 8 27 3 1 1 4 0 0 0 0 0 0 0 0 0 1 0 0 0 0 81 1 0 0 0 0 0 1 0 1 0 2 0 0 0 0 0 1 0 1 4 11 4 47 187 68 52 1 0 59 58 1 0 0 2 0 0 0 0 0 0 0 0 0 0 0 0 0 0 0 0 0 0 7 46 35 14 20 24 0 12 72 229 238 119 9 4 10 0 4 103 62 96 312 269 526 385 78 14 9 12 8 1 0 3 0 2 2 3 35 69 453 859 902 1895 2330 1114 349 1904 3361 1748 0 0 0 0 0 0 0 0 0 0 0 0 0 0 0 0 0 0 0 0 0
2 20 34 0 13 17 13 38 16 16 0 0 1 0 0 0 0 0 0 0 0 0 0 0 0 0 0 0 6 0 0 0 1 0 0 1 0 0 0 0 2 1 0 0 0 0 0 0 6 10 0 6 65 42 28 3 0 10 134 58 7 4 0 0 0 0 0 0 0 0 0 0 0 0 0 0 0 0 0 0 1 11 19 0 0 1 6 12 15 59 161 143 136 22 60 28 4 0 0 2 119 344 832 215 260 139 2 19 5 13 4 0 0 0 2 1 14 495 506 1071 703 35 9 226 437 338 502 1325 518 3 110 8 0 0 0 0 0 0 0 0 0 0 0 0 0 0 0 0 0 0
24 7 111 16 76 128 92 4 3 5 1 2 0 0 0 0 0 0 1 1 0 3 0 0 0 0 0 0 0 0 0 0 0 0 0 0 0 0 0 0 2 4 2 0 0 3 0 0 1 0 0 3 13 0 1 3 1 0 6 29 7 2 0 0 0 0 0 0 0 0 0 0 0 0 0 0 0 0 0 0 23 45 0 2 26 1 128 26 0 3 2 25 18 2 0 0 0 0 0 4 10 104 1052 286 195 455 22 15 11 6 27 3 0 0 0 20 312 652 155 28 0 0 0 0 45 421 230 763 540 33 37 26 0 0 0 0 0 0 0 0 0 0 0 0 0 0 0 0 0 0
8 35 114 217 507 540 216 76 9 0 0 0 0 0 2 0 0 0 0 0 1 6 0 0 0 0 0 0 1 0 0 0 0 0 0 0 0 0 1 0 0 0 0 0 11 11 0 17 4 0 0 20 12 0 0 0 6 1 27 3 4 38 0 0 0 0 0 0 0 0 0 0 0 0 0 0 0 0 1 32 7 0 0 1 15 4 37 186 33 2 0 0 0 0 0 1 0 0 0 0 0 177 637 218 277 262 7 9 3 12 6 2 0 0 7 111 233 8 31 66 0 0 0 0 36 573 370 860 357 24 68 4 0 0 0 0 0 0 0 0 0 0 0 0 0 0 0 0 0 0
2 76 464 1301 460 382 242 52 0 2 0 12 5 0 0 0 0 0 1 1 0 2 0 0 0 0 0 0 1 2 0 0 0 0 0 0 0 0 1 1 3 4 0 4 5 0 0 8 54 0 0 1 20 0 0 0 8 0 0 0 0 0 0 0 0 0 0 0 0 0 0 0 0 0 0 0 0 15 2 0 0 0 0 0 0 0 69 26 0 2 5 2 0 0 0 2 0 0 0 0 19 64 35 21 175 143 0 1 5 1 14 11 29 51 21 2 6 5 39 77 19 91 7 0 13 122 101 245 147 8 0 0 0 0 0 0 0 0 0 0 0 0 0 0 0 0 0 0 0 0
1 21 258 208 212 210 50 20 3 1 1 5 1 0 0 0 0 0 0 5 4 7 0 0 1 0 0 0 5 4 2 0 2 0 1 1 2 0 1 0 1 1 2 2 0 0 0 4 6 3 0 0 0 14 0 3 0 0 0 0 0 0 0 0 0 0 0 0 0 0 0 0 0 0 0 0 1 2 0 0 0 0 0 0 0 0 74 11 5 45 33 1 0 0 7 18 0 0 0 711 1094 192 276 245 35 145 53 3 3 4 21 122 52 2 0 0 1 1 29 75 86 128 250 312 119 120 2 1 0 4 1 0 0 0 0 0 0 0 0 0 0 0 0 0 0 0 0 0 0 0
27 31 38 130 108 68 7 4 0 3 19 0 0 0 0 0 0 0 0 0 1 75 0 0 1 0 0 0 0 5 0 0 0 2 1 0 0 0 0 0 1 0 0 1 1 64 7 1 2 0 0 0 7 0 1 15 0 0 0 0 0 0 0 0 0 0 0 0 0 0 0 0 0 0 0 1 0 5 0 0 0 0 0 0 0 0 35 0 0 38 53 0 0 0 46 211 78 12 226 1505 770 634 417 41 2 22 66 126 0 20 174 0 0 0 0 0 4 1 68 69 223 31 36 119 23 65 63 21 109 33 38 0 0 0 0 0 0 0 0 0 0 0 0 0 0 0 0 0 0 0
53 15 32 7 0 0 3 2 0 0 0 0 4 0 0 0 0 0 1 3 0 15 2 1 0 0 0 0 0 0 1 0 0 6 16 0 1 0 0 0 0 0 0 0 0 6 0 6 0 0 0 0 0 1 86 52 12 0 0 0 0 0 0 0 0 0 0 0 0 0 0 0 0 0 16 19 1 0 0 0 0 0 0 0 0 0 24 5 0 0 150 15 9 29 128 322 129 8 100 187 15 9 15 44 24 3 0 177 650 208 1 0 0 0 5 0 0 6 1 2 54 0 2 3 41 72 78 81 416 206 78 0 0 0 0 0 0 0 0 0 0 0 0 0 0 0 0 0 0 0
50 0 4 4 0 1 7 0 0 0 0 3 0 0 0 1 0 0 0 0 0 0 0 0 0 0 1 1 0 0 6 69 3 0 0 0 0 0 0 0 1 0 0 0 0 2 0 0 0 0 0 0 4 3 27 0 0 0 0 0 0 0 0 0 0 0 0 0 0 0 0 0 0 0 9 24 0 0 0 0 1 0 0 0 0 0 68 82 247 52 142 29 9 26 1 85 14 3 0 1 6 5 17 1 2 1 209 304 331 86 3 0 2 1 2 0 0 10 2 0 6 15 10 14 4 244 103 255 251 356 47 1 0 0 0 0 0 0 0 0 0 0 0 0 0 0 0 0 0 0
0 1 0 0 2 0 0 0 0 0 0 0 0 0 0 0 0 0 0 0 0 2 0 0 0 0 0 0 2 0 6 1 1 1 0 2 0 0 0 0 0 2 0 0 0 3 2 0 0 0 0 2 11 45 17 0 3 0 0 0 0 0 0 0 0 0 0 0 0 0 0 1 1 2 1 0 0 0 0 0 0 0 0 0 0 0 3 0 112 11 0 0 0 3 4 14 0 0 5 0 0 7 4 3 3 159 904 799 608 142 0 0 0 0 0 0 0 0 96 19 2 40 1 34 12 9 177 68 11 14 5 3 0 0 0 0 0 0 0 0 0 0 0 0 0 0 0 0 0 0
1 0 0 1 0 0 0 0 0 0 0 0 0 0 0 0 0 0 0 0 0 0 0 6 0 1 0 1 0 0 1 2 0 0 1 0 0 0 0 0 0 0 0 0 0 1 0 0 0 0 3 6 2 113 8 2 3 0 0 0 0 0 0 0 0 0 0 0 0 0 1 1 3 1 1 0 0 0 0 0 0 0 0 0 0 0 5 0 0 0 0 0 6 58 0 0 0 0 13 0 7 3 13 0 44 104 304 46 125 218 0 0 0 0 0 0 0 0 3 17 1 18 1 83 139 30 131 65 39 36 3 0 0 0 0 0 0 0 0 0 0 0 1 0 0 0 0 0 0 0
0 0 0 0 4 40 0 0 0 0 0 0 0 0 0 0 0 0 0 4 0 0 0 0 0 0 1 0 0 0 0 1 1 0 0 0 0 0 0 0 0 0 2 1 0 0 0 0 0 0 0 0 11 2 4 1 8 3 0 0 0 0 0 0 0 0 0 2 0 4 1 0 0 0 0 0 0 0 0 0 0 0 0 0 0 0 0 0 3 1 0 37 184 14 0 1 1 0 1 6 3 7 22 21 167 62 0 6 16 7 7 0 0 0 0 0 0 0 0 0 15 26 4 10 0 0 0 202 12 4 0 0 0 0 0 0 0 0 0 0 0 0 0 0 0 0 0 0 0 0
0 0 0 0 83 29 0 0 0 0 0 0 0 0 4 0 0 0 0 0 0 0 0 0 0 0 2 2 3 0 8 0 0 0 0 0 0 0 1 1 3 0 0 5 2 2 0 0 0 2 2 0 0 12 0 5 12 3 1 0 0 0 0 0 0 0 3 0 9 3 0 0 0 0 0 0 0 0 0 0 0 0 0 0 0 0 0 0 44 64 217 383 202 21 0 1 4 4 0 29 83 378 330 91 26 55 15 0 0 12 29 0 0 0 0 0 0 0 0 0 1 0 0 0 0 19 211 72 0 0 0 0 0 0 0 0 0 0 0 0 0 0 0 0 0 0 0 0 0 0
0 0 0 0 2 5 3 0 0 0 0 0 9 1 0 0 0 0 0 0 0 0 0 0 0 0 0 0 0 11 0 0 0 0 0 9 0 0 0 0 0 0 0 0 5 12 0 0 0 1 0 0 0 5 3 0 0 0 0 0 0 0 0 0 0 0 0 0 12 1 0 0 0 0 0 0 0 0 0 0 0 0 0 0 0 0 3 0 63 128 181 133 128 56 1 7 3 2 5 120 234 144 178 26 24 7 7 0 0 6 11 0 0 0 0 0 0 0 0 2 7 44 47 0 0 61 85 2 0 0 0 0 0 0 0 0 0 0 0 0 0 0 0 0 0 0 0 0 0 0
1 0 0 0 0 4 0 0 0 0 0 1 34 24 2 1 1 0 0 0 0 0 0 0 0 7 1 0 0 10 0 0 0 0 1 4 0 0 1 0 0 0 0 3 3 6 13 0 0 0 2 0 0 20 8 0 0 0 0 0 0 0 0 0 0 0 0 16 39 0 0 0 0 0 0 0 0 0 0 0 0 0 0 0 2 16 62 2 1 7 2 2 10 2 32 1 0 2 15 39 174 0 0 1 0 0 0 10 1 47 30 73 2 0 0 0 0 0 0 0 0 0 0 0 0 0 0 16 0 0 0 0 0 0 0 0 0 0 0 0 0 0 0 0 0 0 0 0 0 0
0 0 0 0 2 1 0 2 0 1 0 0 0 0 7 1 1 0 0 0 0 0 0 0 0 0 4 0 2 0 0 0 0 0 3 2 0 0 0 0 0 0 0 0 0 0 1 5 1 0 1 0 0 26 18 3 3 4 0 0 0 0 0 0 0 0 6 27 22 0 0 0 0 0 0 0 0 0 0 0 0 0 0 2 49 1 1 1 5 22 0 1 9 6 7 20 8 28 25 30 69 16 5 5 7 0 0 42 177 192 228 447 98 47 0 1 0 0 0 0 0 0 0 0 0 0 0 0 0 0 0 0 0 0 0 0 0 0 0 0 0 0 0 0 0 0 0 0 0 0
0 0 0 0 0 0 0 2 0 0 0 0 0 0 2 1 0 0 0 0 0 0 0 0 0 0 0 0 0 5 0 0 0 0 0 0 0 0 6 4 0 0 0 0 0 0 0 11 32 1 0 1 0 0 0 69 117 0 6 0 0 0 0 0 1 10 69 98 1 0 0 4 0 0 0 0 0 0 0 0 0 0 0 37 50 0 1 3 7 3 10 1 6 0 4 17 76 36 21 0 1 0 5 2 4 0 27 9 117 105 318 48 390 119 5 0 0 0 0 0 0 0 0 0 0 0 0 0 0 0 0 0 0 0 0 0 0 0 0 0 0 0 0 0 0 0 0 0 0 0
0 1 1 0 0 0 0 0 0 0 0 0 0 0 0 1 3 0 0 0 0 0 0 0 0 0 0 0 1 1 0 0 0 0 0 0 0 0 0 0 0 0 2 0 0 0 2 14 92 0 4 0 0 0 6 1 9 8 32 14 8 3 4 13 7 3 0 0 0 1 0 0 0 0 0 0 0 0 0 0 0 0 0 0 0 0 0 6 0 5 3 0 2 1 13 246 17 0 0 0 0 1 5 0 40 68 313 1047 540 76 18 0 435 168 0 0 0 0 0 0 0 0 0 0 0 0 0 0 0 0 0 0 0 0 0 0 0 0 0 0 0 0 0 0 0 0 0 0 0 0
0 0 3 1 2 47 4 7 4 1 2 0 0 3 6 0 1 0 0 0 0 0 0 0 0 0 0 0 0 0 7 0 0 0 0 0 0 1 4 0 1 0 0 1 0 0 33 20 0 2 0 0 6 2 12 2 0 0 1 14 0 0 0 1 3 0 2 5 1 21 1 5 1 0 0 0 0 0 0 0 0 0 0 0 0 0 0 2 2 3 7 8 1 0 157 14 0 0 0 0 1 4 0 28 112 138 273 484 262 322 141 208 461 5 0 0 0 0 0 0 0 0 0 0 0 0 0 0 0 0 0 0 0 0 0 0 0 0 0 0 0 0 0 0 0 0 0 0 0 0
1 0 0 0 33 45 4 0 1 0 1 0 0 1 0 0 0 0 0 0 0 0 0 0 0 0 0 0 0 0 0 2 1 0 0 0 0 0 0 2 1 4 4 0 2 0 3 1 2 1 3 2 6 7 0 5 3 3 0 8 0 1 1 3 0 3 1 8 1 0 0 0 3 1 0 0 0 0 0 0 0 0 0 0 0 3 0 0 0 0 0 1 14 71 3 28 280 1 0 0 0 0 0 121 208 273 0 0 8 26 2 15 19 0 0 0 0 0 0 0 0 0 0 0 0 0 0 0 0 0 0 0 0 0 0 0 0 0 0 0 0 0 0 0 0 0 0 0 0 0
3 0 0 0 1 0 0 0 5 1 5 0 0 1 0 0 0 0 1 0 0 0 0 0 0 0 0 0 0 0 0 4 2 0 0 0 0 0 0 0 0 0 0 2 0 0 0 0 2 1 0 0 0 0 1 0 0 0 10 6 13 2 0 0 0 0 0 0 0 0 2 4 6 0 0 0 0 0 0 0 0 0 0 0 0 0 0 0 1 1 0 27 78 15 25 218 346 0 0 0 0 0 0 11 5 0 0 0 0 4 72 133 0 0 0 0 0 1 0 0 0 0 0 0 0 0 0 0 0 0 0 0 0 0 0 0 0 0 0 0 0 0 12 9 7 0 0 0 0 0
0 0 0 0 0 1 0 0 0 2 0 0 3 0 2 1 0 0 1 0 0 0 0 0 0 0 0 0 0 0 0 1 1 0 0 0 0 0 0 0 0 0 3 0 0 0 0 0 0 1 10 3 0 2 5 0 0 0 1 2 6 1 0 0 0 0 0 0 0 0 3 0 0 0 0 0 0 0 0 0 0 0 0 0 0 0 0 0 33 6 4 39 199 184 17 0 0 0 0 0 0 0 0 4 3 0 0 2 0 196 367 4 0 0 0 0 0 0 0 0 0 0 0 0 0 0 0 0 0 0 0 0 0 0 0 0 0 0 0 0 0 0 0 4 0 0 0 0 0 0
1 0 0 0 0 0 0 0 0 0 1 0 0 0 0 0 0 0 0 0 0 0 0 0 0 0 0 0 0 0 0 0 1 0 0 0 0 0 0 0 0 0 0 0 0 0 0 0 0 0 11 2 6 0 1 2 0 0 0 2 5 0 0 0 0 0 0 0 0 0 0 1 0 0 0 0 0 0 0 0 0 0 0 0 0 0 0 0 0 5 23 106 523 0 0 12 5 0 0 0 0 0 0 1 2 2 0 4 7 33 135 7 0 0 0 0 0 0 0 0 0 0 0 0 0 0 0 0 0 2 0 0 0 0 0 0 0 0 0 0 0 0 0 0 0 0 0 0 0 0
0 0 0 0 0 0 0 0 0 0 0 0 7 1 0 1 0 0 0 0 7 0 0 0 1 0 0 0 0 0 0 0 0 0 0 0 1 0 0 0 0 0 0 1 0 0 0 0 0 0 0 19 0 0 0 1 2 2 1 16 1 1 0 0 0 0 0 0 0 0 3 101 9 0 0 0 0 0 0 0 0 0 0 0 0 0 0 0 15 2 14 41 13 13 32 1 0 0 0 0 0 0 0 0 0 0 0 0 0 1 0 0 0 0 0 0 0 0 0 0 0 0 0 0 0 0 0 0 0 0 0 0 0 0 0 0 0 0 0 0 0 0 0 0 0 0 0 0 0 0
0 0 0 0 0 0 0 0 0 0 1 0 0 1 0 0 0 0 0 0 0 3 3 30 0 0 0 0 0 0 0 0 0 0 0 0 15 1 0 0 0 0 0 0 0 0 0 0 0 0 0 11 3 0 2 2 0 0 0 0 3 12 11 1 0 0 0 0 0 0 0 35 7 0 5 0 0 0 0 0 0 0 0 0 0 0 0 0 0 17 5 72 26 51 24 8 1 0 0 0 0 0 0 0 0 0 0 0 0 0 0 0 0 0 0 0 0 0 0 0 0 0 0 0 0 0 0 0 0 0 0 0 0 0 0 0 0 0 0 0 0 0 0 0 0 0 0 0 0 0
0 0 0 0 0 0 0 0 0 0 0 0 0 0 0 0 0 0 0 0 0 2 0 1 3 0 0 0 2 0 0 0 0 0 0 0 0 0 0 0 0 0 0 0 0 0 0 0 0 0 1 32 31 2 0 0 0 0 1 0 5 25 110 0 0 0 0 0 0 0 0 0 0 2 10 0 0 0 0 0 0 0 0 0 0 0 0 0 0 4 31 17 0 53 59 33 0 0 0 0 0 0 0 0 0 0 0 0 0 0 0 0 0 0 0 0 0 0 0 0 0 0 0 0 0 0 0 0 0 0 0 0 0 0 0 0 0 0 0 0 0 0 0 0 0 0 0 0 0 0
0 0 0 0 0 0 0 0 0 0 0 0 8 1 0 0 0 0 0 0 0 0 0 0 1 0 0 0 0 1 0 0 0 0 0 0 0 0 0 0 0 0 0 0 0 0 0 0 1 5 24 49 172 37 26 1 1 0 0 0 3 19 0 0 0 0 0 0 0 0 0 0 0 2 0 0 0 0 0 0 0 0 0 0 0 0 0 0 0 0 0 13 66 43 22 1 0 0 0 0 0 0 0 0 0 0 0 0 0 0 0 0 0 0 0 0 0 0 0 0 0 0 0 0 0 0 0 0 0 0 0 0 0 0 0 0 0 0 0 0 0 0 0 0 0 0 0 0 0 0
0 0 0 0 0 0 0 1 0 0 0 0 14 13 2 2 0 2 1 0 0 0 0 0 0 0 0 0 0 0 0 0 0 0 0 0 0 0 0 0 0 0 0 0 0 0 0 0 3 4 0 27 142 0 28 4 13 0 0 0 2 6 10 0 0 0 0 0 0 0 0 0 0 0 0 0 0 0 0 0 0 0 0 0 0 0 0 0 0 0 0 1 6 8 7 8 11 1 0 14 0 0 0 0 0 0 0 0 0 0 0 0 0 0 0 0 0 0 0 0 0 0 0 0 0 0 0 0 0 0 0 0 0 0 0 0 0 0 0 0 0 0 0 0 1 0 0 0 0 0
0 0 0 1 2 0 0 0 1 4 0 2 0 0 3 0 0 0 2 0 0 0 0 8 0 0 0 0 0 0 0 0 0 0 0 0 0 1 0 0 0 0 0 0 0 0 0 5 0 1 0 13 25 0 0 0 0 0 0 1 6 6 1 0 0 0 0 0 0 0 0 0 0 0 0 0 0 0 0 0 0 0 0 0 0 0 0 0 0 0 0 0 0 0 2 1 11 0 2 0 0 0 0 0 0 0 0 0 0 0 0 0 0 0 0 0 0 0 0 0 0 0 0 0 0 0 0 0 0 0 0 0 0 0 0 0 0 0 0 0 0 0 0 0 0 0 0 0 0 0
0 0 2 0 0 0 0 0 0 0 2 0 0 1 0 0 0 0 1 0 0 0 2 0 2 0 0 0 0 0 0 0 1 1 28 0 1 0 0 0 0 0 0 0 0 1 8 11 0 0 0 0 0 0 0 0 0 0 0 0 6 0 0 0 0 0 0 0 0 0 0 0 0 0 0 0 0 0 0 0 0 0 0 0 0 0 0 0 0 0 0 0 0 0 0 6 18 16 0 0 0 0 0 0 0 0 0 0 0 0 0 0 0 0 0 0 0 0 0 0 0 0 0 0 0 0 0 0 0 0 0 0 0 0 0 0 0 0 0 0 0 0 0 0 17 13 0 0 0 0
0 0 0 0 0 0 0 0 0 0 0 1 0 0 0 0 0 1 0 1 4 4 0 1 1 0 0 0 0 0 0 1 0 0 0 1 0 0 0 0 0 0 0 0 0 1 0 0 0 0 0 0 0 0 0 0 0 0 0 0 3 6 0 0 0 0 0 0 0 0 0 6 11 0 0 0 0 0 0 0 0 0 0 0 0 0 0 0 0 0 0 0 0 0 7 3 10 2 0 1 2 0 0 0 0 0 0 0 0 0 0 0 0 0 0 0 0 0 0 0 0 0 0 0 0 0 0 0 0 0 0 0 0 0 0 0 0 0 0 0 0 0 0 0 0 0 0 0 0 0
0 0 0 0 0 0 0 0 0 0 0 6 0 0 0 0 1 0 1 0 0 0 0 0 0 0 0 0 0 0 0 0 0 0 0 0 0 0 0 0 0 0 0 0 0 0 0 0 0 0 0 0 0 0 0 0 0 0 0 0 5 0 0 0 0 0 0 0 0 0 29 137 0 0 0 0 0 0 0 0 0 0 0 0 0 0 0 0 0 0 0 0 0 0 18 1 1 0 0 0 0 1 0 0 0 0 0 0 0 0 0 0 0 0 0 0 0 0 0 0 0 0 0 0 0 0 0 0 0 0 0 0 0 0 0 0 0 0 0 0 0 0 0 0 0 0 0 0 0 0
0 0 0 0 0 0 0 0 0 1 4 2 3 0 0 0 0 0 0 0 0 0 0 0 0 0 0 0 0 0 0 0 0 0 0 0 0 0 0 0 0 0 0 0 6 0 0 0 0 0 0 0 0 0 0 0 0 0 0 0 9 0 0 0 0 0 0 0 0 0 28 3 0 0 0 0 0 0 0 0 0 0 0 0 0 0 0 0 0 0 0 0 0 0 1 7 8 0 0 0 0 0 0 0 0 0 0 0 0 0 0 0 0 0 0 0 0 0 0 0 0 0 0 0 0 0 0 0 0 0 0 0 0 0 0 0 0 0 0 0 0 0 0 0 0 0 0 0 0 0
0 0 0 0 0 0 0 0 2 1 0 5 4 1 3 2 6 0 0 0 0 0 0 0 0 0 0 0 0 0 0 0 0 0 0 0 1 0 0 0 0 0 0 8 0 0 0 0 0 0 0 0 0 0 0 0 0 0 0 15 3 0 0 0 0 0 0 0 17 4 0 0 0 0 0 0 1 0 0 0 0 0 0 0 0 0 0 0 0 0 0 1 0 0 0 0 8 2 9 3 0 0 0 0 0 0 0 0 0 0 0 0 0 0 0 0 0 0 0 0 0 0 0 0 0 0 0 0 0 0 0 0 0 0 0 0 0 0 0 0 0 0 0 0 0 0 0 0 0 0
0 11 0 0 0 3 0 0 0 2 0 0 5 0 0 0 0 7 7 0 0 0 0 0 0 0 0 0 0 0 0 0 0 0 0 2 2 1 5 2 0 0 6 3 0 0 0 0 0 0 0 0 0 0 0 0 0 0 0 0 14 16 3 0 1 0 0 4 67 56 1 0 0 0 0 0 0 0 0 0 0 0 0 0 0 0 0 0 0 0 0 0 0 0 0 0 6 0 0 0 0 0 0 0 0 0 0 0 0 0 0 0 0 0 0 0 0 0 0 0 0 0 0 0 0 0 0 0 0 0 0 0 0 0 0 0 0 0 0 0 0 0 0 0 0 0 0 0 0 0
0 0 2 1 0 0 0 0 0 0 0 4 55 13 0 2 18 0 19 17 0 0 1 21 2 1 0 0 0 0 2 2 0 0 5 5 13 6 5 5 0 0 18 0 0 0 0 0 0 0 0 0 0 0 0 0 0 0 0 0 0 0 3 3 76 46 22 0 0 0 0 0 0 0 0 0 0 0 0 0 0 0 0 0 0 0 0 0 0 0 0 0 0 0 0 0 0 0 0 0 0 0 0 0 0 0 0 0 0 0 0 0 0 0 0 0 0 0 0 0 0 0 0 0 0 0 0 0 0 0 0 0 0 0 0 0 0 0 0 0 0 0 0 0 0 0 0 0 0 0
12 71 9 0 0 0 0 0 0 0 0 1 2 0 0 0 1 1 0 2 10 88 51 16 2 0 0 0 0 1 0 0 0 0 0 6 24 6 0 2 1 4 1 0 0 0 0 0 0 0 0 0 0 0 0 0 0 0 0 0 0 0 0 0 29 10 0 0 0 0 0 0 0 0 0 0 0 0 0 0 0 0 0 0 0 0 0 0 0 0 0 0 0 0 0 0 0 0 0 0 0 0 0 0 0 0 0 0 0 0 0 0 0 0 0 0 0 0 0 0 0 0 0 0 0 0 0 0 0 0 0 0 0 0 0 0 0 0 0 0 0 0 0 0 0 0 0 0 0 0
33 11 6 0 0 1 0 0 0 0 0 0 2 0 0 1 4 3 0 5 5 33 24 1 12 1 1 0 1 25 6 0 0 0 0 0 0 3 2 1 3 53 0 0 0 0 0 0 0 0 0 0 0 0 0 0 0 0 0 0 0 0 0 0 3 1 0 0 0 0 0 0 0 0 0 0 0 0 0 0 0 0 0 0 0 0 0 0 0 14 0 0 0 0 0 0 0 0 0 0 0 0 0 0 0 0 0 0 0 0 0 0 0 0 0 0 0 0 0 0 0 0 0 0 0 0 0 0 0 0 0 0 0 0 0 0 0 0 0 0 0 0 0 0 0 0 0 0 0 0
0 0 0 1 0 0 0 0 0 0 0 2 5 0 0 0 0 1 1 3 0 0 10 4 4 9 1 1 21 6 0 0 0 0 5 1 1 0 1 0 0 8 0 0 0 0 0 0 0 0 0 0 0 0 0 0 0 0 0 0 0 0 0 0 0 0 0 0 0 0 0 0 0 0 0 0 0 0 0 0 0 0 0 0 0 0 0 0 0 0 0 0 0 0 0 0 0 0 0 0 0 0 0 0 0 0 0 0 0 0 0 0 0 0 0 0 0 0 0 0 0 0 0 0 0 0 0 0 0 0 0 0 0 0 0 0 0 0 0 0 0 0 0 0 0 0 0 0 0 0
0 0 0 0 0 0 0 0 0 0 0 0 0 0 0 0 0 0 1 2 0 0 0 0 2 16 5 9 29 2 2 5 0 11 9 0 0 0 1 0 0 0 0 0 0 0 0 0 0 0 0 0 0 0 0 0 0 0 0 0 0 0 0 0 0 0 0 0 0 0 0 0 0 0 0 0 0 0 0 0 0 0 0 0 0 0 0 0 0 0 0 0 0 0 0 0 0 0 0 0 0 0 0 0 0 0 0 0 0 0 0 0 0 0 0 0 0 0 0 0 0 0 0 0 0 0 0 0 0 0 0 0 0 0 0 0 0 0 0 0 0 0 0 0 0 0 0 0 0 0
0 0 0 0 0 0 0 0 0 0 0 0 0 0 0 0 0 0 0 0 0 0 1 0 0 0 0 4 172 98 1 9 6 48 2 0 1 0 0 0 0 0 0 0 0 0 0 0 0 0 0 0 0 0 0 0 0 0 0 0 0 0 0 0 0 0 0 0 0 0 0 0 0 0 0 0 0 0 0 0 0 0 0 0 0 0 0 0 0 0 0 0 0 0 0 0 0 0 0 0 0 0 0 0 0 0 0 0 0 0 0 0 0 0 0 0 0 0 0 0 0 0 0 0 0 0 0 0 0 0 0 0 0 0 0 0 0 0 0 0 0 0 0 0 0 0 0 0 0 0
0 0 0 0 0 0 0 0 0 0 0 0 0 0 0 0 0 0 0 0 0 0 0 0 1 0 1 4 0 2 5 0 8 5 0 2 2 0 0 0 0 0 0 0 0 0 0 0 0 0 0 0 0 0 0 0 0 0 0 0 0 0 0 0 0 0 0 0 0 0 0 0 0 0 0 0 0 0 0 0 0 0 0 0 0 0 0 0 0 0 0 0 0 0 0 0 0 0 0 0 0 0 0 0 0 0 0 0 0 0 0 0 0 0 0 0 0 0 0 0 0 0 0 0 0 0 0 0 0 0 0 0 0 0 0 0 0 0 0 0 0 0 0 0 0 0 0 0 0 0
0 0 0 0 0 0 0 0 0 0 0 0 0 0 0 0 0 0 0 0 0 0 0 0 14 2 16 0 0 0 15 0 1 8 2 1 0 1 0 0 0 0 0 0 0 0 0 0 0 0 0 0 0 0 0 0 0 0 0 0 0 0 0 0 0 0 0 0 0 0 0 0 0 0 0 0 0 0 0 0 0 0 0 0 0 0 0 0 0 0 0 0 0 0 0 0 0 0 0 0 0 0 0 0 0 0 0 0 0 0 0 0 0 0 0 0 0 0 0 0 0 0 0 0 0 0 0 0 0 0 0 0 0 0 0 0 0 0 0 0 0 0 0 0 0 0 0 0 0 0
0 0 0 0 0 0 0 0 0 0 0 2 7 1 0 0 0 0 0 0 0 0 0 0 0 0 0 0 0 0 0 0 9 1 1 2 5 0 0 0 0 0 0 0 0 0 0 0 0 0 0 0 0 0 0 0 0 0 0 0 0 0 0 0 0 0 0 0 0 0 0 0 0 0 0 0 0 0 0 0 0 0 0 0 0 0 0 0 0 0 0 0 0 0 0 0 0 0 0 0 0 0 0 0 0 0 0 0 0 0 0 0 0 0 0 0 0 0 0 0 0 0 0 0 0 0 0 0 0 0 0 0 0 0 0 0 0 0 0 0 0 0 0 0 0 0 0 0 0 0
7 0 0 0 0 0 0 0 0 0 3 0 0 1 0 0 0 0 0 0 0 0 0 0 0 0 0 27 3 9 4 0 0 0 0 0 0 1 0 0 0 0 0 0 0 0 0 0 0 0 0 0 0 0 0 0 0 0 0 0 0 0 0 0 0 0 0 0 0 0 0 0 0 0 0 0 0 0 0 0 0 0 0 0 0 0 0 0 0 0 0 0 0 0 0 0 0 0 0 0 0 0 0 0 0 0 0 0 0 0 0 0 0 0 0 0 0 0 0 0 0 0 0 0 0 0 0 0 0 0 0 0 0 0 0 0 0 0 0 0 0 0 0 0 0 0 0 0 0 0
0 0 0 0 0 0 0 0 0 0 0 0 0 0 0 0 0 0 0 0 0 0 0 0 0 0 0 4 2 0 0 0 1 7 0 0 0 0 0 0 0 0 0 0 0 0 0 0 0 0 0 0 0 0 0 0 0 0 0 0 0 0 0 0 0 0 0 0 0 0 0 0 0 0 0 0 0 0 0 0 0 0 0 0 0 0 0 0 0 0 0 0 0 0 0 0 0 0 0 0 0 0 0 0 0 0 0 0 0 0 0 0 0 0 0 0 0 0 0 0 0 0 0 0 0 0 0 0 0 0 0 0 0 0 0 0 0 0 0 0 0 0 0 0 0 0 0 0 0 0
0 0 0 0 0 0 0 0 0 0 1 1 0 0 0 0 0 0 0 0 0 0 0 0 0 0 0 0 0 0 0 0 1 1 0 0 0 0 0 0 0 0 0 0 0 0 0 0 0 0 0 0 0 0 0 0 0 0 0 0 0 0 0 0 0 0 0 0 0 0 0 0 0 0 0 0 0 0 0 0 0 0 0 0 0 0 0 0 0 0 0 0 0 0 0 0 0 0 0 0 0 0 0 0 0 0 0 0 0 0 0 0 0 0 0 0 0 0 0 0 0 0 0 0 0 0 0 0 0 0 0 0 0 0 0 0 0 0 0 0 0 0 0 0 0 0 0 0 0 0
0 0 0 0 0 0 0 0 0 1 4 0 0 0 0 0 0 0 0 0 0 0 0 0 0 0 0 0 0 0 0 0 0 0 0 0 0 0 0 0 0 0 0 0 0 0 0 0 0 0 0 0 0 0 0 0 0 0 0 0 0 0 0 0 0 0 0 0 0 0 0 0 0 0 0 0 0 0 0 0 0 0 0 0 0 0 0 0 0 0 0 0 0 0 0 0 0 0 0 0 0 0 0 0 0 0 0 0 0 0 0 0 0 0 0 0 0 0 0 0 0 0 0 0 0 0 0 0 0 0 0 0 0 0 0 0 0 0 0 0 0 0 0 0 0 0 0 0 0 0
0 0 0 0 0 0 0 0 1 1 9 0 0 0 0 0 0 0 0 0 0 0 0 0 0 0 0 0 0 0 0 0 0 0 0 0 0 0 0 0 0 0 0 0 0 0 0 0 0 0 0 2 0 0 0 0 0 0 0 0 0 0 0 0 0 0 0 0 0 0 0 0 0 0 0 0 0 0 0 0 0 0 0 0 0 0 0 0 0 0 0 0 0 0 0 0 0 0 0 0 0 0 0 0 0 0 0 0 0 0 0 0 0 0 0 0 0 0 0 0 0 0 0 0 0 0 0 0 0 0 0 0 0 0 0 0 0 0 0 0 0 0 0 0 0 0 0 0 0 0
0 0 0 2 0 0 0 0 6 30 0 0 0 0 0 0 0 0 0 0 0 0 0 0 0 0 0 0 0 0 0 0 0 0 0 0 0 0 0 0 0 0 0 0 0 0 0 0 0 1 0 0 0 0 0 0 0 0 0 0 0 0 0 0 0 0 0 0 0 0 0 0 0 0 0 0 0 0 0 0 0 0 0 0 0 0 0 0 0 0 0 0 0 0 0 0 0 0 0 0 0 0 0 0 0 0 0 0 0 0 0 0 0 0 0 0 0 0 0 0 0 0 0 0 0 0 0 0 0 0 0 0 0 0 0 0 0 0 0 0 0 0 0 0 0 0 0 0 0 0
0 0 0 0 0 3 7 5 26 0 0 0 0 0 0 0 0 0 0 0 0 0 0 0 0 0 0 0 0 0 0 0 0 0 0 0 0 0 0 0 0 0 0 0 0 0 0 0 0 33 47 0 0 0 0 0 0 0 0 0 0 0 0 0 0 0 0 0 0 0 0 0 0 0 0 0 0 0 0 0 0 0 0 0 0 0 0 0 0 0 0 0 0 0 0 0 0 0 0 0 0 0 0 0 0 0 0 0 0 0 0 0 0 0 0 0 0 0 0 0 0 0 0 0 0 0 0 0 0 0 0 0 0 0 0 0 0 0 0 0 0 0 0 0 0 0 0 0 0 0
5 0 0 0 0 0 9 28 0 0 0 0 0 0 0 0 0 0 0 0 0 0 0 0 0 0 0 0 0 0 0 0 0 0 0 0 0 0 0 0 0 0 0 0 0 0 0 0 1 0 0 0 2 0 0 0 0 0 0 0 0 0 0 0 0 0 0 0 0 0 0 0 0 0 0 0 0 0 0 0 0 0 0 0 0 0 0 0 0 0 0 0 0 0 0 0 0 0 0 0 0 0 0 0 0 0 0 0 0 0 0 0 0 0 0 0 0 0 0 0 0 0 0 0 0 0 0 0 0 0 0 0 0 0 0 0 0 0 0 0 0 0 0 0 0 0 0 0 0 0
0 0 0 0 0 0 0 0 0 0 0 0 0 0 0 0 0 0 0 0 0 0 0 0 0 0 0 0 0 0 0 0 0 0 0 0 0 0 0 0 0 0 0 0 0 0 0 0 0 0 0 0 4 18 0 0 0 0 0 0 0 0 0 0 0 0 0 0 0 0 0 0 0 0 0 0 0 0 0 0 0 0 0 0 0 0 0 0 0 0 0 0 0 0 0 0 0 0 0 0 0 0 0 0 0 0 0 0 0 0 0 0 0 0 0 0 0 0 0 0 0 0 0 0 0 0 0 0 0 0 0 0 0 0 0 0 0 0 0 0 0 0 0 0 0 0 0 0 0 0
0 0 0 0 0 0 0 0 0 0 0 0 0 0 0 0 0 0 0 0 0 0 0 0 0 0 0 0 0 0 0 0 0 0 0 0 0 0 0 0 0 0 0 0 0 0 0 0 0 0 0 0 0 0 0 0 0 0 0 0 0 0 0 0 0 0 0 0 0 0 0 0 0 0 0 0 0 0 0 0 0 0 0 0 0 0 0 0 0 0 0 0 0 0 0 0 0 0 0 0 0 0 0 0 0 0 0 0 0 0 0 0 0 0 0 0 0 0 0 0 0 0 0 0 0 0 0 0 0 0 0 0 0 0 0 0 0 0 0 0 0 0 0 0 0 0 0 0 0 0
0 0 0 0 0 0 0 0 0 0 0 0 0 0 0 0 0 0 0 0 0 0 0 0 0 0 0 0 0 0 0 0 0 0 0 0 0 3 0 0 0 0 0 0 0 0 0 0 0 0 0 3 1 0 0 0 0 0 0 0 0 0 0 0 0 0 0 0 0 0 0 0 0 0 0 0 0 0 0 0 0 0 0 0 0 0 0 0 0 0 0 0 0 0 0 0 0 0 0 0 0 0 0 0 0 0 0 0 0 0 0 0 0 0 0 0 0 0 0 0 0 0 0 0 0 0 0 0 0 0 0 0 0 0 0 0 0 0 0 0 0 0 0 0 0 0 0 0 0 0
0 0 0 0 0 0 0 0 0 0 0 0 0 0 0 0 0 0 0 0 0 0 0 0 0 0 0 0 0 0 0 0 3 0 0 0 0 0 0 0 0 0 0 0 0 0 0 0 0 0 0 0 0 0 0 0 0 0 0 0 0 0 0 0 0 0 0 0 0 0 0 0 0 0 0 0 0 0 0 0 0 0 0 0 0 0 0 0 0 0 0 0 0 0 0 0 0 0 0 0 0 0 0 0 0 0 0 0 0 0 0 0 0 0 0 0 0 0 0 0 0 0 0 0 0 0 0 0 0 0 0 0 0 0 0 0 0 0 0 0 0 0 0 0 0 0 0 0 0 0
0 0 0 0 0 0 0 0 0 0 0 0 0 0 0 0 0 0 0 0 0 0 0 0 0 0 0 0 0 0 1 0 0 0 0 0 0 0 0 0 0 0 0 0 0 0 0 0 0 0 0 0 0 4 0 0 0 0 0 0 0 0 0 0 0 0 0 0 0 0 0 0 0 0 0 0 0 0 0 0 0 0 0 0 0 0 0 0 0 0 0 0 0 0 0 0 0 0 0 0 0 0 0 0 0 0 0 0 0 0 0 0 0 0 0 0 0 0 0 0 0 0 0 0 0 0 0 0 0 0 0 0 0 0 0 0 0 0 0 0 0 0 0 0 0 0 0 0 0 0
0 0 0 0 0 0 0 0 0 0 0 0 0 0 0 0 0 0 0 0 0 0 0 0 0 0 0 0 0 4 2 24 0 0 0 0 0 0 0 0 0 0 0 0 0 0 0 0 0 0 0 0 0 0 0 0 0 0 0 0 0 0 0 0 0 0 0 0 0 0 0 0 0 0 0 0 0 0 0 0 0 0 0 0 0 0 0 0 0 0 0 0 0 0 0 0 0 0 0 0 0 0 0 0 0 0 0 0 0 0 0 0 0 0 0 0 0 0 0 0 0 0 0 0 0 0 0 0 0 0 0 0 0 0 0 0 0 0 0 0 0 0 0 0 0 0 0 0 0 0
0 0 0 0 0 0 0 0 0 0 0 0 0 0 0 0 0 0 0 0 0 0 0 0 0 0 0 0 0 0 3 8 0 0 0 0 0 0 0 0 0 0 0 0 0 0 0 0 1 0 0 0 0 0 0 0 0 0 0 0 0 0 0 0 0 0 0 0 0 0 0 0 0 0 0 0 0 0 0 0 0 0 0 0 0 0 0 0 0 0 0 0 0 0 0 0 0 0 0 0 0 0 0 0 0 0 0 0 0 0 0 0 0 0 0 0 0 0 0 0 0 0 0 0 0 0 0 0 0 0 0 0 0 0 0 0 0 0 0 0 0 0 0 0 0 0 0 0 0 0
0 0 0 0 0 0 0 0 0 0 0 0 0 0 0 0 0 0 0 0 0 0 0 0 0 0 0 0 0 8 0 0 0 0 0 0 0 0 0 0 0 0 0 0 0 0 0 0 0 0 0 0 0 0 0 0 0 0 0 0 0 0 0 0 0 0 0 0 0 0 0 0 0 0 0 0 0 0 0 0 0 0 0 0 0 0 0 0 0 0 0 0 0 0 0 0 0 0 0 0 0 0 0 0 0 0 0 0 0 0 0 0 0 0 0 0 0 0 0 0 0 0 0 0 0 0 0 0 0 0 0 0 0 0 0 0 0 0 0 0 0 0 0 0 0 0 0 0 0 0
0 0 0 0 0 0 0 0 0 0 0 0 0 0 0 0 0 0 0 0 0 0 0 0 0 0 0 0 0 48 14 0 0 0 0 0 0 0 0 0 0 0 0 0 0 1 0 0 0 0 0 0 0 0 0 0 0 0 0 0 0 0 0 0 0 0 0 0 0 0 0 0 0 0 0 0 0 0 0 0 0 0 0 0 0 0 0 0 0 0 0 0 0 0 0 0 0 0 0 0 0 0 0 0 0 0 0 0 0 0 0 0 0 0 0 0 0 0 0 0 0 0 0 0 0 0 0 0 0 0 0 0 0 0 0 0 0 0 0 0 0 0 0 0 0 0 0 0 0 0
0 0 0 0 0 0 0 0 0 0 0 0 0 0 0 0 0 0 0 0 0 0 0 0 0 0 1 0 0 0 0 0 0 1 0 0 0 0 0 0 0 0 0 0 0 0 0 0 0 49 0 0 0 0 0 0 0 0 0 0 0 0 0 0 0 0 0 0 0 0 0 0 0 0 0 0 0 0 0 0 0 0 0 0 0 0 0 0 0 0 0 0 0 0 0 0 0 0 0 0 0 0 0 0 0 0 0 0 0 0 0 0 0 0 0 0 0 0 0 0 0 0 0 0 0 0 0 0 0 0 0 0 0 0 0 0 0 0 0 0 0 0 0 0 0 0 0 0 0 0
0 0 0 0 0 0 0 0 0 0 0 0 0 0 0 0 0 0 0 0 0 0 0 0 0 0 11 0 0 0 0 0 0 0 0 0 0 0 0 0 0 0 0 0 0 0 0 0 0 0 0 0 0 0 0 0 0 0 0 0 0 0 0 0 0 0 0 0 0 0 0 0 0 0 0 0 0 0 0 0 0 0 0 0 0 0 0 0 0 0 0 0 0 0 0 0 0 0 0 0 0 0 0 0 0 0 0 0 0 0 0 0 0 0 0 0 0 0 0 0 0 0 0 0 0 0 0 0 0 0 0 0 0 0 0 0 0 0 0 0 0 0 0 0 0 0 0 0 0 0
0 0 0 0 0 0 0 0 0 0 0 0 0 0 0 0 0 0 0 0 0 0 0 0 0 0 0 1 4 0 0 0 0 0 0 0 0 0 0 0 0 0 0 0 0 0 0 0 0 0 0 0 0 0 0 0 0 0 0 0 0 0 0 0 0 0 0 0 0 0 0 0 0 0 0 0 0 0 0 0 0 0 0 0 0 0 0 0 0 0 0 0 0 0 0 0 0 0 0 0 0 0 0 0 0 0 0 0 0 0 0 0 0 0 0 0 0 0 0 0 0 0 0 0 0 0 0 0 0 0 0 0 0 0 0 0 0 0 0 0 0 0 0 0 0 0 0 0 0 0
0 0 0 0 0 0 0 0 0 0 0 0 0 0 0 0 0 0 0 0 0 0 0 0 0 0 0 0 0 0 0 0 0 0 0 0 0 0 0 0 0 0 0 0 0 0 0 0 0 0 1 0 0 0 0 0 0 0 0 0 0 0 0 0 0 0 0 0 0 0 0 0 0 0 0 0 0 0 0 0 0 0 0 0 0 0 0 0 0 0 0 0 0 0 0 0 0 0 0 0 0 0 0 0 0 0 0 0 0 0 0 0 0 0 0 0 0 0 0 0 0 0 0 0 0 0 0 0 0 0 0 0 0 0 0 0 0 0 0 0 0 0 0 0 0 0 0 0 0 0
0 0 0 0 0 0 0 0 0 0 0 0 0 0 0 0 0 0 0 0 0 0 0 0 0 0 0 0 0 0 0 0 0 0 0 0 0 0 0 0 0 0 0 0 0 0 0 0 0 0 2 0 0 0 0 0 0 0 0 0 0 0 0 0 0 0 0 0 0 0 0 0 0 0 0 0 0 0 0 0 0 0 0 0 0 0 0 0 0 0 0 0 0 0 0 0 0 0 0 0 0 0 0 0 0 0 0 0 0 0 0 0 0 0 0 0 0 0 0 0 0 0 0 0 0 0 0 0 0 0 0 0 0 0 0 0 0 0 0 0 0 0 0 0 0 0 0 0 0 0
0 0 0 0 0 0 0 0 0 0 0 0 0 0 0 0 0 0 0 0 0 0 0 0 0 0 0 0 0 0 0 0 0 0 0 0 0 0 0 0 0 0 0 0 0 0 0 0 0 0 0 0 0 0 0 0 0 0 0 0 0 0 0 0 0 0 0 0 0 0 0 0 0 0 0 0 0 0 0 0 0 0 0 0 0 0 0 0 0 0 0 0 0 0 0 0 0 0 0 0 0 0 0 0 0 0 0 0 0 0 0 0 0 0 0 0 0 0 0 0 0 0 0 0 0 0 0 0 0 0 0 0 0 0 0 0 0 0 0 0 1 0 0 0 0 0 0 0 0 0
0 0 0 0 0 0 0 0 0 0 0 0 0 0 0 0 0 0 0 0 0 0 0 0 0 0 0 0 0 0 0 0 0 0 0 0 0 0 0 0 0 0 0 0 0 0 0 0 0 0 0 0 0 0 0 0 0 0 0 0 0 0 0 0 0 0 0 0 0 0 0 0 0 0 0 0 0 0 0 0 0 0 0 0 0 0 0 0 0 0 0 0 0 0 0 0 0 0 0 0 0 0 0 0 0 0 0 0 0 0 0 0 0 0 0 0 0 0 0 0 0 0 0 0 0 0 0 0 0 0 0 0 0 0 0 0 0 0 0 0 0 0 0 0 0 0 0 0 0 0
0 0 0 0 0 0 0 0 0 0 0 0 0 0 0 0 0 0 0 0 0 0 0 0 0 0 0 0 0 0 0 0 0 0 0 0 0 0 0 0 0 0 0 0 0 0 0 0 0 0 0 0 0 0 0 0 0 0 0 0 0 0 0 0 0 0 0 0 0 0 0 0 0 0 0 0 0 0 0 0 0 0 0 0 0 0 0 0 0 0 0 0 0 0 0 0 0 0 0 0 0 0 0 0 0 0 0 0 0 0 0 0 0 0 0 0 0 0 0 0 0 0 0 0 0 0 0 0 0 0 0 0 0 0 0 0 0 0 0 0 0 0 0 0 0 0 0 0 0 0
