0 1 11 4 0 0 2 0 3 28 0 2 0 5 0 0 0 1 0 0 0 3 0 0 1 12 0 0 0 0 0 0 0 3 3 0 0 0 0 2 0 0 0 1 1 0 0 0 0 0 0 0 0 0 0 3 0 0 0 1 15 13 7 1 0 0 0 0 0 0 0 2 4 63 58 166 39 10 23 3 5 83 11 26 28 90 87 102 12 103 413 223 27 253 252 402 394 182 285 61 55 49 11 6 19 10 16 112 109 6 7 0 10 22 25 16 10 4 2 1 2 20 16 1 0 3 0 0 7 6 0 23 2 0 0 0 0 0 0 0 5 0 0 0 0 0 0 0 0 10
0 0 2 2 0 0 0 0 0 13 7 3 3 1 0 0 0 0 7 0 0 1 19 0 5 9 1 0 0 0 0 0 0 0 1 2 0 1 6 0 0 0 0 0 0 0 0 0 0 0 0 0 0 0 3 0 0 0 0 24 71 7 7 14 0 0 0 0 1 0 0 0 23 9 10 0 33 27 7 7 32 9 3 0 38 112 143 46 107 219 26 17 100 393 226 98 190 191 517 242 99 23 12 14 1 5 0 86 18 2 6 3 0 2 14 9 5 3 4 6 1 1 17 3 1 1 1 0 5 19 8 1 20 47 0 0 1 0 0 17 10 0 0 0 0 0 0 0 0 0
0 0 0 0 6 0 0 0 0 1 5 0 7 2 0 0 0 0 0 1 0 4 45 13 21 0 2 2 0 0 0 0 0 0 0 1 16 1 0 8 1 0 0 2 0 0 0 0 0 0 0 0 0 0 8 0 0 1 33 8 10 11 2 0 0 0 0 0 0 0 0 0 0 0 0 2 0 22 47 59 58 22 0 7 8 382 223 65 6 1 25 6 26 120 229 355 199 152 106 159 243 147 13 14 8 3 1 12 114 80 7 7 4 2 3 4 3 17 8 3 19 13 2 7 1 2 0 2 0 4 3 3 41 40 0 0 4 0 4 39 4 6 0 0 0 0 0 0 0 0
11 23 0 0 0 0 0 0 0 2 0 2 0 0 0 1 0 0 2 3 0 0 1 1 1 0 1 3 6 0 0 0 0 0 0 0 0 2 0 2 1 0 0 0 0 0 0 0 0 0 3 0 0 0 17 8 2 10 12 2 0 1 6 2 0 0 0 0 0 2 2 106 3 0 2 0 28 25 115 55 54 33 16 75 81 3 10 72 0 58 252 284 560 244 302 138 38 45 236 195 176 243 105 10 11 53 11 7 138 38 7 9 13 3 0 2 15 28 15 8 13 40 17 2 4 3 3 0 8 0 0 6 20 0 0 0 10 0 0 14 32 2 0 0 0 0 0 0 0 0
2 9 0 0 0 0 0 0 0 5 0 0 0 0 0 6 1 4 0 2 0 2 4 0 0 0 1 0 0 1 0 0 0 0 1 12 9 0 4 0 0 0 0 0 0 0 0 0 0 2 0 0 1 1 22 90 19 29 0 0 11 4 0 3 0 0 0 0 0 9 49 25 40 31 10 31 31 44 100 69 61 86 128 76 85 48 23 25 5 187 546 291 198 268 179 91 18 250 141 285 243 299 301 326 341 76 35 8 8 5 16 11 10 18 10 0 5 5 30 25 99 563 58 11 2 1 4 1 8 5 1 0 0 0 2 0 0 0 0 0 20 4 0 0 0 0 0 0 0 0
22 23 0 0 0 0 0 0 3 0 5 0 0 0 0 0 0 0 4 12 3 3 1 0 0 0 0 0 0 0 1 1 0 0 6 39 21 15 0 0 0 0 0 0 0 0 0 0 0 0 32 6 0 1 0 111 17 4 9 2 0 0 1 0 0 0 0 0 0 19 29 62 65 50 30 41 10 12 36 111 127 205 115 48 1 51 19 4 0 108 789 334 26 91 415 290 73 654 450 220 169 193 377 204 13 55 7 37 2 0 0 2 0 26 7 9 5 6 1 7 46 51 2 3 0 2 3 0 0 0 1 0 1 0 0 0 0 0 0 0 1 1 0 0 0 0 0 0 0 0
0 0 0 0 0 2 0 0 0 1 1 0 0 0 0 0 0 0 0 0 0 0 2 0 0 0 0 0 0 1 0 0 0 0 0 0 0 2 2 0 0 0 0 0 0 0 0 0 0 0 0 1 0 4 0 16 4 0 19 20 2 1 0 1 1 0 0 0 2 31 24 55 79 155 125 61 175 59 122 160 214 250 371 188 62 2 0 52 60 57 511 347 12 158 266 187 147 154 223 39 14 111 52 36 4 15 19 5 5 0 15 71 49 5 19 3 1 0 9 16 33 47 5 1 2 0 5 8 0 0 4 0 0 0 0 0 0 0 0 0 0 0 0 0 0 0 0 0 0 0
0 0 0 0 0 0 0 0 0 0 2 0 0 0 0 0 0 0 0 0 0 0 0 0 0 0 0 0 0 0 4 0 0 0 1 1 0 0 2 0 0 0 0 0 0 0 0 0 0 0 0 0 1 6 7 2 0 24 20 25 22 15 31 1 8 12 0 0 0 15 1 1 33 12 16 9 52 81 269 345 301 150 247 71 69 77 59 234 91 28 145 36 6 90 109 119 92 340 327 93 76 131 128 162 40 65 4 14 23 17 161 149 13 17 7 15 0 1 3 3 4 3 2 5 4 1 2 0 1 0 0 0 0 0 0 0 0 0 0 0 0 0 0 0 0 0 0 0 0 0
6 0 0 0 0 0 0 0 0 0 0 0 0 1 4 0 0 0 0 0 0 0 0 0 0 0 0 0 0 0 0 0 0 0 0 0 0 0 0 1 0 0 0 0 0 0 0 0 0 0 0 0 0 7 0 0 1 1 1 26 128 81 5 0 0 7 0 1 0 28 0 0 0 4 0 7 0 11 11 157 233 337 363 18 0 6 115 120 161 12 1 2 106 380 473 558 25 219 103 65 92 36 34 108 301 67 86 70 49 27 270 56 77 1 4 7 2 3 9 1 4 0 10 11 2 4 0 3 0 0 2 0 0 0 0 0 0 0 0 0 0 0 0 0 0 0 0 0 0 0
0 0 0 0 0 0 0 1 7 1 0 0 0 0 0 0 0 0 0 0 0 0 0 0 0 0 0 0 0 0 0 0 0 0 0 0 0 0 1 0 0 0 0 0 0 0 0 0 7 3 2 0 4 6 0 1 2 0 1 9 18 64 6 4 1 0 0 1 0 2 0 0 0 0 0 3 1 23 141 340 426 300 254 134 373 361 94 36 66 100 18 0 4 205 273 587 250 24 38 7 28 39 19 6 28 121 113 93 33 8 201 156 98 5 1 72 176 231 83 21 10 6 14 8 4 13 4 1 3 15 28 2 0 0 0 0 0 0 0 0 0 0 0 0 0 0 0 0 0 0
0 0 6 0 0 0 0 0 0 0 1 2 0 0 0 2 1 5 0 0 0 0 0 0 0 2 0 0 0 0 0 1 0 0 0 1 0 0 0 0 0 2 0 1 0 0 1 4 8 5 4 5 2 9 0 0 0 4 3 7 0 102 2 1 0 0 1 0 0 2 0 0 0 0 0 0 1 7 41 92 155 111 244 96 82 132 63 104 177 97 18 3 9 59 88 251 555 16 17 35 10 3 1 5 40 105 278 205 72 55 181 31 80 5 1 64 150 473 145 71 123 116 113 37 30 150 50 36 21 11 1 43 10 16 9 0 0 0 0 0 0 0 0 0 0 0 0 0 0 0
0 0 1 0 0 0 0 0 1 0 0 0 0 0 0 0 3 5 3 0 0 0 2 0 0 0 0 0 0 0 0 0 0 0 1 0 0 0 0 0 0 6 2 4 5 0 0 0 0 0 0 0 2 1 0 0 0 0 0 0 1 4 0 3 0 4 3 2 1 0 2 1 0 0 0 2 36 3 35 159 189 67 7 22 50 34 7 16 72 264 21 0 0 3 7 59 286 167 97 5 0 3 5 13 5 25 162 114 8 11 67 87 24 39 32 81 311 64 175 310 126 134 59 25 42 177 0 0 0 38 1 0 24 28 9 1 0 0 0 0 0 0 0 0 0 0 0 0 0 0
0 0 0 0 0 0 0 0 14 0 0 0 0 0 0 0 1 5 1 4 0 0 0 0 0 0 0 0 0 0 0 0 1 0 0 0 0 0 0 0 0 0 31 2 9 0 0 5 0 0 0 0 2 0 1 0 0 0 0 0 2 3 0 0 0 0 0 1 0 5 2 0 0 0 0 8 74 17 73 20 60 86 10 0 6 4 0 0 1 0 0 0 0 16 39 11 213 182 293 199 0 2 19 4 2 1 8 42 169 101 386 199 82 251 66 10 7 34 473 355 37 103 42 0 30 38 16 0 12 50 0 0 7 9 17 0 0 0 0 0 0 0 0 0 0 0 0 0 0 0
0 0 0 0 0 0 0 1 0 0 0 0 0 0 0 0 0 0 26 5 2 0 0 1 0 0 0 0 0 35 2 0 0 0 0 0 0 0 0 0 0 1 0 45 6 0 0 0 1 0 0 10 1 0 0 0 0 0 1 0 1 7 6 2 0 0 11 14 1 8 27 0 0 0 1 188 265 157 43 12 24 188 9 0 6 35 4 3 0 21 1 0 0 37 4 3 55 217 51 79 1 2 123 37 153 46 33 138 92 218 391 324 239 131 100 136 74 54 250 163 86 41 0 1 0 8 10 0 3 0 0 0 0 0 0 0 0 0 0 0 0 0 0 0 0 0 0 0 0 0
0 0 0 0 0 0 0 0 1 1 0 0 0 0 0 0 0 0 2 2 3 0 0 0 1 0 0 0 0 0 3 0 0 0 0 0 0 0 0 0 0 0 0 4 11 0 0 0 0 2 3 14 0 0 3 0 1 4 0 8 27 8 5 11 5 12 54 47 63 74 23 1 2 0 22 274 327 558 131 7 0 51 22 0 0 12 5 4 0 13 23 5 0 0 0 0 13 209 79 119 4 21 182 221 647 403 481 378 512 344 248 192 210 210 166 102 94 41 21 30 49 32 8 9 0 6 10 2 8 11 1 2 0 0 0 0 1 0 0 0 0 0 0 0 0 0 0 0 0 0
0 0 0 0 0 0 0 9 2 0 2 0 0 0 0 0 0 0 0 2 0 5 4 1 0 0 0 0 0 2 0 0 0 0 0 0 0 0 0 0 0 0 0 0 0 4 0 0 0 6 28 25 1 1 0 0 14 26 5 30 3 5 2 20 15 42 55 17 58 72 65 132 28 59 287 322 555 262 35 2 1 2 0 0 0 0 4 52 5 51 2 6 0 0 2 9 16 5 25 12 10 1 498 271 195 293 362 105 238 383 406 202 277 102 147 30 18 34 47 23 10 0 45 132 20 26 0 0 0 2 0 0 0 0 10 3 0 0 0 0 0 0 0 0 0 0 0 0 0 0
0 0 0 0 0 0 0 5 0 0 0 0 0 0 0 0 3 3 0 1 0 0 10 18 9 1 3 0 1 0 0 0 0 0 0 0 0 0 0 0 1 0 0 0 0 5 0 1 24 2 6 1 0 6 2 18 28 58 40 16 5 1 0 0 1 0 0 0 0 0 1 0 30 39 95 133 213 72 34 0 0 0 0 0 0 0 0 6 46 7 0 0 0 0 0 7 5 0 3 29 9 93 344 333 218 79 186 127 203 217 234 115 239 88 90 42 21 28 49 2 0 1 10 16 9 98 0 6 0 0 0 0 0 0 0 0 0 0 0 0 0 0 0 0 0 0 0 0 0 0
0 0 0 0 0 0 0 2 0 0 0 0 1 0 0 0 0 0 0 0 0 1 0 0 3 0 2 8 1 1 0 0 0 0 0 0 0 0 0 1 1 0 0 0 0 8 13 1 0 11 11 19 3 16 13 10 8 30 139 4 1 0 0 0 1 4 13 27 3 20 31 1 36 10 14 34 11 48 10 5 2 0 1 0 0 0 0 4 42 0 0 18 31 30 6 0 2 0 11 170 65 61 60 44 38 185 62 73 159 115 60 19 42 62 53 4 37 50 6 4 0 0 0 5 30 250 75 9 0 1 0 0 0 0 0 0 1 0 0 0 0 0 0 0 0 0 0 0 0 0
0 0 0 1 0 1 0 0 0 0 0 0 11 0 0 1 1 1 0 3 21 2 2 0 1 2 56 13 12 0 0 0 0 0 0 5 2 0 0 0 0 1 0 5 16 5 4 7 14 119 32 6 3 10 5 15 42 34 20 13 26 7 0 0 0 0 1 1 0 12 8 10 7 9 0 24 23 11 3 5 2 0 3 22 0 5 4 2 0 0 2 11 48 97 16 1 0 12 60 10 43 126 23 2 26 53 63 143 99 0 0 34 1 174 17 0 2 0 0 0 0 0 4 2 23 104 104 81 0 0 0 0 0 0 0 0 0 1 0 0 0 0 0 0 0 0 0 0 0 0
0 0 1 0 0 0 0 0 0 0 0 0 0 0 0 0 0 0 0 1 2 1 160 1 2 3 3 6 55 1 0 2 0 0 0 0 0 0 0 0 0 1 6 17 5 32 51 13 11 47 19 0 0 8 47 2 3 30 1 0 0 0 0 0 0 1 2 0 1 3 29 7 0 0 0 24 5 0 3 0 1 0 0 0 0 27 14 0 3 2 2 1 0 1 1 6 0 1 5 1 315 437 256 48 30 34 51 128 55 5 0 0 0 50 14 0 0 0 0 0 0 0 0 2 6 2 4 56 1 0 0 0 0 0 0 0 0 3 0 0 0 0 0 0 0 0 0 0 0 0
0 0 0 0 0 0 0 0 0 0 0 0 0 0 0 0 0 0 0 1 0 5 8 0 0 7 1 5 0 0 0 10 2 0 0 0 0 0 0 0 0 2 7 4 5 7 4 8 57 93 97 30 21 12 11 5 3 1 2 0 0 3 5 7 66 49 3 0 2 4 25 36 0 0 4 45 99 44 1 14 5 1 0 3 1 1 0 0 11 1 4 0 0 0 0 0 0 0 216 206 668 408 242 59 1 10 55 39 0 0 0 0 0 3 0 0 0 0 0 0 0 0 0 1 0 0 12 10 0 0 0 0 0 0 0 0 0 1 0 0 0 0 0 0 0 0 0 0 0 0
0 0 0 0 0 0 0 0 0 0 0 0 0 1 0 0 0 0 0 0 1 3 6 1 0 3 0 0 0 0 3 16 2 5 0 0 0 5 0 0 27 20 1 0 0 0 4 7 130 296 117 61 13 5 0 1 5 6 0 0 0 8 0 0 4 6 21 0 2 26 11 4 8 0 0 1 44 25 21 22 6 10 4 8 5 1 0 3 327 16 4 1 0 2 7 6 1 0 38 141 84 53 12 0 6 3 34 35 6 0 0 0 1 22 0 0 0 0 0 0 0 0 0 0 0 17 19 0 0 4 2 0 0 0 0 0 0 0 0 0 0 0 0 0 0 0 0 0 0 0
0 0 0 0 0 0 0 0 0 0 0 0 0 0 1 0 0 0 0 0 0 0 1 1 2 0 0 0 0 0 1 0 11 2 0 0 5 30 1 1 0 0 0 0 0 0 4 6 23 197 120 37 3 0 0 0 0 0 2 0 0 0 0 0 2 1 13 2 0 1 5 15 12 13 0 0 5 2 21 16 4 15 1 0 0 1 1 0 0 0 0 1 0 0 0 0 10 0 0 0 0 0 9 25 26 18 10 20 44 26 17 9 17 0 0 0 0 0 0 0 0 0 0 8 14 21 38 0 0 0 2 0 0 0 0 0 0 0 0 0 0 0 0 0 0 0 0 0 0 0
0 0 0 0 0 0 0 0 0 0 0 0 0 0 1 0 1 1 0 1 1 0 0 2 1 0 0 0 0 0 0 2 8 2 0 0 2 1 0 0 0 0 0 0 4 23 11 30 1 53 68 7 0 1 1 2 3 9 0 0 0 0 0 0 0 0 1 3 0 0 0 1 60 19 0 1 0 0 0 2 0 3 34 45 1 0 0 3 0 0 0 0 0 2 0 0 0 0 0 0 2 2 5 32 70 3 1 3 0 14 0 27 4 0 0 0 0 0 0 0 0 0 0 9 8 11 11 25 0 0 0 0 0 0 0 0 0 0 0 0 0 0 0 0 0 0 0 0 0 0
0 0 0 0 0 0 0 0 0 0 0 0 0 0 0 0 0 1 0 0 0 0 1 0 0 0 1 0 0 0 0 0 26 4 25 0 0 18 0 0 0 0 0 8 20 8 17 2 0 11 24 16 7 1 10 1 0 6 0 1 0 0 0 0 3 0 0 0 2 4 4 0 19 3 20 6 0 0 0 0 0 1 7 27 5 3 0 0 0 4 2 0 1 0 13 0 3 1 0 6 2 2 0 6 267 0 0 0 0 0 0 1 0 0 0 0 0 0 2 0 0 0 1 0 0 11 43 5 0 0 0 0 0 0 0 0 0 0 0 0 0 0 0 0 0 0 0 0 0 0
0 0 0 0 0 0 0 0 0 0 0 0 0 1 8 0 0 0 1 0 0 1 0 0 0 0 1 2 0 0 0 0 1 66 11 0 0 5 0 0 0 0 0 2 53 4 1 0 10 2 27 3 0 1 0 1 0 0 0 0 0 0 0 0 4 7 2 1 3 7 0 13 1 2 0 1 6 0 0 0 2 0 0 1 0 7 1 1 0 6 0 0 2 0 1 1 0 5 0 1 1 8 3 77 93 108 0 1 0 0 0 1 0 0 2 1 0 0 0 0 0 0 0 0 0 14 12 26 0 0 0 0 0 0 0 0 2 20 0 0 0 0 0 0 0 0 0 0 0 0
0 0 0 0 0 0 0 0 0 0 0 0 0 0 3 0 0 1 0 0 2 5 2 2 0 0 1 3 0 0 0 0 0 2 6 5 0 0 0 1 0 1 0 11 21 0 4 1 1 1 15 3 5 0 0 1 0 0 0 0 0 0 0 0 5 0 0 1 2 0 2 8 0 0 2 0 5 2 0 0 0 0 9 2 0 0 6 6 0 2 3 0 0 0 0 16 0 0 0 2 3 5 3 0 7 95 21 0 0 0 0 0 0 2 3 1 0 0 2 0 0 0 0 0 2 94 7 2 0 0 0 0 0 0 1 0 2 2 0 0 0 0 0 0 0 0 0 0 0 0
0 0 0 0 0 0 0 0 0 0 0 4 0 0 3 3 5 13 3 0 3 7 6 0 0 0 0 1 0 3 3 0 1 11 3 0 0 7 0 0 12 43 5 56 82 3 1 0 2 0 1 13 26 0 0 0 0 0 0 0 0 0 0 0 0 0 0 0 2 18 28 8 0 2 0 0 0 4 1 0 0 0 0 0 0 0 0 2 1 5 0 0 1 3 1 0 2 1 0 0 0 4 7 2 11 340 249 22 1 0 0 0 0 0 2 0 0 27 19 4 0 0 0 16 46 13 26 37 55 4 0 0 0 0 1 1 5 0 0 0 0 0 0 0 0 0 0 0 0 0
0 0 0 0 0 0 0 0 0 0 1 0 4 4 3 1 8 15 0 4 0 1 1 2 0 0 0 0 0 2 12 3 2 0 2 8 9 0 20 55 62 313 110 102 37 2 0 2 2 1 0 1 15 10 2 0 0 0 0 0 0 0 0 0 0 0 0 0 1 0 2 19 17 0 1 7 5 23 0 0 0 2 1 0 1 0 0 0 3 9 2 0 1 1 1 9 3 0 0 0 0 0 8 14 107 150 83 163 1 0 0 0 0 0 0 0 70 18 10 0 0 0 4 42 64 44 249 179 5 3 0 0 0 2 0 22 0 0 0 0 0 0 0 0 0 0 0 0 0 0
0 0 0 0 0 0 0 2 7 7 8 39 10 1 0 0 0 4 1 2 4 1 2 14 0 0 0 0 0 0 1 0 0 1 4 5 0 1 16 120 282 307 229 287 20 3 0 3 14 0 1 1 19 38 0 6 0 0 0 0 0 0 0 0 0 0 0 0 0 0 1 0 3 0 0 1 0 7 5 0 0 0 0 0 10 0 0 0 0 0 2 1 3 4 0 7 0 1 0 3 0 2 7 4 3 12 1 34 11 0 0 0 0 0 8 13 455 193 20 9 8 17 2 32 36 8 121 164 172 60 18 14 15 34 0 0 0 0 0 0 0 0 0 0 0 0 0 0 0 0
0 0 0 0 0 0 0 0 1 5 1 1 2 0 19 3 0 0 4 3 0 5 64 11 0 0 0 1 1 0 2 1 0 3 1 13 8 22 14 42 220 156 189 100 16 9 4 1 0 3 2 4 5 4 0 0 0 0 0 0 0 0 0 0 0 0 0 0 2 0 0 0 0 0 0 6 0 5 2 0 0 8 1 0 9 1 0 0 14 13 2 0 0 10 0 0 0 3 2 0 1 0 0 9 1 2 0 3 11 0 0 1 2 0 15 314 166 176 45 53 55 16 47 4 0 2 14 62 0 22 2 92 166 14 10 0 0 0 0 0 0 0 0 0 0 0 0 0 0 0
0 0 0 0 0 0 0 0 0 4 2 2 1 0 0 0 0 0 7 6 169 58 8 0 0 0 0 1 2 3 0 3 5 19 19 1 0 1 0 37 212 138 144 73 21 6 5 0 0 3 0 4 3 6 3 0 0 0 0 0 0 0 0 0 0 0 0 0 0 0 0 0 0 0 0 0 0 3 5 0 2 8 12 43 8 0 0 0 0 0 0 1 3 1 0 0 2 1 0 1 0 0 0 0 0 2 1 8 79 69 132 189 30 31 118 260 255 128 37 151 32 67 1 0 46 16 13 38 0 0 6 95 64 44 10 0 0 0 0 0 0 0 0 0 0 0 0 0 0 0
0 0 0 0 0 0 0 1 0 0 1 6 2 4 0 0 0 3 4 15 48 0 0 0 0 0 0 0 0 2 1 8 1 0 1 0 0 0 3 4 16 57 16 1 3 0 0 0 1 0 0 1 15 4 0 1 0 4 0 0 0 0 0 0 0 0 0 0 0 0 0 0 0 0 0 4 0 9 1 0 2 4 10 1 0 0 0 0 1 0 1 0 0 3 4 0 0 0 0 0 5 0 0 0 0 6 5 9 51 24 48 31 21 91 633 201 80 87 26 126 31 2 0 16 3 7 6 0 0 0 13 87 0 0 1 0 0 0 0 0 0 0 0 0 0 0 0 0 0 0
0 0 0 0 0 6 5 2 2 0 1 0 0 2 6 0 0 1 15 12 12 0 0 0 0 0 1 0 1 1 20 2 4 2 2 0 4 0 1 1 15 22 3 1 0 0 0 0 0 1 0 4 52 13 6 11 7 0 0 0 0 0 0 0 0 0 0 0 0 0 0 0 0 0 0 0 1 10 1 1 0 0 1 0 0 0 0 0 0 0 0 0 1 6 5 0 2 0 0 1 3 0 0 0 0 0 0 26 13 8 0 10 31 90 81 193 40 99 47 43 139 0 0 0 0 0 0 0 0 0 0 46 3 0 0 0 0 0 0 0 0 0 0 0 0 0 0 0 0 0
0 0 0 0 0 0 1 3 0 6 0 0 0 1 3 2 9 5 4 0 7 4 3 0 0 0 0 4 6 1 9 5 3 0 0 5 0 1 2 3 3 16 6 2 1 0 5 0 0 0 0 6 74 28 0 4 1 0 0 0 0 0 0 0 0 0 0 0 0 0 0 0 0 0 0 0 13 4 0 0 0 0 0 0 0 0 0 0 2 0 4 1 4 17 1 2 0 0 0 3 0 0 0 2 0 0 5 26 222 4 0 0 0 0 0 2 0 14 140 205 22 0 0 0 0 3 0 0 0 0 0 1 15 1 0 0 0 0 0 0 0 0 0 0 0 0 0 0 0 0
0 0 0 1 0 0 3 18 0 2 6 3 2 0 1 52 27 8 3 7 0 0 1 1 1 5 3 5 2 0 6 3 1 1 1 1 0 0 0 0 3 0 2 0 3 0 0 0 0 0 0 19 0 10 11 8 5 0 0 0 0 0 0 0 0 0 0 0 0 0 0 0 0 0 0 1 4 12 0 0 0 0 0 0 0 0 0 0 7 1 10 0 0 6 0 0 0 0 4 2 0 2 0 4 1 4 16 9 42 0 0 0 0 0 4 0 0 3 60 88 148 266 0 0 1 21 0 0 0 22 25 10 22 4 0 0 0 0 0 0 0 0 0 0 0 0 0 0 0 0
0 0 0 0 0 0 3 0 0 0 23 2 1 1 3 48 16 12 3 0 0 0 3 2 2 7 5 3 2 0 0 0 0 5 1 2 0 0 0 1 0 4 2 0 2 3 0 0 0 0 2 20 9 14 10 8 0 0 0 0 0 0 0 0 0 0 0 0 0 0 0 0 0 0 0 0 1 14 62 0 0 1 0 0 0 0 0 51 5 0 5 3 1 0 0 3 0 1 2 5 10 3 9 7 3 4 16 1 18 6 0 0 0 3 14 23 76 204 62 66 266 66 0 1 180 16 0 0 0 36 65 0 0 0 0 0 0 0 0 0 0 0 0 0 0 0 0 0 0 0
0 0 1 0 0 0 1 1 3 0 5 29 5 5 0 1 0 4 1 0 1 0 0 3 4 1 2 0 44 3 0 0 0 0 1 0 0 1 1 0 3 5 16 2 1 0 0 0 2 0 0 22 6 2 0 0 0 0 0 0 0 0 0 0 0 0 0 0 0 0 0 0 0 0 0 2 0 8 13 0 0 0 0 0 0 1 4 4 0 0 0 0 1 3 0 0 1 3 0 1 1 0 3 0 6 0 5 21 15 8 0 0 0 0 40 216 274 197 20 14 47 87 35 116 48 0 0 0 2 141 82 0 0 0 0 0 0 0 0 0 0 0 0 0 0 0 0 0 0 0
0 0 0 0 0 0 2 1 2 2 20 30 0 1 0 1 0 0 0 3 2 0 0 0 1 0 1 3 3 0 0 0 0 0 0 0 0 0 14 0 0 0 0 0 2 0 0 1 0 0 1 35 0 28 3 0 0 0 1 0 0 0 0 0 0 0 0 0 0 0 0 0 0 0 0 0 4 5 38 23 4 9 11 0 0 0 2 0 0 1 0 0 5 6 1 0 0 1 0 7 1 2 1 2 7 1 10 5 11 0 0 4 10 6 22 7 3 73 160 213 36 150 319 177 182 84 68 56 394 453 212 3 0 0 0 0 0 0 0 0 0 0 0 0 0 0 0 0 0 0
0 1 0 0 0 1 0 1 0 5 9 12 0 0 3 2 4 0 0 0 0 0 0 0 0 11 6 0 0 0 0 2 8 2 1 0 0 0 1 5 1 1 0 0 0 2 4 9 1 4 3 147 25 5 0 2 0 4 3 0 0 0 0 0 0 0 0 0 0 0 0 0 0 0 0 0 3 13 22 0 0 13 5 0 0 0 0 0 4 8 0 3 0 7 0 25 7 0 0 0 0 0 0 3 1 2 0 0 24 23 0 1 12 7 0 5 3 72 56 181 223 213 339 192 565 297 237 213 265 216 162 1 0 0 0 0 0 0 0 0 0 0 0 0 0 0 0 0 0 0
0 0 0 0 1 0 1 0 80 5 0 0 1 0 2 10 2 1 0 0 0 0 0 0 0 7 3 0 3 0 0 1 1 2 2 1 1 0 2 0 0 0 0 0 1 1 0 0 4 7 266 287 10 37 6 3 0 1 0 0 4 0 0 0 0 0 0 0 0 0 0 0 0 0 0 2 0 0 0 1 0 0 0 0 0 0 0 0 2 0 0 0 15 0 0 2 0 0 0 10 6 3 3 1 112 2 11 15 0 9 3 1 4 2 1 4 10 25 119 544 699 260 504 511 534 234 58 187 251 15 16 0 0 0 0 0 0 0 0 0 0 0 0 0 0 0 0 0 0 0
0 1 0 0 1 0 2 0 5 1 1 3 4 2 0 3 4 3 0 0 0 0 0 0 1 2 0 2 0 0 0 13 13 0 0 4 1 0 2 1 0 0 0 0 0 0 0 0 3 8 342 156 237 254 24 6 1 0 4 0 0 0 0 0 0 0 0 0 0 0 0 0 0 0 0 0 0 0 0 10 0 0 0 0 0 0 0 18 25 0 0 5 4 0 0 0 0 0 0 10 2 2 1 4 1 61 176 6 1 0 2 1 1 5 1 4 6 7 43 239 252 179 106 1239 830 188 82 65 8 213 232 180 0 0 0 0 0 0 0 0 0 0 0 0 0 0 0 0 0 0
2 0 2 9 0 2 3 6 0 2 7 37 0 1 0 0 0 0 0 0 0 0 0 0 1 0 0 1 0 0 0 7 30 6 0 0 0 1 0 0 0 0 0 1 0 18 3 0 0 3 328 131 220 194 23 16 3 3 0 1 0 0 0 0 0 0 0 0 0 0 0 0 0 0 0 0 0 0 0 11 0 3 2 0 0 0 0 8 27 1 13 9 33 0 0 0 0 0 0 5 3 9 12 15 12 4 0 9 0 0 0 0 5 1 2 5 3 3 4 22 89 94 128 319 334 308 123 152 168 189 1208 120 0 0 0 0 0 0 0 0 0 0 0 0 0 0 0 0 0 0
4 0 1 2 0 10 21 2 0 0 1 2 0 0 0 0 0 0 0 0 0 0 1 0 0 0 0 0 4 0 1 0 0 0 0 0 0 0 0 0 0 0 0 0 0 1 3 2 2 2 23 50 124 5 14 6 1 0 6 0 0 0 0 0 0 0 0 0 0 0 0 0 0 0 0 0 0 1 2 0 1 8 0 0 0 0 18 28 18 1 1 80 49 5 4 0 0 0 0 16 16 1 7 54 9 0 5 1 6 0 0 0 2 6 3 0 6 9 10 6 53 319 180 96 82 214 321 573 114 70 32 28 0 0 0 0 0 0 0 0 0 0 0 0 0 0 0 0 0 0
0 1 7 0 2 0 9 23 4 1 5 2 2 0 0 0 0 0 0 0 0 0 0 0 0 0 0 0 2 0 0 0 0 0 0 0 0 0 1 0 0 0 0 0 0 0 0 0 0 0 0 11 30 3 2 0 0 10 34 1 0 0 1 0 0 0 0 0 0 0 0 0 0 0 0 0 0 0 0 0 0 0 9 12 9 2 0 0 8 26 50 59 57 0 0 0 0 0 9 7 24 178 68 301 198 12 6 3 1 6 0 0 0 0 1 0 0 35 6 180 139 284 922 534 216 102 842 670 548 0 0 0 0 0 0 0 0 0 0 0 0 0 0 0 0 0 0 0 0 0
0 1 9 0 1 4 6 14 3 6 0 0 2 2 0 0 0 0 0 0 0 0 0 0 0 0 0 0 3 0 0 0 3 0 0 0 0 0 0 0 1 0 0 0 0 0 0 0 0 2 0 0 25 4 1 0 0 8 40 4 1 0 0 0 0 0 0 0 0 0 0 0 0 0 0 0 0 0 0 0 0 1 4 3 0 2 1 3 5 17 55 58 55 7 15 4 0 0 0 9 86 119 110 103 80 11 0 1 6 9 1 0 0 0 1 1 3 253 143 257 214 0 7 59 42 64 175 279 237 1 59 7 0 0 0 0 0 0 0 0 0 0 0 0 0 0 0 0 0 0
2 5 50 1 8 30 14 6 0 4 0 0 3 7 0 0 0 0 0 0 1 0 0 0 0 0 0 0 0 0 0 0 0 0 0 0 0 0 0 0 2 0 0 0 0 2 0 0 2 0 0 1 11 0 0 0 0 0 4 13 8 1 0 0 0 0 0 0 0 0 0 0 0 0 0 0 0 0 0 0 11 23 0 0 5 1 38 13 0 0 0 4 1 2 0 0 0 0 0 5 3 49 338 91 48 55 2 5 6 0 5 0 0 0 0 5 90 165 67 15 0 0 0 0 24 211 74 331 287 8 22 10 0 0 0 0 0 0 0 0 0 0 0 0 0 0 0 0 0 0
1 31 43 46 137 154 77 26 6 0 0 0 0 6 0 1 0 0 0 0 1 2 0 0 0 0 0 0 0 0 0 0 0 0 0 0 0 0 0 0 0 0 1 2 1 8 0 5 0 0 0 7 1 0 0 0 2 0 9 3 0 1 0 0 0 0 0 0 0 0 0 0 0 0 0 0 0 0 1 11 8 0 0 0 2 5 5 89 40 0 0 0 0 0 0 0 0 0 0 0 0 150 214 75 57 63 10 0 1 5 5 3 3 0 1 8 128 6 4 21 0 0 0 0 3 210 145 298 143 0 54 0 0 0 0 0 0 0 0 0 0 0 0 0 0 0 0 0 0 0
3 56 149 369 158 132 37 7 0 0 1 5 0 0 0 0 0 0 0 0 0 0 0 0 0 0 0 0 0 0 0 0 0 0 0 0 0 0 0 0 0 1 0 2 0 0 0 3 14 0 0 0 10 0 0 1 0 0 0 0 0 3 0 0 0 0 0 0 0 0 0 0 0 0 0 0 0 3 0 0 0 0 0 0 0 0 18 7 0 0 2 0 0 0 0 0 0 0 0 0 9 42 3 4 32 25 0 0 0 1 0 10 0 0 1 0 2 2 11 8 10 40 7 0 9 39 31 110 75 0 0 0 0 0 0 0 0 0 0 0 0 0 0 0 0 0 0 0 0 0
0 7 113 151 45 103 10 3 1 0 0 2 1 0 0 0 0 0 1 3 4 9 0 0 0 0 0 0 0 2 0 0 0 0 1 11 0 0 0 0 0 0 1 0 0 0 0 0 2 5 0 0 0 0 0 0 0 0 0 0 1 0 0 0 0 0 0 0 0 0 0 0 0 0 0 0 2 1 0 0 0 0 0 0 0 0 23 5 0 12 12 0 0 0 1 3 0 0 0 199 465 68 138 28 3 43 18 7 1 2 0 0 0 1 0 0 0 0 1 23 37 53 110 138 14 7 0 0 0 0 0 0 0 0 0 0 0 0 0 0 0 0 0 0 0 0 0 0 0 0
8 30 15 14 13 4 0 2 0 1 1 0 0 0 0 0 0 0 0 0 0 25 0 1 0 0 0 0 0 1 0 0 0 0 0 0 0 0 0 0 0 0 0 0 0 8 2 0 2 0 0 0 1 0 1 5 0 0 0 0 0 0 0 0 0 0 0 0 0 0 0 0 0 0 0 0 3 3 0 0 0 0 0 0 0 0 5 1 0 6 11 0 0 0 35 32 22 1 103 641 152 237 34 23 1 10 16 59 2 1 4 0 0 0 0 0 0 0 14 12 42 6 8 16 0 29 16 11 45 29 1 0 0 0 0 0 0 0 0 0 0 0 0 0 0 0 0 0 0 0
15 6 14 5 0 0 0 0 0 0 0 0 0 0 0 0 0 0 0 0 0 0 2 1 0 0 0 0 0 0 2 0 0 2 3 0 0 0 0 0 1 0 0 1 0 0 3 0 0 0 0 0 0 0 33 5 0 0 0 0 0 0 0 0 0 0 0 0 0 0 0 0 0 0 4 7 0 0 0 0 0 0 0 0 0 0 7 0 0 0 61 6 3 5 41 90 29 2 156 72 11 1 24 1 3 2 1 46 210 29 1 0 0 0 10 0 0 1 1 0 21 2 0 0 4 28 11 51 185 38 11 0 0 0 0 0 0 0 0 0 0 0 0 0 0 0 0 0 0 0
6 0 3 1 0 0 0 0 0 0 0 0 0 0 0 0 0 0 0 0 0 0 0 0 0 0 0 1 1 0 1 6 2 0 0 0 0 0 0 0 0 0 0 0 0 0 0 0 0 0 0 0 1 1 3 0 0 0 0 0 0 0 0 0 0 0 0 0 0 0 0 0 0 0 5 8 0 0 0 0 0 0 0 0 0 0 51 17 88 14 34 6 1 5 0 19 6 3 0 1 3 3 1 0 0 3 34 140 81 9 3 0 0 0 1 0 0 3 0 0 4 7 0 6 5 71 36 65 43 87 9 0 0 0 0 0 0 0 0 0 0 0 0 0 0 0 0 0 0 0
2 3 0 1 0 0 0 0 0 0 0 0 0 0 0 0 0 0 0 0 0 0 0 0 0 0 0 0 8 0 2 0 1 1 1 2 0 0 0 0 0 0 0 0 0 1 0 0 0 0 0 1 3 14 5 1 0 0 0 0 0 0 0 0 0 0 0 0 0 0 0 1 0 0 0 0 0 0 0 0 0 0 0 0 0 0 2 0 68 2 0 0 0 2 0 9 0 0 1 0 0 2 0 0 1 108 232 190 178 27 0 0 0 0 0 0 0 0 29 2 0 20 0 4 0 8 16 14 1 12 1 7 0 0 0 0 0 0 0 0 0 0 0 0 0 0 0 0 0 0
2 0 0 0 0 0 0 0 0 0 0 0 0 0 0 0 0 0 0 0 0 0 0 3 0 0 0 1 0 0 0 1 0 0 0 0 0 0 0 0 0 0 0 0 0 0 0 0 0 0 1 5 0 23 2 2 0 0 0 0 0 0 0 0 0 0 0 0 0 0 1 2 3 0 0 0 0 0 0 0 0 0 0 0 0 0 0 0 0 0 0 0 4 7 1 0 1 0 3 1 2 4 1 1 13 20 24 4 45 64 0 0 0 0 0 0 0 0 2 1 0 3 0 30 55 14 85 4 8 23 1 0 0 0 0 0 0 0 0 0 0 0 0 0 0 0 0 0 0 0
0 0 0 0 1 18 1 0 0 0 0 0 0 0 0 0 0 0 0 0 0 0 0 0 0 0 4 0 0 0 0 0 0 1 0 1 0 0 0 0 0 0 0 0 0 0 0 0 0 0 0 0 4 1 5 0 2 1 0 0 0 0 0 0 0 0 0 2 0 2 0 0 0 0 0 0 0 0 0 0 0 0 0 0 0 0 0 0 2 0 0 18 42 4 0 0 2 0 0 0 2 3 8 7 25 1 0 1 0 9 0 0 0 0 0 0 0 0 0 0 1 1 0 12 0 0 0 65 2 1 0 0 0 0 0 0 0 0 0 0 0 0 0 0 0 0 0 0 0 0
0 0 0 0 37 19 0 0 0 0 0 0 0 0 0 0 0 6 0 0 0 0 0 0 0 0 0 0 2 0 2 0 0 0 1 0 0 0 0 0 0 0 0 2 0 0 1 0 0 3 0 0 0 4 0 2 2 1 0 0 0 0 0 0 0 0 0 0 3 0 0 0 0 0 0 0 0 0 0 0 0 0 0 0 0 0 0 0 39 15 54 109 39 9 0 0 0 0 0 9 25 204 116 9 1 8 0 0 0 5 4 0 0 0 0 0 0 0 0 0 0 0 0 0 0 0 10 9 0 0 0 0 0 0 0 0 0 0 0 0 0 0 0 0 0 0 0 0 0 0
0 0 0 0 1 0 4 0 0 0 0 0 0 0 0 0 0 0 0 0 0 0 0 0 0 0 0 0 0 4 0 0 0 0 0 1 0 0 0 0 0 0 0 0 2 2 0 0 0 0 1 0 0 0 0 0 0 0 0 0 0 0 0 0 0 0 0 0 4 1 0 0 0 0 0 0 0 0 0 0 0 0 0 0 0 0 1 1 11 59 162 48 30 8 0 0 0 2 0 31 43 44 23 3 0 2 0 0 0 9 0 0 0 0 0 0 0 0 0 0 0 14 23 0 0 4 0 0 0 0 0 0 0 0 0 0 0 0 0 0 0 0 0 0 0 0 0 0 0 0
0 0 0 0 0 0 0 0 0 0 0 0 12 7 0 0 0 0 0 0 0 0 0 0 0 3 5 1 3 6 0 0 0 0 1 1 0 0 0 0 0 0 0 1 0 2 0 0 0 1 1 0 0 10 1 0 0 0 0 0 0 0 0 0 0 0 1 2 15 0 0 0 0 0 0 0 0 0 0 0 0 0 0 0 3 15 18 5 4 1 0 2 7 0 7 0 0 0 1 4 18 0 0 1 1 0 0 0 0 14 3 6 0 0 0 0 0 0 0 0 0 0 0 0 0 0 0 0 0 0 0 0 0 0 0 0 0 0 0 0 0 0 0 0 0 0 0 0 0 0
0 0 0 0 0 0 1 0 0 0 0 0 0 0 0 3 0 0 0 0 0 0 0 0 0 0 0 0 0 0 0 0 0 0 0 0 0 0 0 0 0 0 1 0 0 0 0 0 0 0 0 0 0 2 3 1 3 0 0 0 0 0 0 0 0 0 1 7 11 0 0 0 0 0 0 0 0 0 0 0 0 0 0 0 26 1 0 2 3 9 6 0 3 0 0 3 1 7 1 7 14 3 2 1 1 0 0 5 30 45 43 138 6 1 0 0 0 0 0 0 0 0 0 0 0 0 0 0 0 0 0 0 0 0 0 0 0 0 0 0 0 0 0 0 0 0 0 0 0 0
0 0 0 0 0 0 0 0 0 0 0 0 0 0 0 0 0 0 0 0 0 0 0 0 0 0 0 0 0 0 0 0 0 0 0 0 0 0 0 0 0 0 0 0 0 0 0 4 4 0 0 0 0 0 3 31 31 0 0 0 0 0 0 0 0 3 5 32 0 0 0 0 0 0 0 0 0 0 0 0 0 0 0 2 10 0 0 2 3 8 1 1 0 0 0 4 31 10 7 0 0 2 6 7 1 0 17 1 19 11 224 19 48 18 5 0 0 0 0 0 0 0 0 1 0 0 0 0 0 0 0 0 0 0 0 0 0 0 0 0 0 0 0 0 0 0 0 0 0 0
0 0 0 0 0 0 0 0 0 0 0 0 0 0 0 0 0 0 0 0 0 0 0 0 0 0 0 0 0 0 0 0 0 0 0 0 0 1 0 0 0 0 0 0 0 2 0 0 27 2 0 0 0 0 2 2 0 8 33 0 3 8 3 2 5 2 3 2 0 0 0 0 0 0 0 0 0 0 0 0 0 0 0 0 0 0 0 18 0 4 0 0 1 0 6 57 21 0 0 0 0 0 1 0 2 44 157 321 116 34 12 0 34 9 0 0 0 0 0 0 0 0 0 0 0 0 0 0 0 0 0 0 0 0 0 0 0 0 0 0 0 0 0 0 0 0 0 0 0 0
0 0 0 0 1 19 2 4 0 1 0 3 0 0 1 0 0 0 0 0 0 0 0 0 0 0 0 0 0 1 0 0 0 0 0 0 0 0 2 0 1 0 0 0 0 2 5 5 2 0 0 0 1 0 2 0 1 0 0 3 0 0 0 2 0 0 0 6 0 9 2 1 0 0 0 0 0 0 0 0 0 0 0 0 0 0 0 0 0 0 1 5 0 0 41 10 0 0 0 0 0 4 0 3 19 28 55 130 115 75 34 64 66 0 0 0 0 0 0 0 0 0 0 0 0 0 0 0 0 0 0 0 0 0 0 0 0 0 0 0 0 0 0 0 0 0 0 0 0 0
0 0 0 0 8 12 1 0 0 0 1 0 0 1 0 0 0 0 0 0 0 0 0 0 0 0 0 0 0 0 0 0 2 1 0 0 0 0 0 0 0 1 10 0 2 0 2 1 2 0 0 2 1 0 2 0 0 4 1 0 0 0 2 0 0 2 0 1 2 0 0 0 0 3 0 0 0 0 0 0 0 0 0 0 0 0 0 0 0 0 1 0 10 2 1 25 88 0 0 0 0 0 0 38 96 137 0 0 4 18 0 1 0 0 0 0 0 0 0 0 0 0 0 0 0 0 0 0 0 0 0 0 0 0 0 0 0 0 0 0 0 0 0 0 0 0 0 0 0 0
0 1 0 0 0 1 0 0 2 0 0 0 0 0 0 0 0 0 0 0 0 0 0 0 0 0 0 0 0 0 0 1 0 0 0 0 0 0 0 0 0 0 0 0 0 0 1 0 1 2 3 0 0 0 0 0 0 0 0 1 4 1 0 0 0 0 0 0 0 0 1 0 3 0 0 0 0 0 0 0 0 0 0 0 0 0 0 0 0 0 0 11 25 7 5 67 196 0 0 0 0 0 0 6 12 0 0 0 0 0 7 50 0 0 0 0 0 0 0 0 0 0 0 0 0 0 0 0 0 0 0 0 0 0 0 0 0 0 0 0 0 0 1 10 3 0 0 0 0 0
0 0 0 0 0 0 0 0 0 0 0 0 0 0 2 1 0 0 0 0 0 0 0 0 0 0 0 0 0 0 0 1 0 0 0 0 0 0 0 0 0 0 1 0 0 2 0 0 0 0 8 0 0 2 0 0 0 0 0 3 1 0 0 0 0 0 0 0 0 0 1 0 0 0 0 0 0 0 0 0 0 0 0 0 0 0 0 0 12 3 2 13 85 66 17 0 0 0 0 0 0 0 0 0 1 0 0 0 0 22 17 0 0 0 0 0 0 0 0 0 0 0 0 0 0 0 0 0 0 0 0 0 0 0 0 0 0 0 0 0 0 0 0 0 0 0 0 0 0 0
0 0 0 0 0 0 0 0 0 1 0 0 0 0 0 0 0 0 0 0 0 0 0 0 0 0 0 0 0 0 0 0 0 0 0 0 0 0 0 0 0 0 0 0 0 0 0 0 0 0 1 2 13 0 0 0 2 0 0 1 0 0 0 0 0 0 0 0 0 0 0 0 0 0 0 0 0 0 0 0 0 0 0 0 0 0 0 0 0 0 4 54 201 0 0 8 0 0 0 0 0 0 0 2 2 3 0 0 7 0 0 0 0 0 0 0 0 0 0 0 0 0 0 0 0 0 0 0 0 0 0 0 0 0 0 0 0 0 0 0 0 0 0 0 0 0 0 0 0 0
0 0 0 0 0 0 0 0 0 0 0 1 1 0 0 0 0 0 0 0 0 0 0 0 0 0 0 0 0 0 0 0 0 0 0 0 0 0 0 0 0 0 0 0 0 0 0 0 0 0 0 6 1 0 0 1 0 0 0 0 4 1 0 0 0 0 0 0 0 0 0 27 0 0 0 0 0 0 0 0 0 0 0 0 0 0 0 0 0 1 5 6 1 1 6 0 0 0 0 0 0 0 0 0 0 0 0 0 0 0 0 0 0 0 0 0 0 0 0 0 0 0 0 0 0 0 0 0 0 0 0 0 0 0 0 0 0 0 0 0 0 0 0 0 0 0 0 0 0 0
1 0 0 0 0 0 0 0 0 0 0 0 0 0 0 0 0 0 0 0 0 0 2 12 0 0 0 0 0 0 0 0 0 0 0 0 0 0 0 0 0 0 0 0 0 0 0 0 0 0 0 13 2 0 0 1 0 0 0 0 0 8 6 0 0 0 0 0 0 0 0 1 13 1 5 0 0 0 0 0 0 0 0 0 0 0 0 0 0 1 0 9 1 9 29 0 0 0 0 0 0 0 0 0 0 0 0 0 0 0 0 0 0 0 0 0 0 0 0 0 0 0 0 0 0 0 0 0 0 0 0 0 0 0 0 0 0 0 0 0 0 0 0 0 0 0 0 0 0 0
0 0 0 0 0 0 0 0 0 0 0 0 0 0 0 0 0 0 0 0 0 0 3 0 0 0 0 0 0 0 0 0 0 0 0 0 0 0 0 0 0 0 0 0 0 0 0 0 0 2 0 7 10 4 0 0 0 0 1 0 0 14 28 0 0 0 0 0 0 0 0 0 0 0 7 0 0 0 0 0 0 0 0 0 0 0 0 0 0 0 10 5 0 6 30 1 0 0 0 0 0 0 0 0 0 0 0 0 0 0 0 0 0 0 0 0 0 0 0 0 0 0 0 0 0 0 0 0 0 0 0 0 0 0 0 0 0 0 0 0 0 0 0 0 0 0 0 0 0 0
0 0 0 0 0 0 0 0 0 0 0 0 1 1 0 0 0 0 0 0 0 0 0 0 0 0 0 0 0 0 0 1 0 0 0 0 0 0 0 1 0 0 0 0 0 0 0 0 0 1 4 14 56 5 3 0 1 0 0 0 0 3 0 0 0 0 0 0 0 0 0 0 0 3 0 0 0 0 0 0 0 0 0 0 0 0 0 0 0 0 0 0 2 7 3 0 0 0 0 0 0 0 0 0 0 0 0 0 0 0 0 0 0 0 0 0 0 0 0 0 0 0 0 0 0 0 0 0 0 0 0 0 0 0 0 0 0 0 0 0 0 0 0 0 0 0 0 0 0 0
0 0 0 0 0 0 0 0 0 0 0 0 1 1 0 1 1 1 4 0 0 2 0 0 0 0 1 0 0 0 0 0 0 0 0 0 0 0 0 0 0 0 0 0 0 0 0 0 0 3 1 2 76 0 5 0 0 0 0 0 0 11 4 0 0 0 0 0 0 0 0 0 0 0 0 0 0 0 0 0 0 0 0 0 0 0 0 0 0 0 0 0 2 2 2 0 1 0 0 4 0 0 0 0 0 0 0 0 0 0 0 0 0 0 0 0 0 0 0 0 0 0 0 0 0 0 0 0 0 0 0 0 0 0 0 0 0 0 0 0 0 0 0 0 0 0 0 0 0 0
0 0 0 0 0 0 0 0 0 6 0 0 0 0 0 0 1 0 0 0 0 0 0 1 0 3 0 0 0 0 0 0 0 0 0 2 0 0 0 0 0 0 0 0 0 0 0 3 0 4 0 0 16 0 0 0 0 0 1 4 1 1 0 1 0 0 0 0 0 0 0 0 0 0 0 0 0 0 0 0 0 0 0 0 0 0 0 0 0 0 0 0 0 1 0 4 1 0 0 0 0 0 0 0 0 0 0 0 0 0 0 0 0 0 0 0 0 0 0 0 0 0 0 0 0 0 0 0 0 0 0 0 0 0 0 0 0 0 0 0 0 0 0 0 0 0 0 0 0 0
0 0 2 0 0 0 0 0 0 0 2 0 0 0 0 0 0 0 0 0 0 0 8 0 2 0 0 0 0 0 0 0 1 0 5 0 0 0 0 0 0 0 0 0 0 0 1 4 0 0 0 0 0 0 0 0 0 0 0 0 2 0 0 0 0 0 0 0 0 0 0 0 0 0 0 0 0 0 0 0 0 0 0 0 0 0 0 0 0 0 0 0 0 0 0 5 5 7 0 0 0 0 0 0 0 0 0 0 0 0 0 0 0 0 0 0 0 0 0 0 0 0 0 0 0 0 0 0 0 0 0 0 0 0 0 0 0 0 0 0 0 0 0 0 1 7 0 0 0 0
0 0 0 0 0 0 0 0 0 0 0 2 0 0 0 0 3 1 0 2 0 0 0 12 0 2 0 0 0 0 0 0 0 0 0 0 0 1 0 0 0 0 0 0 2 0 5 0 0 0 0 0 0 0 0 0 0 0 0 0 0 5 0 0 0 0 0 0 0 0 0 0 1 0 0 0 0 0 0 0 0 0 0 0 0 0 0 0 0 0 0 0 0 0 0 3 3 0 0 0 2 0 0 0 0 0 0 0 0 0 0 0 0 0 0 0 0 0 0 0 0 0 0 0 0 0 0 0 0 0 0 0 0 0 0 0 0 0 0 0 0 0 0 0 0 0 0 0 0 0
0 0 0 0 0 0 0 0 0 0 0 1 0 0 0 0 0 0 0 0 1 0 0 0 0 0 0 0 0 0 0 0 0 0 0 0 0 0 0 0 0 0 0 0 0 0 0 0 0 0 0 0 0 0 0 0 0 0 0 0 3 0 0 0 0 0 0 0 0 0 0 0 0 0 0 0 0 0 0 0 0 0 0 0 0 0 0 0 0 0 0 0 0 0 1 0 0 0 0 0 0 1 0 0 0 0 0 0 0 0 0 0 0 0 0 0 0 0 0 0 0 0 0 0 0 0 0 0 0 0 0 0 0 0 0 0 0 0 0 0 0 0 0 0 0 0 0 0 0 0
0 0 0 0 0 0 0 0 0 0 0 0 4 0 0 2 0 0 0 0 0 0 0 0 0 0 0 0 0 0 0 0 0 0 0 0 0 0 0 0 0 0 0 0 0 0 0 0 0 0 0 0 0 0 0 0 0 0 0 1 2 0 0 0 0 0 0 0 0 0 1 0 0 0 0 0 0 0 0 0 0 0 0 0 0 0 0 0 0 0 0 0 0 0 0 0 0 0 0 0 0 0 0 0 0 0 0 0 0 0 0 0 0 0 0 0 0 0 0 0 0 0 0 0 0 0 0 0 0 0 0 0 0 0 0 0 0 0 0 0 0 0 0 0 0 0 0 0 0 0
0 0 0 0 0 0 0 0 0 1 0 0 4 0 0 0 2 0 0 0 0 0 0 0 0 0 0 0 0 0 0 0 0 0 0 0 0 0 0 0 0 0 0 0 0 0 0 0 0 0 0 0 0 0 0 0 0 0 0 6 1 0 0 0 0 0 0 0 23 0 0 0 0 0 0 0 0 0 0 0 0 0 0 0 0 0 0 0 0 0 0 0 0 0 0 0 3 1 1 4 0 0 0 0 0 0 0 0 0 0 0 0 0 0 0 0 0 0 0 0 0 0 0 0 0 0 0 0 0 0 0 0 0 0 0 0 0 0 0 0 0 0 0 0 0 0 0 0 0 0
0 0 0 0 0 1 0 0 0 0 0 0 3 0 0 0 0 7 2 0 0 0 0 0 0 0 0 0 0 0 0 0 0 0 0 0 0 4 0 0 0 0 0 0 0 0 0 0 0 0 0 0 0 0 0 0 0 0 0 0 3 3 0 0 1 0 0 0 65 36 0 0 0 0 0 0 0 0 0 0 0 0 0 0 0 0 0 0 0 0 0 0 0 0 0 0 0 0 0 0 0 0 0 0 0 0 0 0 0 0 0 0 0 0 0 0 0 0 0 0 0 0 0 0 0 0 0 0 0 0 0 0 0 0 0 0 0 0 0 0 0 0 0 0 0 0 0 0 0 0
0 1 0 0 0 0 0 0 0 0 0 0 19 2 0 0 8 3 0 6 0 0 0 24 2 0 0 0 0 0 2 3 0 0 3 0 7 6 3 0 0 0 9 0 0 0 0 0 0 0 0 0 0 0 0 0 0 0 0 0 0 0 0 1 46 19 15 0 0 0 0 0 0 0 0 0 0 0 0 0 0 0 0 0 0 0 0 0 0 0 0 0 0 0 0 0 0 0 0 0 0 0 0 0 0 0 0 0 0 0 0 0 0 0 0 0 0 0 0 0 0 0 0 0 0 0 0 0 0 0 0 0 0 0 0 0 0 0 0 0 0 0 0 0 0 0 0 0 0 0
2 17 2 0 0 0 0 0 0 0 0 0 0 0 0 1 0 0 0 2 12 34 19 7 3 0 0 0 0 1 0 0 0 1 0 1 15 1 0 0 0 1 0 0 0 0 0 0 0 0 0 0 0 0 0 0 0 0 0 0 0 0 0 0 0 0 0 0 0 0 0 0 0 0 0 0 0 0 0 0 0 0 0 0 0 0 0 0 0 0 0 0 0 0 0 0 0 0 0 0 0 0 0 0 0 0 0 0 0 0 0 0 0 0 0 0 0 0 0 0 0 0 0 0 0 0 0 0 0 0 0 0 0 0 0 0 0 0 0 0 0 0 0 0 0 0 0 0 0 0
11 6 1 0 0 0 0 0 0 0 0 1 1 0 0 0 6 1 0 2 0 12 6 2 3 3 0 0 1 7 1 0 0 0 0 0 0 0 0 0 1 6 0 0 0 0 0 0 0 0 0 0 0 0 0 0 0 0 0 0 0 0 0 0 0 0 0 0 0 0 0 0 0 0 0 0 0 0 0 0 0 0 0 0 0 0 0 0 0 0 0 0 0 0 0 0 0 0 0 0 0 0 0 0 0 0 0 0 0 0 0 0 0 0 0 0 0 0 0 0 0 0 0 0 0 0 0 0 0 0 0 0 0 0 0 0 0 0 0 0 0 0 0 0 0 0 0 0 0 0
0 0 0 0 0 0 0 0 0 0 0 0 1 0 0 0 1 2 0 2 0 2 1 4 0 5 4 1 3 1 0 0 0 0 1 1 0 0 0 0 0 0 0 0 0 0 0 0 0 1 0 0 0 0 0 0 0 0 0 0 0 0 0 0 0 0 0 0 0 0 0 0 0 0 0 0 0 0 0 0 0 0 0 0 0 0 0 0 0 0 0 0 0 0 0 0 0 0 0 0 0 0 0 0 0 0 0 0 0 0 0 0 0 0 0 0 0 0 0 0 0 0 0 0 0 0 0 0 0 0 0 0 0 0 0 0 0 0 0 0 0 0 0 0 0 0 0 0 0 0
0 0 1 0 0 0 0 0 0 0 0 0 0 0 0 0 0 0 2 3 0 0 0 6 2 17 3 5 5 0 0 0 1 4 2 0 0 0 0 0 0 0 0 0 0 0 0 0 0 0 0 0 0 0 0 0 0 0 0 0 0 0 0 0 0 0 0 0 0 0 0 0 0 0 0 0 0 0 0 0 0 0 0 0 0 0 0 0 0 0 0 0 0 0 0 0 0 0 0 0 0 0 0 0 0 0 0 0 0 0 0 0 0 0 0 0 0 0 0 0 0 0 0 0 0 0 0 0 0 0 0 0 0 0 0 0 0 0 0 0 0 0 0 0 0 0 0 0 0 0
0 0 0 0 0 0 0 0 0 0 0 0 0 0 0 0 0 0 0 0 0 0 0 1 0 0 3 1 65 21 2 2 3 13 0 0 1 0 0 0 0 0 0 0 0 0 0 0 0 0 0 0 0 0 0 0 0 0 0 0 0 0 0 0 0 0 0 0 0 0 0 0 0 0 0 0 0 0 0 0 0 0 0 0 0 0 0 0 0 0 0 0 0 0 0 0 0 0 0 0 0 0 0 0 0 0 0 0 0 0 0 0 0 0 0 0 0 0 0 0 0 0 0 0 0 0 0 0 0 0 0 0 0 0 0 0 0 0 0 0 0 0 0 0 0 0 0 0 0 0
0 0 0 0 0 0 0 0 0 0 0 0 0 0 0 0 0 0 0 0 0 0 0 0 0 6 2 7 0 2 3 0 0 3 0 1 5 0 0 0 0 0 0 0 0 0 0 0 0 0 0 0 0 0 0 0 0 0 0 0 0 0 0 0 0 0 0 0 0 0 0 0 0 0 0 0 0 0 0 0 0 0 0 0 0 0 0 0 0 0 0 0 0 0 0 0 0 0 0 0 0 0 0 0 0 0 0 0 0 0 0 0 0 0 0 0 0 0 0 0 0 0 0 0 0 0 0 0 0 0 0 0 0 0 0 0 0 0 0 0 0 0 0 0 0 0 0 0 0 0
0 0 0 0 0 0 0 0 0 0 0 0 0 0 0 0 0 0 0 0 0 0 0 0 15 0 1 0 0 0 5 4 0 0 2 2 0 1 0 0 0 0 0 0 0 0 0 0 0 0 0 0 0 0 0 0 0 0 0 0 0 0 0 0 0 0 0 0 0 0 0 0 0 0 0 0 0 0 0 0 0 0 0 0 0 0 0 0 0 0 0 0 0 0 0 0 0 0 0 0 0 0 0 0 0 0 0 0 0 0 0 0 0 0 0 0 0 0 0 0 0 0 0 0 0 0 0 0 0 0 0 0 0 0 0 0 0 0 0 0 0 0 0 0 0 0 0 0 0 0
0 0 0 0 0 0 0 0 0 0 0 0 0 0 0 0 0 0 0 0 0 0 0 0 0 0 0 1 0 0 0 0 14 0 0 0 0 0 0 0 0 0 0 0 0 0 0 0 0 0 0 0 0 0 0 0 0 0 0 0 0 0 0 0 0 0 0 0 0 0 0 0 0 0 0 0 0 0 0 0 0 0 0 0 0 0 0 0 0 0 0 0 0 0 0 0 0 0 0 0 0 0 0 0 0 0 0 0 0 0 0 0 0 0 0 0 0 0 0 0 0 0 0 0 0 0 0 0 0 0 0 0 0 0 0 0 0 0 0 0 0 0 0 0 0 0 0 0 0 0
0 0 0 0 0 0 0 0 0 0 0 1 0 0 0 0 0 0 0 0 0 0 0 0 0 0 0 7 1 1 2 0 0 0 3 0 0 0 0 0 0 0 0 0 0 0 0 0 0 0 0 0 0 0 0 0 0 0 0 0 0 0 0 0 0 0 0 0 0 0 0 0 0 0 0 0 0 0 0 0 0 0 0 0 0 0 0 0 0 0 0 0 0 0 0 0 0 0 0 0 0 0 0 0 0 0 0 0 0 0 0 0 0 0 0 0 0 0 0 0 0 0 0 0 0 0 0 0 0 0 0 0 0 0 0 0 0 0 0 0 0 0 0 0 0 0 0 0 0 0
0 0 0 0 0 0 0 0 0 0 0 0 0 0 0 0 0 0 0 0 0 0 0 0 0 0 0 2 1 0 0 0 1 2 0 0 0 0 0 0 0 0 0 0 0 0 0 0 0 0 0 0 0 0 0 0 0 0 0 0 0 0 0 0 0 0 0 0 0 0 0 0 0 0 0 0 0 0 0 0 0 0 0 0 0 0 0 0 0 0 0 0 0 0 0 0 0 0 0 0 0 0 0 0 0 0 0 0 0 0 0 0 0 0 0 0 0 0 0 0 0 0 0 0 0 0 0 0 0 0 0 0 0 0 0 0 0 0 0 0 0 0 0 0 0 0 0 0 0 0
0 0 0 0 0 0 0 0 0 0 1 0 0 0 0 0 0 0 0 0 0 0 0 0 0 0 0 0 0 0 0 1 4 0 0 0 0 0 0 0 0 0 0 0 0 0 0 0 0 0 0 0 0 0 0 0 0 0 0 0 0 0 0 0 0 0 0 0 0 0 0 0 0 0 0 0 0 0 0 0 0 0 0 0 0 0 0 0 0 0 0 0 0 0 0 0 0 0 0 0 0 0 0 0 0 0 0 0 0 0 0 0 0 0 0 0 0 0 0 0 0 0 0 0 0 0 0 0 0 0 0 0 0 0 0 0 0 0 0 0 0 0 0 0 0 0 0 0 0 0
0 0 0 0 0 0 0 0 1 0 0 0 0 0 0 0 0 0 0 0 0 0 0 0 0 0 0 0 0 0 0 0 0 0 0 0 0 0 0 0 0 0 0 0 0 0 0 0 0 0 0 0 0 0 0 0 0 0 0 0 0 0 0 0 0 0 0 0 0 0 0 0 0 0 0 0 0 0 0 0 0 0 0 0 0 0 0 0 0 0 0 0 0 0 0 0 0 0 0 0 0 0 0 0 0 0 0 0 0 0 0 0 0 0 0 0 0 0 0 0 0 0 0 0 0 0 0 0 0 0 0 0 0 0 0 0 0 0 0 0 0 0 0 0 0 0 0 0 0 0
0 0 0 0 0 0 0 0 0 0 1 0 0 0 0 0 0 0 0 0 0 0 0 0 0 0 0 0 0 0 0 0 0 0 0 0 0 0 0 0 0 0 0 0 0 0 0 0 0 0 0 0 0 0 0 0 0 0 0 0 0 0 0 0 0 0 0 0 0 0 0 0 0 0 0 0 0 0 0 0 0 0 0 0 0 0 0 0 0 0 0 0 0 0 0 0 0 0 0 0 0 0 0 0 0 0 0 0 0 0 0 0 0 0 0 0 0 0 0 0 0 0 0 0 0 0 0 0 0 0 0 0 0 0 0 0 0 0 0 0 0 0 0 0 0 0 0 0 0 0
0 0 0 0 0 0 0 0 5 2 0 0 0 0 0 0 0 0 0 0 0 0 0 0 0 0 0 0 0 0 0 0 0 0 0 0 0 0 0 0 0 0 0 0 0 0 0 0 0 0 1 0 0 0 0 0 0 0 0 0 0 0 0 0 0 0 0 0 0 0 0 0 0 0 0 0 0 0 0 0 0 0 0 0 0 0 0 0 0 0 0 0 0 0 0 0 0 0 0 0 0 0 0 0 0 0 0 0 0 0 0 0 0 0 0 0 0 0 0 0 0 0 0 0 0 0 0 0 0 0 0 0 0 0 0 0 0 0 0 0 0 0 0 0 0 0 0 0 0 0
0 0 0 0 0 1 11 3 2 0 0 0 0 0 0 0 0 0 0 0 0 0 0 0 0 0 0 0 0 0 0 0 0 0 0 0 0 0 0 0 0 0 0 0 0 0 0 0 0 7 20 0 0 0 1 0 0 0 0 0 0 0 0 0 0 0 0 0 0 0 0 0 0 0 0 0 0 0 0 0 0 0 0 0 0 0 0 0 0 0 0 0 0 0 0 0 0 0 0 0 0 0 0 0 0 0 0 0 0 0 0 0 0 0 0 0 0 0 0 0 0 0 0 0 0 0 0 0 0 0 0 0 0 0 0 0 0 0 0 0 0 0 0 0 0 0 0 0 0 0
0 0 0 0 0 0 0 10 0 0 0 0 0 0 0 0 0 0 0 0 0 0 0 0 0 0 0 0 0 0 0 0 0 0 0 0 0 0 0 0 0 0 0 0 0 0 0 0 1 0 0 0 0 0 0 0 0 0 0 0 0 0 0 0 0 0 0 0 0 0 0 0 0 0 0 0 0 0 0 0 0 0 0 0 0 0 0 0 0 0 0 0 0 0 0 0 0 0 0 0 0 0 0 0 0 0 0 0 0 0 0 0 0 0 0 0 0 0 0 0 0 0 0 0 0 0 0 0 0 0 0 0 0 0 0 0 0 0 0 0 0 0 0 0 0 0 0 0 0 0
0 0 0 0 0 0 0 0 0 0 0 0 0 0 0 0 0 0 0 0 0 0 0 0 0 0 0 0 0 0 0 0 0 0 0 0 0 0 0 0 0 0 0 0 0 0 0 0 0 0 0 0 4 5 0 0 0 0 0 0 0 0 0 0 0 0 0 0 0 0 0 0 0 0 0 0 0 0 0 0 0 0 0 0 0 0 0 0 0 0 0 0 0 0 0 0 0 0 0 0 0 0 0 0 0 0 0 0 0 0 0 0 0 0 0 0 0 0 0 0 0 0 0 0 0 0 0 0 0 0 0 0 0 0 0 0 0 0 0 0 0 0 0 0 0 0 0 0 0 0
0 0 0 0 0 0 0 0 0 0 0 0 0 0 0 0 0 0 0 0 0 0 0 0 0 0 0 0 0 0 0 0 0 0 0 0 0 0 0 0 0 0 0 0 0 0 0 0 0 0 0 0 1 0 0 0 0 0 0 0 0 0 0 0 0 0 0 0 0 0 0 0 0 0 0 0 0 0 0 0 0 0 0 0 0 0 0 0 0 0 0 0 0 0 0 0 0 0 0 0 0 0 0 0 0 0 0 0 0 0 0 0 0 0 0 0 0 0 0 0 0 0 0 0 0 0 0 0 0 0 0 0 0 0 0 0 0 0 0 0 0 0 0 0 0 0 0 0 0 0
0 0 0 0 0 0 0 0 0 0 0 0 0 0 0 0 0 0 0 0 0 0 0 0 0 0 0 0 0 0 0 0 0 0 0 0 0 0 0 0 0 0 0 0 0 0 0 0 1 0 0 0 0 0 0 0 0 0 0 0 0 0 0 0 0 0 0 0 0 0 0 0 0 0 0 0 0 0 0 0 0 0 0 0 0 0 0 0 0 0 0 0 0 0 0 0 0 0 0 0 0 0 0 0 0 0 0 0 0 0 0 0 0 0 0 0 0 0 0 0 0 0 0 0 0 0 0 0 0 0 0 0 0 0 0 0 0 0 0 0 0 0 0 0 0 0 0 0 0 0
0 0 0 0 0 0 0 0 0 0 0 0 0 0 0 0 0 0 0 0 0 0 0 0 0 0 0 0 0 0 0 0 1 0 0 0 0 0 0 0 0 0 0 0 0 0 0 0 0 0 0 0 0 0 0 0 0 0 0 0 0 0 0 0 0 0 0 0 0 0 0 0 0 0 0 0 0 0 0 0 0 0 0 0 0 0 0 0 0 0 0 0 0 0 0 0 0 0 0 0 0 0 0 0 0 0 0 0 0 0 0 0 0 0 0 0 0 0 0 0 0 0 0 0 0 0 0 0 0 0 0 0 0 0 0 0 0 0 0 0 0 0 0 0 0 0 0 0 0 0
0 0 0 0 0 0 0 0 0 0 0 0 0 0 0 0 0 0 0 0 0 0 0 0 0 0 0 0 0 0 3 0 0 0 3 0 0 0 0 0 0 0 0 0 0 0 0 0 0 0 0 0 0 0 0 0 0 0 0 0 0 0 0 0 0 0 0 0 0 0 0 0 0 0 0 0 0 0 0 0 0 0 0 0 0 0 0 0 0 0 0 0 0 0 0 0 0 0 0 0 0 0 0 0 0 0 0 0 0 0 0 0 0 0 0 0 0 0 0 0 0 0 0 0 0 0 0 0 0 0 0 0 0 0 0 0 0 0 0 0 0 0 0 0 0 0 0 0 0 0
0 0 0 0 0 0 0 0 0 0 0 0 0 0 0 0 0 0 0 0 0 0 0 0 0 0 0 0 0 0 2 3 0 1 0 0 0 0 0 0 0 0 0 0 0 0 0 0 0 0 0 0 0 0 0 0 0 0 0 0 0 0 0 0 0 0 0 0 0 0 0 0 0 0 0 0 0 0 0 0 0 0 0 0 0 0 0 0 0 0 0 0 0 0 0 0 0 0 0 0 0 0 0 0 0 0 0 0 0 0 0 0 0 0 0 0 0 0 0 0 0 0 0 0 0 0 0 0 0 0 0 0 0 0 0 0 0 0 0 0 0 0 0 0 0 0 0 0 0 0
0 0 0 0 0 0 0 0 0 0 0 0 0 0 0 0 0 0 0 0 0 0 0 0 0 0 0 0 0 0 1 0 0 0 0 0 0 0 0 0 0 0 0 0 0 0 0 0 0 0 0 0 0 0 0 0 0 0 0 0 0 0 0 0 0 0 0 0 0 0 0 0 0 0 0 0 0 0 0 0 0 0 0 0 0 0 0 0 0 0 0 0 0 0 0 0 0 0 0 0 0 0 0 0 0 0 0 0 0 0 0 0 0 0 0 0 0 0 0 0 0 0 0 0 0 0 0 0 0 0 0 0 0 0 0 0 0 0 0 0 0 0 0 0 0 0 0 0 0 0
0 0 0 0 0 0 0 0 0 0 0 0 0 0 0 0 0 0 0 0 0 0 0 0 0 0 0 0 2 7 0 0 0 0 0 0 0 0 0 0 0 0 0 0 0 0 0 0 0 0 0 0 0 0 0 0 0 0 0 0 0 0 0 0 0 0 0 0 0 0 0 0 0 0 0 0 0 0 0 0 0 0 0 0 0 0 0 0 0 0 0 0 0 0 0 0 0 0 0 0 0 0 0 0 0 0 0 0 0 0 0 0 0 0 0 0 0 0 0 0 0 0 0 0 0 0 0 0 0 0 0 0 0 0 0 0 0 0 0 0 0 0 0 0 0 0 0 0 0 0
0 0 0 0 0 0 0 0 0 0 0 0 0 0 0 0 0 0 0 0 0 0 0 0 0 0 0 0 0 15 10 0 0 0 0 0 0 0 0 0 0 0 0 0 0 0 0 0 0 0 0 0 0 0 0 0 0 0 0 0 0 0 0 0 0 0 0 0 0 0 0 0 0 0 0 0 0 0 0 0 0 0 0 0 0 0 0 0 0 0 0 0 0 0 0 0 0 0 0 0 0 0 0 0 0 0 0 0 0 0 0 0 0 0 0 0 0 0 0 0 0 0 0 0 0 0 0 0 0 0 0 0 0 0 0 0 0 0 0 0 0 0 0 0 0 0 0 0 0 0
0 0 0 0 0 0 0 0 0 0 0 0 0 0 0 0 0 0 0 0 0 0 0 0 0 0 0 0 0 0 0 0 0 0 0 0 0 0 0 0 0 0 0 0 0 0 0 0 1 18 0 0 0 0 0 0 0 0 0 0 0 0 0 0 0 0 0 0 0 0 0 0 0 0 0 0 0 0 0 0 0 0 0 0 0 0 0 0 0 0 0 0 0 0 0 0 0 0 0 0 0 0 0 0 0 0 0 0 0 0 0 0 0 0 0 0 0 0 0 0 0 0 0 0 0 0 0 0 0 0 0 0 0 0 0 0 0 0 0 0 0 0 0 0 0 0 0 0 0 0
0 0 0 0 0 0 0 0 0 0 0 0 0 0 0 0 0 0 0 0 0 0 0 0 0 0 2 0 0 0 0 0 0 0 0 0 0 0 0 0 0 0 0 0 0 0 0 0 6 0 0 0 0 0 0 0 0 0 0 0 0 0 0 0 0 0 0 0 0 0 0 0 0 0 0 0 0 0 0 0 0 0 0 0 0 0 0 0 0 0 0 0 0 0 0 0 0 0 0 0 0 0 0 0 0 0 0 0 0 0 0 0 0 0 0 0 0 0 0 0 0 0 0 0 0 0 0 0 0 0 0 0 0 0 0 0 0 0 0 0 0 0 0 0 0 0 0 0 0 0
0 0 0 0 0 0 0 0 0 0 0 0 0 0 0 0 0 0 0 0 0 0 0 0 0 0 0 0 1 0 0 0 0 0 0 0 0 0 0 0 0 0 0 0 0 0 0 0 0 0 0 0 0 0 0 0 0 0 0 0 0 0 0 0 0 0 0 0 0 0 0 0 0 0 0 0 0 0 0 0 0 0 0 0 0 0 0 0 0 0 0 0 0 0 0 0 0 0 0 0 0 0 0 0 0 0 0 0 0 0 0 0 0 0 0 0 0 0 0 0 0 0 0 0 0 0 0 0 0 0 0 0 0 0 0 0 0 0 0 0 0 0 0 0 0 0 0 0 0 0
0 0 0 0 0 0 0 0 0 0 0 0 0 0 0 0 0 0 0 0 0 0 0 0 0 0 0 0 0 0 0 0 0 0 0 0 0 0 0 0 0 0 0 0 0 0 0 0 0 0 0 0 0 0 0 0 0 0 0 0 0 0 0 0 0 0 0 0 0 0 0 0 0 0 0 0 0 0 0 0 0 0 0 0 0 0 0 0 0 0 0 0 0 0 0 0 0 0 0 0 0 0 0 0 0 0 0 0 0 0 0 0 0 0 0 0 0 0 0 0 0 0 0 0 0 0 0 0 0 0 0 0 0 0 0 0 0 0 0 0 0 0 0 0 0 0 0 0 0 0
0 0 0 0 0 0 0 0 0 0 0 0 0 0 0 0 0 0 0 0 0 0 0 0 0 0 0 0 0 0 0 0 0 0 0 0 0 0 0 0 0 0 0 0 0 0 0 0 0 0 0 0 0 0 0 0 0 0 0 0 0 0 0 0 0 0 0 0 0 0 0 0 0 0 0 0 0 0 0 0 0 0 0 0 0 0 0 0 0 0 0 0 0 0 0 0 0 0 0 0 0 0 0 0 0 0 0 0 0 0 0 0 0 0 0 0 0 0 0 0 0 0 0 0 0 0 0 0 0 0 0 0 0 0 0 0 0 0 0 0 0 0 0 0 0 0 0 0 0 0
0 0 0 0 0 0 0 0 0 0 0 0 0 0 0 0 0 0 0 0 0 0 0 0 0 0 0 0 0 0 0 0 0 0 0 0 0 0 0 0 0 0 0 0 0 0 0 0 0 0 0 0 0 0 0 0 0 0 0 0 0 0 0 0 0 0 0 0 0 0 0 0 0 0 0 0 0 0 0 0 0 0 0 0 0 0 0 0 0 0 0 0 0 0 0 0 0 0 0 0 0 0 0 0 0 0 0 0 0 0 0 0 0 0 0 0 0 0 0 0 0 0 0 0 0 0 0 0 0 0 0 0 0 0 0 0 0 0 0 0 0 0 0 0 0 0 0 0 0 0
0 0 0 0 0 0 0 0 0 0 0 0 0 0 0 0 0 0 0 0 0 0 0 0 0 0 0 0 0 0 0 0 0 0 0 0 0 0 0 0 0 0 0 0 0 0 0 0 0 0 0 0 0 0 0 0 0 0 0 0 0 0 0 0 0 0 0 0 0 0 0 0 0 0 0 0 0 0 0 0 0 0 0 0 0 0 0 0 0 0 0 0 0 0 0 0 0 0 0 0 0 0 0 0 0 0 0 0 0 0 0 0 0 0 0 0 0 0 0 0 0 0 0 0 0 0 0 0 0 0 0 0 0 0 0 0 0 0 0 0 0 0 0 0 0 0 0 0 0 0
0 0 0 0 0 0 0 0 0 0 0 0 0 0 0 0 0 0 0 0 0 0 0 0 0 0 0 0 0 0 0 0 0 0 0 0 0 0 0 0 0 0 0 0 0 0 0 0 0 0 0 0 0 0 0 0 0 0 0 0 0 0 0 0 0 0 0 0 0 0 0 0 0 0 0 0 0 0 0 0 0 0 0 0 0 0 0 0 0 0 0 0 0 0 0 0 0 0 0 0 0 0 0 0 0 0 0 0 0 0 0 0 0 0 0 0 0 0 0 0 0 0 0 0 0 0 0 0 0 0 0 0 0 0 0 0 0 0 0 0 0 0 0 0 0 0 0 0 0 0
