0 0 5 2 0 0 0 0 4 51 2 1 0 0 0 0 0 1 0 0 0 1 0 0 1 3 0 2 0 0 0 0 0 0 0 2 0 0 0 2 0 0 0 0 16 0 0 0 0 0 0 0 0 0 0 0 0 0 0 0 13 4 0 3 0 1 0 0 0 0 0 1 4 40 34 111 29 4 12 2 1 222 2 16 18 82 55 56 9 52 430 207 7 122 216 137 338 188 258 37 40 35 11 13 5 7 8 163 69 59 4 0 4 32 10 6 14 5 0 0 1 86 2 9 2 7 0 0 1 3 0 7 0 0 1 0 0 0 0 0 0 0 0 0 0 0 0 0 0 16
1 0 1 0 0 0 0 0 0 5 3 15 4 0 0 0 0 0 3 0 0 1 13 0 7 8 0 0 0 0 0 0 0 0 0 0 0 1 2 0 0 0 0 0 0 0 0 0 0 0 0 0 0 0 3 0 0 0 0 8 15 4 3 134 1 0 0 0 0 0 0 1 15 10 3 0 79 7 10 2 24 7 0 1 80 71 124 56 55 151 6 23 62 116 35 60 103 206 243 173 153 54 21 14 3 3 0 97 10 4 10 2 0 2 11 7 0 2 0 57 0 0 5 2 0 0 1 0 7 8 2 2 20 22 0 0 0 0 1 31 31 0 0 0 0 0 0 0 0 0
0 0 0 0 33 0 0 0 1 2 0 5 6 1 0 0 0 1 1 0 1 18 65 9 2 0 1 1 0 0 0 0 0 2 0 0 0 0 0 2 2 0 0 1 0 0 0 0 0 0 0 0 0 0 0 0 0 0 0 2 3 3 1 2 0 0 0 0 0 0 0 1 0 0 0 0 0 21 27 49 13 18 1 17 6 39 203 31 1 2 11 6 27 91 179 224 40 98 64 115 122 74 4 14 7 4 1 9 79 27 2 3 2 2 1 1 1 18 1 0 19 9 1 0 3 1 2 0 0 5 2 0 20 49 0 0 9 0 0 3 2 0 0 0 0 0 0 0 0 0
10 1 0 0 0 0 0 0 0 2 1 1 0 0 0 0 0 0 1 0 0 0 0 5 5 0 0 1 6 0 0 0 0 0 0 0 0 0 0 2 0 0 0 0 0 0 0 0 0 0 1 0 1 0 19 7 0 7 4 6 0 0 3 2 0 0 0 0 0 1 12 51 2 0 0 2 2 13 36 42 42 5 19 34 55 0 7 57 0 45 206 267 562 117 296 105 42 57 245 114 265 174 31 17 9 40 4 13 63 9 0 6 4 8 2 0 3 9 16 3 9 16 20 0 0 2 1 0 2 0 0 4 8 0 1 2 6 1 0 5 10 1 0 0 0 0 0 0 0 0
0 7 0 0 0 0 0 0 1 0 0 0 0 0 0 4 0 1 0 1 0 0 0 0 0 0 0 0 0 0 0 0 0 0 0 8 9 0 0 0 0 0 0 0 0 0 0 0 0 4 0 0 0 2 7 34 8 7 0 0 6 4 0 0 0 0 0 0 0 1 40 9 26 37 2 13 16 74 54 34 147 138 66 5 55 24 10 11 1 116 470 235 287 223 167 45 18 217 58 298 336 291 249 170 123 39 14 9 1 8 1 5 11 9 36 0 0 2 16 14 56 201 28 6 1 8 1 0 2 0 2 2 0 0 1 0 0 0 0 0 10 2 0 0 0 0 0 0 0 0
0 0 0 0 0 0 0 0 24 0 1 0 0 0 0 0 0 0 2 17 0 19 0 0 0 0 0 0 0 0 2 0 0 0 3 27 15 21 0 0 0 0 0 0 0 0 0 0 0 1 10 3 0 0 1 14 7 1 4 0 0 0 0 0 0 0 0 0 0 22 21 38 33 75 43 10 7 13 5 57 137 243 157 20 0 94 7 4 0 59 525 492 20 93 156 275 20 692 106 114 169 134 346 130 5 46 2 10 4 1 0 0 0 5 4 12 3 3 0 2 49 15 3 1 0 2 0 1 0 0 2 0 0 0 0 0 0 0 0 0 0 2 0 0 0 0 0 0 0 0
1 0 0 1 0 0 0 0 0 3 3 0 0 2 0 0 0 0 0 0 1 0 0 0 0 0 0 0 0 0 1 0 1 1 0 2 0 1 0 0 0 0 0 0 0 0 0 0 0 0 0 0 0 4 1 4 1 1 10 6 0 0 0 0 0 0 0 0 1 16 20 11 133 141 70 95 77 54 164 153 343 150 278 143 137 3 7 21 11 30 395 338 18 125 189 97 86 117 171 61 5 83 35 27 4 5 18 4 2 1 13 23 44 2 1 20 0 0 4 9 22 25 1 2 0 3 2 1 0 0 1 0 0 0 0 0 0 0 0 0 0 0 0 0 0 0 0 0 0 0
0 0 0 1 0 0 0 0 0 0 0 0 0 0 0 0 0 0 0 0 0 0 0 0 0 0 0 0 0 0 0 0 0 0 1 1 0 1 26 0 0 0 0 0 0 0 0 0 0 0 0 0 1 5 7 1 0 5 157 30 16 10 11 0 32 7 0 0 2 21 1 4 7 9 28 19 28 23 178 195 268 169 245 63 21 46 25 250 127 36 101 18 10 166 112 56 179 293 273 60 35 68 252 190 64 43 5 4 24 2 117 114 19 6 4 10 0 1 4 4 3 25 5 0 0 5 8 1 2 0 0 0 0 0 0 0 0 0 0 0 0 0 0 0 0 0 0 0 0 0
3 0 0 0 0 0 0 0 1 1 0 0 0 1 3 0 0 0 1 0 0 0 0 0 0 0 0 0 0 0 2 0 0 0 1 0 0 1 0 0 0 0 0 0 0 0 0 0 0 0 0 0 4 5 0 0 0 6 1 26 79 51 4 0 1 14 0 3 1 9 0 0 0 4 0 3 2 5 12 152 124 346 189 7 0 0 42 88 234 9 10 1 79 220 289 346 20 150 96 55 86 19 61 183 231 23 36 68 11 40 258 32 190 1 8 2 1 1 1 4 1 2 3 6 3 2 0 1 0 0 0 0 0 0 1 1 0 0 0 0 0 0 0 0 0 0 0 0 0 0
0 0 0 0 0 0 0 0 3 0 0 0 0 0 0 0 0 0 0 0 0 0 0 0 0 0 0 0 0 0 0 0 0 0 0 0 0 1 0 0 0 0 0 0 0 0 0 0 0 0 4 0 2 2 0 0 0 3 0 9 10 38 5 2 0 1 0 0 0 1 0 0 0 0 0 6 2 8 42 215 469 168 142 111 300 226 63 19 32 34 9 1 3 165 270 521 190 46 28 21 21 13 1 3 59 94 110 78 13 2 253 114 55 3 1 51 105 221 57 9 5 1 6 6 3 2 6 1 0 5 63 5 0 0 0 0 0 0 0 0 0 0 0 0 0 0 0 0 0 0
0 0 0 0 0 0 5 0 2 1 1 1 0 0 1 1 0 1 0 0 0 0 0 0 0 0 0 0 0 0 0 1 0 0 0 0 0 0 0 0 0 2 0 0 0 0 1 2 1 4 5 0 14 0 0 0 0 1 4 2 0 42 1 9 0 0 1 0 0 2 0 0 0 0 0 0 2 2 32 96 222 45 156 69 35 210 41 78 102 96 9 0 2 56 86 181 483 20 2 33 13 5 0 10 134 57 224 222 52 64 184 37 23 8 1 60 110 210 101 37 72 36 54 32 21 108 35 28 12 5 2 19 2 4 0 0 0 0 0 0 0 0 0 0 0 0 0 0 0 0
0 0 0 0 0 0 0 0 2 0 0 0 0 0 0 0 2 8 0 0 0 0 0 0 0 0 0 0 0 0 0 0 0 0 1 0 0 0 0 0 0 2 5 1 0 0 0 0 1 0 0 0 3 1 2 0 0 0 0 0 0 2 0 2 0 0 0 2 1 0 0 6 0 0 0 0 4 3 15 111 229 43 2 9 26 26 7 1 48 118 6 0 0 1 0 18 228 141 65 7 0 1 7 16 14 32 275 64 12 15 19 40 9 23 8 42 156 73 115 474 68 222 26 10 76 120 0 0 0 88 0 0 12 5 102 0 0 0 0 0 0 0 0 0 0 0 0 0 0 0
0 0 0 0 0 0 0 0 0 1 0 0 0 0 0 0 0 4 0 2 8 0 0 1 0 0 0 0 0 0 1 0 0 0 0 0 0 0 0 0 0 5 12 0 8 0 0 7 0 0 0 0 3 0 0 0 0 0 0 0 0 0 0 0 0 0 0 1 0 0 2 0 0 0 0 4 63 23 42 8 46 61 16 0 1 2 0 0 0 1 1 0 2 4 52 3 142 103 203 125 4 4 27 1 13 5 1 27 170 82 258 156 26 205 97 6 2 40 316 305 108 54 19 1 9 36 15 1 12 19 0 0 2 4 0 0 0 0 0 0 0 0 0 0 0 0 5 0 0 0
0 0 0 0 0 0 0 0 0 0 0 0 0 0 0 0 0 0 13 0 0 1 0 0 0 0 0 0 0 0 0 0 0 0 0 0 1 0 0 0 0 0 0 30 9 0 0 0 2 0 0 12 2 0 0 0 0 0 0 0 2 0 0 0 0 0 12 2 4 6 10 0 0 0 0 65 167 113 76 4 67 239 13 0 10 155 3 0 0 3 0 0 0 7 8 6 19 155 57 55 0 6 149 69 103 16 47 110 89 308 277 220 370 219 60 75 33 73 382 100 36 24 0 0 0 1 1 0 2 0 0 0 0 0 0 0 0 0 0 0 0 0 0 0 0 0 0 0 0 0
0 0 0 0 0 0 0 0 0 1 0 0 0 0 0 0 0 0 1 1 3 0 0 0 0 0 0 0 0 0 0 0 0 0 0 0 0 0 0 0 0 0 0 4 4 0 0 0 0 11 1 108 0 0 0 0 2 2 1 3 16 7 2 3 0 127 40 16 54 27 19 0 8 0 14 239 353 366 83 1 1 43 17 0 1 5 5 2 0 18 5 3 0 0 0 0 16 82 76 97 3 9 168 224 551 371 446 335 336 239 198 131 125 235 285 88 26 12 22 42 20 47 24 73 0 0 4 3 2 2 0 0 0 0 0 0 0 0 0 0 0 0 0 0 0 0 0 0 0 0
0 0 0 0 0 0 0 9 5 0 2 0 0 0 0 1 0 0 0 1 0 2 9 0 0 0 0 0 0 1 0 0 0 0 0 0 0 0 0 0 0 0 0 3 0 2 0 0 0 8 31 20 0 0 0 0 5 13 2 30 4 3 2 5 40 10 31 12 15 33 70 21 31 23 213 417 437 217 24 5 0 0 0 0 0 0 1 22 10 11 0 2 0 0 0 6 6 4 13 5 2 1 574 188 177 405 191 61 184 246 249 144 311 190 51 23 1 30 24 29 14 2 389 196 9 12 1 1 0 0 0 0 0 0 7 2 0 0 0 0 0 0 0 0 0 0 0 0 0 0
0 0 0 0 0 0 2 0 0 0 0 0 3 0 0 0 0 7 0 1 0 0 6 4 0 7 2 0 0 1 0 0 0 0 0 0 0 0 0 1 0 0 0 0 0 2 1 0 5 1 2 1 0 30 1 3 12 34 12 46 1 0 0 0 0 0 0 0 0 0 0 4 70 15 54 113 330 112 30 0 0 0 0 0 0 0 0 5 23 0 1 0 3 0 0 2 7 0 1 26 6 92 255 277 92 67 94 71 65 176 153 104 265 49 55 19 19 11 18 1 0 1 7 6 9 62 1 5 0 0 0 0 0 0 0 0 0 0 0 0 0 0 0 0 0 0 0 0 0 0
0 1 0 1 0 0 0 0 0 0 0 0 3 0 0 2 0 1 1 1 0 7 0 0 0 1 0 2 0 0 0 0 0 0 0 0 0 0 0 0 0 0 0 1 0 5 17 1 1 4 11 22 1 17 12 5 16 17 102 3 2 1 0 0 0 3 8 8 0 64 17 3 41 21 3 32 12 22 7 8 0 0 0 0 0 0 0 6 21 1 0 6 9 17 3 0 0 0 45 211 36 46 72 21 34 141 29 69 85 170 31 4 24 28 36 4 42 62 5 3 0 2 1 0 62 149 47 1 0 1 0 0 0 0 0 0 0 0 0 0 0 0 0 0 0 0 0 0 0 0
0 0 0 2 0 0 0 0 0 0 0 0 0 1 0 1 1 0 0 2 3 0 1 0 0 0 16 9 4 0 0 0 0 0 0 1 2 0 0 0 0 1 0 3 18 6 2 14 3 264 55 5 2 3 0 10 33 17 8 4 80 5 3 0 0 0 3 0 0 4 4 1 8 3 2 22 28 19 1 9 1 0 1 1 0 2 0 6 0 0 0 6 16 68 6 0 0 2 93 4 24 51 15 2 5 18 40 98 130 0 0 47 0 64 12 0 2 0 0 0 0 0 2 1 7 33 43 80 0 0 0 0 0 0 0 0 0 0 0 0 0 0 0 0 0 0 0 0 0 0
0 0 0 0 0 0 0 0 0 0 0 0 0 0 0 0 0 0 0 2 0 5 15 6 1 0 0 5 35 0 0 1 0 0 0 0 0 0 0 0 0 0 2 15 6 26 38 4 1 31 7 1 2 0 13 2 4 51 3 0 0 2 0 0 0 3 0 0 2 2 14 7 3 0 0 50 5 0 1 0 1 0 0 0 0 12 4 0 2 1 0 11 2 2 0 7 0 2 3 0 240 273 188 30 28 38 50 109 26 1 0 0 1 36 0 0 0 0 0 0 0 0 0 2 3 1 3 24 0 0 0 0 0 0 0 0 0 0 0 0 0 0 0 0 0 0 0 1 0 0
0 0 0 0 1 0 0 0 0 0 0 0 0 0 0 0 0 0 1 0 0 0 7 0 0 2 2 2 0 1 0 1 1 0 0 0 0 0 0 1 0 2 4 2 2 8 2 8 22 48 126 87 6 12 2 2 0 1 1 0 0 3 2 0 119 24 1 0 0 8 9 6 0 0 1 17 68 9 0 4 1 8 1 0 1 0 1 0 22 3 5 0 0 0 0 0 0 1 106 121 428 387 138 23 0 6 17 30 0 0 0 0 0 1 0 0 0 0 0 0 0 0 0 1 0 0 11 260 0 0 0 0 0 0 0 0 0 0 0 0 0 0 0 0 0 0 0 0 0 0
0 0 0 0 0 0 0 0 0 0 0 0 0 2 0 1 0 0 0 0 0 0 3 0 1 0 0 0 0 0 17 13 3 0 0 0 0 1 0 0 50 5 0 0 1 0 1 4 64 226 92 49 3 0 0 1 3 1 0 0 0 0 0 0 1 0 5 1 1 22 10 4 12 0 0 0 23 14 6 25 4 3 3 8 0 1 10 1 40 193 0 7 0 1 1 1 0 0 21 111 101 42 8 0 0 10 16 13 1 0 0 0 0 10 0 0 0 0 0 0 0 0 0 0 0 6 6 0 0 0 0 0 0 0 0 0 0 0 0 0 0 0 0 0 0 0 0 0 0 0
0 0 0 0 0 0 0 0 0 0 0 0 0 0 0 0 0 0 0 0 0 0 1 0 0 0 0 0 0 0 0 0 11 0 0 0 6 25 1 3 0 0 0 0 0 0 0 9 11 132 61 11 2 0 0 0 0 0 1 0 0 0 0 0 6 1 5 2 0 2 4 7 8 328 1 0 0 2 5 10 1 2 6 0 0 3 2 1 0 1 0 1 0 0 0 0 3 0 1 0 1 0 1 17 19 9 8 12 37 15 14 3 5 0 0 0 0 0 0 0 0 0 0 2 10 7 8 1 0 0 0 0 0 0 0 0 0 0 0 0 0 0 0 0 0 0 0 0 0 0
0 0 0 0 0 0 0 0 0 0 0 0 0 1 1 0 0 2 0 0 1 0 0 0 1 1 0 0 0 0 0 3 2 1 0 0 1 2 2 0 0 0 0 0 0 13 11 14 0 41 44 2 2 5 0 0 2 18 0 0 0 0 0 0 0 0 1 1 0 0 0 0 52 18 2 1 0 1 0 0 0 0 33 219 0 0 0 0 0 0 0 0 0 1 2 0 0 0 0 1 2 1 1 18 7 2 2 1 1 1 0 13 13 0 0 0 0 0 0 0 0 0 0 76 3 0 2 37 4 0 0 0 0 0 0 0 0 0 0 0 0 0 0 0 0 0 0 0 0 0
0 0 0 0 0 0 0 0 0 0 0 0 0 0 0 0 0 1 0 0 0 0 0 0 0 0 2 1 0 0 0 0 0 28 40 0 0 46 0 0 0 0 0 3 8 11 17 0 1 2 9 7 10 3 6 2 0 11 0 0 0 0 0 0 1 0 0 29 0 3 0 1 2 2 17 6 0 0 0 0 0 1 2 35 6 1 0 0 0 2 0 1 0 0 0 0 1 1 0 1 3 3 1 1 86 0 0 2 1 0 0 4 0 0 0 0 0 0 0 0 0 0 0 0 0 5 8 1 0 0 1 0 0 0 0 0 0 0 0 0 1 0 0 0 0 0 0 0 0 0
0 0 0 0 0 0 0 0 0 0 0 0 0 0 3 1 0 0 0 0 0 2 0 0 0 0 1 0 0 0 0 0 1 7 16 0 0 5 0 0 0 1 0 0 22 6 0 0 3 0 15 4 0 0 0 0 0 0 0 0 0 0 0 0 1 0 0 2 1 1 0 3 0 2 1 2 5 0 0 0 0 0 0 1 0 7 4 3 1 1 0 0 0 0 0 0 0 5 0 2 1 1 0 43 71 42 0 0 0 0 0 0 1 0 7 0 0 0 0 0 0 0 0 0 0 4 0 8 0 0 0 0 0 0 0 0 1 11 0 0 0 0 0 0 0 0 0 0 0 0
0 0 0 0 0 0 0 0 0 0 0 0 0 0 2 0 0 0 0 0 0 0 0 0 0 0 0 4 0 0 0 1 0 2 10 0 0 0 0 1 0 0 1 5 13 5 1 0 0 1 8 5 0 0 0 0 0 0 0 0 0 0 0 1 1 0 0 2 0 0 1 0 1 0 0 0 2 1 0 0 0 0 5 1 0 1 1 3 0 0 2 1 0 0 0 1 0 1 0 0 7 1 0 1 21 72 6 2 0 0 0 0 0 0 4 0 0 0 2 0 0 0 0 0 0 48 3 2 1 0 0 0 0 0 0 0 0 1 0 0 0 0 0 0 0 0 0 0 0 0
0 0 0 0 0 0 0 0 0 0 0 0 0 4 0 1 11 7 1 1 1 8 1 0 0 0 0 0 0 0 1 0 0 6 1 0 0 6 1 4 9 2 12 101 75 2 3 0 0 0 2 10 3 0 0 1 0 0 0 0 0 0 0 0 0 0 0 0 5 10 14 5 4 1 0 0 0 1 0 0 0 0 0 0 0 0 0 0 0 2 1 0 0 0 0 0 0 0 0 0 0 2 2 1 2 171 152 18 1 0 0 0 0 0 0 0 0 27 38 2 0 0 0 8 8 8 11 60 29 3 0 0 0 0 0 2 0 4 0 0 0 0 0 0 0 0 0 0 0 0
0 0 0 0 0 0 0 0 0 0 0 0 1 0 1 2 7 27 0 2 0 2 1 1 0 0 0 0 6 1 0 1 1 1 2 4 2 34 15 22 71 165 82 114 30 4 0 0 2 0 0 2 5 2 1 0 0 0 0 0 0 0 0 0 0 0 0 0 0 1 3 4 6 1 105 3 0 6 1 0 0 3 0 0 3 0 0 0 3 2 0 1 0 0 2 8 2 0 0 0 0 15 4 6 111 90 74 344 1 0 0 0 0 0 0 0 63 18 10 0 0 0 49 28 33 31 195 79 4 8 0 0 0 13 0 0 0 0 0 0 0 0 0 0 0 0 0 0 0 0
0 0 0 0 0 0 0 0 6 3 7 5 83 1 0 0 1 3 0 0 0 0 9 6 0 0 0 0 0 1 0 0 0 2 11 9 0 1 15 81 169 224 189 174 26 1 0 1 1 0 2 0 17 25 0 0 0 0 0 0 0 0 0 0 0 0 0 1 0 0 0 0 0 0 0 0 0 2 7 0 0 0 2 0 5 0 0 0 0 1 1 0 0 2 2 1 0 2 1 0 0 1 0 8 1 34 1 19 6 0 0 0 1 0 15 8 212 192 10 62 2 9 1 8 25 21 189 100 71 25 4 10 12 48 0 0 0 0 0 0 0 0 0 0 0 0 0 0 0 0
0 0 0 0 0 0 0 0 1 1 1 2 2 0 14 2 0 0 4 0 0 3 47 14 0 0 0 0 0 0 1 1 0 0 0 6 4 39 5 19 270 132 90 42 4 2 1 1 0 1 0 1 4 0 0 2 0 0 0 0 0 0 0 0 0 0 0 0 2 0 0 0 0 0 0 1 0 3 0 0 0 2 4 5 4 0 0 0 4 5 2 0 1 3 0 0 1 0 0 0 0 2 0 1 1 1 0 2 4 0 0 2 3 0 7 287 131 176 31 21 11 13 9 4 0 0 1 7 1 18 0 247 132 5 2 2 0 0 0 0 0 0 0 0 0 0 0 0 0 0
0 0 0 0 0 0 0 0 0 0 6 3 3 3 0 0 0 1 4 3 101 54 6 0 0 0 0 0 2 8 0 0 6 13 15 4 0 1 0 13 116 73 163 27 23 1 3 0 1 5 0 0 3 1 0 1 0 0 0 0 0 0 0 0 0 0 0 0 0 0 0 0 0 0 0 0 0 0 0 0 1 1 7 41 5 0 0 0 0 0 0 0 0 0 0 1 0 1 0 0 0 0 0 0 1 1 2 22 62 46 76 115 20 28 136 246 74 61 14 89 21 75 4 0 14 3 3 18 0 0 3 42 81 11 11 0 0 0 0 0 0 0 0 0 0 0 0 0 0 0
0 0 0 0 0 0 1 1 0 0 0 0 1 1 1 1 0 1 8 19 31 0 0 0 0 0 0 0 1 1 1 5 4 1 0 1 1 2 1 1 15 35 9 5 2 0 0 0 0 0 0 0 11 1 0 0 1 0 1 0 0 0 0 0 0 0 0 0 0 0 0 0 0 0 0 1 0 9 1 1 0 4 0 0 0 0 0 0 0 0 1 0 0 2 1 1 0 0 0 0 1 0 0 0 0 0 7 2 28 16 35 27 31 194 448 164 89 128 18 109 30 1 0 4 1 1 1 0 0 0 23 29 0 0 0 0 0 0 0 0 0 0 0 0 0 0 0 0 0 0
0 0 0 0 0 2 5 0 0 0 2 0 0 0 0 1 0 0 9 7 5 0 0 0 0 0 0 0 3 2 53 3 0 0 1 0 0 0 4 0 3 11 0 0 0 1 0 0 1 0 0 2 150 1 5 27 2 1 0 0 0 0 0 0 0 0 0 0 0 0 0 0 0 0 0 0 0 5 0 0 0 0 0 0 0 0 0 0 1 0 0 0 1 22 2 0 0 3 0 0 2 0 0 0 0 0 0 21 11 5 0 9 82 82 46 72 20 50 21 26 106 0 0 0 0 1 0 0 0 0 0 35 1 0 0 0 0 0 0 0 0 0 0 0 0 0 0 0 0 0
0 0 0 0 0 0 2 1 1 2 1 0 0 0 5 1 16 13 1 0 0 2 9 0 0 1 0 8 9 3 6 10 2 1 0 0 2 10 1 0 3 6 0 0 0 0 0 0 0 0 0 2 34 48 1 5 0 0 0 0 0 0 0 0 0 0 0 0 0 0 0 0 0 0 0 0 1 10 1 0 0 0 0 0 0 0 0 0 1 1 11 0 3 6 0 0 0 0 1 0 1 0 0 0 0 0 0 16 349 1 0 0 0 0 0 0 31 13 159 378 9 0 0 0 2 0 2 0 0 0 0 0 27 177 0 0 0 0 0 0 0 0 0 0 0 0 0 0 0 0
0 0 2 0 0 0 4 28 0 1 2 0 0 0 0 20 24 3 7 0 0 0 1 1 0 0 0 4 1 1 8 2 3 0 0 0 1 1 0 0 4 1 1 1 0 0 0 0 0 0 0 11 0 14 6 1 0 0 0 0 0 0 0 0 0 0 0 0 0 0 0 0 0 0 0 1 1 5 0 0 0 0 0 0 0 0 0 0 3 0 0 0 0 4 0 0 0 0 1 1 0 0 0 0 2 6 5 16 80 0 0 0 0 0 3 0 0 3 27 39 84 22 0 1 0 8 2 0 1 13 17 27 20 16 0 0 0 0 0 0 0 0 0 0 0 0 0 0 0 0
0 0 0 0 0 0 2 0 0 0 15 2 0 0 5 8 19 7 6 13 0 0 0 1 0 0 1 0 2 0 0 0 0 0 0 0 0 0 0 0 0 49 7 0 2 2 2 0 0 0 1 13 2 10 4 3 0 0 1 0 0 0 0 0 0 0 0 0 0 0 0 0 0 0 0 0 1 8 28 1 0 1 0 0 0 0 2 26 0 0 0 0 3 0 0 1 0 0 0 2 7 5 30 2 0 2 2 3 24 3 0 0 0 8 15 11 37 120 14 83 148 46 2 4 61 13 0 0 0 11 38 0 0 0 0 0 0 0 0 0 0 0 0 0 0 0 0 0 0 0
0 1 1 0 0 0 0 1 0 0 0 16 3 3 0 2 7 0 0 0 0 0 0 2 4 1 0 0 15 0 0 0 0 0 1 0 0 0 2 0 0 3 24 1 0 0 3 0 0 0 0 10 2 2 0 0 0 0 7 0 0 0 0 0 0 0 0 0 0 0 0 0 0 0 0 0 0 6 6 0 0 0 0 0 0 0 0 1 0 0 2 0 1 1 0 0 0 0 0 1 0 0 1 0 2 0 4 3 13 3 0 0 0 0 25 218 257 144 9 11 14 38 41 80 21 0 2 0 0 74 56 0 0 0 0 0 0 0 0 0 0 0 0 0 0 0 0 0 0 0
0 0 2 0 0 0 1 1 2 0 1 10 0 8 0 0 0 0 0 1 0 0 0 0 0 1 0 4 0 1 0 0 0 0 0 0 0 0 2 2 0 0 0 0 6 0 0 1 0 0 0 39 2 0 0 0 0 0 1 3 0 0 0 0 0 0 0 0 0 0 0 0 0 0 0 0 0 3 22 22 3 3 0 0 0 0 0 0 3 0 0 0 1 1 0 0 0 0 0 3 0 0 0 0 0 2 8 2 11 1 0 0 12 9 10 4 2 7 237 73 2 111 198 99 82 47 8 51 138 384 194 5 0 0 0 0 0 0 0 0 0 0 0 0 0 0 0 0 0 0
0 0 1 0 0 1 0 0 0 6 4 2 0 3 2 0 0 1 0 0 0 0 0 0 0 7 2 0 0 0 0 0 3 0 0 0 0 0 1 7 2 0 3 0 0 0 1 1 0 3 7 135 17 0 0 2 0 0 0 1 0 0 0 0 0 0 0 0 0 0 0 0 0 0 0 0 0 2 16 0 0 6 1 0 0 0 0 0 2 2 0 3 3 0 0 4 0 0 0 2 3 0 0 0 4 2 0 0 43 9 1 3 7 1 7 8 55 44 50 107 167 271 217 212 386 217 122 162 222 189 99 0 0 0 0 0 0 0 0 0 0 0 0 0 0 0 0 0 0 0
0 0 0 0 0 0 0 0 0 0 0 0 0 0 1 5 0 0 1 0 0 0 0 0 0 2 8 0 0 0 0 1 0 0 1 0 0 0 14 0 0 0 0 0 0 0 0 0 0 7 175 171 7 30 4 0 0 0 0 0 1 0 0 0 0 0 0 0 0 0 0 0 0 0 0 0 0 0 1 1 0 1 0 0 0 0 0 0 1 0 0 0 16 0 0 0 0 0 1 6 1 0 1 1 4 0 16 9 3 3 0 0 24 6 2 1 4 9 126 439 611 310 112 324 460 258 43 376 208 3 28 18 0 0 0 0 0 0 0 0 0 0 0 0 0 0 0 0 0 0
0 1 0 0 0 0 1 0 2 1 1 0 0 0 0 0 0 0 0 0 0 0 0 0 2 8 0 0 0 0 0 4 3 1 1 4 1 0 0 0 0 0 0 0 0 0 0 0 1 11 247 191 170 166 13 4 0 4 2 1 0 0 0 0 0 0 0 0 0 0 0 0 0 0 0 0 0 0 0 3 0 0 0 0 0 0 0 2 28 0 0 12 6 0 0 0 0 0 0 2 3 0 3 1 1 62 115 2 1 0 0 2 1 5 0 5 3 2 18 175 86 126 96 807 500 203 56 53 0 123 328 209 0 0 0 0 0 0 0 0 0 0 0 0 0 0 0 0 0 0
0 0 3 1 0 0 5 5 4 0 2 8 0 0 0 0 0 0 0 0 0 1 0 1 2 0 0 0 0 0 0 5 0 1 0 0 0 1 0 0 0 0 0 0 0 1 0 0 0 2 156 114 180 131 10 3 1 0 1 1 0 0 0 0 0 0 0 0 0 0 0 0 0 0 0 0 0 0 0 8 1 0 1 0 0 0 0 4 9 0 1 2 24 0 0 0 0 0 0 0 3 19 1 0 2 8 1 6 0 0 0 0 2 1 0 0 1 5 16 26 124 103 61 139 317 233 113 63 151 251 285 95 0 0 0 0 0 0 0 0 0 0 0 0 0 0 0 0 0 0
1 1 0 4 1 1 1 0 1 2 2 15 1 0 0 0 0 0 0 0 0 0 0 0 0 0 0 0 1 0 0 0 0 0 0 0 0 0 1 0 0 0 0 0 0 0 3 0 0 1 4 20 85 5 25 2 0 0 1 0 1 0 0 0 0 0 0 0 0 0 0 0 0 0 0 0 0 0 0 1 0 0 0 0 0 2 15 33 12 2 0 33 29 5 1 0 0 0 0 12 31 0 11 45 3 0 0 0 30 6 0 0 0 2 0 2 2 2 5 4 79 208 154 136 20 359 209 490 78 34 18 3 0 0 0 0 0 0 0 0 0 0 0 0 0 0 0 0 0 0
0 1 15 0 5 0 5 13 6 4 1 1 1 1 0 0 0 0 0 0 0 0 1 0 0 0 0 0 0 0 0 0 0 0 0 0 0 0 0 1 0 0 0 0 0 0 0 0 3 0 1 1 41 1 6 0 0 11 10 1 0 0 3 0 0 0 0 0 0 0 0 0 0 0 0 0 0 0 0 0 0 1 12 8 3 3 1 0 2 18 72 31 45 1 2 0 0 1 13 14 12 72 56 121 107 9 1 0 1 2 0 0 2 1 0 0 1 13 3 101 97 243 696 376 212 77 868 781 358 0 0 0 0 0 0 0 0 0 0 0 0 0 0 0 0 0 0 0 0 0
1 3 5 0 4 1 0 9 1 1 0 1 1 0 0 0 0 0 0 0 0 0 0 0 0 0 0 0 0 0 1 0 0 0 0 0 0 0 0 1 2 0 0 0 0 0 0 0 0 2 0 3 16 0 16 0 0 20 25 2 0 1 0 0 0 0 0 0 0 0 0 0 0 0 0 0 0 0 0 0 0 0 2 0 0 11 0 0 2 22 59 49 31 0 5 65 1 0 0 0 27 71 297 111 40 10 1 2 0 2 3 0 0 1 9 0 4 169 93 199 148 0 4 28 31 74 247 450 87 2 60 1 0 0 0 0 0 0 0 0 0 0 0 0 0 0 0 0 0 0
0 2 63 0 9 68 13 5 0 2 1 0 0 1 0 0 0 0 0 1 1 0 0 0 0 0 0 0 0 0 0 0 0 0 0 0 0 0 0 0 1 2 1 0 0 0 0 0 0 0 0 1 9 0 0 0 2 0 4 8 0 0 0 0 0 0 0 0 0 0 0 0 0 0 0 0 0 0 0 0 11 15 0 0 2 0 68 1 0 0 0 1 8 0 0 0 0 0 0 7 0 17 258 58 16 40 3 4 1 1 176 0 0 0 0 12 49 138 49 8 0 0 0 0 43 317 19 304 164 3 8 3 0 0 0 0 0 0 0 0 0 0 0 0 0 0 0 0 0 0
2 15 27 28 121 152 56 19 2 0 0 0 0 0 1 0 0 0 0 0 0 1 0 0 0 0 0 0 0 0 0 0 0 0 0 0 0 0 0 0 1 0 1 3 2 1 0 5 0 0 0 0 2 0 0 0 2 0 3 0 0 4 0 0 0 0 0 0 0 0 0 0 0 0 0 0 0 0 0 5 0 0 0 0 2 0 10 36 29 0 0 0 0 0 0 0 0 0 0 0 0 64 138 50 40 46 0 0 0 6 1 0 0 0 0 8 24 10 9 11 0 0 0 0 6 142 135 228 120 3 27 10 0 0 0 0 0 0 0 0 0 0 0 0 0 0 0 0 0 0
2 29 108 429 136 113 37 5 0 0 0 2 3 0 0 0 0 0 0 0 1 2 0 0 0 0 0 0 0 0 0 0 0 0 0 0 0 0 1 0 0 3 0 1 1 0 0 1 13 0 0 0 2 0 0 0 0 0 0 0 0 7 0 0 0 0 0 0 0 0 0 0 0 0 0 0 0 5 0 0 0 0 0 0 0 0 20 13 1 0 0 0 0 0 0 0 0 0 0 0 3 12 1 0 28 8 0 0 0 2 1 1 0 2 2 1 0 6 5 7 8 15 1 0 1 29 23 146 18 1 0 0 0 0 0 0 0 0 0 0 0 0 0 0 0 0 0 0 0 0
1 2 58 69 25 49 12 1 0 2 0 1 0 0 0 1 0 0 0 0 0 1 0 0 0 0 0 0 0 1 0 0 0 0 0 0 0 1 0 0 0 0 1 0 0 0 0 0 0 2 0 0 0 0 0 0 0 0 0 0 0 0 0 0 0 0 0 0 0 0 0 0 0 0 0 0 1 0 0 0 0 0 0 0 0 0 28 2 1 63 4 0 0 0 3 2 0 0 0 154 285 38 62 19 1 27 6 2 0 0 1 0 1 3 0 0 0 0 4 12 35 13 32 68 10 12 0 0 0 0 0 0 0 0 0 0 0 0 0 0 0 0 0 0 0 0 0 0 0 0
0 2 20 26 6 24 1 1 0 0 1 0 0 0 0 0 0 0 0 0 0 18 0 0 0 0 0 0 5 1 0 0 0 0 0 0 0 0 0 0 0 0 0 0 0 21 1 0 0 0 0 0 0 0 0 4 0 0 0 0 0 0 0 0 0 0 0 0 0 0 0 0 0 0 0 0 1 2 0 0 0 0 0 0 0 0 1 0 0 4 1 0 0 0 14 26 34 5 152 407 137 162 26 5 1 6 13 82 0 4 2 0 0 0 0 0 0 2 4 11 23 18 33 5 17 44 5 8 28 6 1 0 0 0 0 0 0 0 0 0 0 0 0 0 0 0 0 0 0 0
7 3 20 3 0 0 0 1 0 0 0 0 0 0 0 0 0 0 1 0 0 2 0 0 0 0 0 0 0 0 0 0 0 1 1 0 0 0 0 0 0 0 0 0 0 1 1 2 0 0 0 0 0 0 15 4 0 0 0 0 0 0 0 0 0 0 0 0 0 0 0 0 0 0 1 2 0 0 0 0 0 0 0 0 0 0 5 0 0 0 23 4 8 4 43 66 43 3 14 35 11 1 6 3 3 0 0 24 112 59 0 0 0 2 8 0 0 0 1 0 0 0 0 0 14 12 12 15 204 20 10 0 0 0 0 0 0 0 0 0 0 0 0 0 0 0 0 0 0 0
8 0 2 0 0 1 0 0 0 0 0 0 0 0 0 0 0 0 0 0 0 0 0 0 0 0 1 0 0 0 2 9 0 0 2 0 0 0 0 0 1 0 0 0 0 0 0 0 0 0 0 0 1 1 13 0 0 0 0 0 0 0 0 0 0 0 0 0 0 0 0 0 0 0 26 10 0 0 0 0 0 0 0 0 0 0 67 32 56 28 41 6 6 3 1 3 3 0 0 1 3 0 1 0 12 0 74 90 41 5 0 0 0 0 1 0 0 4 0 0 0 1 28 2 1 38 17 82 44 86 27 0 0 0 0 0 0 0 0 0 0 0 0 0 0 0 0 0 0 0
0 0 0 0 0 0 0 0 0 0 0 0 0 0 0 0 0 1 0 0 0 0 0 0 0 0 0 0 0 0 0 0 0 3 0 0 0 0 0 0 0 0 0 0 0 1 0 0 0 0 0 0 0 3 0 0 0 0 0 0 0 0 0 0 0 0 0 0 0 0 0 0 0 1 0 0 0 0 0 0 0 0 0 0 0 0 2 0 52 0 0 0 0 1 0 4 0 0 0 0 0 1 0 3 0 37 148 125 13 22 0 0 0 0 0 0 0 0 20 0 0 5 0 3 1 3 21 10 2 4 1 0 0 0 0 0 0 0 0 0 0 0 0 0 0 0 0 0 0 0
0 0 0 0 0 0 0 0 0 0 0 0 0 0 0 0 0 0 0 0 0 0 0 4 0 0 0 0 1 0 0 3 0 0 0 1 0 3 0 0 0 0 0 0 0 1 0 0 0 0 0 1 1 7 1 0 20 0 0 0 0 0 0 0 0 0 0 0 0 0 0 0 0 0 0 0 0 0 0 0 0 0 0 0 0 0 1 0 0 0 0 0 2 3 0 0 0 0 4 0 3 0 0 0 9 25 14 3 16 26 0 0 0 0 0 0 0 0 0 4 0 6 0 14 23 4 75 9 6 25 1 0 0 0 0 0 0 0 0 0 0 0 0 0 0 0 0 0 0 0
0 0 0 0 0 44 0 0 0 0 0 0 0 0 0 0 1 0 0 0 0 0 0 0 0 0 0 0 1 0 0 28 0 0 0 0 0 0 0 0 0 0 1 0 0 0 0 0 0 0 0 0 2 1 0 0 1 2 0 0 0 0 0 0 0 0 0 0 1 2 0 0 0 0 0 0 0 0 0 0 0 0 0 0 0 0 0 0 1 0 0 10 27 0 0 0 0 0 0 0 0 4 21 5 8 2 0 1 7 4 1 0 0 0 0 0 0 0 0 0 0 1 0 5 0 0 37 36 0 2 0 0 0 0 0 0 0 0 0 0 0 0 0 0 0 0 0 0 0 0
0 0 0 0 36 10 0 0 0 0 0 0 0 0 0 1 0 0 0 0 0 0 0 0 0 0 0 0 5 0 1 0 0 0 0 0 0 0 1 0 0 0 0 0 0 0 0 0 0 1 0 0 0 1 0 1 1 0 0 0 0 0 0 0 0 0 0 0 0 0 0 0 0 0 0 0 0 0 0 0 0 0 0 0 0 0 0 0 11 4 38 69 23 2 0 0 0 0 0 22 5 163 213 30 0 0 1 0 0 5 0 0 0 0 0 0 0 0 0 0 0 0 0 0 0 0 16 6 0 0 0 0 0 0 0 0 0 0 0 0 0 0 0 0 0 0 0 0 0 0
0 0 0 0 0 0 0 0 0 0 0 0 0 1 0 0 0 0 0 0 0 0 0 0 0 0 0 0 0 1 0 0 0 0 0 0 0 0 0 0 0 0 0 0 0 8 0 0 0 0 0 0 0 1 0 1 0 0 0 0 0 0 0 0 0 0 0 0 1 1 0 0 0 0 0 0 0 0 0 0 0 0 0 0 0 0 1 0 1 14 110 38 26 4 2 0 0 2 0 17 34 127 7 1 0 0 0 0 0 2 0 0 0 0 0 0 0 0 0 0 0 17 34 0 0 4 1 19 0 0 0 0 0 0 0 0 0 0 0 0 0 0 0 0 0 0 0 0 0 0
0 0 0 0 0 0 0 0 0 0 0 0 1 2 0 0 0 0 0 0 0 0 0 0 0 2 0 0 0 0 0 0 0 0 0 0 0 0 0 0 0 0 0 0 0 3 0 0 0 0 1 0 1 3 2 0 0 0 0 0 0 0 0 0 0 0 1 2 85 0 0 0 0 0 0 0 0 0 0 0 0 0 0 0 6 5 2 2 0 2 0 0 4 0 9 0 0 0 0 4 128 0 0 0 0 0 0 0 0 8 3 4 0 0 0 0 0 0 0 0 0 0 0 0 0 40 0 0 0 0 0 0 0 0 0 0 0 0 0 0 0 0 0 0 0 0 0 0 0 0
0 0 0 0 0 1 0 0 0 0 0 0 0 0 1 0 0 0 0 0 0 0 0 0 0 0 0 0 0 0 0 0 0 0 0 0 0 0 0 0 0 0 0 0 0 0 0 0 0 0 0 0 0 2 0 1 1 0 0 0 0 0 0 0 0 0 0 6 3 0 0 0 0 0 0 0 0 0 0 0 0 0 0 0 13 0 0 0 4 4 2 3 8 0 0 0 1 4 1 0 7 3 2 0 9 0 0 13 35 29 52 92 4 0 0 0 0 0 0 0 0 0 0 0 0 0 0 0 0 0 0 0 0 0 0 0 0 0 0 0 0 0 0 0 0 0 0 0 0 0
0 0 0 0 0 0 0 0 0 0 0 0 0 0 0 0 0 0 0 0 0 0 0 0 0 0 0 0 0 0 0 0 0 0 0 0 0 0 1 1 0 0 0 0 0 0 1 3 1 0 0 0 0 3 0 10 16 0 0 0 0 0 0 0 0 3 8 26 1 0 0 1 0 0 0 0 0 0 0 0 0 0 0 4 2 0 0 0 7 0 3 3 0 0 0 0 4 3 70 0 1 0 2 0 2 0 6 1 6 15 45 8 0 0 1 0 0 0 0 0 0 0 0 0 0 0 0 0 0 0 0 0 0 0 0 0 0 0 0 0 0 0 0 0 0 0 0 0 0 0
0 0 0 0 0 0 0 0 0 0 0 1 0 0 1 0 0 0 0 0 0 0 0 0 0 0 0 0 0 0 0 0 0 0 0 0 0 0 0 0 0 0 0 0 0 0 1 4 14 1 0 0 0 0 6 1 3 0 8 1 2 0 0 4 1 1 0 0 0 0 0 0 0 1 0 0 0 0 0 0 0 0 0 0 0 0 0 1 0 1 0 2 1 0 1 32 0 0 0 0 0 0 0 0 2 12 106 198 93 28 48 0 0 0 0 0 0 0 0 0 0 0 0 0 0 0 0 0 0 0 0 0 0 0 0 0 0 0 0 0 0 0 0 0 0 0 0 0 0 0
0 0 0 0 0 10 1 13 1 1 1 4 0 0 0 0 0 0 0 0 0 0 0 0 0 0 0 0 0 0 0 0 0 0 0 0 0 0 2 0 0 1 0 0 1 1 1 3 1 0 0 0 2 0 1 0 1 0 0 0 0 0 0 0 0 0 0 1 0 3 0 2 0 0 0 0 0 0 0 0 0 0 0 0 0 0 0 0 0 1 0 0 0 0 22 6 0 0 0 0 0 1 2 3 14 21 39 120 57 59 26 45 6 0 0 0 0 0 0 0 0 0 0 0 0 0 0 0 0 0 0 0 0 0 0 0 0 0 0 0 0 0 0 0 0 0 0 0 0 0
0 0 4 0 4 8 0 0 0 0 1 0 0 0 0 0 0 0 0 0 0 0 0 0 0 0 0 0 0 0 0 0 0 0 0 0 0 0 0 2 0 0 2 0 4 0 1 2 0 0 0 0 1 0 0 0 1 0 3 0 0 0 0 0 0 1 0 1 0 0 0 0 0 0 0 0 0 0 0 0 0 0 0 0 0 0 0 0 1 0 0 1 2 3 0 10 49 0 0 0 0 0 0 28 29 46 0 0 2 8 0 2 0 0 0 0 0 0 0 0 0 0 0 0 0 0 0 0 0 0 0 0 0 0 0 0 0 0 0 0 0 0 0 0 0 0 0 0 0 0
0 0 0 0 0 0 0 0 0 0 0 0 0 0 0 0 0 0 1 0 0 0 0 0 0 0 0 0 0 0 0 0 0 0 0 0 0 0 0 0 0 0 0 0 0 0 1 0 0 3 0 0 0 0 1 0 0 0 1 0 0 1 0 0 0 0 0 0 0 0 0 0 1 0 0 0 0 0 0 0 0 0 0 0 0 0 0 0 0 0 0 2 20 3 3 57 73 0 0 0 0 0 0 1 4 0 0 0 0 0 9 23 0 0 0 0 0 0 0 0 0 0 0 0 0 0 0 0 0 0 0 0 0 0 0 0 0 0 0 0 0 0 0 8 0 0 0 0 0 0
0 0 0 0 0 1 0 0 0 0 0 0 0 0 1 0 0 0 0 0 0 0 0 0 0 0 0 0 0 0 0 0 0 0 0 0 0 0 0 0 0 0 0 0 0 0 0 0 0 0 2 0 0 1 0 0 0 0 0 0 1 0 0 0 0 0 0 0 0 0 0 0 0 0 0 0 0 0 0 0 0 0 0 0 0 0 0 0 6 0 0 14 44 21 12 0 1 0 0 0 0 0 0 0 0 0 0 14 0 10 3 0 0 1 0 0 0 0 0 0 0 0 0 0 0 0 0 0 0 0 0 0 0 0 0 0 0 0 0 0 0 0 0 0 0 0 0 0 0 0
0 0 1 0 0 0 0 0 0 0 0 0 0 0 0 0 0 0 0 0 0 0 0 0 0 0 0 0 0 0 0 0 0 0 0 0 0 0 0 0 0 0 0 0 0 0 0 0 0 0 1 1 2 0 0 0 0 0 0 1 1 0 0 0 0 0 0 0 0 0 4 0 0 0 0 0 0 0 0 0 0 0 0 0 0 0 0 0 0 10 2 52 130 0 0 1 1 0 0 0 0 0 0 0 0 0 0 0 0 0 0 0 0 0 0 0 0 0 0 0 0 0 0 0 0 0 0 0 0 0 0 0 0 0 0 0 0 0 0 0 0 0 0 0 0 0 0 0 0 0
0 0 0 0 0 0 0 0 0 0 0 0 0 0 0 0 0 0 0 0 0 0 0 2 0 0 0 0 0 0 0 0 0 0 0 0 1 0 0 0 0 0 1 0 0 0 0 0 0 0 1 4 0 0 0 0 0 1 0 1 1 1 0 0 0 0 0 0 0 0 0 15 3 0 0 0 0 0 0 0 0 0 0 0 0 0 0 0 0 2 5 2 0 3 1 0 0 0 0 0 0 0 0 0 0 0 0 0 0 0 0 0 0 0 0 0 0 0 0 0 0 0 0 0 0 0 0 0 0 0 0 0 0 0 0 0 0 0 0 0 0 0 0 0 0 0 0 0 0 0
0 0 0 0 0 0 0 0 0 0 0 0 0 0 0 0 0 0 0 0 0 0 1 15 0 0 0 0 0 0 0 0 0 0 0 0 0 0 0 0 0 0 0 0 0 0 0 0 0 0 0 9 1 0 0 0 0 0 0 0 0 7 169 0 0 0 0 0 0 0 0 4 0 0 0 0 0 0 0 0 0 0 0 0 0 0 0 0 0 0 0 2 2 4 6 0 0 0 0 0 0 0 0 0 0 0 0 0 0 0 0 0 0 0 0 0 0 0 0 0 0 0 0 0 0 0 0 0 0 0 0 0 0 0 0 0 0 0 0 0 0 0 0 0 0 0 0 0 0 0
0 0 0 0 0 0 0 0 0 0 0 0 0 0 0 0 0 0 0 0 0 0 0 0 2 0 0 0 0 0 0 0 0 0 0 0 0 0 0 0 0 0 0 0 0 0 0 0 0 0 0 16 9 0 0 1 0 0 0 0 0 20 19 0 0 0 0 0 0 0 0 0 0 1 0 0 0 0 0 0 0 0 0 0 0 0 0 0 0 0 1 3 0 2 6 0 0 0 0 0 0 0 0 0 0 0 0 0 0 0 0 0 0 0 0 0 0 0 0 0 0 0 0 0 0 0 0 0 0 0 0 0 0 0 0 0 0 0 0 0 0 0 0 0 0 0 0 0 0 0
0 0 0 0 0 0 0 0 0 0 0 0 1 0 0 0 0 0 0 0 0 0 0 0 0 0 0 0 0 0 0 0 0 0 0 0 0 0 0 0 0 0 0 0 0 0 0 0 0 0 0 11 26 4 0 0 0 0 0 0 0 2 0 0 0 0 0 0 0 0 0 0 0 0 0 0 0 0 0 0 0 0 0 0 0 0 0 0 0 0 0 1 3 10 16 5 0 0 0 0 0 0 0 0 0 0 0 0 0 0 0 0 0 0 0 0 0 0 0 0 0 0 0 0 0 0 0 0 0 0 0 0 0 0 0 0 0 0 0 0 0 0 0 0 0 0 0 0 0 0
0 0 0 0 0 0 0 0 0 0 0 0 0 0 0 0 1 2 0 0 0 2 0 0 0 1 0 0 0 0 0 0 0 0 0 0 0 0 0 0 0 0 0 0 0 0 0 0 0 0 1 3 32 0 8 0 0 0 0 0 0 2 2 0 0 0 0 0 0 0 0 0 0 0 0 0 0 0 0 0 0 0 0 0 0 0 0 0 0 0 0 2 1 0 2 0 2 2 0 9 0 0 0 0 0 0 0 0 0 0 0 0 0 0 0 0 0 0 0 0 0 0 0 0 0 0 0 0 0 0 0 0 0 0 0 0 0 0 0 0 0 0 0 0 0 0 0 0 0 0
0 0 0 0 0 0 0 0 0 2 0 0 0 0 2 0 0 0 0 0 0 0 0 0 0 0 0 0 0 0 0 0 0 0 0 0 0 0 0 0 0 0 0 0 0 0 0 1 0 0 0 1 0 0 0 0 0 0 0 0 0 3 0 0 0 0 0 0 0 0 0 0 0 0 0 0 0 0 0 0 0 0 0 0 0 0 0 0 0 0 0 0 0 0 0 7 4 0 1 0 0 0 0 0 0 0 0 0 0 0 0 0 0 0 0 0 0 0 0 0 0 0 0 0 0 0 0 0 0 0 0 0 0 0 0 0 0 0 0 0 0 0 0 0 0 0 0 0 0 0
0 0 0 0 0 0 0 0 0 0 0 1 0 0 0 0 0 0 0 0 0 1 0 0 0 0 0 0 0 0 0 0 0 1 6 0 0 1 0 0 0 0 0 0 0 0 5 4 0 0 0 0 0 0 0 0 0 0 0 0 1 0 0 0 0 0 0 0 0 0 0 0 0 0 0 0 0 0 0 0 0 0 0 0 0 0 0 0 0 0 0 0 0 0 0 5 3 5 0 0 0 0 0 0 0 0 0 0 0 0 0 0 0 0 0 0 0 0 0 0 0 0 0 0 0 0 0 0 0 0 0 0 0 0 0 0 0 0 0 0 0 0 0 0 0 11 0 0 0 0
0 0 0 0 0 0 0 0 0 0 0 2 0 0 0 0 0 0 0 0 0 0 0 0 0 0 0 0 0 0 1 1 0 0 0 0 0 0 0 0 0 0 0 0 0 0 0 0 0 0 0 0 0 0 0 0 0 0 0 0 0 0 0 0 0 0 0 0 0 0 0 0 0 0 0 0 0 0 0 0 0 0 0 0 0 0 0 0 0 0 0 0 0 0 1 0 1 5 0 1 0 0 0 0 0 0 0 0 0 0 0 0 0 0 0 0 0 0 0 0 0 0 0 0 0 0 0 0 0 0 0 0 0 0 0 0 0 0 0 0 0 0 0 0 0 0 0 0 0 0
0 0 0 0 0 0 0 0 0 0 0 1 0 0 0 0 0 0 0 0 0 0 0 0 0 0 0 0 0 0 0 0 0 0 0 0 0 0 0 0 0 0 0 0 0 0 0 0 0 0 0 0 0 0 0 0 0 0 0 0 1 0 0 0 0 0 0 0 0 0 0 2 0 0 0 0 0 0 0 0 0 0 0 0 0 0 0 0 0 0 0 0 0 0 1 0 0 0 0 0 0 1 0 0 0 0 0 0 0 0 0 0 0 0 0 0 0 0 0 0 0 0 0 0 0 0 0 0 0 0 0 0 0 0 0 0 0 0 0 0 0 0 0 0 0 0 0 0 0 0
0 0 0 0 0 0 0 0 0 0 2 0 1 0 0 0 0 0 0 0 0 0 0 0 0 0 0 0 0 0 0 0 0 0 0 0 0 0 0 0 0 0 0 0 1 0 0 0 0 0 0 0 0 0 0 0 0 0 0 0 1 0 0 0 0 0 0 0 0 0 0 0 0 0 0 0 0 0 0 0 0 0 0 0 0 0 0 0 0 0 0 0 0 0 4 0 1 0 0 0 0 0 0 0 0 0 0 0 0 0 0 0 0 0 0 0 0 0 0 0 0 0 0 0 0 0 0 0 0 0 0 0 0 0 0 0 0 0 0 0 0 0 0 0 0 0 0 0 0 0
0 0 0 0 0 0 0 0 0 0 0 0 0 0 0 0 1 0 0 0 0 0 0 0 0 0 0 0 0 0 0 0 0 0 0 0 0 0 0 0 0 0 0 0 0 0 0 0 0 0 0 0 0 0 0 0 0 0 0 0 1 0 0 0 0 0 0 0 7 0 0 0 0 0 0 0 0 0 0 0 0 0 0 0 0 0 0 0 0 0 0 0 0 0 0 0 0 5 0 2 0 0 0 0 0 0 0 0 0 0 0 0 0 0 0 0 0 0 0 0 0 0 0 0 0 0 0 0 0 0 0 0 0 0 0 0 0 0 0 0 0 0 0 0 0 0 0 0 0 0
0 0 0 0 0 0 0 0 1 0 0 0 0 0 0 0 0 3 0 0 0 0 0 0 0 0 0 0 0 0 0 0 0 0 0 0 0 0 1 0 0 0 0 2 0 0 0 0 0 0 0 0 0 0 0 0 0 0 0 0 0 1 3 0 1 0 0 0 25 9 0 0 0 0 0 0 0 0 0 0 0 0 0 0 0 0 0 0 0 0 0 0 0 0 0 0 0 0 0 0 0 0 0 0 0 0 0 0 0 0 0 0 0 0 0 0 0 0 0 0 0 0 0 0 0 0 0 0 0 0 0 0 0 0 0 0 0 0 0 0 0 0 0 0 0 0 0 0 0 0
0 0 0 0 0 0 0 0 0 0 0 1 7 1 0 0 2 0 0 2 0 0 0 8 0 0 0 0 0 0 0 0 0 0 0 0 1 5 2 2 0 0 0 0 0 0 0 0 0 0 0 0 0 0 0 0 0 0 0 0 0 0 0 1 29 2 2 0 0 0 0 0 0 0 0 0 0 0 0 0 0 0 0 0 0 0 0 0 0 0 0 0 0 0 0 0 0 0 0 0 0 0 0 0 0 0 0 0 0 0 0 0 0 0 0 0 0 0 0 0 0 0 0 0 0 0 0 0 0 0 0 0 0 0 0 0 0 0 0 0 0 0 0 0 0 0 0 0 0 0
0 12 0 0 0 0 0 0 0 0 0 1 0 0 0 0 1 1 0 1 7 123 11 3 0 0 0 0 0 0 0 0 0 0 1 0 11 1 0 0 0 0 0 0 0 0 0 0 0 0 0 0 0 0 0 0 0 0 0 0 0 0 0 0 0 0 0 0 0 0 0 0 0 0 0 0 0 0 0 0 0 0 0 0 0 0 0 0 0 0 0 0 0 0 0 0 0 0 0 0 0 0 0 0 0 0 0 0 0 0 0 0 0 0 0 0 0 0 0 0 0 0 0 0 0 0 0 0 0 0 0 0 0 0 0 0 0 0 0 0 0 0 0 0 0 0 0 0 0 0
2 3 0 0 1 0 0 0 0 0 0 0 2 0 0 0 1 1 0 0 0 84 4 0 1 1 0 0 1 2 0 0 0 0 0 0 1 0 0 0 0 12 0 0 0 0 0 0 0 0 0 0 0 0 0 0 0 0 0 0 0 0 0 0 1 0 0 0 0 0 0 0 0 0 0 0 0 0 0 0 0 0 0 0 0 0 0 0 0 0 0 0 0 0 0 0 0 0 0 0 0 0 0 0 0 0 0 0 0 0 0 0 0 0 0 0 0 0 0 0 0 0 0 0 0 0 0 0 0 0 0 0 0 0 0 0 0 0 0 0 0 0 0 0 0 0 0 0 0 0
0 0 0 0 0 0 0 0 0 0 0 0 0 0 0 0 0 0 0 2 0 1 1 1 1 5 0 1 0 1 0 0 0 0 0 2 0 0 0 0 0 0 0 0 0 0 0 0 0 0 0 0 0 0 0 0 0 0 0 0 0 0 0 0 0 0 0 0 0 0 0 0 0 0 0 0 0 0 0 0 0 0 0 0 0 0 0 0 0 0 0 0 0 0 0 0 0 0 0 0 0 0 0 0 0 0 0 0 0 0 0 0 0 0 0 0 0 0 0 0 0 0 0 0 0 0 0 0 0 0 0 0 0 0 0 0 0 0 0 0 0 0 0 0 0 0 0 0 0 0
0 0 0 0 0 0 0 0 0 0 0 0 0 0 0 0 0 0 1 0 0 0 0 0 0 2 0 3 3 0 0 0 0 4 2 0 0 0 0 0 0 0 0 0 0 0 0 0 0 0 0 0 0 0 0 0 0 0 0 0 0 0 0 0 0 0 0 0 0 0 0 0 0 0 0 0 0 0 0 0 0 0 0 0 0 0 0 0 0 0 0 0 0 0 0 0 0 0 0 0 0 0 0 0 0 0 0 0 0 0 0 0 0 0 0 0 0 0 0 0 0 0 0 0 0 0 0 0 0 0 0 0 0 0 0 0 0 0 0 0 0 0 0 0 0 0 0 0 0 0
0 0 0 0 0 0 0 0 0 0 0 0 0 0 0 0 0 0 0 0 0 0 0 0 0 0 0 1 324 6 2 1 1 4 0 1 1 0 0 0 0 0 0 0 0 0 0 0 0 0 0 0 0 0 0 0 0 0 0 0 0 0 0 0 0 0 0 0 0 0 0 0 0 0 0 0 0 0 0 0 0 0 0 0 0 0 0 0 0 0 0 0 0 0 0 0 0 0 0 0 0 0 0 0 0 0 0 0 0 0 0 0 0 0 0 0 0 0 0 0 0 0 0 0 0 0 0 0 0 0 0 0 0 0 0 0 0 0 0 0 0 0 0 0 0 0 0 0 0 0
0 0 0 0 0 0 0 0 0 0 0 0 0 0 0 0 0 0 0 0 1 0 0 0 0 1 2 2 0 0 3 0 0 0 0 0 1 0 0 0 0 0 0 0 0 0 0 0 0 0 0 0 0 0 0 0 0 0 0 0 0 0 0 0 0 0 0 0 0 0 0 0 0 0 0 0 0 0 0 0 0 0 0 0 0 0 0 0 0 0 0 0 0 0 0 0 0 0 0 0 0 0 0 0 0 0 0 0 0 0 0 0 0 0 0 0 0 0 0 0 0 0 0 0 0 0 0 0 0 0 0 0 0 0 0 0 0 0 0 0 0 0 0 0 0 0 0 0 0 0
0 0 0 0 0 0 0 0 0 0 0 0 1 0 0 0 0 0 0 0 0 0 0 0 2 0 4 0 0 0 1 0 0 0 0 0 0 0 0 0 0 0 0 0 0 0 0 0 0 0 0 0 0 0 0 0 0 0 0 0 0 0 0 0 0 0 0 0 0 0 0 0 0 0 0 0 0 0 0 0 0 0 0 0 0 0 0 0 0 0 0 0 0 0 0 0 0 0 0 0 0 0 0 0 0 0 0 0 0 0 0 0 0 0 0 0 0 0 0 0 0 0 0 0 0 0 0 0 0 0 0 0 0 0 0 0 0 0 0 0 0 0 0 0 0 0 0 0 0 0
0 0 0 0 0 0 0 0 0 0 0 0 0 1 0 0 0 0 0 0 0 0 0 0 0 0 0 0 0 0 0 0 2 0 0 0 0 1 0 0 0 0 0 0 0 0 0 0 0 0 0 0 0 0 0 0 0 0 0 0 0 0 0 0 0 0 0 0 0 0 0 0 0 0 0 0 0 0 0 0 0 0 0 0 0 0 0 0 0 0 0 0 0 0 0 0 0 0 0 0 0 0 0 0 0 0 0 0 0 0 0 0 0 0 0 0 0 0 0 0 0 0 0 0 0 0 0 0 0 0 0 0 0 0 0 0 0 0 0 0 0 0 0 0 0 0 0 0 0 0
0 0 0 0 0 0 0 0 0 0 0 3 0 0 0 0 0 0 0 0 0 0 0 0 0 0 0 4 0 3 2 0 0 0 0 0 0 0 0 0 0 0 0 0 0 0 0 0 0 0 0 0 0 0 0 0 0 0 0 0 0 0 0 0 0 0 0 0 0 0 0 0 0 0 0 0 0 0 0 0 0 0 0 0 0 0 0 0 0 0 0 0 0 0 0 0 0 0 0 0 0 0 0 0 0 0 0 0 0 0 0 0 0 0 0 0 0 0 0 0 0 0 0 0 0 0 0 0 0 0 0 0 0 0 0 0 0 0 0 0 0 0 0 0 0 0 0 0 0 0
0 0 0 0 0 0 0 0 0 0 1 0 0 0 0 0 0 0 0 0 0 0 0 0 0 0 0 1 7 0 0 0 0 1 0 0 0 0 0 0 0 0 0 0 0 0 0 0 0 0 0 0 0 0 0 0 0 0 0 0 0 0 0 0 0 0 0 0 0 0 0 0 0 0 0 0 0 0 0 0 0 0 0 0 0 0 0 0 0 0 0 0 0 0 0 0 0 0 0 0 0 0 0 0 0 0 0 0 0 0 0 0 0 0 0 0 0 0 0 0 0 0 0 0 0 0 0 0 0 0 0 0 0 0 0 0 0 0 0 0 0 0 0 0 0 0 0 0 0 0
0 0 0 0 0 0 0 0 0 0 2 1 0 0 0 0 0 0 0 0 0 0 0 0 0 0 1 0 0 0 0 0 0 0 0 0 0 0 0 0 0 0 0 0 0 0 0 0 0 0 0 0 0 0 0 0 0 0 0 0 0 0 0 0 0 0 0 0 0 0 0 0 0 0 0 0 0 0 0 0 0 0 0 0 0 0 0 0 0 0 0 0 0 0 0 0 0 0 0 0 0 0 0 0 0 0 0 0 0 0 0 0 0 0 0 0 0 0 0 0 0 0 0 0 0 0 0 0 0 0 0 0 0 0 0 0 0 0 0 0 0 0 0 0 0 0 0 0 0 0
0 0 0 0 0 0 0 0 0 1 0 0 0 0 0 0 0 0 0 0 0 0 0 0 0 0 0 0 0 0 0 0 0 0 0 0 0 0 0 0 0 0 0 0 0 0 0 0 0 0 0 0 0 0 0 0 0 0 0 0 0 0 0 0 0 0 0 0 0 0 0 0 0 0 0 0 0 0 0 0 0 0 0 0 0 0 0 0 0 0 0 0 0 0 0 0 0 0 0 0 0 0 0 0 0 0 0 0 0 0 0 0 0 0 0 0 0 0 0 0 0 0 0 0 0 0 0 0 0 0 0 0 0 0 0 0 0 0 0 0 0 0 0 0 0 0 0 0 0 0
0 0 0 0 0 0 0 0 0 1 1 0 0 0 0 0 0 0 0 0 0 0 0 0 0 0 0 0 0 0 0 0 0 0 0 0 0 0 0 0 0 0 0 0 0 0 0 0 0 0 0 1 0 0 0 1 0 0 0 0 0 0 0 0 0 0 0 0 0 0 0 0 0 0 0 0 0 0 0 0 0 0 0 0 0 0 0 0 0 0 0 0 0 0 0 0 0 0 0 0 0 0 0 0 0 0 0 0 0 0 0 0 0 0 0 0 0 0 0 0 0 0 0 0 0 0 0 0 0 0 0 0 0 0 0 0 0 0 0 0 0 0 0 0 0 0 0 0 0 0
0 0 0 0 0 0 0 0 2 10 0 0 0 0 0 0 0 0 0 0 0 0 0 0 0 0 0 0 0 0 0 0 0 0 0 0 0 0 0 0 0 0 0 0 0 0 0 0 0 0 1 1 0 0 0 0 0 0 0 0 0 0 0 0 0 0 0 0 0 0 0 0 0 0 0 0 0 0 0 0 0 0 0 0 0 0 0 0 0 0 0 0 0 0 0 0 0 0 0 0 0 0 0 0 0 0 0 0 0 0 0 0 0 0 0 0 0 0 0 0 0 0 0 0 0 0 0 0 0 0 0 0 0 0 0 0 0 0 0 0 0 0 0 0 0 0 0 0 0 0
0 0 0 0 0 0 7 4 3 0 0 0 0 0 0 0 0 0 0 0 0 0 0 0 0 0 0 0 0 0 0 0 0 0 0 0 0 0 0 0 0 0 0 0 0 0 0 0 0 5 15 0 0 0 0 0 0 0 0 0 0 0 0 0 0 0 0 0 0 0 0 0 0 0 0 0 0 0 0 0 0 0 0 0 0 0 0 0 0 0 0 0 0 0 0 0 0 0 0 0 0 0 0 0 0 0 0 0 0 0 0 0 0 0 0 0 0 0 0 0 0 0 0 0 0 0 0 0 0 0 0 0 0 0 0 0 0 0 0 0 0 0 0 0 0 0 0 0 0 0
0 0 0 0 0 0 5 3 0 0 0 0 0 0 0 0 0 0 0 0 0 0 0 0 0 0 0 0 0 0 0 0 0 0 0 0 0 0 0 0 0 0 0 0 0 0 0 0 0 0 0 0 0 0 0 0 0 0 0 0 0 0 0 0 0 0 0 0 0 0 0 0 0 0 0 0 0 0 0 0 0 0 0 0 0 0 0 0 0 0 0 0 0 0 0 0 0 0 0 0 0 0 0 0 0 0 0 0 0 0 0 0 0 0 0 0 0 0 0 0 0 0 0 0 0 0 0 0 0 0 0 0 0 0 0 0 0 0 0 0 0 0 0 0 0 0 0 0 0 0
0 0 0 0 0 0 0 0 0 0 0 0 0 0 0 0 0 0 0 0 0 0 0 0 0 0 0 0 0 0 0 0 0 0 0 0 0 0 0 0 0 0 0 0 0 0 0 0 0 0 0 0 2 13 0 0 0 0 0 0 0 0 0 0 0 0 0 0 0 0 0 0 0 0 0 0 0 0 0 0 0 0 0 0 0 0 0 0 0 0 0 0 0 0 0 0 0 0 0 0 0 0 0 0 0 0 0 0 0 0 0 0 0 0 0 0 0 0 0 0 0 0 0 0 0 0 0 0 0 0 0 0 0 0 0 0 0 0 0 0 0 0 0 0 0 0 0 0 0 0
0 0 0 0 0 0 0 0 0 0 0 0 0 0 0 0 0 0 0 0 0 0 0 0 0 0 0 0 0 0 0 0 0 0 0 0 0 0 0 0 0 0 0 0 0 0 0 0 0 0 0 0 0 0 0 0 0 0 0 0 0 0 0 0 0 0 0 0 0 0 0 0 0 0 0 0 0 0 0 0 0 0 0 0 0 0 0 0 0 0 0 0 0 0 0 0 0 0 0 0 0 0 0 0 0 0 0 0 0 0 0 0 0 0 0 0 0 0 0 0 0 0 0 0 0 0 0 0 0 0 0 0 0 0 0 0 0 0 0 0 0 0 0 0 0 0 0 0 0 0
0 0 0 0 0 0 0 0 0 0 0 0 0 0 0 0 0 0 0 0 0 0 0 0 0 0 0 0 0 0 0 0 0 0 0 0 0 0 0 0 0 0 0 0 0 0 0 0 0 0 0 0 0 0 0 0 0 0 0 0 0 0 0 0 0 0 0 0 0 0 0 0 0 0 0 0 0 0 0 0 0 0 0 0 0 0 0 0 0 0 0 0 0 0 0 0 0 0 0 0 0 0 0 0 0 0 0 0 0 0 0 0 0 0 0 0 0 0 0 0 0 0 0 0 0 0 0 0 0 0 0 0 0 0 0 0 0 0 0 0 0 0 0 0 0 0 0 0 0 0
0 0 0 0 0 0 0 0 0 0 0 0 0 0 0 0 0 0 0 0 0 0 0 0 0 0 0 0 0 0 0 0 0 0 0 0 0 0 0 0 0 0 0 0 0 0 0 0 0 0 0 0 0 0 0 0 0 0 0 0 0 0 0 0 0 0 0 0 0 0 0 0 0 0 0 0 0 0 0 0 0 0 0 0 0 0 0 0 0 0 0 0 0 0 0 0 0 0 0 0 0 0 0 0 0 0 0 0 0 0 0 0 0 0 0 0 0 0 0 0 0 0 0 0 0 0 0 0 0 0 0 0 0 0 0 0 0 0 0 0 0 0 0 0 0 0 0 0 0 0
0 0 0 0 0 0 0 0 0 0 0 0 0 0 0 0 0 0 0 0 0 0 0 0 0 0 0 0 0 0 0 0 0 0 0 0 0 0 0 0 0 0 0 0 0 0 0 0 0 0 0 0 0 0 0 0 0 0 0 0 0 0 0 0 0 0 0 0 0 0 0 0 0 0 0 0 0 0 0 0 0 0 0 0 0 0 0 0 0 0 0 0 0 0 0 0 0 0 0 0 0 0 0 0 0 0 0 0 0 0 0 0 0 0 0 0 0 0 0 0 0 0 0 0 0 0 0 0 0 0 0 0 0 0 0 0 0 0 0 0 0 0 0 0 0 0 0 0 0 0
0 0 0 0 0 0 0 0 0 0 0 0 0 0 0 0 0 0 0 0 0 0 0 0 0 0 0 0 0 1 1 6 0 0 0 0 0 0 0 0 0 0 0 0 0 0 0 0 0 0 0 0 0 0 0 0 0 0 0 0 0 0 0 0 0 0 0 0 0 0 0 0 0 0 0 0 0 0 0 0 0 0 0 0 0 0 0 0 0 0 0 0 0 0 0 0 0 0 0 0 0 0 0 0 0 0 0 0 0 0 0 0 0 0 0 0 0 0 0 0 0 0 0 0 0 0 0 0 0 0 0 0 0 0 0 0 0 0 0 0 0 0 0 0 0 0 0 0 0 0
0 0 0 0 0 0 0 0 0 0 0 0 0 0 0 0 0 0 0 0 0 0 0 0 0 0 0 0 0 0 0 2 0 0 0 0 0 0 0 0 0 0 0 0 0 0 0 0 0 0 0 0 0 0 0 0 0 0 0 0 0 0 0 0 0 0 0 0 0 0 0 0 0 0 0 0 0 0 0 0 0 0 0 0 0 0 0 0 0 0 0 0 0 0 0 0 0 0 0 0 0 0 0 0 0 0 0 0 0 0 0 0 0 0 0 0 0 0 0 0 0 0 0 0 0 0 0 0 0 0 0 0 0 0 0 0 0 0 0 0 0 0 0 0 0 0 0 0 0 0
0 0 0 0 0 0 0 0 0 0 0 0 0 0 0 0 0 0 0 0 0 0 0 0 0 0 0 0 0 3 0 0 0 0 0 0 0 0 0 0 0 0 0 0 0 0 0 0 0 0 0 0 0 0 0 0 0 0 0 0 0 0 0 0 0 0 0 0 0 0 0 0 0 0 0 0 0 0 0 0 0 0 0 0 0 0 0 0 0 0 0 0 0 0 0 0 0 0 0 0 0 0 0 0 0 0 0 0 0 0 0 0 0 0 0 0 0 0 0 0 0 0 0 0 0 0 0 0 0 0 0 0 0 0 0 0 0 0 0 0 0 0 0 0 0 0 0 0 0 0
0 0 0 0 0 0 0 0 0 0 0 0 0 0 0 0 0 0 0 0 0 0 0 0 0 0 0 0 0 143 13 0 0 0 0 0 0 0 0 0 0 0 0 0 0 0 0 0 0 0 0 0 0 0 0 0 0 0 0 0 0 0 0 0 0 0 0 0 0 0 0 0 0 0 0 0 0 0 0 0 0 0 0 0 0 0 0 0 0 0 0 0 0 0 0 0 0 0 0 0 0 0 0 0 0 0 0 0 0 0 0 0 0 0 0 0 0 0 0 0 0 0 0 0 0 0 0 0 0 0 0 0 0 0 0 0 0 0 0 0 0 0 0 0 0 0 0 0 0 0
0 0 0 0 0 0 0 0 0 0 0 0 0 0 0 0 0 0 0 0 0 0 0 0 0 0 1 0 0 0 0 0 0 0 0 0 0 0 0 0 0 0 0 0 0 0 0 0 0 7 0 0 0 0 0 0 0 0 0 0 0 0 0 0 0 0 0 0 0 0 0 0 0 0 0 0 0 0 0 0 0 0 0 0 0 0 0 0 0 0 0 0 0 0 0 0 0 0 0 0 0 0 0 0 0 0 0 0 0 0 0 0 0 0 0 0 0 0 0 0 0 0 0 0 0 0 0 0 0 0 0 0 0 0 0 0 0 0 0 0 0 0 0 0 0 0 0 0 0 0
0 0 0 0 0 0 0 0 0 0 0 0 0 0 0 0 0 0 0 0 0 0 0 0 0 0 5 0 0 0 0 0 0 0 0 0 0 0 0 0 0 0 0 0 0 0 0 0 0 0 0 0 0 0 0 0 0 0 0 0 0 0 0 0 0 0 0 0 0 0 0 0 0 0 0 0 0 0 0 0 0 0 0 0 0 0 0 0 0 0 0 0 0 0 0 0 0 0 0 0 0 0 0 0 0 0 0 0 0 0 0 0 0 0 0 0 0 0 0 0 0 0 0 0 0 0 0 0 0 0 0 0 0 0 0 0 0 0 0 0 0 0 0 0 0 0 0 0 0 0
0 0 0 0 0 0 0 0 0 0 0 0 0 0 0 0 0 0 0 0 0 0 0 0 0 0 0 1 1 0 0 0 0 0 0 0 0 0 0 0 0 0 0 0 0 0 0 0 0 0 0 0 0 0 0 0 0 0 0 0 0 0 0 0 0 0 0 0 0 0 0 0 0 0 0 0 0 0 0 0 0 0 0 0 0 0 0 0 0 0 0 0 0 0 0 0 0 0 0 0 0 0 0 0 0 0 0 0 0 0 0 0 0 0 0 0 0 0 0 0 0 0 0 0 0 0 0 0 0 0 0 0 0 0 0 0 0 0 0 0 0 0 0 0 0 0 0 0 0 0
0 0 0 0 0 0 0 0 0 0 0 0 0 0 0 0 0 0 0 0 0 0 0 0 0 0 0 0 0 0 0 0 0 0 0 0 0 0 0 0 0 0 0 0 0 0 0 0 0 0 0 0 0 0 0 0 0 0 0 0 0 0 0 0 0 0 0 0 0 0 0 0 0 0 0 0 0 0 0 0 0 0 0 0 0 0 0 0 0 0 0 0 0 0 0 0 0 0 0 0 0 0 0 0 0 0 0 0 0 0 0 0 0 0 0 0 0 0 0 0 0 0 0 0 0 0 0 0 0 0 0 0 0 0 0 0 0 0 0 0 0 0 0 0 0 0 0 0 0 0
0 0 0 0 0 0 0 0 0 0 0 0 0 0 0 0 0 0 0 0 0 0 0 0 0 0 0 0 0 0 0 0 0 0 0 0 0 0 0 0 0 0 0 0 0 0 0 0 0 0 0 0 0 0 0 0 0 0 0 0 0 0 0 0 0 0 0 0 0 0 0 0 0 0 0 0 0 0 0 0 0 0 0 0 0 0 0 0 0 0 0 0 0 0 0 0 0 0 0 0 0 0 0 0 0 0 0 0 0 0 0 0 0 0 0 0 0 0 0 0 0 0 0 0 0 0 0 0 1 0 0 0 0 0 1 0 0 0 0 0 0 1 0 0 0 0 0 0 1 0
0 0 0 0 0 0 0 0 0 0 0 0 0 0 0 0 0 0 0 0 0 0 0 0 0 0 0 0 0 0 0 0 0 0 0 0 0 0 0 0 0 0 0 0 0 0 0 0 0 0 0 0 0 0 0 0 0 0 0 0 0 0 0 0 0 0 0 0 0 0 0 0 0 0 0 0 0 0 0 0 0 0 0 0 0 0 0 0 0 0 0 0 0 0 0 0 0 0 0 0 0 0 0 0 0 0 0 0 0 0 0 0 0 0 0 0 0 0 0 0 0 0 0 0 0 0 0 0 0 0 0 0 0 0 0 0 0 0 0 0 0 0 0 0 0 0 0 0 0 0
0 0 0 0 0 0 0 0 0 0 0 0 0 0 0 0 0 0 0 0 0 0 0 0 0 0 0 0 0 0 0 0 0 0 0 0 0 0 0 0 0 0 0 0 0 0 0 0 0 0 0 0 0 0 0 0 0 0 0 0 0 0 0 0 0 0 0 0 0 0 0 0 0 0 0 0 0 0 0 0 0 0 0 0 0 0 0 0 0 0 0 0 0 0 0 0 0 0 0 0 0 0 0 0 0 0 0 0 0 0 0 0 0 0 0 0 0 0 0 0 0 0 0 0 0 0 0 0 0 0 0 0 0 0 0 0 0 0 0 0 0 0 0 0 0 0 0 0 0 0
0 0 0 0 0 0 0 0 0 0 0 0 0 0 0 0 0 0 0 0 0 0 0 0 0 0 0 0 0 0 0 0 0 0 0 0 0 0 0 0 0 0 0 0 0 0 0 0 0 0 0 0 0 0 0 0 0 0 0 0 0 0 0 0 0 0 0 0 0 0 0 0 0 0 0 0 0 0 0 0 0 0 0 0 0 0 0 0 0 0 0 0 0 0 0 0 0 0 0 0 0 0 0 0 0 0 0 0 0 0 0 0 0 0 0 0 0 0 0 0 0 0 0 0 0 0 0 0 0 0 0 0 0 0 0 0 0 0 0 0 0 0 0 0 0 0 0 0 0 0
