0 0 35 6 2 0 3 1 21 130 11 8 0 5 0 0 0 3 10 0 8 1 0 0 0 29 0 0 0 0 0 0 1 1 16 9 0 0 4 9 0 0 0 2 3 0 0 0 0 0 0 0 0 3 5 6 0 0 0 6 68 20 11 4 3 1 4 0 0 0 0 7 28 219 210 301 129 38 57 12 20 264 58 58 88 200 222 207 40 258 987 666 91 769 541 708 960 689 941 149 239 134 36 60 51 60 74 578 299 28 29 2 27 100 54 46 35 25 7 8 6 38 30 56 5 14 0 6 52 26 2 27 2 13 5 0 0 13 0 1 6 0 0 1 0 0 0 0 0 26
2 15 6 6 2 0 0 0 0 58 16 18 6 1 0 0 0 7 19 0 0 1 21 0 15 34 0 5 0 0 0 0 0 0 0 4 0 0 7 3 0 0 0 1 0 0 0 0 0 0 0 0 0 7 8 0 0 0 0 40 109 40 4 19 9 2 1 3 2 1 0 5 61 71 33 10 44 123 27 79 95 43 16 11 88 248 374 150 265 476 127 56 436 388 289 383 791 538 885 801 288 72 41 52 12 4 8 28 74 76 7 18 9 24 62 32 10 49 1 22 9 4 21 7 6 3 3 11 19 47 36 16 86 71 1 0 0 1 1 89 5 0 0 0 0 0 0 0 0 0
0 0 0 4 12 0 0 0 1 7 4 4 15 18 0 0 0 0 17 0 0 34 102 25 10 0 3 18 0 0 0 0 0 7 0 3 1 1 0 13 15 1 0 7 0 0 0 0 0 0 0 0 0 1 15 2 1 1 2 11 22 40 7 11 0 0 0 0 0 0 0 4 2 0 3 1 32 91 174 257 106 56 22 27 57 206 521 197 12 8 105 39 124 444 782 701 338 450 334 481 751 392 32 71 31 29 16 30 315 184 58 7 3 12 20 6 14 84 21 10 87 47 13 16 5 19 5 9 1 34 16 10 78 212 0 0 8 0 7 46 9 3 0 0 0 0 0 0 0 0
52 5 0 0 0 0 0 0 0 3 6 1 0 0 2 7 0 0 8 3 0 1 6 15 16 0 4 25 18 0 0 0 0 1 0 0 0 3 0 6 1 0 1 1 0 0 0 0 0 0 7 0 0 0 214 46 3 40 50 5 3 1 12 13 0 0 0 0 0 2 10 112 14 4 1 13 29 180 367 438 158 123 183 283 363 31 88 245 7 240 1095 989 1222 872 960 514 156 193 575 530 730 563 152 40 45 105 48 45 357 57 20 31 39 21 0 6 42 143 89 52 28 86 22 14 2 7 3 2 16 9 11 19 26 0 43 5 13 2 0 18 67 2 0 0 0 0 0 0 0 0
6 42 0 0 0 0 0 0 4 2 0 1 0 0 0 19 13 7 0 2 3 0 2 0 9 0 0 0 0 3 10 0 0 0 3 28 3 0 2 0 3 1 0 0 0 0 0 0 1 10 3 0 0 14 57 231 53 49 6 0 67 2 0 14 0 0 0 0 0 11 158 70 106 153 24 60 102 156 379 346 368 429 318 391 380 109 52 70 37 348 1246 1502 470 989 441 335 132 584 385 832 719 1014 1036 638 386 172 69 30 7 16 19 28 22 72 14 1 8 32 89 92 351 1117 353 38 6 8 8 1 12 13 1 3 0 0 2 0 0 0 0 1 76 8 0 0 0 0 0 0 0 0
26 5 0 1 1 0 0 0 7 2 0 0 0 0 0 4 0 1 14 85 4 5 0 0 0 0 0 1 0 6 1 6 0 0 8 160 57 37 0 3 0 0 0 0 0 0 0 0 0 11 54 11 4 8 11 54 45 10 18 5 1 0 9 7 0 0 0 0 7 43 117 158 205 118 185 76 32 56 112 377 1075 966 390 56 5 202 74 23 7 252 1435 1126 161 551 846 492 206 1263 576 550 465 616 1408 503 57 167 42 70 5 6 1 11 22 44 6 18 22 12 0 17 183 180 11 7 31 16 3 1 5 5 5 1 0 0 0 3 16 1 0 0 12 3 0 0 0 0 0 0 0 0
4 0 0 3 1 0 0 0 0 4 12 0 0 0 1 0 0 1 0 0 0 1 1 0 0 0 0 0 0 3 4 2 0 0 0 19 3 2 1 0 0 0 0 0 0 0 0 0 0 11 2 14 4 9 1 30 15 6 55 44 6 7 3 0 8 1 0 0 11 84 34 75 295 472 313 151 452 196 512 648 1211 1436 1333 857 231 21 11 229 70 107 1381 1359 203 521 763 379 328 493 538 77 48 361 157 195 48 78 95 18 27 31 96 209 196 44 37 59 6 2 25 66 103 135 7 4 12 8 12 4 1 1 2 0 0 0 0 0 0 28 0 3 0 0 2 4 0 0 0 0 0 0
2 0 0 2 0 0 0 0 4 0 1 0 0 0 0 0 0 0 0 0 0 0 0 0 0 0 0 0 0 1 23 0 0 0 7 6 1 0 11 3 0 0 0 0 0 0 0 0 0 0 0 0 10 19 2 11 1 39 80 72 77 45 76 6 29 49 0 0 11 98 13 8 48 63 92 47 105 182 757 1070 1297 820 1177 237 276 211 232 892 311 79 630 104 94 493 457 381 351 830 724 278 167 362 454 638 255 198 28 62 108 15 332 429 79 69 27 66 3 5 8 27 50 19 16 6 11 8 18 3 8 4 0 0 0 0 0 0 0 0 0 0 0 0 2 0 0 0 0 0 0 0
9 0 0 0 0 0 1 0 8 11 0 4 0 8 10 0 0 0 0 0 0 0 0 0 0 0 0 0 0 1 6 0 0 0 3 1 0 6 0 0 0 0 0 0 0 0 0 0 0 0 0 0 2 12 1 0 4 13 27 51 458 326 26 4 10 30 11 8 6 25 8 4 0 28 1 33 20 69 140 540 1013 1521 915 51 25 20 606 305 316 52 18 25 364 844 1068 1154 143 458 395 255 264 154 137 386 859 129 224 257 56 52 753 304 283 38 74 20 1 2 11 8 13 1 9 26 25 1 5 6 1 0 4 1 1 0 0 0 0 0 0 0 0 0 0 0 0 0 0 0 0 0
0 0 0 0 0 0 1 3 23 13 0 0 0 0 0 0 0 0 0 0 0 0 0 0 0 0 0 0 0 0 2 2 0 0 0 0 0 0 3 2 2 1 0 0 0 0 4 0 10 2 2 0 35 18 0 0 0 1 6 31 87 166 32 4 9 5 2 1 3 17 0 0 0 7 7 42 59 86 543 933 1064 941 785 477 907 813 309 125 251 183 124 4 22 549 948 1065 598 159 107 21 47 174 22 5 136 549 374 280 112 29 621 672 362 75 27 324 400 757 261 86 58 29 26 58 87 9 17 3 11 52 62 12 0 0 2 0 0 0 0 0 0 0 0 0 0 0 0 0 1 1
0 2 8 0 0 0 2 0 10 10 3 3 0 0 0 7 1 3 5 0 0 0 0 0 0 0 0 0 0 0 0 2 0 3 0 4 0 1 7 0 1 10 4 2 0 0 6 30 33 20 7 1 11 4 0 0 0 12 15 32 2 153 10 18 0 0 0 0 3 7 0 0 0 0 8 5 54 39 283 462 611 254 717 344 302 416 253 360 670 373 24 1 12 189 487 795 746 57 24 143 40 19 12 26 132 378 901 406 235 192 626 258 196 65 4 223 370 930 566 320 480 284 324 174 150 517 150 103 68 32 8 126 10 31 37 0 0 0 0 0 0 0 0 0 0 0 0 0 0 1
1 0 6 0 0 0 0 0 13 4 0 0 0 0 0 0 25 14 3 0 0 0 0 0 0 0 0 0 0 0 0 1 0 1 25 1 0 3 1 0 0 13 14 11 5 3 3 0 0 1 0 1 3 3 7 1 2 3 6 13 4 2 0 3 3 6 2 0 2 0 2 0 0 0 0 3 113 35 152 584 829 180 46 61 188 140 75 46 169 644 53 0 3 1 14 123 958 402 302 22 1 5 13 53 54 72 531 331 72 136 480 355 98 190 32 280 630 257 817 971 572 562 154 99 151 220 0 1 0 33 7 0 99 24 33 3 0 0 0 0 0 0 0 0 0 0 0 0 0 0
2 0 0 0 0 1 0 0 9 6 0 0 0 0 0 0 0 29 6 11 6 3 0 5 0 0 0 0 0 0 1 1 0 0 0 3 3 1 0 0 0 7 101 5 26 0 2 25 0 0 0 0 11 0 2 0 0 0 5 10 1 7 0 0 0 0 2 1 1 6 24 4 0 1 3 52 198 75 263 113 160 337 34 0 30 35 9 0 12 12 0 0 1 50 92 18 779 486 622 438 24 16 76 41 43 36 53 429 804 374 970 913 145 814 438 83 28 81 1384 1351 242 287 162 3 73 200 3 1 40 15 0 0 24 12 5 2 1 0 0 0 0 0 0 0 0 0 0 0 0 0
0 0 1 1 0 0 4 11 0 3 2 0 0 0 0 0 0 0 99 21 35 5 1 4 0 0 0 0 0 1 12 1 0 0 0 0 3 0 0 0 0 0 2 74 52 0 0 0 11 2 4 32 1 0 0 0 0 0 6 0 10 12 3 5 1 0 39 45 41 22 59 4 3 8 1 478 823 606 427 38 68 433 109 8 36 178 7 4 4 42 13 3 1 65 10 44 122 546 207 321 0 32 344 141 428 87 192 616 297 849 1378 1848 960 381 236 441 303 409 1332 521 248 110 1 0 1 34 26 0 10 7 0 0 1 7 1 0 0 0 0 0 0 0 0 0 0 0 0 0 0 0
0 0 0 0 0 0 3 5 13 6 0 0 0 0 0 0 0 0 1 5 5 0 2 0 0 1 0 0 0 2 0 0 1 1 1 0 0 0 0 0 0 0 0 9 29 0 1 0 0 17 21 59 16 0 1 0 7 3 15 38 98 20 8 16 16 22 202 130 227 231 58 7 4 6 72 1007 1797 1454 550 85 1 394 74 5 17 95 46 29 0 40 9 14 3 0 0 5 57 354 210 301 24 83 477 618 1558 1198 1948 1290 1108 1077 1146 830 830 760 543 546 167 127 94 117 179 151 57 32 0 33 58 5 24 29 2 0 0 0 1 0 0 0 0 0 0 0 0 0 0 0 0 0 0 0
0 0 0 0 0 0 0 50 21 4 35 0 0 0 0 0 11 0 1 5 0 14 89 4 2 0 0 0 1 10 0 0 0 0 0 0 0 0 0 0 0 1 0 0 2 38 0 0 0 35 69 114 3 0 0 23 49 138 10 124 35 21 9 62 43 55 144 63 78 119 206 84 148 238 668 1099 1762 1038 241 31 4 2 0 0 0 1 30 56 27 51 4 17 2 0 4 22 31 17 34 16 18 1 1133 681 753 596 1339 641 866 1123 1289 1040 1147 419 462 369 85 242 187 158 60 8 184 392 61 125 16 6 12 5 1 0 0 0 17 2 0 0 0 0 0 0 0 0 0 0 0 0 0 0
0 0 0 0 0 0 1 6 7 0 0 0 2 0 2 1 11 9 2 5 9 0 31 71 23 10 4 0 0 0 2 0 0 0 0 0 0 0 0 0 2 0 0 1 2 26 14 3 0 23 23 7 9 29 15 65 87 116 94 43 5 2 0 0 2 2 2 0 0 0 1 4 58 104 299 464 539 485 203 7 0 0 0 0 0 0 0 53 92 19 3 1 9 0 1 15 30 0 12 110 16 204 924 852 418 291 438 286 482 785 913 566 933 450 498 184 44 109 234 8 0 7 50 48 56 592 7 15 3 0 1 0 0 0 0 0 0 0 0 0 0 0 0 0 0 0 0 0 0 0
0 1 0 9 1 6 0 0 0 0 0 1 3 0 0 1 1 13 5 3 0 1 0 1 27 4 6 20 3 1 0 0 1 0 0 0 1 0 2 3 0 0 10 5 1 20 38 9 4 51 56 48 11 86 32 28 81 95 490 18 6 6 1 0 2 8 21 67 6 29 61 8 121 22 91 175 59 152 41 17 1 0 13 3 0 0 0 12 91 2 0 33 94 56 13 3 11 0 89 486 173 215 158 97 147 497 210 205 701 679 130 627 102 184 193 61 95 169 24 11 0 10 9 17 139 987 317 18 28 4 0 0 0 0 0 0 0 0 0 0 0 0 0 0 0 0 0 0 0 0
0 0 0 1 5 6 0 0 0 0 0 0 3 1 0 0 27 1 1 4 3 5 7 3 2 1 49 54 29 0 0 0 0 0 2 16 3 0 0 0 0 0 0 14 58 32 58 6 28 324 120 34 46 42 8 41 185 104 55 26 59 31 3 0 0 0 11 8 2 12 29 11 33 30 2 87 123 49 5 52 18 0 9 48 0 21 37 16 10 2 5 68 107 306 54 2 0 33 211 102 132 307 98 42 112 152 223 501 475 2 5 108 16 603 69 0 11 7 0 0 0 0 1 14 57 249 239 288 33 2 0 0 0 0 0 0 0 0 0 0 0 0 0 0 0 0 0 0 0 0
0 0 0 3 0 0 0 0 0 0 0 0 3 0 0 0 1 0 0 5 4 13 117 4 1 4 10 37 195 8 0 5 3 1 1 0 0 0 0 0 0 6 5 73 13 148 233 19 2 168 55 3 14 13 69 18 28 143 7 0 0 1 0 0 0 15 0 4 22 15 74 83 9 0 1 53 12 0 8 5 2 0 1 2 4 42 19 0 17 11 2 11 9 7 1 23 1 19 25 0 645 895 829 177 74 177 185 351 239 8 1 8 5 246 50 0 0 0 0 0 1 0 0 3 18 13 24 168 13 0 0 0 2 0 0 0 0 0 0 0 0 0 0 0 0 0 0 0 0 0
0 0 0 0 0 0 0 0 0 0 0 0 1 2 0 1 0 2 8 0 0 3 26 7 0 19 9 11 0 2 16 21 18 0 0 0 0 0 0 0 9 3 31 25 20 22 23 41 117 416 319 88 28 63 13 9 11 1 1 0 0 20 17 16 250 115 2 0 5 19 111 29 5 0 23 217 255 119 5 34 9 11 4 4 0 1 24 11 35 21 9 0 0 1 1 2 3 4 348 465 1371 925 544 133 3 31 140 190 0 0 0 0 0 21 2 0 0 0 0 0 0 0 7 3 0 0 73 76 0 0 0 0 0 0 0 0 0 0 0 0 0 0 0 0 0 0 0 0 0 0
0 0 0 0 0 0 0 0 0 0 0 0 0 5 1 4 0 0 0 3 1 2 19 2 3 3 1 0 0 0 33 103 24 2 0 0 0 5 0 0 86 10 0 0 0 0 2 12 300 950 338 338 27 2 1 2 5 5 0 1 1 1 4 0 16 43 25 2 11 84 50 13 26 0 3 31 110 83 83 130 40 51 14 28 11 19 24 22 219 103 15 14 4 12 3 13 7 0 69 438 179 73 76 4 18 26 140 138 8 0 0 1 6 87 0 0 0 0 0 0 0 0 0 0 2 50 62 5 7 6 12 0 0 0 0 0 0 0 0 0 0 0 0 0 0 0 0 0 0 0
0 0 0 1 1 0 0 0 0 0 0 0 0 1 0 1 1 0 0 0 2 3 13 1 10 0 0 0 0 0 1 4 43 15 6 0 12 129 22 17 2 0 0 0 0 0 20 19 55 406 224 152 14 1 0 1 0 13 9 2 1 0 0 0 11 2 46 1 0 13 13 52 47 6 1 2 11 8 22 19 4 59 34 0 0 23 8 2 1 0 1 5 8 6 0 5 4 0 3 0 3 0 5 78 68 67 63 89 80 144 57 18 73 0 0 0 0 0 0 0 0 0 0 12 36 177 126 0 0 0 1 0 0 0 0 0 0 0 0 0 0 0 0 0 0 0 0 0 0 0
0 0 4 0 0 0 0 0 0 0 0 0 0 0 1 0 5 7 0 0 15 3 1 2 0 2 1 0 0 9 2 6 12 8 7 8 9 27 9 0 0 0 0 0 15 86 42 63 0 154 184 45 6 4 13 10 20 35 4 0 0 0 0 0 7 0 2 4 0 0 3 5 161 82 3 4 0 0 0 0 0 14 127 155 5 3 14 1 1 0 0 1 0 4 0 0 0 0 1 4 8 0 4 98 70 46 23 11 7 80 8 679 35 0 0 0 0 0 0 0 0 0 0 16 4 34 48 130 8 0 0 0 0 0 0 0 0 0 0 0 0 0 0 0 0 0 0 0 0 0
0 0 0 0 0 0 0 0 0 0 0 0 0 1 0 0 0 1 0 0 0 0 1 0 0 5 2 0 0 0 0 4 8 13 32 0 1 63 0 0 0 0 0 17 31 37 72 5 6 31 80 43 35 15 27 8 1 1 2 1 0 0 0 0 5 0 5 18 24 13 6 7 7 42 40 18 0 0 0 0 0 0 13 60 16 6 0 0 0 2 7 4 0 6 3 0 6 1 0 14 18 17 12 37 704 0 0 12 0 0 1 41 9 0 0 9 17 0 1 1 0 0 0 0 0 52 81 52 0 0 1 0 0 0 0 0 2 1 0 0 0 0 0 0 0 0 0 0 0 0
0 0 0 0 0 0 0 0 0 0 0 0 0 0 9 1 0 0 5 0 0 1 3 5 2 0 0 22 0 0 0 0 10 56 27 1 0 15 1 0 4 0 0 8 135 26 3 11 12 1 72 8 0 1 1 1 3 1 0 1 2 0 0 0 14 4 0 6 11 12 3 40 3 4 0 2 12 0 0 0 6 1 4 9 1 14 4 8 5 14 0 4 32 0 8 6 0 6 4 7 16 35 13 178 233 281 0 4 0 0 1 29 53 18 27 13 0 0 0 5 8 0 0 0 0 98 34 33 2 0 0 0 0 0 0 1 27 73 0 0 0 0 0 0 0 0 0 0 0 0
0 0 0 0 0 0 0 0 0 0 0 0 0 0 11 0 1 2 1 0 2 11 3 5 0 0 0 27 10 0 0 1 2 7 44 4 0 1 2 23 8 3 4 40 73 3 11 10 1 7 23 23 3 1 2 0 0 2 0 0 0 1 0 0 14 0 0 2 11 1 12 7 2 1 2 2 20 2 0 0 0 0 28 8 9 6 13 26 5 1 11 1 1 0 3 19 0 0 0 2 19 20 16 9 55 269 46 5 0 0 0 1 2 2 7 24 0 0 2 7 0 0 0 0 7 185 48 30 0 4 0 0 0 0 0 0 2 20 0 0 0 0 0 0 0 0 0 0 0 0
0 0 0 0 0 0 0 0 0 0 1 0 0 1 2 10 19 45 5 0 3 35 16 3 1 0 1 1 1 7 5 2 0 43 6 0 2 17 10 10 59 112 20 126 183 5 5 1 9 2 2 45 66 5 9 3 0 0 0 0 0 0 3 1 0 0 0 0 3 68 122 28 11 6 0 2 4 23 0 0 0 0 0 0 0 0 1 8 15 6 10 0 5 1 1 1 0 0 0 2 0 8 28 3 26 979 831 45 4 0 0 0 0 0 0 0 56 150 78 9 0 0 0 42 133 31 80 209 176 17 0 0 0 0 0 16 8 8 0 0 0 0 0 0 0 0 0 0 0 0
0 0 0 0 0 2 0 0 1 1 2 3 11 4 12 10 48 103 3 13 4 3 4 0 0 0 0 4 16 20 3 8 36 2 8 33 6 46 89 157 327 871 401 302 75 16 0 0 0 0 2 10 33 27 5 0 0 0 0 0 0 1 0 0 0 0 0 0 0 10 14 27 24 0 14 68 2 42 7 0 0 13 6 0 14 0 0 0 17 13 13 10 7 13 16 53 5 0 0 0 1 5 35 58 305 402 292 436 15 0 0 0 0 0 0 0 249 92 35 0 0 0 26 200 195 218 1019 661 42 27 0 0 10 15 0 4 0 0 0 0 0 0 0 0 0 0 0 0 0 0
0 0 0 0 0 0 0 3 7 11 31 86 37 0 1 2 10 8 1 3 2 6 7 34 3 4 5 0 0 1 24 0 3 6 48 43 7 13 127 436 783 1153 760 813 49 2 1 9 11 1 13 5 73 122 24 13 0 0 0 0 0 0 0 0 0 0 0 0 0 0 1 14 1 0 0 4 0 15 17 0 0 0 5 3 13 0 0 0 4 4 1 3 13 31 6 19 0 1 1 3 0 11 29 19 8 65 1 112 34 0 0 0 1 0 126 101 779 400 66 52 26 94 22 136 161 117 465 547 420 422 42 94 23 158 7 0 0 0 0 0 0 0 0 0 0 0 0 0 1 0
0 0 0 0 0 0 1 3 11 23 8 7 4 0 5 9 0 0 53 8 0 13 120 38 0 0 0 0 10 4 6 5 2 4 6 45 23 43 76 168 611 457 501 293 38 12 15 16 3 5 4 2 17 2 1 2 1 0 0 0 0 0 0 0 0 0 0 0 1 0 2 3 0 0 0 7 0 10 8 0 19 19 18 0 29 0 1 0 52 28 15 0 12 35 1 0 10 10 4 11 4 5 1 16 16 1 0 6 35 1 3 10 5 1 108 986 1117 645 217 207 193 121 80 15 5 28 309 507 8 88 13 274 778 80 38 8 0 0 0 0 0 0 0 0 0 0 0 0 0 0
0 0 0 0 4 0 2 4 3 3 7 16 2 1 0 2 1 4 23 20 311 73 20 0 0 0 1 2 13 30 2 2 15 44 19 7 2 18 2 135 624 418 379 183 105 26 10 0 11 11 2 2 13 10 11 8 0 1 0 0 0 0 0 0 0 0 0 0 0 0 1 0 0 0 0 0 0 1 8 5 15 7 67 235 46 1 0 0 0 7 0 1 12 6 0 3 8 1 0 4 4 0 0 0 6 7 3 23 234 152 261 643 119 151 673 1273 732 314 142 381 101 216 9 8 144 259 239 114 11 0 105 305 468 154 60 4 0 0 0 0 0 0 0 0 0 0 0 0 0 0
0 0 0 0 0 0 0 6 0 3 2 10 5 11 3 7 2 3 16 25 70 0 0 0 0 0 0 0 0 11 14 20 13 11 4 11 6 3 7 15 45 158 22 15 5 0 3 0 0 3 5 4 65 2 3 1 6 9 3 0 0 0 0 0 0 0 0 0 0 0 1 0 0 0 0 9 0 42 16 2 5 19 10 5 0 0 0 0 2 1 6 4 1 10 5 14 10 0 0 1 1 1 0 1 0 12 11 23 190 65 145 143 45 395 1277 637 377 425 168 405 96 12 0 20 20 137 163 0 0 0 67 363 0 0 3 0 0 0 0 0 0 0 0 0 0 0 0 0 0 0
0 0 0 0 0 11 18 12 13 1 0 0 0 11 23 8 7 12 43 24 26 0 0 0 0 0 0 0 2 8 76 3 14 1 5 2 3 2 14 0 28 25 5 0 1 1 0 0 4 3 0 9 292 15 18 36 20 0 0 0 0 0 0 0 0 0 0 0 0 0 0 0 0 0 0 0 0 11 13 2 0 5 4 0 0 0 0 0 1 0 1 1 8 30 7 0 10 9 0 0 7 0 0 2 0 0 8 85 83 3 2 10 270 279 340 410 146 275 184 143 307 3 0 0 0 0 1 0 0 0 3 139 27 0 0 0 0 0 0 0 0 0 0 0 0 0 0 0 0 0
0 0 0 0 1 1 4 13 0 5 7 0 4 21 7 3 81 15 2 0 1 14 18 0 0 0 1 32 28 14 48 73 15 3 5 5 1 4 2 4 14 21 22 0 1 0 2 2 0 0 2 26 160 62 7 21 1 0 0 0 0 0 0 0 0 0 0 0 1 0 0 0 0 0 0 0 9 7 5 2 0 0 1 0 0 0 0 0 7 1 20 5 37 63 10 21 9 3 0 7 1 0 0 1 0 1 15 129 694 20 0 0 23 0 4 2 8 58 464 638 85 0 0 0 0 0 4 0 2 0 0 6 129 4 0 0 0 0 0 0 0 0 0 0 0 0 0 0 0 0
0 4 2 4 3 5 25 72 2 8 13 10 8 4 0 160 77 27 11 23 0 1 13 3 5 0 1 21 1 3 12 8 7 3 3 2 2 0 0 5 19 7 4 5 1 0 4 0 0 0 0 65 6 37 35 2 2 1 0 0 0 0 0 0 0 0 0 0 0 0 0 0 0 0 1 2 20 22 0 0 0 0 5 0 0 0 0 1 27 0 17 0 3 42 1 0 0 1 8 5 0 0 6 10 3 22 50 50 184 0 0 0 0 0 8 2 0 1 162 457 392 189 0 0 12 134 0 0 0 85 141 37 60 20 0 0 0 0 0 0 0 0 0 0 0 0 0 0 0 0
1 0 0 0 0 2 5 1 0 6 38 5 13 3 23 56 67 37 16 1 0 5 12 15 1 10 6 1 7 30 1 0 0 7 11 2 1 0 0 4 1 33 15 5 2 0 0 1 1 0 3 41 39 34 29 8 2 0 0 0 0 0 0 0 0 0 0 0 0 0 0 0 0 3 0 0 0 46 126 4 0 10 0 0 0 0 2 131 34 1 4 1 8 4 2 7 1 4 2 6 74 24 23 13 3 10 20 32 99 17 0 0 0 11 97 131 278 608 134 207 768 170 0 3 410 53 0 0 0 333 251 0 0 0 0 0 0 0 0 0 0 0 0 0 0 0 0 0 0 0
0 1 2 1 0 0 10 2 6 4 12 119 13 17 1 1 18 5 8 1 2 0 11 7 19 2 6 0 49 1 0 0 1 0 0 0 2 1 7 0 2 24 54 8 11 0 7 4 0 0 2 84 35 2 2 4 0 0 10 1 0 0 0 0 0 0 0 0 0 0 0 0 0 0 0 1 0 14 41 19 6 0 0 0 0 1 5 15 1 1 3 0 3 10 0 0 0 1 4 6 0 4 7 4 15 0 7 45 50 20 0 0 1 0 140 593 889 588 96 65 136 218 236 473 211 1 0 0 19 571 227 1 0 0 0 0 0 0 0 0 0 0 0 0 0 0 0 0 0 0
0 0 1 0 0 2 8 5 7 5 9 63 0 1 1 1 0 0 2 11 2 0 0 0 3 4 12 3 14 2 0 0 0 0 0 0 0 0 14 0 0 0 0 0 2 0 0 4 0 1 9 133 1 6 3 0 0 0 3 1 9 0 0 0 0 0 0 0 0 0 0 0 0 0 0 0 0 8 99 47 7 25 15 4 0 3 0 0 1 0 0 1 16 22 0 0 0 1 0 23 4 6 4 12 6 2 21 4 74 0 0 0 43 28 59 59 10 77 585 412 56 316 981 634 584 477 231 309 1203 1973 1052 45 0 1 0 0 0 0 0 0 0 0 0 0 0 0 1 0 0 0
0 0 1 0 1 5 2 8 1 7 30 16 1 3 4 6 0 6 0 0 0 0 0 0 0 21 35 2 1 0 0 5 4 2 0 0 0 0 0 29 4 1 2 2 1 4 18 0 0 4 26 462 50 7 2 18 1 11 3 3 0 0 0 0 0 0 0 0 0 0 0 0 0 0 1 2 4 16 42 0 3 50 34 0 0 0 0 0 18 20 2 10 6 30 19 38 27 1 1 5 8 0 6 17 19 12 7 3 145 51 16 18 47 5 4 40 10 313 674 548 755 942 1020 1144 2026 1604 1094 1245 1324 1115 1277 15 0 0 0 0 0 0 0 0 0 0 0 0 0 0 0 0 0 0
0 0 0 1 2 3 2 4 7 12 3 9 1 3 3 25 8 5 2 0 0 0 0 0 3 15 14 0 4 0 3 2 2 1 12 5 2 4 2 0 1 0 3 0 1 2 2 0 14 37 746 691 113 136 25 4 6 3 6 6 0 3 0 0 0 0 0 0 0 0 0 0 0 0 0 2 4 0 3 0 0 6 8 0 0 0 0 1 13 3 0 2 31 0 0 4 4 0 1 1 27 4 22 0 35 37 54 68 10 21 24 6 9 6 12 18 4 82 631 1763 1556 1038 372 1473 1683 1350 293 1051 982 14 175 99 0 0 0 0 0 0 0 0 0 0 0 0 0 0 0 0 0 0
8 0 1 5 1 1 1 0 20 5 6 1 10 5 2 1 1 3 1 0 0 0 0 0 4 2 0 2 0 1 3 54 38 2 0 4 4 0 2 2 0 0 0 1 0 0 0 0 2 60 661 962 768 919 70 26 2 8 16 10 0 0 0 0 0 0 0 0 0 0 0 0 0 0 3 0 0 0 0 8 1 1 1 0 0 0 0 33 119 0 0 22 18 0 0 0 0 0 3 12 3 0 22 36 2 195 475 26 7 0 14 11 0 15 11 31 17 8 142 745 544 728 463 2810 1796 1173 475 365 9 854 1447 902 0 0 0 0 0 0 0 0 0 0 0 0 0 0 0 0 0 0
13 4 0 18 1 5 19 7 23 3 14 52 0 4 1 1 0 0 0 0 0 1 0 1 1 0 13 1 0 0 1 18 7 6 2 0 5 3 0 0 0 1 0 6 0 4 2 0 0 4 203 415 739 604 138 72 7 4 3 6 4 0 0 0 0 0 0 0 0 0 0 0 0 0 0 1 0 0 0 41 4 11 24 0 0 0 0 17 52 0 12 42 94 0 0 1 0 0 0 14 20 51 38 29 40 14 9 19 0 0 0 0 4 2 1 11 10 14 15 78 349 456 450 901 1404 1272 693 652 541 1025 512 407 4 0 0 0 0 0 0 0 0 0 0 0 0 0 0 0 0 0
16 7 12 11 4 5 11 25 16 0 4 0 2 0 0 0 0 0 0 0 0 0 1 0 2 0 0 0 0 2 4 0 0 0 0 1 0 8 1 0 0 0 0 0 0 5 18 4 1 3 82 253 316 35 34 21 1 25 8 0 3 0 0 0 0 0 0 0 0 0 0 0 0 0 0 0 0 0 0 0 5 4 0 0 0 0 48 71 33 12 8 233 225 17 5 0 0 0 0 16 56 11 65 285 61 1 3 8 26 3 0 0 3 3 12 11 9 55 38 34 248 1009 673 551 443 995 1199 1689 283 323 96 131 0 0 0 0 0 0 0 0 0 0 0 0 0 0 0 0 0 0
1 5 25 0 8 2 27 72 16 15 19 3 3 0 0 0 0 0 0 0 0 0 1 6 0 0 0 0 0 1 0 0 1 0 0 3 0 0 6 1 4 0 0 0 0 3 0 0 9 20 0 46 155 50 13 0 1 49 126 3 0 0 4 0 0 0 0 0 0 0 0 0 0 0 0 0 0 0 0 0 5 11 23 45 23 12 9 0 23 104 144 228 179 10 9 65 0 0 25 23 70 416 347 447 414 87 39 9 14 11 0 0 3 4 5 27 6 83 66 534 525 757 2430 1995 983 303 2077 2598 1345 5 0 0 0 0 0 0 0 0 0 0 0 0 0 0 0 0 0 0 0 0
1 10 34 0 15 27 10 76 8 21 1 1 0 3 0 0 0 0 0 0 0 0 2 0 0 0 0 0 6 0 0 0 5 3 0 1 0 0 0 1 5 1 0 0 2 0 0 1 7 6 1 7 113 7 3 1 0 13 169 15 4 0 0 0 0 0 0 0 0 0 0 0 0 0 0 0 0 0 0 0 1 6 18 1 6 2 7 8 13 51 91 129 176 16 54 34 5 1 0 15 187 379 669 317 250 81 3 4 7 21 19 0 0 2 8 4 6 518 440 1174 790 13 10 250 278 272 540 1085 536 14 234 14 0 0 0 0 0 0 0 0 0 0 0 0 0 0 0 0 0 0
17 8 150 5 68 127 43 16 1 2 0 0 5 2 0 0 0 0 0 3 1 0 0 0 0 0 1 0 0 0 0 0 0 0 0 0 0 0 0 0 2 4 1 0 0 3 0 0 5 0 0 5 23 2 0 1 2 7 3 36 9 3 0 0 0 0 0 0 0 0 0 0 0 0 0 0 0 0 0 2 14 77 0 4 22 0 114 23 0 3 4 16 44 0 0 1 0 0 0 9 12 125 1061 314 140 389 24 16 8 10 25 3 0 0 0 26 306 530 189 32 0 0 0 0 77 507 164 777 508 25 17 52 0 0 0 0 0 0 0 0 0 0 0 0 0 0 0 0 0 0
6 45 160 185 505 562 201 41 14 0 0 0 1 0 2 1 1 0 3 3 4 7 0 0 0 0 0 0 0 0 0 1 0 0 0 0 0 0 0 0 0 3 2 6 10 10 1 38 6 0 0 40 25 0 0 4 3 0 14 2 2 10 0 0 0 0 0 0 0 0 0 0 0 0 0 0 0 0 9 28 14 1 0 3 6 1 29 196 88 3 0 0 0 0 0 0 0 0 0 0 0 242 756 341 189 233 13 4 2 18 21 11 5 0 8 88 142 4 29 55 0 0 0 0 15 624 351 631 367 12 52 2 0 0 0 0 0 0 0 0 0 0 0 0 0 0 0 0 0 0
3 127 529 1151 608 427 234 47 3 4 5 6 1 0 4 1 0 2 1 2 9 6 0 0 1 0 0 0 0 1 0 0 0 0 1 0 0 0 1 1 1 6 2 3 5 0 0 9 41 2 0 1 11 0 0 2 2 0 0 0 0 1 0 0 0 0 0 0 0 0 0 0 0 0 0 0 0 21 1 0 0 0 0 0 0 0 52 41 4 1 2 0 0 0 0 2 0 0 0 0 17 62 30 44 139 150 0 0 5 0 22 11 18 38 28 2 1 13 15 51 48 92 27 0 10 103 100 186 56 1 0 0 0 0 0 0 0 0 0 0 0 0 0 0 0 0 0 0 0 0
2 23 289 365 195 181 74 17 4 3 2 2 0 0 0 0 0 0 2 2 10 4 0 0 1 0 0 0 4 9 1 0 50 0 5 0 0 0 0 0 0 1 2 0 0 3 0 3 11 6 2 0 0 0 0 9 0 0 0 0 0 0 0 0 0 0 0 0 0 0 0 0 0 0 0 0 4 0 0 0 0 0 0 0 0 0 135 26 11 27 49 1 0 0 3 33 0 0 0 551 1086 398 284 307 10 205 77 6 3 2 2 59 14 3 0 0 0 0 34 86 135 70 249 418 184 134 2 0 2 3 0 0 0 0 0 0 0 0 0 0 0 0 0 0 0 0 0 0 0 0
28 26 37 112 68 29 5 8 1 0 20 0 0 0 0 0 0 0 0 0 1 128 0 0 0 0 0 0 0 1 0 0 0 1 0 0 0 0 0 0 0 0 0 1 2 41 5 0 2 0 0 0 0 0 2 25 0 0 0 0 0 0 0 0 0 0 0 0 0 0 0 0 0 0 0 0 9 19 0 0 0 0 0 0 0 1 31 1 0 45 27 0 0 0 47 204 110 11 310 2236 578 706 227 59 2 35 108 218 2 21 38 0 0 0 0 0 0 2 35 55 188 36 60 91 39 81 32 33 57 54 18 0 0 0 0 0 0 0 0 0 0 0 0 0 0 0 0 0 0 0
46 20 14 7 0 0 1 1 1 0 1 0 0 0 0 0 0 0 12 4 2 7 4 2 0 0 0 1 0 1 0 0 0 8 11 0 0 0 0 0 0 0 0 0 11 15 2 6 0 0 2 1 3 0 62 15 8 4 0 0 0 0 0 0 0 0 0 0 0 0 0 0 0 0 82 15 0 0 0 0 0 0 0 0 0 0 35 13 0 0 172 26 9 19 175 506 83 10 155 180 34 11 32 31 11 6 8 256 804 185 0 1 0 0 4 0 0 3 3 1 31 0 4 7 70 85 95 32 376 169 43 0 0 0 0 0 0 0 0 0 0 0 0 0 0 0 0 0 0 0
8 1 1 0 0 3 2 0 0 0 0 1 0 0 0 2 0 0 0 0 0 3 0 0 0 0 0 0 1 1 5 86 5 1 0 0 0 0 0 0 0 0 0 0 0 1 0 0 0 0 1 0 5 3 17 2 0 0 0 0 0 0 0 0 0 0 0 0 0 0 0 0 0 0 30 40 0 0 0 0 0 0 0 0 0 0 79 57 250 71 119 51 16 34 0 89 8 12 0 3 6 7 11 0 9 9 335 470 241 36 3 0 4 0 1 0 0 12 2 0 1 23 10 39 16 171 135 266 122 181 32 0 0 0 0 0 0 0 0 0 0 0 0 0 0 0 0 0 0 0
3 0 0 4 2 0 0 0 0 0 0 0 0 0 0 0 0 0 1 0 1 0 0 1 0 0 0 0 3 0 1 2 1 1 0 0 0 0 0 0 0 1 0 0 0 9 0 1 0 0 0 3 6 49 13 4 2 0 0 0 0 0 0 0 0 0 0 0 0 0 0 2 4 4 0 0 0 0 0 0 0 0 0 0 0 0 4 3 175 18 0 0 0 4 3 48 1 6 6 0 2 5 3 19 5 309 1005 580 317 166 0 1 0 0 0 0 0 0 71 15 23 37 5 30 16 14 132 75 17 23 3 2 0 0 0 0 0 0 0 0 0 0 0 0 0 0 0 0 0 0
1 0 0 1 1 0 0 0 0 0 0 0 0 0 0 0 0 1 0 0 0 0 0 17 0 0 1 5 0 1 0 0 0 1 2 0 0 1 0 0 0 0 0 0 0 2 0 0 0 0 2 5 7 127 18 7 3 2 0 0 0 0 0 0 0 0 0 0 0 0 1 3 4 1 0 0 0 0 0 0 0 0 0 0 0 0 8 0 3 0 0 0 5 35 2 6 3 5 14 1 2 7 2 0 47 78 202 44 144 268 0 0 0 0 0 0 0 0 0 17 3 27 7 106 121 94 310 99 25 64 18 0 1 0 0 0 0 0 0 0 0 0 0 0 0 0 0 0 0 0
0 0 0 0 1 30 0 0 0 0 0 0 0 0 0 0 2 0 0 2 0 0 0 0 0 0 4 0 0 0 0 1 0 0 0 1 0 0 0 0 0 0 3 3 1 0 0 0 0 0 0 0 6 3 11 1 17 3 0 0 0 0 0 0 0 0 0 1 2 9 1 0 0 0 1 0 0 0 0 0 0 0 0 0 0 0 0 0 5 0 0 31 189 19 1 0 3 0 2 9 8 7 21 22 84 54 0 6 2 16 8 0 0 0 0 0 0 0 0 0 16 21 5 38 0 0 0 311 1 4 0 0 0 0 0 0 0 0 0 0 0 0 0 0 0 0 0 0 0 0
0 0 0 0 88 44 0 0 0 0 0 0 0 0 2 2 0 2 0 0 0 0 0 0 0 0 0 0 3 0 9 0 0 0 0 2 0 0 2 0 0 0 0 3 9 3 0 0 0 7 4 0 1 11 2 3 8 4 0 0 0 0 0 0 0 0 2 0 21 2 0 0 0 0 0 0 0 0 0 0 0 0 0 0 0 0 1 0 75 72 220 530 151 27 0 0 1 0 0 50 53 535 369 92 11 29 9 0 0 13 15 0 0 0 0 0 0 0 0 0 1 0 0 0 0 15 212 84 0 0 0 0 0 0 0 0 0 0 0 0 0 0 0 0 0 0 0 0 0 0
0 0 0 0 7 2 0 0 0 0 0 0 0 7 0 0 1 1 13 0 0 0 0 0 0 0 1 0 0 12 0 0 0 0 3 4 0 0 0 0 0 0 0 0 4 12 0 0 0 8 0 0 0 6 25 1 0 1 0 0 0 0 0 0 0 0 0 0 21 4 0 0 0 0 0 0 0 0 0 0 0 0 0 0 0 0 1 5 24 138 350 141 86 44 0 3 4 4 2 71 155 147 70 6 0 4 7 0 0 9 8 0 0 0 0 0 0 0 0 2 0 68 91 1 0 17 70 3 0 0 0 0 0 0 0 0 0 0 0 0 0 0 0 0 0 0 0 0 0 0
0 0 0 0 1 5 1 0 0 0 0 0 28 38 0 0 0 0 0 0 0 0 0 0 0 3 7 0 2 39 0 0 0 0 1 1 0 2 0 0 0 0 0 1 0 3 14 0 0 4 4 0 1 38 20 22 0 3 0 0 0 0 0 0 0 0 2 13 67 0 0 0 1 0 0 0 0 0 0 0 0 0 0 0 3 21 52 5 8 26 0 3 21 4 46 2 0 2 10 43 118 1 1 3 0 0 0 6 0 36 25 40 1 0 0 0 0 0 0 0 0 0 7 0 0 0 0 4 0 0 0 0 0 0 0 0 0 0 0 0 0 0 0 0 0 0 0 0 0 0
1 0 0 0 0 1 1 0 0 0 0 0 1 0 3 2 1 0 0 0 0 0 0 0 0 0 0 1 0 0 0 0 1 0 7 1 0 0 0 0 0 0 1 0 0 0 3 4 2 3 2 0 0 9 12 18 5 1 1 0 0 0 0 0 0 0 2 72 37 0 0 2 0 0 0 0 0 0 0 0 0 0 0 3 76 1 1 2 9 23 5 3 12 3 10 17 15 36 20 27 31 17 5 2 6 0 0 30 99 149 228 510 54 13 0 0 1 0 0 0 0 0 0 0 0 0 0 0 1 0 0 0 0 0 0 0 0 0 0 0 0 0 0 0 0 0 0 0 0 0
0 0 0 1 0 3 1 6 0 0 0 0 0 0 2 1 0 0 0 0 0 0 0 0 0 0 0 1 0 3 0 0 0 0 0 0 0 0 3 1 0 0 0 0 0 0 0 8 21 1 0 0 0 1 4 82 148 3 6 0 0 0 0 1 1 6 68 169 11 0 0 7 0 0 0 0 0 0 0 0 0 0 0 31 41 3 0 10 56 5 18 5 2 0 2 20 50 28 15 5 2 0 13 11 3 0 22 3 58 68 278 46 368 160 7 0 0 0 0 0 0 0 0 0 0 0 0 0 0 0 0 0 0 0 0 0 0 0 0 0 0 0 0 0 0 0 0 0 0 0
0 0 0 1 3 0 0 0 0 0 0 2 0 0 1 0 1 0 0 0 0 0 0 0 0 0 0 0 1 4 0 0 0 0 0 0 0 0 1 0 0 0 1 0 0 7 3 12 137 10 3 0 0 0 8 1 3 23 42 20 2 1 3 20 10 3 22 2 1 7 0 4 0 0 0 0 0 0 0 0 0 0 0 0 0 0 3 16 6 8 2 0 1 0 13 162 1 0 0 0 0 2 0 1 18 60 379 1102 418 103 22 0 332 135 0 0 0 0 0 0 0 0 0 0 0 0 0 0 0 0 0 0 0 0 0 0 0 0 0 0 0 0 0 0 0 0 0 0 0 0
0 0 2 5 6 67 1 17 6 0 1 3 0 0 2 0 1 0 0 0 0 0 0 0 0 0 0 0 0 0 3 0 0 0 0 0 0 0 17 0 20 0 0 3 2 7 36 18 12 2 3 0 0 11 11 6 0 0 0 5 0 0 0 3 4 0 6 10 5 22 4 14 0 0 0 0 0 0 0 0 0 0 0 0 1 0 0 4 2 6 4 25 2 5 88 22 6 0 0 0 0 4 0 19 58 67 161 515 219 255 100 197 419 4 0 0 0 0 0 0 0 0 0 0 0 0 0 0 0 0 0 0 0 0 0 0 0 0 0 0 0 0 0 0 0 0 0 0 0 0
0 0 0 1 51 85 1 0 0 0 0 0 0 0 0 0 0 0 0 2 1 0 0 0 0 0 0 0 0 0 0 0 2 1 1 0 0 0 0 1 0 6 11 4 2 0 9 7 6 1 5 0 3 6 5 12 2 8 4 2 0 2 0 2 1 5 3 10 3 0 0 0 1 1 0 0 0 0 0 0 0 0 0 0 0 0 0 0 2 0 0 7 23 19 4 40 250 0 0 0 0 0 0 62 160 281 3 1 12 55 0 22 15 0 0 0 0 0 0 0 0 0 0 0 0 0 0 0 0 0 0 0 0 0 0 0 0 0 0 0 0 0 0 0 0 0 0 0 0 0
1 0 0 0 0 8 0 0 8 1 2 0 0 1 0 0 0 0 0 1 0 0 0 0 0 0 0 0 0 0 0 0 5 0 1 0 0 0 0 0 0 1 0 0 0 0 2 1 7 8 1 0 0 2 0 0 0 0 4 9 8 4 2 0 0 0 0 0 0 0 3 3 6 0 0 0 0 0 0 0 0 0 0 0 0 0 0 0 0 1 0 17 88 12 14 196 483 0 0 0 0 0 0 7 11 0 0 0 0 3 76 135 0 0 0 0 0 0 0 0 0 0 0 0 0 0 0 0 0 0 0 0 0 0 0 0 0 0 0 0 0 0 10 18 3 0 0 0 0 0
0 0 2 4 0 0 0 0 0 8 0 0 3 0 2 2 0 0 0 0 0 0 0 0 0 0 0 0 0 0 0 1 0 0 0 0 0 0 0 0 0 2 1 0 0 3 0 0 0 3 4 4 7 5 1 0 0 0 2 5 3 4 0 0 0 0 0 0 0 0 16 4 1 0 0 0 0 0 0 0 0 0 0 0 0 0 0 2 28 3 10 66 152 181 39 0 0 2 0 0 0 0 3 14 2 0 0 5 1 106 230 8 0 0 0 0 0 0 0 0 0 0 0 0 0 0 0 0 0 0 0 0 0 0 0 0 0 0 0 0 0 0 0 3 0 0 0 0 0 0
0 1 0 0 2 0 0 0 0 1 0 0 0 1 1 0 0 0 0 0 0 0 0 0 0 0 0 0 0 0 0 0 0 0 0 0 0 0 0 0 0 0 0 0 1 0 0 0 0 0 5 4 9 0 0 0 0 0 0 6 6 1 0 0 0 0 0 0 0 0 1 4 0 0 0 0 0 0 0 0 0 0 0 0 0 0 0 0 0 2 30 105 486 1 1 32 5 0 0 0 0 0 0 1 1 11 0 5 18 51 53 4 0 0 0 0 0 0 0 0 0 0 0 0 0 0 0 0 0 11 0 0 0 0 0 0 0 0 0 0 0 0 0 0 0 0 0 0 0 0
0 0 0 0 0 0 0 0 0 1 0 0 5 2 0 4 0 0 2 0 0 0 0 1 0 0 0 0 0 0 0 0 0 0 2 0 0 0 0 0 0 0 1 0 0 0 0 0 0 0 4 24 1 2 0 0 4 2 1 11 12 0 0 0 0 0 0 0 0 0 4 123 9 4 0 0 0 0 0 0 0 0 0 0 0 0 0 0 2 11 12 42 5 47 8 2 0 0 0 0 0 0 0 0 0 0 0 0 0 0 0 0 0 0 0 0 0 0 0 0 0 0 0 0 0 0 0 0 0 0 0 0 0 0 0 0 0 0 0 0 0 0 0 0 0 0 0 0 0 0
0 0 0 0 0 0 0 0 0 0 0 1 0 1 0 0 0 0 0 0 0 1 5 61 0 0 0 0 1 0 0 0 0 0 0 0 0 0 0 0 0 0 0 0 0 0 0 0 0 0 0 35 11 0 6 2 0 0 0 0 3 18 24 1 0 0 0 0 0 0 0 10 5 1 22 0 0 0 0 0 0 0 0 0 0 0 0 0 0 13 9 53 25 22 19 1 0 0 0 0 0 0 0 0 0 0 0 0 0 0 0 0 0 0 0 0 0 0 0 0 0 0 0 0 0 0 0 0 0 0 0 0 0 0 0 0 0 0 0 0 0 0 0 0 0 0 0 0 0 0
0 0 0 0 0 0 0 0 0 1 1 0 2 0 0 0 1 0 0 0 0 2 1 4 8 0 0 0 0 0 0 0 0 0 0 0 0 0 0 0 0 0 0 0 0 0 0 0 0 0 1 58 42 2 2 0 3 0 0 1 1 48 107 0 0 0 0 0 0 0 0 0 0 0 19 0 0 0 0 0 0 0 0 0 0 0 0 0 0 1 33 9 0 32 53 14 0 0 0 0 0 0 0 0 0 0 0 0 0 0 0 0 0 0 0 0 0 0 0 0 0 0 0 0 0 0 0 0 0 0 0 0 0 0 0 0 0 0 0 0 0 0 0 0 0 0 0 0 0 0
0 0 0 0 0 0 0 0 0 0 0 0 8 2 0 0 0 0 0 0 2 2 0 0 2 3 0 0 1 1 1 1 0 0 0 0 0 0 0 0 0 0 0 0 0 0 0 0 0 7 14 82 196 16 40 3 1 0 0 0 1 32 0 0 0 0 0 0 0 0 0 0 0 7 1 1 0 0 0 0 0 0 0 0 0 0 0 0 0 0 0 10 87 29 15 2 0 0 0 0 0 0 0 0 0 0 0 0 0 0 0 0 0 0 0 0 0 0 0 0 0 0 0 0 0 0 0 0 0 0 0 0 0 0 0 0 0 0 0 0 0 0 0 0 0 0 0 0 0 0
0 0 0 0 0 0 0 4 1 0 0 0 14 10 0 1 0 1 1 0 1 2 0 0 3 3 1 0 0 0 0 0 2 0 0 0 0 0 0 0 0 0 0 0 0 0 0 0 5 7 4 24 176 0 28 0 0 0 0 0 3 16 9 0 0 0 0 0 0 0 0 0 0 0 0 0 0 0 0 0 0 0 0 0 0 0 0 0 0 0 0 0 2 11 5 3 4 1 1 16 0 0 0 0 0 0 0 0 0 0 0 0 0 0 0 0 0 0 0 0 0 0 0 0 0 0 0 0 0 0 0 0 0 0 0 0 0 0 0 0 0 0 0 0 0 0 0 0 0 0
0 0 0 0 1 0 0 0 5 7 1 0 0 0 0 0 2 0 2 0 0 0 0 10 4 2 0 0 0 0 0 0 0 1 0 1 0 1 0 0 0 0 0 0 0 0 0 10 0 1 5 17 27 0 0 0 0 0 2 2 41 10 0 1 0 0 0 0 0 0 0 0 0 0 1 0 0 0 0 0 0 0 0 0 0 0 0 0 0 0 0 0 0 0 0 2 11 1 0 0 0 0 0 0 0 0 0 0 0 0 0 0 0 0 0 0 0 0 0 0 0 0 0 0 0 0 0 0 0 0 0 0 0 0 0 0 0 0 0 0 0 0 0 0 0 0 0 0 0 0
0 0 1 0 0 0 0 0 0 0 0 0 0 0 0 0 0 6 0 0 0 1 3 0 11 0 3 0 0 0 0 0 0 0 23 1 0 2 0 0 0 0 0 0 0 0 11 14 0 0 0 0 0 0 0 0 0 0 0 0 26 0 0 0 0 0 0 0 0 0 0 0 0 3 0 0 0 0 0 0 0 0 0 0 0 0 0 0 0 0 0 0 0 2 0 3 11 27 0 0 1 0 0 0 0 0 0 0 0 0 0 0 0 0 0 0 0 0 0 0 0 0 0 0 0 0 0 0 0 0 0 0 0 0 0 0 0 0 0 0 0 0 0 1 10 26 0 0 0 0
1 0 0 0 0 0 0 0 0 0 0 2 0 0 0 0 1 2 0 4 1 11 0 2 1 2 0 0 0 0 0 4 0 1 0 0 0 0 0 0 0 0 0 0 0 5 3 0 0 0 0 0 0 0 0 3 0 0 2 0 2 3 0 0 0 0 0 0 0 0 0 13 2 0 0 0 0 0 0 0 0 0 0 0 0 0 0 0 0 0 0 0 0 0 4 4 16 0 0 3 8 0 0 0 0 0 0 0 0 0 0 0 0 0 0 0 0 0 0 0 0 0 0 0 0 0 0 0 0 0 0 0 0 0 0 0 0 0 0 0 0 0 0 0 0 0 0 0 0 0
0 0 0 0 0 0 0 0 0 0 0 8 1 0 0 0 1 0 3 1 1 0 0 0 0 0 0 0 0 0 0 0 0 0 0 0 0 0 0 0 0 0 0 1 2 0 0 0 0 0 0 0 0 0 0 3 0 0 0 0 4 0 0 0 0 0 0 0 0 0 15 22 0 0 0 0 0 0 0 0 0 0 0 0 0 0 0 0 0 0 0 0 0 0 7 0 2 0 0 1 0 0 0 0 0 0 0 0 0 0 0 0 0 0 0 0 0 0 0 0 0 0 0 0 0 0 0 0 0 0 0 0 0 0 0 0 0 0 0 0 0 0 0 0 0 0 0 0 0 0
0 0 0 0 0 0 0 0 0 2 18 2 3 0 0 7 4 0 0 0 0 0 0 0 0 0 0 0 0 0 0 0 0 0 0 0 0 0 0 0 0 0 0 1 5 0 0 0 0 0 0 0 0 0 0 1 0 0 0 3 6 2 0 0 0 0 0 0 0 0 14 0 0 0 0 0 0 0 0 0 0 0 0 0 0 0 0 0 0 0 0 0 0 0 5 19 6 0 0 0 0 0 0 0 0 0 0 0 0 0 0 0 0 0 0 0 0 0 0 0 0 0 0 0 0 0 0 0 0 0 0 0 0 0 0 0 0 0 0 0 0 0 0 0 0 0 0 0 0 0
2 0 0 0 0 2 0 0 3 1 0 1 11 4 0 11 10 2 0 0 0 0 0 0 0 0 0 0 0 0 0 0 0 0 0 0 2 0 0 0 0 0 0 8 0 0 0 0 0 0 0 0 0 0 0 0 0 0 0 24 1 0 0 0 0 0 0 0 26 3 0 0 0 0 0 0 0 0 0 0 0 0 0 0 0 0 0 0 0 0 0 0 0 0 0 0 8 4 1 1 0 0 0 0 0 0 0 0 0 0 0 0 0 0 0 0 0 0 0 0 0 0 0 0 0 0 0 0 0 0 0 0 0 0 0 0 0 0 0 0 0 0 0 0 0 0 0 0 0 0
2 0 0 0 1 5 0 1 0 1 0 0 6 0 0 0 1 9 9 0 0 0 0 0 0 0 0 0 0 0 0 0 0 0 0 0 1 5 3 5 0 0 16 1 0 0 0 0 0 0 0 0 0 0 0 0 0 0 0 0 17 10 2 0 1 0 0 19 117 36 0 0 0 0 0 0 0 0 0 0 0 0 0 0 0 0 0 0 0 0 0 0 0 0 0 0 2 0 0 0 0 0 0 0 0 0 0 0 0 0 0 0 0 0 0 0 0 0 0 0 0 0 0 0 0 0 0 0 0 0 0 0 0 0 0 0 0 0 0 0 0 0 0 0 0 0 0 0 0 0
0 1 0 1 0 0 3 0 0 0 0 7 55 16 0 1 94 0 9 8 0 0 1 37 8 1 0 0 0 0 2 2 0 0 2 1 17 18 8 4 0 1 29 0 0 0 0 0 0 0 0 0 0 0 0 0 0 0 0 0 0 0 1 1 152 61 25 0 0 0 0 0 0 0 0 0 0 0 0 0 0 0 0 0 0 0 0 0 0 0 0 0 0 0 0 0 0 0 0 0 0 0 0 0 0 0 0 0 0 0 0 0 0 0 0 0 0 0 0 0 0 0 0 0 0 0 0 0 0 0 0 0 0 0 0 0 0 0 0 0 0 0 0 0 0 0 0 0 0 0
8 76 22 1 0 0 0 0 0 0 1 3 5 0 0 0 1 1 1 3 28 110 79 10 2 0 0 0 0 0 0 0 0 0 1 20 50 4 0 5 1 6 2 0 0 0 0 0 0 0 0 0 0 0 0 0 0 0 0 0 0 0 0 0 21 9 0 0 0 0 0 0 0 0 0 0 0 0 0 0 0 0 0 0 0 0 0 0 0 2 0 0 0 0 0 0 0 0 0 0 0 0 0 0 0 0 0 0 0 0 0 0 0 0 0 0 0 0 0 0 0 0 0 0 0 0 0 0 0 0 0 0 0 0 0 0 0 0 0 0 0 0 0 0 0 0 0 0 0 0
41 20 26 5 6 2 0 0 0 0 0 0 2 0 0 3 5 8 0 4 7 62 19 13 14 8 1 0 10 26 10 0 0 0 0 0 0 3 3 4 3 114 0 0 0 0 0 0 0 0 0 0 0 0 0 0 0 0 0 0 0 0 0 0 1 0 0 0 0 0 0 0 0 0 0 0 0 0 0 0 0 0 0 0 0 0 0 0 0 14 0 0 0 0 0 0 0 0 0 0 0 0 0 0 0 0 0 0 0 0 0 0 0 0 0 0 0 0 0 0 0 0 0 0 0 0 0 0 0 0 0 0 0 0 0 0 0 0 0 0 0 0 0 0 0 0 0 0 0 0
1 0 0 4 3 0 0 0 0 0 0 2 9 0 0 0 1 8 0 4 0 0 12 11 1 6 9 6 2 18 0 0 0 0 3 2 1 0 0 0 0 1 0 0 0 0 0 0 0 0 0 0 0 0 0 0 0 0 0 0 0 0 0 0 0 0 0 0 0 0 0 0 0 0 0 0 0 0 0 0 0 0 0 0 0 0 0 0 0 0 0 0 0 0 0 0 0 0 0 0 0 0 0 0 0 0 0 0 0 0 0 0 0 0 0 0 0 0 0 0 0 0 0 0 0 0 0 0 0 0 0 0 0 0 0 0 0 0 0 0 0 0 0 0 0 0 0 0 0 0
0 0 0 0 0 0 0 0 0 0 0 0 0 2 0 0 0 4 0 5 0 0 0 4 14 11 8 6 41 1 4 0 1 9 7 1 0 1 0 0 0 0 0 0 0 0 0 0 0 0 0 0 0 0 0 0 0 0 0 0 0 0 0 0 2 0 0 0 0 0 0 0 0 0 0 0 0 0 0 0 0 0 0 0 0 0 0 0 0 0 0 0 0 0 0 0 0 0 0 0 0 0 0 0 0 0 0 0 0 0 0 0 0 0 0 0 0 0 0 0 0 0 0 0 0 0 0 0 0 0 0 0 0 0 0 0 0 0 0 0 0 0 0 0 0 0 0 0 0 0
0 0 0 0 0 0 0 0 0 0 0 0 0 0 0 0 0 0 0 0 0 2 0 0 1 0 0 11 170 70 3 10 13 66 2 0 2 0 0 0 0 0 0 0 0 0 0 0 0 0 0 0 0 0 0 0 0 0 0 0 0 0 0 0 0 0 0 0 0 0 0 0 0 0 0 0 0 0 0 0 0 0 0 0 0 0 0 0 0 0 0 0 0 0 0 0 0 0 0 0 0 0 0 0 0 0 0 0 0 0 0 0 0 0 0 0 0 0 0 0 0 0 0 0 0 0 0 0 0 0 0 0 0 0 0 0 0 0 0 0 0 0 0 0 0 0 0 0 0 0
0 1 0 0 0 0 0 0 0 0 0 0 0 0 0 0 0 0 0 0 0 0 0 0 0 4 3 10 1 9 21 1 11 24 0 0 4 0 0 0 0 0 0 0 0 0 0 0 0 0 0 0 0 0 0 0 0 0 0 0 0 0 0 0 1 0 0 0 0 0 0 0 0 0 0 0 0 0 0 0 0 0 0 0 0 0 0 0 0 0 0 0 0 0 0 0 0 0 0 0 0 0 0 0 0 0 0 0 0 0 0 0 0 0 0 0 0 0 0 0 0 0 0 0 0 0 0 0 0 0 0 0 0 0 0 0 0 0 0 0 0 0 0 0 0 0 0 0 0 0
0 0 0 0 0 0 0 0 0 0 0 0 0 4 0 0 0 0 0 0 0 0 0 0 9 2 16 0 0 0 12 0 7 2 0 1 4 1 0 0 0 0 0 0 0 0 0 0 0 0 0 0 0 0 0 0 0 0 0 0 0 0 0 0 0 0 0 0 0 0 0 0 0 0 0 0 0 0 0 0 0 0 0 0 0 0 0 0 0 0 0 0 0 0 0 0 0 0 0 0 0 0 0 0 0 0 0 0 0 0 0 0 0 0 0 0 0 0 0 0 0 0 0 0 0 0 0 0 0 0 0 0 0 0 0 0 0 0 0 0 0 0 0 0 0 0 0 0 0 0
0 0 0 0 0 0 0 0 0 0 0 0 3 8 0 0 0 0 0 0 0 0 0 0 0 0 0 0 0 0 0 0 16 0 0 1 7 5 0 0 0 0 0 0 0 0 0 0 0 0 0 0 0 0 0 0 0 0 0 0 0 0 0 0 0 0 0 0 0 0 0 0 0 0 0 0 0 0 0 0 0 0 0 0 0 0 0 0 0 0 0 0 0 0 0 0 0 0 0 0 0 0 0 0 0 0 0 0 0 0 0 0 0 0 0 0 0 0 0 0 0 0 0 0 0 0 0 0 0 0 0 0 0 0 0 0 0 0 0 0 0 0 0 0 0 0 0 0 0 0
0 0 1 0 0 0 0 0 0 0 3 7 3 1 0 0 0 0 0 0 0 0 0 0 0 0 0 25 4 1 3 0 0 0 0 0 0 0 0 0 0 0 0 0 0 0 0 0 0 0 0 0 0 0 0 0 0 0 0 0 0 0 0 0 0 0 0 0 0 0 0 0 0 0 0 0 0 0 0 0 0 0 0 0 0 0 0 0 0 0 0 0 0 0 0 0 0 0 0 0 0 0 0 0 0 0 0 0 0 0 0 0 0 0 0 0 0 0 0 0 0 0 0 0 0 0 0 0 0 0 0 0 0 0 0 0 0 0 0 0 0 0 0 0 0 0 0 0 0 0
0 0 0 0 0 0 0 0 0 2 2 3 0 0 0 0 0 0 0 0 0 0 0 0 0 0 0 6 0 0 0 0 2 7 2 0 0 0 0 0 0 0 0 0 0 0 0 0 0 0 0 0 0 0 0 0 0 0 0 0 0 0 0 0 0 0 0 0 0 0 0 0 0 0 0 0 0 0 0 0 0 0 0 0 0 0 0 0 0 0 0 0 0 0 0 0 0 0 0 0 0 0 0 0 0 0 0 0 0 0 0 0 0 0 0 0 0 0 0 0 0 0 0 0 0 0 0 0 0 0 0 0 0 0 0 0 0 0 0 0 0 0 0 0 0 0 0 0 0 0
0 0 0 0 0 0 0 0 0 0 4 0 0 1 0 0 0 0 0 0 0 0 0 0 0 0 0 0 0 0 0 0 0 2 0 0 0 0 0 0 0 0 0 0 0 0 0 0 0 0 0 0 0 0 0 0 0 0 0 0 0 0 0 0 0 0 0 0 0 0 0 0 0 0 0 0 0 0 0 0 0 0 0 0 0 0 0 0 0 0 0 0 0 0 0 0 0 0 0 0 0 0 0 0 0 0 0 0 0 0 0 0 0 0 0 0 0 0 0 0 0 0 0 0 0 0 0 0 0 0 0 0 0 0 0 0 0 0 0 0 0 0 0 0 0 0 0 0 0 0
0 0 0 0 0 0 0 0 0 3 5 0 0 0 0 0 0 0 0 0 0 0 0 0 0 0 0 0 0 0 0 0 0 0 0 0 0 0 0 0 0 0 0 0 0 0 0 0 0 0 0 0 0 0 0 0 0 0 0 0 0 0 0 0 0 0 0 0 0 0 0 0 0 0 0 0 0 0 0 0 0 0 0 0 0 0 0 0 0 0 0 0 0 0 0 0 0 0 0 0 0 0 0 0 0 0 0 0 0 0 0 0 0 0 0 0 0 0 0 0 0 0 0 0 0 0 0 0 0 0 0 0 0 0 0 0 0 0 0 0 0 0 0 0 0 0 0 0 0 0
0 0 0 0 0 0 0 0 0 1 0 0 0 0 0 0 0 0 0 0 0 0 0 0 0 0 0 0 0 0 0 0 0 0 0 0 0 0 0 0 0 0 0 0 0 0 0 1 2 0 0 1 0 0 0 0 0 0 0 0 0 0 0 0 0 0 0 0 0 0 0 0 0 0 0 0 0 0 0 0 0 0 0 0 0 0 0 0 0 0 0 0 0 0 0 0 0 0 0 0 0 0 0 0 0 0 0 0 0 0 0 0 0 0 0 0 0 0 0 0 0 0 0 0 0 0 0 0 0 0 0 0 0 0 0 0 0 0 0 0 0 0 0 0 0 0 0 0 0 0
0 0 0 1 1 0 0 0 6 23 0 0 0 0 0 0 0 0 0 0 0 0 0 0 0 0 0 0 0 0 0 0 0 0 0 0 0 0 0 0 0 0 0 0 0 0 0 0 1 1 4 0 0 0 0 0 0 0 0 0 0 0 0 0 0 0 0 0 0 0 0 0 0 0 0 0 0 0 0 0 0 0 0 0 0 0 0 0 0 0 0 0 0 0 0 0 0 0 0 0 0 0 0 0 0 0 0 0 0 0 0 0 0 0 0 0 0 0 0 0 0 0 0 0 0 0 0 0 0 0 0 0 0 0 0 0 0 0 0 0 0 0 0 0 0 0 0 0 0 0
2 1 0 0 0 1 31 30 16 2 0 0 0 0 0 0 0 0 0 0 0 0 0 0 0 0 0 0 0 0 0 0 0 0 0 0 0 0 0 0 0 0 0 0 0 0 0 0 0 53 85 1 0 0 0 0 0 0 0 0 0 0 0 0 0 0 0 0 0 0 0 0 0 0 0 0 0 0 0 0 0 0 0 0 0 0 0 0 0 0 0 0 0 0 0 0 0 0 0 0 0 0 0 0 0 0 0 0 0 0 0 0 0 0 0 0 0 0 0 0 0 0 0 0 0 0 0 0 0 0 0 0 0 0 0 0 0 0 0 0 0 0 0 0 0 0 0 0 0 0
0 0 0 0 0 0 19 64 0 0 0 0 0 0 0 0 0 0 0 0 0 0 0 0 0 0 0 0 0 0 0 0 0 0 0 0 0 0 0 0 0 0 0 0 0 0 0 0 2 0 0 0 1 1 0 0 0 0 0 0 0 0 0 0 0 0 0 0 0 0 0 0 0 0 0 0 0 0 0 0 0 0 0 0 0 0 0 0 0 0 0 0 0 0 0 0 0 0 0 0 0 0 0 0 0 0 0 0 0 0 0 0 0 0 0 0 0 0 0 0 0 0 0 0 0 0 0 0 0 0 0 0 0 0 0 0 0 0 0 0 0 0 0 0 0 0 0 0 0 0
0 0 0 0 0 0 0 0 0 0 0 0 0 0 0 0 0 0 0 0 0 0 0 0 0 0 0 0 0 0 0 0 0 0 0 0 0 0 0 0 0 0 0 0 0 0 0 0 0 0 0 0 15 42 0 0 0 0 0 0 0 0 0 0 0 0 0 0 0 0 0 0 0 0 0 0 0 0 0 0 0 0 0 0 0 0 0 0 0 0 0 0 0 0 0 0 0 0 0 0 0 0 0 0 0 0 0 0 0 0 0 0 0 0 0 0 0 0 0 0 0 0 0 0 0 0 0 0 0 0 0 0 0 0 0 0 0 0 0 0 0 0 0 0 0 0 0 0 0 0
0 0 0 0 0 0 0 0 0 0 0 0 0 0 0 0 0 0 0 0 0 0 0 0 0 0 0 0 0 0 0 0 0 0 0 1 0 0 0 0 0 0 0 0 0 0 0 0 0 0 0 0 1 2 0 0 0 0 0 0 0 0 0 0 0 0 0 0 0 0 0 0 0 0 0 0 0 0 0 0 0 0 0 0 0 0 0 0 0 0 0 0 0 0 0 0 0 0 0 0 0 0 0 0 0 0 0 0 0 0 0 0 0 0 0 0 0 0 0 0 0 0 0 0 0 0 0 0 0 0 0 0 0 0 0 0 0 0 0 0 0 0 0 0 0 0 0 0 0 0
0 0 0 0 0 0 0 0 0 0 0 0 0 0 0 0 0 0 0 0 0 0 0 0 0 0 0 0 0 0 0 0 0 0 0 0 0 119 0 0 0 0 0 0 0 0 0 0 0 0 0 0 2 0 0 0 0 0 0 0 0 0 0 0 0 0 0 0 0 0 0 0 0 0 0 0 0 0 0 0 0 0 0 0 0 0 0 0 0 0 0 0 0 0 0 0 0 0 0 0 0 0 0 0 0 0 0 0 0 0 0 0 0 0 0 0 0 0 0 0 0 0 0 0 0 0 0 0 0 0 0 0 0 0 0 0 0 0 0 0 0 0 0 0 0 0 0 0 0 0
0 0 0 0 0 0 0 0 0 0 0 0 0 0 0 0 0 0 0 0 0 0 0 0 0 0 0 0 0 0 0 0 3 0 0 0 1 0 0 0 0 0 0 0 0 0 0 0 0 0 0 0 0 1 0 0 0 0 0 0 0 0 0 0 0 0 0 0 0 0 0 0 0 0 0 0 0 0 0 0 0 0 0 0 0 0 0 0 0 0 0 0 0 0 0 0 0 0 0 0 0 0 0 0 0 0 0 0 0 0 0 0 0 0 0 0 0 0 0 0 0 0 0 0 0 0 0 0 0 0 0 0 0 0 0 0 0 0 0 0 0 0 0 0 0 0 0 0 0 0
0 0 0 0 0 0 0 0 0 0 0 0 0 0 0 0 0 0 0 0 0 0 0 0 0 0 0 0 0 0 0 0 0 1 4 0 0 0 0 0 0 0 0 0 0 0 0 0 0 0 0 0 0 1 0 0 0 0 0 0 0 0 0 0 0 0 0 0 0 0 0 0 0 0 0 0 0 0 0 0 0 0 0 0 0 0 0 0 0 0 0 0 0 0 0 0 0 0 0 0 0 0 0 0 0 0 0 0 0 0 0 0 0 0 0 0 0 0 0 0 0 0 0 0 0 0 0 0 0 0 0 0 0 0 0 0 0 0 0 0 0 0 0 0 0 0 0 0 0 0
0 0 0 0 0 0 0 0 0 0 0 0 0 0 0 0 0 0 0 0 0 0 0 0 0 0 0 0 0 0 2 13 4 0 0 0 0 0 0 0 0 0 0 0 0 0 0 0 0 0 0 0 0 0 0 0 0 0 0 0 0 0 0 0 0 0 0 0 0 0 0 0 0 0 0 0 0 0 0 0 0 0 0 0 0 0 0 0 0 0 0 0 0 0 0 0 0 0 0 0 0 0 0 0 0 0 0 0 0 0 0 0 0 0 0 0 0 0 0 0 0 0 0 0 0 0 0 0 0 0 0 0 0 0 0 0 0 0 0 0 0 0 0 0 0 0 0 0 0 0
0 0 0 0 0 0 0 0 0 0 0 0 0 0 0 0 0 0 0 0 0 0 0 0 0 0 0 0 0 0 5 9 0 0 0 0 3 0 0 0 0 0 0 0 0 0 0 0 0 0 0 0 0 0 0 0 0 0 0 0 0 0 0 0 0 0 0 0 0 0 0 0 0 0 0 0 0 0 0 0 0 0 0 0 0 0 0 0 0 0 0 0 0 0 0 0 0 0 0 0 0 0 0 0 0 0 0 0 0 0 0 0 0 0 0 0 0 0 0 0 0 0 0 0 0 0 0 0 0 0 0 0 0 0 0 0 0 0 0 0 0 0 0 0 0 0 0 0 0 0
0 0 0 0 0 0 0 0 0 0 0 0 0 0 0 0 0 0 0 0 0 0 0 0 0 0 1 1 0 5 0 0 0 0 0 0 1 0 0 0 0 0 0 0 0 0 0 0 0 0 0 0 0 0 0 0 0 0 0 0 0 0 0 0 0 0 0 0 0 0 0 0 0 0 0 0 0 0 0 0 0 0 0 0 0 0 0 0 0 0 0 0 0 0 0 0 0 0 0 0 0 0 0 0 0 0 0 0 0 0 0 0 0 0 0 0 0 0 0 0 0 0 0 0 0 0 0 0 0 0 0 0 0 0 0 0 0 0 0 0 0 0 0 0 0 0 0 0 7 0
0 0 0 0 0 0 0 0 0 0 0 0 0 0 0 0 0 0 0 0 0 0 0 0 0 0 0 0 0 167 49 0 0 0 0 1 0 0 0 0 0 0 0 0 0 0 0 0 1 0 0 0 0 0 0 0 0 0 0 0 0 0 0 0 0 0 0 0 0 0 0 0 0 0 0 0 0 0 0 0 0 0 0 0 0 0 0 0 0 0 0 0 0 0 0 0 0 0 0 0 0 0 0 0 0 0 0 0 0 0 0 0 0 0 0 0 0 0 0 0 0 0 0 0 0 0 0 0 0 0 0 0 0 0 0 0 0 0 0 0 0 0 0 0 0 0 0 0 0 0
0 0 0 0 0 0 0 0 0 0 0 0 0 0 0 0 0 0 0 0 0 0 0 0 0 0 5 0 0 0 0 0 0 3 0 0 0 0 0 0 0 0 0 0 0 0 0 0 0 70 0 0 0 0 0 0 0 0 0 0 0 0 0 0 0 0 0 0 0 0 0 0 0 0 0 0 0 0 0 0 0 0 0 0 0 0 0 0 0 0 0 0 0 0 0 0 0 0 0 0 0 0 0 0 0 0 0 0 0 0 0 0 0 0 0 0 0 0 0 0 0 0 0 0 0 0 0 0 0 0 0 0 0 0 0 0 0 0 0 0 0 0 0 0 0 0 0 0 0 0
0 0 0 0 0 0 0 0 0 0 0 0 0 0 0 0 0 0 0 0 0 0 0 0 0 0 18 0 0 0 0 0 0 0 0 0 0 0 0 0 0 0 0 0 0 0 0 0 8 0 0 0 0 0 0 0 0 0 0 0 0 0 0 0 0 0 0 0 0 0 0 0 0 0 0 0 0 0 0 0 0 0 0 0 0 0 0 0 0 0 0 0 0 0 0 0 0 0 0 0 0 0 0 0 0 0 0 0 0 0 0 0 0 0 0 0 0 0 0 0 0 0 0 0 0 0 0 0 0 0 0 0 0 0 0 0 0 0 0 0 0 0 0 0 0 0 0 0 0 0
0 0 0 0 0 0 0 0 0 0 0 0 0 0 0 0 0 0 0 0 0 0 0 0 0 0 0 2 23 0 0 0 0 0 0 0 0 0 0 0 0 0 0 0 0 0 0 0 0 0 0 0 0 0 0 0 0 0 0 0 0 0 0 0 0 0 0 0 0 0 0 0 0 0 0 0 0 0 0 0 0 0 0 0 0 0 0 0 0 0 0 0 0 0 0 0 0 0 0 0 0 0 0 0 0 0 0 0 0 0 0 0 0 0 0 0 0 0 0 0 0 0 0 0 0 0 0 0 0 0 0 0 0 0 0 0 0 0 0 0 0 0 0 0 0 0 0 0 0 0
0 0 0 0 0 0 0 0 0 0 0 0 0 0 0 0 0 0 0 0 0 0 0 0 0 0 0 0 0 0 0 0 0 0 0 0 0 0 0 0 0 0 0 0 0 0 0 0 0 0 0 0 0 0 0 0 0 0 0 0 0 0 0 0 0 0 0 0 0 0 0 0 0 0 0 0 0 0 0 0 0 0 0 0 0 0 0 0 0 0 0 0 0 0 0 0 0 0 0 0 0 0 0 0 0 0 0 0 0 0 0 0 0 0 0 0 0 0 0 0 0 0 0 0 0 0 0 0 0 0 0 0 0 0 0 0 0 0 0 0 0 0 0 0 0 0 0 0 0 0
0 0 0 0 0 0 0 0 0 0 0 0 0 0 0 0 0 0 0 0 0 0 0 0 0 0 0 0 0 0 0 0 0 0 0 0 0 0 0 0 0 0 0 0 0 0 0 0 0 0 0 0 0 0 0 0 0 0 0 0 0 0 0 0 0 0 0 0 0 0 0 0 0 0 0 0 0 0 0 0 0 0 0 0 0 0 0 0 0 0 0 0 0 0 0 0 0 0 0 0 0 0 0 0 0 0 0 0 0 0 0 0 0 0 0 0 0 0 0 0 0 0 0 0 0 0 0 0 0 0 0 0 0 0 0 0 0 0 0 0 0 0 0 0 0 0 0 0 0 0
0 0 0 0 0 0 0 0 0 0 0 0 0 0 0 0 0 0 0 0 0 0 0 0 0 0 0 0 0 0 0 0 0 0 0 0 0 0 0 0 0 0 0 0 0 0 0 0 0 0 0 0 0 0 0 0 0 0 0 0 0 0 0 0 0 0 0 0 0 0 0 0 0 0 0 0 0 0 0 0 0 0 0 0 0 0 0 0 0 0 0 0 0 0 0 0 0 0 0 0 0 0 0 0 0 0 0 0 0 0 0 0 0 0 0 0 0 0 0 0 0 0 0 0 0 0 0 0 0 0 0 0 0 0 0 0 0 0 0 0 0 0 0 0 0 0 0 0 0 0
0 0 0 0 0 0 0 0 0 0 0 0 0 0 0 0 0 0 0 0 0 0 0 0 0 0 0 0 0 0 0 0 0 0 0 0 0 0 0 0 0 0 0 0 0 0 0 0 0 0 0 0 0 0 0 0 0 0 0 0 0 0 0 0 0 0 0 0 0 0 0 0 0 0 0 0 0 0 0 0 0 0 0 0 0 0 0 0 0 0 0 0 0 0 0 0 0 0 0 0 0 0 0 0 0 0 0 0 0 0 0 0 0 0 0 0 0 0 0 0 0 0 0 0 0 0 0 0 0 0 0 0 0 1 0 0 0 0 0 0 0 0 0 0 0 0 0 0 0 0
0 0 0 0 0 0 0 0 0 0 0 0 0 0 0 0 0 0 0 0 0 0 0 0 0 0 0 0 0 0 0 0 0 0 0 0 0 0 0 0 0 0 0 0 0 0 0 0 0 0 0 0 0 0 0 0 0 0 0 0 0 0 0 0 0 0 0 0 0 0 0 0 0 0 0 0 0 0 0 0 0 0 0 0 0 0 0 0 0 0 0 0 0 0 0 0 0 0 0 0 0 0 0 0 0 0 0 0 0 0 0 0 0 0 0 0 0 0 0 0 0 0 0 0 0 0 0 0 0 0 0 0 0 0 0 0 0 0 0 0 0 0 0 0 0 0 0 0 0 0
