0 1 38 9 0 0 0 1 23 93 6 10 0 7 0 0 0 4 0 0 4 1 2 0 0 8 0 1 0 0 0 0 0 2 7 0 0 0 0 2 0 0 0 0 5 0 0 0 0 0 0 0 0 1 0 0 0 0 0 2 65 14 4 7 0 4 7 0 0 0 0 1 18 249 254 392 129 17 57 6 22 543 54 63 78 246 193 193 52 246 1027 648 98 608 554 718 1051 598 1208 281 241 124 19 19 29 43 57 641 393 21 18 3 35 108 72 36 15 9 3 1 2 44 33 27 1 3 0 3 23 15 2 10 0 2 1 0 0 0 0 0 0 0 0 0 0 0 0 0 0 20
0 10 6 8 0 0 0 0 0 24 10 23 13 2 0 0 0 0 5 0 0 1 43 1 11 32 3 11 0 0 0 0 0 0 0 0 0 0 1 0 0 0 0 0 0 0 0 0 0 0 0 0 3 0 0 0 0 0 0 33 138 22 10 122 7 0 0 0 0 0 0 3 41 58 27 6 114 72 18 21 122 73 6 4 138 282 382 119 360 277 59 63 322 376 250 319 648 672 979 1165 366 99 54 21 9 15 4 47 93 12 21 23 3 30 153 44 3 19 6 22 7 8 24 12 7 0 5 1 14 66 36 0 22 24 0 0 0 0 0 66 1 0 0 0 0 0 0 0 0 0
1 0 0 3 5 0 0 0 1 13 1 2 17 0 1 0 0 0 1 0 0 17 94 33 8 2 4 76 0 0 0 0 0 7 0 3 1 7 0 0 0 0 0 0 0 0 0 0 0 0 0 0 0 0 6 0 0 0 4 7 11 25 7 8 0 0 1 0 0 0 0 1 5 0 0 1 0 39 179 282 344 80 3 35 41 218 518 224 2 18 109 41 121 713 596 919 216 466 380 671 847 381 30 65 24 17 7 27 349 134 53 2 3 9 11 17 38 61 52 20 70 22 10 11 5 0 6 8 0 19 15 1 95 195 0 0 6 0 8 24 1 0 0 0 0 0 0 0 0 0
34 3 0 0 0 0 0 0 0 0 1 1 0 0 0 0 0 0 2 3 0 0 0 18 7 0 3 39 16 0 5 0 0 1 0 0 0 0 0 0 0 0 0 0 0 0 0 0 0 0 0 0 0 0 114 40 1 15 42 4 1 0 7 18 0 0 0 0 0 3 8 105 20 2 7 17 10 187 294 570 136 59 9 139 216 24 37 203 2 189 1077 887 1329 637 995 421 133 249 587 555 617 605 254 26 10 133 42 32 376 67 14 15 26 19 0 16 12 76 59 26 44 123 34 8 5 0 0 0 37 1 4 12 30 0 23 0 7 0 0 14 75 0 0 0 0 0 0 0 0 0
1 14 2 0 0 0 0 0 6 6 3 2 0 0 0 5 7 5 1 1 4 2 4 0 4 1 2 0 0 2 1 0 0 0 0 28 7 0 1 0 0 0 0 0 0 0 0 0 0 0 0 0 0 1 44 148 77 44 4 0 4 0 0 21 0 0 0 0 1 10 137 51 131 136 27 98 87 262 319 246 271 264 286 13 240 162 45 112 19 404 1410 1341 471 687 428 330 93 860 346 889 1102 944 1115 797 416 144 96 25 6 19 16 45 22 38 6 1 2 27 73 62 304 1230 162 44 4 10 0 0 2 15 4 2 0 0 25 1 0 1 0 0 39 0 0 0 0 0 0 0 0 0
33 0 0 1 1 0 0 0 9 0 10 0 0 0 0 0 0 3 17 67 7 7 0 0 0 0 0 1 0 2 0 3 0 1 9 117 47 4 1 1 0 0 0 0 0 0 0 0 0 1 9 1 0 4 17 87 27 14 10 3 1 0 4 2 0 0 0 0 1 35 86 207 160 115 121 39 48 28 75 271 683 629 363 51 1 180 112 30 8 166 1608 933 155 344 695 749 129 1356 506 624 663 534 1186 510 27 121 28 52 13 5 1 5 3 79 12 27 22 9 0 31 120 201 5 5 11 13 1 3 6 1 9 0 0 0 0 0 10 0 0 0 1 0 0 0 0 0 0 0 0 0
3 0 0 3 0 0 0 0 2 5 3 0 0 1 0 0 0 0 0 0 0 0 0 0 0 0 0 0 0 1 2 0 0 1 1 17 6 0 3 0 0 0 0 0 0 0 0 0 0 0 0 3 2 3 2 26 7 0 56 42 1 8 1 0 4 0 0 0 0 45 64 106 319 478 400 139 402 227 352 588 785 542 1161 720 122 29 8 138 82 94 1284 1087 118 521 888 432 378 465 667 68 28 316 155 189 32 38 74 8 20 6 39 208 268 29 47 43 5 1 27 32 76 148 6 4 8 7 11 5 0 10 0 0 0 0 0 0 0 4 0 0 0 0 5 0 0 0 0 0 0 0
4 0 0 2 0 0 0 0 1 1 0 0 0 1 0 0 0 0 0 0 0 0 0 0 0 0 0 0 0 4 10 0 0 0 9 10 3 1 25 16 0 0 0 0 0 0 0 0 0 0 0 0 25 14 4 15 2 14 47 110 58 39 90 9 22 45 0 0 4 32 6 6 43 65 46 40 103 190 770 1044 1063 554 896 229 213 191 181 474 323 94 500 98 83 484 338 399 278 943 895 206 171 333 435 668 191 118 18 57 209 34 337 625 79 89 21 83 1 5 3 25 35 8 8 12 17 4 17 1 13 0 0 0 0 0 0 0 0 0 0 0 0 0 0 0 0 0 0 0 0 0
3 0 0 0 0 0 0 0 2 4 0 0 0 0 5 0 0 0 0 0 0 0 0 0 0 0 0 0 0 0 0 0 0 0 1 0 0 4 0 3 0 0 0 0 0 0 0 0 0 2 0 0 2 11 0 0 1 8 27 50 422 377 9 3 7 24 3 6 2 16 0 0 0 8 3 27 16 40 83 601 912 946 829 138 12 16 164 389 424 64 10 23 298 788 1484 1361 135 446 264 214 370 129 169 340 926 143 215 264 61 281 1041 278 298 47 46 20 3 11 8 11 8 2 10 46 24 0 2 4 0 0 7 0 0 0 0 0 0 0 0 0 0 0 0 0 0 0 0 0 0 0
2 0 0 0 0 0 0 0 8 8 0 0 0 0 0 0 0 0 0 0 0 0 0 0 0 0 0 0 0 0 0 0 0 0 0 0 0 0 0 1 1 0 0 0 0 0 0 0 0 0 6 0 19 9 0 1 4 2 1 39 53 163 27 43 0 3 0 0 0 0 0 0 0 2 0 24 10 25 226 829 1081 892 859 344 1156 1025 386 159 168 184 90 2 11 533 1038 1484 780 153 114 13 73 170 25 5 160 498 387 300 116 38 666 1104 239 35 6 345 525 766 244 57 28 13 27 46 27 21 10 0 2 32 71 17 0 0 0 0 0 0 0 0 0 0 0 0 0 0 0 0 0 0
0 0 17 0 0 0 0 0 3 2 7 2 0 0 0 2 14 0 2 0 0 0 0 0 0 0 0 0 0 0 0 0 0 0 1 1 0 0 0 0 0 0 7 0 0 0 0 2 3 16 16 0 10 19 0 0 0 14 22 38 0 119 9 11 0 0 0 0 0 1 0 0 0 0 0 0 7 32 125 354 526 361 605 336 191 334 275 378 604 452 57 1 4 177 414 629 1015 57 35 66 20 16 4 17 99 300 971 441 230 142 585 132 182 36 3 172 306 788 482 274 397 315 459 159 152 536 85 247 98 64 8 130 16 40 14 0 0 0 0 0 0 0 0 0 0 0 0 0 0 0
1 0 1 0 0 0 0 0 10 0 0 0 0 0 0 0 7 8 3 0 0 0 0 0 0 0 0 0 0 0 0 0 0 0 5 2 0 0 0 1 0 4 4 0 5 0 2 1 4 0 0 0 13 3 5 1 3 1 1 12 6 4 0 0 0 14 0 3 0 0 0 0 0 0 0 1 17 27 233 310 756 140 46 56 145 129 19 21 148 690 36 0 0 6 23 99 869 462 354 23 0 10 13 49 21 74 556 170 30 95 337 276 95 246 44 312 880 192 589 932 406 673 239 131 256 238 0 0 0 31 3 1 119 48 21 0 1 0 0 0 0 0 0 0 0 0 0 0 0 0
1 0 0 0 0 0 0 1 1 7 0 0 0 0 0 0 0 25 4 6 2 2 0 0 0 0 0 0 0 0 0 1 0 0 0 0 0 0 0 0 0 0 7 0 33 0 0 5 0 0 0 0 4 0 3 0 0 0 5 4 1 15 8 0 0 0 0 1 0 1 5 0 0 0 0 40 240 137 165 50 231 337 31 1 21 21 9 0 0 0 2 0 6 48 96 24 660 430 567 447 22 3 50 18 63 9 27 229 610 398 890 783 158 1089 259 109 33 119 1517 1279 238 298 154 2 84 280 10 0 29 15 0 0 8 11 0 0 0 0 0 0 0 0 0 0 0 0 0 0 0 0
0 0 0 0 0 0 2 3 0 1 0 0 0 0 0 0 0 0 115 12 9 6 0 0 0 0 0 0 0 6 11 8 0 0 0 0 2 0 0 0 0 0 0 77 37 0 0 0 0 0 3 34 0 0 0 0 0 0 14 0 13 16 2 1 0 0 43 42 15 44 49 0 0 0 20 442 922 504 188 18 97 487 140 4 22 241 16 2 1 34 1 0 0 60 9 41 109 626 225 201 0 10 328 123 387 70 157 508 399 783 1166 1084 1006 295 536 304 385 258 1508 478 266 123 1 2 0 12 16 0 85 8 0 0 0 5 0 0 0 0 0 0 0 0 0 0 0 0 0 0 0 0
0 0 0 0 0 0 0 3 9 2 0 0 0 0 0 0 0 0 3 3 20 0 0 0 0 1 0 0 0 0 4 0 0 0 0 0 0 0 0 0 0 0 0 9 32 0 0 0 0 7 9 37 2 0 1 5 3 11 15 24 80 40 11 35 9 189 159 209 186 151 43 1 0 1 59 690 1284 1346 502 96 1 179 77 3 3 22 23 21 0 54 16 19 1 2 0 6 11 353 231 271 15 93 447 589 1738 1409 2308 1226 854 832 1288 602 711 580 617 259 162 118 103 131 205 146 30 9 0 24 36 14 6 14 0 0 0 0 0 0 0 0 0 0 0 0 0 0 0 0 0 0 0 0
0 0 0 0 0 0 0 36 90 4 1 0 0 0 0 0 1 0 0 3 0 1 22 3 0 0 0 0 0 7 0 0 0 0 0 0 0 0 0 0 0 0 0 0 1 46 0 0 0 33 121 185 2 0 0 10 40 95 10 93 52 30 9 41 40 41 166 105 92 232 244 82 110 177 862 1107 1929 1031 324 14 5 16 0 0 0 0 22 42 3 59 0 16 0 0 0 5 41 12 43 30 8 3 1217 827 641 804 1075 330 604 935 1033 837 1066 452 429 136 29 168 251 161 29 4 305 465 81 154 12 0 1 6 0 0 0 0 24 2 0 0 0 0 0 0 0 0 0 0 0 0 0 0
0 0 0 0 0 0 0 5 1 1 0 0 1 0 0 1 5 2 2 0 0 0 2 19 7 7 2 0 1 0 0 0 0 0 0 0 0 1 0 0 0 0 1 0 0 41 1 1 0 13 24 3 8 38 19 65 66 133 102 78 12 3 5 0 3 2 1 0 0 0 1 3 123 54 302 441 668 278 66 0 0 0 0 0 0 10 0 56 73 9 0 6 7 0 5 53 24 0 11 76 10 268 743 944 452 262 521 285 504 802 663 598 814 389 427 137 83 95 217 11 0 2 26 27 40 655 2 8 6 0 0 0 0 0 0 0 0 0 0 0 0 0 0 0 0 0 0 0 0 0
0 0 0 0 2 1 0 1 0 0 0 0 0 0 0 0 0 2 0 0 0 0 5 0 4 1 11 21 3 0 0 0 0 0 0 0 2 0 0 0 0 0 0 1 0 49 80 21 6 45 38 40 21 93 40 26 69 100 492 18 2 2 0 0 4 4 25 239 6 29 85 3 143 19 53 150 22 225 35 0 0 0 2 1 0 0 0 7 80 1 0 35 95 102 14 20 2 0 223 617 203 142 211 94 121 642 425 227 692 673 112 177 52 194 182 32 104 216 56 6 0 2 4 15 156 839 253 14 2 9 0 0 0 0 0 0 0 0 0 0 0 0 0 0 0 0 0 0 0 0
0 0 2 2 3 7 0 0 0 0 0 1 0 0 0 0 0 0 0 0 0 1 0 7 2 1 54 56 24 0 0 0 0 0 1 11 3 0 0 0 0 0 0 11 37 26 25 1 29 366 45 23 29 42 15 28 68 103 73 38 78 15 0 0 1 3 3 4 4 91 23 28 42 13 5 93 16 2 2 1 18 0 12 48 0 15 23 6 1 1 3 29 71 312 42 0 0 97 314 27 121 254 81 14 131 202 198 556 493 1 0 133 10 557 53 0 8 2 0 0 0 0 7 6 43 214 267 312 3 1 0 0 0 0 0 0 0 0 0 0 0 0 0 0 0 0 0 0 0 0
0 0 1 1 0 0 0 0 0 0 0 0 0 1 0 0 0 0 0 1 4 41 57 2 13 5 6 23 143 4 0 3 1 0 0 0 0 0 0 0 0 0 1 16 8 138 106 9 10 214 47 7 0 15 85 5 1 57 2 0 4 0 0 0 0 49 0 0 11 15 66 66 6 0 0 46 3 0 1 0 2 0 0 1 0 30 34 0 8 4 1 25 14 4 3 28 0 8 4 2 749 901 770 139 83 326 147 339 148 0 0 0 2 185 11 0 0 0 0 0 0 0 1 112 43 4 14 123 5 0 0 0 0 0 0 0 0 0 0 0 0 0 0 0 0 0 0 0 0 0
0 0 0 0 5 1 0 0 0 0 0 0 0 0 0 0 0 5 1 1 4 4 6 3 0 25 1 13 0 1 1 20 5 0 0 0 0 0 0 0 1 3 18 19 34 24 26 57 65 435 348 123 28 50 15 15 11 4 8 0 0 15 11 15 244 81 1 0 8 14 106 45 0 0 7 145 275 24 1 35 14 9 7 6 2 0 19 4 17 3 1 1 0 0 0 0 0 0 255 355 1229 860 482 189 2 29 108 171 3 0 0 0 0 16 0 0 0 0 0 0 0 0 8 3 0 0 40 365 1 0 0 0 0 0 0 0 0 0 2 0 0 0 0 0 0 0 0 0 0 0
0 0 0 0 0 0 0 0 0 0 0 0 0 0 1 0 0 0 0 1 1 13 14 5 3 3 0 0 0 1 14 45 12 12 0 0 0 4 0 0 164 40 0 0 0 0 2 1 34 637 464 332 70 2 1 1 1 7 0 0 4 0 1 0 13 34 13 0 8 78 32 23 18 0 0 14 175 83 50 94 23 38 7 37 14 3 8 7 221 109 18 2 4 7 6 8 10 1 62 281 144 53 36 3 7 4 156 84 7 0 0 0 5 60 0 0 0 0 0 0 0 0 0 0 0 55 50 0 2 0 0 0 0 0 0 0 0 0 0 0 0 0 0 0 0 0 0 0 0 0
0 0 0 0 0 0 0 0 0 0 0 0 0 0 1 0 0 0 0 0 0 1 5 4 3 0 0 0 0 0 0 0 20 18 2 0 7 179 14 24 13 0 0 0 0 0 11 2 26 560 443 129 24 0 0 0 0 0 4 0 0 0 0 0 11 1 42 3 0 5 8 43 31 3 0 1 3 1 38 26 0 48 30 0 0 25 14 0 0 0 2 3 5 5 0 0 3 0 0 1 0 0 9 66 35 39 53 92 128 126 107 9 47 0 0 0 0 0 0 0 0 0 0 8 44 103 130 5 0 0 0 0 0 0 0 0 0 0 0 0 0 0 0 0 0 0 0 0 0 0
0 0 2 0 0 0 0 0 0 0 0 0 0 0 1 0 0 0 0 1 16 1 0 1 1 0 0 0 0 4 0 2 25 13 9 13 18 35 21 4 0 0 0 0 2 101 27 33 11 150 136 26 13 0 0 0 2 4 2 0 0 0 0 0 2 0 1 2 0 0 4 11 136 114 7 4 0 0 0 0 0 1 71 217 7 0 1 1 0 0 64 0 0 1 1 1 0 0 0 6 3 1 3 95 57 36 13 0 9 27 0 92 15 0 0 0 0 0 0 0 0 0 1 37 9 6 48 97 0 0 0 0 0 0 0 0 0 0 0 0 0 0 0 0 0 0 0 0 0 0
0 0 0 0 0 0 0 0 0 0 0 0 0 0 0 0 0 0 0 0 1 0 0 0 0 0 3 0 0 0 0 4 5 18 36 0 0 93 0 0 0 0 0 58 13 40 67 3 1 25 117 44 26 20 42 3 0 0 0 1 0 0 0 0 0 0 0 8 3 5 1 3 6 1 42 13 0 0 0 0 0 0 25 60 14 6 0 0 0 3 3 5 1 1 1 0 3 2 1 10 11 4 4 39 703 0 0 1 0 0 0 8 1 0 0 0 3 0 0 0 0 0 0 0 0 48 95 21 0 0 0 0 0 0 0 0 8 0 0 0 1 0 0 0 0 0 0 0 0 0
0 0 0 0 0 0 0 0 0 0 0 0 0 0 0 0 0 0 1 0 0 0 0 0 0 0 2 4 0 0 0 0 11 21 29 0 0 67 1 0 0 0 1 1 142 10 2 0 11 0 82 0 0 0 0 0 0 0 0 0 0 0 0 0 13 5 0 1 6 6 4 23 0 3 7 1 20 0 0 0 0 0 0 5 0 17 1 5 4 19 0 1 1 4 11 2 0 1 0 14 10 21 17 201 269 259 0 0 0 0 0 0 3 0 22 12 0 0 0 0 0 0 0 0 0 46 12 39 1 1 0 0 0 0 0 0 6 43 0 0 0 0 0 0 0 0 0 0 0 0
0 0 0 0 0 0 0 0 0 0 4 0 0 0 11 0 0 0 0 0 0 0 0 1 0 0 0 32 1 0 0 5 4 11 9 1 1 2 1 2 3 0 0 3 46 6 3 0 0 6 25 12 0 0 1 3 0 0 0 0 0 0 0 0 15 0 0 0 0 0 9 3 0 0 0 5 7 0 0 0 2 0 9 4 2 8 29 11 4 0 0 1 0 0 0 8 15 0 0 0 9 12 9 14 21 329 44 0 0 0 0 0 0 3 2 19 0 0 3 0 0 0 0 0 13 171 8 22 0 0 0 0 0 0 10 0 1 12 0 0 0 0 0 0 0 0 0 0 0 0
0 0 0 0 0 0 0 0 1 0 0 2 0 2 0 0 15 24 5 2 4 11 2 0 0 0 0 4 0 2 15 3 0 26 10 1 0 10 8 14 55 52 33 135 134 16 4 2 0 3 0 49 22 6 3 9 0 0 0 0 0 0 0 0 1 0 0 0 1 3 34 13 2 0 0 0 1 17 0 0 0 0 0 0 2 0 2 5 21 0 0 0 1 4 0 0 0 0 0 3 0 5 6 6 20 1201 772 30 0 0 0 0 0 0 0 0 10 223 66 3 0 0 0 2 59 49 90 170 124 25 0 0 0 0 0 4 9 2 0 0 0 0 0 0 0 0 0 0 0 0
0 0 0 0 0 0 0 2 0 0 2 10 4 6 8 8 21 134 0 1 0 0 3 0 0 0 0 19 44 13 2 10 21 1 6 23 30 27 70 161 403 801 414 314 86 21 0 0 0 0 0 1 22 17 2 0 0 0 0 0 0 0 0 0 0 0 0 0 0 0 5 30 0 0 1 4 0 18 5 0 0 7 4 0 10 0 0 0 9 2 1 2 2 0 12 39 6 0 0 1 1 0 64 21 273 421 254 369 0 0 0 0 0 0 0 0 180 76 10 0 0 0 4 80 90 212 1222 617 191 5 0 0 0 12 0 0 0 0 0 0 0 0 0 0 0 0 0 0 0 0
0 0 0 0 0 0 0 0 1 6 27 60 43 1 0 0 2 24 2 2 0 1 1 39 8 6 7 3 0 5 5 1 2 3 51 41 2 13 215 321 720 1013 752 877 35 1 0 0 0 0 4 4 19 108 18 7 0 0 0 0 0 0 0 0 0 0 0 0 0 0 6 2 0 0 0 0 0 3 5 0 0 0 1 0 9 0 0 0 0 9 0 4 6 13 1 12 0 0 0 0 0 0 21 2 11 110 0 109 24 0 0 0 0 0 48 31 609 409 60 48 13 4 4 66 155 62 402 639 545 344 16 71 21 83 1 0 0 0 0 0 0 0 0 0 0 0 0 0 0 0
0 0 0 0 0 0 0 3 3 7 5 2 0 0 8 7 0 3 9 10 0 8 223 27 0 0 0 1 0 6 12 9 0 2 5 18 26 37 80 89 760 506 474 269 83 6 5 0 0 2 3 3 13 7 2 1 1 0 0 0 0 0 0 0 0 0 0 0 0 0 0 0 0 0 0 0 5 18 1 0 0 12 18 1 23 0 0 0 25 29 0 0 4 11 0 0 2 6 1 0 0 0 1 7 1 4 0 0 19 0 3 8 1 0 49 1125 717 603 173 195 153 171 38 2 4 5 21 209 2 93 4 377 922 52 12 4 0 0 0 0 0 0 0 0 0 0 0 0 0 0
0 0 0 0 0 0 2 3 0 1 10 5 1 0 0 2 0 0 47 22 310 200 1 0 0 0 0 1 31 18 3 2 7 78 20 6 0 8 0 185 623 495 532 285 88 12 0 0 3 3 1 0 4 7 8 3 0 0 0 0 0 0 0 0 0 0 0 0 0 0 0 0 0 0 0 0 0 2 5 0 8 31 24 249 26 0 0 0 0 0 0 0 7 3 1 1 6 13 0 0 0 0 0 1 7 5 3 20 213 192 248 602 176 123 539 1117 608 423 85 536 138 204 12 8 88 41 45 194 3 0 22 269 300 29 44 7 0 0 0 0 0 0 0 0 0 0 0 0 0 0
0 0 0 0 0 1 0 7 2 2 2 0 0 2 0 11 14 10 17 29 98 0 0 0 0 0 0 1 1 23 7 18 5 1 5 25 4 4 13 23 88 109 32 24 2 0 0 0 1 12 3 0 61 17 1 0 4 10 0 0 0 0 0 0 0 0 0 0 0 0 0 0 0 0 0 1 0 34 14 1 0 5 8 8 0 0 0 0 0 0 0 0 0 1 4 5 3 0 0 0 3 0 0 0 0 4 13 20 177 123 148 127 24 383 1465 676 210 475 62 438 181 6 0 45 3 9 19 0 0 0 51 312 0 0 1 0 0 0 0 0 0 0 0 0 0 0 0 0 0 0
0 0 0 0 0 1 11 13 19 3 2 0 0 1 23 3 0 2 59 41 27 0 0 0 0 0 2 0 1 13 78 0 3 2 16 0 0 0 2 0 28 19 8 1 0 0 0 0 0 1 0 10 274 9 66 28 36 1 1 0 0 0 0 0 0 0 0 0 0 0 0 0 0 0 0 0 2 15 0 2 0 0 0 0 0 0 0 0 1 0 0 0 3 22 3 1 8 8 0 2 14 0 0 0 0 1 7 79 52 4 0 17 320 154 303 611 246 182 212 110 358 0 0 0 0 0 1 0 0 0 5 162 20 0 0 0 0 0 0 0 0 0 0 0 0 0 0 0 0 0
0 0 0 0 0 6 2 9 3 4 0 0 4 9 1 8 25 10 2 3 1 1 4 0 0 0 0 22 18 27 46 50 27 2 5 3 0 1 1 0 7 13 22 0 0 0 6 0 0 0 1 16 170 99 7 17 2 0 0 0 0 0 0 0 0 0 0 0 0 0 0 0 0 0 0 0 12 7 2 0 0 2 1 0 0 0 0 0 0 1 21 7 48 61 3 5 4 2 0 0 5 0 0 0 0 0 4 157 739 9 0 0 1 0 1 1 3 45 401 734 58 0 0 0 0 0 0 0 0 0 0 4 58 5 0 0 0 0 0 0 0 0 0 0 0 0 0 0 0 0
4 4 2 1 1 0 18 54 8 2 25 14 13 0 0 134 74 26 4 11 1 1 7 1 28 1 1 6 2 2 10 15 13 3 1 0 0 0 2 2 13 2 0 1 2 0 11 0 0 0 0 30 8 9 18 1 5 0 0 0 0 0 0 0 0 0 0 0 0 0 0 0 0 0 0 0 7 48 1 0 0 0 0 0 0 0 0 0 23 0 6 0 2 28 1 0 0 0 2 1 0 1 7 0 0 11 50 35 168 0 0 0 0 0 9 0 0 15 108 370 76 8 1 0 13 55 0 0 0 80 110 23 30 9 0 0 0 0 0 0 0 0 0 0 0 0 0 0 0 0
1 1 0 0 0 5 7 0 0 10 75 18 6 2 10 49 44 26 9 30 0 1 0 0 0 3 23 3 1 1 7 0 3 2 20 0 0 0 0 4 0 19 7 0 2 0 7 2 0 0 8 47 33 58 37 5 2 0 0 0 0 0 0 0 0 0 0 0 0 0 0 0 0 0 0 0 1 51 203 5 0 1 0 0 0 0 0 100 21 0 5 3 11 0 0 6 0 1 3 4 31 13 13 9 1 9 30 19 449 12 0 0 0 14 51 48 160 499 52 329 470 69 2 8 350 107 0 0 0 164 151 0 0 0 0 0 0 0 0 0 0 0 0 0 0 0 0 0 0 0
0 0 1 0 0 4 7 5 6 6 25 286 7 9 0 1 2 11 3 1 0 0 1 24 11 1 1 1 37 2 0 1 0 15 0 0 1 0 2 1 26 11 32 5 10 1 5 1 0 0 0 84 24 5 1 2 0 0 0 0 0 0 0 0 0 0 0 0 0 0 0 0 0 0 0 0 0 9 50 5 0 0 0 0 0 0 1 14 0 0 0 0 0 0 0 0 0 0 9 3 0 1 3 0 20 0 14 27 101 12 0 0 0 0 112 472 984 612 106 43 87 154 72 88 162 1 0 2 95 397 146 0 0 0 0 0 0 0 0 0 0 0 0 0 0 0 0 0 0 0
0 0 2 1 0 0 9 13 0 3 7 83 3 6 0 2 1 3 1 8 17 0 0 2 0 0 1 3 1 0 0 0 0 1 0 0 0 1 12 1 0 1 1 0 3 0 0 1 0 0 0 115 5 9 3 0 0 0 0 0 0 0 0 0 0 0 0 0 0 0 0 0 0 0 0 0 5 17 37 9 7 20 15 0 0 0 0 0 0 0 0 0 0 1 0 0 0 0 0 5 1 12 6 1 1 7 7 6 43 0 0 2 33 11 58 17 1 92 592 373 40 311 583 487 584 292 164 181 687 1664 624 4 0 0 0 0 0 0 0 0 0 0 0 0 0 0 0 0 0 0
0 0 0 0 0 13 13 3 0 17 31 13 0 30 13 7 1 4 0 0 0 0 0 0 0 17 30 6 0 0 0 2 1 0 0 0 0 0 2 32 3 1 1 0 0 5 7 3 0 8 9 459 11 11 1 1 0 1 0 1 0 0 0 0 0 0 0 0 0 0 0 0 0 0 0 0 0 22 43 0 0 23 26 0 0 0 0 0 0 0 0 0 0 0 0 5 9 0 0 0 2 0 1 4 2 4 52 0 110 57 2 9 27 3 1 2 206 372 397 532 885 858 735 990 1829 1335 689 897 890 790 525 1 0 0 0 0 0 0 0 0 0 0 0 0 0 0 0 0 0 0
0 2 0 0 5 9 11 2 8 26 2 2 0 1 17 47 6 6 0 2 0 0 0 0 7 14 8 1 3 0 0 0 1 0 3 0 6 10 5 0 1 0 3 0 0 1 0 0 4 59 1031 677 25 67 19 1 4 6 5 111 0 0 0 0 0 0 0 0 0 0 0 0 0 0 0 0 0 0 7 1 0 1 1 0 0 0 0 0 2 1 0 0 0 0 0 0 0 0 12 5 22 1 4 1 31 16 14 63 0 5 2 0 1 5 0 6 3 85 459 1606 1834 805 464 1274 2034 820 304 642 508 33 34 3 0 0 0 0 0 0 0 0 0 0 0 0 0 0 0 0 0 0
3 5 0 10 3 0 2 2 31 1 21 2 10 0 4 0 3 10 0 0 0 0 0 0 16 5 0 0 0 0 0 43 27 2 0 5 1 0 1 1 0 1 0 0 0 0 0 0 3 29 1096 589 705 735 58 25 1 6 14 7 0 0 0 0 0 0 0 0 0 0 0 0 0 0 0 0 0 0 0 18 0 0 0 0 0 0 0 0 97 0 0 11 11 0 0 0 0 0 0 3 13 1 9 8 2 99 489 15 0 0 0 2 0 0 0 1 2 11 173 737 491 708 436 3231 1645 625 247 267 37 692 789 564 0 0 0 0 0 0 0 0 0 0 0 0 0 0 0 0 0 0
4 3 1 24 2 2 21 5 26 4 8 37 0 8 0 0 0 0 0 0 0 0 0 1 0 0 0 0 0 0 0 15 1 4 0 1 1 1 0 0 0 0 0 0 0 0 0 0 1 22 315 425 643 366 55 45 2 2 6 2 0 0 0 0 0 0 0 0 0 0 0 0 0 0 0 0 0 0 0 77 0 1 1 0 0 0 0 10 14 0 4 35 131 0 0 0 0 0 0 3 7 42 15 33 28 3 3 4 0 0 0 0 0 0 0 0 0 3 10 33 310 306 376 770 1214 947 467 506 343 675 396 271 3 0 0 0 0 0 0 0 0 0 0 0 0 0 0 0 0 0
12 2 3 16 5 10 7 37 2 1 3 2 1 0 0 0 0 0 0 0 0 0 1 0 0 0 0 0 0 1 2 0 0 0 0 2 1 2 0 0 0 0 0 0 0 1 5 0 8 5 51 192 308 20 19 15 3 2 5 0 0 0 0 0 0 0 0 0 0 0 0 0 0 0 0 0 0 0 0 0 4 0 0 0 0 3 44 46 13 1 1 285 157 60 14 0 0 0 0 20 7 4 44 525 24 0 0 1 1 0 0 0 0 0 0 0 1 0 18 17 207 647 619 459 355 741 1074 1395 271 216 70 147 0 0 0 0 0 0 0 0 0 0 0 0 0 0 0 0 0 0
3 1 25 0 8 3 20 67 8 19 13 2 3 4 0 0 0 0 0 0 0 0 1 3 1 0 0 1 1 0 0 0 0 0 0 2 0 0 2 0 0 0 0 0 0 0 0 0 3 8 1 30 89 9 3 0 1 59 70 3 1 0 0 0 0 0 0 0 0 0 0 0 0 0 0 0 0 0 0 0 0 8 12 44 8 14 0 0 1 5 48 296 304 4 5 1 0 1 18 24 58 752 178 503 406 32 8 1 1 0 0 0 0 0 0 0 1 3 10 514 292 842 2802 2023 879 235 1727 2027 1423 0 0 0 0 0 0 0 0 0 0 0 0 0 0 0 0 0 0 0 0 0
6 14 26 0 8 40 7 38 8 14 3 0 1 2 0 0 0 0 0 0 0 0 6 1 0 0 4 2 3 0 0 0 2 1 0 1 0 0 0 0 0 0 0 0 0 0 0 1 10 15 0 18 98 4 1 1 0 6 110 13 2 0 0 0 0 0 0 0 0 0 0 0 0 0 0 0 0 0 0 0 0 7 14 0 0 2 1 3 4 41 26 127 184 12 34 39 0 0 0 23 154 580 557 278 280 28 0 0 1 0 0 2 0 1 2 0 1 387 428 743 674 14 14 253 193 142 373 1274 365 0 4 0 0 0 0 0 0 0 0 0 0 0 0 0 0 0 0 0 0 0
11 5 187 4 74 142 39 7 0 11 2 3 0 0 0 0 1 0 0 0 0 1 0 0 0 0 0 0 0 0 0 0 0 0 0 0 0 0 0 0 1 2 0 0 1 1 0 0 11 3 0 8 14 0 0 0 2 3 3 37 12 9 0 0 0 0 0 0 0 0 0 0 0 0 0 0 0 0 0 0 19 75 0 0 22 0 7 0 0 0 0 2 12 0 2 0 0 0 0 7 8 112 920 422 166 295 6 8 8 1 0 0 0 0 0 17 256 494 179 46 0 0 0 0 77 544 101 761 292 1 1 0 0 0 0 0 0 0 0 0 0 0 0 0 0 0 0 0 0 0
8 37 140 168 440 614 292 30 3 0 0 0 0 0 4 0 0 0 0 0 0 14 0 0 0 0 0 0 0 0 0 1 0 0 0 1 0 0 0 0 0 3 0 8 2 7 0 25 14 1 0 14 24 0 0 0 0 0 15 0 0 4 0 0 0 0 0 0 0 0 0 0 0 0 0 0 0 0 4 28 9 0 0 0 0 0 5 114 10 0 0 0 0 0 0 0 0 0 0 0 0 311 685 193 114 219 7 0 3 9 0 0 0 0 1 48 172 33 10 55 0 0 0 0 5 552 243 393 138 0 0 0 0 0 0 0 0 0 0 0 0 0 0 0 0 0 0 0 0 0
2 236 343 952 592 284 170 66 2 1 0 0 3 0 1 0 0 0 0 0 0 3 0 0 5 0 0 0 1 0 0 0 0 0 2 0 0 0 1 1 0 2 1 7 0 0 1 23 47 0 0 0 2 0 0 1 7 1 2 0 0 3 0 0 0 0 0 0 0 0 0 0 0 0 0 0 0 44 0 0 0 0 0 0 0 0 8 1 0 0 0 0 0 0 0 0 0 0 0 0 29 60 23 18 103 118 0 0 0 0 0 1 0 3 2 0 1 2 2 25 52 105 14 0 32 108 53 271 32 0 0 0 0 0 0 0 0 0 0 0 0 0 0 0 0 0 0 0 0 0
3 6 404 277 190 357 31 26 3 2 0 1 0 0 0 0 0 0 0 5 1 4 0 2 2 0 0 0 0 4 3 0 0 0 7 0 0 2 0 0 1 0 0 0 0 0 0 2 5 4 0 0 0 0 0 9 0 0 0 0 0 0 0 0 0 0 0 0 0 0 0 0 0 0 0 0 2 1 0 0 0 0 0 0 0 0 37 1 1 8 35 0 0 0 1 23 0 0 0 505 959 157 393 197 0 171 17 0 0 0 1 4 2 4 0 0 0 1 43 43 174 20 172 247 194 72 0 0 0 0 0 0 0 0 0 0 0 0 0 0 0 0 0 0 0 0 0 0 0 0
20 21 64 52 53 34 1 1 4 0 31 1 0 0 0 0 0 0 0 0 3 96 1 0 0 0 0 0 0 4 0 0 0 2 2 0 0 0 0 0 0 0 0 0 2 35 8 1 0 0 0 0 1 0 0 13 1 0 0 0 0 0 0 0 0 0 0 0 0 0 0 0 0 0 0 0 9 24 0 0 0 0 0 0 0 3 13 0 0 56 29 0 0 0 132 217 141 7 278 2107 373 651 174 39 1 14 153 193 0 1 7 0 0 0 0 0 0 0 22 23 94 1 1 46 4 10 11 12 78 13 4 0 0 0 0 0 0 0 0 0 0 0 0 0 0 0 0 0 0 0
54 15 29 3 0 0 0 1 0 0 0 0 2 0 0 0 0 0 0 1 0 16 3 0 0 0 0 0 0 5 1 0 0 6 13 0 0 0 0 0 0 0 0 2 0 10 0 2 0 0 1 2 1 5 90 41 9 0 0 0 0 0 0 0 0 0 0 0 0 0 0 0 0 0 26 11 0 0 0 0 0 0 0 0 0 0 9 0 0 0 137 18 10 5 142 471 142 5 139 201 21 10 3 5 0 2 0 230 602 98 0 0 0 0 0 0 0 0 0 1 42 0 0 0 33 248 38 24 192 85 12 4 0 0 0 0 0 0 0 0 0 0 0 0 0 0 0 0 0 0
22 1 4 2 0 1 6 0 0 0 0 0 0 0 0 0 0 0 0 0 0 0 0 5 0 0 1 0 0 0 10 45 14 0 0 0 0 0 0 0 0 0 0 0 0 5 0 0 0 0 0 5 8 10 19 0 0 0 0 0 0 0 0 0 0 0 0 0 0 0 0 0 0 0 4 5 0 0 0 0 0 0 0 0 0 0 26 74 156 77 105 13 30 4 6 75 8 7 0 3 7 2 2 0 1 0 180 379 223 58 0 0 9 0 0 0 0 0 0 0 0 13 0 21 36 193 44 135 103 107 16 0 0 0 0 0 0 0 0 0 0 0 0 0 0 0 0 0 0 0
0 0 0 3 0 0 0 0 0 0 0 0 0 0 0 0 0 1 0 1 0 0 0 0 0 0 0 0 10 1 2 0 0 0 0 0 0 0 0 0 0 0 0 0 0 6 7 0 0 0 0 3 23 39 8 2 1 0 0 0 0 0 0 0 0 0 0 0 0 0 0 4 5 0 0 0 0 0 0 0 0 0 0 0 0 0 0 0 229 5 0 0 0 0 6 37 2 0 6 0 1 12 0 3 1 305 755 378 59 132 0 0 0 0 0 0 0 0 14 4 0 44 1 2 3 0 105 16 2 8 0 12 0 0 0 0 0 0 0 0 0 0 0 0 0 0 0 0 0 0
1 0 0 5 0 1 0 0 0 0 0 0 0 0 0 0 0 0 0 1 0 0 0 1 0 0 0 2 0 1 0 1 0 0 0 0 0 0 0 0 0 0 3 0 0 0 0 0 0 0 12 3 1 76 21 1 4 0 0 0 0 0 0 0 0 0 0 0 0 0 1 1 0 0 0 0 0 0 0 0 0 0 0 0 0 0 1 0 0 0 0 0 5 15 0 0 2 1 31 13 3 7 5 0 23 121 55 21 82 224 0 0 0 0 0 0 0 0 3 5 0 1 0 117 186 18 412 64 17 16 2 0 0 0 0 0 0 0 0 0 0 0 0 0 0 0 0 0 0 0
0 0 0 0 4 46 1 0 0 0 0 0 0 0 0 0 9 0 0 2 0 0 0 0 0 0 6 0 0 0 0 6 0 0 0 0 0 0 0 0 0 0 0 1 0 0 0 0 0 0 6 0 7 2 2 1 5 3 0 0 0 0 0 0 0 0 0 3 1 8 0 0 0 0 0 0 0 0 0 0 0 0 0 0 0 0 0 0 0 0 0 54 140 6 0 0 0 0 0 0 1 8 15 14 57 6 0 33 1 3 1 0 0 0 0 0 0 0 0 0 3 0 1 36 0 0 1 448 3 5 0 0 0 0 0 0 0 0 0 0 0 0 0 0 0 0 0 0 0 0
0 0 0 0 47 35 0 0 0 0 0 0 0 0 8 1 0 0 2 0 0 0 0 0 0 0 0 0 5 0 6 0 0 0 0 0 0 0 2 0 0 0 0 0 1 1 0 0 0 3 1 0 0 3 5 3 1 3 0 0 0 0 0 0 0 0 0 0 15 1 0 0 0 0 0 0 0 0 0 0 0 0 0 0 0 0 0 1 46 55 212 389 138 61 0 0 0 1 0 20 37 715 396 32 2 20 1 0 0 6 0 0 0 0 0 0 0 0 0 0 0 0 0 0 0 5 115 101 0 0 0 0 0 0 0 0 0 0 0 0 0 0 0 0 0 0 0 0 0 0
0 0 0 0 2 1 3 0 0 0 0 0 0 3 0 0 0 0 0 0 0 0 0 0 0 0 0 0 0 1 0 0 0 0 0 7 0 0 0 0 0 0 0 0 2 3 0 0 0 0 6 0 0 3 4 2 0 0 0 0 0 0 0 0 0 0 0 0 7 0 0 0 0 0 0 0 0 0 0 0 0 0 0 0 0 0 4 0 3 115 241 188 91 30 10 0 0 0 1 21 121 150 80 7 0 0 6 0 0 0 0 0 0 0 0 0 0 0 0 0 0 57 188 0 0 1 1 1 0 0 0 0 0 0 0 0 0 0 0 0 0 0 0 0 0 0 0 0 0 0
1 0 0 1 0 6 1 0 0 0 0 2 33 18 9 0 0 0 0 0 0 0 0 0 0 2 0 0 0 2 0 0 0 0 1 0 0 0 0 0 0 0 0 0 1 6 6 0 0 8 1 0 3 20 17 0 0 0 0 0 0 0 0 0 0 0 0 10 52 0 0 0 0 0 0 0 0 0 0 0 0 0 0 0 3 7 44 3 0 17 0 2 47 1 38 1 0 1 3 9 136 0 0 1 0 0 0 2 0 17 1 35 0 0 0 0 0 0 0 0 0 0 1 0 0 1 0 11 0 0 0 0 0 0 0 0 0 0 0 0 0 0 0 0 0 0 0 0 0 0
0 0 0 1 1 0 0 2 0 0 0 0 0 0 0 0 2 2 0 0 0 0 0 0 0 0 1 0 0 0 0 0 0 0 1 0 0 0 0 0 0 0 4 0 0 0 3 9 0 4 0 0 1 7 6 3 1 0 0 0 0 0 0 0 0 0 5 33 29 0 0 0 1 0 0 0 0 0 0 0 0 0 0 1 34 1 0 0 4 14 3 0 15 1 2 9 3 14 4 1 48 18 1 2 3 0 0 11 48 102 172 333 13 2 0 0 0 0 0 0 0 0 0 0 0 0 0 0 0 0 0 0 0 0 0 0 0 0 0 0 0 0 0 0 0 0 0 0 0 0
0 0 0 0 0 4 4 0 0 0 1 1 0 0 0 2 0 0 0 0 0 0 0 0 0 0 0 0 0 0 0 0 0 0 2 0 0 0 0 0 0 0 0 0 0 1 0 4 24 0 0 1 0 6 0 48 167 0 0 0 0 0 0 1 2 17 59 112 9 0 0 2 0 0 0 0 0 0 0 0 0 0 0 6 6 0 1 12 6 13 13 5 0 0 0 13 23 1 0 0 4 0 0 0 2 0 22 0 16 54 227 102 10 14 0 0 0 0 0 0 0 0 0 0 0 0 0 0 0 0 0 0 0 0 0 0 0 0 0 0 0 0 0 0 0 0 0 0 0 0
0 1 0 0 1 1 0 0 0 0 0 0 0 0 2 0 3 0 0 0 0 0 0 1 0 0 0 0 0 0 0 0 0 0 1 1 7 0 0 0 0 0 1 0 0 0 3 10 61 4 1 0 0 0 9 3 5 16 26 15 11 10 7 8 6 5 1 5 0 0 0 0 0 0 0 0 0 0 0 0 0 0 0 1 0 0 0 2 3 0 0 0 0 0 20 170 4 0 0 0 0 0 0 0 27 59 393 936 468 166 31 0 3 0 0 0 0 0 0 0 0 0 0 0 0 0 0 0 0 0 0 0 0 0 0 0 0 0 0 0 0 0 0 0 0 0 0 0 0 0
0 0 0 1 0 74 0 6 0 0 4 1 0 0 0 0 0 0 0 0 0 0 0 0 0 0 0 0 0 0 0 0 0 0 0 0 0 0 14 0 0 0 0 0 0 6 21 11 6 4 1 0 2 5 12 4 0 0 0 2 0 0 0 5 1 0 4 6 0 14 2 7 1 0 0 0 0 0 0 0 0 0 0 0 0 0 0 0 0 1 8 11 0 5 143 24 1 0 0 0 0 0 0 3 14 68 187 419 182 256 111 215 76 0 0 0 0 0 0 0 0 0 0 0 0 0 0 0 0 0 0 0 0 0 0 0 0 0 0 0 0 0 0 0 0 0 0 0 0 0
0 0 2 0 26 54 4 0 1 0 2 0 0 0 0 0 1 1 0 1 3 0 0 0 0 0 0 0 0 0 0 0 1 0 0 0 0 0 0 0 0 6 4 2 2 0 7 4 3 2 10 0 4 3 4 0 1 6 6 0 0 1 0 0 0 1 2 3 2 0 0 0 5 0 0 0 0 0 0 0 0 0 0 0 0 0 0 0 0 0 0 1 10 24 1 15 272 0 0 0 0 0 0 25 110 296 2 0 19 105 0 4 2 0 0 0 0 0 0 0 0 0 0 0 0 0 0 0 0 0 0 0 0 0 0 0 0 0 0 0 0 0 0 0 0 0 0 0 0 0
0 2 0 0 0 2 0 0 2 1 0 0 0 0 0 0 0 0 0 7 0 0 0 0 0 0 0 0 0 0 0 0 0 0 0 0 0 0 0 0 0 0 0 5 0 0 3 2 2 2 0 0 2 2 0 0 0 0 7 3 2 3 0 0 0 0 0 0 0 0 1 5 1 0 0 0 0 0 0 0 0 0 0 0 0 0 0 0 0 0 0 20 88 29 13 295 447 0 0 0 0 0 0 1 11 0 0 0 0 0 13 108 0 0 0 0 0 0 0 0 0 0 0 0 0 0 0 0 0 0 0 0 0 0 0 0 0 0 0 0 0 0 5 1 4 0 0 0 0 0
0 0 0 1 1 0 0 0 0 8 0 0 1 0 2 3 0 0 1 0 0 0 0 0 0 0 0 0 0 0 0 0 0 0 0 0 0 0 0 0 0 1 0 0 0 0 0 0 0 0 6 2 5 6 0 0 0 0 2 9 2 0 0 0 0 0 0 0 0 0 30 0 1 0 0 0 0 0 0 0 0 0 0 0 0 0 0 0 8 0 0 29 255 168 44 0 1 0 0 0 0 0 0 1 0 0 0 4 0 60 104 1 0 0 0 0 0 0 0 0 0 0 0 0 0 0 0 0 0 0 0 0 0 0 0 0 0 0 0 0 0 0 0 0 0 0 0 0 0 0
0 2 0 0 0 0 0 0 0 0 0 2 0 5 0 0 0 0 0 0 0 0 0 0 1 0 0 0 0 0 0 0 0 0 0 0 0 0 0 0 0 0 0 0 0 0 0 0 0 0 4 8 4 0 0 0 0 0 0 1 3 0 0 0 0 0 0 1 0 0 0 0 0 0 0 0 0 0 0 0 0 0 0 0 0 0 0 0 0 0 5 35 784 0 0 21 8 0 0 0 0 0 0 6 0 0 0 1 28 3 12 0 0 0 0 0 0 0 0 0 0 0 0 0 0 0 0 0 0 0 0 0 0 0 0 0 0 0 0 0 0 0 0 0 0 0 0 0 0 0
0 0 0 0 0 0 0 0 0 0 0 0 3 1 0 2 0 0 3 1 0 0 0 1 1 0 0 0 0 0 0 0 0 0 0 0 1 0 0 0 0 0 0 0 0 0 0 0 0 0 1 20 1 0 0 0 0 1 0 4 2 1 0 0 0 0 0 0 0 0 2 94 1 0 0 0 0 0 0 0 0 0 0 0 0 0 0 0 0 0 3 15 4 23 51 0 0 0 0 0 0 0 0 0 0 0 0 0 0 0 0 0 0 0 0 0 0 0 0 0 0 0 0 0 0 0 0 0 0 0 0 0 0 0 0 0 0 0 0 0 0 0 0 0 0 0 0 0 0 0
0 0 0 0 0 0 0 0 0 0 1 0 0 0 0 0 0 0 0 0 0 6 3 27 0 0 0 0 0 0 0 0 0 0 0 0 0 0 0 0 0 0 0 0 0 0 0 0 0 0 0 34 1 0 0 0 0 0 0 0 0 21 14 0 0 0 0 0 0 0 0 14 3 0 9 0 0 0 0 0 0 0 0 0 0 0 0 0 0 0 1 33 5 14 4 0 1 0 0 0 0 0 0 0 0 0 0 0 0 0 0 0 0 0 0 0 0 0 0 0 0 0 0 0 0 0 0 0 0 0 0 0 0 0 0 0 0 0 0 0 0 0 0 0 0 0 0 0 0 0
0 0 0 0 0 0 0 0 0 4 0 0 1 0 0 0 0 0 0 0 1 4 1 24 3 0 0 0 0 0 1 0 0 0 0 0 0 0 0 0 0 0 0 0 0 0 0 0 0 0 0 33 38 0 1 0 0 0 0 0 1 31 60 0 0 0 0 0 0 0 0 0 0 4 11 0 0 0 0 0 0 0 0 0 0 0 0 0 0 0 9 4 1 16 6 1 0 0 0 0 0 0 0 0 0 0 0 0 0 0 0 0 0 0 0 0 0 0 0 0 0 0 0 0 0 0 0 0 0 0 0 0 0 0 0 0 0 0 0 0 0 0 0 0 0 0 0 0 0 0
0 0 0 0 0 0 0 0 0 1 0 0 4 0 0 0 0 0 0 0 0 0 0 0 0 0 0 0 0 0 0 0 0 0 0 0 0 0 0 0 0 0 0 0 0 0 0 0 0 3 3 59 280 4 5 1 0 0 0 0 0 13 0 0 0 0 0 0 0 0 0 0 0 6 0 0 0 0 0 0 0 0 0 0 0 0 0 0 0 0 0 5 15 17 1 0 0 0 0 0 0 0 0 0 0 0 0 0 0 0 0 0 0 0 0 0 0 0 0 0 0 0 0 0 0 0 0 0 0 0 0 0 0 0 0 0 0 0 0 0 0 0 0 0 0 0 0 0 0 0
0 0 0 0 0 0 0 1 1 0 0 0 9 11 0 1 0 2 23 0 0 1 0 0 1 4 0 0 0 0 0 0 0 0 0 0 0 0 0 0 0 0 0 0 0 0 0 0 0 5 2 17 212 0 25 0 0 0 0 0 2 9 9 0 0 0 0 0 0 0 0 0 0 0 0 0 0 0 0 0 0 0 0 0 0 0 0 0 0 0 0 0 1 5 7 1 0 0 0 5 0 0 0 0 0 0 0 0 0 0 0 0 0 0 0 0 0 0 0 0 0 0 0 0 0 0 0 0 0 0 0 0 0 0 0 0 0 0 0 0 0 0 0 0 0 0 0 0 0 0
0 0 0 0 0 0 0 0 2 19 0 0 0 0 5 0 3 0 0 0 0 0 0 9 3 4 0 0 0 0 0 0 0 0 0 0 0 0 0 0 0 0 0 0 0 0 0 19 0 0 0 2 28 0 0 0 0 0 0 0 16 4 0 1 0 0 0 0 0 0 0 0 0 0 0 0 0 0 0 0 0 0 0 0 0 0 0 0 0 0 0 0 0 0 0 1 6 2 0 0 0 0 0 0 0 0 0 0 0 0 0 0 0 0 0 0 0 0 0 0 0 0 0 0 0 0 0 0 0 0 0 0 0 0 0 0 0 0 0 0 0 0 0 0 0 0 0 0 0 0
2 0 2 0 0 0 0 0 0 1 3 1 0 0 0 0 1 0 0 0 0 0 0 1 0 1 0 0 0 0 0 0 0 0 0 0 0 0 0 0 0 0 0 0 0 0 21 12 0 0 0 0 0 0 0 0 0 0 0 2 8 0 0 0 0 0 0 0 0 0 0 0 0 0 0 0 0 0 0 0 0 0 0 0 0 0 0 0 0 0 0 0 0 0 0 0 19 33 0 0 0 0 0 0 0 0 0 0 0 0 0 0 0 0 0 0 0 0 0 0 0 0 0 0 0 0 0 0 0 0 0 0 0 0 0 0 0 0 0 0 0 0 0 0 1 35 0 0 0 0
0 0 0 0 0 0 0 0 0 0 0 1 0 0 0 0 1 0 0 0 1 2 0 0 0 1 0 1 0 0 0 0 0 0 0 0 0 1 0 0 0 0 0 0 0 0 0 0 0 0 0 0 0 0 0 0 0 0 0 0 0 3 0 0 0 0 0 0 0 0 0 0 1 0 0 0 0 0 0 0 0 0 0 0 0 0 0 0 0 0 0 0 0 0 2 0 14 1 0 2 4 0 0 0 0 0 0 0 0 0 0 0 0 0 0 0 0 0 0 0 0 0 0 0 0 0 0 0 0 0 0 0 0 0 0 0 0 0 0 0 0 0 0 0 0 0 0 0 0 0
0 0 0 0 0 0 0 0 0 0 0 9 0 0 0 0 0 0 1 0 0 0 0 0 0 0 0 0 0 0 0 0 0 0 0 0 0 0 0 0 0 0 0 0 0 0 0 0 0 0 0 0 0 0 0 0 0 0 0 0 2 0 0 0 0 0 0 0 0 0 1 0 0 0 0 0 0 0 0 0 0 0 0 0 0 0 0 0 0 0 0 0 0 0 2 0 0 0 0 3 0 6 0 0 0 0 0 0 0 0 0 0 0 0 0 0 0 0 0 0 0 0 0 0 0 0 0 0 0 0 0 0 0 0 0 0 0 0 0 0 0 0 0 0 0 0 0 0 0 0
0 0 0 0 0 0 0 0 0 5 3 0 4 0 0 9 5 0 0 0 0 0 0 0 0 0 0 0 0 0 0 0 0 0 0 0 0 0 0 0 0 0 0 0 4 0 0 0 0 0 0 0 0 0 0 0 0 0 0 0 1 0 0 0 0 0 0 0 0 0 2 0 0 0 0 0 0 0 0 0 0 0 0 0 0 0 0 0 0 0 0 0 0 0 1 0 13 0 0 0 0 0 0 0 0 0 0 0 0 0 0 0 0 0 0 0 0 0 0 0 0 0 0 0 0 0 0 0 0 0 0 0 0 0 0 0 0 0 0 0 0 0 0 0 0 0 0 0 0 0
1 0 0 0 0 0 0 0 1 0 0 1 0 0 0 6 12 2 0 0 0 0 0 0 0 0 0 0 0 0 0 0 0 0 0 0 1 0 0 0 0 0 0 1 0 0 0 0 0 0 0 0 0 0 0 0 0 0 0 0 4 0 0 0 0 0 0 0 57 0 0 0 0 0 0 0 0 0 0 0 0 0 0 0 0 0 0 0 0 0 0 0 0 0 0 0 1 0 1 1 0 0 0 0 0 0 0 0 0 0 0 0 0 0 0 0 0 0 0 0 0 0 0 0 0 0 0 0 0 0 0 0 0 0 0 0 0 0 0 0 0 0 0 0 0 0 0 0 0 0
0 0 0 0 0 0 0 1 1 0 0 0 2 0 0 0 0 7 27 0 0 0 0 0 0 0 0 0 0 0 0 0 0 0 0 0 3 4 2 2 0 0 1 5 0 0 0 0 0 0 0 0 0 0 0 0 0 0 0 0 2 6 8 0 0 0 0 5 145 72 1 0 0 0 0 0 0 0 0 0 0 0 0 0 0 0 0 0 0 0 0 0 0 0 0 0 1 0 0 0 0 0 0 0 0 0 0 0 0 0 0 0 0 0 0 0 0 0 0 0 0 0 0 0 0 0 0 0 0 0 0 0 0 0 0 0 0 0 0 0 0 0 0 0 0 0 0 0 0 0
1 0 1 0 0 0 0 1 1 0 0 6 73 13 0 2 41 1 3 8 0 0 0 35 1 3 0 0 0 0 1 2 0 0 6 3 7 5 6 5 0 0 4 0 0 0 0 0 0 0 0 0 0 0 0 0 0 0 0 0 0 0 8 1 116 72 7 0 0 0 0 0 0 0 0 0 0 0 0 0 0 0 0 0 0 0 0 0 0 0 0 0 0 0 0 0 0 0 0 0 0 0 0 0 0 0 0 0 0 0 0 0 0 0 0 0 0 0 0 0 0 0 0 0 0 0 0 0 0 0 0 0 0 0 0 0 0 0 0 0 0 0 0 0 0 0 0 0 0 0
3 56 6 2 0 0 1 0 0 0 2 3 4 0 0 2 1 0 0 10 19 144 43 6 5 0 0 0 0 3 0 0 0 0 0 6 34 6 0 6 0 0 0 0 0 0 0 0 0 0 0 0 0 0 0 0 0 0 0 0 0 0 0 0 13 5 0 0 0 0 0 0 0 0 0 0 0 0 0 0 0 0 0 0 0 0 0 0 0 0 0 0 0 0 0 0 0 0 0 0 0 0 0 0 0 0 0 0 0 0 0 0 0 0 0 0 0 0 0 0 0 0 0 0 0 0 0 0 0 0 0 0 0 0 0 0 0 0 0 0 0 0 0 0 0 0 0 0 0 0
30 15 8 1 2 1 0 0 0 0 0 1 12 0 0 3 9 6 2 1 0 214 25 7 16 10 0 0 3 16 11 0 0 0 0 0 2 0 0 0 9 17 0 0 0 0 0 0 0 0 0 0 0 0 0 0 0 0 0 0 0 0 0 0 0 0 0 0 0 0 0 0 0 0 0 0 0 0 0 0 0 0 0 0 0 0 0 0 0 2 0 0 0 0 0 0 0 0 0 0 0 0 0 0 0 0 0 0 0 0 0 0 0 0 0 0 0 0 0 0 0 0 0 0 0 0 0 0 0 0 0 0 0 0 0 0 0 0 0 0 0 0 0 0 0 0 0 0 0 0
0 0 0 0 0 0 0 0 0 0 0 7 7 0 0 0 2 1 1 10 0 3 10 9 2 15 2 4 1 19 0 0 0 0 3 0 0 0 0 0 0 0 0 0 0 0 0 0 0 0 0 0 0 0 0 0 0 0 0 0 0 0 0 0 0 0 0 0 0 0 0 0 0 0 0 0 0 0 0 0 0 0 0 0 0 0 0 0 0 0 0 0 0 0 0 0 0 0 0 0 0 0 0 0 0 0 0 0 0 0 0 0 0 0 0 0 0 0 0 0 0 0 0 0 0 0 0 0 0 0 0 0 0 0 0 0 0 0 0 0 0 0 0 0 0 0 0 0 0 0
0 0 0 0 0 0 0 0 0 0 0 0 0 0 0 0 0 1 0 5 0 0 0 0 2 16 14 8 24 0 0 0 0 12 9 0 1 0 0 0 0 0 0 0 0 0 0 0 0 0 0 0 0 0 0 0 0 0 0 0 0 0 0 0 0 0 0 0 0 0 0 0 0 0 0 0 0 0 0 0 0 0 0 0 0 0 0 0 0 0 0 0 0 0 0 0 0 0 0 0 0 0 0 0 0 0 0 0 0 0 0 0 0 0 0 0 0 0 0 0 0 0 0 0 0 0 0 0 0 0 0 0 0 0 0 0 0 0 0 0 0 0 0 0 0 0 0 0 0 0
0 0 0 0 0 0 0 0 0 0 0 0 0 0 0 0 0 0 0 0 0 0 0 0 0 0 0 3 132 120 2 10 13 28 0 0 4 0 0 0 0 0 0 0 0 0 0 0 0 0 0 0 0 0 0 0 0 0 0 0 0 0 0 0 0 0 0 0 0 0 0 0 0 0 0 0 0 0 0 0 0 0 0 0 0 0 0 0 0 0 0 0 0 0 0 0 0 0 0 0 0 0 0 0 0 0 0 0 0 0 0 0 0 0 0 0 0 0 0 0 0 0 0 0 0 0 0 0 0 0 0 0 0 0 0 0 0 0 0 0 0 0 0 0 0 0 0 0 0 0
0 0 0 0 0 0 0 0 0 0 0 0 0 0 0 0 0 0 0 0 0 0 0 0 0 3 13 5 0 3 38 0 2 1 0 0 6 0 0 0 0 0 0 0 0 0 0 0 0 0 0 0 0 0 0 0 0 0 0 0 0 0 0 0 0 0 0 0 0 0 0 0 0 0 0 0 0 0 0 0 0 0 0 0 0 0 0 0 0 0 0 0 0 0 0 0 0 0 0 0 0 0 0 0 0 0 0 0 0 0 0 0 0 0 0 0 0 0 0 0 0 0 0 0 0 0 0 0 0 0 0 0 0 0 0 0 0 0 0 0 0 0 0 0 0 0 0 0 0 0
0 0 0 0 0 0 0 0 0 0 0 3 0 0 0 0 0 0 0 0 0 0 0 0 12 1 34 0 0 0 7 7 1 1 0 1 1 2 0 0 0 0 0 0 0 0 0 0 0 0 0 0 0 0 0 0 0 0 0 0 0 0 0 0 0 0 0 0 0 0 0 0 0 0 0 0 0 0 0 0 0 0 0 0 0 0 0 0 0 0 0 0 0 0 0 0 0 0 0 0 0 0 0 0 0 0 0 0 0 0 0 0 0 0 0 0 0 0 0 0 0 0 0 0 0 0 0 0 0 0 0 0 0 0 0 0 0 0 0 0 0 0 0 0 0 0 0 0 0 0
0 0 0 0 0 0 0 1 0 0 0 1 3 7 0 0 0 0 0 0 0 0 0 0 0 0 0 0 0 0 0 0 8 0 0 0 2 1 0 0 0 0 0 0 0 0 0 0 0 0 0 0 0 0 0 0 0 0 0 0 0 0 0 0 0 0 0 0 0 0 0 0 0 0 0 0 0 0 0 0 0 0 0 0 0 0 0 0 0 0 0 0 0 0 0 0 0 0 0 0 0 0 0 0 0 0 0 0 0 0 0 0 0 0 0 0 0 0 0 0 0 0 0 0 0 0 0 0 0 0 0 0 0 0 0 0 0 0 0 0 0 0 0 0 0 0 0 0 0 0
0 0 0 0 0 0 0 0 0 0 3 3 19 0 0 0 0 0 0 0 0 0 0 0 0 0 0 16 0 3 7 0 0 0 0 0 0 0 0 0 0 0 0 0 0 0 0 0 0 0 0 0 0 0 0 0 0 0 0 0 0 0 0 0 0 0 0 0 0 0 0 0 0 0 0 0 0 0 0 0 0 0 0 0 0 0 0 0 0 0 0 0 0 0 0 0 0 0 0 0 0 0 0 0 0 0 0 0 0 0 0 0 0 0 0 0 0 0 0 0 0 0 0 0 0 0 0 0 0 0 0 0 0 0 0 0 0 0 0 0 0 0 0 0 0 0 0 0 0 0
0 0 0 0 0 0 0 0 0 0 0 0 0 0 0 0 0 0 0 0 0 0 0 0 0 0 0 4 0 0 0 0 0 4 0 0 0 0 0 0 0 0 0 0 0 0 0 0 0 0 0 0 0 0 0 0 0 0 0 0 0 0 0 0 0 0 0 0 0 0 0 0 0 0 0 0 0 0 0 0 0 0 0 0 0 0 0 0 0 0 0 0 0 0 0 0 0 0 0 0 0 0 0 0 0 0 0 0 0 0 0 0 0 0 0 0 0 0 0 0 0 0 0 0 0 0 0 0 0 0 0 0 0 0 0 0 0 0 0 0 0 0 0 0 0 0 0 0 0 0
0 0 0 0 0 0 0 0 0 0 0 0 0 1 0 0 0 0 0 0 0 0 0 0 0 0 0 0 0 0 0 3 0 0 0 0 0 0 0 0 0 0 0 0 0 0 0 0 0 0 0 0 0 0 0 0 0 0 0 0 0 0 0 0 0 0 0 0 0 0 0 0 0 0 0 0 0 0 0 0 0 0 0 0 0 0 0 0 0 0 0 0 0 0 0 0 0 0 0 0 0 0 0 0 0 0 0 0 0 0 0 0 0 0 0 0 0 0 0 0 0 0 0 0 0 0 0 0 0 0 0 0 0 0 0 0 0 0 0 0 0 0 0 0 0 0 0 0 0 0
0 0 0 0 0 0 0 0 0 1 1 0 0 0 0 0 0 0 0 0 0 0 0 0 0 0 0 0 0 0 0 0 0 0 0 0 0 0 0 0 0 0 0 0 0 0 0 0 0 0 0 0 0 0 0 0 0 0 0 0 0 0 0 0 0 0 0 0 0 0 0 0 0 0 0 0 0 0 0 0 0 0 0 0 0 0 0 0 0 0 0 0 0 0 0 0 0 0 0 0 0 0 0 0 0 0 0 0 0 0 0 0 0 0 0 0 0 0 0 0 0 0 0 0 0 0 0 0 0 0 0 0 0 0 0 0 0 0 0 0 0 0 0 0 0 0 0 0 0 0
0 0 0 0 0 0 0 0 1 0 5 0 0 0 0 0 0 0 0 0 0 0 0 0 0 0 0 0 0 0 0 0 0 0 0 0 0 0 0 0 0 0 0 0 0 0 0 0 0 0 0 2 0 0 0 0 0 0 0 0 0 0 0 0 0 0 0 0 0 0 0 0 0 0 0 0 0 0 0 0 0 0 0 0 0 0 0 0 0 0 0 0 0 0 0 0 0 0 0 0 0 0 0 0 0 0 0 0 0 0 0 0 0 0 0 0 0 0 0 0 0 0 0 0 0 0 0 0 0 0 0 0 0 0 0 0 0 0 0 0 0 0 0 0 0 0 0 0 0 0
0 0 0 0 0 0 0 0 12 30 0 0 0 0 0 0 0 0 0 0 0 0 0 0 0 0 0 0 0 0 0 0 0 0 0 0 0 0 0 0 0 0 0 0 0 0 0 0 0 1 1 0 0 0 0 0 0 0 0 0 0 0 0 0 0 0 0 0 0 0 0 0 0 0 0 0 0 0 0 0 0 0 0 0 0 0 0 0 0 0 0 0 0 0 0 0 0 0 0 0 0 0 0 0 0 0 0 0 0 0 0 0 0 0 0 0 0 0 0 0 0 0 0 0 0 0 0 0 0 0 0 0 0 0 0 0 0 0 0 0 0 0 0 0 0 0 0 0 0 0
0 0 0 0 0 3 10 3 6 1 0 0 0 0 0 0 0 0 0 0 0 0 0 0 0 0 0 0 0 0 0 0 0 0 0 0 0 0 0 0 0 0 0 0 0 0 0 0 0 18 61 0 0 0 1 0 0 0 0 0 0 0 0 0 0 0 0 0 0 0 0 0 0 0 0 0 0 0 0 0 0 0 0 0 0 0 0 0 0 0 0 0 0 0 0 0 0 0 0 0 0 0 0 0 0 0 0 0 0 0 0 0 0 0 0 0 0 0 0 0 0 0 0 0 0 0 0 0 0 0 0 0 0 0 0 0 0 0 0 0 0 0 0 0 0 0 0 0 0 0
0 0 0 0 0 0 4 15 0 0 0 0 0 0 0 0 0 0 0 0 0 0 0 0 0 0 0 0 0 0 0 0 0 0 0 0 0 0 0 0 0 0 0 0 0 0 0 0 0 0 0 1 1 0 0 0 0 0 0 0 0 0 0 0 0 0 0 0 0 0 0 0 0 0 0 0 0 0 0 0 0 0 0 0 0 0 0 0 0 0 0 0 0 0 0 0 0 0 0 0 0 0 0 0 0 0 0 0 0 0 0 0 0 0 0 0 0 0 0 0 0 0 0 0 0 0 0 0 0 0 0 0 0 0 0 0 0 0 0 0 0 0 0 0 0 0 0 0 0 0
0 0 0 0 0 0 0 0 0 0 0 0 0 0 0 0 0 0 0 0 0 0 0 0 0 0 0 0 0 0 0 0 0 0 0 0 0 0 0 0 0 0 0 0 0 0 0 0 1 0 1 0 4 9 0 0 0 0 0 0 0 0 0 0 0 0 0 0 0 0 0 0 0 0 0 0 0 0 0 0 0 0 0 0 0 0 0 0 0 0 0 0 0 0 0 0 0 0 0 0 0 0 0 0 0 0 0 0 0 0 0 0 0 0 0 0 0 0 0 0 0 0 0 0 0 0 0 0 0 0 0 0 0 0 0 0 0 0 0 0 0 0 0 0 0 0 0 0 0 0
0 0 0 0 0 0 0 0 0 0 0 0 0 0 0 0 0 0 0 0 0 0 0 0 0 0 0 0 0 0 0 0 0 0 0 0 0 0 0 0 0 0 0 0 0 0 0 0 0 0 0 0 0 0 0 0 0 0 0 0 0 0 0 0 0 0 0 0 0 0 0 0 0 0 0 0 0 0 0 0 0 0 0 0 0 0 0 0 0 0 0 0 0 0 0 0 0 0 0 0 0 0 0 0 0 0 0 0 0 0 0 0 0 0 0 0 0 0 0 0 0 0 0 0 0 0 0 0 0 0 0 0 0 0 0 0 0 0 0 0 0 0 0 0 0 0 0 0 0 0
0 0 0 0 0 0 0 0 0 0 0 0 0 0 0 0 0 0 0 0 0 0 0 0 0 0 0 0 0 0 0 0 0 0 0 0 0 0 0 0 0 0 0 0 0 0 0 0 0 0 0 4 0 0 0 0 0 0 0 0 0 0 0 0 0 0 0 0 0 0 0 0 0 0 0 0 0 0 0 0 0 0 0 0 0 0 0 0 0 0 0 0 0 0 0 0 0 0 0 0 0 0 0 0 0 0 0 0 0 0 0 0 0 0 0 0 0 0 0 0 0 0 0 0 0 0 0 0 0 0 0 0 0 0 0 0 0 0 0 0 0 0 0 0 0 0 0 0 0 0
0 0 0 0 0 0 0 0 0 0 0 0 0 0 0 0 0 0 0 0 0 0 0 0 0 0 0 0 0 0 0 0 4 0 0 0 0 0 0 0 0 0 0 0 0 0 0 0 0 0 0 0 23 0 0 0 0 0 0 0 0 0 0 0 0 0 0 0 0 0 0 0 0 0 0 0 0 0 0 0 0 0 0 0 0 0 0 0 0 0 0 0 0 0 0 0 0 0 0 0 0 0 0 0 0 0 0 0 0 0 0 0 0 0 0 0 0 0 0 0 0 0 0 0 0 0 0 0 0 0 0 0 0 0 0 0 0 0 0 0 0 0 0 0 0 0 0 0 0 0
0 0 0 0 0 0 0 0 0 0 0 0 0 0 0 0 0 0 0 0 0 0 0 0 0 0 0 0 0 0 2 0 0 1 0 0 0 0 0 0 0 0 0 0 0 0 0 0 0 0 0 0 0 2 0 0 0 0 0 0 0 0 0 0 0 0 0 0 0 0 0 0 0 0 0 0 0 0 0 0 0 0 0 0 0 0 0 0 0 0 0 0 0 0 0 0 0 0 0 0 0 0 0 0 0 0 0 0 0 0 0 0 0 0 0 0 0 0 0 0 0 0 0 0 0 0 0 0 0 0 0 0 0 0 0 0 0 0 0 0 0 0 0 0 0 0 0 0 0 0
0 0 0 0 0 0 0 0 0 0 0 0 0 0 0 0 0 0 0 0 0 0 0 0 0 0 0 0 0 0 1 10 5 0 0 0 0 0 0 0 0 0 0 0 0 0 0 0 0 0 0 0 0 0 0 0 0 0 0 0 0 0 0 0 0 0 0 0 0 0 0 0 0 0 0 0 0 0 0 0 0 0 0 0 0 0 0 0 0 0 0 0 0 0 0 0 0 0 0 0 0 0 0 0 0 0 0 0 0 0 0 0 0 0 0 0 0 0 0 0 0 0 0 0 0 0 0 0 0 0 0 0 0 0 0 0 0 0 0 0 0 0 0 0 0 0 0 0 0 0
0 0 0 0 0 0 0 0 0 0 0 0 0 0 0 0 0 0 0 0 0 0 0 0 0 0 0 0 0 0 1 9 0 0 0 0 1 0 0 0 0 0 0 0 0 0 0 0 0 0 0 0 0 0 0 0 0 0 0 0 0 0 0 0 0 0 0 0 0 0 0 0 0 0 0 0 0 0 0 0 0 0 0 0 0 0 0 0 0 0 0 0 0 0 0 0 0 0 0 0 0 0 0 0 0 0 0 0 0 0 0 0 0 0 0 0 0 0 0 0 0 0 0 0 0 0 0 0 0 0 0 0 0 0 0 0 0 0 0 0 0 0 0 0 0 0 0 0 0 0
0 0 0 0 0 0 0 0 0 0 0 0 0 0 0 0 0 0 0 0 0 0 0 0 0 0 1 0 0 9 0 0 0 0 0 0 1 0 0 0 0 0 0 0 0 0 0 0 0 0 0 0 0 0 0 0 0 0 0 0 0 0 0 0 0 0 0 0 0 0 0 0 0 0 0 0 0 0 0 0 0 0 0 0 0 0 0 0 0 0 0 0 0 0 0 0 0 0 0 0 0 0 0 0 0 0 0 0 0 0 0 0 0 0 0 0 0 0 0 0 0 0 0 0 0 0 0 0 0 0 0 0 0 0 0 0 0 0 0 0 0 0 0 0 0 0 0 0 0 0
0 0 0 0 0 0 0 0 0 0 0 0 0 0 0 0 0 0 0 0 0 0 0 0 0 0 0 0 0 26 8 0 0 0 0 0 0 0 0 0 0 0 0 0 0 0 0 0 0 0 0 0 0 0 0 0 0 0 0 0 0 0 0 0 0 0 0 0 0 0 0 0 0 0 0 0 0 0 0 0 0 0 0 0 0 0 0 0 0 0 0 0 0 0 0 0 0 0 0 0 0 0 0 0 0 0 0 0 0 0 0 0 0 0 0 0 0 0 0 0 0 0 0 0 0 0 0 0 0 0 0 0 0 0 0 0 0 0 0 0 0 0 0 0 0 0 0 0 0 0
0 0 0 0 0 0 0 0 0 0 0 0 0 0 0 0 0 0 0 0 0 0 0 0 0 0 6 0 0 0 0 0 0 0 0 0 0 0 0 0 0 0 0 0 0 0 0 0 1 35 0 0 0 0 0 0 0 0 0 0 0 0 0 0 0 0 0 0 0 0 0 0 0 0 0 0 0 0 0 0 0 0 0 0 0 0 0 0 0 0 0 0 0 0 0 0 0 0 0 0 0 0 0 0 0 0 0 0 0 0 0 0 0 0 0 0 0 0 0 0 0 0 0 0 0 0 0 0 0 0 0 0 0 0 0 0 0 0 0 0 0 0 0 0 0 0 0 0 0 0
0 0 0 0 0 0 0 0 0 0 0 0 0 0 0 0 0 0 0 0 0 0 0 0 0 0 9 0 0 0 0 0 0 0 0 0 0 0 0 0 0 0 0 0 0 0 0 0 0 0 0 0 0 0 0 0 0 0 0 0 0 0 0 0 0 0 0 0 0 0 0 0 0 0 0 0 0 0 0 0 0 0 0 0 0 0 0 0 0 0 0 0 0 0 0 0 0 0 0 0 0 0 0 0 0 0 0 0 0 0 0 0 0 0 0 0 0 0 0 0 0 0 0 0 0 0 0 0 0 0 0 0 0 0 0 0 0 0 0 0 0 0 0 0 0 0 0 0 0 0
0 0 0 0 0 0 0 0 0 0 0 0 0 0 0 0 0 0 0 0 0 0 0 0 0 0 0 2 2 0 0 0 0 0 0 0 0 0 0 0 0 0 0 0 0 0 0 0 0 0 0 0 0 0 0 0 0 0 0 0 0 0 0 0 0 0 0 0 0 0 0 0 0 0 0 0 0 0 0 0 0 0 0 0 0 0 0 0 0 0 0 0 0 0 0 0 0 0 0 0 0 0 0 0 0 0 0 0 0 0 0 0 0 0 0 0 0 0 0 0 0 0 0 0 0 0 0 0 0 0 0 0 0 0 0 0 0 0 0 0 0 0 0 0 0 0 0 0 0 0
0 0 0 0 0 0 0 0 0 0 0 0 0 0 0 0 0 0 0 0 0 0 0 0 0 0 0 0 0 0 0 0 0 0 0 0 0 0 0 0 0 0 0 0 0 0 0 0 0 0 2 0 0 0 0 0 0 0 0 0 0 0 0 0 0 0 0 0 0 0 0 0 0 0 0 0 0 0 0 0 0 0 0 0 0 0 0 0 0 0 0 0 0 0 0 0 0 0 0 0 0 0 0 0 0 0 0 0 0 0 0 0 0 0 0 0 0 0 0 0 0 0 0 0 0 0 0 0 0 0 0 0 0 0 0 0 0 0 0 0 0 0 0 0 0 0 0 0 0 0
0 0 0 0 0 0 0 0 0 0 0 0 0 0 0 0 0 0 0 0 0 0 0 0 0 0 0 0 0 0 0 0 0 0 0 0 0 0 0 0 0 0 0 0 0 0 0 0 0 0 0 0 0 0 0 0 0 0 0 0 0 0 0 0 0 0 0 0 0 0 0 0 0 0 0 0 0 0 0 0 0 0 0 0 0 0 0 0 0 0 0 0 0 0 0 0 0 0 0 0 0 0 0 0 0 0 0 0 0 0 0 0 0 0 0 0 0 0 0 0 0 0 0 0 0 0 0 0 0 0 0 0 0 0 0 0 0 1 2 2 1 3 1 2 1 2 1 2 1 2
0 0 0 0 0 0 0 0 0 0 0 0 0 0 0 0 0 0 0 0 0 0 0 0 0 0 0 0 0 0 0 0 0 0 0 0 0 0 0 0 0 0 0 0 0 0 0 0 0 0 0 0 0 0 0 0 0 0 0 0 0 0 0 0 0 0 0 0 0 0 0 0 0 0 0 0 0 0 0 0 0 0 0 0 0 0 0 0 0 0 0 0 0 0 0 0 0 0 0 0 0 0 0 0 0 0 0 0 0 0 0 0 0 0 0 0 0 0 0 0 0 0 0 0 0 0 0 0 0 0 0 0 0 0 0 0 0 0 0 0 0 0 0 0 0 0 0 0 0 0
0 0 0 0 0 0 0 0 0 0 0 0 0 0 0 0 0 0 0 0 0 0 0 0 0 0 0 0 0 0 0 0 0 0 0 0 0 0 0 0 0 0 0 0 0 0 0 0 0 0 0 0 0 0 0 0 0 0 0 0 0 0 0 0 0 0 0 0 0 0 0 0 0 0 0 0 0 0 0 0 0 0 0 0 0 0 0 0 0 0 0 0 0 0 0 0 0 0 0 0 0 0 0 0 0 0 0 0 0 0 0 0 0 0 0 0 0 0 0 0 0 0 0 0 0 0 0 0 0 0 0 0 0 0 0 0 0 0 0 0 0 0 0 0 0 0 0 0 0 0
0 0 0 0 0 0 0 0 0 0 0 0 0 0 0 0 0 0 0 0 0 0 0 0 0 0 0 0 0 0 0 0 0 0 0 0 0 0 0 0 0 0 0 0 0 0 0 0 0 0 0 0 0 0 0 0 0 0 0 0 0 0 0 0 0 0 0 0 0 0 0 0 0 0 0 0 0 0 0 0 0 0 0 0 0 0 0 0 0 0 0 0 0 0 0 0 0 0 0 0 0 0 0 0 0 0 0 0 0 0 0 0 0 0 0 0 0 0 0 0 0 0 0 0 0 0 0 0 0 0 0 0 0 0 0 0 0 0 0 0 0 0 0 0 0 0 0 0 0 0
