0 0 17 7 0 0 0 1 11 60 1 5 0 12 0 0 0 1 7 0 0 0 0 0 1 17 0 0 0 0 0 0 0 0 5 0 0 0 2 3 0 0 0 0 1 0 0 0 0 0 0 0 0 0 1 2 0 0 0 11 37 10 5 1 0 1 2 1 0 0 0 1 21 134 172 316 130 20 38 15 32 156 37 73 81 157 192 179 49 195 935 493 77 476 377 558 997 480 740 128 163 97 12 34 42 51 35 416 188 26 5 19 21 77 37 39 11 4 2 0 3 25 20 9 1 12 0 1 10 10 1 11 1 2 4 0 0 2 0 0 0 0 1 0 0 0 0 0 0 27
0 3 5 5 1 0 0 0 0 9 1 4 4 2 0 0 0 38 8 0 0 4 12 1 6 24 0 0 0 0 0 0 0 0 0 0 0 3 1 0 0 0 0 0 0 0 0 0 0 0 0 0 0 4 5 0 0 0 0 49 90 25 7 85 8 0 0 0 1 1 0 0 32 40 24 1 114 55 10 60 141 63 10 10 117 166 250 126 264 234 84 12 232 300 205 197 353 562 831 514 219 82 72 18 13 4 1 102 25 89 5 6 2 9 37 59 8 7 3 32 3 1 13 8 2 1 1 7 11 40 16 4 23 34 0 0 0 0 3 30 4 0 0 0 0 0 0 2 0 0
0 1 0 2 0 0 0 0 0 6 0 0 12 2 0 0 0 0 3 0 5 13 79 11 10 0 0 4 0 0 0 0 0 0 0 7 1 4 0 8 1 0 0 0 0 0 0 0 0 0 0 0 0 0 10 0 0 1 0 23 8 19 4 5 0 0 0 0 0 0 0 2 2 0 0 0 2 18 122 192 83 54 1 20 29 176 517 148 11 13 78 16 67 291 447 600 169 380 280 357 496 293 14 64 105 7 5 29 187 229 34 11 1 4 4 5 5 26 8 12 88 25 6 0 1 6 0 1 0 25 12 4 63 84 0 0 2 0 5 18 2 10 0 0 0 0 0 0 0 0
25 4 0 0 0 0 0 0 0 0 5 6 0 0 0 0 0 0 1 0 0 0 3 3 5 0 0 9 2 0 3 0 0 0 0 0 0 0 0 3 2 0 0 0 0 0 0 0 0 0 2 0 0 0 49 26 1 19 27 1 0 0 11 5 0 0 0 0 0 1 6 75 15 0 0 3 13 81 200 164 132 47 36 107 99 19 62 136 0 111 547 501 991 430 725 450 95 129 456 346 403 413 115 16 22 114 46 31 324 73 21 21 23 20 0 4 10 50 58 20 33 73 18 1 1 7 4 2 13 0 6 6 13 0 4 4 4 1 0 8 41 8 0 0 0 0 0 0 0 0
0 7 0 0 0 0 0 0 0 1 1 1 0 0 0 4 7 4 0 2 3 5 2 0 0 1 1 1 0 2 0 0 1 0 0 15 3 0 1 0 0 0 0 0 0 0 0 0 0 1 0 0 0 1 42 118 46 29 0 0 2 1 0 9 0 0 0 0 1 26 144 68 120 120 18 70 49 136 274 200 119 125 183 85 152 95 91 93 16 199 967 338 364 552 371 182 74 522 317 576 484 581 654 526 297 111 93 21 1 4 16 15 15 96 7 0 2 16 51 70 207 512 67 19 3 2 4 1 0 3 1 0 0 0 7 0 0 0 0 0 38 6 0 0 0 0 0 0 0 0
4 2 0 0 0 0 0 0 4 1 4 0 0 0 0 1 0 0 9 48 8 0 0 0 0 0 0 0 0 0 1 1 0 0 9 60 33 7 0 1 0 0 1 0 0 0 0 0 0 3 16 8 1 4 4 49 28 7 8 3 0 0 4 2 0 0 0 0 4 69 71 115 117 90 76 35 18 18 37 397 257 415 323 30 2 145 57 25 4 230 1060 318 34 244 497 427 86 1010 388 400 499 317 647 376 23 85 27 62 8 4 0 2 4 56 4 4 9 4 1 14 119 111 0 2 5 10 1 1 3 0 3 2 1 0 0 0 1 0 0 0 2 2 0 0 0 0 0 0 2 0
0 0 1 0 0 0 0 0 1 2 2 0 0 1 0 0 0 4 0 0 1 1 3 0 0 0 0 0 0 0 1 0 0 2 0 11 3 0 0 0 0 0 0 0 0 0 0 0 0 1 0 3 0 5 0 15 10 0 37 35 5 2 1 0 2 1 0 0 4 56 41 49 148 301 302 85 280 115 339 415 502 519 908 359 90 12 5 181 39 75 1014 558 69 370 567 391 256 376 516 41 15 259 132 100 49 61 84 7 13 9 43 166 156 35 61 20 1 4 25 22 95 109 7 2 4 5 12 5 0 0 1 0 0 0 0 1 0 0 0 0 0 1 1 0 0 0 0 0 0 0
2 0 0 0 0 0 0 0 1 0 0 0 0 0 0 0 0 0 0 0 0 0 0 0 0 0 0 0 0 0 3 0 0 0 4 2 0 0 5 7 0 0 0 0 0 0 0 0 0 0 0 1 7 11 0 13 0 18 56 59 123 34 34 2 10 31 0 0 4 54 0 2 16 35 73 36 56 206 470 552 682 364 659 168 127 138 110 407 173 57 316 84 33 360 266 304 191 656 603 166 144 328 334 330 186 106 18 50 136 47 347 373 55 44 12 50 4 1 4 25 30 6 3 11 6 0 3 5 2 0 0 0 0 0 0 0 0 0 0 0 0 0 0 0 0 0 0 0 0 0
2 0 0 0 0 0 1 0 5 24 0 0 0 1 6 0 0 0 0 0 0 0 0 0 0 0 0 0 0 0 5 0 0 0 2 0 0 0 1 3 0 0 0 0 0 0 0 0 0 0 0 0 2 6 0 1 5 14 34 36 216 170 6 0 4 14 1 2 0 27 1 1 0 3 0 11 0 28 61 353 517 499 660 17 9 10 404 213 303 46 8 5 233 732 906 920 60 418 370 187 284 92 87 312 638 147 190 199 39 35 599 152 169 14 21 5 2 2 2 5 8 2 4 12 8 0 1 3 0 0 7 0 0 0 0 0 0 0 0 0 0 0 0 0 0 0 0 0 0 0
0 0 0 0 0 0 0 0 12 7 0 0 0 0 0 0 0 0 0 0 0 0 0 0 0 0 0 0 0 0 0 0 0 0 0 0 0 2 1 1 0 1 0 0 0 0 0 2 9 0 4 0 23 5 0 1 0 1 0 13 25 125 18 13 7 0 1 1 0 10 0 0 0 0 0 3 5 34 111 566 579 524 462 250 616 672 314 131 297 178 41 3 15 467 739 943 510 91 100 18 58 115 12 7 44 258 242 175 58 11 408 347 215 26 4 219 329 487 204 57 268 10 18 42 28 22 22 0 3 17 57 7 1 0 0 0 0 0 0 0 0 0 0 0 0 0 0 0 0 20
1 2 13 0 0 0 3 0 1 1 0 2 0 0 2 10 0 3 0 0 0 0 0 0 0 0 0 0 0 0 0 2 0 0 0 1 0 0 0 0 0 6 0 0 0 0 4 3 10 17 8 7 6 1 0 0 0 10 18 15 0 145 6 4 0 3 0 0 0 14 0 0 0 0 0 0 21 23 85 335 357 201 393 219 282 330 214 274 488 287 27 0 3 124 481 545 584 28 26 192 10 29 4 14 81 273 663 266 112 184 402 143 152 31 1 133 309 634 295 174 281 169 215 116 119 414 114 51 61 36 3 75 5 17 23 0 0 0 0 0 0 0 0 0 0 0 0 0 0 0
1 0 0 0 0 0 0 0 4 0 0 0 0 0 0 0 4 1 1 0 2 0 0 0 0 0 0 0 0 0 0 0 0 3 7 0 0 0 2 1 2 5 16 5 3 0 1 0 0 1 0 1 2 4 0 0 2 0 1 3 0 7 1 1 0 1 0 0 2 0 0 0 0 0 0 5 128 10 216 288 460 165 68 52 135 153 22 32 115 590 39 0 0 0 10 83 788 400 281 19 1 6 3 34 36 63 330 216 12 62 229 238 63 155 27 233 531 230 474 616 235 342 120 176 149 173 0 0 0 28 2 2 38 28 27 3 0 0 0 0 0 0 0 0 0 0 0 0 0 0
1 0 2 0 0 0 0 0 2 3 0 0 0 0 0 0 0 17 2 1 1 5 0 0 0 0 0 0 0 0 0 0 1 0 1 0 1 1 0 0 0 3 48 1 22 0 2 10 0 0 0 2 2 0 0 0 0 0 1 1 3 3 2 0 0 0 0 0 0 3 14 0 0 0 3 21 131 43 251 51 97 190 42 0 30 11 5 0 20 0 0 0 2 43 74 21 605 348 464 419 17 7 42 18 29 20 21 156 363 321 692 509 149 626 155 30 24 95 809 840 146 218 199 1 54 115 3 0 29 18 0 1 25 15 2 0 0 0 0 0 0 0 0 0 0 0 0 0 0 1
0 0 0 0 0 0 4 2 0 0 1 0 0 0 0 0 0 0 53 24 4 0 0 0 0 0 0 0 0 0 8 0 0 0 0 0 1 0 0 0 0 1 3 59 24 0 0 0 0 0 0 24 2 0 0 0 0 0 3 0 8 15 12 0 0 0 127 17 23 21 70 0 0 0 3 322 386 361 92 12 66 328 54 7 7 118 9 3 3 29 2 1 1 31 7 16 66 419 146 195 2 4 275 92 244 33 116 363 197 392 684 722 604 220 256 233 153 155 757 263 139 95 0 2 0 14 22 0 13 1 1 0 3 0 0 0 0 0 0 0 0 0 0 0 0 0 0 0 0 0
0 0 0 0 0 0 1 1 7 0 0 0 0 0 0 0 0 0 0 0 6 0 0 0 1 0 0 0 0 0 1 0 0 0 0 0 0 0 0 0 0 0 0 15 28 0 0 0 1 16 12 33 0 0 4 0 4 7 6 19 88 12 10 13 12 120 78 78 212 127 39 2 0 0 35 532 821 668 261 26 0 66 32 3 3 9 12 9 0 23 11 7 0 0 0 5 69 252 248 201 9 46 331 519 1068 734 865 731 566 429 476 500 411 480 392 207 107 85 53 47 105 140 37 8 1 23 29 8 8 15 0 0 0 0 0 0 0 0 0 0 0 0 0 0 0 0 0 0 0 0
0 0 0 0 0 0 0 17 8 1 2 0 0 0 0 0 0 0 0 1 0 12 8 0 0 0 0 0 0 0 0 0 0 0 0 0 0 0 0 0 0 0 0 0 1 14 0 0 0 20 52 66 1 0 0 18 49 55 5 91 12 15 2 25 5 32 98 67 48 116 174 36 89 107 383 850 880 523 152 29 4 2 0 0 0 0 24 40 24 75 0 4 1 0 4 33 27 28 33 27 9 0 699 403 450 547 661 365 495 561 627 419 471 254 192 78 44 105 106 108 15 2 121 317 60 59 4 0 3 1 0 0 0 0 14 2 0 0 0 0 0 0 0 0 0 0 0 0 0 0
0 0 0 0 0 0 3 3 1 0 0 0 0 0 0 0 1 0 0 0 0 0 6 14 16 6 3 0 0 0 0 0 0 0 0 0 0 0 0 0 0 0 0 0 0 13 5 4 0 16 22 6 0 10 0 21 51 117 55 21 1 1 0 0 0 3 0 0 1 0 0 0 60 84 311 313 347 235 72 0 0 0 0 0 0 0 0 37 130 8 0 0 9 0 0 10 20 0 1 81 16 146 564 607 301 159 316 169 274 457 452 267 426 202 190 104 33 67 104 11 0 2 27 36 29 297 3 3 0 0 0 0 0 0 0 0 0 0 0 0 0 0 0 0 0 0 0 0 0 0
0 0 0 0 0 1 0 2 0 0 0 0 1 0 0 2 0 1 0 2 2 1 0 0 8 4 5 19 1 1 0 0 0 0 0 0 0 0 0 2 0 0 0 0 0 38 123 10 0 31 32 17 6 46 23 16 19 45 241 6 4 0 0 0 0 1 16 46 1 30 78 5 128 14 57 86 74 84 14 18 0 0 7 1 0 0 0 5 69 4 0 29 82 30 6 0 0 0 68 414 153 81 109 73 92 313 246 149 468 231 102 75 102 167 136 16 66 82 5 1 0 0 2 5 106 471 146 20 1 1 0 0 0 0 0 0 10 0 0 0 0 0 0 0 0 0 0 0 0 0
0 0 0 1 1 1 0 0 0 0 0 0 13 1 0 0 0 0 0 4 0 1 3 0 3 0 72 30 25 0 0 0 0 0 0 3 0 0 0 0 0 0 2 2 17 22 7 2 24 316 58 20 11 22 3 37 137 44 30 21 40 9 0 0 0 0 6 0 0 28 26 11 41 10 3 70 81 17 4 6 12 1 1 12 0 11 16 15 7 0 5 152 54 190 28 1 0 39 185 4 118 193 63 12 61 109 108 284 321 0 0 49 3 341 43 0 5 0 0 0 0 0 3 3 27 171 170 239 9 0 0 0 0 0 0 0 0 0 0 0 0 0 0 0 0 0 0 0 0 0
0 0 0 0 0 0 0 0 0 0 0 0 0 1 1 0 0 0 1 6 1 8 55 9 1 3 4 19 102 2 0 0 0 0 0 0 0 0 1 0 0 1 2 38 8 77 57 11 6 96 22 1 1 2 32 3 54 51 3 0 0 4 0 0 0 4 0 1 7 28 27 42 13 0 0 33 9 0 5 5 2 0 0 1 0 17 11 0 13 3 6 30 5 2 1 12 1 9 5 1 437 671 515 78 72 109 98 222 154 5 0 0 0 110 17 0 0 0 0 0 0 0 0 5 4 6 23 101 15 0 0 0 0 0 0 0 0 0 0 0 0 0 0 0 0 0 0 0 0 0
0 0 0 0 2 0 0 0 0 0 0 0 0 3 0 0 2 0 1 0 1 2 19 3 0 10 7 5 2 10 0 11 2 0 0 0 0 0 0 0 10 1 6 11 4 8 11 14 49 211 176 71 20 26 8 7 9 0 0 0 0 3 23 4 108 74 1 0 3 12 58 37 0 1 7 57 168 82 6 17 4 5 3 10 1 0 4 4 13 13 5 0 1 0 0 0 1 1 330 320 761 670 324 99 3 12 61 77 3 0 0 0 0 10 0 0 0 0 0 0 0 0 2 4 0 0 14 60 0 0 0 0 0 0 0 0 0 0 0 0 0 0 0 0 0 0 0 0 0 0
0 0 0 0 0 0 0 0 0 0 0 0 0 2 1 4 0 0 0 2 1 4 5 3 1 3 0 0 0 0 5 36 3 5 0 0 0 10 0 0 21 1 0 0 1 0 2 10 162 521 232 156 22 1 0 4 3 18 0 0 0 0 1 0 11 13 22 8 6 39 26 15 14 0 4 8 89 98 44 50 18 40 4 45 8 3 29 2 115 77 5 5 0 1 0 13 3 4 78 280 181 74 37 3 18 8 69 47 3 0 0 0 6 51 0 0 0 0 0 0 0 0 0 0 0 30 27 0 0 0 0 0 0 0 0 0 0 0 0 0 0 0 0 0 0 0 0 0 0 0
0 0 0 2 0 0 0 0 0 0 0 0 0 2 2 0 0 0 0 0 0 1 1 0 3 0 0 0 0 0 1 4 42 3 1 0 11 105 4 9 0 0 0 0 0 0 8 5 26 262 226 170 7 0 0 2 0 5 8 2 0 0 0 0 11 0 23 5 0 6 10 34 45 0 0 0 2 2 13 19 5 27 16 0 1 6 21 0 0 1 1 9 4 3 0 1 6 0 1 1 1 0 5 20 49 30 36 47 97 101 37 14 69 0 0 0 0 0 0 0 0 0 0 1 22 34 78 0 0 0 0 0 0 0 0 0 0 0 0 0 0 0 0 0 0 0 0 0 0 0
0 0 0 0 0 0 0 0 0 0 0 0 0 2 7 0 2 3 0 2 5 1 0 0 0 0 0 0 0 0 1 2 7 4 0 0 3 18 7 3 0 0 0 0 2 53 23 59 3 95 71 14 0 1 1 1 17 28 3 0 0 0 0 0 0 0 0 0 0 0 2 3 104 48 4 5 0 0 0 0 0 6 65 87 4 1 3 1 0 0 0 1 0 0 0 0 0 0 1 6 3 0 1 64 46 20 13 0 3 23 1 204 18 0 0 0 0 0 0 0 0 0 1 28 3 9 37 65 0 0 0 0 0 0 0 0 0 0 0 0 0 0 0 0 0 0 0 0 0 0
0 0 0 0 0 0 0 0 0 0 0 0 0 1 0 0 0 0 0 0 1 0 0 0 0 0 0 0 0 0 0 2 55 3 14 0 0 50 0 0 0 0 0 13 14 20 33 2 0 15 37 33 21 17 14 33 2 3 1 5 0 0 0 0 0 0 0 29 12 1 7 0 12 1 40 2 1 0 0 0 0 1 11 41 9 7 0 0 0 0 1 0 0 0 0 0 3 2 0 9 11 11 0 30 352 0 0 0 0 0 0 46 0 0 0 0 2 0 1 0 0 0 0 0 0 31 21 18 0 0 1 0 0 0 0 0 0 0 0 0 0 0 0 0 0 0 0 0 0 0
0 0 0 0 0 0 0 0 0 0 0 0 0 0 9 1 0 0 1 0 0 1 0 2 0 0 0 0 0 0 0 0 3 20 27 1 0 10 0 0 1 0 0 11 74 14 0 0 8 1 40 4 0 2 0 0 2 0 0 0 0 0 0 0 14 7 0 9 1 2 2 31 1 5 0 3 9 0 0 0 0 0 0 0 1 10 3 5 0 1 0 0 3 2 3 0 0 1 0 1 7 6 3 92 207 199 0 4 0 0 1 17 2 6 20 2 0 0 0 0 0 0 0 0 0 17 16 29 0 0 0 0 0 0 0 0 6 25 0 0 0 0 0 0 0 0 0 0 0 0
0 0 0 0 0 0 0 0 0 0 0 0 0 2 4 1 1 2 0 0 0 3 1 3 0 0 0 9 1 0 0 1 0 1 4 1 0 0 0 6 6 2 0 8 56 1 0 0 0 7 33 4 0 0 1 1 0 1 0 0 0 0 0 0 6 0 0 1 0 1 10 13 2 1 2 7 5 0 0 0 0 1 19 1 3 3 8 9 5 1 2 1 0 0 0 1 0 2 0 1 8 13 4 7 45 244 65 0 0 0 0 0 0 1 5 13 0 0 1 1 0 0 0 0 6 103 27 2 0 1 0 0 0 0 0 0 1 3 0 0 0 0 0 0 0 0 0 0 0 0
0 0 0 0 0 0 0 0 0 0 0 0 0 0 2 2 5 33 1 0 2 21 5 0 0 0 2 0 0 0 1 1 0 12 2 0 0 4 5 3 13 20 8 80 124 3 4 0 4 0 0 33 23 2 1 0 0 0 0 0 0 0 1 0 0 0 0 0 7 20 66 10 2 3 0 0 0 8 0 0 0 0 0 0 0 0 0 2 6 0 1 0 1 0 1 0 0 0 0 0 0 2 14 2 16 679 519 38 0 0 0 0 0 0 0 0 5 239 43 2 0 0 0 22 45 22 55 176 91 13 0 0 0 0 1 0 5 0 0 0 0 0 0 0 0 0 0 0 0 0
0 0 0 0 0 1 0 1 0 1 0 3 9 5 1 2 19 39 0 0 0 0 1 1 0 0 0 4 7 0 1 1 9 2 0 12 2 12 40 77 152 384 151 134 68 3 0 2 1 1 0 4 9 10 0 0 0 0 0 0 0 0 0 0 0 0 1 0 0 4 15 56 7 0 3 10 1 3 2 0 1 2 1 0 6 0 0 0 6 3 5 0 2 1 8 19 3 0 0 0 1 0 4 26 211 330 228 299 4 0 0 0 0 0 0 2 153 66 21 0 0 0 6 97 143 169 636 499 130 145 0 0 2 14 0 0 0 0 0 0 0 0 0 0 0 0 0 0 0 0
0 0 0 0 0 0 0 1 4 3 3 28 21 0 0 0 1 11 0 0 2 0 4 9 1 1 0 0 0 2 0 0 0 1 32 19 3 1 43 154 388 487 343 529 40 7 0 4 2 0 4 2 40 83 7 10 0 0 0 0 0 0 0 0 0 0 0 0 0 7 1 4 0 0 0 1 0 2 9 0 0 0 1 0 6 0 0 0 1 0 1 1 0 16 1 11 0 0 0 3 0 0 13 10 10 68 1 67 11 0 0 0 0 0 60 43 389 212 48 20 15 8 1 109 107 41 275 574 392 364 38 33 29 83 6 0 0 0 0 0 0 0 0 0 0 0 0 0 0 0
0 0 0 0 0 0 1 2 0 3 2 4 1 0 0 2 0 0 7 2 0 7 86 19 0 0 0 0 9 1 4 2 0 0 4 7 19 26 29 41 438 213 233 159 22 3 29 0 3 3 1 1 8 1 2 1 0 0 0 0 0 0 0 0 0 0 0 0 0 0 0 0 0 0 0 1 2 2 2 1 7 18 4 0 17 0 0 0 12 13 0 0 2 5 1 0 1 4 0 4 2 1 2 3 1 0 0 7 16 2 6 3 4 0 62 869 320 238 153 211 144 73 41 1 6 11 24 201 0 79 16 131 425 36 6 2 0 0 0 0 0 0 0 0 0 0 0 0 0 0
0 0 0 0 0 0 1 0 0 1 2 4 0 2 0 3 0 0 14 11 203 56 7 0 0 0 0 0 3 19 3 1 6 47 13 3 2 3 0 44 303 198 277 112 53 8 1 0 3 2 10 1 2 3 13 2 0 0 0 0 0 0 0 0 0 0 0 0 0 1 0 0 0 0 0 0 0 3 5 0 11 11 15 109 17 0 0 0 1 0 0 0 2 3 0 0 5 1 0 0 0 0 0 0 4 3 7 12 144 135 339 334 78 104 358 601 448 198 34 379 58 149 7 2 81 69 83 185 2 0 32 159 224 45 25 2 0 0 0 0 0 0 0 0 0 0 0 0 0 0
0 0 0 0 0 0 0 1 0 0 0 5 1 4 0 0 0 1 1 13 65 1 0 0 0 0 0 0 0 11 52 7 5 0 0 37 1 1 1 7 24 76 27 42 1 0 0 0 0 2 1 8 56 5 0 7 1 1 0 0 0 0 0 0 0 0 0 0 0 0 0 0 0 0 0 1 0 13 12 2 1 7 6 0 0 0 0 0 2 1 7 0 0 2 1 3 0 0 0 0 6 0 0 1 0 3 7 14 144 69 90 104 58 299 974 408 244 269 76 350 95 5 0 11 13 44 59 0 0 0 49 186 0 0 0 0 0 0 0 0 0 0 0 0 0 0 0 0 0 0
0 0 0 0 0 6 4 7 3 1 0 0 0 7 0 0 1 4 12 15 13 0 0 0 0 0 0 0 0 1 53 2 5 3 9 3 1 0 5 0 31 9 4 0 0 0 0 0 10 3 0 3 118 7 57 26 11 0 1 0 0 0 0 0 0 0 0 0 0 0 0 0 0 0 0 0 0 6 2 0 0 0 2 0 0 0 0 0 3 0 0 0 0 19 3 2 6 3 0 6 3 0 0 1 0 1 17 51 36 12 0 6 87 146 152 361 137 261 162 154 221 0 0 0 0 0 0 0 0 0 3 60 32 0 0 0 0 0 0 0 0 0 0 0 0 0 0 0 0 0
0 0 0 1 0 0 5 2 1 1 0 0 0 1 4 7 16 24 1 0 1 4 3 0 0 1 0 25 14 6 19 23 4 0 0 1 0 5 12 2 8 30 3 2 0 0 1 0 0 0 1 15 103 49 1 8 2 0 0 0 0 0 0 0 0 0 0 0 0 0 0 0 0 0 0 0 2 5 7 0 0 0 0 0 0 0 0 0 7 0 15 1 17 28 3 15 0 0 0 4 0 0 1 1 0 0 2 57 548 9 0 0 0 0 0 3 2 45 439 507 40 1 0 0 0 0 4 0 0 0 0 0 69 1 0 0 0 0 0 0 0 0 0 0 0 0 0 0 0 0
0 0 0 2 1 5 6 20 5 1 4 2 1 0 3 66 43 14 2 5 0 1 0 0 2 3 3 9 0 1 9 4 0 0 0 4 0 0 1 0 11 3 0 0 0 0 4 0 0 0 0 61 8 14 16 3 0 0 0 0 0 0 0 0 0 0 0 0 0 0 0 0 0 0 0 1 3 20 0 0 0 0 1 0 0 0 0 0 8 0 2 1 2 11 0 0 0 0 10 4 0 0 2 0 0 12 52 29 183 0 0 0 0 0 0 0 0 1 101 217 280 332 1 0 3 38 0 0 0 33 69 43 49 4 0 0 0 0 0 0 0 0 0 0 0 0 0 0 0 0
0 0 0 0 0 1 1 0 0 0 9 3 0 2 62 24 26 11 2 0 1 0 0 0 0 3 2 0 1 1 0 0 2 6 4 0 0 0 0 1 1 15 6 2 0 0 1 1 0 0 2 32 26 19 26 6 2 1 0 1 0 0 0 0 0 0 0 0 0 0 0 0 0 0 0 0 0 26 78 6 4 1 0 0 0 0 0 67 9 0 1 1 1 0 1 2 0 1 1 1 38 59 101 3 2 6 12 9 42 6 0 0 0 12 66 66 127 463 48 195 637 146 0 5 271 40 0 0 0 86 264 0 0 0 0 0 0 0 0 0 0 0 0 0 0 0 0 0 0 0
0 1 2 1 0 2 2 0 1 3 2 69 11 10 0 0 0 2 1 2 1 0 1 7 0 0 4 0 12 2 0 0 0 0 0 0 0 0 2 0 0 13 14 6 3 1 2 0 0 0 0 86 16 4 0 1 0 0 3 0 0 0 0 0 0 0 0 0 0 0 0 0 0 0 0 0 0 13 45 10 0 3 0 0 0 0 0 8 0 0 3 0 1 4 0 0 0 0 2 1 3 1 3 8 13 0 10 11 18 5 0 0 0 0 107 493 669 482 43 28 95 113 148 299 222 0 0 1 14 345 100 0 0 0 0 0 0 0 0 0 0 0 0 0 0 0 0 0 0 0
0 0 0 0 0 1 0 0 1 1 7 39 0 1 0 0 0 0 2 3 2 0 0 2 1 0 1 3 2 1 0 0 1 0 0 0 0 1 9 1 0 0 0 0 1 0 0 1 0 0 3 93 0 5 1 0 0 0 0 1 0 0 0 0 0 0 0 0 0 0 0 0 0 0 0 0 0 10 80 55 5 16 26 2 0 0 1 0 1 0 0 0 1 9 0 0 0 1 0 10 6 1 0 4 5 4 1 1 28 0 0 3 34 29 23 29 3 44 414 214 26 315 656 589 308 242 138 163 485 917 503 3 0 0 0 0 0 0 0 0 0 0 0 0 0 0 0 0 0 0
0 1 1 0 0 2 0 1 0 8 19 9 0 1 4 1 2 0 2 0 0 0 0 0 0 29 13 1 0 0 0 1 1 2 1 0 0 0 0 5 1 0 1 0 0 1 19 1 2 3 6 289 21 19 0 3 0 2 0 0 0 0 0 0 0 0 0 0 0 0 0 0 0 0 0 0 2 14 37 0 1 15 7 0 0 0 0 0 3 6 0 3 6 18 17 10 6 1 3 9 3 0 0 4 5 15 11 3 124 38 6 25 41 2 0 12 3 293 242 434 520 742 802 702 1214 812 631 865 755 590 451 1 0 0 0 0 0 0 0 0 0 0 0 0 0 0 0 0 0 0
0 0 0 0 1 0 2 2 11 5 0 0 0 3 5 8 0 0 1 4 0 0 0 0 20 10 5 0 0 0 0 0 0 0 2 0 0 3 1 0 0 0 0 0 1 0 0 0 3 14 578 397 14 59 23 1 4 0 1 8 0 0 0 0 0 0 0 0 0 0 0 0 0 0 0 0 1 0 5 1 0 0 1 0 0 0 0 0 1 4 0 1 7 0 0 0 0 0 1 6 3 1 7 0 23 12 36 39 2 59 14 0 1 9 5 4 6 140 537 1220 1115 665 312 951 1695 892 222 739 378 9 46 4 0 0 0 0 0 0 0 0 0 0 0 0 0 0 0 0 0 0
0 1 0 2 0 0 0 1 16 3 4 0 1 2 1 0 0 1 0 0 0 0 0 0 6 2 0 0 0 0 0 29 24 1 0 1 0 0 2 0 0 1 0 0 0 0 0 0 7 59 453 289 403 575 36 14 4 0 2 14 0 0 0 0 0 0 0 0 0 0 0 0 0 0 0 0 0 0 0 14 0 0 3 0 0 0 0 17 71 0 0 10 5 0 0 0 0 0 0 4 10 0 14 9 35 139 402 18 8 0 3 5 0 3 2 3 12 5 69 529 303 457 296 1982 1372 658 204 227 23 339 713 544 0 0 0 0 0 0 0 0 0 0 0 0 0 0 0 0 0 0
0 3 3 7 0 1 10 20 20 0 4 48 0 0 0 0 0 0 0 0 0 0 0 1 1 0 0 0 0 0 0 2 1 1 0 0 1 0 0 0 0 0 0 0 0 5 0 0 0 2 242 242 492 238 157 25 0 0 0 6 0 0 0 0 0 0 0 0 0 0 0 0 0 0 0 0 0 0 0 31 2 8 6 0 0 0 0 15 58 0 1 10 54 0 0 0 0 0 0 4 4 30 12 54 39 10 2 9 1 0 0 0 2 1 0 5 3 3 7 64 464 356 378 749 876 747 377 544 316 481 290 217 2 0 0 0 0 0 0 0 0 0 0 0 0 0 0 0 0 0
5 3 0 7 2 2 10 15 3 2 1 2 1 0 0 0 0 0 0 0 0 0 0 0 0 0 0 0 2 1 0 0 1 0 0 0 0 1 0 0 0 0 0 0 0 3 7 3 5 4 49 127 176 18 23 21 3 0 2 0 1 0 0 0 1 1 0 0 0 0 0 0 0 0 0 0 0 0 0 0 1 0 0 0 0 0 36 107 8 0 1 189 113 34 5 0 0 0 0 21 32 7 34 217 15 0 1 2 10 0 0 0 3 2 4 4 1 17 14 31 130 911 740 277 310 638 720 808 140 127 90 78 0 0 0 0 0 0 0 0 0 0 0 0 0 0 0 0 0 0
0 1 10 0 5 0 46 112 5 5 5 3 0 0 0 0 0 0 0 0 0 0 2 0 0 0 0 2 3 0 0 0 0 0 0 0 0 0 2 0 0 0 0 0 0 1 0 0 1 2 0 16 86 15 9 0 0 44 51 3 1 0 2 0 0 0 0 0 0 0 0 0 0 0 0 0 0 0 0 0 0 2 10 19 13 9 0 0 12 60 85 97 131 3 1 0 0 4 20 23 33 229 223 292 330 15 18 0 8 3 0 0 0 0 2 0 6 68 39 339 313 628 1816 1345 721 221 1175 1123 607 0 1 0 0 0 0 0 0 0 0 0 0 0 0 0 0 0 0 0 0 0
2 3 7 0 8 6 4 28 4 2 0 0 1 1 0 0 0 0 0 0 0 0 4 0 0 0 0 12 1 0 0 0 0 0 0 0 0 0 1 0 0 0 0 0 0 1 0 0 2 3 0 10 55 7 21 0 0 1 69 8 5 0 0 0 0 0 0 0 0 0 0 0 0 0 0 0 0 0 0 0 0 9 8 0 1 3 0 3 17 25 58 117 99 8 22 6 1 1 0 13 117 224 371 332 157 50 1 4 0 6 0 1 0 0 2 0 1 435 290 486 415 26 7 159 228 139 341 819 289 3 135 14 0 0 0 0 0 0 0 0 0 0 0 0 0 0 0 0 0 0
0 6 74 21 41 77 37 10 2 4 4 0 0 3 0 0 0 0 0 0 0 0 0 0 0 0 0 0 0 0 0 0 0 2 0 0 0 0 0 0 3 2 0 0 0 2 0 0 0 1 0 6 6 0 0 4 23 3 1 26 5 0 0 0 0 0 0 0 0 0 0 0 0 0 0 0 0 0 0 0 18 42 0 3 26 0 103 17 0 0 0 3 5 3 0 0 0 0 0 4 6 65 623 201 98 260 10 4 3 2 15 2 0 0 0 28 187 499 116 23 0 0 0 0 60 375 128 578 328 17 25 3 0 0 0 0 0 0 0 0 0 0 0 0 0 0 0 0 0 0
0 31 61 76 275 252 253 34 16 0 0 0 0 0 1 0 0 0 0 2 1 6 0 0 0 0 0 0 0 0 0 0 0 0 0 0 0 0 1 0 0 0 0 9 10 4 0 11 1 0 0 11 7 0 0 0 0 1 4 2 0 0 0 0 0 0 0 0 0 0 0 0 0 0 0 0 0 0 3 14 5 0 0 0 7 7 15 148 109 0 0 0 0 0 0 0 0 0 0 0 0 247 396 126 128 154 3 3 0 4 7 1 0 0 17 90 185 13 10 44 0 0 0 0 28 344 172 357 119 13 16 0 0 0 0 0 0 0 0 0 0 0 0 0 0 0 0 0 0 0
0 51 227 522 217 160 47 18 0 0 1 2 2 0 0 2 0 1 0 0 0 2 0 0 1 1 0 0 0 2 0 0 0 0 0 0 0 0 0 1 0 0 1 3 2 0 0 5 11 1 0 0 11 0 0 0 0 2 0 0 0 3 0 0 0 0 0 0 0 0 0 0 0 0 0 0 0 4 0 0 0 0 0 0 0 0 45 35 6 0 0 1 0 0 0 0 0 0 0 0 16 54 24 35 130 94 0 1 1 0 9 4 14 25 46 1 0 13 6 28 29 40 9 0 18 90 36 175 28 2 0 0 0 0 0 0 0 0 0 0 0 0 0 0 0 0 0 0 0 0
0 3 129 189 145 144 30 8 0 1 0 0 0 0 0 0 0 2 1 2 1 0 0 0 0 1 0 1 0 1 0 0 0 0 1 0 0 0 0 1 0 0 0 0 0 0 0 1 2 5 0 0 0 0 0 4 0 0 0 0 0 0 0 0 0 0 0 0 0 0 0 0 0 0 0 0 0 1 0 0 0 0 0 0 0 0 76 28 2 5 14 3 0 0 8 10 0 0 0 407 741 146 194 122 1 171 48 0 0 1 7 28 21 0 0 0 0 0 20 67 93 70 192 238 63 25 0 0 0 3 0 0 0 0 0 0 0 0 0 0 0 0 0 0 0 0 0 0 0 0
8 14 10 38 35 18 0 0 2 3 4 0 0 0 1 0 0 0 0 0 1 56 0 0 0 0 0 0 0 2 1 1 0 1 0 0 0 0 0 0 1 0 0 8 2 58 2 1 1 0 1 0 0 0 0 11 0 0 0 0 0 0 0 0 0 0 0 0 0 0 0 0 0 0 0 0 2 3 0 0 0 0 0 0 0 0 31 1 0 48 13 0 0 0 36 94 75 9 221 1279 314 498 107 46 3 17 70 115 0 5 40 0 0 0 0 0 0 0 14 22 120 42 18 42 5 91 24 14 64 20 9 0 0 0 0 0 0 0 0 0 0 0 0 0 0 0 0 0 0 0
21 10 17 14 0 0 0 1 12 0 0 0 0 0 0 3 0 0 0 0 0 8 3 1 0 0 0 0 0 0 0 0 0 4 4 1 0 0 0 0 0 0 0 3 0 7 7 0 0 0 0 0 1 3 73 15 4 0 0 0 0 0 0 0 0 0 0 0 0 0 0 0 0 0 2 14 0 0 0 1 0 0 0 0 0 0 8 3 0 0 102 10 5 13 123 264 97 11 67 175 20 5 9 14 3 4 0 131 539 145 1 0 0 0 0 0 0 2 0 0 19 1 1 2 10 93 51 31 375 174 25 0 0 0 0 0 0 0 0 0 0 0 0 0 0 0 0 0 0 0
7 2 1 2 0 0 0 0 0 0 0 0 0 0 0 0 0 0 0 0 1 0 0 0 0 0 0 0 0 0 10 67 1 0 0 0 0 0 0 0 0 0 0 0 0 2 0 0 0 0 0 1 0 1 21 1 0 0 0 0 0 0 0 0 0 0 0 0 0 0 0 0 0 0 15 4 0 0 0 0 0 0 0 0 0 0 42 59 194 51 90 20 11 7 3 59 7 3 0 4 9 1 1 0 2 2 160 230 244 53 1 0 0 0 0 0 0 1 0 0 1 5 6 24 2 212 73 81 51 81 39 0 0 0 0 0 0 0 0 0 0 0 0 0 0 0 0 0 0 0
2 0 0 0 5 0 0 0 0 0 0 0 0 0 0 0 0 1 0 0 1 0 0 1 0 0 0 0 5 1 0 0 0 0 0 0 0 0 0 0 0 0 0 0 0 5 0 13 0 0 0 0 0 29 5 1 0 0 0 0 0 0 0 0 0 0 0 0 0 0 0 2 4 0 0 0 0 0 0 0 0 0 0 0 0 0 2 0 88 8 0 0 0 2 1 20 1 0 6 0 1 6 0 3 1 185 501 366 69 97 0 0 0 0 0 0 0 0 70 10 0 39 0 12 4 5 36 45 21 13 4 2 0 0 0 0 0 0 0 0 0 0 0 0 0 0 0 0 0 0
0 0 0 0 0 0 0 0 0 0 0 0 0 0 0 0 0 0 1 1 0 0 0 2 0 0 0 0 0 2 0 0 0 0 0 0 0 0 0 0 0 0 0 0 0 0 0 0 0 0 7 2 5 48 3 1 0 0 0 0 0 0 0 0 0 0 0 0 0 0 0 0 3 1 0 0 0 0 0 0 0 0 0 0 0 0 2 0 0 0 0 0 5 27 1 0 3 0 3 5 4 2 1 0 33 103 138 13 84 110 0 0 0 0 0 0 0 0 0 7 0 4 3 37 47 35 141 28 22 13 1 0 0 0 0 0 0 0 0 0 0 0 0 0 0 0 0 0 0 0
0 0 0 0 0 21 2 0 0 0 0 0 0 0 0 0 0 0 0 0 0 0 0 0 0 0 2 0 1 0 0 1 0 0 0 0 0 0 0 0 0 0 1 0 0 0 0 0 0 0 16 0 2 0 7 0 1 2 0 0 0 0 0 0 0 0 0 0 2 4 0 0 0 0 0 0 0 0 0 0 0 0 0 0 0 0 1 2 0 0 0 25 89 10 0 0 1 0 0 2 2 4 14 9 55 16 0 1 0 11 1 0 0 0 0 0 0 0 0 0 1 25 2 18 0 0 0 122 4 2 0 0 0 0 0 0 0 0 0 0 0 0 0 0 0 0 0 0 0 0
0 0 0 0 58 23 0 0 0 0 0 0 0 0 1 0 0 0 0 0 0 0 0 0 0 0 0 0 7 0 2 1 0 0 0 0 0 0 1 0 0 0 0 5 0 4 0 0 0 0 3 0 0 5 4 4 1 0 0 0 0 0 0 0 0 0 1 0 3 0 0 0 0 0 0 0 0 0 0 0 0 0 0 0 0 0 0 2 31 37 91 277 161 30 0 0 1 0 0 23 47 529 377 49 6 9 5 0 0 5 4 0 0 0 0 0 0 0 0 0 0 0 0 0 0 0 26 14 0 0 0 0 0 0 0 0 0 0 0 0 0 0 0 0 0 0 0 0 0 0
0 0 0 0 0 1 0 0 0 0 0 0 1 1 0 0 0 0 0 0 0 0 0 0 0 0 0 0 0 3 0 0 0 0 0 2 1 0 0 0 0 0 0 0 0 1 0 0 0 0 3 0 0 2 3 3 0 0 0 0 0 0 0 0 0 0 0 0 3 0 0 0 0 0 0 0 0 0 0 0 0 0 0 0 0 0 0 1 18 84 242 120 94 25 2 4 6 3 2 60 132 100 76 14 1 0 2 0 0 0 0 0 0 0 0 0 0 0 0 0 1 33 67 0 0 8 5 0 0 0 0 0 0 0 0 0 0 0 0 0 0 0 0 0 0 0 0 0 0 0
0 0 0 0 0 0 0 0 0 0 0 0 11 11 0 0 0 0 0 0 0 0 0 0 0 3 3 0 1 26 0 0 0 0 1 4 0 0 0 0 0 0 0 0 0 6 8 0 0 0 13 0 0 4 7 3 0 0 0 0 0 0 0 0 0 0 1 2 36 0 0 0 0 0 0 0 0 0 0 0 0 0 3 0 3 6 26 7 1 6 0 1 8 3 26 0 0 2 8 29 69 0 0 6 0 0 0 5 2 43 7 22 0 0 0 0 0 0 0 0 0 0 0 0 0 0 0 1 0 0 0 0 0 0 0 0 0 0 0 0 0 0 0 0 0 0 0 0 0 0
0 0 0 0 3 0 2 0 0 0 0 0 0 0 0 0 0 0 0 0 0 0 0 0 0 0 1 0 0 3 0 0 0 0 1 0 0 0 0 0 0 0 1 0 0 0 0 10 0 0 3 0 3 5 6 4 3 0 0 0 0 0 0 0 0 0 0 8 4 0 0 0 0 0 0 0 0 0 0 0 0 0 0 0 32 1 0 1 3 15 7 0 7 1 4 3 5 19 20 11 17 10 0 1 2 0 0 9 42 97 129 337 20 6 0 0 0 0 0 0 0 0 0 0 0 0 0 0 0 0 0 0 0 0 0 0 0 0 0 0 0 0 0 0 0 0 0 0 0 0
0 0 0 0 0 6 1 1 0 0 0 0 0 0 0 0 0 0 0 0 0 0 0 0 0 0 0 0 0 0 0 0 0 0 0 0 0 0 0 0 0 0 0 0 0 0 0 1 6 0 1 0 0 0 0 42 69 0 0 0 0 0 0 0 0 1 26 60 4 0 2 0 0 0 0 0 0 0 0 0 0 0 0 11 32 0 1 1 7 1 8 3 1 1 0 8 51 11 59 1 1 0 5 33 0 0 15 1 48 62 180 30 43 59 0 0 0 0 0 0 0 0 0 0 0 0 0 0 0 0 0 0 0 0 0 0 0 0 0 0 0 0 0 0 0 0 0 0 0 0
0 1 0 0 0 0 0 0 0 0 0 0 0 0 0 0 0 0 0 0 0 0 0 0 0 0 0 0 0 0 1 0 0 0 0 0 1 0 0 0 0 0 0 0 0 0 0 0 70 0 0 0 0 0 2 3 1 1 9 2 4 1 1 1 3 1 1 1 0 2 0 0 0 0 0 0 0 0 0 0 0 0 0 0 0 0 0 4 12 11 0 0 1 0 12 157 4 0 0 0 0 0 0 0 23 57 341 667 330 65 48 0 46 26 0 0 0 0 0 0 0 0 0 0 0 0 0 0 0 0 0 0 0 0 0 0 0 0 0 0 0 0 0 0 0 0 0 0 0 0
0 0 1 0 4 37 1 5 2 3 1 0 0 0 0 0 0 0 0 0 0 0 0 0 0 0 0 0 0 0 0 0 0 0 0 0 0 0 9 0 2 0 0 0 0 2 13 11 5 0 1 0 0 6 4 1 1 0 0 3 0 0 0 0 0 1 1 3 0 3 3 2 0 0 0 0 0 0 0 0 0 0 0 0 0 0 0 0 0 3 3 6 3 6 118 21 1 0 0 0 0 1 0 8 58 60 219 290 199 257 111 135 124 1 0 0 0 0 0 0 0 0 0 0 0 0 0 0 0 0 0 0 0 0 0 0 0 0 0 0 0 0 0 0 0 0 0 0 0 0
0 0 0 0 36 26 1 0 0 1 0 0 0 5 0 0 0 0 0 0 1 0 0 0 0 0 0 0 0 0 1 0 0 0 0 0 0 0 0 0 0 1 0 0 1 0 1 4 2 0 2 0 1 1 0 0 0 3 0 0 0 0 0 0 0 4 1 0 0 0 0 0 1 1 0 0 0 0 0 0 0 0 1 0 0 1 0 0 0 0 0 0 13 55 1 18 216 1 0 0 0 0 0 55 126 230 0 0 18 33 0 4 2 0 0 0 0 0 0 0 0 0 0 0 0 0 0 0 0 0 0 0 0 0 0 0 0 0 0 0 0 0 0 0 0 0 0 0 0 0
0 0 0 0 0 0 0 0 3 0 0 0 0 0 0 0 0 0 0 0 0 0 0 0 0 0 0 0 0 0 0 4 1 0 0 0 0 0 0 0 0 0 0 0 0 0 1 0 7 0 0 0 0 0 0 0 0 0 3 3 0 0 0 0 0 0 0 0 0 0 1 5 2 1 0 0 0 0 0 0 0 0 2 0 0 0 0 0 0 0 0 10 49 12 18 101 239 0 0 0 0 0 0 3 9 0 0 0 0 0 33 84 0 0 0 0 0 0 0 0 0 0 0 0 0 0 0 0 0 0 0 0 0 0 0 0 0 0 0 0 0 0 1 4 1 0 0 0 0 0
0 0 0 0 0 2 0 0 1 12 0 0 0 0 0 2 0 0 0 1 0 0 0 0 0 0 0 0 0 0 0 1 0 0 0 0 0 0 0 0 0 0 0 0 0 0 0 0 0 0 3 0 0 1 0 0 0 0 1 3 1 0 0 0 0 0 0 0 0 0 1 1 0 0 0 0 0 0 0 0 0 0 0 0 0 0 0 0 19 1 3 6 155 125 70 0 0 0 0 0 0 0 1 1 2 0 0 4 0 36 72 0 0 0 0 0 0 0 0 0 0 0 0 0 0 0 0 0 0 0 0 0 0 0 0 0 0 0 0 0 0 0 0 4 0 0 0 0 0 0
0 0 0 0 0 1 0 0 0 0 0 0 0 1 0 0 0 1 0 0 0 0 0 0 0 0 0 0 0 0 0 0 0 0 0 0 0 0 0 0 0 0 0 0 0 0 0 0 0 0 10 4 5 0 0 0 0 0 0 0 1 1 0 0 0 0 0 0 0 0 0 0 0 0 0 0 0 0 0 0 0 0 0 0 0 0 0 0 0 5 9 58 325 0 0 16 0 0 0 0 0 0 0 1 3 0 0 0 16 0 21 0 0 0 0 0 0 0 0 0 0 0 0 0 0 0 0 0 0 0 0 0 0 0 0 0 0 0 0 0 0 0 0 0 0 0 0 0 0 0
0 0 0 0 0 0 0 0 0 0 0 0 1 1 0 0 0 0 0 0 0 0 0 0 1 0 0 0 0 0 0 0 0 0 0 0 6 0 0 0 0 0 1 0 0 0 0 0 0 0 0 10 2 0 0 0 0 0 0 6 1 8 0 0 0 0 0 0 0 0 0 43 1 0 0 0 0 0 0 0 0 0 0 0 0 0 0 0 1 0 17 21 13 8 8 1 0 0 0 0 0 0 0 0 0 0 0 0 0 0 0 0 0 0 0 0 0 0 0 0 0 0 0 0 0 0 0 0 0 0 0 0 0 0 0 0 0 0 0 0 0 0 0 0 0 0 0 0 0 0
0 0 0 0 0 0 0 0 0 0 0 0 0 1 0 0 0 0 0 0 0 0 5 25 0 0 0 0 0 0 0 0 0 0 0 0 6 1 0 0 0 0 0 0 0 0 0 0 0 0 0 6 0 0 0 0 0 1 0 0 0 19 10 0 0 0 0 0 0 0 0 2 17 0 1 0 0 0 0 0 0 0 0 0 0 0 0 1 0 2 2 31 12 15 8 0 0 0 0 0 0 0 0 0 0 0 0 0 0 0 0 0 0 0 0 0 0 0 0 0 0 0 0 0 0 0 0 0 0 0 0 0 0 0 0 0 0 0 0 0 0 0 0 0 0 0 0 0 0 0
0 0 0 0 0 0 0 0 0 1 0 1 0 0 0 0 0 0 0 1 4 0 2 2 2 0 0 0 0 1 0 0 0 0 0 0 0 1 7 0 0 0 0 0 0 0 0 0 0 0 1 20 18 1 3 0 1 0 0 0 0 19 59 0 0 0 0 0 0 0 0 0 0 0 4 0 0 0 0 0 0 0 0 0 0 0 0 0 0 0 2 9 2 34 21 11 0 0 1 0 0 0 0 0 0 0 0 0 0 0 0 0 0 0 0 0 0 0 0 0 0 0 0 0 0 0 0 0 0 0 0 0 0 0 0 0 0 0 0 0 0 0 0 0 0 0 0 0 0 0
0 0 0 0 0 0 0 0 0 0 0 0 0 0 0 0 0 0 0 0 0 0 0 0 3 0 0 0 0 0 1 1 0 0 0 0 0 0 0 3 0 0 0 0 0 0 0 0 0 1 26 33 86 4 11 2 0 1 0 0 0 7 0 0 0 0 0 0 0 0 0 0 0 1 0 0 0 0 0 0 0 0 0 0 0 0 0 0 0 0 0 3 15 6 7 2 0 0 0 0 0 0 0 0 0 0 0 0 0 0 0 0 0 0 0 0 0 0 0 0 0 0 0 0 0 0 0 0 0 0 0 0 0 0 0 0 0 0 0 0 0 0 0 0 0 0 0 0 0 0
0 0 0 0 0 0 0 0 0 0 0 0 14 0 0 1 0 1 0 0 0 0 0 0 0 0 0 0 0 0 0 0 0 0 0 0 0 0 7 1 0 0 0 0 0 0 0 0 1 0 0 15 82 2 19 0 0 0 0 0 1 1 0 0 0 0 0 0 0 0 0 0 0 0 0 0 0 0 0 0 0 0 0 0 0 0 0 0 0 0 0 0 5 2 5 0 8 0 0 6 0 0 0 0 0 0 0 0 0 0 0 0 0 0 0 0 0 0 0 0 0 0 0 0 0 0 0 0 0 0 0 0 0 0 0 0 0 0 0 0 0 0 0 0 0 0 0 0 0 0
0 0 0 0 3 0 0 0 1 3 0 0 0 0 0 0 1 0 1 0 0 0 0 2 0 0 0 0 0 0 0 0 0 0 0 0 0 0 0 0 0 0 0 0 0 0 0 0 4 0 0 1 6 0 0 0 0 0 0 0 6 1 0 3 0 0 0 0 0 0 0 0 0 0 0 0 0 0 0 0 0 0 0 0 0 0 0 0 0 0 0 0 0 0 0 0 4 0 0 0 0 0 0 0 0 0 0 0 0 0 0 0 0 0 0 0 0 0 0 0 0 0 0 0 0 0 0 0 0 0 0 0 0 0 0 0 0 0 0 0 0 0 0 0 0 5 0 0 0 0
6 0 0 0 0 0 0 0 0 0 1 0 0 0 0 0 0 0 0 0 0 0 0 0 0 0 1 0 0 0 0 0 0 2 12 0 0 0 0 0 0 0 0 0 0 0 3 98 0 0 0 0 0 0 0 0 0 0 0 0 4 0 0 0 0 0 0 0 0 0 0 0 0 0 0 0 0 0 0 0 0 0 0 0 0 0 0 0 0 0 0 0 0 0 0 5 1 18 0 0 0 0 0 0 0 0 0 0 0 0 0 0 0 0 0 0 0 0 0 0 0 0 0 0 0 0 0 0 0 0 0 0 0 0 0 0 0 0 0 0 0 0 0 0 3 7 0 0 0 0
0 0 0 0 0 0 0 0 0 0 0 1 0 0 0 0 0 2 0 2 5 0 0 0 0 0 0 0 0 0 0 3 0 0 0 0 0 0 0 0 0 0 0 0 1 1 1 0 0 0 0 0 0 0 0 0 0 0 0 0 0 6 0 0 0 0 0 0 0 0 0 3 4 0 0 0 0 0 0 0 0 0 0 0 0 0 0 0 0 0 0 0 0 0 2 4 22 0 0 0 3 0 0 0 0 0 0 0 0 0 0 0 0 0 0 0 0 0 0 0 0 0 0 0 0 0 0 0 0 0 0 0 0 0 0 0 0 0 0 0 0 0 0 0 0 0 0 0 0 0
0 0 0 0 0 0 0 0 0 0 0 0 0 0 0 0 2 0 0 2 0 0 0 0 0 0 0 0 0 0 0 0 0 0 0 0 0 0 0 0 0 0 0 0 0 0 0 0 0 0 0 0 0 0 0 0 0 0 0 0 2 0 0 0 0 0 0 0 0 0 6 9 0 0 0 0 0 0 0 0 0 0 0 0 0 0 0 0 0 0 0 0 0 0 4 0 0 0 0 2 0 1 0 0 0 0 0 0 0 0 0 0 0 0 0 0 0 0 0 0 0 0 0 0 0 0 0 0 0 0 0 0 0 0 0 0 0 0 0 0 0 0 0 0 0 0 0 0 0 0
0 0 0 0 0 0 0 0 0 0 3 0 3 0 0 0 8 0 0 0 0 0 0 0 0 0 0 0 0 0 0 0 0 0 0 0 0 0 0 0 0 0 0 0 1 0 0 0 0 0 0 0 0 0 0 0 0 0 0 0 0 0 0 0 0 0 0 0 0 0 2 2 0 0 0 0 0 0 0 0 0 0 0 0 0 0 0 0 0 0 0 0 0 0 0 4 4 0 0 0 0 0 0 0 0 0 0 0 0 0 0 0 0 0 0 0 0 0 0 0 0 0 0 0 0 0 0 0 0 0 0 0 0 0 0 0 0 0 0 0 0 0 0 0 0 0 0 0 0 0
1 0 0 0 0 1 0 0 1 1 0 0 8 0 1 0 6 1 0 0 0 0 0 0 0 0 0 0 0 0 0 0 0 0 0 0 1 0 0 0 0 0 0 2 0 0 0 0 0 0 0 0 0 0 0 0 0 0 0 15 3 0 0 0 0 0 0 0 30 0 0 0 0 0 0 0 0 0 0 0 0 0 0 0 0 0 0 0 0 0 0 0 0 0 0 0 1 0 0 1 0 0 0 0 0 0 0 0 0 0 0 0 0 0 0 0 0 0 0 0 0 0 0 0 0 0 0 0 0 0 0 0 0 0 0 0 0 0 0 0 0 0 0 0 0 0 0 0 0 0
0 0 0 0 0 0 0 1 0 0 0 0 1 0 0 0 0 2 0 0 0 0 0 0 0 0 0 0 0 0 0 0 0 0 0 4 2 1 1 0 0 0 1 0 0 0 0 0 0 0 0 0 0 0 0 0 0 0 0 0 3 5 0 0 0 0 0 0 85 55 3 0 0 0 0 0 0 0 0 0 0 0 0 0 0 0 0 0 0 0 0 0 0 0 0 0 0 0 2 0 0 0 0 0 0 0 0 0 0 0 0 0 0 0 0 0 0 0 0 0 0 0 0 0 0 0 0 0 0 0 0 0 0 0 0 0 0 0 0 0 0 0 0 0 0 0 0 0 0 0
3 1 0 1 0 0 0 0 0 0 0 1 36 7 0 8 14 0 1 3 0 0 0 22 0 4 0 0 0 0 0 2 0 0 2 1 9 2 4 0 0 0 8 0 0 0 0 0 1 0 0 0 0 0 0 0 0 0 0 0 0 0 0 1 51 28 9 0 0 0 0 0 0 0 0 0 0 0 0 0 0 0 0 0 0 0 0 0 0 0 0 0 0 0 0 0 0 0 0 0 0 0 0 0 0 0 0 0 0 0 0 0 0 0 0 0 0 0 0 0 0 0 0 0 0 0 0 0 0 0 0 0 0 0 0 0 0 0 0 0 0 0 0 0 0 0 0 0 0 0
0 17 2 0 0 0 0 0 0 0 2 0 4 0 0 0 6 0 0 1 3 152 42 14 2 0 0 0 0 0 0 0 0 0 0 2 22 0 0 1 1 0 0 0 0 0 0 0 0 0 0 0 0 0 0 0 0 0 0 0 0 0 0 0 10 4 0 0 0 0 0 0 0 0 0 0 0 0 0 0 0 0 0 0 0 0 0 0 0 0 0 0 0 0 0 0 0 0 0 0 0 0 0 0 0 0 0 0 0 0 0 0 0 0 0 0 0 0 0 0 0 0 0 0 0 0 0 0 0 0 0 0 0 0 0 0 0 0 0 0 0 0 0 0 0 0 0 0 0 0
12 14 8 1 1 0 0 0 0 0 0 0 0 0 0 1 3 2 0 0 0 56 21 4 6 3 1 0 1 4 8 0 0 0 0 0 0 0 0 0 1 7 0 0 0 0 0 0 0 0 0 0 0 0 0 0 0 0 0 0 0 0 0 0 2 0 0 0 0 0 0 0 0 0 0 0 0 0 0 0 0 0 0 0 0 0 0 0 0 0 0 0 0 0 0 0 0 0 0 0 0 0 0 0 0 0 0 0 0 0 0 0 0 0 0 0 0 0 0 0 0 0 0 0 0 0 0 0 0 0 0 0 0 0 0 0 0 0 0 0 0 0 0 0 0 0 0 0 0 0
0 0 0 0 0 0 0 0 0 0 0 1 3 0 0 1 0 2 1 0 0 4 8 23 3 8 1 0 0 0 0 0 0 0 0 0 0 0 0 0 0 0 0 0 0 0 0 0 0 0 0 0 0 0 0 0 0 0 0 0 0 0 0 0 0 0 0 0 0 0 0 0 0 0 0 0 0 0 0 0 0 0 0 0 0 0 0 0 0 0 0 0 0 0 0 0 0 0 0 0 0 0 0 0 0 0 0 0 0 0 0 0 0 0 0 0 0 0 0 0 0 0 0 0 0 0 0 0 0 0 0 0 0 0 0 0 0 0 0 0 0 0 0 0 0 0 0 0 0 0
0 0 0 0 0 0 0 0 0 0 0 0 0 0 0 0 0 0 3 1 0 0 0 2 2 7 1 7 17 0 0 0 0 5 4 2 0 0 0 0 0 0 0 0 0 0 0 0 0 0 0 0 0 0 0 0 0 0 0 0 0 0 0 0 0 0 0 0 0 0 0 0 0 0 0 0 0 0 0 0 0 0 0 0 0 0 0 0 0 0 0 0 0 0 0 0 0 0 0 0 0 0 0 0 0 0 0 0 0 0 0 0 0 0 0 0 0 0 0 0 0 0 0 0 0 0 0 0 0 0 0 0 0 0 0 0 0 0 0 0 0 0 0 0 0 0 0 0 0 0
0 0 0 0 0 0 0 0 0 0 0 0 0 0 0 0 0 0 0 0 0 0 1 0 0 0 0 0 105 36 1 2 4 29 0 2 0 0 0 0 0 0 0 0 0 0 0 0 0 0 0 0 0 0 0 0 0 0 0 0 0 0 0 0 0 0 0 0 0 0 0 0 0 0 0 0 0 0 0 0 0 0 0 0 0 0 0 0 0 0 0 0 0 0 0 0 0 0 0 0 0 0 0 0 0 0 0 0 0 0 0 0 0 0 0 0 0 0 0 0 0 0 0 0 0 0 0 0 0 0 0 0 0 0 0 0 0 0 0 0 0 0 0 0 0 0 0 0 0 0
0 0 0 0 0 0 0 0 0 0 0 0 0 0 0 0 0 0 0 0 0 1 0 0 0 0 1 5 0 0 0 0 0 4 0 0 5 1 0 0 0 0 0 0 0 0 0 0 0 0 0 0 0 0 0 0 0 0 0 0 0 0 0 0 0 0 0 0 0 0 0 0 0 0 0 0 0 0 0 0 0 0 0 0 0 0 0 0 0 0 0 0 0 0 0 0 0 0 0 0 0 0 0 0 0 0 0 0 0 0 0 0 0 0 0 0 0 0 0 0 0 0 0 0 0 0 0 0 0 0 0 0 0 0 0 0 0 0 0 0 0 0 0 0 0 0 0 0 0 0
0 0 0 0 0 0 0 6 0 0 0 0 0 0 0 0 0 0 0 0 0 0 0 0 7 6 7 0 0 0 10 1 2 0 0 0 0 0 0 0 0 0 0 0 0 0 0 0 0 0 0 0 0 0 0 0 0 0 0 0 0 0 0 0 0 0 0 0 0 0 0 0 0 0 0 0 0 0 0 0 0 0 0 0 0 0 0 0 0 0 0 0 0 0 0 0 0 0 0 0 0 0 0 0 0 0 0 0 0 0 0 0 0 0 0 0 0 0 0 0 0 0 0 0 0 0 0 0 0 0 0 0 0 0 0 0 0 0 0 0 0 0 0 0 0 0 0 0 0 0
0 0 0 0 0 0 0 0 1 0 0 1 1 3 0 0 0 0 0 0 0 0 0 0 0 0 0 0 0 0 0 0 5 0 0 0 2 0 0 0 0 0 0 0 0 0 0 0 0 0 0 0 0 0 0 0 0 0 0 0 0 0 0 0 0 0 0 0 0 0 0 0 0 0 0 0 0 0 0 0 0 0 0 0 0 0 0 0 0 0 0 0 0 0 0 0 0 0 0 0 0 0 0 0 0 0 0 0 0 0 0 0 0 0 0 0 0 0 0 0 0 0 0 0 0 0 0 0 0 0 0 0 0 0 0 0 0 0 0 0 0 0 0 0 0 0 0 0 0 0
1 0 0 0 0 0 0 0 0 0 0 2 0 0 0 0 0 0 0 0 0 0 0 0 0 0 0 12 1 0 1 0 0 0 0 0 0 0 0 0 0 0 0 0 0 0 0 0 0 0 0 0 0 0 0 0 0 0 0 0 0 0 0 0 0 0 0 0 0 0 0 0 0 0 0 0 0 0 0 0 0 0 0 0 0 0 0 0 0 0 0 0 0 0 0 0 0 0 0 0 0 0 0 0 0 0 0 0 0 0 0 0 0 0 0 0 0 0 0 0 0 0 0 0 0 0 0 0 0 0 0 0 0 0 0 0 0 0 0 0 0 0 0 0 0 0 0 0 0 0
0 0 0 0 0 0 0 0 0 1 0 0 0 0 0 0 0 0 0 0 0 0 0 0 0 0 0 6 6 0 0 0 0 1 0 0 0 0 0 0 0 0 0 0 0 0 0 0 0 0 0 0 0 0 0 0 0 0 0 0 0 0 0 0 0 0 0 0 0 0 0 0 0 0 0 0 0 0 0 0 0 0 0 0 0 0 0 0 0 0 0 0 0 0 0 0 0 0 0 0 0 0 0 0 0 0 0 0 0 0 0 0 0 0 0 0 0 0 0 0 0 0 0 0 0 0 0 0 0 0 0 0 0 0 0 0 0 0 0 0 0 0 0 0 0 0 0 0 0 0
0 0 0 0 0 0 0 0 0 0 0 0 0 1 0 0 0 0 0 0 0 0 0 0 0 0 0 0 0 0 0 0 3 0 0 0 0 0 0 0 0 0 0 0 0 0 0 0 0 0 0 0 0 0 0 0 0 0 0 0 0 0 0 0 0 0 0 0 0 0 0 0 0 0 0 0 0 0 0 0 0 0 0 0 0 0 0 0 0 0 0 0 0 0 0 0 0 0 0 0 0 0 0 0 0 0 0 0 0 0 0 0 0 0 0 0 0 0 0 0 0 0 0 0 0 0 0 0 0 0 0 0 0 0 0 0 0 0 0 0 0 0 0 0 0 0 0 0 0 0
0 0 0 0 0 0 0 0 0 0 1 0 0 0 0 0 0 0 0 0 0 0 0 0 0 0 0 0 0 0 0 0 0 0 0 0 0 0 0 0 0 0 0 0 0 0 0 0 0 0 0 0 0 0 0 0 0 0 0 0 0 0 0 0 0 0 0 0 0 0 0 0 0 0 0 0 0 0 0 0 0 0 0 0 0 0 0 0 0 0 0 0 0 0 0 0 0 0 0 0 0 0 0 0 0 0 0 0 0 0 0 0 0 0 0 0 0 0 0 0 0 0 0 0 0 0 0 0 0 0 0 0 0 0 0 0 0 0 0 0 0 0 0 0 0 0 0 0 0 0
0 0 0 0 0 0 0 0 0 0 1 0 0 0 0 0 0 0 0 0 0 0 0 0 0 0 0 0 0 0 0 0 0 0 0 0 0 0 0 0 0 0 0 0 0 0 0 0 0 0 0 0 0 0 0 0 0 0 0 0 0 0 0 0 0 0 0 0 0 0 0 0 0 0 0 0 0 0 0 0 0 0 0 0 0 0 0 0 0 0 0 0 0 0 0 0 0 0 0 0 0 0 0 0 0 0 0 0 0 0 0 0 0 0 0 0 0 0 0 0 0 0 0 0 0 0 0 0 0 0 0 0 0 0 0 0 0 0 0 0 0 0 0 0 0 0 0 0 0 0
0 0 0 0 0 0 0 0 3 10 0 0 0 0 0 0 0 0 0 0 0 0 0 0 0 0 0 0 0 0 0 0 0 0 0 0 0 0 0 0 0 0 0 0 0 0 0 0 0 0 1 0 0 0 0 0 0 0 0 0 0 0 0 0 0 0 0 0 0 0 0 0 0 0 0 0 0 0 0 0 0 0 0 0 0 0 0 0 0 0 0 0 0 0 0 0 0 0 0 0 0 0 0 0 0 0 0 0 0 0 0 0 0 0 0 0 0 0 0 0 0 0 0 0 0 0 0 0 0 0 0 0 0 0 0 0 0 0 0 0 0 0 0 0 0 0 0 0 0 0
0 0 0 0 0 1 1 3 3 0 0 0 0 0 0 0 0 0 0 0 0 0 0 0 0 0 0 0 0 0 0 0 0 0 0 0 0 0 0 0 0 0 0 0 0 0 0 0 0 15 25 0 0 0 1 0 0 0 0 0 0 0 0 0 0 0 0 0 0 0 0 0 0 0 0 0 0 0 0 0 0 0 0 0 0 0 0 0 0 0 0 0 0 0 0 0 0 0 0 0 0 0 0 0 0 0 0 0 0 0 0 0 0 0 0 0 0 0 0 0 0 0 0 0 0 0 0 0 0 0 0 0 0 0 0 0 0 0 0 0 0 0 0 0 0 0 0 0 0 0
0 0 0 0 0 0 0 7 0 0 0 0 0 0 0 0 0 0 0 0 0 0 0 0 0 0 0 0 0 0 0 0 0 0 0 0 0 0 0 0 0 0 0 0 0 0 0 0 0 0 0 0 1 0 0 0 0 0 0 0 0 0 0 0 0 0 0 0 0 0 0 0 0 0 0 0 0 0 0 0 0 0 0 0 0 0 0 0 0 0 0 0 0 0 0 0 0 0 0 0 0 0 0 0 0 0 0 0 0 0 0 0 0 0 0 0 0 0 0 0 0 0 0 0 0 0 0 0 0 0 0 0 0 0 0 0 0 0 0 0 0 0 0 0 0 0 0 0 0 0
0 0 0 0 0 0 0 0 0 0 0 0 0 0 0 0 0 0 0 0 0 0 0 0 0 0 0 0 0 0 0 0 0 0 0 0 0 0 0 0 0 0 0 0 0 0 0 0 0 0 0 0 6 4 0 0 0 0 0 0 0 0 0 0 0 0 0 0 0 0 0 0 0 0 0 0 0 0 0 0 0 0 0 0 0 0 0 0 0 0 0 0 0 0 0 0 0 0 0 0 0 0 0 0 0 0 0 0 0 0 0 0 0 0 0 0 0 0 0 0 0 0 0 0 0 0 0 0 0 0 0 0 0 0 0 0 0 0 0 0 0 0 0 0 0 0 0 0 0 0
0 0 0 0 0 0 0 0 0 0 0 0 0 0 0 0 0 0 0 0 0 0 0 0 0 0 0 0 0 0 0 0 0 0 0 3 0 0 0 0 0 0 0 0 0 0 0 0 0 0 0 0 0 1 0 0 0 0 0 0 0 0 0 0 0 0 0 0 0 0 0 0 0 0 0 0 0 0 0 0 0 0 0 0 0 0 0 0 0 0 0 0 0 0 0 0 0 0 0 0 0 0 0 0 0 0 0 0 0 0 0 0 0 0 0 0 0 0 0 0 0 0 0 0 0 0 0 0 0 0 0 0 0 0 0 0 0 0 0 0 0 0 0 0 0 0 0 0 0 0
0 0 0 0 0 0 0 0 0 0 0 0 0 0 0 0 0 0 0 0 0 0 0 0 0 0 0 0 0 0 0 0 0 0 0 0 0 0 0 0 0 0 0 0 0 0 0 0 0 0 0 0 1 0 0 0 0 0 0 0 0 0 0 0 0 0 0 0 0 0 0 0 0 0 0 0 0 0 0 0 0 0 0 0 0 0 0 0 0 0 0 0 0 0 0 0 0 0 0 0 0 0 0 0 0 0 0 0 0 0 0 0 0 0 0 0 0 0 0 0 0 0 0 0 0 0 0 0 0 0 0 0 0 0 0 0 0 0 0 0 0 0 0 0 0 0 0 0 0 0
0 0 0 0 0 0 0 0 0 0 0 0 0 0 0 0 0 0 0 0 0 0 0 0 0 0 0 0 0 0 0 0 0 0 0 0 0 0 0 0 0 0 0 0 0 0 0 0 0 0 0 0 1 0 0 0 0 0 0 0 0 0 0 0 0 0 0 0 0 0 0 0 0 0 0 0 0 0 0 0 0 0 0 0 0 0 0 0 0 0 0 0 0 0 0 0 0 0 0 0 0 0 0 0 0 0 0 0 0 0 0 0 0 0 0 0 0 0 0 0 0 0 0 0 0 0 0 0 0 0 0 0 0 0 0 0 0 0 0 0 0 0 0 0 0 0 0 0 0 0
0 0 0 0 0 0 0 0 0 0 0 0 0 0 0 0 0 0 0 0 0 0 0 0 0 0 0 0 0 0 1 0 0 0 2 0 0 0 0 0 0 0 0 0 0 0 0 0 0 0 0 0 0 1 0 0 0 0 0 0 0 0 0 0 0 0 0 0 0 0 0 0 0 0 0 0 0 0 0 0 0 0 0 0 0 0 0 0 0 0 0 0 0 0 0 0 0 0 0 0 0 0 0 0 0 0 0 0 0 0 0 0 0 0 0 0 0 0 0 0 0 0 0 0 0 0 0 0 0 0 0 0 0 0 0 0 0 0 0 0 0 0 0 0 0 0 0 0 0 0
0 0 0 0 0 0 0 0 0 0 0 0 0 0 0 0 0 0 0 0 0 0 0 0 0 0 0 0 0 1 2 8 0 0 0 0 0 0 0 0 0 0 0 0 0 0 0 0 0 0 0 1 0 0 0 0 0 0 0 0 0 0 0 0 0 0 0 0 0 0 0 0 0 0 0 0 0 0 0 0 0 0 0 0 0 0 0 0 0 0 0 0 0 0 0 0 0 0 0 0 0 0 0 0 0 0 0 0 0 0 0 0 0 0 0 0 0 0 0 0 0 0 0 0 0 0 0 0 0 0 0 0 0 0 0 0 0 0 0 0 0 0 0 0 0 0 0 0 0 0
0 0 0 0 0 0 0 0 0 0 0 0 0 0 0 0 0 0 0 0 0 0 0 0 0 0 0 0 0 0 0 3 0 0 0 0 0 0 0 0 0 0 0 0 0 0 0 0 0 0 0 0 0 0 0 0 0 0 0 0 0 0 0 0 0 0 0 0 0 0 0 0 0 0 0 0 0 0 0 0 0 0 0 0 0 0 0 0 0 0 0 0 0 0 0 0 0 0 0 0 0 0 0 0 0 0 0 0 0 0 0 0 0 0 0 0 0 0 0 0 0 0 0 0 0 0 0 0 0 0 0 0 0 0 0 0 0 0 0 0 0 0 0 0 0 0 0 0 0 0
0 0 0 0 0 0 0 0 0 0 0 0 0 0 0 0 0 0 0 0 0 0 0 0 0 0 0 0 0 8 0 0 0 0 0 0 0 0 0 0 0 0 0 0 0 0 0 0 0 0 0 0 0 0 0 0 0 0 0 0 0 0 0 0 0 0 0 0 0 0 0 0 0 0 0 0 0 0 0 0 0 0 0 0 0 0 0 0 0 0 0 0 0 0 0 0 0 0 0 0 0 0 0 0 0 0 0 0 0 0 0 0 0 0 0 0 0 0 0 0 0 0 0 0 0 0 0 0 0 0 0 0 0 0 0 0 0 0 0 0 0 0 0 0 0 0 0 0 0 0
0 0 0 0 0 0 0 0 0 0 0 0 0 0 0 0 0 0 0 0 0 0 0 0 0 0 0 0 0 23 7 0 0 0 0 0 0 0 0 0 0 0 0 0 0 0 0 0 0 0 0 0 0 0 0 0 0 0 0 0 0 0 0 0 0 0 0 0 0 0 0 0 0 0 0 0 0 0 0 0 0 0 0 0 0 0 0 0 0 0 0 0 0 0 0 0 0 0 0 0 0 0 0 0 0 0 0 0 0 0 0 0 0 0 0 0 0 0 0 0 0 0 0 0 0 0 0 0 0 0 0 0 0 0 0 0 0 0 0 0 0 0 0 0 0 0 0 0 0 0
0 0 0 0 0 0 0 0 0 0 0 0 0 0 0 0 0 0 0 0 0 0 0 0 0 0 5 0 0 0 0 0 0 0 0 0 0 0 0 0 0 0 0 0 0 0 0 0 0 22 0 0 0 0 0 0 0 0 0 0 0 0 0 0 0 0 0 0 0 0 0 0 0 0 0 0 0 0 0 0 0 0 0 0 0 0 0 0 0 0 0 0 0 0 0 0 0 0 0 0 0 0 0 0 0 0 0 0 0 0 0 0 0 0 0 0 0 0 0 0 0 0 0 0 0 0 0 0 0 0 0 0 0 0 0 0 0 0 0 0 0 0 0 0 0 0 0 0 0 0
0 0 0 0 0 0 0 0 0 0 0 0 0 0 0 0 0 0 0 0 0 0 0 0 0 0 16 0 0 0 0 0 0 0 0 0 0 0 0 0 0 0 0 0 0 0 0 0 7 0 0 0 0 0 0 0 0 0 0 0 0 0 0 0 0 0 0 0 0 0 0 0 0 0 0 0 0 0 0 0 0 0 0 0 0 0 0 0 0 0 0 0 0 0 0 0 0 0 0 0 0 0 0 0 0 0 0 0 0 0 0 0 0 0 0 0 0 0 0 0 0 0 0 0 0 0 0 0 0 0 0 0 0 0 0 0 0 0 0 0 0 0 0 0 0 0 0 0 0 0
0 0 0 0 0 0 0 0 0 0 0 0 0 0 0 0 0 0 0 0 0 0 0 0 0 0 0 2 6 0 0 0 0 0 0 0 0 0 0 0 0 0 0 0 0 0 0 0 0 0 0 0 0 0 0 0 0 0 0 0 0 0 0 0 0 0 0 0 0 0 0 0 0 0 0 0 0 0 0 0 0 0 0 0 0 0 0 0 0 0 0 0 0 0 0 0 0 0 0 0 0 0 0 0 0 0 0 0 0 0 0 0 0 0 0 0 0 0 0 0 0 0 0 0 0 0 0 0 0 0 0 0 0 0 0 0 0 0 0 0 0 0 0 0 0 0 0 0 0 0
0 0 0 0 0 0 0 0 0 0 0 0 0 0 0 0 0 0 0 0 0 0 0 0 0 0 0 0 0 0 0 0 0 0 0 0 0 0 0 0 0 0 0 0 0 0 0 0 0 0 0 0 0 0 0 0 0 0 0 0 0 0 0 0 0 0 0 0 0 0 0 0 0 0 0 0 0 0 0 0 0 0 0 0 0 0 0 0 0 0 0 0 0 0 0 0 0 0 0 0 0 0 0 0 0 0 0 0 0 0 0 0 0 0 0 0 0 0 0 0 0 0 0 0 0 0 0 0 0 0 0 0 0 0 0 0 0 0 0 0 0 0 0 0 0 0 0 0 0 0
0 0 0 0 0 0 0 0 0 0 0 0 0 0 0 0 0 0 0 0 0 0 0 0 0 0 0 0 0 0 0 0 0 0 0 0 0 0 0 0 0 0 0 0 0 0 0 0 0 0 0 0 0 0 0 0 0 0 0 0 0 0 0 0 0 0 0 0 0 0 0 0 0 0 0 0 0 0 0 0 0 0 0 0 0 0 0 0 0 0 0 0 0 0 0 0 0 0 0 0 0 0 0 0 0 0 0 0 0 0 0 0 0 0 0 0 0 0 0 0 0 0 0 0 0 0 0 0 0 0 0 0 0 0 0 0 0 0 0 0 0 0 0 0 0 0 0 0 0 0
0 0 0 0 0 0 0 0 0 0 0 0 0 0 0 0 0 0 0 0 0 0 0 0 0 0 0 0 0 0 0 0 0 0 0 0 0 0 0 0 0 0 0 0 0 0 0 0 0 0 0 0 0 0 0 0 0 0 0 0 0 0 0 0 0 0 0 0 0 0 0 0 0 0 0 0 0 0 0 0 0 0 0 0 0 0 0 0 0 0 0 0 0 0 0 0 0 0 0 0 0 0 0 0 0 0 0 0 0 0 0 0 0 0 0 0 0 0 0 0 0 0 0 0 0 0 0 0 0 0 1 0 0 0 0 0 0 0 0 0 0 0 0 0 0 0 0 0 0 0
0 0 0 0 0 0 0 0 0 0 0 0 0 0 0 0 0 0 0 0 0 0 0 0 0 0 0 0 0 0 0 0 0 0 0 0 0 0 0 0 0 0 0 0 0 0 0 0 0 0 0 0 0 0 0 0 0 0 0 0 0 0 0 0 0 0 0 0 0 0 0 0 0 0 0 0 0 0 0 0 0 0 0 0 0 0 0 0 0 0 0 0 0 0 0 0 0 0 0 0 0 0 0 0 0 0 0 0 0 0 0 0 0 0 0 0 0 0 0 0 0 0 0 0 0 0 0 0 0 0 0 0 0 0 0 0 0 0 0 0 0 0 0 0 0 0 0 0 0 0
0 0 0 0 0 0 0 0 0 0 0 0 0 0 0 0 0 0 0 0 0 0 0 0 0 0 0 0 0 0 0 0 0 0 0 0 0 0 0 0 0 0 0 0 1 0 0 0 0 0 0 0 0 0 0 0 0 0 0 0 0 0 0 0 0 0 0 0 0 0 0 0 0 0 0 0 0 0 0 0 0 0 0 0 0 0 0 0 0 0 0 0 0 0 0 0 0 0 0 0 0 0 0 0 0 0 0 0 0 0 0 0 0 0 0 0 0 0 0 0 0 0 0 0 0 0 0 0 0 0 0 0 0 0 0 0 0 0 0 0 0 0 0 0 0 0 0 0 0 0
