0 1 11 1 0 0 0 0 7 44 14 1 0 4 0 0 0 2 1 0 4 0 0 0 0 13 0 0 0 0 0 0 2 2 1 3 0 0 1 3 0 0 0 0 4 0 0 0 0 0 0 0 0 0 1 1 0 0 1 5 21 11 6 2 0 0 0 0 0 0 0 3 27 96 112 189 42 9 22 7 10 110 12 49 37 137 95 152 30 116 590 375 36 416 213 353 559 298 502 115 95 43 9 11 21 32 17 280 114 9 12 4 8 57 46 25 20 6 3 0 1 19 20 12 0 1 0 3 3 13 2 9 0 5 0 0 0 2 0 0 1 0 0 0 0 0 0 0 0 7
0 5 4 2 0 0 0 0 0 18 7 19 4 0 0 0 0 1 6 0 0 2 25 0 10 20 1 1 0 0 0 0 0 0 0 1 0 0 3 0 0 0 0 0 0 0 0 0 0 0 0 0 0 0 5 0 0 0 0 32 69 7 4 4 1 0 0 1 2 0 0 0 29 20 0 0 35 45 4 11 40 45 3 4 63 156 181 91 168 201 52 15 144 220 109 106 284 318 573 329 163 89 29 11 6 3 1 136 21 7 4 5 3 4 16 17 7 5 1 6 0 3 10 12 5 0 1 1 6 33 15 1 42 76 0 0 0 0 1 32 5 0 0 0 0 0 0 0 0 0
1 0 0 0 4 0 0 0 0 7 3 32 10 0 0 0 0 2 2 2 6 8 62 23 6 0 13 4 0 0 0 0 0 0 0 3 0 3 0 6 2 0 0 0 0 0 0 0 0 0 0 0 0 0 11 0 0 0 0 2 7 4 3 2 0 0 0 0 0 0 0 5 1 0 0 0 0 20 69 144 46 11 5 9 21 128 343 116 13 5 43 18 60 240 309 401 99 273 151 257 357 219 13 35 8 5 5 13 104 83 10 7 0 5 4 1 4 11 48 5 41 3 8 5 9 2 0 3 0 35 5 0 51 73 0 0 6 0 1 8 2 3 0 0 0 0 0 0 0 0
12 4 0 0 0 0 0 0 0 1 2 1 1 0 0 0 0 0 1 2 0 0 1 3 2 0 1 1 7 0 4 0 0 0 0 1 0 2 0 1 2 0 0 0 0 0 0 0 0 0 2 0 0 0 242 11 2 10 26 11 0 2 16 3 0 0 0 0 0 1 3 38 8 2 0 0 21 35 100 57 74 18 43 65 142 4 29 82 0 80 418 507 873 374 480 249 50 88 337 205 246 260 73 8 3 73 6 16 181 24 10 12 11 6 0 1 10 29 31 7 18 40 13 6 1 5 2 1 3 2 3 5 11 0 1 0 5 0 0 26 36 4 0 0 0 0 0 0 0 0
4 9 0 0 0 0 0 0 2 0 0 0 0 0 0 11 1 2 1 0 0 0 1 0 0 1 0 0 0 0 0 0 0 0 0 7 6 0 0 0 1 0 0 0 0 0 0 2 2 1 0 0 0 0 26 90 20 20 1 0 1 0 0 1 0 0 0 0 3 5 68 42 48 53 14 59 21 58 149 111 132 102 155 92 161 66 25 25 14 202 829 259 310 498 207 173 27 362 130 417 369 425 455 387 235 50 60 89 15 7 6 20 22 8 0 1 1 5 42 29 129 437 75 8 2 0 4 0 1 7 0 0 0 0 0 0 0 0 0 0 19 4 0 0 0 0 0 0 0 0
8 0 0 0 0 0 0 0 4 1 2 0 0 0 0 12 0 1 5 32 1 1 0 0 0 0 0 0 0 0 0 2 0 0 4 30 25 15 0 0 0 0 0 0 0 0 0 0 0 12 23 11 1 1 7 318 21 7 7 1 0 0 0 2 0 0 0 0 1 32 57 60 85 52 46 20 12 13 25 125 242 237 298 26 0 120 19 13 3 165 1152 647 34 247 402 357 84 924 244 302 235 262 565 297 38 90 12 23 4 2 1 3 1 11 8 11 8 4 0 9 107 147 2 1 1 10 1 0 1 0 3 0 0 0 0 0 0 0 1 0 0 6 0 0 0 0 0 0 0 0
0 0 0 0 0 0 0 0 0 2 5 0 0 2 1 0 1 0 0 0 0 0 0 0 0 0 0 0 0 0 2 0 0 0 0 6 4 1 6 0 0 0 0 0 0 0 0 0 0 6 2 1 1 16 1 22 5 0 15 24 1 2 0 1 0 1 0 0 12 38 26 34 140 190 194 78 227 71 121 214 519 339 760 267 70 8 3 69 48 43 786 659 34 199 364 285 186 219 330 42 27 208 76 45 8 15 34 6 3 3 13 135 83 12 18 11 0 1 9 20 50 65 6 0 0 0 7 0 0 0 0 0 0 0 0 0 0 11 0 0 0 0 0 0 0 0 0 0 0 0
0 0 0 1 0 0 0 0 0 0 0 0 0 0 0 0 0 0 0 0 0 0 0 0 0 0 0 0 0 0 2 0 0 0 1 5 0 0 8 3 0 0 0 0 0 0 0 0 0 0 0 0 4 6 3 1 0 8 43 37 38 25 27 0 5 17 0 0 1 32 1 2 7 20 21 21 61 89 405 590 489 296 503 105 130 93 82 311 120 57 294 38 21 263 160 276 127 428 478 134 104 215 193 264 81 123 12 21 62 11 188 239 20 20 9 27 1 1 4 6 11 4 5 0 10 3 21 6 3 0 0 0 0 0 0 0 0 0 0 0 0 0 0 0 0 0 0 0 0 0
0 0 0 0 0 0 1 0 2 2 0 0 0 4 11 0 0 0 0 0 0 0 0 0 0 0 0 0 0 0 2 0 0 0 0 0 0 0 0 2 0 0 0 0 0 0 0 0 0 1 0 0 0 5 0 0 0 6 21 27 175 125 6 0 12 7 1 1 6 38 0 0 0 0 0 4 3 14 67 297 438 481 451 26 2 4 243 144 213 20 7 0 189 584 675 802 30 272 144 51 146 27 65 184 424 100 77 112 36 32 479 77 88 7 11 4 3 1 7 1 6 4 7 13 5 1 0 4 0 0 3 0 0 0 0 0 0 0 0 0 0 0 0 0 0 0 0 0 0 0
0 0 0 0 0 0 0 20 5 5 0 0 0 0 0 0 0 0 0 0 0 0 0 0 0 0 0 0 0 0 0 0 0 0 0 0 0 0 0 0 0 0 0 0 0 0 0 0 2 5 9 0 9 5 0 0 2 0 0 11 25 98 20 9 3 2 0 0 0 6 0 0 0 0 0 11 3 21 141 643 606 355 375 169 510 555 177 40 81 173 40 2 3 358 521 946 398 48 24 11 39 46 18 3 34 253 141 111 29 14 235 294 209 13 3 98 143 282 155 24 12 6 11 13 11 28 4 0 0 21 41 3 0 0 0 0 0 0 0 0 0 0 0 0 0 0 0 0 0 1
0 0 4 0 0 0 1 0 2 0 0 1 0 0 3 9 1 1 0 0 0 0 0 0 0 0 0 0 0 0 0 1 0 0 0 8 0 0 0 0 2 2 0 0 0 0 4 2 5 12 10 1 3 2 0 0 0 11 7 8 1 86 2 13 0 0 2 0 0 4 0 0 0 0 0 0 6 24 34 146 197 141 308 104 114 135 106 205 238 168 13 1 0 89 223 422 462 26 1 45 15 8 6 7 50 132 467 186 105 64 281 81 72 12 2 88 224 343 167 114 336 72 129 64 94 296 66 50 21 28 8 64 4 48 12 0 0 0 0 0 0 0 0 0 0 0 0 0 0 0
0 0 0 0 0 0 0 0 5 1 0 0 0 0 0 0 8 10 1 3 0 0 0 0 0 0 0 0 0 0 0 0 2 1 0 0 0 0 6 0 0 6 1 3 0 0 1 0 0 0 0 0 0 0 2 1 2 0 1 1 0 2 0 3 0 5 1 1 1 0 2 0 0 0 0 2 34 5 69 213 328 85 27 11 85 70 8 8 63 285 21 0 0 2 2 30 441 221 149 6 1 3 9 33 6 37 269 130 15 60 98 95 26 75 16 88 381 103 256 418 159 184 75 51 62 90 2 0 0 7 3 1 49 17 19 0 0 0 0 0 0 0 0 0 0 0 0 0 0 0
0 0 0 0 0 0 2 0 2 2 0 1 0 0 0 0 2 7 1 2 4 0 0 3 0 0 0 0 0 0 1 0 0 0 0 2 0 0 0 0 0 0 23 0 5 0 2 14 0 0 0 0 0 2 1 0 0 0 2 0 2 1 0 0 0 1 0 2 0 6 5 0 0 0 1 20 84 24 52 33 82 126 27 0 4 6 2 0 0 1 0 0 2 67 71 9 303 190 308 197 4 6 24 6 24 4 7 75 163 136 702 303 41 467 111 6 7 68 647 639 81 127 66 1 20 45 9 0 14 11 0 0 8 9 1 1 0 0 0 0 0 0 0 0 0 0 0 1 0 0
0 0 0 0 0 0 0 1 0 2 0 0 0 0 0 0 0 1 42 6 8 0 1 0 0 0 0 0 0 1 3 1 0 0 0 0 0 0 0 0 0 1 2 47 23 0 0 0 1 0 3 19 0 0 0 0 0 0 3 0 1 6 2 1 0 0 21 8 9 12 43 0 0 3 0 115 391 211 88 9 29 160 10 6 2 77 2 1 0 21 2 0 0 36 3 23 63 477 84 117 0 4 194 80 226 40 44 226 99 325 1038 631 373 180 117 157 89 97 455 250 88 33 0 0 0 7 5 0 9 0 0 0 0 0 0 0 1 0 0 0 0 0 0 0 0 0 0 0 0 0
0 0 0 0 0 0 0 1 2 1 0 0 0 0 0 0 0 0 3 5 7 0 0 1 0 0 0 0 0 1 4 0 0 0 0 0 0 0 0 0 0 0 0 6 14 0 0 0 0 5 3 19 4 0 0 0 6 19 5 13 41 15 4 11 5 5 96 58 85 88 115 0 1 3 41 355 530 675 246 4 1 97 24 1 8 11 14 2 0 12 18 8 4 3 0 0 50 211 131 127 1 35 236 261 973 643 753 400 598 435 433 285 345 364 222 143 81 65 44 48 68 61 7 8 0 11 17 4 6 9 2 0 0 0 0 0 0 0 0 0 0 0 0 0 0 0 0 0 0 0
0 0 0 0 0 0 0 16 5 0 0 0 0 0 0 0 1 0 0 2 0 5 6 1 0 0 0 0 1 1 0 0 0 0 0 0 0 0 0 0 0 0 0 0 0 5 0 0 0 15 38 73 1 0 2 5 14 48 161 39 20 10 2 25 14 24 84 42 53 79 107 26 70 80 333 481 847 491 59 1 0 3 0 0 0 0 3 83 2 25 1 7 0 0 3 17 26 8 29 19 9 2 708 362 408 436 749 129 330 471 530 313 327 225 177 42 17 67 48 64 24 1 70 183 37 40 9 2 2 2 0 0 0 0 7 4 0 0 0 0 0 0 0 0 0 0 0 0 0 0
0 0 0 0 0 0 0 3 1 0 0 0 0 0 0 7 0 2 0 5 1 0 10 20 12 1 3 0 0 3 0 0 0 0 0 0 0 0 0 0 1 0 0 0 0 10 0 2 0 7 11 2 2 8 6 13 38 74 34 23 1 1 1 0 0 1 1 0 0 0 1 0 38 25 134 176 262 147 50 0 0 0 0 0 0 0 1 12 33 5 0 0 2 0 1 3 21 0 1 44 10 106 573 478 272 153 267 98 309 311 783 168 369 225 107 42 22 29 44 4 0 1 21 9 74 267 4 13 5 0 0 0 0 0 0 0 0 0 0 0 0 0 0 0 0 0 0 0 0 0
0 0 0 0 0 0 0 0 0 0 0 0 1 0 0 0 0 1 0 1 2 2 0 0 17 1 14 25 5 1 0 0 0 0 0 0 0 0 0 0 0 0 1 0 0 86 39 4 4 12 32 22 6 25 10 18 17 38 210 6 3 3 0 0 6 0 42 37 1 10 32 6 69 29 14 59 26 50 4 14 0 0 3 0 0 0 0 2 43 0 0 29 37 32 3 1 1 0 18 340 107 91 87 53 53 277 119 144 257 173 56 49 26 82 33 6 50 71 5 5 0 1 5 2 91 323 144 4 0 1 0 0 0 0 0 0 0 0 0 0 0 0 0 0 0 0 0 0 0 0
0 0 0 0 1 0 0 0 0 0 0 0 4 0 0 2 4 1 0 0 0 1 1 4 2 4 31 14 12 0 0 0 0 0 2 11 1 0 0 0 0 2 0 10 10 15 12 16 8 241 60 13 5 16 7 15 69 35 34 18 24 5 2 0 0 0 0 1 2 5 12 10 21 9 1 40 28 11 0 8 36 0 6 13 0 10 13 3 2 1 2 18 38 135 17 0 0 18 107 8 82 106 41 8 49 55 77 175 223 0 0 30 3 227 17 0 3 0 0 0 0 0 2 1 17 104 113 152 4 2 0 0 0 0 0 0 0 0 0 0 0 0 0 0 0 0 0 0 0 0
0 0 0 0 0 0 0 0 0 0 0 0 0 0 0 0 1 0 0 0 2 16 27 3 1 6 2 28 81 3 0 0 1 0 0 0 0 0 0 0 0 1 1 23 3 49 60 18 7 59 29 3 0 1 29 1 15 44 3 0 3 2 0 0 0 3 0 0 4 9 17 9 2 0 0 19 10 0 0 1 1 0 0 0 0 12 12 0 9 4 2 12 6 1 0 14 1 4 8 1 589 702 378 62 28 81 60 212 74 1 0 0 0 92 13 0 0 0 0 0 0 0 0 2 8 0 20 57 8 0 0 0 0 0 0 0 0 0 0 0 0 0 0 0 0 0 0 0 0 0
0 0 0 0 1 0 0 0 0 0 0 0 0 1 0 0 0 2 1 12 0 5 3 3 0 6 3 6 0 1 0 10 1 0 0 0 0 0 0 1 4 2 8 11 8 4 9 18 47 143 131 39 18 9 14 2 5 4 3 0 0 2 4 9 85 51 3 0 3 5 53 18 0 0 2 56 134 52 0 8 3 8 0 2 0 0 0 0 19 3 3 0 0 1 0 0 0 0 250 246 937 649 284 94 1 5 61 72 0 0 0 0 0 10 0 0 0 0 0 0 0 0 0 3 0 0 9 15 0 0 0 0 0 0 0 0 0 0 0 0 0 0 0 0 0 0 0 0 0 0
0 0 0 0 0 0 0 0 0 0 0 0 0 2 2 2 0 0 0 0 0 3 5 1 0 5 0 0 0 0 3 37 3 2 0 0 0 3 0 0 31 13 0 0 0 0 1 30 182 429 162 93 18 0 0 0 6 5 0 0 1 1 0 0 3 20 25 3 4 27 14 9 10 0 0 4 63 26 17 24 12 7 2 18 4 4 1 5 217 25 11 3 0 1 1 16 4 0 39 250 129 36 46 1 5 0 30 35 0 0 0 0 3 35 0 0 0 0 0 0 0 0 0 0 0 45 23 0 1 1 2 0 0 0 0 0 0 0 0 0 0 0 0 0 0 0 0 0 0 0
0 0 0 2 0 0 0 0 0 0 0 0 0 0 1 0 1 0 0 0 2 0 0 2 0 0 0 0 0 0 0 7 19 6 2 0 7 67 6 7 0 0 0 0 0 0 9 8 11 211 149 72 7 0 0 0 0 1 3 1 0 0 0 0 4 0 19 5 0 4 2 14 16 7 0 0 7 5 3 18 1 17 9 0 0 2 4 0 0 0 0 5 4 0 0 0 6 0 4 0 20 3 5 30 41 13 17 26 43 44 29 25 25 0 0 0 0 0 0 0 0 0 0 3 17 25 31 0 0 0 0 0 0 0 0 0 0 0 0 0 0 0 0 0 0 0 0 0 0 0
0 0 0 0 0 0 0 0 0 0 0 0 0 2 0 0 1 2 0 2 2 0 3 0 0 1 0 0 0 0 0 6 11 6 1 1 4 11 4 0 0 0 0 0 5 42 7 16 2 56 77 13 1 3 1 4 3 7 0 0 0 0 0 0 0 1 0 0 0 0 1 3 47 80 5 11 0 0 0 0 0 1 40 96 1 1 1 5 0 0 0 0 1 0 0 0 0 0 3 0 1 0 0 50 21 16 32 2 1 13 0 105 19 0 0 0 0 0 0 0 0 0 2 8 4 3 16 41 0 0 0 0 0 0 0 0 0 0 0 0 0 0 0 0 0 0 0 0 0 0
0 0 0 0 0 0 0 0 0 0 0 0 0 5 0 0 0 0 0 0 2 0 2 0 0 0 0 0 0 2 0 8 5 7 43 0 1 63 0 0 0 0 0 18 21 14 20 1 3 16 33 18 4 9 9 3 0 3 0 1 0 0 0 0 1 0 0 4 2 1 2 0 1 2 14 3 0 0 0 0 0 2 5 32 14 3 0 0 0 8 1 2 2 1 1 0 3 0 0 5 12 3 4 9 318 0 0 0 0 0 0 8 1 0 0 1 0 0 2 0 0 0 0 0 0 5 17 0 0 0 0 0 0 0 0 0 0 0 0 0 0 0 0 0 0 0 0 0 0 0
0 0 0 0 0 0 0 0 1 0 0 0 0 0 6 0 0 0 0 0 0 5 1 5 0 0 0 0 0 0 0 0 1 16 17 2 0 10 4 0 0 0 0 6 62 7 1 0 4 0 38 9 0 0 0 0 0 1 0 0 2 0 0 0 9 6 0 0 3 1 1 31 2 2 0 5 5 1 0 0 0 2 0 2 0 6 3 6 0 5 0 0 3 0 17 3 0 8 0 7 6 4 4 75 138 111 0 3 0 0 0 2 0 0 6 5 0 0 0 0 0 0 0 0 0 14 2 23 0 0 0 0 0 0 0 0 4 24 0 0 0 0 0 0 0 0 0 0 0 0
0 0 0 0 0 0 0 0 0 0 0 0 0 0 0 1 0 3 0 0 1 5 0 2 0 0 0 7 6 0 0 1 0 4 19 2 0 0 0 1 0 3 1 5 29 2 6 0 0 2 17 7 1 0 3 3 0 1 0 0 0 0 0 0 2 0 0 0 1 0 2 6 0 0 0 1 6 1 0 0 0 0 17 0 1 3 11 7 0 1 5 1 1 0 0 4 0 0 0 0 5 4 2 4 19 162 54 1 0 0 0 0 0 0 4 4 0 0 4 0 0 0 0 0 6 66 8 14 0 0 0 0 0 0 0 0 1 1 0 0 0 0 0 0 0 0 0 0 0 0
0 0 0 0 0 0 0 0 3 0 0 0 0 33 1 1 0 15 9 4 0 7 7 0 0 0 0 0 0 0 1 0 0 14 0 0 0 9 3 5 21 22 9 76 87 4 0 1 5 2 0 14 28 2 0 0 0 0 0 0 0 0 0 1 1 0 0 0 3 36 41 12 2 1 0 1 0 0 0 0 0 0 0 0 1 0 0 7 2 3 1 0 0 4 1 0 0 0 0 0 0 2 10 4 10 492 303 21 0 0 0 0 0 0 0 0 2 62 64 3 0 0 0 14 61 13 34 57 83 7 0 0 0 0 0 0 1 1 0 0 0 0 0 0 0 0 0 0 0 0
0 0 0 0 0 1 1 1 0 1 0 1 6 6 3 0 10 29 0 6 4 11 1 1 0 0 0 0 7 2 0 4 2 1 0 12 2 13 24 64 151 375 201 146 57 4 0 2 2 0 0 1 26 4 0 0 0 0 0 0 0 0 0 0 0 0 0 0 0 1 5 22 4 0 7 0 1 8 0 0 0 2 3 0 5 0 0 0 9 2 15 1 1 0 1 11 3 0 0 0 0 0 7 5 109 224 128 196 9 0 0 0 0 0 0 0 111 35 4 0 0 0 7 59 85 85 507 251 11 5 0 0 0 9 0 4 0 0 0 0 0 0 0 0 0 0 0 0 0 0
0 0 0 0 0 0 0 1 1 3 6 24 26 0 0 0 3 5 0 0 3 3 5 11 1 1 1 0 1 2 2 0 0 0 25 14 0 1 27 118 410 477 362 384 78 2 0 5 4 1 4 2 28 51 2 8 0 0 0 0 0 1 0 0 0 0 0 0 0 0 0 0 1 0 0 1 0 2 8 0 0 0 1 0 6 0 0 0 0 4 0 2 11 7 1 5 0 3 0 0 0 50 19 12 0 53 0 49 11 0 0 0 0 0 26 16 479 235 24 15 7 19 4 72 70 37 315 234 194 131 3 20 12 53 0 0 0 0 0 0 0 0 0 0 0 0 0 0 0 0
0 0 0 0 0 0 0 0 1 10 2 3 5 0 1 8 0 4 6 1 1 5 88 19 0 0 0 0 0 0 4 4 0 0 3 14 9 17 14 33 337 192 225 102 22 10 17 1 2 1 2 1 3 0 0 0 0 0 0 0 0 0 0 0 0 0 0 0 2 0 0 9 0 0 0 0 2 17 2 2 0 3 4 2 9 0 0 3 10 11 4 0 0 4 0 0 1 3 2 0 0 0 2 7 0 4 0 4 10 0 2 0 1 0 20 506 293 210 70 92 56 44 34 2 0 5 36 74 0 39 1 167 218 25 15 0 0 0 0 0 0 0 0 0 0 0 0 0 0 0
0 0 0 0 0 0 0 2 0 2 2 6 1 0 0 1 0 0 12 10 183 58 8 0 0 0 0 0 1 19 3 0 2 17 20 2 1 3 0 47 338 154 206 76 27 5 11 0 4 3 3 1 2 1 3 1 0 0 0 0 0 0 0 0 0 0 0 0 0 0 1 0 0 0 0 0 0 1 3 0 18 3 18 59 15 0 0 0 0 2 0 0 3 0 0 1 10 2 0 0 0 0 0 0 4 2 3 6 80 69 143 287 60 45 246 356 242 108 37 243 118 77 13 0 39 15 26 57 0 0 14 128 111 34 16 5 0 0 0 0 0 0 0 0 0 0 0 0 0 0
0 0 4 0 0 0 0 5 0 2 0 5 3 5 2 2 0 5 5 9 69 0 0 0 0 0 0 0 0 7 0 11 0 1 2 6 2 0 3 7 10 43 19 7 3 0 0 0 3 1 0 1 30 4 1 1 2 1 1 0 0 0 0 0 0 0 0 0 0 0 0 0 0 0 0 9 0 10 6 1 1 6 21 3 0 0 0 0 2 0 2 0 0 2 5 2 2 0 0 0 4 0 0 0 0 5 4 8 112 45 85 50 17 138 754 333 107 140 104 215 48 4 0 36 1 22 25 0 0 0 46 212 0 0 3 0 0 0 0 0 0 0 0 0 0 0 0 0 0 0
0 0 0 0 0 7 9 6 1 2 3 0 0 4 9 0 13 0 19 19 14 1 0 0 0 0 2 0 1 3 21 0 6 0 4 0 0 1 4 0 12 14 3 2 0 0 0 0 1 0 0 6 94 4 5 11 6 0 4 0 0 0 0 0 0 0 0 0 0 0 0 0 0 0 0 0 0 6 0 3 0 0 1 0 0 0 0 0 2 0 1 0 1 24 3 0 3 0 0 0 3 0 0 1 0 3 4 73 19 0 2 10 34 109 116 300 40 164 55 75 158 1 0 0 0 0 0 0 0 0 0 59 7 0 0 0 0 0 0 0 0 0 0 0 0 0 0 0 0 0
0 0 1 0 1 2 2 0 1 1 1 0 8 4 3 2 22 15 4 0 2 1 7 0 0 0 0 4 3 9 17 27 0 1 0 1 0 1 1 3 10 7 2 1 0 0 2 0 0 0 0 6 67 30 0 18 1 0 0 0 0 0 0 0 0 0 0 0 0 0 0 0 0 0 0 1 24 2 1 0 0 0 0 0 0 0 0 0 8 0 10 1 13 29 3 8 2 0 0 4 1 0 0 0 0 0 2 27 402 9 0 0 0 0 0 2 1 13 208 298 48 0 0 0 0 1 0 0 0 0 0 2 23 0 0 0 0 0 0 0 0 0 0 0 0 0 0 0 0 0
2 20 1 0 1 0 5 12 0 0 23 0 4 0 1 83 30 11 1 8 0 0 2 1 0 2 0 4 3 3 7 5 5 0 1 2 2 0 4 0 5 1 0 3 1 0 0 0 0 0 0 22 3 15 8 1 3 0 0 0 0 0 0 0 0 0 0 0 0 0 0 0 0 0 0 1 4 12 1 0 0 0 0 0 0 0 0 0 8 0 4 0 1 7 0 0 0 0 5 1 0 1 5 2 2 6 25 11 90 0 0 0 0 0 5 0 0 1 39 114 152 83 0 0 1 16 1 0 0 25 45 6 16 7 0 0 0 0 0 0 0 0 0 0 0 0 0 0 0 0
0 0 0 0 0 1 7 0 0 0 15 4 1 2 11 30 16 20 4 0 0 0 2 4 1 1 5 0 4 1 0 0 2 1 0 2 0 0 0 2 1 8 6 0 0 2 1 1 0 0 3 12 16 27 11 4 1 0 0 0 0 0 0 0 0 0 0 0 0 0 0 0 0 1 0 0 0 17 46 4 0 3 0 0 0 0 1 45 6 1 2 2 0 1 0 3 0 3 1 11 17 14 6 1 4 1 8 12 41 5 0 0 0 12 39 17 108 341 49 107 332 83 0 5 128 30 0 0 0 49 113 0 0 0 0 0 0 0 0 0 0 0 0 0 0 0 0 0 0 0
0 1 1 0 0 0 2 0 0 3 1 55 10 9 0 3 0 5 1 1 3 0 0 3 6 0 0 1 20 6 0 2 0 2 0 0 0 0 4 0 0 16 15 1 8 0 4 1 0 0 1 19 15 2 2 3 0 0 1 0 0 0 0 0 0 0 0 0 0 0 0 0 0 0 0 0 0 9 15 4 0 0 0 0 0 0 3 7 0 1 1 0 2 4 0 0 0 0 2 3 0 0 0 0 7 0 5 15 19 6 0 0 0 0 87 329 425 282 22 35 29 83 55 155 157 1 0 3 1 242 78 0 0 0 0 0 0 0 0 0 0 0 0 0 0 0 0 0 0 0
0 0 3 0 0 1 1 0 0 8 2 15 1 0 3 0 0 0 1 4 0 0 0 3 6 0 0 2 1 0 0 0 0 0 0 0 0 0 7 1 0 0 0 0 0 0 0 2 0 2 2 36 1 1 5 0 0 0 1 0 0 0 0 0 0 0 0 0 0 0 0 0 0 0 0 0 2 1 64 19 3 12 7 2 0 0 1 0 0 0 0 0 1 6 1 0 0 0 0 5 0 2 2 1 5 6 5 2 11 2 0 4 10 15 7 11 4 27 200 178 23 168 396 258 273 80 30 71 411 700 372 6 0 0 0 0 0 0 0 0 0 0 0 0 0 0 0 0 0 0
0 0 1 0 1 4 0 3 0 6 7 3 0 5 3 1 0 3 0 0 0 0 0 0 0 5 13 2 1 0 0 2 6 1 1 0 0 0 0 9 0 2 0 0 0 1 7 14 1 1 8 207 14 0 0 1 0 3 0 0 0 0 0 0 0 0 0 0 0 0 0 0 0 0 0 0 2 14 19 0 0 8 5 0 0 0 0 0 5 3 0 2 2 11 0 9 12 0 1 0 8 0 0 4 9 29 8 1 55 16 1 10 11 1 1 3 9 69 156 354 309 367 457 243 766 428 373 223 374 442 217 0 0 0 0 0 0 0 0 0 0 0 0 0 0 0 0 0 0 0
0 1 0 0 1 0 0 0 4 5 1 1 2 0 3 9 3 3 1 0 0 0 0 0 2 7 5 0 0 0 0 1 1 1 2 2 1 2 0 0 0 0 5 0 0 0 2 0 2 28 355 327 5 54 9 0 1 0 2 0 0 2 0 0 0 0 0 0 0 0 0 0 0 0 0 2 0 0 1 1 0 1 0 0 0 0 0 0 3 0 0 0 2 0 0 1 0 0 2 1 5 3 1 1 8 4 24 27 1 2 2 3 3 7 6 7 5 32 242 883 998 334 126 739 894 386 65 306 255 41 23 2 0 0 0 0 0 0 0 0 0 0 0 0 0 0 0 0 0 0
0 7 0 1 0 1 2 0 7 7 2 3 3 1 0 2 3 3 1 0 0 0 0 0 1 4 0 0 0 0 0 37 14 2 0 1 0 0 1 2 0 0 0 0 0 0 0 0 0 18 331 305 363 374 24 8 3 0 0 4 0 0 0 0 0 0 0 0 0 0 0 0 0 0 2 0 0 0 0 14 0 3 0 0 0 0 0 15 58 0 0 12 8 0 0 0 0 0 0 3 2 0 6 3 3 55 202 9 1 0 4 3 0 6 5 2 4 18 61 293 208 434 131 1759 837 358 93 84 4 479 291 423 2 0 0 0 0 0 0 0 0 0 0 0 0 0 0 0 0 0
0 0 0 0 0 1 14 15 7 1 5 30 0 0 0 1 0 0 0 0 0 0 0 0 6 0 0 0 0 0 0 10 6 4 0 0 3 2 0 0 0 0 0 2 0 14 0 0 0 1 256 236 322 290 41 23 1 2 0 2 0 0 0 0 0 0 0 0 0 0 0 0 0 0 0 0 0 0 0 10 1 2 2 0 0 0 0 7 36 2 13 16 49 0 0 0 0 0 0 5 3 31 7 9 5 6 2 6 0 0 0 2 0 1 0 6 1 3 3 29 184 161 181 319 427 429 228 209 216 368 131 139 3 0 0 0 0 0 0 0 0 0 0 0 0 0 0 0 0 0
12 2 0 9 3 5 2 3 6 0 0 4 1 0 0 0 0 0 0 0 0 0 2 0 0 0 0 0 0 0 4 0 0 3 0 0 0 1 0 0 0 0 0 0 0 0 0 0 1 3 28 56 168 7 22 0 4 0 3 0 0 0 0 0 0 1 0 0 0 0 0 0 0 0 0 0 0 0 5 0 1 1 0 0 0 3 22 37 7 2 2 146 63 20 5 0 0 0 0 10 15 4 20 145 12 0 3 1 9 0 0 0 2 5 2 4 7 22 8 12 79 444 234 229 141 448 440 955 208 121 103 46 0 0 0 0 0 0 0 0 0 0 0 0 0 0 0 0 0 0
0 2 15 0 7 0 5 19 7 5 3 4 2 2 0 0 0 0 0 0 0 0 0 0 0 0 0 0 2 0 0 0 0 0 0 0 0 1 2 0 0 0 0 0 0 0 0 0 0 0 0 10 42 5 4 0 1 25 57 5 0 0 0 0 0 0 0 0 0 0 0 0 0 0 0 0 0 0 0 0 0 0 14 20 8 10 15 0 12 44 61 66 86 0 2 0 0 1 10 8 34 151 83 221 189 11 7 1 5 8 0 0 11 0 4 0 5 23 5 235 194 385 1233 864 417 105 1451 1107 880 0 0 0 0 0 0 0 0 0 0 0 0 0 0 0 0 0 0 0 0 0
1 4 9 0 9 7 5 18 0 4 0 0 0 2 0 0 0 0 0 0 0 0 1 0 0 0 1 0 2 0 0 0 1 2 0 1 0 0 0 0 7 0 0 0 0 1 0 0 0 18 0 3 47 7 1 0 0 12 68 7 2 4 0 0 0 0 0 0 0 0 0 0 0 0 0 0 0 0 0 0 1 3 0 0 0 3 18 3 5 21 37 33 62 16 10 14 3 2 0 9 91 178 217 145 137 28 4 3 0 16 1 0 0 0 5 0 2 336 140 551 312 1 5 93 92 398 212 389 269 0 63 2 0 0 0 0 0 0 0 0 0 0 0 0 0 0 0 0 0 0
0 10 68 0 21 60 11 5 1 1 0 1 6 0 0 0 0 0 0 4 1 0 0 0 0 0 0 0 0 0 0 0 0 0 0 0 0 0 0 0 0 0 1 0 0 0 0 0 0 0 0 7 3 0 0 0 0 3 6 21 9 0 0 0 0 0 0 0 0 0 0 0 0 0 0 0 0 0 0 0 9 30 0 7 62 5 43 6 1 0 0 4 3 0 0 0 0 0 0 9 4 50 489 151 58 82 10 8 3 1 4 1 0 0 0 20 138 248 70 23 0 0 0 0 61 281 74 447 354 3 6 44 0 0 0 0 0 0 0 0 0 0 0 0 0 0 0 0 0 0
1 41 58 100 290 237 64 27 4 0 0 0 0 0 4 0 0 1 0 2 1 4 0 0 0 0 0 0 0 0 0 0 0 0 0 1 0 0 0 0 0 1 0 3 2 7 0 9 0 0 0 6 4 0 0 0 5 0 25 9 1 1 0 0 0 0 0 0 0 0 0 0 0 0 0 0 0 0 2 5 6 0 0 0 5 2 8 137 43 0 0 0 0 0 0 0 0 0 0 0 0 111 296 85 67 66 4 0 1 7 4 0 1 0 1 35 71 7 9 40 0 0 0 0 4 307 229 420 233 18 49 1 0 0 0 0 0 0 0 0 0 0 0 0 0 0 0 0 0 0
2 52 205 497 321 214 88 27 1 0 0 2 0 0 0 2 0 2 0 0 0 0 0 0 4 0 0 1 0 1 0 0 0 0 0 0 0 0 1 0 0 0 0 1 0 0 0 22 13 0 0 0 4 0 0 1 2 1 0 0 0 2 0 0 0 0 0 0 0 0 0 0 0 0 0 0 0 8 0 0 0 0 0 0 0 0 32 14 0 0 0 0 0 0 0 0 0 0 0 0 10 23 10 4 41 60 0 0 2 3 6 10 3 1 2 0 3 4 12 8 17 37 6 0 13 67 46 201 34 0 0 0 0 0 0 0 0 0 0 0 0 0 0 0 0 0 0 0 0 0
0 14 116 154 58 85 25 9 0 1 5 0 0 0 0 0 0 1 0 3 1 2 0 14 0 0 0 0 0 1 3 0 1 0 1 0 0 0 0 0 0 0 1 0 0 0 0 1 0 3 0 0 0 0 0 4 0 0 0 0 0 0 0 0 0 0 0 0 0 0 0 1 0 0 0 0 0 0 0 0 0 0 0 1 0 0 44 10 1 4 25 0 0 0 0 5 0 0 0 285 479 76 110 107 3 37 17 4 0 0 0 2 0 0 0 0 0 0 6 48 35 41 113 147 16 13 0 0 0 0 0 0 0 0 1 0 0 0 0 0 0 0 0 0 0 0 0 0 0 0
1 9 43 38 17 12 0 1 2 0 23 0 0 0 0 0 0 0 0 0 0 39 0 0 0 0 0 0 0 0 0 0 0 0 0 0 0 0 0 0 6 0 0 0 2 6 1 0 0 0 0 0 0 0 0 18 2 0 0 0 0 0 0 0 0 0 0 0 0 0 0 0 0 0 0 0 1 25 0 0 0 0 0 0 0 0 14 0 0 33 19 0 0 0 12 80 45 7 159 920 249 326 62 16 0 14 12 44 0 1 7 0 0 0 0 0 0 0 18 29 34 21 4 22 2 20 17 4 58 22 0 0 0 0 0 0 0 0 0 0 0 0 0 0 0 0 0 0 0 0
16 4 32 1 0 0 0 3 0 0 0 0 0 0 0 0 0 0 0 0 5 1 2 0 0 0 0 0 0 5 5 0 0 2 4 0 0 0 0 0 0 0 0 0 0 2 2 0 0 0 0 0 0 4 34 9 0 0 0 0 0 0 0 0 0 0 0 0 0 0 0 0 0 0 7 7 0 0 0 0 0 0 0 0 0 0 7 2 0 0 65 16 3 1 106 201 29 3 134 116 12 3 9 2 1 0 1 84 224 61 0 0 0 5 11 0 0 1 0 0 20 0 1 1 2 44 23 65 289 51 21 0 0 0 0 0 0 0 0 0 0 0 0 0 0 0 0 0 0 0
4 0 2 1 0 0 0 0 0 0 0 0 0 0 0 0 0 0 0 0 0 0 0 0 0 0 0 0 0 1 4 25 0 0 0 0 0 0 0 0 1 0 0 0 0 0 0 0 0 0 0 2 48 0 12 0 0 0 0 0 0 0 0 0 0 0 0 0 0 0 0 0 0 0 7 12 0 0 0 0 0 0 0 0 0 0 13 44 149 40 55 4 14 8 1 23 9 2 0 1 4 1 0 0 3 2 92 199 192 20 2 0 0 0 0 0 0 8 0 0 0 6 1 18 3 107 86 121 73 165 31 0 0 0 0 0 0 0 0 0 0 0 0 0 0 0 0 0 0 0
1 1 0 1 11 0 0 0 0 0 0 0 0 0 0 0 0 3 0 0 0 0 0 2 0 0 0 0 1 0 1 1 2 0 0 1 0 0 0 0 0 0 0 0 0 1 0 0 0 0 0 2 1 22 11 2 0 0 0 0 0 0 0 0 0 0 0 0 0 0 0 0 1 0 0 0 0 0 0 0 0 0 0 0 0 0 0 0 59 3 0 0 0 0 1 16 0 0 0 0 0 4 0 2 5 96 355 248 57 32 0 0 0 0 0 0 0 0 24 6 0 17 0 14 0 12 38 28 1 16 0 3 0 0 0 0 0 0 0 0 0 0 0 0 0 0 0 0 0 0
2 0 0 0 1 1 0 0 0 0 0 0 0 0 0 0 0 0 0 0 0 0 0 4 0 0 0 2 0 0 0 3 0 27 2 0 0 0 0 0 0 0 0 0 0 1 0 0 0 0 1 4 4 23 9 1 2 0 0 0 0 0 0 0 0 0 0 0 0 0 3 3 0 0 0 0 0 0 0 0 0 0 0 0 0 0 2 0 0 0 0 0 4 10 0 0 1 5 10 1 5 1 0 1 15 34 39 4 24 98 0 0 0 0 0 0 0 0 0 3 0 4 1 54 49 50 98 30 15 26 5 0 0 0 0 0 0 0 0 0 0 0 0 0 0 0 0 0 0 0
0 0 0 0 2 42 0 0 0 0 0 0 0 0 0 0 0 0 0 0 0 0 0 0 0 0 10 0 0 0 1 1 0 1 0 1 0 0 0 0 0 0 0 0 0 0 0 0 0 0 0 0 1 1 2 0 2 3 0 0 0 0 0 0 0 0 0 0 1 2 1 0 0 0 0 0 0 0 0 0 0 0 0 0 0 0 1 0 1 0 0 19 77 7 1 0 2 0 1 6 1 3 23 4 20 12 0 4 1 22 0 0 0 0 0 0 0 0 0 0 1 0 0 17 0 0 0 95 4 1 0 0 0 0 0 0 0 0 0 0 0 0 0 0 0 0 0 0 0 0
0 0 0 0 49 29 1 0 0 0 0 0 0 0 0 0 0 1 0 0 0 0 0 0 0 0 0 0 2 0 2 0 1 0 0 0 0 0 0 2 0 0 0 1 0 1 0 0 0 1 1 0 0 2 2 0 1 0 0 0 0 0 0 0 0 0 0 0 4 0 0 0 0 0 0 0 0 0 0 0 0 0 0 0 0 0 0 3 23 20 99 190 53 13 0 0 0 0 0 6 16 282 205 23 2 31 8 0 0 5 3 0 0 0 0 0 0 0 0 0 0 0 0 0 0 0 51 13 0 0 0 0 0 0 0 0 0 0 0 0 0 0 0 0 0 0 0 0 0 0
0 0 0 0 2 2 1 0 0 0 0 0 0 4 0 1 0 0 1 0 0 0 0 0 0 0 0 0 0 4 0 0 0 0 0 0 0 0 0 0 0 0 0 0 3 4 0 0 0 1 1 1 0 1 2 0 0 0 0 0 0 0 0 0 0 0 0 0 4 0 0 0 0 0 0 0 0 0 0 0 0 0 0 0 0 0 2 2 6 58 105 114 46 14 1 0 2 2 3 37 89 63 33 7 0 1 0 0 0 5 1 0 0 0 0 0 0 0 0 0 0 46 48 0 0 4 0 2 0 0 0 0 0 0 0 0 0 0 0 0 0 0 0 0 0 0 0 0 0 0
0 0 0 0 0 5 0 0 0 0 0 0 12 1 1 4 0 0 1 0 0 0 0 0 0 3 2 0 1 4 0 0 2 0 0 1 0 0 0 0 0 0 0 3 1 3 3 0 0 1 1 0 1 20 7 0 0 0 0 0 0 0 0 0 0 0 4 4 9 0 0 0 0 0 0 0 0 0 0 0 0 0 0 0 2 10 16 5 0 5 0 0 15 0 13 0 0 1 0 11 21 0 3 1 5 0 0 0 1 34 2 13 1 0 0 0 0 0 0 0 0 0 0 0 0 0 0 0 0 0 0 0 0 0 0 0 0 0 0 0 0 0 0 0 0 0 0 0 0 0
0 0 0 0 0 0 7 2 0 0 0 0 0 1 0 0 0 0 0 0 0 0 0 0 0 0 0 0 0 0 0 0 0 0 0 3 0 0 0 0 0 0 0 0 0 0 2 1 0 0 2 0 0 0 13 6 2 0 0 0 0 0 0 0 0 0 0 25 8 0 0 0 0 0 0 0 0 0 0 0 0 0 0 0 34 0 0 1 3 12 0 1 3 0 2 6 3 22 0 6 5 5 1 0 3 0 0 7 28 64 77 204 13 6 0 0 0 11 0 0 0 0 3 0 0 0 0 0 0 0 0 0 0 0 0 0 0 0 0 0 0 0 0 0 0 0 0 0 0 0
0 0 0 0 0 0 0 0 0 0 0 0 0 0 0 0 0 0 0 0 0 0 0 0 0 0 0 1 2 0 0 0 0 0 0 0 0 0 0 0 0 0 0 0 0 0 0 3 10 0 0 0 0 1 1 30 33 0 0 0 0 0 0 1 3 4 43 44 2 0 0 2 0 0 0 0 0 0 0 0 0 0 0 13 9 0 0 6 3 3 2 2 1 0 0 9 29 8 6 1 4 0 7 5 3 0 24 1 20 16 145 23 76 18 1 0 0 0 0 0 0 0 0 0 0 0 0 0 0 0 0 0 0 0 0 0 0 0 0 0 0 0 0 0 0 0 0 0 0 0
0 1 0 0 0 0 0 0 0 0 0 2 0 0 0 0 0 0 0 0 0 0 0 0 0 0 0 0 1 0 0 0 0 0 0 0 0 0 0 0 0 0 0 0 0 0 1 5 47 0 3 0 0 1 3 2 1 0 12 3 2 3 1 7 5 2 0 0 0 9 0 0 0 0 0 0 0 0 0 0 0 0 0 0 0 0 0 6 0 4 0 0 0 0 8 89 4 0 0 0 0 0 3 0 20 53 260 436 235 86 27 0 73 7 0 0 0 0 0 0 0 0 0 0 0 0 0 0 0 0 0 0 0 0 0 0 0 0 0 0 0 0 0 0 0 0 0 0 0 0
0 0 1 1 1 30 1 4 2 1 1 0 0 1 0 0 0 0 0 0 0 0 0 0 0 0 0 0 0 0 2 0 0 0 0 0 0 1 0 0 1 4 0 2 0 0 3 7 0 0 0 0 0 0 5 2 0 0 0 1 0 0 0 2 1 0 2 6 0 4 0 4 0 0 0 0 0 0 0 0 0 0 0 0 0 0 0 0 1 1 2 8 0 0 66 12 0 0 0 0 0 4 1 9 34 45 97 190 131 103 72 114 133 0 0 0 0 0 0 0 0 0 0 0 0 0 0 0 0 0 0 0 0 0 0 0 0 0 0 0 0 0 0 0 0 0 0 0 0 0
0 0 0 0 11 21 1 0 0 1 0 0 0 0 0 0 0 0 0 0 0 0 0 0 0 0 0 0 0 0 0 0 1 1 0 0 0 0 0 0 1 0 0 0 0 0 3 1 1 5 7 0 3 4 5 0 0 1 2 0 0 2 0 1 0 1 0 2 3 0 0 0 0 1 0 0 0 0 0 0 0 0 0 0 0 0 0 0 0 0 0 0 9 4 0 12 115 0 0 0 0 0 0 80 83 264 0 0 4 37 0 1 0 0 0 0 0 0 0 0 0 0 0 0 0 0 0 0 0 0 0 0 0 0 0 0 0 0 0 0 0 0 0 0 0 0 0 0 0 0
0 0 0 0 0 0 0 0 2 3 0 0 0 2 0 0 0 0 0 1 0 0 0 0 0 0 0 0 0 0 0 0 0 0 0 0 0 0 0 0 0 0 0 0 0 0 0 0 3 0 0 0 0 0 1 0 0 0 11 0 1 0 0 0 0 0 0 0 0 0 2 0 1 0 0 0 0 0 0 0 0 0 0 0 0 0 0 0 0 1 0 6 38 9 9 94 211 0 0 0 0 0 0 1 8 0 0 0 0 0 15 58 0 0 0 0 0 0 0 0 0 0 0 0 0 0 0 0 0 0 0 0 0 0 0 0 0 0 0 0 0 0 2 12 2 0 0 0 0 0
0 0 0 0 0 1 0 0 0 9 0 0 0 0 0 0 0 0 0 0 0 0 0 0 0 0 0 0 0 0 0 1 0 0 0 0 0 0 0 0 0 0 0 0 0 1 0 0 0 0 5 0 0 1 0 0 0 0 4 0 2 0 0 0 0 0 0 0 0 0 0 0 0 0 0 0 0 0 0 0 0 0 0 0 0 0 0 0 12 2 0 16 85 87 25 0 1 0 0 0 0 0 0 0 0 0 0 1 0 38 29 0 0 0 0 0 0 0 0 0 0 0 0 0 0 0 0 0 0 0 0 0 0 0 0 0 0 0 0 0 0 0 0 0 0 0 0 0 0 0
2 0 0 0 3 1 0 0 0 0 0 0 0 1 0 0 0 0 0 0 0 0 0 0 0 0 0 0 0 0 0 0 0 0 0 0 0 0 0 0 0 0 0 0 0 0 0 0 0 0 2 2 7 0 0 0 0 0 0 1 1 0 0 0 0 0 0 0 0 0 0 0 0 0 0 0 0 0 0 0 0 0 0 0 0 0 0 0 0 0 13 33 329 0 0 15 0 0 0 0 0 0 0 5 1 0 0 2 8 1 3 1 0 0 0 0 0 0 0 0 0 0 0 0 0 0 0 0 0 0 0 0 0 0 0 0 0 0 0 0 0 0 0 0 0 0 0 0 0 0
0 0 0 0 0 0 0 0 0 0 0 0 3 1 0 0 0 0 0 0 0 0 0 0 1 0 0 0 0 0 0 0 0 0 0 0 2 0 0 0 0 0 0 0 0 0 0 0 0 0 1 6 1 0 0 0 0 0 0 2 1 1 0 0 0 0 0 0 0 0 0 35 0 0 0 0 0 0 0 0 0 0 0 0 0 0 0 0 0 4 1 2 1 8 2 0 0 0 0 0 0 0 0 0 0 0 0 0 0 0 0 0 0 0 0 0 0 0 0 0 0 0 0 0 0 0 0 0 0 0 0 0 0 0 0 0 0 0 0 0 0 0 0 0 0 0 0 0 0 0
2 0 0 0 0 0 0 0 0 0 0 0 0 0 0 0 0 0 0 0 0 0 1 11 0 0 0 0 0 0 0 0 0 0 0 0 0 0 0 0 0 0 0 0 0 0 0 0 0 0 0 9 2 1 0 0 0 0 0 0 0 12 11 1 0 0 0 0 0 0 0 3 2 1 10 0 0 0 0 0 0 0 0 0 0 0 0 0 0 2 1 11 11 10 4 1 0 0 0 0 0 0 0 0 0 0 0 0 0 0 0 0 0 0 0 0 0 0 0 0 0 0 0 0 0 0 0 0 0 0 0 0 0 0 0 0 0 0 0 0 0 0 0 0 0 0 0 0 0 0
0 0 0 0 0 0 0 0 0 0 0 0 0 0 0 0 0 0 0 1 0 0 0 0 4 0 0 0 0 0 0 0 0 0 0 0 0 0 0 0 0 0 0 0 0 0 0 0 0 0 0 15 20 3 2 0 0 0 0 0 1 21 43 0 0 0 0 0 0 0 0 0 2 0 6 0 0 0 0 0 0 0 0 0 0 0 0 0 0 0 2 9 0 7 12 5 0 0 1 0 0 0 0 0 0 0 0 0 0 0 0 0 0 0 0 0 0 0 0 0 0 0 0 0 0 0 0 0 0 0 0 0 0 0 0 0 0 0 0 0 0 0 0 0 0 0 0 0 0 0
0 0 0 0 0 0 0 0 0 0 0 1 4 0 0 0 0 0 1 0 0 0 0 0 0 0 0 0 0 0 0 0 0 0 0 0 0 0 0 0 0 0 0 0 0 0 0 0 0 17 3 25 100 2 2 0 0 0 0 0 0 30 0 0 0 0 0 0 0 0 0 0 0 2 0 0 0 0 0 0 0 0 0 0 0 0 0 0 0 0 1 1 8 22 19 2 0 0 0 0 0 0 0 0 0 0 0 0 0 0 0 0 0 0 0 0 0 0 0 0 0 0 0 0 0 0 0 0 0 0 0 0 0 0 0 0 0 0 0 0 0 0 0 0 0 0 0 0 0 0
0 0 0 0 0 0 0 0 0 0 0 0 1 1 1 0 1 3 0 0 0 0 0 0 0 3 0 0 0 0 0 0 0 0 0 0 0 0 0 0 0 0 0 0 0 0 0 0 0 5 0 15 91 0 9 0 0 0 0 0 1 3 1 0 0 0 0 0 0 0 0 0 0 0 0 0 0 0 0 0 0 0 0 0 0 0 0 0 0 0 0 1 3 7 1 2 1 0 0 0 0 0 0 0 0 0 0 0 0 0 0 0 0 0 0 0 0 0 0 0 0 0 0 0 0 0 0 0 0 0 0 0 0 0 0 0 0 0 0 0 0 0 0 0 0 0 0 0 0 0
0 0 0 0 0 0 0 0 0 2 0 0 0 0 1 0 0 0 0 0 0 0 0 0 2 2 0 0 0 0 0 0 0 0 0 0 0 0 0 0 0 0 0 0 0 0 0 0 0 1 0 2 18 0 0 0 0 0 0 0 7 1 0 3 0 0 0 0 0 0 0 0 0 0 0 0 0 0 0 0 0 0 0 0 0 0 0 0 0 0 0 0 0 0 0 4 5 0 0 0 0 0 0 0 0 0 0 0 0 0 0 0 0 0 0 0 0 0 0 0 0 0 0 0 0 0 0 0 0 0 0 0 0 0 0 0 0 0 0 0 0 0 0 0 0 0 0 0 0 0
0 0 0 0 0 0 0 0 0 0 0 0 0 0 0 0 0 0 0 0 0 1 0 0 0 0 0 0 0 0 0 0 1 0 3 0 0 0 0 0 0 0 0 0 0 0 1 6 0 0 0 0 0 0 0 0 0 0 0 0 2 0 0 0 0 0 0 0 0 0 0 0 0 0 0 0 0 0 0 0 0 0 0 0 0 0 0 0 0 0 0 0 0 0 0 8 7 18 0 0 0 0 0 0 0 0 0 0 0 0 0 0 0 0 0 0 0 0 0 0 0 0 0 0 0 0 0 0 0 0 0 0 0 0 0 0 0 0 0 0 0 0 0 0 2 7 0 0 0 0
0 0 0 0 0 0 0 0 0 0 0 1 0 0 0 0 4 0 0 2 2 1 0 0 0 0 0 0 0 0 0 0 0 0 0 1 0 0 0 0 0 0 0 0 0 1 1 0 0 0 0 0 0 0 0 0 0 0 0 0 0 0 0 0 0 0 0 0 0 0 0 1 0 0 0 0 0 0 0 0 0 0 0 0 0 0 0 0 0 0 0 0 0 0 6 11 4 0 0 0 3 0 0 0 0 0 0 0 0 0 0 0 0 0 0 0 0 0 0 0 0 0 0 0 0 0 0 0 0 0 0 0 0 0 0 0 0 0 0 0 0 0 0 0 0 0 0 0 0 0
0 0 0 0 0 0 0 0 0 0 0 0 0 0 0 0 0 0 0 0 5 0 0 0 0 0 0 0 0 0 0 0 0 0 0 0 0 0 0 0 0 0 0 0 0 0 0 0 0 0 0 0 0 0 0 0 0 0 0 0 1 0 0 0 0 0 0 0 0 0 0 0 0 0 0 0 0 0 0 0 0 0 0 0 0 0 0 0 0 0 0 0 0 0 2 0 0 0 0 0 0 0 0 0 0 0 0 0 0 0 0 0 0 0 0 0 0 0 0 0 0 0 0 0 0 0 0 0 0 0 0 0 0 0 0 0 0 0 0 0 0 0 0 0 0 0 0 0 0 0
0 0 0 0 0 0 0 0 0 0 3 0 1 0 0 0 0 0 0 0 0 0 0 0 0 0 0 0 0 0 0 0 0 0 0 0 0 0 0 0 0 0 0 0 2 0 0 0 0 0 0 0 0 0 0 0 0 0 0 0 2 0 0 0 0 0 0 0 0 0 0 0 0 0 0 0 0 0 0 0 0 0 0 0 0 0 0 0 0 0 0 0 0 0 0 1 1 0 0 0 0 0 0 0 0 0 0 0 0 0 0 0 0 0 0 0 0 0 0 0 0 0 0 0 0 0 0 0 0 0 0 0 0 0 0 0 0 0 0 0 0 0 0 0 0 0 0 0 0 0
1 0 0 0 0 0 0 1 0 0 0 0 3 0 1 2 1 0 0 0 0 0 0 0 0 0 0 0 0 0 0 0 0 0 0 0 0 0 0 0 0 0 0 1 0 0 0 0 0 0 0 0 0 0 0 0 0 0 0 0 1 0 0 0 0 0 0 0 51 0 0 0 0 0 0 0 0 0 0 0 0 0 0 0 0 0 0 0 0 0 0 0 0 0 0 0 0 0 4 6 0 0 0 0 0 0 0 0 0 0 0 0 0 0 0 0 0 0 0 0 0 0 0 0 0 0 0 0 0 0 0 0 0 0 0 0 0 0 0 0 0 0 0 0 0 0 0 0 0 0
0 0 0 0 0 0 0 0 0 0 0 0 0 0 0 0 1 4 1 0 0 0 0 0 0 0 0 0 0 0 0 0 0 0 0 0 0 8 2 0 0 0 0 0 0 0 0 0 0 0 0 0 0 0 0 0 0 0 0 0 0 3 0 0 0 0 0 1 76 47 0 0 0 0 0 0 0 0 0 0 0 0 0 0 0 0 0 0 0 0 0 0 0 0 0 0 0 0 0 0 0 0 0 0 0 0 0 0 0 0 0 0 0 0 0 0 0 0 0 0 0 0 0 0 0 0 0 0 0 0 0 0 0 0 0 0 0 0 0 0 0 0 0 0 0 0 0 0 0 0
0 0 0 0 0 0 0 0 0 0 0 2 26 1 0 1 13 1 1 7 0 0 0 22 5 0 0 0 0 0 0 0 0 0 4 0 3 3 3 2 0 0 5 0 0 0 0 0 0 0 0 0 0 0 0 0 0 0 0 0 0 0 0 0 93 19 8 0 0 0 0 0 0 0 0 0 0 0 0 0 0 0 0 0 0 0 0 0 0 0 0 0 0 0 0 0 0 0 0 0 0 0 0 0 0 0 0 0 0 0 0 0 0 0 0 0 0 0 0 0 0 0 0 0 0 0 0 0 0 0 0 0 0 0 0 0 0 0 0 0 0 0 0 0 0 0 0 0 0 0
2 29 4 0 0 0 0 0 0 0 1 0 0 0 0 0 0 0 0 6 20 56 21 6 4 0 0 0 0 2 0 0 0 1 0 0 23 1 0 1 0 0 0 0 0 0 0 0 0 0 0 0 0 0 0 0 0 0 0 0 0 0 0 0 0 3 0 0 0 0 0 0 0 0 0 0 0 0 0 0 0 0 0 0 0 0 0 0 0 0 0 0 0 0 0 0 0 0 0 0 0 0 0 0 0 0 0 0 0 0 0 0 0 0 0 0 0 0 0 0 0 0 0 0 0 0 0 0 0 0 0 0 0 0 0 0 0 0 0 0 0 0 0 0 0 0 0 0 0 0
9 4 4 0 0 1 0 0 0 0 0 0 0 0 0 3 3 3 0 3 0 21 13 2 5 2 1 0 4 3 11 0 0 0 0 0 1 2 0 0 4 3 0 0 0 0 0 0 0 0 0 0 0 0 0 0 0 0 0 0 0 0 0 0 0 0 0 0 0 0 0 0 0 0 0 0 0 0 0 0 0 0 0 0 0 0 0 0 0 1 0 0 0 0 0 0 0 0 0 0 0 0 0 0 0 0 0 0 0 0 0 0 0 0 0 0 0 0 0 0 0 0 0 0 0 0 0 0 0 0 0 0 0 0 0 0 0 0 0 0 0 0 0 0 0 0 0 0 0 0
0 0 0 0 0 0 0 0 0 0 0 2 6 0 0 0 1 6 0 4 0 1 5 2 1 4 2 4 4 0 0 0 0 0 1 3 0 0 0 0 0 0 0 0 0 0 0 0 0 0 0 0 0 0 0 0 0 0 0 0 0 0 0 0 0 0 0 0 0 0 0 0 0 0 0 0 0 0 0 0 0 0 0 0 0 0 0 0 0 0 0 0 0 0 0 0 0 0 0 0 0 0 0 0 0 0 0 0 0 0 0 0 0 0 0 0 0 0 0 0 0 0 0 0 0 0 0 0 0 0 0 0 0 0 0 0 0 0 0 0 0 0 0 0 0 0 0 0 0 0
0 0 0 0 0 0 0 0 0 0 0 0 0 0 0 0 0 0 0 1 0 0 0 0 2 9 0 3 8 0 2 0 0 6 5 0 0 0 0 0 0 0 0 0 0 0 0 0 0 0 0 0 0 0 0 0 0 0 0 0 0 0 0 0 0 0 0 0 0 0 0 0 0 0 0 0 0 0 0 0 0 0 0 0 0 0 0 0 0 0 0 0 0 0 0 0 0 0 0 0 0 0 0 0 0 0 0 0 0 0 0 0 0 0 0 0 0 0 0 0 0 0 0 0 0 0 0 0 0 0 0 0 0 0 0 0 0 0 0 0 0 0 0 0 0 0 0 0 0 0
0 0 0 0 0 0 0 0 0 0 0 0 0 0 0 0 0 0 1 0 0 1 0 0 0 0 0 0 109 41 3 1 5 11 2 0 2 0 0 0 0 0 0 0 0 0 0 0 0 0 0 0 0 0 0 0 0 0 0 0 0 0 0 0 0 0 0 0 0 0 0 0 0 0 0 0 0 0 0 0 0 0 0 0 0 0 0 0 0 0 0 0 0 0 0 0 0 0 0 0 0 0 0 0 0 0 0 0 0 0 0 0 0 0 0 0 0 0 0 0 0 0 0 0 0 0 0 0 0 0 0 0 0 0 0 0 0 0 0 0 0 0 0 0 0 0 0 0 0 0
0 0 0 0 0 0 0 0 0 0 0 0 0 0 0 0 0 0 0 1 0 0 0 1 0 2 1 2 0 0 2 0 2 1 0 1 6 0 0 0 0 0 0 0 0 0 0 0 0 0 0 0 0 0 0 0 0 0 0 0 0 0 0 0 0 0 0 0 0 0 0 0 0 0 0 0 0 0 0 0 0 0 0 0 0 0 0 0 0 0 0 0 0 0 0 0 0 0 0 0 0 0 0 0 0 0 0 0 0 0 0 0 0 0 0 0 0 0 0 0 0 0 0 0 0 0 0 0 0 0 0 0 0 0 0 0 0 0 0 0 0 0 0 0 0 0 0 0 0 0
0 0 0 0 0 0 0 0 0 0 0 0 0 0 0 0 0 0 0 0 0 0 0 0 6 0 7 0 0 0 8 0 1 1 0 0 0 3 0 0 0 0 0 0 0 0 0 0 0 0 0 0 0 0 0 0 0 0 0 0 0 0 0 0 0 0 0 0 0 0 0 0 0 0 0 0 0 0 0 0 0 0 0 0 0 0 0 0 0 0 0 0 0 0 0 0 0 0 0 0 0 0 0 0 0 0 0 0 0 0 0 0 0 0 0 0 0 0 0 0 0 0 0 0 0 0 0 0 0 0 0 0 0 0 0 0 0 0 0 0 0 0 0 0 0 0 0 0 0 0
0 0 0 0 0 0 0 0 0 0 0 2 2 1 0 0 0 0 0 0 0 0 0 0 0 0 0 0 0 0 0 0 18 0 0 0 0 0 0 0 0 0 0 0 0 0 0 0 0 0 0 0 0 0 0 0 0 0 0 0 0 0 0 0 0 0 0 0 0 0 0 0 0 0 0 0 0 0 0 0 0 0 0 0 0 0 0 0 0 0 0 0 0 0 0 0 0 0 0 0 0 0 0 0 0 0 0 0 0 0 0 0 0 0 0 0 0 0 0 0 0 0 0 0 0 0 0 0 0 0 0 0 0 0 0 0 0 0 0 0 0 0 0 0 0 0 0 0 0 0
0 0 0 0 0 0 0 0 0 0 0 0 2 0 0 0 0 0 0 0 0 0 0 0 0 0 0 8 2 0 1 0 0 0 0 0 0 0 0 0 0 0 0 0 0 0 0 0 0 0 0 0 0 0 0 0 0 0 0 0 0 0 0 0 0 0 0 0 0 0 0 0 0 0 0 0 0 0 0 0 0 0 0 0 0 0 0 0 0 0 0 0 0 0 0 0 0 0 0 0 0 0 0 0 0 0 0 0 0 0 0 0 0 0 0 0 0 0 0 0 0 0 0 0 0 0 0 0 0 0 0 0 0 0 0 0 0 0 0 0 0 0 0 0 0 0 0 0 0 0
0 0 0 0 0 0 0 0 0 0 0 0 0 0 0 0 0 0 0 0 0 0 0 0 0 0 0 0 4 0 0 0 0 0 0 0 0 0 0 0 0 0 0 0 0 0 0 0 0 0 0 0 0 0 0 0 0 0 0 0 0 0 0 0 0 0 0 0 0 0 0 0 0 0 0 0 0 0 0 0 0 0 0 0 0 0 0 0 0 0 0 0 0 0 0 0 0 0 0 0 0 0 0 0 0 0 0 0 0 0 0 0 0 0 0 0 0 0 0 0 0 0 0 0 0 0 0 0 0 0 0 0 0 0 0 0 0 0 0 0 0 0 0 0 0 0 0 0 0 0
0 0 0 0 0 0 0 0 0 0 1 0 0 1 0 0 0 0 0 0 0 0 0 0 0 0 0 0 0 0 0 0 2 1 0 0 0 0 0 0 0 0 0 0 0 0 0 0 0 0 0 0 0 0 0 0 0 0 0 0 0 0 0 0 0 0 0 0 0 0 0 0 0 0 0 0 0 0 0 0 0 0 0 0 0 0 0 0 0 0 0 0 0 0 0 0 0 0 0 0 0 0 0 0 0 0 0 0 0 0 0 0 0 0 0 0 0 0 0 0 0 0 0 0 0 0 0 0 0 0 0 0 0 0 0 0 0 0 0 0 0 0 0 0 0 0 0 0 0 0
0 0 0 0 0 0 0 0 0 1 0 0 0 0 0 0 0 0 0 0 0 0 0 0 0 0 0 0 0 0 0 0 0 0 0 0 0 0 0 0 0 0 0 0 0 0 0 0 0 0 0 0 0 0 0 0 0 0 0 0 0 0 0 0 0 0 0 0 0 0 0 0 0 0 0 0 0 0 0 0 0 0 0 0 0 0 0 0 0 0 0 0 0 0 0 0 0 0 0 0 0 0 0 0 0 0 0 0 0 0 0 0 0 0 0 0 0 0 0 0 0 0 0 0 0 0 0 0 0 0 0 0 0 0 0 0 0 0 0 0 0 0 0 0 0 0 0 0 0 0
0 0 0 0 0 0 0 0 0 0 3 1 0 0 0 0 0 0 0 0 0 0 0 0 0 0 0 0 0 0 0 0 0 0 0 0 0 0 0 0 0 0 0 0 0 0 0 0 0 0 0 1 0 0 0 0 0 0 0 0 0 0 0 0 0 0 0 0 0 0 0 0 0 0 0 0 0 0 0 0 0 0 0 0 0 0 0 0 0 0 0 0 0 0 0 0 0 0 0 0 0 0 0 0 0 0 0 0 0 0 0 0 0 0 0 0 0 0 0 0 0 0 0 0 0 0 0 0 0 0 0 0 0 0 0 0 0 0 0 0 0 0 0 0 0 0 0 0 0 0
0 0 0 0 0 0 0 0 5 8 0 0 0 0 0 0 0 0 0 0 0 0 0 0 0 0 0 0 0 0 0 0 0 0 0 0 0 0 0 0 0 0 0 0 0 0 0 0 0 0 1 0 0 0 0 0 0 0 0 0 0 0 0 0 0 0 0 0 0 0 0 0 0 0 0 0 0 0 0 0 0 0 0 0 0 0 0 0 0 0 0 0 0 0 0 0 0 0 0 0 0 0 0 0 0 0 0 0 0 0 0 0 0 0 0 0 0 0 0 0 0 0 0 0 0 0 0 0 0 0 0 0 0 0 0 0 0 0 0 0 0 0 0 0 0 0 0 0 0 0
0 0 0 0 1 1 10 6 0 1 0 0 0 0 0 0 0 0 0 0 0 0 0 0 0 0 0 0 0 0 0 0 0 0 0 0 0 0 0 0 0 0 0 0 0 0 0 0 0 12 24 0 0 0 0 0 0 0 0 0 0 0 0 0 0 0 0 0 0 0 0 0 0 0 0 0 0 0 0 0 0 0 0 0 0 0 0 0 0 0 0 0 0 0 0 0 0 0 0 0 0 0 0 0 0 0 0 0 0 0 0 0 0 0 0 0 0 0 0 0 0 0 0 0 0 0 0 0 0 0 0 0 0 0 0 0 0 0 0 0 0 0 0 0 0 0 0 0 0 0
0 0 0 0 0 0 1 4 0 0 0 0 0 0 0 0 0 0 0 0 0 0 0 0 0 0 0 0 0 0 0 0 0 0 0 0 0 0 0 0 0 0 0 0 0 0 0 0 0 0 0 0 0 0 0 0 0 0 0 0 0 0 0 0 0 0 0 0 0 0 0 0 0 0 0 0 0 0 0 0 0 0 0 0 0 0 0 0 0 0 0 0 0 0 0 0 0 0 0 0 0 0 0 0 0 0 0 0 0 0 0 0 0 0 0 0 0 0 0 0 0 0 0 0 0 0 0 0 0 0 0 0 0 0 0 0 0 0 0 0 0 0 0 0 0 0 0 0 0 0
0 0 0 0 0 0 0 0 0 0 0 0 0 0 0 0 0 0 0 0 0 0 0 0 0 0 0 0 0 0 0 0 0 0 0 0 0 0 0 0 0 0 0 0 0 0 0 0 0 0 0 0 0 4 0 0 0 0 0 0 0 0 0 0 0 0 0 0 0 0 0 0 0 0 0 0 0 0 0 0 0 0 0 0 0 0 0 0 0 0 0 0 0 0 0 0 0 0 0 0 0 0 0 0 0 0 0 0 0 0 0 0 0 0 0 0 0 0 0 0 0 0 0 0 0 0 0 0 0 0 0 0 0 0 0 0 0 0 0 0 0 0 0 0 0 0 0 0 0 0
0 0 0 0 0 0 0 0 0 0 0 0 0 0 0 0 0 0 0 0 0 0 0 0 0 0 0 0 0 0 0 0 0 0 0 2 0 0 0 0 0 0 0 0 0 0 0 0 0 0 0 0 1 0 0 0 0 0 0 0 0 0 0 0 0 0 0 0 0 0 0 0 0 0 0 0 0 0 0 0 0 0 0 0 0 0 0 0 0 0 0 0 0 0 0 0 0 0 0 0 0 0 0 0 0 0 0 0 0 0 0 0 0 0 0 0 0 0 0 0 0 0 0 0 0 0 0 0 0 0 0 0 0 0 0 0 0 0 0 0 0 0 0 0 0 0 0 0 0 0
0 0 0 0 0 0 0 0 0 0 0 0 0 0 0 0 0 0 0 0 0 0 0 0 0 0 0 0 0 0 0 0 0 0 0 0 0 0 0 0 0 0 0 0 0 0 0 0 0 0 0 0 0 0 0 0 0 0 0 0 0 0 0 0 0 0 0 0 0 0 0 0 0 0 0 0 0 0 0 0 0 0 0 0 0 0 0 0 0 0 0 0 0 0 0 0 0 0 0 0 0 0 0 0 0 0 0 0 0 0 0 0 0 0 0 0 0 0 0 0 0 0 0 0 0 0 0 0 0 0 0 0 0 0 0 0 0 0 0 0 0 0 0 0 0 0 0 0 0 0
0 0 0 0 0 0 0 0 0 0 0 0 0 0 0 0 0 0 0 0 0 0 0 0 0 0 0 0 0 0 0 0 1 0 0 0 0 0 0 0 0 0 0 0 0 0 0 0 0 0 0 0 1 0 0 0 0 0 0 0 0 0 0 0 0 0 0 0 0 0 0 0 0 0 0 0 0 0 0 0 0 0 0 0 0 0 0 0 0 0 0 0 0 0 0 0 0 0 0 0 0 0 0 0 0 0 0 0 0 0 0 0 0 0 0 0 0 0 0 0 0 0 0 0 0 0 0 0 0 0 0 0 0 0 0 0 0 0 0 0 0 0 0 0 0 0 0 0 0 0
0 0 0 0 0 0 0 0 0 0 0 0 0 0 0 0 0 0 0 0 0 0 0 0 0 0 0 0 0 0 0 0 0 0 1 0 0 0 0 0 0 0 0 0 0 0 0 0 0 0 0 0 0 1 0 0 0 0 0 0 0 0 0 0 0 0 0 0 0 0 0 0 0 0 0 0 0 0 0 0 0 0 0 0 0 0 0 0 0 0 0 0 0 0 0 0 0 0 0 0 0 0 0 0 0 0 0 0 0 0 0 0 0 0 0 0 0 0 0 0 0 0 0 0 0 0 0 0 0 0 0 0 0 0 0 0 0 0 0 0 0 0 0 0 0 0 0 0 0 0
0 0 0 0 0 0 0 0 0 0 0 0 0 0 0 0 0 0 0 0 0 0 0 0 0 0 0 0 0 0 0 8 2 0 0 0 0 0 0 0 0 0 0 0 0 0 0 0 0 0 0 0 0 0 0 0 0 0 0 0 0 0 0 0 0 0 0 0 0 0 0 0 0 0 0 0 0 0 0 0 0 0 0 0 0 0 0 0 0 0 0 0 0 0 0 0 0 0 0 0 0 0 0 0 0 0 0 0 0 0 0 0 0 0 0 0 0 0 0 0 0 0 0 0 0 0 0 0 0 0 0 0 0 0 0 0 0 0 0 0 0 0 0 0 0 0 0 0 0 0
0 0 0 0 0 0 0 0 0 0 0 0 0 0 0 0 0 0 0 0 0 0 0 0 0 0 0 0 0 0 3 8 0 0 0 0 0 0 0 0 0 0 0 0 0 0 0 0 0 0 0 0 0 0 0 0 0 0 0 0 0 0 0 0 0 0 0 0 0 0 0 0 0 0 0 0 0 0 0 0 0 0 0 0 0 0 0 0 0 0 0 0 0 0 0 0 0 0 0 0 0 0 0 0 0 0 0 0 0 0 0 0 0 0 0 0 0 0 0 0 0 0 0 0 0 0 0 0 0 0 0 0 0 0 0 0 0 0 0 0 0 0 0 0 0 0 0 0 0 0
0 0 0 0 0 0 0 0 0 0 0 0 0 0 0 0 0 0 0 0 0 0 0 0 0 0 0 0 0 3 0 0 0 0 0 0 0 0 0 0 0 0 0 0 0 0 0 0 0 0 0 0 0 0 0 0 0 0 0 0 0 0 0 0 0 0 0 0 0 0 0 0 0 0 0 0 0 0 0 0 0 0 0 0 0 0 0 0 0 0 0 0 0 0 0 0 0 0 0 0 0 0 0 0 0 0 0 0 0 0 0 0 0 0 0 0 0 0 0 0 0 0 0 0 0 0 0 0 0 0 0 0 0 0 0 0 0 0 0 0 0 0 0 0 0 0 0 0 0 0
0 0 0 0 0 0 0 0 0 0 0 0 0 0 0 0 0 0 0 0 0 0 0 0 0 0 0 0 0 53 12 0 0 0 0 0 0 0 0 0 0 0 0 0 0 0 0 0 0 0 0 0 0 0 0 0 0 0 0 0 0 0 0 0 0 0 0 0 0 0 0 0 0 0 0 0 0 0 0 0 0 0 0 0 0 0 0 0 0 0 0 0 0 0 0 0 0 0 0 0 0 0 0 0 0 0 0 0 0 0 0 0 0 0 0 0 0 0 0 0 0 0 0 0 0 0 0 0 0 0 0 0 0 0 0 0 0 0 0 0 0 0 0 0 0 0 0 0 0 0
0 0 0 0 0 0 0 0 0 0 0 0 0 0 0 0 0 0 0 0 0 0 0 0 0 0 5 0 0 0 0 0 0 0 0 0 0 0 0 0 0 0 0 0 0 0 0 0 0 43 0 0 0 0 0 0 0 0 0 0 0 0 0 0 0 0 0 0 0 0 0 0 0 0 0 0 0 0 0 0 0 0 0 0 0 0 0 0 0 0 0 0 0 0 0 0 0 0 0 0 0 0 0 0 0 0 0 0 0 0 0 0 0 0 0 0 0 0 0 0 0 0 0 0 0 0 0 0 0 0 0 0 0 0 0 0 0 0 0 0 0 0 0 0 0 0 0 0 0 0
0 0 0 0 0 0 0 0 0 0 0 0 0 0 0 0 0 0 0 0 0 0 0 0 0 0 6 0 0 0 0 0 0 0 0 0 0 0 0 0 0 0 0 0 0 0 0 0 1 0 0 0 0 0 0 0 0 0 0 0 0 0 0 0 0 0 0 0 0 0 0 0 0 0 0 0 0 0 0 0 0 0 0 0 0 0 0 0 0 0 0 0 0 0 0 0 0 0 0 0 0 0 0 0 0 0 0 0 0 0 0 0 0 0 0 0 0 0 0 0 0 0 0 0 0 0 0 0 0 0 0 0 0 0 0 0 0 0 0 0 0 0 0 0 0 0 0 0 0 0
0 0 0 0 0 0 0 0 0 0 0 0 0 0 0 0 0 0 0 0 0 0 0 0 0 0 0 0 1 0 0 0 0 0 0 0 0 0 0 0 0 0 0 0 0 0 0 0 0 0 0 0 0 0 0 0 0 0 0 0 0 0 0 0 0 0 0 0 0 0 0 0 0 0 0 0 0 0 0 0 0 0 0 0 0 0 0 0 0 0 0 0 0 0 0 0 0 0 0 0 0 0 0 0 0 0 0 0 0 0 0 0 0 0 0 0 0 0 0 0 0 0 0 0 0 0 0 0 0 0 0 0 0 0 0 0 0 0 0 0 0 0 0 0 0 0 0 0 0 0
0 0 0 0 0 0 0 0 0 0 0 0 0 0 0 0 0 0 0 0 0 0 0 0 0 0 0 0 0 0 0 0 0 0 0 0 0 0 0 0 0 0 0 0 0 0 0 0 0 0 0 0 0 0 0 0 0 0 0 0 0 0 0 0 0 0 0 0 0 0 0 0 0 0 0 0 0 0 0 0 0 0 0 0 0 0 0 0 0 0 0 0 0 0 0 0 0 0 0 0 0 0 0 0 0 0 0 0 0 0 0 0 0 0 0 0 0 0 0 0 0 0 0 0 0 0 0 0 0 0 0 0 0 0 0 0 0 0 0 0 0 0 0 0 0 0 0 0 0 0
0 0 0 0 0 0 0 0 0 0 0 0 0 0 0 0 0 0 0 0 0 0 0 0 0 0 0 0 0 0 0 0 0 0 0 0 0 0 0 0 0 0 0 0 0 0 0 0 0 0 0 0 0 0 0 0 0 0 0 0 0 0 0 0 0 0 0 0 0 0 0 0 0 0 0 0 0 0 0 0 0 0 0 0 0 0 0 0 0 0 0 0 0 0 0 0 0 0 0 0 0 0 0 0 0 0 0 0 0 0 0 0 0 0 0 0 0 0 0 0 0 0 0 0 0 0 0 0 0 0 0 0 0 0 0 0 0 0 0 0 0 0 0 0 0 0 0 0 0 0
0 0 0 0 0 0 0 0 0 0 0 0 0 0 0 0 0 0 0 0 0 0 0 0 0 0 0 0 0 0 0 0 0 0 0 0 0 0 0 0 0 0 0 0 0 0 0 0 0 0 0 0 0 0 0 0 0 0 0 0 0 0 0 0 0 0 0 0 0 0 0 0 0 0 0 0 0 0 0 0 0 0 0 0 0 0 0 0 0 0 0 0 0 0 0 0 0 0 0 0 0 0 0 0 0 0 0 0 0 0 0 0 0 0 0 0 0 0 0 0 0 0 0 0 0 0 0 0 0 0 0 0 0 0 0 0 0 0 0 0 0 0 0 0 0 0 0 0 0 0
0 0 1 0 0 0 0 0 0 0 0 0 0 0 0 0 0 0 0 0 0 0 0 0 0 0 0 0 0 0 0 0 0 0 0 0 0 0 0 0 0 0 0 0 0 0 0 0 0 0 0 0 0 0 0 0 0 0 0 0 0 0 0 0 0 0 0 0 0 0 0 0 0 0 0 0 0 0 0 0 0 0 0 0 0 0 0 0 0 0 0 0 0 0 0 0 0 0 0 0 0 0 0 0 0 0 0 0 0 0 0 0 0 0 0 0 0 0 0 0 0 0 0 0 0 0 0 0 0 0 0 0 0 0 0 0 0 0 0 0 0 0 0 0 0 0 0 0 0 0
1 0 0 0 0 0 0 0 0 0 0 0 0 0 0 0 0 0 0 0 0 0 0 0 0 0 0 0 0 0 0 0 0 0 0 0 0 0 0 0 0 0 0 0 0 0 0 0 0 0 0 0 0 0 0 0 0 0 0 0 0 0 0 0 0 0 0 0 0 0 0 0 0 0 0 0 0 0 0 0 0 0 0 0 0 0 0 0 0 0 0 0 0 0 0 0 0 0 0 0 0 0 0 0 0 0 0 0 0 0 0 0 0 0 0 0 0 0 0 0 0 0 0 0 0 0 0 0 0 0 0 0 0 0 0 0 0 0 0 0 0 0 0 0 0 0 0 0 0 0
