0 0 17 114 0 0 3 0 15 56 4 6 0 4 0 0 0 1 4 0 0 2 0 0 1 23 0 1 0 0 0 0 1 2 4 1 0 0 0 4 0 0 0 0 0 0 0 0 0 0 0 0 0 0 6 6 0 0 0 4 39 15 11 6 0 4 1 0 1 1 0 2 17 172 140 228 103 36 39 2 29 149 61 56 48 154 177 168 32 141 617 438 53 449 405 439 743 321 686 104 207 88 19 23 26 25 29 284 203 19 10 2 18 45 49 30 10 3 4 1 0 28 24 10 1 13 0 0 7 16 0 29 0 8 1 0 0 0 2 0 5 0 0 0 0 0 0 0 0 14
0 4 12 6 1 0 0 0 0 13 0 12 4 1 0 0 0 0 5 0 0 0 21 0 7 20 0 1 0 0 0 0 0 0 0 1 0 2 7 1 0 0 0 0 0 0 0 0 0 0 0 0 0 1 3 0 0 0 0 54 127 51 10 115 4 0 0 1 0 0 0 0 67 39 28 4 136 52 8 58 122 84 17 4 69 173 286 137 285 225 56 30 273 283 173 191 329 462 726 652 262 44 39 21 6 12 2 109 30 11 9 9 1 9 30 20 1 9 1 100 2 5 9 8 3 2 0 6 13 36 17 18 61 44 0 0 0 0 0 29 12 0 0 0 0 0 0 0 0 0
0 3 0 1 4 0 0 0 3 5 6 2 9 0 0 0 0 0 3 0 0 18 42 25 7 2 1 4 0 0 0 0 0 2 0 1 0 8 0 18 4 0 0 1 0 0 0 0 0 0 0 0 0 0 2 0 0 0 0 8 17 9 4 6 0 0 0 0 0 0 0 6 2 0 0 0 4 36 112 214 75 42 1 38 31 158 363 139 5 5 105 15 50 282 469 518 273 335 279 360 458 345 13 28 17 9 3 18 221 129 38 8 2 2 3 4 9 42 41 12 104 96 9 6 1 18 2 3 0 22 11 2 98 81 0 0 5 0 3 11 2 9 0 0 0 0 0 0 0 1
32 2 0 0 0 0 0 0 0 3 1 1 0 0 0 0 0 0 5 0 0 0 5 4 7 0 2 6 5 0 1 0 0 0 0 3 0 1 0 3 3 0 0 0 0 0 0 0 0 0 3 0 0 0 54 24 1 13 42 2 1 1 4 14 0 0 0 0 0 1 3 97 12 0 0 4 23 84 151 173 80 66 24 75 148 15 37 139 3 133 491 388 727 378 672 443 134 178 531 323 452 381 146 10 30 99 25 33 292 72 25 23 44 7 0 4 19 38 63 22 27 62 15 7 2 4 1 1 7 4 5 24 15 0 5 0 8 0 0 7 35 5 0 0 0 0 0 0 0 0
2 40 0 0 0 0 0 0 3 3 1 0 0 0 0 11 13 1 0 3 0 0 1 0 0 1 0 0 0 1 0 0 3 0 0 10 11 0 2 0 0 1 0 0 0 0 0 0 0 2 1 0 1 0 29 174 55 35 5 0 4 1 0 8 0 0 0 0 1 13 97 42 114 117 33 63 41 111 262 147 137 120 206 15 138 111 66 51 31 283 849 463 345 413 370 157 39 430 329 625 509 670 529 470 281 168 94 28 10 6 8 19 21 43 9 1 4 14 51 52 197 512 85 17 15 2 1 0 3 3 2 1 0 0 2 0 0 0 0 0 34 18 0 0 0 0 0 0 0 0
6 2 0 1 0 0 0 0 3 2 5 0 0 0 0 2 0 0 4 30 3 1 0 0 0 0 0 0 0 0 0 1 0 0 13 51 30 15 2 2 0 0 1 0 0 0 0 0 0 5 37 3 0 5 4 59 21 8 17 3 0 0 0 1 0 0 0 0 1 44 69 109 122 66 104 54 38 31 27 237 315 379 271 34 3 136 36 16 2 177 898 290 25 223 547 295 112 914 364 340 386 281 709 409 10 105 17 48 7 1 1 6 1 21 7 6 21 2 0 14 120 126 3 6 1 7 1 3 4 1 1 1 0 0 0 0 1 0 0 0 0 6 0 0 0 0 0 0 0 0
0 0 0 2 0 0 0 0 0 12 3 0 0 0 0 0 0 0 0 0 0 0 1 0 0 0 0 0 0 0 2 0 0 0 0 11 6 1 0 0 0 0 0 0 0 0 0 0 0 0 0 10 5 2 0 19 10 0 49 27 5 1 0 0 1 0 0 0 1 45 34 84 173 296 288 127 215 121 292 302 401 577 578 447 57 7 5 106 54 60 1017 596 52 329 564 302 337 525 505 45 20 446 96 101 14 40 72 7 13 7 41 133 145 26 65 22 1 1 15 26 74 128 6 0 1 5 5 2 0 0 2 0 6 0 0 0 0 1 1 0 0 0 0 0 11 0 0 0 0 0
0 0 0 2 0 0 0 0 0 0 0 0 0 0 0 0 0 0 0 0 0 0 0 0 0 0 0 0 0 0 7 0 0 0 5 8 0 1 6 5 0 0 0 0 0 0 0 0 0 0 0 0 3 8 3 8 0 21 57 50 82 48 40 1 8 43 0 0 0 79 4 2 31 35 76 26 58 146 475 552 601 323 481 146 154 147 118 337 228 57 321 59 32 338 295 265 180 738 695 167 123 355 351 612 114 142 20 43 84 26 280 316 112 59 14 45 1 2 1 19 16 11 7 10 7 3 6 1 3 0 0 0 0 0 0 0 0 0 0 0 0 0 0 0 0 0 0 0 0 0
1 0 0 0 0 0 0 0 1 1 0 0 0 1 1 0 0 0 0 0 0 0 0 0 0 0 0 0 0 0 1 0 0 0 0 0 0 0 0 0 0 0 0 0 0 0 0 0 0 1 0 0 1 10 0 0 0 17 3 34 212 154 8 5 6 25 4 8 0 33 0 0 0 2 2 11 11 42 55 478 558 489 481 38 10 14 337 199 219 33 2 21 228 609 1057 825 47 475 303 141 235 113 70 274 606 144 220 216 48 33 596 149 223 11 30 6 2 3 2 0 13 0 16 9 4 1 2 3 2 1 1 0 0 0 0 0 0 0 5 0 0 0 0 0 0 0 0 0 0 0
0 0 0 0 0 0 0 0 12 5 0 0 0 1 0 0 0 0 0 1 0 0 0 0 0 0 0 0 0 0 0 1 0 0 0 0 0 2 0 0 0 0 0 0 0 0 0 0 4 0 2 0 16 11 0 0 0 1 1 18 44 116 23 11 3 2 0 0 0 6 0 0 0 0 0 10 8 42 158 405 583 423 395 248 705 725 301 115 170 180 46 3 6 473 723 827 489 117 86 11 44 136 23 11 85 317 244 201 68 11 304 468 170 35 5 220 378 471 115 65 35 8 10 34 40 23 12 0 6 12 60 5 0 0 1 0 0 0 0 0 0 0 0 0 0 0 0 0 0 0
0 1 7 0 0 0 2 0 2 0 3 1 0 0 0 5 1 0 0 0 0 0 0 0 0 0 0 0 0 0 0 1 0 0 0 2 0 0 2 0 0 5 0 1 0 0 1 19 18 18 6 3 4 1 0 0 0 11 13 11 1 101 4 7 0 0 0 0 0 15 0 0 0 0 0 0 13 33 87 182 235 224 383 197 262 339 215 272 407 337 24 0 1 137 306 567 516 29 36 77 27 9 4 14 138 290 476 269 118 125 365 100 129 32 3 122 319 652 353 213 292 151 213 117 76 359 84 49 66 31 1 71 8 19 14 0 0 0 0 0 0 0 0 0 0 0 0 0 0 0
0 0 2 0 0 0 0 0 2 0 0 0 0 0 0 0 4 6 0 0 0 0 0 0 0 0 0 0 0 0 0 0 0 3 4 0 0 0 0 3 6 9 5 6 5 2 2 0 0 0 0 0 6 2 4 1 0 2 1 5 0 1 0 4 1 8 1 2 1 0 2 1 0 0 0 0 29 12 95 256 362 119 74 26 94 103 11 23 103 544 23 0 0 1 9 92 695 347 234 28 0 5 4 53 25 69 308 157 28 48 157 164 44 137 36 218 447 185 417 648 196 248 144 114 154 149 0 0 2 43 5 0 57 37 31 0 0 0 0 0 0 0 0 0 0 0 0 0 2 0
0 0 0 0 0 1 1 2 0 3 0 0 0 0 0 0 0 7 0 7 2 2 0 2 0 0 0 0 0 0 0 0 0 0 0 0 0 0 0 0 0 3 42 3 10 0 1 7 0 0 0 0 7 0 1 0 0 0 1 0 4 3 9 0 0 6 2 2 0 7 15 0 0 0 8 40 138 30 125 44 142 255 52 0 25 7 2 0 2 0 0 0 0 39 50 21 552 334 575 351 16 17 66 21 23 9 74 178 363 260 571 396 70 813 223 110 20 90 731 703 117 139 149 5 35 115 0 1 36 20 0 0 26 10 0 0 0 0 0 0 0 0 0 0 0 0 0 0 0 0
0 0 0 0 0 0 1 2 0 1 0 0 0 0 0 0 0 0 60 14 1 1 0 0 0 0 0 0 0 1 4 0 0 0 0 0 0 0 0 0 0 2 2 59 20 0 0 0 2 1 0 18 0 0 0 0 0 0 1 0 7 5 0 0 0 2 20 25 7 26 77 0 0 0 4 385 520 322 143 29 89 384 72 19 9 132 6 2 1 22 0 0 0 26 7 20 57 340 142 225 1 23 260 112 517 53 126 311 145 417 658 685 450 220 214 237 176 172 691 278 106 102 1 5 0 21 14 0 17 1 0 0 0 2 0 0 0 0 0 0 0 0 0 0 0 0 0 0 0 0
0 0 0 0 0 0 0 3 4 0 1 0 0 0 0 0 0 0 0 7 4 0 0 0 2 0 0 0 0 0 8 0 0 0 0 0 0 0 0 0 0 0 0 3 23 1 0 0 0 12 1 20 1 0 1 0 2 3 8 23 61 33 9 19 7 122 82 99 184 130 30 1 2 1 37 417 776 854 287 84 0 93 24 3 5 18 13 8 0 35 6 13 3 0 0 4 75 295 249 156 20 27 311 429 916 665 937 562 492 373 422 402 259 473 356 171 96 83 49 64 127 69 25 11 1 29 38 6 6 24 1 0 0 0 0 0 0 0 0 0 0 0 0 0 0 0 0 0 0 0
0 0 0 0 0 0 0 17 109 2 0 0 0 0 0 0 0 0 0 2 0 9 8 7 0 0 0 0 0 2 0 0 0 0 0 0 0 0 0 0 0 0 0 0 0 15 1 0 0 39 47 83 1 3 0 5 32 47 3 67 17 13 8 38 21 44 242 64 59 142 147 47 117 95 494 568 918 591 194 38 0 1 1 0 0 0 60 145 2 50 0 6 0 1 4 93 65 13 25 17 12 0 738 383 406 495 529 250 383 490 700 439 383 231 203 86 27 193 153 171 9 3 101 323 38 65 7 0 5 3 0 0 0 0 15 0 0 0 0 0 0 0 0 0 0 0 0 0 0 0
0 0 0 0 0 0 0 5 0 0 0 0 2 0 0 0 12 0 1 0 1 0 11 34 22 4 0 0 0 0 0 0 0 0 0 0 0 0 0 0 0 0 0 0 0 11 3 21 1 11 24 2 3 9 6 42 52 143 37 20 2 5 0 0 0 1 0 0 0 0 2 0 45 53 229 270 507 176 89 0 0 0 1 0 0 0 0 41 62 6 1 0 4 3 1 35 35 0 1 101 15 155 487 576 362 113 265 130 290 443 394 259 353 170 170 88 47 72 131 9 0 2 23 26 24 210 3 10 2 0 0 0 0 0 0 0 0 0 0 0 0 0 0 0 0 0 0 0 0 0
0 0 0 0 0 0 0 2 0 0 0 0 1 0 0 1 0 9 4 3 1 2 0 4 6 2 4 16 0 0 0 0 0 0 0 0 2 0 0 0 0 0 0 0 2 32 63 5 1 28 27 28 8 64 21 16 64 43 266 7 4 1 0 0 0 11 28 67 1 29 46 4 83 13 73 66 25 113 23 4 1 0 4 2 0 0 0 2 60 1 0 24 65 45 3 0 5 0 22 335 137 86 96 82 81 278 154 114 301 210 68 108 46 93 71 14 52 89 15 2 0 0 4 5 164 378 154 27 2 2 0 0 0 0 0 0 0 0 0 0 0 0 0 0 0 0 0 0 0 0
0 0 0 2 1 5 0 0 0 0 0 0 1 1 0 1 0 0 0 2 6 2 3 0 4 0 50 36 8 0 0 0 0 0 1 10 2 0 0 0 0 0 1 8 9 10 4 1 26 306 56 14 14 33 7 45 112 54 44 45 34 15 23 0 0 0 3 5 2 12 12 15 28 5 3 82 72 17 65 8 16 0 7 19 0 7 19 27 4 1 1 62 69 167 14 1 0 22 258 17 95 166 49 10 59 88 141 203 288 4 8 56 0 296 24 0 2 0 0 0 0 0 2 2 34 181 148 256 13 0 0 0 0 0 0 0 0 0 0 0 0 0 0 0 0 0 0 0 0 0
0 0 0 0 0 1 0 0 0 0 0 0 0 1 0 0 0 0 0 0 1 6 43 1 1 3 2 15 125 1 0 2 3 0 2 0 0 0 0 0 0 1 1 40 6 76 78 23 2 88 32 4 2 4 50 5 18 109 2 0 0 2 0 0 1 7 0 3 6 15 52 22 9 0 1 34 9 0 1 0 1 0 9 0 0 16 10 5 17 6 2 31 12 2 1 18 0 10 11 3 474 568 503 145 71 141 126 288 136 0 1 3 0 99 11 0 0 0 0 0 0 0 0 1 15 2 9 88 4 0 0 0 0 0 0 0 0 0 0 0 0 0 0 0 0 0 0 0 0 0
0 0 0 0 2 0 0 0 0 0 0 0 0 0 0 1 0 1 4 0 1 6 10 2 0 27 5 2 0 3 1 15 7 0 0 0 0 0 0 1 8 1 12 14 7 9 14 24 64 154 231 62 16 68 8 5 10 3 2 0 1 1 21 12 94 71 0 1 2 9 59 24 2 0 28 88 186 82 4 38 8 19 4 1 2 0 7 4 61 11 1 0 0 0 1 0 0 2 227 256 747 615 301 93 4 22 85 85 2 0 0 0 0 78 0 0 0 0 0 0 0 0 5 4 0 0 40 238 0 0 0 0 0 0 0 0 0 0 0 0 0 0 0 0 0 0 0 0 0 0
0 0 0 0 0 0 0 0 0 0 0 0 0 2 0 0 4 0 0 1 1 3 16 0 1 3 1 0 0 0 13 46 8 0 0 0 0 9 0 0 32 7 0 0 0 0 3 6 192 541 213 186 13 0 0 4 0 1 0 0 1 2 0 0 7 7 26 2 4 37 16 20 8 0 0 14 92 63 38 54 8 33 6 29 12 2 1 4 170 57 5 2 1 8 2 9 4 0 48 220 160 63 34 3 36 10 110 58 7 0 0 0 5 64 0 0 0 0 0 0 0 0 0 0 0 47 27 1 0 5 2 0 0 0 0 0 0 0 0 0 0 0 0 0 0 0 0 0 0 0
0 0 0 0 0 0 0 0 0 0 0 0 0 0 2 1 0 1 0 0 0 0 13 0 1 0 0 0 0 0 0 0 22 3 0 0 11 85 7 7 1 0 0 0 0 0 8 8 32 272 207 165 6 0 0 1 0 2 14 2 0 0 0 0 6 3 32 2 0 6 17 38 19 1 0 1 7 2 20 12 1 16 14 0 4 4 5 0 0 0 0 3 1 0 0 3 7 0 0 1 6 0 11 71 35 33 66 34 67 103 60 11 24 0 0 0 0 0 0 0 0 0 0 9 30 41 77 1 0 0 4 0 0 0 0 0 0 0 0 0 0 0 0 0 0 0 0 0 0 0
0 0 0 0 0 0 0 0 0 0 0 0 0 0 0 0 3 2 3 4 4 3 0 1 1 1 0 0 0 1 1 3 5 7 1 5 4 16 9 0 0 0 0 0 2 62 19 46 6 105 108 29 2 4 2 0 9 23 12 0 0 0 0 0 0 0 1 0 0 0 0 3 143 58 14 16 0 0 0 2 0 1 81 91 3 0 2 0 0 0 0 0 1 0 0 0 0 0 2 2 4 0 4 56 48 12 20 1 3 27 0 72 20 0 0 0 0 0 0 0 1 0 2 14 6 22 22 96 0 0 0 0 0 0 0 0 0 0 0 0 0 0 0 0 0 0 0 0 0 1
0 0 0 0 0 0 0 0 0 0 0 0 0 0 0 0 0 0 0 0 0 0 0 1 0 0 0 0 0 0 0 0 0 3 18 0 0 61 0 0 0 0 0 17 17 22 55 4 2 16 55 42 17 9 21 3 1 2 0 1 0 0 0 0 1 0 0 9 10 8 0 0 5 8 27 7 0 0 0 0 0 0 8 44 13 6 1 0 0 6 1 2 0 3 3 0 2 2 0 2 11 5 1 22 325 0 0 3 0 0 0 4 2 0 0 1 0 0 1 0 0 0 0 0 0 19 57 14 0 0 0 0 0 0 0 0 0 0 0 0 0 0 0 0 0 0 0 0 0 0
0 0 0 0 0 0 0 0 0 0 0 0 0 1 16 0 1 0 4 0 0 0 0 6 0 0 1 0 0 0 0 0 10 16 27 0 0 16 1 0 1 0 0 5 84 10 0 2 7 1 45 8 0 0 0 0 0 0 0 0 8 0 0 0 23 1 0 4 5 0 2 17 1 3 0 6 5 0 0 0 0 1 0 4 49 16 2 6 2 9 0 0 1 1 5 4 0 0 2 2 6 8 9 63 159 146 0 3 0 0 0 0 4 6 9 3 0 0 0 0 1 0 0 0 0 123 6 23 0 0 0 0 0 0 0 0 6 21 0 0 0 0 0 0 0 0 0 0 0 0
0 0 0 0 0 0 0 0 0 0 0 0 0 1 6 0 1 8 0 0 0 3 3 3 0 0 0 13 1 0 0 2 1 5 11 2 0 2 1 1 1 0 0 18 50 4 3 1 0 1 29 7 1 1 0 0 0 2 0 0 0 0 0 0 4 0 0 3 1 1 3 7 0 1 1 9 9 2 0 0 0 0 25 1 3 7 12 12 4 0 9 0 0 0 0 1 0 0 0 2 5 13 3 0 33 272 32 8 0 0 0 0 0 3 18 19 0 0 2 0 0 0 0 0 5 168 16 10 0 0 0 0 0 0 0 0 2 13 0 0 0 0 0 0 0 0 0 0 0 0
0 0 0 0 0 0 0 0 1 0 0 1 0 0 0 6 5 20 3 0 2 16 6 1 0 0 0 0 0 3 4 1 0 10 7 0 0 18 7 19 45 36 18 92 148 3 4 1 4 4 0 11 20 4 1 0 0 0 0 0 0 0 0 0 1 0 0 0 10 24 47 25 4 6 0 1 1 13 0 0 0 0 0 0 0 0 1 52 18 2 1 0 1 1 0 0 0 0 0 0 0 8 6 10 8 723 499 27 1 0 0 0 0 1 0 0 6 75 21 1 0 0 0 29 83 48 56 174 117 6 0 0 0 0 2 0 1 1 0 0 0 0 0 0 0 0 0 0 0 0
0 0 0 0 0 0 0 1 0 7 1 1 4 4 4 5 18 44 1 4 0 2 0 2 0 0 0 3 9 3 1 4 5 1 2 12 5 10 62 107 340 370 376 202 53 7 0 0 1 2 0 0 13 6 4 0 0 0 0 0 0 0 0 0 0 0 0 0 0 1 5 14 10 2 1 9 0 40 0 0 0 0 3 0 5 0 0 0 11 4 5 0 0 0 9 21 2 0 0 0 3 15 6 17 319 355 154 405 9 0 0 0 0 0 0 1 190 52 19 0 0 0 14 61 95 142 704 453 13 18 0 0 0 10 0 3 0 0 0 0 0 0 0 0 0 0 0 0 0 0
0 0 0 0 0 0 0 3 2 3 4 55 23 0 0 1 3 8 0 0 1 4 3 14 3 0 1 0 0 3 0 0 2 1 25 21 2 4 53 153 405 468 342 411 22 2 0 2 8 0 2 1 39 52 5 14 0 0 0 0 0 0 0 0 0 0 0 0 0 0 1 3 1 0 0 0 0 13 4 0 0 0 3 2 12 0 0 0 4 3 0 1 1 27 1 11 0 1 0 2 0 0 9 6 8 53 3 80 12 0 0 0 2 0 61 62 344 287 23 26 12 5 1 89 125 27 254 377 300 210 23 26 11 94 5 0 0 0 0 0 0 0 0 0 0 0 0 0 0 0
0 0 0 0 0 0 0 1 5 0 7 3 1 0 0 7 0 1 5 7 0 2 79 22 0 0 0 0 0 0 3 5 0 1 2 9 6 23 26 51 454 231 192 148 31 8 8 4 4 0 0 1 10 8 0 2 1 0 0 0 0 0 0 0 0 0 0 0 0 0 2 5 0 1 0 1 0 7 1 0 7 10 10 1 13 0 0 1 13 17 2 0 0 6 0 0 2 1 1 0 0 0 0 4 1 6 0 3 29 4 1 1 5 0 38 572 307 280 158 106 124 36 51 2 0 15 19 124 1 48 6 140 302 57 10 0 0 0 0 0 0 0 0 0 0 0 0 0 0 0
0 0 0 0 0 0 1 1 0 1 2 4 2 1 0 1 0 0 7 13 151 106 3 1 0 0 0 2 3 18 0 1 9 22 3 5 0 1 0 74 312 212 292 109 80 18 10 0 2 4 1 1 6 9 0 2 3 0 0 0 0 0 0 0 0 0 0 0 0 0 0 0 0 0 0 0 0 3 7 0 7 20 14 104 34 0 0 0 0 0 0 0 6 1 1 1 9 0 1 0 1 1 0 0 4 6 4 14 153 151 308 400 91 119 335 524 302 154 44 348 46 177 2 2 32 36 53 99 0 0 36 101 159 68 60 2 0 0 0 0 0 0 0 0 0 0 0 0 0 0
0 0 0 0 0 0 0 2 1 1 1 18 4 6 0 2 0 0 3 29 66 0 0 0 0 0 0 1 0 13 25 17 3 5 0 5 1 1 4 14 44 90 32 8 3 0 1 0 3 2 1 4 61 10 0 0 4 3 0 0 0 0 0 0 0 0 0 0 0 0 0 0 0 0 0 2 0 16 9 0 1 12 9 3 0 0 0 0 0 0 3 0 0 7 1 1 4 0 0 0 3 0 0 0 0 6 14 17 127 66 117 109 30 254 848 361 260 203 65 357 69 8 0 11 1 10 40 0 0 0 24 180 0 0 1 0 0 0 0 0 0 0 0 0 0 0 0 0 0 0
0 0 1 0 0 18 3 41 3 1 0 2 0 7 11 3 1 8 18 10 19 0 0 0 0 0 0 0 2 3 66 5 9 2 17 1 6 0 5 0 7 16 0 2 1 3 0 0 0 1 0 6 189 11 9 16 23 1 1 0 0 0 0 0 0 0 0 0 0 0 0 0 0 0 0 0 4 2 9 1 0 0 0 0 0 0 0 0 1 0 1 1 0 9 8 0 4 0 0 0 5 0 0 1 0 0 2 57 45 11 0 32 83 178 204 304 105 183 78 122 275 0 0 0 0 0 0 0 0 0 1 63 7 0 0 0 0 0 0 0 0 0 0 0 0 0 0 0 0 0
0 0 0 0 0 0 7 2 0 1 0 0 0 9 9 2 25 29 17 1 1 5 6 0 0 0 0 8 15 4 22 35 8 0 0 4 2 4 2 0 6 27 4 1 0 0 0 0 0 0 6 20 135 36 2 11 2 0 1 0 0 0 0 0 0 0 0 0 0 0 0 0 0 0 0 0 20 6 7 0 0 0 0 0 0 0 0 0 4 4 5 2 12 28 6 3 3 1 0 5 2 0 0 0 0 0 8 67 446 6 0 0 1 0 0 0 3 39 316 530 49 0 0 0 0 0 4 0 0 0 0 0 33 0 0 0 0 0 0 0 0 0 0 0 0 0 0 0 0 0
1 1 0 0 1 0 17 31 1 3 5 6 2 1 3 80 23 16 2 1 0 0 7 3 0 0 2 8 1 5 12 8 8 2 2 0 0 0 0 1 17 5 0 3 14 0 0 0 0 0 0 25 12 25 12 1 1 0 0 0 0 0 0 0 0 0 0 0 0 0 0 0 0 0 0 0 6 31 8 0 0 0 2 0 0 0 0 0 16 0 3 0 1 24 0 0 0 2 5 1 0 0 6 2 0 6 65 23 183 0 0 0 0 0 5 1 0 2 84 238 253 164 0 0 5 37 0 0 0 37 72 20 53 5 0 0 0 0 0 0 0 0 0 0 0 0 0 0 0 0
0 2 0 0 0 0 0 0 0 3 5 4 2 3 26 26 33 9 4 0 0 0 4 2 2 8 3 0 0 1 1 0 0 2 6 1 0 0 0 1 0 19 14 1 0 1 1 1 0 0 3 25 31 19 86 9 5 0 0 0 0 0 0 0 0 0 0 0 0 0 0 0 0 0 0 0 1 25 73 1 0 6 0 0 0 0 0 40 8 1 0 2 1 2 0 9 0 1 2 3 37 10 7 3 2 8 39 5 70 2 0 0 0 10 41 50 149 381 58 189 458 102 0 3 226 35 0 0 0 75 129 0 0 0 0 0 0 0 0 0 0 0 0 0 0 0 0 0 0 0
0 3 5 0 0 0 4 0 1 1 8 70 7 2 0 0 0 3 2 0 0 0 0 5 9 5 1 0 26 0 0 0 0 0 0 0 0 0 1 2 1 16 27 5 3 2 12 0 0 0 0 38 23 4 0 1 0 0 4 0 0 0 0 0 0 0 0 0 0 0 0 0 0 0 0 0 0 11 32 4 0 0 0 0 0 0 1 9 0 0 0 0 0 7 0 0 0 0 4 1 0 2 3 0 9 0 7 24 29 14 0 0 0 0 112 446 556 474 49 32 60 124 125 323 124 1 0 1 13 250 93 0 0 0 0 0 0 0 0 0 0 0 0 0 0 0 0 0 0 0
0 0 3 0 0 0 2 4 0 0 7 21 2 0 0 0 1 0 1 3 0 0 0 2 0 1 2 4 1 0 0 0 0 0 0 0 0 1 4 0 0 2 0 1 4 1 0 1 0 0 3 45 1 8 2 0 0 0 2 3 0 0 0 0 0 0 0 0 0 0 0 0 0 0 0 0 0 11 83 37 11 18 28 1 0 0 5 0 1 0 0 0 1 9 3 0 2 0 0 7 3 0 3 4 4 2 3 1 36 0 0 10 19 14 33 14 5 57 462 170 29 217 486 461 385 151 56 120 381 878 375 13 0 0 0 0 0 0 0 0 0 0 0 0 0 0 0 0 0 0
0 0 1 0 0 0 0 4 0 8 22 10 1 3 7 0 0 1 0 0 0 0 0 0 0 7 27 1 0 0 4 0 2 0 1 0 0 0 1 35 1 2 1 0 1 1 6 4 0 1 6 245 26 5 0 5 1 2 0 2 0 0 0 0 0 0 0 0 0 0 0 0 0 0 0 0 5 13 50 0 0 45 14 0 0 0 0 0 2 5 0 7 1 20 6 11 10 1 0 0 2 0 2 6 16 6 3 1 127 19 2 5 19 4 1 3 29 182 169 320 354 573 688 529 894 711 381 381 604 503 345 0 0 0 0 0 0 0 0 0 0 0 0 0 0 0 0 0 0 0
0 0 0 0 1 1 0 0 12 10 1 5 0 4 2 60 1 2 0 0 0 0 1 0 3 4 6 1 1 0 4 0 4 0 3 1 1 4 2 0 0 0 1 0 0 0 0 0 3 34 422 374 9 79 10 4 3 0 4 2 0 0 0 0 0 0 0 0 0 0 0 0 0 0 0 1 1 0 2 1 0 3 0 0 0 0 0 0 7 2 0 0 15 0 0 0 0 0 1 1 21 1 4 3 31 15 31 25 1 6 1 3 10 6 12 8 5 20 368 1051 951 600 232 818 1400 664 113 450 271 11 84 15 0 0 0 0 0 0 0 0 0 0 0 0 0 0 0 0 0 0
0 4 0 5 0 1 1 1 18 0 2 1 8 1 1 0 1 5 0 0 0 0 0 0 6 4 0 1 0 0 0 25 11 1 0 1 1 0 0 2 0 0 0 0 0 1 1 0 2 51 350 453 478 430 27 24 1 4 8 8 0 0 0 0 0 0 0 0 0 0 0 0 0 0 0 0 0 0 0 12 0 0 0 0 0 0 0 11 63 1 0 5 6 0 0 0 0 0 0 6 6 0 11 5 14 88 381 20 4 0 1 1 0 4 0 7 14 13 135 468 374 376 277 2087 1150 466 92 157 7 296 661 340 0 0 0 0 0 0 0 0 0 0 0 0 0 0 0 0 0 0
4 0 2 5 0 1 11 6 4 4 8 31 3 2 1 0 0 0 0 0 0 0 0 0 1 0 1 0 0 0 0 9 1 2 0 1 3 2 0 0 0 0 0 1 0 0 0 0 0 2 165 197 430 209 49 28 2 0 1 1 0 0 0 0 0 0 0 0 0 0 0 0 0 0 0 0 0 0 0 15 2 2 2 0 0 0 0 14 49 1 6 19 95 0 0 0 0 0 0 1 4 19 12 27 15 56 5 18 4 0 0 0 0 3 5 4 2 4 17 39 284 211 336 523 868 486 304 262 274 476 162 157 0 0 0 0 0 0 0 0 0 0 0 0 0 0 0 0 0 0
3 9 1 5 1 1 6 10 2 0 1 5 4 0 0 0 0 0 0 0 0 0 1 0 1 0 0 0 0 0 1 0 0 0 0 0 0 1 0 0 0 0 0 0 0 4 2 0 0 1 26 143 172 18 9 17 2 0 3 0 1 0 0 0 0 0 0 0 0 0 0 0 0 0 0 0 0 0 0 0 3 1 0 0 0 0 25 53 16 0 6 130 126 13 3 0 0 0 0 9 24 1 26 159 26 0 2 6 14 2 0 0 2 3 3 0 15 9 34 20 214 775 779 314 210 391 413 714 121 99 48 82 0 0 0 0 0 0 0 0 0 0 0 0 0 0 0 0 0 0
0 3 7 0 2 1 17 46 11 2 2 2 0 0 0 0 0 0 1 0 0 0 1 1 2 0 0 0 1 0 0 0 0 0 0 0 0 0 0 1 0 0 0 0 0 2 0 0 6 4 0 9 69 6 6 1 0 42 70 104 0 0 0 0 0 0 0 0 0 0 0 0 0 0 0 0 0 0 0 0 0 1 15 10 6 17 7 0 13 30 81 109 108 8 0 2 0 1 51 27 35 202 311 298 279 20 13 1 5 1 0 0 2 0 3 1 12 32 22 327 310 615 1541 925 523 165 863 1066 599 0 0 3 0 0 0 0 0 0 0 0 0 0 0 0 0 0 0 0 0 0
2 5 14 0 6 8 5 29 16 7 0 1 1 2 0 0 0 0 0 0 0 1 1 2 0 0 0 0 1 0 0 0 1 1 0 0 0 0 0 0 1 0 0 0 0 0 0 1 22 0 0 1 63 0 4 0 0 3 74 9 1 0 0 0 0 0 0 0 0 0 0 0 0 0 0 0 0 0 0 0 1 2 5 0 0 2 1 2 6 34 67 76 81 8 28 7 1 0 0 7 182 157 285 153 203 35 0 4 2 8 3 0 0 0 3 0 0 312 326 626 539 24 8 140 84 94 203 720 217 8 205 3 0 0 0 0 0 0 0 0 0 0 0 0 0 0 0 0 0 0
1 5 101 1 17 81 27 5 1 7 1 1 0 2 0 2 0 0 0 0 0 1 0 0 0 0 0 0 0 0 1 0 0 0 0 0 0 0 0 0 0 0 0 0 0 0 0 0 1 0 0 5 13 0 0 0 2 0 2 27 0 1 0 0 0 0 0 0 0 0 0 0 0 0 0 0 0 0 0 0 26 40 0 0 19 2 88 7 1 1 0 3 6 3 0 0 0 0 0 3 7 44 513 241 271 209 5 7 2 1 24 0 0 0 0 5 183 406 97 30 0 0 0 0 56 280 80 328 264 10 14 7 0 0 0 0 0 0 0 0 0 0 0 0 0 0 0 0 0 0
1 30 53 88 225 255 133 37 11 0 0 0 0 0 1 0 0 0 0 1 1 3 0 0 0 0 0 0 1 0 0 0 0 0 0 1 0 0 0 0 0 0 0 8 2 8 0 7 1 1 0 9 7 0 0 0 1 0 6 1 0 0 0 0 0 0 0 0 0 0 0 0 0 0 0 0 0 0 2 17 9 0 0 0 12 10 18 139 90 0 0 0 0 0 0 0 0 0 0 0 0 181 331 101 94 141 4 1 2 10 7 5 0 0 6 69 153 8 19 23 0 0 0 0 7 225 125 333 145 7 8 0 0 0 0 0 0 0 0 0 0 0 0 0 0 0 0 0 0 0
2 74 241 461 188 142 56 11 0 0 1 2 3 0 0 0 0 0 0 0 0 3 0 0 0 1 0 23 0 1 0 0 0 0 0 0 0 0 1 0 1 8 0 4 5 0 0 15 11 0 0 0 13 0 0 0 3 1 0 0 0 8 0 0 0 0 0 0 0 0 0 0 0 0 0 0 0 13 0 0 0 0 0 0 0 0 33 16 0 0 0 0 0 0 0 1 0 0 0 0 7 42 18 43 71 75 0 0 1 0 5 24 6 15 10 0 4 12 7 31 20 62 10 0 9 60 28 177 26 1 0 0 0 0 0 0 0 0 0 0 0 0 0 0 0 0 0 0 0 0
1 9 167 175 102 100 95 5 0 1 0 0 0 0 0 0 0 0 0 4 4 4 0 0 0 0 0 0 0 1 1 0 0 0 0 0 1 1 0 0 0 0 0 0 1 0 0 0 3 17 0 0 0 0 0 9 0 0 0 0 0 0 0 0 0 0 0 0 0 0 0 0 0 0 0 0 1 2 0 0 0 0 0 0 0 0 69 16 16 5 33 0 0 0 0 7 0 0 0 406 664 226 257 90 4 124 44 1 0 2 4 26 12 2 0 0 0 0 9 46 66 30 162 220 37 45 3 0 0 0 0 0 0 0 0 0 0 0 0 0 0 0 0 0 0 0 0 0 0 0
10 14 18 60 45 18 3 1 1 1 32 2 0 0 0 0 0 0 0 0 1 40 0 0 0 0 0 0 1 0 0 0 0 0 0 0 0 4 0 0 2 0 0 0 2 32 0 0 0 0 0 0 0 0 1 22 0 0 0 0 0 0 0 0 0 0 0 0 0 0 0 0 0 0 0 0 2 7 0 0 0 0 0 0 0 0 46 3 0 28 17 0 0 0 37 64 79 6 182 1208 376 461 126 30 1 15 36 71 0 1 37 0 1 0 0 0 0 0 45 22 104 26 14 42 15 21 33 7 58 17 3 0 0 0 0 0 0 0 0 0 0 0 0 0 0 0 0 0 0 0
24 10 4 7 1 0 1 1 0 0 0 0 0 0 0 0 0 0 0 1 0 6 3 1 0 0 0 0 0 1 0 0 1 3 4 0 0 0 0 0 0 0 0 1 2 9 5 10 0 0 0 1 0 4 42 8 10 0 0 0 0 0 0 0 0 0 0 0 0 0 0 0 0 0 14 14 1 0 0 0 0 0 0 0 0 0 11 3 0 1 90 12 11 9 92 316 104 8 93 129 8 5 18 4 1 0 0 125 403 71 1 0 0 0 0 0 0 1 1 4 51 0 1 1 27 77 43 48 199 127 22 0 0 0 0 0 0 0 0 0 0 0 0 0 0 1 0 0 0 0
13 1 7 0 0 0 3 0 0 0 0 0 0 0 0 0 0 0 0 0 0 1 2 0 0 0 0 1 0 0 2 31 1 0 1 0 0 0 0 0 0 0 0 0 0 1 0 0 0 0 0 0 0 2 9 0 0 0 0 0 0 0 0 0 0 0 0 0 0 0 0 0 0 0 9 7 0 0 0 0 0 0 0 0 0 0 39 51 157 42 76 13 16 11 4 53 6 4 0 0 9 1 2 0 0 1 127 246 207 37 0 2 5 0 0 0 0 4 0 0 1 16 3 16 3 77 74 144 37 89 27 0 0 0 0 0 0 0 0 0 0 0 0 0 0 0 0 0 0 0
4 0 0 2 0 0 0 0 0 0 0 0 0 0 0 0 0 2 0 1 2 0 0 0 0 0 0 0 6 0 0 0 0 0 0 0 0 0 0 0 0 0 0 0 0 1 0 0 0 0 0 8 1 38 2 1 2 0 0 0 0 0 0 0 0 0 0 0 0 0 0 2 2 1 2 0 0 0 0 0 0 0 0 0 0 0 0 0 90 9 0 0 0 1 1 38 2 0 3 0 0 13 0 22 2 178 479 306 49 76 0 0 0 0 0 0 0 0 18 7 0 45 0 6 5 7 32 25 6 15 1 10 0 0 0 0 0 0 0 0 0 0 0 0 0 0 0 0 0 0
1 0 0 1 0 0 0 0 0 0 0 0 0 0 0 0 0 0 0 0 0 0 0 1 0 0 0 0 0 2 0 0 0 0 0 0 0 0 0 0 0 0 0 0 0 0 0 0 0 0 12 2 1 40 4 0 0 0 0 0 0 0 0 0 0 0 0 0 0 0 0 3 5 0 0 0 0 0 0 0 0 0 0 0 0 0 0 1 0 0 0 0 7 9 2 0 0 0 15 1 4 2 2 0 34 93 112 8 49 172 0 0 0 0 0 0 0 0 3 6 0 1 0 39 53 14 164 20 27 13 1 0 0 0 0 0 0 0 0 0 0 0 0 0 0 0 0 0 0 0
0 0 0 0 1 21 0 0 0 0 0 0 0 0 0 0 0 0 0 2 0 0 0 0 0 0 0 0 0 0 0 0 0 0 0 0 0 0 0 0 0 0 1 0 0 1 0 0 0 0 3 0 3 2 3 0 3 0 0 0 0 0 0 0 0 0 0 1 2 5 1 0 0 0 0 0 0 0 0 0 0 0 0 0 0 0 0 0 1 1 0 40 106 4 0 0 0 0 0 3 3 15 10 14 84 21 0 3 2 8 3 0 0 0 0 0 0 0 0 0 1 7 2 14 0 0 0 195 2 2 1 0 0 0 0 0 0 0 0 0 0 0 0 0 0 0 0 0 0 0
0 0 0 0 38 55 0 0 0 0 0 0 0 0 6 0 0 0 0 0 0 0 0 0 0 0 1 0 11 0 4 1 0 0 0 0 0 0 0 1 0 0 0 3 2 2 0 0 0 1 2 0 0 7 1 4 2 0 0 1 0 0 0 0 0 0 2 0 1 3 0 0 3 0 0 0 0 0 0 0 0 0 0 0 0 0 0 1 26 29 94 280 110 28 0 1 0 0 0 30 37 382 290 58 5 13 4 0 0 5 8 0 0 0 0 0 0 0 0 0 0 0 0 0 0 2 34 18 0 0 0 0 0 0 0 0 0 0 0 0 0 0 0 0 0 0 0 0 0 0
0 0 0 0 2 1 0 0 0 0 0 0 0 1 0 0 0 0 0 0 0 0 0 0 0 0 7 0 2 10 0 0 0 0 0 1 0 0 0 0 0 0 0 0 2 5 0 0 0 0 1 0 0 7 1 0 1 0 0 0 0 0 0 0 0 0 0 0 7 2 0 0 0 0 0 0 0 0 0 0 0 0 0 0 0 0 0 1 7 65 227 94 99 27 4 4 4 3 0 56 80 90 85 25 0 0 2 0 1 0 4 0 0 0 0 0 0 0 0 0 0 30 46 0 0 3 6 1 0 0 0 0 0 0 0 0 0 0 0 0 0 0 0 0 0 0 0 0 0 0
0 0 0 0 0 1 1 0 0 0 0 0 11 11 1 0 0 1 0 0 0 0 0 0 0 5 3 0 3 14 0 0 0 0 0 4 0 0 0 0 0 0 0 0 4 10 3 0 0 1 1 0 0 7 2 0 0 0 0 0 0 0 0 0 0 0 2 10 95 0 0 0 0 0 0 0 0 0 0 0 0 0 0 0 4 14 37 1 0 56 0 3 14 2 44 1 0 0 12 22 67 0 0 3 0 0 0 0 0 21 28 51 0 0 0 0 0 0 0 0 0 0 0 0 0 17 0 0 0 0 0 0 0 0 0 0 0 0 0 0 0 0 0 0 0 0 0 0 0 0
0 0 0 0 0 0 1 0 1 0 0 0 0 0 1 2 2 3 0 0 0 0 0 0 0 0 0 0 0 0 0 0 0 0 0 0 0 0 0 0 0 0 2 0 0 1 2 2 0 0 0 1 0 4 4 5 1 1 0 0 0 0 0 0 0 0 3 11 3 0 0 0 0 0 0 0 0 0 0 0 0 0 0 0 15 0 0 0 2 11 10 1 4 0 6 6 4 24 22 10 25 9 10 0 1 0 2 25 45 84 89 302 21 18 0 0 0 0 0 0 0 0 0 0 0 0 0 0 0 0 0 0 0 0 0 0 0 0 0 0 0 0 0 0 0 0 0 0 0 0
0 0 0 1 0 1 0 0 0 0 0 1 0 0 0 3 1 0 0 0 0 0 0 0 0 0 0 1 0 1 0 0 0 0 0 0 0 0 0 0 0 0 0 0 0 0 0 6 4 1 0 0 0 1 1 36 74 1 3 0 0 0 0 0 0 7 48 48 3 0 0 2 0 0 0 0 0 0 0 0 0 0 0 9 16 0 1 3 8 5 5 8 3 0 2 9 68 22 48 1 1 0 14 8 1 0 13 3 34 89 187 33 43 4 2 0 0 0 0 0 0 0 0 0 0 0 0 0 0 0 0 0 0 0 0 0 0 0 0 0 0 0 0 0 0 0 0 0 0 0
0 0 0 0 1 1 0 0 0 0 0 1 0 0 0 0 0 0 0 0 0 0 0 1 1 0 0 0 0 0 4 0 0 0 0 0 0 0 0 0 0 0 0 0 0 0 2 1 34 3 0 0 0 0 4 0 5 4 33 9 5 7 1 3 8 5 0 0 0 1 0 0 0 0 0 0 0 0 0 0 0 0 0 0 0 0 0 2 1 5 3 0 0 0 15 157 2 0 0 0 0 0 0 0 19 48 253 685 405 59 20 0 1 4 0 0 0 0 0 0 0 0 0 0 0 0 0 0 0 0 0 0 0 0 0 0 0 0 0 0 0 0 0 0 0 0 0 0 0 0
0 0 2 1 2 24 0 5 0 0 2 0 0 0 0 0 0 0 0 0 0 0 0 0 0 0 0 0 1 0 1 0 0 0 0 0 0 0 5 0 1 1 0 0 0 3 25 3 0 1 2 0 4 2 5 2 0 0 0 5 0 0 0 1 0 0 0 1 0 7 3 2 0 0 0 0 0 0 0 0 0 0 0 0 0 0 0 1 0 2 6 14 1 0 74 12 3 0 0 0 0 4 1 63 26 46 142 338 156 168 84 143 59 2 0 0 0 0 0 0 0 0 0 0 0 0 0 0 0 0 0 0 0 0 0 0 0 0 0 0 0 0 0 0 0 0 0 0 0 0
0 1 1 0 24 32 0 0 0 0 0 0 0 1 0 0 0 0 0 0 0 0 0 0 0 0 0 0 0 0 0 0 0 0 0 0 0 0 2 1 0 1 3 0 1 0 5 1 2 0 3 0 2 0 5 0 0 5 5 0 0 0 0 0 0 0 1 0 1 0 0 0 1 0 0 0 0 0 0 0 0 0 0 0 0 1 0 0 0 0 0 1 9 49 4 26 212 0 0 0 0 0 0 36 94 234 0 1 11 32 0 9 6 0 0 0 0 0 0 0 0 0 0 0 0 0 0 0 0 0 0 0 0 0 0 0 0 0 0 0 0 0 0 0 0 0 0 0 0 0
0 0 0 0 0 0 0 0 3 0 1 0 0 1 0 0 0 0 1 1 0 0 0 0 0 0 0 0 0 0 0 0 0 0 0 0 0 0 0 0 0 1 0 2 0 0 1 1 6 7 0 0 0 2 0 0 0 0 5 4 0 2 0 0 0 0 0 0 0 0 2 2 3 0 0 0 0 0 0 0 0 0 0 0 0 0 0 0 0 0 0 10 44 17 15 97 274 0 0 0 0 0 0 2 11 0 0 0 0 0 20 63 0 0 0 0 0 0 0 0 0 0 0 0 0 0 0 0 0 0 0 0 0 0 0 0 0 0 0 0 0 0 2 28 0 0 0 0 0 0
0 0 1 0 0 0 0 0 1 26 0 0 2 0 1 1 0 0 0 0 0 0 0 0 0 0 0 0 0 0 0 0 0 0 0 0 0 0 0 0 0 2 0 0 0 0 0 0 0 0 3 2 4 6 0 0 0 0 2 1 0 1 0 0 0 0 0 0 0 0 4 2 1 0 0 0 0 0 0 0 0 0 0 0 0 0 0 0 21 1 5 27 177 114 46 0 1 0 0 0 0 0 2 0 0 0 0 0 0 40 138 2 0 0 0 0 0 0 0 0 0 0 0 0 0 0 0 0 0 0 0 0 0 0 0 0 0 0 0 0 0 0 0 0 0 0 0 0 0 0
0 0 0 0 1 1 0 0 0 0 0 0 0 2 1 0 0 0 0 0 0 0 0 0 0 0 0 0 0 0 0 0 0 0 0 0 0 0 0 0 0 0 0 0 0 0 0 0 0 0 2 5 17 0 0 0 0 0 0 1 1 0 0 0 0 0 0 0 0 0 0 1 0 0 0 0 0 0 0 0 0 0 0 0 0 0 0 0 0 1 10 36 336 0 0 6 1 0 0 0 0 0 1 2 2 0 0 0 6 3 31 1 0 0 0 0 0 0 0 0 0 0 0 0 0 0 0 0 0 0 0 0 0 0 0 0 0 0 0 0 0 0 0 0 0 0 0 0 0 0
0 0 0 0 0 0 0 0 0 0 0 0 2 1 0 1 0 0 0 0 0 0 0 0 1 0 0 0 0 0 0 0 0 0 0 0 1 0 0 0 0 0 0 0 0 0 0 0 0 0 2 5 1 0 0 0 1 0 0 7 3 0 0 0 0 0 0 0 0 0 1 45 1 0 0 0 0 0 0 0 0 0 0 0 0 0 0 0 0 6 20 13 2 6 8 1 0 0 0 0 0 0 0 0 0 0 0 0 0 0 0 0 0 0 0 0 0 0 0 0 0 0 0 0 0 0 0 0 0 0 0 0 0 0 0 0 0 0 0 0 0 0 0 0 0 0 0 0 0 0
0 0 0 0 0 0 0 0 0 0 0 0 0 0 0 0 0 0 0 0 0 2 2 24 0 0 0 0 0 0 0 0 0 0 0 2 3 0 0 0 0 0 0 0 0 0 0 0 0 0 0 10 3 0 1 0 0 18 0 0 1 12 7 0 0 0 0 0 0 0 0 0 1 0 3 0 0 0 0 0 0 0 0 0 0 0 0 0 0 2 3 26 16 9 8 0 0 0 0 0 0 0 0 0 0 0 0 0 0 0 0 0 0 0 0 0 0 0 0 0 0 0 0 0 0 0 0 0 0 0 0 0 0 0 0 0 0 0 0 0 0 0 0 0 0 0 0 0 0 0
0 0 0 0 0 0 0 0 1 0 0 0 0 0 0 0 0 0 0 0 0 1 1 1 3 0 1 0 2 0 0 0 0 0 0 0 0 3 0 0 0 0 0 0 0 0 0 0 0 0 0 17 17 2 1 1 0 0 0 0 1 25 41 0 0 0 0 0 0 0 0 0 0 0 8 0 0 0 0 0 0 0 0 0 0 0 0 0 0 0 1 5 0 16 34 11 0 0 0 0 0 0 0 0 0 0 0 0 0 0 0 0 0 0 0 0 0 0 0 0 0 0 0 0 0 0 0 0 0 0 0 0 0 0 0 0 0 0 0 0 0 0 0 0 0 0 0 0 0 0
0 0 0 0 0 0 0 0 0 0 0 0 3 0 0 0 0 0 0 0 0 0 0 0 1 0 0 0 0 1 0 0 0 0 0 0 0 0 0 0 0 0 0 0 0 0 0 0 0 1 2 30 73 6 22 3 0 0 0 0 0 7 0 0 0 0 0 0 0 0 0 0 0 0 0 0 0 0 0 0 0 0 0 0 0 0 0 0 0 0 0 2 23 10 6 5 0 0 0 0 0 0 0 0 0 0 0 0 0 0 0 0 0 0 0 0 0 0 0 0 0 0 0 0 0 0 0 0 0 0 0 0 0 0 0 0 0 0 0 0 0 0 0 0 0 0 0 0 0 0
0 0 0 0 0 0 0 0 0 0 0 0 11 3 0 0 0 1 0 0 0 2 0 0 0 1 1 0 0 0 0 0 0 0 0 0 0 0 0 0 3 0 0 0 0 0 0 0 0 2 13 7 74 0 22 0 0 0 0 0 0 3 7 0 0 0 0 0 0 0 0 0 0 0 0 0 0 0 0 0 0 0 0 0 0 0 0 0 1 0 0 0 7 6 9 2 4 1 0 4 0 0 0 0 0 0 0 0 0 0 0 0 0 0 0 0 0 0 0 0 0 0 0 0 0 0 0 0 0 0 0 0 0 0 0 0 0 0 0 0 0 0 0 0 0 0 0 0 0 0
0 0 0 0 0 0 0 0 2 0 0 0 0 1 1 0 0 0 4 0 0 0 0 1 1 0 0 0 0 0 0 0 0 0 0 0 0 0 0 0 1 0 0 0 0 0 0 2 0 2 0 3 4 0 0 0 0 0 0 2 11 3 0 0 0 0 0 0 0 0 0 0 0 0 0 0 0 0 0 0 0 0 0 0 0 0 0 0 0 0 0 0 0 0 0 4 4 0 2 0 0 0 0 0 0 0 0 0 0 0 0 0 0 0 0 0 0 0 0 0 0 0 0 0 0 0 0 0 0 0 0 0 0 0 0 0 0 0 0 0 0 0 0 0 0 2 0 0 0 0
0 0 2 0 0 0 0 0 0 0 1 0 0 0 0 0 0 2 0 0 0 2 0 1 2 1 0 0 0 0 0 0 1 1 15 1 0 0 0 0 0 0 0 0 0 0 3 75 0 0 0 0 0 0 0 0 0 0 0 1 3 0 0 0 0 0 0 0 0 0 0 0 0 0 0 0 0 0 0 0 0 0 0 0 0 0 0 0 0 0 0 0 0 0 0 10 4 9 0 0 0 0 0 0 0 0 0 0 0 0 0 0 0 0 0 0 0 0 0 0 0 0 0 0 0 0 0 0 0 0 0 0 0 0 0 0 0 0 0 0 0 0 0 0 1 3 0 0 0 0
1 0 0 0 0 0 0 0 0 0 0 1 0 0 0 0 1 0 0 0 2 1 0 0 0 0 0 0 0 0 0 0 0 1 0 1 0 0 0 0 0 0 0 0 1 0 3 0 0 0 0 0 0 0 0 0 0 0 0 0 0 0 0 0 0 0 0 0 0 0 0 6 0 0 0 0 0 0 0 0 0 0 0 0 0 0 0 0 0 0 0 0 0 0 1 1 3 4 0 0 3 0 0 0 0 0 0 0 0 0 0 0 0 0 0 0 0 0 0 0 0 0 0 0 0 0 0 0 0 0 0 0 0 0 0 0 0 0 0 0 0 0 0 0 0 0 0 0 0 0
0 0 0 0 0 0 0 0 0 0 0 3 0 0 0 0 1 0 0 0 0 0 0 0 0 0 0 0 0 0 0 0 0 0 0 0 0 0 0 0 0 0 0 0 0 0 0 0 0 0 0 0 0 0 0 0 0 0 0 0 0 0 0 0 0 0 0 0 0 0 8 4 0 0 0 0 0 0 0 0 0 0 0 0 0 0 0 0 0 0 0 0 0 0 12 0 0 0 0 0 0 1 0 0 0 0 0 0 0 0 0 0 0 0 0 0 0 0 0 0 0 0 0 0 0 0 0 0 0 0 0 0 0 0 0 0 0 0 0 0 0 0 0 0 0 0 0 0 0 0
0 0 0 0 0 0 0 0 0 1 5 0 4 0 0 1 0 0 0 0 0 0 0 0 0 0 0 0 0 0 0 0 0 0 0 0 0 0 0 0 0 0 0 0 1 0 0 0 0 0 0 0 0 0 0 0 0 0 0 1 0 0 0 0 0 0 0 0 0 0 1 1 0 0 0 0 0 0 0 0 0 0 0 0 0 0 0 0 0 0 0 0 0 0 0 0 8 0 0 0 0 0 0 0 0 0 0 0 0 0 0 0 0 0 0 0 0 0 0 0 0 0 0 0 0 0 0 0 0 0 0 0 0 0 0 0 0 0 0 0 0 0 0 0 0 0 0 0 0 0
0 0 0 0 0 0 0 0 0 0 0 0 5 0 1 1 3 1 0 0 0 0 0 0 0 0 0 0 0 0 0 0 0 0 0 0 1 0 0 0 0 0 0 3 0 0 0 0 0 0 0 0 0 0 0 0 0 0 0 5 2 0 0 0 0 0 0 0 42 0 0 0 0 0 0 0 0 0 0 0 0 0 0 0 0 0 0 0 0 0 0 0 0 0 0 0 1 2 3 3 0 0 0 0 0 0 0 0 0 0 0 0 0 0 0 0 0 0 0 0 0 0 0 0 0 0 0 0 0 0 0 0 0 0 0 0 0 0 0 0 0 0 0 0 0 0 0 0 0 0
0 0 0 0 0 1 0 0 0 0 0 0 0 0 0 0 0 4 2 0 0 0 0 0 0 0 0 0 0 0 0 0 0 0 0 0 1 3 0 4 0 0 1 0 0 0 0 0 0 0 0 0 0 0 0 0 0 0 0 0 8 3 1 0 0 0 0 2 59 29 0 0 0 0 0 0 0 0 0 0 0 0 0 0 0 0 0 0 0 0 0 0 0 0 0 0 0 0 0 0 0 0 0 0 0 0 0 0 0 0 0 0 0 0 0 0 0 0 0 0 0 0 0 0 0 0 0 0 0 0 0 0 0 0 0 0 0 0 0 0 0 0 0 0 0 0 0 0 0 0
0 0 0 0 0 0 0 0 0 1 0 2 55 18 0 0 25 0 3 3 0 1 0 7 3 1 0 0 0 0 1 1 0 0 7 2 4 2 3 0 0 0 10 0 0 0 0 0 0 0 0 0 0 0 0 0 0 0 0 0 0 0 0 1 113 24 8 0 0 0 0 0 0 0 0 0 0 0 0 0 0 0 0 0 0 0 0 0 0 0 0 0 0 0 0 0 0 0 0 0 0 0 0 0 0 0 0 0 0 0 0 0 0 0 0 0 0 0 0 0 0 0 0 0 0 0 0 0 0 0 0 0 0 0 0 0 0 0 0 0 0 0 0 0 0 0 0 0 0 0
2 32 4 0 0 0 0 0 0 0 0 0 2 0 0 0 1 0 1 6 4 98 37 6 1 0 0 0 0 5 0 0 0 2 0 3 14 1 0 0 0 0 0 0 0 0 0 0 0 0 0 0 0 0 0 0 0 0 0 0 0 0 0 0 3 1 0 0 0 0 0 0 0 0 0 0 0 0 0 0 0 0 0 0 0 0 0 0 0 0 0 0 0 0 0 0 0 0 0 0 0 0 0 0 0 0 0 0 0 0 0 0 0 0 0 0 0 0 0 0 0 0 0 0 0 0 0 0 0 0 0 0 0 0 0 0 0 0 0 0 0 0 0 0 0 0 0 0 0 0
12 12 4 0 0 2 0 0 0 0 0 0 0 0 0 2 3 3 0 8 2 139 49 0 3 6 0 0 0 12 4 0 0 0 0 0 0 0 2 0 7 4 0 0 0 0 0 0 0 0 0 0 0 0 0 0 0 0 0 0 0 0 0 0 0 0 0 0 0 0 0 0 0 0 0 0 0 0 0 0 0 0 0 0 0 0 0 0 0 4 0 0 0 0 0 0 0 0 0 0 0 0 0 0 0 0 0 0 0 0 0 0 0 0 0 0 0 0 0 0 0 0 0 0 0 0 0 0 0 0 0 0 0 0 0 0 0 0 0 0 0 0 0 0 0 0 0 0 0 0
0 0 0 0 1 0 0 0 0 0 0 0 2 0 0 0 0 3 0 1 0 0 7 2 2 6 6 0 2 0 0 0 0 0 0 2 0 0 0 0 0 0 0 0 0 0 0 0 0 0 0 0 0 0 0 0 0 0 0 0 0 0 0 0 0 0 0 0 0 0 0 0 0 0 0 0 0 0 0 0 0 0 0 0 0 0 0 0 0 0 0 0 0 0 0 0 0 0 0 0 0 0 0 0 0 0 0 0 0 0 0 0 0 0 0 0 0 0 0 0 0 0 0 0 0 0 0 0 0 0 0 0 0 0 0 0 0 0 0 0 0 0 0 0 0 0 0 0 0 0
0 0 0 0 0 0 0 0 0 0 0 0 0 0 0 0 0 0 0 1 0 0 0 3 0 4 8 7 17 1 4 0 0 4 4 0 0 0 0 0 0 0 0 0 0 0 0 0 0 0 0 0 0 0 0 0 0 0 0 0 0 0 0 0 0 0 0 0 0 0 0 0 0 0 0 0 0 0 0 0 0 0 0 0 0 0 0 0 0 0 0 0 0 0 0 0 0 0 0 0 1 0 0 0 0 0 0 0 0 0 0 0 0 0 0 0 0 0 0 0 0 0 0 0 0 0 0 0 0 0 0 0 0 0 0 0 0 0 0 0 0 0 0 0 0 0 0 0 0 0
0 0 0 0 0 0 0 0 0 0 0 0 0 0 0 0 1 0 0 0 0 0 0 0 0 0 0 1 147 37 0 3 1 28 0 0 0 0 0 0 0 0 0 0 0 0 0 0 0 0 0 0 0 0 0 0 0 0 0 0 0 0 0 0 0 0 0 0 0 0 0 0 0 0 0 0 0 0 0 0 0 0 0 0 0 0 0 0 0 0 0 0 0 0 0 0 0 0 0 0 0 0 0 0 0 0 0 0 0 0 0 0 0 0 0 0 0 0 0 0 0 0 0 0 0 0 0 0 0 0 0 0 0 0 0 0 0 0 0 0 0 0 0 0 0 0 0 0 0 0
0 0 0 0 0 0 0 0 0 0 0 0 0 0 0 0 0 0 0 1 0 0 0 0 0 1 1 3 0 1 4 0 1 3 0 0 7 0 0 0 0 0 0 0 0 0 0 0 0 0 0 0 0 0 0 0 0 0 0 0 0 0 0 0 0 0 0 0 0 0 0 0 0 0 0 0 0 0 0 0 0 0 0 0 0 0 0 0 0 0 0 0 0 0 0 0 0 0 0 0 0 0 0 0 0 0 0 0 0 0 0 0 0 0 0 0 0 0 0 0 0 0 0 0 0 0 0 0 0 0 0 0 0 0 0 0 0 0 0 0 0 0 0 0 0 0 0 0 0 0
0 0 0 0 0 0 0 1 0 0 0 0 0 0 0 0 0 0 0 0 0 0 0 0 3 5 3 0 0 0 9 1 1 0 0 4 0 1 0 0 0 0 0 0 0 0 0 0 0 0 0 0 0 0 0 0 0 0 0 0 0 0 0 0 0 0 0 0 0 0 0 0 0 0 0 0 0 0 0 0 0 0 0 0 0 0 0 0 0 0 0 0 0 0 0 0 0 0 0 0 0 0 0 0 0 0 0 0 0 0 0 0 0 0 0 0 0 0 0 0 0 0 0 0 0 0 0 0 0 0 0 0 0 0 0 0 0 0 0 0 0 0 0 0 0 0 0 0 0 0
0 0 0 0 0 0 0 1 0 0 0 1 3 1 0 0 0 0 0 0 0 0 0 0 0 0 0 0 0 0 0 0 4 0 0 0 0 0 0 0 0 0 0 0 0 0 0 0 0 0 0 0 0 0 0 0 0 0 0 0 0 0 0 0 0 0 0 0 0 0 0 0 0 0 0 0 0 0 0 0 0 0 0 0 0 0 0 0 0 0 0 0 0 0 0 0 0 0 0 0 0 0 0 0 0 0 0 0 0 0 0 0 0 0 0 0 0 0 0 0 0 0 0 0 0 0 0 0 0 0 0 0 0 0 0 0 0 0 0 0 0 0 0 0 0 0 0 0 0 0
1 0 0 0 0 0 0 0 0 0 0 0 0 0 0 0 0 0 0 0 0 0 0 0 0 0 0 6 1 1 6 0 0 0 0 0 0 0 0 0 0 0 0 0 0 0 0 0 0 0 0 0 0 0 0 0 0 0 0 0 0 0 0 0 0 0 0 0 0 0 0 0 0 0 0 0 0 0 0 0 0 0 0 0 0 0 0 0 0 0 0 0 0 0 0 0 0 0 0 0 0 0 0 0 0 0 0 0 0 0 0 0 0 0 0 0 0 0 0 0 0 0 0 0 0 0 0 0 0 0 0 0 0 0 0 0 0 0 0 0 0 0 0 0 0 0 0 0 0 0
0 0 0 0 0 0 0 0 0 0 0 0 0 0 0 0 0 0 0 0 0 0 0 0 0 0 0 3 0 0 0 0 1 1 0 0 0 0 0 0 0 0 0 0 0 0 0 0 0 0 0 0 0 0 0 0 0 0 0 0 0 0 0 0 0 0 0 0 0 0 0 0 0 0 0 0 0 0 0 0 0 0 0 0 0 0 0 0 0 0 0 0 0 0 0 0 0 0 0 0 0 0 0 0 0 0 0 0 0 0 0 0 0 0 0 0 0 0 0 0 0 0 0 0 0 0 0 0 0 0 0 0 0 0 0 0 0 0 0 0 0 0 0 0 0 0 0 0 0 0
0 0 0 0 0 0 0 0 0 0 4 0 0 1 0 0 0 0 0 0 0 0 0 0 0 0 0 0 0 0 0 0 0 0 0 0 0 0 0 0 0 0 0 0 0 0 0 0 0 0 0 0 0 0 0 0 0 0 0 0 0 0 0 0 0 0 0 0 0 0 0 0 0 0 0 0 0 0 0 0 0 0 0 0 0 0 0 0 0 0 0 0 0 0 0 0 0 0 0 0 0 0 0 0 0 0 0 0 0 0 0 0 0 0 0 0 0 0 0 0 0 0 0 0 0 0 0 0 0 0 0 0 0 0 0 0 0 0 0 0 0 0 0 0 0 0 0 0 0 0
0 0 0 0 0 0 0 0 0 1 2 0 0 0 0 0 0 0 0 0 0 0 0 0 0 0 0 0 0 0 0 0 0 0 0 0 0 0 0 0 0 0 0 0 0 0 0 0 0 0 0 0 0 0 0 0 0 0 0 0 0 0 0 0 0 0 0 0 0 0 0 0 0 0 0 0 0 0 0 0 0 0 0 0 0 0 0 0 0 0 0 0 0 0 0 0 0 0 0 0 0 0 0 0 0 0 0 0 0 0 0 0 0 0 0 0 0 0 0 0 0 0 0 0 0 0 0 0 0 0 0 0 0 0 0 0 0 0 0 0 0 0 0 0 0 0 0 0 0 0
0 0 0 0 0 0 0 0 0 0 3 0 0 0 0 0 0 0 0 0 0 0 0 0 0 0 0 0 0 0 0 0 0 0 0 0 0 0 0 0 0 0 0 0 0 0 0 0 0 0 0 2 0 0 0 0 0 0 0 0 0 0 0 0 0 0 0 0 0 0 0 0 0 0 0 0 0 0 0 0 0 0 0 0 0 0 0 0 0 0 0 0 0 0 0 0 0 0 0 0 0 0 0 0 0 0 0 0 0 0 0 0 0 0 0 0 0 0 0 0 0 0 0 0 0 0 0 0 0 0 0 0 0 0 0 0 0 0 0 0 0 0 0 0 0 0 0 0 0 0
0 0 0 0 0 0 0 0 1 6 0 0 0 0 0 0 0 0 0 0 0 0 0 0 0 0 0 0 0 0 0 0 0 0 0 0 0 0 0 0 0 0 0 0 0 0 0 0 0 0 3 0 0 0 0 0 0 0 0 0 0 0 0 0 0 0 0 0 0 0 0 0 0 0 0 0 0 0 0 0 0 0 0 0 0 0 0 0 0 0 0 0 0 0 0 0 0 0 0 0 0 0 0 0 0 0 0 0 0 0 0 0 0 0 0 0 0 0 0 0 0 0 0 0 0 0 0 0 0 0 0 0 0 0 0 0 0 0 0 0 0 0 0 0 0 0 0 0 0 0
0 0 0 0 0 3 13 6 1 0 0 0 0 0 0 0 0 0 0 0 0 0 0 0 0 0 0 0 0 0 0 0 0 0 0 0 0 0 0 0 0 0 0 0 0 0 0 0 0 14 83 0 0 0 1 0 0 0 0 0 0 0 0 0 0 0 0 0 0 0 0 0 0 0 0 0 0 0 0 0 0 0 0 0 0 0 0 0 0 0 0 0 0 0 0 0 0 0 0 0 0 0 0 0 0 0 0 0 0 0 0 0 0 0 0 0 0 0 0 0 0 0 0 0 0 0 0 0 0 0 0 0 0 0 0 0 0 0 0 0 0 0 0 0 0 0 0 0 0 0
1 0 0 0 0 0 9 9 0 0 0 0 0 0 0 0 0 0 0 0 0 0 0 0 0 0 0 0 0 0 0 0 0 0 0 0 0 0 0 0 0 0 0 0 0 0 0 0 0 0 0 0 1 0 0 0 0 0 0 0 0 0 0 0 0 0 0 0 0 0 0 0 0 0 0 0 0 0 0 0 0 0 0 0 0 0 1 0 0 0 0 0 1 0 0 0 0 0 0 0 0 0 0 0 0 0 0 0 0 0 0 0 0 0 0 0 0 0 0 0 0 0 0 0 0 0 0 0 0 0 0 0 0 0 0 0 0 0 0 0 0 0 0 0 0 0 0 0 0 0
0 0 0 0 0 0 0 0 0 0 0 0 0 0 0 0 0 0 0 0 0 0 0 0 0 0 0 0 0 0 0 0 0 0 0 0 0 0 0 0 0 0 0 0 0 0 0 0 0 0 1 0 5 10 0 0 0 0 0 0 0 0 0 0 0 0 0 0 0 0 0 0 0 0 0 0 0 0 0 0 0 0 0 0 0 0 0 0 0 0 0 0 0 1 0 0 0 0 0 0 0 0 0 0 0 0 0 0 0 0 0 1 0 0 0 0 0 0 0 0 0 0 0 0 0 0 0 0 0 0 0 0 0 0 0 0 0 0 0 0 0 0 0 0 0 0 0 0 0 0
0 0 0 0 0 0 0 0 0 0 0 0 0 0 0 0 0 0 0 0 0 0 0 0 0 0 0 0 0 0 0 0 0 0 0 1 0 0 0 0 0 0 0 0 0 0 0 0 0 0 0 0 0 0 0 0 0 0 0 0 0 0 0 0 0 0 0 0 0 0 0 0 0 0 0 0 0 0 0 0 0 0 0 0 0 0 0 0 0 0 0 0 0 0 0 0 0 0 0 0 0 0 0 0 0 0 0 0 0 0 0 0 0 0 1 0 0 0 0 0 0 0 0 0 0 0 0 0 0 0 0 0 0 0 0 0 0 0 0 0 0 0 0 0 0 0 0 0 0 0
0 0 0 0 0 0 0 0 0 0 0 0 0 0 0 0 0 0 0 0 0 0 0 0 0 0 0 0 0 0 0 0 0 0 0 0 0 0 0 0 0 0 0 0 0 0 0 0 0 0 0 0 0 0 0 0 0 0 0 0 0 0 0 0 0 0 0 0 0 0 0 0 0 0 0 0 0 0 0 0 0 0 0 0 0 0 0 0 0 0 0 0 0 0 0 0 0 0 0 0 0 0 0 0 0 0 0 0 0 0 0 0 0 0 0 0 0 0 0 0 0 0 0 0 0 0 0 0 0 0 0 0 0 0 0 0 0 0 0 0 0 0 0 0 0 0 0 0 0 0
0 0 0 0 0 0 0 0 0 0 0 0 0 0 0 0 0 0 0 0 0 0 0 0 0 0 0 0 0 0 0 0 1 0 0 0 0 0 0 0 0 0 0 0 0 0 0 0 0 0 0 0 0 0 0 0 0 0 0 0 0 0 0 0 0 0 0 0 0 0 0 0 0 0 0 0 0 0 0 0 0 0 0 0 0 0 0 0 0 0 0 0 0 0 0 0 0 0 0 0 0 0 0 0 0 0 0 0 0 0 0 0 0 0 0 0 0 0 0 0 0 0 0 0 0 0 0 0 0 0 0 0 0 0 0 0 0 0 0 0 0 0 0 0 0 0 0 0 0 0
0 0 0 0 0 0 0 0 0 0 0 0 0 0 0 0 0 0 0 0 0 0 0 0 0 0 0 0 0 0 1 0 0 0 1 0 0 0 0 0 0 0 0 0 0 0 0 0 0 0 0 0 0 2 2 0 0 0 0 0 0 0 0 0 0 0 0 0 0 0 0 0 0 0 0 0 0 0 0 0 0 0 0 0 0 0 0 0 0 0 0 0 0 0 0 0 0 0 0 0 0 0 0 0 0 0 0 0 0 0 0 0 0 0 0 0 0 0 0 0 0 0 0 0 0 0 0 0 0 0 0 0 0 0 0 0 0 0 0 0 0 0 0 0 0 0 0 0 0 0
0 0 0 0 0 0 0 0 0 0 0 0 0 0 0 0 0 0 0 0 0 0 0 0 0 0 0 0 0 0 1 6 0 0 0 0 0 0 0 0 0 0 0 0 0 0 0 0 0 0 0 0 0 0 0 0 0 0 0 0 0 0 0 0 0 0 0 0 0 0 0 0 0 0 0 0 0 0 0 0 0 0 0 0 0 0 0 0 0 0 0 0 0 0 0 0 0 0 0 0 0 0 0 0 0 0 0 0 0 0 0 0 0 0 0 0 0 0 0 0 0 0 0 0 0 0 0 0 0 0 0 0 0 0 0 0 0 0 0 0 0 0 0 0 0 0 0 0 0 0
0 0 0 0 0 0 0 0 0 0 0 0 0 0 0 0 0 0 0 0 0 0 0 0 0 0 0 0 0 0 2 1 0 0 0 0 3 0 0 0 0 0 0 0 0 0 0 0 0 0 0 0 0 0 0 0 0 0 0 0 0 0 0 0 0 0 0 0 0 0 0 0 0 0 0 0 0 0 0 0 0 0 0 0 0 0 0 0 0 0 0 0 0 0 0 0 0 0 0 0 0 0 0 0 0 0 0 0 0 0 0 0 0 0 0 0 0 0 0 0 0 0 0 0 0 0 0 0 0 0 0 0 0 0 0 0 0 0 0 0 0 0 0 0 0 0 0 0 0 0
0 0 0 0 0 0 0 0 0 0 0 0 0 0 0 0 0 0 0 0 0 0 0 0 0 0 0 0 0 0 0 0 0 0 0 0 0 0 0 0 0 0 0 0 0 0 0 0 0 0 0 0 0 0 0 0 0 0 0 0 0 0 0 0 0 0 0 0 0 0 0 0 0 0 0 0 0 0 0 0 0 0 0 0 0 0 0 0 0 0 0 0 0 0 0 0 0 0 0 0 0 0 0 0 0 0 0 0 0 0 0 0 0 0 0 0 0 0 0 0 0 0 0 0 0 0 0 0 0 0 0 0 0 0 0 0 0 0 0 0 0 0 0 0 0 0 0 0 0 0
0 0 0 0 0 0 0 0 0 0 0 0 0 0 0 0 0 0 0 0 0 0 0 0 0 0 0 0 0 32 10 0 0 0 0 1 0 0 0 0 0 0 0 0 0 0 0 0 0 0 0 0 0 0 0 0 0 0 0 0 0 0 0 0 0 0 0 0 0 0 0 0 0 0 0 0 0 0 0 0 0 0 0 0 0 0 0 0 0 0 0 0 0 0 0 0 0 0 0 0 0 0 0 0 0 0 0 0 0 0 0 0 0 0 0 0 0 0 0 0 0 0 0 0 0 0 0 0 0 0 0 0 0 0 0 0 0 0 0 0 0 0 0 0 0 0 0 0 0 0
0 0 0 0 0 0 0 0 0 0 0 0 0 0 0 0 0 0 0 0 0 0 0 0 0 0 4 0 0 0 0 0 0 0 0 0 0 0 0 0 0 0 0 0 0 0 0 0 0 33 0 0 0 0 0 0 0 0 0 0 0 0 0 0 0 0 0 0 0 0 0 0 0 0 0 0 0 0 0 0 0 0 0 0 0 0 0 0 0 0 0 0 0 0 0 0 0 0 0 0 0 0 0 0 0 0 0 0 0 0 0 0 0 0 0 0 0 0 0 0 0 0 0 0 0 0 0 0 0 0 0 0 0 0 0 0 0 0 0 0 0 0 0 0 0 0 0 0 0 0
0 0 0 0 0 0 0 0 0 0 0 0 0 0 0 0 0 0 0 0 0 0 0 0 0 0 6 0 0 0 0 0 0 0 0 0 0 0 0 0 0 0 0 0 0 0 0 0 0 0 0 0 0 0 0 0 0 0 0 0 0 0 0 0 0 0 0 0 0 0 0 0 0 0 0 0 0 0 0 0 0 0 0 0 0 0 0 0 0 0 0 0 0 0 0 0 0 0 0 0 0 0 0 0 0 0 0 0 0 0 0 0 0 0 0 0 0 0 0 0 0 0 0 0 0 0 0 0 0 0 0 0 0 0 0 0 0 0 0 0 0 0 0 0 0 0 0 0 0 0
0 0 0 0 0 0 0 0 0 0 0 0 0 0 0 0 0 0 0 0 0 0 0 0 0 0 0 1 3 0 0 0 0 0 0 0 0 0 0 0 0 0 0 0 0 0 0 0 0 0 0 0 0 0 0 0 0 0 0 0 0 0 0 0 0 0 0 0 0 0 0 0 0 0 0 0 0 0 0 0 0 0 0 0 0 0 0 0 0 0 0 0 0 0 0 0 0 0 0 0 0 0 0 0 0 0 0 0 0 0 0 0 0 0 0 0 0 0 0 0 0 0 0 0 0 0 0 0 0 0 0 0 0 0 0 0 0 0 0 0 0 0 0 0 0 0 0 0 0 5
0 0 0 0 0 0 0 0 0 0 0 0 0 0 0 0 0 0 0 0 0 0 0 0 0 0 0 0 0 0 0 0 0 0 0 0 0 0 0 0 0 0 0 0 0 0 0 0 0 0 0 0 0 0 0 0 0 0 0 0 0 0 0 0 0 0 0 0 0 0 0 0 0 0 0 0 0 0 0 0 0 0 0 0 0 0 0 0 0 0 0 0 0 0 0 0 0 0 0 0 0 0 0 0 0 0 0 0 0 0 0 0 0 0 0 0 0 0 0 0 0 0 0 0 0 0 0 0 0 0 0 0 0 0 0 0 0 0 0 0 0 0 0 0 0 0 0 0 0 0
0 0 0 0 0 0 0 0 0 0 0 0 0 0 0 0 0 0 0 0 0 0 0 0 0 0 0 0 0 0 0 0 0 0 0 0 0 0 0 0 0 0 0 0 0 0 0 0 0 0 1 0 0 0 0 0 0 0 0 0 0 0 0 0 0 0 0 0 0 0 0 0 0 0 0 0 0 0 0 0 0 0 0 0 0 0 0 0 0 0 0 0 0 0 0 0 0 0 0 0 0 0 0 0 0 0 0 0 0 0 0 0 0 0 0 0 0 0 0 0 0 0 0 0 0 0 0 0 0 0 0 0 0 0 0 0 0 0 0 0 0 0 0 0 0 0 0 0 0 0
0 0 0 0 0 0 0 0 0 0 0 0 0 0 0 0 0 0 0 0 0 0 0 0 0 0 0 0 0 0 0 0 0 0 0 0 0 0 0 0 0 0 0 0 0 0 0 0 0 0 0 0 0 0 0 0 0 0 0 0 0 0 0 0 0 0 0 0 0 0 0 0 0 0 0 0 0 0 0 0 0 0 0 0 0 0 0 0 0 0 0 0 0 0 0 0 0 0 0 0 0 0 0 0 0 0 0 0 0 0 0 0 0 0 0 0 0 0 0 0 0 0 0 0 0 0 0 0 0 0 0 0 0 0 0 0 0 0 0 0 0 0 0 0 0 0 0 0 0 0
0 0 0 0 0 0 0 0 0 0 0 0 0 0 0 0 0 0 0 0 0 0 0 0 0 0 0 0 0 0 0 0 0 0 0 0 0 0 0 0 0 0 0 0 0 0 0 0 0 0 0 0 0 0 0 0 0 0 0 0 0 0 0 0 0 0 0 0 0 0 0 0 0 0 0 0 0 0 0 0 0 0 0 0 0 0 0 0 0 0 0 0 0 0 0 0 0 0 0 0 0 0 0 0 0 0 0 0 0 0 0 0 0 0 0 0 0 0 0 0 0 0 0 0 0 0 0 0 0 0 0 0 0 0 0 0 0 0 0 0 0 0 0 0 0 0 0 0 0 0
0 0 0 0 0 0 0 0 0 0 0 0 0 0 0 0 0 0 0 0 0 0 0 0 0 0 0 0 0 0 0 0 0 0 0 0 0 0 0 0 0 0 0 0 0 0 0 0 0 0 0 0 0 0 0 0 0 0 0 0 0 0 0 0 0 0 0 0 0 0 0 0 0 0 0 0 0 0 0 0 0 0 0 0 0 0 0 0 0 0 0 0 0 0 0 0 0 0 0 0 0 0 0 0 0 0 0 0 0 0 0 0 0 0 0 0 0 0 0 0 0 0 0 0 0 0 0 0 0 0 0 0 0 0 0 0 0 0 0 0 0 0 0 0 0 0 0 0 0 0
