0 1 13 1 0 0 1 0 7 95 4 4 0 11 0 0 0 1 3 0 2 1 0 0 0 25 0 0 0 0 0 0 1 6 2 1 0 0 1 7 0 0 0 0 0 0 0 0 0 0 0 0 0 0 0 1 0 0 1 5 32 16 3 5 0 3 2 0 0 0 0 2 16 172 175 382 106 19 105 5 15 250 48 85 101 287 224 269 63 251 1334 738 64 692 625 683 1050 684 977 178 184 78 15 11 37 64 48 457 264 23 60 2 35 98 53 31 18 6 1 3 3 64 40 20 0 4 0 4 8 6 0 18 3 10 5 0 0 4 0 0 4 0 0 0 0 0 0 0 0 15
0 3 4 3 0 0 0 0 0 18 8 9 5 0 0 0 0 2 10 0 0 5 33 0 19 20 0 4 0 0 0 0 0 0 0 0 0 4 6 2 0 0 0 0 0 0 0 0 0 0 0 0 0 0 8 0 0 0 0 45 118 13 3 8 5 1 0 0 2 6 0 0 47 37 1 2 51 68 9 15 66 56 3 4 104 210 299 187 378 279 74 24 355 415 169 263 494 609 1021 592 267 44 54 24 7 3 1 38 31 12 5 8 9 16 47 28 9 8 4 18 1 2 20 12 4 0 0 6 4 43 16 6 61 95 0 0 0 0 0 85 4 0 0 0 1 0 0 0 0 0
0 0 0 0 3 0 0 0 1 12 11 27 16 5 0 0 0 2 1 0 5 13 70 47 10 2 6 5 0 0 0 0 0 0 0 2 0 1 0 16 9 0 0 0 0 0 0 0 0 0 0 0 0 0 11 0 0 0 5 1 20 7 1 3 0 0 1 0 0 0 0 1 1 0 0 0 0 30 96 217 85 31 6 19 27 191 614 208 8 12 95 24 105 422 594 799 167 522 287 542 618 378 20 60 16 16 12 10 259 189 31 9 5 2 18 2 10 20 79 3 104 13 4 3 13 4 2 6 0 32 15 1 58 109 0 0 9 0 5 26 4 3 0 0 0 0 0 0 0 0
48 2 0 0 0 0 1 0 0 4 2 2 0 0 1 10 0 0 2 2 0 0 12 4 2 0 4 20 12 0 4 0 0 0 0 2 0 2 0 3 1 0 0 0 0 0 0 0 0 0 2 0 2 0 51 20 6 26 43 10 0 0 15 9 0 0 0 0 0 2 6 63 9 0 0 7 31 51 297 149 105 30 133 109 161 7 55 202 0 232 960 899 1623 662 937 392 103 244 788 438 503 448 159 21 6 115 17 22 385 56 13 14 24 15 0 8 20 49 78 12 28 85 21 7 3 5 1 4 15 3 1 19 29 0 5 0 25 16 0 24 56 7 0 0 0 0 1 0 0 0
6 19 0 0 0 0 0 0 5 1 0 0 0 0 0 9 6 3 0 1 0 4 5 0 0 0 1 1 0 0 0 0 0 0 0 15 22 0 0 0 3 0 0 0 0 0 0 0 0 2 0 0 0 0 61 226 36 37 5 0 0 2 0 3 0 0 0 0 0 8 103 42 88 134 15 79 53 134 265 171 217 158 268 282 278 104 43 46 12 480 1671 496 534 1094 529 245 65 608 331 693 687 877 720 793 358 94 87 147 6 12 8 13 28 27 10 1 12 14 52 56 322 742 127 23 3 1 3 1 1 2 10 0 0 0 1 0 0 0 0 1 50 6 0 0 0 0 0 0 0 0
11 5 0 0 0 0 0 0 3 3 9 0 0 0 0 2 0 4 24 46 6 5 0 0 0 0 0 0 0 2 1 1 0 0 9 43 43 38 0 0 0 0 0 0 0 0 0 0 0 4 16 5 0 4 5 303 31 5 15 0 0 0 2 3 0 0 0 0 2 39 120 101 241 89 103 43 31 31 57 294 520 460 327 37 0 206 52 26 9 274 1842 1050 101 475 874 519 177 1993 383 572 510 407 1059 580 46 166 33 91 8 2 1 3 9 45 4 11 9 5 0 18 149 169 1 4 2 10 0 1 8 0 1 0 0 0 0 0 0 0 0 1 0 39 0 0 0 0 0 0 0 0
1 0 0 0 0 0 0 0 0 6 8 0 0 6 1 0 0 0 0 0 2 0 5 0 0 0 0 0 0 3 3 0 0 0 0 8 5 1 1 0 0 0 0 0 0 0 0 0 0 5 4 2 2 11 0 39 12 0 37 46 4 1 0 0 4 3 0 0 4 55 51 108 361 520 308 151 365 113 316 463 876 779 1056 601 143 12 1 114 132 106 1520 1204 47 399 979 560 349 474 733 95 33 341 119 98 11 22 64 7 6 8 38 139 180 16 25 18 0 2 26 24 87 109 5 2 0 1 17 1 0 0 2 0 0 0 0 0 0 4 0 0 0 0 0 0 0 0 0 0 0 0
0 0 0 0 0 0 0 0 0 3 0 0 0 0 0 0 0 0 0 0 0 0 0 0 0 1 0 0 0 1 10 0 0 0 0 5 0 0 11 11 0 0 0 0 0 0 0 0 0 0 0 0 9 9 2 8 0 43 75 83 57 35 53 0 15 29 0 0 2 77 3 2 27 42 36 50 95 152 573 877 996 637 825 199 189 198 170 502 211 120 574 98 46 549 359 453 227 773 773 264 147 519 394 465 151 168 14 79 138 36 293 390 43 37 19 46 1 0 6 2 14 8 7 4 2 3 49 10 6 0 0 0 0 0 0 0 0 0 0 0 0 0 0 0 0 0 0 0 0 0
4 0 0 0 0 0 0 0 3 5 0 0 0 3 13 0 0 0 2 0 0 0 0 0 0 0 0 0 0 0 1 0 0 0 0 0 1 1 0 3 0 0 0 0 0 0 0 0 0 0 0 0 3 9 0 0 1 16 26 38 275 230 18 6 4 25 0 7 1 42 1 0 0 0 0 7 8 33 78 495 689 836 675 25 4 7 369 237 303 47 2 3 435 1160 1306 1511 99 498 300 105 249 88 106 360 779 158 178 192 69 52 792 130 179 1 20 17 5 1 9 4 16 1 10 11 7 2 0 3 32 0 7 0 0 0 0 0 0 0 0 0 0 0 0 0 0 0 0 0 0 0
0 0 0 0 0 0 0 20 10 5 0 0 0 0 0 0 0 0 0 0 0 0 0 0 0 0 0 0 0 0 0 0 0 0 0 0 0 0 1 0 1 0 0 0 0 0 2 1 0 0 4 0 3 6 0 0 1 5 1 7 44 145 24 17 5 5 0 1 0 13 0 0 0 0 0 17 3 36 301 870 1053 603 629 271 973 921 379 101 235 172 51 5 4 760 1323 1641 809 98 103 30 76 173 28 6 70 353 295 174 62 36 479 590 298 24 4 235 308 580 185 30 18 13 19 31 19 25 5 0 2 37 95 23 0 0 0 0 0 0 0 0 0 0 0 0 0 0 0 0 0 1
0 7 4 0 0 0 2 0 5 3 3 2 0 0 0 19 0 4 1 0 0 0 0 0 0 0 0 0 0 0 0 0 0 0 1 8 0 0 0 1 5 9 0 1 0 0 3 7 12 16 8 3 6 3 0 0 0 12 18 22 1 153 18 10 0 0 3 0 0 4 0 0 0 0 0 0 4 17 118 233 345 259 497 279 181 299 167 328 490 384 45 0 2 197 503 876 888 38 10 56 23 10 5 9 60 303 679 349 159 135 421 76 172 18 8 139 346 629 356 227 429 187 299 152 153 439 120 87 61 38 4 103 25 35 11 0 0 0 0 0 0 0 0 0 0 0 0 0 0 0
2 1 0 0 0 0 0 0 13 0 0 0 0 0 0 0 7 7 2 1 1 0 0 0 0 0 0 0 0 0 0 0 4 13 26 0 1 0 1 2 0 7 8 15 3 0 0 1 0 0 0 0 0 0 2 0 3 1 1 3 0 6 0 3 0 3 1 0 12 0 5 0 0 0 0 1 93 18 107 280 532 107 35 32 146 121 9 25 136 554 43 0 0 7 12 143 1020 534 326 10 0 10 7 54 14 69 377 198 19 71 140 132 61 144 31 240 649 211 710 776 312 346 163 110 110 158 0 0 0 31 6 0 87 25 42 0 0 0 0 0 0 0 0 0 0 0 0 0 0 0
3 0 0 0 0 0 5 0 8 1 0 0 0 0 0 0 1 15 2 7 0 5 0 1 0 0 0 0 0 0 2 0 2 0 0 1 0 0 0 0 0 9 48 1 17 0 2 12 0 0 0 0 2 1 0 0 0 0 2 2 0 3 0 0 0 0 3 2 0 7 18 0 0 0 0 29 131 25 109 30 133 273 18 3 12 6 2 0 0 2 0 0 1 103 112 22 746 438 698 470 10 3 52 9 17 2 3 113 374 265 1041 623 107 779 238 9 30 85 1137 1182 125 261 134 1 47 106 6 0 42 26 0 0 38 23 4 0 0 0 0 0 0 0 0 0 0 0 0 0 0 0
0 0 0 0 0 0 4 8 0 0 2 0 0 0 0 0 0 1 102 9 7 4 0 0 0 0 0 0 0 1 0 1 0 0 0 0 2 0 0 0 0 2 1 78 43 0 0 0 1 0 8 25 6 0 0 0 0 0 0 0 22 12 1 2 0 0 27 18 10 21 89 0 0 3 2 321 605 446 213 12 28 309 53 0 38 147 8 1 1 23 2 0 2 51 14 67 112 820 179 278 1 10 309 140 430 88 68 413 230 577 1331 1301 693 367 217 294 135 147 800 449 120 57 0 0 0 18 9 0 9 5 0 0 0 0 0 0 0 0 0 0 0 0 0 0 0 0 0 0 0 0
0 1 0 0 0 0 0 0 4 0 0 0 0 0 0 0 0 0 3 3 6 0 0 1 1 0 0 0 0 0 7 0 0 0 0 0 0 0 0 0 0 0 0 4 11 0 0 4 0 13 5 34 2 0 2 2 7 11 7 15 76 28 3 8 16 17 112 101 179 125 106 4 1 0 55 630 904 1091 434 5 2 130 26 1 6 15 8 14 0 37 20 6 1 0 0 2 75 353 235 264 18 62 517 506 1717 1349 1476 972 1188 953 863 526 639 734 475 200 148 117 66 99 87 144 26 19 0 17 33 5 7 15 2 0 0 0 0 0 0 0 0 0 0 0 0 0 0 0 0 0 0 0
0 0 0 0 0 0 0 32 6 2 1 0 0 0 0 0 0 0 0 5 0 9 21 0 0 0 0 0 0 0 0 0 0 0 0 0 0 0 0 0 0 1 0 1 0 18 0 0 0 32 92 95 1 0 2 14 27 64 199 64 23 22 2 33 39 58 107 44 80 134 206 43 137 139 701 822 1303 794 116 9 11 4 1 0 0 0 14 97 6 83 4 8 0 0 8 42 62 13 24 17 11 0 1310 833 775 691 1212 326 549 783 1008 590 727 470 241 175 79 108 64 87 40 2 140 394 42 66 21 0 3 1 0 0 0 0 17 3 0 0 0 0 0 0 0 0 0 0 0 0 0 0
0 0 0 0 0 0 0 6 2 0 0 0 2 0 0 0 3 7 1 0 0 0 13 14 11 10 3 0 0 1 0 0 0 0 0 0 0 0 0 1 1 0 6 1 0 12 3 2 1 31 20 2 1 14 3 31 70 130 46 43 4 4 0 1 2 4 0 0 0 0 0 0 92 30 243 323 408 314 76 0 0 0 1 0 0 0 0 33 92 8 0 0 4 0 12 10 49 0 11 143 13 264 978 886 520 238 310 214 541 567 1075 287 610 295 293 93 29 75 103 16 0 2 25 35 88 427 4 16 2 0 0 0 0 0 0 0 0 0 0 0 0 0 0 0 0 0 0 0 0 0
0 0 0 0 0 3 0 0 0 0 0 0 2 0 0 1 0 1 2 2 2 0 0 0 25 0 4 24 4 0 0 0 0 0 0 0 1 0 0 0 0 0 23 1 0 139 79 10 2 35 52 32 5 54 15 36 34 73 374 15 9 3 0 0 3 1 61 36 9 24 66 6 114 14 30 70 28 113 14 4 0 0 1 0 0 0 0 1 132 0 0 27 54 46 12 1 1 0 34 575 182 178 108 120 136 481 149 211 641 329 98 207 68 181 104 23 76 129 13 1 0 4 8 7 131 532 235 18 1 3 0 0 0 0 0 0 0 0 0 0 0 0 0 0 0 0 0 0 0 1
0 0 0 2 0 1 0 0 0 0 0 0 3 1 0 2 1 0 0 1 1 0 1 1 1 6 47 27 18 0 0 0 0 0 3 26 2 0 0 0 1 1 0 13 18 16 10 16 24 485 96 14 12 27 9 27 146 73 32 18 42 19 5 1 1 0 6 1 6 10 26 14 28 19 3 78 102 21 5 6 12 0 6 37 0 8 4 8 1 0 2 31 83 223 33 0 0 33 208 11 125 240 54 6 72 108 193 573 394 0 0 73 7 490 47 0 7 0 0 0 0 0 1 2 35 168 213 317 10 14 0 0 0 0 0 0 0 0 0 0 0 0 0 0 0 0 0 0 0 0
0 0 0 0 0 1 0 0 0 0 0 0 0 1 2 0 3 0 1 1 1 19 267 7 2 3 0 85 106 3 0 2 0 0 1 0 0 0 0 0 0 1 19 39 3 96 81 21 5 121 41 4 8 2 49 1 11 59 3 0 2 13 0 0 1 4 2 0 9 12 44 44 6 0 1 59 19 0 0 1 5 0 0 0 0 13 22 0 12 5 5 22 2 1 0 11 2 4 8 5 948 1199 686 153 104 120 154 334 118 4 0 0 1 167 230 0 0 0 0 0 0 0 2 3 3 3 10 146 4 0 0 0 0 0 0 0 0 0 0 0 0 0 0 0 0 0 0 0 0 0
0 0 0 0 1 0 0 0 0 0 0 0 0 1 0 0 0 0 0 2 2 15 6 4 0 18 5 10 1 6 0 22 9 0 0 0 0 0 0 1 12 5 17 12 3 14 7 23 50 160 268 64 20 42 10 15 5 1 2 0 1 1 5 9 186 127 2 0 7 12 42 24 3 0 9 67 204 133 2 26 11 6 3 6 0 0 0 2 19 5 6 0 0 0 1 0 0 1 438 326 1628 1159 357 131 0 18 133 155 6 0 0 0 0 7 0 0 0 0 0 0 0 0 6 9 0 0 30 32 0 0 0 0 0 0 0 0 0 0 0 0 0 0 0 0 0 0 0 0 0 0
0 0 0 0 0 0 0 0 0 0 0 0 0 2 3 4 0 0 0 0 0 3 11 5 1 9 0 0 0 0 4 46 19 5 0 0 0 1 0 0 44 11 0 0 0 0 4 14 229 738 262 207 29 3 2 4 2 5 1 0 0 0 0 0 6 24 18 1 3 65 17 21 20 0 0 8 96 96 31 98 11 20 8 28 3 4 5 7 241 49 9 1 0 0 3 10 2 0 80 368 215 44 30 5 14 4 104 66 4 0 0 0 15 59 0 0 0 0 0 0 0 0 0 0 0 42 33 0 1 3 4 0 0 1 0 0 0 0 0 0 0 0 0 0 0 0 0 0 0 0
0 0 0 0 0 0 0 0 0 0 0 0 0 0 2 0 0 0 0 0 0 3 3 1 1 0 0 0 0 0 5 4 30 1 3 0 9 123 7 15 0 0 0 0 0 0 11 32 13 356 258 111 8 5 0 2 0 1 7 1 0 0 0 0 6 3 32 4 0 6 11 19 27 1 0 0 6 3 15 16 9 36 12 0 0 13 9 0 0 0 0 2 0 1 0 0 4 0 1 0 2 0 2 39 53 32 25 59 88 119 55 35 30 0 0 0 0 0 0 0 0 0 0 2 36 42 50 1 0 0 1 0 0 0 0 0 0 0 0 0 0 0 0 0 0 0 0 0 0 0
0 0 0 0 0 0 0 0 0 0 0 0 0 3 1 0 6 4 0 0 6 1 3 0 0 4 0 0 0 1 2 6 13 9 0 4 3 9 8 0 0 0 0 0 7 119 40 45 4 100 104 19 2 2 5 2 7 29 2 0 0 0 0 0 0 4 0 0 0 0 2 4 100 97 3 21 0 0 0 1 0 1 61 144 2 0 1 1 0 0 0 0 1 0 1 0 2 0 2 2 0 2 8 375 30 27 24 0 10 16 4 274 33 0 0 0 0 0 0 0 0 0 0 13 8 19 37 88 1 0 0 0 0 0 0 0 0 0 0 0 0 0 0 0 0 0 0 0 0 0
0 0 0 0 0 0 0 0 0 0 0 0 0 0 0 0 0 0 0 0 0 0 4 0 0 0 0 0 0 0 0 3 5 5 12 0 1 63 0 0 0 0 0 17 23 21 43 0 5 17 45 31 17 8 22 3 1 1 2 2 0 0 0 0 0 0 0 5 2 4 3 2 7 8 35 6 0 0 0 0 0 5 5 54 24 4 0 0 0 1 3 2 2 9 0 0 6 12 0 8 14 7 3 19 577 0 0 1 0 0 0 13 1 0 0 3 2 0 0 0 0 0 1 0 0 73 38 4 0 0 0 0 0 0 0 0 2 0 0 0 0 0 0 0 0 0 0 0 0 0
0 0 0 0 0 0 0 0 0 0 0 0 0 3 10 1 1 0 1 0 0 9 1 1 0 0 1 1 0 0 0 0 3 21 25 0 0 6 7 0 0 1 0 7 70 20 1 0 12 1 34 6 0 1 0 0 1 1 0 0 7 0 0 0 14 4 2 2 0 7 0 67 0 1 1 4 10 0 0 0 0 0 0 1 0 18 2 9 1 1 0 0 0 0 7 1 0 0 0 4 5 12 7 108 213 274 0 3 0 0 0 17 4 1 8 6 0 0 0 0 0 0 0 0 0 29 16 47 0 0 0 0 0 0 0 0 11 45 0 0 0 0 0 0 0 0 0 0 0 0
0 0 0 0 0 0 0 0 0 0 2 0 0 0 9 0 1 8 0 0 2 9 1 4 0 0 2 10 4 0 0 2 1 9 16 3 0 3 1 1 0 1 1 9 42 6 4 3 0 2 15 16 1 0 3 1 0 0 0 0 0 0 0 0 2 0 0 6 0 0 9 11 1 0 0 2 14 3 0 0 0 0 14 4 1 0 7 15 0 2 4 0 0 0 1 6 0 0 0 0 4 13 5 2 34 265 76 0 0 0 0 0 0 1 3 2 0 0 5 0 0 0 0 0 11 140 11 9 0 0 0 0 0 0 0 0 3 13 0 0 0 0 0 0 0 0 0 0 0 0
0 0 0 0 0 0 0 0 0 0 0 1 0 42 1 3 7 24 9 0 1 12 10 0 0 0 0 0 0 0 1 1 0 24 3 0 0 11 3 8 59 25 19 101 152 6 2 2 8 2 3 40 27 2 0 1 0 0 0 0 0 0 0 0 1 0 0 0 5 13 80 23 5 3 0 0 1 4 0 0 0 0 0 0 1 0 0 11 5 9 10 0 0 2 0 0 0 0 0 0 0 3 16 3 16 976 697 40 0 0 0 0 0 0 0 0 2 129 78 9 0 0 0 67 98 24 115 215 194 21 0 0 0 0 0 9 7 1 0 0 0 0 0 0 0 0 0 0 0 0
0 0 0 0 0 1 0 0 0 1 0 0 8 26 7 11 27 62 2 8 0 9 1 3 0 0 2 1 5 0 5 3 1 5 4 17 8 18 59 133 188 612 333 268 85 41 0 0 1 0 0 3 32 11 3 0 0 0 0 0 0 1 0 0 0 0 1 0 0 5 8 5 6 0 7 2 2 7 3 0 1 1 5 0 6 0 0 0 15 5 13 0 0 2 6 14 5 0 0 0 0 0 11 16 203 370 211 387 5 0 0 0 0 5 0 3 143 57 17 0 0 0 6 102 232 147 833 539 31 12 0 0 0 13 0 3 0 0 0 0 0 0 0 0 0 0 0 0 0 0
0 0 0 0 0 0 0 1 9 8 2 40 31 0 0 3 1 8 2 2 4 3 8 31 0 2 0 0 0 2 4 0 0 1 49 17 13 9 81 192 667 907 625 571 47 8 5 5 7 2 3 1 34 77 13 8 0 0 0 0 3 0 0 0 0 0 0 0 0 0 0 1 1 0 0 0 0 6 4 0 0 0 4 0 12 0 0 0 1 3 1 1 2 9 2 7 0 2 1 0 0 30 15 5 3 81 0 109 18 0 0 0 2 0 85 43 627 331 55 38 13 11 3 86 109 67 487 503 432 365 14 60 23 81 2 3 0 0 0 0 0 0 0 0 0 0 0 0 0 0
0 0 0 0 0 0 1 1 6 4 3 4 10 0 1 8 0 1 1 8 1 9 108 30 0 0 0 0 0 0 17 1 0 1 10 21 14 26 39 73 497 326 393 226 26 10 38 0 14 0 0 4 13 5 1 6 0 0 0 0 0 0 0 0 0 0 0 0 1 0 1 1 0 0 0 1 0 9 3 2 0 13 2 1 32 0 0 0 36 20 2 0 3 6 0 0 3 5 2 1 0 1 0 3 0 1 0 2 13 3 2 3 4 0 36 915 500 418 167 170 109 44 69 3 2 17 230 330 3 68 12 242 421 44 21 8 0 0 0 0 0 0 0 0 0 0 0 0 0 0
0 0 0 0 0 0 1 9 0 2 4 7 2 1 0 0 1 0 7 3 247 72 17 0 0 0 0 1 3 20 0 1 6 23 26 1 0 2 0 59 421 279 369 93 41 25 7 0 7 14 3 1 10 2 5 2 0 0 0 0 0 0 0 0 0 0 0 0 0 3 1 0 0 0 0 0 0 2 4 0 20 19 30 131 40 0 0 0 0 0 0 0 2 3 0 7 16 3 0 0 3 1 0 0 4 5 2 30 143 141 226 343 95 85 383 770 431 238 65 389 94 141 9 0 128 126 72 120 1 0 93 264 241 42 53 8 0 0 0 0 0 0 0 0 0 0 0 0 0 0
0 0 5 0 0 0 0 3 0 0 0 5 0 10 4 3 2 0 7 7 58 1 0 0 0 0 0 0 1 4 7 6 3 0 0 5 2 3 11 11 37 76 95 18 3 0 0 0 1 5 3 9 35 4 5 3 9 6 2 0 0 0 0 0 0 0 0 0 0 0 0 0 0 0 0 26 0 29 6 3 3 9 9 18 0 0 0 0 2 0 4 1 0 6 5 1 1 0 0 1 2 0 0 0 0 3 14 8 172 83 173 95 33 234 1297 535 165 293 108 366 154 5 0 33 5 103 96 0 0 0 90 291 0 0 3 0 0 0 0 0 0 0 0 0 0 0 0 0 0 0
0 0 0 0 0 12 23 4 0 1 3 0 0 8 9 2 3 4 31 33 28 0 0 0 0 0 1 1 1 2 34 2 11 3 13 0 1 2 7 1 11 19 2 4 0 0 0 0 0 2 0 11 158 14 15 33 13 0 0 0 0 0 0 0 0 0 0 0 0 0 0 0 0 0 0 0 3 6 1 1 0 0 2 0 0 0 0 0 4 0 0 0 2 45 5 0 8 0 0 0 0 0 0 0 0 1 0 69 41 2 0 11 97 127 207 543 115 287 57 108 243 1 0 0 0 0 0 0 0 0 1 137 11 0 0 0 0 0 0 0 0 0 0 0 0 0 0 0 0 0
0 0 0 0 0 7 1 2 1 0 2 0 2 8 8 8 16 7 6 0 2 3 2 1 0 0 1 20 19 12 18 18 6 3 3 5 0 1 2 9 5 11 17 1 5 0 1 0 0 0 1 10 133 53 2 26 1 0 0 0 0 0 0 0 0 0 0 0 0 0 0 0 0 0 0 0 11 10 1 0 12 0 0 0 0 0 0 0 17 2 22 3 30 22 1 11 0 0 1 4 2 0 0 1 0 0 2 69 621 11 0 0 2 0 1 0 3 54 434 592 66 0 0 0 0 0 0 0 0 0 0 0 57 0 0 0 0 0 0 0 0 0 0 0 0 0 0 0 0 0
0 2 4 0 2 0 11 47 4 3 29 5 3 1 0 114 48 18 2 6 0 0 2 1 3 5 3 10 3 1 15 8 8 0 0 0 1 0 0 1 12 9 2 1 1 0 0 0 0 0 0 39 2 28 24 9 3 0 0 0 0 0 0 0 0 0 0 0 0 0 0 0 0 0 0 0 7 28 0 0 0 0 0 0 0 0 0 0 13 0 8 0 1 10 0 0 0 0 5 1 0 1 5 0 2 14 34 30 164 0 0 0 0 0 3 0 0 0 82 203 294 156 0 2 3 68 0 0 0 65 70 17 37 4 0 0 0 0 0 0 0 0 0 0 0 0 0 0 0 0
1 0 0 0 0 3 4 0 0 1 37 11 1 13 30 39 52 24 4 0 0 0 7 0 2 9 2 2 2 2 0 0 2 3 7 2 0 0 0 7 1 13 9 2 5 1 2 4 0 0 1 43 37 22 22 8 1 0 0 0 0 0 0 0 0 0 0 0 0 0 0 0 0 0 0 0 0 41 80 6 0 4 0 0 0 0 2 70 30 0 1 1 6 4 0 7 0 1 0 4 27 9 11 9 1 9 15 14 65 1 0 0 0 17 51 49 159 553 105 194 522 125 2 6 365 73 0 0 0 79 177 0 0 0 0 0 0 0 0 0 0 0 0 0 0 0 0 0 0 0
0 4 3 0 0 0 5 1 5 2 10 90 10 3 0 2 4 6 1 0 1 0 0 4 11 0 0 2 21 2 0 2 0 2 0 0 0 2 3 0 3 18 29 0 9 0 1 1 0 0 2 36 22 1 0 0 0 0 0 0 0 0 0 0 0 0 0 0 0 0 0 0 0 0 0 0 0 28 55 6 2 0 0 0 0 0 0 15 1 1 5 0 0 6 0 0 0 0 2 0 0 0 5 3 20 1 16 51 13 13 0 0 0 0 118 609 875 551 47 60 87 132 99 287 192 0 0 2 3 375 127 0 0 0 0 0 0 0 0 0 0 0 0 0 0 0 0 0 0 0
0 0 0 0 0 1 5 0 4 5 4 26 2 1 1 2 0 0 0 7 0 0 1 0 0 1 2 3 5 0 0 0 0 0 0 0 0 2 6 3 0 0 1 0 0 0 0 0 0 0 0 70 5 5 4 0 1 0 0 0 0 0 0 0 0 0 0 0 0 0 0 0 0 0 0 0 2 8 115 23 9 18 13 1 0 0 1 0 0 0 0 0 5 15 0 0 0 0 0 7 2 1 1 8 10 2 10 8 27 3 0 2 54 18 34 16 6 43 362 263 27 291 557 476 417 198 60 103 773 1471 684 1 0 0 0 0 0 0 0 0 0 0 0 0 0 0 0 0 0 0
0 1 1 0 6 7 2 2 2 27 40 8 0 1 7 7 1 2 0 0 0 0 0 0 0 20 9 3 0 0 0 2 6 0 0 0 0 0 1 18 2 4 2 1 4 0 8 1 0 4 21 363 49 6 0 2 1 3 4 1 0 0 0 0 0 0 0 0 0 0 0 0 0 0 0 0 0 19 39 0 1 30 14 0 0 0 0 0 7 8 2 0 3 15 2 10 19 2 0 0 4 0 0 3 13 18 6 1 132 26 4 3 8 6 0 9 6 137 274 509 497 683 696 454 1239 774 627 550 832 731 514 2 0 0 0 0 0 0 0 0 0 0 0 0 0 0 0 0 0 0
0 14 0 0 2 1 0 1 13 3 2 1 2 0 6 7 4 3 0 0 0 0 0 0 3 5 5 0 6 0 3 5 0 0 3 1 0 1 4 0 1 1 0 0 2 0 10 0 3 33 567 651 6 99 15 2 1 0 2 6 1 0 0 0 0 0 0 0 0 0 0 0 0 0 0 0 3 0 4 0 0 1 0 0 0 0 0 0 8 1 0 3 4 0 0 1 0 0 2 1 9 2 6 1 25 11 31 24 4 5 8 2 5 8 11 5 6 47 443 1541 1472 665 238 1321 1171 754 136 600 452 34 42 13 0 0 0 0 0 0 0 0 0 0 0 0 0 0 0 0 0 0
0 9 0 6 1 2 1 0 26 3 3 8 5 6 2 1 2 5 0 0 0 0 0 0 3 1 0 1 0 0 0 43 24 0 0 2 0 0 4 2 0 0 0 0 0 0 0 0 1 23 608 629 698 553 42 19 8 1 0 1 2 0 0 0 0 0 0 0 0 0 0 0 0 0 0 0 0 0 0 14 0 0 0 0 0 0 0 25 99 0 0 22 9 0 0 0 0 0 0 10 9 1 4 11 3 121 468 18 4 0 2 1 0 31 12 7 14 9 112 660 364 572 292 2649 1287 495 369 177 3 651 704 680 0 1 0 0 0 0 0 0 0 0 0 0 0 0 0 0 0 0
0 1 6 10 0 0 18 7 22 7 28 49 2 1 0 0 0 0 0 0 0 0 0 0 2 0 0 0 0 0 0 17 10 1 0 0 0 2 0 0 0 0 0 0 0 0 3 0 0 14 329 401 493 383 67 59 0 0 0 2 0 0 0 0 0 0 0 0 0 0 0 0 0 0 0 0 0 0 0 32 4 1 6 0 0 0 0 15 44 0 6 12 96 0 0 0 0 0 0 5 2 41 18 23 7 11 3 10 0 0 0 0 0 8 14 13 4 4 8 37 219 272 363 704 933 718 486 466 368 699 268 256 0 0 0 0 0 0 0 0 0 0 0 0 0 0 0 0 0 0
3 4 2 7 1 9 5 4 2 0 2 9 1 0 0 0 0 0 0 0 0 0 0 0 1 0 0 0 1 0 7 0 0 0 0 1 0 1 0 0 0 0 0 0 0 3 3 1 5 2 66 159 263 11 30 38 5 0 4 1 0 1 0 0 0 0 0 0 0 0 0 0 0 0 0 0 0 2 6 0 0 1 0 0 0 0 42 51 30 3 4 187 103 31 5 0 0 0 0 32 23 1 34 184 17 0 4 1 16 1 0 0 1 4 2 4 4 35 25 30 122 729 483 339 197 645 751 1441 333 221 90 43 0 0 0 0 0 0 0 0 0 0 0 0 0 0 0 0 0 0
0 2 8 0 9 0 12 31 5 12 5 8 9 1 0 0 0 0 0 0 0 0 0 0 0 0 0 0 2 0 0 0 0 0 0 0 0 0 2 0 0 0 0 0 0 0 0 0 0 2 1 7 107 8 21 0 1 40 81 3 0 1 3 0 0 0 0 0 0 0 0 0 0 0 0 0 0 0 0 0 0 1 15 18 13 16 0 0 15 75 169 176 128 1 10 4 0 0 35 27 58 324 192 339 369 28 11 6 7 2 0 0 0 3 4 1 0 54 22 457 317 599 2298 1538 782 176 2402 2062 1392 0 0 0 0 0 0 0 0 0 0 0 0 0 0 0 0 0 0 0 0 0
6 5 17 0 6 10 3 38 3 5 1 0 0 2 0 0 0 0 0 0 0 1 0 0 0 0 1 1 4 0 0 0 1 5 0 0 1 0 0 0 3 0 0 0 0 0 0 0 0 22 0 0 54 2 16 0 0 3 110 7 1 2 0 0 0 0 0 0 0 0 0 0 0 0 0 0 0 0 0 0 0 4 4 1 0 3 2 11 14 24 116 98 98 35 34 3 0 0 0 8 137 243 362 207 173 46 5 5 2 13 12 0 0 0 4 0 5 718 272 888 558 6 5 135 116 328 296 732 479 1 460 3 0 0 0 0 0 0 0 0 0 0 0 0 0 0 0 0 0 0
2 10 126 14 60 94 32 12 0 1 2 0 4 4 0 1 0 0 0 1 0 0 0 0 0 0 0 0 0 0 0 0 0 0 0 0 0 0 0 0 1 1 1 0 0 1 0 0 0 0 0 9 11 0 0 0 10 1 1 22 3 1 0 0 0 0 0 0 0 0 0 0 0 0 0 0 0 0 0 0 20 38 1 7 74 2 100 7 0 0 0 14 12 2 0 1 0 0 0 4 9 62 942 343 92 208 10 5 6 2 22 0 0 0 0 21 214 432 219 35 0 0 0 0 81 461 155 677 621 9 12 39 0 0 0 0 0 0 0 0 0 0 0 0 0 0 0 0 0 0
2 39 79 145 444 420 135 42 17 0 0 0 0 0 3 1 0 0 0 0 1 7 0 0 0 0 0 0 0 0 0 0 0 0 0 0 0 0 1 0 0 1 0 3 5 10 0 17 2 0 0 130 9 0 0 0 3 0 25 7 0 1 0 0 0 0 0 0 0 0 0 0 0 0 0 0 0 0 5 6 4 1 0 0 1 15 12 176 98 0 0 0 0 0 0 0 0 0 0 0 0 223 554 167 101 110 5 0 1 12 5 3 0 0 5 54 149 18 14 40 0 0 0 0 5 365 339 560 364 18 55 1 0 0 0 0 0 0 0 0 0 0 0 0 0 0 0 0 0 0
3 121 342 907 511 361 165 28 7 0 0 0 0 0 0 1 0 1 0 0 0 5 0 0 6 0 0 1 0 0 0 0 0 0 0 0 0 0 1 0 0 1 0 1 1 0 0 11 22 0 0 0 15 0 0 2 4 0 0 0 0 5 0 0 0 0 0 0 0 0 0 0 0 0 0 0 0 15 0 0 0 0 0 0 0 0 65 36 1 0 2 0 0 0 0 1 0 0 0 0 15 45 15 8 65 70 0 0 1 1 15 11 9 3 3 0 5 4 18 35 27 55 10 0 28 103 89 209 33 2 0 0 0 0 0 0 0 0 0 0 0 0 0 0 0 0 0 0 0 0
0 13 336 245 103 137 36 4 1 0 76 0 0 1 0 0 0 0 5 11 3 2 0 0 1 0 0 0 0 0 4 0 0 0 0 0 0 0 0 1 0 0 0 0 2 3 0 1 5 13 0 0 0 2 0 5 0 0 0 0 0 0 0 0 0 0 0 0 0 0 0 0 0 0 0 0 0 0 0 0 0 0 0 0 0 0 119 19 4 11 32 2 0 0 9 8 0 0 0 563 971 160 185 179 3 447 70 7 0 0 1 10 3 1 0 0 0 0 8 69 114 46 138 356 41 20 0 0 0 0 0 0 0 0 0 0 0 0 0 0 0 0 0 0 0 0 0 0 0 0
10 21 52 75 41 35 5 2 0 2 12 0 0 0 0 0 0 0 0 0 1 48 0 0 0 0 0 0 0 1 0 0 0 0 0 0 0 0 0 0 0 0 0 0 2 20 3 0 0 0 0 0 0 0 4 15 1 0 0 0 0 0 0 0 0 0 0 0 0 0 0 0 0 0 0 0 0 52 0 0 0 0 0 0 0 0 8 8 0 25 43 0 0 0 44 81 74 3 263 1600 458 483 131 39 0 21 25 73 0 2 10 1 0 0 0 0 2 1 37 28 86 8 25 34 11 66 31 18 143 38 11 0 0 0 0 0 0 0 0 0 0 0 0 0 0 0 0 0 0 0
46 39 18 13 0 0 0 2 0 0 0 0 0 0 0 0 0 0 1 3 2 18 11 0 0 0 0 0 0 0 1 1 0 3 3 0 0 0 0 0 0 0 0 0 0 8 5 6 0 0 1 0 1 4 96 10 3 0 0 0 0 0 0 0 0 0 0 0 0 0 0 0 0 0 26 10 0 0 0 0 0 0 0 0 0 0 6 5 0 1 106 15 7 3 107 272 56 4 162 174 20 7 31 3 3 9 0 122 404 128 0 0 0 0 16 0 0 2 1 0 36 0 0 2 27 96 44 76 543 118 43 0 0 0 0 0 0 0 0 0 0 0 0 0 0 0 0 0 0 0
16 1 15 1 0 0 0 0 0 0 0 0 0 0 0 0 0 0 0 0 0 0 0 0 0 0 0 0 0 0 4 42 2 0 0 0 0 0 0 0 1 0 0 0 0 0 0 0 0 0 0 1 57 2 17 1 1 0 0 0 0 0 0 0 0 0 0 0 0 0 0 0 0 0 7 19 0 0 0 0 0 0 0 0 0 0 35 47 135 55 125 12 24 10 3 33 9 2 0 4 5 6 2 0 6 7 154 300 108 42 2 0 2 0 0 0 0 7 0 0 5 7 20 14 14 157 136 245 120 193 31 2 0 0 0 0 0 0 0 0 0 0 0 0 0 0 0 0 0 0
4 1 0 2 5 0 0 0 0 0 0 0 0 0 0 0 0 0 0 3 0 0 0 0 0 0 0 0 5 0 1 3 3 0 0 0 0 0 0 0 0 0 0 0 0 3 0 0 0 0 0 0 5 35 8 0 1 0 0 0 0 0 0 0 0 0 0 0 0 0 0 3 0 2 1 0 0 0 0 0 0 0 0 0 0 0 1 0 112 6 0 0 0 4 0 18 0 3 4 0 0 7 0 7 9 218 576 400 193 86 0 0 0 0 0 0 0 0 86 7 1 36 0 5 0 19 75 40 3 25 1 6 0 0 0 0 0 0 0 0 0 0 0 0 0 0 0 0 0 0
2 0 0 0 0 0 0 0 0 0 0 0 0 0 0 0 0 0 1 0 0 0 0 8 0 0 0 0 0 0 0 0 0 26 1 0 0 0 0 0 0 0 1 0 0 0 0 0 0 0 0 3 10 40 4 1 0 0 0 0 0 0 0 0 0 0 0 0 0 0 3 1 1 1 0 0 0 0 0 0 0 0 0 0 0 0 1 0 0 0 0 0 6 17 4 0 0 0 9 6 4 10 2 1 60 92 72 15 67 132 0 0 0 0 0 0 0 0 3 9 0 8 3 86 109 41 197 58 45 43 11 0 0 0 0 0 0 0 0 0 0 0 0 0 0 0 0 0 0 0
0 0 0 0 3 52 0 0 0 0 0 0 0 0 0 0 0 0 0 0 0 0 0 1 0 0 21 0 0 0 0 0 1 0 1 0 0 0 0 1 0 0 1 1 0 0 0 0 0 0 1 0 5 0 4 0 3 0 0 0 0 0 0 0 0 0 0 1 2 4 0 0 0 0 0 0 0 0 0 0 0 0 0 0 0 0 1 0 1 1 0 44 115 9 1 0 3 0 0 4 3 6 22 9 47 8 0 15 0 7 1 0 0 0 0 0 0 0 0 0 1 5 3 35 0 0 0 165 9 11 0 0 0 0 0 0 0 0 0 0 0 0 0 0 0 0 0 0 0 0
0 0 0 0 70 26 0 0 0 0 0 0 0 0 9 0 0 6 0 0 0 0 0 0 0 0 0 0 4 0 9 0 0 0 0 0 0 0 1 0 0 0 0 2 1 3 0 0 0 0 0 0 0 2 1 0 0 17 0 0 0 0 0 0 0 0 0 0 7 0 0 1 0 0 0 0 0 0 0 0 0 0 0 0 0 0 0 0 45 48 129 356 98 17 0 1 6 0 0 28 28 501 342 51 12 34 2 0 0 7 5 0 0 0 0 0 0 0 0 0 0 0 0 0 0 2 72 22 0 0 0 0 0 0 0 0 0 0 0 0 0 0 0 0 0 0 0 0 0 0
0 0 0 0 6 2 4 0 0 0 0 0 1 1 0 0 0 0 0 0 0 0 0 0 0 0 1 0 0 4 0 0 0 0 0 3 0 0 0 0 0 0 0 0 2 3 0 0 0 2 1 0 0 1 0 0 0 0 0 0 0 0 0 0 0 0 0 0 9 1 0 0 0 0 0 0 0 0 0 0 0 0 0 0 0 1 4 3 31 83 211 113 83 26 1 3 2 11 2 56 105 78 78 15 0 0 0 0 0 14 1 0 0 0 0 0 0 0 0 2 13 61 109 0 0 14 8 1 0 0 0 0 0 0 0 0 0 0 0 0 0 0 0 0 0 0 0 0 0 0
0 0 0 0 0 3 0 0 0 0 0 0 21 11 0 4 0 0 0 0 0 0 0 0 0 3 4 1 0 6 0 0 0 0 1 1 0 1 0 0 0 0 0 2 3 5 2 0 0 5 1 0 1 18 10 2 0 0 0 0 0 0 0 0 0 0 3 5 31 0 0 0 0 0 0 0 0 0 0 0 0 0 0 0 2 11 34 4 5 11 0 1 17 0 26 0 0 3 1 12 53 0 2 4 1 0 0 1 0 27 11 24 5 1 0 0 0 0 0 0 0 0 1 0 0 0 0 3 0 0 0 0 0 0 0 0 0 0 0 0 0 0 0 0 0 0 0 0 0 0
0 0 0 0 1 1 3 3 0 0 0 0 14 1 1 0 0 0 0 0 0 0 0 0 0 0 0 1 0 0 0 0 0 0 0 1 0 0 0 0 0 0 0 0 0 0 8 0 0 3 1 0 0 1 16 15 3 0 0 0 0 0 0 0 0 0 3 26 15 0 0 1 0 0 0 0 0 0 0 0 0 0 0 0 36 4 1 14 3 32 1 1 12 1 3 5 2 31 5 16 13 11 6 0 2 0 0 21 57 114 113 316 48 3 0 0 0 0 0 0 0 0 0 0 0 0 0 0 0 0 0 0 0 0 0 0 0 0 0 0 0 0 0 0 0 0 0 0 0 0
0 0 0 0 0 0 0 0 0 0 0 0 0 0 0 0 0 0 0 0 0 0 0 0 0 0 0 0 3 1 0 0 0 0 0 0 0 0 0 0 0 0 0 0 0 0 2 3 21 0 0 0 1 0 1 77 73 1 18 0 0 0 0 0 1 15 35 75 3 0 0 1 0 0 0 0 0 0 0 0 0 0 0 17 31 0 2 11 16 1 9 4 2 0 0 7 61 14 1 0 7 1 14 4 9 0 21 5 43 36 212 41 265 152 13 0 0 0 0 0 0 0 0 0 0 0 0 0 0 0 0 0 0 0 0 0 0 0 0 0 0 0 0 0 0 0 0 0 0 0
0 0 0 0 0 0 0 0 0 0 1 0 0 0 0 1 0 0 0 0 0 0 0 0 0 0 0 0 1 0 0 0 0 0 0 0 0 0 0 0 0 0 0 0 0 1 0 3 58 1 10 0 0 2 6 1 2 1 38 2 5 4 0 9 2 1 0 3 0 4 0 0 0 0 0 0 0 0 0 0 0 0 0 0 0 0 0 15 2 4 1 0 2 0 15 167 3 0 0 0 0 2 1 0 16 68 372 891 450 97 39 0 282 59 0 0 0 0 0 0 0 0 0 0 0 0 0 0 0 0 0 0 0 0 0 0 0 0 0 0 0 0 0 0 0 0 0 0 0 0
0 0 1 0 0 33 0 4 5 0 0 0 0 0 2 0 1 0 0 0 0 0 0 0 0 0 0 0 0 0 1 0 0 0 0 1 0 0 6 0 3 0 0 1 1 0 5 12 2 0 0 0 6 3 12 4 0 0 0 1 0 0 0 3 1 0 0 1 0 18 2 8 0 0 0 0 0 0 0 0 0 0 0 0 0 0 0 2 0 1 8 22 0 0 99 16 2 0 0 0 0 2 0 5 73 76 136 323 230 192 118 172 385 0 0 0 0 0 0 0 0 0 0 0 0 0 0 0 0 0 0 0 0 0 0 0 0 0 0 0 0 0 0 0 0 0 0 0 0 0
0 3 0 0 18 30 1 0 1 0 0 0 0 0 0 0 0 0 0 0 0 0 0 0 0 0 0 0 0 0 0 0 1 0 0 0 0 2 0 0 4 2 0 0 0 0 1 4 0 11 1 0 1 4 8 0 0 3 6 2 0 0 1 2 1 4 0 0 3 0 0 0 3 4 0 0 0 0 0 0 0 0 0 0 0 0 0 0 1 0 0 0 6 31 2 30 192 0 0 0 0 0 0 53 137 339 2 0 8 70 0 2 1 0 0 0 0 0 0 0 0 0 0 0 0 0 0 0 0 0 0 0 0 0 0 0 0 0 0 0 0 0 0 0 0 0 0 0 0 0
0 0 0 0 0 0 0 0 10 1 0 0 0 0 0 0 0 0 0 1 2 0 0 0 0 0 0 0 0 0 0 5 0 0 0 0 0 0 0 0 0 0 0 0 0 0 1 0 3 4 0 0 0 0 5 0 0 0 2 3 1 3 0 0 0 0 0 0 0 0 2 1 1 0 0 0 0 0 0 0 0 0 0 0 0 0 0 0 0 1 0 17 55 15 10 134 387 0 0 0 0 0 0 2 8 0 0 0 0 0 29 61 0 0 0 0 0 0 0 0 0 0 0 0 0 0 0 0 0 0 0 0 0 0 0 0 0 0 0 0 0 0 3 28 1 0 0 0 0 0
0 0 0 1 0 0 0 0 0 1 0 0 2 0 3 0 0 0 0 0 0 0 0 0 0 0 0 0 0 0 0 0 0 0 0 0 0 0 0 0 0 0 0 0 0 0 0 0 0 0 4 1 3 3 0 0 0 0 1 0 6 0 0 0 0 0 0 0 0 0 6 0 0 0 0 0 0 0 0 0 0 0 0 0 0 0 0 0 19 4 6 27 205 191 52 0 3 0 0 0 0 0 0 18 1 0 0 1 0 117 106 1 0 1 0 0 0 0 0 0 0 0 0 0 0 0 0 0 0 0 0 0 0 0 0 0 0 0 0 0 0 0 0 1 0 0 0 0 0 0
0 0 0 0 0 0 0 0 0 0 0 0 0 1 0 0 0 0 0 0 0 0 0 0 0 0 0 0 0 0 0 0 0 0 0 0 0 0 0 0 0 0 0 0 0 0 0 0 0 0 0 4 11 0 0 0 2 0 1 4 3 0 0 0 0 0 0 0 0 0 0 0 1 0 0 0 0 0 0 0 0 0 0 0 0 0 0 0 0 0 10 70 461 0 0 18 3 0 0 0 0 0 0 5 4 0 0 2 17 2 27 0 0 0 0 0 0 0 0 0 0 0 0 0 0 0 0 0 0 0 0 0 0 0 0 0 0 0 0 0 0 0 0 0 0 0 0 0 0 0
0 0 0 0 0 0 0 0 0 0 0 1 7 2 0 1 0 0 0 0 0 0 0 0 0 0 0 0 0 0 0 0 0 0 0 0 1 0 0 0 0 0 0 0 0 0 0 0 0 0 5 7 2 0 0 0 2 0 1 7 2 1 0 0 0 0 0 0 0 0 1 70 7 0 0 0 0 0 0 0 0 0 0 0 0 0 0 0 0 1 14 17 2 5 18 5 0 0 0 0 0 0 0 0 0 0 0 0 0 0 0 0 0 0 0 0 0 0 0 0 0 0 0 0 0 0 0 0 0 0 0 0 0 0 0 0 0 0 0 0 0 0 0 0 0 0 0 0 0 0
2 0 0 0 0 0 0 0 0 0 0 0 0 0 0 0 0 0 0 0 0 1 1 40 1 0 0 0 0 0 0 0 0 0 0 0 0 0 0 0 0 0 0 0 0 0 0 0 0 0 0 25 4 0 1 0 6 0 0 0 0 26 25 0 0 0 0 0 0 0 0 17 2 3 10 0 0 0 0 0 0 0 0 0 0 0 0 0 0 1 3 63 9 25 15 2 0 0 0 0 0 0 0 0 0 0 0 0 0 0 0 0 0 0 0 0 0 0 0 0 0 0 0 0 0 0 0 0 0 0 0 0 0 0 0 0 0 0 0 0 0 0 0 0 0 0 0 0 0 0
0 0 0 0 0 0 0 0 0 0 0 0 0 0 0 0 0 0 0 0 0 0 1 2 2 0 0 0 0 0 0 0 0 0 0 0 0 0 0 0 0 0 0 0 0 0 0 0 0 1 1 30 28 1 2 1 0 0 0 1 3 21 57 0 0 0 0 0 0 0 0 0 0 0 6 0 0 0 0 0 0 0 0 0 0 0 0 0 0 0 14 7 0 10 18 1 0 0 2 0 0 0 0 0 0 0 0 0 0 0 0 0 0 0 0 0 0 0 0 0 0 0 0 0 0 0 0 0 0 0 0 0 0 0 0 0 0 0 0 0 0 0 0 0 0 0 0 0 0 0
0 0 0 0 0 0 0 0 0 1 0 0 3 0 0 0 2 1 0 0 0 0 0 0 0 0 0 0 0 0 1 0 0 0 0 0 0 0 0 0 0 0 0 0 0 0 0 0 0 1 7 43 160 5 11 5 0 0 0 1 0 14 0 0 0 0 0 0 0 0 0 0 0 4 0 0 0 0 0 0 0 0 0 0 0 0 0 0 0 0 0 0 7 20 4 4 0 0 1 0 0 0 0 0 0 0 0 0 0 0 0 0 0 0 0 0 0 0 0 0 0 0 0 0 0 0 0 0 0 0 0 0 0 0 0 0 0 0 0 0 0 0 0 0 0 0 0 0 0 0
0 0 0 0 0 0 0 0 0 0 0 0 5 3 0 0 1 0 0 0 0 0 0 0 0 1 0 0 0 0 0 0 0 0 0 0 0 0 0 0 0 0 0 0 0 0 0 0 3 4 2 14 119 5 13 0 0 0 0 0 1 7 3 0 0 0 0 0 0 0 0 0 0 0 0 0 0 0 0 0 0 0 0 0 0 0 0 0 0 0 0 0 7 14 6 4 12 2 0 6 0 0 0 0 0 0 0 0 0 0 0 0 0 0 0 0 0 0 0 0 0 0 0 0 0 0 0 0 0 0 0 0 0 0 0 0 0 0 0 0 0 0 0 0 0 0 0 0 0 0
0 0 0 0 0 0 0 0 0 2 0 0 0 1 0 0 0 0 0 0 0 0 0 2 0 0 0 0 0 0 0 0 0 0 0 0 0 0 0 0 0 0 0 0 0 0 0 1 0 2 1 9 17 0 0 0 0 0 0 0 12 8 0 0 0 0 0 0 0 0 0 0 0 0 0 0 0 0 0 0 0 0 0 0 0 0 0 0 0 0 0 0 0 0 0 2 5 0 1 0 0 0 0 0 0 0 0 0 0 0 0 0 0 0 0 0 0 0 0 0 0 0 0 0 0 0 0 0 0 0 0 0 0 0 0 0 0 0 0 0 0 0 0 0 0 0 0 0 0 0
2 0 1 0 0 0 0 0 0 0 2 0 0 0 0 0 0 0 0 0 0 0 0 0 1 0 0 0 0 0 4 1 0 0 9 3 0 0 0 0 0 0 0 0 0 0 6 8 0 0 0 0 0 0 0 0 0 0 0 0 4 0 0 0 0 0 0 0 0 0 0 0 0 0 0 0 0 0 0 0 0 0 0 0 0 0 0 0 0 0 0 0 0 0 0 6 19 11 0 0 0 0 0 0 0 0 0 0 0 0 0 0 0 0 0 0 0 0 0 0 0 0 0 0 0 0 0 0 0 0 0 0 0 0 0 0 0 0 0 0 0 0 0 0 15 10 0 0 0 0
3 0 0 0 0 0 0 0 0 0 0 0 0 0 0 0 2 0 0 2 7 1 0 0 0 3 0 0 0 0 0 0 0 0 0 2 1 0 0 0 0 0 0 0 0 0 3 0 0 0 0 0 0 0 0 0 0 0 0 0 0 0 0 0 0 0 0 0 0 0 0 0 0 0 0 0 0 0 0 0 0 0 0 0 0 0 0 0 0 0 0 0 0 0 3 2 3 1 0 0 2 0 0 0 0 0 0 0 0 0 0 0 0 0 0 0 0 0 0 0 0 0 0 0 0 0 0 0 0 0 0 0 0 0 0 0 0 0 0 0 0 0 0 0 0 0 0 0 0 0
0 0 0 0 0 0 0 0 0 0 0 2 0 0 0 0 0 0 0 0 1 0 0 0 0 0 0 0 0 0 0 0 0 0 0 0 0 0 0 0 0 0 0 0 0 0 0 0 0 0 0 0 0 0 0 0 0 0 0 0 1 0 0 0 0 0 0 0 0 0 0 1 0 0 0 0 0 0 0 0 0 0 0 0 0 0 0 0 0 0 0 0 0 0 7 0 0 0 0 0 0 2 0 0 0 0 0 0 0 0 0 0 0 0 0 0 0 0 0 0 0 0 0 0 0 0 0 0 0 0 0 0 0 0 0 0 0 0 0 0 0 0 0 0 0 0 0 0 0 0
0 0 0 0 0 0 0 0 0 0 6 0 3 0 0 0 0 0 0 0 0 0 0 0 0 0 0 0 0 0 0 0 0 0 0 0 0 0 0 0 0 0 0 0 6 0 0 0 0 0 0 0 0 0 0 0 0 0 0 0 4 0 0 0 0 0 0 0 0 0 2 0 0 0 0 0 0 0 0 0 0 0 0 0 0 0 0 0 0 0 0 0 0 0 2 7 2 0 0 0 0 0 0 0 0 0 0 0 0 0 0 0 0 0 0 0 0 0 0 0 0 0 0 0 0 0 0 0 0 0 0 0 0 0 0 0 0 0 0 0 0 0 0 0 0 0 0 0 0 0
0 0 0 0 0 1 0 0 1 1 0 0 1 1 1 6 1 1 0 0 0 0 0 0 0 0 0 0 0 0 0 0 0 0 0 0 0 0 0 0 0 0 0 4 0 0 0 0 0 0 0 0 0 0 0 0 0 0 0 5 4 0 0 0 0 0 0 0 47 1 0 0 0 0 0 0 0 0 0 0 0 0 0 0 0 0 0 0 0 0 0 0 0 0 0 0 3 0 4 6 0 0 0 0 0 0 0 0 0 0 0 0 0 0 0 0 0 0 0 0 0 0 0 0 0 0 0 0 0 0 0 0 0 0 0 0 0 0 0 0 0 0 0 0 0 0 0 0 0 0
2 0 0 0 0 0 0 0 1 0 0 0 1 0 0 0 1 7 2 0 0 0 0 0 0 0 0 0 0 0 0 0 0 0 0 4 2 5 1 0 0 0 1 0 0 0 0 0 0 0 0 0 0 0 0 0 0 0 0 0 1 5 2 0 9 0 0 3 150 71 5 0 0 0 0 0 0 0 0 0 0 0 0 0 0 0 0 0 0 0 0 0 0 0 0 0 0 3 0 0 0 0 0 0 0 0 0 0 0 0 0 0 0 0 0 0 0 0 0 0 0 0 0 0 0 0 0 0 0 0 0 0 0 0 0 0 0 0 0 0 0 0 0 0 0 0 0 0 0 0
0 0 0 1 0 0 0 0 0 0 0 3 27 7 0 1 38 0 2 8 0 0 0 11 0 1 0 0 0 0 0 0 0 0 5 1 1 7 2 6 0 0 12 0 0 0 0 0 0 0 0 0 0 0 0 0 0 0 0 0 0 3 3 1 113 57 9 0 0 0 0 0 0 0 0 0 0 0 0 0 0 0 0 0 0 0 0 0 0 0 0 0 0 0 0 0 0 0 0 0 0 0 0 0 0 0 0 0 0 0 0 0 0 0 0 0 0 0 0 0 0 0 0 0 0 0 0 0 0 0 0 0 0 0 0 0 0 0 0 0 0 0 0 0 0 0 0 0 0 0
4 58 3 0 0 0 0 0 0 0 0 1 3 0 0 0 1 10 0 11 18 55 52 18 7 0 0 0 0 1 0 0 0 2 0 2 26 0 0 3 0 0 1 0 0 0 0 0 0 0 0 0 0 0 0 0 0 0 0 0 0 0 0 0 0 0 0 0 0 0 0 0 0 0 0 0 0 0 0 0 0 0 0 0 0 0 0 0 0 0 0 0 0 0 0 0 0 0 0 0 0 0 0 0 0 0 0 0 0 0 0 0 0 0 0 0 0 0 0 0 0 0 0 0 0 0 0 0 0 0 0 0 0 0 0 0 0 0 0 0 0 0 0 0 0 0 0 0 0 0
10 4 11 0 2 0 0 0 0 0 0 0 1 0 0 2 5 3 0 4 2 24 9 0 1 3 1 0 3 13 3 0 0 0 0 0 1 0 0 1 5 4 0 0 0 0 0 0 0 0 0 0 0 0 0 0 0 0 0 0 0 0 0 0 0 0 0 0 0 0 0 0 0 0 0 0 0 0 0 0 0 0 0 0 0 0 0 0 0 3 0 0 0 0 0 0 0 0 0 0 0 0 0 0 0 0 0 0 0 0 0 0 0 0 0 0 0 0 0 0 0 0 0 0 0 0 0 0 0 0 0 0 0 0 0 0 0 0 0 0 0 0 0 0 0 0 0 0 0 0
0 0 0 0 1 0 0 0 0 0 0 4 6 0 0 0 0 2 0 7 0 1 3 12 0 11 6 4 1 0 0 0 0 0 4 3 2 0 0 0 0 0 0 0 0 0 0 0 0 0 0 0 0 0 0 0 0 0 0 0 0 0 0 0 0 0 0 0 0 0 0 0 0 0 0 0 0 0 0 0 0 0 0 0 0 0 0 0 0 0 0 0 0 0 0 0 0 0 0 0 0 0 0 0 0 0 0 0 0 0 0 0 0 0 0 0 0 0 0 0 0 0 0 0 0 0 0 0 0 0 0 0 0 0 0 0 0 0 0 0 0 0 0 0 0 0 0 0 0 0
0 0 1 0 0 0 0 0 0 0 0 0 0 0 0 0 0 0 1 1 0 0 0 1 4 15 7 9 17 0 1 1 0 8 4 1 0 0 0 0 0 0 0 0 0 0 0 0 0 0 0 0 0 0 0 0 0 0 0 0 0 0 0 0 0 0 0 0 0 0 0 0 0 0 0 0 0 0 0 0 0 0 0 0 0 0 0 0 0 0 0 0 0 0 0 0 0 0 0 0 0 0 0 0 0 0 0 0 0 0 0 0 0 0 0 0 0 0 0 0 0 0 0 0 0 0 0 0 0 0 0 0 0 0 0 0 0 0 0 0 0 0 0 0 0 0 0 0 0 0
0 0 0 0 0 0 0 0 0 0 0 0 0 0 0 0 0 0 0 0 0 0 0 0 1 0 0 7 112 76 2 4 4 19 0 0 1 0 0 0 0 0 0 0 0 0 0 0 0 0 0 0 0 0 0 0 0 0 0 0 0 0 0 0 0 0 0 0 0 0 0 0 0 0 0 0 0 0 0 0 0 0 0 0 0 0 0 0 0 0 0 0 0 0 0 0 0 0 0 14 0 0 0 0 0 0 0 0 0 0 0 0 0 0 0 0 0 0 0 0 0 0 0 0 0 0 0 0 0 0 0 0 0 0 0 0 0 0 0 0 0 0 0 0 0 0 0 0 0 0
0 0 0 0 0 0 0 0 0 0 0 0 0 0 0 0 0 0 0 0 0 0 0 0 0 5 3 6 0 0 11 0 8 8 0 2 2 0 0 0 0 0 0 0 0 0 0 0 0 0 0 0 0 0 0 0 0 0 0 0 0 0 0 0 0 0 0 0 0 0 0 0 0 0 0 0 0 0 0 0 0 0 0 0 0 0 0 0 0 0 0 0 0 0 0 0 0 0 0 0 0 0 0 0 0 0 0 0 0 0 0 0 0 0 0 0 0 0 0 0 0 0 0 0 0 0 0 0 0 0 0 0 0 0 0 0 0 0 0 0 0 0 0 0 0 0 0 0 0 0
0 0 0 0 0 0 0 0 0 0 0 0 0 0 0 0 0 0 0 0 0 0 0 0 3 3 2 0 0 0 10 3 2 2 1 0 2 2 0 0 0 0 0 0 0 0 0 0 0 0 0 0 0 0 0 0 0 0 0 0 0 0 0 0 0 0 0 0 0 0 0 0 0 0 0 0 0 0 0 0 0 0 0 0 0 0 0 0 0 0 0 0 0 0 0 0 0 0 0 0 0 0 0 0 0 0 0 0 0 0 0 0 0 0 0 0 0 0 0 0 0 0 0 0 0 0 0 0 0 0 0 0 0 0 0 0 0 0 0 0 0 0 0 0 0 0 0 0 0 0
0 0 0 0 0 0 0 0 0 0 0 1 2 1 0 0 0 0 0 0 0 0 0 0 0 0 0 0 0 0 0 0 39 0 0 0 0 0 0 0 0 0 0 0 0 0 0 0 0 0 0 0 0 0 0 0 0 0 0 0 0 0 0 0 0 0 0 0 0 0 0 0 0 0 0 0 0 0 0 0 0 0 0 0 0 0 0 0 0 0 0 0 0 0 0 0 0 0 0 0 0 0 0 0 0 0 0 0 0 0 0 0 0 0 0 0 0 0 0 0 0 0 0 0 0 0 0 0 0 0 0 0 0 0 0 0 0 0 0 0 0 0 0 0 0 0 0 0 0 0
0 0 0 0 0 0 0 0 0 0 3 1 3 0 0 0 0 0 0 0 0 0 0 0 0 0 0 14 2 6 7 0 0 0 0 0 0 0 0 0 0 0 0 0 0 0 0 0 0 0 0 0 0 0 0 0 0 0 0 0 0 0 0 0 0 0 0 0 0 0 0 0 0 0 0 0 0 0 0 0 0 0 0 0 0 0 0 0 0 0 0 0 0 0 0 0 0 0 0 0 0 0 0 0 0 0 0 0 0 0 0 0 0 0 0 0 0 0 0 0 0 0 0 0 0 0 0 0 0 0 0 0 0 0 0 0 0 0 0 0 0 0 0 0 0 0 0 0 0 0
0 0 0 0 0 0 0 0 0 0 0 0 0 0 0 0 0 0 0 0 0 0 0 0 0 0 0 13 4 0 0 0 0 4 0 0 0 0 0 0 0 0 0 0 0 0 0 0 0 0 0 0 0 0 0 0 0 0 0 0 0 0 0 0 0 0 0 0 0 0 0 0 0 0 0 0 0 0 0 0 0 0 0 0 0 0 0 0 0 0 0 0 0 0 0 0 0 0 0 0 0 0 0 0 0 0 0 0 0 0 0 0 0 0 0 0 0 0 0 0 0 0 0 0 0 0 0 0 0 0 0 0 0 0 0 0 0 0 0 0 0 0 0 0 0 0 0 0 0 0
0 0 0 0 0 0 0 0 0 0 0 0 0 1 0 0 0 0 0 0 0 0 0 0 0 0 0 0 0 0 0 0 3 0 0 0 0 0 0 0 0 0 0 0 0 0 0 0 0 0 0 0 0 0 0 0 0 0 0 0 0 0 0 0 0 0 0 0 0 0 0 0 0 0 0 0 0 0 0 0 0 0 0 0 0 0 0 0 0 0 0 0 0 0 0 0 0 0 0 0 0 0 0 0 0 0 0 0 0 0 0 0 0 0 0 0 0 0 0 0 0 0 0 0 0 0 0 0 0 0 0 0 0 0 0 0 0 0 0 0 0 0 0 0 0 0 0 0 0 0
0 0 0 0 0 0 0 0 0 4 0 0 0 0 0 0 0 0 0 0 0 0 0 0 0 0 0 0 0 0 0 0 0 0 0 0 0 0 0 0 0 0 0 0 0 0 0 0 0 0 0 0 0 0 0 0 0 0 0 0 0 0 0 0 0 0 0 0 0 0 0 0 0 0 0 0 0 0 0 0 0 0 0 0 0 0 0 0 0 0 0 0 0 0 0 0 0 0 0 0 0 0 0 0 0 0 0 0 0 0 0 0 0 0 0 0 0 0 0 0 0 0 0 0 0 0 0 0 0 0 0 0 0 0 0 0 0 0 0 0 0 0 0 0 0 0 0 0 0 0
0 0 0 0 0 0 0 0 0 0 6 0 0 0 0 0 0 0 0 0 0 0 0 0 0 0 0 0 0 0 0 0 0 0 0 0 0 0 0 0 0 0 0 0 0 0 0 0 0 0 0 0 0 0 0 1 0 0 0 0 0 0 0 0 0 0 0 0 0 0 0 0 0 0 0 0 0 0 0 0 0 0 0 0 0 0 0 0 0 0 0 0 0 0 0 0 0 0 0 0 0 0 0 0 0 0 0 0 0 0 0 0 0 0 0 0 0 0 0 0 0 0 0 0 0 0 0 0 0 0 0 0 0 0 0 0 0 0 0 0 0 0 0 0 0 0 0 0 0 0
0 0 0 0 0 0 0 0 5 21 0 0 0 0 0 0 0 0 0 0 0 0 0 0 0 0 0 0 0 0 0 0 0 0 0 0 0 0 0 0 0 0 0 0 0 0 0 0 0 0 0 0 0 0 0 0 0 0 0 0 0 0 0 0 0 0 0 0 0 0 0 0 0 0 0 0 0 0 0 0 0 0 0 0 0 0 0 0 0 0 0 0 0 0 0 0 0 0 0 0 0 0 0 0 0 0 0 0 0 0 0 0 0 0 0 0 0 0 0 0 0 0 0 0 0 0 0 0 0 0 0 0 0 0 0 0 0 0 0 0 0 0 0 0 0 0 0 0 0 0
0 0 0 0 1 1 13 12 3 0 0 0 0 0 0 0 0 0 0 0 0 0 0 0 0 0 0 0 0 0 0 0 0 0 0 0 0 0 0 0 0 0 0 0 0 0 0 0 0 12 38 0 0 0 0 0 0 0 0 0 0 0 0 0 0 0 0 0 0 0 0 0 0 0 0 0 0 0 0 0 0 0 0 0 0 0 0 0 0 0 0 0 0 0 0 0 0 0 0 0 0 0 0 0 0 0 0 0 0 0 0 0 0 0 0 0 0 0 0 0 0 0 0 0 0 0 0 0 0 0 0 0 0 0 0 0 0 0 0 0 0 0 0 0 0 0 0 0 0 0
0 0 0 0 0 0 0 5 0 0 0 0 0 0 0 0 0 0 0 0 0 0 0 0 0 0 0 0 0 0 0 0 0 0 0 0 0 0 0 0 0 0 0 0 0 0 0 0 0 0 0 0 0 0 0 0 0 0 0 0 0 0 0 0 0 0 0 0 0 0 0 0 0 0 0 0 0 0 0 0 0 0 0 0 0 0 0 0 0 0 0 0 0 0 0 0 0 0 0 0 0 0 0 0 0 0 0 0 0 0 0 0 0 0 0 0 0 0 0 0 0 0 0 0 0 0 0 0 0 0 0 0 0 0 0 0 0 0 0 0 0 0 0 0 0 0 0 0 0 0
0 0 0 0 0 0 0 0 0 0 0 0 0 0 0 0 0 0 0 0 0 0 0 0 0 0 0 0 0 0 0 0 0 0 0 0 0 0 0 0 0 0 0 0 0 0 0 0 0 0 0 0 0 11 0 0 0 0 0 0 0 0 0 0 0 0 0 0 0 0 0 0 0 0 0 0 0 0 0 0 0 0 0 0 0 0 0 0 0 0 0 0 0 0 0 0 0 0 0 0 0 0 0 0 0 0 0 0 0 0 0 0 0 0 0 0 0 0 0 0 0 0 0 0 0 0 0 0 0 0 0 0 0 0 0 0 0 0 0 0 0 0 0 0 0 0 0 0 0 0
0 0 0 0 0 0 0 0 0 0 0 0 0 0 0 0 0 0 0 0 0 0 0 0 0 0 0 0 0 0 0 0 0 0 0 2 0 0 0 0 0 0 0 0 0 0 0 0 0 0 0 0 0 0 0 0 0 0 0 0 0 0 0 0 0 0 0 0 0 0 0 0 0 0 0 0 0 0 0 0 0 0 0 0 0 0 0 0 0 0 0 0 0 0 0 0 0 0 0 0 0 0 0 0 0 0 0 0 0 0 0 0 0 0 0 0 0 0 0 0 0 0 0 0 0 0 0 0 0 0 0 0 0 0 0 0 0 0 0 0 0 0 0 0 0 0 0 0 0 0
0 0 0 0 0 0 0 0 0 0 0 0 0 0 0 0 0 0 0 0 0 0 0 0 0 0 0 0 0 0 0 0 0 0 0 0 0 0 0 0 0 0 0 0 0 0 0 0 0 0 0 1 3 0 0 0 0 0 0 0 0 0 0 0 0 0 0 0 0 0 0 0 0 0 0 0 0 0 0 0 0 0 0 0 0 0 0 0 0 0 0 0 0 0 0 0 0 0 0 0 0 0 0 0 0 0 0 0 0 0 0 0 0 0 0 0 0 0 0 0 0 0 0 0 0 0 0 0 0 0 0 0 0 0 0 0 0 0 0 0 0 0 0 0 0 0 0 0 0 0
0 0 0 0 0 0 0 0 0 0 0 0 0 0 0 0 0 0 0 0 0 0 0 0 0 0 0 0 0 0 0 2 1 0 0 0 0 0 0 0 0 0 0 0 0 0 0 0 0 0 0 0 0 0 0 0 0 0 0 0 0 0 0 0 0 0 0 0 0 0 0 0 0 0 0 0 0 0 0 0 0 0 0 0 0 0 0 0 0 0 0 0 0 0 0 0 0 0 0 0 0 0 0 0 0 0 0 0 0 0 0 0 0 0 0 0 0 0 0 0 0 0 0 0 0 0 0 0 0 0 0 0 0 0 0 0 0 0 0 0 0 0 0 0 0 0 0 0 0 0
0 0 0 0 0 0 0 0 0 0 0 0 0 0 0 0 0 0 0 0 0 0 0 0 0 0 0 0 0 1 0 0 0 0 1 0 0 0 0 0 0 0 0 0 0 0 0 0 0 0 0 0 0 2 0 0 0 0 0 0 0 0 0 0 0 0 0 0 0 0 0 0 0 0 0 0 0 0 0 0 0 0 0 0 0 0 0 0 0 0 0 0 0 0 0 0 0 0 0 0 0 0 0 0 0 0 0 0 0 0 0 0 0 0 0 0 0 0 0 0 0 0 0 0 0 0 0 0 0 0 0 0 0 0 0 0 0 0 0 0 0 0 0 0 0 0 0 0 0 0
0 0 0 0 0 0 0 0 0 0 0 0 0 0 0 0 0 0 0 0 0 0 0 0 0 0 0 0 0 0 0 8 5 0 0 0 0 0 0 0 0 0 0 0 0 0 0 0 0 0 0 0 0 0 0 0 0 0 0 0 0 0 0 0 0 0 0 0 0 0 0 0 0 0 0 0 0 0 0 0 0 0 0 0 0 0 0 0 0 0 0 0 0 0 0 0 0 0 0 0 0 0 0 0 0 0 0 0 0 0 0 0 0 0 0 0 0 0 0 0 0 0 0 0 0 0 0 0 0 0 0 0 0 0 0 0 0 0 0 0 0 0 0 0 0 0 0 0 0 0
0 0 0 0 0 0 0 0 0 0 0 0 0 0 0 0 0 0 0 0 0 0 0 0 0 0 0 0 0 0 12 12 0 0 0 0 0 0 0 0 0 0 0 0 0 0 0 0 0 0 0 0 0 0 0 0 0 0 0 0 0 1 0 0 0 0 0 0 0 0 0 0 0 0 0 0 0 0 0 0 0 0 0 0 0 0 0 0 0 0 0 0 0 0 0 0 0 0 0 0 0 0 0 0 0 0 0 0 0 0 0 0 0 0 0 0 0 0 0 0 0 0 0 0 0 0 0 0 0 0 0 0 0 0 0 0 0 0 0 0 0 0 0 0 0 0 0 0 0 0
0 0 0 0 0 0 0 0 0 0 0 0 0 0 0 0 0 0 0 0 0 0 0 0 0 0 1 0 0 5 0 0 0 0 0 0 0 0 0 0 0 0 0 0 0 0 0 0 0 0 0 0 0 0 0 0 0 0 0 0 0 0 0 0 0 0 0 0 0 0 0 0 0 0 0 0 0 0 0 0 0 0 0 0 0 0 0 0 0 0 0 0 0 0 0 0 0 0 0 0 0 0 0 0 0 0 0 0 0 0 0 0 0 0 0 0 0 0 0 0 0 0 0 0 0 0 0 0 0 0 0 0 0 0 0 0 0 0 0 0 0 0 0 0 0 0 0 0 0 0
0 0 0 0 0 0 0 0 0 0 0 0 0 0 0 0 0 0 0 0 0 0 0 0 0 0 0 0 0 58 35 0 0 0 0 0 0 0 0 0 0 0 0 0 0 0 0 0 0 0 1 0 0 0 0 0 0 0 0 0 0 0 0 0 0 0 0 0 0 0 0 0 0 0 0 0 0 0 0 0 0 0 0 0 0 0 0 0 0 0 0 0 0 0 0 0 0 0 0 0 0 0 0 0 0 0 0 0 0 0 0 0 0 0 0 0 0 0 0 0 0 0 0 0 0 0 0 0 0 0 0 0 0 0 0 0 0 0 0 0 0 0 0 0 0 0 0 0 0 0
0 0 0 0 0 0 0 0 0 0 0 0 0 0 0 0 0 0 0 0 0 0 0 0 0 0 1 0 0 0 0 0 0 0 0 0 0 0 0 0 0 0 0 0 0 0 0 0 0 92 0 0 0 0 0 0 0 0 0 0 0 0 0 0 0 0 0 0 0 0 0 0 0 0 0 0 0 0 0 0 0 0 0 0 0 0 0 0 0 0 0 0 0 0 0 0 0 0 0 0 0 0 0 0 0 0 0 0 0 0 0 0 0 0 0 0 0 0 0 0 0 0 0 0 0 0 0 0 0 0 0 0 0 0 0 0 0 0 0 0 0 0 0 0 0 0 0 0 0 0
0 0 0 0 0 0 0 0 0 0 0 0 0 0 0 0 0 0 0 0 0 0 0 0 0 0 14 0 0 0 0 0 0 0 0 0 0 0 0 0 0 0 0 0 0 0 0 0 0 0 0 0 0 0 0 0 0 0 0 0 0 0 0 0 0 0 0 0 0 0 0 0 0 0 0 0 0 0 0 0 0 0 0 0 0 0 0 0 0 0 0 0 0 0 0 0 0 0 0 0 0 0 0 0 0 0 0 0 0 0 0 0 0 0 0 0 0 0 0 0 0 0 0 0 0 0 0 0 0 0 0 0 0 0 0 0 0 0 0 0 0 0 0 0 0 0 0 0 0 0
0 0 0 0 0 0 0 0 0 0 0 0 0 0 0 0 0 0 0 0 0 0 0 0 0 0 0 0 3 0 0 0 0 0 0 0 0 0 0 0 0 0 0 0 0 0 0 0 0 0 0 0 0 0 0 0 0 0 0 0 0 0 0 0 0 0 0 0 0 0 0 0 0 0 0 0 0 0 0 0 0 0 0 0 0 0 0 0 0 0 0 0 0 0 0 0 0 0 0 0 0 0 0 0 0 0 0 0 0 0 0 0 0 0 0 0 0 0 0 0 0 0 0 0 0 0 0 0 0 0 0 0 0 0 0 0 0 0 0 0 0 0 0 0 0 0 0 0 0 0
0 0 0 0 0 0 0 0 0 0 0 0 0 0 0 0 0 0 0 0 0 0 0 0 0 0 0 0 0 0 0 0 0 0 0 0 0 0 0 0 0 0 0 0 0 0 0 0 0 0 0 0 0 0 0 0 0 0 0 0 0 0 0 0 0 0 0 0 0 0 0 0 0 0 0 0 0 0 0 0 0 0 0 0 0 0 0 0 0 0 0 0 0 0 0 0 0 0 0 0 0 0 0 0 0 0 0 0 0 0 0 0 0 0 0 0 0 0 0 0 0 0 0 0 0 0 0 0 0 0 0 0 0 0 0 0 0 0 0 0 0 0 0 0 0 0 0 0 0 0
0 0 0 0 0 0 0 0 0 0 0 0 0 0 0 0 0 0 0 0 0 0 0 0 0 0 0 0 0 0 0 0 0 0 0 0 0 0 0 0 0 0 0 0 0 0 0 0 0 0 0 0 0 0 0 0 0 0 0 0 0 0 0 0 0 0 0 0 0 0 0 0 0 0 0 0 0 0 0 0 0 0 0 0 0 0 0 0 0 0 0 0 1 0 0 0 0 0 0 0 0 0 0 0 0 0 0 0 0 0 0 0 0 0 0 0 0 0 0 0 0 0 0 0 0 0 0 0 0 0 0 0 0 0 0 0 0 0 0 0 0 0 0 0 0 0 0 0 0 0
0 0 0 0 0 0 0 0 0 0 0 0 0 0 0 0 0 0 0 0 0 0 0 0 0 0 0 0 0 0 0 0 0 0 0 0 0 0 0 0 0 0 0 0 0 0 0 0 0 0 0 0 0 0 0 0 0 0 0 0 0 0 0 0 0 0 0 0 0 0 0 0 0 0 0 0 0 0 0 0 0 0 0 0 0 0 0 0 0 0 0 0 0 0 0 0 0 0 0 0 0 0 0 0 0 0 0 0 0 0 0 0 0 0 0 0 0 0 0 0 0 0 0 0 0 0 0 0 0 0 0 0 0 0 0 0 0 0 0 0 0 0 0 0 0 0 0 0 0 0
0 0 0 0 0 0 0 0 0 0 0 0 0 0 0 0 0 0 0 0 0 0 0 0 0 0 0 0 0 0 0 0 0 0 0 0 0 0 0 0 0 0 0 0 0 0 0 0 0 0 0 0 0 0 0 0 0 0 0 0 0 0 0 0 0 0 0 0 0 0 0 0 0 0 0 0 0 0 0 0 0 0 0 0 0 0 0 0 0 0 0 0 0 0 0 0 0 0 0 0 0 0 0 0 0 0 0 0 0 0 0 0 0 0 0 0 0 0 0 0 0 0 0 0 0 0 0 0 0 0 0 0 0 0 0 0 0 0 0 0 0 0 0 0 0 0 0 0 0 0
0 0 0 0 0 0 0 0 0 0 0 0 0 0 0 0 0 0 0 0 0 0 0 0 0 0 0 0 0 0 0 0 0 0 0 0 0 0 0 0 0 0 0 0 0 0 0 0 0 0 0 0 0 0 0 0 0 0 0 0 0 0 0 0 0 0 0 0 0 0 0 0 0 0 0 0 0 0 0 0 0 0 0 0 0 0 0 0 0 0 0 0 0 0 0 0 0 0 0 0 0 0 0 0 0 0 0 0 0 0 0 0 0 0 0 0 0 0 0 0 0 0 0 0 0 0 0 0 0 0 0 0 0 0 0 0 0 0 0 0 0 0 0 0 0 0 0 0 0 0
