0 0 12 2 0 0 0 0 13 47 3 2 0 7 0 0 0 0 6 0 0 6 6 0 0 6 0 0 0 0 0 0 0 3 0 1 0 0 0 1 0 0 0 0 9 0 0 0 0 0 0 0 0 0 0 0 0 0 0 0 40 12 0 2 0 1 1 0 0 0 0 0 8 40 93 156 37 0 16 1 17 238 8 24 33 99 112 159 34 72 713 402 25 348 255 336 464 254 510 102 87 51 10 7 21 3 11 199 106 33 4 4 16 35 10 13 7 2 0 0 0 16 10 5 0 2 0 0 3 5 6 14 0 1 0 0 0 0 0 0 1 0 0 0 0 0 0 0 0 3
0 1 3 7 0 0 0 0 0 4 0 6 2 0 0 0 0 0 7 0 0 2 10 0 1 9 0 4 0 0 0 0 0 0 0 0 0 0 2 0 0 0 0 0 0 0 0 0 0 0 0 0 0 1 5 0 0 0 0 8 59 4 1 39 2 1 0 2 0 0 0 0 41 16 12 0 58 23 7 11 35 30 5 1 31 278 130 65 169 93 34 6 143 131 74 81 186 307 503 367 153 61 17 7 10 1 2 44 9 8 6 3 0 2 39 39 1 0 0 7 1 0 5 1 0 8 2 1 2 18 21 2 32 31 0 0 0 0 1 25 3 0 0 0 0 0 0 0 0 0
0 0 0 0 28 0 0 0 1 11 0 0 9 0 0 0 0 3 0 0 0 7 19 12 1 0 0 5 0 0 0 0 0 2 0 0 0 3 0 8 0 0 0 0 0 0 0 0 0 0 0 0 0 1 1 0 0 0 0 7 6 3 0 1 0 0 0 0 0 1 0 0 1 0 0 0 0 6 51 96 20 36 6 9 12 69 278 136 3 0 92 10 23 140 287 395 75 221 92 225 251 124 12 22 10 4 3 14 79 53 14 1 3 2 7 1 7 9 2 2 42 157 1 6 4 1 5 1 1 3 8 6 40 53 0 0 1 0 4 28 2 0 0 0 0 0 0 0 0 0
21 1 0 0 0 0 0 0 0 0 2 2 0 0 0 5 0 0 1 1 0 0 1 2 1 0 4 12 10 0 2 0 0 0 0 0 0 2 0 0 6 0 0 0 0 0 0 0 0 0 0 0 0 0 17 10 0 7 20 3 0 1 1 13 0 0 0 0 0 0 3 102 2 0 0 0 6 32 94 74 70 25 5 50 72 6 19 99 0 102 433 367 733 328 357 159 58 79 289 153 280 233 39 83 3 43 4 13 135 30 7 12 8 1 0 1 24 13 39 3 10 33 5 4 0 2 0 4 3 0 0 9 8 3 1 3 7 0 0 38 16 4 0 0 0 0 0 0 0 0
3 5 0 0 0 0 0 0 5 7 1 0 0 0 0 9 5 2 0 1 0 0 1 0 0 0 0 0 0 0 0 0 0 0 0 9 8 0 0 0 0 0 0 0 0 0 0 0 0 1 0 0 0 1 21 97 16 20 1 0 2 1 0 4 0 0 0 0 0 5 49 49 41 56 18 16 12 66 108 103 210 137 63 5 70 34 23 25 8 284 793 236 342 381 265 81 34 363 154 314 381 388 373 330 153 42 23 26 2 3 8 9 13 36 61 0 1 1 20 19 109 269 50 11 2 0 1 0 0 1 0 2 0 0 0 0 0 0 0 0 11 2 0 0 0 0 0 0 0 0
9 1 0 0 0 0 0 0 3 2 0 0 0 0 0 0 0 0 2 47 4 2 1 0 0 0 0 1 0 0 0 1 0 0 2 30 13 6 0 0 0 0 0 0 0 0 0 0 0 4 11 3 0 1 2 6 13 5 9 5 0 0 5 0 0 0 0 0 0 27 28 60 83 32 54 29 18 13 11 95 272 238 126 19 0 101 23 8 0 125 846 509 37 206 344 316 70 764 176 202 192 198 612 184 36 69 8 27 3 1 0 1 1 18 4 11 6 0 0 1 60 38 6 2 1 3 0 0 1 0 0 0 0 0 0 0 0 0 0 0 1 2 0 0 0 0 0 0 0 0
0 0 0 0 0 0 0 0 0 7 4 0 0 0 0 0 0 0 0 0 1 0 1 0 0 0 0 0 0 0 1 0 0 1 0 8 0 1 5 0 0 0 0 0 0 0 0 0 0 0 0 2 5 0 3 9 5 3 19 8 3 2 0 0 5 0 0 0 2 42 16 16 185 130 117 44 158 64 164 218 429 230 381 167 73 2 0 105 51 65 693 508 45 215 308 233 127 266 355 24 5 147 33 32 7 15 18 2 5 0 20 65 71 4 65 11 0 1 14 5 36 32 3 2 0 3 5 0 0 0 2 0 0 0 0 0 0 0 0 0 0 0 0 0 0 0 0 0 0 0
1 0 0 0 0 0 0 0 0 0 0 0 0 0 0 0 0 0 0 0 0 0 0 0 0 0 0 0 0 1 18 0 0 0 1 0 0 0 39 3 0 0 0 0 0 0 0 0 0 0 0 0 3 3 1 5 0 5 50 21 41 12 20 0 15 19 0 0 1 33 1 0 15 42 21 34 36 65 260 381 334 218 321 111 60 45 75 206 58 83 258 23 19 193 193 146 156 377 398 107 85 152 206 332 71 74 8 23 50 6 94 224 14 9 20 12 1 1 2 3 7 7 3 7 4 2 10 0 0 0 0 0 0 0 0 0 0 0 0 0 0 0 0 0 0 0 0 0 0 0
4 1 0 0 0 0 1 0 1 2 0 0 0 6 5 0 0 0 0 0 0 0 0 0 0 0 0 0 0 0 1 0 0 0 0 0 0 0 0 0 0 0 0 0 0 0 0 0 0 0 0 0 0 6 0 0 1 5 4 12 130 103 5 2 0 7 0 1 1 13 5 0 0 1 1 5 11 12 22 207 269 359 333 15 3 3 103 113 181 21 3 5 149 485 647 643 41 167 134 60 124 31 59 207 204 59 68 123 16 24 264 74 97 4 9 0 1 1 1 1 12 4 3 3 3 1 1 2 0 0 6 0 0 0 0 0 0 0 0 0 0 0 0 0 0 0 0 0 0 0
0 0 0 0 0 0 1 1 7 1 0 0 0 0 0 0 0 0 0 0 0 0 0 0 0 0 0 0 0 0 0 0 0 0 0 1 0 0 0 2 0 0 0 0 0 0 0 0 2 0 1 0 5 2 0 0 0 1 0 9 9 51 8 12 1 0 0 0 1 4 0 0 0 0 0 4 3 27 69 281 308 260 350 107 464 322 165 38 69 52 22 4 3 232 545 737 348 89 47 7 26 25 13 2 24 120 121 101 22 10 132 217 74 4 3 67 92 259 136 10 7 3 11 9 4 8 4 0 2 5 61 6 0 0 0 0 0 0 0 0 0 0 0 0 0 0 0 0 0 0
0 0 0 0 0 0 9 0 5 0 1 0 0 0 5 0 0 0 0 0 0 0 0 0 0 0 0 0 0 0 0 0 0 0 0 7 0 2 0 0 0 3 0 0 0 0 10 6 3 6 9 0 8 1 0 0 2 5 0 4 0 65 3 0 1 0 1 0 1 1 0 0 0 0 0 0 5 5 45 107 125 137 169 112 60 163 73 190 191 125 28 0 5 86 194 358 423 18 5 71 9 6 4 7 78 165 309 186 123 89 183 46 76 5 0 52 89 235 113 121 154 61 88 50 52 155 39 48 32 16 4 59 18 5 2 0 0 0 0 0 0 0 0 0 0 0 0 0 0 0
0 0 0 0 0 0 0 0 8 2 0 0 0 0 0 0 4 0 0 0 0 0 0 0 0 0 0 0 0 0 0 0 0 5 6 0 1 1 0 0 0 0 0 2 1 0 0 1 0 0 0 0 1 0 0 1 1 1 0 5 0 0 0 0 0 1 0 0 1 0 4 2 0 0 0 0 6 15 58 107 209 36 15 20 77 51 14 10 42 297 4 0 0 0 1 51 538 204 106 5 0 4 5 17 11 32 155 88 9 15 147 94 28 40 13 109 220 85 232 430 121 230 117 22 36 49 0 0 0 33 3 0 45 14 38 0 0 0 0 0 0 0 0 0 0 0 0 0 0 0
0 0 0 0 0 2 0 0 0 0 0 0 0 0 0 0 0 3 0 1 19 0 0 1 0 0 0 0 0 0 0 0 0 0 0 0 0 0 0 0 0 3 15 5 5 0 0 6 0 0 0 0 1 1 2 0 0 0 1 0 1 1 0 0 0 0 1 1 2 0 2 0 0 0 0 9 85 23 76 19 57 68 6 0 3 3 1 2 0 0 1 0 0 22 45 18 349 179 304 302 7 0 19 0 6 4 3 51 162 174 482 302 43 432 132 5 5 42 620 479 65 144 56 0 15 49 2 0 15 19 0 1 16 10 0 0 0 0 0 0 0 0 0 0 0 0 0 0 0 0
0 0 0 0 0 0 0 0 0 0 0 0 0 0 0 0 0 0 38 6 11 4 0 0 0 0 0 0 0 2 4 0 0 0 0 0 0 0 0 0 0 1 1 16 15 0 0 0 2 0 0 24 1 0 0 0 0 0 0 0 7 3 3 0 0 0 16 8 5 6 14 0 0 0 0 138 360 166 74 20 40 202 12 6 15 109 2 1 1 10 0 0 0 29 2 15 33 262 48 105 0 4 180 59 184 39 31 152 75 210 592 331 414 195 103 131 78 93 562 183 37 43 0 1 0 4 7 0 7 0 0 0 1 0 0 0 0 0 0 0 0 0 0 0 0 0 0 0 0 0
0 0 0 0 0 0 0 0 5 2 0 0 0 0 0 0 0 0 1 1 0 0 1 0 0 0 0 0 0 0 0 0 0 0 0 0 0 0 0 0 0 0 0 9 12 0 0 0 0 7 0 63 0 0 0 0 2 9 0 23 36 7 0 9 1 56 59 49 101 51 28 0 0 0 37 311 499 493 172 10 0 106 19 1 0 32 3 6 6 20 2 7 0 1 0 0 12 160 124 169 11 30 264 344 868 673 787 378 430 413 335 215 170 236 282 75 66 38 21 32 43 58 57 38 0 8 20 4 1 3 1 0 0 0 0 0 0 0 0 0 0 0 0 0 0 0 0 0 0 0
0 0 0 0 0 0 0 16 11 0 0 0 0 0 0 0 0 0 0 0 0 3 6 0 0 0 0 0 3 3 0 0 0 0 0 0 0 0 0 0 0 0 0 1 0 7 0 0 0 13 29 41 0 0 0 5 10 23 2 28 12 8 2 16 7 15 74 30 21 45 85 28 32 48 250 339 626 360 42 5 0 2 0 0 0 0 8 89 3 19 2 2 0 0 2 31 16 15 17 11 4 1 561 267 184 317 387 140 218 288 450 275 317 153 125 27 2 68 27 27 17 2 162 124 10 18 6 0 3 1 0 0 0 0 10 0 0 0 0 0 0 0 0 0 0 0 0 0 0 0
0 0 0 0 0 0 0 0 0 0 0 0 0 0 0 0 16 0 0 0 0 0 5 14 5 0 1 0 0 1 0 0 0 0 0 0 0 0 0 0 0 0 0 0 0 6 0 0 2 21 4 1 0 10 3 15 12 45 39 33 3 1 0 0 0 0 0 0 0 0 0 0 38 11 87 175 302 114 45 0 0 1 0 0 0 0 0 11 13 0 0 0 2 0 0 6 13 0 3 37 9 120 438 236 148 87 200 94 274 326 244 220 285 95 109 29 20 18 61 1 0 0 9 12 16 136 1 5 2 0 0 0 0 0 0 0 0 0 0 0 0 0 0 0 0 0 0 0 0 1
0 0 0 0 0 0 0 0 0 0 0 0 3 0 0 1 0 11 3 2 0 2 0 0 10 0 2 2 0 0 0 0 0 0 0 0 0 0 0 0 0 0 1 2 0 12 32 1 5 12 10 26 5 29 53 13 7 37 118 7 3 2 0 0 2 3 6 21 1 25 23 0 43 4 9 32 16 51 24 8 1 0 1 0 0 1 0 0 41 0 0 11 18 22 6 0 3 0 57 293 85 208 83 56 44 248 65 56 273 182 51 45 50 33 31 7 28 81 4 28 0 0 0 2 96 166 70 7 3 1 0 0 0 0 0 0 0 0 0 0 0 0 0 0 0 0 0 0 0 0
0 0 0 0 0 5 1 0 0 0 0 0 1 0 0 0 0 0 0 2 1 0 1 0 6 0 22 31 16 0 0 0 0 0 0 2 0 0 0 0 0 1 0 4 12 8 4 9 4 202 65 5 14 12 1 10 54 27 13 11 30 12 1 0 0 0 3 3 1 7 4 6 19 5 1 35 13 10 5 1 2 0 5 16 0 5 4 8 1 0 0 19 30 76 11 0 0 5 101 6 71 142 28 10 26 26 96 173 244 0 0 26 4 146 49 0 4 1 0 0 0 0 0 0 2 73 120 142 6 1 0 0 0 0 0 0 0 0 0 0 0 0 0 0 0 0 0 0 0 0
0 0 0 0 0 0 0 0 0 0 0 0 0 0 0 0 1 0 0 4 0 5 36 5 5 4 1 6 155 1 0 0 0 1 0 0 0 0 0 0 0 1 1 47 3 65 34 5 1 50 15 1 1 6 40 17 9 43 1 0 1 1 0 0 0 3 0 1 3 1 19 42 3 0 0 46 8 0 1 0 1 0 0 0 0 8 3 10 3 0 3 9 1 1 0 9 0 20 34 1 397 628 426 59 32 44 54 131 55 5 0 0 1 53 11 0 0 0 0 0 0 0 0 6 5 0 3 49 16 0 0 0 0 0 0 0 0 0 0 0 0 0 0 0 0 0 0 0 0 0
0 0 0 0 0 0 0 0 0 0 0 0 0 0 0 0 0 0 4 0 0 12 2 1 0 16 0 0 0 0 0 2 0 0 0 0 0 0 0 0 6 6 4 6 3 4 10 15 38 89 119 96 14 8 5 1 40 2 1 0 0 1 3 4 89 42 0 0 9 15 32 24 3 0 3 80 94 50 5 12 3 10 0 0 0 0 1 2 7 3 3 0 0 0 0 0 0 3 167 139 531 513 198 48 0 11 53 81 4 0 0 0 0 3 0 0 0 0 0 0 0 0 1 2 0 0 7 173 0 0 0 0 0 0 0 0 0 0 0 0 0 0 0 0 0 0 0 0 0 0
0 0 0 0 0 0 0 0 0 0 0 0 0 10 0 0 0 0 0 0 0 1 1 0 1 1 0 0 0 0 3 72 6 0 0 0 0 5 0 0 40 8 0 0 1 0 0 3 165 370 129 153 16 0 0 2 0 1 0 0 1 5 0 0 4 5 4 0 3 21 12 16 4 0 1 1 36 16 12 28 2 21 1 8 5 5 7 2 51 18 1 1 0 0 0 3 3 0 44 142 68 19 8 0 1 5 44 21 5 0 0 0 1 29 0 0 0 0 0 0 0 0 0 0 0 13 14 0 0 5 11 0 0 0 0 0 0 0 0 0 0 0 0 0 0 0 0 0 0 0
0 0 0 0 0 0 0 0 0 0 0 0 0 0 1 0 0 0 0 0 0 0 1 0 2 0 0 0 0 0 3 1 17 3 3 0 9 32 7 0 0 0 0 0 0 0 3 6 9 217 119 50 9 0 0 0 0 0 2 0 0 0 0 0 2 1 5 1 0 4 9 11 8 32 2 0 0 1 3 12 0 10 11 0 0 5 3 2 0 0 0 0 1 1 0 0 1 0 2 0 11 0 5 15 17 18 16 23 42 37 36 4 7 0 0 0 0 0 0 0 0 0 0 1 13 20 24 1 0 0 0 0 0 0 0 0 0 0 0 0 0 0 0 0 0 0 0 0 0 0
0 0 2 0 0 0 0 0 0 0 0 0 0 2 0 0 2 0 0 0 4 0 0 1 0 0 0 0 0 0 1 3 5 6 3 1 2 3 3 0 0 0 0 0 4 22 6 20 1 76 43 7 1 3 4 0 3 6 0 0 0 0 0 0 0 0 0 1 0 0 0 0 43 25 2 3 0 0 0 0 0 2 44 191 0 0 2 1 0 0 0 0 0 0 0 0 0 0 1 5 2 0 0 27 25 34 1 0 1 26 0 37 8 0 0 0 0 0 0 0 0 0 0 25 3 5 6 30 0 0 0 2 0 0 0 0 0 0 0 0 0 0 0 0 0 0 0 0 0 0
0 0 0 0 0 0 0 0 0 0 0 0 0 0 0 0 0 1 0 0 0 0 1 0 0 0 0 0 0 0 0 2 1 1 2 0 0 54 0 0 0 0 0 14 10 9 20 1 4 17 35 13 4 6 6 1 0 7 0 0 0 0 0 0 2 0 0 4 0 1 4 1 6 6 14 5 0 0 0 0 1 1 2 33 4 2 0 0 0 1 1 1 0 0 0 0 1 0 0 1 7 0 2 3 179 0 0 2 0 0 0 0 0 0 0 0 0 0 0 0 0 0 0 0 0 13 19 2 0 0 1 0 0 0 0 0 0 0 0 0 0 0 0 0 0 0 0 0 0 0
0 0 0 0 0 0 0 0 0 0 0 0 0 0 2 0 0 0 0 0 0 4 1 1 0 0 0 0 0 0 0 0 0 39 25 0 0 8 0 0 0 0 0 12 49 6 2 1 2 0 20 4 0 1 0 1 0 2 0 0 2 0 0 1 1 0 0 2 1 5 1 20 0 7 0 2 11 0 1 0 0 0 0 1 0 9 2 2 1 3 0 0 0 1 1 0 0 2 5 2 6 6 3 58 122 151 0 2 0 0 0 1 1 0 4 3 0 0 0 1 0 0 0 0 0 11 19 18 1 0 0 0 0 0 0 0 1 7 0 0 0 0 0 0 0 0 0 0 0 0
0 0 0 0 0 0 0 0 0 0 0 0 0 0 6 0 0 1 0 0 0 3 0 0 0 0 0 6 1 0 0 4 0 2 5 1 0 0 0 2 0 0 0 2 29 3 1 0 1 0 12 2 1 0 0 0 0 0 0 0 0 0 0 1 2 0 0 1 1 2 0 1 0 0 0 4 8 2 0 0 0 0 14 1 0 1 2 3 10 0 0 1 1 0 0 5 0 0 0 0 9 5 6 1 28 215 19 0 0 0 0 0 0 2 5 3 0 0 2 3 0 0 0 0 0 54 3 12 0 0 0 0 0 0 0 0 0 4 0 0 0 0 0 0 1 0 0 0 0 0
0 0 0 0 0 0 0 0 2 0 0 0 0 0 2 0 4 8 9 0 0 4 0 0 0 0 0 0 0 1 1 1 0 5 0 0 0 13 7 2 19 12 13 48 67 12 2 0 2 0 0 10 4 2 0 1 0 0 0 0 0 0 0 0 0 0 0 0 1 13 23 7 6 1 0 0 0 1 0 0 0 0 0 0 0 0 1 6 2 2 0 0 1 1 0 0 0 0 0 0 0 3 5 0 11 333 279 20 4 0 0 0 0 0 0 0 1 60 21 2 0 0 0 22 37 15 27 54 52 7 0 0 0 0 0 2 0 0 0 0 0 0 0 0 0 0 0 0 0 0
0 0 0 0 0 0 1 0 0 0 0 0 3 0 2 2 10 13 1 2 0 2 1 0 0 0 0 0 4 1 0 1 0 0 2 2 10 11 39 69 78 304 129 173 42 14 0 0 0 0 0 1 11 2 1 1 0 0 0 0 0 0 0 0 0 0 0 0 0 0 2 8 13 0 53 3 2 4 1 0 0 2 0 0 9 0 0 0 3 2 8 5 0 0 1 10 2 0 0 0 1 4 8 9 86 141 103 335 7 0 0 0 0 1 0 1 54 26 4 0 0 0 96 29 94 174 200 184 39 5 0 0 0 24 0 0 0 0 0 0 0 0 0 0 0 0 0 0 0 0
0 0 0 0 0 0 0 1 7 3 3 14 48 0 0 0 1 5 0 1 1 2 1 5 2 0 2 3 0 2 3 0 0 5 2 7 2 0 51 99 256 450 229 307 12 3 0 2 0 0 1 2 14 37 2 1 0 0 0 0 0 0 0 0 0 0 0 0 0 0 6 0 0 0 0 0 0 1 2 1 0 1 3 1 12 0 0 0 0 0 0 0 0 4 0 4 0 1 0 1 0 0 19 2 4 20 1 35 10 0 0 0 0 0 30 3 189 150 22 43 4 2 0 37 28 21 202 148 111 79 10 11 9 108 1 0 0 0 0 0 0 0 0 0 0 0 0 0 0 0
0 0 0 0 0 0 0 1 2 1 2 0 0 0 0 14 0 7 5 5 0 7 34 9 0 0 0 1 0 0 3 3 0 0 3 13 6 4 9 27 242 182 153 76 11 0 9 2 1 1 1 0 1 2 1 3 0 0 0 0 0 0 0 0 0 0 0 0 4 0 1 0 0 0 0 1 0 6 1 0 0 5 2 5 8 0 0 0 7 9 3 0 0 7 0 0 0 1 0 0 0 0 0 3 2 0 0 1 15 0 0 0 2 0 9 362 267 202 32 41 33 17 19 4 0 3 2 33 8 18 9 192 220 11 13 1 0 0 0 0 0 0 0 0 0 0 0 0 0 0
0 0 0 0 0 0 1 0 1 0 7 5 2 0 0 0 1 0 3 1 75 131 5 0 0 0 0 0 0 17 1 1 15 7 7 2 0 1 0 23 220 125 184 122 16 7 7 0 2 2 0 0 1 2 1 1 0 1 0 0 0 0 0 0 0 0 0 0 0 1 0 0 0 0 0 0 0 0 6 0 6 7 8 45 15 0 0 0 0 0 0 0 0 2 0 0 2 0 0 0 0 0 0 0 2 0 0 0 108 48 136 206 50 77 211 305 98 92 48 224 19 56 0 1 18 4 11 43 1 0 2 58 71 19 29 6 0 0 0 0 0 0 0 0 0 0 0 0 0 0
0 0 1 0 0 0 0 0 0 0 0 1 1 3 0 0 3 2 3 2 29 0 0 0 0 0 0 0 0 4 0 2 4 6 3 1 1 0 3 12 21 51 9 3 4 0 1 0 0 1 1 0 12 0 1 0 1 1 1 0 0 0 0 0 0 0 0 0 0 0 0 0 0 0 0 5 0 3 1 3 1 20 6 1 0 0 0 0 1 0 0 0 0 0 3 1 0 0 0 0 0 0 0 0 0 2 2 2 74 17 51 47 40 201 510 265 176 155 33 190 28 2 0 11 2 7 2 0 0 0 25 91 1 0 2 0 0 0 0 0 0 0 0 0 0 0 0 0 0 0
0 0 0 0 0 0 10 6 1 2 0 0 0 2 9 3 0 2 10 13 11 0 0 0 0 0 0 0 2 9 13 0 7 3 1 0 1 0 0 1 18 3 0 0 0 0 0 0 3 2 0 7 97 4 0 39 6 0 2 0 0 0 0 0 0 0 0 0 0 0 0 0 0 0 0 0 3 1 1 1 0 0 1 0 0 0 0 0 0 0 0 0 0 11 3 0 5 3 0 0 1 0 0 1 0 0 0 37 13 0 0 7 85 73 88 281 48 85 60 33 124 0 0 0 0 0 0 0 0 0 0 20 4 0 0 0 0 0 0 0 0 0 0 0 0 0 0 0 0 0
0 0 0 0 0 0 1 2 0 2 0 0 1 3 7 4 6 3 1 0 1 0 2 0 6 0 0 5 12 13 6 24 1 0 0 3 2 3 4 1 11 10 6 1 0 0 0 0 0 0 0 15 50 64 0 12 1 0 0 0 0 0 0 0 0 0 0 0 0 0 0 0 0 0 0 0 1 1 0 0 0 0 1 0 0 0 0 0 3 1 4 0 12 7 2 0 0 0 1 3 0 0 0 0 0 0 2 22 462 4 0 0 0 0 0 0 1 22 145 344 13 0 0 0 0 0 1 0 0 0 0 0 36 86 0 0 0 0 0 0 0 0 0 0 0 0 0 0 0 0
0 0 0 0 0 0 1 16 0 0 1 4 1 0 0 26 29 8 1 1 0 0 1 3 0 3 1 20 1 3 1 6 3 0 0 0 0 0 0 0 6 4 0 0 0 0 1 0 0 0 0 15 2 16 4 0 4 0 0 0 0 0 0 0 0 0 0 0 0 0 0 0 0 0 0 0 4 10 0 0 0 0 0 0 0 0 0 0 4 1 4 0 0 12 0 1 0 1 1 0 0 0 0 0 1 9 19 19 83 0 0 0 0 0 0 0 0 14 42 117 121 64 0 0 6 12 0 0 0 12 15 18 17 10 0 0 0 0 0 0 0 0 0 0 0 0 0 0 0 0
0 0 0 0 0 0 2 0 1 0 16 5 1 1 1 16 13 12 3 3 0 0 0 4 1 1 0 0 0 0 1 0 0 2 2 1 0 0 0 0 0 14 9 1 0 0 0 1 0 0 4 3 6 5 7 4 1 0 0 1 0 0 0 0 0 0 0 0 0 0 0 0 0 0 0 0 0 9 35 5 0 1 0 0 0 0 0 23 9 0 2 0 2 1 0 0 0 2 13 1 13 3 4 0 1 0 6 9 25 7 0 0 0 4 39 16 84 175 44 100 212 64 0 7 148 21 0 0 0 34 68 0 0 0 0 0 0 0 0 0 0 0 0 0 0 0 0 0 0 0
2 1 0 0 0 0 0 0 2 3 1 146 12 15 0 1 2 4 2 2 1 0 2 3 3 0 3 1 18 0 0 0 0 2 1 0 0 0 11 0 0 8 8 1 1 0 3 0 0 0 0 24 7 0 0 1 0 0 3 0 0 0 0 0 0 0 0 0 0 0 0 0 0 0 0 0 0 10 20 5 0 0 0 0 0 0 0 10 0 0 1 0 0 0 0 0 0 0 0 1 0 0 4 0 3 0 2 23 5 2 0 0 0 0 56 242 360 174 12 30 24 81 39 135 52 1 0 0 0 163 83 0 0 0 0 0 0 0 0 0 0 0 0 0 0 0 0 0 0 0
0 0 0 0 0 0 2 0 1 0 4 14 1 0 0 0 0 0 0 0 0 0 0 2 1 1 0 1 1 0 0 0 0 0 0 0 0 0 7 0 0 4 0 0 11 0 0 0 0 0 1 21 10 2 0 0 0 0 2 1 0 0 0 0 0 0 0 0 0 0 0 0 0 0 0 0 1 8 47 19 0 5 4 0 0 0 0 0 1 0 0 0 2 6 0 0 0 0 0 2 0 2 0 5 1 1 4 2 11 0 0 1 16 8 13 6 4 27 185 104 10 108 259 230 175 91 32 60 271 651 232 1 0 0 0 0 0 0 0 0 0 0 0 0 0 0 0 0 0 0
0 0 1 0 0 8 1 2 0 3 3 3 0 7 1 0 3 1 0 0 0 0 0 0 0 8 6 0 0 0 0 0 2 2 1 0 0 0 0 3 0 0 0 4 0 0 0 0 0 0 1 174 7 2 0 2 7 0 0 2 0 0 0 0 0 0 0 0 0 0 0 0 0 0 0 0 2 8 24 0 0 8 28 0 0 0 0 0 3 3 0 1 5 4 1 3 1 0 0 0 5 0 0 1 11 0 5 0 47 17 2 7 9 3 0 0 40 71 89 283 222 426 336 191 588 419 315 247 447 314 184 1 0 0 0 0 0 0 0 0 0 0 0 0 0 0 0 0 0 0
0 0 0 0 3 2 0 4 8 0 0 3 0 0 1 2 0 1 0 0 0 0 0 0 1 2 8 0 2 0 1 0 1 0 1 0 0 4 7 1 0 0 3 0 0 0 0 0 4 6 235 288 13 36 9 1 0 0 1 4 0 1 0 0 0 0 0 0 0 0 0 0 0 0 0 0 1 0 0 4 0 0 0 0 0 0 0 0 2 2 0 0 8 0 0 0 0 0 3 6 4 0 1 1 3 16 12 12 1 0 2 2 11 2 3 5 3 37 172 709 709 262 155 472 720 334 67 251 260 7 44 27 0 0 0 0 0 0 0 0 0 0 0 0 0 0 0 0 0 0
1 0 0 6 3 0 0 0 3 2 2 1 3 3 0 1 1 1 0 0 0 0 0 0 1 1 0 0 0 0 0 19 11 0 0 1 2 0 0 1 0 0 0 0 0 0 0 0 2 4 270 285 257 246 11 7 9 1 1 0 0 0 0 0 0 0 0 0 0 0 0 0 0 0 0 0 0 0 0 6 0 0 0 0 0 0 0 23 32 0 0 6 9 0 0 0 0 0 0 1 3 0 14 0 2 75 203 6 2 0 1 2 2 2 0 6 5 1 43 317 135 262 128 958 695 261 112 68 13 206 467 283 0 0 0 0 0 0 0 0 0 0 0 0 0 0 0 0 0 0
1 5 0 17 0 0 9 2 3 5 3 16 0 31 1 0 0 0 0 0 0 0 0 0 0 0 0 0 0 0 0 5 3 2 0 0 1 1 0 0 0 0 0 0 1 0 0 0 0 3 81 118 329 196 25 25 0 0 1 0 0 0 0 0 0 0 0 0 0 0 0 0 0 0 0 0 0 1 0 13 8 1 2 0 0 0 0 9 8 0 2 15 77 0 0 0 0 0 0 3 3 14 4 4 7 4 0 2 0 0 0 0 5 1 1 1 1 4 14 18 125 135 111 293 386 329 291 167 138 293 199 79 3 0 1 0 0 1 0 0 0 0 0 0 0 0 0 0 0 0
0 0 2 5 0 0 8 6 3 0 1 0 0 0 0 0 0 0 0 0 0 0 0 0 0 0 0 0 0 0 0 0 0 1 0 0 0 0 0 0 0 0 0 0 0 5 0 2 0 1 5 81 110 4 17 7 1 1 3 1 2 0 0 0 0 0 0 0 0 0 0 0 0 0 0 0 0 0 0 0 4 24 0 0 0 0 17 29 14 1 2 91 48 5 9 0 0 0 0 18 20 2 7 102 16 0 3 0 12 0 0 0 3 2 0 1 0 1 6 5 67 327 204 139 78 379 398 638 90 54 29 22 0 0 0 0 0 0 0 0 0 0 0 0 0 0 0 0 0 0
5 1 11 0 4 1 9 24 3 25 3 0 2 0 0 0 0 0 0 0 0 0 0 0 1 0 0 0 0 0 0 0 0 0 0 0 0 0 2 1 0 0 0 0 0 4 0 0 0 1 0 3 42 6 9 1 0 17 13 2 0 0 0 0 0 0 0 0 0 0 0 0 0 0 0 0 0 0 0 0 0 3 9 11 9 7 0 0 5 26 55 74 68 1 4 0 0 0 7 6 28 178 58 149 128 12 4 1 0 3 0 0 1 0 2 1 1 21 2 135 91 238 1081 656 293 110 1052 853 599 0 0 0 0 0 0 0 0 0 0 0 0 0 0 0 0 0 0 0 0 0
1 2 7 0 7 2 1 18 4 3 0 0 0 0 0 0 0 0 0 0 0 0 0 0 0 0 0 1 1 0 0 0 1 0 0 0 0 0 0 0 1 1 0 0 0 0 0 0 1 4 0 0 22 0 9 0 0 4 30 1 0 0 0 0 0 0 0 0 0 0 0 0 0 0 0 0 0 0 0 0 0 2 6 1 0 1 0 7 6 12 55 34 64 2 17 34 0 0 0 5 43 120 275 123 64 11 0 1 1 4 2 0 0 0 4 0 3 238 119 289 191 1 2 41 50 116 179 314 185 1 97 3 0 0 0 0 0 0 0 0 0 0 0 0 0 0 0 0 0 0
1 2 71 1 19 67 19 2 0 1 0 1 2 1 0 0 1 0 0 0 2 1 0 0 0 0 0 0 0 0 0 0 1 0 0 0 0 0 0 0 0 3 1 0 0 0 0 0 0 0 0 7 3 0 0 1 2 0 2 11 1 0 0 0 0 0 0 0 0 0 0 0 0 0 0 0 0 0 0 0 4 35 0 0 11 0 74 0 3 0 0 5 3 1 0 0 0 0 0 3 3 67 376 141 54 103 8 2 0 1 122 0 0 0 0 15 91 206 90 6 0 0 0 0 47 227 58 296 216 10 7 20 0 0 0 0 0 0 0 0 0 0 0 0 0 0 0 0 0 0
1 11 68 75 199 247 109 21 4 0 0 0 0 0 0 0 0 0 1 0 0 1 0 0 0 0 0 0 0 0 0 0 0 0 0 1 0 0 0 0 0 1 0 1 0 4 0 9 0 1 0 2 6 0 0 0 1 0 0 0 15 7 0 0 0 0 0 0 0 0 0 0 0 0 0 0 0 0 2 8 4 0 0 0 0 1 8 74 24 0 0 0 0 0 0 0 0 0 0 0 0 63 226 118 35 65 3 0 1 5 2 0 0 0 2 18 54 8 4 28 0 0 0 0 3 172 124 211 130 8 50 0 0 0 0 0 0 0 0 0 0 0 0 0 0 0 0 0 0 0
0 43 167 423 263 200 88 29 1 1 0 1 0 0 0 0 0 0 0 0 0 1 0 0 1 0 0 0 0 5 0 0 0 0 0 0 0 0 0 0 0 0 0 1 2 0 0 6 20 0 0 0 10 0 0 1 1 1 0 0 0 2 0 0 0 0 0 0 0 0 0 0 0 0 0 0 0 14 0 0 0 0 0 0 0 0 16 17 0 0 1 0 0 0 0 0 0 0 0 0 1 31 5 5 45 27 0 0 1 1 0 4 1 2 0 0 1 3 9 16 10 26 1 0 13 39 38 126 47 0 0 0 0 0 0 0 0 0 0 0 0 0 0 0 0 0 0 0 0 0
0 5 119 93 80 79 19 2 6 0 0 0 0 0 0 0 0 2 0 1 0 2 0 0 0 0 0 0 0 3 0 0 0 0 0 0 0 0 0 0 1 0 0 0 1 0 0 1 1 4 1 0 0 0 0 3 0 0 0 0 0 0 0 0 0 0 0 0 0 0 0 0 0 0 0 0 1 0 0 0 0 0 0 0 0 0 46 4 0 3 7 3 0 0 1 12 0 0 0 198 299 60 80 50 2 55 12 0 1 2 1 2 3 14 0 0 0 0 2 13 46 10 64 140 29 13 2 0 0 1 0 0 0 0 0 0 0 0 0 0 0 0 0 0 0 0 0 0 0 0
6 20 14 38 19 11 0 0 0 0 6 0 0 0 0 0 0 0 0 0 0 10 1 0 0 0 0 1 0 0 0 0 0 0 0 0 0 0 0 0 0 0 0 0 1 6 2 0 0 0 0 0 1 0 0 6 0 0 0 0 0 0 0 0 0 0 0 0 0 0 0 0 0 0 0 0 1 1 0 0 0 0 0 0 0 0 0 0 0 11 14 0 0 0 38 59 25 6 134 718 193 268 28 4 1 9 27 85 0 2 9 0 0 0 0 0 0 0 9 15 34 10 8 11 6 19 18 11 36 7 1 0 0 0 0 0 0 0 0 0 0 0 0 0 0 0 0 0 0 0
5 7 9 4 0 0 0 1 0 0 0 0 0 0 0 0 0 0 1 1 0 2 0 4 0 0 0 0 0 2 0 0 0 3 1 0 0 0 0 0 0 0 0 0 0 1 1 1 1 0 0 0 2 0 34 2 3 0 0 0 0 0 0 0 0 0 0 0 0 0 0 0 0 0 11 4 1 0 0 0 0 0 0 0 0 0 17 2 0 0 39 8 3 6 53 168 21 2 44 60 13 3 17 8 3 11 0 58 148 55 0 0 0 1 2 0 1 0 5 1 5 1 0 0 7 42 12 13 226 36 23 0 0 0 0 0 0 0 0 0 0 0 0 0 0 0 0 0 0 0
27 1 2 0 0 0 0 0 0 0 0 0 0 0 0 0 0 0 0 0 0 1 0 0 0 0 0 0 0 0 8 39 1 0 0 0 0 0 0 0 0 0 0 1 10 0 0 0 0 0 0 0 4 0 11 0 0 0 0 0 0 0 0 0 0 0 0 0 0 0 0 0 0 0 56 17 0 0 1 0 0 0 0 0 0 0 69 30 70 32 50 1 9 5 0 23 8 1 0 0 1 0 1 0 4 2 57 118 54 6 1 0 3 0 0 0 0 6 0 0 0 5 2 7 2 58 21 65 63 99 12 0 0 0 0 0 0 0 0 0 0 0 0 0 0 0 0 0 0 0
0 0 0 1 0 0 0 0 0 0 0 0 0 0 0 0 0 0 0 0 0 0 0 0 0 0 0 0 0 0 1 1 0 1 0 0 0 0 0 0 0 0 0 0 0 2 0 0 0 0 0 1 1 11 4 1 1 0 0 0 0 0 0 0 0 0 0 0 0 0 0 2 3 1 0 0 0 0 0 0 0 0 0 0 0 0 0 0 65 4 0 0 0 1 0 19 0 0 1 0 0 2 1 0 1 100 299 156 20 22 0 0 0 0 0 0 0 0 78 0 0 15 0 23 2 4 54 23 5 8 1 5 0 0 0 0 0 0 0 0 0 0 0 0 0 0 0 0 0 0
2 0 0 0 0 0 0 0 0 0 0 0 0 0 0 0 0 0 0 1 0 0 0 4 0 0 0 0 1 0 0 6 0 0 0 0 0 0 0 1 0 0 0 1 0 0 0 0 0 0 0 0 0 18 1 0 22 2 0 0 0 0 0 0 0 0 0 0 0 0 0 0 1 1 0 0 0 0 0 0 0 0 0 0 0 0 0 0 0 0 0 0 1 8 0 0 1 0 2 0 1 2 0 0 12 32 29 1 9 45 0 0 0 0 0 0 0 0 1 2 0 4 1 30 26 5 100 22 11 5 2 0 0 0 0 0 0 0 0 0 0 0 0 0 0 0 0 0 0 0
0 0 0 0 0 26 0 0 0 0 0 0 0 0 0 0 0 0 0 0 0 0 0 0 0 0 0 0 0 0 0 5 0 0 0 0 0 0 0 0 0 0 0 0 1 0 0 0 0 0 2 0 0 1 0 0 3 2 0 0 0 0 0 0 0 0 0 5 0 2 0 0 1 0 0 0 0 0 0 0 0 0 0 0 0 0 0 0 1 0 0 6 48 7 0 0 0 0 1 0 1 0 23 4 22 5 0 14 27 5 0 0 0 0 0 0 0 0 0 0 0 1 0 9 0 0 15 112 2 3 0 0 0 0 0 0 0 0 0 0 0 0 0 0 0 0 0 0 0 0
0 0 0 0 31 23 0 0 0 0 0 0 0 0 5 0 0 0 0 0 0 0 0 0 0 0 0 1 7 0 2 0 0 0 0 0 0 0 0 0 0 0 0 1 0 13 0 0 0 1 10 0 0 7 2 1 1 0 0 2 0 0 0 0 0 0 0 0 0 1 0 0 0 0 0 0 0 0 0 0 0 0 0 0 0 0 0 0 15 23 40 137 56 5 0 0 0 0 0 13 3 162 138 27 1 6 3 0 0 29 1 0 0 0 0 0 0 0 0 0 0 0 0 0 0 0 23 13 0 0 0 0 0 0 0 0 0 0 0 0 0 0 0 0 0 0 0 0 0 0
0 0 0 0 1 0 0 0 0 0 0 0 0 1 0 0 0 0 0 0 0 0 0 0 0 0 0 0 0 2 0 0 0 0 0 0 1 0 0 0 0 0 0 0 0 1 0 0 0 0 0 0 0 0 0 0 0 0 0 0 0 0 0 0 0 0 0 0 7 0 0 0 0 0 0 0 0 0 0 0 0 0 0 0 2 0 1 0 9 31 209 85 61 4 7 1 0 1 0 16 49 89 30 4 2 0 1 0 0 0 1 0 0 0 0 0 0 0 0 0 0 45 74 0 0 7 4 11 0 0 0 0 0 0 0 0 0 0 0 0 0 0 0 0 0 0 0 0 0 0
0 0 0 0 0 0 0 0 0 0 0 0 9 3 0 0 0 0 0 1 0 0 0 0 0 7 3 0 0 3 0 0 0 0 0 0 0 2 0 0 0 0 0 0 0 4 4 0 0 0 2 0 0 17 1 0 0 0 0 0 0 0 0 0 0 0 0 2 32 0 0 0 0 0 0 0 0 0 0 0 0 0 0 0 1 7 19 2 0 4 0 2 25 0 9 0 0 1 2 3 13 0 1 0 1 0 0 3 0 9 4 7 0 0 0 0 0 0 0 0 0 0 0 0 0 16 0 0 0 0 0 0 0 0 0 0 0 0 0 0 0 0 0 0 0 0 0 0 0 0
0 0 0 0 0 0 0 0 0 0 0 0 0 0 0 1 1 0 0 0 0 0 0 0 0 0 0 0 0 0 0 0 0 0 0 0 0 0 0 0 0 0 0 0 0 0 5 3 2 2 0 0 0 1 0 2 0 0 0 0 0 0 0 0 0 0 1 5 8 0 0 0 0 0 0 0 0 0 0 0 0 0 0 0 20 0 0 0 3 8 4 1 3 0 3 7 0 7 3 9 10 6 4 0 12 0 0 4 40 43 46 121 10 7 0 0 0 0 0 0 0 0 0 0 0 0 0 0 0 0 0 0 0 0 0 0 0 0 0 0 0 0 0 0 0 0 0 0 0 0
0 0 0 1 0 0 0 0 0 0 0 0 0 0 0 0 0 0 0 0 0 0 0 0 0 0 0 0 0 0 0 0 0 0 0 0 0 0 1 0 0 0 0 0 0 0 1 1 4 0 0 0 0 2 0 21 33 0 0 0 0 0 0 0 0 2 21 21 1 0 0 1 0 0 0 0 0 0 0 0 0 0 0 7 16 0 0 2 4 0 0 3 0 0 0 4 19 6 33 0 0 0 4 1 1 0 11 1 18 76 95 51 3 0 1 0 0 0 0 0 0 0 0 0 0 0 0 0 0 0 0 0 0 0 0 0 0 0 0 0 0 0 0 0 0 0 0 0 0 0
0 0 0 0 1 0 0 0 0 0 0 0 0 0 0 0 0 0 0 0 0 0 0 1 0 0 0 0 0 0 0 0 0 0 0 0 0 0 11 0 0 0 0 0 0 1 0 2 38 1 1 0 0 0 2 2 3 6 14 2 0 0 1 4 1 1 1 0 0 1 0 0 0 0 0 0 0 0 0 0 0 0 0 0 0 0 0 7 6 3 0 0 0 0 2 64 2 0 0 0 0 0 0 10 13 33 256 292 162 41 45 0 1 1 0 0 0 0 0 0 0 0 0 0 0 0 0 0 0 0 0 0 0 0 0 0 0 0 0 0 0 0 0 0 0 0 0 0 0 0
0 0 0 0 0 23 0 1 0 0 0 0 0 0 2 0 0 0 0 0 0 0 0 0 0 0 0 0 0 0 1 0 0 0 0 0 0 0 13 0 0 0 0 0 2 1 3 7 4 0 0 0 0 2 3 0 0 0 0 1 0 0 0 3 0 0 0 0 0 7 0 8 0 0 0 0 0 0 0 0 0 0 0 0 0 0 0 0 0 0 2 4 0 2 38 7 1 0 0 0 1 0 0 2 18 22 31 154 95 107 54 62 14 0 0 0 0 0 0 0 0 0 0 0 0 0 0 0 0 0 0 0 0 0 0 0 0 0 0 0 0 0 0 0 0 0 0 0 0 0
0 0 0 0 18 23 0 0 0 0 1 0 0 0 0 0 0 0 0 0 0 0 0 0 0 0 0 0 0 0 0 0 1 1 0 0 0 0 0 1 0 0 0 0 1 0 2 0 0 1 0 0 0 0 1 0 1 1 1 0 0 0 1 1 0 0 0 0 1 0 0 0 2 1 0 0 0 0 0 0 0 0 0 0 0 0 0 0 3 0 0 0 4 4 0 7 48 0 0 0 0 0 0 18 64 117 0 0 5 16 0 4 0 0 0 0 0 0 0 0 0 0 0 0 0 0 0 0 0 0 0 0 0 0 0 0 0 0 0 0 0 0 0 0 0 0 0 0 0 0
0 0 0 0 0 0 0 0 1 2 1 0 0 1 0 0 0 0 0 0 0 0 0 0 0 0 0 0 0 0 0 1 0 0 0 0 0 0 0 0 0 0 0 1 0 0 2 4 0 1 1 0 1 0 0 0 0 0 2 0 0 0 0 0 0 0 0 0 0 0 0 2 2 0 0 0 0 0 0 0 0 0 0 0 0 0 0 0 0 0 0 10 16 9 1 54 140 0 0 0 0 0 0 4 4 0 0 0 0 0 18 26 0 0 0 0 0 0 0 0 0 0 0 0 0 0 0 0 0 0 0 0 0 0 0 0 0 0 0 0 0 0 9 4 1 0 0 0 0 0
0 0 0 0 0 0 0 0 0 0 0 0 2 0 1 0 0 0 0 0 0 0 0 0 0 0 0 0 0 0 0 0 0 0 0 0 0 0 0 0 0 0 0 0 0 0 0 0 0 1 5 0 1 1 0 0 0 0 0 3 0 0 0 0 0 0 0 0 1 0 1 1 1 0 0 0 0 0 0 0 0 0 0 0 0 0 0 0 7 3 0 2 74 109 28 0 0 1 0 0 0 0 0 1 0 0 0 1 0 22 59 0 0 1 0 0 0 0 0 0 0 0 0 0 0 0 0 0 0 0 0 0 0 0 0 0 0 0 0 0 0 0 0 2 1 0 0 0 0 0
0 0 0 0 0 0 0 0 0 1 0 0 0 1 0 0 1 0 0 0 0 0 0 0 0 0 0 0 0 0 0 0 0 0 0 0 0 0 0 0 0 0 0 0 1 0 0 0 0 0 3 2 2 0 0 0 0 0 1 0 2 0 0 0 0 0 0 0 0 0 1 1 0 0 0 0 0 0 0 0 0 0 0 0 0 0 0 0 0 0 4 24 239 0 0 0 0 0 0 0 0 0 0 2 2 0 0 0 4 1 35 3 0 1 0 0 0 0 0 0 0 0 0 0 0 0 0 0 0 0 0 0 0 0 0 0 0 0 0 0 0 0 0 0 0 0 0 0 0 0
0 0 0 0 0 0 0 0 0 0 0 0 5 1 0 0 0 0 0 0 0 0 0 0 0 0 0 0 0 0 0 0 0 0 0 0 0 0 0 0 0 0 0 0 0 0 0 0 0 0 0 3 1 0 0 0 7 0 0 3 2 0 0 0 0 0 0 0 0 0 0 26 0 0 0 0 0 0 0 0 0 0 0 0 0 0 0 0 0 0 0 6 5 3 1 0 0 0 0 0 0 0 0 0 0 0 0 0 0 2 0 0 0 0 0 0 0 0 0 0 0 0 0 0 0 0 0 0 0 0 0 0 0 0 0 0 0 0 0 0 0 0 0 0 0 0 0 0 0 0
0 0 0 0 0 0 0 0 0 0 0 0 0 0 0 0 0 0 0 0 0 1 0 10 0 0 0 0 0 0 0 0 0 0 0 0 0 0 0 0 0 0 0 0 0 0 0 0 0 0 0 5 0 0 0 0 0 3 0 0 0 3 58 0 0 0 0 0 0 0 0 2 4 0 1 0 0 0 0 0 0 0 0 0 0 0 0 0 0 1 0 4 7 3 4 2 0 0 0 0 0 0 0 0 0 0 0 0 0 0 0 0 0 0 0 0 0 0 0 0 0 0 0 0 0 0 0 0 0 0 0 0 0 0 0 0 0 0 0 0 0 0 0 0 0 0 0 0 0 0
0 0 0 0 0 0 0 0 0 0 0 0 0 0 0 0 0 3 0 0 0 2 0 2 3 0 0 0 0 0 0 0 0 0 0 0 0 0 0 0 0 0 0 0 0 0 0 0 0 0 0 13 5 0 0 0 0 0 0 0 0 7 20 0 0 0 0 0 0 0 0 0 0 1 0 0 0 0 0 0 0 0 0 0 0 0 0 0 0 1 1 7 0 4 3 10 1 0 1 0 0 0 0 0 0 0 0 0 0 0 0 0 0 0 0 0 0 0 0 0 0 0 0 0 0 0 0 0 0 0 0 0 0 0 0 0 0 0 0 0 0 0 0 0 0 0 0 0 0 0
0 0 0 0 0 0 0 0 0 0 0 0 0 1 0 0 0 0 0 0 0 0 0 0 1 0 0 0 0 0 0 0 0 0 0 0 0 0 0 0 0 0 0 0 0 0 0 0 0 2 5 20 71 1 2 1 0 0 4 0 0 2 0 0 0 0 0 0 0 0 0 0 0 1 1 0 0 0 0 0 0 0 0 0 0 0 0 0 0 0 0 1 3 1 3 5 0 0 0 0 0 0 0 0 0 0 0 0 0 0 0 0 0 0 0 0 0 0 0 0 0 0 0 0 0 0 0 0 0 0 0 0 0 0 0 0 0 0 0 0 0 0 0 0 0 0 0 0 0 0
0 0 0 0 0 0 0 0 0 0 0 0 0 7 0 2 0 0 2 0 0 1 0 0 0 0 0 0 0 0 0 0 0 0 0 0 0 0 0 0 0 0 0 0 0 0 0 0 1 0 0 13 54 1 6 0 0 0 0 0 0 1 8 0 0 0 0 0 0 0 0 0 0 0 0 0 0 0 0 0 0 0 0 0 0 0 0 0 0 0 0 2 5 1 3 0 0 0 0 14 0 0 0 0 0 0 0 0 0 0 0 0 0 0 0 0 0 0 0 0 0 0 0 0 0 0 0 0 0 0 0 0 0 0 0 0 0 0 0 0 0 0 0 0 0 0 0 0 0 0
0 0 0 0 0 0 0 0 0 1 0 0 0 0 1 0 0 0 0 0 0 0 0 0 1 0 0 0 0 0 0 0 0 0 0 0 0 0 0 0 0 0 0 0 0 0 0 2 2 0 2 3 3 0 0 0 0 0 1 0 3 1 0 0 0 0 0 0 0 0 0 0 0 0 0 0 0 0 0 0 0 0 0 0 0 0 0 0 0 0 0 0 0 0 0 5 3 0 0 0 0 0 0 0 0 0 0 0 0 0 0 0 0 0 0 0 0 0 0 0 0 0 0 0 0 0 0 0 0 0 0 0 0 0 0 0 0 0 0 0 0 0 0 0 0 1 0 0 0 0
0 0 0 0 0 0 0 0 0 0 0 0 0 0 0 0 0 0 0 0 0 0 0 0 0 0 0 0 0 0 0 0 0 1 4 1 0 0 0 0 0 0 0 0 0 0 10 2 0 0 0 0 0 0 0 0 0 0 0 0 2 0 0 0 0 0 0 0 0 0 0 0 0 0 0 0 0 0 0 0 0 0 0 0 0 0 0 0 0 0 0 0 0 0 0 1 7 4 0 0 0 0 0 0 0 0 0 0 0 0 0 0 0 0 0 0 0 0 0 0 0 0 0 0 0 0 0 0 0 0 0 0 0 0 0 0 0 0 0 0 0 0 0 0 0 3 0 0 0 0
0 0 0 0 0 0 0 0 0 0 0 0 0 0 0 0 0 0 0 0 0 0 0 0 0 0 0 0 0 0 0 0 0 0 0 0 0 0 0 0 0 0 0 0 0 0 1 0 0 0 0 0 0 0 0 0 0 0 0 0 0 0 0 0 0 0 0 0 0 0 0 0 0 0 0 0 0 0 0 0 0 0 0 0 0 0 0 0 0 0 0 0 0 0 0 1 1 0 0 1 0 0 0 0 0 0 0 0 0 0 0 0 0 0 0 0 0 0 0 0 0 0 0 0 0 0 0 0 0 0 0 0 0 0 0 0 0 0 0 0 0 0 0 0 0 0 0 0 0 0
0 0 0 0 0 0 0 0 0 0 0 1 0 0 0 0 0 0 0 1 0 0 0 0 0 0 0 0 0 0 0 0 0 0 0 0 0 0 0 0 0 0 0 0 0 0 0 0 0 0 0 0 0 0 0 0 0 0 0 0 0 0 0 0 0 0 0 0 0 0 0 4 0 0 0 0 0 0 0 0 0 0 0 0 0 0 0 0 0 0 0 0 0 0 2 0 0 0 0 0 0 0 0 0 0 0 0 0 0 0 0 0 0 0 0 0 0 0 0 0 0 0 0 0 0 0 0 0 0 0 0 0 0 0 0 0 0 0 0 0 0 0 0 0 0 0 0 0 0 0
0 0 0 0 0 0 0 0 0 0 3 0 2 0 0 0 0 0 0 0 0 0 0 0 0 0 0 0 0 0 0 0 0 0 0 0 0 0 0 0 0 0 0 0 1 0 0 0 0 0 0 0 0 0 0 0 0 0 1 0 0 0 0 0 0 0 0 0 0 0 1 0 0 0 0 0 0 0 0 0 0 0 0 0 0 0 0 0 0 0 0 0 0 0 0 3 0 0 0 0 0 0 0 0 0 0 0 0 0 0 0 0 0 0 0 0 0 0 0 0 0 0 0 0 0 0 0 0 0 0 0 0 0 0 0 0 0 0 0 0 0 0 0 0 0 0 0 0 0 0
0 0 0 0 0 0 0 0 0 0 0 0 0 0 0 1 0 1 0 0 0 0 0 0 0 0 0 0 0 0 0 0 0 0 0 0 0 0 0 0 0 0 0 2 0 0 0 0 0 0 0 0 0 0 0 0 0 0 0 4 0 0 0 0 0 0 0 0 11 0 0 0 0 0 0 0 0 0 0 0 0 0 0 0 0 0 0 0 0 0 0 0 0 0 0 0 1 3 0 0 0 0 0 0 0 0 0 0 0 0 0 0 0 0 0 0 0 0 0 0 0 0 0 0 0 0 0 0 0 0 0 0 0 0 0 0 0 0 0 0 0 0 0 0 0 0 0 0 0 0
1 0 0 0 0 0 0 0 0 0 0 0 0 0 0 0 0 3 0 0 0 0 0 0 0 1 0 0 0 0 0 0 0 0 0 0 1 2 0 0 0 0 0 0 0 0 0 0 0 0 0 0 0 0 0 0 0 0 0 0 3 8 0 0 0 0 0 0 51 28 2 0 0 0 0 0 0 0 0 0 0 0 0 0 0 0 0 0 0 0 0 0 0 0 0 0 0 0 0 0 0 0 0 0 0 0 0 0 0 0 0 0 0 0 0 0 0 0 0 0 0 0 0 0 0 0 0 0 0 0 0 0 0 0 0 0 0 0 0 0 0 0 0 0 0 0 0 0 0 0
2 0 0 0 0 0 0 0 0 0 0 0 19 2 0 0 5 0 0 4 0 1 0 6 2 3 0 0 0 0 0 0 0 0 0 0 2 2 2 1 0 0 0 0 0 0 0 0 0 0 0 0 0 0 0 0 0 0 0 0 0 0 0 4 17 18 5 0 0 0 0 0 0 0 0 0 0 0 0 0 0 0 0 0 0 0 0 0 0 0 0 0 0 0 0 0 0 0 0 0 0 0 0 0 0 0 0 0 0 0 0 0 0 0 0 0 0 0 0 0 0 0 0 0 0 0 0 0 0 0 0 0 0 0 0 0 0 0 0 0 0 0 0 0 0 0 0 0 0 0
0 17 0 1 0 0 0 0 0 0 0 0 1 0 0 0 0 0 0 0 9 56 14 7 1 0 0 0 0 0 0 0 0 0 1 0 18 0 0 0 0 0 0 0 0 0 0 0 0 0 0 0 0 0 0 0 0 0 0 0 0 0 0 0 1 1 0 0 0 0 0 0 0 0 0 0 0 0 0 0 0 0 0 0 0 0 0 0 0 0 0 0 0 0 0 0 0 0 0 0 0 0 0 0 0 0 0 0 0 0 0 0 0 0 0 0 0 0 0 0 0 0 0 0 0 0 0 0 0 0 0 0 0 0 0 0 0 0 0 0 0 0 0 0 0 0 0 0 0 0
3 5 2 0 0 0 0 0 0 0 0 0 0 0 0 0 0 0 0 1 3 78 9 3 4 2 0 0 0 5 1 0 0 0 0 0 0 0 0 0 5 9 0 0 0 0 0 0 0 0 0 0 0 0 0 0 0 0 0 0 0 0 0 0 0 0 0 0 0 0 0 0 0 0 0 0 0 0 0 0 0 0 0 0 0 0 0 0 0 1 0 0 0 0 0 0 0 0 0 0 0 0 0 0 0 0 0 0 0 0 0 0 0 0 0 0 0 0 0 0 0 0 0 0 0 0 0 0 0 0 0 0 0 0 0 0 0 0 0 0 0 0 0 0 0 0 0 0 0 0
0 0 0 0 0 0 0 0 0 0 0 2 1 0 0 0 1 0 0 2 0 3 3 5 0 9 1 0 0 2 0 0 0 0 1 1 0 0 0 0 0 0 0 0 0 0 0 0 0 0 0 0 0 0 0 0 0 0 0 0 0 0 0 0 0 0 0 0 0 0 0 0 0 0 0 0 0 0 0 0 0 0 0 0 0 0 0 0 0 0 0 0 0 0 0 0 0 0 0 0 0 0 0 0 0 0 0 0 0 0 0 0 0 0 0 0 0 0 0 0 0 0 0 0 0 0 0 0 0 0 0 0 0 0 0 0 0 0 0 0 0 0 0 0 0 0 0 0 0 0
0 0 0 0 0 0 0 0 0 0 0 0 0 1 0 0 0 1 0 0 0 0 0 1 4 2 1 8 4 0 1 0 0 6 1 0 0 0 0 0 0 0 0 0 0 0 0 0 0 0 0 0 0 0 0 0 0 0 0 0 0 0 0 0 0 0 0 0 0 0 0 0 0 0 0 0 0 0 0 0 0 0 0 0 0 0 0 0 0 0 0 0 0 0 0 0 0 0 0 0 0 0 0 0 0 0 0 0 0 0 0 0 0 0 0 0 0 0 0 0 0 0 0 0 0 0 0 0 0 0 0 0 0 0 0 0 0 0 0 0 0 0 0 0 0 0 0 0 0 0
0 0 0 0 0 0 0 0 0 0 0 0 0 0 0 0 0 0 0 0 0 0 0 0 1 0 0 1 206 12 1 0 1 8 0 0 0 0 0 0 0 0 0 0 0 0 0 0 0 0 0 0 0 0 0 0 0 0 0 0 0 0 0 0 0 0 0 0 0 0 0 0 0 0 0 0 0 0 0 0 0 0 0 0 0 0 0 0 0 0 0 0 0 0 0 0 0 0 0 0 0 0 0 0 0 0 0 0 0 0 0 0 0 0 0 0 0 0 0 0 0 0 0 0 0 0 0 0 0 0 0 0 0 0 0 0 0 0 0 0 0 0 0 0 0 0 0 0 0 0
0 0 0 0 0 0 0 0 0 0 0 0 0 0 0 0 0 0 0 0 0 0 0 0 0 1 0 0 0 0 2 0 0 2 0 1 0 0 0 0 0 0 0 0 0 0 0 0 0 0 0 0 0 0 0 0 0 0 0 0 0 0 0 0 0 0 0 0 0 0 0 0 0 0 0 0 0 0 0 0 0 0 0 0 0 0 0 0 0 0 0 0 0 0 0 0 0 0 0 0 0 0 0 0 0 0 0 0 0 0 0 0 0 0 0 0 0 0 0 0 0 0 0 0 0 0 0 0 0 0 0 0 0 0 0 0 0 0 0 0 0 0 0 0 0 0 0 0 0 0
0 0 0 0 0 0 0 0 0 0 0 0 0 0 0 0 0 0 0 0 0 0 0 0 2 2 3 0 0 0 4 0 0 0 0 0 0 0 0 0 0 0 0 0 0 0 0 0 0 0 0 0 0 0 0 0 0 0 0 0 0 0 0 0 0 0 0 0 0 0 0 0 0 0 0 0 0 0 0 0 0 0 0 0 0 0 0 0 0 0 0 0 0 0 0 0 0 0 0 0 0 0 0 0 0 0 0 0 0 0 0 0 0 0 0 0 0 0 0 0 0 0 0 0 0 0 0 0 0 0 0 0 0 0 0 0 0 0 0 0 0 0 0 0 0 0 0 0 0 0
0 0 0 0 0 0 0 0 0 0 0 0 1 0 0 0 0 0 0 0 0 0 0 0 0 0 0 0 0 0 0 0 9 0 0 0 3 0 0 0 0 0 0 0 0 0 0 0 0 0 0 0 0 0 0 0 0 0 0 0 0 0 0 0 0 0 0 0 0 0 0 0 0 0 0 0 0 0 0 0 0 0 0 0 0 0 0 0 0 0 0 0 0 0 0 0 0 0 0 0 0 0 0 0 0 0 0 0 0 0 0 0 0 0 0 0 0 0 0 0 0 0 0 0 0 0 0 0 0 0 0 0 0 0 0 0 0 0 0 0 0 0 0 0 0 0 0 0 0 0
2 0 0 0 0 0 0 0 0 0 0 1 0 2 0 0 0 0 0 0 0 0 0 0 0 0 0 6 1 0 0 0 0 0 0 0 0 0 0 0 0 0 0 0 0 0 0 0 0 0 0 0 0 0 0 0 0 0 0 0 0 0 0 0 0 0 0 0 0 0 0 0 0 0 0 0 0 0 0 0 0 0 0 0 0 0 0 0 0 0 0 0 0 0 0 0 0 0 0 0 0 0 0 0 0 0 0 0 0 0 0 0 0 0 0 0 0 0 0 0 0 0 0 0 0 0 0 0 0 0 0 0 0 0 0 0 0 0 0 0 0 0 0 0 0 0 0 0 0 0
0 0 0 0 0 0 0 0 0 0 0 0 0 0 0 0 0 0 0 0 0 0 0 0 0 0 0 1 0 0 0 0 3 0 0 0 0 0 0 0 0 0 0 0 0 0 0 0 0 0 0 0 0 0 0 0 0 0 0 0 0 0 0 0 0 0 0 0 0 0 0 0 0 0 0 0 0 0 0 0 0 0 0 0 0 0 0 0 0 0 0 0 0 0 0 0 0 0 0 0 0 0 0 0 0 0 0 0 0 0 0 0 0 0 0 0 0 0 0 0 0 0 0 0 0 0 0 0 0 0 0 0 0 0 0 0 0 0 0 0 0 0 0 0 0 0 0 0 0 0
0 0 0 0 0 0 0 0 0 0 1 2 0 0 0 0 0 0 0 0 0 0 0 0 0 0 0 0 0 0 0 0 0 0 0 0 0 0 0 0 0 0 0 0 0 0 0 0 0 0 0 0 0 0 0 0 0 0 0 0 0 0 0 0 0 0 0 0 0 0 0 0 0 0 0 0 0 0 0 0 0 0 0 0 0 0 0 0 0 0 0 0 0 0 0 0 0 0 0 0 0 0 0 0 0 0 0 0 0 0 0 0 0 0 0 0 0 0 0 0 0 0 0 0 0 0 0 0 0 0 0 0 0 0 0 0 0 0 0 0 0 0 0 0 0 0 0 0 0 0
0 0 0 0 0 0 0 0 0 0 0 0 0 1 0 0 0 0 0 0 0 0 0 0 0 0 0 0 0 0 0 0 0 0 0 0 0 0 0 0 0 0 0 0 0 0 0 0 0 0 0 0 0 0 0 0 0 0 0 0 0 0 0 0 0 0 0 0 0 0 0 0 0 0 0 0 0 0 0 0 0 0 0 0 0 0 0 0 0 0 0 0 0 0 0 0 0 0 0 0 0 0 0 0 0 0 0 0 0 0 0 0 0 0 0 0 0 0 0 0 0 0 0 0 0 0 0 0 0 0 0 0 0 0 0 0 0 0 0 0 0 0 0 0 0 0 0 0 0 0
0 0 0 0 0 0 0 0 0 0 1 0 0 0 0 0 0 0 0 0 0 0 0 0 0 0 0 0 0 0 0 0 0 0 0 0 0 0 0 0 0 0 0 0 0 0 0 0 0 0 0 1 0 0 0 0 0 0 0 0 0 0 0 0 0 0 0 0 0 0 0 0 0 0 0 0 0 0 0 0 0 0 0 0 0 0 0 0 0 0 0 0 0 0 0 0 0 0 0 0 0 0 0 0 0 0 0 0 0 0 0 0 0 0 0 0 0 0 0 0 0 0 0 0 0 0 0 0 0 0 0 0 0 0 0 0 0 0 0 0 0 0 0 0 0 0 0 0 0 0
0 0 0 2 0 0 0 0 7 4 0 0 0 0 0 0 0 0 0 0 0 0 0 0 0 0 0 0 0 0 0 0 0 0 0 0 0 0 0 0 0 0 0 0 0 0 0 0 0 0 0 0 0 0 0 0 0 0 0 0 0 0 0 0 0 0 0 0 0 0 0 0 0 0 0 0 0 0 0 0 0 0 0 0 0 0 0 0 0 0 0 0 0 0 0 0 0 0 0 0 0 0 0 0 0 0 0 0 0 0 0 0 0 0 0 0 0 0 0 0 0 0 0 0 0 0 0 0 0 0 0 0 0 0 0 0 0 0 0 0 0 0 0 0 0 0 0 0 0 0
0 0 0 0 0 1 19 1 7 2 0 0 0 0 0 0 0 0 0 0 0 0 0 0 0 0 0 0 0 0 0 0 0 0 0 0 0 0 0 0 0 0 0 0 0 0 0 0 0 9 16 0 0 0 0 0 0 0 0 0 0 0 0 0 0 0 0 0 0 0 0 0 0 0 0 0 0 0 0 0 0 0 0 0 0 0 0 0 0 0 0 0 0 0 0 0 0 0 0 0 0 0 0 0 0 0 0 0 0 0 0 0 0 0 0 0 0 0 0 0 0 0 0 0 0 0 0 0 0 0 0 0 0 0 0 0 0 0 0 0 0 0 0 0 0 0 0 0 0 0
0 0 0 0 0 0 13 19 0 0 0 0 0 0 0 0 0 0 0 0 0 0 0 0 0 0 0 0 0 0 0 0 0 0 0 0 0 0 0 0 0 0 0 0 0 0 0 0 0 0 0 0 0 0 0 0 0 0 0 0 0 0 0 0 0 0 0 0 0 0 0 0 0 0 0 0 0 0 0 0 0 0 0 0 0 0 0 0 0 0 0 0 0 0 0 0 0 0 0 0 0 0 0 0 0 0 0 0 0 0 0 0 0 0 0 0 0 0 0 0 0 0 0 0 0 0 0 0 0 0 0 0 0 0 0 0 0 0 0 0 0 0 0 0 0 0 0 0 0 0
0 0 0 0 0 0 0 0 0 0 0 0 0 0 0 0 0 0 0 0 0 0 0 0 0 0 0 0 0 0 0 0 0 0 0 0 0 0 0 0 0 0 0 0 0 0 0 0 0 0 0 0 14 23 0 0 0 0 0 0 0 0 0 0 0 0 0 0 0 0 0 0 0 0 0 0 0 0 0 0 0 0 0 0 0 0 0 0 0 0 0 0 0 0 0 0 0 0 0 0 0 0 0 0 0 0 0 0 0 0 0 0 0 0 0 0 0 0 0 0 0 0 0 0 0 0 0 0 0 0 0 0 0 0 0 0 0 0 0 0 0 0 0 0 0 0 0 0 0 0
0 0 0 0 0 0 0 0 0 0 0 0 0 0 0 0 0 0 0 0 0 0 0 0 0 0 0 0 0 0 0 0 0 0 0 0 0 0 0 0 0 0 0 0 0 0 0 0 0 0 0 0 0 4 0 0 0 0 0 0 0 0 0 0 0 0 0 0 0 0 0 0 0 0 0 0 0 0 0 0 0 0 0 0 0 0 0 0 0 0 0 0 0 0 0 0 0 0 0 0 0 0 0 0 0 0 0 0 0 0 0 0 0 0 0 0 0 0 0 0 0 0 0 0 0 0 0 0 0 0 0 0 0 0 0 0 0 0 0 0 0 0 0 0 0 0 0 0 0 0
0 0 0 0 0 0 0 0 0 0 0 0 0 0 0 0 0 0 0 0 0 0 0 0 0 0 0 0 0 0 0 0 0 0 0 0 0 0 0 0 0 0 0 0 0 0 0 0 1 0 0 0 0 0 0 0 0 0 0 0 0 0 0 0 0 0 0 0 0 0 0 0 0 0 0 0 0 0 0 0 0 0 0 0 0 0 0 0 0 0 0 0 0 0 0 0 0 0 0 0 0 0 0 0 0 0 0 0 0 0 0 0 0 0 0 0 0 0 0 0 0 0 0 0 0 0 0 0 0 0 0 0 0 0 0 0 0 0 0 0 0 0 0 0 0 0 0 0 0 0
0 0 0 0 0 0 0 0 0 0 0 0 0 0 0 0 0 0 0 0 0 0 0 0 0 0 0 0 0 0 0 1 0 0 0 0 0 0 0 0 0 0 0 0 0 0 0 0 0 0 0 0 0 0 0 0 0 0 0 0 0 0 0 0 0 0 0 0 0 0 0 0 0 0 0 0 0 0 0 0 0 0 0 0 0 0 0 0 0 0 0 0 0 0 0 0 0 0 0 0 0 0 0 0 0 0 0 0 0 0 0 0 0 0 0 0 0 0 0 0 0 0 0 0 0 0 0 0 0 0 0 0 0 0 0 0 0 0 0 0 0 0 0 0 0 0 0 0 0 0
0 0 0 0 0 0 0 0 0 0 0 0 0 0 0 0 0 0 0 0 0 0 0 0 0 0 0 0 0 0 0 0 0 0 0 0 0 0 0 0 0 0 0 0 0 0 0 0 0 0 0 0 0 1 0 0 0 0 0 0 0 0 0 0 0 0 0 0 0 0 0 0 0 0 0 0 0 0 0 0 0 0 0 0 0 0 0 0 0 0 0 0 0 0 0 0 0 0 0 0 0 0 0 0 0 0 0 0 0 0 0 0 0 0 0 0 0 0 0 0 0 0 0 0 0 0 0 0 0 0 0 0 0 0 0 0 0 0 0 0 0 0 0 0 0 0 0 0 0 0
0 0 0 0 0 0 0 0 0 0 0 0 0 0 0 0 0 0 0 0 0 0 0 0 0 0 0 0 0 0 0 14 0 0 0 0 0 0 0 0 0 0 0 0 0 0 0 0 0 0 0 0 0 0 0 0 0 0 0 0 0 0 0 0 0 0 0 0 0 0 0 0 0 0 0 0 0 0 0 0 0 0 0 0 0 0 0 0 0 0 0 0 0 0 0 0 0 0 0 0 0 0 0 0 0 0 0 0 0 0 0 0 0 0 0 0 0 0 0 0 0 0 0 0 0 0 0 0 0 0 0 0 0 0 0 0 0 0 0 0 0 0 0 0 0 0 0 0 0 0
0 0 0 0 0 0 0 0 0 0 0 0 0 0 0 0 0 0 0 0 0 0 0 0 0 0 0 0 0 0 3 2 0 0 0 0 0 0 0 0 0 0 0 0 0 0 0 0 0 0 0 0 0 0 0 0 0 0 0 0 0 0 0 0 0 0 0 0 0 0 0 0 0 0 0 0 0 0 0 0 0 0 0 0 0 0 0 0 0 0 0 0 0 0 0 0 0 0 0 0 0 0 0 0 0 0 0 0 0 0 0 0 0 0 0 0 0 0 0 0 0 0 0 0 0 0 0 0 0 0 0 0 0 0 0 0 0 0 0 0 0 0 0 0 0 0 0 0 0 0
0 0 0 0 0 0 0 0 0 0 0 0 0 0 0 0 0 0 0 0 0 0 0 0 0 0 0 0 0 3 0 0 0 0 0 0 1 0 0 0 0 0 0 0 0 0 0 0 0 0 0 0 0 0 0 0 0 0 0 0 0 0 0 0 0 0 0 0 0 0 0 0 0 0 0 0 0 0 0 0 0 0 0 0 0 0 0 0 0 0 0 0 0 0 0 0 0 0 0 0 0 0 0 0 0 0 0 0 0 0 0 0 0 0 0 0 0 0 0 0 0 0 0 0 0 0 0 0 0 0 0 0 0 0 0 0 0 0 0 0 0 0 0 0 0 0 0 0 0 0
0 0 0 0 0 0 0 0 0 0 0 0 0 0 0 0 0 0 0 0 0 0 0 0 0 0 0 0 0 78 36 0 0 0 0 0 0 0 0 0 0 0 0 0 0 0 0 0 0 0 0 0 0 0 0 0 0 0 0 0 0 0 0 0 0 0 0 0 0 0 0 0 0 0 0 0 0 0 0 0 0 0 0 0 0 0 0 0 0 0 0 0 0 0 0 0 0 0 0 0 0 0 0 0 0 0 0 0 0 0 0 0 0 0 0 0 0 0 0 0 0 0 0 0 0 0 0 0 0 0 0 0 0 0 0 0 0 0 0 0 0 0 0 0 0 0 0 0 0 0
0 0 0 0 0 0 0 0 0 0 0 0 0 0 0 0 0 0 0 0 0 0 0 0 0 0 5 0 0 0 0 0 0 0 0 0 0 0 0 0 0 0 0 0 0 0 0 0 1 19 0 0 0 0 0 0 0 0 0 0 0 0 0 0 0 0 0 0 0 0 0 0 0 0 0 0 0 0 0 0 0 0 0 0 0 0 0 0 0 0 0 0 0 0 0 0 0 0 0 0 0 0 0 0 0 0 0 0 0 0 0 0 0 0 0 0 0 0 0 0 0 0 0 0 0 0 0 0 0 0 0 0 0 0 0 0 0 0 0 0 0 0 0 0 0 0 0 0 0 0
0 0 0 0 0 0 0 0 0 0 0 0 0 0 0 0 0 0 0 0 0 0 0 0 0 0 15 0 0 0 0 0 0 0 0 0 0 0 0 0 0 0 0 0 0 0 0 0 0 0 0 0 0 0 0 0 0 0 0 0 0 0 0 0 0 0 0 0 0 0 0 0 0 0 0 0 0 0 0 0 0 0 0 0 0 0 0 0 0 0 0 0 0 0 0 0 0 0 0 0 0 0 0 0 0 0 0 0 0 0 0 0 0 0 0 0 0 0 0 0 0 0 0 0 0 0 0 0 0 0 0 0 0 0 0 0 0 0 0 0 0 0 0 0 0 0 0 0 0 0
0 0 0 2 0 0 0 0 0 0 0 0 0 0 0 0 0 0 0 0 0 0 0 0 0 0 0 0 0 0 0 0 0 0 0 0 0 0 0 0 0 0 0 0 0 0 0 0 0 0 0 0 0 0 0 0 0 0 0 0 0 0 0 0 0 0 0 0 0 0 0 0 0 0 0 0 0 0 0 0 0 0 0 0 0 0 0 0 0 0 0 0 0 0 0 0 0 0 0 0 0 0 0 0 0 0 0 0 0 0 0 0 0 0 0 0 0 0 0 0 0 0 0 0 0 0 0 0 0 0 0 0 0 0 0 0 0 0 0 0 0 0 0 0 0 0 0 0 0 0
0 0 0 0 0 0 0 0 0 0 0 0 0 0 0 0 0 0 0 0 0 0 0 0 0 0 0 0 0 0 0 0 0 0 0 0 0 0 0 0 0 0 0 0 0 0 0 0 0 0 0 0 0 0 0 0 0 0 0 0 0 0 0 0 0 0 0 0 0 0 0 0 0 0 0 0 0 0 0 0 0 0 0 0 0 0 0 0 0 0 0 0 0 0 0 0 0 0 0 0 0 0 0 0 0 0 0 0 0 0 0 0 0 0 0 0 0 0 0 0 0 0 0 0 0 0 0 0 0 0 0 0 0 0 0 0 0 0 0 0 0 0 0 0 0 0 0 0 0 0
0 0 0 0 0 0 0 0 0 0 0 0 0 0 0 0 0 0 0 0 0 0 0 0 0 0 0 0 0 0 0 0 0 0 0 0 0 0 0 0 0 0 0 0 0 0 0 0 0 0 0 0 0 0 0 0 0 0 0 0 0 0 0 0 0 0 0 0 0 0 0 0 0 0 0 0 0 0 0 0 0 0 0 0 0 0 0 0 0 0 0 0 0 0 0 0 0 0 0 0 0 0 0 0 0 0 0 0 0 0 0 0 0 0 0 0 0 0 0 0 0 0 0 0 0 0 0 0 0 0 0 0 0 0 0 0 0 0 0 0 0 0 0 0 0 0 0 0 0 0
0 0 0 0 0 0 0 0 0 0 0 0 0 0 0 0 0 0 0 0 0 0 0 0 0 0 0 0 0 0 0 0 0 0 0 0 0 0 0 0 0 0 0 0 0 0 0 0 0 0 0 0 0 0 0 0 0 0 0 0 0 0 0 0 0 0 0 0 0 0 0 0 0 0 0 0 0 0 0 0 0 0 0 0 0 0 0 0 0 0 0 0 0 0 0 0 0 0 0 0 0 0 0 0 0 0 0 0 0 0 0 0 0 0 0 0 0 0 0 0 0 0 0 0 0 0 0 0 0 0 0 0 0 0 0 0 0 0 0 0 0 0 0 0 0 0 0 0 0 0
0 0 0 0 0 0 0 0 0 0 0 0 0 0 0 0 0 0 0 0 0 0 0 0 0 0 0 0 0 0 0 0 0 0 0 0 0 0 0 0 0 0 0 0 0 0 0 0 0 0 0 0 0 0 0 0 0 0 0 0 0 0 0 0 0 0 0 0 0 0 0 0 0 0 0 0 0 0 0 0 0 0 0 0 0 0 0 0 0 0 0 0 0 0 0 0 0 0 0 0 0 0 0 0 0 0 0 0 0 0 0 0 0 0 0 0 0 0 0 0 0 0 0 0 0 0 0 0 0 0 0 0 0 0 0 0 0 0 0 0 0 0 0 0 0 0 0 0 0 0
0 0 0 0 0 0 0 0 0 0 0 0 0 0 0 0 0 0 0 0 0 0 0 0 0 0 0 0 0 0 0 0 0 0 0 0 0 0 0 0 0 0 0 0 0 0 0 0 0 0 0 0 0 0 0 0 0 0 0 0 0 0 0 0 0 0 0 0 0 0 0 0 0 0 0 0 0 0 0 0 0 0 0 0 0 0 0 0 0 0 0 0 0 0 0 0 0 0 0 0 0 0 0 0 0 0 0 0 0 0 0 0 0 0 0 0 0 0 0 0 0 0 0 0 0 0 0 0 0 0 0 0 0 0 0 0 0 0 0 0 0 0 0 0 0 0 0 0 0 0
