0 0 3 1 0 0 1 0 2 41 6 1 0 4 0 0 0 0 0 0 0 2 0 0 0 4 0 0 0 0 0 0 0 1 3 1 0 0 0 0 0 0 0 0 0 0 0 0 0 0 0 0 0 0 0 1 0 0 0 1 11 12 3 1 0 1 4 0 0 0 0 3 7 63 78 159 25 5 11 4 5 97 12 14 15 100 264 92 12 199 488 192 31 338 234 460 334 205 339 37 55 44 8 7 6 21 8 167 99 11 8 5 10 26 32 15 12 4 1 0 5 10 11 5 2 3 0 1 3 36 0 3 4 2 2 0 0 0 0 0 0 0 0 0 0 0 0 0 0 18
0 1 3 1 0 0 0 0 0 3 2 1 2 2 0 0 0 0 6 0 0 0 30 0 28 7 0 0 0 0 0 0 0 0 0 3 0 0 3 0 0 0 1 0 0 0 0 0 0 0 0 0 0 0 4 0 0 0 0 24 41 4 2 11 0 0 0 0 0 1 0 0 33 11 10 3 29 19 3 6 13 10 1 0 46 95 198 53 86 278 27 9 92 159 66 175 138 150 378 203 140 21 18 4 7 0 1 9 5 7 8 4 0 6 17 3 1 3 0 7 0 0 4 2 2 1 0 3 3 6 4 4 126 33 1 0 0 0 0 23 5 0 0 0 0 2 0 0 0 0
0 0 0 0 19 0 0 0 0 3 1 1 5 1 0 0 0 1 0 0 10 13 32 17 5 0 27 1 0 0 0 0 0 1 0 0 0 3 0 4 0 0 0 1 0 0 0 0 0 0 0 0 0 0 4 0 0 0 3 14 9 1 0 0 0 0 0 0 0 0 0 0 0 0 0 1 0 49 38 103 213 39 2 10 10 70 194 68 4 18 68 10 72 120 171 227 59 175 131 154 172 152 7 14 5 6 1 13 57 62 16 25 3 0 4 1 4 12 34 2 25 5 0 3 0 1 1 1 0 5 2 8 59 55 0 0 5 0 1 5 1 0 0 0 0 1 2 0 0 0
18 0 0 0 0 0 0 0 0 3 1 3 0 0 0 0 1 0 0 0 0 0 5 3 5 0 1 22 4 0 3 0 0 0 0 0 0 0 0 4 1 0 0 0 0 0 0 0 0 0 2 0 3 0 24 19 0 15 4 1 0 0 2 0 0 0 0 0 0 1 3 43 7 0 1 2 30 22 65 54 24 7 15 151 48 5 17 100 0 61 375 314 770 230 364 173 35 162 214 120 161 195 70 179 5 48 1 8 156 12 9 6 14 2 0 0 4 10 25 7 8 43 4 5 2 7 1 5 14 0 4 8 19 0 2 0 11 0 0 5 14 2 0 0 0 0 2 1 0 0
4 7 0 0 0 0 0 0 0 0 1 1 0 0 0 4 3 0 1 0 0 1 0 0 2 0 0 0 0 0 0 0 0 0 0 4 2 0 0 0 0 0 0 0 0 0 0 0 1 1 0 0 0 2 27 101 17 6 0 0 0 1 0 1 0 0 0 0 0 3 110 155 48 64 6 21 21 67 104 57 103 93 162 55 120 65 19 22 12 137 427 423 230 248 163 71 8 273 121 288 392 369 254 231 475 63 35 38 3 3 3 23 11 3 4 0 0 1 16 52 76 223 38 9 2 2 3 0 0 1 0 0 0 0 0 0 0 0 0 0 17 2 0 0 0 0 0 5 0 0
2 0 0 0 0 0 0 0 2 0 2 0 0 0 0 4 0 0 1 12 1 3 0 0 0 0 0 0 0 0 0 3 0 0 1 27 12 13 0 0 0 0 0 0 0 0 0 0 0 2 17 3 0 3 0 87 5 8 4 0 0 0 0 0 0 0 0 0 2 9 30 56 77 27 27 17 10 5 5 84 133 189 186 25 0 47 21 25 0 71 789 202 53 148 502 208 41 701 199 570 160 240 267 169 13 39 8 25 6 0 0 3 1 14 1 12 1 1 0 4 39 55 1 2 0 2 0 0 0 0 0 0 0 0 0 0 2 0 1 0 1 5 0 0 0 0 0 1 6 0
0 0 0 0 0 0 0 0 0 0 4 0 0 3 0 0 0 0 0 0 0 0 0 0 0 0 0 0 0 1 0 0 0 0 0 16 1 0 0 0 0 0 0 0 0 0 0 0 0 0 0 4 1 3 0 8 17 0 10 16 1 1 0 0 7 0 0 0 1 38 19 20 100 99 103 40 112 33 177 168 288 183 293 137 46 2 1 103 19 35 509 397 20 137 296 178 103 150 190 24 5 401 51 33 1 12 28 1 4 3 5 72 54 17 13 4 3 1 7 9 21 43 5 2 0 0 1 1 0 0 2 0 0 0 0 0 0 0 0 0 0 0 0 0 0 0 0 0 2 3
0 0 0 0 0 0 0 0 0 0 1 0 0 0 0 0 0 0 0 0 0 0 0 0 0 0 0 0 0 1 3 0 0 0 2 1 0 0 5 2 0 0 0 0 0 0 0 0 0 0 0 0 2 5 2 3 12 3 27 15 13 13 25 0 5 11 0 0 0 36 1 2 4 65 12 27 31 73 199 192 345 213 440 67 53 48 103 171 100 75 136 51 13 130 100 115 63 277 356 107 40 138 169 221 71 50 5 14 39 3 191 148 13 23 4 14 0 2 0 5 13 2 0 1 1 0 4 0 1 0 0 0 0 0 0 0 0 1 0 0 0 0 0 0 0 0 0 0 0 6
2 0 0 0 0 0 0 0 0 5 0 0 0 1 7 0 0 0 0 0 0 0 0 0 0 0 0 0 0 0 0 0 0 0 0 0 0 0 1 0 0 0 0 0 0 0 0 0 0 0 0 0 0 2 0 0 0 5 3 13 90 72 3 1 0 5 0 1 0 20 0 0 0 1 0 8 3 7 13 191 205 251 291 47 1 5 173 141 108 19 13 1 91 408 396 441 26 297 86 70 98 55 32 123 334 29 57 102 16 9 289 37 89 4 5 1 1 0 1 4 4 1 1 5 0 2 0 0 0 0 4 0 0 0 0 0 0 0 0 0 0 0 0 0 0 0 0 0 0 0
0 0 0 0 0 0 0 0 0 1 0 0 0 0 0 0 0 0 0 0 0 0 0 0 0 0 0 0 0 0 0 0 0 0 1 0 0 0 0 1 0 0 0 0 0 0 0 0 5 0 6 0 7 4 0 0 1 0 0 3 15 66 16 4 2 0 0 2 0 3 0 0 0 0 0 3 2 10 65 184 372 474 186 86 529 331 85 41 38 51 30 1 5 201 325 502 279 35 29 36 39 27 5 3 62 241 94 79 13 5 251 127 144 4 0 65 214 180 56 19 4 4 5 6 16 2 6 2 0 4 23 0 0 0 0 0 0 0 0 0 0 0 0 0 0 0 0 0 0 0
0 0 0 0 0 0 0 1 0 1 1 1 0 0 0 0 0 0 0 0 0 0 0 0 0 0 0 0 0 0 0 3 0 0 0 2 0 0 10 0 0 2 1 0 0 0 0 1 7 11 10 1 2 2 0 0 0 1 7 6 0 69 3 0 0 0 0 0 0 0 0 0 0 0 0 0 0 4 11 208 145 110 197 75 79 75 62 94 124 120 9 0 0 52 147 269 434 17 8 75 10 3 2 2 20 97 292 140 37 64 129 34 69 6 0 51 167 255 141 49 156 41 83 46 31 102 28 20 14 7 1 28 17 8 5 0 0 0 0 0 0 0 0 0 0 0 0 0 0 0
0 0 1 0 0 0 0 0 11 2 0 0 0 0 0 0 4 2 1 0 0 0 0 0 0 0 0 0 0 0 0 0 0 1 0 1 0 0 0 0 2 44 2 7 1 0 0 1 0 1 0 1 0 1 3 2 0 1 1 1 0 0 0 0 0 1 1 0 0 0 1 0 0 0 0 0 8 4 252 123 217 59 16 31 25 48 3 8 54 221 12 0 0 0 3 25 262 136 81 8 0 2 2 15 6 22 119 76 7 20 53 40 37 19 8 84 308 38 124 195 113 121 47 81 50 67 0 0 0 8 2 0 29 10 9 0 0 0 0 0 0 0 0 0 0 0 0 0 0 0
2 0 0 0 0 0 0 0 1 1 0 0 0 0 0 0 1 5 6 1 6 3 0 0 0 0 0 0 0 0 0 0 0 0 0 1 5 0 0 0 0 2 19 0 10 0 2 12 0 0 0 0 0 0 1 0 0 0 0 0 0 2 0 0 0 4 2 0 0 3 5 0 0 0 0 5 63 11 47 23 73 223 11 0 5 1 1 0 0 1 0 0 4 21 34 7 244 104 206 153 3 1 9 1 0 0 7 49 121 107 528 187 33 343 66 3 4 41 335 326 34 73 49 0 30 30 2 0 13 10 0 0 13 9 3 0 0 0 0 0 0 0 0 0 0 0 0 0 0 0
0 0 0 0 0 0 0 3 0 1 0 0 0 0 0 0 0 0 25 10 3 0 2 1 0 0 0 0 0 0 1 1 0 0 0 0 0 0 0 0 0 1 1 44 15 0 0 0 0 0 1 5 0 0 0 0 0 0 0 0 5 6 4 1 0 0 9 8 4 9 28 0 0 0 1 154 194 142 47 5 23 120 25 4 6 44 1 1 0 15 0 0 0 21 2 6 54 189 42 46 0 2 337 44 382 40 44 117 62 204 459 497 261 88 124 138 38 63 348 152 33 10 0 10 0 2 7 0 2 0 0 0 0 0 0 1 0 0 0 0 0 0 0 0 0 0 0 0 0 0
0 0 0 0 0 0 0 0 6 0 0 0 0 0 0 0 0 0 0 7 3 0 0 0 1 0 0 0 0 0 0 0 0 0 0 0 0 0 0 0 0 0 0 5 6 0 0 0 1 2 9 8 0 0 1 0 4 0 1 4 28 9 1 21 1 110 52 32 76 132 24 0 0 0 10 212 247 464 300 8 1 52 11 0 0 2 1 7 0 6 3 5 0 0 0 0 15 91 92 90 7 13 127 233 494 374 472 345 449 332 287 207 137 207 288 68 55 31 23 21 27 22 34 5 0 2 12 2 4 5 0 0 0 0 0 0 0 0 0 0 0 0 0 0 0 0 0 0 0 0
0 0 0 0 0 0 0 9 5 3 0 0 0 0 0 0 0 0 0 1 0 6 3 1 0 0 0 0 0 0 0 0 0 0 0 0 0 0 0 0 0 0 0 0 1 6 0 0 0 8 12 51 1 1 0 10 13 30 3 39 5 0 1 5 12 9 218 35 19 39 223 18 98 36 297 488 611 283 106 0 0 1 0 0 0 0 20 51 4 17 1 7 0 1 3 5 13 8 6 7 3 0 419 296 162 163 243 77 174 226 626 164 217 114 55 25 33 78 104 15 4 7 164 121 12 22 1 1 1 1 0 0 0 0 6 1 0 0 0 0 0 0 0 0 0 0 0 0 0 0
0 0 0 0 0 0 0 1 0 0 0 0 0 0 0 0 0 2 0 0 1 0 2 16 13 2 0 0 0 0 0 0 0 0 0 0 0 0 0 1 0 0 0 0 0 4 2 3 1 3 17 0 1 4 4 11 19 56 29 10 1 0 0 0 2 1 0 0 0 0 0 0 18 37 92 100 428 88 36 0 0 0 2 1 0 0 0 22 21 9 1 0 1 0 0 53 18 0 0 31 0 73 367 308 159 63 112 63 114 213 457 359 230 278 98 44 15 16 40 5 0 1 12 13 6 70 0 3 0 0 0 0 0 0 0 0 0 0 0 0 0 0 0 0 0 0 0 0 0 0
0 0 0 0 0 0 0 0 0 0 0 0 1 0 0 0 0 0 2 2 0 0 0 0 0 0 1 5 0 0 0 0 0 0 0 0 2 0 0 0 0 0 0 0 0 8 21 0 0 11 18 11 3 20 2 5 24 13 160 5 2 2 0 0 0 10 60 14 0 12 34 7 42 4 15 47 9 34 27 3 0 0 0 2 0 0 0 3 19 4 0 4 22 18 3 0 0 0 49 195 65 54 34 36 34 245 26 109 162 188 32 29 45 325 23 6 154 44 2 1 0 0 1 5 48 181 114 1 1 1 0 0 0 0 0 0 0 0 0 0 0 0 0 0 0 0 0 0 0 0
0 0 0 0 0 3 0 0 0 0 0 0 1 2 0 1 0 0 0 2 0 3 1 0 3 0 12 18 6 0 0 0 0 0 0 4 0 0 0 0 0 0 0 4 5 3 4 1 8 138 26 4 2 11 2 13 39 24 14 7 16 2 1 0 0 0 3 1 1 3 6 16 8 2 1 16 24 7 3 4 4 0 1 1 0 6 3 2 0 0 4 30 42 83 6 0 0 10 232 5 70 101 34 7 26 44 52 261 122 0 0 25 3 128 8 0 2 9 0 0 0 0 1 0 13 98 56 128 1 0 0 0 0 0 0 0 0 0 0 0 0 0 0 0 0 0 0 0 0 0
0 0 0 0 0 0 0 0 0 0 0 0 0 0 0 0 0 0 0 1 0 4 29 2 0 0 2 7 43 4 0 2 0 0 1 0 0 0 0 0 0 1 1 12 1 32 35 5 2 43 5 0 1 4 16 1 5 87 1 0 1 4 0 0 0 2 0 0 2 22 10 8 1 0 0 15 5 0 0 0 1 0 0 0 0 11 5 1 1 1 3 10 0 0 0 3 0 12 1 2 318 384 283 70 25 35 54 227 55 1 0 0 0 31 4 0 0 0 0 0 0 0 0 0 15 9 1 45 0 0 0 0 0 0 0 0 0 0 0 0 0 0 0 0 0 0 0 0 0 0
0 0 0 0 0 0 0 0 0 0 0 0 0 0 0 0 0 1 4 0 0 2 0 0 0 2 2 0 0 2 0 3 5 0 0 0 0 0 0 1 0 3 3 7 3 0 5 5 12 78 83 44 5 21 2 3 7 0 1 0 0 3 6 0 46 83 1 0 0 3 20 3 2 0 1 36 61 44 4 9 3 1 1 0 0 0 0 0 3 1 1 1 1 1 0 0 0 1 141 158 544 425 170 29 0 5 24 23 0 0 0 0 0 4 0 0 0 0 0 0 0 0 0 0 0 0 6 255 0 0 0 0 0 0 0 0 0 0 0 0 0 0 0 0 0 0 0 0 0 0
0 0 0 0 0 0 0 0 0 0 0 0 0 0 0 1 0 0 0 0 0 0 0 1 1 1 0 0 0 0 1 38 4 2 0 0 0 10 0 0 16 10 0 0 0 0 0 2 80 269 148 60 10 0 0 0 1 1 0 0 0 0 0 0 3 5 11 2 1 20 6 15 6 0 1 3 31 12 30 20 10 7 27 10 11 1 2 22 229 12 6 1 1 0 1 2 0 0 43 171 65 115 33 2 9 9 34 26 3 0 0 0 0 19 0 0 0 0 0 0 0 0 0 0 0 15 5 0 0 2 4 0 0 0 0 0 0 0 0 0 0 0 0 0 0 0 0 0 0 0
0 0 0 0 0 0 0 0 0 0 0 0 0 0 1 0 0 0 0 0 0 0 2 0 1 0 0 0 0 0 1 0 8 6 2 1 4 35 1 6 1 0 0 0 0 0 4 3 4 142 195 65 2 0 2 0 0 0 1 0 0 0 0 0 3 1 9 2 0 1 6 21 13 2 0 1 0 0 10 3 0 11 1 0 0 2 4 0 0 1 0 4 1 0 0 0 1 0 0 0 7 0 1 6 24 18 11 21 57 29 11 5 13 0 0 0 0 0 0 0 0 0 0 4 10 13 27 0 0 0 0 0 0 0 0 0 0 0 0 0 0 0 0 0 0 0 0 0 0 0
0 0 0 0 0 0 0 0 0 0 0 0 0 0 0 0 2 1 0 1 5 0 0 1 0 0 0 0 0 0 0 3 5 4 1 1 1 10 1 0 0 0 0 0 7 15 14 17 2 32 43 8 0 0 2 8 1 3 0 0 0 0 0 0 0 0 0 0 0 0 1 1 16 15 4 1 0 0 0 1 0 5 17 57 1 0 1 0 0 0 0 0 0 2 0 0 0 0 0 0 2 0 1 15 35 12 2 0 0 4 0 11 5 0 0 0 0 0 0 0 0 0 0 9 5 2 12 34 0 0 0 0 0 0 0 0 0 0 0 0 0 0 0 0 0 0 0 0 0 0
0 0 0 0 0 0 0 0 0 0 0 0 0 0 0 0 0 0 0 0 0 0 1 0 0 0 0 0 0 0 0 1 2 25 28 0 0 62 0 0 0 0 0 2 25 12 18 0 2 7 17 5 7 12 8 0 0 1 0 1 0 0 0 0 0 0 0 0 5 1 0 0 3 19 12 1 0 0 0 0 0 0 5 19 14 0 1 0 0 0 1 3 0 0 1 0 1 3 0 2 4 0 2 5 152 0 0 0 1 0 0 4 0 0 0 0 0 0 1 0 0 0 0 0 0 9 7 1 0 0 0 0 0 0 0 0 0 0 0 0 0 0 0 0 0 0 0 0 0 0
0 0 0 0 0 0 0 0 0 0 0 0 0 0 2 1 0 1 1 0 0 1 0 0 0 0 0 0 0 0 0 0 3 3 16 0 0 3 0 0 0 0 0 0 39 2 0 0 2 2 13 0 0 0 0 0 0 0 0 0 0 0 0 0 5 1 0 0 4 3 0 10 0 9 0 1 3 0 0 0 0 0 0 2 0 5 3 3 2 2 0 0 1 1 4 0 0 4 0 2 3 5 2 53 96 70 0 0 0 0 0 2 0 0 5 2 0 0 0 0 0 0 0 0 0 7 8 9 0 0 0 0 0 0 0 1 2 10 0 0 0 0 0 0 0 0 0 0 0 0
0 0 0 0 0 0 0 0 0 0 0 0 0 0 0 0 0 1 0 0 0 2 0 1 0 0 0 2 0 0 0 0 0 2 8 1 0 0 0 0 0 1 0 1 37 1 2 0 0 1 9 6 0 0 3 0 0 0 0 0 0 0 0 0 2 0 0 0 2 0 1 8 0 0 0 0 13 0 0 0 0 0 11 1 3 0 2 19 0 0 0 0 0 0 1 2 0 0 0 2 7 4 3 6 16 75 30 0 0 0 0 0 0 2 4 2 0 0 1 0 0 0 0 0 3 63 1 0 0 0 0 0 0 0 0 0 0 23 0 0 0 0 0 0 0 0 0 0 0 0
0 0 0 0 0 0 0 0 1 0 0 0 0 0 1 2 1 7 0 0 2 8 5 0 0 0 0 0 0 0 2 0 0 2 0 0 0 8 0 3 4 13 11 43 66 1 1 0 0 0 0 11 6 2 0 1 0 0 0 0 0 0 0 0 0 0 0 0 4 21 26 5 1 2 0 1 0 6 0 0 0 0 0 0 8 0 0 2 2 0 2 0 7 0 0 0 0 0 0 0 0 4 8 0 4 355 339 14 0 0 0 0 0 0 0 0 1 34 12 0 0 0 0 17 29 5 13 83 43 2 0 0 0 0 0 0 0 1 0 0 0 0 0 0 0 0 0 0 0 0
0 0 0 0 0 1 0 0 0 2 1 0 8 2 0 5 7 40 2 11 46 2 0 1 0 0 0 0 2 0 4 1 0 0 0 7 3 2 19 23 60 175 90 162 27 3 0 1 2 0 0 0 19 5 1 0 0 0 0 0 0 0 0 0 0 0 0 0 0 1 0 3 2 0 4 5 0 13 2 0 0 0 2 0 0 0 0 0 2 0 2 0 2 0 3 6 1 0 0 0 0 17 3 10 55 283 76 124 2 0 0 0 0 0 0 0 143 16 29 0 0 0 2 32 43 39 247 234 6 9 0 0 0 4 0 1 0 0 0 0 0 0 0 0 0 0 0 0 0 0
0 0 0 0 0 0 0 7 2 1 3 17 17 0 0 1 1 3 0 0 1 1 5 9 1 1 0 1 0 1 5 0 0 0 12 8 1 3 22 130 203 250 189 231 16 1 0 1 1 0 1 0 14 58 35 4 0 0 0 0 0 0 0 0 0 0 0 0 0 0 0 0 0 0 0 0 0 2 4 0 0 0 1 0 16 0 0 0 0 0 0 1 1 4 0 6 0 0 0 0 0 1 1 4 2 33 2 34 5 0 0 0 0 0 18 16 220 102 13 17 1 6 0 24 26 10 136 124 201 142 2 14 10 24 1 0 0 0 0 0 0 0 0 0 0 0 0 0 0 0
0 0 0 0 0 0 1 2 1 1 0 2 1 0 0 1 0 1 3 3 0 2 89 19 0 0 0 0 0 0 0 21 3 0 1 19 9 7 13 31 364 90 178 70 21 0 4 0 0 0 2 0 3 1 2 2 0 0 0 0 0 0 0 0 0 0 0 0 0 0 0 2 0 0 0 1 0 0 0 1 3 7 4 0 9 0 0 0 8 5 0 0 0 7 0 0 1 0 5 0 0 2 1 3 1 1 0 0 4 0 3 0 0 0 9 435 160 173 89 151 73 19 11 1 0 8 21 43 1 10 2 78 196 11 12 1 0 0 0 0 0 0 0 0 0 0 0 0 0 0
0 0 0 0 0 0 1 0 0 0 3 2 2 1 0 1 0 0 5 12 157 116 8 0 0 0 0 0 2 3 0 0 6 16 4 5 0 0 0 23 252 89 116 52 24 5 2 0 1 1 0 0 2 2 0 0 0 0 0 0 0 0 0 0 0 0 0 0 0 0 0 0 0 0 0 0 0 5 17 0 7 7 3 94 7 0 0 0 0 0 0 0 0 0 1 0 24 2 0 0 0 0 0 0 1 1 1 6 65 36 104 196 43 26 130 294 199 58 45 124 18 52 1 0 19 11 6 37 1 0 4 112 71 7 23 0 0 0 0 0 0 0 0 0 0 0 0 0 0 0
0 0 1 0 0 0 0 1 1 2 0 0 2 4 0 0 0 0 4 12 23 0 0 0 0 0 0 0 1 3 5 3 3 6 1 9 1 1 0 1 14 36 53 8 1 0 0 0 0 2 1 1 20 0 0 2 0 2 0 0 0 0 0 0 0 0 0 0 0 0 0 0 0 0 0 5 2 16 2 1 0 3 8 1 0 0 0 0 1 0 3 0 0 0 2 2 0 0 0 0 0 0 0 0 0 1 2 6 69 32 33 28 15 93 578 348 48 85 18 123 34 2 0 6 2 5 5 0 0 0 22 81 0 0 0 0 0 0 0 0 0 0 0 0 0 0 0 0 0 0
0 0 1 0 0 4 6 0 1 0 4 0 0 1 2 2 2 0 4 16 10 1 0 0 0 0 0 0 0 2 6 0 2 1 1 1 0 0 1 1 4 5 0 1 0 3 0 0 3 3 0 2 234 2 76 2 5 0 0 0 0 0 0 0 0 0 0 0 0 0 0 0 0 0 0 0 0 0 2 1 0 0 0 0 0 0 0 0 0 0 0 0 0 3 2 1 1 0 0 0 1 0 0 1 0 1 1 37 16 2 0 3 39 60 48 275 74 90 18 264 132 0 0 0 0 0 0 0 0 0 0 42 7 0 0 0 0 0 0 0 0 0 0 0 0 0 0 0 0 0
0 0 0 0 1 1 4 1 0 0 0 0 0 2 0 5 6 6 3 0 2 0 2 0 0 0 0 18 6 2 7 11 1 1 0 0 0 5 0 2 0 5 3 0 0 0 0 0 0 0 0 7 37 23 0 8 0 0 0 0 0 0 0 0 0 0 0 0 0 0 0 0 0 0 0 0 9 2 0 0 0 1 0 0 0 0 0 0 1 1 6 0 5 10 1 12 0 0 0 0 1 0 0 0 0 0 2 35 253 1 0 0 2 0 0 0 0 6 177 318 18 0 0 0 0 0 0 0 0 0 0 1 38 0 0 0 0 0 0 0 0 0 0 0 0 0 0 0 0 0
0 1 0 0 0 0 4 104 1 1 2 1 3 2 3 84 29 8 3 2 1 0 2 0 1 1 4 2 7 0 3 0 2 0 0 0 0 0 0 1 3 1 1 1 0 0 1 0 0 0 0 8 0 14 9 0 1 0 0 0 0 0 0 0 0 0 0 0 0 0 0 0 0 0 0 0 2 2 0 0 0 0 0 0 0 0 0 0 1 0 2 0 0 13 0 1 0 0 0 1 0 0 0 0 0 4 7 7 63 0 0 0 0 0 2 0 0 3 23 63 118 47 0 0 0 16 0 0 0 12 123 4 4 2 0 0 0 0 0 0 0 0 0 0 0 0 0 0 0 0
1 1 0 0 0 1 1 0 0 0 8 1 0 1 9 16 10 6 4 0 0 0 0 3 0 1 0 1 0 0 0 0 0 0 1 0 0 0 0 2 0 4 0 13 1 1 1 0 0 0 2 6 13 15 6 1 0 0 0 0 0 0 0 0 0 0 0 0 0 0 0 0 0 0 0 0 0 11 26 0 0 2 0 0 0 0 0 43 4 0 3 0 0 13 0 0 0 0 0 2 6 4 2 0 1 5 24 4 6 1 0 0 0 14 8 23 76 216 19 75 213 40 0 11 75 9 0 0 0 22 38 0 0 0 0 0 0 0 0 0 0 0 0 0 0 0 0 0 0 0
0 0 1 0 0 0 0 2 0 0 5 163 7 3 0 1 3 1 0 1 0 0 0 4 2 0 0 0 28 0 0 0 2 0 0 0 0 0 1 0 1 6 7 1 2 1 1 1 0 0 0 30 4 1 1 2 0 0 0 0 0 0 0 0 0 0 0 0 0 0 0 0 0 0 0 1 0 2 3 0 0 0 0 0 0 0 0 2 0 0 0 0 0 1 0 0 0 0 10 0 0 0 1 0 6 0 4 7 44 2 0 0 0 0 55 197 261 178 15 38 14 63 57 83 52 0 0 0 0 100 61 0 0 0 0 0 0 0 0 0 0 0 0 0 0 0 0 0 0 0
0 0 0 0 0 1 1 0 1 1 2 6 0 0 0 0 0 0 0 1 4 0 0 0 0 1 0 0 1 0 0 0 0 0 0 0 0 0 3 0 0 0 0 0 1 1 0 0 0 0 0 10 1 0 1 0 0 0 0 0 1 0 0 0 0 0 0 0 0 0 0 0 0 0 0 0 1 3 61 36 3 10 11 0 0 0 0 0 0 0 0 0 0 0 0 0 0 0 0 3 0 3 2 2 11 0 0 1 26 1 0 0 13 5 12 21 1 9 125 72 5 93 274 245 137 54 26 66 289 443 249 0 0 0 0 0 0 0 0 0 0 0 0 0 0 0 0 0 0 0
0 2 0 0 0 1 0 0 0 3 6 9 0 9 0 0 1 0 0 0 0 0 0 0 0 2 7 1 0 0 0 0 3 0 1 0 0 0 0 5 0 1 0 0 1 0 2 0 0 2 2 145 17 0 0 0 0 0 0 0 0 0 0 0 0 0 0 0 0 0 0 0 0 0 0 0 0 8 13 0 0 10 2 0 0 0 0 0 0 4 0 0 0 6 0 3 5 0 0 0 1 0 0 1 3 1 3 0 39 15 1 7 11 0 2 3 1 50 115 147 194 345 257 308 475 227 511 158 213 220 130 0 0 0 0 0 0 0 0 0 0 0 0 0 0 0 0 0 0 0
0 0 0 0 0 0 0 0 4 2 0 0 3 0 2 0 1 0 0 0 0 0 0 0 0 0 1 1 0 0 0 0 0 0 2 1 0 1 1 0 0 0 1 0 1 0 4 0 2 9 210 142 13 42 3 1 5 1 1 0 5 0 0 0 0 0 0 0 0 0 0 0 0 0 0 0 0 0 6 0 0 1 1 0 0 0 0 0 3 0 0 1 26 0 0 0 0 0 0 0 5 0 1 0 5 3 3 14 2 1 0 1 1 7 10 9 2 17 162 716 613 168 91 463 480 159 162 232 137 5 14 0 0 0 0 0 0 0 0 0 0 0 0 0 0 0 0 0 0 0
0 0 0 1 0 0 0 0 29 0 0 0 3 0 0 1 0 0 0 0 0 0 0 0 2 1 0 0 1 0 0 6 7 1 0 1 0 0 1 0 0 0 0 0 0 0 0 0 0 58 237 261 246 162 18 7 1 0 0 1 1 0 0 0 0 0 0 0 0 0 0 0 0 0 0 0 0 0 0 4 0 0 0 0 0 0 0 21 24 0 0 10 8 0 0 0 0 0 0 0 6 0 2 0 0 41 132 0 1 0 6 10 1 3 1 3 1 3 39 198 98 269 196 1432 493 223 193 59 5 190 382 203 0 0 0 0 0 0 0 0 0 0 0 0 0 0 0 0 0 0
1 0 0 1 3 2 4 3 5 1 2 15 0 0 0 0 0 0 0 0 0 0 0 0 1 0 0 0 0 0 0 0 3 0 0 0 0 0 0 0 0 0 0 0 0 0 0 0 1 5 183 167 201 122 110 6 0 0 1 0 0 0 0 0 0 0 0 0 0 0 0 0 0 0 0 0 0 0 0 13 0 0 0 0 0 0 0 57 19 1 2 14 24 0 0 0 0 0 0 5 0 25 5 32 5 1 0 1 0 0 0 0 0 0 0 5 3 1 3 4 65 120 103 242 308 300 161 118 201 169 129 70 1 0 0 0 0 0 0 0 0 0 0 0 0 0 0 0 0 0
1 1 0 1 1 1 2 8 3 0 1 1 1 0 0 0 0 0 0 0 0 0 1 0 0 0 0 0 0 1 0 0 0 0 0 0 0 3 0 0 0 0 0 0 0 0 0 2 0 1 19 94 91 6 9 3 2 1 1 0 0 0 0 0 0 2 0 0 0 0 0 0 0 0 0 0 0 0 0 0 2 1 0 0 0 5 16 25 2 1 1 63 54 14 0 0 0 0 0 4 12 2 11 200 4 0 0 2 6 0 0 0 0 3 1 1 1 20 1 0 32 258 167 160 40 398 357 574 89 38 11 84 0 0 0 0 0 0 0 0 0 0 0 0 0 0 0 0 0 0
0 0 3 0 4 0 10 26 41 4 0 3 0 0 0 0 0 0 0 0 0 0 0 0 0 0 0 0 0 0 0 0 0 0 0 0 0 0 0 0 1 0 0 0 0 0 0 0 0 0 0 9 32 4 4 0 0 21 21 3 0 2 0 0 0 0 0 0 0 0 0 0 0 0 0 0 0 0 0 0 0 3 3 44 2 40 13 0 13 11 64 50 57 1 0 0 0 0 3 8 15 95 122 168 171 10 4 0 4 4 0 0 0 0 1 1 0 27 2 136 84 310 863 453 240 58 905 811 677 0 0 0 0 0 0 0 0 0 0 0 0 0 0 0 0 0 0 0 0 0
0 1 0 0 4 5 1 23 0 1 0 0 0 0 0 0 0 0 0 0 0 0 1 0 0 0 0 0 2 0 0 0 0 1 0 0 0 0 0 0 1 0 0 0 0 0 0 0 0 2 0 0 16 2 6 0 0 3 31 4 1 1 0 0 0 0 0 0 0 0 0 0 0 0 0 0 0 0 0 0 0 1 5 3 0 2 1 2 2 18 84 53 40 8 4 1 0 0 0 0 49 228 126 76 73 23 0 0 0 5 0 0 0 5 10 2 0 212 159 237 243 5 1 45 173 144 123 363 117 3 50 3 0 0 0 0 0 0 0 0 0 0 0 0 0 0 0 0 0 0
0 1 26 1 17 32 20 1 0 1 1 0 1 0 0 1 0 0 0 1 0 0 0 0 0 0 0 0 0 0 0 0 0 0 0 0 0 0 0 0 0 0 0 0 0 0 0 0 0 0 0 0 14 0 1 0 0 1 0 5 2 0 0 0 0 0 0 0 0 0 0 0 0 0 0 0 0 0 0 0 1 9 0 3 2 1 45 6 0 0 0 0 3 0 0 0 0 0 0 6 4 39 405 85 21 28 1 0 0 1 7 0 0 0 0 16 83 133 121 6 0 0 0 0 16 201 44 377 135 0 13 10 0 0 0 0 0 0 0 0 0 0 0 0 0 0 0 0 0 0
1 7 39 134 154 131 59 23 4 0 0 0 0 0 0 0 0 0 0 1 0 5 0 0 0 0 0 0 0 0 0 0 0 0 0 0 0 0 0 0 0 0 0 3 0 2 0 8 1 1 0 4 3 0 0 1 1 0 1 3 0 0 0 0 0 0 0 0 0 0 0 0 0 0 0 0 0 0 1 6 49 0 0 0 0 1 6 61 65 0 0 0 0 0 0 0 0 0 0 0 0 80 286 48 39 53 1 0 0 4 6 1 0 0 1 19 58 5 23 8 0 0 0 0 2 208 131 214 110 0 34 0 0 0 0 0 0 0 0 0 0 0 0 0 0 0 0 0 0 0
1 31 132 299 172 126 21 4 0 0 0 0 0 0 0 0 0 0 0 0 0 1 0 0 0 0 0 0 0 0 0 0 0 0 0 0 0 0 0 0 1 1 0 1 0 0 0 5 5 0 0 0 11 0 0 1 2 0 0 0 0 1 0 0 0 0 0 0 0 0 0 0 0 0 0 1 0 4 0 0 0 0 0 0 0 0 19 4 0 0 0 1 0 0 0 0 0 0 0 0 6 17 3 4 28 23 0 0 0 0 1 1 1 1 4 0 0 18 6 3 15 25 7 0 8 34 33 142 37 0 0 0 0 0 0 0 0 0 0 0 0 0 0 0 0 0 0 0 0 0
1 4 77 51 46 35 6 6 0 0 0 24 0 0 0 0 0 0 0 2 0 1 0 1 4 0 0 0 1 0 0 0 0 0 0 0 0 0 0 0 0 0 0 0 0 0 0 1 2 1 0 0 0 0 0 0 0 0 0 0 0 0 0 0 0 0 0 0 0 0 0 0 0 0 0 0 0 0 0 0 0 0 0 0 0 0 15 6 2 9 14 1 0 0 1 7 0 0 0 204 308 62 84 34 0 35 8 0 1 0 0 1 1 1 0 0 0 0 6 24 39 13 59 87 14 5 0 0 0 0 0 0 0 0 0 0 0 0 0 0 0 0 0 0 0 0 0 0 0 0
3 32 19 27 15 5 2 1 0 0 5 0 0 0 0 0 0 0 0 0 1 17 0 0 0 0 0 0 2 2 0 0 0 0 0 0 0 0 0 0 0 0 0 0 0 5 3 0 0 0 0 0 0 0 0 11 0 0 0 0 0 0 0 0 0 0 0 0 0 0 0 0 0 0 0 0 2 2 0 0 0 0 0 0 0 0 8 0 0 18 5 0 0 0 12 28 145 1 73 644 120 241 39 4 0 9 11 181 0 2 8 0 0 0 0 0 0 0 18 7 33 12 0 15 6 40 7 2 37 45 0 0 0 0 0 0 0 0 0 0 0 0 0 0 0 0 0 0 0 0
24 2 16 4 0 0 0 0 0 2 0 0 0 0 0 0 0 0 0 2 2 5 0 0 0 0 0 0 0 0 0 0 0 3 0 0 0 0 0 0 1 0 0 2 0 2 4 0 0 0 1 0 1 2 28 4 2 0 0 0 0 0 0 0 0 0 0 0 0 0 0 0 0 0 6 3 0 0 0 0 0 0 0 0 0 0 2 0 0 0 38 12 1 3 22 269 20 1 37 50 88 4 3 0 0 0 0 34 189 161 4 0 0 0 1 0 0 0 0 0 7 0 1 0 13 32 18 21 144 20 22 0 0 0 0 0 0 0 0 0 0 0 0 0 0 0 0 0 0 0
2 0 5 0 0 0 0 0 0 0 0 0 0 0 0 0 0 0 0 0 0 0 0 0 0 0 0 0 0 0 0 1 0 0 0 0 0 0 0 0 0 0 0 0 0 0 0 0 0 0 0 0 1 1 13 1 0 0 0 0 0 0 0 0 0 0 0 0 0 0 0 0 0 0 0 2 0 0 0 0 0 0 0 0 0 0 25 19 57 8 40 3 2 5 1 8 5 2 0 1 2 1 0 0 1 0 61 94 124 7 1 0 1 0 0 0 0 1 0 0 1 1 2 8 3 59 15 190 63 99 6 0 0 0 0 0 0 0 0 0 0 0 0 0 0 0 0 0 0 0
0 0 0 1 3 0 0 0 0 0 0 0 0 0 0 0 0 0 0 0 0 0 0 0 0 0 0 0 0 0 0 0 0 0 0 0 0 0 0 0 0 0 0 0 0 1 0 0 0 0 0 0 2 16 1 0 0 0 0 0 0 0 0 0 0 0 0 0 0 0 0 1 1 0 0 0 0 0 0 0 0 0 0 0 0 0 0 0 62 0 0 0 0 3 0 13 0 0 7 0 0 3 0 3 1 89 332 102 29 30 0 0 0 0 0 0 0 0 26 5 0 11 0 3 1 1 8 41 3 8 0 3 0 0 0 0 0 0 0 0 0 0 0 0 0 0 0 0 0 0
0 0 0 0 0 0 0 0 0 0 0 0 0 0 0 0 0 0 2 0 0 0 0 4 0 0 0 1 0 0 0 0 0 0 0 0 0 0 0 0 0 0 0 0 0 0 0 0 0 0 0 0 4 18 1 0 0 0 0 0 0 0 0 0 0 0 0 0 0 0 2 1 1 0 0 0 0 0 0 0 0 0 0 0 0 0 0 0 0 0 0 0 0 4 0 0 0 0 0 0 2 0 1 0 28 134 35 1 16 32 0 0 0 0 0 0 0 0 1 1 2 9 0 21 56 20 65 13 23 11 4 0 0 0 0 0 0 0 0 0 0 0 0 0 0 0 0 0 0 0
0 0 0 0 3 33 0 0 0 0 0 0 0 0 0 0 0 0 0 0 0 0 0 0 0 0 6 0 0 0 0 0 0 0 0 0 0 0 0 0 0 0 0 0 0 0 0 0 0 0 2 0 1 0 1 0 0 0 0 0 0 0 0 0 0 0 0 0 0 0 0 0 0 0 0 0 0 0 0 0 0 0 0 0 0 0 0 0 7 0 0 6 38 4 1 0 2 0 0 0 2 2 8 3 11 6 0 2 0 1 0 0 0 0 0 0 0 0 0 0 0 1 1 7 0 0 0 91 2 1 1 0 0 0 0 0 0 0 0 0 0 0 0 0 0 0 0 0 0 0
0 0 0 0 57 12 2 0 0 0 0 0 0 0 1 0 0 0 0 0 0 0 0 0 0 0 1 0 0 0 2 0 0 0 0 0 0 0 0 0 0 0 0 1 0 0 0 0 0 1 2 0 2 1 1 0 0 1 0 0 0 0 0 0 0 0 0 0 0 0 0 0 0 1 0 0 0 0 0 0 0 0 0 0 1 0 0 0 9 10 39 88 28 8 0 0 0 0 0 13 21 184 161 18 3 9 2 0 0 1 0 0 0 0 0 0 0 0 0 0 0 0 0 0 0 0 10 7 0 0 0 0 0 0 0 0 0 0 0 0 0 0 0 0 0 0 0 0 0 0
0 0 0 0 0 1 0 0 0 0 0 0 0 4 0 0 0 0 10 0 0 0 0 0 0 0 0 0 0 1 0 0 0 0 0 0 0 0 0 0 0 0 0 0 2 6 0 0 0 0 0 0 0 2 0 0 0 0 0 0 0 0 0 0 0 0 0 0 5 0 0 0 0 0 0 0 0 0 0 0 0 0 0 0 0 0 0 0 5 29 54 28 20 24 23 0 2 1 0 30 38 44 39 3 0 3 0 0 0 4 5 0 0 0 0 0 0 0 0 0 0 20 27 0 0 3 0 0 0 0 0 0 0 0 0 0 0 0 0 0 0 0 0 0 0 0 0 0 0 0
0 0 0 0 0 0 0 0 0 0 0 0 6 0 0 1 0 0 0 0 0 0 0 0 0 1 0 0 1 3 0 0 0 0 0 0 2 1 0 0 0 0 0 0 0 0 0 0 0 0 1 0 0 7 6 1 0 0 0 0 0 0 0 0 0 0 21 0 71 0 0 0 0 0 0 0 0 0 0 0 0 0 0 0 0 5 12 1 1 5 0 1 8 0 7 1 0 2 1 6 29 0 9 0 0 0 0 1 0 11 1 5 0 0 0 0 0 0 0 0 0 0 0 0 0 0 0 0 0 0 0 0 0 0 0 0 0 0 0 0 0 0 0 0 0 0 0 0 0 0
0 0 0 0 0 0 2 0 0 0 0 0 0 0 0 0 0 0 0 0 0 0 0 0 0 0 0 0 0 0 0 0 0 0 0 0 0 0 0 0 0 0 0 0 0 0 1 5 0 1 1 0 0 1 0 3 0 0 0 0 0 0 0 0 0 0 0 12 3 0 0 0 0 0 0 0 0 0 0 0 0 0 0 0 16 0 0 0 0 9 1 2 1 1 1 0 3 4 2 5 9 4 14 0 1 0 0 15 31 22 33 87 13 0 0 0 0 0 0 0 0 0 0 0 0 0 0 0 0 0 0 0 0 0 0 0 0 0 0 0 0 0 0 0 0 0 0 0 0 0
0 0 0 1 0 0 0 0 0 0 0 0 0 0 0 0 0 0 0 0 0 0 0 0 0 0 0 0 0 0 0 0 0 0 0 0 0 0 0 0 0 0 0 0 0 0 0 4 5 1 2 0 0 1 0 12 39 0 0 0 0 0 0 0 0 2 8 17 0 0 0 0 0 0 0 0 0 0 0 0 0 0 0 4 14 0 0 0 6 186 0 1 0 0 1 2 11 19 78 0 0 0 5 1 0 0 11 0 12 9 291 25 31 15 2 0 0 0 0 0 0 0 0 0 0 0 0 0 0 0 0 0 0 0 0 0 0 0 0 0 0 0 0 0 0 0 0 0 0 0
0 0 0 0 0 0 0 0 0 0 0 0 0 0 0 0 1 0 0 0 0 0 0 0 0 0 0 0 0 0 0 0 0 0 1 0 1 0 1 0 0 0 0 0 0 1 2 0 13 2 0 0 0 1 3 1 0 2 5 2 2 0 1 2 4 3 0 0 0 1 0 0 0 0 0 0 0 0 0 0 0 0 0 0 0 0 0 9 0 0 0 0 1 0 7 58 2 0 0 0 0 0 0 0 4 21 454 259 156 25 6 0 19 3 0 0 0 0 0 0 0 0 0 0 0 0 0 0 0 0 0 0 0 0 0 0 0 0 0 0 0 0 0 0 0 0 0 0 0 0
0 0 0 0 0 13 0 5 3 0 0 0 0 0 0 0 0 0 0 0 0 0 0 0 0 0 0 0 0 0 0 0 0 0 0 1 0 0 1 0 6 0 0 4 0 0 9 0 3 0 0 0 0 1 6 0 0 0 0 0 0 0 0 1 0 0 0 2 0 3 0 6 0 0 0 0 0 0 0 0 0 0 0 0 0 0 0 0 0 1 1 5 0 0 26 13 0 0 0 0 0 0 0 1 23 25 49 119 76 81 43 66 43 0 0 0 0 0 0 0 0 0 0 0 0 0 0 0 0 0 0 0 0 0 0 0 0 0 0 0 0 0 0 0 0 0 0 0 0 0
0 0 0 0 8 9 1 0 0 0 0 1 0 0 0 0 0 0 0 0 0 0 0 0 0 0 0 0 0 0 0 0 0 0 0 0 0 1 0 0 2 2 0 0 0 1 0 2 0 0 1 4 0 0 3 0 1 13 1 0 0 0 0 0 0 0 1 0 1 0 0 0 0 1 0 0 0 0 0 0 0 0 0 0 0 0 0 0 0 0 0 0 4 7 0 14 94 0 0 0 0 0 0 11 47 78 0 0 0 10 0 0 0 0 0 0 0 0 0 0 0 0 0 0 0 0 0 0 0 0 0 0 0 0 0 0 0 0 0 0 0 0 0 0 0 0 0 0 0 0
0 0 0 0 0 2 0 0 2 1 0 0 0 1 0 0 0 0 0 0 0 0 0 0 0 0 0 0 0 0 0 0 0 0 0 0 0 0 0 0 0 1 0 0 0 0 0 0 1 3 0 0 0 0 0 0 0 0 0 0 1 0 0 0 0 0 0 0 0 0 0 0 1 0 0 0 0 0 0 0 0 0 0 0 0 0 0 0 0 0 0 8 12 3 1 43 140 0 0 0 0 0 0 0 2 0 0 0 0 0 8 25 0 0 0 0 0 0 0 0 0 0 0 0 0 0 0 0 0 0 0 0 0 0 0 0 0 0 0 0 0 0 0 10 1 0 0 0 0 0
0 0 0 0 0 0 0 0 0 14 0 0 0 0 3 0 0 0 0 0 0 0 0 0 0 0 0 0 0 0 0 0 0 0 0 0 0 0 0 0 0 0 0 0 0 0 0 0 0 0 0 0 0 1 0 0 0 0 0 1 1 0 0 0 0 0 0 0 0 0 2 0 0 0 0 0 0 0 0 0 0 0 0 0 0 0 0 0 15 0 0 9 55 55 9 0 0 0 0 0 0 0 0 0 0 0 0 0 0 36 13 0 0 1 0 0 0 0 0 0 0 0 0 0 0 0 0 0 0 0 0 0 0 0 0 0 0 0 0 0 0 0 0 0 0 0 0 0 0 0
0 0 0 0 0 0 0 0 0 0 0 0 0 1 0 0 0 0 0 0 0 0 0 0 0 0 0 0 0 0 0 0 0 0 0 0 0 0 0 0 0 0 0 0 0 0 0 0 0 0 1 1 0 0 0 0 0 0 0 0 1 0 0 0 0 0 0 0 0 0 0 0 0 0 0 0 0 0 0 0 0 0 0 0 0 0 0 0 0 0 2 31 213 0 0 2 1 0 0 0 0 0 0 0 0 0 0 0 2 0 1 0 0 0 0 0 0 0 0 0 0 0 0 0 0 0 0 0 0 0 0 0 0 0 0 0 0 0 0 0 0 0 0 0 0 0 0 0 0 0
0 0 0 0 0 0 0 0 0 0 0 0 2 0 0 0 0 0 1 0 0 0 0 0 0 0 0 0 0 0 0 0 0 0 0 0 0 0 0 0 0 0 0 0 0 0 0 0 0 0 0 2 0 0 0 0 0 0 0 1 0 0 0 0 0 0 0 0 0 0 0 22 0 0 0 0 0 0 0 0 0 0 0 0 0 0 0 0 0 0 2 6 0 0 6 0 0 0 0 0 0 0 0 0 0 0 0 0 0 0 0 0 0 0 0 0 0 0 0 0 0 0 0 0 0 0 0 0 0 0 0 0 0 0 0 0 0 0 0 0 0 0 0 0 0 0 0 0 0 0
0 0 0 0 0 0 0 0 0 0 0 0 0 0 0 0 0 0 0 0 0 0 4 9 0 0 0 0 0 0 0 0 0 0 0 0 0 0 0 0 0 0 0 0 0 0 0 0 0 0 0 10 1 0 0 0 4 1 0 0 0 1 6 0 0 0 0 0 0 0 0 0 2 0 2 0 0 0 0 0 0 0 0 0 0 0 0 0 0 1 0 9 3 23 6 0 0 0 0 0 0 0 0 0 0 0 0 0 0 0 0 0 0 0 0 0 0 0 0 0 0 0 0 0 0 0 0 0 0 0 0 0 0 0 0 0 0 0 0 0 0 0 0 0 0 0 0 0 0 0
0 0 0 0 0 0 0 0 0 0 0 0 0 0 0 0 0 0 0 0 0 0 0 0 0 0 0 0 0 0 0 0 0 0 0 0 0 0 0 0 0 0 0 0 0 0 0 0 0 0 0 12 4 0 0 0 0 0 0 0 0 17 23 0 0 0 0 0 0 0 0 0 2 0 1 0 0 0 0 0 0 0 0 0 0 0 0 0 0 0 2 3 12 43 8 1 0 0 1 0 0 0 0 0 0 0 0 0 0 0 0 0 0 0 0 0 0 0 0 0 0 0 0 0 0 0 0 0 0 0 0 0 0 0 0 0 0 0 0 0 0 0 0 0 0 0 0 0 0 0
0 0 0 0 0 0 0 0 0 0 0 0 1 0 0 0 0 1 0 0 0 0 0 0 0 0 0 0 3 0 1 0 0 0 0 0 0 0 0 0 0 0 0 0 0 0 0 0 0 0 1 10 57 4 8 2 0 0 0 0 0 1 0 0 0 0 0 0 0 0 0 0 0 1 0 0 0 0 0 0 0 0 0 0 0 0 0 0 0 0 0 1 26 16 2 4 0 0 1 0 0 0 0 0 0 0 0 0 0 0 0 0 0 0 0 0 0 0 0 0 0 0 0 0 0 0 0 0 0 0 0 0 0 0 0 0 0 0 0 0 0 0 0 0 0 0 0 0 0 0
0 0 0 0 0 0 0 0 0 0 0 0 0 0 0 0 0 0 1 0 0 1 0 0 0 4 1 0 0 0 0 0 0 0 0 0 0 0 0 0 0 0 0 0 0 0 0 0 0 6 0 17 38 1 8 0 0 0 0 0 1 3 4 0 0 0 0 0 0 0 0 0 0 0 0 0 0 0 0 0 0 0 0 0 0 0 0 0 0 0 0 0 0 3 0 0 1 1 0 23 0 0 0 0 0 0 0 0 0 0 0 0 0 0 0 0 0 0 0 0 0 0 0 0 0 0 0 0 0 0 0 0 0 0 0 0 0 0 0 0 0 0 0 0 0 0 0 0 0 0
0 0 0 0 0 0 0 0 0 0 0 0 0 1 1 0 0 0 1 0 0 0 0 0 1 0 0 0 0 0 0 0 0 0 0 0 0 0 0 0 0 0 0 0 0 0 0 1 0 0 0 1 7 0 0 0 0 0 0 1 1 3 0 0 0 0 0 0 0 0 0 0 0 0 0 0 0 0 0 0 0 0 0 0 0 0 0 0 0 0 0 0 0 0 0 0 3 0 0 0 0 0 0 0 0 0 0 0 0 0 0 0 0 0 0 0 0 0 0 0 0 0 0 0 0 0 0 0 0 0 0 0 0 0 0 0 0 0 0 0 0 0 0 0 0 0 0 0 0 0
2 0 0 0 0 0 0 0 0 0 0 0 0 0 0 0 0 0 1 0 0 0 0 0 0 0 0 0 0 0 0 0 0 0 3 0 0 0 0 0 0 0 0 0 0 0 4 77 0 0 0 0 0 0 0 0 0 0 0 0 0 0 0 0 0 0 0 0 0 0 0 0 0 0 0 0 0 0 0 0 0 0 0 0 0 0 0 0 0 0 0 0 0 0 0 7 9 10 0 0 0 0 0 0 0 0 0 0 0 0 0 0 0 0 0 0 0 0 0 0 0 0 0 0 0 0 0 0 0 0 0 0 0 0 0 0 0 0 0 0 0 0 0 0 0 4 0 0 0 0
0 0 0 0 0 0 0 0 0 0 0 1 0 0 0 0 2 0 0 0 7 0 0 0 0 0 0 0 0 0 0 0 0 0 0 0 0 0 0 0 0 0 0 0 0 0 1 0 0 0 0 0 0 0 0 0 0 0 0 0 0 1 0 0 0 0 0 0 0 0 0 0 3 0 0 0 0 0 0 0 0 0 0 0 0 0 0 0 0 0 0 0 0 0 0 0 2 0 0 0 2 0 0 0 0 0 0 0 0 0 0 0 0 0 0 0 0 0 0 0 0 0 0 0 0 0 0 0 0 0 0 0 0 0 0 0 0 0 0 0 0 0 0 0 0 0 0 0 0 0
0 0 0 0 0 0 0 0 0 0 0 1 0 0 0 0 0 0 0 1 0 0 0 0 0 0 0 0 0 0 0 0 0 0 0 0 0 0 0 0 0 0 0 0 0 0 0 0 0 0 0 0 0 0 0 0 0 0 0 0 0 0 0 0 0 0 0 0 0 0 0 1 0 0 0 0 0 0 0 0 0 0 0 0 0 0 0 0 0 0 0 0 0 0 2 0 0 0 0 0 0 0 0 0 0 0 0 0 0 0 0 0 0 0 0 0 0 0 0 0 0 0 0 0 0 0 0 0 0 0 0 0 0 0 0 0 0 0 0 0 0 0 0 0 0 0 0 0 0 0
0 0 0 0 0 0 0 0 0 0 5 0 0 0 0 0 0 0 0 0 0 0 0 0 0 0 0 0 0 0 0 0 0 0 0 0 0 0 0 0 0 0 0 0 0 0 0 0 0 0 0 0 0 0 0 0 0 0 0 0 0 0 0 0 0 0 0 0 0 0 1 0 0 0 0 0 0 0 0 0 0 0 0 0 0 0 0 0 0 0 0 0 0 0 1 0 3 0 0 0 0 0 0 0 0 0 0 0 0 0 0 0 0 0 0 0 0 0 0 0 0 0 0 0 0 0 0 0 0 0 0 0 0 0 0 0 0 0 0 0 0 0 0 0 0 0 0 0 0 0
0 0 0 0 0 0 0 0 0 0 0 0 1 0 0 0 0 1 0 0 0 0 0 0 0 0 0 0 0 0 0 0 0 0 0 0 0 0 0 0 0 0 0 0 0 0 0 0 0 0 0 0 0 0 0 0 0 0 0 2 0 0 0 0 0 0 0 0 18 0 0 0 0 0 0 0 0 0 0 0 0 0 0 0 0 0 0 0 0 0 0 0 0 0 0 0 14 2 1 3 0 0 0 0 0 0 0 0 0 0 0 0 0 0 0 0 0 0 0 0 0 0 0 0 0 0 0 0 0 0 0 0 0 0 0 0 0 0 0 0 0 0 0 0 0 0 0 0 0 0
0 0 0 0 0 0 0 0 0 0 0 0 0 0 0 0 0 1 2 0 0 0 0 0 0 0 0 0 0 0 0 0 0 0 0 1 0 1 3 3 0 0 0 0 0 0 0 0 0 0 0 0 0 0 0 0 0 0 0 0 0 3 0 0 1 0 0 0 46 53 0 0 0 0 0 0 0 0 0 0 0 0 0 0 0 0 0 0 0 0 0 0 0 0 0 0 0 0 0 0 0 0 0 0 0 0 0 0 0 0 0 0 0 0 0 0 0 0 0 0 0 0 0 0 0 0 0 0 0 0 0 0 0 0 0 0 0 0 0 0 0 0 0 0 0 0 0 0 0 0
0 0 0 0 0 0 0 0 0 0 0 0 8 3 0 1 13 0 0 5 0 0 1 8 2 0 0 0 0 0 1 0 0 0 0 2 2 1 3 0 0 0 2 0 0 0 0 0 0 0 0 0 0 0 0 0 0 0 0 0 0 0 1 0 36 13 4 0 0 0 0 0 0 0 0 0 0 0 0 0 0 0 0 0 0 0 0 0 0 0 0 0 0 0 0 0 0 0 0 0 0 0 0 0 0 0 0 0 0 0 0 0 0 0 0 0 0 0 0 0 0 0 0 0 0 0 0 0 0 0 0 0 0 0 0 0 0 0 0 0 0 0 0 0 0 0 0 0 0 0
0 16 0 0 0 0 0 0 0 0 0 1 0 0 0 0 1 0 1 2 6 18 14 4 0 0 0 0 0 0 0 0 0 0 0 0 9 0 0 0 0 0 0 0 0 0 0 0 0 0 0 0 0 0 0 0 0 0 0 0 0 0 0 0 6 1 0 0 0 0 0 0 0 0 0 0 0 0 0 0 0 0 0 0 0 0 0 0 0 0 0 0 0 0 0 0 0 0 0 0 0 0 0 0 0 0 0 0 0 0 0 0 0 0 0 0 0 0 0 0 0 0 0 0 0 0 0 0 0 0 0 0 0 0 0 0 0 0 0 0 0 0 0 0 0 0 0 0 0 0
3 2 1 1 0 0 0 0 0 0 0 0 1 0 0 0 1 0 0 0 1 9 4 1 3 3 0 0 10 5 1 0 0 0 0 0 0 0 0 0 4 1 0 0 0 0 0 0 0 0 0 0 0 0 0 0 0 0 0 0 0 0 0 0 0 0 0 0 0 0 0 0 0 0 0 0 0 0 0 0 0 0 0 0 0 0 0 0 0 1 0 0 0 0 0 0 0 0 0 0 0 0 0 0 0 0 0 0 0 0 0 0 0 0 0 0 0 0 0 0 0 0 0 0 0 0 0 0 0 0 0 0 0 0 0 0 0 0 0 0 0 0 0 0 0 0 0 0 0 0
0 0 0 0 0 0 0 0 0 0 0 1 0 0 0 0 1 0 0 0 0 1 4 2 0 4 1 1 0 1 0 0 0 0 3 0 0 0 0 0 0 0 0 0 0 0 0 0 0 0 0 0 0 0 0 0 0 0 0 0 0 0 0 0 0 0 0 0 0 0 0 0 0 0 0 0 0 0 0 0 0 0 0 0 0 0 0 0 0 0 0 0 0 0 0 0 0 0 0 0 0 0 0 0 0 0 0 0 0 0 0 0 0 0 0 0 0 0 0 0 0 0 0 0 0 0 0 0 0 0 0 0 0 0 0 0 0 0 0 0 0 0 0 0 0 0 0 0 0 0
0 0 0 0 0 0 0 0 0 0 0 0 0 0 0 0 0 0 0 1 0 0 0 3 3 0 4 4 9 0 0 0 0 1 1 0 0 0 0 0 0 0 0 0 0 0 0 0 0 0 0 0 0 0 0 0 0 0 0 0 0 0 0 0 0 0 0 0 0 0 0 0 0 0 0 0 0 0 0 0 0 0 0 0 0 0 0 0 0 0 0 0 0 0 0 0 0 0 0 0 0 0 0 0 0 0 0 0 0 0 0 0 0 0 0 0 0 0 0 0 0 0 0 0 0 0 0 0 0 0 0 0 0 0 0 0 0 0 0 0 0 0 0 0 0 0 0 0 0 0
0 0 0 0 0 0 0 0 0 0 0 0 0 0 0 0 0 0 0 0 0 3 0 0 1 1 0 2 63 11 1 0 1 4 1 0 0 0 0 0 0 0 0 0 0 0 0 0 0 0 0 0 0 0 0 0 0 0 0 0 0 0 0 0 0 0 0 0 0 0 0 0 0 0 0 0 0 0 0 0 0 0 0 0 0 0 0 0 0 0 0 0 0 0 0 0 0 0 0 0 0 0 0 0 0 0 0 0 0 0 0 0 0 0 0 0 0 0 0 0 0 0 0 0 0 0 0 0 0 0 0 0 0 0 0 0 0 0 0 0 0 0 0 0 0 0 0 0 0 0
0 0 0 0 0 0 0 0 0 0 0 0 0 0 0 0 0 0 0 0 0 0 0 0 0 0 2 5 0 0 0 0 0 0 0 1 3 0 0 0 0 0 0 0 0 0 0 0 0 0 0 0 0 0 0 0 0 0 0 0 0 0 0 0 0 0 0 0 0 0 0 0 0 0 0 0 0 0 0 0 0 0 0 0 0 0 0 0 0 0 0 0 0 0 0 0 0 0 0 0 0 0 0 0 0 0 0 0 0 0 0 0 0 0 0 0 0 0 0 0 0 0 0 0 0 0 0 0 0 0 0 0 0 0 0 0 0 0 0 0 0 0 0 0 0 0 0 0 0 0
0 0 0 0 0 0 0 0 0 0 0 0 0 0 0 0 0 0 0 0 0 0 0 0 2 0 0 0 0 0 7 2 0 0 1 0 0 0 0 0 0 0 0 0 0 0 0 0 0 0 0 0 0 0 0 0 0 0 0 0 0 0 0 0 0 0 0 0 0 0 0 0 0 0 0 0 0 0 0 0 0 0 0 0 0 0 0 0 0 0 0 0 0 0 0 0 0 0 0 0 0 0 0 0 0 0 0 0 0 0 0 0 0 0 0 0 0 0 0 0 0 0 0 0 0 0 0 0 0 0 0 0 0 0 0 0 0 0 0 0 0 0 0 0 0 0 0 0 0 0
0 0 0 0 0 0 0 0 0 0 0 0 3 0 0 0 0 0 0 0 0 0 0 0 0 0 0 0 0 0 0 0 6 0 0 0 0 1 0 0 0 0 0 0 0 0 0 0 0 0 0 0 0 0 0 0 0 0 0 0 0 0 0 0 0 0 0 0 0 0 0 0 0 0 0 0 0 0 0 0 0 0 0 0 0 0 0 0 0 0 0 0 0 0 0 0 0 0 0 0 0 0 0 0 0 0 0 0 0 0 0 0 0 0 0 0 0 0 0 0 0 0 0 0 0 0 0 0 0 0 0 0 0 0 0 0 0 0 0 0 0 0 0 0 0 0 0 0 0 0
0 0 0 0 0 0 0 0 0 0 0 0 0 0 0 0 0 0 0 0 0 0 0 0 0 0 0 9 1 1 1 0 0 0 0 0 0 0 0 0 0 0 0 0 0 0 0 0 0 0 0 0 0 0 0 0 0 0 0 0 0 0 0 0 0 0 0 0 0 0 0 0 0 0 0 0 0 0 0 0 0 0 0 0 0 0 0 0 0 0 0 0 0 0 0 0 0 0 0 0 0 0 0 0 0 0 0 0 0 0 0 0 0 0 0 0 0 0 0 0 0 0 0 0 0 0 0 0 0 0 0 0 0 0 0 0 0 0 0 0 0 0 0 0 0 0 0 0 0 0
0 0 0 0 0 0 0 0 0 0 0 0 0 0 0 0 0 0 0 0 0 0 0 0 0 0 0 0 2 0 0 0 0 1 0 0 0 0 0 0 0 0 0 0 0 0 0 0 0 0 0 0 0 0 0 0 0 0 0 0 0 0 0 0 0 0 0 0 0 0 0 0 0 0 0 0 0 0 0 0 0 0 0 0 0 0 0 0 0 0 0 0 0 0 0 0 0 0 0 0 0 0 0 0 0 0 0 0 0 0 0 0 0 0 0 0 0 0 0 0 0 0 0 0 0 0 0 0 0 0 0 0 0 0 0 0 0 0 0 0 0 0 0 0 0 0 0 0 0 0
0 0 0 0 0 0 0 0 0 0 0 0 0 0 0 0 0 0 0 0 0 0 0 0 0 0 0 0 0 0 0 0 1 0 0 0 0 0 0 0 0 0 0 0 0 0 0 0 0 0 0 0 0 0 0 0 0 0 0 0 0 0 0 0 0 0 0 0 0 0 0 0 0 0 0 0 0 0 0 0 0 0 0 0 0 0 0 0 0 0 0 0 0 0 0 0 0 0 0 0 0 0 0 0 0 0 0 0 0 0 0 0 0 0 0 0 0 0 0 0 0 0 0 0 0 0 0 0 0 0 0 0 0 0 0 0 0 0 0 0 0 0 0 0 0 0 0 0 0 0
0 0 0 0 0 0 0 0 0 0 0 0 0 0 0 0 0 0 0 0 0 0 0 0 0 0 0 0 0 0 0 0 0 0 0 0 0 0 0 0 0 0 0 0 0 0 0 0 0 0 0 0 0 0 0 0 0 0 0 0 0 0 0 0 0 0 0 0 0 0 0 0 0 0 0 0 0 0 0 0 0 0 0 0 0 0 0 0 0 0 0 0 0 0 0 0 0 0 0 0 0 0 0 0 0 0 0 0 0 0 0 0 0 0 0 0 0 0 0 0 0 0 0 0 0 0 0 0 0 0 0 0 0 0 0 0 0 0 0 0 0 0 0 0 0 0 0 0 0 0
0 0 0 0 0 0 0 0 1 0 0 0 0 0 0 0 0 0 0 0 0 0 0 0 0 0 0 0 0 0 0 0 0 0 0 0 0 0 0 0 0 0 0 0 0 0 0 0 0 0 0 0 0 0 0 0 0 0 0 0 0 0 0 0 0 0 0 0 0 0 0 0 0 0 0 0 0 0 0 0 0 0 0 0 0 0 0 0 0 0 0 0 0 0 0 0 0 0 0 0 0 0 0 0 0 0 0 0 0 0 0 0 0 0 0 0 0 0 0 0 0 0 0 0 0 0 0 0 0 0 0 0 0 0 0 0 0 0 0 0 0 0 0 0 0 0 0 0 0 0
0 0 0 0 0 0 0 0 2 12 0 0 0 0 0 0 0 0 0 0 0 0 0 0 0 0 0 0 0 0 0 0 0 0 0 0 0 0 0 0 0 0 0 0 0 0 0 0 0 0 2 0 0 0 0 0 0 0 0 0 0 0 0 0 0 0 0 0 0 0 0 0 0 0 0 0 0 0 0 0 0 0 0 0 0 0 0 0 0 0 0 0 0 0 0 0 0 0 0 0 0 0 0 0 0 0 0 0 0 0 0 0 0 0 0 0 0 0 0 0 0 0 0 0 0 0 0 0 0 0 0 0 0 0 0 0 0 0 0 0 0 0 0 0 0 0 0 0 0 0
0 0 0 0 1 1 3 2 1 0 0 0 0 0 0 0 0 0 0 0 0 0 0 0 0 0 0 0 0 0 0 0 0 0 0 0 0 0 0 0 0 0 0 0 0 0 0 0 0 13 10 0 0 0 0 0 0 0 0 0 0 0 0 0 0 0 0 0 0 0 0 0 0 0 0 0 0 0 0 0 0 0 0 0 0 0 0 0 0 0 0 0 0 0 0 0 0 0 0 0 0 0 0 0 0 0 0 0 0 0 0 0 0 0 0 0 0 0 0 0 0 0 0 0 0 0 0 0 0 0 0 0 0 0 0 0 0 0 0 0 0 0 0 0 0 0 0 0 0 0
0 0 0 0 0 0 3 1 0 0 0 0 0 0 0 0 0 0 0 0 0 0 0 0 0 0 0 0 0 0 0 0 0 0 0 0 0 0 0 0 0 0 0 0 0 0 0 0 0 1 0 0 0 0 0 0 0 0 0 0 0 0 0 0 0 0 0 0 0 0 0 0 0 0 0 0 0 0 0 0 0 0 0 0 0 0 0 0 0 0 0 0 0 0 0 0 0 0 0 0 0 0 0 0 0 0 0 0 0 0 0 0 0 0 0 0 0 0 0 0 0 0 0 0 0 0 0 0 0 0 0 0 0 0 0 0 0 0 0 0 0 0 0 0 0 0 0 0 0 0
0 0 0 0 0 0 0 0 0 0 0 0 0 0 0 0 0 0 0 0 0 0 0 0 0 0 0 0 0 0 0 0 0 0 0 0 0 0 0 0 0 0 0 0 0 0 0 0 0 0 0 0 1 7 0 0 0 0 0 0 0 0 0 0 0 0 0 0 0 0 0 0 0 0 0 0 0 0 0 0 0 0 0 0 0 0 0 0 0 0 0 0 0 0 0 0 0 0 0 0 0 0 0 0 0 0 0 0 0 0 0 0 0 0 0 0 0 0 0 0 0 0 0 0 0 0 0 0 0 0 0 0 0 0 0 0 0 0 0 0 0 0 0 0 0 0 0 0 0 0
0 0 0 0 0 0 0 0 0 0 0 0 0 0 0 0 0 0 0 0 0 0 0 0 0 0 0 0 0 0 0 0 0 0 0 0 0 0 0 0 0 0 0 0 0 0 0 0 0 0 0 0 0 0 0 0 0 0 0 0 0 0 0 0 0 0 0 0 0 0 0 0 0 0 0 0 0 0 0 0 0 0 0 0 0 0 0 0 0 0 0 0 0 0 0 0 0 0 0 0 0 0 0 0 0 0 0 0 0 0 0 0 0 0 0 0 0 0 0 0 0 0 0 0 0 0 0 0 0 0 0 0 0 0 0 0 0 0 0 0 0 0 0 0 0 0 0 0 0 0
0 0 0 0 0 0 0 0 0 0 0 0 0 0 0 0 0 0 0 0 0 0 0 0 0 0 0 0 0 0 0 0 0 0 0 0 0 0 0 0 0 0 0 0 0 0 0 0 1 0 0 0 1 0 0 0 0 0 0 0 0 0 0 0 0 0 0 0 0 0 0 0 0 0 0 0 0 0 0 0 0 0 0 0 0 0 0 0 0 0 0 0 0 0 0 0 0 0 0 0 0 0 0 0 0 0 0 0 0 0 0 0 0 0 0 0 0 0 0 0 0 0 0 0 0 0 0 0 0 0 0 0 0 0 0 0 0 0 0 0 0 0 0 0 0 0 0 0 0 0
0 0 0 0 0 0 0 0 0 0 0 0 0 0 0 0 0 0 0 0 0 0 0 0 0 0 0 0 0 0 0 0 0 0 0 0 0 0 0 0 0 0 0 0 0 0 0 0 0 0 0 0 1 0 0 0 0 0 0 0 0 0 0 0 0 0 0 0 0 0 0 0 0 0 0 0 0 0 0 0 0 0 0 0 0 0 0 0 0 0 0 0 0 0 0 0 0 0 0 0 0 0 0 0 0 0 0 0 0 0 0 0 0 0 0 0 0 0 0 0 0 0 0 0 0 0 0 0 0 0 0 0 0 0 0 0 0 0 0 0 0 0 0 0 0 0 0 0 0 0
0 0 0 0 0 0 0 0 0 0 0 0 0 0 0 0 0 0 0 0 0 0 0 0 0 0 0 0 0 0 0 0 0 0 0 0 0 0 0 0 0 0 0 0 0 0 0 0 0 0 0 0 0 1 0 0 0 0 0 0 0 0 0 0 0 0 0 0 0 0 0 0 0 0 0 0 0 0 0 0 0 0 0 0 0 0 0 0 0 0 0 0 0 0 0 0 0 0 0 0 0 0 0 0 0 0 0 0 0 0 0 0 0 0 0 0 0 0 0 0 0 0 0 0 0 0 0 0 0 0 0 0 0 0 0 0 0 0 0 0 0 0 0 0 0 0 0 0 0 0
0 0 0 0 0 0 0 0 0 0 0 0 0 0 0 0 0 0 0 0 0 0 0 0 0 0 0 0 0 0 0 2 0 0 0 0 0 0 0 0 0 0 0 0 0 0 0 0 0 0 0 0 0 0 0 0 0 0 0 0 0 0 0 0 0 0 0 0 0 0 0 0 0 0 0 0 0 0 0 0 0 0 0 0 0 0 0 0 0 0 0 0 0 0 0 0 0 0 0 0 0 0 0 0 0 0 0 0 0 0 0 0 0 0 0 0 0 0 0 0 0 0 0 0 0 0 0 0 0 0 0 0 0 0 0 0 0 0 0 0 0 0 0 0 0 0 0 0 0 0
0 0 0 0 0 0 0 0 0 0 0 0 0 0 0 0 0 0 0 0 0 0 0 0 0 0 0 0 0 0 1 0 0 0 0 1 0 0 0 0 0 0 0 0 0 0 0 0 0 0 0 0 0 0 0 0 0 0 0 0 0 0 0 0 0 0 0 0 0 0 0 0 0 0 0 0 0 0 0 0 0 0 0 0 0 0 0 0 0 0 0 0 0 0 0 0 0 0 0 0 0 0 0 0 0 0 0 0 0 0 0 0 0 0 0 0 0 0 0 0 0 0 0 0 0 0 0 0 0 0 0 0 0 0 0 0 0 0 0 0 0 0 0 0 0 0 0 0 0 0
0 0 0 0 0 0 0 0 0 0 0 0 0 0 0 0 0 0 0 0 0 0 0 0 0 0 1 0 0 4 0 0 0 0 0 0 0 0 0 0 0 0 0 0 0 0 0 0 0 0 0 0 0 0 0 0 0 0 0 0 0 0 0 0 0 0 0 0 0 0 0 0 0 0 0 0 0 0 0 0 0 0 0 0 0 0 0 0 0 0 0 0 0 0 0 0 0 0 0 0 0 0 0 0 0 0 0 0 0 0 0 0 0 0 0 0 0 0 0 0 0 0 0 0 0 0 0 0 0 0 0 0 0 0 0 0 0 0 0 0 0 0 0 0 0 0 0 0 0 0
0 0 0 0 0 0 0 0 0 0 0 0 0 0 0 0 0 0 0 0 0 0 0 0 0 0 0 0 0 25 3 0 0 0 0 0 0 0 0 0 0 0 0 0 0 0 0 0 0 0 0 0 0 0 0 0 0 0 0 0 0 0 0 0 0 0 0 0 0 0 0 0 0 0 0 0 0 0 0 0 0 0 0 0 0 0 0 0 0 0 0 0 0 0 0 0 0 0 0 0 0 0 0 0 0 0 0 0 0 0 0 0 0 0 0 0 0 0 0 0 0 0 0 0 0 0 0 0 0 0 0 0 0 0 0 0 0 0 0 0 0 0 2 1 2 1 2 1 1 1
0 0 0 0 0 0 0 0 0 0 0 0 0 0 0 0 0 0 0 0 0 0 0 0 0 0 0 0 0 0 0 0 0 0 0 0 0 0 0 0 0 0 0 0 0 0 0 0 0 50 0 0 0 0 0 0 0 0 0 0 0 0 0 0 0 0 0 0 0 0 0 0 0 0 0 0 0 0 0 0 0 0 0 0 0 0 0 0 0 0 0 0 0 0 0 0 0 0 0 0 0 0 0 0 0 0 0 0 0 0 0 0 0 0 0 0 0 0 0 0 0 0 0 0 0 0 0 0 0 0 0 0 0 0 0 0 0 0 0 0 0 0 0 0 0 0 0 0 0 0
0 0 0 0 0 0 0 0 0 0 0 0 0 0 0 0 0 0 0 0 0 0 0 0 0 0 3 0 0 0 0 0 0 0 0 0 0 0 0 0 0 0 0 0 0 0 0 0 1 0 0 0 0 0 0 0 0 0 0 0 0 0 0 0 0 0 0 0 0 0 0 0 0 0 0 0 0 0 0 0 0 0 0 0 0 0 0 0 0 0 0 0 0 0 0 0 0 0 0 0 0 0 0 0 0 0 0 0 0 0 0 0 0 0 0 0 0 0 0 0 0 0 0 0 0 0 0 0 0 0 0 0 0 0 0 0 0 0 0 0 0 0 0 0 0 0 0 0 0 0
0 0 0 0 0 0 0 0 0 0 0 0 0 0 0 0 0 0 0 0 0 0 0 0 0 0 0 0 1 0 0 0 0 0 0 0 0 0 0 0 0 0 0 0 0 0 0 0 0 0 0 0 0 0 0 0 0 0 0 0 0 0 0 0 0 0 0 0 0 0 0 0 0 0 0 0 0 0 0 0 0 0 0 0 0 0 0 0 0 0 0 0 0 0 0 0 0 0 0 0 0 0 0 0 0 0 0 0 0 0 0 0 0 0 0 0 0 0 0 0 0 0 0 0 0 0 0 0 0 0 0 0 0 0 0 0 0 0 0 0 0 0 0 0 0 0 0 0 0 0
0 0 0 0 0 0 0 0 1 0 0 0 0 0 0 0 0 0 0 0 0 0 0 0 0 0 0 0 0 0 0 0 0 0 0 0 0 0 0 0 0 0 0 0 0 0 0 0 0 0 0 0 0 0 0 0 0 0 0 0 0 0 0 0 0 0 0 0 0 0 0 0 0 0 0 0 0 0 0 0 0 0 0 0 0 0 0 0 0 0 0 0 0 0 0 0 0 0 0 0 0 0 0 0 0 0 0 0 0 0 0 0 0 0 0 0 0 0 0 0 0 0 0 0 0 0 0 0 0 0 0 0 0 0 0 0 0 0 0 0 0 0 0 0 0 0 0 0 0 0
0 0 0 0 0 0 0 0 0 0 0 0 0 0 0 0 0 0 0 0 0 0 0 0 0 0 0 0 0 0 0 0 0 0 0 0 0 0 0 0 0 0 0 0 0 0 0 0 0 0 0 0 0 0 0 0 0 0 0 0 0 0 0 0 0 0 0 0 0 0 0 0 0 0 0 0 0 0 0 0 0 0 0 0 0 0 0 0 0 0 0 0 0 0 0 0 0 0 0 0 0 0 0 0 0 0 0 0 0 0 0 0 0 0 0 0 0 0 0 0 0 0 0 0 0 0 0 0 0 0 0 0 0 0 0 0 0 0 0 0 0 0 0 0 0 0 0 0 0 0
0 0 0 0 0 0 0 0 0 0 0 0 0 0 0 0 0 0 0 0 0 0 0 0 0 0 0 0 0 0 0 0 0 0 0 0 0 0 0 0 0 0 0 0 0 0 0 0 0 0 0 0 0 0 0 0 0 0 0 0 0 0 0 0 0 0 0 0 0 0 0 0 0 0 0 0 0 0 0 0 0 0 0 0 0 0 0 0 0 0 0 0 0 0 0 0 0 0 0 0 0 0 0 0 0 0 0 0 0 0 0 0 0 0 0 0 0 0 0 0 0 0 0 0 0 0 0 0 0 0 0 0 0 0 0 0 0 0 0 0 0 0 0 0 0 0 0 0 0 0
0 0 0 0 0 0 0 0 0 0 0 0 0 0 0 0 0 0 0 0 0 0 0 0 0 0 0 0 0 0 0 0 0 0 0 0 0 0 0 0 0 0 0 0 0 0 0 0 0 0 0 0 0 0 0 0 0 0 0 0 0 0 0 0 0 0 0 0 0 0 0 0 0 0 0 0 0 0 0 0 0 0 0 0 0 0 0 0 0 0 0 0 0 0 0 0 0 0 0 0 0 0 0 0 0 0 0 0 0 0 0 0 0 0 0 0 0 0 0 0 0 0 0 0 0 0 0 0 0 0 0 0 0 0 0 0 0 0 0 0 0 0 0 0 0 0 0 0 0 0
0 0 0 0 0 0 0 0 0 0 0 0 0 0 0 0 0 0 0 0 0 0 0 0 0 0 0 0 0 0 0 0 0 0 0 0 0 0 0 0 0 0 0 0 0 0 0 0 0 0 0 0 0 0 0 0 0 0 0 0 0 0 0 0 0 0 0 0 0 0 0 0 0 0 0 0 0 0 0 0 0 0 0 0 0 0 0 0 0 0 0 0 0 0 0 0 0 0 0 0 0 0 0 0 0 0 0 0 0 0 0 0 0 0 0 0 0 0 0 0 0 0 0 0 0 0 0 0 0 0 0 0 0 0 0 0 0 0 0 0 0 0 0 0 0 0 0 0 0 0
