0 0 11 3 0 0 1 0 9 56 2 4 0 15 0 0 0 2 2 0 4 1 0 0 3 1 0 0 0 0 0 0 0 2 1 0 0 0 0 5 0 0 0 0 28 0 0 0 0 0 0 0 0 0 1 3 0 0 0 4 27 4 1 1 0 0 1 0 0 0 0 0 8 65 74 193 36 8 50 6 12 82 28 22 54 128 154 111 26 110 992 406 34 256 246 371 618 384 948 92 83 33 5 9 13 32 55 328 118 11 3 10 5 25 21 15 16 2 1 0 2 21 3 9 0 4 0 0 7 2 0 27 0 2 0 0 0 0 0 0 0 0 0 0 0 0 0 0 0 7
0 1 1 3 0 0 0 0 0 14 12 7 1 0 0 0 0 0 16 0 0 2 14 0 3 11 0 0 0 0 0 0 0 0 0 0 0 0 1 0 0 0 0 0 0 0 0 0 0 0 0 0 0 1 2 0 0 0 0 15 39 8 5 1 2 0 0 0 0 0 0 0 18 16 7 0 58 28 4 1 58 19 2 1 33 178 135 48 158 149 40 8 137 146 99 124 261 320 552 252 158 86 13 11 6 1 3 65 19 2 8 6 5 2 9 7 2 2 1 9 0 2 15 5 2 0 0 0 40 12 5 4 26 29 0 0 0 0 0 60 16 0 0 0 0 0 0 1 0 0
0 0 0 0 2 0 0 0 1 2 1 8 5 1 0 0 0 0 1 1 2 3 38 25 4 0 0 2 0 0 0 0 0 0 0 0 0 2 0 59 0 0 0 0 0 0 0 0 0 0 0 0 0 0 3 0 0 2 0 5 11 0 0 3 1 0 0 0 0 0 0 0 1 0 0 0 2 19 64 67 344 15 0 4 94 76 513 164 4 3 131 16 32 270 329 365 82 296 169 214 235 189 26 32 7 14 0 10 110 77 32 1 4 2 2 3 6 46 13 15 31 3 3 0 1 4 0 3 1 11 5 0 43 68 0 0 3 0 3 33 3 9 0 0 0 0 0 0 0 2
24 4 0 0 0 0 0 0 0 0 0 2 0 0 0 0 0 0 1 0 0 0 0 2 2 0 0 11 12 0 2 0 0 0 0 0 0 0 0 2 7 0 0 0 0 0 0 0 0 0 2 0 1 0 27 10 1 21 28 3 0 2 1 4 0 0 0 0 0 0 1 26 4 0 0 0 8 40 93 151 124 21 5 59 63 6 28 134 1 89 483 653 835 376 659 234 70 119 380 325 383 266 75 8 16 49 3 8 159 20 9 7 16 16 0 0 9 36 14 16 15 64 25 2 2 1 0 3 7 1 4 6 21 0 2 0 4 0 0 51 28 3 0 0 0 0 0 0 0 0
0 10 0 0 0 0 0 0 0 1 0 0 0 0 0 3 11 1 0 1 1 1 0 0 0 0 0 0 0 1 0 0 0 0 0 6 0 1 1 0 0 0 0 0 0 0 0 0 0 2 0 0 0 0 20 98 15 16 0 0 18 0 0 3 0 0 0 0 0 12 154 17 56 77 5 30 17 57 177 81 145 112 93 19 109 33 31 81 3 238 1248 345 360 698 210 244 23 553 199 434 724 575 335 323 144 35 39 34 12 4 4 18 31 20 7 0 0 9 141 44 84 468 31 10 0 2 1 0 1 0 0 0 0 0 0 0 0 0 0 0 18 10 0 0 0 0 0 0 0 0
12 1 0 0 0 0 0 0 0 1 2 0 0 0 0 1 0 1 4 23 0 12 0 0 0 0 0 1 1 1 0 0 0 0 4 34 16 4 0 0 0 0 0 0 0 0 0 0 0 2 54 2 0 2 2 26 9 4 5 9 0 0 1 5 0 0 0 0 1 28 36 43 62 32 38 21 7 7 24 145 334 312 153 39 0 154 24 5 7 135 1298 470 29 234 439 321 51 1382 187 341 394 272 761 356 16 53 5 16 7 0 2 1 14 10 1 14 12 0 1 4 45 47 1 2 0 3 1 2 3 0 2 0 1 0 0 0 10 0 1 0 0 16 0 0 0 0 0 0 0 0
0 0 0 1 0 0 0 0 2 5 6 0 0 0 0 0 0 0 0 0 0 0 0 0 0 0 0 0 0 0 2 0 0 0 0 6 2 0 0 0 0 0 0 0 0 0 0 0 0 0 0 2 1 0 1 5 3 0 15 12 3 1 0 0 2 5 0 0 0 31 20 27 139 234 115 70 156 111 167 241 477 351 507 254 47 4 12 90 23 40 856 664 22 311 548 269 149 301 273 59 4 324 47 50 48 21 57 5 13 0 24 64 88 8 9 7 3 1 9 8 29 42 3 1 0 1 2 3 0 0 0 0 0 0 0 0 0 1 0 0 0 0 0 0 0 0 0 0 0 0
0 0 0 0 0 0 0 0 2 1 0 0 0 0 0 0 0 0 0 0 0 0 0 0 0 0 0 0 0 0 1 0 0 0 3 2 0 0 5 1 0 0 0 0 0 0 0 0 0 0 0 0 1 8 1 3 1 10 12 55 41 14 14 0 5 14 0 0 2 35 3 3 5 29 93 14 54 97 261 450 468 254 432 160 80 73 85 250 97 44 299 64 60 285 253 216 103 439 371 128 103 220 253 252 73 141 5 26 76 5 182 206 22 23 11 25 1 0 2 3 5 1 4 4 19 0 16 2 1 0 0 0 0 0 0 0 0 0 0 0 0 0 0 0 0 0 0 0 0 0
1 0 0 0 0 0 0 0 1 3 0 0 0 9 4 0 0 0 0 0 0 0 0 0 0 0 0 0 0 0 0 0 0 0 0 0 0 1 1 0 0 0 0 0 0 0 0 0 0 1 0 0 0 3 0 0 0 6 4 16 152 93 4 0 0 12 1 1 1 20 0 0 0 4 0 6 1 20 23 230 435 449 395 8 2 8 391 126 161 47 3 5 194 616 972 811 49 362 179 45 128 31 42 140 405 87 72 254 20 72 415 276 168 3 13 5 1 1 1 4 3 1 4 9 0 2 0 0 0 0 2 0 0 0 1 0 0 0 0 0 0 0 0 0 0 0 0 0 0 0
0 0 0 0 0 0 0 2 0 1 0 0 0 0 0 0 0 0 0 0 0 0 0 0 0 0 0 0 0 0 1 0 0 0 0 0 0 0 0 0 1 1 0 0 0 0 0 1 2 0 0 0 20 22 0 0 0 2 0 2 11 108 3 12 1 1 0 0 0 3 0 0 0 0 0 8 2 13 89 278 489 410 332 155 810 481 148 46 53 91 17 1 44 528 623 1044 426 41 38 7 23 28 10 1 24 159 128 75 25 27 208 320 120 8 4 106 162 251 82 49 17 1 10 6 18 2 7 0 0 19 51 1 0 0 0 0 0 0 0 0 0 0 0 0 0 0 0 0 0 0
0 0 4 0 0 0 0 0 3 2 1 0 0 0 0 0 0 1 1 0 0 0 0 0 0 0 0 0 0 0 0 0 0 0 0 1 0 0 0 0 0 3 0 0 0 0 0 1 6 5 6 1 4 7 0 0 0 10 4 4 2 49 3 2 0 0 8 0 0 2 0 0 0 0 0 0 15 4 42 173 289 124 209 88 72 121 60 238 245 261 15 0 0 103 313 619 494 21 7 60 2 3 2 2 134 131 342 130 75 54 393 79 62 6 0 92 168 230 161 75 146 70 125 51 31 358 36 39 14 13 1 18 2 6 12 1 0 0 0 0 0 0 0 0 0 0 0 0 0 2
1 0 0 0 0 0 0 0 1 2 0 0 0 0 0 1 22 1 0 0 0 0 0 0 0 0 0 0 0 0 0 0 0 3 1 0 0 0 0 0 1 7 2 0 0 0 0 0 0 0 0 0 2 0 8 1 0 0 0 2 0 0 0 1 1 3 3 1 1 0 2 0 0 0 0 2 38 3 31 125 230 108 8 53 136 45 15 25 36 311 45 0 0 0 5 100 578 289 146 11 0 1 3 210 42 22 155 116 9 35 162 65 42 31 15 66 275 113 179 357 154 146 70 110 104 67 0 0 0 101 0 1 37 9 6 0 0 0 0 0 0 0 0 0 0 0 0 0 0 0
3 0 0 0 0 0 2 0 2 0 0 0 0 0 0 0 0 3 0 4 1 1 0 0 0 0 0 0 0 0 1 0 0 0 0 0 0 0 0 0 0 3 10 0 8 0 0 2 0 0 0 0 4 0 0 0 0 0 1 0 0 2 0 0 0 0 0 1 0 3 5 0 0 0 0 20 58 13 40 26 117 94 11 1 4 3 2 0 0 2 0 0 1 22 26 14 408 368 293 218 3 3 13 5 4 1 4 55 155 157 377 265 36 564 91 9 17 25 602 637 85 99 83 1 16 47 1 0 5 7 0 0 20 0 0 0 1 0 0 0 0 0 0 0 0 0 1 0 0 0
0 0 0 0 0 0 2 0 0 3 0 0 0 0 0 0 0 0 32 4 5 0 0 0 0 0 0 0 0 1 2 0 0 0 0 0 0 0 0 0 0 0 0 35 26 0 0 0 0 0 1 12 0 0 0 0 0 0 3 0 4 5 3 4 0 0 17 3 3 7 38 0 0 2 0 136 354 216 54 5 30 161 32 19 6 76 1 0 0 9 0 0 0 20 10 5 77 346 79 86 6 6 181 57 305 42 41 338 101 334 657 764 444 104 143 131 69 66 371 318 36 23 4 0 0 9 4 0 6 0 0 0 0 0 0 0 0 0 0 0 0 0 0 0 0 0 0 0 0 0
0 0 0 0 0 0 1 1 2 0 0 0 0 0 0 0 0 0 0 0 2 0 0 0 2 1 0 0 0 0 0 0 0 0 0 0 0 0 0 0 0 0 0 3 11 0 0 0 0 5 0 14 0 0 1 0 4 0 2 22 34 10 3 7 4 128 80 54 77 93 22 5 1 2 49 305 666 730 143 16 0 135 19 0 0 2 4 2 0 16 6 11 0 0 0 1 24 116 125 117 4 20 235 348 1046 628 689 511 698 588 399 225 264 553 182 66 57 49 56 44 39 34 8 3 0 7 10 1 14 5 1 0 0 0 0 0 0 0 0 0 0 0 0 0 0 0 0 0 0 0
0 0 0 0 0 0 1 12 41 0 0 0 0 0 0 0 0 0 0 18 0 3 8 0 0 0 0 0 0 2 0 0 0 0 0 0 0 0 0 0 0 0 0 0 0 10 0 0 0 12 31 40 1 0 0 8 16 15 4 29 13 6 2 16 18 19 189 44 22 74 104 34 86 83 368 537 955 358 35 2 0 5 0 0 0 0 6 28 2 33 6 9 0 0 0 5 31 3 10 8 2 0 664 555 266 337 527 131 231 384 685 304 300 125 88 25 10 111 130 31 14 3 80 290 29 28 2 0 1 1 0 0 0 0 8 0 0 0 0 0 0 0 0 0 0 0 0 0 0 0
0 0 0 0 0 0 0 0 0 0 0 0 1 2 0 0 4 15 0 0 3 0 17 12 5 4 1 0 0 0 0 0 0 0 0 0 0 0 0 0 0 0 0 0 0 6 0 0 2 9 19 0 0 9 0 14 21 47 20 15 1 2 0 0 0 0 0 0 0 0 1 0 70 28 129 183 398 140 19 0 0 0 0 0 0 1 0 37 62 1 4 0 17 0 0 2 19 1 4 37 6 74 417 531 236 71 177 168 247 303 236 210 377 242 174 35 22 39 114 7 0 0 13 9 26 139 0 1 0 1 0 0 0 0 0 0 0 0 0 0 0 0 0 0 0 0 0 0 0 0
0 0 0 0 0 0 0 1 0 0 0 0 2 0 0 0 0 0 1 0 0 0 1 0 6 0 5 11 0 0 0 0 0 0 0 0 0 0 0 0 0 0 0 1 0 18 23 1 1 24 17 9 5 15 8 11 23 59 269 15 1 0 0 0 1 0 66 35 1 17 33 2 62 31 17 34 16 110 7 3 1 0 0 0 0 0 0 2 32 1 0 6 76 17 1 0 0 0 37 251 93 116 47 34 87 257 77 84 207 164 41 14 110 84 55 9 35 128 3 1 0 1 0 1 58 249 102 1 2 0 0 0 0 0 0 0 0 0 0 0 0 0 0 0 0 0 0 0 0 0
0 0 0 1 0 16 0 0 0 0 0 0 0 1 0 0 0 0 0 0 1 4 2 0 3 0 14 15 10 0 0 0 0 0 1 1 0 0 0 0 0 0 1 6 9 8 6 2 8 145 45 14 9 5 4 19 59 13 5 7 24 16 1 0 0 0 3 6 2 7 6 10 16 4 2 22 17 5 0 8 6 0 0 8 0 3 7 4 0 0 0 21 17 90 11 0 0 55 161 5 61 112 27 7 36 70 90 136 256 0 0 23 0 219 17 0 2 0 0 0 0 0 8 0 14 86 84 165 1 0 0 0 0 0 0 0 0 0 0 0 0 0 0 0 0 0 0 0 0 0
0 0 0 1 0 0 0 0 0 0 0 0 1 1 0 0 0 0 0 1 0 7 9 6 0 0 1 7 58 1 0 0 0 0 0 0 0 0 0 0 0 0 6 10 1 54 50 9 0 88 9 1 1 0 20 1 7 1 0 0 0 0 0 0 0 1 0 0 0 12 18 19 2 0 0 12 2 0 0 2 0 0 0 0 1 7 14 0 9 1 2 6 2 2 0 13 0 2 3 1 492 772 345 50 16 71 83 169 60 13 0 0 2 57 25 0 0 0 0 0 0 0 0 6 14 1 4 65 3 0 0 0 0 0 0 0 0 0 0 0 0 0 0 0 0 0 0 0 0 0
0 0 0 0 1 0 0 0 0 0 0 0 0 1 0 0 0 0 3 1 0 3 2 6 0 3 3 3 0 2 0 2 5 0 0 0 0 0 0 2 2 1 7 6 2 6 4 9 22 58 97 37 8 16 7 2 2 0 0 0 0 0 4 2 65 59 1 0 1 2 22 15 0 0 4 79 79 30 2 5 1 2 3 1 0 0 0 0 4 4 0 0 0 0 0 0 3 2 202 191 823 608 267 41 0 5 20 30 0 0 0 0 0 79 0 0 0 0 0 0 0 0 0 12 0 0 5 46 0 0 0 1 0 0 0 0 0 0 0 0 0 0 0 0 0 0 0 0 0 0
0 0 0 0 0 0 0 0 0 0 0 0 0 0 1 0 0 0 0 1 0 1 6 8 1 0 2 0 0 0 5 42 2 2 0 0 0 1 0 2 43 12 0 0 0 0 1 2 281 484 131 95 8 1 0 0 1 1 0 0 1 0 0 0 10 5 11 1 1 29 7 4 7 0 0 5 53 14 21 34 7 17 3 10 5 1 1 2 133 22 3 9 1 0 1 2 4 1 26 165 144 35 14 0 3 4 31 36 2 0 0 0 1 15 0 0 0 0 0 0 0 0 0 0 0 6 6 0 0 4 2 0 0 0 0 0 0 0 0 0 0 0 0 0 0 0 0 0 0 0
0 0 0 0 0 0 0 0 0 0 0 0 0 0 0 0 4 0 0 0 2 1 5 0 1 0 0 0 0 0 7 6 21 5 0 0 6 43 6 3 0 0 0 0 0 0 3 4 13 212 261 57 11 0 0 0 0 0 4 1 0 0 0 0 11 0 17 0 0 3 8 14 18 0 0 0 1 2 27 9 3 7 6 0 0 4 5 0 0 0 0 2 4 0 0 0 1 0 0 0 0 0 15 36 43 10 21 16 44 82 15 4 18 0 0 0 0 0 0 0 0 0 0 4 11 30 32 0 0 0 1 0 0 0 0 0 0 0 0 0 0 0 0 0 0 0 0 0 0 0
0 0 0 0 0 0 0 0 0 0 0 0 0 1 1 0 1 1 0 0 1 2 0 1 0 0 0 0 0 0 0 2 2 2 1 3 7 6 0 0 0 0 0 0 0 22 11 38 0 68 44 14 0 0 1 0 3 6 0 0 0 0 0 0 0 0 0 3 0 0 0 1 49 34 2 5 0 0 0 0 0 2 41 42 2 0 2 1 0 0 0 1 0 0 0 1 0 0 1 2 0 1 0 33 25 8 4 0 2 10 0 147 3 0 0 0 0 0 0 0 0 0 0 9 2 2 19 38 0 0 0 0 0 0 0 0 0 0 0 0 0 0 0 0 0 0 0 0 0 0
0 0 0 0 0 0 0 0 0 0 0 0 0 4 0 0 0 0 0 0 0 0 1 0 0 0 0 0 0 0 0 0 1 11 43 0 1 30 0 0 0 0 0 11 8 15 11 0 0 7 20 9 3 5 6 0 0 0 2 0 0 0 0 0 0 0 0 8 0 1 0 4 3 2 14 4 0 0 0 0 0 0 8 19 15 2 0 0 0 1 0 0 0 0 0 0 2 11 0 1 5 5 1 5 228 0 0 0 0 0 0 5 0 0 0 0 1 0 0 0 0 0 0 0 0 4 21 4 0 0 0 0 0 0 0 0 0 0 0 0 0 0 0 0 0 0 0 0 0 0
0 0 0 0 0 0 0 0 0 0 0 0 0 1 2 0 0 0 1 0 0 0 1 0 0 0 0 0 0 0 0 0 3 12 4 0 0 3 0 0 0 0 0 1 36 3 0 1 8 0 29 3 0 0 0 2 1 0 0 0 0 0 0 0 18 0 0 3 0 2 0 5 0 1 2 1 3 0 0 0 1 0 0 1 1 4 5 0 0 7 0 0 0 0 2 0 0 7 0 2 4 2 2 49 120 112 0 0 0 0 0 0 1 0 4 3 0 0 0 0 0 0 0 0 0 11 3 14 0 0 0 0 0 0 0 0 1 8 0 0 0 0 0 0 0 0 0 0 0 0
0 0 0 0 0 0 0 0 0 0 0 0 0 0 2 0 0 3 0 0 0 2 0 1 0 0 2 1 1 0 0 3 1 2 5 1 0 0 0 0 0 0 2 7 19 5 0 0 0 1 12 8 0 0 0 0 0 0 0 0 0 0 0 0 7 0 0 0 0 0 5 3 0 0 0 0 6 1 0 0 0 0 6 0 1 0 8 8 1 0 8 0 0 0 0 2 0 0 0 0 9 8 4 3 8 175 9 0 0 0 0 0 0 2 5 1 0 0 1 1 0 0 0 0 1 36 21 0 0 0 0 0 0 0 0 0 0 7 0 0 0 0 0 0 0 0 0 0 0 0
0 0 0 0 0 0 0 0 0 0 0 1 0 14 0 1 2 3 0 0 1 5 3 0 0 0 0 6 0 3 3 0 0 9 1 0 0 9 1 7 18 7 15 50 77 4 1 2 0 0 0 16 13 1 0 0 0 0 0 0 0 0 0 0 0 0 0 0 2 23 21 1 0 0 0 0 0 1 1 0 0 0 0 0 0 0 0 0 3 0 2 0 1 0 1 0 0 0 0 0 0 1 3 0 4 455 312 57 0 0 0 0 0 0 0 0 0 50 6 0 0 0 0 17 35 5 22 53 52 4 0 0 0 0 0 0 2 0 0 0 0 0 0 0 0 0 0 0 0 0
0 0 0 0 0 0 0 0 0 0 0 5 11 5 0 2 20 59 1 1 1 3 1 3 0 0 0 0 5 1 0 1 0 0 0 3 1 7 20 42 104 297 104 91 41 3 0 0 0 0 0 3 12 2 0 0 0 0 0 0 0 0 0 0 0 0 0 0 0 1 3 7 3 0 6 4 0 4 2 0 0 1 0 0 13 0 0 0 4 2 3 3 3 0 5 18 1 0 0 0 0 140 54 6 81 127 82 161 0 0 0 0 0 0 0 5 57 18 3 0 0 0 1 15 54 61 383 167 5 3 0 0 1 5 0 2 0 0 0 0 0 0 0 0 0 0 0 0 0 0
0 0 0 0 0 0 0 0 5 3 4 11 12 0 0 1 2 1 0 1 0 2 29 11 4 3 3 0 0 3 5 0 1 0 8 34 2 0 23 146 282 531 301 307 17 1 0 0 0 0 4 0 21 31 3 2 0 0 0 0 0 0 0 0 0 0 0 0 0 0 0 1 2 0 0 0 0 1 0 0 0 0 1 0 2 0 0 0 0 2 0 0 1 5 2 8 0 0 0 2 0 1 4 3 9 25 1 36 11 0 0 0 2 0 29 24 226 143 42 29 5 9 0 31 23 12 227 201 360 165 6 10 4 70 2 0 0 0 0 0 0 0 0 0 0 0 0 0 0 0
0 0 0 0 0 0 0 0 7 3 0 0 3 0 0 1 0 0 4 3 0 8 48 15 0 0 0 1 12 1 6 2 0 0 1 3 11 9 7 23 238 213 339 94 10 10 1 0 4 1 0 16 3 6 3 0 1 0 0 0 0 0 0 0 0 0 0 0 0 0 0 0 0 0 0 0 1 2 3 0 0 5 8 5 5 0 0 0 4 11 0 0 8 5 0 0 1 0 0 0 0 0 0 2 1 0 0 0 20 0 0 2 0 0 15 490 305 243 70 60 62 30 7 1 0 2 9 53 0 26 3 93 214 7 12 0 0 0 0 0 0 0 0 0 0 0 0 0 0 0
0 0 0 0 1 1 2 1 0 1 8 4 1 0 0 0 0 0 5 4 105 240 2 0 0 0 0 1 2 1 0 0 6 40 6 6 1 2 0 111 223 97 170 97 39 4 0 0 0 0 0 1 9 0 2 0 0 0 0 0 0 0 0 0 0 0 0 0 0 0 0 0 0 0 0 0 0 0 3 0 3 3 14 37 33 0 0 0 3 0 0 0 2 4 1 0 3 5 0 0 1 0 0 0 2 0 3 0 112 105 249 270 37 47 206 381 193 93 20 183 48 57 0 1 12 9 7 44 0 0 10 74 156 11 5 1 0 0 0 0 0 0 0 0 0 0 0 0 0 0
0 0 1 0 0 0 0 0 1 0 0 5 4 16 0 1 2 2 3 11 23 0 0 0 0 0 0 0 0 5 3 8 0 0 1 0 2 0 2 5 7 45 15 7 0 0 0 0 0 2 0 0 17 1 1 1 1 2 1 0 0 0 0 0 0 0 0 0 0 0 0 0 0 0 0 1 3 8 2 0 0 2 4 3 0 0 0 0 5 0 2 0 0 1 0 4 0 0 0 0 2 0 0 0 0 0 8 3 85 38 51 17 45 131 669 294 206 88 12 209 34 2 0 10 1 16 32 0 0 0 24 89 0 0 0 0 0 0 0 0 0 0 0 0 0 0 0 0 0 0
0 0 0 0 0 3 8 4 0 2 1 0 0 1 2 0 0 2 12 10 11 0 0 0 0 0 0 1 4 1 45 1 8 0 7 0 1 0 6 0 13 4 1 0 0 2 0 0 0 0 0 1 181 1 3 6 5 0 0 0 0 0 0 0 0 0 0 0 0 0 0 0 0 0 0 0 0 1 1 0 0 0 1 0 0 0 0 0 0 0 0 0 3 15 4 2 4 0 0 0 2 0 0 1 0 0 2 40 22 5 1 9 132 77 74 351 52 105 69 68 236 0 0 0 0 0 0 0 0 0 1 35 22 0 0 0 0 0 0 0 0 0 0 0 0 0 0 0 0 0
0 0 0 1 0 1 3 1 0 0 0 0 0 10 2 2 13 7 0 0 1 1 5 0 0 1 0 23 5 2 9 17 3 0 1 0 0 1 2 0 6 9 3 0 0 0 0 0 0 0 1 1 50 41 3 8 1 0 0 0 0 0 0 0 0 0 0 0 0 0 0 0 0 0 0 0 0 2 0 0 0 0 0 0 0 0 0 0 11 1 8 5 3 7 2 2 1 0 0 4 1 0 0 0 0 0 0 20 347 4 0 0 0 0 0 2 1 25 164 332 31 0 0 0 0 0 0 0 0 0 0 0 24 0 0 0 0 0 0 0 0 0 0 0 0 0 0 0 0 0
0 1 1 0 1 0 3 57 5 1 3 6 0 1 2 48 22 8 0 3 2 0 0 0 4 1 0 3 0 1 3 2 2 1 0 0 0 0 0 0 1 1 1 0 0 0 3 0 0 0 0 30 3 6 13 1 0 0 0 0 0 0 0 0 0 0 0 0 0 0 0 0 0 0 1 0 2 7 1 0 0 0 0 0 0 0 0 1 19 0 2 0 0 13 0 0 0 0 1 0 0 0 2 0 9 4 6 13 58 0 0 0 0 0 1 0 0 12 39 159 210 74 0 0 0 16 0 0 0 19 29 10 15 1 0 0 0 0 0 0 0 0 0 0 0 0 0 0 0 0
0 0 0 0 0 2 1 0 0 1 21 1 0 2 0 11 13 2 1 1 0 1 0 0 1 0 0 0 1 0 0 0 0 0 5 0 0 0 0 1 0 12 9 0 3 0 1 7 0 0 46 38 4 16 11 2 2 1 0 0 0 0 0 0 0 0 0 0 0 0 0 0 0 0 0 0 0 67 27 0 0 7 0 0 0 0 0 22 0 0 0 0 1 0 0 0 0 2 0 1 4 1 10 6 0 12 3 5 43 6 0 0 0 4 14 20 74 241 56 161 235 70 0 15 116 18 0 0 0 37 43 0 0 0 0 0 0 0 0 0 0 0 0 0 0 0 0 0 0 0
0 1 1 0 0 0 2 1 2 0 3 35 1 2 0 0 1 5 0 1 1 0 1 4 2 0 0 1 58 1 0 0 0 0 0 0 0 0 1 0 2 1 16 0 2 0 1 0 0 0 0 16 13 0 0 0 0 0 1 0 0 0 0 0 0 0 0 0 0 0 0 0 0 0 0 0 0 24 17 0 0 0 0 0 0 0 0 4 0 0 0 0 1 1 0 0 0 0 0 1 0 0 2 2 4 0 2 18 23 10 0 0 0 0 173 230 484 461 15 20 27 68 32 188 66 0 0 0 0 186 105 0 0 0 0 0 0 0 0 0 0 0 0 0 0 0 0 0 0 0
0 0 0 0 0 0 2 2 0 0 7 15 0 3 0 0 0 0 1 1 0 0 0 0 0 1 6 0 3 0 0 0 0 0 0 0 0 1 7 1 0 0 0 0 2 1 0 0 0 0 1 30 0 3 2 0 0 0 2 1 0 0 0 0 0 0 0 0 0 0 0 0 0 0 0 0 1 16 53 10 1 7 8 1 0 0 0 0 0 0 0 0 1 0 0 0 0 0 0 2 2 2 0 1 0 21 2 4 8 0 0 1 11 5 9 6 0 20 204 115 5 104 297 211 268 55 46 79 318 772 253 4 0 0 0 0 0 0 0 0 0 0 0 0 0 0 0 0 0 0
0 0 0 0 0 2 1 4 0 3 18 8 0 22 3 0 1 0 0 0 0 0 0 0 0 3 16 0 0 0 0 0 2 0 0 0 0 0 0 5 0 1 0 1 0 0 1 1 0 1 1 159 13 7 0 2 2 1 0 0 0 0 0 0 0 0 0 0 0 0 0 0 0 0 0 0 0 3 50 0 0 4 5 0 0 0 0 0 1 0 0 3 0 2 6 20 7 4 0 0 2 0 0 31 0 1 2 0 69 20 1 13 6 0 2 5 170 121 101 228 253 576 403 253 1000 405 280 282 460 360 175 0 0 0 0 0 0 0 0 0 0 0 0 0 0 0 0 0 0 0
0 0 0 0 2 2 0 0 4 2 0 0 2 0 0 4 7 2 0 0 0 0 0 0 0 1 13 0 0 0 0 13 0 0 3 0 2 1 0 0 0 0 1 0 0 0 1 0 5 30 289 284 7 47 6 0 1 0 1 2 0 0 0 0 0 0 0 0 0 0 0 0 0 0 0 0 0 0 1 0 0 0 0 0 0 0 0 0 2 1 0 1 6 0 0 0 0 0 6 4 4 0 11 4 8 4 8 16 0 3 15 0 12 1 3 6 0 11 236 842 1013 579 172 591 782 459 87 267 342 5 13 7 0 0 0 0 0 0 0 0 0 0 0 0 0 0 0 0 0 0
0 1 0 4 2 0 1 0 6 1 0 1 2 0 0 1 1 3 0 0 0 0 0 0 5 0 0 1 0 0 0 17 3 0 0 0 0 0 0 0 0 0 0 0 0 0 0 0 0 3 249 324 286 244 31 9 0 1 2 1 0 0 0 0 0 0 0 0 0 0 0 0 0 0 0 0 0 0 0 1 0 0 0 0 0 0 0 10 28 0 0 12 4 0 0 0 0 0 0 2 6 0 8 12 5 75 202 1 0 0 2 2 0 1 1 2 6 5 38 332 142 244 191 1320 615 291 136 104 19 249 550 355 0 0 0 0 0 0 0 0 0 0 0 0 0 0 0 0 0 0
0 1 0 17 0 1 13 4 7 1 0 18 0 1 0 0 0 0 0 0 0 0 0 0 1 0 0 0 0 0 0 4 7 1 0 0 2 0 0 0 0 0 0 0 0 0 0 0 0 0 122 134 300 293 19 31 1 4 1 0 1 0 0 0 0 0 0 0 0 0 0 0 0 0 0 0 0 0 0 16 3 0 0 0 0 0 0 9 30 0 0 6 41 0 0 0 0 0 0 2 4 19 4 6 6 4 1 6 0 0 0 0 1 0 0 0 0 1 2 9 152 204 177 378 605 362 221 237 190 270 201 153 0 0 0 0 0 0 0 0 0 0 0 0 0 0 0 0 0 0
3 0 0 3 1 9 2 6 1 0 0 0 2 0 0 0 0 0 0 0 0 0 0 0 0 0 0 0 0 3 0 0 0 0 0 0 0 0 0 0 0 0 0 0 0 0 0 0 0 0 17 121 102 10 8 4 1 0 0 0 0 0 0 0 0 0 0 0 0 0 0 0 0 0 0 0 0 0 7 0 1 1 0 0 0 0 16 31 21 0 2 102 38 9 0 0 0 0 0 14 11 0 22 64 3 0 1 0 1 1 0 0 0 0 2 1 0 5 6 9 41 423 193 168 115 271 330 794 138 113 17 55 0 0 0 0 0 0 0 0 0 0 0 0 0 0 0 0 0 0
0 0 13 0 2 1 4 36 7 5 4 6 0 2 0 0 0 0 0 0 0 0 0 0 0 0 0 0 0 1 0 0 0 0 0 0 0 0 0 0 0 0 0 0 0 0 0 4 0 4 3 5 39 4 6 0 0 13 47 0 0 0 1 0 0 0 0 0 0 0 0 0 0 0 0 0 0 0 0 0 0 2 5 11 62 2 1 0 3 19 53 77 52 4 0 0 0 0 4 2 24 84 107 258 212 16 3 4 4 2 0 0 1 0 0 0 12 21 18 158 103 318 1396 737 408 123 1204 1167 670 0 0 1 0 0 0 0 0 0 0 0 0 0 0 0 0 0 0 0 0 0
3 8 4 0 4 3 3 37 5 7 0 0 1 0 0 0 0 0 0 0 0 1 2 0 0 0 1 1 0 0 0 0 1 0 0 0 0 0 0 0 2 3 0 0 0 0 0 0 0 2 0 5 25 0 4 0 0 2 35 3 0 0 0 0 0 0 0 0 0 0 0 0 0 0 0 0 0 0 0 0 0 2 7 0 0 3 1 1 1 9 26 25 42 11 17 18 0 0 0 0 51 170 193 131 51 17 0 2 0 3 4 0 0 0 2 3 0 213 135 487 212 4 5 70 49 185 223 304 194 2 49 0 0 0 0 0 0 0 0 0 0 0 0 0 0 0 0 0 0 0
6 5 53 1 15 56 22 3 4 3 0 0 3 1 0 1 0 0 0 0 1 1 0 0 0 0 0 0 0 0 0 0 0 0 0 0 0 0 0 0 0 0 1 0 0 1 0 0 1 0 0 4 12 0 1 0 0 2 0 9 1 0 0 0 0 0 0 0 0 0 0 0 0 0 0 0 0 0 0 0 12 11 0 0 3 0 29 9 0 0 1 1 1 1 1 0 0 0 0 1 1 28 508 99 193 69 4 1 2 2 146 0 0 0 0 5 98 235 66 10 0 0 0 0 58 192 65 670 309 0 1 8 0 0 0 0 0 0 0 0 0 0 0 0 0 0 0 0 0 0
0 29 60 93 133 247 69 33 5 0 0 0 0 0 0 0 0 0 0 0 0 2 0 0 0 0 0 0 0 0 0 0 0 0 0 0 0 0 0 0 0 0 0 3 1 3 0 1 0 0 0 10 5 0 0 0 1 0 2 0 0 0 0 0 0 0 0 0 0 0 0 0 0 0 0 0 0 0 1 19 5 0 0 0 4 1 4 99 33 0 0 0 0 0 0 0 0 0 0 0 0 85 256 83 103 87 7 1 1 3 2 0 0 0 1 44 72 20 3 31 0 0 0 0 3 250 131 356 156 2 4 0 0 0 0 0 0 0 0 0 0 0 0 0 0 0 0 0 0 0
1 28 214 529 310 215 108 17 0 0 1 0 1 0 0 0 0 2 0 0 0 1 0 0 0 0 0 0 0 0 0 0 0 0 0 0 0 0 0 1 0 0 0 2 2 0 0 1 15 0 0 0 14 0 0 1 0 0 0 0 0 10 0 0 0 0 0 0 0 0 0 0 0 0 0 0 0 17 0 0 0 0 0 0 0 0 14 22 0 0 0 0 0 0 0 0 0 0 0 0 4 15 5 8 49 85 0 0 0 0 4 3 1 0 8 0 1 8 10 5 19 22 0 0 11 53 55 211 23 0 0 0 0 0 0 0 0 0 0 0 0 0 0 0 0 0 0 0 0 0
0 14 132 189 62 108 13 5 0 0 1 0 1 0 0 0 0 0 5 4 2 0 0 0 0 0 0 0 0 1 1 0 0 0 0 4 0 0 0 0 0 0 0 0 0 0 0 2 1 2 0 0 0 10 0 2 0 0 0 0 0 0 0 0 0 0 0 0 0 0 0 0 0 0 0 0 3 0 0 0 0 0 0 0 0 0 28 13 2 7 12 0 0 0 2 15 0 0 0 244 351 68 115 31 0 57 11 1 0 1 0 5 1 0 0 0 0 0 9 44 69 7 72 116 41 4 0 1 0 0 0 0 0 0 0 0 0 0 0 0 0 0 0 0 0 0 0 0 0 0
4 6 10 63 15 4 0 3 0 1 1 0 0 0 0 0 0 0 0 0 1 37 0 0 0 1 0 0 0 0 0 0 0 0 0 0 0 0 0 0 0 0 0 0 1 12 2 0 1 0 0 0 0 1 5 3 0 0 0 0 0 0 0 0 0 0 0 0 0 0 0 0 0 0 0 0 2 4 0 0 0 0 0 0 0 0 64 0 0 11 13 0 0 0 13 38 40 1 106 816 360 252 28 14 0 27 18 49 0 1 0 0 0 0 0 0 0 0 4 9 73 8 6 7 3 8 10 6 36 13 3 0 0 0 0 0 0 0 0 0 0 0 0 0 0 0 0 0 0 0
16 13 16 1 0 0 0 1 0 0 0 0 0 0 0 0 0 0 0 1 1 3 2 0 0 0 0 0 0 1 0 0 0 2 15 0 0 0 0 0 0 0 0 0 1 3 0 0 0 0 0 0 1 1 25 2 0 0 0 0 0 0 0 0 0 0 0 0 0 0 0 0 0 0 8 5 0 0 0 0 0 0 0 0 0 0 8 0 0 0 73 1 0 2 93 523 23 4 41 73 5 1 9 2 0 1 0 60 429 70 0 0 0 0 0 0 0 0 0 0 11 0 0 0 11 36 15 11 256 116 11 0 0 0 0 0 0 0 0 0 0 0 0 0 0 0 0 0 0 0
5 2 0 0 0 0 1 0 0 0 0 0 0 0 0 0 0 0 0 0 0 0 0 0 0 0 0 0 0 0 6 22 0 0 0 0 0 0 0 0 0 0 0 0 0 0 0 0 0 0 1 0 2 0 5 0 0 0 0 0 0 0 0 0 0 0 0 0 0 0 0 0 0 0 2 2 1 0 0 0 0 0 0 0 0 0 14 24 143 20 69 5 7 5 2 22 10 3 0 0 3 0 0 0 0 0 56 112 56 13 0 0 1 0 0 0 0 0 0 0 3 2 3 4 29 95 33 104 53 188 6 0 0 0 0 0 0 0 0 0 0 0 0 0 0 0 0 0 0 0
0 0 0 2 0 0 0 0 0 0 0 0 0 0 0 0 0 0 1 0 0 0 0 0 0 0 0 0 0 0 0 0 0 0 0 0 0 0 0 0 0 0 0 0 0 13 0 0 0 0 0 0 3 33 5 1 0 0 0 0 0 0 0 0 0 0 0 0 0 0 0 0 0 2 0 0 0 0 0 0 0 0 0 0 0 0 0 0 45 1 0 0 0 0 0 28 0 1 1 0 0 1 0 1 1 81 279 135 78 24 0 0 0 0 0 0 0 0 20 1 0 46 0 2 0 3 15 42 2 9 0 1 0 0 0 0 0 0 0 0 0 0 0 0 0 0 0 0 0 0
0 0 0 1 0 0 0 0 0 0 0 0 0 0 0 0 0 0 0 0 0 0 0 3 0 0 0 0 1 0 0 0 0 0 0 0 0 0 0 0 0 0 0 0 0 0 0 0 0 0 0 2 2 24 1 0 2 0 0 0 0 0 0 0 0 0 0 0 0 0 3 4 2 0 0 0 0 0 0 0 0 0 0 0 0 0 0 0 0 1 0 0 0 1 0 0 0 0 2 1 1 1 1 0 25 13 29 2 10 58 0 0 0 0 0 0 0 0 0 1 0 0 1 12 41 24 66 22 3 199 1 0 0 0 0 0 0 0 0 0 0 0 0 0 0 0 0 0 0 0
0 0 0 0 6 10 0 0 0 0 0 0 0 0 0 0 0 1 0 0 0 0 0 0 0 0 0 0 0 0 2 0 0 0 0 0 0 0 0 0 0 0 0 2 0 0 0 0 0 0 0 0 1 0 1 0 1 0 0 0 0 0 0 0 0 0 0 0 0 0 1 0 0 0 0 0 0 0 0 0 0 0 0 0 0 0 0 0 4 0 0 16 55 3 0 0 0 0 0 1 1 4 8 3 31 3 0 0 0 8 3 0 0 0 0 0 0 0 0 0 1 3 0 8 0 0 0 99 1 0 0 0 0 0 0 0 0 0 0 0 0 0 0 0 0 0 0 0 0 0
0 0 0 0 34 13 0 0 0 0 0 0 0 0 0 0 0 0 0 0 0 0 0 0 0 0 0 0 0 0 1 0 0 0 0 0 0 0 0 0 0 0 0 1 2 0 0 0 0 1 0 0 0 1 0 0 0 0 0 0 0 0 0 0 0 0 0 0 0 1 0 0 0 0 0 0 0 0 0 0 0 0 0 0 0 0 0 0 31 16 55 106 50 3 0 0 1 0 1 9 27 271 138 12 0 4 1 0 0 159 3 0 0 0 0 0 0 0 0 0 0 0 0 0 0 0 9 3 0 0 0 0 0 0 0 0 0 0 0 0 0 0 0 0 0 0 0 0 0 0
0 0 0 0 0 1 1 0 0 0 0 0 0 1 0 1 1 0 0 0 0 0 0 0 0 0 0 0 0 5 0 0 0 0 0 0 0 0 0 0 0 0 0 0 1 3 0 0 0 1 0 0 0 1 0 0 0 1 0 0 0 0 0 0 0 0 0 0 1 0 0 0 0 0 0 0 0 0 0 0 0 0 0 0 0 0 0 0 4 52 392 44 27 13 0 1 1 2 2 13 41 69 19 4 0 1 0 0 0 0 0 0 0 0 0 0 0 0 0 0 0 71 106 0 0 15 0 0 0 0 0 0 0 0 0 0 0 0 0 0 0 0 0 0 0 0 0 0 0 0
0 0 0 0 0 0 0 0 0 0 0 0 8 3 0 1 0 0 0 0 0 0 0 0 0 2 1 0 0 13 0 0 0 0 0 0 0 0 0 0 0 0 0 1 0 2 1 0 0 0 0 0 0 5 2 0 0 0 0 0 0 0 0 0 0 0 0 2 109 0 0 0 0 0 0 0 0 0 0 0 0 0 0 0 1 1 16 1 1 3 0 2 18 0 10 1 0 0 0 4 27 0 0 0 0 0 0 0 0 12 6 6 0 0 0 0 0 0 0 0 0 0 0 0 0 0 0 6 0 0 0 0 0 0 0 0 0 0 0 0 0 0 0 0 0 0 0 0 0 0
0 0 0 0 0 1 0 0 0 0 0 0 0 0 0 0 0 0 0 0 0 0 0 0 0 0 0 0 0 0 0 0 0 0 0 0 0 0 0 0 0 0 0 0 0 0 0 1 0 1 0 0 0 5 2 0 1 3 0 0 0 0 0 0 0 0 1 9 5 0 0 0 0 0 0 0 0 0 0 0 0 0 0 0 18 0 0 0 1 11 0 0 1 0 0 2 1 9 4 3 11 14 2 0 1 0 0 1 23 36 56 120 8 6 0 0 0 0 0 0 0 0 0 0 0 0 0 0 0 0 0 0 0 0 0 0 0 0 0 0 0 0 0 0 0 0 0 0 0 0
0 0 0 0 7 0 2 0 0 0 0 0 0 0 0 0 0 0 0 0 0 0 0 0 0 0 0 0 0 0 0 0 0 0 0 0 0 0 0 0 0 0 0 0 0 0 1 0 7 0 0 0 0 0 1 26 54 3 0 0 0 0 0 0 0 4 14 26 0 0 1 0 0 0 0 0 0 0 0 0 0 0 0 8 48 0 1 3 14 0 1 0 0 0 0 4 16 20 88 1 3 0 5 1 1 0 5 0 24 27 65 8 14 2 3 0 0 0 0 0 0 0 0 0 0 0 0 0 0 0 0 0 0 0 0 0 0 0 0 0 0 0 0 0 0 0 0 0 0 0
0 0 0 0 0 0 0 0 0 0 0 1 0 0 0 0 0 0 0 0 0 0 0 0 0 0 0 0 0 0 0 0 0 0 0 0 0 0 7 0 0 0 0 0 0 0 1 4 16 0 0 0 0 0 2 0 1 1 12 1 2 0 0 5 0 1 1 0 0 0 0 0 0 0 0 0 0 0 0 0 0 0 0 0 0 0 0 1 0 2 0 0 1 0 4 75 1 0 0 0 0 0 0 0 19 18 307 503 222 43 7 0 1 5 0 0 0 0 0 0 0 0 0 0 0 0 0 0 0 0 0 0 0 0 0 0 0 0 0 0 0 0 0 0 0 0 0 0 0 0
0 0 1 1 4 30 1 2 0 0 5 1 0 2 0 0 0 0 0 0 0 0 0 0 0 0 0 0 0 0 0 0 0 0 0 0 0 0 2 0 0 0 0 0 0 0 11 4 0 0 1 0 1 2 3 3 0 0 0 1 0 0 0 0 0 0 2 0 2 4 0 0 0 0 0 0 0 0 0 0 0 0 0 0 0 0 0 1 0 1 3 4 0 0 58 10 0 0 0 0 0 1 0 2 27 18 52 188 111 97 48 66 26 3 0 0 0 0 0 0 0 0 0 0 0 0 0 0 0 0 0 0 0 0 0 0 0 0 0 0 0 0 0 0 0 0 0 0 0 0
0 0 0 0 9 27 0 2 1 0 0 0 0 0 0 0 0 0 0 0 0 0 0 0 0 0 0 0 0 0 0 0 0 1 0 0 0 0 0 0 0 1 1 0 0 0 1 0 0 1 3 0 2 1 1 0 0 0 0 2 0 0 0 0 0 0 1 1 0 0 0 0 0 0 0 0 0 0 0 0 0 0 0 0 0 1 0 0 0 0 0 0 3 6 0 17 64 0 0 0 0 0 0 12 53 106 0 0 2 17 0 1 1 0 0 0 0 0 0 0 0 0 0 0 0 0 0 0 0 0 0 0 0 0 0 0 0 0 0 0 0 0 0 0 0 0 0 0 0 0
0 0 0 0 0 0 0 0 1 1 0 0 0 1 0 0 0 0 0 0 0 0 0 0 0 0 0 0 0 0 0 0 1 0 0 0 0 0 0 0 0 0 0 0 0 0 0 0 1 4 0 0 0 0 0 0 0 0 2 1 0 1 0 0 0 0 0 0 0 0 2 3 0 0 0 0 0 0 0 0 0 0 0 0 0 0 0 0 0 0 0 3 13 6 1 225 155 0 0 0 0 0 0 0 12 0 0 0 0 0 13 41 2 0 0 0 0 0 0 0 0 0 0 0 0 0 0 0 0 0 0 0 0 0 0 0 0 0 0 0 0 0 3 4 0 0 0 0 0 0
0 0 0 0 0 0 0 0 0 9 0 0 0 0 2 0 0 0 0 0 0 0 0 0 0 0 0 0 0 0 0 0 0 0 0 0 0 0 0 0 0 0 0 0 0 1 0 0 0 0 1 1 1 1 0 0 0 0 0 0 0 0 0 0 0 0 0 0 0 0 3 0 0 0 0 0 0 0 0 0 0 0 0 0 0 0 0 0 11 1 1 4 85 61 10 0 1 0 0 0 0 0 0 0 0 0 0 0 0 36 50 1 1 0 0 0 0 0 0 0 0 0 0 0 0 0 0 0 0 0 0 0 0 0 0 0 0 0 0 0 0 0 0 0 0 0 0 0 0 0
0 0 0 0 0 0 0 0 0 0 0 0 0 0 0 0 0 0 0 0 0 0 0 0 0 0 0 0 0 0 0 0 0 0 0 0 0 0 0 0 0 0 0 0 0 0 0 0 0 0 1 0 10 0 0 0 0 3 0 1 0 0 0 0 0 0 0 0 0 0 1 0 0 0 0 0 0 0 0 0 0 0 0 0 0 0 0 0 0 1 1 25 174 0 0 0 0 0 0 0 0 0 0 0 1 0 0 0 7 9 3 4 0 0 0 0 0 0 0 0 0 0 0 0 0 0 0 0 0 0 0 0 0 0 0 0 0 0 0 0 0 0 0 0 0 0 0 0 0 0
0 0 0 0 0 0 0 0 0 0 0 0 1 0 0 0 0 0 0 0 0 0 0 0 0 0 0 0 0 0 0 0 0 0 0 0 0 0 0 0 0 0 0 0 0 0 0 0 0 0 2 2 0 0 0 1 0 3 0 0 2 0 0 0 0 0 0 0 0 0 0 30 0 0 0 0 0 0 0 0 0 0 0 0 0 0 0 0 1 0 4 3 2 7 1 0 0 0 0 0 0 0 0 0 0 0 0 0 0 0 0 0 0 0 0 0 0 0 0 0 0 0 0 0 0 0 0 0 0 0 0 0 0 0 0 0 0 0 0 0 0 0 0 0 0 0 0 0 0 0
0 0 0 0 0 0 0 0 0 0 0 0 0 0 0 0 0 0 0 0 0 0 3 16 0 0 0 0 0 0 0 0 0 0 0 0 1 0 0 0 0 0 0 0 0 0 0 0 0 0 0 5 1 0 2 1 0 0 0 0 0 3 3 0 0 0 0 0 0 0 0 3 0 0 0 0 0 0 0 0 0 0 0 0 0 0 0 0 0 0 0 9 2 8 3 1 0 0 0 0 0 0 0 0 0 0 0 0 0 0 0 0 0 0 0 0 0 0 0 1 0 0 0 0 0 0 0 0 0 0 0 0 0 0 0 0 0 0 0 0 0 0 0 0 0 0 0 0 0 0
0 0 0 0 0 0 0 0 0 0 0 0 0 0 0 0 0 0 0 0 0 1 1 0 0 0 0 0 0 1 0 0 0 0 0 0 0 0 0 0 0 0 0 0 0 0 0 0 0 0 0 12 6 0 1 0 6 0 0 0 0 10 17 0 0 0 0 0 0 0 0 0 0 0 0 0 0 0 0 0 0 0 0 0 0 0 0 0 0 0 1 2 0 5 8 1 0 0 0 0 0 0 0 0 0 0 0 0 0 0 0 0 0 0 0 0 0 0 0 0 0 0 0 0 0 0 0 0 0 0 0 0 0 0 0 0 0 0 0 0 0 0 0 0 0 0 0 0 0 0
0 0 0 0 0 0 0 0 0 1 0 0 0 0 0 0 0 0 0 0 0 0 0 0 0 0 0 0 0 0 0 0 0 0 0 0 0 0 0 0 0 0 0 0 0 0 0 0 0 0 0 16 24 1 4 1 0 0 0 0 0 6 0 0 0 0 0 0 0 0 0 0 0 0 0 0 0 0 0 0 0 0 0 0 0 0 0 0 0 0 0 2 31 7 7 1 0 0 0 0 0 0 0 0 0 0 0 0 0 0 0 0 0 0 0 0 0 0 0 0 0 0 0 0 0 0 0 0 0 0 0 0 0 0 0 0 0 0 0 0 0 0 0 0 0 0 0 0 0 0
0 0 0 0 0 0 0 0 1 0 0 0 1 1 0 1 0 0 1 0 0 0 0 0 0 3 0 0 0 0 0 0 0 0 0 0 0 0 0 0 0 0 0 0 0 0 0 0 0 4 1 8 90 0 2 0 0 0 0 0 0 0 0 0 0 0 0 0 0 0 0 0 0 0 0 0 0 0 0 0 0 0 0 0 0 0 0 0 0 0 0 3 1 5 1 0 2 1 0 5 0 0 0 0 0 0 0 0 0 0 0 0 0 0 0 0 0 0 0 0 0 0 0 0 0 0 0 0 0 0 0 0 0 0 0 0 0 0 0 0 0 0 0 0 0 0 0 0 0 0
0 0 0 0 0 0 0 0 0 0 0 0 0 0 0 0 1 0 1 0 0 0 0 1 0 0 0 0 0 0 0 0 0 0 0 0 0 0 0 0 0 0 0 0 0 0 0 2 0 0 0 6 9 0 0 0 0 0 0 1 11 1 0 0 0 0 0 0 0 0 0 0 0 0 0 0 0 0 0 0 0 0 0 0 0 0 0 0 0 0 0 0 0 1 0 4 11 0 1 0 0 0 0 0 0 0 0 0 0 0 0 0 0 0 0 0 0 0 0 0 0 0 0 0 0 0 0 0 0 0 0 0 0 0 0 0 0 0 0 0 0 0 0 0 0 0 0 0 0 0
0 0 0 0 0 0 0 0 0 0 0 0 0 0 0 0 0 1 8 0 0 0 0 0 0 0 0 0 0 0 0 0 0 0 4 3 0 0 0 0 0 0 0 0 0 0 2 8 0 0 0 0 0 0 0 0 0 0 0 0 3 0 0 0 0 0 0 0 0 0 0 0 0 0 0 0 0 0 0 0 0 0 0 0 0 0 0 0 0 0 0 0 0 0 0 3 4 3 0 0 0 0 0 0 0 0 0 0 0 0 0 0 0 0 0 0 0 0 0 0 0 0 0 0 0 0 0 0 0 0 0 0 0 0 0 0 0 0 0 0 0 0 0 0 1 4 0 0 0 0
0 0 0 0 0 0 0 0 0 0 0 0 0 0 0 0 0 0 0 0 0 0 0 0 0 0 0 0 0 0 0 1 0 0 0 0 0 0 0 0 0 0 0 0 0 0 2 0 0 0 0 0 0 0 0 0 0 0 0 0 0 0 0 0 0 0 0 0 0 0 0 0 1 0 0 0 0 0 0 0 0 0 0 0 0 0 0 0 0 0 0 0 0 0 3 0 4 9 0 2 0 0 0 0 0 0 0 0 0 0 0 0 0 0 0 0 0 0 0 0 0 0 0 0 0 0 0 0 0 0 0 0 0 0 0 0 0 0 0 0 0 0 0 0 0 0 0 0 0 0
0 0 0 0 0 0 0 0 0 0 0 6 0 0 0 0 1 0 0 0 0 0 0 0 0 0 0 0 0 0 0 0 0 0 0 0 0 0 0 0 0 0 0 0 0 0 0 0 0 0 0 0 0 0 0 0 0 0 0 0 16 0 0 0 0 0 0 0 0 0 0 1 0 0 0 0 0 0 0 0 0 0 0 0 0 0 0 0 0 0 0 0 0 0 2 0 0 0 0 0 0 0 0 0 0 0 0 0 0 0 0 0 0 0 0 0 0 0 0 0 0 0 0 0 0 0 0 0 0 0 0 0 0 0 0 0 0 0 0 0 0 0 0 0 0 0 0 0 0 0
0 0 0 0 0 0 0 0 0 0 0 0 5 0 0 2 2 0 0 0 0 0 0 0 0 0 0 0 0 0 0 0 0 0 0 0 0 0 0 0 0 0 0 0 1 0 0 0 0 0 0 0 0 0 0 0 0 0 0 0 0 0 0 0 0 0 0 0 0 0 0 1 0 0 0 0 0 0 0 0 0 0 0 0 0 0 0 0 0 0 0 0 0 0 0 0 2 0 0 0 0 0 0 0 0 0 0 0 0 0 0 0 0 0 0 0 0 0 0 0 0 0 0 0 0 0 0 0 0 0 0 0 0 0 0 0 0 0 0 0 0 0 0 0 0 0 0 0 0 0
0 0 0 0 0 0 0 0 0 0 0 1 3 0 0 2 2 0 0 0 0 0 0 0 0 0 0 0 0 0 0 0 0 0 0 0 0 0 0 0 0 0 0 0 0 0 0 0 0 0 0 0 0 0 0 0 0 0 0 1 0 0 0 0 0 0 0 0 14 0 0 0 0 0 0 0 0 0 0 0 0 0 0 0 0 0 0 0 0 0 0 0 0 0 0 0 1 3 4 1 0 0 0 0 0 0 0 0 0 0 0 0 0 0 0 0 0 0 0 0 0 0 0 0 0 0 0 0 0 0 0 0 0 0 0 0 0 0 0 0 0 0 0 0 0 0 0 0 0 0
0 0 0 0 0 0 0 0 1 0 0 0 3 0 0 0 0 2 0 0 0 0 0 0 0 0 0 0 0 0 0 0 0 0 0 3 1 1 3 0 0 0 0 0 0 0 0 0 0 0 0 0 0 0 0 0 0 0 0 0 0 1 2 0 0 0 0 0 44 59 1 0 0 0 0 0 0 0 0 0 0 0 0 0 0 0 0 0 0 0 0 0 0 0 0 0 1 0 0 0 0 0 0 0 0 0 0 0 0 0 0 0 0 0 0 0 0 0 0 0 0 0 0 0 0 0 0 0 0 0 0 0 0 0 0 0 0 0 0 0 0 0 0 0 0 0 0 0 0 0
0 0 0 0 0 0 0 0 0 0 0 2 21 3 0 0 4 0 3 5 0 1 0 13 0 0 0 0 0 0 0 0 0 0 2 1 10 3 3 8 0 0 0 0 0 0 0 0 0 0 0 0 0 0 0 0 0 0 0 0 0 0 0 0 72 11 2 0 0 0 0 0 0 0 0 0 0 0 0 0 0 0 0 0 0 0 0 0 0 0 0 0 0 0 0 0 0 0 0 0 0 0 0 0 0 0 0 0 0 0 0 0 0 0 0 0 0 0 0 0 0 0 0 0 0 0 0 0 0 0 0 0 0 0 0 0 0 0 0 0 0 0 0 0 0 0 0 0 0 0
1 12 0 0 0 0 0 0 0 0 0 0 3 0 0 0 1 0 0 2 11 30 11 5 0 0 0 0 0 1 1 0 0 0 1 0 7 0 0 0 0 0 0 0 0 0 0 0 0 0 0 0 0 0 0 0 0 0 0 0 0 0 0 0 4 0 0 0 0 0 0 0 0 0 0 0 0 0 0 0 0 0 0 0 0 0 0 0 0 0 0 0 0 0 0 0 0 0 0 0 0 0 0 0 0 0 0 0 0 0 0 0 0 0 0 0 0 0 0 0 0 0 0 0 0 0 0 0 0 0 0 0 0 0 0 0 0 0 0 0 0 0 0 0 0 0 0 0 0 0
5 40 1 0 0 1 0 0 0 0 0 0 0 0 0 0 4 0 0 1 0 232 8 6 3 0 0 0 1 7 1 0 0 0 0 0 0 0 0 0 0 18 0 0 0 0 0 0 0 0 0 0 0 0 0 0 0 0 0 0 0 0 0 0 0 0 0 0 0 0 0 0 0 0 0 0 0 0 0 0 0 0 0 0 0 0 0 0 0 1 0 0 0 0 0 0 0 0 0 0 0 0 0 0 0 0 0 0 0 0 0 0 0 0 0 0 0 0 0 0 0 0 0 0 0 0 0 0 0 0 0 0 0 0 0 0 0 0 0 0 0 0 0 0 0 0 0 0 0 0
0 0 0 0 0 0 0 0 0 0 0 0 1 0 0 0 0 1 0 1 0 1 3 3 0 3 1 0 0 2 0 0 0 0 0 0 3 0 0 0 0 0 0 0 0 0 0 0 0 0 0 0 0 0 0 0 0 0 0 0 0 0 0 0 0 0 0 0 0 0 0 0 0 0 0 0 0 0 0 0 0 0 0 0 0 0 0 0 0 0 0 0 0 0 0 0 0 0 0 0 0 0 0 0 0 0 0 0 0 0 0 0 0 0 0 0 0 0 0 0 0 0 0 0 0 0 0 0 0 0 0 0 0 0 0 0 0 0 0 0 0 0 0 0 0 0 0 0 0 0
0 0 0 0 0 0 0 0 0 0 0 0 0 0 0 0 0 0 0 0 0 0 0 0 1 3 2 3 13 1 0 0 0 3 4 0 0 0 0 0 0 0 0 0 0 0 0 0 0 0 0 0 0 0 0 0 0 0 0 0 0 0 0 0 0 0 0 0 0 0 0 0 0 0 0 0 0 0 0 0 0 0 0 0 0 0 0 0 0 0 0 0 0 0 0 0 0 0 0 0 0 0 0 0 0 0 0 0 0 0 0 0 0 0 0 0 0 0 0 0 0 0 0 0 0 0 0 0 0 0 0 0 0 0 0 0 0 0 0 0 0 0 0 0 0 0 0 0 0 0
0 0 0 0 0 0 0 0 0 0 0 0 0 0 0 0 0 0 0 0 0 0 0 0 0 0 0 0 80 19 0 1 1 6 0 0 1 0 0 0 0 0 0 0 0 0 0 0 0 0 0 0 0 0 0 0 0 0 0 0 0 0 0 0 0 0 0 0 0 0 0 0 0 0 0 0 0 0 0 0 0 0 0 0 0 0 0 0 0 0 0 0 0 0 0 0 0 0 0 0 0 0 0 0 0 0 0 0 0 0 0 0 0 0 0 0 0 0 0 0 0 0 0 0 0 0 0 0 0 0 0 0 0 0 0 0 0 0 0 0 0 0 0 0 0 0 0 0 0 0
0 0 0 0 0 0 0 0 0 0 0 0 0 0 0 0 0 0 0 0 0 0 0 0 0 3 0 2 0 0 1 0 2 0 0 0 1 0 0 0 0 0 0 0 0 0 0 0 0 0 0 0 0 0 0 0 0 0 0 0 0 0 0 0 0 0 0 0 0 0 0 0 0 0 0 0 0 0 0 0 0 0 0 0 0 0 0 0 0 0 0 0 0 0 0 0 0 0 0 0 0 0 0 0 0 0 0 0 0 0 0 0 0 0 0 0 0 0 0 0 0 0 0 0 0 0 0 0 0 0 0 0 0 0 0 0 0 0 0 0 0 0 0 0 0 0 0 0 0 0
0 0 0 0 0 0 0 0 0 0 0 0 0 0 0 0 0 0 0 0 0 0 0 0 1 3 3 0 0 0 2 0 0 0 0 0 0 1 0 0 0 0 0 0 0 0 0 0 0 0 0 0 0 0 0 0 0 0 0 0 0 0 0 0 0 0 0 0 0 0 0 0 0 0 0 0 0 0 0 0 0 0 0 0 0 0 0 0 0 0 0 0 0 0 0 0 0 0 0 0 0 0 0 0 0 0 0 0 0 0 0 0 0 0 0 0 0 0 0 0 0 0 0 0 0 0 0 0 0 0 0 0 0 0 0 0 0 0 0 0 0 0 0 0 0 0 0 0 0 0
0 0 0 0 0 0 0 0 0 0 0 0 1 0 0 0 0 0 0 0 0 0 0 0 0 0 1 1 0 0 0 0 0 0 0 0 2 0 0 0 0 0 0 0 0 0 0 0 0 0 0 0 0 0 0 0 0 0 0 0 0 0 0 0 0 0 0 0 0 0 0 0 0 0 0 0 0 0 0 0 0 0 0 0 0 0 0 0 0 0 0 0 0 0 0 0 0 0 0 0 0 0 0 0 0 0 0 0 0 0 0 0 0 0 0 0 0 0 0 0 0 0 0 0 0 0 0 0 0 0 0 0 0 0 0 0 0 0 0 0 0 0 0 0 0 0 0 0 0 0
0 0 0 0 0 0 0 0 0 0 0 1 0 0 0 0 0 0 0 0 0 0 0 0 0 0 0 7 1 4 4 0 0 0 0 0 0 0 0 0 0 0 0 0 0 0 0 0 0 0 0 0 0 0 0 0 0 0 0 0 0 0 0 0 0 0 0 0 0 0 0 0 0 0 0 0 0 0 0 0 0 0 0 0 0 0 0 0 0 0 0 0 0 0 0 0 0 0 0 0 0 0 0 0 0 0 0 0 0 0 0 0 0 0 0 0 0 0 0 0 0 0 0 0 0 0 0 0 0 0 0 0 0 0 0 0 0 0 0 0 0 0 0 0 0 0 0 0 0 0
0 0 0 0 0 0 0 0 0 0 0 0 0 0 0 0 0 0 0 0 0 0 0 0 0 0 0 1 0 0 0 0 0 0 1 0 0 0 0 0 0 0 0 0 0 0 0 0 0 0 0 0 0 0 0 0 0 0 0 0 0 0 0 0 0 0 0 0 0 0 0 0 0 0 0 0 0 0 0 0 0 0 0 0 0 0 0 0 0 0 0 0 0 0 0 0 0 0 0 0 0 0 0 0 0 0 0 0 0 0 0 0 0 0 0 0 0 0 0 0 0 0 0 0 0 0 0 0 0 0 0 0 0 0 0 0 0 0 0 0 0 0 0 0 0 0 0 0 0 0
0 0 0 0 0 0 0 0 0 0 0 1 0 0 0 0 0 0 0 0 0 0 0 0 0 0 0 0 0 0 0 0 0 0 0 0 0 0 0 0 0 0 0 0 0 0 0 0 0 0 0 0 0 0 0 0 0 0 0 0 0 0 0 0 0 0 0 0 0 0 0 0 0 0 0 0 0 0 0 0 0 0 0 0 0 0 0 0 0 0 0 0 0 0 0 0 0 0 0 0 0 0 0 0 0 0 0 0 0 0 0 0 0 0 0 0 0 0 0 0 0 0 0 0 0 0 0 0 0 0 0 0 0 0 0 0 0 0 0 0 0 0 0 0 0 0 0 0 0 0
0 0 0 0 0 0 0 0 0 1 0 0 0 0 0 0 0 0 0 0 0 0 0 0 0 0 0 0 0 0 0 0 0 0 0 0 0 0 0 0 0 0 0 0 0 0 0 0 0 0 0 0 0 0 0 0 0 0 0 0 0 0 0 0 0 0 0 0 0 0 0 0 0 0 0 0 0 0 0 0 0 0 0 0 0 0 0 0 0 0 0 0 0 0 0 0 0 0 0 0 0 0 0 0 0 0 0 0 0 0 0 0 0 0 0 0 0 0 0 0 0 0 0 0 0 0 0 0 0 0 0 0 0 0 0 0 0 0 0 0 0 0 0 0 0 0 0 0 0 0
0 0 0 0 0 0 0 0 0 0 1 0 0 0 0 0 0 0 0 0 0 0 0 0 0 0 0 0 0 0 0 0 0 0 0 0 0 0 0 0 0 0 0 0 0 0 0 0 0 0 0 0 0 0 0 0 0 0 0 0 0 0 0 0 0 0 0 0 0 0 0 0 0 0 0 0 0 0 0 0 0 0 0 0 0 0 0 0 0 0 0 0 0 0 0 0 0 0 0 0 0 0 0 0 0 0 0 0 0 0 0 0 0 0 0 0 0 0 0 0 0 0 0 0 0 0 0 0 0 0 0 0 0 0 0 0 0 0 0 0 0 0 0 0 0 0 0 0 0 0
0 0 0 0 0 0 0 0 5 9 0 0 0 0 0 0 0 0 0 0 0 0 0 0 0 0 0 0 0 0 0 0 0 0 0 0 0 0 0 0 0 0 0 0 0 0 0 0 0 0 5 0 0 0 0 0 0 0 0 0 0 0 0 0 0 0 0 0 0 0 0 0 0 0 0 0 0 0 0 0 0 0 0 0 0 0 0 0 0 0 0 0 0 0 0 0 0 0 0 0 0 0 0 0 0 0 0 0 0 0 0 0 0 0 0 0 0 0 0 0 0 0 0 0 0 0 0 0 0 0 0 0 0 0 0 0 0 0 0 0 0 0 0 0 0 0 0 0 0 0
0 0 0 0 0 1 14 2 1 0 0 0 0 0 0 0 0 0 0 0 0 0 0 0 0 0 0 0 0 0 0 0 0 0 0 0 0 0 0 0 0 0 0 0 0 0 0 0 0 19 51 0 0 0 0 0 0 0 0 0 0 0 0 0 0 0 0 0 0 0 0 0 0 0 0 0 0 0 0 0 0 0 0 0 0 0 0 0 0 0 0 0 0 0 0 0 0 0 0 0 0 0 0 0 0 0 0 0 0 0 0 0 0 0 0 0 0 0 0 0 0 0 0 0 0 0 0 0 0 0 0 0 0 0 0 0 0 0 0 0 0 0 0 0 0 0 0 0 0 0
0 0 0 0 0 0 1 1 0 0 0 0 0 0 0 0 0 0 0 0 0 0 0 0 0 0 0 0 0 0 0 0 0 0 0 0 0 0 0 0 0 0 0 0 0 0 0 0 0 0 0 0 1 0 0 0 0 0 0 0 0 0 0 0 0 0 0 0 0 0 0 0 0 0 0 0 0 0 0 0 0 0 0 0 0 0 0 0 0 0 0 0 0 0 0 0 0 0 0 0 0 0 0 0 0 0 0 0 0 0 0 0 0 0 0 0 0 0 0 0 0 0 0 0 0 0 0 0 0 0 0 0 0 0 0 0 0 0 0 0 0 0 0 0 0 0 0 0 0 0
0 0 0 0 0 0 0 0 0 0 0 0 0 0 0 0 0 0 0 0 0 0 0 0 0 0 0 0 0 0 0 0 0 0 0 0 0 0 0 0 0 0 0 0 0 0 0 0 0 0 0 0 1 2 0 0 0 0 0 0 0 0 0 0 0 0 0 0 0 0 0 0 0 0 0 0 0 0 0 0 0 0 0 0 0 0 0 0 0 0 0 0 0 0 0 0 0 0 0 0 0 0 0 0 0 0 0 0 0 0 0 0 0 0 0 0 0 0 0 0 0 0 0 0 0 0 0 0 0 0 0 0 0 0 0 0 0 0 0 0 0 0 0 0 0 0 0 0 0 0
0 0 0 0 0 0 0 0 0 0 0 0 0 0 0 0 0 0 0 0 0 0 0 0 0 0 0 0 0 0 0 0 0 0 0 0 0 0 0 0 0 0 0 0 0 0 0 0 0 0 0 0 0 8 0 0 0 0 0 0 0 0 0 0 0 0 0 0 0 0 0 0 0 0 0 0 0 0 0 0 0 0 0 0 0 0 0 0 0 0 0 0 0 0 0 0 0 0 0 0 0 0 0 0 0 0 0 0 0 0 0 0 0 0 0 0 0 0 0 0 0 0 0 0 0 0 0 0 0 0 0 0 0 0 0 0 0 0 0 0 0 0 0 0 0 0 0 0 0 0
0 0 0 0 0 0 0 0 0 0 0 0 0 0 0 0 0 0 0 0 0 0 0 0 0 0 0 0 0 0 0 0 0 0 0 0 0 0 0 0 0 0 0 0 0 0 0 0 0 0 0 0 1 0 0 0 0 0 0 0 0 0 0 0 0 0 0 0 0 0 0 0 0 0 0 0 0 0 0 0 0 0 0 0 0 0 0 0 0 0 0 0 0 0 0 0 0 0 0 0 0 0 0 0 0 0 0 0 0 0 0 0 0 0 0 0 0 0 0 0 0 0 0 0 0 0 0 0 0 0 0 0 0 0 0 0 0 0 0 0 0 0 0 0 0 0 0 0 0 0
0 0 0 0 0 0 0 0 0 0 0 0 0 0 0 0 0 0 0 0 0 0 0 0 0 0 0 0 0 0 0 0 0 0 0 0 0 0 0 0 0 0 0 0 0 0 0 0 0 0 0 0 0 0 0 0 0 0 0 0 0 0 0 0 0 0 0 0 0 0 0 0 0 0 0 0 0 0 0 0 0 0 0 0 0 0 0 0 0 0 0 0 0 0 0 0 0 0 0 0 0 0 0 0 0 0 0 0 0 0 0 0 0 0 0 0 0 0 0 0 0 0 0 0 0 0 0 0 0 0 0 0 0 0 0 0 0 0 0 0 0 0 0 0 0 0 0 0 0 0
0 0 0 0 0 0 0 0 0 0 0 0 0 0 0 0 0 0 0 0 0 0 0 0 0 0 0 0 0 0 2 0 0 0 0 0 0 0 0 0 0 0 0 0 0 0 0 0 0 0 0 0 0 0 0 0 0 0 0 0 0 0 0 0 0 0 0 0 0 0 0 0 0 0 0 0 0 0 0 0 0 0 0 0 0 0 0 0 0 0 0 0 0 0 0 0 0 0 0 0 0 0 0 0 0 0 0 0 0 0 0 0 0 0 0 0 0 0 0 0 0 0 0 0 0 0 0 0 0 0 0 0 0 0 0 0 0 0 0 0 0 0 0 0 0 0 0 0 0 0
0 0 0 0 0 0 0 0 0 0 0 0 0 0 0 0 0 0 0 0 0 0 0 0 0 0 0 0 0 0 0 8 1 0 0 0 0 0 0 0 0 0 0 0 0 0 0 0 0 0 0 0 0 0 0 0 0 0 0 0 0 0 0 0 0 0 0 0 0 0 0 0 0 0 0 0 0 0 0 0 0 0 0 0 0 0 0 0 0 0 0 0 0 0 0 0 0 0 0 0 0 0 0 0 0 0 0 0 0 0 0 0 0 0 0 0 0 0 0 0 0 0 0 0 0 0 0 0 0 0 0 0 0 0 0 0 0 0 0 0 0 0 0 0 0 0 0 0 0 0
0 0 0 0 0 0 0 0 0 0 0 0 0 0 0 0 0 0 0 0 0 0 0 0 0 0 0 0 0 0 2 4 0 0 0 0 0 0 0 0 0 0 0 0 0 0 0 0 0 0 0 0 0 0 0 0 0 0 0 0 0 0 0 0 0 0 0 0 0 0 0 0 0 0 0 0 0 0 0 0 0 0 0 0 0 0 0 0 0 0 0 0 0 0 0 0 0 0 0 0 0 0 0 0 0 0 0 0 0 0 0 0 0 0 0 0 0 0 0 0 0 0 0 0 0 0 0 0 0 0 0 0 0 0 0 0 0 0 0 0 0 0 0 0 0 0 0 0 0 0
0 0 0 0 0 0 0 0 0 0 0 0 0 0 0 0 0 0 0 0 0 0 0 0 0 0 0 0 0 0 0 0 0 0 0 0 0 0 0 0 0 0 0 0 0 0 0 0 0 0 0 0 0 0 0 0 0 0 0 0 0 0 0 0 0 0 0 0 0 0 0 0 0 0 0 0 0 0 0 0 0 0 0 0 0 0 0 0 0 0 0 0 0 0 0 0 0 0 0 0 0 0 0 0 0 0 0 0 0 0 0 0 0 0 0 0 0 0 0 0 0 0 0 0 0 0 0 0 0 0 0 0 0 0 0 0 0 0 0 0 0 0 0 0 0 0 0 0 0 0
0 0 0 0 0 0 0 0 0 0 0 0 0 0 0 0 0 0 0 0 0 0 0 0 0 0 0 0 0 16 19 0 0 0 0 0 0 0 0 0 0 0 0 0 0 0 0 0 0 0 1 0 0 0 0 0 0 0 0 0 0 0 0 0 0 0 0 0 0 0 0 0 0 0 0 0 0 0 0 0 0 0 0 0 0 0 0 0 0 0 0 0 0 0 0 0 0 0 0 0 0 0 0 0 0 0 0 0 0 0 0 0 0 0 0 0 0 0 0 0 0 0 0 0 0 0 0 0 0 0 0 0 0 0 0 0 0 0 0 0 0 0 0 0 0 0 0 0 0 0
0 0 0 0 0 0 0 0 0 0 0 0 0 0 0 0 0 0 0 0 0 0 0 0 0 0 1 0 0 0 0 0 0 0 0 0 0 0 0 0 0 0 0 0 0 0 0 0 1 14 0 0 0 0 0 0 0 0 0 0 0 0 0 0 0 0 0 0 0 0 0 0 0 0 0 0 0 0 0 0 0 0 0 0 0 0 0 0 0 0 0 0 0 0 0 0 0 0 0 0 0 0 0 0 0 0 0 0 0 0 0 0 0 0 0 0 0 0 0 0 0 0 0 0 0 0 0 0 0 0 0 0 0 0 0 0 0 0 0 0 0 0 0 0 0 0 0 0 0 0
0 0 0 0 0 0 0 0 0 0 0 0 0 0 0 0 0 0 0 0 0 0 0 0 0 0 13 0 0 0 0 0 0 0 0 0 0 0 0 0 0 0 0 0 0 0 0 0 1 0 0 0 0 0 0 0 0 0 0 0 0 0 0 0 0 0 0 0 0 0 0 0 0 0 0 0 0 0 0 0 0 0 0 0 0 0 0 0 0 0 0 0 0 0 0 0 0 0 0 0 0 0 0 0 0 0 0 0 0 0 0 0 0 0 0 0 0 0 0 0 0 0 0 0 0 0 0 0 0 0 0 0 0 0 0 0 0 0 0 0 0 0 0 0 0 0 0 0 0 0
0 0 0 0 0 0 0 0 0 0 0 0 0 0 0 0 0 0 0 0 0 0 0 0 0 0 0 0 6 0 0 0 0 0 0 0 0 0 0 0 0 0 0 0 0 0 0 0 0 0 0 0 0 0 0 0 0 0 0 0 0 0 0 0 0 0 0 0 0 0 0 0 0 0 0 0 0 0 0 0 0 0 0 0 0 0 0 0 0 0 0 0 0 0 0 0 0 0 0 0 0 0 0 0 0 0 0 0 0 0 0 0 0 0 0 0 0 0 0 0 0 0 0 0 0 0 0 0 0 0 0 0 0 0 0 0 0 0 0 0 0 0 0 0 0 0 0 0 0 0
0 0 0 0 0 0 0 0 0 0 0 0 0 0 0 0 0 0 0 0 0 0 0 0 0 0 0 0 0 0 0 0 0 0 0 0 0 0 0 0 0 0 0 0 0 0 0 0 0 0 0 0 0 0 0 0 0 0 0 0 0 0 0 0 0 0 0 0 0 0 0 0 0 0 0 0 0 0 0 0 0 0 0 0 0 0 0 0 0 0 0 0 0 0 0 0 0 0 0 0 0 0 0 0 0 0 0 0 0 0 0 0 0 0 0 0 0 0 0 0 0 0 0 0 0 0 0 0 0 0 0 0 0 0 0 0 0 0 0 0 0 0 0 0 0 0 0 0 0 0
0 0 0 0 0 0 0 0 0 0 0 0 0 0 0 0 0 0 0 0 0 0 0 0 0 0 0 0 0 0 0 0 0 0 0 0 0 0 0 0 0 0 0 0 0 0 0 0 0 0 0 0 0 0 0 0 0 0 0 0 0 0 0 0 0 0 0 0 0 0 0 0 0 0 0 0 0 0 0 0 0 0 0 0 0 0 0 0 0 0 0 0 0 0 0 0 0 0 0 0 0 0 0 0 0 0 0 0 0 0 0 0 0 0 0 0 0 0 0 0 0 0 0 0 0 0 0 0 0 0 0 0 0 0 0 0 0 0 0 0 0 0 0 0 0 0 0 0 0 0
0 0 0 0 0 0 0 0 0 0 0 0 0 0 0 0 0 0 0 0 0 0 0 0 0 0 0 0 0 0 0 0 0 0 0 0 0 0 0 0 0 0 0 0 0 0 0 0 0 0 0 0 0 0 0 0 0 0 0 0 0 0 0 0 0 0 0 0 0 0 0 0 0 0 0 0 0 0 0 0 0 0 0 0 0 0 0 0 0 0 0 0 0 0 0 0 0 0 0 0 0 0 0 0 0 0 0 0 0 0 0 0 0 0 0 0 0 0 0 0 0 0 0 0 0 0 0 0 0 0 0 0 0 0 0 0 0 0 0 0 0 0 0 0 0 0 0 0 0 0
0 0 0 0 0 0 0 0 0 0 0 0 0 0 0 0 0 0 0 0 0 0 0 0 0 0 0 0 0 0 0 0 0 0 0 0 0 0 0 0 0 0 0 0 0 0 0 0 0 0 0 0 0 0 0 0 0 0 0 0 0 0 0 0 0 0 0 0 0 0 0 0 0 0 0 0 0 0 0 0 0 0 0 0 0 0 0 0 0 0 0 0 0 0 0 0 0 0 0 0 0 0 0 0 0 0 0 0 0 0 0 0 0 0 0 0 0 0 0 0 0 0 0 0 0 0 0 0 0 0 0 0 0 0 0 0 0 0 0 0 0 0 0 0 0 0 0 0 0 0
0 0 0 0 0 0 0 0 0 0 0 0 0 0 0 0 0 0 0 0 0 0 0 0 0 0 0 0 0 0 0 0 0 0 0 0 0 0 0 0 0 0 0 0 0 0 0 0 0 0 0 0 0 0 0 0 0 0 0 0 0 0 0 0 0 0 0 0 0 0 0 0 0 0 0 0 0 0 0 0 0 0 0 0 0 0 0 0 0 0 0 0 0 0 0 0 0 0 0 0 0 0 0 0 0 0 0 0 0 0 0 0 0 0 0 0 0 0 0 0 0 0 0 0 0 0 0 0 0 0 0 0 0 0 0 0 0 0 0 0 0 0 0 0 0 0 0 0 0 0
