0 1 17 1 0 0 2 0 2 29 2 6 0 1 0 0 0 0 0 0 0 1 0 0 0 10 0 1 0 0 0 0 1 0 5 1 0 0 1 0 12 0 0 0 2 0 0 0 0 0 0 0 0 0 0 0 0 0 0 4 25 12 2 2 0 0 1 1 0 0 0 2 11 64 77 279 35 8 32 9 9 106 62 59 50 145 105 122 20 99 502 360 40 436 202 378 494 290 413 83 102 59 11 16 15 27 21 126 136 6 23 5 6 46 47 19 27 1 0 0 2 22 8 6 1 5 0 2 3 4 0 9 5 3 2 0 0 1 0 0 0 0 0 0 0 0 0 0 0 11
0 4 3 2 0 0 0 0 0 10 4 8 1 3 0 0 0 4 24 0 0 0 21 0 9 10 0 1 0 0 0 0 0 0 6 3 0 0 3 1 0 0 1 0 0 0 0 0 0 0 0 0 0 0 4 0 0 0 0 32 59 10 3 3 1 0 0 0 1 0 0 0 32 25 13 0 28 43 3 13 35 24 0 2 35 112 169 103 128 220 42 11 120 135 101 103 194 283 537 275 129 87 24 9 23 6 1 13 19 10 10 8 0 6 30 22 3 3 0 11 1 1 13 10 5 2 0 3 13 10 13 3 41 37 0 0 0 0 1 44 1 0 0 0 0 0 0 0 0 0
1 0 0 0 2 0 0 0 3 5 1 1 14 4 0 0 0 1 1 0 1 12 60 11 4 0 1 1 0 0 0 0 0 0 0 1 0 2 0 8 5 0 0 1 0 0 0 0 0 0 0 0 0 0 3 0 1 0 1 3 12 15 0 2 0 0 0 0 0 0 0 0 0 0 0 0 0 17 31 105 90 14 3 9 16 130 316 131 0 4 27 18 27 177 269 392 85 241 131 280 273 163 7 35 12 15 0 13 118 113 30 4 4 1 0 0 4 14 5 19 22 10 4 6 1 4 2 1 1 8 5 6 40 62 0 0 0 0 1 80 7 0 0 0 0 0 0 0 0 0
12 0 0 0 0 0 0 0 0 0 4 0 0 0 0 1 0 0 3 2 0 0 3 22 2 0 1 8 3 0 2 0 0 0 0 2 0 0 0 3 0 0 0 0 0 0 0 0 0 0 3 0 2 0 43 7 0 16 15 1 0 1 5 5 0 0 0 0 0 0 4 76 4 0 0 1 9 26 110 71 66 16 27 60 76 9 27 74 1 78 343 369 704 294 415 196 74 85 262 169 215 256 96 4 5 67 3 14 135 30 14 11 28 3 0 2 15 30 26 7 18 28 16 7 0 1 0 1 10 2 1 50 15 0 1 0 12 0 0 7 33 6 0 0 0 0 0 0 0 0
1 14 0 0 0 0 0 0 0 1 0 0 0 0 0 4 2 3 2 0 0 0 4 0 0 0 0 0 0 0 0 0 1 0 0 10 5 0 1 0 0 0 0 0 0 0 0 0 0 2 0 0 0 0 23 129 26 24 2 0 1 1 0 6 0 0 0 0 2 2 52 31 47 52 22 28 49 111 130 76 121 132 134 54 152 57 29 31 9 228 676 223 227 462 158 132 29 372 132 385 392 350 395 321 635 48 48 8 0 6 9 25 19 10 2 0 15 9 23 25 122 378 75 9 2 0 3 0 5 2 1 0 0 0 1 0 0 0 0 2 23 3 0 1 0 0 0 0 0 0
13 4 0 0 0 0 0 0 5 1 3 0 0 0 0 4 2 1 13 13 0 2 0 0 0 0 0 0 0 2 0 0 0 0 4 28 18 28 0 0 0 0 0 0 0 0 0 0 0 1 19 10 0 1 3 233 11 15 7 1 0 0 0 2 0 0 0 0 6 29 90 96 60 66 40 13 20 15 43 129 259 313 146 40 0 90 32 14 0 132 862 340 28 117 338 247 48 736 373 372 230 191 546 261 31 73 13 21 3 0 0 3 3 10 2 7 6 7 0 2 43 62 1 1 4 3 0 2 3 0 2 0 0 0 0 1 2 0 0 0 5 4 0 0 0 0 0 0 0 0
1 0 0 1 0 0 0 0 2 3 2 0 0 1 0 0 0 0 0 0 0 1 1 0 0 0 0 0 0 0 0 0 0 0 0 5 0 3 5 0 0 0 0 0 0 0 0 0 0 2 2 1 9 4 0 11 10 0 24 30 0 0 0 0 12 0 0 0 5 38 21 36 121 170 131 64 190 56 165 239 345 306 474 292 38 4 1 141 132 34 626 446 31 152 319 180 154 200 324 29 11 149 52 38 8 17 52 5 1 0 24 86 68 9 17 8 2 3 15 16 38 40 3 0 3 4 9 4 0 0 3 0 0 0 0 0 0 2 0 0 0 0 0 0 0 0 0 0 0 0
1 0 0 2 0 0 0 0 0 0 0 0 0 0 0 0 0 0 0 0 0 0 0 0 0 0 0 0 0 0 5 0 0 0 0 1 0 1 0 1 0 0 0 0 0 0 0 0 0 0 0 0 7 9 16 2 0 21 36 18 40 21 21 0 13 24 0 0 5 34 4 1 7 20 36 18 49 83 291 488 395 275 358 118 128 54 91 268 80 63 207 24 14 159 166 139 106 406 366 104 69 182 157 218 61 75 7 14 55 25 260 184 21 27 22 19 1 0 2 3 15 4 5 3 3 0 6 2 0 0 0 0 0 0 0 0 0 0 0 0 0 0 0 0 0 0 0 0 0 0
1 0 0 0 0 0 1 0 1 1 0 0 0 4 4 0 0 0 0 0 0 0 0 0 0 0 0 0 0 0 6 0 0 0 0 0 0 0 0 1 0 0 0 0 0 0 0 0 0 0 0 0 2 6 0 0 0 9 16 51 126 123 7 1 0 10 2 5 0 17 0 0 0 3 0 5 0 26 54 205 376 456 297 24 1 11 106 137 170 10 3 1 170 485 606 663 46 201 144 83 130 38 46 124 346 69 80 114 27 31 359 60 56 1 3 7 2 26 5 0 3 3 4 4 4 1 0 3 0 0 2 0 0 0 0 0 0 0 0 0 0 0 0 0 0 0 0 0 0 0
0 0 0 0 0 0 1 20 6 7 0 0 0 1 0 0 0 0 0 0 0 0 0 0 0 0 0 0 0 0 0 0 0 0 0 0 0 1 1 0 0 0 0 0 0 0 1 0 4 2 2 0 3 7 0 0 0 1 0 11 21 87 9 8 3 1 0 1 1 2 0 0 0 0 0 5 6 21 109 266 619 230 327 168 476 480 138 23 71 82 25 0 0 232 446 937 334 34 43 11 33 47 20 5 27 173 135 102 30 6 224 324 69 3 3 97 119 264 84 16 12 3 20 14 16 11 6 2 3 7 144 7 0 0 0 0 0 0 0 0 0 0 0 0 0 0 0 0 0 0
0 0 6 0 0 0 3 0 4 2 2 2 0 0 0 3 1 2 0 0 0 0 0 0 0 0 0 0 0 0 0 1 0 0 0 2 0 0 0 0 4 3 0 1 0 0 1 4 12 14 5 4 182 0 0 0 1 11 9 9 1 64 1 5 0 0 0 0 0 1 0 0 0 0 0 0 1 6 22 141 199 113 261 102 131 161 86 138 191 98 14 0 24 59 170 343 413 31 7 35 19 7 1 10 47 128 311 171 112 56 216 40 75 14 4 73 178 285 145 72 116 82 120 31 52 231 48 37 15 26 0 46 7 13 4 0 0 0 0 0 0 0 0 0 0 0 0 0 0 0
1 0 1 0 0 0 0 0 6 2 0 0 0 0 0 0 4 3 1 0 2 0 0 0 0 0 0 0 0 0 0 0 1 2 1 0 0 0 0 0 0 9 4 1 4 0 2 0 0 0 0 0 1 1 3 0 2 0 0 1 4 3 0 0 2 4 0 0 0 0 4 0 0 0 0 0 15 8 71 213 260 72 12 17 47 61 8 7 66 257 31 0 0 0 3 69 302 166 86 6 0 3 11 10 9 56 175 122 9 19 87 87 26 44 10 90 364 71 225 430 108 158 73 49 73 94 3 0 0 17 1 0 64 41 6 0 0 0 0 0 0 0 0 0 0 0 0 0 0 0
0 0 0 0 0 0 1 0 2 0 0 0 0 0 0 0 0 4 4 13 1 0 0 0 0 0 0 0 0 0 1 0 0 0 0 0 0 0 0 0 0 3 27 0 10 0 1 5 0 0 0 0 1 0 3 0 0 0 0 0 0 0 1 0 0 0 0 1 0 1 12 0 0 0 0 23 60 38 199 28 68 96 7 0 9 2 5 0 0 2 1 0 2 16 47 5 264 132 225 186 6 2 20 2 5 2 1 57 151 174 445 235 68 378 112 6 7 43 518 448 48 94 48 0 25 40 13 0 18 24 0 0 12 11 0 0 0 0 0 0 0 0 0 0 0 0 0 0 0 0
0 0 0 0 0 0 3 1 0 2 0 0 0 0 0 0 0 1 46 8 4 3 0 1 0 0 0 0 0 0 8 0 0 0 0 0 0 0 0 0 0 0 0 37 26 0 0 0 0 0 0 19 0 0 0 0 0 0 0 0 8 11 1 1 0 0 14 6 5 7 20 0 0 1 1 120 422 198 118 10 23 200 23 2 4 76 9 1 0 10 2 0 0 54 9 9 44 275 91 115 0 8 204 73 219 41 43 172 76 266 465 572 283 116 105 134 94 93 381 228 67 28 0 2 0 2 10 0 6 0 0 0 0 0 0 0 0 0 0 0 0 0 0 0 0 0 0 0 0 0
0 0 0 0 0 0 0 0 3 1 0 0 0 0 0 0 0 0 0 2 1 0 0 0 1 0 0 0 0 2 0 0 0 0 0 0 0 0 0 0 0 0 0 5 11 0 0 1 0 11 3 17 2 0 0 0 3 3 3 9 40 8 5 15 4 3 55 46 94 72 13 3 1 0 36 339 527 570 297 1 2 108 18 0 0 6 0 7 0 15 2 8 3 1 0 0 27 184 92 144 5 20 195 198 880 518 826 690 658 341 362 186 189 365 217 62 69 52 35 35 61 67 5 9 0 7 17 2 8 8 0 0 0 0 0 0 0 0 0 0 0 0 0 0 0 0 0 0 0 0
0 0 0 0 0 0 0 10 1 0 0 0 0 0 0 0 0 0 0 9 0 5 11 1 0 0 0 0 0 0 0 0 0 0 0 0 0 0 0 0 0 3 0 0 1 12 0 0 0 10 36 64 1 1 0 4 18 31 3 35 16 11 2 15 7 39 49 41 32 75 125 21 63 73 284 396 774 560 24 1 2 0 0 0 0 0 8 131 2 14 2 8 0 0 0 8 23 9 11 16 9 1 507 349 290 449 490 116 329 363 411 239 263 121 172 38 36 40 49 29 7 0 63 136 29 48 1 0 4 0 0 0 0 0 12 1 0 0 0 0 0 0 0 0 0 0 0 0 0 0
0 0 0 0 0 0 3 3 0 0 0 0 0 0 0 0 4 3 1 0 2 0 2 12 13 4 1 0 0 0 0 0 0 0 0 0 0 0 0 0 0 0 2 0 0 9 0 3 0 3 10 5 1 14 0 11 23 82 37 26 6 0 8 0 3 3 0 0 0 0 0 2 89 26 110 183 247 107 67 0 0 0 0 0 0 0 0 15 29 8 1 0 3 0 0 5 13 0 11 43 3 151 469 282 201 118 166 96 162 250 324 186 325 113 138 38 17 26 81 9 0 0 19 8 7 133 0 8 1 0 0 0 0 0 0 0 0 0 0 0 0 0 0 0 0 0 0 0 0 0
0 0 0 0 0 2 0 0 0 0 0 0 1 0 0 0 0 2 0 3 1 0 3 0 10 0 2 6 2 9 0 0 0 0 0 0 1 0 0 0 0 0 0 0 0 7 30 23 0 14 23 20 3 26 14 17 20 29 218 12 1 1 0 0 3 2 58 20 1 14 32 4 45 6 27 40 19 67 7 5 0 0 2 0 0 0 0 2 53 1 0 9 35 31 13 0 0 0 12 248 112 143 69 43 57 273 67 266 210 158 71 30 40 79 47 19 40 102 8 2 0 1 3 5 74 267 93 5 2 2 0 0 0 0 0 0 0 0 0 0 0 0 0 0 0 0 0 0 0 0
0 0 0 0 3 1 0 0 0 0 0 0 3 0 0 0 0 0 0 0 0 4 4 0 2 1 25 27 13 0 0 0 0 0 0 10 2 0 0 0 0 0 2 11 13 9 8 22 12 145 49 5 11 14 2 30 78 44 25 14 16 18 0 0 0 2 2 0 1 11 15 7 17 2 0 34 29 18 3 6 6 0 3 8 0 4 5 21 0 0 0 12 37 143 19 0 0 21 97 9 61 110 22 4 29 65 76 144 207 1 0 33 3 172 24 0 4 0 0 0 0 0 3 0 26 93 111 135 1 0 0 0 0 0 0 0 0 0 0 0 0 0 0 0 0 0 0 0 0 0
0 0 0 0 0 0 0 0 0 0 0 1 0 0 1 0 0 0 1 2 0 4 16 0 1 2 4 59 92 1 0 0 3 0 1 0 0 0 0 0 0 2 9 16 9 55 44 14 3 57 13 1 0 2 33 3 12 45 0 0 1 5 0 0 0 0 0 0 8 3 19 5 0 0 1 18 9 0 0 1 0 0 0 0 0 15 5 1 8 1 1 12 2 1 1 5 0 1 2 2 384 485 341 50 37 52 60 202 72 1 0 0 0 74 12 0 0 0 0 0 0 0 1 2 4 0 11 52 6 0 0 0 0 0 0 0 0 0 0 0 0 0 0 0 0 0 0 0 0 0
0 0 0 0 0 1 0 0 0 0 0 0 0 0 0 0 0 0 3 1 0 3 5 2 0 26 8 2 0 1 0 4 8 0 2 0 0 0 0 4 2 3 9 2 4 2 0 10 24 91 150 36 6 20 7 6 6 1 6 0 0 2 16 17 88 43 10 0 6 4 49 16 0 0 3 51 82 30 0 17 1 6 2 0 0 1 0 1 12 3 5 0 0 0 0 0 0 0 207 246 786 588 259 57 1 13 40 46 0 0 0 0 0 6 0 0 0 0 0 0 0 0 4 1 0 0 12 12 0 0 0 0 0 0 0 0 0 0 0 0 0 0 0 0 0 0 0 0 0 0
0 0 0 0 0 0 0 0 0 0 0 0 0 3 1 0 0 0 0 0 5 1 4 2 0 3 0 0 0 0 13 35 10 0 0 0 0 4 0 0 17 10 0 0 0 0 7 29 136 414 152 99 23 0 1 2 1 3 0 0 1 2 1 0 3 6 19 2 1 28 7 6 6 0 1 3 54 32 13 31 17 18 8 15 1 2 2 5 186 64 10 6 0 0 2 5 0 1 43 232 99 35 12 1 2 0 45 24 3 0 0 0 1 26 0 0 0 0 0 0 0 0 0 0 0 28 15 0 0 2 1 0 0 0 0 0 0 0 0 0 0 0 0 0 0 0 0 0 0 0
0 0 0 2 0 0 0 0 0 0 0 0 0 0 0 0 0 0 0 0 1 0 7 0 0 0 0 0 0 0 0 2 21 5 1 0 5 53 2 11 0 0 0 0 0 0 16 7 7 197 111 38 3 0 0 0 0 0 0 2 2 0 0 0 12 0 17 3 0 4 8 13 18 20 0 0 3 0 9 8 0 20 18 0 0 7 3 0 0 0 0 0 0 5 0 0 3 0 0 0 2 1 19 21 24 15 19 38 40 41 24 6 22 0 0 0 0 0 0 0 0 0 0 7 20 18 33 0 0 0 0 0 0 0 0 0 0 0 0 0 0 0 0 0 0 0 0 0 0 0
0 0 1 0 0 0 0 0 0 0 0 0 0 2 0 0 3 5 0 0 0 0 0 1 0 0 0 0 0 2 0 3 7 2 0 1 1 3 4 0 0 0 0 0 3 38 7 17 6 62 43 6 2 3 2 0 7 7 0 0 0 0 0 0 0 0 1 0 0 0 3 2 55 49 1 6 0 0 0 1 0 6 31 82 2 0 0 0 0 0 0 0 0 2 0 1 0 0 0 3 0 0 4 38 24 15 3 0 0 13 3 169 5 0 0 0 0 0 0 0 0 0 2 8 7 4 15 25 2 0 0 0 0 0 0 0 0 0 0 0 0 0 0 0 0 0 0 0 0 0
0 0 0 0 0 0 0 0 0 0 0 0 0 0 0 0 0 1 0 0 2 0 0 0 0 1 2 0 0 1 0 2 1 6 27 0 0 65 0 0 0 0 0 5 8 24 30 1 5 13 39 13 9 7 12 1 0 1 0 0 0 0 0 0 2 0 0 16 5 2 3 0 4 1 11 5 0 0 0 0 0 1 1 26 7 1 0 0 0 10 2 1 0 0 1 0 0 0 0 11 2 2 5 21 261 0 0 0 0 0 0 1 0 0 0 0 0 0 0 0 0 0 0 0 0 16 14 3 0 0 0 0 0 0 0 0 0 1 0 0 0 0 0 0 0 0 0 0 0 0
0 0 0 0 0 0 0 0 0 0 0 0 0 0 3 0 0 1 0 0 0 1 0 0 0 0 1 0 0 0 0 0 4 5 21 0 0 7 2 0 0 0 0 2 30 2 0 1 2 2 24 5 0 2 0 0 0 0 0 0 0 0 0 0 6 4 0 1 1 1 2 8 0 3 1 2 7 0 0 0 0 0 1 2 0 5 0 7 0 5 0 0 1 0 4 17 0 1 2 3 2 6 4 56 121 117 0 1 0 0 0 1 1 0 3 2 0 0 0 0 0 0 0 0 0 9 1 14 0 0 0 0 0 0 0 0 6 20 0 0 0 0 0 0 0 0 0 0 0 0
0 0 0 0 0 0 0 0 0 0 1 0 0 0 4 1 0 7 2 0 1 11 0 2 0 0 0 30 3 0 0 2 0 6 18 0 0 1 1 0 0 1 0 10 16 11 5 0 3 4 14 7 1 1 0 1 0 1 0 0 0 0 0 2 2 0 0 0 2 0 3 5 0 0 1 0 6 0 0 0 0 1 18 0 0 6 7 8 0 7 9 0 0 0 0 9 0 0 0 1 5 10 0 0 32 112 24 0 0 0 0 0 0 2 4 2 0 0 1 0 0 0 0 0 3 47 3 8 0 0 0 0 0 0 0 0 0 6 0 0 0 0 0 0 0 0 0 0 0 0
0 0 0 0 0 0 0 0 0 0 0 0 0 20 1 0 5 23 2 0 2 17 4 0 0 0 0 0 0 1 1 0 0 8 1 0 1 4 4 4 9 9 6 53 78 4 7 0 8 3 0 11 11 2 1 1 0 0 0 0 0 0 0 1 0 0 0 0 2 22 44 16 4 1 0 0 0 6 0 0 0 0 0 0 0 0 1 5 4 0 3 0 0 5 1 0 0 0 0 1 0 4 10 0 9 416 245 10 0 0 0 0 0 1 0 0 0 49 35 2 0 0 0 22 16 19 55 71 48 12 0 0 0 0 0 2 0 3 0 0 0 0 0 0 0 0 0 0 0 0
0 0 0 0 0 0 0 0 1 1 0 1 3 4 4 4 13 31 0 3 3 1 3 7 0 0 0 1 1 3 3 2 7 2 3 9 1 4 18 63 89 411 144 121 26 9 0 1 1 0 0 1 16 14 0 0 0 0 0 0 0 0 0 0 0 0 0 0 0 2 7 16 2 0 0 0 1 2 0 0 0 4 1 0 1 0 0 0 8 3 0 1 0 3 12 11 0 0 0 0 0 0 13 3 79 171 116 147 0 0 0 0 0 0 0 0 126 24 7 0 0 0 5 77 85 94 340 228 9 6 0 0 0 21 0 1 0 0 0 0 0 0 0 0 0 0 0 0 0 0
0 0 0 0 0 0 0 1 5 5 8 25 16 0 0 0 3 5 1 0 1 0 5 14 1 1 1 0 0 1 2 0 0 4 27 14 0 0 48 134 297 515 278 439 30 0 5 3 3 0 4 1 34 49 5 7 0 0 0 0 1 0 0 0 0 0 0 0 0 0 0 0 0 0 0 1 1 1 8 0 0 0 1 1 9 0 0 0 0 6 0 4 3 11 0 11 1 0 0 0 0 62 16 3 5 40 2 41 8 0 0 0 0 0 19 12 429 145 18 30 4 5 0 41 44 13 294 229 154 60 4 36 7 42 1 0 0 0 0 0 0 0 0 0 0 0 0 0 0 0
0 0 0 0 0 0 0 0 3 1 2 1 1 0 3 5 0 0 6 4 0 0 93 17 0 0 0 0 0 0 1 3 1 3 79 15 4 10 25 38 348 182 243 104 10 4 27 0 1 3 1 5 3 4 0 0 0 0 0 0 0 0 0 0 0 0 0 0 0 0 0 0 0 0 0 0 2 3 6 0 1 7 4 2 21 0 0 1 11 4 1 0 0 6 0 0 1 3 2 0 0 1 0 4 0 0 0 2 6 0 2 0 1 0 14 469 232 156 69 46 109 25 55 1 0 2 58 85 0 17 1 98 201 27 6 0 0 0 0 0 0 0 0 0 0 0 0 0 0 0
0 0 0 0 0 0 0 0 1 1 2 4 2 4 0 4 0 0 11 10 196 35 14 0 0 0 0 0 0 26 2 1 7 13 14 3 0 2 0 57 326 172 192 77 25 11 3 0 0 5 1 3 6 3 1 3 0 1 0 0 0 0 0 0 0 0 0 0 0 0 0 0 0 0 0 0 0 4 6 1 6 5 10 77 20 0 0 0 0 0 0 1 1 0 1 0 3 1 0 0 0 0 0 1 4 4 1 8 79 62 173 170 58 41 204 363 177 109 23 183 41 55 12 5 46 69 22 74 11 0 17 103 125 11 14 1 0 0 0 0 0 0 0 0 0 0 0 0 0 0
0 0 1 0 0 0 0 4 0 0 1 12 0 6 0 2 1 2 2 9 66 0 0 0 0 0 0 0 0 2 0 4 0 5 0 3 1 2 1 5 21 51 17 6 2 0 0 0 0 1 1 3 23 0 1 2 0 2 0 0 0 0 0 0 0 0 0 0 0 0 0 0 0 0 0 14 0 15 1 3 1 1 5 4 0 0 0 0 2 0 2 0 0 7 2 5 2 0 0 0 7 0 0 0 0 6 7 13 83 37 68 50 48 119 914 317 109 109 37 166 62 1 0 17 4 36 31 0 0 0 23 96 0 0 0 0 0 0 0 0 0 0 0 0 0 0 0 0 0 0
0 0 0 0 0 26 8 4 2 3 2 0 0 4 5 4 0 1 17 31 17 0 0 0 0 0 0 0 3 1 13 6 3 2 5 0 0 0 4 2 5 6 6 1 0 2 0 0 0 3 0 14 110 3 4 15 8 3 1 0 0 0 0 0 0 0 0 0 0 0 0 0 0 0 0 0 1 3 4 0 0 0 2 0 0 0 0 0 2 0 0 0 4 10 5 0 3 1 0 0 2 0 0 0 0 0 4 51 16 2 0 7 30 90 154 283 58 141 45 44 159 0 3 0 0 0 0 0 0 0 1 48 1 0 0 0 0 0 0 0 0 0 0 0 0 0 0 0 0 0
0 0 0 0 0 0 1 1 2 1 0 0 1 7 1 2 12 6 10 0 6 1 0 0 0 0 0 15 11 7 17 25 10 0 2 5 3 2 6 3 6 9 3 3 0 0 4 0 0 0 2 4 81 53 2 8 0 0 0 0 0 0 0 0 0 0 0 0 0 0 0 0 0 0 0 0 8 2 0 0 0 0 0 0 0 0 0 0 5 0 16 3 15 26 3 5 1 2 0 6 0 0 0 1 1 0 1 30 273 3 0 0 2 0 0 0 3 21 216 212 28 0 0 0 0 0 0 0 0 0 0 0 22 0 0 0 0 0 0 0 0 0 0 0 0 0 0 0 0 0
0 0 2 2 1 0 3 23 2 4 10 4 3 0 1 60 25 9 0 9 1 0 0 0 1 0 0 2 1 3 6 1 5 2 0 0 2 0 0 3 9 1 2 2 0 0 0 0 0 0 0 13 2 17 1 2 0 0 0 0 0 0 0 0 0 0 0 0 0 0 0 0 0 0 0 0 1 9 1 0 0 0 1 0 0 0 0 0 6 0 8 0 0 16 0 1 0 1 9 4 0 0 1 0 2 15 6 10 78 0 0 0 0 0 2 0 0 1 33 97 195 74 0 0 0 32 0 0 0 27 35 27 29 3 0 0 0 0 0 0 0 0 0 0 0 0 0 0 0 0
0 0 0 0 0 5 4 0 0 0 9 2 0 2 22 36 19 13 6 0 0 0 1 9 2 6 3 0 0 1 0 0 1 0 1 2 0 0 0 3 2 14 15 3 1 3 2 0 0 0 1 20 14 23 15 6 0 0 0 1 0 0 0 0 0 0 0 0 0 0 0 0 0 2 0 0 0 11 37 2 0 3 0 0 0 0 1 37 5 0 2 0 0 1 0 5 0 3 3 4 14 2 10 2 3 2 12 19 26 3 0 0 0 8 28 37 111 219 45 113 262 69 0 4 181 29 0 0 0 56 145 0 0 0 0 0 0 0 0 0 0 0 0 0 0 0 0 0 0 0
0 0 0 0 0 0 2 1 1 2 2 45 11 7 0 1 0 6 1 0 0 0 1 3 1 1 0 1 20 1 0 0 0 0 1 0 1 0 1 0 1 6 11 2 2 2 7 0 0 0 2 30 2 0 1 2 0 0 2 0 0 0 0 0 0 0 0 0 0 0 0 0 0 0 0 1 0 19 19 2 0 0 0 0 0 0 1 6 0 0 2 0 0 2 0 0 1 0 1 0 0 1 1 0 5 0 2 18 11 6 0 0 0 0 81 239 366 242 25 14 49 59 56 103 61 1 0 0 4 166 71 0 0 0 0 0 0 0 0 0 0 0 0 0 0 0 0 0 0 0
0 0 3 0 0 0 1 2 0 0 5 12 1 0 0 0 0 0 2 6 2 0 0 1 3 0 0 5 3 0 0 0 0 0 0 0 0 1 3 0 0 0 0 0 1 2 0 1 0 0 0 95 4 0 4 0 0 0 1 0 0 1 0 0 0 0 0 0 0 0 0 0 0 0 0 0 0 3 59 22 15 5 21 0 0 0 0 0 0 0 0 0 0 13 0 0 0 0 0 2 3 1 1 3 3 24 1 5 13 0 0 0 7 15 17 16 3 18 177 147 16 145 271 296 193 85 38 47 306 639 283 4 0 0 0 0 0 0 0 0 0 0 0 0 0 0 0 0 0 0
0 0 1 0 0 2 0 3 0 5 12 2 1 12 5 3 3 2 0 0 0 0 0 0 0 25 4 0 0 0 0 1 7 0 2 0 0 0 1 6 3 2 3 0 0 0 7 0 0 2 6 206 18 5 0 4 0 3 0 0 0 0 0 0 0 0 0 0 0 0 0 0 0 0 0 0 3 12 18 1 0 18 11 0 0 0 0 0 6 4 0 0 0 12 8 9 5 1 0 0 9 0 0 3 13 10 0 0 33 27 2 0 3 4 2 6 4 113 100 287 316 267 413 234 633 369 254 276 358 318 196 3 0 0 0 0 0 0 0 0 0 0 0 0 0 0 0 0 0 0
0 1 0 0 0 0 0 0 83 5 1 0 1 2 5 15 1 6 0 0 0 0 0 0 4 4 2 1 1 0 1 1 0 1 3 1 6 1 5 0 2 0 5 0 1 0 0 0 1 18 323 334 5 78 12 2 1 0 0 2 2 0 0 0 0 0 0 0 0 0 0 0 0 0 0 0 0 0 2 1 0 1 1 0 0 0 0 0 3 0 0 2 5 0 0 0 0 0 1 2 4 4 2 1 21 10 11 24 0 2 14 4 2 5 6 1 2 20 216 742 885 392 142 789 815 268 92 323 247 4 16 9 0 0 0 0 0 0 0 0 0 0 0 0 0 0 0 0 0 0
0 2 0 1 3 3 2 0 15 1 1 3 1 5 0 0 1 6 0 0 0 0 0 0 1 0 1 0 0 1 0 23 15 3 0 5 0 0 0 0 0 0 0 0 0 0 0 0 1 14 388 288 318 354 35 8 0 0 0 9 0 0 0 0 0 0 0 0 0 0 0 0 0 0 0 0 0 0 0 9 0 1 0 0 0 0 0 22 42 0 0 17 9 0 0 0 0 0 0 2 3 0 5 1 4 80 236 4 0 0 0 0 2 4 2 1 6 11 53 282 182 275 175 1432 724 170 104 95 16 240 266 291 0 0 0 0 0 0 0 0 0 0 0 0 0 0 0 0 0 0
0 0 1 5 1 0 29 7 3 1 7 29 1 2 0 0 0 0 0 0 0 0 0 0 0 0 1 0 0 0 0 5 4 7 0 3 0 1 0 0 0 0 0 0 0 1 3 0 0 1 177 206 324 192 47 20 0 3 0 1 0 0 0 0 0 0 0 0 0 0 0 0 0 0 0 0 0 0 0 41 30 2 3 0 0 0 0 16 24 2 5 8 39 0 0 0 0 0 0 1 4 17 10 4 12 3 2 5 0 0 0 0 1 3 1 2 1 4 10 20 131 142 154 320 662 331 239 171 165 276 223 121 0 0 0 0 0 0 0 0 0 0 0 0 0 0 0 0 0 0
11 3 1 1 4 1 2 2 0 1 0 1 0 0 0 0 0 0 0 0 0 0 1 0 2 0 0 0 2 0 0 0 0 1 0 1 0 3 1 0 0 0 0 0 0 3 0 0 0 26 19 52 126 13 10 9 3 2 5 4 0 0 0 0 0 0 0 0 0 0 0 0 0 0 0 0 0 0 5 0 0 1 0 0 0 0 26 43 8 1 1 144 88 21 3 0 0 0 0 6 8 3 13 70 5 0 3 1 8 0 0 0 6 1 2 1 4 3 4 8 84 379 232 160 130 243 310 675 162 60 26 39 0 0 0 0 0 0 0 0 0 0 0 0 0 0 0 0 0 0
0 5 3 0 8 0 3 29 12 4 3 2 0 0 0 0 0 0 0 1 0 0 0 0 0 0 0 0 5 0 0 0 0 0 0 0 0 0 0 0 5 0 0 0 0 0 0 0 13 2 1 2 25 4 5 0 0 14 33 2 0 2 2 0 0 0 0 0 0 0 0 0 0 0 0 0 0 0 0 0 0 0 5 7 7 13 0 0 12 39 79 75 95 1 4 0 0 0 4 19 36 113 97 167 176 8 14 0 0 6 0 0 4 0 0 2 1 24 9 231 147 400 1253 643 379 160 925 844 662 0 0 0 0 0 0 0 0 0 0 0 0 0 0 0 0 0 0 0 0 0
2 3 7 0 8 3 0 20 2 5 0 0 0 1 0 0 0 0 0 0 0 0 0 0 0 0 0 0 3 0 0 0 0 0 0 0 0 0 0 0 2 0 0 0 0 0 0 0 7 14 0 0 23 1 13 0 0 5 39 0 1 2 0 0 0 0 0 0 0 0 0 0 0 0 0 0 0 0 0 0 0 1 3 3 0 0 0 0 9 11 73 51 59 9 9 0 0 0 0 4 72 133 244 135 123 28 1 1 1 2 2 0 0 0 2 2 2 318 131 389 273 2 3 72 63 381 213 295 267 1 107 6 0 0 0 0 0 0 0 0 0 0 0 0 0 0 0 0 0 0
0 1 70 0 20 57 27 1 1 1 0 1 1 0 0 0 0 0 0 0 0 0 0 0 0 0 0 0 0 0 0 0 0 0 0 0 0 0 0 0 1 0 2 0 0 0 0 0 1 0 0 7 11 0 0 0 0 1 1 19 17 0 0 0 0 0 0 0 0 0 0 0 0 0 0 0 0 0 0 0 4 16 0 11 5 0 46 4 0 0 0 8 3 0 0 0 0 0 0 2 2 44 386 121 33 120 3 7 4 0 7 1 0 0 0 4 160 187 73 15 0 0 0 0 23 202 71 418 247 4 34 21 0 0 0 0 0 0 0 0 0 0 0 0 0 0 0 0 0 0
2 18 58 96 257 232 106 14 4 0 0 0 0 0 3 1 0 0 0 0 1 5 0 0 0 0 0 0 0 0 0 0 0 0 0 0 0 0 0 0 0 0 0 4 1 5 0 11 1 0 0 5 7 0 0 0 7 0 5 0 0 0 0 0 0 0 0 0 0 0 0 0 0 0 0 0 0 0 3 4 5 0 0 0 2 3 5 100 54 0 0 0 0 0 0 0 0 0 0 0 0 118 293 77 45 86 3 0 0 10 3 2 1 0 0 9 55 5 6 24 0 0 0 0 5 280 179 291 214 1 27 0 0 0 0 0 0 0 0 0 0 0 0 0 0 0 0 0 0 0
2 57 157 598 261 187 44 17 0 0 1 2 3 0 0 5 0 8 0 0 0 1 0 0 0 0 0 0 0 0 0 0 0 0 1 0 0 0 0 0 1 3 0 3 2 0 0 4 14 0 0 0 9 0 0 0 8 0 0 0 0 1 0 0 0 0 0 0 0 0 0 0 0 0 0 0 0 10 0 0 0 0 0 0 0 0 21 14 0 0 0 0 0 0 0 0 0 0 0 0 12 19 8 3 45 34 0 0 0 1 2 3 1 0 0 2 2 43 8 27 10 50 4 0 6 56 40 163 23 0 0 0 0 0 0 0 0 0 0 0 0 0 0 0 0 0 0 0 0 0
0 2 156 128 87 87 13 5 2 0 11 1 0 0 0 0 0 0 2 3 1 4 0 2 0 0 0 0 0 0 1 0 1 0 0 0 0 0 0 0 0 0 1 0 0 0 0 3 2 6 0 0 0 0 0 1 0 0 0 0 0 0 0 0 0 0 0 0 0 0 0 0 0 0 0 0 0 0 0 0 0 0 0 0 0 0 34 4 3 8 11 0 0 0 3 14 0 0 0 251 419 142 127 43 2 56 11 16 0 0 3 4 1 3 0 0 0 0 3 47 54 32 80 153 15 6 0 0 0 0 0 0 0 0 0 0 0 0 0 0 0 0 0 0 0 0 0 0 0 0
1 13 30 38 27 8 1 0 1 3 3 0 0 0 0 0 0 0 0 0 0 36 0 0 0 0 0 0 0 0 0 0 0 1 3 0 0 0 0 0 0 0 0 0 1 12 0 0 0 0 0 0 1 0 1 16 0 0 0 0 0 0 0 0 0 0 0 0 0 0 0 0 0 0 0 0 5 6 0 0 0 0 0 0 0 0 5 0 0 15 9 0 0 0 21 44 31 4 122 833 191 286 71 17 0 10 12 51 1 2 8 0 0 0 0 0 0 0 18 11 41 6 7 29 1 44 7 6 39 35 0 0 0 0 0 0 0 0 0 0 0 0 0 0 0 0 0 0 0 0
47 6 16 4 0 0 0 1 0 0 0 0 0 0 0 0 0 0 0 3 0 3 2 0 0 0 0 0 0 0 1 0 0 3 5 0 0 0 0 0 0 0 0 0 1 5 3 2 0 0 0 0 0 0 34 9 2 0 0 0 0 0 0 2 0 0 0 0 0 0 0 0 0 0 8 17 0 0 0 0 0 0 0 0 0 0 16 0 0 0 83 7 0 0 59 161 23 1 60 65 8 6 17 2 2 0 0 94 261 48 0 0 0 0 0 0 0 0 2 0 8 0 0 7 13 17 13 22 293 88 10 0 0 0 0 0 0 0 0 0 0 0 0 0 0 0 0 0 0 0
10 0 3 0 0 0 1 0 0 0 0 0 0 0 0 0 0 0 0 0 0 0 0 1 0 0 2 0 0 0 2 23 2 0 0 0 0 0 0 0 3 0 0 0 0 0 0 0 0 0 0 0 48 0 17 0 0 0 0 0 0 0 0 0 0 0 0 0 0 0 0 0 0 0 6 8 0 0 0 0 0 0 0 0 0 0 29 25 94 34 38 3 14 11 2 13 5 3 0 1 6 1 1 0 3 0 137 139 98 10 0 0 8 0 0 0 0 3 0 0 2 3 1 11 6 94 36 105 57 102 13 2 0 0 0 0 0 0 0 0 0 0 0 0 0 0 0 0 0 0
2 0 0 0 0 0 0 0 0 0 0 0 0 0 0 0 0 0 0 0 0 0 0 1 0 0 0 0 3 0 2 2 1 0 0 1 0 0 0 0 0 0 0 0 0 5 0 0 0 0 0 0 6 25 14 1 0 0 0 0 0 0 0 0 0 0 0 0 0 0 0 4 0 0 0 0 0 0 0 0 0 0 0 0 0 0 0 7 108 5 0 0 0 1 0 21 0 2 4 0 0 4 0 1 1 127 329 159 60 35 0 0 0 0 0 0 0 0 37 2 0 19 0 2 1 19 25 17 0 17 0 1 0 0 0 0 0 0 0 0 0 0 0 0 0 0 0 0 0 0
1 0 0 0 0 1 0 0 0 0 0 0 0 0 0 0 0 0 1 0 0 0 0 12 0 0 0 5 0 0 0 0 0 0 0 0 0 0 0 0 0 0 0 0 0 0 0 0 0 0 2 1 5 34 0 3 0 0 0 0 0 0 0 0 0 0 0 0 0 0 2 0 2 2 0 0 0 0 0 0 0 0 0 0 0 0 0 0 0 0 0 0 2 2 0 0 0 0 3 3 2 2 2 3 16 15 40 0 20 67 0 0 0 0 0 0 0 0 8 1 0 4 2 31 60 18 82 16 14 33 0 0 0 0 0 0 0 0 0 0 0 0 0 0 0 0 0 0 0 0
0 0 0 0 0 38 0 0 0 0 0 0 0 0 0 0 0 0 0 1 0 0 0 0 0 0 0 0 0 0 0 0 0 0 0 0 0 0 0 0 0 0 1 0 1 1 0 0 0 0 2 0 11 0 1 0 6 0 0 0 0 0 0 0 0 0 0 1 3 3 0 0 0 0 0 0 0 0 0 0 0 0 0 0 0 0 0 0 1 2 0 22 37 1 0 0 0 0 0 0 1 3 16 7 22 8 0 1 0 2 1 0 0 0 0 0 0 0 0 0 0 2 0 42 0 0 0 55 3 2 0 0 0 0 0 0 0 0 0 0 0 0 0 0 0 0 0 0 0 0
0 0 0 0 45 22 0 0 0 0 0 0 0 0 1 0 0 0 0 0 0 0 0 0 0 0 0 0 0 0 2 0 0 0 0 0 0 0 3 0 0 0 0 0 3 2 1 0 0 0 2 0 0 2 1 2 0 15 0 0 0 0 0 0 0 0 0 0 5 2 0 0 0 0 0 0 0 0 0 0 0 0 0 0 1 0 0 0 17 23 84 190 62 6 0 1 0 0 0 6 13 224 153 40 0 9 0 0 0 3 3 0 0 0 0 0 0 0 0 0 0 0 0 0 0 0 13 14 0 0 0 0 0 0 0 0 0 0 0 0 0 0 0 0 0 0 0 0 0 0
0 0 0 0 0 0 0 0 0 0 0 0 0 1 0 0 0 0 18 0 0 0 0 0 0 0 0 0 0 2 0 0 0 0 0 4 0 0 0 0 0 0 0 0 1 4 0 0 0 0 2 0 0 1 0 0 0 0 0 0 0 0 0 0 0 0 0 0 11 0 0 0 0 0 0 0 0 0 0 0 0 0 0 0 0 0 1 0 7 37 149 82 39 9 1 0 1 0 1 22 54 67 45 6 0 0 1 0 0 0 1 0 0 0 0 0 1 0 0 0 1 26 36 0 0 8 0 0 0 0 0 0 0 0 0 0 0 0 0 0 0 0 0 0 0 0 0 0 0 0
0 0 0 0 1 3 0 0 0 0 0 0 8 6 0 30 0 0 0 0 0 0 0 0 0 2 2 1 0 9 0 0 0 0 0 0 0 0 0 0 0 0 0 1 0 2 1 0 0 1 3 0 0 5 10 2 0 0 0 0 0 0 0 0 0 0 1 5 26 0 0 0 0 0 0 0 0 0 0 0 0 0 0 0 2 11 17 0 3 11 0 0 6 2 9 0 0 0 2 6 29 0 0 1 4 0 0 3 1 11 10 18 0 0 0 0 0 0 0 0 0 0 0 0 0 0 0 1 0 0 0 0 0 0 0 0 0 0 0 0 0 0 0 0 0 0 0 0 0 0
0 0 0 0 0 0 0 1 0 0 0 0 0 0 0 0 0 0 0 0 0 0 0 0 0 0 0 0 1 0 0 0 0 0 0 1 0 0 0 0 0 0 1 0 0 0 1 6 0 1 10 0 0 2 2 3 3 0 0 0 0 0 0 0 0 0 1 28 15 0 0 0 0 0 0 0 0 0 0 0 0 0 0 1 36 2 0 2 2 7 2 1 3 0 12 10 3 12 2 2 12 7 2 0 5 0 0 3 48 57 71 170 11 3 0 0 0 0 0 0 0 0 6 0 0 0 0 0 0 0 0 0 0 0 0 0 0 0 0 0 0 0 0 0 0 0 0 0 0 0
0 0 0 0 1 0 1 0 0 0 0 0 0 0 0 0 0 0 0 0 0 0 0 0 0 0 0 0 0 0 0 0 0 0 0 0 0 0 0 0 0 0 0 0 0 0 0 11 24 1 0 0 0 2 0 34 39 0 1 0 0 0 0 0 2 5 11 32 0 0 0 0 0 0 0 0 0 0 0 0 0 0 0 12 13 0 0 4 2 1 1 5 1 0 0 1 45 54 2 0 0 3 3 3 2 0 10 0 29 18 94 27 68 22 3 0 0 0 0 0 0 0 0 0 0 0 0 0 0 0 0 0 0 0 0 0 0 0 0 0 0 0 0 0 0 0 0 0 0 0
0 0 0 0 0 0 0 0 0 0 0 4 0 0 0 1 0 0 0 0 0 0 0 0 0 0 0 0 2 0 0 0 0 0 0 0 0 0 0 0 0 0 0 0 0 1 3 2 40 5 1 0 0 0 6 6 1 5 10 4 1 2 1 3 0 1 0 1 0 0 0 0 0 0 0 0 0 0 0 0 0 0 0 0 0 0 0 11 1 6 0 0 0 0 7 82 17 0 0 0 0 0 0 1 10 40 181 581 171 58 20 0 32 3 0 0 1 0 0 0 0 0 0 0 0 0 0 0 0 0 0 0 0 0 0 0 0 0 0 0 0 0 0 0 0 0 0 0 0 0
0 0 1 0 1 34 2 5 5 0 0 0 0 0 2 0 0 0 0 0 0 0 0 0 0 0 0 0 0 0 1 0 0 0 0 0 0 0 5 0 1 0 0 1 0 1 7 5 2 0 0 0 0 1 4 0 0 0 0 0 0 0 0 0 1 0 0 5 0 12 0 1 0 0 0 0 0 0 0 0 0 0 0 0 0 0 0 1 0 2 2 3 0 0 30 22 0 0 0 0 0 4 1 2 18 29 61 190 123 150 50 79 89 0 0 0 0 0 0 0 0 0 0 0 0 0 0 0 0 0 0 0 0 0 0 0 0 0 0 0 0 0 0 0 0 0 0 0 0 0
0 0 0 0 20 21 3 0 0 1 0 0 1 0 0 0 0 0 0 0 0 0 0 0 0 0 0 0 0 0 0 0 1 0 0 0 0 1 0 0 2 0 1 0 0 0 1 1 1 0 1 0 2 0 1 0 0 2 0 0 0 1 0 0 0 0 0 0 2 0 0 0 0 2 0 0 0 0 0 0 0 0 0 0 0 0 0 0 0 0 0 0 15 18 0 20 77 0 0 0 0 0 0 21 53 188 0 0 0 24 0 0 8 0 0 0 0 0 0 0 0 0 0 0 0 0 0 0 0 0 0 0 0 0 0 0 0 0 0 0 0 0 0 0 0 0 0 0 0 0
1 0 0 0 2 4 1 0 3 1 1 0 0 3 0 0 0 0 0 0 0 0 0 0 0 0 0 0 0 0 0 0 0 0 0 0 0 0 0 0 0 0 0 1 0 0 2 3 2 0 1 0 1 1 0 0 0 0 0 1 1 0 0 0 0 0 0 0 0 0 2 0 0 0 0 0 0 0 0 0 0 0 0 0 0 0 0 0 0 0 0 9 31 8 5 59 208 0 0 0 0 0 0 0 5 0 0 0 0 1 14 47 0 0 0 0 0 0 0 0 0 0 0 0 0 0 0 0 0 0 0 0 0 0 0 0 0 0 0 0 0 0 4 9 1 0 0 0 0 0
0 0 0 0 0 0 0 0 0 30 0 0 0 0 0 0 0 0 0 0 0 0 0 0 0 0 0 0 0 0 0 1 1 0 0 0 0 0 0 0 0 0 0 0 0 0 0 0 0 0 8 0 2 2 0 0 0 0 1 1 0 0 0 0 0 0 0 0 0 0 3 0 0 0 0 0 0 0 0 0 0 0 0 0 0 0 0 0 17 2 1 8 77 80 17 0 0 0 0 0 0 0 1 0 2 0 0 5 0 34 26 0 0 0 0 0 0 0 0 0 0 0 0 0 0 0 0 0 0 0 0 0 0 0 0 0 0 0 0 0 0 0 0 1 0 0 0 0 0 0
0 0 0 0 0 0 0 0 0 0 0 0 0 1 0 0 0 0 0 0 0 0 0 0 0 0 0 0 0 0 0 0 0 0 0 0 0 0 0 0 0 0 0 0 0 0 0 0 0 0 1 1 1 0 0 0 0 0 0 1 1 0 0 0 0 0 0 0 0 0 0 0 0 0 0 0 0 0 0 0 0 0 0 0 0 0 0 0 0 1 5 42 288 0 0 7 1 0 0 0 0 0 0 1 9 0 0 3 2 0 3 0 0 0 0 0 0 0 0 0 0 0 0 0 0 0 0 0 0 0 0 0 0 0 0 0 0 0 0 0 0 0 0 0 0 0 0 0 0 0
0 0 0 0 1 0 0 0 0 0 0 1 7 0 0 0 0 0 0 2 0 0 0 0 0 0 0 0 0 0 0 0 0 0 0 0 1 0 0 0 0 0 0 0 0 0 0 0 0 0 0 7 2 0 0 0 0 0 0 1 5 1 0 0 0 0 0 0 0 0 1 82 0 0 0 0 0 0 0 0 0 0 0 0 0 0 0 0 0 1 6 4 0 5 1 0 0 0 0 0 0 0 0 0 0 0 0 0 0 0 0 0 0 0 0 0 0 0 0 0 0 0 0 0 0 0 0 0 0 0 0 0 0 0 0 0 0 0 0 0 0 0 0 0 0 0 0 0 0 0
0 0 0 0 0 0 0 0 0 0 0 0 0 1 0 0 0 1 0 0 0 1 1 10 0 0 0 0 0 0 0 0 0 0 0 0 0 0 0 0 0 0 0 0 0 0 0 0 0 0 0 9 3 0 0 0 0 0 0 0 0 10 12 0 0 0 0 0 0 0 0 2 1 0 5 0 0 0 0 0 0 0 0 0 0 0 0 0 0 4 1 17 3 7 20 0 0 0 0 0 0 0 0 0 0 0 0 0 0 0 0 0 0 0 0 0 0 0 0 0 0 0 0 0 0 0 0 0 0 0 0 0 0 0 0 0 0 0 0 0 0 0 0 0 0 0 0 0 0 0
0 0 0 0 0 0 0 0 0 0 0 0 0 0 0 0 0 0 0 0 0 0 1 0 0 0 0 0 0 0 0 0 0 0 0 0 0 0 0 0 0 0 0 0 0 0 0 0 0 0 0 10 25 0 7 0 0 0 0 0 1 13 31 0 0 0 0 0 0 0 0 0 0 0 3 0 0 0 0 0 0 0 0 0 0 0 0 0 0 0 7 7 0 15 16 2 0 0 1 0 0 0 0 0 0 0 0 0 0 0 0 0 0 0 0 0 0 0 0 0 0 0 0 0 0 0 0 0 0 0 0 0 0 0 0 0 0 0 0 0 0 0 0 0 0 0 0 0 0 0
0 0 0 0 0 0 0 0 0 0 0 0 4 1 0 0 0 0 0 0 0 0 0 0 0 0 0 0 1 0 2 0 0 0 0 0 0 0 0 2 0 0 0 0 0 0 0 0 0 0 4 13 92 4 8 0 3 0 0 0 0 1 0 0 0 0 0 0 0 0 0 0 0 1 0 0 0 0 0 0 0 0 0 0 0 0 0 0 0 0 0 1 5 15 5 0 0 0 0 0 0 0 0 0 0 0 0 0 0 0 0 0 0 0 0 0 0 0 0 0 0 0 0 0 0 0 0 0 0 0 0 0 0 0 0 0 0 0 0 0 0 0 0 0 0 0 0 0 0 0
0 0 0 0 0 0 0 0 0 0 0 0 0 1 0 1 0 0 0 0 0 2 0 0 0 2 0 0 0 0 0 0 1 0 0 0 0 0 0 0 0 0 0 0 0 0 0 0 3 3 0 9 73 2 12 0 0 0 0 0 1 2 0 0 0 0 0 0 0 0 0 0 0 0 0 0 0 0 0 0 0 0 0 0 0 0 0 0 0 0 0 0 3 2 2 0 4 0 0 3 0 0 0 0 0 0 0 0 0 0 0 0 0 0 0 0 0 0 0 0 0 0 0 0 0 0 0 0 0 0 0 0 0 0 0 0 0 0 0 0 0 0 0 0 0 0 0 0 0 0
0 0 0 0 0 0 0 0 0 3 1 0 0 0 0 0 0 0 0 0 0 0 0 0 0 0 0 0 0 0 0 0 0 1 0 0 0 0 0 0 0 0 0 0 0 0 0 4 0 1 0 5 7 0 0 2 0 0 0 0 8 1 0 0 0 0 0 0 0 0 0 0 0 0 0 0 0 0 0 0 0 0 0 0 0 0 0 0 0 0 0 0 0 1 0 0 1 0 0 0 0 0 0 0 0 0 0 0 0 0 0 0 0 0 0 0 0 0 0 0 0 0 0 0 0 0 0 0 0 0 0 0 0 0 0 0 0 0 0 0 0 0 0 0 0 0 0 0 0 0
0 0 1 0 0 0 0 0 0 0 0 0 0 0 0 0 0 0 0 0 0 0 0 1 1 0 0 0 0 0 0 0 0 0 8 0 0 1 0 0 0 0 0 0 0 0 2 6 0 0 0 0 0 0 0 0 0 0 0 0 4 0 0 0 0 0 0 0 0 0 0 0 0 0 0 1 0 0 0 0 0 0 0 0 0 0 0 0 0 0 0 0 0 0 0 9 6 12 0 0 1 0 0 0 0 0 0 0 0 0 0 0 0 0 0 0 0 0 0 0 0 0 0 0 0 0 0 0 0 0 0 0 0 0 0 0 0 0 0 0 0 0 0 0 1 6 0 0 0 0
0 0 0 0 0 0 0 0 0 0 0 0 0 0 0 0 1 0 0 3 0 0 0 0 0 0 0 0 0 0 0 1 0 0 0 0 0 0 0 0 0 0 0 0 0 0 1 0 0 0 0 0 0 0 0 0 0 0 0 0 0 2 0 0 0 0 0 0 0 0 0 0 1 0 0 0 0 0 0 0 0 0 0 0 0 0 0 0 0 0 0 0 0 0 0 2 2 0 0 0 3 0 0 0 0 0 0 0 0 0 0 0 0 0 0 0 0 0 0 0 0 0 0 0 0 0 0 0 0 0 0 0 0 0 0 0 0 0 0 0 0 0 0 0 0 0 0 0 0 0
0 0 0 0 0 0 0 0 0 0 0 1 0 0 0 0 0 0 0 0 1 0 0 0 0 0 0 0 0 0 0 0 0 0 0 0 0 0 0 0 0 0 0 0 0 0 0 0 0 0 0 0 0 0 0 0 0 0 0 0 0 0 0 0 0 0 0 0 0 0 0 1 0 0 0 0 0 0 0 0 0 0 0 0 0 0 0 0 0 0 0 0 0 0 2 0 0 0 0 0 0 0 0 0 0 0 0 0 0 0 0 0 0 0 0 0 0 0 0 0 0 0 0 0 0 0 0 0 0 0 0 0 0 0 0 0 0 0 0 0 0 0 0 0 0 0 0 0 0 0
0 0 0 0 0 0 0 0 0 0 2 2 5 0 0 2 1 0 0 0 0 0 0 0 0 0 0 0 0 0 0 0 0 0 0 0 0 0 0 0 0 0 0 0 0 0 0 0 0 0 0 0 0 0 0 0 0 0 0 0 2 0 0 0 0 0 0 0 0 0 1 0 0 0 0 0 0 0 0 0 0 0 0 0 0 0 0 0 0 0 0 0 0 0 0 1 12 0 0 0 0 0 0 0 0 0 0 0 0 0 0 0 0 0 0 0 0 0 0 0 0 0 0 0 0 0 0 0 0 0 0 0 0 0 0 0 0 0 0 0 0 0 0 0 0 0 0 0 0 0
0 0 0 0 0 0 1 0 0 0 0 0 4 2 0 3 1 5 0 0 0 0 0 0 0 0 0 0 0 0 0 0 0 0 0 0 3 0 0 0 0 0 0 3 0 0 0 0 0 0 0 0 0 0 0 0 0 0 0 0 1 0 0 0 0 0 0 0 29 1 0 0 0 0 0 0 0 0 0 0 0 0 0 0 0 0 0 0 0 0 0 1 0 0 0 0 1 1 0 4 0 0 0 0 0 0 0 0 0 0 0 0 0 0 0 0 0 0 0 0 0 0 0 0 0 0 0 0 0 0 0 0 0 0 0 0 0 0 0 0 0 0 0 0 0 0 0 0 0 0
0 0 0 0 0 0 0 0 0 0 0 0 2 0 0 0 0 7 0 0 0 0 0 0 0 0 0 0 0 0 0 0 0 0 0 1 3 0 1 1 0 0 0 0 0 0 0 0 0 0 0 0 0 0 0 0 0 0 0 0 3 2 0 0 4 0 0 10 84 15 0 0 0 0 0 0 0 0 0 0 0 0 0 0 0 0 0 0 0 0 0 0 0 0 0 0 0 0 0 0 0 0 0 0 0 0 0 0 0 0 0 0 0 0 0 0 0 0 0 0 0 0 0 0 0 0 0 0 0 0 0 0 0 0 0 0 0 0 0 0 0 0 0 0 0 0 0 0 0 0
0 0 0 0 3 0 0 0 0 0 0 4 11 2 0 2 33 0 1 5 0 1 0 10 9 0 0 0 0 0 2 0 0 0 4 1 11 2 1 5 0 0 1 0 0 0 0 0 0 0 0 0 0 0 0 0 0 0 0 0 0 0 0 0 58 18 1 0 0 0 0 0 0 0 0 0 0 0 0 0 0 0 0 0 0 0 0 0 0 0 0 0 0 0 0 0 0 0 0 0 0 0 0 0 0 0 0 0 0 0 0 0 0 0 0 0 0 0 0 0 0 0 0 0 0 0 0 0 0 0 0 0 0 0 0 0 0 0 0 0 0 0 0 0 0 0 0 0 0 0
5 22 2 0 0 4 0 0 0 0 0 0 4 0 0 0 1 0 0 4 18 21 23 4 0 0 0 0 0 0 1 0 0 0 0 1 26 3 0 3 0 0 0 0 0 0 0 0 0 0 0 0 0 0 0 0 0 0 0 0 0 0 0 0 1 0 0 0 0 0 0 0 0 0 0 0 0 0 0 0 0 0 0 0 0 0 0 0 0 0 0 0 0 0 0 0 0 0 0 0 0 0 0 0 0 0 0 0 0 0 0 0 0 0 0 0 0 0 0 0 0 0 0 0 0 0 0 0 0 0 0 0 0 0 0 0 0 0 0 0 0 0 0 0 0 0 0 0 0 0
7 8 5 0 2 2 0 0 0 0 0 0 1 0 0 0 1 1 0 3 1 18 6 1 13 5 0 0 2 6 6 0 0 0 0 0 0 0 4 0 15 0 0 0 0 0 0 0 0 0 0 0 0 0 0 0 0 0 0 0 0 0 0 0 0 0 0 0 0 0 0 0 0 0 0 0 0 0 0 0 0 0 0 0 0 0 0 0 0 0 0 0 0 0 0 0 0 0 0 0 0 0 0 0 0 0 0 0 0 0 0 0 0 0 0 0 0 0 0 0 0 0 0 0 0 0 0 0 0 0 0 0 0 0 0 0 0 0 0 0 0 0 0 0 0 0 0 0 0 0
0 0 0 0 0 0 0 0 0 0 0 0 1 0 0 0 2 1 1 1 0 0 2 6 0 4 5 4 4 0 0 0 0 0 1 0 0 1 0 0 0 0 0 0 0 0 0 0 0 0 0 0 0 0 0 0 0 0 0 0 0 0 0 0 0 0 0 0 0 0 0 0 0 0 0 0 0 0 0 0 0 0 0 0 0 0 0 0 0 0 0 0 0 0 0 0 0 0 0 0 0 0 0 0 0 0 0 0 0 0 0 0 0 0 0 0 0 0 0 0 0 0 0 0 0 0 0 0 0 0 0 0 0 0 0 0 0 0 0 0 0 0 0 0 0 0 0 0 0 0
0 0 2 0 0 0 0 0 0 0 0 0 0 0 0 0 0 0 0 5 0 0 0 2 5 5 1 1 11 0 2 0 0 4 2 0 0 0 0 0 0 0 0 0 0 0 0 0 0 0 0 0 0 0 0 0 0 0 0 0 0 0 0 0 0 0 0 0 0 0 0 0 0 0 0 0 0 0 0 0 0 0 0 0 0 0 0 0 0 0 0 0 0 0 0 0 0 0 0 0 0 0 0 0 0 0 0 0 0 0 0 0 0 0 0 0 0 0 0 0 0 0 0 0 0 0 0 0 0 0 0 0 0 0 0 0 0 0 0 0 0 0 0 0 0 0 0 0 0 0
0 0 0 0 0 0 0 0 0 0 0 0 0 0 0 0 0 0 0 0 0 0 0 0 2 0 0 3 74 15 1 3 1 8 1 0 0 0 0 0 0 0 0 0 0 0 0 0 0 0 0 0 0 0 0 0 0 0 0 0 0 0 0 0 0 0 0 0 0 0 0 0 0 0 0 0 0 0 0 0 0 0 0 0 0 0 0 0 0 0 0 0 0 0 0 0 0 0 0 0 0 0 0 0 0 0 0 0 0 0 0 0 0 0 0 0 0 0 0 0 0 0 0 0 0 0 0 0 0 0 0 0 0 0 0 0 0 0 0 0 0 0 0 0 0 0 0 0 0 0
0 0 0 0 0 0 0 0 0 0 0 0 0 0 0 0 0 0 0 0 0 0 0 0 0 3 0 0 0 0 2 0 2 0 0 0 2 0 0 0 0 0 0 0 0 0 0 0 0 0 0 0 0 0 0 0 0 0 0 0 0 0 0 0 0 0 0 0 0 0 0 0 0 0 0 0 0 0 0 0 0 0 0 0 0 0 0 0 0 0 0 0 0 0 0 0 0 0 0 0 0 0 0 0 0 0 0 0 0 0 0 0 0 0 0 0 0 0 0 0 0 0 0 0 0 0 0 0 0 0 0 0 0 0 0 0 0 0 0 0 0 0 0 0 0 0 0 0 0 0
0 0 0 0 0 0 0 0 0 0 0 0 0 0 0 0 0 0 0 0 0 0 0 0 7 0 8 0 0 0 15 1 4 0 0 0 0 7 0 0 0 0 0 0 0 0 0 0 0 0 0 0 0 0 0 0 0 0 0 0 0 0 0 0 0 0 0 0 0 0 0 0 0 0 0 0 0 0 0 0 0 0 0 0 0 0 0 0 0 0 0 0 0 0 0 0 0 0 0 0 0 0 0 0 0 0 0 0 0 0 0 0 0 0 0 0 0 0 0 0 0 0 0 0 0 0 0 0 0 0 0 0 0 0 0 0 0 0 0 0 0 0 0 0 0 0 0 0 0 0
0 0 0 0 0 0 0 0 0 0 0 1 3 1 0 0 0 0 0 0 0 0 0 0 0 0 0 0 0 0 0 0 4 0 0 0 1 1 0 0 0 0 0 0 0 0 0 0 0 0 0 0 0 0 0 0 0 0 0 0 0 0 0 0 0 0 0 0 0 0 0 0 0 0 0 0 0 0 0 0 0 0 0 0 0 0 0 0 0 0 0 0 0 0 0 0 0 0 0 0 0 0 0 0 0 0 0 0 0 0 0 0 0 0 0 0 0 0 0 0 0 0 0 0 0 0 0 0 0 0 0 0 0 0 0 0 0 0 0 0 0 0 0 0 0 0 0 0 0 0
0 0 0 0 0 0 0 0 0 0 26 0 1 0 0 0 0 0 0 0 0 0 0 0 0 0 0 5 0 0 2 0 0 0 0 0 0 0 0 0 0 0 0 0 0 0 0 0 0 0 0 0 0 0 0 0 0 0 0 0 0 0 0 0 0 0 0 0 0 0 0 0 0 0 0 0 0 0 0 0 0 0 0 0 0 0 0 0 0 0 0 0 0 0 0 0 0 0 0 0 0 0 0 0 0 0 0 0 0 0 0 0 0 0 0 0 0 0 0 0 0 0 0 0 0 0 0 0 0 0 0 0 0 0 0 0 0 0 0 0 0 0 0 0 0 0 0 0 0 0
0 0 0 0 0 0 0 0 0 0 0 0 0 0 0 0 0 0 0 0 0 0 0 0 0 0 0 3 0 0 0 0 1 5 0 0 0 0 0 0 0 0 0 0 0 0 0 0 0 0 0 0 0 0 0 0 0 0 0 0 0 0 0 0 0 0 0 0 0 0 0 0 0 0 0 0 0 0 0 0 0 0 0 0 0 0 0 0 0 0 0 0 0 0 0 0 0 0 0 0 0 0 0 0 0 0 0 0 0 0 0 0 0 0 0 0 0 0 0 0 0 0 0 0 0 0 0 0 0 0 0 0 0 0 0 0 0 0 0 0 0 0 0 0 0 0 0 0 0 0
0 0 0 0 0 0 0 0 0 0 0 1 0 0 0 0 0 0 0 0 0 0 0 0 0 0 0 0 0 0 0 0 0 0 0 0 0 0 0 0 0 0 0 0 0 0 0 0 0 0 0 0 0 0 0 0 0 0 0 0 0 0 0 0 0 0 0 0 0 0 0 0 0 0 0 0 0 0 0 0 0 0 0 0 0 0 0 0 0 0 0 0 0 0 0 0 0 0 0 0 0 0 0 0 0 0 0 0 0 0 0 0 0 0 0 0 0 0 0 0 0 0 0 0 0 0 0 0 0 0 0 0 0 0 0 0 0 0 0 0 0 0 0 0 0 0 0 0 0 0
0 0 0 0 0 0 0 0 0 2 0 0 0 0 0 0 0 0 0 0 0 0 0 0 0 0 0 0 0 0 0 0 0 0 0 0 0 0 0 0 0 0 0 0 0 0 0 0 0 0 0 0 0 0 0 0 0 0 0 0 0 0 0 0 0 0 0 0 0 0 0 0 0 0 0 0 0 0 0 0 0 0 0 0 0 0 0 0 0 0 0 0 0 0 0 0 0 0 0 0 0 0 0 0 0 0 0 0 0 0 0 0 0 0 0 0 0 0 0 0 0 0 0 0 0 0 0 0 0 0 0 0 0 0 0 0 0 0 0 0 0 0 0 0 0 0 0 0 0 0
0 0 0 0 0 0 0 0 0 0 2 0 0 0 0 0 0 0 0 0 0 0 0 0 0 0 0 0 0 0 0 0 0 0 0 0 0 0 0 0 0 0 0 0 0 0 0 0 0 0 0 1 0 0 0 0 0 0 0 0 0 0 0 0 0 0 0 0 0 0 0 0 0 0 0 0 0 0 0 0 0 0 0 0 0 0 0 0 0 0 0 0 0 0 0 0 0 0 0 0 0 0 0 0 0 0 0 0 0 0 0 0 0 0 0 0 0 0 0 0 0 0 0 0 0 0 0 0 0 0 0 0 0 0 0 0 0 0 0 0 0 0 0 0 0 0 0 0 0 0
0 0 0 0 0 0 0 0 5 9 0 0 0 0 0 0 0 0 0 0 0 0 0 0 0 0 0 0 0 0 0 0 0 0 0 0 0 0 0 0 0 0 0 0 0 0 0 0 0 0 0 0 0 0 0 0 0 0 0 0 0 0 0 0 0 0 0 0 0 0 0 0 0 0 0 0 0 0 0 0 0 0 0 0 0 0 0 0 0 0 0 0 0 0 0 0 0 0 0 0 0 0 0 0 0 0 0 0 0 0 0 0 0 0 0 0 0 0 0 0 0 0 0 0 0 0 0 0 0 0 0 0 0 0 0 0 0 0 0 0 0 0 0 0 0 0 0 0 0 0
0 0 0 0 0 3 11 4 2 0 0 0 0 0 0 0 0 0 0 0 0 0 0 0 0 0 0 0 0 0 0 0 0 0 0 0 0 0 0 0 0 0 0 0 0 0 0 0 0 28 44 0 0 0 0 0 0 0 0 0 0 0 0 0 0 0 0 0 0 0 0 0 0 0 0 0 0 0 0 0 0 0 0 0 0 0 0 0 0 0 0 0 0 0 0 0 0 0 0 0 0 0 0 0 0 0 0 0 0 0 0 0 0 0 0 0 0 0 0 0 0 0 0 0 0 0 0 0 0 0 0 0 0 0 0 0 0 0 0 0 0 0 0 0 0 0 0 0 0 0
0 0 0 0 0 0 3 8 0 0 0 0 0 0 0 0 0 0 0 0 0 0 0 0 0 0 0 0 0 0 0 0 0 0 0 0 0 0 0 0 0 0 0 0 0 0 0 0 0 0 0 0 0 0 0 0 0 0 0 0 0 0 0 0 0 0 0 0 0 0 0 0 0 0 0 0 0 0 0 0 0 0 0 0 0 0 0 0 0 0 0 0 0 0 0 0 0 0 0 0 0 0 0 0 0 0 0 0 0 0 0 0 0 0 0 0 0 0 0 0 0 0 0 0 0 0 0 0 0 0 0 0 0 0 0 0 0 0 0 0 0 0 0 0 0 0 0 0 0 0
0 0 0 0 0 0 0 0 0 0 0 0 0 0 0 0 0 0 0 0 0 0 0 0 0 0 0 0 0 0 0 0 0 0 0 0 0 0 0 0 0 0 0 0 0 0 0 0 0 0 0 0 3 6 0 0 0 0 0 0 0 0 0 0 0 0 0 0 0 0 0 0 0 0 0 0 0 0 0 0 0 0 0 0 0 0 0 0 0 0 0 0 0 0 0 0 0 0 0 0 0 0 0 0 0 0 0 0 0 0 0 0 0 0 0 0 0 0 0 0 0 0 0 0 0 0 0 0 0 0 0 0 0 0 0 0 0 0 0 0 0 0 0 0 0 0 0 0 0 0
0 0 0 0 0 0 0 0 0 0 0 0 0 0 0 0 0 0 0 0 0 0 0 0 0 0 0 0 0 0 0 0 0 0 0 1 0 0 0 0 0 0 0 0 0 0 0 0 0 0 0 0 0 1 0 0 0 0 0 0 0 0 0 0 0 0 0 0 0 0 0 0 0 0 0 0 0 0 0 0 0 0 0 0 0 0 0 0 0 0 0 0 0 0 0 0 0 0 0 0 0 0 0 0 0 0 0 0 0 0 0 0 0 0 0 0 0 0 0 0 0 0 0 0 0 0 0 0 0 0 0 0 0 0 0 0 0 0 0 0 0 0 0 0 0 0 0 0 0 0
0 0 0 0 0 0 0 0 0 0 0 0 0 0 0 0 0 0 0 0 0 0 0 0 0 0 0 0 0 0 0 0 0 0 0 0 0 0 0 0 0 0 0 0 0 0 0 0 0 0 0 0 0 0 0 0 0 0 0 0 0 0 0 0 0 0 0 0 0 0 0 0 0 0 0 0 0 0 0 0 0 0 0 0 0 0 0 0 0 0 0 0 0 0 0 0 0 0 0 0 0 0 0 0 0 0 0 0 0 0 0 0 0 0 0 0 0 0 0 0 0 0 0 0 0 0 0 0 0 0 0 0 0 0 0 0 0 0 0 0 0 0 0 0 0 0 0 0 0 0
0 0 0 0 0 0 0 0 0 0 0 0 0 0 0 0 0 0 0 0 0 0 0 0 0 0 0 0 0 0 0 1 0 0 0 0 0 0 0 0 0 0 0 0 0 0 0 0 0 0 0 0 1 0 0 0 0 0 0 0 0 0 0 0 0 0 0 0 0 0 0 0 0 0 0 0 0 0 0 0 0 0 0 0 0 0 0 0 0 0 0 0 0 0 0 0 0 0 0 0 0 0 0 0 0 0 0 0 0 0 0 0 0 0 0 0 0 0 0 0 0 0 0 0 0 0 0 0 0 0 0 0 0 0 0 0 0 0 0 0 0 0 0 0 0 0 0 0 0 0
0 0 0 0 0 0 0 0 0 0 0 0 0 0 0 0 0 0 0 0 0 0 0 0 0 0 0 0 0 0 1 0 0 0 4 0 0 0 0 0 0 0 0 0 0 0 0 0 0 0 0 0 0 2 0 0 0 0 0 0 0 0 0 0 0 0 0 0 0 0 0 0 0 0 0 0 0 0 0 0 0 0 0 0 0 0 0 0 0 0 0 0 0 0 0 0 0 0 0 0 0 0 0 0 0 0 0 0 0 0 0 0 0 0 0 0 0 0 0 0 0 0 0 0 0 0 0 0 0 0 0 0 0 0 0 0 0 0 0 0 0 0 0 0 0 0 0 0 0 0
0 0 0 0 0 0 0 0 0 0 0 0 0 0 0 0 0 0 0 0 0 0 0 0 0 0 0 0 0 0 4 6 1 0 0 0 0 0 0 0 0 0 0 0 0 0 0 0 0 0 0 0 0 0 0 0 0 0 0 0 0 0 0 0 0 0 0 0 0 0 0 0 0 0 0 0 0 0 0 0 0 0 0 0 0 0 0 0 0 0 0 0 0 0 0 0 0 0 0 0 0 0 0 0 0 0 0 0 0 0 0 0 0 0 0 0 0 0 0 0 0 0 0 0 0 0 0 0 0 0 0 0 0 0 0 0 0 0 0 0 0 0 0 0 0 0 0 0 0 0
0 0 0 0 0 0 0 0 0 0 0 0 0 0 0 0 0 0 0 0 0 0 0 0 0 0 0 0 0 0 0 3 0 0 0 0 0 0 0 0 0 0 0 0 0 0 0 0 0 0 0 0 0 0 0 0 0 0 0 0 0 0 0 0 0 0 0 0 0 0 0 0 0 0 0 0 0 0 0 0 0 0 0 0 0 0 0 0 0 0 0 0 0 0 0 0 0 0 0 0 0 0 0 0 0 0 0 0 0 0 0 0 0 0 0 0 0 0 0 0 0 0 0 0 0 0 0 0 0 0 0 0 0 0 0 0 0 0 0 0 0 0 0 0 0 0 0 0 0 0
0 0 0 0 0 0 0 0 0 0 0 0 0 0 0 0 0 0 0 0 0 0 0 0 0 0 1 0 0 2 0 0 0 0 0 0 0 0 0 0 0 0 0 0 0 0 0 0 0 0 0 0 0 0 0 0 0 0 0 0 0 0 0 0 0 0 0 0 0 0 0 0 0 0 0 0 0 0 0 0 0 0 0 0 0 0 0 0 0 0 0 0 0 0 0 0 0 0 0 0 0 0 0 0 0 0 0 0 0 0 0 0 0 0 0 0 0 0 0 0 0 0 0 0 0 0 0 0 0 0 0 0 0 0 0 0 0 0 0 0 0 0 0 0 0 0 0 0 0 0
0 0 0 0 0 0 0 0 0 0 0 0 0 0 0 0 0 0 0 0 0 0 0 0 0 0 0 0 0 31 22 0 0 0 0 0 0 0 0 0 0 0 0 0 0 0 0 0 0 0 0 0 0 0 0 0 0 0 0 0 0 0 0 0 0 0 0 0 0 0 0 0 0 0 0 0 0 0 0 0 0 0 0 0 0 0 0 0 0 0 0 0 0 0 0 0 0 0 0 0 0 0 0 0 0 0 0 0 0 0 0 0 0 0 0 0 0 0 0 0 0 0 0 0 0 0 0 0 0 0 0 0 0 0 0 0 0 0 0 0 0 0 0 0 0 0 0 0 0 0
0 0 0 0 0 0 0 0 0 0 0 0 0 0 0 0 0 0 0 0 0 0 0 0 0 0 5 0 0 0 0 0 0 0 0 0 0 0 0 0 0 0 0 0 0 0 0 0 0 25 0 0 0 0 0 0 0 0 0 0 0 0 0 0 0 0 0 0 0 0 0 0 0 0 0 0 0 0 0 0 0 0 0 0 0 0 0 0 0 0 0 0 0 0 0 0 0 0 0 0 0 0 0 0 0 0 0 0 0 0 0 0 0 0 0 0 0 0 0 0 0 0 0 0 0 0 0 0 0 0 0 0 0 0 0 0 0 0 0 0 0 0 0 0 0 0 0 0 0 0
0 0 0 0 0 0 0 0 0 0 0 0 0 0 0 0 0 0 0 0 0 0 0 0 0 0 5 0 0 0 0 0 0 0 0 0 0 0 0 0 0 0 0 0 0 0 0 0 1 0 0 0 0 0 0 0 0 0 0 0 0 0 0 0 0 0 0 0 0 0 0 0 0 0 0 0 0 0 0 0 0 0 0 0 0 0 0 0 0 0 0 0 0 0 0 0 0 0 0 0 0 0 0 0 0 0 0 0 0 0 0 0 0 0 0 0 0 0 0 0 0 0 0 0 0 0 0 0 0 0 0 0 0 0 0 0 0 0 0 0 0 0 0 0 0 0 0 0 0 0
0 0 0 0 0 0 0 0 0 0 0 0 0 0 0 0 0 0 0 0 0 0 0 0 0 0 0 2 2 0 0 0 0 0 0 0 0 0 0 0 0 0 0 0 0 0 0 0 0 0 0 0 0 0 0 0 0 0 0 0 0 0 0 0 0 0 0 0 0 0 0 0 0 0 0 0 0 0 0 0 0 0 0 0 0 0 0 0 0 0 0 0 0 0 0 0 0 0 0 0 0 0 0 0 0 0 0 0 0 0 0 0 0 0 0 0 0 0 0 0 0 0 0 0 0 0 0 0 0 0 0 0 0 0 0 0 0 0 0 0 0 0 0 0 0 0 0 0 0 0
0 0 0 0 0 0 0 0 0 0 0 0 0 0 0 0 0 0 0 0 0 0 0 0 0 0 0 0 0 0 0 0 0 0 0 0 0 0 0 0 0 0 0 0 0 0 0 0 0 0 0 0 0 0 0 0 0 0 0 0 0 0 0 0 0 0 0 0 0 0 0 0 0 0 0 0 0 0 0 0 0 0 0 0 0 0 0 0 0 0 0 0 0 0 0 0 0 0 0 0 0 0 0 0 0 0 0 0 0 0 0 0 0 0 0 0 0 0 0 0 0 0 0 0 0 0 0 0 0 0 0 0 0 0 0 0 0 0 0 0 0 0 0 0 0 0 0 0 0 0
0 0 0 0 0 0 0 0 0 0 0 0 0 0 0 0 0 0 0 0 0 0 0 0 0 0 0 0 0 0 0 0 0 0 0 0 0 0 0 0 0 0 0 0 0 0 0 0 0 0 0 0 0 0 0 0 0 0 0 0 0 0 0 0 0 0 0 0 0 0 0 0 0 0 0 0 0 0 0 0 0 0 0 0 0 0 0 0 0 0 0 0 0 0 0 0 0 0 0 0 0 0 0 0 0 0 0 0 0 0 0 0 0 0 0 0 0 0 0 0 0 0 0 0 0 0 0 0 0 0 0 0 0 0 0 0 0 0 0 0 0 0 0 0 0 0 0 0 0 0
0 0 0 0 0 0 0 0 0 0 0 0 0 0 0 0 0 0 0 0 0 0 0 0 0 0 0 0 0 0 0 0 0 0 0 0 0 0 0 0 0 0 0 0 0 0 0 0 0 0 0 0 0 0 0 0 0 0 0 0 0 0 0 0 0 0 0 0 0 0 0 0 0 0 0 0 0 0 0 0 0 0 0 0 0 0 0 0 0 0 0 0 0 0 0 0 0 0 0 0 0 0 0 0 0 0 0 0 0 0 0 0 0 0 0 0 0 0 0 0 0 0 0 0 0 0 0 0 0 0 0 0 0 0 0 0 0 0 0 0 0 0 0 0 0 0 0 0 0 0
0 0 0 0 0 0 0 0 0 0 0 0 0 0 0 0 0 0 0 0 0 0 0 0 0 0 0 0 0 0 0 0 0 0 0 0 0 0 0 0 0 0 0 0 0 0 0 0 0 0 0 0 0 0 0 0 0 0 0 0 0 0 0 0 0 0 0 0 0 0 0 0 0 0 0 0 0 0 0 0 0 0 0 0 0 0 0 0 0 0 0 0 0 0 0 0 0 0 0 0 0 0 0 0 0 0 0 0 0 0 0 0 0 0 0 0 0 0 0 0 0 0 0 0 0 0 0 0 0 0 0 0 0 0 0 0 0 0 0 0 0 0 0 0 0 0 0 0 0 0
0 0 0 0 0 0 0 0 0 0 0 0 0 0 0 0 0 0 0 0 0 0 0 0 0 0 0 0 0 0 0 0 0 0 0 0 0 0 0 0 0 0 0 0 0 0 0 0 0 0 0 0 0 0 0 0 0 0 0 0 0 0 0 0 0 0 0 0 0 0 0 0 0 0 0 0 0 0 0 0 0 0 0 0 0 0 0 0 0 0 0 0 0 0 0 0 0 0 0 0 0 0 0 0 0 0 0 0 0 0 0 0 0 0 0 0 0 0 0 0 0 0 0 0 0 0 0 0 0 0 0 0 0 0 0 0 0 0 0 0 0 0 0 0 0 0 0 0 0 0
