0 1 31 1 0 0 7 1 5 122 7 5 0 3 0 0 0 2 1 0 1 0 0 0 1 12 0 0 0 0 0 0 0 1 4 2 0 0 1 6 0 0 0 0 3 0 0 0 0 0 0 0 0 0 1 1 0 0 0 2 23 12 8 2 0 0 3 0 0 0 0 3 10 101 195 265 66 23 31 6 38 173 39 84 63 146 246 245 44 144 1054 655 72 580 490 685 1089 785 963 250 117 82 14 22 40 44 30 356 237 25 9 17 22 65 40 22 32 10 2 1 1 43 9 14 0 3 0 2 9 12 3 21 1 3 2 0 0 0 0 0 1 0 0 0 1 0 0 0 1 15
0 2 4 8 1 0 0 0 0 8 6 10 1 0 0 0 0 5 5 0 0 2 8 0 10 23 0 4 0 0 0 0 0 0 0 0 0 0 2 0 0 0 0 0 0 0 0 0 0 0 0 0 0 2 5 0 0 0 0 20 78 18 4 172 4 0 0 0 1 3 0 4 52 48 13 9 181 49 3 14 39 24 1 0 67 205 324 147 257 233 68 16 294 282 156 249 373 421 808 606 221 42 25 15 30 11 1 64 20 9 7 9 1 15 34 23 16 9 2 9 3 3 12 4 3 0 2 5 10 19 12 1 71 76 0 0 0 0 0 76 12 1 0 0 0 0 0 0 0 0
0 0 0 1 6 0 0 0 1 6 6 0 4 1 0 0 0 8 0 1 0 10 66 16 10 0 0 9 0 0 0 0 0 0 0 0 0 2 0 44 11 0 0 2 0 0 0 0 0 0 0 0 0 0 9 0 0 1 1 7 11 4 1 2 0 0 0 0 0 0 0 5 1 0 0 0 0 29 73 223 52 60 6 15 183 165 700 197 6 16 96 43 74 379 488 639 235 400 338 449 354 412 27 34 18 7 4 21 174 112 22 4 4 2 2 2 13 18 90 20 66 14 8 7 1 9 2 8 1 58 2 5 68 127 0 0 2 0 3 14 4 2 0 0 0 0 0 0 0 0
54 5 0 0 0 0 0 0 0 1 1 4 0 0 0 2 0 0 3 0 0 0 1 7 8 0 0 11 12 0 0 0 0 0 0 0 0 2 0 5 6 0 0 0 0 0 0 0 0 0 3 0 0 0 49 12 4 15 19 1 1 1 5 6 0 0 0 0 0 0 6 138 12 1 1 8 19 67 217 108 68 50 9 172 123 18 30 159 3 154 1163 747 1195 554 789 550 105 180 674 412 467 390 125 22 14 77 13 63 283 44 3 13 19 14 1 2 13 57 57 9 20 75 19 2 0 1 3 3 9 0 3 4 19 0 2 0 26 0 0 6 43 12 0 0 0 0 3 0 0 0
2 33 2 0 0 0 0 0 2 3 2 1 0 0 0 15 17 2 0 0 0 1 1 0 2 0 2 0 0 0 0 0 2 0 3 12 2 0 0 0 1 0 0 0 0 0 0 0 0 5 0 0 0 4 22 168 29 30 5 0 4 0 0 2 0 0 0 0 0 4 222 48 73 78 20 53 89 81 247 187 223 187 244 8 108 67 44 212 10 362 1600 621 583 828 344 133 105 579 289 598 745 733 601 579 335 64 77 95 6 7 11 70 35 51 16 0 4 17 40 63 161 682 112 11 3 3 2 0 2 7 0 1 0 0 1 0 0 0 0 0 51 40 0 0 0 0 0 0 0 0
13 1 0 0 0 0 0 0 0 4 2 0 0 0 0 1 0 2 5 44 1 0 0 0 0 0 0 0 1 0 2 1 0 0 4 132 66 7 0 0 0 0 0 0 0 0 0 0 0 20 21 19 0 3 5 42 23 6 8 1 0 0 1 0 0 0 0 0 3 29 59 111 113 63 121 40 26 31 31 284 444 674 482 74 0 126 41 18 4 178 1459 517 47 374 651 534 101 1836 353 480 551 345 863 427 45 99 47 42 6 6 1 1 17 20 2 12 21 2 2 2 98 105 4 3 3 3 2 0 2 0 1 0 0 0 0 0 0 0 0 0 1 1 0 0 0 0 0 0 0 0
2 0 0 7 0 0 0 0 3 14 10 0 0 3 0 0 0 0 0 0 1 3 1 0 0 0 0 0 0 1 1 2 1 0 0 11 6 2 7 0 0 0 0 0 0 0 0 0 0 0 0 1 4 2 1 18 9 1 53 32 1 3 0 0 2 1 0 0 7 43 32 54 130 328 282 80 266 129 289 359 644 600 840 468 87 5 6 132 98 60 1368 877 70 455 659 367 383 491 595 58 20 476 96 139 12 28 48 14 16 8 32 212 146 54 11 24 3 2 12 27 54 82 2 1 0 1 6 5 0 0 3 0 0 0 0 0 0 4 0 0 0 0 0 0 0 0 0 0 0 0
1 0 0 2 0 0 0 0 1 0 0 0 0 0 0 0 0 0 0 0 0 0 0 0 0 0 0 0 0 10 8 0 0 0 3 5 0 0 11 1 0 0 0 0 0 0 0 0 0 0 1 0 4 12 3 3 2 11 42 63 42 55 35 2 6 28 0 0 7 54 3 7 23 33 50 26 59 157 593 655 853 451 768 153 114 108 184 381 214 82 344 51 29 311 475 248 154 900 780 148 129 341 295 667 136 109 9 38 82 23 286 297 43 51 19 69 1 1 12 10 22 3 3 11 17 2 5 2 1 0 0 0 0 0 0 0 0 1 0 0 0 0 0 0 0 0 0 0 1 0
2 0 0 0 0 0 1 0 2 4 0 0 0 1 3 0 0 0 0 0 0 0 0 0 0 0 0 0 0 0 11 0 0 0 0 0 0 0 1 1 0 0 0 0 0 0 0 0 0 0 0 0 1 6 0 2 2 22 7 52 316 167 12 0 2 30 2 8 3 23 0 0 0 4 2 5 13 26 71 324 555 723 626 13 10 6 400 221 236 69 5 10 320 1035 1629 1221 189 396 302 101 199 68 76 265 624 121 114 242 24 22 569 96 248 8 24 8 2 5 3 7 4 2 11 17 4 1 2 0 0 1 4 0 0 0 0 0 0 0 0 0 0 0 0 0 0 0 0 0 0 0
0 0 0 0 0 0 0 1 8 4 0 0 0 0 0 0 0 0 0 1 0 0 0 0 0 0 0 0 0 0 0 0 0 0 0 0 0 0 2 1 0 1 0 0 0 0 0 0 5 0 0 0 16 5 0 1 0 1 0 16 36 146 17 6 3 1 0 2 0 11 0 0 0 0 0 18 2 17 88 489 805 482 565 248 1006 748 265 78 151 120 35 9 22 607 1141 1382 692 106 103 19 62 76 18 3 71 204 207 206 32 12 319 491 201 25 0 175 277 489 306 22 29 9 47 25 20 20 10 2 0 17 33 9 0 0 0 0 0 0 0 0 0 0 0 0 0 0 0 0 0 0
0 5 8 0 0 0 12 0 6 1 2 1 0 0 0 10 3 3 1 0 0 0 0 0 0 0 0 0 0 0 0 0 0 0 0 2 0 0 2 0 0 1 1 0 0 0 4 7 18 4 9 2 12 54 0 0 0 11 12 29 1 93 5 3 0 0 2 0 1 0 0 0 0 0 0 0 12 6 65 213 366 236 336 184 176 262 203 287 470 437 20 1 2 171 329 684 862 28 66 163 31 12 9 49 73 323 539 374 166 136 319 105 130 13 1 106 247 563 233 166 261 142 224 102 48 263 78 44 35 54 5 67 17 22 2 0 0 0 0 0 0 0 0 0 0 0 0 0 0 0
1 0 2 0 0 0 0 0 9 1 0 0 0 0 0 0 17 15 5 0 0 0 0 0 0 0 0 0 0 0 0 0 0 2 3 0 0 2 0 1 1 23 4 1 3 0 4 0 1 0 0 1 4 0 5 2 0 0 1 4 5 4 0 0 0 4 2 0 8 0 0 0 0 0 0 0 18 24 90 176 411 105 27 29 132 97 16 27 101 573 44 0 0 1 5 88 808 382 280 6 0 2 3 127 20 38 298 198 17 43 199 182 64 77 21 144 701 159 484 633 290 304 162 63 95 161 0 0 0 25 3 0 89 37 38 0 0 0 0 0 0 0 0 0 0 0 0 0 0 0
2 0 0 0 0 0 0 0 2 2 0 0 0 0 0 0 0 9 8 4 1 24 0 1 0 0 0 0 0 0 0 0 1 0 0 0 0 0 0 0 0 8 61 2 12 0 0 18 0 0 0 0 4 0 1 0 0 0 2 6 4 1 0 0 0 1 2 3 0 7 11 0 0 0 3 30 177 34 166 48 90 228 22 5 7 6 8 0 0 1 0 0 1 200 49 21 621 419 602 374 15 0 52 24 29 2 8 183 356 261 835 448 64 781 268 13 31 80 958 866 91 169 93 4 24 108 4 0 36 11 0 0 33 10 2 0 1 0 0 0 0 0 0 0 0 0 0 0 0 0
0 0 0 0 0 0 1 8 0 1 0 0 0 0 0 0 0 1 56 7 13 3 1 0 0 0 0 0 0 2 2 0 0 0 0 1 3 0 0 0 0 0 0 67 37 0 0 0 3 0 0 26 0 0 0 0 0 0 5 0 10 11 7 0 0 0 19 8 9 14 31 0 0 0 6 253 557 388 134 18 59 275 45 10 12 176 7 2 1 12 0 1 0 41 7 12 112 532 126 196 1 15 258 93 617 139 113 594 228 505 949 1144 564 239 192 223 176 131 1045 473 109 80 0 1 0 15 12 0 64 1 0 0 0 0 0 0 0 0 0 0 0 0 0 0 0 0 0 0 0 0
0 0 0 0 0 0 1 1 7 4 0 0 0 0 0 0 0 0 3 3 8 0 0 0 2 3 0 0 0 0 1 0 0 0 0 0 0 0 0 0 0 0 0 4 15 0 0 0 0 3 2 22 1 0 5 0 2 18 8 17 71 10 6 8 6 104 149 75 126 95 54 2 1 0 64 485 954 1050 271 13 0 178 18 2 4 17 13 2 0 25 8 12 6 9 0 2 21 360 240 159 4 41 559 594 1613 1068 1307 830 928 642 546 478 409 493 391 111 130 94 102 112 118 57 16 5 0 5 20 5 2 8 3 0 0 0 0 0 0 0 0 0 0 0 0 0 0 0 0 0 0 0
0 0 0 0 0 0 1 48 29 0 3 0 0 0 0 0 0 0 0 3 0 6 12 3 0 0 1 0 0 3 0 0 0 0 0 0 0 0 0 0 0 0 0 0 0 10 0 0 0 15 60 75 0 0 0 5 23 50 12 95 18 12 2 11 22 32 230 65 52 108 267 51 94 106 692 730 1504 790 86 15 1 0 0 0 0 0 10 33 3 35 1 10 1 0 4 123 50 13 38 17 15 1 1461 508 509 469 808 239 657 693 987 552 496 280 193 133 42 332 77 136 20 8 124 356 49 66 25 1 0 1 0 0 0 0 12 2 0 0 0 0 0 0 0 0 0 0 0 0 0 0
0 0 0 0 0 0 0 5 0 0 0 0 1 0 0 0 11 2 0 0 0 0 11 12 17 4 0 0 0 0 0 0 0 0 0 0 0 1 0 0 1 0 0 0 0 18 2 11 0 3 34 4 2 8 9 20 46 100 69 34 3 5 0 0 0 1 0 0 0 0 5 1 46 18 181 213 538 212 97 0 0 0 1 0 0 0 0 28 48 4 1 0 3 0 2 111 24 0 4 56 13 155 724 652 348 170 270 175 354 667 584 327 554 349 299 62 41 61 128 25 0 4 14 37 11 197 2 6 3 0 0 0 0 0 0 0 0 0 0 0 0 0 0 0 0 0 0 0 0 0
0 0 0 1 0 6 1 0 0 0 0 1 0 0 0 3 0 3 0 3 1 5 1 1 13 1 4 15 12 0 0 0 0 0 0 0 2 0 0 0 0 0 0 1 0 18 33 4 3 25 16 27 5 47 16 17 43 45 262 14 6 0 0 0 4 4 13 52 1 25 25 6 95 23 25 71 11 125 28 15 1 0 0 0 0 1 0 7 71 0 0 19 123 35 4 0 6 0 41 447 151 109 114 57 102 384 127 145 648 312 72 51 48 149 93 21 55 95 16 4 0 0 6 4 115 459 150 9 0 0 0 0 0 0 0 0 0 0 0 0 0 0 0 0 0 0 0 0 0 0
0 0 0 1 2 0 0 0 0 0 0 0 0 0 0 0 0 1 0 4 1 3 8 0 6 1 32 31 17 0 0 0 0 0 0 10 3 0 0 0 0 0 1 108 18 11 7 2 12 290 76 23 4 15 19 27 148 37 20 18 22 17 2 0 1 3 2 2 3 1 9 6 27 6 2 32 32 15 1 15 11 0 6 29 0 5 16 2 3 0 1 29 69 205 29 1 0 67 265 18 125 196 41 14 125 47 113 238 538 2 0 56 4 397 31 1 1 0 0 0 0 0 2 5 28 134 188 200 0 1 0 0 0 0 0 0 0 0 0 0 0 0 0 0 0 0 0 0 0 0
0 0 0 0 0 0 0 0 0 0 0 0 1 0 2 0 0 0 0 0 0 7 32 5 4 4 2 10 270 3 0 0 2 0 1 0 0 0 0 0 0 1 4 37 9 43 60 7 1 97 18 2 0 1 54 3 29 91 2 0 1 17 0 0 0 4 0 0 3 17 39 10 5 0 0 37 14 0 0 0 0 0 0 0 0 21 16 1 18 4 0 18 4 0 0 23 0 3 4 2 955 1064 576 72 84 87 143 380 112 0 0 0 2 182 27 0 0 0 0 0 0 0 0 6 14 3 3 110 12 0 0 0 0 0 0 0 0 0 0 0 0 0 0 0 0 0 0 0 0 0
0 0 0 0 0 0 0 0 0 0 0 0 0 0 0 0 0 0 12 1 1 6 8 7 0 10 5 1 1 1 1 28 4 0 0 0 0 0 0 0 5 2 31 13 8 24 11 29 46 161 238 52 5 25 22 8 9 0 2 0 0 7 6 8 137 74 1 1 3 3 69 15 2 0 5 86 276 81 1 25 5 22 3 5 0 0 1 4 23 1 5 0 2 0 0 0 0 1 270 303 1212 907 325 108 0 6 103 76 1 0 0 0 0 28 0 0 0 0 0 0 0 0 2 0 0 0 62 160 0 0 0 0 0 0 0 0 0 0 0 0 0 0 0 0 0 0 0 0 0 0
0 0 0 0 0 0 0 0 0 0 0 0 0 3 0 0 7 0 0 1 0 0 8 1 0 1 3 0 0 0 11 37 7 4 0 0 0 4 0 0 102 11 0 0 0 0 9 5 309 613 144 121 17 0 0 1 1 0 0 0 0 1 0 0 4 17 24 2 2 30 57 19 9 0 0 3 62 49 32 37 15 11 6 25 8 0 7 3 170 26 7 5 0 1 2 3 1 0 64 266 130 51 27 1 11 1 84 69 7 0 0 0 10 45 0 0 0 0 0 0 0 0 0 0 0 42 28 0 0 4 2 0 0 0 0 0 0 0 0 0 0 0 0 0 0 0 0 0 0 0
0 0 0 0 0 0 0 0 0 0 0 0 0 1 2 1 0 0 0 0 0 0 10 1 1 0 0 0 0 0 0 8 24 13 4 0 5 68 3 6 2 0 0 0 0 0 9 14 12 384 356 172 6 0 0 1 0 3 8 0 0 0 0 0 9 0 16 2 0 3 5 23 17 5 0 0 4 0 27 26 1 19 12 0 0 12 9 1 0 1 2 3 1 0 0 1 4 0 0 0 8 0 2 43 24 32 24 36 60 90 29 10 48 0 0 0 0 0 0 0 0 0 0 8 23 29 83 0 0 0 1 0 0 0 0 0 0 0 0 0 0 0 0 0 0 0 0 0 0 0
0 0 0 0 0 0 0 0 0 0 0 0 0 0 3 0 3 2 0 2 10 3 0 6 0 0 0 0 0 0 0 1 7 0 7 6 6 25 5 0 0 0 0 0 7 41 20 28 3 174 62 15 0 1 4 4 5 14 1 0 0 0 0 9 0 0 0 0 0 0 1 2 89 36 4 8 0 0 0 1 0 3 70 76 6 0 0 0 0 0 0 4 0 2 1 0 0 0 2 20 0 1 2 61 34 11 6 0 3 15 1 145 27 0 0 0 0 0 0 0 0 0 0 70 6 7 29 60 1 0 0 0 0 0 0 0 0 0 0 0 0 0 0 0 0 0 0 0 0 0
0 0 0 0 0 0 0 0 0 0 0 0 0 1 0 0 0 5 0 0 0 0 1 0 0 0 1 0 0 0 0 3 14 5 23 0 0 105 0 0 0 0 0 7 17 20 24 2 1 12 42 38 6 13 14 3 1 0 2 1 0 0 0 0 1 0 0 28 3 1 1 5 9 10 31 6 0 0 0 0 0 1 2 51 7 2 1 0 0 0 5 0 0 1 0 2 3 1 0 4 5 5 3 14 406 0 0 2 0 0 0 8 0 0 0 9 0 0 0 0 0 0 2 0 0 13 37 3 0 0 1 0 0 0 0 0 0 0 0 0 0 0 0 0 0 0 0 0 0 0
0 0 0 0 0 0 0 0 0 0 0 0 0 5 15 0 0 0 4 0 0 0 3 7 0 0 0 0 0 0 0 0 6 83 29 0 0 15 1 0 0 0 0 9 66 13 2 2 7 1 32 4 0 0 0 0 4 0 0 0 3 0 0 1 7 2 2 1 2 0 8 29 0 3 0 6 14 0 0 0 4 0 1 12 34 8 2 3 0 19 0 0 1 6 2 1 2 13 3 6 12 7 6 79 145 189 0 1 0 0 0 0 4 0 10 4 0 0 0 0 0 0 0 0 0 42 5 37 4 0 0 0 0 0 0 0 8 15 0 0 0 0 0 0 0 0 0 0 0 0
0 0 0 0 0 0 0 0 0 0 0 0 0 0 10 0 0 16 0 0 0 3 5 1 0 0 0 8 7 0 0 4 1 8 20 0 0 5 3 0 0 1 0 8 55 5 2 1 5 5 25 11 0 0 1 2 0 0 0 0 0 0 0 1 5 0 0 1 7 0 10 3 0 0 0 0 7 2 0 0 0 0 18 5 0 4 8 9 1 0 0 0 0 2 0 3 0 0 0 1 11 12 18 3 22 314 35 0 0 0 0 0 0 4 13 4 0 0 2 1 0 0 0 0 6 119 3 5 0 0 0 0 0 0 0 0 1 7 0 0 0 0 0 0 0 0 0 0 0 0
0 0 0 0 0 0 0 0 0 0 0 0 0 13 3 1 2 25 6 0 0 6 3 0 0 0 0 2 0 1 6 5 2 10 1 1 0 31 6 18 39 26 6 68 86 7 1 0 2 3 0 27 17 0 1 1 0 0 0 0 0 0 1 0 1 0 0 0 6 28 63 9 3 3 0 0 1 8 1 0 0 0 0 0 1 0 0 10 18 1 0 0 3 1 0 0 0 0 0 0 0 21 7 1 35 812 588 29 0 0 0 0 0 0 0 0 4 114 168 5 0 0 0 59 107 23 88 140 105 12 0 0 0 0 0 1 6 1 0 0 0 0 0 0 0 0 0 0 0 0
0 0 0 0 0 0 0 2 1 3 1 1 8 9 4 4 18 56 2 3 1 1 2 1 0 0 0 3 11 10 0 1 5 1 3 23 52 105 23 118 207 523 336 187 72 15 0 1 1 2 0 1 18 6 0 0 0 0 0 0 0 0 0 0 0 0 0 0 0 2 8 11 2 0 7 108 0 24 2 0 2 4 4 0 7 0 0 0 25 6 4 0 1 2 7 14 1 0 1 0 1 27 9 18 375 279 220 311 0 0 0 0 0 0 0 7 186 90 22 0 0 0 5 53 93 286 506 454 14 26 0 0 0 23 1 7 0 0 0 0 0 0 0 0 0 0 0 0 0 0
0 0 0 0 0 0 0 0 3 2 10 44 25 0 0 1 2 10 1 0 9 3 7 22 4 4 2 0 0 3 1 0 2 1 9 22 0 2 56 216 524 963 450 487 38 0 3 4 2 2 7 7 31 67 2 4 0 0 0 0 0 0 0 0 0 0 0 0 0 0 4 0 1 0 0 1 0 0 5 0 0 2 3 0 23 0 0 0 0 2 0 1 13 6 1 4 0 0 0 7 0 0 3 4 7 49 1 72 13 0 0 0 0 0 32 21 419 280 28 25 9 16 1 62 81 29 280 353 523 235 22 57 16 97 1 0 0 0 0 0 0 0 0 0 0 0 0 0 0 0
0 0 0 0 0 0 0 3 0 1 1 2 2 0 3 2 0 0 16 14 0 4 66 17 0 0 0 0 1 0 5 10 0 0 4 25 9 19 30 63 442 333 344 162 20 9 3 0 2 2 2 27 9 4 2 0 1 0 0 0 0 0 0 0 0 0 0 0 0 0 1 1 0 0 0 1 7 1 5 0 0 18 13 0 18 0 0 0 15 9 1 0 7 4 4 0 2 3 5 0 0 0 1 5 0 5 0 2 23 1 4 3 2 0 33 772 493 402 150 116 86 61 57 1 2 10 35 95 0 236 1 221 516 33 21 0 0 0 0 0 0 0 0 0 0 0 0 0 0 0
0 0 0 0 0 0 1 3 0 1 10 13 1 0 1 3 0 1 13 10 242 186 3 0 0 0 0 0 0 12 1 0 9 22 3 5 0 2 0 80 368 248 304 124 48 11 3 0 7 21 1 0 10 6 6 1 0 0 0 0 0 0 0 0 0 0 0 0 0 1 0 0 0 0 0 0 0 1 11 0 13 13 29 114 37 0 0 0 0 0 0 1 2 3 0 1 3 1 0 0 0 0 0 1 3 3 3 9 128 99 316 497 103 119 337 722 496 168 45 399 62 156 10 4 33 70 54 146 0 0 53 166 181 26 22 0 0 0 0 0 0 0 0 0 0 0 0 0 0 0
0 0 0 0 0 0 1 3 0 7 0 1 1 15 0 3 4 7 13 5 64 0 0 0 0 0 0 2 0 17 74 11 4 0 1 2 1 6 14 5 15 71 29 4 0 0 0 0 2 0 0 2 35 2 2 0 3 4 5 0 0 0 0 0 0 0 0 0 0 1 0 0 0 0 0 4 1 7 1 1 0 9 8 2 0 0 0 0 4 0 1 0 1 2 8 6 6 0 0 0 1 0 0 0 0 2 4 14 117 54 78 60 23 209 1156 452 224 268 49 274 61 4 0 17 3 26 23 0 0 0 42 143 1 0 0 0 0 0 0 0 0 0 0 0 0 0 0 0 0 0
0 0 1 0 0 8 7 17 8 2 0 0 0 6 9 1 1 10 18 34 18 0 0 0 0 0 0 0 0 6 56 2 5 2 18 0 1 1 4 1 14 6 4 1 1 2 0 0 9 2 0 2 226 4 6 21 17 2 1 0 0 0 0 0 0 0 0 0 0 0 0 0 0 0 0 0 1 5 5 0 0 0 5 0 0 0 0 0 0 0 0 0 0 24 9 0 3 2 0 0 0 0 0 0 0 2 2 34 24 0 0 6 220 148 159 549 150 184 55 121 214 1 0 0 0 1 0 0 0 0 1 48 14 0 0 0 0 0 0 0 0 0 0 0 0 0 0 0 0 0
0 0 0 0 1 17 10 2 1 2 1 0 1 13 2 10 19 6 0 0 3 6 6 0 1 1 0 15 31 13 10 31 16 1 0 3 0 1 1 6 24 24 9 0 1 0 1 0 0 0 0 7 86 47 4 20 1 0 0 0 0 0 0 0 0 0 0 0 0 0 0 0 0 0 0 0 10 8 4 0 0 0 0 0 0 0 0 0 5 0 12 4 14 27 3 7 4 1 0 13 3 0 0 0 1 0 0 189 539 4 0 0 0 0 0 1 0 71 258 339 49 0 1 0 0 3 1 0 0 0 0 0 63 3 0 0 0 0 0 0 0 0 0 0 0 0 0 0 0 0
1 1 0 1 3 0 0 34 2 1 8 11 8 1 1 142 42 22 1 9 3 0 0 1 6 0 0 4 0 7 5 4 3 0 1 1 0 0 0 2 5 0 0 0 0 0 4 0 0 0 0 28 16 8 19 1 2 0 0 0 0 0 0 0 0 0 0 0 0 0 0 0 0 0 0 0 10 16 2 0 0 0 0 0 0 0 0 0 2 0 3 0 1 14 0 0 0 0 10 0 0 0 5 0 9 13 23 24 151 0 0 0 0 0 5 0 0 3 42 204 305 298 0 0 1 27 0 0 0 40 152 7 19 10 0 0 0 0 0 0 0 0 0 0 0 0 0 0 0 0
0 0 0 0 0 5 2 1 1 1 28 7 2 0 74 41 37 32 7 0 0 0 4 1 0 2 4 1 0 0 0 0 1 1 3 0 0 0 0 6 1 79 3 3 2 1 0 0 0 0 2 26 27 22 33 7 5 2 0 0 0 0 0 0 0 0 0 0 0 0 0 0 0 0 0 0 0 19 77 5 0 7 0 0 0 0 7 46 20 0 0 1 3 2 0 0 0 3 2 0 23 11 9 3 1 24 17 7 47 4 0 0 0 3 29 39 133 374 61 211 416 103 4 6 244 54 0 0 0 68 125 0 0 0 0 0 0 0 0 0 0 0 0 0 0 0 0 0 0 0
0 3 2 0 0 0 2 5 6 0 6 77 9 10 0 1 2 7 0 1 1 0 2 1 5 1 1 1 21 0 0 0 0 0 0 0 0 0 0 0 0 10 14 2 2 1 10 3 0 0 0 49 28 3 0 2 0 0 8 0 0 0 0 0 0 0 0 0 0 0 0 0 0 0 0 0 0 9 43 0 1 14 0 0 0 0 1 5 0 0 5 0 3 1 0 0 0 0 5 5 0 1 4 1 3 0 10 31 28 13 0 0 0 0 100 500 667 537 34 49 45 71 67 219 107 0 2 0 8 418 97 0 0 0 0 0 0 0 0 0 0 0 0 0 0 0 0 0 0 0
0 0 1 0 0 0 5 1 4 0 7 31 0 1 1 1 0 1 0 1 2 0 0 0 1 0 1 0 4 0 0 0 0 0 0 0 0 2 4 1 0 6 1 0 7 0 0 0 0 0 1 54 1 1 1 0 1 0 1 11 2 0 0 0 0 0 0 0 0 0 0 0 0 0 0 0 3 6 82 23 16 5 13 0 0 0 0 0 0 0 0 0 2 7 0 0 0 0 0 2 2 1 1 2 2 12 13 4 34 0 0 0 12 3 38 8 3 41 603 249 15 207 436 424 303 175 74 115 457 1325 383 3 0 0 0 0 0 0 0 0 0 0 0 0 0 0 0 0 0 0
0 1 2 0 0 6 5 4 1 12 9 0 0 28 24 4 1 2 0 0 0 0 0 0 1 11 13 0 0 0 0 3 4 0 0 0 0 0 0 11 0 0 0 0 0 0 6 1 2 3 6 256 42 3 1 1 0 5 0 4 0 1 0 2 0 0 0 0 0 0 0 0 0 0 0 0 0 11 74 0 1 38 7 0 0 0 0 0 1 2 0 3 2 5 2 28 10 0 0 0 3 0 3 4 14 4 6 0 53 32 3 9 11 0 0 6 1 152 183 437 398 642 631 427 1171 844 468 564 759 637 332 1 0 0 0 0 0 0 0 0 0 0 0 0 0 0 0 0 0 0
0 0 0 0 2 4 0 1 17 3 0 2 1 0 1 36 3 1 1 0 0 0 0 0 0 9 5 0 8 0 2 0 0 0 2 0 0 2 1 1 0 0 2 0 0 0 1 0 11 27 509 512 15 90 16 1 3 6 4 12 0 0 0 0 0 0 0 0 0 0 0 0 0 0 0 1 1 0 6 0 0 3 0 0 0 0 0 0 7 1 0 0 17 0 0 0 0 0 2 1 6 16 3 7 17 4 9 23 2 12 3 1 3 4 1 2 4 64 364 1301 1244 701 196 848 990 645 103 614 421 19 97 6 0 0 0 0 0 0 0 0 0 0 0 0 0 0 0 0 0 0
2 0 0 5 1 0 1 0 7 3 3 1 3 6 0 0 2 5 1 0 0 0 0 1 13 0 0 1 3 0 0 43 10 1 0 1 3 0 3 1 0 0 0 0 0 0 1 0 2 22 609 578 488 534 33 13 0 0 2 2 0 0 0 0 0 0 0 0 0 0 0 0 0 0 1 0 0 0 0 6 0 0 0 0 0 0 0 20 61 0 0 25 6 0 0 0 0 0 0 14 6 0 12 11 5 153 311 14 0 0 0 1 1 4 3 4 9 14 102 480 384 489 175 2083 1093 444 225 148 49 479 744 618 0 0 0 0 0 0 0 0 0 0 0 0 0 0 0 0 0 0
1 2 0 16 0 0 21 4 3 3 7 34 0 1 0 0 0 0 0 0 0 0 0 0 0 0 1 0 0 0 0 13 12 2 0 0 0 1 0 0 0 0 0 0 0 1 0 0 0 5 233 329 442 357 59 44 1 2 2 2 1 0 0 0 0 0 0 0 0 0 0 0 0 0 0 4 0 0 0 17 2 4 1 0 0 0 0 20 32 0 6 22 51 0 0 0 0 0 0 2 4 19 16 8 4 53 2 1 0 0 0 0 1 1 1 0 2 5 36 21 274 153 267 447 815 883 396 496 253 695 313 194 1 0 0 0 0 0 0 0 0 0 0 0 0 0 0 0 0 0
8 4 3 10 4 4 18 10 1 0 2 6 0 0 0 0 0 0 0 0 0 0 0 0 0 0 0 0 0 0 0 2 0 0 0 0 0 4 0 0 0 0 0 0 0 2 0 1 9 0 18 137 205 5 8 19 4 1 3 2 1 0 0 0 0 0 0 0 0 0 0 0 0 0 0 0 0 0 2 0 0 1 0 0 0 2 24 31 6 1 2 222 109 33 4 0 0 0 0 12 14 3 33 118 17 0 4 2 14 0 0 0 1 21 2 3 3 68 79 8 149 631 477 395 209 449 653 1193 246 115 78 116 0 0 0 0 0 0 0 0 0 0 0 0 0 0 0 0 0 0
4 0 9 0 5 0 46 75 10 14 8 7 1 2 0 0 0 0 0 0 0 0 0 1 0 0 0 0 2 2 0 0 0 0 0 1 0 0 3 0 0 0 0 0 0 0 0 2 3 8 3 16 71 6 9 0 0 56 59 168 0 0 0 0 0 0 0 0 0 0 0 0 0 0 0 0 0 0 0 0 0 1 8 14 12 8 0 0 11 19 129 120 86 0 3 1 0 3 13 36 40 249 335 313 238 8 16 5 28 4 0 0 2 0 1 1 16 20 29 302 247 634 1838 1282 828 185 1767 1513 1028 0 0 0 0 0 0 0 0 0 0 0 0 0 0 0 0 0 0 0 0 0
4 4 13 0 10 17 5 39 5 8 0 2 1 2 0 0 0 0 0 0 0 0 0 0 0 0 0 0 2 0 0 0 0 10 0 0 0 1 0 0 4 0 0 0 0 0 0 0 1 1 0 21 69 1 5 0 0 7 87 5 2 0 0 0 0 0 0 0 0 0 0 0 0 0 0 0 0 0 0 0 2 0 9 2 0 0 0 4 4 22 76 80 89 8 27 6 1 0 0 14 374 253 279 279 199 40 0 4 2 4 7 0 0 3 0 0 2 329 223 679 408 8 11 81 71 182 321 529 246 0 193 7 0 0 0 0 0 0 0 0 0 0 0 0 0 0 0 0 0 0
4 7 152 0 31 84 37 8 3 2 0 1 11 2 0 1 0 0 0 1 1 1 0 0 0 0 0 0 0 0 0 0 0 0 0 1 0 0 0 0 3 1 1 0 0 2 0 0 0 0 0 11 14 0 0 0 4 1 1 16 3 1 0 0 0 0 0 0 0 0 0 0 0 0 0 0 0 0 0 0 24 35 0 0 7 2 94 7 0 0 0 2 3 0 0 0 0 0 0 14 12 91 855 184 269 187 14 6 2 4 7 1 0 0 0 6 177 338 101 13 0 0 0 0 29 306 105 649 382 6 5 2 0 0 0 0 0 0 0 0 0 0 0 0 0 0 0 0 0 0
3 50 76 218 343 512 170 26 11 0 0 0 0 0 1 1 0 0 0 1 11 4 0 0 0 0 0 0 1 0 0 0 0 0 0 0 0 0 1 0 0 2 0 17 0 5 0 8 4 0 0 50 5 0 0 1 2 1 6 14 0 1 0 0 0 0 0 0 0 0 0 0 0 0 0 0 0 0 2 12 17 1 0 0 6 3 37 161 62 0 0 0 0 0 0 0 0 0 0 0 0 140 400 130 77 142 6 0 0 1 8 1 0 0 4 20 88 3 5 43 0 0 0 0 10 287 267 391 180 1 7 0 0 0 0 0 0 0 0 0 0 0 0 0 0 0 0 0 0 0
1 138 374 796 473 488 172 14 0 0 1 9 3 0 0 0 2 4 0 0 0 0 0 0 0 0 0 1 0 0 0 0 0 0 0 0 0 0 0 3 1 2 0 2 2 0 0 8 49 2 0 0 14 0 0 0 2 1 0 0 0 6 0 0 0 0 0 0 0 0 0 0 0 0 0 0 0 11 0 0 0 0 0 0 0 0 24 8 0 0 3 0 0 0 0 0 0 0 0 0 8 65 20 7 116 66 0 0 0 0 17 24 0 14 17 0 1 6 6 19 23 43 4 0 7 137 77 145 26 4 0 1 0 0 0 0 0 0 0 0 0 0 0 0 0 0 0 0 0 0
1 2 253 233 121 142 40 12 4 2 0 0 0 0 0 0 0 1 1 4 2 5 0 4 0 0 0 0 0 1 0 0 1 0 1 0 1 0 0 0 0 0 0 0 0 2 0 3 2 6 0 0 0 2 0 0 0 0 0 0 0 0 0 0 0 0 0 0 0 0 0 0 0 0 0 0 1 1 0 0 0 0 0 0 0 0 48 22 4 9 19 0 0 0 0 11 0 0 1 398 767 84 206 111 1 105 23 0 0 0 2 3 6 1 0 0 0 0 3 28 72 24 111 201 29 14 0 1 0 1 0 0 0 0 0 0 0 0 0 0 0 0 0 0 0 0 0 0 0 0
13 19 27 80 24 13 1 1 1 0 22 1 0 0 0 0 0 0 0 0 0 26 0 0 0 0 0 1 0 0 0 0 0 1 0 0 0 0 0 0 0 0 0 0 0 14 1 0 0 0 1 0 1 0 1 12 0 0 0 0 0 0 0 0 0 0 0 0 0 0 0 0 0 0 0 0 2 7 0 0 0 0 0 0 0 0 98 1 0 18 21 0 0 0 47 108 73 14 217 1263 324 442 84 21 0 18 59 61 0 0 18 0 0 0 0 0 0 0 19 22 104 8 12 18 1 20 23 17 44 12 4 0 0 0 0 0 0 0 0 0 0 0 0 0 0 0 0 0 0 0
38 12 13 7 1 0 0 2 0 0 0 0 0 0 0 0 0 0 0 0 3 16 1 1 0 2 0 2 0 0 0 0 0 1 12 0 0 0 0 0 0 0 0 0 1 2 0 0 1 0 0 0 2 10 41 9 16 0 0 0 0 0 0 0 0 0 0 0 0 0 0 0 0 0 19 7 0 0 0 0 0 0 0 0 0 0 10 1 0 0 84 9 2 7 127 217 49 5 73 129 29 4 13 4 0 2 0 70 348 93 2 0 0 0 0 0 0 1 0 0 24 0 0 0 7 91 28 41 450 171 7 0 0 0 0 0 0 0 0 0 0 0 0 0 0 0 0 0 0 0
8 0 1 0 0 0 1 0 0 0 0 0 0 0 0 0 0 0 0 0 0 0 0 0 0 0 1 0 0 0 10 55 4 0 0 0 0 0 0 0 0 0 0 0 0 1 0 0 0 0 0 0 1 0 11 0 0 0 0 0 0 0 0 0 0 0 0 0 0 0 0 0 0 0 8 8 0 0 0 0 0 0 0 0 0 0 76 62 147 47 93 16 10 8 5 29 6 5 0 1 9 1 0 0 0 5 144 187 126 21 0 0 0 0 0 0 0 6 0 0 1 18 4 11 6 91 48 152 103 130 35 0 0 0 0 0 0 0 0 0 0 0 0 0 0 0 0 0 0 0
0 2 0 1 0 0 0 0 0 0 0 0 0 0 0 0 0 0 0 1 0 0 0 1 0 0 0 0 8 0 0 1 0 4 0 0 0 0 0 0 0 0 0 0 0 1 19 0 0 0 0 1 2 33 7 0 0 0 0 0 0 0 0 0 0 0 0 0 0 0 0 0 1 0 1 0 0 0 0 0 0 0 0 0 0 0 1 0 92 8 0 0 0 4 7 28 0 4 6 0 0 1 0 2 4 121 555 275 53 77 0 0 0 0 0 0 0 0 76 3 0 65 0 2 1 0 49 29 0 18 2 20 0 0 0 0 0 0 0 0 0 0 0 0 0 0 0 0 0 0
0 0 0 0 0 1 0 0 0 0 0 0 0 0 0 0 0 0 0 0 0 0 0 3 0 0 0 0 0 7 0 0 0 0 1 0 0 0 0 0 0 0 0 0 0 1 0 0 0 0 1 3 0 51 1 2 0 0 0 0 0 0 0 0 0 0 0 0 0 0 3 1 0 2 0 0 0 0 0 0 0 0 0 0 0 0 0 0 2 0 0 0 1 7 0 0 0 0 2 0 4 15 2 0 41 57 109 2 48 76 0 0 0 0 0 0 0 0 3 2 0 0 0 39 76 14 330 44 18 31 0 0 0 0 0 0 0 0 0 0 0 0 0 0 0 0 0 0 0 0
0 0 0 0 2 20 1 0 0 0 0 0 0 0 0 0 0 1 0 0 0 0 0 0 0 0 1 0 0 1 0 13 0 0 0 0 0 0 0 0 0 0 0 0 0 0 0 0 0 0 20 0 4 1 0 1 5 1 0 0 0 0 0 0 0 0 0 5 0 2 0 0 0 0 0 0 0 0 0 0 0 0 0 0 0 0 0 0 1 2 0 28 75 3 0 0 1 0 1 3 0 4 16 8 30 6 0 3 2 8 0 0 0 0 0 0 0 0 0 0 1 6 0 16 0 0 0 204 2 1 0 0 0 0 0 0 0 0 0 0 0 0 0 0 0 0 0 0 0 0
0 0 0 0 46 6 0 0 0 0 0 0 0 0 3 0 0 1 0 0 0 0 0 0 0 0 2 0 10 0 1 0 0 0 0 0 0 0 0 0 0 0 0 1 0 3 0 0 0 1 2 0 0 2 1 1 0 0 0 2 0 0 0 0 0 0 0 0 0 1 0 0 1 0 0 0 0 0 0 0 0 0 0 0 0 0 0 0 39 29 124 187 110 11 0 0 0 1 1 32 26 413 293 32 0 9 2 0 0 68 2 0 0 0 0 0 0 0 0 0 0 0 0 0 0 2 32 17 0 0 0 0 0 0 0 0 0 0 0 0 0 0 0 0 0 0 0 0 0 0
0 0 0 0 4 0 3 0 0 0 0 0 1 0 0 0 0 0 0 0 0 0 0 0 0 0 3 0 0 3 3 0 0 0 0 2 2 0 0 0 0 0 0 0 0 4 0 0 0 0 0 0 0 1 1 0 0 0 0 0 0 0 0 0 0 0 0 0 8 1 0 0 1 0 0 0 0 0 0 0 0 0 0 0 0 0 0 1 14 67 168 108 52 20 3 0 2 2 1 38 71 77 67 9 1 0 2 0 0 2 1 0 0 0 0 0 0 0 0 0 0 63 67 0 0 4 0 0 0 0 0 0 0 0 0 0 0 0 0 0 0 0 0 0 0 0 0 0 0 0
1 0 0 0 0 13 0 0 0 0 0 1 13 11 0 1 0 1 0 0 0 0 0 0 0 2 2 0 0 12 0 0 0 0 0 2 0 0 0 0 0 0 0 1 7 4 9 0 0 2 0 0 1 12 3 1 0 0 0 0 0 0 0 0 0 0 2 8 56 0 0 0 0 0 0 0 0 0 0 0 0 0 0 0 8 5 19 2 1 3 0 0 6 0 114 0 0 2 4 10 60 0 0 1 0 0 0 0 0 19 2 13 0 0 0 0 0 0 0 0 0 0 0 0 0 44 0 1 0 0 0 0 0 0 0 0 0 0 0 0 0 0 0 0 0 0 0 0 0 0
0 0 0 0 0 1 6 0 0 0 0 0 0 0 6 0 0 0 0 0 0 0 0 0 0 0 0 0 0 0 0 0 0 0 1 0 0 0 0 0 0 0 4 0 0 0 1 4 0 6 0 0 0 9 4 3 1 0 0 0 0 0 0 0 0 0 10 42 7 0 0 0 0 0 0 0 0 0 0 0 0 0 0 0 85 0 0 0 0 13 3 1 5 1 0 7 2 15 6 9 27 10 4 0 3 0 38 2 56 105 76 255 11 10 0 0 0 0 0 0 0 0 0 0 0 0 0 0 0 0 0 0 0 0 0 0 0 0 0 0 0 0 0 0 0 0 0 0 0 0
0 0 0 0 2 2 2 4 0 0 0 0 0 0 0 0 0 0 0 0 0 0 0 0 0 0 0 1 0 0 0 0 0 0 0 0 0 0 2 0 0 0 0 0 0 1 0 4 6 0 0 0 0 1 0 46 56 1 0 0 0 0 0 0 0 3 32 71 0 0 0 0 0 0 0 0 0 0 0 0 0 0 0 10 25 0 0 7 2 2 3 2 0 0 0 10 23 14 167 0 2 1 4 0 0 0 13 2 26 57 168 23 42 3 0 0 0 0 0 0 0 0 0 0 0 0 0 0 0 0 0 0 0 0 0 0 0 0 0 0 0 0 0 0 0 0 0 0 0 0
0 0 0 0 2 0 0 0 0 0 0 0 0 0 0 0 0 0 0 0 0 0 0 0 0 0 0 2 0 0 0 0 0 0 0 0 1 0 13 0 0 0 0 0 0 0 2 2 54 5 0 0 0 0 2 0 3 2 17 9 0 0 0 25 3 2 2 0 0 0 0 0 0 0 0 0 0 0 0 0 0 0 0 0 0 0 0 17 7 1 0 0 0 0 16 98 5 0 0 0 0 0 0 0 14 69 473 743 392 84 14 0 31 3 0 0 0 0 0 0 0 0 0 0 0 0 0 0 0 0 0 0 0 0 0 0 0 0 0 0 0 0 0 0 0 0 0 0 0 0
0 0 2 0 0 51 1 2 0 1 4 0 0 0 0 0 0 0 0 0 0 0 0 0 0 0 0 0 0 0 0 0 0 0 0 2 0 1 4 0 0 0 0 0 0 0 7 3 1 1 0 0 4 4 16 0 0 0 0 0 0 0 0 3 1 0 0 3 0 7 0 3 0 0 0 0 0 0 0 0 0 0 0 0 0 0 0 1 0 1 4 14 0 0 89 8 0 0 0 0 0 1 0 5 37 46 165 216 129 139 62 164 63 0 0 0 0 0 0 0 0 0 0 0 0 0 0 0 0 0 0 0 0 0 0 0 0 0 0 0 0 0 0 0 0 0 0 0 0 0
0 0 0 0 13 30 0 0 0 1 0 0 0 1 0 0 2 0 0 0 0 0 0 0 0 0 0 0 0 0 0 0 0 0 0 0 0 0 0 0 0 1 1 0 0 0 4 2 6 0 5 3 3 3 1 0 1 1 0 0 0 0 1 6 0 1 0 0 2 0 0 0 1 3 0 0 0 0 0 0 0 0 0 0 0 0 0 0 0 0 0 2 4 18 1 11 134 0 0 0 0 0 0 45 99 190 2 0 8 22 0 4 3 0 0 0 0 0 0 0 0 0 0 0 0 0 0 0 0 0 0 0 0 0 0 0 0 0 0 0 0 0 0 0 0 0 0 0 0 0
1 0 1 0 1 1 0 0 3 0 0 0 0 0 0 0 0 0 0 0 0 0 0 0 0 0 0 0 0 0 1 0 4 3 1 0 0 0 0 0 0 0 0 1 0 0 1 1 1 2 0 0 0 3 0 0 0 0 1 0 1 4 0 0 0 0 0 0 0 0 1 1 1 0 0 0 0 0 0 0 0 0 0 0 0 0 0 0 0 0 0 17 31 5 8 124 284 0 0 0 0 0 0 4 4 0 0 0 0 0 24 51 2 0 0 0 0 0 0 0 0 0 0 0 0 0 0 0 0 0 0 0 0 0 0 0 0 0 0 0 0 0 1 2 15 0 0 0 0 0
0 0 0 1 1 0 0 0 0 144 0 0 3 0 0 0 0 0 0 0 0 0 0 0 0 0 0 0 0 0 0 0 0 0 0 0 0 0 0 0 0 0 0 0 0 0 0 0 0 0 1 1 4 2 12 0 0 0 3 2 14 0 0 0 0 0 0 0 0 0 1 1 0 0 0 0 0 0 0 0 0 0 0 0 0 0 0 0 19 4 1 19 104 112 36 1 2 0 0 0 0 0 3 2 0 0 1 1 0 61 113 0 0 1 0 0 0 0 0 0 0 0 0 0 0 0 0 0 0 0 0 0 0 0 0 0 0 0 0 0 0 0 0 0 0 0 0 0 0 0
0 0 0 0 2 0 0 0 0 0 0 0 0 1 0 0 0 0 0 0 0 0 0 0 1 0 0 0 0 0 0 0 0 0 0 0 0 0 0 0 0 0 0 0 0 0 0 0 0 0 2 5 18 0 0 0 0 0 0 3 3 1 0 0 0 0 0 0 0 0 0 0 0 0 0 0 0 0 0 0 0 0 0 0 0 0 0 0 0 1 0 68 465 0 0 13 2 0 0 0 0 0 0 1 0 0 0 1 17 0 3 0 0 0 0 0 0 0 0 0 0 0 0 0 0 0 0 0 0 0 0 0 0 0 0 0 0 0 0 0 0 0 0 0 0 0 0 0 0 0
0 0 0 0 0 0 0 0 0 0 0 0 0 0 0 0 0 0 0 0 0 0 0 0 0 0 0 0 0 0 0 0 0 0 0 0 1 0 0 0 0 0 0 0 0 0 0 0 0 0 0 20 0 0 0 0 0 0 0 4 1 0 0 0 0 0 0 0 0 0 1 32 1 0 0 0 0 0 0 0 0 0 0 0 0 0 0 0 0 3 5 7 0 3 12 0 0 0 0 0 0 0 0 0 0 0 0 0 0 0 0 0 0 0 0 0 0 0 0 0 0 0 0 0 0 0 0 0 0 0 0 0 0 0 0 0 0 0 0 0 0 0 0 0 0 0 0 0 0 0
0 0 0 0 0 0 0 0 0 0 0 0 0 0 0 0 0 0 0 0 0 0 5 20 0 0 0 0 0 0 0 0 0 0 0 0 3 0 0 0 0 0 0 0 0 0 0 0 0 0 0 12 2 0 0 0 0 1 0 0 0 9 13 0 0 0 0 0 0 0 0 7 5 0 0 0 0 0 0 0 0 0 0 0 0 0 0 0 0 9 2 40 22 13 5 1 1 0 0 0 0 0 0 0 0 0 0 0 0 0 0 0 0 0 0 0 0 0 0 0 0 0 0 0 0 0 0 0 0 0 0 0 0 0 0 0 0 0 0 0 0 0 0 0 0 0 0 0 0 0
0 0 0 0 0 0 0 0 0 3 0 0 0 0 0 0 0 0 0 0 1 0 1 2 0 0 0 0 0 0 0 0 0 0 0 0 0 0 0 0 0 0 0 0 0 0 0 0 0 0 0 12 13 0 0 0 0 0 0 0 2 18 35 0 0 0 0 0 0 0 0 0 0 0 1 0 0 0 0 0 0 0 0 0 0 0 0 0 0 0 6 40 0 9 4 3 0 0 0 0 0 0 0 0 0 0 0 0 0 0 0 0 0 0 0 0 0 0 0 0 0 0 0 0 0 0 0 0 0 0 0 0 0 0 0 0 0 0 0 0 0 0 0 0 0 0 0 0 0 0
0 0 0 0 0 0 0 0 0 0 0 0 2 0 0 0 0 0 0 0 1 0 0 0 0 0 0 0 0 3 1 0 0 0 0 0 0 0 0 0 0 0 0 0 0 0 0 0 0 0 7 28 64 11 8 3 1 0 0 0 0 7 0 0 0 0 0 0 0 0 0 0 0 0 1 0 0 0 0 0 0 0 0 0 0 0 0 0 0 0 0 0 13 9 5 3 0 0 1 0 0 0 0 0 0 0 0 0 0 0 0 0 0 0 0 0 0 0 0 0 0 0 0 0 0 0 0 0 0 0 0 0 0 0 0 0 0 0 0 0 0 0 0 0 0 0 0 0 0 0
0 0 0 0 0 0 0 4 0 0 0 0 1 1 0 2 0 1 0 0 0 0 0 0 0 0 2 0 0 0 0 0 1 0 0 0 0 0 1 0 0 0 0 0 0 0 0 0 1 3 0 21 131 0 14 0 0 0 0 0 0 3 0 0 0 0 0 0 0 0 0 0 0 0 0 0 0 0 0 0 0 0 0 0 0 0 0 0 0 0 0 1 3 3 4 0 3 0 0 5 0 0 0 0 0 0 0 0 0 0 0 0 0 0 0 0 0 0 0 0 0 0 0 0 0 0 0 0 0 0 0 0 0 0 0 0 0 0 0 0 0 0 0 0 0 0 0 0 0 0
0 0 0 0 0 0 0 0 0 5 0 0 0 1 0 0 0 0 1 0 0 0 0 5 0 6 0 0 0 0 0 0 0 1 0 0 0 2 0 0 0 0 0 0 0 0 0 4 0 0 0 10 16 0 0 0 0 0 0 1 6 3 0 0 0 0 0 0 0 0 0 0 0 0 0 0 0 0 0 0 0 0 0 0 0 0 0 0 0 0 0 0 0 0 0 9 14 0 2 0 0 0 0 0 0 0 0 0 0 0 0 0 0 0 0 0 0 0 0 0 0 0 0 0 0 0 0 0 0 0 0 0 0 0 0 0 0 0 0 0 0 0 0 0 0 0 0 0 0 0
1 0 4 0 0 0 0 0 0 0 1 0 0 0 0 0 0 2 0 0 0 0 0 0 0 0 1 0 0 0 0 0 0 0 22 1 0 1 0 0 0 0 0 0 0 0 2 84 0 0 0 0 0 0 0 0 0 0 0 18 2 0 0 0 0 0 0 0 0 0 0 0 0 0 0 0 0 0 0 0 0 0 0 0 0 0 0 0 0 0 0 0 0 0 0 7 10 24 0 0 0 0 0 0 0 0 0 0 0 0 0 0 0 0 0 0 0 0 0 0 0 0 0 0 0 0 0 0 0 0 0 0 0 0 0 0 0 0 0 0 0 0 0 0 0 5 0 0 0 0
1 0 0 0 0 0 0 0 0 0 0 0 0 0 0 0 1 0 0 1 3 0 0 0 0 0 0 0 0 0 0 0 0 2 0 0 0 2 0 0 0 0 0 0 0 1 1 0 0 0 0 0 0 0 0 0 0 0 0 0 1 0 0 0 0 0 0 0 0 0 0 0 5 0 0 0 0 0 0 0 0 0 0 0 0 0 0 0 0 0 0 0 0 0 8 3 8 2 0 3 3 0 0 0 0 0 0 0 0 0 0 0 0 0 0 0 0 0 0 0 0 0 0 0 0 0 0 0 0 0 0 0 0 0 0 0 0 0 0 0 0 0 0 0 0 0 0 0 0 0
0 0 0 0 0 0 0 0 0 0 0 1 0 0 0 0 0 0 0 0 0 0 0 0 0 0 0 0 0 0 0 0 0 0 0 0 0 0 0 0 0 0 0 0 0 0 0 0 0 0 0 0 0 0 0 0 0 0 0 0 2 0 0 0 0 0 0 0 0 0 0 2 0 0 0 0 0 0 0 0 0 0 0 0 0 0 0 0 0 0 0 0 0 1 1 0 0 0 0 0 0 0 0 0 0 0 0 0 0 0 0 0 0 0 0 0 0 0 0 0 0 0 0 0 0 0 0 0 0 0 0 0 0 0 0 0 0 0 0 0 0 0 0 0 0 0 0 0 0 0
0 0 0 0 0 0 0 0 0 0 15 0 4 0 0 4 3 0 0 0 0 0 0 0 0 0 0 0 0 0 0 0 0 0 0 0 0 0 0 0 0 0 0 0 2 0 0 0 0 0 0 0 0 0 0 0 0 0 0 0 2 0 0 0 0 0 0 0 0 0 0 0 0 0 0 0 0 0 0 0 0 0 0 0 0 0 0 0 0 0 0 0 0 0 0 0 4 0 0 0 0 0 0 0 0 0 0 0 0 0 0 0 0 0 0 0 0 0 0 0 0 0 0 0 0 0 0 0 0 0 0 0 0 0 0 0 0 0 0 0 0 0 0 0 0 0 0 0 0 0
1 0 0 0 0 0 0 0 0 0 0 6 5 1 1 1 5 2 0 0 0 0 0 0 0 0 0 0 0 0 0 0 0 0 0 0 0 0 0 0 0 0 0 5 0 0 0 0 0 0 0 0 0 0 0 0 0 0 0 7 1 0 0 0 0 0 0 0 55 0 0 0 0 0 0 0 0 0 0 0 0 0 0 0 0 0 0 0 0 0 0 0 0 0 0 0 5 0 0 2 0 0 0 0 0 0 0 0 0 0 0 0 0 0 0 0 0 0 0 0 0 0 0 0 0 0 0 0 0 0 0 0 0 0 0 0 0 0 0 0 0 0 0 0 0 0 0 0 0 0
0 0 0 0 0 0 0 0 0 0 0 0 8 0 0 0 1 3 3 0 0 0 0 0 0 1 0 0 0 0 0 0 0 0 0 1 3 3 3 0 0 0 0 0 0 0 0 0 0 0 0 0 0 0 0 0 0 0 0 0 3 5 1 0 6 0 0 2 107 33 1 0 0 0 0 0 0 0 0 0 0 0 0 0 0 0 0 0 0 0 0 0 0 0 0 0 0 0 0 0 0 0 0 0 0 0 0 0 0 0 0 0 0 0 0 0 0 0 0 0 0 0 0 0 0 0 0 0 0 0 0 0 0 0 0 0 0 0 0 0 0 0 0 0 0 0 0 0 0 0
0 0 0 0 0 0 0 0 0 0 2 5 16 7 0 1 25 0 2 6 0 4 2 20 0 5 0 0 0 0 0 0 0 0 2 1 8 7 3 2 0 0 1 0 0 0 0 0 0 0 0 0 0 0 0 0 0 0 0 0 0 3 0 1 95 24 4 0 0 0 0 0 0 0 0 0 7 14 0 0 0 0 0 0 0 0 0 0 0 2 0 0 0 0 0 0 0 0 0 0 0 0 0 0 0 0 0 0 0 0 0 0 0 0 0 0 0 0 0 0 0 0 0 0 0 0 0 0 0 0 0 0 0 0 0 0 0 0 0 0 0 0 0 0 0 0 0 0 0 0
3 34 3 0 1 0 0 0 0 0 0 3 3 0 0 0 6 0 0 12 11 108 24 4 18 0 0 0 0 1 0 0 0 0 2 8 11 0 0 0 1 1 0 0 0 0 0 0 0 0 0 0 0 0 0 0 0 0 0 0 0 0 0 0 1 1 0 0 0 0 0 0 0 0 0 0 12 0 0 0 0 0 0 0 0 0 0 0 0 0 0 0 0 0 0 0 0 0 0 0 0 0 0 0 0 0 0 0 0 0 0 0 0 0 0 0 0 0 0 0 0 0 0 0 0 0 0 0 0 0 0 0 0 0 0 0 0 0 0 0 0 0 0 0 0 0 0 0 0 0
31 5 9 0 2 1 0 0 0 0 0 0 3 0 0 0 3 0 0 8 0 102 9 4 5 5 0 0 13 12 3 0 0 0 0 0 0 1 0 0 4 3 0 0 0 0 0 0 0 0 0 0 0 0 0 0 0 0 0 0 0 0 0 0 1 0 0 0 0 0 0 0 0 0 0 0 0 0 0 0 0 0 0 0 0 0 0 0 0 1 0 0 0 0 0 0 0 0 0 0 0 2 0 0 0 0 0 0 0 0 0 0 0 0 0 0 0 0 0 0 0 0 0 0 0 0 0 0 0 0 0 0 0 0 0 0 0 0 0 0 0 0 0 0 0 0 0 0 0 0
0 0 0 0 0 0 0 0 0 0 0 6 8 0 0 0 0 0 0 3 0 2 9 3 0 6 1 0 1 4 0 0 0 0 0 0 0 0 0 0 0 0 0 0 0 0 0 0 0 0 0 0 0 0 0 0 0 0 0 0 0 0 0 0 0 0 0 0 0 0 0 0 0 0 0 0 0 0 0 0 0 0 0 0 0 0 0 0 0 0 0 0 0 0 0 0 0 0 0 0 0 0 0 0 0 0 0 0 0 0 0 0 0 0 0 0 0 0 0 0 0 0 0 0 0 0 0 0 0 0 0 0 0 0 0 0 0 0 0 0 0 0 0 0 0 0 0 0 0 0
0 0 0 0 0 0 0 0 0 0 0 0 0 1 0 0 0 0 1 2 0 0 0 0 1 9 9 4 11 0 0 0 0 2 2 0 0 0 0 0 0 0 0 0 0 0 0 0 0 0 0 0 0 0 0 0 0 0 0 0 0 0 0 0 0 0 0 0 0 0 0 0 0 0 0 0 0 0 0 0 0 0 0 0 0 0 0 0 0 0 0 0 0 0 0 0 0 0 0 0 0 0 0 0 0 0 0 0 0 0 0 0 0 0 0 0 0 0 0 0 0 0 0 0 0 0 0 0 0 0 0 0 0 0 0 0 0 0 0 0 0 0 0 0 0 0 0 0 0 0
0 0 0 0 0 0 0 0 0 0 0 0 0 0 0 0 0 0 0 1 0 0 0 0 0 0 1 6 100 35 1 2 2 12 1 0 3 0 0 0 0 0 0 0 0 0 0 0 0 0 0 0 0 0 0 0 0 0 0 0 0 0 0 0 0 0 0 0 0 0 0 0 0 0 0 0 0 0 0 0 0 0 0 0 0 0 0 0 0 0 0 0 0 0 0 0 0 0 0 0 0 0 0 0 0 0 0 0 0 0 0 0 0 0 0 0 0 0 0 0 0 0 0 0 0 0 0 0 0 0 0 0 0 0 0 0 0 0 0 0 0 0 0 0 0 0 0 0 0 0
0 0 0 0 0 0 0 0 0 0 0 0 0 0 0 0 0 0 0 0 0 0 0 8 0 1 1 5 0 0 3 0 0 1 0 1 5 0 0 0 0 0 0 0 0 0 0 0 0 0 0 0 0 0 0 0 0 0 0 0 0 0 0 0 0 0 0 0 0 0 0 0 0 0 0 0 0 0 0 0 0 0 0 0 0 0 0 0 0 0 0 0 0 0 0 0 0 0 0 0 0 0 0 0 0 0 0 0 0 0 0 0 0 0 0 0 0 0 0 0 0 0 0 0 0 0 0 0 0 0 0 0 0 0 0 0 0 0 0 0 0 0 0 0 0 0 0 0 0 0
0 0 0 0 0 0 0 1 0 0 0 0 0 0 0 0 0 0 0 0 0 0 0 0 5 2 3 0 0 0 13 1 3 1 0 1 0 4 0 0 0 0 0 0 0 0 0 0 0 0 0 0 0 0 0 0 0 0 0 0 0 0 0 0 0 0 0 0 0 0 0 0 0 0 0 0 0 0 0 0 0 0 0 0 0 0 0 0 0 0 0 0 0 0 0 0 0 0 0 0 0 0 0 0 0 0 0 0 0 0 0 0 0 0 0 0 0 0 0 0 0 0 0 0 0 0 0 0 0 0 0 0 0 0 0 0 0 0 0 0 0 0 0 0 0 0 0 0 0 0
0 0 0 0 0 0 0 0 0 0 0 9 9 2 0 0 0 0 0 0 0 0 0 0 0 0 0 0 0 0 0 0 5 0 0 0 1 3 0 0 0 0 0 0 0 0 0 0 0 0 0 0 0 0 0 0 0 0 0 0 0 0 0 0 0 0 0 0 0 0 0 0 0 0 0 0 0 0 0 0 0 0 0 0 0 0 0 0 0 0 0 0 0 0 0 0 0 0 0 0 0 0 0 0 0 0 0 0 0 0 0 0 0 0 0 0 0 0 0 0 0 0 0 0 0 0 0 0 0 0 0 0 0 0 0 0 0 0 0 0 0 0 0 0 0 0 0 0 0 0
0 0 0 0 0 0 0 0 0 0 0 5 1 0 0 0 0 0 0 0 0 0 0 0 0 0 0 10 1 3 4 0 0 0 0 0 0 0 0 0 0 0 0 0 0 0 0 0 0 0 0 0 0 0 0 0 0 0 0 0 0 0 0 0 0 0 0 0 0 0 0 0 0 0 0 0 0 0 0 0 0 0 0 0 0 0 0 0 0 0 0 0 0 0 0 0 0 0 0 0 0 0 0 0 0 0 0 0 0 0 0 0 0 0 0 0 0 0 0 0 0 0 0 0 0 0 0 0 0 0 0 0 0 0 0 0 0 0 0 0 0 0 0 0 0 0 0 0 0 0
0 0 0 0 0 0 0 0 0 0 2 0 0 0 0 0 0 0 0 0 0 0 0 0 0 0 0 4 0 0 0 0 2 1 0 0 0 0 0 0 0 0 0 0 0 0 0 0 0 0 0 0 0 0 0 0 0 0 0 0 0 0 0 0 0 0 0 0 0 0 0 0 0 0 0 0 0 0 0 0 0 0 0 0 0 0 0 0 0 0 0 0 0 0 0 0 0 0 0 0 0 0 0 0 0 0 0 0 0 0 0 0 0 0 0 0 0 0 0 0 0 0 0 0 0 0 0 0 0 0 0 0 0 0 0 0 0 0 0 0 0 0 0 0 0 0 0 0 0 0
0 0 0 0 0 0 0 0 0 0 0 0 0 0 0 0 0 0 0 0 0 0 0 0 0 0 0 0 0 0 0 0 0 0 0 0 0 0 0 0 0 0 0 0 0 0 0 0 0 0 0 0 0 0 0 0 0 0 0 0 0 0 0 0 0 0 0 0 0 0 0 0 0 0 0 0 0 0 0 0 0 0 0 0 0 0 0 0 0 0 0 0 0 0 0 0 0 0 0 0 0 0 0 0 0 0 0 0 0 0 0 0 0 0 0 0 0 0 0 0 0 0 0 0 0 0 0 0 0 0 0 0 0 0 0 0 0 0 0 0 0 0 0 0 0 0 0 0 0 0
0 0 0 0 0 0 0 0 0 0 2 0 0 0 0 0 0 0 0 0 0 0 0 0 0 0 0 0 0 0 0 0 0 0 0 0 0 0 0 0 0 0 0 0 0 0 0 0 0 0 0 0 0 0 0 0 0 0 0 0 0 0 0 0 0 0 0 0 0 0 0 0 0 0 0 0 0 0 0 0 0 0 0 0 0 0 0 0 0 0 0 0 0 0 0 0 0 0 0 0 0 0 0 0 0 0 0 0 0 0 0 0 0 0 0 0 0 0 0 0 0 0 0 0 0 0 0 0 0 0 0 0 0 0 0 0 0 0 0 0 0 0 0 0 0 0 0 0 0 0
0 0 0 0 0 0 0 0 0 0 2 0 0 0 0 0 0 0 0 0 0 0 0 0 0 0 0 0 0 0 0 0 0 0 0 0 0 0 0 0 0 0 0 0 0 0 0 0 0 0 0 1 0 0 0 0 0 0 0 0 0 0 0 0 0 0 0 0 0 0 0 0 0 0 0 0 0 0 0 0 0 0 0 0 0 0 0 0 0 0 0 0 0 0 0 0 0 0 0 0 0 0 0 0 0 0 0 0 0 0 0 0 0 0 0 0 0 0 0 0 0 0 0 0 0 0 0 0 0 0 0 0 0 0 0 0 0 0 0 0 0 0 0 0 0 0 0 0 0 0
0 0 0 0 0 0 0 0 1 13 0 0 0 0 0 0 0 0 0 0 0 0 0 0 0 0 0 0 0 0 0 0 0 0 0 0 0 0 0 0 0 0 0 0 0 0 0 0 1 0 1 0 0 0 0 0 0 0 0 0 0 0 0 0 0 0 0 0 0 0 0 0 0 0 0 0 0 0 0 0 0 0 0 0 0 0 0 0 0 0 0 0 0 0 0 0 0 0 0 0 0 0 0 0 0 0 0 0 0 0 0 0 0 0 0 0 0 0 0 0 0 0 0 0 0 0 0 0 0 0 0 0 0 0 0 0 0 0 0 0 0 0 0 0 0 0 0 0 0 0
0 0 0 0 0 4 9 3 0 0 0 0 0 0 0 0 0 0 0 0 0 0 0 0 0 0 0 0 0 0 0 0 0 0 0 0 0 0 0 0 0 0 0 0 0 0 0 0 0 21 29 0 0 0 2 0 0 0 0 0 0 0 0 0 0 0 0 0 0 0 0 0 0 0 0 0 0 0 0 0 0 0 0 0 0 0 0 0 0 0 0 0 0 0 0 0 0 0 0 0 0 0 0 0 0 0 0 0 0 0 0 0 0 0 0 0 0 0 0 0 0 0 0 0 0 0 0 0 0 0 0 0 0 0 0 0 0 0 0 0 0 0 0 0 0 0 0 0 0 0
0 0 0 0 0 0 9 6 0 0 0 0 0 0 0 0 0 0 0 0 0 0 0 0 0 0 0 0 0 0 0 0 0 0 0 0 0 0 0 0 0 0 0 0 0 0 0 0 0 0 0 0 0 0 0 0 0 0 0 0 0 0 0 0 0 0 0 0 0 0 0 0 0 0 0 0 0 0 0 0 0 0 0 0 0 0 0 0 0 0 0 0 0 0 0 0 0 0 0 0 0 0 0 0 0 0 0 0 0 0 0 0 0 0 0 0 0 0 0 0 0 0 0 0 0 0 0 0 0 0 0 0 0 0 0 0 0 0 0 0 0 0 0 0 0 0 0 0 0 0
0 0 0 0 0 0 0 0 0 0 0 0 0 0 0 0 0 0 0 0 0 0 0 0 0 0 0 0 0 0 0 0 0 0 0 0 0 0 0 0 0 0 0 0 0 0 0 0 0 0 0 0 1 4 0 0 0 0 0 0 0 0 0 0 0 0 0 0 0 0 0 0 0 0 0 0 0 0 0 0 0 0 0 0 0 0 0 0 0 0 0 0 0 0 0 0 0 0 0 0 0 0 0 0 0 0 0 0 0 0 0 0 0 0 0 0 0 0 0 0 0 0 0 0 0 0 0 0 0 0 0 0 0 0 0 0 0 0 0 0 0 0 0 0 0 0 0 0 0 0
0 0 0 0 0 0 0 0 0 0 0 0 0 0 0 0 0 0 0 0 0 0 0 0 0 0 0 0 0 0 0 0 0 0 0 0 0 0 0 0 0 0 0 0 1 0 0 0 0 0 0 0 0 0 0 0 0 0 0 0 0 0 0 0 0 0 0 0 0 0 0 0 0 0 0 0 0 0 0 0 0 0 0 0 0 0 0 0 0 0 0 0 0 0 0 0 0 0 0 0 0 0 0 0 0 0 0 0 0 0 0 0 0 0 0 0 0 0 0 0 0 0 0 0 0 0 0 0 0 0 0 0 0 0 0 0 0 0 0 0 0 0 0 0 0 0 0 0 0 0
0 0 0 0 0 0 0 0 0 0 0 0 0 0 0 0 0 0 0 0 0 0 0 0 0 0 0 0 0 0 0 0 0 0 0 0 0 0 0 0 0 0 0 0 0 0 0 0 0 0 0 0 0 0 0 0 0 0 0 0 0 0 0 0 0 0 0 0 0 0 0 0 0 0 0 0 0 0 0 0 0 0 0 0 0 0 0 0 0 0 0 0 0 0 0 0 0 0 0 0 0 0 0 0 0 0 0 0 0 0 0 0 0 0 0 0 0 0 0 0 0 0 0 0 0 0 0 0 0 0 0 0 0 0 0 0 0 0 0 0 0 0 0 0 0 0 0 0 0 0
0 0 0 0 0 0 0 0 0 0 0 0 0 0 0 0 0 0 0 0 0 0 0 0 0 0 0 0 0 0 0 1 0 0 0 0 0 0 0 0 0 0 0 0 0 0 0 0 0 0 0 0 1 0 0 0 0 0 0 0 0 0 0 0 0 0 0 0 0 0 0 0 0 0 0 0 0 0 0 0 0 0 0 0 0 0 0 0 0 0 0 0 0 0 0 0 0 0 0 0 0 0 0 0 0 0 0 0 0 0 0 0 0 0 0 0 0 0 0 0 0 0 0 0 0 0 0 0 0 0 0 0 0 0 0 0 0 0 0 0 0 0 0 0 0 0 0 0 0 0
0 0 0 0 0 0 0 0 0 0 0 0 0 0 0 0 0 0 0 0 0 0 0 0 0 0 0 0 0 0 0 0 0 0 1 0 0 0 0 0 0 0 0 0 0 0 0 0 0 0 0 0 0 4 0 0 0 0 0 0 0 0 0 0 0 0 0 0 0 0 0 0 0 0 0 0 0 0 0 0 0 0 0 0 0 0 0 0 0 0 0 0 0 0 0 0 0 0 0 0 0 0 0 0 0 0 0 0 0 0 0 0 0 0 0 0 0 0 0 0 0 0 0 0 0 0 0 0 0 0 0 0 0 0 0 0 0 0 0 0 0 0 0 0 0 0 0 0 0 0
0 0 0 0 0 0 0 0 0 0 0 0 0 0 0 0 0 0 0 0 0 0 0 0 0 0 0 0 0 0 2 5 0 0 0 0 0 0 0 0 0 0 0 0 0 0 0 0 0 0 0 0 0 0 0 0 0 0 0 0 0 0 0 0 0 0 0 0 0 0 0 0 0 0 0 0 0 0 0 0 0 0 0 0 0 0 0 0 0 0 0 0 0 0 0 0 0 0 0 0 0 0 0 0 0 0 0 0 0 0 0 0 0 0 0 0 0 0 0 0 0 0 0 0 0 0 0 0 0 0 0 0 0 0 0 0 0 0 0 0 0 0 0 0 0 0 0 0 0 0
0 0 0 0 0 0 0 0 0 0 0 0 0 0 0 0 0 0 0 0 0 0 0 0 0 0 0 0 0 0 2 3 0 0 0 0 0 0 0 0 0 0 0 0 0 0 0 0 0 0 0 0 0 0 0 0 0 0 0 0 0 0 0 0 0 0 0 0 0 0 0 0 0 0 0 0 0 0 0 0 0 0 0 0 0 0 0 0 0 0 0 0 0 0 0 0 0 0 0 0 0 0 0 0 0 0 0 0 0 0 0 0 0 0 0 0 0 0 0 0 0 0 0 0 0 0 0 0 0 0 0 0 0 0 0 0 0 0 0 0 0 0 0 0 0 0 0 0 0 0
0 0 0 0 0 0 0 0 0 0 0 0 0 0 0 0 0 0 0 0 0 0 0 0 0 0 1 0 0 3 0 0 0 0 0 0 0 0 0 0 0 0 0 0 0 0 0 0 0 0 0 0 0 0 0 0 0 0 0 0 0 0 0 0 0 0 0 0 0 0 0 0 0 0 0 0 0 0 0 0 0 0 0 0 0 0 0 0 0 0 0 0 0 0 0 0 0 0 0 0 0 0 0 0 0 0 0 0 0 0 0 0 0 0 0 0 0 0 0 0 0 0 0 0 0 0 0 0 0 0 0 0 0 0 0 0 0 0 0 0 0 0 0 0 0 0 0 0 0 0
0 0 0 0 0 0 0 0 0 0 0 0 0 0 0 0 0 0 0 0 0 0 0 0 0 0 0 0 0 40 14 0 0 0 0 0 0 0 0 0 0 0 0 0 0 0 0 0 0 0 0 0 0 0 0 0 0 0 0 0 0 0 0 0 0 0 0 0 0 0 0 0 0 0 0 0 0 0 0 0 0 0 0 0 0 0 0 0 0 0 0 0 0 0 0 0 0 0 0 0 0 0 0 0 0 0 0 0 0 0 0 0 0 0 0 0 0 0 0 0 0 0 0 0 0 0 0 0 0 0 0 0 0 0 0 0 0 0 0 0 0 0 0 0 0 0 0 0 0 0
0 0 0 0 0 0 0 0 0 0 0 0 0 0 0 0 0 0 0 0 0 0 0 0 0 0 2 0 0 0 0 0 0 0 0 0 0 0 0 0 0 0 0 0 0 0 0 0 0 44 0 0 0 0 0 0 0 0 0 0 0 0 0 0 0 0 0 0 0 0 0 0 0 0 0 0 0 0 0 0 0 0 0 0 0 0 0 0 0 0 0 0 0 0 0 0 0 0 0 0 0 0 0 0 0 0 0 0 0 0 0 0 0 0 0 0 0 0 0 0 0 0 0 0 0 0 0 0 0 0 0 0 0 0 0 0 0 0 0 0 0 0 0 0 0 0 0 0 0 0
0 0 0 0 0 0 0 0 0 0 0 0 0 0 0 0 0 0 0 0 0 0 0 0 0 0 16 0 0 0 0 0 0 0 0 0 0 0 0 0 0 0 0 0 0 0 0 0 1 0 0 0 0 0 0 0 0 0 0 0 0 0 0 0 0 0 0 0 0 0 0 0 0 0 0 0 0 0 0 0 0 0 0 0 0 0 0 0 0 0 0 0 0 0 0 0 0 0 0 0 0 0 0 0 0 0 0 0 0 0 0 0 0 0 0 0 0 0 0 0 0 0 0 0 0 0 0 0 0 0 0 0 0 0 0 0 0 0 0 0 0 0 0 0 0 0 0 0 0 0
0 0 0 0 0 0 0 0 0 0 0 0 0 0 0 0 0 0 0 0 0 0 0 0 0 0 0 0 2 0 0 0 0 0 0 0 0 0 0 0 0 0 0 0 0 0 0 0 0 0 0 0 0 0 0 0 0 0 0 0 0 0 0 0 0 0 0 0 0 0 0 0 0 0 0 0 0 0 0 0 0 0 0 0 0 0 0 0 0 0 0 0 0 0 0 0 0 0 0 0 0 0 0 0 0 0 0 0 0 0 0 0 0 0 0 0 0 0 0 0 0 0 0 0 0 0 0 0 0 0 0 0 0 0 0 0 0 0 0 0 0 0 0 0 0 0 0 0 0 0
0 0 0 0 0 0 0 0 0 0 0 0 0 0 0 0 0 0 0 0 0 0 0 0 0 0 0 0 0 0 0 0 0 0 0 0 0 0 0 0 0 0 0 0 0 0 0 0 0 0 0 0 0 0 0 0 0 0 0 0 0 0 0 0 0 0 0 0 0 0 0 0 0 0 0 0 0 0 0 0 0 0 0 0 0 0 0 0 0 0 0 0 0 0 0 0 0 0 0 0 0 0 0 0 0 0 0 0 0 0 0 0 0 0 0 0 0 0 0 0 0 0 0 0 0 0 0 0 0 0 0 0 0 0 0 0 0 0 0 0 0 0 0 0 0 0 0 0 0 0
0 0 0 0 0 0 0 0 0 0 0 0 0 0 0 0 0 0 0 0 0 0 0 0 0 0 0 0 0 0 0 0 0 0 0 0 0 0 0 0 0 0 0 0 0 0 0 0 0 0 0 0 0 0 0 0 0 0 0 0 0 0 0 0 0 0 0 0 0 0 0 0 0 0 0 0 0 0 0 0 0 0 0 0 0 0 0 0 0 0 0 0 0 0 0 0 0 0 0 0 0 0 0 0 0 0 0 0 0 0 0 0 0 0 0 0 0 0 0 0 0 0 0 0 0 0 0 0 0 0 0 0 0 0 0 0 0 0 0 0 0 0 0 0 0 0 0 0 0 0
0 0 0 0 0 0 0 0 0 0 0 0 0 0 0 0 0 0 0 0 0 0 0 0 0 0 0 0 0 0 0 0 0 0 0 0 0 0 0 0 0 0 0 0 0 0 0 0 0 0 0 0 0 0 0 0 0 0 0 0 0 0 0 0 0 0 0 0 0 0 0 0 0 0 0 0 0 0 0 0 0 0 0 0 0 0 0 0 0 0 0 0 0 0 0 0 0 0 0 0 0 0 0 0 0 0 0 0 0 0 0 0 0 0 0 0 0 0 0 0 0 0 0 0 0 0 0 0 0 0 0 0 0 0 0 0 0 0 0 0 0 0 0 0 0 0 0 0 0 0
0 0 0 0 0 0 0 0 0 0 0 0 0 0 0 0 0 0 0 0 0 0 0 0 0 0 0 0 0 0 0 0 0 0 0 0 0 0 0 0 0 0 0 0 0 0 0 0 0 0 0 0 0 0 0 0 0 0 0 0 0 0 0 0 0 0 0 0 0 0 0 0 0 0 0 0 0 0 0 0 0 0 0 0 0 0 0 0 0 0 0 0 0 0 0 0 0 0 0 0 0 0 0 0 0 0 0 0 0 0 0 0 0 0 0 0 0 0 0 0 0 0 0 0 0 0 0 0 0 0 0 0 0 0 0 0 0 0 0 0 0 0 0 0 0 0 0 0 0 0
0 0 0 0 0 0 0 0 0 0 0 0 0 0 0 0 0 0 0 0 0 0 0 0 0 0 0 0 0 0 0 0 0 0 0 0 0 0 0 0 0 0 0 0 0 0 0 0 0 0 0 0 0 0 0 0 0 0 0 0 0 0 0 0 0 0 0 0 0 0 0 0 0 0 0 0 0 0 0 0 0 0 0 0 0 0 0 0 0 0 0 0 0 0 0 0 0 0 0 0 0 0 0 0 0 0 0 0 0 0 0 0 0 0 0 0 0 0 0 0 0 0 0 0 0 0 0 0 0 0 0 0 0 0 0 0 0 0 0 0 0 0 0 0 0 0 0 0 0 0
