0 1 27 6 0 0 5 0 17 130 18 10 0 11 0 0 0 5 8 0 4 11 2 0 4 21 0 0 0 0 0 0 1 2 7 4 0 0 1 4 0 0 0 7 5 0 0 0 0 0 0 0 0 1 1 6 0 0 0 4 62 36 4 2 0 6 6 0 0 1 0 10 28 284 301 492 99 19 70 26 27 327 49 82 112 296 381 268 56 484 1681 895 65 1005 560 867 1427 864 1280 228 241 238 37 33 51 130 49 715 404 31 15 3 16 73 42 54 55 11 3 0 5 42 28 28 5 11 0 0 12 19 2 34 5 4 8 0 0 0 5 0 7 0 0 0 2 0 0 0 0 18
0 10 9 8 1 0 0 0 0 31 13 15 16 1 0 0 0 0 17 0 0 0 20 1 11 37 0 1 0 0 0 0 0 0 0 2 0 0 19 2 0 0 0 0 0 0 0 0 0 0 0 0 0 3 25 0 0 0 0 27 146 22 7 24 1 0 0 6 0 2 0 5 110 73 29 6 329 57 10 23 133 58 9 4 279 559 413 170 371 355 108 45 418 420 354 361 708 767 1482 967 387 82 64 38 18 10 1 107 51 28 14 15 3 11 73 36 8 15 6 20 3 13 24 7 4 4 6 7 32 49 31 14 222 66 0 2 0 0 2 68 5 0 0 0 0 0 0 0 1 0
0 0 0 4 1 0 1 0 1 8 10 6 21 5 0 0 0 3 6 0 0 13 93 24 9 0 1 15 0 0 0 0 0 2 0 6 1 35 2 23 6 0 0 2 0 0 0 0 0 0 0 0 0 1 9 0 0 2 8 14 11 32 2 2 0 0 0 0 0 0 0 3 0 0 0 0 3 43 194 305 216 45 4 38 199 460 777 264 5 9 107 65 182 658 944 1163 226 847 388 754 728 434 28 48 35 20 4 38 303 196 41 10 5 8 8 5 25 69 25 10 99 20 9 11 5 19 7 7 2 99 22 12 105 146 1 0 2 0 16 21 5 4 0 0 0 0 0 0 0 0
62 6 0 0 0 0 0 0 0 4 6 2 0 1 0 1 0 0 3 0 0 0 7 5 3 0 1 16 22 0 1 0 0 0 0 0 0 1 0 5 6 0 0 0 0 0 0 0 0 0 3 0 3 0 86 45 1 21 53 12 0 2 11 11 0 0 0 0 0 2 9 148 22 2 3 21 20 229 313 259 163 167 28 162 247 27 59 227 12 204 1143 1040 1929 791 1659 533 158 210 1096 565 716 741 222 56 38 243 6 65 418 50 26 23 30 37 1 10 18 109 151 19 44 85 27 7 0 8 0 3 28 3 8 7 38 0 9 0 12 1 0 9 73 13 0 0 0 0 0 0 0 0
5 15 1 0 0 0 0 0 4 2 1 0 0 0 0 27 12 4 1 0 0 0 0 0 6 2 1 0 0 1 2 0 1 0 0 11 24 0 0 0 0 0 0 0 0 0 0 0 0 5 0 0 0 1 66 428 39 53 10 0 3 6 0 10 0 0 0 0 0 12 219 98 122 164 17 181 68 242 282 228 350 400 323 9 314 136 65 94 30 806 1825 737 740 1315 720 327 153 958 680 1076 1291 1673 1024 926 477 142 172 28 10 22 12 79 41 31 21 2 6 31 60 79 351 1100 242 18 9 5 9 0 12 11 16 1 0 0 11 0 0 0 0 1 52 2 0 0 0 0 0 0 0 0
13 4 0 0 0 0 0 0 14 1 4 0 0 0 0 3 0 0 9 77 6 2 0 0 0 0 0 0 1 3 3 46 0 0 8 93 40 15 0 0 0 0 5 0 0 0 0 0 0 16 45 8 1 1 31 92 45 14 29 6 0 0 0 3 0 0 0 0 2 87 114 193 196 125 136 59 50 27 36 340 976 830 598 76 0 240 79 43 18 397 2098 1329 174 529 1076 608 150 3112 542 736 539 633 1484 554 25 178 38 104 17 6 2 8 13 50 9 31 29 7 2 15 186 278 11 5 3 63 2 2 1 3 2 0 1 0 0 0 1 0 1 0 0 5 0 0 0 0 0 0 0 0
2 0 0 9 0 1 0 0 0 7 4 0 0 1 0 0 0 2 0 0 0 2 3 0 0 0 0 0 0 1 4 4 4 5 0 20 0 7 9 0 0 0 0 0 0 0 0 0 0 3 1 7 7 4 0 29 12 0 66 38 6 2 0 0 7 4 0 0 7 128 73 79 285 612 512 158 533 225 563 617 1239 814 1250 604 95 24 3 278 113 129 1601 1235 123 640 1394 744 423 843 1086 59 38 486 132 380 34 49 106 12 16 26 41 196 247 24 38 27 0 1 16 35 130 165 5 3 3 2 12 5 0 0 2 0 0 0 0 0 0 2 0 0 0 0 0 0 0 0 0 0 0 0
6 0 0 0 0 0 0 0 2 0 2 0 0 0 0 0 0 0 0 0 0 0 0 0 0 0 0 0 0 0 15 0 0 0 8 24 4 0 52 7 0 0 0 0 0 0 0 0 0 0 0 0 11 30 4 8 0 30 83 92 77 72 72 2 17 59 0 0 13 91 10 8 45 68 106 44 113 268 843 1312 1035 671 1231 349 208 315 160 680 280 95 782 110 65 507 651 421 293 1055 1198 267 216 480 398 585 247 255 16 59 211 55 552 771 75 82 42 73 2 3 8 11 25 15 15 6 6 5 10 4 8 0 0 0 0 0 0 0 0 0 0 0 0 1 0 0 0 0 0 0 0 0
7 0 0 0 0 0 0 0 4 5 0 5 0 5 7 0 0 0 0 0 0 0 0 0 0 0 0 0 0 0 3 0 0 0 2 1 1 1 3 3 0 0 0 0 0 0 0 0 2 0 0 0 1 13 0 0 2 17 175 49 494 297 25 14 13 39 8 21 7 53 8 2 3 5 7 22 24 81 49 618 879 1236 675 54 17 14 255 421 447 98 9 16 429 1112 1540 1318 122 563 253 165 424 117 101 452 825 155 295 389 63 304 1297 281 300 9 44 7 9 8 2 19 46 6 9 29 2 2 9 2 1 0 6 0 0 0 0 0 0 0 0 0 0 0 0 0 0 0 0 0 0 0
0 0 0 0 0 0 1 0 18 17 0 0 0 5 0 1 0 0 0 0 0 0 0 0 0 0 0 0 0 0 0 0 0 0 0 0 0 0 1 2 0 0 0 0 0 0 1 3 7 19 5 0 49 8 0 0 0 1 0 32 68 223 24 18 2 4 2 1 1 14 0 0 0 0 0 41 17 41 273 800 1321 988 799 413 1686 1126 409 105 283 196 90 3 19 762 1400 2170 1025 143 142 18 66 144 29 13 97 614 378 373 104 34 553 783 222 46 9 376 299 726 293 119 33 19 28 50 38 26 9 7 16 27 73 13 0 0 0 0 0 0 0 0 0 0 0 0 0 0 0 0 0 1
0 2 21 0 0 0 6 0 10 4 1 2 0 0 0 10 1 1 2 0 0 0 0 0 0 0 0 0 0 0 0 4 0 0 0 6 0 1 0 1 0 9 5 4 0 0 8 20 19 26 23 2 11 14 0 0 0 8 43 31 0 127 12 13 0 3 0 0 0 3 0 0 0 0 1 0 12 34 178 354 652 376 610 539 234 321 255 484 564 415 42 0 10 370 552 1105 1084 88 23 143 33 17 5 32 125 366 875 472 317 313 837 175 187 49 1 181 344 683 431 266 400 228 339 271 119 613 71 89 79 40 11 140 41 53 4 0 0 0 0 0 0 0 0 0 0 0 0 0 0 0
8 0 7 0 0 0 1 0 48 5 0 0 0 0 0 1 12 16 0 0 0 0 0 1 0 0 0 0 0 0 0 0 0 4 7 0 2 3 1 5 5 13 27 11 8 6 5 2 4 1 0 0 5 8 2 6 2 7 6 5 6 6 0 2 3 4 0 3 1 0 11 1 0 0 0 7 41 22 95 404 618 218 47 100 186 146 17 25 162 726 30 0 0 4 9 145 1450 543 403 25 0 11 23 68 20 66 506 349 41 69 402 331 106 125 34 249 925 343 580 1126 477 577 263 344 450 207 0 0 0 35 1 0 134 36 177 1 0 0 0 0 0 0 0 0 0 0 0 0 0 0
0 0 0 0 0 3 2 0 7 11 0 0 0 0 0 0 2 16 5 8 4 8 0 3 0 0 0 0 0 2 0 0 8 0 1 1 2 1 0 0 0 5 53 3 26 0 0 8 0 0 0 0 6 0 12 0 0 0 7 9 3 7 2 0 0 1 1 5 0 8 25 0 0 0 0 56 196 107 145 56 341 373 18 4 24 55 5 0 1 34 8 1 1 55 78 22 984 614 816 675 22 5 48 42 20 7 25 216 598 415 1223 950 168 1062 329 59 45 112 1562 1640 300 369 176 3 67 147 23 0 35 27 2 0 36 15 0 0 2 1 0 0 0 0 0 0 0 0 0 0 0 0
0 0 0 0 0 0 7 4 0 0 0 0 0 0 0 0 0 0 108 11 5 8 2 0 0 0 0 0 0 2 6 0 0 0 0 0 3 0 0 0 0 1 0 113 87 0 0 0 1 2 0 66 1 0 0 0 0 0 10 0 6 7 5 12 0 0 36 12 22 26 62 0 0 0 0 375 931 744 244 28 73 533 77 11 52 265 10 8 2 36 3 0 0 58 52 28 139 723 247 286 4 18 353 128 489 71 146 593 374 1184 1524 1080 1205 866 386 373 222 256 1025 523 197 131 0 1 0 22 35 0 16 15 2 0 2 0 0 0 0 0 0 0 0 0 0 0 0 0 0 0 0 0
0 0 0 0 0 0 8 4 15 4 0 0 0 0 0 0 0 0 8 1 19 0 0 0 3 1 0 0 0 0 0 0 0 0 0 0 0 0 0 0 0 0 0 21 50 0 0 1 1 26 11 34 3 0 6 1 7 11 11 28 93 25 10 33 8 39 181 181 222 497 94 0 3 0 123 822 1733 1530 640 62 4 329 74 16 12 18 13 18 0 45 9 28 1 5 0 1 69 398 312 295 23 101 508 713 1584 1272 1596 1467 1167 1356 1003 635 663 792 653 268 211 147 108 174 243 151 50 7 0 17 60 13 34 16 2 0 0 0 0 0 0 0 0 0 0 0 0 0 0 0 0 0 0 0
0 0 0 0 0 1 0 41 25 3 12 0 0 0 0 0 0 0 12 4 0 19 21 10 0 0 0 0 0 1 0 0 0 0 0 0 0 0 0 6 0 0 0 0 1 21 0 0 0 45 78 159 2 4 1 13 47 124 9 112 107 32 4 70 35 83 183 113 129 293 346 78 276 184 960 1095 2095 1044 191 41 3 1 0 0 0 0 21 150 10 99 2 15 2 0 2 36 42 25 34 39 12 1 1501 818 786 770 966 422 771 1077 1295 708 808 450 294 100 50 194 178 86 34 24 200 610 83 110 11 1 8 2 0 0 0 1 21 4 0 0 0 0 0 0 0 0 0 0 0 0 1 0
0 0 0 0 0 0 1 3 0 0 0 0 4 0 0 6 16 9 0 5 0 1 24 41 19 15 5 0 1 1 0 0 0 0 0 0 0 0 0 0 0 0 1 1 0 13 5 4 0 31 31 4 5 16 14 77 121 169 96 53 6 8 0 0 0 5 0 1 1 0 35 1 70 51 370 476 846 671 213 0 0 1 3 0 0 0 0 30 76 12 0 0 17 1 3 233 65 0 4 86 23 322 955 1101 505 266 468 377 519 744 880 579 691 339 503 131 51 140 314 27 0 4 29 40 39 432 0 18 4 0 0 0 0 0 0 5 0 0 0 0 0 0 0 0 0 0 0 0 0 0
0 0 0 1 0 5 0 0 0 0 0 0 0 0 0 14 0 3 2 3 1 5 0 1 11 3 13 33 2 0 0 0 0 0 0 0 5 0 0 0 0 0 1 0 1 42 101 14 4 44 52 35 6 205 173 22 61 96 473 48 7 1 0 0 2 5 40 135 6 23 85 4 132 18 62 106 39 150 37 6 0 0 5 1 0 0 0 15 102 2 0 41 100 56 19 0 1 0 82 526 205 154 290 114 134 593 338 206 1008 746 261 172 85 181 225 32 145 174 30 9 0 0 6 14 157 786 332 20 4 2 0 0 0 0 0 0 0 0 0 0 0 0 0 0 0 0 0 0 0 0
0 0 0 1 1 9 0 0 0 0 0 0 2 1 0 3 2 0 1 3 1 4 8 1 6 9 50 63 26 0 0 0 0 0 0 21 1 0 0 0 0 1 1 10 32 37 25 4 41 468 139 29 28 34 34 48 188 98 38 35 76 29 6 0 0 1 6 8 2 11 23 16 45 14 2 115 83 29 10 8 11 0 15 46 1 21 16 29 2 0 3 72 109 437 24 2 0 47 301 22 190 315 61 20 138 131 226 514 612 0 0 102 4 496 44 0 8 0 0 0 0 0 3 9 60 246 422 417 3 1 0 0 0 0 0 0 0 0 0 0 0 0 0 0 0 0 0 0 0 0
0 0 0 0 1 0 0 0 0 0 0 0 0 0 2 0 2 1 1 2 1 17 66 2 5 10 22 18 345 4 0 5 4 1 3 0 0 0 0 0 0 1 7 163 15 158 111 32 7 306 27 8 2 32 89 13 38 158 4 0 2 1 0 0 1 15 3 1 14 26 61 48 20 0 4 143 63 0 1 1 3 0 0 3 0 22 26 1 8 4 2 25 64 0 0 16 0 10 12 12 856 1467 818 192 143 158 220 599 223 31 0 0 2 132 9 0 0 0 0 0 0 0 1 24 32 17 23 241 11 0 0 0 0 0 0 0 0 0 0 0 0 0 0 0 0 0 0 0 0 0
0 0 0 0 1 0 34 0 0 0 0 0 1 2 0 0 0 0 8 1 1 2 17 8 0 23 9 15 0 2 0 40 9 0 2 0 0 0 0 5 8 5 31 24 11 22 26 38 119 281 378 192 20 72 32 5 76 0 2 0 1 5 24 30 270 99 2 0 3 22 91 98 4 0 22 207 262 177 3 39 10 21 4 10 0 0 3 1 14 7 9 0 1 0 1 0 0 10 349 300 1223 1203 449 163 3 37 107 111 3 0 0 0 0 21 0 0 0 0 0 0 0 0 1 36 0 0 62 280 0 0 0 0 0 0 0 0 0 0 0 0 0 0 0 0 0 0 0 0 0 0
0 0 0 0 0 0 0 0 0 0 0 0 0 7 1 5 0 0 0 0 1 0 15 2 4 2 3 0 0 0 21 132 16 5 0 0 0 26 0 0 87 15 1 0 2 0 14 9 456 1019 404 310 44 0 1 6 5 6 0 0 0 7 2 0 8 29 26 4 5 61 29 8 5 0 1 13 145 84 44 94 39 24 14 55 9 2 9 7 250 83 23 7 2 62 1 15 1 3 90 412 438 79 38 3 14 5 135 78 5 0 0 0 9 173 0 0 0 0 0 0 0 0 0 0 0 75 43 0 0 6 4 1 0 0 0 0 0 0 0 0 0 0 0 0 0 0 0 0 0 0
0 0 0 3 1 0 0 0 0 0 0 0 0 1 2 0 2 0 0 0 1 2 95 2 1 0 0 0 0 0 0 13 40 4 9 0 31 546 14 13 1 0 0 0 0 0 29 19 67 832 430 189 7 1 0 1 0 1 16 3 3 0 0 0 10 2 35 3 1 13 19 46 34 9 0 2 21 4 28 47 11 36 28 0 4 7 5 0 0 0 2 2 3 5 0 1 7 0 4 0 10 0 19 63 83 96 48 65 151 256 98 27 49 0 0 0 0 0 0 0 0 0 0 10 54 133 148 0 0 0 0 0 0 0 0 0 0 0 0 0 0 0 0 0 0 0 0 0 0 0
0 0 2 0 0 0 0 0 0 0 0 0 0 3 5 0 3 4 0 0 13 2 2 71 1 3 0 0 0 1 0 11 9 5 6 5 7 36 7 0 0 0 0 0 10 112 28 61 5 192 164 20 3 7 7 4 20 34 4 0 0 0 0 1 0 0 6 2 0 0 1 10 282 100 4 7 0 0 0 1 0 4 130 225 2 0 13 0 0 0 0 3 0 3 1 0 0 0 1 8 3 22 5 106 54 37 11 8 6 52 0 70 110 0 0 0 0 0 0 0 0 0 6 19 7 70 143 95 1 0 0 0 0 0 0 0 0 0 0 0 0 0 0 0 0 0 0 0 0 0
0 0 0 0 0 0 0 0 0 0 0 0 0 0 0 0 0 0 0 0 4 0 0 5 0 1 7 1 0 0 0 7 10 4 28 0 0 154 0 0 0 0 0 35 23 74 128 2 10 19 75 71 15 21 22 3 5 2 0 1 0 0 0 0 0 0 0 21 8 4 0 2 15 225 72 8 1 0 0 0 0 1 8 211 14 6 2 0 0 8 7 4 1 3 0 1 0 2 0 19 13 3 11 17 578 0 0 4 0 0 0 6 7 0 0 2 25 0 0 0 0 0 0 0 0 43 58 27 0 0 0 0 0 0 0 0 0 0 0 0 0 0 0 0 0 0 0 0 0 0
0 0 0 0 0 0 0 0 0 0 0 0 0 2 3 0 0 1 2 0 0 10 2 9 0 0 4 2 0 0 0 0 18 61 33 0 0 33 0 1 0 1 0 3 120 32 5 3 9 3 68 8 0 0 0 0 3 3 0 0 2 0 4 2 8 2 1 9 5 2 5 44 1 4 7 4 11 0 0 0 2 0 0 7 1 7 1 5 2 12 0 1 2 0 3 2 2 0 3 9 27 27 12 145 308 307 0 5 0 0 0 0 11 12 27 13 0 0 0 2 0 0 0 0 0 86 30 88 3 1 0 0 0 0 0 0 10 43 0 0 0 0 0 0 0 0 0 0 0 0
0 0 0 0 0 0 0 0 1 0 0 0 0 0 5 0 3 4 2 0 1 4 12 4 0 0 0 19 7 0 0 4 0 7 20 4 3 1 4 3 0 1 6 14 100 8 14 0 7 6 36 6 0 0 2 2 0 0 0 0 0 0 1 3 16 0 0 10 4 3 5 15 1 2 0 1 15 5 0 0 0 0 26 2 0 13 22 21 3 0 40 1 0 4 8 6 0 0 0 6 29 23 7 8 48 295 64 2 0 0 0 0 0 6 8 15 0 0 3 2 0 0 0 0 7 209 18 22 0 0 0 0 0 0 1 0 0 14 0 0 0 0 0 0 1 0 0 0 0 0
0 0 0 0 0 0 0 0 1 0 0 0 0 1 0 2 28 24 15 1 0 23 5 0 0 0 0 1 1 5 5 1 0 33 8 0 1 42 10 14 58 73 27 165 173 8 21 0 6 1 3 28 221 3 0 8 0 0 0 0 0 0 2 0 4 0 0 2 11 45 105 49 27 13 0 1 0 40 1 0 0 0 0 0 0 0 1 11 8 3 11 0 1 1 2 0 0 0 0 0 0 12 23 5 33 1406 787 41 4 0 0 0 0 0 0 0 6 142 47 7 0 0 0 21 81 28 68 253 140 23 0 0 0 0 0 1 3 1 0 0 0 0 0 0 0 0 0 0 0 0
0 0 0 0 0 1 0 0 0 6 0 0 5 7 13 18 37 104 2 6 1 3 4 4 0 0 0 4 12 4 4 8 6 12 13 20 72 41 43 157 401 1033 366 326 116 22 0 0 3 1 0 3 34 19 0 0 0 0 0 1 0 0 0 0 0 0 1 0 1 1 14 33 16 0 101 46 0 24 6 0 1 2 4 0 16 0 0 0 19 6 7 11 1 4 7 24 9 1 0 0 0 58 10 20 374 440 404 509 7 0 0 0 0 0 0 0 240 72 46 0 0 0 125 54 235 190 984 744 47 98 0 0 0 18 0 4 0 0 0 0 0 0 0 0 0 0 0 0 0 0
0 0 0 0 0 0 0 5 4 10 20 49 89 0 0 5 5 10 0 2 1 2 9 29 3 3 12 3 0 1 2 6 0 20 87 16 3 14 188 390 829 1314 892 783 41 6 3 4 14 0 5 2 55 79 10 16 0 0 0 0 0 0 0 0 0 0 0 0 1 0 3 1 2 0 0 0 1 10 7 0 0 0 3 3 40 0 0 0 0 7 1 1 10 25 5 49 0 0 0 3 0 0 6 19 9 81 6 86 9 0 0 0 1 0 66 73 601 612 101 73 16 25 7 108 123 79 446 790 394 351 43 49 22 188 10 0 0 0 0 0 0 0 0 0 0 0 0 0 0 0
0 0 0 0 0 0 1 1 3 4 6 0 2 0 2 4 0 1 21 8 0 6 110 31 0 0 0 2 4 3 17 4 2 3 9 15 30 36 237 114 714 483 589 245 51 19 8 7 2 4 3 10 9 10 2 0 0 0 0 0 0 0 0 0 0 0 0 0 9 0 1 4 0 0 0 12 3 4 1 0 4 22 31 3 33 0 0 1 23 123 3 0 2 9 2 0 1 2 2 4 1 2 2 25 4 0 0 8 20 0 1 2 12 0 66 1218 866 528 207 235 164 89 97 5 1 8 41 116 1 82 6 409 621 80 42 3 0 0 0 0 0 0 0 0 0 0 0 0 0 0
0 0 0 0 0 0 1 3 0 1 4 12 8 0 0 4 0 0 22 8 333 59 11 0 0 0 3 0 3 10 2 10 7 40 27 2 0 1 0 106 530 416 403 192 48 20 33 0 4 15 1 1 11 8 13 2 1 0 0 0 0 0 0 0 0 0 0 0 0 3 1 0 0 0 0 0 0 1 16 2 19 16 47 205 27 2 0 0 0 0 0 0 3 4 0 1 3 13 0 0 3 0 0 0 4 9 5 17 287 224 267 681 164 116 442 1267 565 365 88 559 103 248 6 0 73 23 112 114 0 0 24 207 479 93 89 5 0 0 0 0 0 0 0 0 0 0 0 0 0 0
0 0 2 1 0 0 0 4 1 3 3 22 8 18 0 7 1 3 7 15 38 2 0 0 0 0 0 0 0 10 5 23 37 3 12 137 1 0 11 21 66 87 29 11 5 0 5 0 1 7 3 9 39 1 15 2 5 6 0 0 0 0 0 0 0 0 0 0 0 0 0 0 0 0 0 25 0 35 24 1 0 10 27 6 0 0 0 0 1 1 11 3 0 9 2 3 1 0 0 0 4 0 1 0 0 6 11 38 177 84 141 139 89 381 1686 627 367 365 107 515 132 10 0 18 3 13 11 0 0 0 88 442 0 0 5 0 0 0 0 0 0 0 0 0 0 0 0 0 0 0
0 0 1 1 0 21 31 10 3 4 0 0 0 4 16 6 2 4 40 23 13 0 0 0 0 0 0 1 1 2 80 5 9 7 5 24 1 6 1 1 34 6 15 2 2 1 0 0 1 4 0 19 329 22 14 69 21 1 1 0 0 0 0 0 0 0 0 0 0 0 0 0 0 0 0 0 3 4 2 0 0 2 1 0 0 0 0 0 3 0 0 0 3 33 9 1 5 4 0 2 16 0 0 0 0 0 14 129 62 4 0 12 197 219 282 850 167 234 128 124 454 0 0 0 0 0 5 0 0 0 2 138 14 0 0 0 0 0 0 0 0 0 0 0 0 0 0 0 0 0
0 0 0 3 1 1 4 20 1 1 1 0 9 12 11 46 36 13 2 0 1 4 3 0 0 1 1 51 14 15 34 64 6 3 0 2 4 4 4 1 9 28 8 0 0 0 1 1 0 0 0 24 179 110 10 33 4 0 1 0 0 0 0 0 0 0 0 0 0 0 0 0 0 0 0 0 11 10 3 1 0 0 1 0 0 0 0 0 5 1 17 7 22 51 6 6 5 2 0 6 5 0 0 0 0 2 3 164 982 21 0 0 0 0 1 2 41 69 420 665 78 0 0 0 0 1 3 0 0 0 0 0 108 16 0 0 0 0 0 0 0 0 0 0 0 0 0 0 0 0
2 3 2 1 4 1 8 86 18 2 8 8 23 1 3 150 91 26 5 7 1 1 2 3 5 12 39 9 7 4 16 20 10 1 1 1 0 2 1 2 7 3 1 3 1 0 3 0 0 0 0 61 7 13 11 1 4 0 0 0 0 0 0 0 0 0 0 0 0 0 0 0 0 0 3 1 7 43 0 0 0 0 1 0 0 0 0 0 14 1 8 0 9 32 0 0 0 0 13 6 0 6 10 6 4 22 113 48 240 0 0 0 0 0 54 0 0 25 127 340 421 199 0 0 1 67 0 0 0 76 114 64 58 17 0 0 0 0 0 0 0 0 0 0 0 0 0 0 0 0
2 0 0 0 0 4 9 0 1 1 60 4 0 0 21 47 43 32 18 0 0 0 1 8 1 16 1 3 2 2 0 0 0 4 12 0 0 0 0 14 0 51 16 0 1 2 1 14 0 0 5 49 23 36 61 25 1 0 0 1 0 0 0 0 0 0 0 0 0 0 0 0 0 5 0 0 2 48 100 4 0 13 0 0 0 0 3 94 43 0 1 2 13 4 3 6 0 0 2 6 50 6 29 8 5 1 29 21 145 12 0 0 0 30 77 67 221 668 110 259 686 184 1 14 388 61 0 0 0 114 158 0 0 0 0 0 0 0 0 0 0 0 0 0 0 0 0 0 0 0
0 2 5 1 0 1 2 1 6 2 18 95 10 13 0 1 0 3 1 0 9 0 12 7 8 0 14 0 23 3 0 0 0 1 0 0 1 0 5 1 2 24 36 7 4 3 6 4 0 0 0 105 35 4 4 0 0 0 1 0 0 0 0 0 0 0 0 0 0 0 0 0 0 0 0 2 0 13 55 11 1 6 0 0 0 1 3 43 0 0 2 0 2 9 0 0 0 0 4 4 0 1 17 4 3 0 5 33 56 25 0 0 0 0 185 700 1269 803 62 156 96 84 161 459 111 0 0 0 25 666 171 1 0 0 0 0 0 0 0 0 0 0 0 0 0 0 0 0 0 0
0 0 0 0 0 2 2 2 3 4 8 109 3 0 0 1 2 0 1 1 2 0 0 3 0 3 3 12 3 0 0 0 0 0 0 0 0 1 23 2 0 2 12 0 2 1 0 1 0 0 3 77 16 5 0 0 2 0 4 7 0 0 0 0 0 0 0 0 0 0 0 0 0 0 0 0 3 9 87 20 4 17 16 0 0 0 2 0 2 1 0 0 0 16 1 2 0 0 1 10 4 15 16 19 2 5 12 10 35 1 0 7 33 22 88 22 12 68 613 458 32 335 781 751 546 359 80 442 935 1695 1053 167 0 0 0 0 0 0 0 0 0 0 0 0 0 0 0 0 0 0
0 2 3 0 0 6 1 2 0 17 25 11 0 31 5 2 0 2 2 0 0 0 0 0 0 10 76 1 0 0 0 7 3 1 1 0 0 0 4 21 2 2 5 0 0 1 16 1 0 2 20 473 54 1 0 3 0 4 2 1 0 0 0 0 0 0 0 0 0 0 0 0 0 0 0 0 6 29 74 4 0 49 22 0 0 0 0 0 8 7 0 3 2 10 3 10 20 0 1 0 6 0 2 9 17 54 6 0 164 57 2 9 50 2 8 13 11 344 321 925 757 881 1116 675 1695 1048 767 907 1027 946 922 2 0 0 0 0 0 0 0 0 0 0 0 0 0 0 0 0 0 0
0 1 0 0 5 0 1 9 22 8 0 0 1 1 2 15 6 3 0 0 0 0 0 0 1 8 22 1 3 1 8 11 1 2 3 0 0 3 7 2 0 0 4 0 0 4 0 0 10 41 817 732 22 84 35 0 3 0 3 3 2 3 0 0 0 0 0 0 0 0 0 0 0 0 0 0 0 0 9 3 0 2 1 0 0 0 0 0 1 5 0 0 108 0 0 8 0 0 7 7 13 3 10 3 33 16 26 46 2 9 9 3 15 7 18 17 7 112 604 2017 2219 1043 399 1547 1756 1079 350 803 692 37 128 202 0 0 0 0 0 0 0 0 0 0 0 0 0 0 0 0 0 0
3 5 0 4 1 3 2 2 10 4 8 0 12 3 5 0 3 5 0 0 0 0 0 0 4 4 0 7 0 0 0 34 31 1 0 1 1 2 2 0 0 1 0 0 0 0 0 0 6 40 721 879 667 779 71 25 4 2 6 8 43 0 0 0 0 0 0 0 0 0 0 0 0 0 2 0 0 0 0 7 0 2 0 0 0 0 0 27 143 0 0 30 17 0 0 0 0 0 0 5 27 0 20 4 6 187 482 13 10 0 11 14 11 18 16 24 39 5 130 783 528 702 485 3180 2049 724 252 293 6 528 1068 833 0 0 0 0 0 0 0 0 0 0 0 0 0 0 0 0 0 0
3 3 6 21 3 0 24 3 31 5 7 111 3 3 0 1 0 0 0 0 0 0 0 1 0 0 5 1 0 0 0 10 11 7 4 1 2 5 0 0 0 0 0 1 0 2 0 0 0 14 293 420 595 619 105 69 10 1 1 2 0 0 0 0 0 0 0 0 0 0 0 0 0 0 0 0 0 0 0 30 14 3 12 0 0 0 0 25 67 0 3 35 109 0 0 0 0 0 0 9 11 72 15 200 20 15 7 20 0 0 0 1 12 10 2 13 15 4 2 75 466 473 430 832 1316 1044 729 620 377 1143 540 467 2 0 0 0 0 0 0 0 0 0 0 0 0 0 0 0 0 0
7 0 0 3 3 3 13 12 12 4 0 2 3 0 0 0 0 0 0 0 0 0 0 0 0 0 0 0 3 0 1 0 0 1 0 0 4 8 0 0 0 0 0 0 0 1 20 2 0 3 9 203 283 13 12 48 2 0 4 0 0 0 0 0 0 0 0 0 0 0 0 0 0 0 0 0 0 0 2 0 4 3 0 0 0 4 34 59 63 14 2 231 296 29 8 0 0 0 0 23 23 3 55 169 63 0 6 6 23 12 0 0 3 10 3 9 23 29 37 24 249 883 601 501 417 757 910 1721 305 206 119 105 0 0 0 0 0 0 0 0 0 0 0 0 0 0 0 0 0 0
5 1 14 0 5 0 75 50 26 15 4 1 10 4 0 0 0 0 0 0 0 0 0 0 0 0 0 0 1 0 0 0 0 0 0 0 0 0 1 1 2 0 0 0 0 2 1 1 4 3 0 21 174 34 17 0 1 72 65 1 0 1 1 0 0 0 0 0 0 0 0 0 0 0 0 0 0 0 0 0 1 3 18 44 12 120 3 0 145 98 269 223 150 3 32 1 0 3 30 36 77 599 225 781 496 33 20 5 21 15 0 0 2 1 1 9 9 78 49 519 337 1136 2537 2649 1003 282 2151 3302 2073 1 0 1 0 0 0 0 0 0 0 0 0 0 0 0 0 0 0 0 0 0
2 7 14 0 63 20 5 36 7 0 1 1 2 1 0 0 0 0 0 0 0 2 0 2 0 0 0 1 4 0 1 1 2 9 1 2 0 0 0 0 6 2 0 0 0 1 0 0 5 3 0 3 69 2 14 0 0 5 153 25 2 0 0 0 0 0 0 0 0 0 0 0 0 0 0 0 0 0 0 0 1 6 30 1 0 1 0 12 24 82 105 90 180 29 23 188 4 2 0 15 217 426 514 302 313 48 2 11 4 27 12 2 0 1 11 6 14 640 465 700 760 18 4 211 181 179 576 1403 360 8 219 8 0 0 0 0 0 0 0 0 0 0 0 0 0 0 0 0 0 0
3 17 145 8 48 136 62 4 1 4 0 1 1 3 0 1 8 0 0 0 1 1 0 0 0 0 0 0 0 0 0 0 0 0 0 0 0 0 0 0 5 3 5 0 0 0 0 0 1 0 0 11 40 0 0 0 9 3 5 28 3 3 0 0 0 0 0 0 0 0 0 0 0 0 0 0 0 0 0 1 37 81 0 0 34 1 169 7 0 0 0 19 5 3 0 0 0 0 0 14 11 84 1077 449 142 355 24 10 4 7 266 3 0 0 0 60 430 553 240 35 0 0 0 0 129 570 130 645 532 13 32 23 0 0 0 0 0 0 0 0 0 0 0 0 0 0 0 0 0 0
7 32 159 162 401 687 273 56 20 0 0 0 0 0 4 0 1 0 0 1 1 1 0 1 0 0 0 0 0 0 0 1 0 0 1 0 0 0 1 0 0 2 0 14 1 7 0 19 4 0 0 17 27 0 0 0 5 1 30 0 2 5 0 0 0 0 0 0 0 0 0 0 0 0 0 0 0 0 3 32 13 0 0 0 10 9 13 541 62 0 0 0 0 0 0 0 0 0 0 0 0 267 695 277 138 291 4 2 4 10 4 3 0 0 1 62 264 37 11 54 0 0 0 0 20 625 349 576 281 31 120 14 0 0 0 0 0 0 0 0 0 0 0 0 0 0 0 0 0 1
3 104 434 1138 585 438 253 72 1 0 1 3 5 0 0 2 0 1 1 0 9 4 0 0 4 0 0 0 0 0 0 0 0 0 0 0 0 0 1 1 5 3 0 1 3 0 0 15 61 2 0 0 45 0 0 0 6 0 1 0 0 3 0 0 0 0 0 0 0 0 0 0 0 0 0 0 0 159 0 0 0 0 0 0 0 0 52 39 1 0 2 1 0 0 0 0 0 0 0 0 26 98 23 20 116 108 15 0 2 4 9 17 4 21 6 1 4 8 16 42 47 311 9 0 48 168 97 268 45 1 0 0 0 0 0 0 0 0 0 0 0 0 0 0 0 0 0 0 0 0
13 7 331 399 183 173 65 24 5 2 1 2 0 0 0 0 0 0 1 4 8 1 0 0 7 1 2 1 0 4 7 0 0 0 3 2 1 3 0 0 2 0 1 0 0 0 0 4 8 10 3 0 0 0 0 2 0 0 0 0 0 0 0 0 0 0 0 0 0 0 0 1 0 0 0 0 0 1 0 0 0 0 0 0 0 0 135 34 2 23 48 0 0 0 14 34 0 1 0 537 1174 246 308 167 30 208 51 8 0 3 2 14 13 0 0 0 0 0 15 82 113 59 192 393 91 46 1 1 0 1 0 2 0 0 0 0 0 0 0 0 0 0 0 0 0 0 0 0 0 0
22 21 54 66 63 41 0 3 3 0 30 3 1 0 0 0 0 0 0 0 1 94 0 1 0 0 0 0 0 1 0 1 0 0 0 0 1 0 0 0 2 0 0 0 0 19 2 0 0 0 0 0 0 0 0 28 1 0 0 0 0 0 0 0 0 0 0 0 0 0 0 0 0 0 0 0 10 18 0 0 0 0 0 0 0 0 26 1 0 25 73 0 0 0 67 144 169 12 363 1815 519 703 159 23 2 50 71 91 2 11 15 2 3 0 0 0 0 2 39 45 90 34 59 58 15 130 50 13 84 34 14 0 0 0 0 0 0 0 0 0 0 0 0 0 0 0 0 0 0 0
42 10 13 3 0 0 0 7 0 0 0 0 0 0 0 0 0 0 4 3 3 5 2 0 0 0 0 0 0 1 1 0 0 6 2 0 0 0 0 0 0 0 0 1 1 27 0 5 0 0 1 3 2 6 123 14 8 0 0 0 0 0 0 0 0 0 0 0 0 0 0 0 0 0 17 39 0 0 0 0 0 0 0 0 0 0 13 3 0 0 157 14 8 5 144 444 85 14 129 191 25 219 58 8 9 6 0 211 669 143 0 0 1 3 13 0 1 2 8 1 35 0 6 6 36 105 67 60 411 41 34 1 0 0 0 0 0 0 0 0 0 0 0 0 0 0 0 0 0 0
28 3 4 1 0 0 5 0 0 0 0 0 0 0 0 0 0 0 0 0 0 4 0 0 0 0 0 1 0 0 7 64 1 0 0 0 0 0 0 0 1 0 0 0 1 2 0 0 0 0 0 2 3 1 20 0 0 0 0 0 0 0 0 0 0 0 0 0 0 0 0 0 0 0 28 24 0 0 0 0 0 0 0 0 5 0 39 172 177 65 152 17 22 34 8 57 6 2 1 1 3 55 0 0 4 2 180 449 182 44 3 0 2 0 2 0 0 28 0 0 1 13 10 16 21 201 82 255 126 230 34 0 0 0 0 0 0 0 0 0 0 0 0 0 0 0 0 0 0 0
1 0 1 3 0 0 0 0 0 0 0 0 0 0 0 0 0 1 0 0 0 1 0 0 0 0 0 1 1 0 2 1 0 1 0 1 0 0 0 0 0 0 0 0 0 10 1 0 0 0 0 3 4 57 9 3 1 0 0 0 0 0 0 0 0 0 0 0 0 0 0 2 2 3 0 0 0 0 0 0 0 0 0 0 0 0 0 1 181 3 0 0 1 3 2 45 1 0 7 0 1 8 0 10 7 311 1069 412 41 117 0 0 0 0 0 0 0 1 212 18 0 54 1 35 10 29 102 78 7 25 1 14 1 0 0 0 0 0 0 0 0 0 0 0 0 0 0 0 0 0
1 0 0 1 0 0 0 0 0 0 0 0 0 0 0 0 1 0 0 2 0 0 0 9 0 0 0 1 1 0 0 0 0 0 1 0 0 0 0 0 0 0 0 1 0 1 0 0 0 0 3 3 11 84 14 5 62 0 0 0 0 0 0 0 0 0 0 0 0 0 0 4 11 1 2 0 0 0 0 0 0 0 0 0 0 0 14 1 2 3 0 0 8 28 0 1 9 1 7 6 15 3 2 1 63 108 121 6 94 291 0 0 0 0 0 0 0 0 6 9 0 34 2 118 176 54 344 63 26 36 4 0 0 0 0 0 0 0 0 0 0 0 1 0 0 0 0 0 0 0
0 0 0 0 2 23 1 0 0 0 0 0 0 0 0 0 1 0 0 0 0 0 0 0 0 0 2 0 0 0 0 5 0 0 0 0 0 0 0 0 0 0 3 9 0 0 0 0 0 0 8 0 4 2 1 0 1 2 0 0 0 0 0 0 0 0 0 0 0 8 4 0 0 0 0 0 0 0 0 0 0 0 0 0 0 0 0 0 1 0 0 41 145 59 0 0 0 0 0 2 3 13 38 25 83 18 0 38 25 21 6 0 0 0 0 0 0 0 0 0 1 12 7 27 0 0 0 403 7 8 0 0 0 0 0 0 0 0 0 0 0 0 0 0 0 0 0 0 0 0
1 0 0 0 54 23 0 0 0 0 0 0 0 0 3 1 0 0 0 0 0 0 0 0 0 0 0 0 10 0 8 0 0 0 0 0 0 0 0 1 0 0 0 23 1 10 0 0 0 0 11 0 0 9 5 2 1 3 0 0 0 0 0 0 0 0 0 0 5 5 0 0 3 0 0 0 0 0 0 0 0 0 0 0 0 0 0 0 94 81 260 345 236 26 0 0 3 0 0 47 33 770 682 37 14 40 6 0 0 58 15 0 0 0 0 0 0 0 0 0 1 0 0 0 0 0 192 150 0 0 0 0 0 0 0 0 0 0 0 0 0 0 0 0 0 0 0 0 0 0
0 0 0 0 4 0 1 0 0 0 0 0 0 2 0 0 0 0 1 0 0 0 0 0 0 0 4 0 0 13 0 0 0 0 0 0 0 0 0 0 0 0 0 0 3 12 0 0 0 0 1 0 0 8 2 1 0 0 0 0 0 0 0 0 0 0 0 0 31 2 0 0 0 0 0 0 0 0 0 0 0 0 0 0 2 1 0 1 120 121 266 156 101 44 0 0 2 6 29 46 148 180 97 19 0 0 2 0 0 4 2 6 0 0 0 0 0 0 0 2 3 115 208 1 0 22 27 0 0 0 0 0 0 0 1 0 0 0 0 0 0 0 0 0 0 0 0 0 0 0
0 0 0 1 0 3 1 0 0 0 0 1 16 15 1 1 0 2 0 1 0 0 0 0 0 6 4 0 0 6 0 0 0 0 3 2 0 1 0 0 0 0 0 0 0 9 4 0 0 2 3 0 11 23 5 1 0 0 0 0 0 0 0 0 0 0 1 10 124 0 0 1 0 0 0 0 0 0 0 0 0 0 0 0 7 51 62 4 3 73 0 10 20 2 32 1 0 0 10 12 85 0 1 5 1 0 0 1 4 51 33 58 0 0 0 0 0 0 0 0 0 0 0 0 0 0 0 2 0 0 0 0 0 0 0 0 0 0 0 0 0 0 0 0 0 0 0 0 0 0
0 0 0 0 1 0 3 0 0 0 0 0 0 0 1 3 2 1 0 0 0 0 0 0 0 0 5 1 0 0 0 0 0 0 1 0 0 0 0 0 0 0 6 0 0 1 1 9 0 4 0 0 0 12 2 12 2 0 0 2 0 0 0 0 0 0 3 37 13 0 0 1 0 0 0 0 0 0 0 0 0 0 0 0 46 3 1 4 2 46 7 4 2 3 5 20 14 45 21 61 31 16 8 2 7 0 0 9 49 130 163 446 17 13 0 0 0 0 0 0 0 0 1 0 0 0 0 0 0 0 0 0 0 0 0 0 0 0 0 0 0 0 0 0 0 0 0 0 0 0
0 0 0 0 0 1 1 1 0 0 0 0 0 0 1 1 0 0 0 0 0 0 0 0 8 0 0 3 0 0 0 0 0 0 1 0 0 0 1 5 0 0 0 0 0 0 0 11 14 0 0 0 0 2 0 90 89 0 36 0 0 1 0 1 1 7 64 104 2 0 1 5 0 0 0 0 0 0 0 0 0 0 0 32 88 0 1 5 65 1 13 7 1 0 2 12 69 19 23 2 0 0 17 7 3 1 25 6 30 41 239 78 25 1 10 0 0 0 0 0 0 0 0 0 0 0 0 0 0 0 0 0 0 0 0 0 0 0 0 0 0 0 0 0 0 0 0 0 0 0
0 0 0 2 0 0 0 0 0 0 0 0 0 0 1 0 3 0 0 0 0 0 0 1 0 0 0 0 0 4 0 0 0 0 1 2 1 1 0 0 0 0 0 0 0 4 1 8 69 0 0 0 0 1 7 18 9 7 60 22 2 0 1 16 3 5 0 9 0 3 0 0 0 4 0 0 0 0 0 0 0 0 0 0 0 0 0 45 12 6 1 0 3 0 19 289 11 0 0 0 0 2 1 0 27 94 443 1303 513 117 45 0 5 12 0 0 0 0 0 0 0 0 0 0 0 0 0 0 0 0 0 0 0 0 0 0 0 0 0 0 0 0 0 0 0 0 0 0 0 0
0 1 6 0 0 49 0 5 0 3 3 0 0 0 1 0 2 0 0 0 0 0 0 0 0 0 0 0 0 0 0 0 0 0 0 0 0 1 7 0 1 0 0 0 1 6 21 21 5 0 0 0 0 1 18 3 0 0 1 2 0 0 0 2 1 0 1 4 1 12 5 22 0 0 0 0 0 0 0 0 0 0 0 0 0 0 0 3 4 9 388 11 1 4 163 30 3 0 0 0 0 2 0 36 60 79 175 379 171 261 139 284 28 3 0 0 0 0 0 0 0 0 0 0 0 0 0 0 0 0 0 0 0 0 0 0 0 0 0 0 0 0 0 0 0 0 0 0 0 0
0 0 0 0 31 70 0 0 1 18 9 0 0 4 0 0 5 0 0 0 0 0 0 0 0 0 0 0 0 0 0 0 1 1 0 0 0 3 0 1 0 4 6 1 1 0 4 12 5 1 6 0 8 1 4 0 0 2 3 4 0 0 1 0 0 2 0 0 5 0 0 0 3 2 0 0 0 0 0 0 0 0 0 0 0 1 0 0 0 0 0 1 13 36 11 42 248 0 0 0 0 0 0 74 211 372 2 0 144 62 0 7 6 0 0 0 0 0 0 0 0 0 0 0 0 0 0 0 0 0 0 0 0 0 0 0 0 0 0 0 0 0 0 0 0 0 0 0 0 0
0 0 0 0 0 0 0 0 3 2 0 3 0 0 0 0 0 0 1 0 0 0 0 0 0 0 0 0 0 0 0 1 0 5 0 0 0 0 0 0 0 0 0 3 0 0 4 0 1 6 0 0 0 0 0 0 0 0 4 4 0 5 0 0 0 0 0 0 0 0 0 3 3 1 0 0 0 0 0 0 0 0 0 0 0 0 0 0 2 0 1 17 55 24 15 184 437 0 0 0 0 0 0 9 10 0 0 0 0 0 58 120 0 0 0 0 0 0 0 0 0 0 0 0 0 0 0 0 0 0 0 0 0 0 0 0 0 0 0 0 0 0 11 20 10 0 0 0 0 0
0 0 2 2 0 0 0 0 0 0 0 0 1 0 0 0 0 0 1 1 0 0 0 0 0 0 0 0 0 0 0 0 0 0 0 0 0 0 0 0 0 0 1 0 0 2 0 0 0 0 12 2 5 4 0 0 0 0 0 11 7 0 0 0 0 0 0 0 0 0 1 2 8 2 0 0 0 0 0 0 0 0 0 0 0 0 0 0 27 0 1 18 282 245 87 0 0 0 0 0 0 0 1 3 1 0 0 2 0 177 94 0 0 0 0 0 0 0 0 0 0 0 0 0 0 0 0 0 0 0 0 0 0 0 0 0 0 0 0 0 0 0 0 9 0 0 0 0 0 0
0 0 0 0 2 0 0 0 0 0 0 0 0 2 1 0 0 0 0 0 0 0 0 0 1 0 0 0 0 0 0 0 0 0 0 0 0 0 0 0 0 0 0 0 0 0 0 0 0 0 0 13 32 0 0 0 0 0 3 2 5 0 0 0 0 0 0 0 0 0 10 0 0 1 0 0 0 0 0 0 0 0 0 0 0 0 0 0 0 3 34 75 745 0 3 13 5 0 0 0 0 0 0 2 3 0 0 10 11 8 41 33 0 0 0 0 0 0 0 0 0 0 0 0 0 0 0 0 0 1 1 0 0 0 0 0 0 0 0 0 0 0 0 0 0 0 0 0 0 0
0 0 0 0 0 0 0 0 0 0 0 4 1 0 0 1 0 0 1 0 0 0 0 1 0 0 0 0 0 0 0 0 0 0 0 0 2 0 0 0 0 0 0 0 0 0 0 0 0 0 0 12 3 0 0 0 2 1 0 15 9 5 0 0 0 0 0 0 0 0 1 76 3 0 0 0 0 0 0 0 0 0 0 0 0 0 0 0 6 3 7 21 6 13 7 0 0 0 0 0 0 0 0 0 0 0 0 0 0 0 0 0 0 0 0 0 0 0 0 0 0 0 0 0 0 0 0 0 0 0 0 0 0 0 0 0 0 0 0 0 0 0 0 0 0 0 0 0 0 0
0 0 0 0 0 0 0 0 0 0 0 0 0 0 0 0 0 0 0 0 0 2 10 40 0 0 0 0 0 0 0 0 0 0 0 1 7 0 0 0 0 0 0 0 0 0 0 0 0 0 0 27 2 0 1 1 1 6 0 0 0 11 23 0 0 0 0 0 0 0 0 12 15 0 4 0 0 0 0 0 0 0 0 0 0 0 0 0 0 1 7 45 15 13 24 10 1 0 0 0 0 0 0 0 0 0 0 0 0 0 0 0 0 0 0 0 0 0 0 0 0 0 0 0 0 0 0 0 0 0 0 0 0 0 0 0 0 0 0 0 0 0 0 0 0 0 0 0 0 0
0 0 0 0 0 0 0 0 0 0 0 0 0 0 0 0 0 0 0 0 0 5 5 1 7 0 0 0 0 0 0 0 0 0 0 0 0 2 6 0 0 0 0 0 0 0 0 0 1 2 0 26 34 1 2 1 2 0 1 0 1 34 121 0 0 0 0 0 0 0 0 0 1 0 5 0 0 0 0 0 0 0 0 0 0 0 0 0 0 0 16 9 1 29 13 3 0 0 0 0 0 0 0 0 0 0 0 0 0 0 0 0 0 0 0 0 0 0 0 0 0 0 0 0 0 0 0 0 0 0 0 0 0 0 0 0 0 0 0 0 0 0 0 0 0 0 0 0 0 0
0 0 0 0 0 0 0 0 0 0 0 0 1 3 0 0 0 0 0 0 0 0 0 0 3 1 0 0 0 0 0 0 0 0 0 0 0 0 0 1 1 0 0 0 0 0 0 0 0 2 14 48 180 17 6 3 0 8 0 0 0 31 0 0 0 0 0 0 0 0 0 0 0 2 1 0 0 0 0 0 0 0 0 0 0 0 0 0 0 0 1 70 7 34 3 14 0 0 0 0 0 0 0 0 0 0 0 0 0 0 0 0 0 0 0 0 0 0 0 0 0 0 0 0 0 0 0 0 0 0 0 0 0 0 0 0 0 0 0 0 0 0 0 0 0 0 0 0 0 0
0 0 0 0 0 0 0 6 0 0 0 0 4 132 0 3 2 2 7 0 0 1 0 0 0 2 0 0 0 0 0 0 0 0 0 0 0 0 8 1 0 0 0 0 0 0 0 0 3 6 1 9 136 1 39 0 0 0 0 0 0 10 3 0 0 0 0 0 0 0 0 0 0 0 0 0 0 0 0 0 0 0 0 0 0 0 0 1 0 0 0 1 8 6 4 3 9 7 0 12 0 0 0 0 0 0 0 0 0 0 0 0 0 0 0 0 0 0 0 0 0 0 0 0 0 0 0 0 0 0 0 0 0 0 0 0 0 0 0 0 0 0 0 0 0 0 0 0 0 0
0 0 0 0 0 0 0 0 1 4 0 0 0 0 1 0 2 1 0 0 0 0 0 9 1 5 0 0 0 0 0 0 0 0 0 0 0 0 2 0 0 0 0 0 0 0 0 5 1 3 1 19 9 0 0 0 0 0 0 3 15 5 0 0 0 0 0 0 0 0 0 0 0 0 0 0 0 0 0 0 0 0 0 0 0 0 0 0 0 0 0 0 0 0 0 1 20 1 3 0 0 0 0 0 0 0 0 0 0 0 0 0 0 0 0 0 0 0 0 0 0 0 0 0 0 0 0 0 0 0 0 0 0 0 0 0 0 0 0 0 0 0 0 0 0 1 0 0 0 0
3 0 0 0 0 0 0 0 0 0 3 13 0 0 0 0 0 1 0 0 0 0 0 0 1 0 0 0 0 0 1 1 2 0 8 0 3 0 0 0 0 0 0 0 0 2 34 13 0 0 0 0 0 0 0 0 0 0 0 1 5 0 0 0 0 0 0 0 0 0 0 0 0 0 0 0 0 0 0 0 0 0 0 0 0 0 0 0 0 0 0 0 0 0 0 2 24 31 0 0 0 0 0 0 0 0 0 0 0 0 0 0 0 0 0 0 0 0 0 0 0 0 0 0 0 0 0 0 0 0 0 0 0 0 0 0 0 0 0 0 0 0 0 3 15 24 0 0 0 0
0 0 0 0 0 0 0 0 0 0 0 0 0 0 0 0 55 1 0 7 1 1 0 0 0 2 0 0 0 0 0 1 0 1 0 0 0 0 0 0 0 0 0 0 1 1 28 0 0 0 0 0 0 0 0 0 0 0 0 0 0 4 0 0 0 0 0 0 0 0 0 0 2 0 0 0 0 0 0 0 0 0 0 0 0 0 0 0 0 0 0 0 0 0 1 2 3 1 0 0 3 0 0 0 0 0 0 0 0 0 0 0 0 0 0 0 0 0 0 0 0 0 0 0 0 0 0 0 0 0 0 0 0 0 0 0 0 0 0 0 0 0 0 0 0 0 0 0 0 0
0 0 0 0 1 0 0 0 0 0 0 7 0 0 0 0 0 0 2 0 5 0 0 0 0 0 0 0 0 0 0 0 0 0 0 0 0 0 0 0 0 0 0 0 0 0 0 0 0 0 0 0 0 0 0 0 0 0 0 0 3 0 0 0 0 0 0 0 0 0 1 6 0 0 0 0 0 0 0 0 0 0 0 0 0 0 0 0 0 0 0 0 0 0 4 0 1 0 0 0 0 3 0 0 0 0 0 0 0 0 0 0 0 0 0 0 0 0 0 0 0 0 0 0 0 0 0 0 0 0 0 0 0 0 0 0 0 0 0 0 0 0 0 0 0 0 0 0 0 0
0 0 0 0 0 0 0 0 0 1 27 0 7 0 0 0 5 0 0 0 0 0 0 0 0 0 0 0 0 0 0 0 0 0 0 0 0 0 0 0 0 0 0 0 2 0 0 0 0 0 0 0 0 0 0 0 0 0 0 1 3 0 0 0 0 0 0 0 0 0 2 0 0 0 0 0 0 0 0 0 0 0 0 0 0 0 0 0 0 0 0 0 0 0 2 3 4 0 0 0 0 0 0 0 0 0 0 0 0 0 0 0 0 0 0 0 0 0 0 0 0 0 0 0 0 0 0 0 0 0 0 0 0 0 0 0 0 0 0 0 0 0 0 0 0 0 0 0 0 0
2 0 0 0 0 0 0 1 2 1 0 1 6 0 3 8 5 4 0 0 0 0 0 0 0 0 0 0 0 0 0 0 0 0 0 0 0 0 0 0 0 0 0 4 0 0 0 0 0 0 0 0 0 0 0 0 0 0 0 25 5 0 0 0 0 0 0 0 65 2 0 0 0 0 0 0 0 0 0 0 0 0 0 0 0 0 0 0 0 0 0 0 0 0 0 0 4 3 2 14 0 0 0 0 0 0 0 0 0 0 0 0 0 0 0 0 0 0 0 0 0 0 0 0 0 0 0 0 0 0 0 0 0 0 0 0 0 0 0 0 0 0 0 0 0 0 0 0 0 0
0 0 0 0 0 0 0 0 0 0 0 0 3 0 0 0 0 3 8 0 0 0 0 0 0 0 0 0 0 0 0 0 0 0 0 2 7 2 2 0 0 0 0 1 0 0 0 0 0 0 0 0 0 0 0 0 0 0 0 0 9 16 7 0 0 0 0 0 190 84 0 0 0 0 0 0 0 0 0 0 0 0 0 0 0 0 0 0 0 0 0 0 0 0 0 0 0 3 1 0 0 0 0 0 0 0 0 0 0 0 0 0 0 0 0 0 0 0 0 0 0 0 0 0 0 0 0 0 0 0 0 0 0 0 0 0 0 0 0 0 0 0 0 0 0 0 0 0 0 0
0 0 2 0 1 0 0 0 0 1 3 5 43 6 0 2 19 1 2 14 1 0 0 61 8 2 0 0 0 0 1 1 0 0 27 1 15 1 15 4 0 0 16 0 0 0 0 0 0 0 0 0 0 0 0 0 0 0 0 0 0 0 0 1 154 56 14 0 0 0 0 0 0 0 0 0 0 0 0 0 0 0 0 0 0 0 0 0 0 0 0 0 0 0 0 0 0 0 0 0 0 0 0 0 0 0 0 0 0 0 0 0 0 0 0 0 0 0 0 0 0 0 0 0 0 0 0 0 0 0 0 0 0 0 0 0 0 0 0 0 0 0 0 0 0 0 0 0 0 0
3 70 11 0 0 0 0 0 0 0 0 1 3 0 0 1 6 0 1 5 15 198 65 7 4 0 0 0 2 1 4 0 0 1 1 3 28 1 0 1 0 0 0 0 0 0 0 0 0 0 0 0 0 0 0 0 0 0 0 0 0 0 0 0 3 1 0 0 0 0 0 0 0 0 0 0 0 0 0 0 0 0 0 0 0 0 0 0 0 0 0 0 0 0 0 0 0 0 0 0 0 0 0 0 0 0 0 0 0 0 0 0 0 0 0 0 0 0 0 0 0 0 0 0 0 0 0 0 0 0 0 0 0 0 0 0 0 0 0 0 0 0 0 0 0 0 0 0 0 0
16 25 23 0 2 0 0 0 0 0 0 0 0 0 0 0 15 3 0 5 1 48 33 7 10 5 2 0 10 13 2 0 0 0 0 0 2 0 0 0 6 7 0 0 0 0 0 0 0 0 0 0 0 0 0 0 0 0 0 0 0 0 0 0 2 5 0 0 0 0 0 0 0 0 0 0 0 0 0 0 0 0 0 0 0 0 0 0 0 6 0 0 0 0 0 0 0 0 0 0 0 0 0 0 0 0 0 0 0 0 0 0 0 0 0 0 0 0 0 0 0 0 0 0 0 0 0 0 0 0 0 0 0 0 0 0 0 0 0 0 0 0 0 0 0 0 0 0 0 0
0 0 0 0 0 0 0 0 0 0 0 1 4 0 0 0 3 3 0 3 0 1 5 2 4 13 4 1 0 24 0 0 0 0 2 1 1 0 0 0 0 0 0 0 0 0 0 0 0 0 0 0 0 0 0 0 0 0 0 0 0 0 0 0 0 0 0 0 0 0 0 0 0 0 0 0 0 0 0 0 0 0 0 0 0 0 0 0 0 0 0 0 0 0 0 0 0 0 0 0 0 0 0 0 0 0 0 0 0 0 0 0 0 0 0 0 0 0 0 0 0 0 0 0 0 0 0 0 0 0 0 0 0 0 0 0 0 0 0 0 0 0 0 0 0 0 0 0 0 0
0 0 0 0 0 0 0 0 0 0 0 0 0 1 0 0 0 3 1 4 0 0 0 0 6 10 1 11 23 0 1 0 1 9 3 0 0 0 0 0 0 0 0 0 0 0 0 0 0 0 0 0 0 0 0 0 0 0 0 0 0 0 0 0 0 0 0 0 0 0 0 0 0 0 0 0 0 0 0 0 0 0 0 0 0 0 0 0 0 0 0 0 0 0 0 0 0 0 0 0 0 0 0 0 0 0 0 0 0 0 0 0 0 0 0 0 0 0 0 0 0 0 0 0 0 0 0 0 0 0 0 0 0 0 0 0 0 0 0 0 0 0 0 0 0 0 0 0 0 0
0 0 0 0 0 0 0 0 0 0 0 0 0 0 0 0 0 0 0 0 3 0 0 0 1 0 0 3 229 63 4 2 7 36 1 0 5 0 0 0 0 0 0 0 0 0 0 0 0 0 0 0 0 0 0 0 0 0 0 0 0 0 0 0 0 0 0 0 0 0 0 0 0 0 0 0 0 0 0 0 0 0 0 0 0 0 0 0 0 0 0 0 0 0 0 0 0 0 0 0 0 0 0 0 0 0 0 0 0 0 0 0 0 0 0 0 0 0 0 0 0 0 0 0 0 0 0 0 0 0 0 0 0 0 0 0 0 0 0 0 0 0 0 0 0 0 0 0 0 0
0 0 0 0 0 0 0 0 0 0 0 0 0 0 0 0 0 0 0 0 0 0 0 0 0 1 5 11 0 0 8 0 0 4 0 1 6 0 0 0 0 0 0 0 0 0 0 0 0 0 0 0 0 0 0 0 0 0 0 0 0 0 0 0 0 0 0 0 0 0 0 0 0 0 0 0 0 0 0 0 0 0 0 0 0 0 0 0 0 0 0 0 0 0 0 1 0 0 0 0 0 0 0 0 0 0 0 0 0 0 0 0 0 0 0 0 0 0 0 0 0 0 0 0 0 0 0 0 0 0 0 0 0 0 0 0 0 0 0 0 0 0 0 0 0 0 0 0 0 0
0 0 0 0 0 0 0 0 0 0 0 0 1 0 0 0 0 0 0 0 0 0 0 0 14 5 10 0 0 0 9 3 2 1 0 0 0 0 0 0 0 0 0 0 0 0 0 0 0 0 0 0 0 0 0 0 0 0 0 0 0 0 0 0 0 0 0 0 0 0 0 0 0 0 0 0 0 0 0 0 0 0 0 0 0 0 0 0 0 0 0 0 0 0 0 0 0 0 0 0 0 0 0 0 0 0 0 0 0 0 0 0 0 0 0 0 0 0 0 0 0 0 0 0 0 0 0 0 0 0 0 0 0 0 0 0 0 0 0 0 0 0 0 0 0 0 0 0 0 0
0 0 0 0 0 0 0 0 0 0 0 0 2 6 0 0 0 0 0 0 0 0 0 0 0 0 0 0 0 0 0 0 11 0 0 0 2 3 0 0 0 0 0 0 0 0 0 0 0 0 0 0 0 0 0 0 0 0 0 0 0 0 0 0 0 0 0 0 0 0 0 0 0 0 0 0 0 0 0 0 0 0 0 0 0 0 0 0 0 0 0 0 0 0 0 0 0 0 0 0 0 0 0 0 0 0 0 0 0 0 0 0 0 0 0 0 0 0 0 0 0 0 0 0 0 0 0 0 0 0 0 0 0 0 0 0 0 0 0 0 0 0 0 0 0 0 0 0 0 0
1 0 0 0 0 0 0 0 0 0 1 5 0 0 0 0 0 0 0 0 0 0 0 0 0 0 0 22 5 5 7 0 0 0 1 0 0 0 0 0 0 0 0 0 0 0 0 0 0 0 0 0 0 0 0 0 0 0 0 0 0 0 0 0 0 0 0 0 0 0 0 0 0 0 0 0 0 0 0 0 0 0 0 0 0 0 0 0 0 0 0 0 0 0 0 0 0 0 0 0 0 0 0 0 0 0 0 0 0 0 0 0 0 0 0 0 0 0 0 0 0 0 0 0 0 0 0 0 0 0 0 0 0 0 0 0 0 0 0 0 0 0 0 0 0 0 0 0 0 0
0 0 0 0 0 0 0 0 0 1 4 0 0 0 0 0 0 0 0 0 0 0 0 0 0 0 0 5 1 0 0 0 0 7 0 0 0 0 0 0 0 0 0 0 0 0 0 0 0 0 0 0 0 0 0 0 0 0 0 0 0 0 0 0 0 0 0 0 0 0 0 0 0 0 0 0 0 0 0 0 0 0 0 0 0 0 0 0 0 0 0 0 0 0 0 0 0 0 0 0 0 0 0 0 0 0 0 0 0 0 0 0 0 0 0 0 0 0 0 0 0 0 0 0 0 0 0 0 0 0 0 0 0 0 0 0 0 0 0 0 0 0 0 0 0 0 0 0 0 0
0 0 0 0 0 0 0 0 0 0 3 4 0 2 0 0 0 0 0 0 0 0 0 0 0 0 0 0 0 0 0 0 0 1 0 0 0 0 0 0 0 0 0 0 0 0 0 0 0 0 0 0 0 0 0 0 0 0 0 0 0 0 0 0 0 0 0 0 0 0 0 0 0 0 0 0 0 0 0 0 0 0 0 0 0 0 0 0 0 0 0 0 0 0 0 0 0 0 0 0 0 0 0 0 0 0 0 0 0 0 0 0 0 0 0 0 0 0 0 0 0 0 0 0 0 0 0 0 0 0 0 0 0 0 0 0 0 0 0 0 0 0 0 0 0 0 0 0 0 0
0 0 0 0 0 0 0 0 0 1 0 0 0 1 0 0 0 0 0 0 0 0 0 0 0 0 0 0 0 0 0 0 0 0 0 0 0 0 0 0 0 0 0 0 0 0 0 0 0 0 0 0 0 0 0 0 0 0 0 0 0 0 0 0 0 0 0 0 0 0 0 0 0 0 0 0 0 0 0 0 0 0 0 0 0 0 0 0 0 0 0 0 0 0 0 0 0 0 0 0 0 0 0 0 0 0 0 0 0 0 0 0 0 0 0 0 0 0 0 0 0 0 0 0 0 0 0 0 0 0 0 0 0 0 0 0 0 0 0 0 0 0 0 0 0 0 0 0 0 0
0 0 0 0 0 0 0 0 16 0 2 0 0 0 0 0 0 0 0 0 0 0 0 0 0 0 0 0 0 0 0 0 0 0 0 0 0 0 0 0 0 0 0 0 0 0 0 0 1 0 0 0 0 0 0 0 0 0 0 0 0 0 0 0 0 0 0 0 0 0 0 0 0 0 0 0 0 0 0 0 0 0 0 0 0 0 0 0 0 0 0 0 0 0 0 0 0 0 0 0 0 0 0 0 0 0 0 0 0 0 0 0 0 0 0 0 0 0 0 0 0 0 0 0 0 0 0 0 0 0 0 0 0 0 0 0 0 0 0 0 0 0 0 0 0 0 0 0 0 0
0 0 0 0 0 0 0 0 11 22 0 0 0 0 0 0 0 0 0 0 0 0 0 0 0 0 0 0 0 0 0 0 0 0 0 0 0 0 0 0 0 0 0 0 0 0 0 0 1 0 6 2 0 0 0 0 0 0 0 0 0 0 0 0 0 0 0 0 0 0 0 0 0 0 0 0 0 0 0 0 0 0 0 0 0 0 0 0 0 0 0 0 0 0 0 0 0 0 0 0 0 0 0 0 0 0 0 0 0 0 0 0 0 0 0 0 0 0 0 0 0 0 0 0 0 0 0 0 0 0 0 0 0 0 0 0 0 0 0 0 0 0 0 0 0 0 0 0 0 0
0 0 0 0 0 2 18 21 33 5 0 0 0 0 0 0 0 0 0 0 0 0 0 0 0 0 0 0 0 0 0 0 0 0 0 0 0 0 0 0 0 0 0 0 0 0 0 0 0 26 65 0 0 0 0 0 0 0 0 0 0 0 0 0 0 0 0 0 0 0 0 0 0 0 0 0 0 0 0 0 0 0 0 0 0 0 0 0 0 0 0 0 0 0 0 0 0 0 0 0 0 0 0 0 0 0 0 0 0 0 0 0 0 0 0 0 0 0 0 0 0 0 0 0 0 0 0 0 0 0 0 0 0 0 0 0 0 0 0 0 0 0 0 0 0 0 0 0 0 0
1 0 0 0 0 0 46 32 0 0 0 0 0 0 0 0 0 0 0 0 0 0 0 0 0 0 0 0 0 0 0 0 0 0 0 0 0 0 0 0 0 0 0 0 0 0 0 0 1 0 0 0 138 0 0 0 0 0 0 0 0 0 0 0 0 0 0 0 0 0 0 0 0 0 0 0 0 0 0 0 0 0 0 0 0 0 0 0 0 0 0 0 0 0 0 0 0 0 0 0 0 0 0 0 0 0 0 0 0 0 0 0 0 0 0 0 0 0 0 0 0 0 0 0 0 0 0 0 0 0 0 0 0 0 0 0 0 0 0 0 0 0 0 0 0 0 0 0 0 0
0 0 0 0 0 0 0 0 0 0 0 0 0 0 0 0 0 0 0 0 0 0 0 0 0 0 0 0 0 0 0 0 0 0 0 0 0 0 0 0 0 0 0 0 0 0 0 0 0 0 0 0 20 101 0 0 0 0 0 0 0 0 0 0 0 0 0 0 0 0 0 0 0 0 0 0 0 0 0 0 0 0 0 0 0 0 0 0 0 0 0 0 0 0 0 0 0 0 0 0 0 0 0 0 0 0 0 0 0 0 0 0 0 0 0 0 0 0 0 0 0 0 0 0 0 0 0 0 0 0 0 0 0 0 0 0 0 0 0 0 0 0 0 0 0 0 0 0 0 0
0 0 0 0 0 0 0 0 0 0 0 0 0 0 0 0 0 0 0 0 0 0 0 0 0 0 0 0 0 0 0 0 0 0 0 0 0 0 0 0 0 0 0 0 0 0 0 0 0 0 0 0 0 5 0 0 0 0 0 0 0 0 0 0 0 0 0 0 0 0 0 0 0 0 0 0 0 0 0 0 0 0 0 0 0 0 0 0 0 0 0 0 0 0 0 0 0 0 0 0 0 0 0 0 0 0 0 0 0 0 0 0 0 0 0 0 0 0 0 0 0 0 0 0 0 0 0 0 0 0 0 0 0 0 0 0 0 0 0 0 0 0 0 0 0 0 0 0 0 0
0 0 0 0 0 0 0 0 0 0 0 0 0 0 0 0 0 0 0 0 0 0 0 0 0 0 0 0 0 0 0 0 0 0 0 0 0 1 0 0 0 0 0 0 0 0 0 0 0 0 0 1 5 0 0 0 0 0 0 0 0 0 0 0 0 0 0 0 0 0 0 0 0 0 0 0 0 0 0 0 0 0 0 0 0 0 0 0 0 0 0 0 0 0 0 0 0 0 0 0 0 0 0 0 0 0 0 0 0 0 0 0 0 0 0 0 0 0 0 0 0 0 0 0 0 0 0 0 0 0 0 0 0 0 0 0 0 0 0 0 0 0 0 0 0 0 0 0 0 0
0 0 0 0 0 0 0 0 0 0 0 0 0 0 0 0 0 0 0 0 0 0 0 0 0 0 0 0 0 0 0 0 1 0 0 0 0 0 0 0 0 0 0 0 0 0 0 0 0 0 0 0 1 0 1 0 0 0 0 0 0 0 0 0 0 0 0 0 0 0 0 0 0 0 0 0 0 0 0 0 0 0 0 0 0 0 0 0 0 0 0 0 0 0 0 0 0 0 0 0 0 0 0 0 0 0 0 0 0 0 0 0 0 0 0 0 0 0 0 0 0 0 0 0 0 0 0 0 0 0 0 0 0 0 0 0 0 0 0 0 0 0 0 0 0 0 0 0 0 0
0 0 0 0 0 0 0 0 0 0 0 0 0 0 0 0 0 0 0 0 0 0 0 0 0 0 0 0 0 0 5 0 0 0 1 0 0 0 0 0 0 0 0 0 0 0 0 0 0 0 0 0 0 7 0 0 0 0 0 0 0 0 0 0 0 0 0 0 0 0 0 0 0 0 0 0 0 0 0 0 0 0 0 0 0 0 0 0 0 0 0 0 0 0 0 0 0 0 0 0 0 0 0 0 0 0 0 0 0 0 0 0 0 0 0 0 0 0 0 0 0 0 0 0 0 0 0 0 0 0 0 0 0 0 0 0 0 0 0 0 0 0 0 0 0 0 0 0 0 0
0 0 0 0 0 0 0 0 0 0 0 0 0 0 0 0 0 0 0 0 0 0 0 0 0 0 0 0 0 0 6 26 2 0 0 0 1 0 0 0 0 0 0 0 0 0 0 0 0 0 0 1 0 0 0 0 0 0 0 0 0 0 0 0 0 0 0 0 0 0 0 0 0 0 0 0 0 0 0 0 0 0 0 0 0 0 0 0 0 0 0 0 0 0 0 0 0 0 0 0 0 0 0 0 0 0 0 0 0 0 0 0 0 0 0 0 0 0 0 0 0 0 0 0 0 0 0 0 0 0 0 0 0 0 0 0 0 0 0 0 0 0 0 0 0 0 0 0 0 0
0 0 0 0 0 0 0 0 0 0 0 0 0 0 0 0 0 0 0 0 0 0 0 0 0 0 0 0 0 0 2 14 0 0 0 0 4 0 0 0 0 0 0 0 0 0 0 0 0 0 0 0 0 0 0 0 0 0 0 0 0 0 0 0 0 0 0 0 0 0 0 0 0 0 0 0 0 0 0 0 0 0 0 0 0 0 0 0 0 0 0 0 0 0 0 0 0 0 0 0 0 0 0 0 0 0 0 0 0 0 0 0 0 0 0 0 0 0 0 0 0 0 0 0 0 0 0 0 0 0 0 0 0 0 0 0 0 0 0 0 0 0 0 0 0 0 0 0 0 0
0 0 0 0 0 0 0 0 0 0 0 0 0 0 0 0 0 0 0 0 0 0 0 0 0 0 9 0 0 5 0 0 0 0 0 0 1 0 0 0 0 0 0 0 0 0 0 0 0 0 0 0 0 0 0 0 0 0 0 0 0 0 0 0 0 0 0 0 0 0 0 0 0 0 0 0 0 0 0 0 0 0 0 0 0 0 0 0 0 0 0 0 0 0 0 0 0 0 0 0 0 0 0 0 0 0 0 0 0 0 0 0 0 0 0 0 0 0 0 0 0 0 0 0 0 0 0 0 0 0 0 0 0 0 0 0 0 0 0 0 0 0 0 0 0 0 0 0 0 0
0 0 0 0 0 0 0 0 0 0 0 0 0 0 0 0 0 0 0 0 0 0 0 0 0 0 0 0 0 283 117 0 0 0 0 0 0 0 0 0 0 0 0 0 0 0 0 0 0 0 0 0 0 0 0 0 0 0 0 0 0 0 0 0 0 0 0 0 0 0 0 0 0 0 0 0 0 0 0 0 0 0 0 0 0 0 0 0 0 0 0 0 0 0 0 0 0 0 0 0 0 0 0 0 0 0 0 0 0 0 0 0 0 0 0 0 0 0 0 0 0 0 0 0 0 0 0 0 0 0 0 0 0 0 0 0 0 0 0 0 0 0 0 0 0 0 0 0 0 0
0 0 0 0 0 0 0 0 0 0 0 0 0 0 0 0 0 0 0 0 0 0 0 0 0 0 6 0 0 0 0 0 0 3 0 0 0 0 0 0 0 0 0 0 0 0 0 0 2 47 0 0 0 0 0 0 0 0 0 0 0 0 0 0 0 0 0 0 0 0 0 0 0 0 0 0 0 0 0 0 0 0 0 0 0 0 0 0 0 0 0 0 0 0 0 0 0 0 0 0 0 0 0 0 0 0 0 0 0 0 0 0 0 0 0 0 0 0 0 0 0 0 0 0 0 0 0 0 0 0 0 0 0 0 0 0 0 0 0 0 0 0 0 0 0 0 0 0 0 0
0 0 0 0 0 0 0 0 0 0 0 0 0 0 0 0 0 0 0 0 0 0 0 0 0 0 19 0 0 0 0 0 0 0 0 0 0 0 0 0 0 0 0 0 0 0 0 0 2 0 0 0 0 0 0 0 0 0 0 0 0 0 0 0 0 0 0 0 0 0 0 0 0 0 0 0 0 0 0 0 0 0 0 0 0 0 0 0 0 0 0 0 0 0 0 0 0 0 0 0 0 0 0 0 0 0 0 0 0 0 0 0 0 0 0 0 0 0 0 0 0 0 0 0 0 0 0 0 0 0 0 0 0 0 0 0 0 0 0 0 0 0 0 0 0 0 0 0 0 0
0 0 0 0 0 0 0 0 0 0 0 0 0 0 0 0 0 0 0 0 0 0 0 0 0 0 0 1 8 0 0 0 0 0 0 0 0 0 0 0 0 0 0 0 0 0 0 0 0 0 0 0 0 0 0 0 0 0 0 0 0 0 0 0 0 0 0 0 0 0 0 0 0 0 0 0 0 0 0 0 0 0 0 0 0 0 0 0 0 0 0 0 0 0 0 0 0 0 0 0 0 0 0 0 0 0 0 0 0 0 0 0 0 0 0 0 0 0 0 0 0 0 0 0 0 0 0 0 0 0 0 0 0 0 0 0 0 0 0 0 0 0 0 0 0 0 0 0 0 0
0 0 0 0 0 0 0 0 0 0 0 0 0 0 0 0 0 0 0 0 0 0 0 0 0 0 0 0 0 0 0 0 0 0 0 0 0 0 0 0 0 0 0 0 0 0 0 0 0 0 0 0 0 0 0 0 0 0 0 0 0 0 0 0 0 0 0 0 0 0 0 0 0 0 0 0 0 0 0 0 0 0 0 0 0 0 0 0 0 0 0 0 0 0 0 0 0 0 0 0 0 0 0 0 0 0 0 0 0 0 0 0 0 0 0 0 0 0 0 0 0 0 0 0 0 0 0 0 0 0 0 0 0 0 0 0 0 0 0 0 0 0 0 0 0 0 0 0 0 0
0 0 0 0 0 0 0 0 0 0 0 0 0 0 0 0 0 0 0 0 0 0 0 0 0 0 0 0 0 0 0 0 0 0 0 0 0 0 0 0 0 0 0 0 0 0 0 0 0 0 1 0 0 0 0 0 0 0 0 0 0 0 0 0 0 0 0 0 0 0 0 0 0 0 0 0 0 0 0 0 0 0 0 0 0 0 0 0 0 0 0 0 0 0 0 0 0 0 0 0 0 0 0 0 0 0 0 0 0 0 0 0 0 0 0 0 0 0 0 0 0 0 0 0 0 0 0 0 0 0 0 0 0 0 0 0 0 0 0 0 0 0 0 0 0 0 0 0 0 0
0 0 0 0 0 0 0 0 0 0 0 0 0 0 0 0 0 0 0 0 0 0 0 0 0 0 0 0 0 0 0 0 0 0 0 0 0 0 0 0 0 0 0 0 0 0 0 0 0 0 0 0 0 0 0 0 0 0 0 0 0 0 0 0 0 0 0 0 0 0 0 0 0 0 0 0 0 0 0 0 0 0 0 0 0 0 0 0 0 0 0 0 0 0 0 0 0 0 0 0 0 0 0 0 0 0 0 0 0 0 0 0 0 0 0 0 0 0 0 0 0 0 0 0 0 0 0 0 0 0 0 0 0 0 0 0 0 0 0 0 0 0 0 0 0 0 0 0 0 0
0 0 0 0 0 0 0 0 0 0 0 0 0 0 0 0 0 0 0 0 0 0 0 0 0 0 0 0 0 0 0 0 0 0 0 0 0 0 0 0 0 0 0 0 0 0 0 0 0 0 0 0 0 0 0 0 0 0 0 0 0 0 0 0 0 0 0 0 0 0 0 0 0 0 0 0 0 0 0 0 0 0 0 0 0 0 0 0 0 0 0 0 0 0 0 0 0 0 0 0 0 0 0 0 0 0 0 0 0 0 0 0 0 0 0 0 0 0 0 0 0 0 0 0 0 0 0 0 0 0 0 0 0 0 0 0 0 0 0 0 0 0 0 0 0 0 0 0 0 0
0 0 0 0 0 0 0 0 0 0 0 0 0 0 0 0 0 0 0 0 0 0 0 0 0 0 0 0 0 0 0 0 0 0 0 0 0 0 0 0 0 0 0 0 0 0 0 0 0 0 0 0 0 0 0 0 0 0 0 0 0 0 0 0 0 0 0 0 0 0 0 0 0 0 0 0 0 0 0 0 0 0 0 0 0 0 0 0 0 0 0 0 0 0 0 0 0 0 0 0 0 0 0 0 0 0 0 0 0 0 0 0 0 0 0 0 0 0 0 0 0 0 0 0 0 0 0 0 0 0 0 0 0 0 0 0 0 0 0 0 0 0 0 0 0 0 0 0 0 0
