0 0 9 3 0 0 1 0 4 67 2 3 0 1 0 0 0 2 1 0 0 0 0 0 1 11 0 1 0 0 0 0 0 5 2 1 0 0 0 1 0 0 0 1 30 0 0 0 0 0 0 0 0 0 5 1 0 0 3 2 27 12 3 3 0 0 3 0 0 0 1 0 3 83 104 211 44 14 15 16 7 94 42 55 36 168 234 186 36 133 656 367 31 357 227 563 653 511 479 62 74 42 16 3 11 16 19 340 163 64 4 1 15 40 38 11 16 1 8 1 1 23 12 5 0 3 0 1 3 11 1 11 0 6 0 0 0 1 0 0 0 0 0 0 0 0 0 0 0 16
0 12 2 2 0 0 0 0 0 25 10 14 9 3 0 0 0 0 4 0 0 0 16 0 5 5 0 0 0 0 0 0 0 0 0 0 0 0 3 0 0 0 0 0 0 0 0 0 0 0 0 0 0 0 2 0 0 0 0 24 46 11 2 139 0 0 0 0 2 2 0 0 28 17 24 1 131 22 5 8 26 36 1 2 70 101 175 89 170 210 32 17 211 213 75 132 357 456 594 325 198 31 29 5 6 2 1 18 30 5 11 7 0 3 27 6 4 0 5 7 2 1 5 1 5 3 1 3 27 20 12 3 103 27 0 0 0 0 1 40 6 0 0 0 0 0 0 0 0 0
0 0 0 0 2 0 0 0 0 3 6 1 12 2 0 5 0 2 2 2 0 7 51 14 5 0 2 2 0 0 0 0 0 0 0 1 1 0 0 15 2 0 0 1 0 0 0 0 0 0 0 0 0 0 4 0 0 9 2 1 9 3 1 0 1 0 0 0 0 0 0 1 2 0 0 0 0 32 47 92 31 28 0 23 58 157 407 112 1 1 35 8 72 190 362 444 91 221 159 401 353 201 27 22 8 6 1 11 117 93 12 6 8 1 4 6 3 12 9 2 33 9 1 3 0 2 1 2 0 5 1 11 63 64 0 0 1 0 2 11 1 4 1 0 0 0 0 0 0 0
21 1 0 0 0 0 1 0 0 3 1 0 0 0 0 5 2 0 0 2 0 1 5 22 109 0 2 17 11 0 1 0 0 0 0 0 0 2 0 1 0 0 0 0 0 0 0 0 0 0 3 0 0 0 65 5 3 17 11 1 1 1 2 2 1 0 0 0 0 1 2 35 10 1 0 3 5 34 108 112 65 8 58 188 107 9 39 141 0 103 544 596 978 392 541 250 136 127 423 236 293 248 103 165 13 64 7 18 174 29 12 5 16 11 0 19 22 26 24 9 21 42 6 1 5 3 1 0 3 2 3 4 10 0 4 2 12 2 1 27 30 0 0 0 0 0 0 0 0 0
0 7 0 0 0 0 0 0 2 0 2 0 0 0 0 18 1 3 1 0 0 0 0 0 0 0 0 0 0 1 1 0 0 0 0 13 1 0 0 0 0 0 0 0 0 0 0 0 0 2 0 0 0 1 33 102 16 27 4 0 2 2 0 1 0 0 0 0 0 4 133 73 40 120 15 20 25 103 190 91 142 114 218 80 172 57 21 47 7 275 891 426 431 605 288 186 42 337 226 459 590 725 419 375 321 36 43 96 10 6 9 11 22 12 3 0 2 3 15 40 129 410 63 12 0 1 2 0 0 2 0 0 0 0 0 0 0 0 0 0 23 3 0 0 0 0 0 0 0 0
7 1 0 0 0 0 0 0 1 0 0 0 0 0 0 0 0 1 9 34 3 3 0 0 0 0 0 0 0 20 0 4 0 0 3 25 22 13 0 0 0 0 0 0 0 0 0 0 0 4 15 15 0 0 11 26 9 11 4 3 0 0 0 0 0 0 0 0 2 42 42 52 143 53 35 25 16 16 29 177 385 400 262 34 0 82 26 14 1 189 1323 585 35 309 507 225 66 1154 252 624 296 274 726 291 10 60 16 43 3 0 0 0 5 8 7 0 2 3 0 5 42 54 0 1 0 25 0 1 1 0 2 1 0 1 0 1 1 0 0 0 0 4 0 0 0 0 1 0 0 0
0 0 0 1 0 0 0 0 1 4 3 0 0 1 0 0 0 0 0 0 0 0 0 0 0 0 0 0 0 0 1 1 0 0 0 7 0 1 0 0 0 0 0 0 0 0 0 0 0 0 0 2 1 5 0 8 5 0 22 18 2 0 1 0 3 0 0 0 4 40 16 30 237 202 161 52 218 123 174 235 497 430 510 210 51 1 1 107 35 35 998 624 33 280 555 406 214 219 303 42 12 134 60 66 7 28 48 1 15 2 26 97 76 6 11 3 1 1 28 11 31 49 5 0 2 0 3 3 0 0 4 0 0 0 0 1 0 0 0 0 0 1 0 0 0 0 0 0 0 0
0 0 0 1 0 0 0 0 2 0 0 0 0 0 0 0 0 0 0 0 0 0 0 0 0 0 0 0 0 0 5 0 0 0 0 4 0 0 4 1 0 0 0 0 0 0 0 0 0 0 0 0 4 16 1 2 0 9 39 34 28 12 105 4 2 14 0 0 1 37 2 0 12 32 21 15 39 55 299 393 584 384 717 116 116 96 96 275 177 30 287 89 26 753 386 181 106 468 403 116 115 243 247 266 81 62 10 24 81 31 420 177 18 11 8 18 3 0 5 5 6 3 7 5 1 3 20 4 1 0 0 0 0 0 0 0 0 0 0 0 0 0 0 0 0 0 0 0 0 0
1 0 0 0 0 0 0 0 3 1 0 0 0 1 8 0 0 0 0 0 0 0 0 0 0 0 0 0 0 0 1 0 0 0 0 0 0 0 0 0 0 0 0 0 0 0 0 0 0 0 0 0 1 3 0 0 4 7 9 47 193 282 3 0 2 7 0 1 0 12 0 0 0 1 0 16 9 17 24 251 412 598 460 6 5 30 290 285 198 19 2 5 223 787 780 816 41 255 190 79 148 58 28 161 435 91 120 162 24 37 501 68 111 2 7 3 1 8 1 3 9 1 3 12 1 1 0 10 0 0 1 0 0 0 1 0 0 0 0 0 0 0 0 0 0 0 0 0 0 0
0 0 0 0 0 0 0 0 33 1 0 0 0 0 0 0 0 0 0 0 0 0 0 0 0 0 0 0 0 0 0 0 0 0 0 0 0 0 0 0 0 0 0 0 0 0 0 0 1 1 2 0 5 6 0 0 0 1 0 1 28 355 10 8 3 8 1 0 0 8 0 0 0 0 0 22 0 19 218 396 536 373 319 179 563 509 155 46 102 103 37 1 1 417 653 821 495 79 64 14 34 36 19 2 31 147 154 137 188 10 224 247 109 14 1 109 163 254 122 27 16 1 12 16 34 19 7 0 1 17 36 16 0 0 0 0 0 0 0 0 0 0 0 0 0 0 0 0 0 0
0 3 34 0 0 0 4 0 0 0 2 3 0 0 0 12 1 0 1 0 0 0 0 0 0 0 0 0 0 0 0 1 0 0 0 1 0 0 0 0 0 3 0 0 0 0 3 1 14 11 11 0 5 2 0 0 1 1 7 2 0 101 2 2 0 0 0 0 1 3 0 0 0 0 0 0 5 12 76 178 228 220 413 126 105 162 109 182 256 154 20 0 1 95 462 410 461 39 12 40 11 9 0 10 51 138 384 189 73 76 354 71 99 13 2 62 154 271 182 101 101 58 204 64 43 238 45 47 25 16 0 55 9 14 15 0 0 0 0 0 0 0 0 0 0 0 0 0 0 0
0 0 0 0 0 0 0 1 6 0 0 0 0 0 0 0 15 5 0 0 0 0 0 0 0 0 0 0 0 0 0 0 0 0 2 0 0 0 0 0 0 33 4 3 0 0 0 0 0 0 0 0 3 1 7 0 0 0 0 1 1 5 0 1 0 5 0 0 0 0 2 1 0 0 0 0 28 7 349 185 305 67 10 28 65 70 16 8 80 267 33 0 0 2 4 92 444 214 188 12 0 2 8 17 10 37 169 130 20 29 112 89 27 32 9 117 350 91 298 390 180 134 89 35 53 71 0 0 0 62 3 0 28 9 7 0 0 0 0 0 0 0 0 0 0 0 0 0 0 0
1 1 0 0 0 0 1 0 1 7 0 0 0 0 0 0 0 21 3 9 0 23 0 2 0 0 0 0 0 0 0 0 1 0 0 0 1 0 0 0 0 8 30 0 12 0 0 10 0 0 0 0 2 0 1 0 0 0 0 1 0 0 0 0 0 0 6 0 0 1 10 0 0 0 0 9 113 21 68 23 114 100 7 2 2 7 4 0 1 2 0 0 0 21 30 5 476 214 348 259 6 2 21 8 10 9 4 51 192 160 674 289 37 474 250 9 16 62 697 696 90 120 47 2 43 38 2 0 19 5 0 0 14 2 0 0 0 0 0 0 0 0 0 0 0 0 0 0 0 0
0 0 0 0 0 0 1 1 0 1 0 0 0 0 0 0 0 0 63 10 1 0 0 0 0 0 0 0 0 2 3 0 0 0 0 0 0 0 0 0 0 0 1 44 26 0 0 0 2 0 1 11 0 0 0 0 0 0 1 0 7 6 1 0 0 0 7 12 5 7 24 0 0 1 0 141 305 227 78 7 15 170 20 0 6 65 5 2 0 14 2 0 0 33 4 15 85 350 79 125 0 6 243 39 241 38 62 281 122 410 893 601 393 128 161 157 116 111 324 256 99 26 0 0 0 17 7 0 2 0 0 0 0 0 0 0 0 0 0 0 0 0 0 0 0 0 0 0 0 0
0 0 0 0 0 0 0 6 3 0 0 0 0 0 0 0 0 0 3 0 3 0 0 0 0 0 0 0 0 0 0 0 0 0 0 0 0 0 0 0 0 0 0 3 16 0 0 1 0 7 5 11 1 0 3 0 3 5 2 3 52 8 4 6 3 81 112 42 70 156 19 1 0 1 36 389 567 892 200 68 3 102 17 0 0 7 4 11 0 40 8 8 1 0 0 0 30 191 166 179 13 28 305 414 937 646 712 701 774 542 409 344 253 439 246 119 79 46 33 29 103 83 12 5 0 1 15 4 5 4 0 0 0 0 0 0 0 0 0 0 0 0 0 0 0 0 0 0 0 0
0 0 0 0 0 0 0 11 5 0 0 0 0 0 0 0 2 0 0 2 0 3 4 0 0 0 0 0 1 0 0 0 0 0 0 0 0 0 0 0 0 0 0 0 0 15 0 0 0 6 26 67 0 0 0 5 11 24 25 40 69 5 3 12 20 16 355 53 29 99 239 37 246 63 338 452 793 439 53 2 0 1 0 0 0 0 12 21 7 36 2 11 0 0 0 26 22 13 14 15 4 0 961 524 297 378 600 131 322 377 750 285 361 237 136 141 26 55 45 27 17 7 54 225 26 25 2 0 8 1 0 0 0 0 12 0 0 0 0 0 0 0 0 0 0 0 0 0 0 0
0 0 0 0 0 0 0 1 0 0 0 0 0 0 0 0 3 1 0 0 1 0 7 22 14 1 0 0 0 0 0 0 0 0 0 0 0 0 0 1 1 0 3 2 0 7 0 3 1 6 13 3 3 6 5 12 33 86 30 25 0 0 0 0 0 0 0 0 0 0 0 0 55 49 131 200 279 125 73 0 0 0 1 0 0 0 0 13 27 10 0 0 4 0 1 2 34 0 6 49 13 142 538 407 286 121 215 117 220 297 504 366 376 339 106 46 31 49 39 5 0 0 10 33 16 117 1 16 0 0 0 0 0 0 0 0 0 0 0 0 0 0 0 0 0 0 0 0 0 0
0 0 0 0 1 0 0 2 0 0 0 0 1 0 0 0 0 3 0 1 0 1 0 0 5 0 2 8 2 0 0 0 0 0 0 0 1 0 0 0 0 0 0 0 0 12 30 2 1 12 16 21 4 42 10 6 35 72 175 12 15 0 0 0 1 2 12 41 0 6 37 3 40 11 34 33 12 49 33 21 0 0 0 0 0 0 0 1 61 1 0 14 24 20 2 0 4 0 18 340 122 109 63 60 70 295 48 81 296 205 119 108 144 55 97 19 26 80 7 1 0 1 1 0 69 370 110 4 1 11 0 0 0 0 0 0 0 0 0 0 0 0 0 0 0 0 0 0 0 0
0 0 0 2 1 3 0 0 0 0 0 0 2 0 0 0 0 0 0 2 1 3 3 10 6 1 31 14 88 0 0 0 0 0 4 11 3 0 0 0 0 0 0 9 13 16 9 0 3 269 40 6 9 13 2 8 72 30 18 12 29 25 0 0 0 0 4 0 0 12 9 9 12 9 2 30 36 6 3 7 5 0 2 8 0 6 2 6 0 0 1 12 59 122 7 0 0 7 358 9 71 135 42 8 28 76 72 147 220 1 0 20 3 285 11 0 2 0 0 0 0 0 1 4 27 94 107 175 3 1 0 0 0 0 0 0 0 0 0 0 0 0 0 0 0 0 0 0 0 0
0 0 0 0 0 0 0 0 0 0 0 0 0 0 0 0 0 0 0 6 0 5 38 1 0 3 2 11 69 2 0 0 2 0 0 0 0 0 0 0 0 5 1 18 3 37 39 4 6 155 12 4 6 0 25 7 16 22 2 0 0 21 0 0 0 3 1 0 1 9 28 33 7 0 3 15 7 0 0 0 4 0 0 0 1 5 7 0 8 3 2 3 3 2 0 14 0 2 3 0 491 862 472 94 19 54 55 123 90 4 0 0 1 79 17 0 0 0 0 0 0 0 0 3 3 0 4 46 93 0 0 0 0 0 0 0 0 0 0 0 0 0 0 0 0 0 0 0 0 0
0 0 0 0 0 0 0 0 0 0 0 0 0 0 0 1 0 0 3 1 0 2 4 2 0 25 1 1 1 7 0 15 6 0 0 0 0 0 0 2 1 11 6 4 7 6 4 23 31 84 142 49 10 16 15 5 3 0 2 0 0 6 5 2 115 43 1 0 3 3 32 19 3 0 2 45 128 33 2 6 2 14 2 5 0 0 0 2 6 1 1 0 0 0 0 0 0 1 346 249 1008 745 346 49 2 5 47 55 0 0 0 0 0 10 0 0 0 0 0 0 0 0 2 2 0 0 24 58 0 0 0 0 0 0 0 0 0 0 0 0 0 0 0 0 0 0 0 0 0 0
0 0 0 0 0 0 0 0 0 0 0 0 0 2 0 3 0 0 0 0 1 0 2 1 0 2 0 0 0 0 10 43 7 8 0 0 0 7 0 0 32 4 0 0 1 0 1 2 232 602 139 101 11 0 1 4 0 47 0 0 0 2 0 0 7 3 17 2 3 50 17 9 13 0 0 3 75 53 17 54 16 21 16 16 13 0 2 6 212 31 2 2 4 0 2 5 1 0 59 229 167 57 37 1 3 3 38 29 0 0 0 0 1 31 0 0 0 0 0 0 0 0 0 0 0 25 9 0 1 2 3 0 0 0 0 0 0 0 0 0 0 0 0 0 0 0 0 0 0 0
0 1 0 1 0 0 0 0 0 0 0 0 0 1 0 0 0 0 0 0 0 1 3 3 0 0 0 0 0 0 2 0 14 2 1 0 11 43 0 4 0 0 0 0 0 0 8 9 13 175 237 89 4 0 0 1 0 1 2 3 0 0 0 0 10 1 12 4 0 1 5 19 2 0 3 0 4 3 25 10 1 14 11 0 1 3 6 1 0 0 0 4 1 0 0 1 7 0 0 0 21 1 3 37 46 28 10 22 63 77 24 6 20 0 0 0 0 0 0 0 0 0 0 1 18 31 51 0 0 0 0 0 0 0 0 0 0 0 0 0 0 0 0 0 0 0 0 0 0 0
0 0 0 0 0 0 0 0 0 0 0 0 0 0 6 0 0 3 0 0 1 0 0 2 0 0 0 0 0 0 0 31 4 4 1 0 1 7 5 0 0 0 0 0 5 64 5 26 7 55 71 5 0 3 0 2 20 6 0 0 0 0 0 0 1 1 1 1 0 0 0 0 49 43 7 2 0 0 0 2 0 3 30 42 1 0 0 0 0 0 0 1 0 0 0 0 1 0 1 2 1 1 3 37 18 6 10 0 1 11 0 85 14 0 0 0 0 0 0 0 0 0 1 4 7 5 16 34 0 0 0 0 0 0 0 0 0 0 0 0 0 0 0 0 0 0 0 0 0 0
0 0 0 0 0 0 0 0 0 0 0 0 0 0 0 0 0 2 0 0 1 0 1 1 0 0 0 0 0 0 0 0 1 5 18 0 1 47 0 0 0 0 0 6 12 7 21 0 3 17 28 12 12 10 17 0 1 2 0 0 0 0 0 0 1 0 0 2 2 4 2 1 3 6 42 3 0 0 0 0 0 1 5 35 8 0 0 0 0 24 1 0 0 0 0 0 3 15 0 4 15 1 1 7 290 0 0 0 0 0 0 5 1 0 0 1 0 0 0 0 0 0 0 0 0 15 12 19 0 0 2 0 0 0 0 0 0 0 0 0 0 0 0 0 0 0 0 0 0 0
0 0 0 0 0 0 0 0 0 0 0 0 0 0 11 0 0 0 0 0 0 1 0 0 0 0 1 0 0 0 0 0 1 10 17 0 0 6 1 0 0 0 0 4 53 6 0 0 3 5 29 0 0 0 0 0 0 0 0 0 2 0 0 0 1 10 0 3 3 1 3 11 1 2 1 0 4 0 0 0 0 0 0 0 0 6 2 11 0 6 0 0 0 0 1 0 0 2 0 6 6 2 9 72 140 146 0 2 0 0 0 2 0 1 8 1 0 0 0 0 0 0 0 0 0 8 3 47 1 0 0 0 0 0 0 1 1 21 0 0 0 0 0 0 0 0 0 0 0 0
0 0 0 0 0 0 0 0 0 0 0 0 0 0 0 0 0 4 0 0 0 4 0 1 0 0 0 0 1 0 0 1 0 1 23 4 0 1 0 0 0 2 1 8 57 5 2 0 0 1 18 14 1 0 2 0 0 0 0 0 0 0 0 0 3 0 0 0 2 1 6 15 0 0 0 1 7 1 0 0 0 0 2 0 0 5 4 10 2 0 1 0 0 0 0 2 0 1 0 1 6 3 3 2 25 211 24 0 0 0 0 0 0 9 4 2 0 0 0 0 0 0 0 0 4 83 3 3 0 0 0 0 0 0 0 0 1 1 0 0 0 0 0 0 0 0 0 0 0 0
0 0 0 0 0 0 0 0 0 0 0 0 0 0 2 1 5 8 12 0 5 1 6 1 0 0 0 0 0 0 1 0 0 4 2 0 1 5 2 10 24 23 1 96 77 4 2 0 4 0 0 28 6 3 2 0 0 0 0 0 0 0 0 0 0 0 0 0 3 10 48 13 3 2 0 0 0 1 0 0 0 0 0 0 0 0 0 1 2 4 4 0 2 0 1 0 0 0 0 0 0 2 9 4 17 524 622 33 0 0 0 0 0 0 0 0 1 92 27 2 0 0 0 30 71 8 29 60 65 12 0 0 0 0 0 0 0 0 0 0 0 0 0 0 0 0 0 0 0 0
0 0 0 0 0 2 0 0 1 0 0 0 17 4 1 2 9 23 0 13 0 5 2 0 0 0 0 0 1 4 1 3 4 1 4 7 20 11 19 92 116 448 175 107 60 2 0 1 1 1 0 8 23 4 0 0 0 0 0 0 0 0 0 0 0 0 0 0 0 0 3 25 2 0 3 3 0 182 2 0 0 2 0 0 4 0 0 0 2 2 0 0 0 0 4 8 2 0 0 0 3 53 22 7 132 144 403 270 0 0 0 0 0 0 0 2 63 111 5 0 0 0 0 79 152 69 416 287 16 8 0 0 0 12 0 3 0 0 0 0 0 0 0 0 0 0 0 0 0 0
0 0 0 0 0 0 0 1 2 2 6 27 92 0 0 1 29 5 0 0 0 2 6 10 0 0 0 0 0 1 2 0 1 10 22 10 0 4 33 189 270 499 317 305 39 1 0 0 0 0 2 0 20 34 13 3 0 0 0 0 0 0 0 0 0 0 0 0 0 0 0 1 0 0 0 0 0 4 2 0 0 0 0 0 6 0 0 0 0 1 0 0 0 6 2 8 0 0 0 8 0 0 5 2 3 68 1 47 7 0 0 0 0 0 34 21 271 281 29 14 4 16 0 31 42 22 221 304 195 198 1 19 16 85 0 0 0 0 0 0 0 0 0 0 2 0 0 0 0 0
0 0 0 0 0 0 0 0 3 0 5 0 3 1 2 4 0 0 4 6 0 0 56 18 0 0 0 0 1 0 8 3 0 0 7 7 7 16 13 29 289 162 206 80 22 1 7 2 3 2 0 1 1 4 1 0 0 0 0 0 0 0 0 0 0 0 0 0 2 0 1 14 0 0 0 1 2 1 0 1 0 24 5 0 8 0 0 0 13 13 0 0 0 5 1 0 6 0 0 0 0 0 3 0 1 0 0 0 5 0 4 1 9 0 21 522 271 301 71 67 52 78 15 1 1 7 64 80 0 28 1 114 247 21 17 1 0 0 0 0 0 0 0 0 0 0 0 0 0 0
0 0 0 0 0 0 0 2 0 0 0 4 3 0 0 1 0 0 22 10 135 40 13 0 0 0 0 1 2 25 1 1 2 20 146 1 0 1 0 62 224 141 230 67 29 27 2 0 4 1 2 0 6 0 2 0 0 0 0 0 0 0 0 0 0 0 0 0 0 0 0 0 0 0 0 0 0 0 9 0 13 43 7 106 22 5 0 0 0 0 1 0 1 0 0 2 1 1 0 0 0 1 0 0 1 0 25 4 114 111 185 239 59 63 266 480 213 117 33 224 25 64 4 0 51 43 38 91 1 0 31 126 142 13 17 1 0 0 0 0 0 0 0 0 0 0 0 0 0 0
0 0 0 1 0 0 0 4 0 0 0 1 8 4 1 0 0 1 1 5 41 0 0 0 0 0 0 1 1 6 11 5 3 0 4 3 0 4 0 47 5 38 27 14 3 0 0 0 5 10 1 2 33 0 0 0 1 2 1 0 0 0 0 0 0 0 0 0 0 0 0 0 0 0 0 4 0 52 11 3 1 7 8 2 0 0 0 0 0 1 7 0 0 0 1 0 0 0 0 0 0 0 0 0 0 2 4 3 126 39 66 57 9 159 782 237 222 154 28 437 39 3 0 27 4 22 30 0 0 0 26 141 0 0 1 0 0 0 0 0 0 0 0 0 0 0 0 0 0 0
0 0 0 0 0 5 17 2 2 1 1 0 0 1 1 2 4 5 4 32 18 0 0 0 0 0 0 2 0 2 25 3 0 0 0 0 3 1 2 1 6 22 1 2 0 0 0 0 0 0 0 4 121 5 71 10 8 0 1 0 0 0 0 0 0 0 0 0 0 0 0 0 0 0 0 0 0 2 1 1 0 0 1 0 0 0 0 0 0 0 0 0 2 6 9 0 2 1 0 0 0 0 0 0 0 0 2 32 31 1 0 5 51 87 134 220 46 107 44 70 200 0 0 0 0 0 0 0 0 0 0 56 7 0 0 0 0 0 0 0 0 0 0 0 0 0 0 0 0 0
0 0 0 0 3 0 2 3 0 0 0 0 0 2 1 7 20 10 0 0 0 5 4 0 0 2 0 7 11 6 29 11 3 0 0 1 2 2 2 25 5 5 2 0 1 0 3 0 0 0 1 9 77 39 0 8 0 0 1 0 0 0 0 0 0 0 0 0 0 0 0 0 0 0 0 0 31 3 0 1 0 0 0 0 0 0 0 0 0 1 2 0 14 13 0 0 1 0 0 3 1 0 0 0 0 0 7 36 358 10 0 0 0 0 1 0 4 12 202 507 34 0 0 0 0 0 0 0 0 0 0 0 24 1 0 0 0 0 0 0 0 0 0 0 0 0 0 0 0 0
0 2 1 3 0 0 9 11 2 3 5 3 5 0 1 79 30 13 3 22 0 0 5 1 2 1 1 8 0 7 7 2 2 0 0 0 0 1 0 2 12 0 0 0 0 0 0 0 0 0 0 46 1 23 12 0 0 0 0 0 0 0 0 0 0 0 0 0 0 0 0 0 0 0 0 1 0 6 0 0 0 0 0 0 0 0 0 0 5 1 2 0 0 3 0 0 0 0 5 1 0 1 0 0 2 9 20 9 67 0 0 0 0 0 7 0 0 0 49 89 193 97 0 0 1 54 0 0 0 28 237 26 34 8 0 0 0 0 0 0 0 0 0 0 0 0 0 0 0 0
3 0 0 0 0 4 2 0 0 0 6 2 1 1 9 21 28 16 4 0 0 1 0 2 1 5 2 0 4 0 0 0 0 1 0 0 0 0 0 3 11 5 1 2 1 0 3 5 0 0 0 26 14 16 15 6 0 0 0 0 0 0 0 0 0 0 0 0 0 0 0 0 0 0 0 0 0 18 47 1 0 1 0 0 0 0 0 33 2 0 3 2 2 1 1 1 0 0 1 2 9 14 46 1 0 6 10 3 32 2 0 0 0 5 30 54 98 272 36 99 242 78 0 3 170 43 0 0 0 50 82 0 0 0 0 0 0 0 0 0 0 0 0 0 0 0 0 0 0 0
0 1 1 0 0 0 4 0 0 4 5 69 5 16 0 1 2 5 2 0 1 0 1 9 8 1 0 1 14 0 0 0 0 0 0 0 0 0 3 0 0 5 14 1 1 2 1 1 0 0 0 34 13 3 3 0 0 0 0 0 0 0 0 0 0 0 0 0 0 0 0 0 0 0 0 0 0 20 19 2 0 1 0 0 0 0 2 8 0 0 8 0 3 2 0 0 0 0 3 2 0 0 0 1 9 0 3 15 20 10 0 0 0 0 88 325 473 321 19 47 63 71 71 161 161 0 0 0 4 213 72 0 0 0 0 0 0 0 0 0 0 0 0 0 0 0 0 0 0 0
0 0 0 0 0 1 1 1 0 1 5 14 0 0 0 0 0 0 0 2 1 0 0 2 0 7 5 1 1 0 0 0 0 0 0 0 0 0 76 0 0 0 1 0 0 0 0 2 0 0 0 35 3 2 0 0 0 0 1 2 0 0 0 0 0 0 0 0 0 0 0 0 0 0 0 0 1 2 46 15 4 9 9 0 0 0 0 0 0 1 0 0 0 3 0 0 0 0 0 2 3 6 3 9 0 0 4 4 15 0 0 1 27 12 23 6 2 32 139 110 13 97 354 262 213 71 72 52 415 782 441 5 0 0 0 0 0 0 0 0 0 0 0 0 0 0 0 0 0 0
0 0 0 0 0 0 1 0 0 8 6 0 0 6 2 0 1 4 0 0 1 0 0 0 0 3 6 1 0 0 0 0 6 0 1 0 0 0 1 8 0 0 5 0 0 1 3 1 1 1 2 255 20 7 1 1 0 0 0 0 0 1 0 1 0 0 0 0 0 0 0 0 0 0 0 0 7 7 33 0 4 5 14 0 0 0 0 0 1 1 1 2 0 6 4 13 7 0 0 0 6 0 0 4 3 1 3 0 45 9 1 2 4 2 0 5 80 79 135 246 294 618 501 451 845 490 304 304 412 407 244 1 0 0 0 0 0 0 0 0 0 0 0 0 0 0 0 0 0 0
0 0 0 0 0 0 0 0 39 2 17 0 1 0 2 9 2 3 0 0 0 0 0 0 0 5 3 0 0 0 0 0 0 0 2 0 1 1 0 0 5 0 1 1 0 0 4 0 12 23 311 313 4 102 10 0 3 3 3 4 2 6 0 0 0 0 0 0 0 0 0 0 0 0 0 0 1 0 5 0 0 1 0 0 0 0 0 0 2 0 0 0 4 0 0 1 0 0 1 2 7 1 1 0 8 4 6 15 1 2 5 2 4 4 3 6 20 33 186 1171 984 493 158 622 982 286 123 304 388 8 165 12 0 0 0 0 0 0 0 0 0 0 0 0 0 0 0 0 0 0
0 3 0 0 0 0 2 0 14 3 2 1 3 4 1 1 0 0 0 0 0 0 0 0 5 4 0 0 0 0 0 22 7 0 0 10 3 0 2 0 0 0 0 1 0 0 0 0 2 14 417 305 319 348 24 11 0 1 0 0 0 0 0 0 0 0 0 0 0 0 0 0 0 0 0 0 0 0 0 13 0 0 0 0 0 0 0 14 23 0 0 14 4 0 0 0 0 0 0 3 18 1 2 2 1 60 234 4 1 0 1 1 0 6 1 2 7 4 53 390 241 234 375 1824 853 277 319 123 0 271 453 540 0 0 0 0 0 0 0 0 0 0 0 0 0 0 0 0 0 0
0 0 0 6 0 1 7 4 7 0 7 36 0 0 0 0 0 0 0 0 0 0 0 0 1 0 0 0 0 0 0 6 3 0 0 15 0 0 0 0 0 0 0 1 0 1 0 0 0 1 148 152 287 256 61 31 0 3 0 3 2 0 0 0 0 0 0 0 0 0 0 0 0 0 0 0 0 0 0 10 1 3 1 0 0 0 0 10 25 0 4 14 58 0 0 0 0 0 0 1 1 16 5 82 8 5 0 8 0 0 2 0 1 4 1 0 1 6 3 20 143 202 217 349 665 483 262 333 192 335 259 157 1 0 0 0 0 0 0 0 0 0 0 0 0 0 0 0 0 0
3 2 9 1 0 3 3 1 2 0 0 2 1 0 0 0 0 0 0 0 0 0 0 0 0 0 0 0 1 0 4 0 0 1 0 0 0 2 1 0 0 0 0 0 0 0 0 0 0 0 82 74 142 11 10 14 1 0 3 1 3 0 0 0 1 0 0 0 0 0 0 0 0 0 0 0 0 0 2 0 0 0 0 0 0 0 31 62 11 0 2 100 52 8 3 0 0 0 0 9 11 2 15 69 12 0 1 2 13 0 0 0 3 1 0 0 2 32 13 6 100 417 261 311 122 404 439 958 121 135 45 37 0 0 0 0 0 0 0 0 0 0 0 0 0 0 0 0 0 0
1 0 6 0 2 1 13 54 4 2 1 0 1 1 0 0 0 0 0 0 0 0 0 0 0 0 0 0 1 0 0 0 0 0 0 0 0 0 0 0 0 0 0 0 0 0 0 0 1 1 2 15 71 3 16 0 0 17 32 5 0 0 0 0 0 0 0 0 0 0 0 0 0 0 0 0 0 0 0 0 0 0 8 12 18 9 0 0 9 19 61 52 74 1 6 0 0 1 9 14 33 108 93 264 260 7 3 0 6 2 0 0 1 0 2 0 0 23 12 178 168 595 1254 1026 422 151 1384 1316 844 0 0 0 0 0 0 0 0 0 0 0 0 0 0 0 0 0 0 0 0 0
4 4 5 0 15 3 4 28 7 8 0 2 0 2 0 0 0 0 0 0 0 0 0 0 0 0 0 0 4 0 0 0 0 0 0 0 0 0 0 0 1 7 0 0 0 0 0 0 0 0 0 5 63 0 4 0 0 1 50 1 0 0 0 0 0 0 0 0 0 0 0 0 0 0 0 0 0 0 0 0 0 6 6 0 0 3 2 3 5 48 57 72 52 7 138 1 0 0 0 11 47 293 205 98 129 30 0 16 0 3 1 0 0 0 0 2 0 238 139 515 341 1 7 118 367 403 293 396 178 0 79 2 0 0 0 0 0 0 0 0 0 0 0 0 0 0 0 0 0 0
9 21 71 0 14 38 22 2 0 4 0 1 0 2 0 5 0 0 0 0 0 0 0 0 0 0 0 0 0 0 0 0 0 0 0 0 0 0 0 0 2 1 1 0 0 8 0 0 0 0 0 6 19 0 1 1 1 2 0 17 0 0 1 0 0 0 0 0 0 0 0 0 0 0 0 0 0 0 0 1 8 27 2 9 4 3 89 4 0 1 0 14 13 3 0 0 0 0 0 6 17 83 494 144 64 124 4 2 2 0 7 0 0 0 0 8 104 268 50 11 0 0 0 0 53 242 73 663 285 2 13 26 0 0 0 0 0 0 0 0 0 0 0 0 0 0 0 0 0 0
0 22 54 77 239 208 165 17 1 0 0 0 0 0 1 1 0 0 0 0 0 1 0 0 0 0 0 0 0 0 0 0 0 0 0 0 0 0 0 0 0 0 0 4 4 0 0 2 0 1 0 4 6 0 0 0 2 0 4 0 0 4 0 0 0 0 0 0 0 0 0 0 0 0 0 0 0 0 1 12 27 0 0 0 4 3 16 79 20 0 0 0 0 0 0 0 0 0 0 0 0 91 230 110 93 79 2 0 2 9 2 0 0 0 2 36 79 3 10 13 0 0 0 0 5 176 170 378 220 0 33 0 0 0 0 0 0 0 0 0 0 0 0 0 0 0 0 0 0 0
5 91 180 531 370 272 134 27 0 0 0 0 17 0 0 0 0 0 0 0 0 1 0 0 0 0 1 0 0 0 0 0 0 0 0 0 0 0 0 0 1 1 1 1 0 0 0 8 17 0 0 0 4 0 0 0 2 0 2 0 0 1 0 0 0 0 0 0 0 0 0 0 0 0 0 0 0 10 1 0 0 0 0 0 0 0 31 12 0 2 2 0 0 0 0 0 0 0 0 0 9 26 18 4 44 36 0 0 0 0 2 1 1 1 2 0 4 3 10 10 19 81 5 0 11 303 55 148 31 0 0 0 0 0 0 0 0 0 0 0 0 0 0 0 0 0 0 0 0 0
0 17 131 148 80 94 14 3 5 0 0 6 0 0 0 0 0 0 2 1 2 3 0 0 0 0 0 0 0 0 2 0 0 0 3 0 0 0 0 0 0 0 0 0 0 1 0 3 1 3 0 0 0 0 0 1 0 0 0 0 0 0 0 0 0 0 0 0 0 0 0 0 0 0 0 0 1 0 0 0 0 0 0 0 0 0 34 6 3 4 11 0 0 0 0 18 0 0 0 231 480 79 130 55 1 165 6 2 4 1 0 3 9 2 0 0 1 0 4 26 46 18 80 203 14 26 0 0 0 0 0 0 0 0 0 0 0 0 0 0 0 0 0 0 0 0 0 0 0 0
3 8 36 40 226 21 0 0 3 3 2 0 0 0 0 0 0 0 0 0 1 34 0 0 0 0 0 0 1 0 0 0 0 0 0 0 0 0 0 0 0 0 0 0 1 7 0 0 0 1 0 0 0 0 2 11 2 0 0 0 0 0 0 0 0 0 0 0 0 0 0 0 0 0 0 0 0 3 0 0 0 0 0 0 0 0 7 1 0 10 44 0 0 0 22 66 61 3 141 843 194 294 68 8 1 6 9 169 0 3 11 0 0 0 0 0 2 0 23 18 47 19 5 6 24 34 11 5 55 23 1 0 0 0 0 0 0 0 0 0 0 0 0 0 0 0 0 0 0 0
16 10 4 25 0 0 0 1 0 1 0 0 0 0 0 0 0 0 0 0 0 2 3 1 0 0 0 0 0 0 0 0 0 1 3 0 0 0 0 0 0 0 0 2 0 3 0 1 0 0 0 0 2 2 38 6 4 0 0 0 0 0 0 0 0 0 0 0 0 0 0 0 0 0 4 1 0 0 0 0 0 0 0 0 0 0 9 0 0 0 89 12 1 2 67 273 22 3 68 68 82 47 18 0 0 1 1 114 228 108 2 0 0 0 3 0 0 0 1 1 16 1 0 1 5 42 8 29 216 53 16 0 0 0 0 0 0 0 0 0 0 0 0 0 0 0 0 0 0 0
9 0 0 2 0 0 4 0 0 0 0 0 0 0 0 0 0 0 0 0 0 0 0 0 0 0 0 1 0 0 0 22 2 0 1 0 0 0 0 0 0 0 0 1 0 1 0 0 0 0 0 2 4 1 7 2 0 0 0 0 0 0 0 0 0 0 0 0 0 0 0 0 0 0 5 3 0 0 0 0 0 0 0 0 0 0 28 22 113 27 31 10 10 13 3 15 2 2 0 1 9 0 0 0 2 3 74 152 55 13 1 0 0 0 0 0 0 0 0 0 0 15 7 9 15 83 33 80 65 173 14 0 0 0 0 0 0 0 0 0 0 0 0 0 0 0 0 0 0 0
5 0 0 4 0 0 0 0 0 0 0 0 0 0 0 0 0 0 0 0 0 0 0 0 0 0 0 0 6 0 2 0 3 0 0 1 0 0 0 0 0 0 0 0 0 0 1 0 0 0 0 1 1 38 1 0 0 0 0 0 0 0 0 0 0 0 0 0 0 0 0 0 1 0 0 0 0 0 0 0 0 0 0 0 0 0 0 0 86 0 0 0 0 0 2 33 2 0 1 0 1 4 7 1 1 108 380 156 121 21 0 0 0 0 0 0 0 0 34 1 1 11 0 5 0 7 37 37 3 4 0 1 0 0 0 0 0 0 0 0 0 0 0 0 0 0 0 0 0 0
2 0 0 0 0 0 0 0 0 0 0 0 0 0 0 0 0 0 1 2 0 0 0 9 0 0 0 1 1 0 0 0 0 0 1 0 0 0 0 0 0 0 0 0 0 0 0 0 0 0 1 2 2 25 5 0 1 2 0 0 0 0 0 0 0 0 0 0 0 0 0 0 0 0 0 1 0 0 0 0 0 0 0 0 0 0 0 0 0 0 0 0 1 5 0 0 2 0 1 2 2 4 3 0 12 27 24 2 28 76 0 0 0 0 0 0 0 0 1 2 0 8 0 23 78 20 123 18 0 7 3 0 0 0 0 0 0 0 0 0 0 0 0 0 0 0 0 0 0 0
0 0 0 0 4 26 0 0 0 0 0 0 0 0 0 0 0 0 0 0 0 0 0 0 0 0 0 0 0 0 0 0 0 0 1 0 0 0 0 0 0 0 2 0 0 0 0 0 0 0 4 0 2 2 0 0 0 1 0 0 0 0 0 0 0 0 0 0 1 1 0 0 0 0 0 0 0 0 0 0 0 0 0 0 0 0 0 0 1 0 0 22 52 3 1 0 0 0 0 1 5 10 17 3 20 11 0 1 0 3 1 0 0 0 0 0 0 0 0 0 0 4 0 23 0 0 0 128 2 6 0 0 0 0 0 0 0 0 0 0 0 0 0 0 0 0 0 0 0 0
0 0 0 0 17 18 0 0 0 0 0 0 0 0 1 0 0 0 0 0 0 0 0 0 0 0 0 0 5 0 0 0 0 0 0 0 0 0 0 0 1 0 0 2 2 1 1 0 0 3 0 0 0 0 0 1 0 4 0 0 0 0 0 0 0 0 0 1 2 0 0 0 0 0 0 0 0 0 0 0 0 0 0 0 0 0 0 0 28 22 72 143 62 7 1 0 0 0 1 5 15 281 151 22 0 4 1 0 0 4 17 0 0 0 0 0 0 0 0 0 0 0 0 0 0 4 5 4 0 0 0 0 0 0 0 0 0 0 0 0 0 0 0 0 0 0 0 0 0 0
0 0 0 0 2 2 0 0 0 0 0 0 0 0 0 0 1 0 20 0 0 0 0 0 0 0 0 0 0 1 0 0 0 0 0 2 0 0 0 0 0 0 0 0 2 3 0 0 0 0 0 0 0 2 19 1 0 0 0 0 0 0 0 0 0 0 0 0 5 2 0 0 0 0 0 0 0 0 0 0 0 0 0 0 0 0 0 0 8 77 83 125 35 13 25 0 2 0 1 28 73 51 36 6 0 0 0 0 0 1 1 0 0 0 0 0 0 0 0 0 0 30 52 0 0 17 1 0 0 0 0 0 0 0 0 0 0 0 0 0 0 0 0 0 0 0 0 0 0 0
0 0 0 1 0 1 0 0 0 0 0 0 4 5 0 2 0 0 0 0 0 0 0 0 0 1 0 0 0 6 0 0 0 0 0 1 0 0 0 0 0 0 0 1 1 0 0 0 0 3 2 0 0 16 13 1 0 0 0 0 0 0 0 0 0 0 2 7 59 0 0 0 0 0 0 0 0 0 0 0 0 0 0 0 2 2 19 2 1 16 13 1 10 4 16 1 0 0 1 7 44 0 2 0 0 0 0 0 0 16 4 10 0 0 0 0 0 0 0 0 0 0 0 0 0 0 0 0 0 0 0 0 0 0 0 0 0 0 0 0 0 0 0 0 0 0 0 0 0 0
0 0 0 1 1 0 0 0 0 0 0 0 2 1 0 0 0 0 0 0 0 0 0 0 0 0 1 0 0 0 0 0 0 0 0 0 0 0 0 0 0 0 0 0 0 0 2 4 0 3 0 0 0 2 1 15 0 0 0 0 0 0 0 0 0 0 1 23 7 0 0 1 0 0 0 0 0 0 0 0 0 0 0 0 23 0 1 0 0 8 2 7 6 1 1 1 2 22 1 12 26 2 2 0 0 0 0 5 32 44 67 154 8 6 0 0 0 0 0 0 0 0 0 0 0 0 0 0 0 0 0 0 0 0 0 0 0 0 0 0 0 0 0 0 0 0 0 0 0 0
0 0 0 0 1 1 0 0 0 0 0 0 0 0 0 0 0 1 0 0 0 0 0 0 0 0 0 0 0 0 0 0 0 0 0 0 0 0 0 1 0 0 0 0 0 0 0 1 5 0 0 0 0 0 0 42 47 0 0 0 0 0 0 1 0 5 6 25 1 0 0 1 0 0 0 0 0 0 0 0 0 0 0 5 10 1 0 5 21 174 1 4 1 0 0 3 17 14 68 6 0 1 2 3 2 0 9 0 15 17 80 8 62 33 0 0 0 0 0 0 0 0 0 0 0 0 0 0 0 0 0 0 0 0 0 0 0 0 0 0 0 0 0 0 0 0 1 0 0 0
0 0 0 0 0 0 0 0 0 0 0 4 0 0 0 0 0 0 0 0 0 0 0 0 0 0 0 0 0 0 0 0 0 0 1 0 1 0 3 0 0 0 0 0 0 2 4 2 29 1 0 0 0 1 5 0 1 4 19 6 0 0 2 0 1 1 1 0 0 0 0 0 0 0 0 0 0 0 0 0 0 0 0 0 0 0 0 13 12 2 0 0 0 1 7 96 2 0 0 0 0 0 0 0 9 29 314 463 252 46 11 0 93 17 0 0 0 0 0 0 0 0 0 0 0 0 0 0 0 0 0 0 0 0 0 0 0 0 0 0 0 0 0 0 0 0 0 0 0 0
0 0 1 0 0 27 1 4 0 1 0 1 0 0 1 0 0 0 0 0 0 0 0 0 0 0 0 0 0 0 0 0 0 0 0 0 0 0 0 1 0 0 0 0 1 0 10 8 4 1 0 0 2 2 3 3 0 0 0 1 0 0 0 1 0 0 0 1 0 3 0 4 0 0 0 0 0 0 0 0 0 0 0 0 0 0 0 0 1 0 0 0 0 0 31 7 2 0 0 0 0 0 0 1 21 39 48 164 119 98 34 82 83 0 0 0 0 0 0 0 0 0 0 0 0 0 0 0 0 0 0 0 0 0 0 0 0 0 0 0 0 0 0 0 0 0 0 0 0 0
0 0 0 0 10 29 0 0 2 0 0 0 0 0 0 0 1 0 0 0 0 0 0 0 0 0 0 0 0 0 1 0 7 0 0 0 0 0 0 0 2 0 1 0 2 0 8 8 2 0 3 0 2 0 1 0 0 0 2 1 0 0 0 0 0 0 0 2 0 0 0 0 0 3 0 0 0 0 0 0 0 0 0 0 0 1 0 0 0 0 0 5 7 9 1 5 105 0 0 0 0 0 0 11 62 121 1 0 2 25 0 1 1 0 0 0 0 0 0 0 0 0 0 0 0 0 0 0 0 0 0 0 0 0 0 0 0 0 0 0 0 0 0 0 0 0 0 0 0 0
0 0 0 0 0 0 0 0 0 1 0 0 0 1 0 0 0 1 1 0 0 0 0 0 0 0 0 0 0 0 0 0 0 0 0 0 0 0 0 0 0 0 0 0 0 0 1 0 1 7 0 0 0 0 0 0 0 0 1 0 1 3 0 0 0 0 0 0 0 0 0 1 0 0 0 0 0 0 0 0 0 0 0 0 0 0 0 0 1 0 0 12 22 4 14 57 200 0 0 0 0 0 0 2 5 0 0 0 0 0 10 70 0 0 0 0 0 0 0 0 0 0 0 0 0 0 0 0 0 0 0 0 0 0 0 0 0 0 0 0 0 0 6 7 2 0 0 0 0 0
0 0 1 0 0 0 0 0 0 1 0 0 1 0 1 2 0 0 0 0 0 0 0 0 0 0 0 0 0 0 0 1 0 0 0 0 0 0 0 0 0 0 0 0 0 0 0 0 0 0 0 1 1 3 0 0 0 0 0 1 2 0 0 0 0 0 0 0 0 0 4 0 0 0 0 0 0 0 0 0 0 0 0 0 0 0 0 0 30 0 2 14 73 70 23 5 1 0 0 0 0 0 0 0 0 0 0 0 0 34 67 1 0 1 0 0 0 0 0 0 0 0 0 0 0 0 0 0 0 0 0 0 0 0 0 0 0 0 0 0 0 0 0 1 0 0 0 0 0 0
0 0 0 0 0 0 0 0 0 0 0 0 0 0 0 0 0 0 0 0 0 0 0 0 1 0 0 0 0 0 0 0 0 0 0 0 0 0 0 0 0 0 0 0 0 0 0 0 0 1 0 2 4 0 0 0 0 0 0 2 0 0 0 0 0 0 0 0 0 0 0 0 0 0 0 0 0 0 0 0 0 0 0 0 0 0 0 0 0 4 6 36 367 0 1 3 0 0 0 0 0 0 0 0 0 0 0 4 4 0 9 0 0 0 0 0 0 0 0 0 0 0 0 0 0 0 0 0 0 0 0 0 0 0 0 0 0 0 0 0 0 0 0 0 0 0 0 0 0 0
0 0 0 0 0 0 0 0 0 0 0 1 0 0 0 0 0 0 0 0 0 0 0 0 0 0 0 0 0 0 0 0 0 0 0 0 1 0 0 0 0 0 0 0 0 0 0 0 0 0 2 3 0 0 0 1 1 0 1 4 2 1 0 0 0 0 0 0 0 0 1 25 2 0 0 0 0 0 0 0 0 0 0 0 0 0 0 0 0 0 1 4 0 6 3 0 0 0 0 0 0 0 0 0 0 0 0 0 0 0 0 0 0 0 0 0 0 0 0 0 0 0 0 0 0 0 0 0 0 0 0 0 0 0 0 0 0 0 0 0 0 0 0 0 0 0 0 0 0 0
0 0 0 0 0 0 0 0 0 0 0 0 0 1 0 0 0 0 0 0 0 1 3 12 0 0 0 0 0 0 0 0 0 0 0 0 0 0 0 0 0 0 0 0 0 0 0 0 0 0 0 20 1 0 0 0 0 0 0 0 0 10 5 0 0 0 0 0 0 0 0 5 1 0 4 0 0 0 0 0 0 0 0 0 0 0 0 0 0 0 0 11 1 7 5 0 40 0 0 0 0 0 0 0 0 0 0 0 0 0 0 0 0 0 0 0 0 0 0 0 0 0 0 0 0 0 0 0 0 0 0 0 0 0 0 0 0 0 0 0 0 0 0 0 0 0 0 0 0 0
0 0 0 0 0 0 0 0 0 0 0 0 0 0 0 0 0 0 0 0 0 0 1 0 26 0 0 0 0 0 0 0 0 0 0 0 0 0 0 0 0 0 0 0 0 0 0 0 0 0 0 17 10 1 2 0 0 0 0 0 0 8 36 0 0 0 0 0 0 0 0 0 0 0 1 0 0 0 0 0 0 0 0 0 0 0 0 0 0 0 1 10 0 7 3 1 0 0 3 0 0 0 0 0 0 0 0 0 0 0 0 0 0 0 0 0 0 0 0 0 0 0 0 0 0 0 0 0 0 0 0 0 0 0 0 0 0 0 0 0 0 0 0 0 0 0 0 0 0 0
0 0 0 0 0 0 0 0 0 0 0 0 0 0 0 0 0 0 0 0 0 0 0 0 1 0 0 0 3 0 1 1 0 0 0 0 0 0 0 0 0 0 0 0 0 0 0 0 0 0 9 22 65 4 4 1 2 0 0 0 0 1 0 0 0 0 0 0 0 0 0 0 0 0 0 0 0 0 0 0 0 0 0 0 0 0 0 0 0 0 0 3 4 10 2 0 0 0 0 0 0 0 0 0 0 0 0 0 0 0 0 0 0 0 0 0 0 0 0 0 0 0 0 0 0 0 0 0 0 0 0 0 0 0 0 0 0 0 0 0 0 0 0 0 0 0 0 0 0 0
0 0 0 0 0 0 0 0 0 0 0 0 0 3 0 2 0 0 2 0 0 1 0 0 0 0 0 0 0 0 0 0 0 0 0 0 0 0 1 0 0 0 0 0 0 0 0 0 3 2 0 4 122 2 9 0 0 0 0 0 2 2 4 0 0 0 0 0 0 0 0 0 0 0 0 0 0 0 0 0 0 0 0 0 0 0 0 0 0 0 0 0 5 4 1 0 2 0 0 3 0 0 0 0 0 0 0 0 0 0 0 0 0 0 0 0 0 0 0 0 0 0 0 0 0 0 0 0 0 0 0 0 0 0 0 0 0 0 0 0 0 0 0 0 0 0 0 0 0 0
0 0 0 0 1 0 0 0 0 2 0 0 0 0 0 0 0 0 0 0 0 0 0 2 0 1 0 0 0 0 0 0 0 0 0 0 0 1 0 0 0 0 0 0 0 0 0 3 24 0 0 1 12 0 0 0 0 0 0 0 5 1 0 0 0 0 0 0 0 0 0 0 0 0 0 0 0 0 0 0 0 0 0 0 0 0 0 0 0 0 0 0 0 0 0 0 2 0 0 0 0 0 0 0 0 0 0 0 0 0 0 0 0 0 0 0 0 0 0 0 0 0 0 0 0 0 0 0 0 0 0 0 0 0 0 0 0 0 0 0 0 0 0 0 0 0 0 0 0 0
0 0 0 0 0 0 0 0 0 0 1 0 0 0 0 0 0 0 0 0 0 1 0 1 2 0 0 0 0 0 0 0 0 0 0 0 0 0 0 0 0 0 0 0 0 0 3 3 0 0 0 0 0 0 0 0 0 0 0 0 0 0 0 0 0 0 0 0 0 0 0 0 0 0 0 0 0 0 0 0 0 0 0 0 0 0 0 0 0 0 0 0 0 2 0 14 6 8 0 0 0 0 0 0 0 0 0 0 0 0 0 0 0 0 0 0 0 0 0 0 0 0 0 0 0 0 0 0 0 0 0 0 0 0 0 0 0 0 0 0 0 0 0 0 3 6 0 0 0 0
2 0 0 0 0 0 0 0 0 0 0 0 0 0 0 0 0 2 0 1 5 0 0 0 0 1 0 0 0 0 1 0 0 0 1 0 0 0 0 0 0 0 0 0 0 0 2 0 0 0 0 0 0 0 0 0 0 0 0 0 0 5 0 0 0 0 0 0 0 0 0 0 0 0 0 0 0 0 0 0 0 0 0 0 0 0 0 0 0 0 0 0 0 0 0 1 6 0 0 0 0 0 0 0 0 0 0 0 0 0 0 0 0 0 0 0 0 0 0 0 0 0 0 0 0 0 0 0 0 0 0 0 0 0 0 0 0 0 0 0 0 0 0 0 0 0 0 0 0 0
0 0 0 0 0 0 0 0 0 0 1 0 0 0 0 0 0 0 1 0 0 0 0 0 0 0 0 0 0 0 0 0 0 0 0 0 0 0 0 0 0 0 0 0 0 0 0 0 0 0 0 0 0 0 0 0 0 0 0 0 2 0 0 0 0 0 0 0 0 0 0 0 0 0 0 0 0 0 0 0 0 0 0 0 0 0 0 0 0 0 0 0 0 0 4 0 0 0 0 0 0 0 0 0 0 0 0 0 0 0 0 0 0 0 0 0 0 0 0 0 0 0 0 0 0 0 0 0 0 0 0 0 0 0 0 0 0 0 0 0 0 0 0 0 0 0 0 0 0 0
0 0 0 0 0 0 0 0 0 0 1 0 0 0 0 2 0 0 0 0 0 0 0 0 0 0 0 0 0 0 0 0 0 0 0 0 0 0 0 0 0 0 0 1 1 0 0 0 0 0 0 0 0 0 0 0 0 0 0 0 3 0 0 0 0 0 0 0 0 0 1 0 0 0 0 0 0 0 0 0 0 0 0 0 0 0 0 0 0 0 0 0 0 0 0 0 4 0 0 0 0 0 0 0 0 0 0 0 0 0 0 0 0 0 0 0 0 0 0 0 0 0 0 0 0 0 0 0 0 0 0 0 0 0 0 0 0 0 0 0 0 0 0 0 0 0 0 0 0 0
0 0 0 0 0 0 0 0 0 0 0 0 8 2 5 1 1 2 0 0 0 0 0 0 0 0 0 0 0 0 0 0 0 0 0 0 0 0 0 0 0 0 0 0 0 0 0 0 0 0 0 0 0 0 0 0 0 0 0 7 0 0 0 0 0 0 0 0 18 0 0 0 0 0 0 0 0 0 0 0 0 0 0 0 0 0 0 0 0 0 0 0 0 0 0 1 1 0 1 3 0 0 0 0 0 0 0 0 0 0 0 0 0 0 0 0 0 0 0 0 0 0 0 0 0 0 0 0 0 0 0 0 0 0 0 0 0 0 0 0 0 0 0 0 0 0 0 0 0 0
0 0 0 0 0 1 0 0 0 0 0 0 2 0 0 0 4 2 1 0 0 0 0 0 0 0 0 0 0 0 0 0 0 0 0 0 1 0 1 0 0 0 0 0 0 0 0 0 0 0 0 0 0 0 0 0 0 0 0 0 0 6 0 0 0 0 0 0 67 26 0 0 0 0 0 0 0 0 0 0 0 0 0 0 0 0 0 0 0 0 0 0 0 0 0 0 0 1 0 0 0 0 0 0 0 0 0 0 0 0 0 0 0 0 0 0 0 0 0 0 0 0 0 0 0 0 0 0 0 0 0 0 0 0 0 0 0 0 0 0 0 0 0 0 0 0 0 0 0 0
0 1 0 0 0 0 0 0 0 0 2 4 21 0 0 1 22 0 0 7 0 0 0 11 0 2 0 0 0 0 1 0 0 0 0 0 5 5 5 1 0 0 4 0 0 0 0 0 0 0 0 0 0 0 0 0 0 0 0 0 0 0 0 0 115 13 4 0 0 0 0 0 0 0 0 0 0 0 0 0 0 0 0 0 0 0 0 0 0 0 0 0 0 0 0 0 0 0 0 0 0 0 0 0 0 0 0 0 0 0 0 0 0 0 0 0 0 0 0 0 0 0 0 0 0 0 0 0 0 0 0 0 0 0 0 0 0 0 0 0 0 0 0 0 0 0 0 0 0 0
2 19 0 0 1 0 0 0 0 0 0 0 0 0 0 0 0 0 0 0 13 46 25 5 1 0 0 0 0 0 2 0 0 0 2 3 6 0 0 0 0 0 0 0 0 0 0 0 0 0 0 0 0 0 0 0 0 0 0 0 0 0 0 0 0 0 0 0 0 0 0 0 0 0 0 0 0 0 0 0 0 0 0 0 0 0 0 0 0 0 0 0 0 0 0 0 0 0 0 0 0 0 0 0 0 0 0 0 0 0 0 0 0 0 0 0 0 0 0 0 0 0 0 0 0 0 0 0 0 0 0 0 0 0 0 0 0 0 0 0 0 0 0 0 0 0 0 0 0 0
5 4 6 0 0 0 0 0 0 0 0 0 0 0 0 0 2 0 0 3 2 50 7 3 4 6 0 0 2 2 3 0 0 0 0 0 0 0 0 0 0 1 0 0 0 0 0 0 0 0 0 0 0 0 0 0 0 0 0 0 0 0 0 0 0 0 0 0 0 0 0 0 0 0 0 0 0 0 0 0 0 0 0 0 0 0 0 0 0 3 0 0 0 0 0 0 0 0 0 0 0 0 0 0 0 0 0 0 0 0 0 0 0 0 0 0 0 0 0 0 0 0 0 0 0 0 0 0 0 0 0 0 0 0 0 0 0 0 0 0 0 0 0 0 0 0 0 0 0 0
0 0 0 0 0 0 0 0 0 0 0 4 1 0 0 0 1 0 0 2 0 1 1 3 1 2 1 2 1 0 0 0 0 0 2 0 0 0 0 0 0 0 0 0 0 0 0 0 0 0 0 0 0 0 0 0 0 0 0 0 0 0 0 0 0 0 0 0 0 0 0 0 0 0 0 0 0 0 0 0 0 0 0 0 0 0 0 0 0 0 0 0 0 0 0 0 0 0 0 0 0 0 0 0 0 0 0 0 0 0 0 0 0 0 0 0 0 0 0 0 0 0 0 0 0 0 0 0 0 0 0 0 0 0 0 0 0 0 0 0 0 0 0 0 0 0 0 0 0 0
0 0 0 0 0 0 0 0 0 0 0 0 0 0 0 0 0 0 0 3 0 0 0 0 2 3 0 4 27 0 1 0 0 1 2 0 0 0 0 0 0 0 0 0 0 0 0 0 0 0 0 0 0 0 0 0 0 0 0 0 0 0 0 0 0 0 0 0 0 0 0 0 0 0 0 0 0 0 0 0 0 0 0 0 0 0 0 0 0 0 0 0 0 0 0 0 0 0 0 0 0 0 0 0 0 0 0 0 0 0 0 0 0 0 0 0 0 0 0 0 0 0 0 0 0 0 0 0 0 0 0 0 0 0 0 0 0 0 0 0 0 0 0 0 0 0 0 0 0 0
0 0 0 0 0 0 0 0 0 0 0 0 0 0 0 0 0 0 0 0 0 0 0 0 0 0 0 1 79 60 0 2 2 10 0 0 1 0 0 0 0 0 0 0 0 0 0 0 0 0 0 0 0 0 0 0 0 0 0 0 0 0 0 0 0 0 0 0 0 0 0 0 0 0 0 0 0 0 0 0 0 0 0 0 0 0 0 0 0 0 0 0 0 0 0 0 0 0 0 0 0 0 0 0 0 0 0 0 0 0 0 0 0 0 0 0 0 0 0 0 0 0 0 0 0 0 0 0 0 0 0 0 0 0 0 0 0 0 0 0 0 0 0 0 0 0 0 0 0 0
0 0 0 0 0 0 0 0 0 0 0 0 0 0 0 0 0 0 0 0 0 0 0 0 0 2 1 1 0 0 1 0 1 3 0 0 2 0 0 0 0 0 0 0 0 0 0 0 0 0 0 0 0 0 0 0 0 0 0 0 0 0 0 0 0 0 0 0 0 0 0 0 0 0 0 0 0 0 0 0 0 0 0 0 0 0 0 0 0 0 0 0 0 0 0 0 0 0 0 0 0 0 0 0 0 0 0 0 0 0 0 0 0 0 0 0 0 0 0 0 0 0 0 0 0 0 0 0 0 0 0 0 0 0 0 0 0 0 0 0 0 0 0 0 0 0 0 0 0 0
0 0 0 0 0 0 0 0 0 0 0 0 0 0 0 0 0 0 0 0 0 0 0 0 2 1 10 0 0 0 2 8 0 0 1 1 1 4 0 0 0 0 0 0 0 0 0 0 0 0 0 0 0 0 0 0 0 0 0 0 0 0 0 0 0 0 0 0 0 0 0 0 0 0 0 0 0 0 0 0 0 0 0 0 0 0 0 0 0 0 0 0 0 0 0 0 0 0 0 0 0 0 0 0 0 0 0 0 0 0 0 0 0 0 0 0 0 0 0 0 0 0 0 0 0 0 0 0 0 0 0 0 0 0 0 0 0 0 0 0 0 0 0 0 0 0 0 0 0 0
0 0 0 0 0 0 0 0 0 0 0 0 1 0 0 0 0 0 0 0 0 0 0 0 0 0 0 1 0 0 0 0 3 0 0 1 0 0 0 0 0 0 0 0 0 0 0 0 0 0 0 0 0 0 0 0 0 0 0 0 0 0 0 0 0 0 0 0 0 0 0 0 0 0 0 0 0 0 0 0 0 0 0 0 0 0 0 0 0 0 0 0 0 0 0 0 0 0 0 0 0 0 0 0 0 0 0 0 0 0 0 0 0 0 0 0 0 0 0 0 0 0 0 0 0 0 0 0 0 0 0 0 0 0 0 0 0 0 0 0 0 0 0 0 0 0 0 0 0 0
0 0 0 0 0 0 0 0 0 0 0 0 1 0 0 0 0 0 0 0 0 0 0 0 0 0 0 7 4 0 1 0 0 0 0 0 0 0 0 0 0 0 0 0 0 0 0 0 0 0 0 0 0 0 0 0 0 0 0 0 0 0 0 0 0 0 0 0 0 0 0 0 0 0 0 0 0 0 0 0 0 0 0 0 0 0 0 0 0 0 0 0 0 0 0 0 0 0 0 0 0 0 0 0 0 0 0 0 0 0 0 0 0 0 0 0 0 0 0 0 0 0 0 0 0 0 0 0 0 0 0 0 0 0 0 0 0 0 0 0 0 0 0 0 0 0 0 0 0 0
0 0 0 0 0 0 0 0 0 0 0 0 0 0 0 0 0 0 0 0 0 0 0 0 0 0 0 6 0 0 0 0 0 1 0 0 0 0 0 0 0 0 0 0 0 0 0 0 0 0 0 0 0 0 0 0 0 0 0 0 0 0 0 0 0 0 0 0 0 0 0 0 0 0 0 0 0 0 0 0 0 0 0 0 0 0 0 0 0 0 0 0 0 0 0 0 0 0 0 0 0 0 0 0 0 0 0 0 0 0 0 0 0 0 0 0 0 0 0 0 0 0 0 0 0 0 0 0 0 0 0 0 0 0 0 0 0 0 0 0 0 0 0 0 0 0 0 0 0 0
0 0 0 0 0 0 0 0 0 0 1 1 0 0 0 0 0 0 0 0 0 0 0 0 0 0 0 0 0 1 0 0 0 0 0 0 0 0 0 0 0 0 0 0 0 0 0 0 0 0 0 0 0 0 0 0 0 0 0 0 0 0 0 0 0 0 0 0 0 0 0 0 0 0 0 0 0 0 0 0 0 0 0 0 0 0 0 0 0 0 0 0 0 0 0 0 0 0 0 0 0 0 0 0 0 0 0 0 0 0 0 0 0 0 0 0 0 0 0 0 0 0 0 0 0 0 0 0 0 0 0 0 0 0 0 0 0 0 0 0 0 0 0 0 0 0 0 0 0 0
0 0 0 0 0 0 0 0 0 2 2 0 0 0 0 0 0 0 0 0 0 0 0 0 0 0 0 0 0 0 0 0 0 0 0 0 0 0 0 0 0 0 0 0 0 0 0 0 0 0 0 0 0 0 0 0 0 0 0 0 0 0 0 0 0 0 0 0 0 0 0 0 0 0 0 0 0 0 0 0 0 0 0 0 0 0 0 0 0 0 0 0 0 0 0 0 0 0 0 0 0 0 0 0 0 0 0 0 0 0 0 0 0 0 0 0 0 0 0 0 0 0 0 0 0 0 0 0 0 0 0 0 0 0 0 0 0 0 0 0 0 0 0 0 0 0 0 0 0 0
0 0 0 0 0 0 0 0 0 0 42 0 0 0 0 0 0 0 0 0 0 0 0 0 0 0 0 0 0 0 0 0 0 0 0 0 0 0 0 0 0 0 0 0 0 0 0 0 0 0 0 0 0 0 0 0 0 0 0 0 0 0 0 0 0 0 0 0 0 0 0 0 0 0 0 0 0 0 0 0 0 0 0 0 0 0 0 0 0 0 0 0 0 0 0 0 0 0 0 0 0 0 0 0 0 0 0 0 0 0 0 0 0 0 0 0 0 0 0 0 0 0 0 0 0 0 0 0 0 0 0 0 0 0 0 0 0 0 0 0 0 0 0 0 0 0 0 0 0 0
0 0 0 0 0 0 0 0 1 5 0 0 0 0 0 0 0 0 0 0 0 0 0 0 0 0 0 0 0 0 0 0 0 0 0 0 0 0 0 0 0 0 0 0 0 0 0 0 0 0 0 0 0 0 0 0 0 0 0 0 0 0 0 0 0 0 0 0 0 0 0 0 0 0 0 0 0 0 0 0 0 0 0 0 0 0 0 0 0 0 0 0 0 0 0 0 0 0 0 0 0 0 0 0 0 0 0 0 0 0 0 0 0 0 0 0 0 0 0 0 0 0 0 0 0 0 0 0 0 0 0 0 0 0 0 0 0 0 0 0 0 0 0 0 0 0 0 0 0 0
0 0 0 0 0 1 3 1 0 1 0 0 0 0 0 0 0 0 0 0 0 0 0 0 0 0 0 0 0 0 0 0 0 0 0 0 0 0 0 0 0 0 0 0 0 0 0 0 1 21 24 0 0 0 1 0 0 0 0 0 0 0 0 0 0 0 0 0 0 0 0 0 0 0 0 0 0 0 0 0 0 0 0 0 0 0 0 0 0 0 0 0 0 0 0 0 0 0 0 0 0 0 0 0 0 0 0 0 0 0 0 0 0 0 0 0 0 0 0 0 0 0 0 0 0 0 0 0 0 0 0 0 0 0 0 0 0 0 0 0 0 0 0 0 0 0 0 0 0 0
0 0 0 0 0 0 19 4 0 0 0 0 0 0 0 0 0 0 0 0 0 0 0 0 0 0 0 0 0 0 0 0 0 0 0 0 0 0 0 0 0 0 0 0 0 0 0 0 0 1 0 0 0 0 0 0 0 0 0 0 0 0 0 0 0 0 0 0 0 0 0 0 0 0 0 0 0 0 0 0 0 0 0 0 0 0 0 0 0 0 0 0 0 0 0 0 0 0 0 0 0 0 0 0 0 0 0 0 0 0 0 0 0 0 0 0 0 0 0 0 0 0 0 0 0 0 0 0 0 0 0 0 0 0 0 0 0 0 0 0 0 0 0 0 0 0 0 0 0 0
0 0 0 0 0 0 0 0 0 0 0 0 0 0 0 0 0 0 0 0 0 0 0 0 0 0 0 0 0 0 0 0 0 0 0 0 0 0 0 0 0 0 0 0 0 0 0 0 1 0 0 0 2 6 0 0 0 0 0 0 0 0 0 0 0 0 0 0 0 0 0 0 0 0 0 0 0 0 0 0 0 0 0 0 0 0 0 0 0 0 0 0 0 0 0 0 0 0 0 0 0 0 0 0 0 0 0 0 0 0 0 0 0 0 0 0 0 0 0 0 0 0 0 0 0 0 0 0 0 0 0 0 0 0 0 0 0 0 0 0 0 0 0 0 0 0 0 0 0 0
0 0 0 0 0 0 0 0 0 0 0 0 0 0 0 0 0 0 0 0 0 0 0 0 0 0 0 0 0 0 0 0 0 0 0 0 0 0 0 0 0 0 0 0 0 0 0 0 0 0 0 0 0 1 0 0 0 0 0 0 0 0 0 0 0 0 0 0 0 0 0 0 0 0 0 0 0 0 0 0 0 0 0 0 0 0 0 0 0 0 0 0 0 0 0 0 0 0 0 0 0 0 0 0 0 0 0 0 0 0 0 0 0 0 0 0 0 0 0 0 0 0 0 0 0 0 0 0 0 0 0 0 0 0 0 0 0 0 0 0 0 0 0 0 0 0 0 0 0 0
0 0 0 0 0 0 0 0 0 0 0 0 0 0 0 0 0 0 0 0 0 0 0 0 0 0 0 0 0 0 0 0 0 0 0 0 0 0 0 0 0 0 0 0 0 0 0 0 0 0 0 0 23 0 0 0 0 0 0 0 0 0 0 0 0 0 0 0 0 0 0 0 0 0 0 0 0 0 0 0 0 0 0 0 0 0 0 0 0 0 0 0 0 0 0 0 0 0 0 0 0 0 0 0 0 0 0 0 0 0 0 0 0 0 0 0 0 0 0 0 0 0 0 0 0 0 0 0 0 0 0 0 0 0 0 0 0 0 0 0 0 0 0 0 0 0 0 0 0 0
0 0 0 0 0 0 0 0 0 0 0 0 0 0 0 0 0 0 0 0 0 0 0 0 0 0 0 0 0 0 0 0 0 0 0 0 0 0 0 0 0 0 0 0 0 0 0 0 0 0 0 0 2 0 0 0 0 0 0 0 0 0 0 0 0 0 0 0 0 0 0 0 0 0 0 0 0 0 0 0 0 0 0 0 0 0 0 0 0 0 0 0 0 0 0 0 0 0 0 0 0 0 0 0 0 0 0 0 0 0 0 0 0 0 0 0 0 0 0 0 0 0 0 0 0 0 0 0 0 0 0 0 0 0 0 0 0 0 0 0 0 0 0 0 0 0 0 0 0 0
0 0 0 0 0 0 0 0 0 0 0 0 0 0 0 0 0 0 0 0 0 0 0 0 0 0 0 0 0 1 1 0 0 0 0 0 0 0 0 0 0 0 0 0 0 0 0 0 0 0 0 0 0 0 0 0 0 0 0 0 0 0 0 0 0 0 0 0 0 0 0 0 0 0 0 0 0 0 0 0 0 0 0 0 0 0 0 0 0 0 0 0 0 0 0 0 0 0 0 0 0 0 0 0 0 0 0 0 0 0 0 0 0 0 0 0 0 0 0 0 0 0 0 0 0 0 0 0 0 0 0 0 0 0 0 0 0 0 0 0 0 0 0 0 0 0 0 0 0 0
0 0 0 0 0 0 0 0 0 0 0 0 0 0 0 0 0 0 0 0 0 0 0 0 0 0 0 0 0 0 1 9 1 0 0 0 0 0 0 0 0 0 0 0 0 0 0 0 0 0 0 0 0 0 0 0 0 0 0 0 0 0 0 0 0 0 0 0 0 0 0 0 0 0 0 0 0 0 0 0 0 0 0 0 0 0 0 0 0 0 0 0 0 0 0 0 0 0 0 0 0 0 0 0 0 0 0 0 0 0 0 0 0 0 0 0 0 0 0 0 0 0 0 0 0 0 0 0 0 0 0 0 0 0 0 0 0 0 0 0 0 0 0 0 0 0 0 0 0 0
0 0 0 0 0 0 0 0 0 0 0 0 0 0 0 0 0 0 0 0 0 0 0 0 0 0 0 0 0 0 1 8 0 0 0 0 0 0 0 0 0 0 0 0 0 0 0 0 0 0 0 0 0 0 0 0 0 0 0 0 0 0 0 0 0 0 0 0 0 0 0 0 0 0 0 0 0 0 0 0 0 0 0 0 0 0 0 0 0 0 0 0 0 0 0 0 0 0 0 0 0 0 0 0 0 0 0 0 0 0 0 0 0 0 0 0 0 0 0 0 0 0 0 0 0 0 0 0 0 0 0 0 0 0 0 0 0 0 0 0 0 0 0 0 0 0 0 0 0 0
0 0 0 0 0 0 0 0 0 0 0 0 0 0 0 0 0 0 0 0 0 0 0 0 0 0 0 0 0 2 0 0 0 0 0 0 0 0 0 0 0 0 0 0 0 0 0 0 0 0 0 0 0 0 0 0 0 0 0 0 0 0 0 0 0 0 0 0 0 0 0 0 0 0 0 0 0 0 0 0 0 0 0 0 0 0 0 0 0 0 0 0 0 0 0 0 0 0 0 0 0 0 0 0 0 0 0 0 0 0 0 0 0 0 0 0 0 0 0 0 0 0 0 0 0 0 0 0 0 0 0 0 0 0 0 0 0 0 0 0 0 0 0 0 0 0 0 0 0 0
0 0 0 0 0 0 0 0 0 0 0 0 0 0 0 0 0 0 0 0 0 0 0 0 0 0 0 0 0 33 17 0 0 0 0 0 0 0 0 0 0 0 0 0 0 0 0 0 0 0 0 0 0 0 0 0 0 0 0 0 0 0 0 0 0 0 0 0 0 0 0 0 0 0 0 0 0 0 0 0 0 0 0 0 0 0 0 0 0 0 0 0 0 0 0 0 0 0 0 0 0 0 0 0 0 0 0 0 0 0 0 0 0 0 0 0 0 0 0 0 0 0 0 0 0 0 0 0 0 0 0 0 0 0 0 0 0 0 0 0 0 0 0 0 0 0 0 0 0 0
0 0 0 0 0 0 0 0 0 0 0 0 0 0 0 0 0 0 0 0 0 0 0 0 0 0 3 0 0 0 0 0 0 0 0 0 0 0 0 0 0 0 0 0 0 0 0 0 1 24 0 0 0 0 0 0 0 0 0 0 0 0 0 0 0 0 0 0 0 0 0 0 0 0 0 0 0 0 0 0 0 0 0 0 0 0 0 0 0 0 0 0 0 0 0 0 0 0 0 0 0 0 0 0 0 0 0 0 0 0 0 0 0 0 0 0 0 0 0 0 0 0 0 0 0 0 0 0 0 0 0 0 0 0 0 0 0 0 0 0 0 0 0 0 0 0 0 0 0 0
0 0 0 0 0 0 0 0 0 0 0 0 0 0 0 0 0 0 0 0 0 0 0 0 0 0 11 0 0 0 0 0 0 0 0 0 0 0 0 0 0 0 0 0 0 0 0 0 3 0 0 0 0 0 0 0 0 0 0 0 0 0 0 0 0 0 0 0 0 0 0 0 0 0 0 0 0 0 0 0 0 0 0 0 0 0 0 0 0 0 0 0 0 0 0 0 0 0 0 0 0 0 0 0 0 0 0 0 0 0 0 0 0 0 0 0 0 0 0 0 0 0 0 0 0 0 0 0 0 0 0 0 0 0 0 0 0 0 0 0 0 0 0 0 0 0 0 0 0 0
0 0 0 0 0 0 0 0 0 0 0 0 0 0 0 0 0 0 0 0 0 0 0 0 0 0 0 0 0 0 0 0 0 0 0 0 0 0 0 0 0 0 0 0 0 0 0 0 0 0 0 0 0 0 0 0 0 0 0 0 0 0 0 0 0 0 0 0 0 0 0 0 0 0 0 0 0 0 0 0 0 0 0 0 0 0 0 0 0 0 0 0 0 0 0 0 0 0 0 0 0 0 0 0 0 0 0 0 0 0 0 0 0 0 0 0 0 0 0 0 0 0 0 0 0 0 0 0 0 0 0 0 0 0 0 0 0 0 0 0 0 0 0 0 0 0 0 0 0 0
0 0 0 0 0 0 0 0 0 0 0 0 0 0 0 0 0 0 0 0 0 0 0 0 0 0 0 0 0 0 0 0 0 0 0 0 0 0 0 0 0 0 0 0 0 0 0 0 0 0 0 0 0 0 0 0 0 0 0 0 0 0 0 0 0 0 0 0 0 0 0 0 0 0 0 0 0 0 0 0 0 0 0 0 0 0 0 0 0 0 0 0 0 0 0 0 0 0 0 0 0 0 0 0 0 0 0 0 0 0 0 0 0 0 0 0 0 0 0 0 0 0 0 0 0 0 0 0 0 0 0 0 0 0 0 0 0 0 0 0 0 0 0 0 0 0 0 0 0 0
0 0 0 0 0 0 0 0 0 0 0 0 0 0 0 0 0 0 0 0 0 0 0 0 0 0 0 0 0 0 0 0 0 0 0 0 0 0 0 0 0 0 0 0 0 0 0 0 0 0 0 0 0 0 0 0 0 0 0 0 0 0 0 0 0 0 0 0 0 0 0 0 0 0 0 0 0 0 0 0 0 0 0 0 0 0 0 0 0 0 0 0 0 0 0 0 0 0 0 0 0 0 0 0 0 0 0 0 0 0 0 0 0 0 0 0 0 0 0 0 0 0 0 0 0 0 0 0 0 0 0 0 0 0 0 0 0 0 0 0 0 0 0 0 0 0 0 0 0 0
0 0 0 0 0 0 0 0 0 0 0 0 0 0 0 0 0 0 0 0 0 0 0 0 0 0 0 0 0 0 0 0 0 0 0 0 0 0 0 0 0 0 0 0 0 0 0 0 0 0 0 0 0 0 0 0 0 0 0 0 0 0 0 0 0 0 0 0 0 0 0 0 0 0 0 0 0 0 0 0 0 0 0 0 0 0 0 0 0 0 0 0 0 0 0 0 0 0 0 0 0 0 0 0 0 0 0 0 0 0 0 0 0 0 0 0 0 0 0 0 0 0 0 0 0 0 0 0 0 0 0 0 0 0 0 0 0 0 0 0 0 0 0 0 0 0 0 0 0 0
0 0 0 0 0 0 0 0 0 0 0 0 0 0 0 0 0 0 0 0 0 0 0 0 0 0 0 0 0 0 0 0 0 0 0 0 0 0 0 0 0 0 0 0 0 0 0 0 0 0 0 0 0 0 0 0 0 0 0 0 0 0 0 0 0 0 0 0 0 0 0 0 0 0 0 0 0 0 0 0 0 0 0 0 0 0 0 0 0 0 0 0 0 0 0 0 0 0 0 0 0 0 0 0 0 0 0 0 0 0 0 0 0 0 0 0 0 0 0 0 0 0 0 0 0 0 0 0 0 0 0 0 0 0 0 0 0 0 0 0 0 0 0 0 0 0 0 0 0 0
0 0 0 0 0 0 0 0 0 0 0 0 0 0 0 0 0 0 0 0 0 0 0 0 0 0 0 0 0 0 0 0 0 0 0 0 0 0 0 0 0 0 0 0 0 0 0 0 0 0 0 0 0 0 0 0 0 0 0 0 0 0 0 0 0 0 0 0 0 0 0 0 0 0 0 0 0 0 0 0 0 0 0 0 0 0 0 0 0 0 0 0 0 0 0 0 0 0 0 0 0 0 0 0 0 0 0 0 0 0 0 0 0 0 0 0 0 0 0 0 0 0 0 0 0 0 0 0 0 0 0 0 0 0 0 0 0 0 0 0 0 0 0 0 0 0 0 0 0 0
