0 0 8 0 0 0 2 0 8 46 4 1 0 5 0 0 0 1 0 0 0 1 0 0 0 8 0 0 0 0 0 0 0 2 2 1 0 0 1 2 1 0 0 1 2 0 0 0 0 0 0 0 0 0 2 1 0 0 1 1 42 7 2 3 0 0 1 0 0 0 0 1 6 71 97 147 59 9 24 2 8 75 14 23 53 89 114 101 27 94 474 287 25 351 184 278 390 211 363 65 120 59 5 9 22 9 18 253 137 15 6 3 14 33 22 21 50 13 0 0 3 33 10 10 2 5 0 1 11 13 1 10 3 1 8 0 0 2 0 0 2 0 0 0 0 0 0 0 0 11
0 2 2 4 0 0 0 0 0 8 9 22 3 7 0 0 0 0 5 0 0 0 14 0 9 19 0 1 0 0 0 0 0 0 1 5 0 1 1 0 0 0 0 0 0 0 0 0 0 0 0 0 0 0 3 0 0 0 0 25 58 14 14 1 0 0 0 1 0 0 0 0 21 16 5 3 35 37 2 16 39 14 0 2 51 123 164 71 108 153 28 6 111 126 68 109 200 196 496 227 102 23 28 8 7 7 2 19 23 0 3 9 3 4 23 8 3 17 2 10 8 11 15 10 7 7 1 2 10 27 6 4 31 61 1 0 0 0 0 24 57 0 0 0 0 0 0 0 0 0
0 0 0 0 0 0 0 0 1 3 4 0 7 1 0 0 0 0 0 3 2 10 47 13 6 0 0 5 0 0 0 0 0 0 0 1 2 1 0 20 0 0 0 1 0 0 0 0 0 0 0 0 0 0 3 0 0 0 3 7 14 2 7 2 4 0 0 0 0 0 0 0 1 0 0 0 0 17 65 107 34 15 1 10 14 92 235 52 3 6 32 11 47 109 204 403 118 161 115 201 239 170 11 28 10 7 3 14 95 69 18 11 8 0 3 4 3 27 6 26 22 24 4 9 2 0 3 1 1 10 13 4 30 51 0 0 3 0 6 11 3 3 0 0 0 0 0 0 0 0
12 25 0 0 0 0 0 0 0 1 1 1 0 0 0 0 0 0 3 0 0 0 0 3 0 0 0 3 4 0 1 0 0 0 0 0 0 0 0 4 0 0 0 0 0 0 0 0 0 0 8 0 0 0 27 10 2 11 25 1 0 0 6 2 0 0 0 0 0 0 6 26 7 0 2 1 15 42 96 53 58 8 11 74 120 5 23 90 0 81 289 281 573 211 379 155 70 116 240 213 268 251 68 11 17 90 7 6 148 35 6 13 18 10 0 5 20 49 38 2 19 46 6 3 3 8 0 3 15 1 6 11 17 0 5 0 5 0 0 5 30 1 0 0 0 0 0 0 0 0
2 14 0 0 0 0 0 0 0 0 0 0 0 0 0 5 1 0 0 0 0 1 3 0 0 0 1 0 0 1 0 0 0 0 0 19 3 0 1 0 0 0 0 0 0 0 0 0 0 4 1 0 0 2 45 131 20 17 2 0 17 3 0 2 0 0 0 0 0 4 45 37 25 36 3 23 39 66 98 100 108 87 102 33 122 46 37 28 11 139 581 282 176 305 196 71 9 203 109 336 282 324 339 283 571 50 63 29 6 8 8 15 20 18 6 0 2 13 33 24 99 300 78 15 3 0 4 1 5 9 1 12 0 0 1 0 0 0 0 0 10 2 0 0 0 0 0 0 0 0
5 1 0 0 0 0 0 0 7 0 2 0 0 0 0 0 0 5 8 25 161 1 0 0 0 0 0 0 1 0 1 0 0 0 3 33 18 25 0 0 0 0 0 0 0 0 0 0 0 5 21 4 0 2 4 128 14 7 3 5 0 0 0 3 0 0 0 0 0 23 56 73 70 51 43 10 25 19 44 159 174 227 153 25 3 77 28 15 7 100 788 415 9 104 231 300 55 723 485 220 196 144 393 277 19 53 12 19 2 0 1 0 6 8 8 13 11 7 1 14 34 44 3 3 1 8 2 1 1 1 4 0 2 0 0 0 0 0 0 0 4 8 0 0 0 0 0 0 0 0
1 0 0 0 2 0 0 0 0 2 0 0 0 1 0 0 0 1 0 0 0 0 2 0 0 0 0 0 0 0 2 0 0 0 0 7 1 0 1 0 0 0 0 0 0 0 0 0 0 3 2 0 4 2 1 14 6 0 18 24 1 0 0 0 2 0 0 0 3 37 48 77 100 152 154 50 140 69 134 265 257 242 451 222 37 6 0 65 25 32 558 379 19 178 344 171 138 166 325 34 5 144 40 37 18 39 38 8 8 7 19 150 68 7 8 17 2 1 20 18 24 61 5 1 1 0 10 3 0 0 2 0 0 0 0 0 0 2 0 0 0 0 0 0 0 0 0 0 0 0
1 0 0 0 0 0 0 0 2 0 2 0 0 0 0 0 0 0 0 0 0 0 0 0 0 0 0 0 0 1 4 0 0 0 1 2 0 0 1 10 0 0 0 0 0 0 0 0 0 0 0 1 2 12 0 6 0 11 30 20 41 13 35 0 4 36 0 0 0 36 3 0 18 17 24 12 37 103 447 443 398 198 280 93 148 83 89 257 93 63 165 36 18 121 151 128 83 364 307 106 108 143 188 216 86 86 9 12 43 24 191 210 29 24 7 35 0 0 1 8 6 2 6 3 7 1 25 1 5 0 0 0 0 0 0 0 0 1 0 0 0 0 0 0 0 0 0 0 0 0
2 0 0 0 0 0 0 0 3 2 0 0 0 1 7 0 0 0 0 0 0 0 0 0 0 0 0 0 0 0 2 0 0 0 2 0 1 0 0 0 0 0 0 0 0 0 0 0 0 0 0 0 1 3 0 0 0 8 11 31 139 112 8 0 1 11 2 2 3 25 0 0 0 5 2 5 4 24 19 226 319 374 259 16 0 3 123 127 140 19 3 3 108 453 606 511 50 213 158 40 118 37 44 171 298 78 66 101 25 30 394 44 85 5 16 10 2 3 2 4 12 7 8 7 3 1 3 1 0 0 9 0 1 0 0 0 0 0 0 0 0 0 0 0 0 0 0 0 0 0
0 0 0 0 0 0 1 0 5 2 0 0 0 0 0 0 0 0 0 0 0 0 0 0 0 0 0 0 0 0 0 2 0 0 0 0 0 0 1 0 1 0 0 0 0 0 4 0 3 1 4 0 5 1 0 0 1 0 1 16 15 88 13 6 1 4 0 1 0 7 0 0 0 0 0 3 1 17 118 335 514 331 299 156 461 404 126 33 39 67 26 7 7 216 390 541 284 27 44 22 29 50 13 5 49 168 132 89 43 11 145 194 175 3 0 97 221 238 193 17 8 9 9 9 17 3 8 0 1 17 349 6 0 0 0 0 0 0 0 0 0 0 0 0 0 0 0 0 0 2
0 0 3 0 0 0 0 0 0 2 0 5 0 0 0 6 0 2 0 0 0 0 0 0 0 0 0 0 0 0 0 0 0 0 1 3 0 0 0 0 2 0 0 2 1 0 1 3 6 6 6 3 3 13 0 0 0 7 8 7 2 93 7 2 0 0 2 0 1 2 0 0 0 0 0 0 4 16 20 112 201 131 307 73 95 127 72 102 140 98 18 0 0 53 142 278 360 24 5 50 17 12 2 5 50 149 312 246 127 62 157 48 74 5 2 50 196 294 200 49 142 74 104 101 160 202 46 25 17 19 1 51 6 23 3 0 0 0 0 0 0 0 0 0 0 0 0 0 0 0
1 0 1 0 0 0 0 0 5 0 0 0 0 0 0 0 4 10 0 0 1 0 0 0 0 0 0 0 0 0 0 0 0 2 3 1 0 0 0 0 0 11 25 1 4 0 1 0 0 0 0 0 1 0 2 0 0 0 0 3 0 2 0 1 0 1 2 0 3 0 5 0 0 0 0 3 20 11 38 180 255 75 7 11 71 35 6 11 61 318 13 0 0 1 7 49 282 154 135 6 0 3 5 10 12 43 164 145 18 36 104 49 33 13 28 71 379 155 192 398 117 141 69 76 59 95 0 0 0 41 1 0 46 13 10 0 0 0 0 0 0 0 0 0 0 0 0 0 0 0
2 0 0 0 0 1 0 0 2 0 0 0 0 0 0 0 1 3 8 9 3 2 0 1 0 0 0 0 0 0 2 0 0 0 0 0 0 0 0 0 0 6 35 0 8 0 1 8 0 0 0 0 2 0 0 0 0 0 1 2 2 2 2 0 0 0 4 1 0 4 6 0 0 0 0 18 71 33 142 14 60 170 7 1 2 3 3 0 0 1 0 0 9 45 45 3 322 142 205 176 7 5 23 5 24 2 2 68 180 128 481 235 55 339 81 35 7 62 459 548 54 138 61 1 41 62 3 0 5 15 1 0 35 5 0 0 0 0 0 0 0 0 0 0 0 0 0 0 0 0
0 0 0 2 0 0 1 0 0 0 0 0 0 0 0 0 0 0 41 11 4 1 0 0 0 0 0 0 0 1 3 1 0 0 0 0 0 0 0 0 0 0 1 31 36 0 0 0 1 1 1 7 1 0 0 0 0 0 1 0 3 8 0 0 0 0 13 5 10 5 19 0 0 0 0 138 320 144 45 5 17 149 34 0 10 82 4 1 0 9 0 1 1 43 7 14 29 228 83 132 0 3 179 45 192 28 43 139 81 213 389 405 272 189 147 165 87 73 368 183 54 26 0 1 0 6 24 0 3 0 0 0 1 0 0 0 0 0 0 0 0 0 0 0 0 0 0 0 0 0
0 0 0 0 0 0 0 1 4 0 0 0 0 0 0 0 0 0 2 10 4 0 0 0 2 0 0 0 0 3 0 0 0 0 0 0 0 0 0 0 0 0 0 6 10 0 0 2 2 9 2 16 16 0 1 0 0 3 4 12 28 5 2 10 6 8 76 58 111 69 21 0 1 0 26 272 437 474 230 0 2 72 37 0 0 15 11 14 0 9 15 7 0 0 0 0 36 169 106 162 5 20 196 251 634 494 610 469 393 254 304 185 188 273 188 81 64 38 27 107 55 43 12 9 0 1 11 5 11 6 1 0 0 0 0 0 0 0 0 0 0 0 0 0 0 0 0 0 0 0
0 0 0 0 0 0 1 25 7 3 2 0 0 0 0 0 1 0 0 7 0 8 19 2 0 0 0 0 0 1 0 0 0 0 0 0 0 0 0 0 0 0 0 0 0 12 0 0 0 8 31 51 2 1 2 3 17 36 6 34 8 6 1 15 12 28 49 43 36 67 82 18 74 56 252 460 878 374 38 4 3 0 0 0 0 0 6 263 4 22 2 9 0 0 5 20 17 9 10 9 9 0 623 380 247 293 381 146 240 322 255 210 261 107 110 37 16 56 36 32 12 3 60 137 45 33 3 0 4 0 0 0 0 0 9 0 0 0 0 0 0 0 0 0 0 0 0 0 1 0
0 0 0 0 0 0 3 5 0 0 0 0 1 0 0 0 2 2 0 4 0 0 10 10 7 4 1 0 0 0 0 0 0 0 0 0 0 0 0 0 0 0 0 1 0 5 0 1 3 9 8 3 2 11 3 14 29 58 44 16 1 0 0 0 2 1 0 0 0 0 0 0 34 16 85 178 222 83 47 0 0 0 1 0 0 0 0 12 33 6 0 0 3 0 1 5 7 0 4 36 8 108 430 319 179 295 177 65 176 277 222 118 275 119 83 56 14 57 51 10 0 2 22 19 27 132 1 5 0 0 0 0 0 0 0 0 0 0 0 0 0 0 0 0 0 0 0 0 0 0
0 0 0 0 0 3 0 0 0 0 0 0 0 0 0 0 0 0 0 1 1 1 0 0 3 1 1 4 0 3 0 0 1 0 0 0 1 0 0 1 0 0 4 0 1 4 36 3 1 8 21 23 4 35 19 14 29 38 219 1 7 1 0 0 0 0 11 30 1 16 21 1 31 5 11 42 12 133 14 3 2 0 4 0 0 0 0 3 72 1 0 18 37 38 4 0 1 0 10 180 98 67 45 48 58 180 53 71 192 147 36 12 24 59 26 4 57 90 10 2 0 1 4 2 102 273 93 8 1 3 0 0 0 0 0 0 0 0 0 0 0 0 0 0 0 0 0 0 0 0
0 0 0 4 4 3 0 0 0 0 0 0 2 0 0 0 0 1 0 0 0 1 3 0 5 1 34 24 8 0 0 0 0 0 2 21 1 0 0 0 1 0 0 5 21 10 10 3 9 159 35 4 7 11 6 21 65 39 22 10 29 6 4 0 0 0 3 4 1 7 12 7 20 4 1 25 24 13 6 7 1 0 3 11 0 15 8 8 1 0 4 9 24 133 15 1 0 17 98 18 39 108 19 8 54 27 57 109 191 0 0 23 1 195 11 0 1 0 0 0 0 0 4 0 17 83 88 117 7 1 0 0 0 0 0 0 0 0 0 0 0 0 0 0 0 0 0 0 0 0
0 0 0 0 0 0 0 0 0 0 0 0 0 0 0 0 0 0 0 2 0 5 18 0 1 2 1 15 81 4 0 1 0 0 0 0 0 0 0 0 0 3 2 14 5 68 41 14 2 51 12 1 0 2 31 5 111 37 1 0 2 2 0 0 0 3 0 0 14 3 22 17 2 0 0 18 6 0 0 0 2 0 0 0 0 24 4 0 8 0 1 3 4 0 0 6 0 4 8 2 345 435 295 68 29 75 50 221 77 2 0 0 0 49 8 0 0 0 0 0 0 0 0 9 3 0 4 71 1 0 0 0 0 0 0 0 0 0 0 0 0 0 0 0 0 0 0 0 0 0
0 0 0 0 0 0 0 0 0 0 0 0 0 1 0 0 0 1 0 2 0 2 2 0 0 12 7 5 0 0 0 7 4 0 0 0 0 0 0 1 2 2 5 2 4 12 5 12 32 91 107 38 12 23 12 3 4 0 2 0 1 4 10 8 73 27 4 0 6 6 37 24 0 0 0 43 122 66 0 9 1 1 3 3 0 1 2 0 7 2 0 2 0 0 0 1 0 0 185 147 671 429 205 72 0 4 40 32 0 0 0 0 0 7 0 0 0 0 0 0 0 0 6 5 0 0 9 18 0 0 0 0 0 0 0 0 0 0 0 0 0 0 0 0 0 0 0 0 0 0
0 0 0 0 0 0 0 0 0 0 0 0 0 11 2 1 0 0 0 0 0 0 6 0 0 2 0 0 0 0 11 25 12 1 0 0 0 3 0 0 20 4 0 0 0 0 0 2 96 402 202 54 18 2 0 0 4 1 0 0 1 3 1 0 4 9 12 3 4 36 18 14 6 0 0 1 54 22 23 34 8 9 9 22 3 3 6 5 85 44 8 5 0 0 0 10 3 0 45 152 69 22 20 0 2 0 39 30 2 0 0 0 3 17 0 0 0 0 0 0 0 0 0 0 0 49 22 1 0 2 3 0 0 0 0 0 0 0 0 0 0 0 0 0 0 0 0 0 0 1
0 0 0 3 1 0 0 0 0 0 0 0 0 0 0 0 1 0 0 0 0 1 3 0 2 0 0 0 0 0 0 15 24 4 2 0 12 52 3 4 0 0 0 0 0 0 7 4 8 198 98 57 2 0 0 0 0 6 1 0 0 0 0 0 4 1 17 2 0 0 4 10 15 5 0 0 4 0 10 11 2 11 6 0 0 108 0 0 0 0 0 0 0 4 2 0 4 0 0 0 3 1 5 48 48 21 19 30 40 44 17 8 12 0 0 0 0 0 0 0 0 0 0 2 19 27 34 0 0 0 1 0 0 0 0 0 0 0 0 0 1 0 0 0 0 0 0 0 0 0
0 0 0 0 0 0 0 0 0 0 0 0 0 1 2 1 0 0 0 0 1 0 1 0 0 0 0 0 0 0 0 7 10 3 0 4 0 14 0 0 0 0 0 0 2 32 5 39 3 57 53 11 0 3 1 2 5 10 1 0 0 0 0 0 0 1 3 0 0 0 3 0 77 35 6 5 0 0 0 0 0 2 52 66 4 0 0 1 0 0 0 0 0 0 0 3 0 0 1 6 0 1 3 43 3 11 2 0 2 12 7 34 13 0 0 0 0 0 0 0 0 0 4 3 7 11 28 46 0 0 0 0 0 0 0 0 0 0 0 0 0 0 0 0 0 0 0 0 0 0
0 0 0 0 0 0 0 0 0 0 0 0 0 0 0 0 0 2 0 0 0 0 0 0 0 0 0 0 0 1 0 0 1 2 17 0 0 37 0 0 0 0 0 5 13 7 34 1 4 15 37 17 4 7 8 2 0 1 0 1 0 0 0 0 0 0 0 1 7 0 3 2 11 1 34 6 0 0 0 0 0 1 7 33 9 6 0 0 0 0 3 2 0 1 2 1 1 3 0 12 4 3 4 42 185 0 0 0 0 0 0 3 0 0 0 0 0 0 0 0 0 0 0 0 0 17 7 4 0 0 0 0 0 0 0 0 3 0 0 0 0 0 0 0 0 0 0 0 0 0
0 0 0 0 0 0 0 0 0 0 0 0 0 0 7 1 0 0 3 0 0 7 0 1 1 0 0 1 0 0 0 0 0 11 21 3 0 5 3 0 0 0 0 2 49 8 11 2 8 5 23 3 0 1 0 0 0 0 0 0 2 0 0 0 24 0 1 2 5 1 7 38 0 3 0 4 4 1 0 0 1 2 0 2 0 10 0 7 1 2 0 0 0 6 2 1 0 4 0 4 3 10 5 98 88 129 0 3 0 0 1 1 2 0 6 2 0 0 0 0 0 0 0 0 0 10 3 28 0 0 0 0 0 0 0 0 14 20 0 0 0 0 0 0 0 0 0 0 0 0
0 0 0 0 0 0 0 0 0 0 1 0 0 0 3 0 0 4 0 0 2 3 1 1 0 0 0 8 2 0 0 0 0 5 13 2 0 0 1 0 0 2 0 18 24 4 1 3 2 0 11 6 4 0 3 0 0 0 0 0 0 0 0 0 4 0 0 5 3 0 3 7 0 0 0 0 6 1 0 0 0 0 12 3 0 4 6 7 2 0 3 1 0 0 0 4 2 0 0 0 12 3 1 3 21 140 34 0 0 0 0 0 0 0 28 3 0 0 1 0 0 0 0 0 8 102 5 3 0 0 0 0 0 0 0 0 0 4 0 0 0 0 0 0 0 0 0 0 0 0
0 0 0 0 0 0 0 0 0 0 0 0 0 0 11 5 8 10 5 0 6 14 2 0 0 0 0 0 1 0 1 0 0 10 0 0 0 4 2 1 15 30 5 62 139 1 9 0 3 1 0 14 21 4 1 0 0 0 0 0 0 0 0 0 0 0 0 1 7 16 31 17 2 0 0 1 0 3 0 0 0 0 0 0 0 0 0 1 2 2 0 1 1 1 0 1 0 3 0 1 0 4 12 0 10 298 253 28 0 0 0 0 0 0 0 0 1 52 20 1 0 0 0 21 37 6 66 63 47 0 0 0 0 0 1 1 7 3 0 0 0 0 0 0 0 0 0 0 0 0
0 0 0 0 0 0 0 0 0 0 0 1 4 3 0 6 15 28 0 3 5 1 1 0 0 0 0 0 1 0 0 3 0 0 2 9 0 12 20 58 73 235 117 164 30 4 0 1 2 0 0 1 17 5 2 0 0 0 0 0 0 0 0 0 0 0 0 0 0 2 8 6 9 0 4 4 2 10 2 0 0 0 1 0 6 0 0 0 2 6 0 2 0 2 8 11 1 0 0 0 0 1 16 7 93 132 89 167 0 0 0 0 0 0 0 0 91 23 18 0 0 0 1 64 78 67 225 249 17 6 0 0 0 2 0 4 0 0 0 0 0 0 0 0 0 0 0 0 0 0
0 0 0 0 0 0 0 0 4 3 9 22 13 0 0 3 1 1 0 0 3 1 4 9 0 0 0 0 0 0 0 1 0 1 12 11 1 3 30 91 213 355 245 345 8 0 0 3 5 0 7 0 13 43 2 8 0 0 0 0 0 0 0 0 0 0 0 0 0 0 0 0 0 0 0 0 0 3 2 0 0 0 0 0 7 0 0 0 1 2 0 1 3 4 2 5 0 1 0 3 0 1 5 1 6 36 1 50 9 0 0 0 1 0 17 13 342 191 12 28 7 8 0 30 30 19 183 199 165 77 2 20 9 43 1 0 0 0 0 0 0 0 0 0 0 0 0 0 0 0
0 0 0 0 0 0 0 1 0 7 3 0 7 0 1 4 0 0 4 2 0 7 58 16 0 0 0 0 0 0 0 8 0 0 4 6 4 6 18 50 242 146 228 114 18 2 2 1 1 3 4 1 6 3 0 1 0 0 0 0 0 0 0 0 0 0 0 0 5 0 1 1 0 0 0 1 1 6 1 0 0 6 1 3 22 0 0 0 13 10 1 0 6 13 0 0 2 4 1 1 1 1 0 10 0 0 0 0 12 0 0 0 1 0 18 355 164 177 39 54 85 28 27 6 0 3 13 29 0 22 0 102 172 58 18 0 0 0 0 0 0 0 0 0 0 0 0 0 0 0
0 0 0 0 0 0 0 1 0 0 1 0 2 0 0 0 0 0 9 7 95 27 4 1 0 0 0 0 1 6 0 0 5 12 19 6 0 3 0 31 276 155 176 94 31 14 10 0 6 22 1 2 4 9 5 1 1 0 0 0 0 0 0 0 0 0 0 0 0 0 3 0 0 0 0 0 0 0 2 0 4 13 12 60 20 1 0 0 0 0 0 0 5 0 0 1 0 1 0 1 0 0 0 0 4 0 3 7 84 64 107 197 50 63 166 272 107 156 37 179 48 71 3 0 29 12 10 48 0 0 22 93 64 12 24 0 0 0 0 0 0 0 0 0 0 0 0 0 0 0
0 0 0 0 0 0 0 1 2 3 0 2 1 3 0 2 0 1 2 10 44 0 0 0 0 0 0 0 0 1 5 13 3 0 3 2 0 0 2 12 21 64 18 10 0 0 2 0 0 2 1 1 34 9 2 3 2 5 0 0 0 0 0 0 0 0 0 0 0 1 1 0 0 0 0 15 0 17 9 1 2 5 4 4 0 0 0 0 2 0 2 0 0 6 4 1 2 0 0 0 1 1 0 0 0 5 10 9 86 34 52 43 15 102 672 270 93 138 78 188 36 1 0 43 0 15 10 0 0 0 38 64 0 0 1 0 0 0 0 0 0 0 0 0 0 0 0 0 0 0
0 0 0 14 0 4 3 5 1 0 0 0 0 0 5 0 1 1 18 8 15 0 0 0 0 0 0 0 2 2 16 2 4 0 8 0 1 0 4 0 23 10 0 1 1 0 0 0 0 2 0 9 137 5 5 8 3 5 0 0 0 0 0 0 0 0 0 0 0 0 0 0 0 0 0 0 0 6 1 0 0 0 0 0 0 0 0 0 0 0 0 0 1 15 11 0 2 4 1 0 0 0 0 0 0 0 2 28 22 2 0 6 53 63 84 218 45 108 63 35 119 0 0 0 0 0 0 0 0 0 1 65 25 0 0 0 0 0 0 0 0 0 0 0 0 0 0 0 0 0
0 0 1 0 0 0 4 1 1 2 0 0 1 2 0 2 21 7 1 1 1 1 0 0 0 0 0 19 8 8 10 9 4 0 1 5 0 1 1 2 2 5 2 0 0 0 0 0 0 0 0 10 73 33 1 11 2 0 0 0 0 0 0 0 0 0 0 0 0 0 0 0 0 0 0 0 11 1 12 0 2 0 1 0 0 0 0 0 6 0 12 1 10 28 4 9 4 0 0 6 0 0 0 0 0 0 2 42 229 4 0 0 1 0 0 0 1 9 158 269 36 0 0 0 0 1 1 0 0 0 0 1 41 0 0 0 0 0 0 0 0 0 0 0 0 0 0 0 0 0
0 3 3 0 1 0 2 14 2 3 7 4 1 0 0 57 26 9 2 13 0 0 2 1 2 4 2 4 2 2 6 2 2 2 2 0 0 1 0 2 4 2 2 2 1 0 1 0 0 0 0 23 5 5 12 2 4 0 0 0 0 0 0 0 0 0 0 0 0 0 0 0 0 0 0 0 3 22 0 0 0 0 0 0 0 0 0 0 21 1 7 0 0 13 0 1 0 0 8 2 0 1 1 1 2 7 7 8 59 0 0 0 0 0 1 0 0 1 45 96 177 296 0 0 0 51 0 0 0 30 68 3 20 13 0 0 0 0 0 0 0 0 0 0 0 0 0 0 0 0
0 1 0 0 0 0 8 0 0 0 6 2 0 3 6 37 13 15 3 0 0 0 1 1 2 3 2 2 0 0 0 0 0 0 1 1 0 0 0 3 2 16 9 3 0 4 0 0 0 0 2 14 15 21 14 7 2 0 0 0 0 0 0 0 0 0 0 0 0 0 0 0 0 0 0 0 1 29 61 2 0 5 0 0 0 0 1 33 3 0 3 0 0 0 0 3 0 0 3 2 19 11 10 5 5 0 11 8 20 4 0 0 0 10 22 29 71 163 44 90 183 56 0 3 170 35 0 0 0 41 98 0 0 0 0 0 0 0 0 0 0 0 0 0 0 0 0 0 0 0
0 0 2 0 0 0 0 0 0 3 0 67 9 5 0 0 3 5 3 1 0 0 0 2 3 0 1 0 17 0 0 1 0 0 1 0 0 0 0 0 3 10 19 0 5 5 1 3 0 0 1 38 10 2 4 0 1 0 4 0 0 0 0 0 0 0 0 0 0 0 0 0 0 0 0 1 0 24 26 0 0 1 0 0 0 0 4 6 0 0 3 0 1 1 0 0 0 0 1 0 0 2 4 1 6 0 4 10 14 13 0 0 0 0 37 227 467 204 26 20 28 67 45 177 153 0 0 2 0 163 44 0 0 0 0 0 0 0 0 0 0 0 0 0 0 0 0 0 0 0
0 0 1 0 0 0 1 1 1 0 6 15 0 0 1 0 0 0 0 10 1 0 2 1 1 2 0 1 1 0 0 0 0 0 0 0 0 0 2 0 0 0 1 0 0 2 0 0 0 0 0 35 1 5 2 0 0 0 1 0 0 0 0 0 0 0 0 0 0 0 0 0 0 0 0 0 3 1 39 12 2 9 22 0 0 1 1 0 0 0 0 0 2 8 0 0 0 0 0 1 2 0 2 3 5 1 1 2 24 0 0 0 25 13 11 7 1 22 131 143 17 149 320 211 187 79 14 48 202 539 221 2 0 0 0 0 0 0 0 0 0 0 0 0 0 0 0 0 0 0
0 3 2 0 0 2 0 2 0 5 15 3 0 4 8 2 0 0 0 0 0 0 0 0 0 8 7 0 0 0 1 0 12 0 0 0 0 0 5 5 0 3 5 1 0 0 3 5 2 2 7 169 11 1 0 1 4 1 2 0 0 0 0 0 0 0 0 0 0 0 0 0 0 0 0 0 2 13 37 0 0 14 11 0 0 0 0 0 2 3 0 7 0 6 4 3 10 0 0 0 0 0 0 4 7 3 1 0 48 27 1 3 7 1 2 37 3 77 122 267 251 299 418 233 601 322 196 203 312 269 140 0 0 0 0 0 0 0 0 0 0 0 0 0 0 0 0 0 0 0
0 0 0 0 0 1 0 0 205 5 2 3 1 0 6 6 2 0 0 0 0 0 0 0 1 6 4 0 1 0 0 0 0 2 1 8 0 1 1 0 1 0 4 0 1 1 0 0 3 15 311 337 3 48 12 2 1 1 0 2 2 0 0 0 0 0 0 0 0 0 0 0 0 0 0 0 0 0 0 0 0 0 1 0 0 0 0 0 2 0 0 4 5 0 0 1 0 0 1 1 10 2 8 3 11 12 4 10 0 3 2 4 28 5 4 3 2 37 183 709 580 334 169 671 574 336 76 236 239 8 40 7 0 0 0 0 0 0 0 0 0 0 0 0 0 0 0 0 0 0
1 0 0 0 1 0 0 0 4 1 1 0 4 1 1 1 4 3 0 0 0 0 0 3 2 2 0 2 0 0 0 19 14 2 0 1 0 0 0 0 0 0 2 0 0 0 0 0 1 21 255 184 229 263 16 12 1 1 3 6 1 0 0 0 0 0 0 0 0 0 0 0 0 0 0 0 0 0 0 8 0 0 0 0 0 0 0 17 41 0 0 24 6 0 0 0 0 0 0 3 3 0 3 4 3 65 198 7 0 0 2 4 1 0 0 10 12 6 70 201 150 306 263 1239 646 175 69 68 3 166 273 191 0 0 0 0 0 0 0 0 0 0 0 0 0 0 0 0 0 0
1 0 1 2 1 1 7 4 9 1 7 27 2 0 0 0 0 0 0 0 0 0 0 0 1 0 2 0 0 0 0 8 11 1 0 17 5 2 0 0 0 0 0 0 0 4 0 0 0 1 231 131 249 181 30 17 0 0 1 3 0 0 0 0 0 0 0 0 0 0 0 0 0 0 0 0 0 0 0 41 4 1 2 0 0 0 0 8 24 1 1 8 58 0 0 0 0 0 0 4 5 23 5 13 7 7 0 8 0 0 0 0 6 2 0 1 1 4 4 17 91 100 182 353 300 285 130 141 90 228 124 118 0 0 0 0 0 0 0 0 0 0 0 0 0 0 0 0 0 0
6 4 0 6 1 4 5 0 2 0 3 1 0 0 0 0 0 0 0 0 0 0 4 0 0 0 0 0 0 0 0 0 0 0 0 0 0 0 0 0 0 0 0 0 0 0 3 0 1 1 17 78 132 8 9 7 1 0 5 2 0 0 0 0 0 0 0 0 0 0 0 0 0 0 0 0 0 0 5 0 0 1 0 0 0 1 20 45 6 0 7 128 104 26 2 0 0 0 0 24 23 1 7 73 16 0 4 0 8 1 0 0 8 0 4 0 3 8 13 7 52 348 213 136 188 290 289 533 139 85 28 24 0 0 0 0 0 0 0 0 0 0 0 0 0 0 0 0 0 0
0 3 7 0 15 1 1 14 6 10 2 7 1 1 0 0 0 0 0 0 0 0 0 0 0 0 0 1 1 0 0 0 0 0 0 0 0 0 1 0 0 0 0 0 0 0 0 0 2 1 0 8 38 8 8 0 0 31 44 1 0 0 0 0 0 0 0 0 0 0 0 0 0 0 0 0 0 0 0 0 0 0 9 12 10 12 4 0 14 29 85 77 75 1 4 2 0 0 13 20 69 100 102 184 163 16 4 0 22 5 0 0 1 0 0 15 1 11 24 227 167 333 948 537 265 101 903 728 555 0 0 0 0 0 0 0 0 0 0 0 0 0 0 0 0 0 0 0 0 0
2 1 8 0 0 5 7 10 2 5 0 0 1 1 0 0 0 0 0 0 0 0 1 1 0 0 0 0 1 0 0 0 2 1 0 3 0 0 0 0 3 1 0 0 0 0 0 0 3 4 0 5 24 0 7 0 0 7 75 21 1 1 0 0 0 0 0 0 0 0 0 0 0 0 0 0 0 0 0 0 0 1 4 4 1 2 0 3 7 18 60 69 76 0 16 3 0 0 0 1 47 120 132 91 99 20 1 0 1 8 4 0 0 0 2 0 12 303 169 327 244 0 7 85 59 61 169 313 210 0 166 1 0 0 0 0 0 0 0 0 0 0 0 0 0 0 0 0 0 0
1 6 57 1 20 55 20 4 0 3 1 0 2 0 0 0 0 0 0 0 1 1 0 0 0 0 0 0 0 0 0 0 0 0 0 0 0 0 0 0 1 0 0 0 0 0 0 0 5 0 0 0 9 0 0 0 0 2 1 12 2 1 0 0 0 0 0 0 0 0 0 0 0 0 0 0 0 0 0 0 4 25 6 0 9 0 58 4 0 0 0 1 1 1 0 0 0 0 0 12 4 46 276 124 51 60 9 5 4 0 16 0 0 0 0 5 94 196 110 24 2 0 0 0 26 153 93 413 206 1 5 18 0 0 0 0 0 0 0 0 0 0 0 0 0 0 0 0 0 0
1 19 38 52 145 188 78 12 4 0 0 0 0 0 6 0 0 0 0 0 1 5 0 1 0 0 0 0 0 0 0 1 0 0 0 0 0 0 0 0 1 0 0 4 15 4 0 2 0 0 0 6 20 0 0 1 3 0 7 0 0 6 0 0 0 0 0 0 0 0 0 0 0 0 0 0 0 0 0 10 2 0 0 0 2 2 4 117 54 0 0 0 0 0 0 0 0 0 0 0 0 124 300 122 58 68 10 1 3 23 8 0 1 0 0 16 44 1 7 33 0 0 0 0 5 242 168 339 159 0 47 1 0 0 0 0 0 0 0 0 0 0 0 0 0 0 0 0 0 0
0 34 176 390 182 137 51 4 0 2 12 3 3 0 0 1 0 0 0 0 0 2 0 0 7 0 0 1 0 0 0 0 0 0 0 0 0 0 2 0 0 0 0 1 0 0 0 5 11 1 0 0 10 0 0 1 0 1 0 0 0 1 0 0 0 0 0 0 0 0 0 0 0 0 0 0 0 5 0 0 0 0 0 0 0 0 18 9 0 1 2 0 0 0 0 0 0 0 0 0 13 32 6 11 24 36 0 1 0 0 1 2 3 2 0 1 2 3 5 31 9 34 5 0 6 48 64 125 19 0 0 0 0 0 0 0 0 0 0 0 0 0 0 0 0 0 0 0 0 0
0 8 80 125 84 58 15 2 1 1 0 0 1 0 0 0 0 1 1 5 2 2 0 0 1 0 0 0 0 3 0 0 0 0 0 0 0 0 0 0 0 0 0 0 0 0 0 0 0 5 0 0 0 1 0 2 0 0 0 0 0 0 0 0 0 0 0 0 0 0 0 0 0 0 0 0 0 0 0 0 0 0 0 0 0 0 35 15 1 13 12 17 0 0 4 8 0 0 0 203 526 79 158 36 1 45 12 2 0 1 1 0 2 0 0 0 0 0 13 23 48 9 58 149 17 14 0 0 0 0 0 0 0 0 0 0 0 0 0 0 0 0 0 0 0 0 0 0 0 0
9 11 25 18 16 3 0 0 0 0 9 0 0 0 0 0 0 0 0 0 2 30 1 0 0 0 0 1 0 0 0 0 0 0 0 0 0 0 0 0 0 1 0 0 0 9 2 0 0 0 0 0 0 0 0 3 0 0 0 0 0 0 0 0 0 0 0 0 0 0 0 0 0 0 0 0 1 8 0 0 0 0 0 0 0 0 10 0 0 14 24 0 0 0 51 45 46 4 180 844 295 228 72 41 0 7 16 47 0 3 6 0 0 0 0 0 0 0 8 27 28 9 22 8 1 27 10 2 35 23 10 0 0 0 0 0 0 0 0 0 0 0 0 0 0 0 0 0 0 0
52 6 5 9 0 0 0 1 0 0 0 0 0 0 0 0 0 0 0 0 3 0 1 0 0 0 0 0 0 4 0 0 0 6 5 0 0 0 0 0 0 0 0 1 1 9 0 1 0 0 0 0 4 0 49 7 3 0 0 0 0 0 0 1 0 0 0 0 0 0 0 0 0 0 4 3 0 0 0 0 0 0 0 0 0 0 11 0 0 0 83 5 1 1 45 146 43 1 106 84 10 8 25 2 2 0 0 71 301 37 0 0 0 0 1 0 0 1 2 0 24 5 0 2 2 50 16 38 203 24 5 0 0 0 0 0 0 0 0 0 0 0 0 0 0 0 0 0 0 0
12 0 1 0 0 0 2 0 0 0 0 0 0 0 0 0 0 0 0 0 0 0 0 0 0 0 0 3 1 0 1 15 1 0 0 0 0 0 0 0 1 0 0 0 0 0 0 0 0 0 0 1 0 2 7 1 0 0 0 0 0 0 0 0 0 0 0 0 0 0 0 0 0 0 1 3 0 0 0 0 0 0 0 0 0 0 45 25 77 15 63 9 5 12 3 26 8 0 0 0 3 2 0 1 1 1 72 173 53 5 2 0 0 0 0 0 0 2 0 0 1 10 5 9 7 92 20 62 35 58 4 0 2 0 0 0 0 0 0 0 0 0 0 0 0 0 0 0 0 0
0 0 0 0 0 0 0 0 0 0 0 0 0 0 0 0 0 0 1 0 0 0 0 0 0 0 0 0 7 0 2 0 0 0 0 0 0 0 0 0 0 0 0 0 0 3 5 0 0 0 0 0 1 23 6 1 0 0 0 0 0 0 0 0 0 0 0 0 0 0 0 3 9 0 0 0 0 0 0 0 0 0 0 0 0 0 0 9 85 1 0 0 0 2 2 16 0 2 5 0 0 7 0 2 0 123 304 154 27 32 0 0 0 0 0 0 0 0 29 4 0 23 0 4 3 5 29 14 2 8 0 1 0 0 0 0 0 0 0 0 0 0 0 0 0 0 0 0 0 0
4 0 0 0 0 0 0 0 0 0 0 0 0 0 0 0 0 0 1 0 0 0 0 4 0 0 0 0 0 0 1 0 0 0 0 0 0 0 0 0 0 0 2 0 0 0 0 0 0 0 2 3 7 35 5 1 1 0 0 0 0 0 0 0 0 0 0 0 0 0 0 3 3 1 0 0 0 0 0 0 0 0 0 0 0 0 0 0 2 0 0 0 3 12 0 0 0 0 3 2 0 0 2 0 8 75 52 7 25 93 0 0 0 0 0 0 0 0 6 4 0 2 1 43 72 19 147 11 24 39 0 0 0 0 0 0 0 0 0 0 0 0 0 0 0 0 0 0 0 0
0 0 0 0 1 17 3 0 0 0 0 0 0 0 0 0 0 0 0 0 0 0 0 0 0 0 0 0 0 0 0 1 0 0 0 0 0 0 0 0 0 0 2 0 0 0 0 0 0 0 1 0 0 0 1 0 0 1 0 0 0 0 0 0 0 0 0 0 1 6 0 0 0 0 0 0 0 0 0 0 0 0 0 0 0 0 0 0 1 3 0 8 65 0 0 0 0 0 0 6 1 1 9 5 16 3 0 5 0 2 1 0 0 0 0 0 0 0 0 0 1 0 7 14 0 0 0 81 1 0 0 0 0 0 0 0 0 0 0 0 0 0 0 0 0 0 0 0 0 0
0 0 0 0 49 9 0 0 0 0 0 0 0 0 2 0 0 0 0 0 0 0 0 0 0 0 0 0 0 0 2 0 0 0 0 0 0 0 0 0 0 0 0 0 0 1 0 0 0 3 2 0 0 9 1 2 2 0 0 0 0 0 0 0 0 0 0 1 3 0 0 0 0 0 0 0 0 0 0 0 0 0 0 0 0 0 0 0 20 23 80 125 52 12 0 0 0 0 0 10 20 285 152 11 3 9 0 0 0 3 3 0 0 0 0 0 0 0 0 0 0 0 0 0 0 0 10 12 0 0 0 0 0 0 0 0 0 0 0 0 0 0 0 0 0 0 0 0 0 0
0 0 0 0 3 1 1 0 0 0 0 0 0 0 0 0 0 0 2 0 0 0 0 0 0 0 0 0 0 6 0 0 0 0 0 1 0 0 0 0 0 0 0 0 2 4 0 0 0 0 0 0 0 2 1 0 0 0 0 0 0 0 0 0 0 0 0 0 7 0 0 2 0 0 0 0 0 0 0 0 0 0 0 0 0 0 1 0 3 42 116 74 29 27 0 1 3 1 4 44 79 52 26 5 0 4 0 0 0 0 0 0 0 0 0 0 0 0 0 0 0 36 32 0 0 10 4 0 0 0 0 0 0 0 0 0 0 0 0 0 0 0 0 0 0 0 0 0 0 0
0 0 0 0 0 0 0 0 0 0 0 0 17 2 0 1 0 0 0 0 0 0 0 0 0 4 2 0 0 5 0 0 0 0 0 3 0 1 0 0 0 0 0 0 0 3 2 0 0 0 1 0 2 15 2 2 0 0 0 0 0 0 0 0 0 0 0 2 19 0 0 0 0 0 0 0 0 0 0 0 0 0 0 0 4 12 17 1 2 13 0 0 24 0 12 1 0 3 2 5 38 0 0 2 0 0 0 0 0 18 11 17 3 0 0 0 0 0 0 0 0 0 0 0 0 0 0 2 0 0 0 0 0 0 0 0 0 0 0 0 0 0 0 0 0 0 0 0 0 0
0 0 0 0 0 0 0 2 0 0 0 0 0 1 0 0 0 0 0 0 0 0 0 0 0 0 0 0 0 0 0 0 0 0 4 0 0 0 0 0 0 0 0 0 0 0 0 6 2 5 1 0 0 5 2 1 0 0 0 0 0 0 0 0 0 0 4 16 10 0 0 0 0 0 0 0 0 0 0 0 0 0 0 0 18 0 0 2 1 11 4 0 2 4 1 3 5 18 3 9 8 6 1 0 5 0 0 3 22 39 39 126 6 4 0 0 0 0 0 0 0 0 0 0 0 0 0 0 0 0 0 0 0 0 0 0 0 0 0 0 0 0 0 0 0 0 0 0 0 0
0 0 0 0 1 2 2 0 0 0 0 0 0 0 0 0 0 0 0 0 0 0 0 0 0 0 0 0 1 0 0 0 0 0 0 0 0 0 4 0 0 0 0 0 0 2 0 1 17 1 0 0 0 2 0 21 17 0 0 0 0 0 0 0 1 4 11 61 5 0 0 0 0 0 0 0 0 0 0 0 0 0 0 1 8 2 0 0 2 1 1 4 1 0 0 6 30 4 5 0 0 0 6 3 0 0 7 4 18 7 385 20 55 16 0 0 0 0 0 0 0 0 0 0 0 0 0 0 0 0 0 0 0 0 0 0 0 0 0 0 0 0 0 0 0 0 0 0 0 0
0 0 0 0 0 0 0 0 0 0 0 0 0 0 0 1 0 0 0 0 0 0 0 0 0 0 0 0 0 0 0 0 0 0 0 0 0 0 1 0 0 0 0 0 0 1 2 0 26 8 0 0 0 0 8 2 1 2 33 4 2 1 3 7 1 1 0 0 0 2 0 0 0 0 0 0 0 0 0 0 0 0 0 0 0 0 0 7 1 2 0 0 2 0 4 57 1 0 0 0 0 0 0 0 10 47 158 391 194 41 12 0 24 5 0 0 0 0 0 0 0 0 0 0 0 0 0 0 0 0 0 0 0 0 0 0 0 0 0 0 0 0 0 0 0 0 0 0 0 0
0 0 2 0 3 22 1 2 0 0 0 0 0 0 0 0 0 0 0 0 0 0 0 0 0 0 0 0 0 0 2 0 0 0 0 0 0 0 4 0 0 1 0 0 1 3 20 8 0 1 0 0 4 0 6 2 0 0 0 0 0 0 0 1 3 0 3 3 0 11 0 2 0 0 0 0 0 0 0 0 0 0 0 0 0 0 0 0 0 5 7 8 0 1 61 7 0 0 0 0 0 1 1 4 22 47 60 191 136 107 30 59 52 2 0 0 0 0 0 0 0 0 0 0 0 0 0 0 0 0 0 0 0 0 0 0 0 0 0 0 0 0 0 0 0 0 0 0 0 0
0 0 0 0 38 23 1 0 1 0 0 0 0 1 0 0 0 0 0 0 0 0 0 0 0 0 0 0 0 0 0 0 0 1 0 0 0 2 0 0 1 0 5 1 0 0 7 9 3 6 2 0 0 1 2 0 0 4 1 0 0 2 0 0 0 5 1 2 4 0 0 0 0 0 0 0 0 0 0 0 0 0 0 0 0 1 0 0 0 0 0 0 16 3 0 7 90 0 0 0 0 0 0 32 57 190 1 0 3 35 0 4 0 0 0 0 0 0 0 0 0 0 0 0 0 0 0 0 0 0 0 0 0 0 0 0 0 0 0 0 0 0 0 0 0 0 0 0 0 0
1 0 0 0 2 0 0 0 2 2 1 0 0 0 0 0 0 0 0 0 0 0 0 0 0 0 0 0 0 0 0 0 1 0 0 0 0 0 0 0 0 0 0 0 0 0 0 4 0 2 0 0 0 0 0 0 0 0 1 2 1 1 0 0 0 0 0 0 0 0 1 1 0 1 0 0 0 0 0 0 0 0 0 0 0 0 0 0 1 0 0 13 45 29 8 58 194 0 0 0 0 0 0 1 3 0 0 0 0 0 9 62 0 0 0 0 0 0 0 0 0 0 0 0 0 0 0 0 0 0 0 0 0 0 0 0 0 0 0 0 0 0 4 13 1 0 0 0 0 0
0 0 0 0 0 0 0 0 0 8 0 0 1 0 0 0 0 0 0 0 0 0 0 0 0 0 0 0 0 0 0 0 0 1 0 0 0 0 0 0 0 0 0 0 0 0 0 0 0 0 7 0 0 1 0 0 0 0 3 3 2 0 0 0 0 0 0 0 0 0 1 0 0 0 0 0 0 0 0 0 0 0 0 0 0 0 0 0 7 0 4 12 61 66 20 0 1 0 0 0 0 0 0 2 2 0 2 1 0 21 30 3 0 3 0 0 0 0 0 0 0 0 0 0 0 0 0 0 0 0 0 0 0 0 0 0 0 0 0 0 0 0 0 1 0 0 0 0 0 0
0 0 0 0 1 0 0 0 0 0 0 0 0 0 0 0 4 0 0 0 0 0 0 0 0 0 0 0 0 0 0 0 0 0 0 0 0 0 0 0 0 0 0 0 1 0 0 0 0 0 0 0 3 0 0 0 0 0 0 0 5 0 0 0 0 0 0 0 0 0 0 0 0 0 0 0 0 0 0 0 0 0 0 0 0 0 0 0 0 0 15 30 181 0 0 3 1 0 0 0 0 0 0 1 1 0 0 1 4 0 4 0 0 0 0 0 0 0 0 0 0 0 0 0 0 0 0 0 0 0 0 0 0 0 0 0 0 0 0 0 0 0 0 0 0 0 0 0 0 0
0 0 0 0 1 0 0 0 0 0 0 0 1 0 0 0 0 0 0 1 0 0 0 0 0 0 0 0 0 0 0 0 0 0 0 0 0 0 0 0 0 0 0 0 0 0 0 0 0 0 0 8 1 0 1 0 0 0 0 2 4 1 0 0 0 0 0 0 0 0 0 34 4 0 0 0 0 0 0 0 0 0 0 0 0 0 0 0 0 3 5 5 0 4 2 0 0 0 0 0 0 0 0 0 0 0 0 0 0 0 0 0 0 0 0 0 0 0 0 0 0 0 0 0 0 0 0 0 0 0 0 0 0 0 0 0 0 0 0 0 0 0 0 0 0 0 0 0 0 0
1 0 0 0 0 0 0 0 0 0 0 0 0 2 0 0 0 0 0 0 0 3 2 14 0 0 0 0 0 0 0 0 0 0 0 0 0 0 0 0 0 0 0 0 0 0 0 0 0 0 0 7 4 0 0 0 0 1 0 0 0 8 19 0 0 0 0 0 0 0 0 3 4 0 4 0 0 0 0 0 0 0 0 0 0 0 0 0 0 3 0 12 1 5 4 0 0 0 0 0 0 0 0 0 0 0 0 0 0 0 0 0 0 0 0 0 0 0 0 0 0 0 0 0 0 0 0 0 0 0 0 0 0 0 0 0 0 0 0 0 0 0 0 0 0 0 0 0 0 0
0 0 0 0 0 0 0 0 0 0 0 0 0 0 0 0 0 0 0 0 0 0 0 2 1 0 0 0 0 0 1 0 0 0 0 0 0 0 0 0 0 0 0 0 0 0 0 0 0 0 0 17 12 4 1 1 0 0 0 0 3 12 36 0 0 0 0 0 0 0 0 0 0 1 3 0 0 0 0 0 0 0 0 0 0 0 0 0 0 0 8 4 0 11 9 1 0 0 1 0 0 0 0 0 0 0 0 0 0 0 0 0 0 0 0 0 0 0 0 0 0 0 0 0 0 0 0 0 0 0 0 0 0 0 0 0 0 0 0 0 0 0 0 0 0 0 0 0 0 0
0 0 0 0 0 0 0 0 0 0 0 0 6 1 0 0 0 0 0 0 0 0 0 0 0 0 0 0 0 0 4 0 0 0 0 0 0 0 0 0 1 0 0 0 0 0 0 0 0 0 2 29 116 1 7 2 0 0 0 0 0 8 0 0 0 0 0 0 0 0 0 0 0 2 1 0 0 0 0 0 0 0 0 0 0 0 0 0 0 0 0 0 11 14 4 0 0 0 0 0 0 0 0 0 0 0 0 0 0 0 0 0 0 0 0 0 0 0 0 0 0 0 0 0 0 0 0 0 0 0 0 0 0 0 0 0 0 0 0 0 0 0 0 0 0 0 0 0 0 0
0 0 0 0 0 0 0 0 2 0 0 0 4 1 0 0 0 0 1 0 0 0 0 0 0 6 0 0 0 0 0 0 0 0 0 0 0 0 0 0 0 0 0 0 0 0 0 0 2 4 1 12 87 0 11 0 0 0 0 0 0 7 1 0 0 0 0 0 0 0 0 0 0 0 0 0 0 0 0 0 0 0 0 0 0 0 0 0 0 0 0 0 2 6 2 1 0 0 0 3 0 0 0 0 0 0 0 0 0 0 0 0 0 0 0 0 0 0 0 0 0 0 0 0 0 0 0 0 0 0 0 0 0 0 0 0 0 0 0 0 0 0 0 0 0 0 0 0 0 0
0 0 0 0 0 0 0 0 0 8 0 0 0 0 0 0 0 1 0 0 0 0 0 0 0 1 0 0 0 0 0 0 0 1 0 0 0 0 0 0 0 0 0 0 0 0 0 6 0 0 0 5 13 0 0 5 0 0 0 0 9 4 0 0 0 0 0 0 0 0 0 0 0 0 0 0 0 0 0 0 0 0 0 0 0 0 0 0 0 0 0 0 0 0 0 1 2 0 0 0 0 0 0 0 0 0 0 0 0 0 0 0 0 0 0 0 0 0 0 0 0 0 0 0 0 0 0 0 0 0 0 0 0 0 0 0 0 0 0 0 0 0 0 0 0 0 0 0 0 0
0 0 1 0 0 0 0 0 0 0 1 0 0 0 0 0 0 0 0 0 0 0 0 0 0 0 0 0 0 0 0 0 1 0 5 0 0 0 0 0 0 0 0 0 0 0 3 2 0 0 0 0 0 0 0 0 0 0 0 0 4 0 0 0 0 0 0 0 0 0 0 0 0 0 0 0 0 0 0 0 0 0 0 0 0 0 0 0 0 0 0 0 0 0 0 9 1 5 0 0 1 0 0 0 0 0 0 0 0 0 0 0 0 0 0 0 0 0 0 0 0 0 0 0 0 0 0 0 0 0 0 0 0 0 0 0 0 0 0 0 0 0 0 0 4 2 0 0 0 0
0 0 0 0 0 0 0 0 0 0 1 0 0 0 0 0 1 0 0 4 1 13 0 1 3 0 0 0 0 0 0 0 0 1 0 0 0 0 0 0 0 0 0 0 0 1 1 0 0 0 0 0 0 0 0 0 0 0 0 0 0 1 0 0 0 0 0 0 0 0 0 0 0 0 0 0 0 0 0 0 0 0 0 0 0 0 0 0 0 0 0 0 0 0 2 2 3 0 0 1 7 0 0 0 0 0 0 0 0 0 0 0 0 0 0 0 0 0 0 0 0 0 0 0 0 0 0 0 0 0 0 0 0 0 0 0 0 0 0 0 0 0 0 0 0 0 0 0 0 0
0 0 0 0 0 0 0 0 0 0 0 2 0 0 0 0 1 0 0 0 0 0 0 0 0 0 0 0 0 0 0 0 0 0 0 0 0 0 0 0 0 0 0 0 0 0 0 0 0 0 0 0 0 0 0 0 0 0 0 0 0 0 0 0 0 0 0 0 0 0 0 0 0 0 0 0 0 0 0 0 0 0 0 0 0 0 0 0 0 0 0 0 0 0 2 0 0 0 0 0 0 0 0 0 0 0 0 0 0 0 0 0 0 0 0 0 0 0 0 0 0 0 0 0 0 0 0 0 0 0 0 0 0 0 0 0 0 0 0 0 0 0 0 0 0 0 0 0 0 0
0 0 0 0 0 0 0 0 0 0 11 0 0 0 0 3 0 0 0 0 0 0 0 0 0 0 0 0 0 0 0 0 0 0 0 0 0 0 0 0 0 0 0 0 4 0 0 0 0 0 0 0 0 0 0 0 0 0 0 0 0 0 0 0 0 0 0 0 0 0 0 0 0 0 0 0 0 0 0 0 0 0 0 0 0 0 0 0 0 0 0 0 0 0 0 0 1 0 0 0 0 0 0 0 0 0 0 0 0 0 0 0 0 0 0 0 0 0 0 0 0 0 0 0 0 0 0 0 0 0 0 0 0 0 0 0 0 0 0 0 0 0 0 0 0 0 0 0 0 0
0 0 0 0 0 0 0 0 0 0 0 0 3 1 1 0 4 3 0 0 0 0 0 0 0 0 0 0 0 0 0 0 0 0 0 0 0 0 0 0 0 0 0 0 0 0 0 0 0 0 0 0 0 0 0 0 0 0 0 4 0 0 0 0 0 0 0 0 38 0 0 0 0 0 0 0 0 0 0 0 0 0 0 0 0 0 0 0 0 0 0 0 0 0 0 0 0 0 2 6 0 0 0 0 0 0 0 0 0 0 0 0 0 0 0 0 0 0 0 0 0 0 0 0 0 0 0 0 0 0 0 0 0 0 0 0 0 0 0 0 0 0 0 0 0 0 0 0 0 0
0 0 0 0 0 0 0 0 0 0 0 0 4 0 0 0 1 5 1 0 0 0 0 0 0 0 0 0 0 0 0 0 0 0 0 0 3 0 1 0 0 0 0 0 0 0 0 0 0 0 0 0 0 0 0 0 0 0 0 0 1 9 0 0 0 0 0 1 61 24 0 0 0 0 0 0 0 0 0 0 0 0 0 0 0 0 0 0 0 0 0 0 0 0 0 0 0 0 0 0 0 0 0 0 0 0 0 0 0 0 0 0 0 0 0 0 0 0 0 0 0 0 0 0 0 0 0 0 0 0 0 0 0 0 0 0 0 0 0 0 0 0 0 0 0 0 0 0 0 0
2 0 0 0 0 0 0 0 0 0 0 1 22 2 0 1 23 0 0 4 0 0 0 9 2 1 0 0 0 0 0 0 0 0 0 2 6 1 2 2 0 0 4 0 0 0 0 0 0 0 0 0 0 0 0 0 0 0 0 0 0 0 0 1 51 18 4 0 0 0 0 0 0 0 0 0 0 0 0 0 0 0 0 0 0 0 0 0 0 0 0 0 0 0 0 0 0 0 0 0 0 0 0 0 0 0 0 0 0 0 0 0 0 0 0 0 0 0 0 0 0 0 0 0 0 0 0 0 0 0 0 0 0 0 0 0 0 0 0 0 0 0 0 0 0 0 0 0 0 0
6 23 3 0 0 0 0 0 0 0 0 1 3 0 0 0 1 0 0 1 10 32 21 8 3 0 0 0 0 1 0 0 0 0 0 2 36 1 0 0 0 0 0 0 0 0 0 0 0 0 0 0 0 0 0 0 0 0 0 0 0 0 0 0 1 0 0 0 0 0 0 0 0 0 0 0 0 0 0 0 0 0 0 0 0 0 0 0 0 0 0 0 0 0 0 0 0 0 0 0 0 0 0 0 0 0 0 0 0 0 0 0 0 0 0 0 0 0 0 0 0 0 0 0 0 0 0 0 0 0 0 0 0 0 0 0 0 0 0 0 0 0 0 0 0 0 0 0 0 0
17 4 4 0 0 0 0 0 0 0 0 0 2 0 0 2 2 2 0 3 0 31 10 4 3 0 2 0 4 11 6 0 0 0 0 0 0 0 0 0 3 3 0 0 0 0 0 0 0 0 0 0 0 0 0 0 0 0 0 0 0 0 0 0 0 0 0 0 0 0 0 0 0 0 0 0 0 0 0 0 0 0 0 0 0 0 0 0 0 0 0 0 0 0 0 0 0 0 0 0 0 0 0 0 0 0 0 0 0 0 0 0 0 0 0 0 0 0 0 0 0 0 0 0 0 0 0 0 0 0 0 0 0 0 0 0 0 0 0 0 0 0 0 0 0 0 0 0 0 0
0 0 0 0 0 0 0 0 0 0 0 1 2 0 0 0 1 0 1 1 0 5 3 2 2 1 1 2 2 0 0 0 0 0 1 1 0 0 0 0 0 0 0 0 0 0 0 0 0 0 0 0 0 0 0 0 0 0 0 0 0 0 0 0 0 0 0 0 0 0 0 0 0 0 0 0 0 0 0 0 0 0 0 0 0 0 0 0 0 0 0 0 0 0 0 0 0 0 0 0 0 0 0 0 0 0 0 0 0 0 0 0 0 0 0 0 0 0 0 0 0 0 0 0 0 0 0 0 0 0 0 0 0 0 0 0 0 0 0 0 0 0 0 0 0 0 0 0 0 0
0 0 0 0 0 0 0 0 0 0 0 0 0 0 0 0 0 0 0 4 0 0 2 1 0 13 1 2 6 0 0 0 0 3 3 0 0 0 0 0 0 0 0 0 0 0 0 0 0 0 0 0 0 0 0 0 0 0 0 0 0 0 0 0 0 0 0 0 0 0 0 0 0 0 0 0 0 0 0 0 0 0 0 0 0 0 0 0 0 0 0 0 0 0 0 0 0 0 0 0 0 0 0 0 0 0 0 0 0 0 0 0 0 0 0 0 0 0 0 0 0 0 0 0 0 0 0 0 0 0 0 0 0 0 0 0 0 0 0 0 0 0 0 0 0 0 0 0 0 0
0 0 0 0 0 0 0 0 0 0 0 0 0 0 0 0 0 0 0 0 0 3 0 0 0 0 1 4 61 18 1 5 7 20 1 0 3 0 0 0 0 0 0 0 0 0 0 0 0 0 0 0 0 0 0 0 0 0 0 0 0 0 0 0 0 0 0 0 0 0 0 0 0 0 0 0 0 0 0 0 0 0 0 0 0 0 0 0 0 0 0 0 0 0 0 0 0 0 0 0 0 0 0 0 0 0 0 0 0 0 0 0 0 0 0 0 0 0 0 0 0 0 0 0 0 0 0 0 0 0 0 0 0 0 0 0 0 0 0 0 0 0 0 0 0 0 0 0 0 0
0 0 0 0 0 0 0 0 0 0 0 0 0 0 0 0 0 0 0 0 0 0 0 0 1 2 2 4 0 0 1 2 3 1 0 0 3 0 0 0 0 0 0 0 0 0 0 0 0 0 0 0 0 0 0 0 0 0 0 0 0 0 0 0 0 0 0 0 0 0 0 0 0 0 0 0 0 0 0 0 0 0 0 0 0 0 0 0 0 0 0 0 0 0 0 0 0 0 0 0 0 0 0 0 0 0 0 0 0 0 0 0 0 0 0 0 0 0 0 0 0 0 0 0 0 0 0 0 0 0 0 0 0 0 0 0 0 0 0 0 0 0 0 0 0 0 0 0 0 0
0 0 0 0 0 0 0 8 0 0 0 1 0 0 0 0 0 0 0 0 0 0 0 0 113 2 2 0 0 0 5 0 1 3 0 0 2 5 0 0 0 0 0 0 0 0 0 0 0 0 0 0 0 0 0 0 0 0 0 0 0 0 0 0 0 0 0 0 0 0 0 0 0 0 0 0 0 0 0 0 0 0 0 0 0 0 0 0 0 0 0 0 0 0 0 0 0 0 0 0 0 0 0 0 0 0 0 0 0 0 0 0 0 0 0 0 0 0 0 0 0 0 0 0 0 0 0 0 0 0 0 0 0 0 0 0 0 0 0 0 0 0 0 0 0 0 0 0 0 0
0 0 0 0 0 0 0 0 0 0 0 0 0 2 0 0 0 0 0 0 0 0 0 0 0 0 0 0 0 0 0 0 5 0 0 0 7 3 0 0 0 0 0 0 0 0 0 0 0 0 0 0 0 0 0 0 0 0 0 0 0 0 0 0 0 0 0 0 0 0 0 0 0 0 0 0 0 0 0 0 0 0 0 0 0 0 0 0 0 0 0 0 0 0 0 0 0 0 0 0 0 0 0 0 0 0 0 0 0 0 0 0 0 0 0 0 0 0 0 0 0 0 0 0 0 0 0 0 0 0 0 0 0 0 0 0 0 0 0 0 0 0 0 0 0 0 0 0 0 0
0 0 0 0 0 0 0 0 0 0 0 0 0 1 0 0 0 0 0 0 0 0 0 0 0 0 0 13 1 3 5 0 0 0 0 0 0 0 0 0 0 0 0 0 0 0 0 0 0 0 0 0 0 0 0 0 0 0 0 0 0 0 0 0 0 0 0 0 0 0 0 0 0 0 0 0 0 0 0 0 0 0 0 0 0 0 0 0 0 0 0 0 0 0 0 0 0 0 0 0 0 0 0 0 0 0 0 0 0 0 0 0 0 0 0 0 0 0 0 0 0 0 0 0 0 0 0 0 0 0 0 0 0 0 0 0 0 0 0 0 0 0 0 0 0 0 0 0 0 0
0 0 0 0 0 0 0 0 0 0 0 0 0 0 0 0 0 0 0 0 0 0 0 0 0 0 0 4 1 0 0 0 0 3 2 0 0 0 0 0 0 0 0 0 0 0 0 0 0 0 0 0 0 0 0 0 0 0 0 0 0 0 0 0 0 0 0 0 0 0 0 0 0 0 0 0 0 0 0 0 0 0 0 0 0 0 0 0 0 0 0 0 0 0 0 0 0 0 0 0 0 0 0 0 0 0 0 0 0 0 0 0 0 0 0 0 0 0 0 0 0 0 0 0 0 0 0 0 0 0 0 0 0 0 0 0 0 0 0 0 0 0 0 0 0 0 0 0 0 0
0 0 0 0 0 0 0 0 0 0 3 0 0 0 0 0 0 0 0 0 0 0 0 0 0 0 0 0 0 0 0 0 5 0 0 0 0 0 0 0 0 0 0 0 0 0 0 0 0 0 0 0 0 0 0 0 0 0 0 0 0 0 0 0 0 0 0 0 0 0 0 0 0 0 0 0 0 0 0 0 0 0 0 0 0 0 0 0 0 0 0 0 0 0 0 0 0 0 0 0 0 0 0 0 0 0 0 0 0 0 0 0 0 0 0 0 0 0 0 0 0 0 0 0 0 0 0 0 0 0 0 0 0 0 0 0 0 0 0 0 0 0 0 0 0 0 0 0 0 0
0 0 0 0 0 0 0 0 0 2 6 0 0 0 0 0 0 0 0 0 0 0 0 0 0 0 0 0 0 0 0 0 0 0 0 0 0 0 0 0 0 0 0 0 0 0 0 0 0 0 0 0 0 0 0 0 0 0 0 0 0 0 0 0 0 0 0 0 0 0 0 0 0 0 0 0 0 0 0 0 0 0 0 0 0 0 0 0 0 0 0 0 0 0 0 0 0 0 0 0 0 0 0 0 0 0 0 0 0 0 0 0 0 0 0 0 0 0 0 0 0 0 0 0 0 0 0 0 0 0 0 0 0 0 0 0 0 0 0 0 0 0 0 0 0 0 0 0 0 0
0 0 0 0 0 0 0 0 0 0 24 0 0 0 0 0 0 0 0 0 0 0 0 0 0 0 0 0 0 0 0 0 0 0 0 0 0 0 0 0 0 0 0 0 0 0 0 0 0 0 0 3 0 0 0 0 0 0 0 0 0 0 0 0 0 0 0 0 0 0 0 0 0 0 0 0 0 0 0 0 0 0 0 0 0 0 0 0 0 0 0 0 0 0 0 0 0 0 0 0 0 0 0 0 0 0 0 0 0 0 0 0 0 0 0 0 0 0 0 0 0 0 0 0 0 0 0 0 0 0 0 0 0 0 0 0 0 0 0 0 0 0 0 0 0 0 0 0 0 0
0 0 0 0 0 0 0 0 3 25 0 0 0 0 0 0 0 0 0 0 0 0 0 0 0 0 0 0 0 0 0 0 0 0 0 0 0 0 0 0 0 0 0 0 0 0 0 0 0 0 0 1 0 0 0 0 0 0 0 0 0 0 0 0 0 0 0 0 0 0 0 0 0 0 0 0 0 0 0 0 0 0 0 0 0 0 0 0 0 0 0 0 0 0 0 0 0 0 0 0 0 0 0 0 0 0 0 0 0 0 0 0 0 0 0 0 0 0 0 0 0 0 0 0 0 0 0 0 0 0 0 0 0 0 0 0 0 0 0 0 0 0 0 0 0 0 0 0 0 0
0 0 0 0 0 3 3 2 1 0 0 0 0 0 0 0 0 0 0 0 0 0 0 0 0 0 0 0 0 0 0 0 0 0 0 0 0 0 0 0 0 0 0 0 0 0 0 0 0 12 22 0 0 0 0 0 0 0 0 0 0 0 0 0 0 0 0 0 0 0 0 0 0 0 0 0 0 0 0 0 0 0 0 0 0 0 0 0 0 0 0 0 0 0 0 0 0 0 0 0 0 0 0 0 0 0 0 0 0 0 0 0 0 0 0 0 0 0 0 0 0 0 0 0 0 0 0 0 0 0 0 0 0 0 0 0 0 0 0 0 0 0 0 0 0 0 0 0 0 0
0 0 0 0 0 0 1 11 0 0 0 0 0 0 0 0 0 0 0 0 0 0 0 0 0 0 0 0 0 0 0 0 0 0 0 0 0 0 0 0 0 0 0 0 0 0 0 0 3 0 0 1 1 0 0 0 0 0 0 0 0 0 0 0 0 0 0 0 0 0 0 0 0 0 0 0 0 0 0 0 0 0 0 0 0 0 0 0 0 0 0 0 0 0 0 0 0 0 0 0 0 0 0 0 0 0 0 0 0 0 0 0 0 0 0 0 0 0 0 0 0 0 0 0 0 0 0 0 0 0 0 0 0 0 0 0 0 0 0 0 0 0 0 0 0 0 0 0 0 0
0 0 0 0 0 0 0 0 0 0 0 0 0 0 0 0 0 0 0 0 0 0 0 0 0 0 0 0 0 0 0 0 0 0 0 0 0 0 0 0 0 0 0 0 0 0 0 0 0 0 0 0 7 6 0 0 0 0 0 0 0 0 0 0 0 0 0 0 0 0 0 0 0 0 0 0 0 0 0 0 0 0 0 0 0 0 0 0 0 0 0 0 0 0 0 0 0 0 0 0 0 0 0 0 0 0 0 0 0 0 0 0 0 0 0 0 0 0 0 0 0 0 0 0 0 0 0 0 0 0 0 0 0 0 0 0 0 0 0 0 0 0 0 0 0 0 0 0 0 0
0 0 0 0 0 0 0 0 0 0 0 0 0 0 0 0 0 0 0 0 0 0 0 0 0 0 0 0 0 0 0 0 0 0 0 0 0 0 0 0 0 0 0 0 0 0 0 0 0 0 0 0 2 0 0 0 0 0 0 0 0 0 0 0 0 0 0 0 0 0 0 0 0 0 0 0 0 0 0 0 0 0 0 0 0 0 0 0 0 0 0 0 0 0 0 0 0 0 0 0 0 0 0 0 0 0 0 0 0 0 0 0 0 0 0 0 0 0 0 0 0 0 0 0 0 0 0 0 0 0 0 0 0 0 0 0 0 0 0 0 0 0 0 0 0 0 0 0 0 0
0 0 0 0 0 0 0 0 0 0 0 0 0 0 0 0 0 0 0 0 0 0 0 0 0 0 0 0 0 0 0 0 0 0 0 0 0 0 0 0 0 0 0 0 0 0 0 0 0 0 0 1 0 0 0 0 0 0 0 0 0 0 0 0 0 0 0 0 0 0 0 0 0 0 0 0 0 0 0 0 0 0 0 0 0 0 0 0 0 0 0 0 0 0 0 0 0 0 0 0 0 0 0 0 0 0 0 0 0 0 0 0 0 0 0 0 0 0 0 0 0 0 0 0 0 0 0 0 0 0 0 0 0 0 0 0 0 0 0 0 0 0 0 0 0 0 0 0 0 0
0 0 0 0 0 0 0 0 0 0 0 0 0 0 0 0 0 0 0 0 0 0 0 0 0 0 0 0 0 0 0 0 1 0 0 0 0 0 0 0 0 0 0 0 0 0 0 0 0 0 0 0 0 0 0 0 0 0 0 0 0 0 0 0 0 0 0 0 0 0 0 0 0 0 0 0 0 0 0 0 0 0 0 0 0 0 0 0 0 0 0 0 0 0 0 0 0 0 0 0 0 0 0 0 0 0 0 0 0 0 0 0 0 0 0 0 0 0 0 0 0 0 0 0 0 0 0 0 0 0 0 0 0 0 0 0 0 0 0 0 0 0 0 0 0 0 0 0 0 0
0 0 0 0 0 0 0 0 0 0 0 0 0 0 0 0 0 0 0 0 0 0 0 0 0 0 0 0 0 0 5 1 0 0 2 0 0 0 0 0 0 0 0 0 0 0 0 0 0 0 0 0 0 3 0 0 0 0 0 0 0 0 0 0 0 0 0 0 0 0 0 0 0 0 0 0 0 0 0 0 0 0 0 0 0 0 0 0 0 0 0 0 0 0 0 0 0 0 0 0 0 0 0 0 0 0 0 0 0 0 0 0 0 0 0 0 0 0 0 0 0 0 0 0 0 0 0 0 0 0 0 0 0 0 0 0 0 0 0 0 0 0 0 0 0 0 0 0 0 0
0 0 0 0 0 0 0 0 0 0 0 0 0 0 0 0 0 0 0 0 0 0 0 0 0 0 0 0 0 0 0 7 1 0 0 0 0 0 0 0 0 0 0 0 0 0 0 0 0 0 0 0 0 0 0 0 0 0 0 0 0 0 0 0 0 0 0 0 0 0 0 0 0 0 0 0 0 0 0 0 0 0 0 0 0 0 0 0 0 0 0 0 0 0 0 0 0 0 0 0 0 0 0 0 0 0 0 0 0 0 0 0 0 0 0 0 0 0 0 0 0 0 0 0 0 0 0 0 0 0 0 0 0 0 0 0 0 0 0 0 0 0 0 0 0 0 0 0 0 0
0 0 0 0 0 0 0 0 0 0 0 0 0 0 0 0 0 0 0 0 0 0 0 0 0 0 0 0 0 0 1 2 0 0 0 0 0 0 0 0 0 0 0 0 0 0 0 0 0 0 0 0 0 0 0 0 0 0 0 0 0 0 0 0 0 0 0 0 0 0 0 0 0 0 0 0 0 0 0 0 0 0 0 0 0 0 0 0 0 0 0 0 0 0 0 0 0 0 0 0 0 0 0 0 0 0 0 0 0 0 0 0 0 0 0 0 0 0 0 0 0 0 0 0 0 0 0 0 0 0 0 0 0 0 0 0 0 0 0 0 0 0 0 0 0 0 0 0 0 0
0 0 0 0 0 0 0 0 0 0 0 0 0 0 0 0 0 0 0 0 0 0 0 0 0 0 0 0 1 5 0 0 0 0 0 0 0 0 0 0 0 0 0 0 0 0 0 0 0 0 0 0 0 0 0 0 0 0 0 0 0 0 0 0 0 0 0 0 0 0 0 0 0 0 0 0 0 0 0 0 0 0 0 0 0 0 0 0 0 0 0 0 0 0 0 0 0 0 0 0 0 0 0 0 0 0 0 0 0 0 0 0 0 0 0 0 0 0 0 0 0 0 0 0 0 0 0 0 0 0 0 0 0 0 0 0 0 0 0 0 0 0 0 0 0 0 0 0 0 0
0 0 0 0 0 0 0 0 0 0 0 0 0 0 0 0 0 0 0 0 0 0 0 0 0 0 0 0 0 29 8 0 0 0 0 0 0 0 0 0 0 0 0 0 0 0 0 0 0 0 0 0 0 0 0 0 0 0 0 0 0 0 0 0 0 0 0 0 0 0 0 0 0 0 0 0 0 0 0 0 0 0 0 0 0 0 0 0 0 0 0 0 0 0 0 0 0 0 0 0 0 0 0 0 0 0 0 0 0 0 0 0 0 0 0 0 0 0 0 0 0 0 0 0 0 0 0 0 0 0 0 0 0 0 0 0 0 0 0 0 0 0 0 0 0 0 0 0 0 0
0 0 0 0 0 0 0 0 0 0 0 0 0 0 0 0 0 0 0 0 0 0 0 0 0 0 2 0 0 0 0 0 0 0 0 0 0 0 0 0 0 0 0 0 0 0 0 0 0 30 0 0 0 0 0 0 0 0 0 0 0 0 0 0 0 0 0 0 0 0 0 0 0 0 0 0 0 0 0 0 0 0 0 0 0 0 0 0 0 0 0 0 0 0 0 0 0 0 0 0 0 0 0 0 0 0 0 0 0 0 0 0 0 0 0 0 0 0 0 0 0 0 0 0 0 0 0 0 0 0 0 0 0 0 0 0 0 0 0 0 0 0 0 0 0 0 0 0 0 0
0 0 0 0 0 0 0 0 0 0 0 0 0 0 0 0 0 0 0 0 0 0 0 0 0 0 4 0 0 0 0 0 0 0 0 0 0 0 0 0 0 0 0 0 0 0 0 0 5 0 0 0 0 0 0 0 0 0 0 0 0 0 0 0 0 0 0 0 0 0 0 0 0 0 0 0 0 0 0 0 0 0 0 0 0 0 0 0 0 0 0 0 0 0 0 0 0 0 0 0 0 0 0 0 0 0 0 0 0 0 0 0 0 0 0 0 0 0 0 0 0 0 0 0 0 0 0 0 0 0 0 0 0 0 0 0 0 0 0 0 0 0 0 0 0 0 0 0 0 0
0 0 0 0 0 0 0 0 0 0 0 0 0 0 0 0 0 0 0 0 0 0 0 0 0 0 0 1 0 0 0 0 0 0 0 0 0 0 0 0 0 0 0 0 0 0 0 0 0 0 0 0 0 0 0 0 0 0 0 0 0 0 0 0 0 0 0 0 0 0 0 0 0 0 0 0 0 0 0 0 0 0 0 0 0 0 0 0 0 0 0 0 0 0 0 0 0 0 0 0 0 0 0 0 0 0 0 0 0 0 0 0 0 0 0 0 0 0 0 0 0 0 0 0 0 0 0 0 0 0 0 0 0 0 0 0 0 0 0 0 0 0 0 0 0 0 0 0 0 0
0 0 0 0 0 0 0 0 0 0 0 0 0 0 0 0 0 0 0 0 0 0 0 0 0 0 0 0 0 0 0 0 0 0 0 0 0 0 0 0 0 0 0 0 0 0 0 0 0 0 0 0 0 0 0 0 0 0 0 0 0 0 0 0 0 0 0 0 0 0 0 0 0 0 0 0 0 0 0 0 0 0 0 0 0 0 0 0 0 0 0 0 0 0 0 0 0 0 0 0 0 0 0 0 0 0 0 0 0 0 0 0 0 0 0 0 0 0 0 0 0 0 0 0 0 0 0 0 0 0 0 0 0 0 0 0 0 0 0 0 0 0 0 0 0 0 0 0 0 0
0 0 0 0 0 0 0 0 0 0 0 0 0 0 0 0 0 0 0 0 0 0 0 0 0 0 0 0 0 0 0 0 0 0 0 0 0 0 0 0 0 0 0 0 0 0 0 0 0 0 0 0 0 0 0 0 0 0 0 0 0 0 0 0 0 0 0 0 0 0 0 0 0 0 0 0 0 0 0 0 0 0 0 0 0 0 0 0 0 0 0 0 0 0 0 0 0 0 0 0 0 0 0 0 0 0 0 0 0 0 0 0 0 0 0 0 0 0 0 0 0 0 0 0 0 0 0 0 0 0 0 0 0 0 0 0 0 0 0 0 0 0 0 0 0 0 0 0 0 0
0 0 0 0 0 0 0 0 0 0 0 0 0 0 0 0 0 0 0 0 0 0 0 0 0 0 0 0 0 0 0 0 0 0 0 0 0 0 0 0 0 0 0 0 0 0 0 0 0 0 0 0 0 0 0 0 0 0 0 0 0 0 0 0 0 0 0 0 0 0 0 0 0 0 0 0 0 0 0 0 0 0 0 0 0 0 0 0 0 0 0 0 0 0 0 0 0 0 0 0 0 0 0 0 0 0 0 0 0 0 0 0 0 0 0 0 0 0 0 0 0 0 0 0 0 0 0 0 0 0 0 0 0 0 0 0 0 0 0 0 0 0 0 0 0 0 0 0 0 0
0 0 0 0 0 0 0 0 0 0 0 0 0 0 0 0 0 0 0 0 0 0 0 0 0 0 0 0 0 0 0 0 0 0 0 0 0 0 0 0 0 0 0 0 0 0 0 0 0 0 0 0 0 0 0 0 0 0 0 0 0 0 0 0 0 0 0 0 0 0 0 0 0 0 0 0 0 0 0 0 0 0 0 0 0 0 0 0 0 0 0 0 0 0 0 0 0 0 0 0 0 0 0 0 0 0 0 0 0 0 0 0 0 0 0 0 0 0 0 0 0 0 0 0 0 0 0 0 0 0 0 0 0 0 0 0 0 0 0 0 0 0 0 0 0 0 0 0 0 0
0 0 0 0 0 0 0 0 0 0 0 0 0 0 0 0 0 0 0 0 0 0 0 0 0 0 0 0 0 0 0 0 0 0 0 0 0 0 0 0 0 0 0 0 0 0 0 0 0 0 0 0 0 0 0 0 0 0 0 0 0 0 0 0 0 0 0 0 0 0 0 0 0 0 0 0 0 0 0 0 0 0 0 0 0 0 0 0 0 0 0 0 0 0 0 0 0 0 0 0 0 0 0 0 0 0 0 0 0 0 0 0 0 0 0 0 0 0 0 0 0 0 0 0 0 0 0 0 0 0 0 0 0 0 0 0 0 0 0 0 0 0 0 0 0 0 0 0 0 0
