0 0 8 5 0 0 1 0 12 43 4 5 0 6 0 0 0 1 2 0 2 3 0 0 0 11 0 0 0 0 0 0 0 0 17 5 0 0 1 3 0 0 0 0 18 0 0 0 0 0 0 0 0 0 0 0 0 0 0 3 40 16 3 2 0 1 1 0 1 0 0 4 11 193 85 193 138 48 53 14 29 223 51 40 73 187 175 167 32 147 650 511 94 456 257 579 685 567 498 100 191 113 10 23 35 24 51 329 161 24 11 1 12 53 52 16 15 12 19 0 2 34 14 2 1 19 0 2 8 9 4 21 2 7 2 0 0 1 0 0 2 0 0 0 0 0 0 0 0 41
0 2 3 3 0 0 0 0 0 25 5 5 10 2 0 0 0 0 7 0 0 0 22 0 11 22 0 1 0 0 0 0 0 0 1 0 0 0 3 0 0 0 0 0 0 0 0 0 0 0 0 0 0 1 7 0 0 0 0 25 49 7 10 74 5 0 0 1 1 0 0 1 62 41 23 5 145 49 17 96 82 42 13 2 52 121 214 157 260 242 76 31 305 266 191 273 615 338 574 572 250 86 26 19 6 4 0 26 63 100 19 3 0 15 49 12 3 26 3 13 0 2 7 2 4 1 2 0 43 50 23 7 85 39 1 0 0 0 3 40 4 0 0 0 0 0 2 0 0 0
0 0 0 2 4 0 0 0 1 6 1 0 7 1 0 0 0 7 2 1 1 9 60 16 6 0 1 13 0 0 0 0 0 0 0 5 1 0 0 10 7 0 0 0 0 0 0 0 0 0 0 0 0 0 23 0 0 1 0 14 13 9 5 1 0 0 0 0 0 0 0 6 3 0 0 0 6 87 155 214 165 79 6 26 30 189 329 128 1 13 80 22 112 300 613 516 266 255 199 320 397 301 19 56 23 7 3 3 196 82 27 5 2 5 7 11 16 43 15 1 66 23 3 8 1 3 1 2 0 21 2 2 93 84 0 0 6 0 2 55 3 0 0 0 0 0 0 0 0 0
12 1 1 0 0 0 0 0 0 2 1 0 0 0 0 1 0 0 2 0 0 0 8 4 108 0 2 16 13 0 0 0 0 0 0 0 0 0 0 3 3 0 0 0 0 0 0 0 0 0 2 0 0 0 57 21 0 10 68 1 0 0 5 3 0 0 0 0 0 1 10 77 13 2 1 14 13 84 238 315 101 74 57 218 62 64 61 129 2 161 823 717 983 508 531 309 143 179 399 347 433 406 103 12 24 82 42 17 234 86 26 13 23 9 0 5 26 63 63 23 30 80 4 3 1 4 3 1 8 0 6 23 7 1 14 5 10 1 0 11 63 9 0 0 0 0 0 0 0 0
3 2 0 0 0 0 0 0 1 3 0 0 0 0 0 8 2 2 0 0 0 0 2 0 0 0 1 0 0 0 0 0 0 0 1 7 2 0 1 0 2 0 0 0 0 0 0 0 0 5 1 0 0 1 25 125 14 21 1 0 2 0 0 9 0 0 0 0 0 12 45 71 89 121 16 42 70 155 305 242 208 298 262 333 201 104 61 42 30 313 830 633 296 666 289 199 90 480 380 530 649 555 659 356 599 185 30 27 3 23 3 10 15 55 4 1 4 22 71 40 173 406 83 7 2 1 1 0 4 0 0 3 0 0 3 0 0 0 0 0 28 6 0 0 0 0 0 0 0 0
7 1 0 0 0 0 0 0 4 0 1 0 0 0 0 1 0 1 5 48 3 6 0 0 0 0 0 0 2 0 0 2 0 0 3 62 33 17 1 0 0 0 1 0 0 0 0 0 0 7 27 19 0 2 253 15 166 12 11 1 0 0 4 2 0 0 0 0 4 66 81 120 132 106 75 56 12 68 49 592 636 454 271 59 2 163 96 25 8 166 1069 497 92 281 585 361 190 795 295 445 241 379 688 334 27 75 30 48 3 2 0 2 8 72 2 3 21 4 1 7 169 180 0 0 4 4 0 2 0 0 1 0 0 0 0 0 0 0 1 0 6 2 0 0 0 0 0 0 0 0
0 0 0 0 0 0 0 1 0 0 2 0 0 4 3 0 0 0 0 0 0 0 0 0 0 0 0 0 0 1 1 1 0 1 0 1 2 1 0 0 0 0 0 0 0 0 0 0 0 1 4 5 0 3 10 16 33 1 20 21 4 9 1 0 41 0 0 0 3 43 41 55 152 241 166 80 248 106 343 401 787 956 720 624 220 18 15 147 47 75 906 824 93 365 648 299 184 308 434 28 20 187 212 126 41 73 72 12 20 16 37 126 174 79 29 31 2 3 14 13 110 46 9 3 6 2 8 2 0 0 1 2 0 0 0 0 0 6 0 0 1 0 0 0 0 0 0 0 0 0
1 0 0 1 0 0 0 0 0 0 0 0 0 2 0 0 0 0 0 0 0 0 0 0 0 0 0 0 0 1 10 0 0 0 5 2 0 0 5 11 0 0 0 0 0 0 0 0 0 0 0 0 2 6 16 13 0 19 40 44 69 51 55 7 13 34 0 0 10 68 9 11 28 44 73 76 76 72 595 595 941 600 679 222 131 180 147 371 244 52 429 79 41 585 417 323 242 403 559 171 99 234 256 475 125 127 18 24 96 29 191 393 76 42 14 58 2 6 5 57 33 6 6 5 3 2 4 1 2 0 0 0 0 0 0 0 0 0 0 0 0 0 0 0 0 0 0 0 0 0
2 0 0 0 0 0 0 0 2 1 0 0 1 5 11 0 0 0 2 0 0 0 0 0 0 0 0 0 0 0 0 0 0 0 0 0 0 1 0 1 0 0 0 0 0 0 0 0 0 0 0 0 0 6 0 0 0 18 28 30 273 161 15 2 5 25 6 9 0 29 0 0 0 6 1 16 13 24 94 441 764 811 660 34 24 23 317 269 244 64 9 16 283 681 849 1082 70 321 362 193 297 204 50 287 560 147 171 158 28 15 426 170 220 15 42 4 2 8 4 27 34 1 6 10 7 0 0 2 0 1 4 0 0 1 3 0 0 0 0 0 0 0 0 0 0 0 0 0 0 1
0 0 0 0 0 0 0 1 9 3 0 0 0 0 0 0 0 0 0 0 0 0 0 0 0 0 0 0 0 0 0 0 0 0 0 0 1 0 6 0 0 0 0 0 0 0 0 1 3 1 0 0 10 6 0 0 0 1 0 13 39 115 30 5 1 2 0 0 0 25 0 0 0 0 0 146 9 48 215 597 966 393 413 260 645 517 197 161 205 209 64 3 24 499 707 657 384 133 77 5 32 119 17 3 66 323 225 215 160 7 374 418 168 70 5 224 271 436 164 23 39 31 26 36 58 16 12 0 2 30 68 8 0 0 0 0 0 0 0 0 0 0 0 0 0 0 0 0 0 1
0 1 3 0 0 0 0 0 2 1 0 1 0 0 1 10 2 2 1 0 0 0 0 0 0 1 0 0 0 0 0 4 0 0 0 1 0 0 1 0 0 1 0 0 0 0 1 5 8 15 8 2 6 0 0 0 0 7 18 8 1 140 6 3 0 0 0 0 0 14 0 0 0 0 0 0 2 32 144 293 368 207 623 264 255 366 297 342 427 313 45 1 3 225 335 618 503 12 17 39 24 14 1 17 99 370 631 250 128 102 519 228 168 52 2 137 345 737 390 152 227 191 350 133 89 323 83 47 29 15 3 146 15 9 40 0 0 0 0 0 0 0 0 0 0 0 0 0 0 0
2 1 5 0 0 0 0 0 1 1 0 0 0 0 0 0 3 3 1 0 0 0 0 1 0 0 0 0 0 0 0 0 1 3 0 0 0 0 0 0 1 3 7 1 1 0 2 0 0 0 0 0 8 2 11 3 0 1 3 8 1 1 0 4 0 5 2 0 0 0 0 1 0 0 0 2 91 10 104 349 309 134 135 48 169 142 31 28 129 354 53 0 0 3 10 70 757 335 163 20 0 7 8 31 40 76 340 187 50 129 279 201 82 190 53 176 430 195 581 479 258 283 151 42 119 95 0 0 0 25 4 0 71 24 14 1 0 0 0 0 0 0 0 0 0 0 0 0 0 0
0 0 0 0 0 0 0 0 0 1 0 0 0 0 0 0 1 24 2 9 1 0 0 0 0 0 1 0 0 0 0 1 0 0 0 2 0 1 0 0 0 2 35 0 16 0 1 11 0 0 0 0 9 0 0 0 0 0 2 4 1 4 1 1 0 2 1 4 0 1 18 0 0 0 0 32 100 60 130 98 192 176 47 2 17 6 4 0 0 4 3 0 0 16 88 17 484 363 511 367 17 14 51 33 26 11 42 293 427 175 1056 611 134 451 141 63 29 73 819 794 162 168 92 3 22 59 4 0 42 39 0 0 15 8 11 0 2 0 0 0 0 0 0 0 0 0 0 0 0 0
0 0 0 0 0 0 0 0 0 2 0 0 0 0 0 0 0 0 67 8 3 0 0 0 0 0 0 0 0 0 5 0 0 0 0 0 0 0 0 0 0 4 1 76 27 0 0 0 6 0 0 7 0 0 0 0 0 0 7 0 3 5 3 0 0 0 95 32 29 10 52 0 0 0 3 237 467 372 254 48 49 358 74 5 26 93 4 1 0 25 0 1 1 19 1 34 63 493 179 182 0 17 262 93 250 60 80 350 229 402 799 874 550 256 184 191 190 299 537 345 150 76 0 0 0 38 17 0 6 2 0 1 5 0 0 0 0 0 0 0 0 0 0 0 0 0 0 0 0 0
0 0 0 0 0 0 0 0 9 0 0 0 0 0 0 0 0 0 0 38 5 0 0 0 0 0 0 0 0 0 0 0 0 0 0 0 0 0 0 0 0 0 0 5 24 0 0 0 0 5 9 37 12 0 2 1 13 4 10 10 108 6 6 8 8 99 91 83 150 85 47 2 2 1 89 600 850 606 220 19 0 88 22 5 9 10 35 10 0 25 6 8 0 2 0 1 42 294 206 165 23 71 459 370 953 723 1216 869 737 556 753 790 518 534 489 312 137 82 52 90 89 154 46 10 0 13 37 4 11 9 5 0 0 0 0 0 0 0 0 0 1 0 0 1 0 0 0 0 0 0
0 0 0 0 0 0 0 23 28 0 4 0 0 0 0 0 0 0 0 2 0 4 3 2 0 0 0 0 0 2 0 0 0 0 0 0 0 0 0 0 0 0 2 0 0 12 0 0 0 10 55 58 1 0 0 5 30 51 7 70 22 39 3 33 22 38 136 44 44 83 142 59 151 127 472 491 780 535 171 19 5 19 0 0 0 1 27 93 17 29 0 1 0 1 9 20 39 13 5 19 15 0 837 411 376 464 681 306 453 865 1156 888 951 420 281 234 236 247 139 108 45 6 195 216 49 80 11 1 0 3 0 0 0 0 13 17 0 0 0 0 0 0 0 0 0 0 0 0 0 0
0 0 0 0 0 0 0 3 0 0 0 0 0 0 0 0 9 1 0 0 0 0 10 47 19 5 1 0 0 0 0 0 0 0 0 0 0 0 0 0 0 0 0 1 0 3 4 0 1 14 35 2 0 4 6 24 32 70 42 36 2 4 0 0 0 0 0 0 0 0 2 0 35 118 373 206 346 239 68 0 0 0 3 0 0 0 0 48 80 35 0 0 1 0 1 23 41 0 10 69 16 157 638 664 359 161 250 144 336 602 646 442 699 507 291 164 29 59 114 11 0 1 25 26 32 229 5 5 2 0 0 0 0 0 0 0 0 0 0 0 0 0 0 0 0 0 0 0 0 0
0 0 0 0 0 1 0 1 0 0 0 2 2 0 0 4 0 0 1 3 0 0 1 1 9 3 5 16 2 0 0 0 0 0 0 0 3 0 0 0 0 0 1 0 0 24 36 9 0 23 49 15 13 33 20 22 27 41 285 6 1 0 0 0 2 4 7 61 1 29 55 15 93 16 47 127 171 74 19 26 2 0 1 4 0 0 0 14 36 0 2 13 25 25 7 2 3 0 25 369 121 97 114 77 81 458 190 169 428 273 118 238 123 154 134 56 62 117 27 8 0 0 6 7 107 472 125 17 3 1 0 0 0 0 0 0 0 0 1 0 0 0 1 0 0 0 0 0 2 0
0 0 1 0 0 4 0 0 0 0 0 0 1 0 0 0 2 0 0 2 0 8 0 1 1 0 33 33 22 0 0 0 0 0 0 27 2 0 0 0 0 0 0 1 8 17 6 1 7 261 106 19 10 9 15 22 143 63 17 23 49 2 0 1 0 0 8 8 3 12 22 13 24 7 3 109 99 13 1 35 28 0 5 19 5 2 3 2 10 1 4 47 64 158 10 0 0 17 118 20 88 149 103 20 73 101 100 413 285 5 6 45 9 299 28 0 4 0 0 0 0 0 1 15 29 149 119 272 26 0 0 0 0 0 0 0 0 0 0 0 0 0 0 0 0 0 0 0 0 0
0 0 1 0 1 0 0 0 0 0 0 0 0 3 0 0 0 0 0 2 0 26 69 4 1 2 1 15 139 1 0 0 0 0 1 0 0 0 0 0 0 0 2 24 4 72 58 11 1 124 44 4 0 5 32 0 22 31 3 0 1 4 0 0 0 5 0 0 5 8 25 80 9 0 1 72 10 0 4 4 5 1 0 0 0 14 7 2 13 3 4 13 8 1 1 11 0 12 19 2 419 747 451 114 35 145 93 196 104 1 0 0 4 214 30 0 0 0 0 0 0 0 0 1 10 6 14 114 32 0 0 0 0 0 0 0 0 0 0 0 0 0 0 0 0 0 0 0 0 0
0 0 0 0 0 0 1 0 0 0 0 0 0 0 0 0 0 0 5 0 1 11 14 2 0 9 8 1 4 2 0 5 1 0 0 0 0 0 0 2 2 1 8 3 4 7 15 22 37 220 197 61 18 29 5 2 8 1 0 0 0 5 6 5 100 121 2 0 0 8 109 31 5 2 1 87 160 79 3 25 2 5 2 2 0 0 7 5 29 12 7 0 4 0 0 1 0 3 281 337 840 601 413 100 5 24 82 216 5 0 0 0 0 9 0 0 0 0 0 0 0 0 0 3 0 0 32 103 0 0 0 0 0 0 0 1 0 0 0 0 0 0 0 0 0 0 0 0 0 0
0 0 0 0 0 0 0 0 0 0 0 0 0 3 1 1 1 0 0 0 0 0 6 2 4 1 0 0 0 0 3 64 6 15 2 0 0 3 0 0 27 4 0 0 0 0 3 10 119 630 214 217 4 1 1 1 0 2 0 0 0 0 1 0 7 10 29 1 0 42 39 13 15 0 0 22 96 97 58 99 41 19 3 19 6 4 6 6 133 54 9 9 1 5 1 5 4 0 52 291 137 46 53 3 15 15 55 102 15 0 0 0 11 107 0 0 0 0 0 0 0 0 0 0 0 27 46 0 0 1 8 0 0 0 0 0 0 0 0 0 0 0 0 0 0 0 0 0 0 0
0 0 0 0 0 0 0 0 0 0 0 0 0 0 1 0 0 0 0 0 0 3 11 1 0 0 0 0 0 0 0 2 28 7 2 0 33 76 24 10 1 0 0 0 0 0 4 9 30 240 141 139 3 0 0 0 0 2 5 0 0 0 0 0 9 0 16 5 0 0 11 99 43 2 1 1 2 23 20 20 3 56 31 0 0 5 9 0 0 1 1 7 1 3 0 3 4 0 2 0 2 3 8 30 59 23 46 42 95 82 34 19 52 0 0 0 0 0 0 0 0 0 0 4 24 38 47 2 0 0 0 0 0 0 0 0 0 0 0 0 0 0 0 0 0 0 0 0 0 0
0 0 0 0 0 0 0 0 0 0 0 0 0 1 1 0 0 0 0 0 1 0 0 1 0 0 0 0 0 5 0 19 2 6 1 3 8 25 13 0 0 0 0 0 5 50 18 34 7 100 87 27 3 1 2 1 2 16 4 0 0 0 0 0 0 0 2 3 0 0 2 0 59 72 4 15 0 0 0 3 0 12 67 99 1 0 2 1 0 0 0 2 0 2 2 1 0 0 0 1 4 0 2 60 51 22 33 19 3 27 0 283 28 0 0 0 0 0 0 0 0 0 0 19 3 9 39 75 0 0 0 2 0 0 0 0 0 0 0 0 0 0 0 0 0 0 0 0 0 0
0 0 0 0 0 0 0 0 0 0 0 0 0 1 0 0 0 0 0 0 1 0 0 0 0 0 1 0 0 0 0 2 0 5 20 0 0 51 8 0 0 0 0 18 36 21 36 2 4 52 34 30 26 24 16 6 0 8 0 2 0 0 0 0 1 0 0 13 5 7 0 0 6 5 28 18 0 0 0 0 0 1 7 53 10 4 0 0 0 1 3 3 1 0 0 0 1 0 0 5 7 4 3 16 366 0 0 3 0 0 0 86 4 0 0 2 1 0 0 0 0 0 1 0 0 27 32 26 0 0 11 0 0 0 0 0 0 0 0 0 0 0 0 0 0 0 0 0 0 0
0 0 0 0 0 0 0 0 0 0 0 0 0 0 3 2 0 0 0 0 0 0 0 1 0 0 0 2 0 0 0 0 1 24 25 3 0 8 0 0 0 0 0 4 47 13 0 0 10 3 37 1 0 2 0 0 0 0 0 0 1 0 0 0 9 3 0 2 1 1 0 14 0 1 0 0 3 0 0 0 1 0 0 6 1 22 0 6 1 3 2 2 2 2 1 0 0 4 0 5 5 5 4 50 136 135 0 2 0 0 0 2 5 14 22 4 0 0 0 0 1 0 0 0 0 44 20 23 0 0 0 0 0 0 0 0 1 17 0 0 0 0 0 0 0 0 0 0 0 0
0 0 0 0 0 0 0 0 0 0 0 0 0 0 1 0 0 4 0 0 1 1 1 0 0 0 1 4 1 0 0 0 0 8 11 5 6 0 8 8 3 4 1 7 106 6 0 22 0 0 19 20 0 0 0 0 1 0 0 0 0 0 0 0 17 0 0 1 47 1 5 1 1 0 0 0 11 3 0 0 1 1 17 2 2 7 16 10 1 2 2 1 0 0 0 4 0 0 0 1 7 3 2 0 39 201 11 1 0 0 0 0 0 12 5 16 2 0 1 4 0 0 0 0 37 139 25 7 0 0 0 0 0 0 1 0 8 8 0 0 0 0 0 0 0 0 0 0 0 0
0 0 0 0 0 0 0 0 0 0 0 0 0 0 2 2 6 33 2 1 2 17 5 0 0 0 0 1 2 2 6 0 0 26 0 0 0 5 3 23 58 72 6 63 110 2 5 0 1 2 0 14 8 0 0 1 0 0 0 0 0 0 3 0 0 0 0 0 11 11 62 5 3 4 0 2 0 1 0 0 0 0 0 0 0 0 1 3 3 0 16 1 1 0 0 0 0 1 0 0 0 6 7 5 4 483 478 28 2 0 0 0 0 0 1 0 15 99 42 11 0 0 0 19 132 36 78 260 226 5 0 0 0 0 13 3 6 2 0 0 1 0 0 0 0 0 0 0 0 0
0 0 0 0 0 0 0 1 0 0 0 0 20 7 1 3 16 65 1 2 2 1 2 2 0 0 0 2 4 3 0 2 4 0 1 5 13 7 89 79 273 373 230 172 108 3 0 1 1 0 0 1 22 9 1 0 0 0 0 0 0 0 0 0 0 0 2 0 0 3 18 12 3 0 9 8 1 62 1 0 0 2 1 0 10 0 0 0 14 2 14 6 4 2 6 15 4 0 0 0 0 0 6 14 202 325 335 229 9 0 0 0 0 1 0 2 188 90 12 0 0 0 12 136 151 135 478 470 118 37 0 0 5 16 1 10 0 0 0 0 0 0 0 0 0 0 0 0 0 0
0 0 0 0 0 0 0 0 4 3 2 40 38 0 0 0 1 3 0 1 1 0 11 20 1 1 3 1 0 0 2 0 1 4 37 18 1 3 73 194 371 520 392 357 47 2 2 3 2 1 1 1 23 57 11 5 0 0 0 0 0 0 0 0 0 0 1 0 1 1 1 0 1 0 0 1 0 7 7 0 0 0 6 1 14 0 0 0 3 2 0 3 7 18 1 9 0 0 0 2 0 4 4 2 14 27 2 63 20 0 0 0 0 0 80 85 323 253 33 38 1 31 11 83 170 102 238 310 344 380 84 75 17 75 16 2 0 0 0 0 0 0 0 0 0 0 0 0 0 0
0 0 0 0 0 0 4 1 0 6 1 4 2 0 0 0 0 0 0 2 0 8 75 36 0 0 0 0 0 1 8 5 0 1 2 26 29 27 34 49 320 262 364 122 14 0 1 3 4 0 1 0 19 3 3 0 0 0 0 0 0 0 0 0 0 0 0 0 5 0 0 0 0 0 0 3 1 5 2 1 18 5 5 3 12 0 0 0 14 6 1 1 2 5 0 0 1 2 1 1 0 0 0 3 1 0 0 1 31 4 3 4 0 0 62 543 459 427 127 128 193 89 54 18 5 6 256 251 28 54 7 186 444 19 33 1 0 0 0 0 0 0 0 0 0 0 0 0 0 0
0 0 0 0 0 0 0 2 0 2 3 0 2 1 0 3 0 0 8 21 163 53 14 0 0 0 0 0 0 27 0 5 12 18 3 1 0 6 0 45 293 174 201 71 75 19 8 0 1 5 0 0 6 3 13 3 0 0 0 0 0 0 0 0 0 0 0 0 0 0 0 0 0 0 0 0 0 0 6 0 9 3 24 69 21 0 0 0 0 0 0 1 3 2 0 0 2 1 0 0 4 0 1 2 2 2 1 19 157 125 238 391 74 133 389 702 363 156 57 334 61 138 2 4 104 134 202 66 7 0 24 220 268 20 45 1 0 0 0 0 0 0 0 0 0 0 0 0 0 0
0 0 0 0 0 1 0 2 0 1 0 2 1 2 2 2 0 1 7 5 44 0 0 0 0 2 0 0 0 4 5 10 5 5 1 3 4 7 2 9 33 77 55 59 1 0 0 0 0 0 1 1 32 2 3 2 2 3 0 0 0 0 0 0 0 0 0 0 0 0 0 0 0 0 0 5 0 13 3 0 2 7 9 1 0 0 0 0 2 1 0 0 0 8 4 7 5 0 0 0 2 1 0 0 0 4 1 11 88 208 111 58 33 318 724 393 216 398 86 271 56 5 0 21 12 31 89 0 0 0 89 298 1 0 4 0 0 0 0 0 0 0 0 0 0 0 0 0 0 0
0 0 1 0 0 5 1 6 2 1 0 0 0 3 7 3 1 4 16 29 22 0 0 0 0 0 0 0 0 3 38 1 9 0 4 0 0 2 8 0 9 10 1 1 1 2 0 0 1 3 0 6 90 9 69 36 11 1 0 0 0 0 0 0 0 0 0 0 0 0 0 0 0 0 0 0 1 4 2 1 0 0 1 0 0 0 0 0 4 0 0 1 1 28 22 0 4 0 0 1 4 0 0 1 0 0 5 72 45 11 3 9 93 269 160 195 158 147 182 220 185 1 0 0 0 0 0 0 0 0 6 148 40 0 0 0 0 0 0 0 0 0 0 0 0 0 0 0 0 0
0 0 0 0 1 0 1 13 0 23 0 0 2 11 5 12 14 4 3 1 0 12 1 0 0 0 0 13 16 10 23 29 14 1 2 0 2 6 0 1 13 29 1 0 1 0 3 0 0 0 0 30 154 31 0 25 2 0 0 0 0 0 0 0 0 0 0 0 0 0 0 0 0 0 0 0 3 5 8 0 0 0 0 0 0 0 0 0 0 1 5 3 11 30 2 0 1 0 0 3 3 0 0 0 0 3 6 73 330 8 0 0 1 1 1 0 5 13 306 463 40 0 0 0 0 2 4 0 0 0 0 0 88 1 0 0 0 0 0 0 0 0 0 0 0 0 0 0 0 0
1 0 1 0 0 0 7 27 3 1 3 11 16 3 2 102 36 18 3 0 0 0 1 2 2 3 4 25 0 0 4 1 0 2 0 1 1 15 0 0 11 1 0 2 5 0 0 0 0 0 0 38 13 37 17 5 0 0 0 0 0 0 0 0 0 0 0 0 0 0 0 0 0 0 0 0 2 6 6 0 2 0 2 0 0 0 2 0 20 0 0 0 0 21 1 0 0 0 7 0 0 2 2 2 1 4 20 32 142 0 0 0 0 0 9 1 0 2 105 238 206 115 0 0 6 44 0 0 0 54 81 34 35 4 0 0 0 0 0 0 0 0 0 0 0 0 0 0 0 0
1 0 0 0 0 0 1 0 0 1 17 5 1 3 12 29 25 14 1 0 1 0 3 0 1 6 5 0 0 0 0 0 2 2 7 0 0 0 0 5 0 20 6 1 5 1 0 0 0 0 10 59 72 19 24 6 2 0 0 0 0 0 0 0 0 0 0 0 0 0 0 0 0 0 0 0 0 23 54 3 0 1 0 0 0 0 0 46 8 0 0 2 5 0 0 1 1 0 2 5 28 13 9 7 3 9 34 16 52 4 0 0 0 4 62 110 199 371 87 138 682 205 0 10 213 22 0 0 0 111 143 0 0 0 0 0 0 0 0 0 0 0 0 0 0 0 0 0 0 0
0 0 2 3 0 0 0 0 1 0 8 74 3 15 0 1 3 2 0 0 2 0 1 19 4 2 4 0 17 0 0 0 0 1 0 0 0 0 0 1 5 6 21 16 1 1 4 1 0 0 0 65 21 6 0 0 0 0 1 0 0 0 0 0 0 0 0 0 0 0 0 0 0 0 0 1 0 3 34 6 1 3 0 0 0 0 1 15 0 2 0 1 6 4 0 0 0 0 1 9 0 1 1 7 17 0 3 23 37 8 0 0 0 0 104 397 552 377 26 37 60 182 210 325 187 0 0 0 14 359 163 0 0 0 0 0 0 0 0 0 0 0 0 0 0 0 0 0 0 0
0 0 0 0 0 0 2 2 8 0 8 22 0 0 0 0 1 1 0 9 0 0 1 5 0 2 4 6 3 1 0 0 0 0 0 0 0 0 10 1 0 0 0 2 1 0 0 0 0 0 1 84 8 5 1 1 0 0 0 1 0 0 0 0 0 0 0 0 0 0 0 0 0 0 0 0 0 5 80 74 8 14 22 1 0 0 0 0 2 0 0 0 0 7 1 1 0 0 0 12 0 1 5 2 3 6 18 9 35 0 0 3 26 16 29 32 0 65 434 245 24 225 946 674 436 258 293 212 947 1380 706 20 0 0 0 0 0 0 0 0 0 0 0 0 0 1 0 0 0 0
0 1 0 0 0 1 0 0 0 7 23 4 0 12 10 3 0 0 1 0 0 0 0 0 0 16 46 1 0 0 0 0 1 0 0 0 0 0 0 12 1 0 1 1 0 1 1 0 3 1 17 232 25 13 0 2 0 2 0 0 0 0 0 0 0 0 0 0 0 0 0 0 0 0 0 0 0 17 30 0 2 28 13 0 0 0 0 0 4 4 0 0 1 25 5 13 11 0 2 3 9 0 1 7 13 12 9 2 74 29 0 21 32 0 0 10 1 164 209 319 380 527 849 885 1356 895 661 860 1030 669 657 6 0 0 0 0 0 0 0 0 0 0 0 0 0 0 0 0 0 0
0 0 0 0 0 0 0 0 30 8 7 1 3 0 1 14 1 2 0 0 0 0 1 0 28 3 0 0 3 0 0 0 0 0 2 1 2 2 1 2 0 0 1 0 0 0 0 0 3 33 462 343 32 50 7 3 5 1 1 6 1 0 0 0 0 0 0 0 0 0 0 0 0 0 0 1 2 0 1 1 0 1 0 0 0 0 0 0 1 1 0 0 3 0 0 0 0 0 1 1 9 4 11 1 14 8 28 42 8 18 10 5 2 8 11 5 2 33 404 1043 889 525 276 776 1450 1138 288 709 523 13 180 75 0 0 0 0 0 0 0 0 0 0 0 0 0 0 0 0 0 0
0 3 0 0 0 0 4 0 25 0 2 0 1 0 0 2 1 1 0 0 0 0 0 0 12 3 0 0 0 0 0 20 31 0 0 0 1 0 0 1 0 0 0 0 0 0 0 0 1 16 417 465 440 416 39 12 4 2 2 2 0 0 0 0 0 0 0 0 0 0 0 0 0 0 0 0 0 0 0 10 0 2 1 0 0 0 0 10 41 0 0 29 8 0 0 0 0 0 0 4 3 0 18 14 15 98 281 17 9 0 0 0 0 7 1 13 25 7 139 516 330 384 334 1800 1832 927 438 138 6 495 1491 728 1 0 0 0 0 0 0 0 0 0 0 0 0 0 0 0 0 0
1 2 1 19 0 1 3 5 16 10 13 31 0 0 0 0 0 0 0 0 0 0 0 0 1 0 0 0 0 0 0 3 2 14 0 0 0 0 0 0 0 0 0 0 0 0 0 0 3 2 252 258 446 217 70 38 0 6 0 1 0 0 0 0 0 0 0 0 0 0 0 0 0 0 0 0 0 0 0 49 2 3 1 0 0 0 0 15 34 0 1 19 68 0 0 0 0 0 0 5 1 52 35 49 49 11 9 17 1 0 0 0 2 0 0 8 3 4 2 62 346 268 328 755 1198 916 369 525 452 849 437 309 1 0 0 0 0 0 0 0 0 0 0 0 0 0 0 0 0 0
6 4 1 23 1 13 6 12 6 2 2 4 1 1 0 0 0 0 0 0 0 0 1 0 0 0 0 0 0 0 0 0 0 0 0 0 0 1 0 0 0 0 0 0 0 0 1 0 3 4 126 124 215 43 34 26 3 2 2 0 0 0 0 0 0 0 0 0 0 0 0 0 0 0 0 0 0 0 0 1 13 1 0 0 0 3 26 44 12 0 9 180 103 5 2 0 0 0 0 19 56 10 52 224 29 0 2 1 21 0 0 0 0 1 2 1 1 29 10 39 159 823 723 495 428 878 933 992 229 171 61 166 0 0 0 0 0 0 0 0 0 0 0 0 0 0 0 0 0 0
0 0 8 0 7 0 42 66 6 3 1 2 1 0 0 0 0 0 0 1 0 0 0 0 0 0 0 0 1 0 0 0 0 0 0 0 0 0 0 1 1 0 0 0 0 1 0 0 0 6 6 32 84 20 9 0 0 25 55 0 0 0 8 0 0 0 0 0 0 0 0 0 0 0 0 0 0 0 0 0 0 2 8 18 4 96 0 0 5 20 136 112 99 2 0 0 0 7 25 14 43 205 203 286 284 26 8 4 1 4 0 0 2 0 2 0 2 43 13 314 698 780 1384 1646 777 233 1294 1760 1232 0 0 0 0 0 0 0 0 0 0 0 0 0 0 0 0 0 0 0 0 0
4 1 26 0 12 9 4 35 3 5 0 0 0 0 0 0 0 0 0 0 1 0 1 0 0 0 1 0 4 0 0 0 0 3 0 0 0 0 0 0 2 0 0 0 0 0 0 0 3 2 0 9 62 10 17 3 0 7 111 14 2 0 0 0 0 0 0 0 0 0 0 0 0 0 0 0 0 0 0 0 0 14 6 1 0 2 4 28 10 37 126 88 73 9 54 24 6 3 0 4 66 314 386 134 174 101 4 9 1 1 2 1 0 0 3 2 0 355 389 771 649 31 15 185 593 164 300 911 258 8 88 1 0 0 0 0 0 0 0 0 0 0 0 0 0 0 0 0 0 0
0 3 64 35 57 95 49 7 2 2 1 0 2 5 0 0 0 0 0 0 1 0 0 0 0 0 0 0 0 0 0 0 0 0 0 0 0 0 0 0 6 0 0 0 0 0 0 0 7 0 0 8 14 0 0 2 0 0 0 15 0 0 0 0 0 0 0 0 0 0 0 0 0 0 0 0 0 0 0 1 9 26 0 3 10 2 84 27 0 1 2 6 20 5 2 2 0 0 0 1 1 93 474 206 121 222 13 15 5 2 17 2 0 0 5 12 182 542 98 37 0 0 0 0 27 375 138 367 327 10 16 16 0 0 0 0 0 0 0 0 0 0 0 0 0 0 0 0 0 0
0 10 77 95 311 259 117 46 9 0 0 0 0 0 0 0 0 0 0 4 0 8 0 0 0 0 0 0 0 0 0 0 0 0 0 0 0 0 0 0 0 1 0 9 3 3 0 10 2 2 0 21 15 0 0 3 0 0 15 4 0 1 0 0 0 0 0 0 0 0 0 0 0 0 0 0 0 0 1 13 7 0 0 1 9 11 12 102 48 0 0 0 0 0 0 0 0 0 0 0 0 81 447 132 127 138 10 8 3 11 1 1 0 0 6 78 112 6 12 36 0 0 0 0 7 340 175 430 200 11 42 0 0 0 0 0 0 0 0 0 0 0 0 0 0 0 0 0 0 0
0 52 250 484 217 166 68 39 0 0 2 4 3 0 0 0 0 4 0 0 1 7 0 0 0 0 0 0 1 0 0 0 0 0 0 0 0 0 0 1 0 1 0 0 4 0 0 14 29 0 0 1 9 0 0 4 1 0 1 0 0 1 0 0 0 0 0 0 0 0 0 0 0 0 0 0 0 5 1 1 0 0 0 0 0 0 39 21 0 0 0 0 0 0 0 2 0 0 0 0 9 31 13 33 164 199 2 2 1 2 3 9 16 39 24 0 1 2 8 30 23 73 6 0 12 84 66 136 78 2 0 0 0 0 0 0 0 0 0 0 0 0 0 0 0 0 0 0 0 0
1 1 160 163 77 173 27 18 3 2 0 3 0 0 0 0 0 0 3 0 2 6 0 0 2 0 0 0 1 2 0 0 0 0 0 0 0 0 0 0 4 0 3 0 0 0 0 1 0 4 0 0 0 2 0 5 0 0 0 0 0 0 0 0 0 0 0 0 0 0 0 0 0 0 0 0 0 2 0 0 0 0 0 0 0 0 36 5 7 9 16 1 0 0 0 15 0 0 0 389 574 121 162 104 6 94 61 0 7 2 7 53 29 1 0 2 0 0 20 39 137 76 169 213 89 64 0 1 0 5 0 0 0 0 0 0 0 0 0 0 0 0 0 0 0 0 0 0 0 0
11 10 28 90 78 53 1 1 2 0 29 0 0 0 0 0 0 0 0 0 3 41 0 0 0 0 0 3 0 1 0 0 0 0 0 0 0 0 0 0 0 0 1 0 0 34 1 0 0 0 0 0 0 0 5 36 0 0 0 0 0 0 0 0 0 0 0 0 0 0 0 0 0 0 0 0 1 8 0 0 0 0 0 0 0 0 18 0 0 17 12 0 0 0 29 145 40 3 241 1096 440 499 252 30 2 18 62 452 0 10 47 0 0 0 0 0 1 0 41 42 132 27 30 46 27 30 19 13 49 24 25 0 0 0 0 0 0 0 0 0 0 0 0 0 0 0 0 0 0 0
70 23 19 6 0 0 0 0 0 0 0 0 0 0 0 0 0 0 0 0 1 6 1 0 0 0 0 0 0 6 1 0 0 2 8 0 0 0 0 0 0 0 0 0 0 4 7 1 0 0 0 0 2 2 56 15 0 0 0 0 0 0 0 0 0 0 0 0 0 0 0 0 0 0 21 14 0 0 0 0 0 0 0 1 0 0 35 8 0 0 51 11 11 8 61 257 112 14 107 117 84 4 15 15 3 2 0 188 495 89 0 0 0 1 5 0 0 1 1 0 70 0 0 2 26 46 67 32 273 107 22 0 0 0 0 0 0 0 0 0 0 0 0 0 0 0 0 0 0 0
11 1 3 0 0 0 0 0 0 0 0 0 0 0 0 0 0 1 0 0 0 0 0 0 0 0 0 0 0 0 5 54 1 0 0 0 0 0 0 0 1 0 0 0 0 1 2 4 0 0 0 0 0 1 15 3 0 0 0 0 0 0 0 0 0 0 0 0 0 0 0 0 0 0 21 9 0 0 0 0 0 0 0 0 0 0 70 55 173 50 95 22 12 21 3 41 6 5 0 2 4 2 0 1 0 2 143 282 212 61 4 0 1 1 0 0 0 4 0 0 5 9 4 15 14 78 53 134 79 142 61 0 0 0 0 0 0 0 0 0 0 0 0 0 0 0 0 0 0 0
0 0 0 1 3 0 0 0 0 0 0 0 0 0 0 0 0 0 0 0 2 0 0 0 0 0 0 0 4 0 0 2 0 1 0 0 0 0 0 0 0 0 0 0 0 2 0 3 0 0 0 1 3 25 3 1 0 0 0 0 0 0 0 0 0 0 0 0 0 0 0 1 2 0 0 0 0 0 0 0 0 0 0 0 0 0 5 0 96 2 0 0 0 1 3 13 1 6 4 0 0 1 0 2 1 140 560 344 232 74 0 1 0 0 0 0 0 15 45 9 3 16 0 17 3 17 100 45 11 28 6 28 0 0 0 0 0 0 0 0 0 0 0 0 0 0 0 0 0 0
0 0 0 1 0 0 0 0 0 0 0 0 0 0 0 0 1 0 0 0 0 0 0 2 0 0 0 4 1 0 0 0 0 0 2 0 0 0 0 0 0 0 0 0 0 0 0 0 0 0 1 1 1 51 4 0 0 0 0 0 0 0 0 0 0 0 0 0 0 0 1 0 3 0 0 0 0 0 0 0 0 0 0 0 0 0 8 0 1 0 0 0 23 14 0 1 1 0 11 2 2 2 0 2 64 78 149 26 62 93 0 0 0 0 0 0 0 0 1 7 0 8 2 111 96 18 183 86 18 19 0 0 0 0 0 0 0 0 0 0 0 0 0 0 0 0 0 0 0 0
0 0 0 0 2 26 1 0 0 0 0 0 0 0 0 0 0 1 0 1 0 0 0 0 0 0 0 1 1 0 2 0 0 0 0 1 0 0 0 0 0 0 1 1 0 0 0 0 0 0 2 0 2 0 4 0 5 0 0 0 0 0 0 0 0 0 0 0 0 1 1 0 0 0 0 0 0 0 0 0 0 0 0 0 0 0 0 0 1 1 0 13 105 25 1 0 0 0 0 4 5 8 29 57 115 36 3 4 9 14 10 0 0 0 0 0 1 0 0 0 0 2 2 23 0 0 0 161 7 1 0 0 0 0 0 0 0 0 0 0 0 0 0 0 0 0 0 0 0 0
0 0 0 0 78 31 0 0 0 0 0 0 0 0 0 0 0 0 0 0 0 0 0 0 0 0 0 1 1 0 3 0 0 0 0 0 0 0 0 1 0 1 0 9 1 0 0 0 0 1 1 0 0 1 0 0 3 5 0 0 0 0 0 0 0 0 0 0 7 0 0 0 1 0 0 0 0 0 0 0 0 0 0 0 0 0 0 2 37 55 141 215 156 7 0 0 0 0 0 55 50 371 337 50 17 21 2 0 0 9 11 0 0 0 0 0 0 1 0 0 1 0 0 0 0 3 66 46 0 0 0 0 0 0 0 0 0 0 0 0 0 0 0 0 0 0 0 0 0 0
0 0 0 0 0 6 0 0 0 0 0 0 4 0 0 0 0 0 15 0 0 0 0 0 0 0 0 0 1 3 0 0 0 0 0 3 0 0 0 0 0 0 0 0 0 2 0 0 0 1 0 0 0 2 4 0 0 0 0 0 0 0 0 0 0 0 0 0 5 0 0 2 0 0 0 0 0 0 0 0 0 0 0 0 1 0 5 0 53 79 137 99 78 16 27 0 1 1 8 79 143 137 84 12 0 1 1 0 0 2 9 0 5 0 0 0 0 0 0 2 0 35 45 0 0 17 11 2 0 0 0 0 0 0 0 0 0 0 0 0 0 0 0 0 0 0 0 0 0 0
0 0 0 0 0 1 0 0 0 0 0 0 14 18 0 0 0 0 0 0 0 0 0 0 0 4 1 1 0 11 0 0 0 0 0 2 0 0 0 0 0 0 0 1 0 15 6 0 0 0 4 0 0 25 14 2 0 0 0 0 0 0 0 0 0 0 1 7 84 0 0 0 0 0 0 0 0 0 0 0 0 0 0 0 7 7 55 9 1 2 0 0 52 1 22 2 0 2 28 39 121 0 0 0 0 0 1 10 2 22 10 54 0 0 0 0 0 0 0 0 0 0 0 0 0 0 0 3 0 0 0 0 0 0 0 0 0 0 0 0 0 0 0 0 0 0 0 0 0 0
0 0 0 0 5 0 0 0 0 0 0 0 0 0 0 0 0 0 0 0 0 0 0 0 0 0 0 0 0 0 0 0 0 0 0 0 0 0 0 0 0 0 0 0 0 0 0 5 0 2 0 1 0 2 2 8 0 0 0 0 0 0 0 0 0 0 1 7 18 0 0 0 0 0 0 0 0 0 0 0 0 0 0 2 43 0 0 9 1 3 1 0 2 1 6 13 2 20 13 23 34 10 56 0 1 0 0 36 93 105 128 340 25 18 1 0 0 0 0 0 1 0 1 0 0 0 0 0 0 0 0 0 0 0 0 0 0 0 0 0 0 0 0 0 0 0 0 0 0 0
0 0 0 0 1 0 1 0 0 0 0 0 0 0 0 0 0 0 0 0 0 0 0 0 0 0 0 0 0 0 0 0 0 0 0 0 0 0 0 0 0 0 0 0 0 0 0 0 8 0 0 0 0 0 0 32 66 0 1 0 0 0 0 0 1 15 68 54 2 0 1 0 0 0 0 0 0 0 0 0 0 0 0 12 30 1 3 3 2 0 12 5 2 0 1 7 35 10 1 0 1 1 3 5 4 0 12 0 74 30 101 52 103 41 2 0 0 0 0 0 0 0 0 0 0 0 0 0 0 0 0 0 0 0 0 0 0 0 0 0 0 0 0 0 0 0 1 0 0 0
0 0 0 0 1 0 0 0 0 0 0 1 11 0 0 0 0 0 0 0 0 0 0 0 0 0 0 1 0 0 0 0 0 0 0 0 0 0 3 0 0 0 0 0 0 0 4 3 51 1 0 0 0 0 6 1 0 0 13 11 1 4 3 9 7 5 1 0 0 0 0 0 0 0 0 0 0 0 0 0 0 0 0 0 0 0 2 6 8 2 2 0 1 0 8 114 7 0 0 0 0 0 0 0 35 28 256 487 313 53 26 0 144 93 0 0 0 0 0 0 0 0 0 0 0 0 0 0 0 0 0 0 0 0 0 0 0 0 0 0 0 0 0 0 0 0 0 0 0 0
0 0 0 1 2 24 0 3 2 1 1 1 0 0 0 0 0 0 0 0 0 0 0 0 0 0 0 0 0 0 0 0 0 0 0 0 0 0 11 0 1 0 0 0 0 1 15 4 0 1 0 0 0 0 5 1 1 0 0 1 0 0 0 0 1 0 0 0 1 5 0 7 0 0 0 0 0 0 0 0 0 0 0 0 0 0 0 4 0 0 9 12 0 1 85 8 3 1 0 0 0 2 0 14 94 79 117 324 217 240 91 142 126 5 0 0 2 0 0 0 0 0 0 0 0 0 0 0 0 0 0 0 0 0 0 0 0 0 0 0 0 0 0 0 0 0 0 0 0 0
0 0 0 0 9 24 0 0 1 0 2 0 0 1 0 0 0 0 0 0 0 0 0 0 0 0 0 0 0 0 0 0 2 0 0 0 0 0 0 2 0 0 2 0 0 0 1 3 2 2 2 0 0 2 1 0 0 2 1 3 0 0 0 1 1 2 0 3 1 0 0 0 0 1 0 0 0 0 0 0 0 0 1 0 0 0 0 0 1 0 0 9 12 26 3 19 100 1 0 0 0 0 0 68 163 205 4 0 5 50 0 7 6 0 0 0 0 0 0 0 0 0 0 0 0 0 0 0 0 0 0 0 0 0 0 0 0 0 0 0 0 0 0 0 0 0 0 0 0 0
0 0 1 0 2 2 0 0 4 0 0 0 0 1 0 0 0 0 0 0 0 0 0 0 0 0 0 0 0 0 0 0 0 0 0 0 0 0 0 0 0 0 0 0 0 0 1 0 2 0 0 0 0 0 0 1 0 0 5 1 2 2 0 0 0 0 0 0 0 0 0 0 0 1 0 0 0 0 0 0 0 0 0 0 0 0 0 0 0 3 0 20 72 21 19 67 229 0 0 0 0 0 0 3 11 0 0 0 0 0 44 68 2 0 0 0 0 0 0 0 0 0 0 0 0 0 0 0 0 0 0 0 0 0 0 0 0 0 0 0 0 0 15 21 0 0 0 0 0 0
0 0 0 1 1 0 0 0 1 5 0 0 0 0 0 0 0 0 0 0 0 0 0 0 0 0 0 0 0 0 0 1 0 0 0 0 0 0 0 0 0 0 0 0 0 0 0 0 0 0 2 0 2 2 0 0 0 0 2 0 1 1 0 0 0 0 0 0 0 0 1 1 0 0 0 0 0 0 0 0 0 0 0 0 0 0 0 1 13 3 9 34 144 115 21 0 0 0 0 0 0 0 0 1 0 0 0 0 0 59 163 0 0 0 0 0 0 0 0 0 0 0 0 0 0 0 0 0 0 0 0 0 0 0 0 0 0 0 0 0 0 0 0 2 0 0 0 0 0 0
0 0 0 0 0 1 0 0 0 0 0 0 0 2 0 0 0 0 0 0 0 0 0 0 0 0 0 0 0 0 0 0 0 0 0 0 0 0 0 0 0 0 0 0 1 0 0 0 0 0 5 1 3 0 0 0 2 0 0 2 1 0 0 0 0 0 0 0 0 0 1 0 0 0 0 0 0 0 0 0 0 0 0 0 0 0 0 0 1 9 9 84 395 0 4 3 0 0 0 0 0 0 0 0 2 1 0 1 19 15 39 1 0 0 0 0 0 0 0 0 0 0 0 0 0 0 0 0 0 1 0 0 0 0 0 0 0 0 0 0 0 0 0 0 0 0 0 0 0 0
0 0 0 0 0 0 0 0 0 0 0 2 1 1 0 0 0 0 1 0 0 0 0 0 0 0 0 0 0 0 0 0 0 0 0 0 0 0 0 0 0 0 1 0 0 0 0 0 0 0 1 3 0 0 0 0 1 0 2 7 0 11 0 0 0 0 0 0 0 0 0 41 3 0 0 0 0 0 0 0 0 0 0 0 0 0 0 0 2 1 30 34 14 14 22 2 0 0 0 0 0 0 0 0 0 0 0 0 0 0 0 0 0 0 0 0 0 0 0 0 0 0 0 0 0 0 0 0 0 0 0 0 0 0 0 0 0 0 0 0 0 0 0 0 0 0 0 0 0 0
0 0 0 0 0 0 0 0 0 0 0 0 0 0 0 0 0 0 0 0 0 2 6 43 0 0 0 0 0 0 0 0 0 0 0 0 6 0 0 0 0 0 0 0 0 0 0 0 0 0 0 20 0 0 1 1 0 0 0 0 0 10 11 0 0 0 0 0 0 0 0 1 4 0 4 0 0 0 0 0 0 0 0 0 0 0 0 0 0 6 8 43 35 44 20 0 6 0 0 0 0 0 0 0 0 0 0 0 0 0 0 0 0 0 0 0 0 0 0 0 0 0 0 0 0 0 0 2 0 0 0 0 0 0 0 0 2 0 0 0 0 0 0 0 0 0 0 0 0 0
0 0 0 0 0 0 0 0 0 0 0 1 0 0 0 0 0 0 0 0 0 0 0 3 1 0 0 0 0 0 0 0 0 0 0 0 0 0 0 0 0 0 0 0 0 0 0 0 0 0 2 17 11 2 5 0 1 0 0 0 3 13 41 4 0 0 0 0 0 0 0 0 0 0 12 0 0 0 0 0 0 0 0 0 0 0 0 0 0 0 25 14 0 24 19 17 0 0 1 0 0 0 0 0 0 0 0 0 0 0 0 0 0 0 0 0 0 0 0 0 0 0 0 0 0 0 0 0 0 0 0 0 0 0 0 0 0 0 0 0 0 0 0 0 0 0 0 0 0 0
0 0 0 0 0 0 0 0 0 0 0 0 2 0 0 0 3 1 0 0 0 0 0 0 0 0 0 0 1 0 2 0 0 0 0 0 0 0 0 0 1 0 0 0 0 0 0 0 0 1 8 21 81 13 15 5 0 1 1 0 0 15 0 0 0 0 0 0 0 0 0 0 0 0 0 0 0 0 0 0 0 0 0 0 0 0 0 0 0 0 0 11 29 30 16 1 0 0 0 0 0 0 0 0 0 0 0 0 0 0 0 0 0 0 0 0 0 0 0 0 0 0 0 0 0 0 0 0 0 0 0 0 0 0 0 0 0 0 0 0 0 0 0 0 0 0 0 0 0 0
0 0 0 0 0 0 0 0 0 0 0 0 8 2 0 0 0 2 1 0 0 1 0 0 0 2 0 0 0 0 0 0 0 0 0 0 0 0 0 0 0 0 0 0 0 0 0 0 3 11 0 10 140 3 14 0 1 0 0 0 1 1 3 0 0 0 0 0 0 0 0 0 0 0 0 0 0 0 0 0 0 0 0 0 0 0 0 0 0 0 0 0 6 8 6 1 16 0 0 13 0 0 0 0 0 0 0 0 0 0 0 0 0 0 0 0 0 0 0 0 0 0 0 0 0 0 0 0 0 0 0 0 0 0 0 0 0 0 0 0 0 0 0 0 0 0 0 0 0 0
0 0 0 0 1 0 0 0 0 1 0 0 0 0 1 0 0 0 0 0 0 0 0 0 0 0 0 0 0 0 0 0 0 0 0 0 0 2 0 0 0 0 0 0 0 0 0 3 0 1 1 4 10 0 0 0 0 0 0 0 4 1 0 0 0 0 0 0 0 0 0 0 0 0 0 0 0 0 0 0 0 0 0 0 0 0 0 0 0 0 0 0 0 0 0 1 5 0 0 0 0 0 0 0 0 0 0 0 0 0 0 0 0 0 0 0 0 0 0 0 0 0 0 0 0 0 0 0 0 0 0 0 0 0 0 0 0 0 0 0 0 0 0 0 0 0 0 0 0 0
0 0 5 0 0 0 0 0 0 0 1 0 0 0 0 0 0 0 2 0 0 0 0 0 8 0 0 0 0 0 0 1 0 4 22 0 0 0 0 0 0 0 0 0 0 0 4 4 0 0 0 0 0 0 0 0 0 0 0 1 1 0 0 0 0 0 0 0 0 0 0 0 0 0 0 0 0 0 0 0 0 0 0 0 0 0 0 0 0 0 0 0 0 0 0 2 12 8 0 0 0 0 0 0 0 0 0 0 0 0 0 0 0 0 0 0 0 0 0 0 0 0 0 0 0 0 0 0 0 0 0 0 0 0 0 0 0 0 0 0 0 0 0 0 4 6 0 0 0 0
1 0 0 0 0 0 0 0 0 0 0 0 0 0 0 0 5 0 0 3 3 1 0 0 0 1 0 0 0 0 2 2 0 0 0 1 0 2 0 0 0 0 0 0 0 0 10 0 0 0 0 0 0 0 0 0 0 0 0 0 0 0 0 0 0 0 0 0 0 0 0 2 5 0 0 0 0 0 0 0 0 0 0 0 0 0 0 0 0 0 0 0 0 0 1 0 19 0 0 0 5 0 0 0 0 0 0 0 0 0 0 0 0 0 0 0 0 0 0 0 0 0 0 0 0 0 0 0 0 0 0 0 0 0 0 0 0 0 0 0 0 0 0 0 0 0 0 0 0 0
0 0 0 0 1 0 0 0 0 0 1 2 0 0 0 0 0 0 1 0 0 0 0 0 0 0 0 0 0 0 0 0 0 0 0 0 0 0 0 0 0 0 0 0 0 0 0 0 0 0 0 0 0 0 0 0 0 0 0 0 0 0 0 0 0 0 0 0 0 0 19 34 0 0 0 0 0 0 0 0 0 0 0 0 0 0 0 0 0 0 0 0 0 0 7 0 0 0 0 0 0 1 0 0 0 0 0 0 0 0 0 0 0 0 0 0 0 0 0 0 0 0 0 0 0 0 0 0 0 0 0 0 0 0 0 0 0 0 0 0 0 0 0 0 0 0 0 0 0 0
0 0 0 0 0 0 0 0 0 1 7 14 7 0 0 0 2 0 0 0 0 0 0 0 0 0 0 0 0 0 0 0 0 0 0 0 0 0 0 0 0 0 0 1 3 0 0 0 0 0 0 0 0 0 0 0 0 0 0 2 2 0 0 0 0 0 0 0 0 0 23 0 0 0 0 0 0 0 0 0 0 0 0 0 0 0 0 0 0 0 0 0 0 0 1 3 8 0 0 0 0 0 0 0 0 0 0 0 0 0 0 0 0 0 0 0 0 0 0 0 0 0 0 0 0 0 0 0 0 0 0 0 0 0 0 0 0 0 0 0 0 0 0 0 0 0 0 0 0 0
0 0 0 0 0 1 0 1 0 1 0 0 6 1 1 3 10 2 0 0 0 0 0 0 0 0 0 0 0 0 0 0 0 0 0 0 2 0 0 0 0 0 0 6 0 0 0 0 0 0 0 0 0 0 0 0 0 0 0 11 0 0 0 0 0 0 0 0 7 0 0 0 0 0 0 0 0 0 0 0 0 0 0 0 0 0 0 0 0 0 0 0 0 0 0 0 5 1 5 4 0 0 0 0 0 0 0 0 0 0 0 0 0 0 0 0 0 0 0 0 0 0 0 0 0 0 0 0 0 0 0 0 0 0 0 0 0 0 0 0 0 0 0 0 0 0 0 0 0 0
0 0 0 0 2 0 0 2 0 0 0 0 4 1 0 0 0 1 4 0 0 0 0 0 0 0 0 0 0 0 0 0 0 0 0 0 0 1 1 1 0 0 4 1 0 0 0 0 0 0 0 0 0 0 0 0 0 0 0 0 5 14 0 0 0 0 0 2 38 42 2 0 0 0 0 0 0 0 0 0 0 0 0 0 0 0 0 0 0 0 0 0 0 0 0 0 1 0 1 0 0 0 0 0 0 0 0 0 0 0 0 0 0 0 0 0 0 0 0 0 0 0 0 0 0 0 0 0 0 0 0 0 0 0 0 0 0 0 0 0 0 0 0 0 0 0 0 0 0 0
1 0 0 4 0 0 0 0 0 0 1 2 35 3 0 5 32 0 2 8 0 0 4 27 0 0 0 0 0 0 4 1 0 0 0 1 8 3 4 1 0 0 9 0 0 0 0 0 0 0 0 0 0 0 0 0 0 0 0 0 0 2 1 0 69 27 10 3 0 0 0 0 0 0 0 0 0 0 0 0 0 0 0 0 0 0 0 0 0 0 0 0 0 0 0 0 0 0 0 0 0 0 0 0 0 0 0 0 0 0 0 0 0 0 0 0 0 0 0 0 0 0 0 0 0 0 0 0 0 0 0 0 0 0 0 0 0 0 0 0 0 0 0 0 0 0 0 0 0 0
1 34 2 0 0 0 0 0 0 0 1 0 1 0 0 0 0 0 0 1 5 112 26 3 0 0 0 0 0 0 2 0 0 1 2 0 46 4 0 0 1 2 0 0 0 0 0 0 0 0 0 0 0 0 0 0 0 0 0 0 0 0 0 0 13 4 0 0 0 0 0 0 0 0 0 0 0 0 0 0 0 0 0 0 0 0 0 0 0 0 0 0 0 0 0 0 0 0 0 0 0 0 0 0 0 0 0 0 0 0 0 0 0 0 0 0 0 0 0 0 0 0 0 0 0 0 0 0 0 0 0 0 0 0 0 0 0 0 0 0 0 0 0 0 0 0 0 0 0 0
26 2 2 1 1 0 0 0 0 0 0 0 0 0 0 0 2 2 0 1 3 30 14 2 3 1 0 0 1 4 10 0 0 0 0 0 0 1 1 1 5 19 0 0 0 0 0 0 0 0 0 0 0 0 0 0 0 0 0 0 0 0 0 0 0 0 0 0 0 0 0 0 0 0 0 0 0 0 0 0 0 0 0 0 0 0 0 0 0 2 0 0 0 0 0 0 0 0 0 0 0 0 0 0 0 0 0 0 0 0 0 0 0 0 0 0 0 0 0 0 0 0 0 0 0 0 0 0 0 0 0 0 0 0 0 0 0 0 0 0 0 0 0 0 0 0 0 0 0 0
0 1 0 0 0 0 0 0 0 0 0 0 1 0 0 0 0 0 0 0 0 3 2 1 1 4 2 2 0 0 0 0 0 0 2 1 0 0 0 0 0 1 0 0 0 0 0 0 0 0 0 0 0 0 0 0 0 0 0 0 0 0 0 0 0 0 0 0 0 0 0 0 0 0 0 0 0 0 0 0 0 0 0 0 0 0 0 0 0 0 0 0 0 0 0 0 0 0 0 0 0 0 0 0 0 0 0 0 0 0 0 0 0 0 0 0 0 0 0 0 0 0 0 0 0 0 0 0 0 0 0 0 0 0 0 0 0 0 0 0 0 0 0 0 0 0 0 0 0 0
0 0 1 0 0 0 0 0 0 0 0 0 0 0 0 0 0 3 1 7 1 0 0 1 2 3 3 10 19 2 1 1 1 2 3 0 0 0 0 0 0 0 0 0 0 0 0 0 0 0 0 0 0 0 0 0 0 0 0 0 0 0 0 0 0 0 0 0 0 0 0 0 0 0 0 0 0 0 0 0 0 0 0 0 0 0 0 0 0 0 0 0 0 0 0 0 0 0 0 0 0 0 0 0 0 0 0 0 0 0 0 0 0 0 0 0 0 0 0 0 0 0 0 0 0 0 0 0 0 0 0 0 0 0 0 0 0 0 0 0 0 0 0 0 0 0 0 0 0 0
0 0 0 0 0 0 0 0 0 0 0 0 0 3 0 0 0 0 0 0 0 0 0 0 0 0 0 2 102 53 0 1 3 21 0 0 2 0 0 0 0 0 0 0 0 0 0 0 0 0 0 0 0 0 0 0 0 0 0 0 0 0 0 0 0 0 0 0 0 0 0 0 0 0 0 0 0 0 0 0 0 0 0 0 0 0 0 0 0 0 0 0 0 0 0 0 0 0 0 0 0 0 0 0 0 0 0 0 0 0 0 0 0 0 0 0 0 0 0 0 0 0 0 0 0 0 0 0 0 0 0 0 0 0 0 0 0 0 0 0 0 0 0 0 0 0 0 0 0 0
0 0 0 0 0 0 0 0 0 0 0 0 0 0 0 0 0 0 0 0 0 0 0 0 0 1 2 6 0 1 4 0 1 5 0 0 4 0 0 0 0 0 0 0 0 0 0 0 0 0 0 0 0 0 0 0 0 0 0 0 0 0 0 0 0 0 0 0 0 0 0 0 0 0 0 0 0 0 0 0 0 0 0 0 0 0 0 0 0 0 0 0 0 0 0 0 0 0 0 0 0 0 0 0 0 0 0 0 0 0 0 0 0 0 0 0 0 0 0 0 0 0 0 0 0 0 0 0 0 0 0 0 0 0 0 0 0 0 0 0 0 0 0 0 0 0 0 0 0 0
0 0 0 0 0 0 0 0 0 0 0 0 0 0 0 0 0 0 0 0 0 1 0 0 5 1 3 0 0 0 9 0 1 0 1 0 0 0 0 0 0 0 0 0 0 0 0 0 0 0 0 0 0 0 0 0 0 0 0 0 0 0 0 0 0 0 0 0 0 0 0 0 0 0 0 0 0 0 0 0 0 0 0 0 0 0 0 0 0 0 0 0 0 0 0 0 0 0 0 0 0 0 0 0 0 0 0 0 0 0 0 0 0 0 0 0 0 0 0 0 0 0 0 0 0 0 0 0 0 0 0 0 0 0 0 0 0 0 0 0 0 0 0 0 0 0 0 0 0 0
0 0 0 0 0 0 0 0 0 0 0 0 1 5 0 0 0 0 0 0 0 0 0 0 0 0 0 0 0 0 0 0 2 0 0 0 0 1 0 0 0 0 0 0 0 0 0 0 0 0 0 0 0 0 0 0 0 0 0 0 0 0 0 0 0 0 0 0 0 0 0 0 0 0 0 0 0 0 0 0 0 0 0 0 0 0 0 0 0 0 0 0 0 0 0 0 0 0 0 0 0 0 0 0 0 0 0 0 0 0 0 0 0 0 0 0 0 0 0 0 0 0 0 0 0 0 0 0 0 0 0 0 0 0 0 0 0 0 0 0 0 0 0 0 0 0 0 0 0 0
2 0 0 0 0 0 0 0 0 0 0 1 0 0 0 0 0 0 0 0 0 0 0 0 0 0 0 4 4 0 1 0 0 0 0 0 0 0 0 0 0 0 0 0 0 0 0 0 0 0 0 0 0 0 0 0 0 0 0 0 0 0 0 0 0 0 0 0 0 0 0 0 0 0 0 0 0 0 0 0 0 0 0 0 0 0 0 0 0 0 0 0 0 0 0 0 0 0 0 0 0 0 0 0 0 0 0 0 0 0 0 0 0 0 0 0 0 0 0 0 0 0 0 0 0 0 0 0 0 0 0 0 0 0 0 0 0 0 0 0 0 0 0 0 0 0 0 0 0 0
0 0 0 0 0 0 0 0 0 0 0 0 0 0 0 0 0 0 0 0 0 0 0 0 0 0 0 1 0 0 0 0 0 3 0 0 0 0 0 0 0 0 0 0 0 0 0 0 0 0 0 0 0 0 0 0 0 0 0 0 0 0 0 0 0 0 0 0 0 0 0 0 0 0 0 0 0 0 0 0 0 0 0 0 0 0 0 0 0 0 0 0 0 0 0 0 0 0 0 0 0 0 0 0 0 0 0 0 0 0 0 0 0 0 0 0 0 0 0 0 0 0 0 0 0 0 0 0 0 0 0 0 0 0 0 0 0 0 0 0 0 0 0 0 0 0 0 0 0 0
0 0 0 0 0 0 0 0 0 0 3 1 0 0 0 0 0 0 0 0 0 0 0 0 0 0 0 0 0 0 0 0 1 0 0 0 0 0 0 0 0 0 0 0 0 0 0 0 0 0 0 0 0 0 0 0 0 0 0 0 0 0 0 0 0 0 0 0 0 0 0 0 0 0 0 0 0 0 0 0 0 0 0 0 0 0 0 0 0 0 0 0 0 0 0 0 0 0 0 0 0 0 0 0 0 0 0 0 0 0 0 0 0 0 0 0 0 0 0 0 0 0 0 0 0 0 0 0 0 0 0 0 0 0 0 0 0 0 0 0 0 0 0 0 0 0 0 0 0 0
0 0 0 0 0 0 0 0 0 1 3 0 0 1 0 0 0 0 0 0 0 0 0 0 0 0 0 0 0 0 0 0 0 0 0 0 0 0 0 0 0 0 0 0 0 0 0 0 0 0 0 0 0 0 0 0 0 0 0 0 0 0 0 0 0 0 0 0 0 0 0 0 0 0 0 0 0 0 0 0 0 0 0 0 0 0 0 0 0 0 0 0 0 0 0 0 0 0 0 0 0 0 0 0 0 0 0 0 0 0 0 0 0 0 0 0 0 0 0 0 0 0 0 0 0 0 0 0 0 0 0 0 0 0 0 0 0 0 0 0 0 0 0 0 0 0 0 0 0 0
0 0 0 0 0 0 0 0 0 0 0 0 0 0 0 0 0 0 0 0 0 0 0 0 0 0 0 0 0 0 0 0 0 0 0 0 0 0 0 0 0 0 0 0 0 0 0 0 0 0 0 2 0 0 0 2 0 0 0 0 0 0 0 0 0 0 0 0 0 0 0 0 0 0 0 0 0 0 0 0 0 0 0 0 0 0 0 0 0 0 0 0 0 0 0 0 0 0 0 0 0 0 0 0 0 0 0 0 0 0 0 0 0 0 0 0 0 0 0 0 0 0 0 0 0 0 0 0 0 0 0 0 0 0 0 0 0 0 0 0 0 0 0 0 0 0 0 0 0 0
0 0 1 0 0 0 0 0 1 10 0 0 0 0 0 0 0 0 0 0 0 0 0 0 0 0 0 0 0 0 0 0 0 0 0 0 0 0 0 0 0 0 0 0 0 0 0 0 0 0 0 0 0 0 0 0 0 0 0 0 0 0 0 0 0 0 0 0 0 0 0 0 0 0 0 0 0 0 0 0 0 0 0 0 0 0 0 0 0 0 0 0 0 0 0 0 0 0 0 0 0 0 0 0 0 0 0 0 0 0 0 0 0 0 0 0 0 0 0 0 0 0 0 0 0 0 0 0 0 0 0 0 0 0 0 0 0 0 0 0 0 0 0 0 0 0 0 0 0 0
0 0 0 0 1 1 6 4 1 0 0 0 0 0 0 0 0 0 0 0 0 0 0 0 0 0 0 0 0 0 0 0 0 0 0 0 0 0 0 0 0 0 0 0 0 0 0 0 0 8 34 0 0 0 1 0 0 0 0 0 0 0 0 0 0 0 0 0 0 0 0 0 0 0 0 0 0 0 0 0 0 0 0 0 0 0 0 0 0 0 0 0 0 0 0 0 0 0 0 0 0 0 0 0 0 0 0 0 0 0 0 0 0 0 0 0 0 0 0 0 0 0 0 0 0 0 0 0 0 0 0 0 0 0 0 0 0 0 0 0 0 0 0 0 0 0 0 0 0 0
2 0 0 0 0 0 4 17 0 0 0 0 0 0 0 0 0 0 0 0 0 0 0 0 0 0 0 0 0 0 0 0 0 0 0 0 0 0 0 0 0 0 0 0 0 0 0 0 0 0 0 0 0 0 0 0 0 0 0 0 0 0 0 0 0 0 0 0 0 0 0 0 0 0 0 0 0 0 0 0 0 0 0 0 0 0 0 0 0 0 0 0 0 0 0 0 0 0 0 0 0 0 0 0 0 0 0 0 0 0 0 0 0 0 0 0 0 0 0 0 0 0 0 0 0 0 0 0 0 0 0 0 0 0 0 0 0 0 0 0 0 0 0 0 0 0 0 0 0 0
0 0 0 0 0 0 0 0 0 0 0 0 0 0 0 0 0 0 0 0 0 0 0 0 0 0 0 0 0 0 0 0 0 0 0 0 0 0 0 0 0 0 0 0 0 0 0 0 0 0 0 1 8 27 0 0 0 0 0 0 0 0 0 0 0 0 0 0 0 0 0 0 0 0 0 0 0 0 0 0 0 0 0 0 0 0 0 0 0 0 0 0 0 0 0 0 0 0 0 0 0 0 0 0 0 0 0 0 0 0 0 0 0 0 0 0 0 0 0 0 0 0 0 0 0 0 0 0 0 0 0 0 0 0 0 0 0 0 0 0 0 0 0 0 0 0 0 0 0 0
0 0 0 0 0 0 0 0 0 0 0 0 0 0 0 0 0 0 0 0 0 0 0 0 0 0 0 0 0 0 0 0 0 0 0 0 0 0 0 0 0 0 0 0 0 0 0 0 0 0 0 0 0 1 0 0 0 0 0 0 0 0 0 0 0 0 0 0 0 0 0 0 0 0 0 0 0 0 0 0 0 0 0 0 0 0 0 0 0 0 0 0 0 0 0 0 0 0 0 0 0 0 0 0 0 0 0 0 0 0 0 0 0 0 0 0 0 0 0 0 0 0 0 0 0 0 0 0 0 0 0 0 0 0 0 0 0 0 0 0 0 0 0 0 0 0 0 0 0 0
0 0 0 0 0 0 0 0 0 0 0 0 0 0 0 0 0 0 0 0 0 0 0 0 0 0 0 0 0 0 0 0 0 0 0 0 0 1 0 0 0 0 0 0 0 0 0 0 0 0 0 0 0 0 0 0 0 0 0 0 0 0 0 0 0 0 0 0 0 0 0 0 0 0 0 0 0 0 0 0 0 0 0 0 0 0 0 0 0 0 0 0 0 0 0 0 0 0 0 0 0 0 0 0 0 0 0 0 0 0 0 0 0 0 0 0 0 0 0 0 0 0 0 0 0 0 0 0 0 0 0 0 0 0 0 0 0 0 0 0 0 0 0 0 0 0 0 0 0 0
0 0 0 0 0 0 0 0 0 0 0 0 0 0 0 0 0 0 0 0 0 0 0 0 0 0 0 0 0 0 0 0 1 0 0 0 0 0 0 0 0 0 0 0 0 0 0 0 0 0 0 0 0 0 0 0 0 0 0 0 0 0 0 0 0 0 0 0 0 0 0 0 0 0 0 0 0 0 0 0 0 0 0 0 0 0 0 0 0 0 0 0 0 0 0 0 0 0 0 0 0 0 0 0 0 0 0 0 0 0 0 0 0 0 0 0 0 0 0 0 0 0 0 0 0 0 0 0 0 0 0 0 0 0 0 0 0 0 0 0 0 0 0 0 0 0 0 0 0 0
0 0 0 0 0 0 0 0 0 0 0 0 0 0 0 0 0 0 0 0 0 0 0 0 0 0 0 0 0 0 0 0 0 0 0 0 0 0 0 0 0 0 0 0 0 0 0 0 0 0 0 0 0 5 0 0 0 0 0 0 0 0 0 0 0 0 0 0 0 0 0 0 0 0 0 0 0 0 0 0 0 0 0 0 0 0 0 0 0 0 0 0 0 0 0 0 0 0 0 0 0 0 0 0 0 0 0 0 0 0 0 0 0 0 0 0 0 0 0 0 0 0 0 0 0 0 0 0 0 0 0 0 0 0 0 0 0 0 0 0 0 0 0 0 0 0 0 0 0 0
0 0 0 0 0 0 0 0 0 0 0 0 0 0 0 0 0 0 0 0 0 0 0 0 0 0 0 0 0 0 2 10 0 0 0 0 0 0 0 0 0 0 0 0 0 0 0 0 0 0 0 0 0 0 0 0 0 0 0 0 0 0 0 0 0 0 0 0 0 0 0 0 0 0 0 0 0 0 0 0 0 0 0 0 0 0 0 0 0 0 0 0 0 0 0 0 0 0 0 0 0 0 0 0 0 0 0 0 0 0 0 0 0 0 0 0 0 0 0 0 0 0 0 0 0 0 0 0 0 0 0 0 0 0 0 0 0 0 0 0 0 0 0 0 0 0 0 0 0 0
0 0 0 0 0 0 0 0 0 0 0 0 0 0 0 0 0 0 0 0 0 0 0 0 0 0 0 0 0 0 0 7 0 0 0 0 1 0 0 0 0 0 0 0 0 0 0 0 0 0 0 0 0 0 0 0 0 0 0 0 0 0 0 0 0 0 0 0 0 0 0 0 0 0 0 0 0 0 0 0 0 0 0 0 0 0 0 0 0 0 0 0 0 0 0 0 0 0 0 0 0 0 0 0 0 0 0 0 0 0 0 0 0 0 0 0 0 0 0 0 0 0 0 0 0 0 0 0 0 0 0 0 0 0 0 0 0 0 0 0 0 0 0 0 0 0 0 0 0 0
0 0 0 0 0 0 0 0 0 0 0 0 0 0 0 0 0 0 0 0 0 0 0 0 0 0 0 0 0 1 0 0 0 0 0 0 0 0 0 0 0 0 0 0 0 0 0 0 0 0 0 0 0 0 0 0 0 0 0 0 0 0 0 0 0 0 0 0 0 0 0 0 0 0 0 0 0 0 0 0 0 0 0 0 0 0 0 0 0 0 0 0 0 0 0 0 0 0 0 0 0 0 0 0 0 0 0 0 0 0 0 0 0 0 0 0 0 0 0 0 0 0 0 0 0 0 0 0 0 0 0 0 0 0 0 0 0 0 0 0 0 0 0 0 0 0 0 0 0 0
0 0 0 0 0 0 0 0 0 0 0 0 0 0 0 0 0 0 0 0 0 0 0 0 0 0 0 0 0 40 7 0 0 0 0 1 0 0 0 0 0 0 0 0 0 0 0 0 0 0 0 0 0 0 0 0 0 0 0 0 0 0 0 0 0 0 0 0 0 0 0 0 0 0 0 0 0 0 0 0 0 0 0 0 0 0 0 0 0 0 0 0 0 0 0 0 0 0 0 0 0 0 0 0 0 0 0 0 0 0 0 0 0 0 0 0 0 0 0 0 0 0 0 0 0 0 0 0 0 0 0 0 0 0 0 0 0 0 0 0 0 0 0 0 0 0 0 0 0 0
0 0 0 0 0 0 0 0 0 0 0 0 0 0 0 0 0 0 0 0 0 0 0 0 0 0 3 0 0 0 0 0 0 0 0 0 0 0 0 0 0 0 0 0 0 0 0 0 0 15 0 0 0 0 0 0 0 0 0 0 0 0 0 0 0 0 0 0 0 0 0 0 0 0 0 0 0 0 0 0 0 0 0 0 0 0 0 0 0 0 0 0 0 0 0 0 0 0 0 0 0 0 0 0 0 0 0 0 0 0 0 0 0 0 0 0 0 0 0 0 0 0 0 0 0 0 0 0 0 0 0 0 0 0 0 0 0 0 0 0 0 0 0 0 0 0 0 0 0 0
0 0 0 0 0 0 0 0 0 0 0 0 0 0 0 0 0 0 0 0 0 0 0 0 0 0 5 0 0 0 0 0 0 0 0 0 0 0 0 0 0 0 0 0 0 0 0 0 1 0 0 0 0 0 0 0 0 0 0 0 0 0 0 0 0 0 0 0 0 0 0 0 0 0 0 0 0 0 0 0 0 0 0 0 0 0 0 0 0 0 0 0 0 0 0 0 0 0 0 0 0 0 0 0 0 0 0 0 0 0 0 0 0 0 0 0 0 0 0 0 0 0 0 0 0 0 0 0 0 0 0 0 0 0 0 0 0 0 0 0 0 0 0 0 0 0 0 0 0 0
0 0 0 0 0 0 0 0 0 0 0 0 0 0 0 0 0 0 0 0 0 0 0 0 0 0 0 1 1 0 0 0 0 0 0 0 0 0 0 0 0 0 0 0 0 0 0 0 0 0 0 0 0 0 0 0 0 0 0 0 0 0 0 0 0 0 0 0 0 0 0 0 0 0 0 0 0 0 0 0 0 0 0 0 0 0 0 0 0 0 0 0 0 0 0 0 0 0 0 0 0 0 0 0 0 0 0 0 0 0 0 0 0 0 0 0 0 0 0 0 0 0 0 0 0 0 0 0 0 0 0 0 0 0 0 0 0 0 0 0 0 0 0 0 0 0 0 0 0 0
0 0 0 0 0 0 0 0 0 0 0 0 0 0 0 0 0 0 0 0 0 0 0 0 0 0 0 0 0 0 0 0 0 0 0 0 0 0 0 0 0 0 0 0 0 0 0 0 0 0 0 0 0 0 0 0 0 0 0 0 0 0 0 0 0 0 0 0 0 0 0 0 0 0 0 0 0 0 0 0 0 0 0 0 0 0 0 0 0 0 0 0 0 0 0 0 0 0 0 0 0 0 0 0 0 0 0 0 0 0 0 0 0 0 0 0 0 0 0 0 0 0 0 0 0 0 0 0 0 0 0 0 0 0 0 0 0 0 0 0 0 0 0 0 0 0 0 0 0 0
0 0 0 0 0 0 0 0 0 0 0 0 0 0 0 0 0 0 0 0 0 0 0 0 0 0 0 0 0 0 0 0 0 0 0 0 0 0 0 0 0 0 0 0 0 0 0 0 0 0 0 0 0 0 0 0 0 0 0 0 0 0 0 0 0 0 0 0 0 0 0 0 0 0 0 0 0 0 0 0 0 0 0 0 0 0 0 0 0 0 0 0 0 0 0 0 0 0 0 0 0 0 0 0 0 0 0 0 0 0 0 0 0 0 0 0 0 0 0 0 0 0 0 0 0 0 0 0 0 0 0 0 0 0 0 0 0 0 0 0 0 0 0 0 0 0 0 0 0 0
0 0 0 0 0 0 0 0 0 0 0 0 0 0 0 0 0 0 0 0 0 0 0 0 0 0 0 0 0 0 0 0 0 0 0 0 0 0 0 0 0 0 0 0 0 0 0 0 0 0 0 0 0 0 0 0 0 0 0 0 0 0 0 0 0 0 0 0 0 0 0 0 0 0 0 0 0 0 0 0 0 0 0 0 0 0 0 0 0 0 0 0 0 0 0 0 0 0 0 0 0 0 0 0 0 0 0 0 0 0 0 0 0 0 0 0 0 0 0 0 0 0 0 0 0 0 0 0 0 0 0 0 0 0 0 0 0 0 0 0 0 0 0 0 0 0 0 0 0 0
0 0 0 0 0 0 0 0 0 0 0 0 0 0 0 0 0 0 0 0 0 0 0 0 0 0 0 0 0 0 0 0 0 0 0 0 0 0 0 0 0 0 0 0 0 0 0 0 0 0 0 0 0 0 0 0 0 0 0 0 0 0 0 0 0 0 0 0 0 0 0 0 0 0 0 0 0 0 0 0 0 0 0 0 0 0 0 0 0 0 0 0 0 0 0 0 0 0 0 0 0 0 0 0 0 0 0 0 0 0 0 0 0 0 0 0 0 0 0 0 0 0 0 0 0 0 0 0 0 0 0 0 0 0 0 0 0 0 0 0 0 0 0 0 0 0 0 0 0 0
0 0 0 0 0 0 0 0 0 0 0 0 0 0 0 0 0 0 0 0 0 0 0 0 0 0 0 0 0 0 0 0 0 0 0 0 0 0 0 0 0 0 0 0 0 0 0 0 0 0 0 0 0 0 0 0 0 0 0 0 0 0 0 0 0 0 0 0 0 0 0 0 0 0 0 0 0 0 0 0 0 0 0 0 0 0 0 0 0 0 0 0 0 0 0 0 0 0 0 0 0 0 0 0 0 0 0 0 0 0 0 0 0 0 0 0 0 0 0 0 0 0 0 0 0 0 0 0 0 0 0 0 0 0 0 0 0 0 0 0 0 0 0 0 0 0 0 0 0 0
