0 0 7 1 0 0 0 0 8 34 1 2 0 2 0 0 0 0 0 0 0 2 0 0 1 3 0 0 0 0 0 0 0 0 2 1 0 0 0 0 0 0 0 0 7 0 0 0 0 0 0 0 0 0 2 0 0 0 0 2 11 8 0 0 0 0 0 0 0 0 0 0 5 50 52 94 20 8 9 10 5 313 12 11 14 83 47 58 10 44 354 200 26 144 197 256 449 279 248 104 227 27 4 10 6 19 7 107 91 4 2 1 6 20 26 16 5 0 0 1 1 6 3 33 1 1 0 0 4 9 1 6 1 1 1 0 0 0 0 0 3 0 0 0 0 0 0 0 0 5
0 0 0 1 0 0 0 0 0 3 3 4 4 1 0 0 0 2 4 0 0 0 6 0 0 39 0 3 0 0 0 0 0 0 0 0 0 0 1 0 0 0 0 0 0 0 0 0 0 0 0 0 0 0 8 0 0 0 0 6 26 5 3 118 7 0 0 0 0 0 0 0 7 10 5 0 39 23 0 3 10 4 0 0 65 64 89 255 94 130 14 15 74 109 50 81 156 195 385 274 44 66 49 9 2 0 0 52 30 3 3 10 3 2 4 2 3 0 1 4 1 4 5 1 0 1 0 2 5 6 5 7 21 21 0 0 0 0 0 14 3 0 0 0 0 0 0 0 0 0
0 0 0 1 2 0 0 0 0 7 0 0 11 1 0 0 0 0 1 0 0 5 33 3 2 0 1 1 0 0 0 0 0 0 0 0 0 0 0 3 0 0 0 0 0 0 0 0 0 0 0 0 0 0 1 0 0 1 3 5 4 5 0 0 0 0 0 0 0 1 0 0 3 0 0 0 0 6 36 253 28 15 0 12 68 45 216 45 4 2 15 7 16 73 144 317 42 168 109 298 276 87 3 15 4 5 1 14 38 31 11 2 0 3 6 7 6 3 43 4 15 2 2 6 1 2 3 5 0 16 1 0 36 36 0 0 1 0 7 7 2 0 0 0 0 0 0 0 0 0
11 2 0 0 0 0 0 0 0 1 1 0 0 0 0 0 0 0 5 1 0 0 8 4 2 0 0 3 10 0 0 0 0 0 0 0 0 0 0 1 0 0 0 1 0 0 0 0 0 0 2 0 0 0 11 31 1 4 3 1 0 2 1 3 0 0 0 0 0 1 1 20 0 1 1 1 5 91 60 60 35 6 1 22 34 4 6 29 0 47 194 209 458 132 298 121 26 66 139 258 110 185 107 26 7 38 6 6 96 9 3 11 4 10 1 1 2 23 23 12 10 21 10 1 0 2 0 0 1 1 1 7 7 0 2 0 1 0 0 4 13 1 0 0 0 0 0 0 0 0
1 2 0 0 0 0 0 0 1 1 0 0 0 0 0 13 0 0 0 0 0 0 0 0 0 0 0 0 0 0 0 0 0 0 0 7 0 0 0 0 0 0 0 0 0 0 0 0 0 1 0 0 0 2 33 47 22 4 0 0 2 0 0 2 0 0 0 0 0 0 74 12 21 55 1 14 15 64 86 57 103 64 129 6 56 32 16 2 1 125 517 306 141 208 279 59 29 249 78 227 398 265 177 138 168 28 18 19 1 8 13 10 11 13 2 0 0 0 44 15 89 223 50 9 0 0 3 0 0 0 1 2 0 0 0 0 0 0 0 0 8 0 0 0 0 0 0 0 0 0
8 2 0 0 0 0 0 0 1 1 2 0 0 0 0 1 1 0 3 20 2 14 0 0 0 0 0 0 0 0 0 0 0 0 2 23 2 12 0 0 0 0 1 0 0 0 0 0 0 1 9 5 0 1 0 14 0 2 1 0 0 0 0 3 0 0 0 0 1 11 23 36 45 20 28 12 10 5 5 51 107 120 290 18 0 41 6 5 4 282 604 144 7 80 191 159 71 757 72 158 305 147 225 113 3 33 11 14 4 0 1 7 0 4 1 2 4 1 1 4 52 19 0 1 0 12 0 1 0 0 1 0 0 0 0 0 1 0 0 0 0 10 0 0 0 0 0 0 0 0
0 0 0 0 0 0 0 0 0 4 2 0 0 1 0 0 0 0 0 0 0 2 3 0 0 0 0 0 0 0 1 0 0 0 0 1 0 0 0 0 0 0 0 0 0 0 0 0 0 0 0 2 1 3 1 9 3 1 8 10 0 0 0 0 0 1 0 0 0 23 16 16 83 104 65 37 92 59 83 127 241 155 366 138 30 3 1 269 25 16 391 406 7 117 343 99 91 118 278 14 14 235 325 11 3 6 19 1 1 1 19 57 91 9 2 4 1 0 7 4 18 41 5 1 1 2 0 4 0 0 1 0 0 0 0 0 0 1 0 0 0 0 0 0 0 0 0 0 0 0
2 0 0 0 0 0 0 0 0 0 0 0 0 0 0 0 0 0 0 0 0 0 0 0 0 0 0 0 0 0 1 0 0 0 0 1 0 0 3 0 0 0 0 0 0 0 0 0 0 0 0 0 3 24 1 2 0 2 11 11 19 5 11 0 2 9 0 0 1 25 2 5 7 10 21 8 37 67 544 252 295 99 296 91 65 85 38 108 67 31 105 11 27 268 248 76 55 281 381 28 26 108 142 162 69 34 1 4 7 14 71 124 22 5 5 17 0 1 3 4 5 1 2 1 2 1 5 0 0 0 0 0 0 0 0 0 0 0 0 0 0 0 0 0 0 0 0 0 0 0
2 0 0 0 0 0 0 0 0 2 0 19 1 0 5 0 0 0 0 0 0 0 0 0 0 0 0 0 0 0 0 0 0 0 0 0 0 0 0 0 0 0 0 0 0 0 0 0 0 0 0 0 0 1 0 0 0 2 5 8 86 71 1 1 0 6 3 1 1 13 0 0 0 2 0 2 5 19 12 157 246 382 234 20 2 3 153 106 66 19 4 2 82 244 305 412 18 395 59 40 94 17 79 107 248 29 70 59 18 31 263 21 75 0 11 0 0 0 0 3 2 2 0 3 5 0 0 2 0 0 5 0 0 0 0 0 0 0 0 0 0 0 0 0 0 0 0 0 0 0
0 0 0 0 0 0 0 1 2 1 0 0 0 0 0 0 0 0 0 0 0 0 0 0 0 0 0 0 0 0 0 0 0 0 0 0 0 0 1 0 0 0 0 0 0 0 0 1 2 0 1 0 3 2 0 0 5 1 1 1 12 48 12 5 0 0 0 0 0 2 0 0 0 0 0 1 2 7 46 172 318 352 224 85 482 260 83 11 33 40 24 2 0 251 290 548 211 22 28 7 19 27 4 1 11 104 94 74 30 8 311 307 39 1 2 58 141 147 73 27 11 2 5 3 3 8 7 0 0 5 17 1 0 0 0 0 0 0 0 0 0 0 0 0 0 0 0 0 0 0
0 0 3 0 0 0 13 0 0 2 2 1 0 0 0 0 2 0 1 0 0 0 0 0 0 0 0 0 0 0 0 1 0 0 1 1 0 0 0 0 0 1 0 0 0 0 1 1 2 1 8 0 1 2 0 0 0 3 4 6 0 39 7 0 0 0 0 0 0 0 0 0 0 0 0 0 8 5 36 111 125 55 107 54 65 117 51 77 109 139 22 0 3 35 135 221 312 10 11 34 8 6 2 3 39 149 350 99 60 27 84 15 39 0 0 39 83 362 111 43 90 37 65 39 23 90 79 73 8 7 0 36 4 5 1 0 0 0 0 0 0 0 0 0 0 0 0 0 0 0
0 0 0 0 0 0 0 0 0 2 0 0 0 0 0 0 6 1 0 0 0 0 0 0 0 0 0 0 0 0 0 0 0 0 2 0 0 0 0 0 0 0 3 14 2 0 0 0 0 0 0 0 2 1 5 0 3 0 0 1 2 2 0 0 0 2 0 1 0 0 1 0 0 0 0 0 3 37 57 105 177 19 11 13 24 14 3 1 32 193 7 0 0 1 4 26 242 72 58 3 0 2 3 9 6 43 152 164 2 6 68 35 9 38 4 58 220 42 110 374 144 103 37 18 103 49 0 0 0 106 0 0 11 1 8 0 1 0 0 0 0 0 0 0 0 0 0 0 0 0
0 0 0 0 0 0 0 1 1 0 0 0 0 0 0 0 1 2 0 4 1 6 0 0 0 0 0 0 0 0 0 0 0 0 0 0 0 0 0 0 0 0 10 1 2 0 0 0 0 0 0 0 0 0 2 0 0 0 0 0 0 0 0 0 0 1 0 0 0 2 1 0 0 0 0 8 53 222 47 10 47 60 11 0 5 3 2 0 0 0 0 0 1 12 8 4 183 108 130 84 1 0 6 1 2 0 4 34 178 99 415 240 50 329 48 4 5 37 324 383 30 72 105 0 14 28 14 0 17 12 0 0 4 2 0 0 0 0 0 0 0 0 0 0 0 0 0 0 0 0
0 0 0 0 0 0 1 0 0 1 0 0 0 0 0 0 0 0 19 2 6 2 0 0 0 0 0 0 0 0 1 3 0 0 0 0 0 0 0 0 0 0 0 22 5 0 0 0 0 0 0 13 1 0 0 0 0 0 1 0 0 1 1 0 0 0 4 5 5 7 10 0 0 0 1 109 230 231 46 9 27 322 8 2 3 108 0 0 0 4 0 0 0 13 2 2 14 233 41 67 0 1 122 22 103 5 20 275 109 169 372 367 379 94 98 230 44 45 206 158 65 21 0 0 0 2 1 0 5 0 0 0 0 0 0 0 0 0 0 0 0 0 0 0 0 0 0 0 0 0
0 0 0 0 0 1 0 5 0 0 0 0 0 0 0 0 0 0 1 1 0 0 0 0 0 0 0 0 0 0 0 0 0 0 0 0 0 0 0 0 0 0 0 7 7 0 0 0 0 2 0 12 3 0 1 0 0 3 1 7 13 4 2 2 2 132 32 24 35 293 17 0 1 0 5 292 634 464 115 0 1 152 8 0 0 2 2 11 0 5 2 8 2 0 0 0 14 71 73 36 0 13 118 234 505 416 526 243 464 264 224 237 202 216 111 46 46 18 8 81 24 21 7 2 0 3 10 0 1 1 0 0 0 0 0 0 0 0 0 0 0 0 0 0 0 0 0 0 0 0
0 0 0 0 0 0 0 9 34 1 0 0 0 0 0 0 0 0 0 0 0 3 5 0 0 0 0 0 1 1 0 0 0 0 0 0 0 0 0 0 0 0 0 0 0 4 0 0 0 4 63 25 0 0 0 2 7 24 1 18 30 6 0 13 9 14 97 37 5 38 58 11 23 72 224 525 496 268 41 0 1 0 0 0 0 0 4 14 2 38 0 0 0 0 1 41 5 22 3 4 2 0 437 169 206 356 294 71 164 316 239 122 166 95 84 21 11 262 94 11 3 2 53 77 12 27 2 0 0 2 0 0 0 0 3 1 0 0 0 0 0 0 0 0 0 0 0 0 0 0
0 0 0 0 0 0 1 0 0 0 0 0 0 1 0 0 3 0 0 3 0 0 23 3 2 3 0 0 0 0 0 0 0 0 0 0 0 0 0 0 0 0 0 0 0 6 2 0 5 4 6 0 0 11 2 1 10 28 12 8 2 0 0 0 0 2 0 0 0 0 0 1 30 23 89 98 231 78 37 0 0 0 1 0 0 0 0 18 26 9 0 0 1 0 1 0 7 0 1 26 2 49 263 277 93 83 119 37 105 122 111 409 102 127 189 32 10 7 41 6 0 0 18 2 5 82 0 4 1 0 0 0 0 0 0 0 0 0 0 0 0 0 0 0 0 0 0 0 0 0
0 0 0 0 0 0 0 0 0 0 0 0 0 0 0 0 0 0 0 0 2 1 0 0 5 1 2 3 0 0 0 0 0 0 0 0 0 0 0 0 0 0 0 0 0 4 16 1 0 8 3 9 1 5 5 4 18 18 116 1 3 1 0 0 0 0 5 78 2 2 12 1 19 15 10 27 5 25 4 0 0 0 3 0 0 0 0 2 61 1 0 6 12 10 3 0 0 0 18 166 69 44 89 38 29 101 37 49 185 101 42 17 20 94 51 38 29 41 8 0 0 0 1 0 26 121 58 2 0 0 0 0 0 0 0 0 0 0 0 0 0 0 0 0 0 0 0 0 0 0
0 0 0 1 1 0 0 0 0 0 0 0 1 0 0 0 1 0 0 0 0 0 0 0 0 1 19 16 3 0 0 0 0 0 1 4 0 0 0 0 0 0 0 0 6 21 3 10 7 102 10 8 2 34 2 14 117 7 34 87 8 4 0 0 0 0 2 0 0 0 3 2 4 4 0 34 27 5 2 0 0 0 3 5 0 6 3 1 0 0 4 25 21 88 7 1 0 11 98 3 69 89 12 9 13 32 38 120 124 0 0 21 1 111 3 0 6 0 0 0 0 0 7 2 5 43 52 60 1 1 0 0 0 0 0 0 0 0 0 0 0 0 0 0 0 0 0 0 0 0
0 0 0 0 0 0 0 0 0 0 0 0 1 0 0 0 0 0 0 0 1 8 12 0 1 1 4 5 31 2 0 0 0 0 0 0 0 0 0 0 0 1 1 14 2 24 15 4 1 35 17 1 0 2 18 6 0 7 0 0 0 1 0 0 0 2 0 0 2 0 13 15 1 0 0 6 4 0 0 0 0 0 0 0 0 6 3 0 0 0 0 9 3 1 0 9 0 7 5 1 274 333 219 25 14 62 45 115 25 4 0 0 0 18 1 0 0 0 0 0 0 0 0 16 11 0 0 28 1 0 0 0 0 0 0 0 0 0 0 0 0 0 0 0 0 0 0 0 0 0
0 0 0 0 1 0 0 0 0 0 0 0 0 0 0 1 0 0 1 0 0 1 1 0 0 0 0 0 0 4 0 2 2 0 1 0 0 0 0 3 1 2 4 3 0 4 3 6 6 53 58 51 17 21 7 2 0 0 3 0 1 1 3 2 144 21 1 0 3 1 41 6 1 0 7 17 49 15 0 11 0 2 1 0 0 0 0 1 3 3 0 1 0 0 0 0 0 0 100 185 624 421 163 39 0 2 12 10 1 0 0 0 0 1 0 0 0 0 0 0 0 0 1 1 0 0 44 247 0 0 0 0 0 0 0 0 0 0 0 0 0 0 0 0 0 0 0 0 0 0
0 0 0 0 0 0 0 0 0 0 0 0 0 1 0 1 14 0 0 0 0 1 3 0 0 0 0 0 0 0 1 14 2 2 0 0 0 1 0 1 54 36 0 0 1 0 0 1 73 294 92 51 8 0 1 0 0 2 0 0 1 0 0 0 5 3 4 0 1 24 2 17 3 0 0 0 14 12 5 6 4 6 5 21 8 1 0 0 67 14 0 0 0 1 0 2 1 0 25 102 71 46 12 1 9 1 19 13 5 0 0 0 2 25 0 0 0 0 0 0 0 0 0 0 0 19 8 0 0 0 1 0 0 0 0 0 0 0 0 0 0 0 0 0 0 0 0 0 0 0
0 0 0 0 0 0 0 0 0 0 0 0 0 1 3 0 0 0 0 0 0 0 1 0 0 0 0 0 0 0 0 2 3 3 1 0 2 15 2 1 0 0 0 0 0 0 4 13 15 338 291 31 3 0 0 0 0 0 1 0 0 0 0 0 2 0 26 7 0 1 2 6 5 1 0 1 0 0 3 7 0 5 9 0 0 2 8 0 0 0 0 0 1 1 0 0 2 0 0 0 1 0 4 5 29 10 5 17 27 26 4 2 11 0 0 0 0 0 0 0 0 0 0 0 8 17 9 0 0 0 0 0 0 0 0 0 0 0 0 0 0 0 0 0 0 0 0 0 0 0
0 0 0 0 0 0 0 0 0 0 0 0 0 0 0 0 0 0 0 2 3 0 0 1 0 1 0 0 0 0 0 2 1 2 1 0 4 5 3 0 0 0 0 0 25 9 10 18 1 76 44 13 0 1 0 0 0 3 0 0 0 0 0 0 0 0 0 0 0 0 0 1 54 11 1 0 0 0 0 0 0 0 29 59 2 4 0 0 0 0 0 0 0 1 0 0 0 0 0 0 0 0 0 12 18 11 4 0 1 3 0 23 3 0 0 0 0 0 0 0 0 0 0 6 2 2 8 13 0 0 0 0 0 0 0 0 0 0 0 0 0 0 0 0 0 0 0 0 0 0
0 0 0 0 0 0 0 0 0 0 0 0 0 0 0 0 0 0 0 0 1 0 0 0 0 0 0 0 0 0 0 0 0 64 70 0 0 47 0 0 0 0 0 3 2 11 13 0 0 9 14 6 4 3 9 0 0 2 0 1 0 0 0 0 0 0 0 3 2 0 0 0 1 0 4 4 0 0 0 0 0 0 6 13 5 3 0 0 0 0 1 0 0 0 0 0 2 0 0 4 4 2 5 3 140 0 0 0 0 0 0 0 0 0 0 0 0 0 0 0 0 0 0 0 0 2 15 0 0 0 0 0 0 0 0 0 0 0 0 0 0 0 0 0 0 0 0 0 0 0
0 0 0 0 0 0 0 0 0 0 0 0 0 0 1 0 0 0 0 0 0 0 0 0 0 0 0 0 0 0 0 0 1 4 8 0 0 1 0 0 0 0 0 3 57 6 2 0 0 1 23 6 0 0 0 0 0 0 0 0 1 0 0 0 0 0 0 0 3 0 1 10 1 0 1 2 4 0 0 0 0 0 0 0 0 2 0 0 0 2 0 0 0 1 2 2 0 4 0 0 1 8 1 29 61 58 0 0 0 0 0 0 1 0 8 0 0 0 0 0 0 0 0 0 0 2 1 10 0 0 0 0 0 0 0 0 8 6 0 0 0 0 0 0 0 0 0 0 0 0
0 0 0 0 0 0 0 0 0 0 0 0 0 0 7 0 0 1 0 0 1 3 0 0 0 0 0 4 0 0 0 1 0 3 8 0 0 0 0 1 0 0 0 2 34 7 1 0 0 2 3 0 0 0 3 0 0 0 0 0 0 0 0 0 1 0 0 0 0 0 1 1 0 0 0 0 7 1 0 0 0 0 3 0 0 5 1 5 0 0 1 0 0 0 1 0 0 0 0 0 3 4 1 10 5 74 14 0 0 0 0 0 0 0 2 0 0 0 2 0 0 0 0 0 3 29 10 1 0 0 0 0 0 0 0 0 0 3 0 0 0 0 0 0 0 0 0 0 0 0
0 0 0 0 0 0 0 0 0 0 0 0 0 14 1 0 0 8 0 0 0 6 12 0 0 0 0 0 0 2 0 0 0 5 0 0 0 7 2 0 10 18 6 32 58 1 1 0 1 0 0 7 6 7 1 1 0 0 0 0 0 0 0 0 0 0 0 0 0 0 9 3 0 0 0 0 0 5 0 0 0 0 0 0 0 0 0 6 3 0 0 0 0 0 0 0 0 0 0 0 0 4 3 1 2 255 173 2 0 0 0 0 0 0 0 0 1 36 19 1 0 0 0 12 22 14 9 41 33 1 0 0 0 0 0 0 0 0 0 0 0 0 0 0 0 0 0 0 0 0
0 0 0 0 0 0 0 1 0 0 0 0 5 1 3 3 7 8 1 8 0 2 0 0 0 0 0 2 8 3 0 0 0 0 1 7 3 4 17 29 92 282 116 43 21 0 0 2 1 0 0 0 5 0 0 0 0 0 0 0 0 0 0 0 0 0 0 0 0 0 3 5 0 0 0 0 0 3 2 0 0 3 1 0 6 0 0 0 3 0 0 0 0 0 0 2 1 0 0 0 1 22 4 3 52 83 69 109 2 0 0 0 0 0 0 0 35 22 3 0 0 0 0 16 41 43 181 140 3 1 0 0 0 1 0 2 0 0 0 0 0 0 0 0 0 0 0 0 0 0
0 0 0 0 0 0 0 0 0 4 5 26 23 1 0 4 2 4 0 5 0 1 16 23 1 1 1 0 0 0 0 0 0 1 12 6 0 2 19 141 147 301 234 237 18 0 0 1 1 0 9 0 18 28 2 1 0 0 0 0 0 0 0 0 0 0 0 0 0 0 0 0 1 0 0 0 0 0 1 0 0 0 0 0 2 0 0 0 0 2 0 0 2 8 1 3 0 0 0 0 0 0 8 3 3 21 0 13 4 0 0 0 0 0 13 28 115 158 10 6 3 4 0 52 21 12 139 105 249 157 5 9 7 26 0 0 0 0 0 0 0 0 0 0 0 0 0 0 0 0
0 0 0 0 0 0 0 0 1 0 1 1 0 0 1 1 0 0 1 1 0 2 49 10 0 0 0 0 0 0 1 1 0 0 0 5 6 4 5 26 237 177 141 44 19 2 11 1 0 0 0 0 3 1 0 13 0 0 0 0 0 0 0 0 0 0 0 0 0 0 0 0 0 0 0 0 1 1 2 0 0 3 1 0 12 0 0 0 8 17 2 0 4 62 0 0 0 3 0 0 0 0 0 6 0 0 0 0 5 0 1 0 0 0 7 321 131 295 20 40 23 11 35 0 0 0 7 28 0 19 1 59 152 5 3 0 0 0 0 0 0 0 0 0 0 0 0 0 0 0
0 0 0 0 0 0 1 0 0 0 1 5 0 0 0 0 0 5 1 2 99 66 2 0 0 0 0 0 0 3 2 0 2 7 2 1 0 0 0 28 166 100 125 41 15 1 0 0 6 0 1 0 0 1 0 0 0 0 0 0 0 0 0 0 0 0 0 0 0 0 0 0 0 0 0 0 0 0 1 0 2 1 4 89 7 0 0 0 0 0 0 0 0 12 1 0 1 0 0 0 0 0 0 0 1 0 0 2 36 37 73 80 24 16 107 314 190 56 14 251 9 43 2 0 9 3 7 32 0 0 1 40 81 3 8 0 0 0 0 0 0 0 0 0 0 0 0 0 0 0
0 0 0 0 0 0 1 1 0 0 0 1 0 3 0 3 2 0 1 2 20 0 0 0 0 0 0 0 0 6 0 0 0 2 0 0 1 1 2 10 3 28 5 2 0 0 0 0 0 1 1 0 16 0 0 0 7 1 0 0 0 0 0 0 0 0 0 0 0 0 0 0 0 0 0 0 0 11 1 0 0 2 2 3 0 0 0 0 1 0 0 0 0 0 0 0 0 0 0 0 0 0 0 0 0 0 0 1 25 33 46 14 6 56 534 136 90 255 24 154 25 1 0 2 0 2 3 0 0 0 13 90 0 0 0 0 0 0 0 0 0 0 0 0 0 0 0 0 0 0
0 0 1 0 0 2 5 0 0 1 0 0 0 1 2 1 0 0 8 6 9 0 0 0 0 0 0 0 0 1 22 0 9 0 4 0 0 0 3 0 6 3 3 0 0 2 0 0 0 1 0 2 84 3 84 15 6 0 1 0 0 0 0 0 0 0 0 0 0 0 0 0 0 0 0 0 0 2 2 0 0 0 3 0 0 0 0 0 0 0 0 0 0 18 1 0 0 9 0 1 4 0 0 0 0 0 1 15 6 7 1 3 21 54 42 106 25 66 24 21 102 0 0 0 0 0 0 0 0 0 0 15 1 0 0 0 0 0 0 0 0 0 0 0 0 0 0 0 0 0
0 0 1 0 0 0 7 1 0 47 0 0 1 1 7 3 4 1 2 0 1 0 2 0 0 0 0 7 3 3 9 13 9 0 0 3 0 2 0 0 2 2 1 1 0 0 1 0 0 0 1 21 131 19 0 9 1 0 0 0 0 0 0 0 0 0 0 0 0 0 0 0 0 0 0 0 3 0 0 0 0 0 0 0 0 0 0 0 0 0 1 2 13 4 0 3 0 0 0 2 1 0 0 0 0 0 0 13 181 2 0 0 0 0 0 0 1 17 96 345 16 0 0 0 0 0 0 0 0 0 0 0 12 0 0 0 0 0 0 0 0 0 0 0 0 0 0 0 0 0
0 0 0 2 0 1 4 102 1 0 4 1 1 0 0 120 18 7 0 3 0 0 2 0 2 0 1 1 0 2 5 4 2 0 1 1 0 0 0 0 2 0 0 1 0 0 1 0 0 0 0 8 1 3 10 0 0 0 0 0 0 0 0 0 0 0 0 0 0 0 0 0 0 0 0 0 2 2 0 0 0 0 1 0 0 0 0 0 2 0 1 0 0 0 0 0 0 0 3 1 0 0 1 0 0 5 10 8 41 0 0 0 0 0 0 0 0 14 18 94 63 22 0 0 1 5 0 0 0 11 31 1 16 3 0 0 0 0 0 0 0 0 0 0 0 0 0 0 0 0
0 0 0 0 0 1 0 0 0 1 4 1 0 0 6 13 9 3 1 2 0 0 0 2 0 3 0 0 0 0 0 0 0 0 2 0 0 0 0 1 1 4 2 0 1 0 0 2 0 0 0 5 8 10 8 8 3 0 0 0 0 0 0 0 0 0 0 0 0 0 0 0 0 0 0 0 0 8 19 0 0 4 0 0 0 0 0 27 2 0 1 0 1 0 0 0 0 0 0 1 3 2 20 3 0 1 6 4 18 2 0 0 0 0 3 7 25 156 26 33 136 40 0 4 111 10 0 0 0 15 141 0 0 0 0 0 0 0 0 0 0 0 0 0 0 0 0 0 0 0
0 0 0 0 0 2 1 0 0 12 1 24 2 11 0 0 1 3 0 0 1 0 0 0 1 0 1 2 20 0 0 0 0 0 0 0 0 0 5 0 0 5 7 0 1 0 3 2 0 0 0 22 3 0 0 1 0 0 0 0 0 0 0 0 0 0 0 0 0 0 0 0 0 0 0 0 0 2 12 0 0 0 0 0 0 0 2 2 0 0 0 0 0 0 0 0 0 0 0 0 0 0 2 0 12 0 1 1 11 3 0 0 0 0 17 178 185 153 30 7 14 29 39 59 29 0 0 0 0 83 36 0 0 0 0 0 0 0 0 0 0 0 0 0 0 0 0 0 0 0
0 0 1 0 0 0 2 0 0 0 1 25 1 0 0 1 1 0 0 1 1 0 0 0 0 0 0 3 3 0 0 0 0 1 0 0 0 0 2 0 0 0 0 0 1 0 0 0 0 0 3 13 0 1 0 0 0 0 2 1 0 0 0 0 0 0 0 0 0 0 0 0 0 0 0 0 0 2 16 27 0 5 4 0 0 0 1 0 0 0 0 0 2 1 0 0 0 0 0 1 1 0 0 0 0 0 3 0 6 0 0 0 30 1 15 0 0 22 102 98 2 101 180 164 149 48 19 32 127 357 155 0 0 0 0 0 0 0 0 0 0 0 0 0 0 0 0 0 0 0
1 0 0 0 0 1 0 1 0 3 24 1 0 10 15 2 0 0 0 0 0 0 0 0 0 6 3 2 0 0 0 1 1 1 0 0 0 0 1 2 0 1 0 0 0 0 1 0 0 1 0 206 2 0 0 0 1 0 1 2 0 0 0 0 0 0 0 0 0 0 0 0 0 0 0 0 0 4 9 0 0 4 6 0 0 0 0 0 0 0 0 0 1 7 0 3 7 0 1 0 4 0 0 2 3 0 3 0 69 10 0 2 3 1 0 0 0 70 58 105 175 254 253 210 371 334 138 208 232 166 82 0 0 0 0 0 0 0 0 0 0 0 0 0 0 0 0 0 0 0
0 0 0 0 0 0 0 2 15 2 0 0 0 0 0 4 3 3 0 0 0 0 0 0 1 0 14 0 1 0 0 0 0 0 0 0 0 3 1 1 0 0 0 0 0 0 0 0 5 8 348 195 5 65 3 0 3 0 0 9 2 0 0 0 0 0 0 0 0 0 0 0 0 0 0 0 0 0 1 0 3 1 0 0 0 0 0 0 0 0 0 0 2 0 0 0 0 0 2 1 0 1 1 0 3 2 1 7 0 2 7 1 1 0 0 2 1 5 175 403 403 325 91 434 355 235 48 198 123 19 2 0 0 0 0 0 0 0 0 0 0 0 0 0 0 0 0 0 0 0
0 2 0 0 0 1 0 1 6 2 0 0 1 0 7 0 0 1 1 0 0 0 0 0 3 3 0 0 1 0 0 13 4 0 0 1 0 0 0 0 0 0 0 0 0 0 0 0 0 4 309 262 251 220 3 4 0 0 2 3 1 0 0 0 0 0 0 0 0 0 0 0 0 0 0 0 0 0 0 6 0 1 0 0 0 0 0 3 24 0 0 8 4 0 0 0 0 0 0 0 2 0 1 1 0 44 415 1 0 0 1 0 0 0 0 0 2 0 32 94 104 193 90 860 354 132 29 37 2 130 168 181 0 0 0 0 0 0 0 0 0 0 0 0 0 0 0 0 0 0
1 1 0 3 0 0 4 3 2 2 1 12 0 2 0 0 0 0 0 0 0 0 0 0 0 0 0 0 0 0 0 4 0 0 0 0 0 0 0 0 0 0 0 1 0 0 0 0 1 1 112 81 181 175 23 15 0 0 0 0 2 0 0 0 0 0 0 0 0 0 0 0 0 0 0 0 0 0 0 38 0 1 0 0 0 0 0 3 6 0 0 6 12 0 0 0 0 0 0 0 0 24 2 28 0 3 0 1 0 0 0 0 0 0 0 0 0 0 2 7 70 84 76 160 386 227 78 92 123 220 76 67 0 0 0 0 0 0 0 0 0 0 0 0 0 0 0 0 0 0
3 3 1 0 0 2 5 4 0 0 1 0 0 0 0 0 0 0 0 0 0 0 0 0 0 0 0 0 0 0 0 0 1 0 0 0 1 0 0 0 0 0 0 0 0 0 2 0 0 10 2 28 69 8 4 0 0 0 0 1 0 1 0 0 0 0 0 0 0 0 0 0 0 0 0 0 0 0 0 0 0 0 0 0 0 0 8 9 1 0 0 79 37 3 1 0 0 0 0 3 11 0 4 41 2 1 2 0 0 0 0 0 0 0 0 0 0 2 0 5 25 188 80 141 38 116 143 631 63 41 5 7 0 0 0 0 0 0 0 0 0 0 0 0 0 0 0 0 0 0
0 0 2 0 0 0 3 149 5 2 1 4 2 0 0 0 0 0 0 0 0 0 0 0 0 0 0 0 2 0 0 0 0 0 0 0 0 0 0 0 0 0 0 0 0 0 0 0 0 0 0 5 14 1 2 0 0 8 34 1 0 0 0 0 0 0 0 0 0 0 0 0 0 0 0 0 0 0 0 0 0 0 0 4 0 1 0 0 3 11 22 25 113 0 1 0 0 0 5 3 10 153 55 130 95 6 4 5 0 2 0 0 0 0 1 0 0 28 3 99 69 270 678 488 235 86 676 486 382 0 0 0 0 0 0 0 0 0 0 0 0 0 0 0 0 0 0 0 0 0
4 0 5 0 4 3 1 4 1 5 0 0 0 1 0 0 0 1 0 1 0 0 0 0 0 0 0 0 1 0 0 0 0 0 0 0 0 0 0 0 1 0 0 0 0 0 0 0 0 0 0 2 6 1 2 0 0 0 31 0 1 0 0 0 0 0 0 0 0 0 0 0 0 0 0 0 0 0 0 0 0 1 1 0 0 3 0 0 2 4 78 22 31 2 2 93 0 0 0 2 27 105 204 164 94 2 1 0 1 0 0 0 0 0 0 0 0 63 70 119 178 0 0 53 11 81 106 194 87 0 5 0 0 0 0 0 0 0 0 0 0 0 0 0 0 0 0 0 0 0
1 0 35 0 11 18 20 2 0 2 0 0 0 1 0 0 0 0 0 0 1 0 0 0 0 0 0 0 0 0 0 0 0 0 0 0 0 0 0 0 0 0 0 0 0 0 0 0 0 0 0 1 7 0 0 0 0 1 0 3 0 0 0 0 0 0 0 0 0 0 0 0 0 0 0 0 0 0 0 0 4 12 0 0 72 0 18 0 0 0 0 0 2 0 0 0 0 0 0 1 3 33 293 60 20 58 2 3 1 0 0 0 0 0 0 0 99 92 36 6 0 0 0 0 19 84 18 180 143 3 0 0 0 0 0 0 0 0 0 0 0 0 0 0 0 0 0 0 0 0
1 12 41 18 230 243 52 25 5 0 0 0 0 0 0 0 0 0 0 0 0 0 0 0 0 0 0 0 0 0 0 0 0 0 0 0 0 0 1 0 0 0 0 4 0 0 0 1 0 1 0 4 6 0 0 0 0 0 1 2 0 2 0 0 0 0 0 0 0 0 0 0 0 0 0 0 0 0 1 3 0 0 0 0 4 0 2 40 6 0 0 0 0 0 0 0 0 0 0 0 0 146 163 47 56 35 4 0 0 2 0 0 0 0 0 9 20 3 5 9 0 0 0 0 10 107 87 232 69 0 0 0 0 0 0 0 0 0 0 0 0 0 0 0 0 0 0 0 0 0
0 22 146 282 173 137 42 4 0 0 0 0 0 0 0 1 0 0 2 0 1 0 0 0 2 0 0 1 0 0 0 0 0 0 17 0 0 0 0 0 0 0 1 0 0 0 0 2 25 0 0 0 1 0 0 0 1 0 0 0 0 0 0 0 0 0 0 0 0 0 0 0 0 0 0 0 0 2 0 0 0 0 0 0 0 0 3 2 1 0 0 0 0 0 0 0 0 0 0 0 8 7 1 1 7 18 0 0 0 0 0 0 0 0 0 0 1 0 0 12 10 22 1 0 6 24 10 261 33 0 0 0 0 0 0 0 0 0 0 0 0 0 0 0 0 0 0 0 0 0
0 1 99 85 26 119 8 3 0 0 0 2 0 0 0 0 0 1 0 2 2 0 0 0 0 0 0 0 0 0 0 0 0 0 1 0 0 0 0 0 0 0 0 1 0 0 0 0 0 0 0 0 0 1 0 1 0 0 0 0 0 0 0 0 0 0 0 0 0 0 0 0 0 0 0 0 0 1 0 0 0 0 0 0 0 0 12 0 1 1 5 1 0 0 1 11 0 0 0 231 239 67 53 33 2 30 2 0 0 0 0 1 0 0 0 0 0 0 5 13 12 22 52 40 13 3 0 0 0 0 0 0 0 0 0 0 0 0 0 0 0 0 0 0 0 0 0 0 0 0
1 1 13 17 15 2 0 2 0 0 1 0 0 0 0 0 0 0 0 0 1 13 0 0 0 0 0 0 2 1 0 0 0 0 0 0 0 0 0 0 0 0 0 0 1 6 0 0 0 1 0 0 0 0 0 2 0 0 0 0 0 0 0 0 0 0 0 0 0 0 0 0 0 0 0 0 0 0 0 0 0 0 0 0 0 0 1 0 0 5 4 0 0 0 12 37 26 10 80 540 167 234 44 5 0 16 8 17 0 1 0 0 0 0 0 0 1 0 0 0 24 3 2 2 1 10 1 5 19 9 0 0 0 0 0 0 0 0 0 0 0 0 0 0 0 0 0 0 0 0
7 7 11 7 0 0 0 1 0 0 0 0 0 0 0 0 0 0 0 0 0 4 0 0 0 0 0 0 0 0 1 0 0 3 0 0 0 0 0 0 0 0 0 0 0 0 0 2 0 0 0 0 0 1 18 2 3 0 0 0 0 0 0 0 0 0 0 0 0 0 0 0 0 0 7 0 0 0 0 0 0 0 0 0 0 0 2 1 0 0 37 3 0 0 27 66 15 2 36 56 12 0 1 1 1 0 0 28 151 21 0 0 0 0 0 0 0 0 1 0 8 0 0 0 3 22 3 24 111 104 2 0 0 0 0 0 0 0 0 0 0 0 0 0 0 0 0 0 0 0
3 0 1 0 0 1 2 0 0 0 0 0 0 0 0 0 0 0 0 0 0 0 0 0 0 0 0 0 0 0 2 9 0 0 0 0 0 0 0 0 0 0 0 0 0 0 0 0 0 0 0 0 1 2 3 1 0 0 0 0 0 0 0 0 0 0 0 0 0 0 0 0 0 0 10 3 0 0 0 0 0 0 0 0 0 0 132 29 62 13 22 2 6 4 0 10 6 4 0 0 2 2 0 0 1 1 46 69 24 2 0 0 0 0 0 0 0 0 0 0 1 0 1 0 4 58 12 38 35 44 8 0 0 0 0 0 0 0 0 0 0 0 0 0 0 0 0 0 0 0
3 0 0 0 0 0 0 0 0 0 0 0 0 0 0 0 0 0 0 0 1 0 0 0 0 0 0 0 1 0 0 0 0 0 0 0 0 0 0 0 0 0 0 0 0 0 15 0 0 0 0 0 6 5 2 1 0 0 0 0 0 0 0 0 0 0 0 0 0 0 0 1 0 0 0 0 0 0 0 0 0 0 0 0 0 0 0 0 55 1 0 0 0 0 0 6 0 0 0 0 1 0 0 0 0 70 133 79 13 15 0 0 0 0 0 0 0 0 4 0 0 14 0 1 0 0 5 8 0 5 0 0 0 0 0 0 0 0 0 0 0 0 0 0 0 0 0 0 0 0
0 0 0 1 0 1 0 0 0 0 0 0 0 0 0 0 0 0 0 0 0 0 0 3 0 0 0 0 2 0 0 0 0 0 0 0 0 0 0 0 0 0 0 0 0 1 0 0 0 0 0 1 0 11 0 1 0 0 0 0 0 0 0 0 0 0 0 0 0 0 1 0 1 0 0 0 0 0 0 0 0 0 0 0 0 0 0 0 0 0 0 0 0 1 0 0 0 0 3 0 0 1 1 0 9 13 51 0 11 25 0 0 0 0 0 0 0 0 0 0 0 0 0 10 21 6 168 7 9 4 7 0 0 0 0 0 0 0 0 0 0 0 0 0 0 0 0 0 0 0
0 0 0 0 3 8 4 0 0 0 0 0 0 0 0 0 0 0 0 0 0 0 0 0 0 0 1 0 0 0 0 9 0 0 0 0 0 0 0 0 0 0 0 1 2 0 0 0 0 0 0 0 4 0 0 0 1 0 0 0 0 0 0 0 0 0 0 0 0 3 0 0 0 0 0 0 0 0 0 0 0 0 0 0 0 0 0 0 0 0 0 3 24 0 0 0 0 0 0 0 0 2 4 13 6 0 0 0 0 1 0 0 0 0 0 0 0 0 0 0 0 0 0 2 0 0 0 112 0 0 0 0 0 0 0 0 0 0 0 0 0 0 0 0 0 0 0 0 0 0
0 0 0 0 22 10 0 0 0 0 0 0 0 0 1 0 0 0 0 0 0 0 0 0 0 0 0 0 8 0 0 0 0 0 0 0 0 0 0 1 0 0 0 0 0 0 0 0 0 1 0 0 0 1 4 2 0 0 0 0 0 0 0 0 0 0 0 0 1 0 0 0 0 0 0 0 0 0 0 0 0 0 0 0 0 0 0 0 2 11 22 53 6 0 0 0 0 0 0 2 7 177 140 13 0 2 3 0 0 89 5 2 0 0 0 0 0 0 0 0 0 0 0 0 0 0 11 3 0 0 0 0 0 0 0 0 0 0 0 0 0 0 0 0 0 0 0 0 0 0
0 0 0 0 0 0 0 0 0 0 0 0 0 0 0 0 1 0 0 0 0 0 0 0 0 0 0 0 0 0 0 0 0 0 0 0 0 0 0 0 0 0 0 0 0 0 0 0 0 0 0 0 0 1 0 0 0 0 0 0 0 0 0 0 0 0 0 0 0 0 0 0 0 0 0 0 0 0 0 0 0 0 0 0 0 0 0 0 1 13 33 20 11 4 0 10 2 0 0 4 25 23 14 1 0 0 0 0 0 0 0 0 0 0 0 0 0 0 0 0 0 19 32 0 0 2 1 0 0 0 0 0 0 0 0 0 0 0 0 0 0 0 0 0 0 0 0 0 0 0
0 0 0 0 0 2 3 0 0 0 0 0 3 1 0 1 0 0 0 0 0 0 0 0 0 0 1 0 0 12 0 0 0 0 0 2 0 0 0 0 0 0 0 0 0 4 0 0 0 0 0 0 0 3 1 0 0 0 0 0 0 0 0 0 0 0 1 1 41 0 0 0 0 0 0 0 0 0 0 0 0 0 0 0 0 3 1 0 1 3 0 0 2 0 5 0 0 1 0 1 22 0 0 0 0 0 0 1 0 2 1 21 0 0 0 0 0 0 0 0 0 0 0 0 0 0 0 0 0 0 0 0 0 0 0 0 0 0 0 0 0 0 0 0 0 0 0 0 0 0
0 0 0 0 0 0 0 0 0 0 0 0 0 0 0 1 0 0 0 0 0 0 0 0 0 0 1 0 1 0 0 0 0 0 0 0 0 0 0 0 0 0 1 0 0 0 0 3 0 1 0 0 0 2 0 0 3 0 0 0 0 0 0 0 0 0 1 11 2 0 0 0 0 0 0 0 0 0 0 0 0 0 0 0 3 0 0 0 0 3 0 0 2 0 0 0 1 0 1 2 9 7 0 0 1 0 0 2 4 27 41 146 4 0 0 0 0 0 0 0 0 0 0 0 0 0 0 0 0 0 0 0 0 0 0 0 0 0 0 0 0 0 0 0 0 0 0 0 0 0
0 0 0 0 1 1 2 0 0 0 0 0 0 0 0 0 0 0 0 0 0 0 0 0 0 0 0 0 0 0 0 0 0 0 0 0 0 0 1 0 0 0 0 0 0 0 0 0 4 0 0 0 0 0 0 13 12 12 0 0 0 0 0 1 0 0 5 20 0 0 1 0 0 0 0 0 0 0 0 0 0 0 0 0 7 0 1 2 2 1 0 0 1 0 0 1 6 4 3 0 1 0 3 0 0 0 2 0 9 10 32 9 8 0 0 0 0 0 0 0 0 0 0 0 0 0 0 0 0 0 0 0 0 0 0 0 0 0 0 0 0 0 0 0 0 0 0 0 0 0
0 0 0 0 0 0 0 0 0 0 0 0 0 0 0 0 1 0 0 0 0 0 0 0 0 0 0 0 0 2 0 0 0 0 0 2 0 0 0 0 0 0 0 0 0 2 0 3 20 0 0 0 0 0 0 2 1 4 9 6 0 0 0 3 2 2 0 1 0 1 0 0 0 0 0 0 0 0 0 0 0 0 0 0 0 0 0 0 0 1 1 0 0 1 0 25 2 0 0 0 0 0 0 0 1 11 134 199 113 29 9 0 0 1 0 0 0 0 0 0 0 0 0 0 0 0 0 0 0 0 0 0 0 0 0 0 0 0 0 0 0 0 0 0 0 0 0 0 0 0
0 0 0 1 1 16 1 3 0 1 0 0 0 1 0 0 0 0 0 0 0 0 0 0 0 0 0 0 0 0 0 0 0 0 0 0 0 0 2 0 0 1 0 0 1 0 7 6 0 1 0 0 1 1 1 1 0 0 0 0 0 0 0 0 0 0 0 3 0 4 0 0 0 0 0 0 0 0 0 0 0 0 0 0 0 0 0 0 0 1 3 1 0 0 23 3 0 0 0 0 0 3 0 3 8 9 25 113 51 77 27 52 6 0 0 0 0 0 0 0 0 0 0 0 0 0 0 0 0 0 0 0 0 0 0 0 0 0 0 0 0 0 0 0 0 0 0 0 0 0
0 0 0 0 5 6 2 0 0 0 0 0 0 0 0 0 1 0 0 0 0 0 0 0 0 0 0 0 0 0 0 0 0 0 0 0 0 0 0 0 0 0 1 0 0 0 2 1 1 0 0 0 0 0 0 0 0 0 2 0 0 0 0 0 0 1 0 0 0 0 0 0 2 0 0 0 0 0 0 0 0 0 0 0 0 0 0 0 0 0 0 0 0 11 1 7 61 0 0 0 0 0 0 10 40 58 0 0 2 17 0 3 0 0 0 0 0 0 0 0 0 0 0 0 0 0 0 0 0 0 0 0 0 0 0 0 0 0 0 0 0 0 0 0 0 0 0 0 0 0
0 0 0 0 0 2 0 0 5 1 0 0 0 0 0 0 0 0 0 0 0 0 0 0 0 0 0 0 0 0 0 0 0 0 0 0 0 0 0 0 0 0 0 0 0 0 0 0 0 2 0 0 0 0 0 0 0 0 1 0 0 0 0 0 0 0 0 0 0 0 0 1 0 1 0 0 0 0 0 0 0 0 0 0 0 0 0 0 0 0 0 1 16 2 4 57 107 0 0 0 0 0 0 1 3 0 0 0 0 0 5 24 0 0 0 0 0 0 0 0 0 0 0 0 0 0 0 0 0 0 0 0 0 0 0 0 0 0 0 0 0 0 1 1 0 0 0 0 0 0
0 0 0 0 0 0 0 0 0 1 0 0 0 0 6 0 0 0 0 0 0 0 0 0 0 0 0 0 0 0 0 0 0 0 0 0 0 0 0 0 0 0 1 1 0 0 0 0 0 0 0 1 1 1 0 0 0 0 1 1 5 0 0 0 0 0 0 0 0 0 3 1 0 0 0 0 0 0 0 0 0 0 0 0 0 0 0 0 2 0 2 3 30 50 13 0 0 0 0 0 0 0 4 2 0 0 0 1 0 40 5 0 0 0 0 0 0 0 0 0 0 0 0 0 0 0 0 0 0 0 0 0 0 0 0 0 0 0 0 0 0 0 0 1 0 0 0 0 0 0
0 0 0 0 1 0 0 0 0 1 0 0 0 1 0 0 0 0 0 0 0 0 0 0 0 0 0 0 0 0 0 0 0 0 0 0 0 0 0 0 0 0 0 0 0 0 0 0 0 0 1 0 9 0 0 0 0 0 0 1 1 0 0 0 0 0 0 0 0 0 0 0 0 0 0 0 0 0 0 0 0 0 0 0 0 0 0 0 0 0 3 21 234 0 0 0 1 0 0 0 0 0 0 1 0 0 0 0 1 3 0 0 0 0 0 0 0 0 0 0 0 0 0 0 0 0 0 0 0 0 0 0 0 0 0 0 0 0 0 0 0 0 0 0 0 0 0 0 0 0
0 0 0 0 0 0 0 0 0 0 0 0 1 0 0 0 0 0 0 0 0 0 0 1 1 0 0 0 0 0 0 0 0 0 0 0 0 0 0 0 0 0 0 0 0 0 0 0 0 0 2 5 0 0 0 0 0 0 0 1 2 1 0 0 0 0 0 0 0 0 0 19 0 0 0 0 0 0 0 0 0 0 0 0 0 0 0 0 0 0 0 4 0 4 0 0 0 0 0 0 0 0 0 0 0 0 0 0 0 0 0 0 0 0 0 0 0 0 0 0 0 0 0 0 0 0 0 0 0 0 0 0 0 0 0 0 0 0 0 0 0 0 0 0 0 0 0 0 0 0
0 0 0 0 0 0 0 0 0 0 0 0 0 0 0 0 0 0 0 0 0 1 3 7 0 0 0 0 0 0 0 0 0 0 0 0 0 0 0 0 0 0 0 0 0 0 0 0 0 0 0 6 1 0 0 0 0 0 0 0 0 2 3 0 0 0 0 0 0 0 0 1 0 0 0 0 0 0 0 0 0 0 0 0 0 0 0 0 0 0 0 0 2 1 3 0 0 0 0 0 0 0 0 0 0 0 0 0 0 0 0 0 0 0 0 0 0 0 0 0 0 0 0 0 0 0 0 0 0 0 0 0 0 0 0 0 0 0 0 0 0 0 0 0 0 0 0 0 0 0
0 0 0 0 0 0 0 0 0 0 0 0 0 0 0 0 0 0 0 0 0 0 2 0 0 0 0 0 0 0 0 0 0 0 0 0 0 0 0 0 0 0 0 0 0 0 0 0 0 0 0 13 5 2 0 0 0 0 0 0 0 30 6 0 0 0 0 0 0 0 0 0 0 0 1 0 0 0 0 0 0 0 0 0 0 0 0 0 0 0 5 0 0 3 2 2 0 0 0 0 0 0 0 0 0 0 0 0 0 0 0 0 0 0 0 0 0 0 0 0 0 0 0 0 0 0 0 0 0 0 0 0 0 0 0 0 0 0 0 0 0 0 0 0 0 0 0 0 0 0
0 0 0 0 0 0 0 0 0 0 0 0 0 0 0 0 0 0 0 0 0 0 0 0 1 0 0 0 0 0 2 0 0 0 0 0 0 0 0 0 0 0 0 0 0 0 0 0 0 0 1 6 68 0 0 0 0 0 0 0 0 1 0 0 0 0 0 0 0 0 0 0 0 0 0 0 0 0 0 0 0 0 0 0 0 0 0 0 0 0 0 0 2 1 0 2 0 0 1 0 0 0 0 0 0 0 0 0 0 0 0 0 0 0 0 0 0 0 0 0 0 0 0 0 0 0 0 0 0 0 0 0 0 0 0 0 0 0 0 0 0 0 0 0 0 0 0 0 0 0
0 0 0 0 0 0 0 0 2 0 0 0 1 0 0 2 0 0 0 0 0 0 0 0 2 1 1 0 0 0 0 0 0 0 0 0 0 0 0 0 0 0 0 0 0 0 0 0 0 0 0 10 67 0 4 0 0 0 0 0 0 2 1 0 0 0 0 0 0 0 0 0 0 0 0 0 0 0 0 0 0 0 0 0 0 0 0 0 0 0 0 0 0 0 0 0 1 0 0 0 0 0 0 0 0 0 0 0 0 0 0 0 0 0 0 0 0 0 0 0 0 0 0 0 0 0 0 0 0 0 0 0 0 0 0 0 0 0 0 0 0 0 0 0 0 0 0 0 0 0
0 0 0 0 0 0 0 0 0 2 0 0 0 0 0 0 1 0 0 0 0 0 0 0 0 1 0 0 0 0 0 0 0 0 0 0 0 0 0 0 0 0 0 0 0 0 0 0 0 0 0 1 1 0 0 0 0 0 0 0 6 0 0 0 0 0 0 0 0 0 0 0 0 0 0 0 0 0 0 0 0 0 0 0 0 0 0 0 0 0 0 0 0 0 0 2 1 0 0 0 0 0 0 0 0 0 0 0 0 0 0 0 0 0 0 0 0 0 0 0 0 0 0 0 0 0 0 0 0 0 0 0 0 0 0 0 0 0 0 0 0 0 0 0 0 0 0 0 0 0
0 0 0 0 0 0 0 0 0 0 1 5 0 0 0 0 0 0 0 0 0 0 0 0 0 0 0 0 0 0 0 0 0 0 0 1 0 0 0 0 0 0 0 0 0 0 2 0 0 0 0 0 0 0 0 0 0 0 0 0 1 0 0 0 0 0 0 0 0 0 0 0 0 0 0 0 0 0 0 0 0 0 0 0 0 0 0 0 0 0 0 0 0 0 0 6 7 7 0 0 0 0 0 0 0 0 0 0 0 0 0 0 0 0 0 0 0 0 0 0 0 0 0 0 0 0 0 0 0 0 0 0 0 0 0 0 0 0 0 0 0 0 0 0 0 5 0 0 0 0
0 0 0 0 0 0 0 0 0 0 0 0 0 0 0 0 0 0 0 0 0 0 0 0 0 0 0 0 0 0 0 0 0 0 0 0 0 0 0 0 0 0 0 0 0 0 0 0 0 0 0 0 0 0 0 0 0 0 0 0 0 0 0 0 0 0 0 0 0 0 0 0 1 0 0 0 0 0 0 0 0 0 0 0 0 0 0 0 0 0 0 0 0 0 0 0 3 0 0 4 0 0 0 0 0 0 0 0 0 0 0 0 0 0 0 0 0 0 0 0 0 0 0 0 0 0 0 0 0 0 0 0 0 0 0 0 0 0 0 0 0 0 0 0 0 0 0 0 0 0
0 0 0 0 0 0 0 0 0 0 0 0 0 0 0 0 0 0 0 1 0 0 0 0 0 0 0 0 0 0 0 0 0 0 0 0 0 0 0 0 0 0 0 0 1 0 0 0 0 0 0 0 0 0 0 0 0 0 0 0 1 0 0 0 0 0 0 0 0 0 0 0 0 0 0 0 0 0 0 0 0 0 0 0 0 0 0 0 0 0 0 0 0 0 1 0 0 0 0 0 0 0 0 0 0 0 0 0 0 0 0 0 0 0 0 0 0 0 0 0 0 0 0 0 0 0 0 0 0 0 0 0 0 0 0 0 0 0 0 0 0 0 0 0 0 0 0 0 0 0
0 0 0 0 0 0 0 0 0 0 0 0 0 0 0 0 4 0 0 0 0 0 0 0 0 0 0 0 0 0 0 0 0 0 0 0 0 0 0 0 0 0 0 0 2 0 0 0 0 0 0 0 0 0 0 0 0 0 0 0 0 0 0 0 0 0 0 0 0 0 0 0 0 0 0 0 0 0 0 0 0 0 0 0 0 0 0 0 0 0 0 0 0 0 0 0 1 0 0 0 0 0 0 0 0 0 0 0 0 0 0 0 0 0 0 0 0 0 0 0 0 0 0 0 0 0 0 0 0 0 0 0 0 0 0 0 0 0 0 0 0 0 0 0 0 0 0 0 0 0
0 0 0 0 0 0 0 0 0 0 0 0 1 1 0 4 0 0 0 0 0 0 0 0 0 0 0 0 0 0 0 0 0 0 0 0 0 0 0 0 0 0 0 0 0 0 0 0 0 0 0 0 0 0 0 0 0 0 0 0 0 0 0 0 0 0 0 0 5 0 0 0 0 0 0 0 0 0 0 0 0 0 0 0 0 0 0 0 0 0 0 0 0 0 0 0 0 0 0 1 0 0 0 0 0 0 0 0 0 0 0 0 0 0 0 0 0 0 0 0 0 0 0 0 0 0 0 0 0 0 0 0 0 0 0 0 0 0 0 0 0 0 0 0 0 0 0 0 0 0
0 0 0 0 0 0 0 0 0 0 0 0 0 0 0 0 1 2 1 0 0 0 0 0 0 0 0 0 0 0 0 0 0 0 0 0 32 14 0 0 0 0 0 0 0 0 0 0 0 0 0 0 0 0 0 0 0 0 0 0 0 1 0 0 0 0 0 0 32 8 0 0 0 0 0 0 0 0 0 0 0 0 0 0 0 0 0 0 0 0 0 0 0 0 0 0 0 0 0 0 0 0 0 0 0 0 0 0 0 0 0 0 0 0 0 0 0 0 0 0 0 0 0 0 0 0 0 0 0 0 0 0 0 0 0 0 0 0 0 0 0 0 0 0 0 0 0 0 0 0
0 0 0 0 0 0 0 0 0 0 0 0 6 2 0 0 8 0 0 2 0 0 0 10 7 0 0 0 0 0 1 0 0 0 1 0 5 5 0 1 0 0 6 0 0 0 0 0 0 0 0 0 0 0 0 0 0 0 0 0 0 0 0 0 38 4 0 0 0 0 0 0 0 0 0 0 0 0 0 0 0 0 0 0 0 0 0 0 0 0 0 0 0 0 0 0 0 0 0 0 0 0 0 0 0 0 0 0 0 0 0 0 0 0 0 0 0 0 0 0 0 0 0 0 0 0 0 0 0 0 0 0 0 0 0 0 0 0 0 0 0 0 0 0 0 0 0 0 0 0
2 14 2 1 0 0 0 0 0 0 0 1 1 0 0 1 0 0 0 3 6 15 23 4 1 0 0 0 0 0 0 0 0 0 0 0 8 0 0 0 0 0 0 0 0 0 0 0 0 0 0 0 0 0 0 0 0 0 0 0 0 0 0 0 0 2 0 0 0 0 0 0 0 0 0 0 0 0 0 0 0 0 0 0 0 0 0 0 0 0 0 0 0 0 0 0 0 0 0 0 0 0 0 0 0 0 0 0 0 0 0 0 0 0 0 0 0 0 0 0 0 0 0 0 0 0 0 0 0 0 0 0 0 0 0 0 0 0 0 0 0 0 0 0 0 0 0 0 0 0
4 3 2 0 0 3 0 0 0 0 0 1 2 0 0 0 3 2 0 1 0 115 1 0 6 4 0 0 1 5 5 0 0 0 0 0 0 0 0 1 4 0 0 0 0 0 0 0 0 0 0 0 0 0 0 0 0 0 0 0 0 0 0 0 1 0 0 0 0 0 0 0 0 0 0 0 0 0 0 0 0 0 0 0 0 0 0 0 0 0 0 0 0 0 0 0 0 0 0 0 0 0 0 0 0 0 0 0 0 0 0 0 0 0 0 0 0 0 0 0 0 0 0 0 0 0 0 0 0 0 0 0 0 0 0 0 0 0 0 0 0 0 0 0 0 0 0 0 0 0
0 0 0 0 0 0 0 0 0 0 0 3 0 0 0 0 0 0 0 0 0 0 5 1 1 2 1 1 0 0 0 0 0 0 2 0 0 0 0 0 0 0 0 0 0 0 0 0 0 0 0 0 0 0 0 0 0 0 0 0 0 0 0 0 0 0 0 0 0 0 0 0 0 0 0 0 0 0 0 0 0 0 0 0 0 0 0 0 0 0 0 0 0 0 0 0 0 0 0 0 0 0 0 0 0 0 0 0 0 0 0 0 0 0 0 0 0 0 0 0 0 0 0 0 0 0 0 0 0 0 0 0 0 0 0 0 0 0 0 0 0 0 0 0 0 0 0 0 0 0
0 0 0 0 0 0 0 0 0 0 0 0 0 0 0 0 0 0 1 1 0 0 0 0 0 2 1 3 9 0 0 0 0 8 1 0 0 0 0 0 0 0 0 0 0 0 0 0 0 0 0 0 0 0 0 0 0 0 0 0 0 0 0 0 0 0 0 0 0 0 0 0 0 0 0 0 0 0 0 0 0 0 0 0 0 0 0 0 0 0 0 0 0 0 0 0 0 0 0 0 0 0 0 0 0 0 0 0 0 0 0 0 0 0 0 0 0 0 0 0 0 0 0 0 0 0 0 0 0 0 0 0 0 0 0 0 0 0 0 0 0 0 0 0 0 0 0 0 0 0
0 0 0 0 0 0 0 0 0 0 0 0 0 0 0 0 0 0 0 0 0 0 0 0 0 1 0 0 42 11 1 3 0 9 1 0 1 0 0 0 0 0 0 0 0 0 0 0 0 0 0 0 0 0 0 0 0 0 0 0 0 0 0 0 0 0 0 0 0 0 0 0 0 0 0 0 0 0 0 0 0 0 0 0 0 0 0 0 0 0 0 0 0 0 0 0 0 0 0 0 0 0 0 0 0 0 0 0 0 0 0 0 0 0 0 0 0 0 0 0 0 0 0 0 0 0 0 0 0 0 0 0 0 0 0 0 0 0 0 0 0 0 0 0 0 0 0 0 0 0
0 0 0 0 0 0 0 0 1 0 0 0 0 0 0 0 0 0 0 0 0 0 0 1 0 1 1 0 0 0 3 0 0 1 0 1 0 0 0 0 0 0 0 0 0 0 0 0 0 0 0 0 0 0 0 0 0 0 0 0 0 0 0 0 0 0 0 0 0 0 0 0 0 0 0 0 0 0 0 0 0 0 0 0 0 0 0 0 0 0 0 0 0 0 0 0 0 0 0 0 0 0 0 0 0 0 0 0 0 0 0 0 0 0 0 0 0 0 0 0 0 0 0 0 0 0 0 0 0 0 0 0 0 0 0 0 0 0 0 0 0 0 0 0 0 0 0 0 0 0
0 0 0 0 0 0 0 1 0 0 0 0 0 1 0 0 0 0 0 0 0 0 0 0 1 0 2 0 0 0 2 0 1 0 0 0 0 1 0 0 0 0 0 0 0 0 0 0 0 0 0 0 0 0 0 0 0 0 0 0 0 0 0 0 0 0 0 0 0 0 0 0 0 0 0 0 0 0 0 0 0 0 0 0 0 0 0 0 0 0 0 0 0 0 0 0 0 0 0 0 0 0 0 0 0 0 0 0 0 0 0 0 0 0 0 0 0 0 0 0 0 0 0 0 0 0 0 0 0 0 0 0 0 0 0 0 0 0 0 0 0 0 0 0 0 0 0 0 0 0
0 0 0 0 0 0 0 3 0 0 0 0 1 0 0 0 0 0 0 0 0 0 0 0 0 0 0 0 0 0 0 0 2 1 0 0 1 1 0 0 0 0 0 0 0 0 0 0 0 0 0 0 0 0 0 0 0 0 0 0 0 0 0 0 0 0 0 0 0 0 0 0 0 0 0 0 0 0 0 0 0 0 0 0 0 0 0 0 0 0 0 0 0 0 0 0 0 0 0 0 0 0 0 0 0 0 0 0 0 0 0 0 0 0 0 0 0 0 0 0 0 0 0 0 0 0 0 0 0 0 0 0 0 0 0 0 0 0 0 0 0 0 0 0 0 0 0 0 0 0
0 0 0 0 0 0 0 0 0 0 1 0 1 0 0 0 0 0 0 0 0 0 0 0 0 0 0 11 1 2 1 0 0 0 0 0 0 0 0 0 0 0 0 0 0 0 0 0 0 0 0 0 0 0 0 0 0 0 0 0 0 0 0 0 0 0 0 0 0 0 0 0 0 0 0 0 0 0 0 0 0 0 0 0 0 0 0 0 0 0 0 0 0 0 0 0 0 0 0 0 0 0 0 0 0 0 0 0 0 0 0 0 0 0 0 0 0 0 0 0 0 0 0 0 0 0 0 0 0 0 0 0 0 0 0 0 0 0 0 0 0 0 0 0 0 0 0 0 0 0
0 0 0 0 0 0 0 0 0 1 0 0 0 0 0 0 0 0 0 0 0 0 0 0 0 0 0 1 1 0 0 0 1 1 0 0 0 0 0 0 0 0 0 0 0 0 0 0 0 0 0 0 0 0 0 0 0 0 0 0 0 0 0 0 0 0 0 0 0 0 0 0 0 0 0 0 0 0 0 0 0 0 0 0 0 0 0 0 0 0 0 0 0 0 0 0 0 0 0 0 0 0 0 0 0 0 0 0 0 0 0 0 0 0 0 0 0 0 0 0 0 0 0 0 0 0 0 0 0 0 0 0 0 0 0 0 0 0 0 0 0 0 0 0 0 0 0 0 0 0
0 0 0 0 0 0 0 0 0 0 0 0 0 0 0 0 0 0 0 0 0 0 0 0 0 0 0 0 0 0 0 0 3 0 0 0 0 0 0 0 0 0 0 0 0 0 0 0 0 0 0 0 0 0 0 0 0 0 0 0 0 0 0 0 0 0 0 0 0 0 0 0 0 0 0 0 0 0 0 0 0 0 0 0 0 0 0 0 0 0 0 0 0 0 0 0 0 0 0 0 0 0 0 0 0 0 0 0 0 0 0 0 0 0 0 0 0 0 0 0 0 0 0 0 0 0 0 0 0 0 0 0 0 0 0 0 0 0 0 0 0 0 0 0 0 0 0 0 0 0
0 0 0 0 0 0 0 0 0 1 1 0 0 0 0 0 0 0 0 0 0 0 0 0 0 0 0 0 0 0 0 0 0 0 0 0 0 0 0 0 0 0 0 0 0 0 0 0 0 0 0 0 0 0 0 0 0 0 0 0 0 0 0 0 0 0 0 0 0 0 0 0 0 0 0 0 0 0 0 0 0 0 0 0 0 0 0 0 0 0 0 0 0 0 0 0 0 0 0 0 0 0 0 0 0 0 0 0 0 0 0 0 0 0 0 0 0 0 0 0 0 0 0 0 0 0 0 0 0 0 0 0 0 0 0 0 0 0 0 0 0 0 0 0 0 0 0 0 0 0
0 0 0 0 0 0 0 0 0 0 2 0 0 0 0 0 0 0 0 0 0 0 0 0 0 0 0 0 0 0 0 0 0 0 0 0 0 0 0 0 0 0 0 0 0 0 0 0 0 0 0 0 0 0 0 0 0 0 0 0 0 0 0 0 0 0 0 0 0 0 0 0 0 0 0 0 0 0 0 0 0 0 0 0 0 0 0 0 0 0 0 0 0 0 0 0 0 0 0 0 0 0 0 0 0 0 0 0 0 0 0 0 0 0 0 0 0 0 0 0 0 0 0 0 0 0 0 0 0 0 0 0 0 0 0 0 0 0 0 0 0 0 0 0 0 0 0 0 0 0
0 0 0 0 0 0 0 0 1 5 0 0 0 0 0 0 0 0 0 0 0 0 0 0 0 0 0 0 0 0 0 0 0 0 0 0 0 0 0 0 0 0 0 0 0 0 0 0 0 0 0 0 0 0 0 0 0 0 0 0 0 0 0 0 0 0 0 0 0 0 0 0 0 0 0 0 0 0 0 0 0 0 0 0 0 0 0 0 0 0 0 0 0 0 0 0 0 0 0 0 0 0 0 0 0 0 0 0 0 0 0 0 0 0 0 0 0 0 0 0 0 0 0 0 0 0 0 0 0 0 0 0 0 0 0 0 0 0 0 0 0 0 0 0 0 0 0 0 0 0
0 0 0 0 0 2 5 10 1 0 0 0 0 0 0 0 0 0 0 0 0 0 0 0 0 0 0 0 0 0 0 0 0 0 0 0 0 0 0 0 0 0 0 0 0 0 0 0 0 13 20 0 0 0 0 0 0 0 0 0 0 0 0 0 0 0 0 0 0 0 0 0 0 0 0 0 0 0 0 0 0 0 0 0 0 0 0 0 0 0 0 0 0 0 0 0 0 0 0 0 0 0 0 0 0 0 0 0 0 0 0 0 0 0 0 0 0 0 0 0 0 0 0 0 0 0 0 0 0 0 0 0 0 0 0 0 0 0 0 0 0 0 0 0 0 0 0 0 0 0
0 0 0 0 0 0 2 3 0 0 0 0 0 0 0 0 0 0 0 0 0 0 0 0 0 0 0 0 0 0 0 0 0 0 0 0 0 0 0 0 0 0 0 0 0 0 0 0 1 0 0 0 0 0 0 0 0 0 0 0 0 0 0 0 0 0 0 0 0 0 0 0 0 0 0 0 0 0 0 0 0 0 0 0 0 0 0 0 0 0 0 0 0 0 0 0 0 0 0 0 0 0 0 0 0 0 0 0 0 0 0 0 0 0 0 0 0 0 0 0 0 0 0 0 0 0 0 0 0 0 0 0 0 0 0 0 0 0 0 0 0 0 0 0 0 0 0 0 0 0
0 0 0 0 0 0 0 0 0 0 0 0 0 0 0 0 0 0 0 0 0 0 0 0 0 0 0 0 0 0 0 0 0 0 0 0 0 0 0 0 0 0 0 0 0 0 0 0 0 0 0 0 0 5 0 0 0 0 0 0 0 0 0 0 0 0 0 0 0 0 0 0 0 0 0 0 0 0 0 0 0 0 0 0 0 0 0 0 0 0 0 0 0 0 0 0 0 0 0 0 0 0 0 0 0 0 0 0 0 0 0 0 0 0 0 0 0 0 0 0 0 0 0 0 0 0 0 0 0 0 0 0 0 0 0 0 0 0 0 0 0 0 0 0 0 0 0 0 0 0
0 0 0 0 0 0 0 0 0 0 0 0 0 0 0 0 0 0 0 0 0 0 0 0 0 0 0 0 0 0 0 0 0 0 0 0 0 0 0 0 0 0 0 0 0 0 0 0 0 0 0 0 0 0 0 0 0 0 0 0 0 0 0 0 0 0 0 0 0 0 0 0 0 0 0 0 0 0 0 0 0 0 0 0 0 0 0 0 0 0 0 0 0 0 0 0 0 0 0 0 0 0 0 0 0 0 0 0 0 0 0 0 0 0 0 0 0 0 0 0 0 0 0 0 0 0 0 0 0 0 0 0 0 0 0 0 0 0 0 0 0 0 0 0 0 0 0 0 0 0
0 0 0 0 0 0 0 0 0 0 0 0 0 0 0 0 0 0 0 0 0 0 0 0 0 0 0 0 0 0 0 0 0 0 0 0 0 0 0 0 0 0 0 0 0 0 0 0 0 0 0 0 0 0 0 0 0 0 0 0 0 0 0 0 0 0 0 0 0 0 0 0 0 0 0 0 0 0 0 0 0 0 0 0 0 0 0 0 0 0 0 0 0 0 0 0 0 0 0 0 0 0 0 0 0 0 0 0 0 0 0 0 0 0 0 0 0 0 0 0 0 0 0 0 0 0 0 0 0 0 0 0 0 0 0 0 0 0 0 0 0 0 0 0 0 0 0 0 0 0
0 0 0 0 0 0 0 0 0 0 0 0 0 0 0 0 0 0 0 0 0 0 0 0 0 0 0 0 0 0 0 0 0 0 0 0 0 0 0 0 0 0 0 0 0 0 0 0 0 0 0 0 1 0 0 0 0 0 0 0 0 0 0 0 0 0 0 0 0 0 0 0 0 0 0 0 0 0 0 0 0 0 0 0 0 0 0 0 0 0 0 0 0 0 0 0 0 0 0 0 0 0 0 0 0 0 0 0 0 0 0 0 0 0 0 0 0 0 0 0 0 0 0 0 0 0 0 0 0 0 0 0 0 0 0 0 0 0 0 0 0 0 0 0 0 0 0 0 0 0
0 0 0 0 0 0 0 0 0 0 0 0 0 0 0 0 0 0 0 0 0 0 0 0 0 0 0 0 0 0 0 1 0 0 2 0 0 0 0 0 0 0 0 0 0 0 0 0 0 0 0 0 0 0 0 0 0 0 0 0 0 0 0 0 0 0 0 0 0 0 0 0 0 0 0 0 0 0 0 0 0 0 0 0 0 0 0 0 0 0 0 0 0 0 0 0 0 0 0 0 0 0 0 0 0 0 0 0 0 0 0 0 0 0 0 0 0 0 0 0 0 0 0 0 0 0 0 0 0 0 0 0 0 0 0 0 0 0 0 0 0 0 0 0 0 0 0 0 0 0
0 0 0 0 0 0 0 0 0 0 0 0 0 0 0 0 0 0 0 0 0 0 0 0 0 0 0 0 0 0 1 3 1 0 0 0 0 0 0 0 0 0 0 0 0 0 0 0 0 0 0 0 0 0 0 0 0 0 0 0 0 0 0 0 0 0 0 0 0 0 0 0 0 0 0 0 0 0 0 0 0 0 0 0 0 0 0 0 0 0 0 0 0 0 0 0 0 0 0 0 0 0 0 0 0 0 0 0 0 0 0 0 0 0 0 0 0 0 0 0 0 0 0 0 0 0 0 0 0 0 0 0 0 0 0 0 0 0 0 0 0 0 0 0 0 0 0 0 0 0
0 0 0 0 0 0 0 0 0 0 0 0 0 0 0 0 0 0 0 0 0 0 0 0 0 0 0 0 0 0 0 6 0 0 0 0 1 0 0 0 0 0 0 0 0 0 0 0 0 0 0 0 0 0 0 0 0 0 0 0 0 0 0 0 0 0 0 0 0 0 0 0 0 0 0 0 0 0 0 0 0 0 0 0 0 0 0 0 0 0 0 0 0 0 0 0 0 0 0 0 0 0 0 0 0 0 0 0 0 0 0 0 0 0 0 0 0 0 0 0 0 0 0 0 0 0 0 0 0 0 0 0 0 0 0 0 0 0 0 0 0 0 0 0 0 0 0 0 0 0
0 0 0 0 0 0 0 0 0 0 0 0 0 0 0 0 0 0 0 0 0 0 0 0 0 0 2 0 0 0 0 0 0 0 0 0 0 0 0 0 0 0 0 0 0 0 0 0 0 0 0 0 0 0 0 0 0 0 0 0 0 0 0 0 0 0 0 0 0 0 0 0 0 0 0 0 0 0 0 0 0 0 0 0 0 0 0 0 0 0 0 0 0 0 0 0 0 0 0 0 0 0 0 0 0 0 0 0 0 0 0 0 0 0 0 0 0 0 0 0 0 0 0 0 0 0 0 0 0 0 0 0 0 0 0 0 0 0 0 0 0 0 0 1 1 2 1 2 1 2
0 0 0 0 0 0 0 0 0 0 0 0 0 0 0 0 0 0 0 0 0 0 0 0 0 0 0 0 0 8 3 0 0 0 0 0 0 0 0 0 0 0 0 0 0 0 0 0 0 0 0 0 0 0 0 0 0 0 0 0 0 0 0 0 0 0 0 0 0 0 0 0 0 0 0 0 0 0 0 0 0 0 0 0 0 0 0 0 0 0 0 0 0 0 0 0 0 0 0 0 0 0 0 0 0 0 0 0 0 0 0 0 0 0 0 0 0 0 0 0 0 0 0 0 0 0 0 0 0 0 0 0 0 0 0 0 0 0 0 0 0 0 0 0 0 0 0 0 0 0
0 0 0 0 0 0 0 0 0 0 0 0 0 0 0 0 0 0 0 0 0 0 0 0 0 0 2 0 0 0 0 0 0 0 0 0 0 0 0 0 0 0 0 0 0 0 0 0 0 16 0 0 0 0 0 0 0 0 0 0 0 0 0 0 0 0 0 0 0 0 0 0 0 0 0 0 0 0 0 0 0 0 0 0 0 0 0 0 0 0 0 0 0 0 0 0 0 0 0 0 0 0 0 0 0 0 0 0 0 0 0 0 0 0 0 0 0 0 0 0 0 0 0 0 0 0 0 0 0 0 0 0 0 0 0 0 0 0 0 0 0 0 0 0 0 0 0 0 0 0
0 0 0 0 0 0 0 0 0 0 0 0 0 0 0 0 0 0 0 0 0 0 0 0 0 0 3 0 0 0 0 0 0 0 0 0 0 0 0 0 0 0 0 0 0 0 0 0 0 0 0 0 0 0 0 0 0 0 0 0 0 0 0 0 0 0 0 0 0 0 0 0 0 0 0 0 0 0 0 0 0 0 0 0 0 0 0 0 0 0 0 0 0 0 0 0 0 0 0 0 0 0 0 0 0 0 0 0 0 0 0 0 0 0 0 0 0 0 0 0 0 0 0 0 0 0 0 0 0 0 0 0 0 0 0 0 0 0 0 0 0 0 0 0 0 0 0 0 0 0
0 0 0 0 0 0 0 0 0 0 0 0 0 0 0 0 0 0 0 0 0 0 0 0 0 0 0 0 0 0 0 0 0 0 0 0 0 0 0 0 0 0 0 0 0 0 0 0 0 0 0 0 0 0 0 0 0 0 0 0 0 0 0 0 0 0 0 0 0 0 0 0 0 0 0 0 0 0 0 0 0 0 0 0 0 0 0 0 0 0 0 0 0 0 0 0 0 0 0 0 0 0 0 0 0 0 0 0 0 0 0 0 0 0 0 0 0 0 0 0 0 0 0 0 0 0 0 0 0 0 0 0 0 0 0 0 0 0 0 0 0 0 0 0 0 0 0 0 0 0
0 0 0 0 0 0 0 0 0 0 0 0 0 0 0 0 0 0 0 0 0 0 0 0 0 0 0 0 0 0 0 0 0 0 0 0 0 0 0 0 0 0 0 0 0 0 0 0 0 0 0 0 0 0 0 0 0 0 0 0 0 0 0 0 0 0 0 0 0 0 0 0 0 0 0 0 0 0 0 0 0 0 0 0 0 0 0 0 0 0 0 0 0 0 0 0 0 0 0 0 0 0 0 0 0 0 0 0 0 0 0 0 0 0 0 0 0 0 0 0 0 0 0 0 0 0 0 0 0 0 0 0 0 0 0 0 0 0 0 0 0 0 0 0 0 0 0 0 0 0
0 0 0 0 0 0 0 0 0 0 0 0 0 0 0 0 0 0 0 0 0 0 0 0 0 0 0 0 0 0 0 0 0 0 0 0 0 0 0 0 0 0 0 0 0 0 0 0 0 0 0 0 0 0 0 0 0 0 0 0 0 0 0 0 0 0 0 0 0 0 0 0 0 0 0 0 0 0 0 0 0 0 0 0 0 0 0 0 0 0 0 0 0 0 0 0 0 0 0 0 0 0 0 0 0 0 0 0 0 0 0 0 0 0 0 0 0 0 0 0 0 0 0 0 0 0 0 0 0 0 0 0 0 0 0 0 0 0 0 0 0 0 0 0 0 0 0 0 0 0
0 0 0 0 0 0 0 0 0 0 0 0 0 0 0 0 0 0 0 0 0 0 0 0 0 0 0 0 0 0 0 0 0 0 0 0 0 0 0 0 0 0 0 0 0 0 0 0 0 0 0 0 0 0 0 0 0 0 0 0 0 0 0 0 0 0 0 0 0 0 0 0 0 0 0 0 0 0 0 0 0 0 0 0 0 0 0 0 0 0 0 0 0 0 0 0 0 0 0 0 0 0 0 0 0 0 0 0 0 0 0 0 0 0 0 0 0 0 0 0 0 0 0 0 0 0 0 0 0 0 0 0 0 0 0 0 0 0 0 0 0 0 0 0 0 0 0 0 0 0
0 0 0 0 0 0 0 0 0 0 0 0 0 0 0 0 0 0 0 0 0 0 0 0 0 0 0 0 0 0 0 0 0 0 0 0 0 0 0 0 0 0 0 0 0 0 0 0 0 0 0 0 0 0 0 0 0 0 0 0 0 0 0 0 0 0 0 0 0 0 0 0 0 0 0 0 0 0 0 0 0 0 0 0 0 0 0 0 0 0 0 0 0 0 0 0 0 0 0 0 0 0 0 0 0 0 0 0 0 0 0 0 0 0 0 0 0 0 0 0 0 0 0 0 0 0 0 0 0 0 0 0 0 0 0 0 0 0 0 0 0 0 0 0 0 0 0 0 0 0
0 0 0 0 0 0 0 0 0 0 0 0 0 0 0 0 0 0 0 0 0 0 0 0 0 0 0 0 0 0 0 0 0 0 0 0 0 0 0 0 0 0 0 0 0 0 0 0 0 0 0 0 0 0 0 0 0 0 0 0 0 0 0 0 0 0 0 0 0 0 0 0 0 0 0 0 0 0 0 0 0 0 0 0 0 0 0 0 0 0 0 0 0 0 0 0 0 0 0 0 0 0 0 0 0 0 0 0 0 0 0 0 0 0 0 0 0 0 0 0 0 0 0 0 0 0 0 0 0 0 0 0 0 0 0 0 0 0 0 0 0 0 0 0 0 0 0 0 0 0
