0 0 8 2 0 0 4 0 14 130 4 9 0 3 0 0 0 1 6 0 1 3 0 0 0 9 0 1 0 0 0 0 0 20 7 1 0 0 0 3 0 0 0 0 4 0 0 0 0 0 0 0 0 0 3 1 0 0 0 1 38 17 3 0 0 3 6 0 2 0 0 7 17 103 168 199 155 17 49 3 24 180 41 51 160 168 174 164 21 183 519 533 171 540 444 397 989 546 673 90 159 139 27 32 38 35 54 361 222 35 2 7 14 73 30 19 14 7 3 1 0 37 27 7 3 8 0 2 7 10 4 14 0 5 3 0 0 7 6 0 4 0 0 0 2 0 0 0 0 17
1 1 7 1 0 0 0 0 0 21 7 5 6 0 0 0 0 1 9 0 0 1 26 0 17 27 1 1 0 0 0 0 0 0 0 1 0 0 2 0 0 0 0 0 0 0 0 0 0 0 0 0 0 0 12 0 0 0 0 17 74 14 4 14 11 1 0 0 0 0 0 8 98 38 28 4 27 50 18 37 52 43 10 7 158 184 277 106 198 227 102 18 289 386 233 192 744 430 718 693 201 44 26 21 6 2 0 22 49 12 12 3 3 16 30 22 1 13 10 16 0 4 13 8 3 1 3 7 21 29 28 5 79 45 0 0 0 0 0 67 4 0 0 0 0 0 0 0 0 0
0 0 0 2 3 0 0 0 0 11 10 4 7 2 0 0 0 1 4 0 0 5 45 14 10 0 2 10 0 0 0 0 0 2 0 0 1 2 0 9 2 0 0 1 0 0 0 0 0 0 0 0 0 0 3 0 0 3 4 5 9 11 3 8 0 0 0 0 0 0 0 4 6 0 6 0 3 59 278 215 113 136 1 50 42 169 336 125 7 4 84 19 78 243 577 517 218 379 286 370 466 328 5 58 32 15 5 19 154 125 28 3 6 2 7 2 18 46 11 16 77 17 2 5 3 5 1 10 12 13 9 17 60 89 0 0 6 0 0 38 13 1 0 0 0 0 0 0 0 0
37 1 3 0 0 0 0 0 0 6 4 0 0 0 0 1 0 0 4 0 0 0 9 9 9 0 0 5 12 0 0 0 0 0 0 0 0 0 0 2 1 1 0 0 0 0 0 0 0 0 2 2 1 0 63 31 1 7 42 2 1 0 3 9 0 0 0 0 0 1 7 65 28 1 0 9 10 98 192 466 90 75 52 121 164 88 39 143 4 175 774 737 888 514 514 310 153 189 476 404 440 418 115 11 23 86 40 9 216 93 12 22 32 9 1 12 19 73 43 93 39 73 20 3 1 4 3 0 9 2 4 4 13 2 13 6 43 2 3 11 49 11 0 0 0 0 0 0 0 0
0 3 0 0 0 0 0 0 0 0 0 0 0 0 0 10 9 0 0 1 4 0 1 0 2 0 1 0 0 1 0 0 1 0 4 8 4 0 1 0 0 0 0 0 0 0 0 0 0 6 0 0 0 0 39 162 34 20 4 0 5 1 0 22 0 0 0 0 0 13 74 59 111 150 33 52 56 177 297 352 245 423 292 7 93 58 59 170 16 537 911 538 454 725 408 262 104 362 225 724 487 674 521 317 247 153 65 22 1 6 10 24 13 53 7 0 4 13 77 46 149 515 108 12 10 0 0 2 1 3 32 1 0 0 1 0 0 0 0 0 50 62 0 0 0 0 0 0 0 0
5 2 0 0 0 0 0 0 2 0 0 0 0 0 0 1 1 0 13 51 1 0 0 0 0 0 0 0 0 1 0 1 0 0 10 78 31 18 0 1 0 0 2 0 0 0 0 0 0 19 71 8 2 3 4 38 53 31 12 6 0 0 11 2 0 0 0 0 10 41 77 132 121 174 124 71 42 73 69 509 626 645 391 47 2 93 86 72 5 277 880 1157 97 374 856 444 167 1068 372 455 281 391 775 353 46 97 18 33 1 0 0 3 1 49 4 14 14 8 3 11 179 131 3 4 2 3 3 21 2 1 4 0 0 0 0 0 0 0 2 0 0 4 0 0 0 0 0 0 0 0
0 0 0 0 0 0 0 0 1 7 1 0 0 0 0 0 0 0 0 0 1 1 0 0 0 0 0 0 0 0 2 0 1 0 0 7 0 0 2 0 0 0 0 0 0 0 0 0 0 4 2 2 7 3 1 14 41 16 32 19 3 7 2 0 7 0 0 0 2 57 75 90 157 227 261 166 267 165 428 530 833 553 866 677 134 38 7 104 70 61 1101 830 77 438 744 371 233 339 293 50 100 185 132 179 41 51 55 14 15 13 45 96 112 52 79 34 0 1 23 16 64 339 4 1 3 0 9 0 0 0 1 0 0 0 0 0 0 10 0 0 0 0 0 0 0 0 0 0 0 0
1 0 0 0 0 0 0 0 1 0 0 0 0 1 0 0 0 0 0 0 0 0 0 0 0 0 0 0 0 0 8 0 0 0 0 2 1 0 81 4 0 0 0 0 0 0 0 0 0 0 0 1 8 19 1 5 0 120 52 57 43 57 33 0 28 50 0 0 7 63 3 4 23 45 50 79 92 128 443 702 770 490 937 152 145 116 200 280 240 65 364 111 44 399 414 591 226 593 479 140 122 233 209 434 181 87 20 45 85 15 172 297 96 40 12 83 5 4 5 23 14 6 1 7 2 7 3 0 4 1 0 0 0 0 0 0 0 1 1 0 0 0 0 0 0 0 0 0 0 0
5 0 0 0 0 0 0 0 2 3 0 0 0 1 9 0 0 0 0 0 0 0 0 0 0 0 0 0 0 0 0 0 0 0 0 0 1 0 1 2 0 0 0 0 0 0 0 0 0 1 0 0 1 4 0 0 0 7 21 44 306 306 15 2 6 29 9 6 8 44 4 0 0 7 3 35 25 30 132 447 1012 786 643 32 16 21 138 185 263 42 11 9 237 590 1058 700 72 363 302 193 244 225 83 236 611 179 209 164 28 41 868 180 132 27 30 7 2 3 8 4 13 2 14 6 10 0 3 2 1 0 3 0 0 0 0 0 0 0 0 0 0 0 0 0 0 0 0 0 0 0
0 0 0 0 0 0 1 0 14 3 0 0 0 0 0 0 0 0 0 0 0 0 0 0 0 0 0 0 0 0 0 0 0 0 0 0 0 0 0 0 1 0 0 1 0 0 0 0 2 0 3 0 16 8 0 0 1 4 0 20 35 82 22 5 0 2 0 3 0 23 0 0 0 1 0 30 19 61 269 564 762 488 413 225 522 696 255 131 194 171 52 3 14 412 771 854 620 115 71 2 38 100 24 7 91 381 239 140 63 11 411 552 589 105 5 152 290 457 227 32 47 30 15 33 55 11 14 2 0 19 135 6 1 0 0 0 0 0 0 0 0 0 0 0 0 0 0 0 0 0
0 1 4 0 0 0 1 0 10 1 1 1 0 0 0 9 0 0 6 0 0 0 0 0 0 0 0 0 0 0 0 2 0 0 0 0 0 0 2 0 0 2 1 0 0 0 3 1 14 26 9 3 1 3 0 0 0 8 12 20 1 144 3 3 0 0 2 0 0 15 0 0 0 0 0 0 8 45 286 198 366 222 364 259 244 330 209 301 486 349 23 0 14 141 339 628 574 29 19 58 16 15 7 9 114 204 581 292 221 202 549 270 199 60 0 108 304 814 367 208 288 183 213 149 109 261 83 72 58 37 6 90 13 10 57 0 0 0 0 0 0 0 0 0 0 0 0 0 0 0
1 0 1 0 0 0 0 0 2 0 0 0 0 0 0 0 9 9 2 3 0 0 0 0 0 0 0 0 0 0 0 0 0 0 5 3 1 1 0 8 3 5 9 3 0 0 1 0 0 1 0 0 0 3 5 3 1 0 1 12 0 5 0 0 1 3 3 1 6 0 0 2 0 0 0 3 22 17 108 502 363 212 53 99 153 95 59 15 156 409 40 0 1 2 8 88 818 355 295 10 0 4 9 56 57 39 360 225 28 85 348 328 78 182 47 167 384 232 386 550 499 278 187 111 95 136 2 0 0 28 10 0 94 31 70 0 0 0 0 0 0 0 0 0 0 0 0 0 0 0
0 0 1 0 0 0 1 0 4 3 1 0 0 0 0 0 0 5 8 6 1 4 0 0 0 0 0 0 0 0 0 0 0 0 0 1 1 1 0 0 0 2 34 4 13 0 0 9 0 0 0 0 8 1 3 0 0 0 2 7 4 5 0 0 0 3 0 1 0 2 5 0 0 0 2 41 171 111 119 89 186 149 52 0 25 19 1 0 0 1 0 0 1 31 50 17 481 302 507 432 12 11 40 25 38 8 63 327 440 203 813 764 106 540 140 58 36 54 737 679 158 106 88 0 23 38 2 0 22 16 0 0 19 11 8 0 0 0 0 0 0 0 0 0 0 0 0 0 0 0
0 0 0 0 0 0 2 0 0 2 0 0 0 0 0 0 0 2 42 10 2 2 0 0 1 0 0 0 0 1 3 2 0 0 0 0 0 0 0 0 0 1 0 76 27 0 0 0 3 0 0 21 0 0 0 0 0 0 6 0 8 5 0 2 0 0 19 25 15 18 48 0 0 0 4 309 432 393 219 51 42 203 88 9 17 100 26 3 1 33 4 0 0 48 19 23 86 459 87 191 0 32 275 85 314 88 183 404 238 401 799 774 1029 199 184 217 218 262 704 273 165 129 0 2 0 23 6 0 4 2 0 1 5 3 0 0 0 0 0 0 0 0 0 0 0 0 0 0 0 0
0 0 0 0 0 0 0 4 3 0 0 0 0 0 0 0 0 0 0 7 5 0 0 0 0 0 0 0 0 0 1 0 0 0 0 0 0 0 0 0 0 0 0 35 17 1 0 0 0 14 6 38 3 0 14 0 8 5 6 19 52 9 2 12 5 12 153 93 155 111 33 2 9 5 63 521 1008 851 294 45 3 127 42 0 8 16 24 22 0 18 3 12 4 1 0 10 20 280 149 189 19 59 330 399 1077 976 1722 1105 605 787 828 503 553 476 419 195 137 99 56 81 118 124 27 14 0 7 63 5 6 13 3 0 0 0 0 0 0 0 0 0 0 0 0 0 0 0 0 0 0 0
0 0 0 0 0 0 0 13 13 1 1 0 0 0 0 0 3 0 0 2 0 12 8 0 0 0 0 0 0 7 0 0 0 0 0 0 0 0 0 0 0 0 0 0 0 23 0 0 0 14 50 79 0 3 0 6 41 91 9 69 11 22 0 31 37 38 122 38 40 49 117 37 100 182 527 602 1234 665 292 28 3 5 0 0 0 0 22 260 4 44 2 10 0 0 2 21 19 23 18 7 12 2 889 543 492 384 666 325 502 782 726 682 977 348 294 101 45 147 82 98 30 2 496 333 33 41 15 0 2 2 0 0 0 0 19 2 0 0 0 0 0 0 0 0 0 0 0 0 0 0
0 0 0 0 0 0 0 1 0 0 0 0 4 0 0 1 10 3 0 0 0 0 10 17 30 4 0 0 0 0 0 0 0 0 0 0 0 0 0 0 1 0 0 1 0 6 1 4 10 13 39 2 1 5 7 53 51 209 30 21 1 3 0 0 0 0 0 0 0 0 1 1 36 115 217 287 549 310 92 0 0 0 1 0 0 4 0 33 80 9 1 0 1 0 2 15 17 0 1 75 9 188 584 558 308 274 340 175 356 596 504 317 672 253 293 118 19 67 149 10 0 2 24 29 18 261 3 7 2 0 0 0 0 0 0 0 0 0 0 0 0 0 0 0 0 0 0 0 0 0
0 0 0 0 2 1 0 0 0 0 0 0 1 0 0 0 0 2 0 9 3 0 0 0 13 0 5 9 2 0 3 0 0 0 0 0 2 0 0 0 0 0 2 0 0 15 46 4 0 31 56 25 7 45 19 32 30 43 261 4 1 2 1 0 2 3 9 61 3 28 220 7 100 26 103 116 58 120 14 21 1 0 1 6 0 0 0 5 50 0 1 14 61 17 5 91 2 0 39 305 125 104 94 73 67 339 146 155 695 479 88 281 87 126 175 27 148 138 12 2 0 2 3 4 81 407 100 10 0 1 0 0 0 0 0 0 0 0 0 0 0 0 0 0 0 0 0 0 0 0
0 0 1 1 0 11 0 0 0 0 0 0 1 0 0 0 2 0 1 2 2 2 3 0 2 1 66 33 22 0 0 0 0 0 1 7 1 0 0 0 0 1 0 9 12 11 8 2 10 324 122 18 16 16 4 41 84 92 34 13 52 19 1 0 0 0 3 1 7 9 46 35 39 9 3 98 82 23 25 19 23 0 5 33 0 3 6 6 8 0 2 62 73 156 17 0 0 40 319 10 129 290 91 19 87 156 122 394 322 1 4 226 14 282 37 0 11 5 0 0 0 0 1 8 34 95 191 195 23 1 0 0 0 0 0 0 0 0 0 0 0 0 0 0 0 0 0 0 0 0
0 0 0 0 0 1 0 0 0 0 0 0 0 1 0 0 1 0 0 1 2 7 79 5 0 1 1 23 117 6 0 159 0 0 0 0 1 0 0 0 0 0 4 33 5 118 70 6 4 223 44 4 0 5 58 10 43 53 7 0 0 5 1 0 0 11 0 0 5 14 51 36 10 0 2 59 10 1 3 2 2 0 0 3 0 10 11 1 11 6 6 38 29 1 0 11 0 12 12 0 433 666 355 116 84 158 73 217 133 45 4 5 11 91 2 0 0 0 0 0 0 0 0 5 12 6 5 99 13 0 0 0 0 0 0 0 0 0 0 0 0 0 0 0 0 0 0 0 0 0
0 0 0 0 0 0 0 0 0 0 0 0 0 1 0 0 0 0 4 1 2 1 4 0 0 6 8 4 1 3 1 12 2 0 0 0 0 0 0 4 8 6 14 10 6 10 15 29 53 343 273 57 14 46 4 2 2 1 0 0 1 5 16 12 168 88 3 0 7 9 84 44 1 0 2 126 129 57 45 16 4 4 2 2 0 0 2 1 24 9 18 0 0 1 0 1 0 1 177 237 819 624 289 94 3 24 74 151 12 0 0 0 0 10 0 0 0 0 0 0 0 0 0 0 0 0 39 194 0 0 0 0 0 0 0 0 0 0 0 0 0 0 0 0 0 0 0 0 0 0
0 0 0 0 0 0 0 0 0 0 0 0 0 9 0 2 0 0 0 0 0 1 12 1 3 1 1 0 0 0 10 44 5 4 0 0 0 2 0 2 42 12 0 0 1 0 3 12 163 477 267 183 8 0 0 4 1 0 0 0 0 4 0 0 6 10 11 3 6 66 34 22 15 0 0 8 90 113 83 55 13 34 10 28 0 6 3 10 124 45 14 8 3 3 2 4 2 4 64 235 116 56 31 3 7 17 111 85 11 0 0 0 3 86 0 0 0 0 0 0 0 0 0 0 0 33 47 1 0 3 2 0 0 0 0 0 0 0 0 0 0 0 0 0 0 0 0 0 0 0
0 0 0 1 1 0 0 0 0 0 0 0 0 0 1 0 1 0 0 0 0 5 8 0 4 0 0 0 0 0 1 1 37 4 2 0 66 113 27 20 1 0 0 0 0 0 7 17 16 286 135 118 3 0 0 3 0 2 4 2 0 0 0 0 4 3 12 6 0 9 11 28 19 1 1 2 15 8 20 40 1 30 9 0 3 6 7 0 0 4 4 11 5 6 0 3 9 0 0 3 12 0 13 38 34 28 43 42 62 97 28 14 70 0 0 0 0 0 0 0 0 0 0 4 30 46 67 1 0 0 1 0 0 0 0 0 0 0 0 0 0 0 0 0 0 0 0 0 0 0
0 0 2 0 0 0 0 0 0 0 0 0 0 0 2 0 2 0 0 0 6 1 0 0 0 1 0 0 0 1 0 2 1 5 14 7 17 25 3 0 0 0 0 0 9 69 14 27 4 61 123 24 3 6 3 8 6 14 0 0 0 0 0 0 0 0 0 5 0 0 0 3 77 223 2 9 0 0 0 2 0 10 90 91 1 0 2 1 0 0 0 3 0 5 0 2 1 0 0 1 10 0 1 67 49 29 12 4 2 22 0 66 29 0 0 0 0 0 0 0 0 0 0 134 15 7 36 96 4 0 0 0 0 0 0 0 0 0 0 0 0 0 0 0 0 0 0 0 0 0
0 0 0 0 0 0 0 0 0 0 0 0 0 0 0 0 0 1 0 0 0 0 0 0 0 0 3 0 0 0 0 6 4 20 16 0 1 107 0 0 0 0 0 23 32 20 37 6 6 35 65 40 20 11 48 5 2 7 1 0 0 0 0 0 0 0 0 15 15 0 0 4 5 27 28 8 0 0 0 0 0 0 12 137 20 3 0 0 1 0 3 4 0 1 1 0 4 0 0 2 8 6 3 14 600 0 0 17 1 0 0 2 7 0 0 1 2 0 0 0 0 0 0 1 0 37 44 43 0 0 1 0 0 0 0 0 0 0 0 0 0 0 0 0 0 0 0 0 0 0
0 0 0 0 0 0 0 0 0 0 0 0 0 1 4 0 0 0 2 0 0 9 0 2 0 0 0 0 0 0 0 0 11 54 20 1 0 14 0 0 1 0 0 7 74 9 2 0 8 2 44 2 0 1 0 1 0 0 0 0 1 0 0 0 14 0 0 11 3 4 0 20 2 1 0 7 13 0 0 0 1 0 0 10 0 8 2 1 0 15 0 1 1 0 7 1 1 9 0 6 7 15 12 64 197 123 0 8 0 0 1 0 3 2 17 8 0 0 0 0 1 0 0 0 0 29 11 21 0 0 0 0 0 0 0 0 3 13 0 0 0 0 0 0 0 0 0 0 0 0
0 0 0 0 0 0 0 0 0 0 0 0 0 0 2 1 0 1 0 0 0 5 0 2 0 0 3 7 2 1 0 6 2 5 17 6 0 0 13 4 3 2 3 28 62 6 6 2 0 2 24 24 0 1 0 0 0 0 0 0 0 0 0 0 3 0 0 1 10 0 2 4 0 2 2 2 15 2 0 0 0 0 26 0 13 2 4 12 2 0 1 0 0 0 1 7 0 0 0 0 8 6 18 1 54 160 23 5 0 0 0 0 0 3 8 200 0 0 2 1 0 0 0 0 33 146 27 12 0 0 0 0 0 0 1 0 3 3 0 0 0 0 0 0 0 0 0 0 0 0
0 0 0 0 0 0 0 0 0 0 0 0 0 0 2 1 7 26 4 1 6 11 3 0 1 0 0 3 2 6 8 3 1 20 4 0 0 9 27 9 25 64 13 122 202 8 5 0 5 3 0 21 33 2 9 1 0 0 0 0 0 0 1 0 2 0 0 0 7 40 38 20 7 3 0 0 0 8 12 0 0 0 0 1 0 0 0 7 12 2 2 1 6 6 0 0 0 0 0 0 0 4 21 4 16 510 345 27 2 0 0 0 0 0 0 0 9 76 41 3 0 0 0 26 122 39 77 215 216 9 0 0 0 0 0 7 3 4 0 0 0 0 0 0 0 0 0 0 0 0
0 0 0 0 0 1 0 0 0 0 0 0 21 2 8 8 15 60 0 5 1 0 2 2 0 0 0 8 10 3 0 2 4 2 0 17 4 11 55 119 309 594 226 184 94 13 0 1 2 0 0 1 22 14 2 0 0 0 0 0 0 0 0 0 0 0 0 0 1 1 4 13 4 0 31 77 0 13 4 0 0 2 0 0 3 0 0 0 5 29 0 3 4 2 10 17 3 0 1 0 0 31 10 66 151 273 226 219 9 0 0 0 0 0 0 1 168 63 12 0 0 0 9 14 158 160 704 540 50 64 0 0 5 27 0 4 0 0 0 0 0 0 0 0 0 0 0 0 0 0
0 0 0 0 0 0 0 2 1 4 2 26 25 0 0 0 3 2 1 0 0 5 8 19 4 2 9 4 1 1 3 0 0 6 73 17 4 4 72 256 443 522 467 382 51 6 1 4 4 0 3 2 31 82 9 2 0 0 0 0 0 0 0 0 0 0 0 1 0 1 1 0 1 0 0 0 0 6 7 0 0 0 1 5 8 0 0 0 5 3 0 1 6 26 4 24 1 1 0 0 0 5 6 7 21 36 20 94 21 0 0 0 1 0 102 66 324 386 37 28 6 32 7 79 164 94 198 290 385 352 98 66 27 78 7 0 0 0 0 0 0 0 0 0 0 0 0 0 0 0
0 0 0 0 0 0 4 1 1 0 1 1 0 0 0 1 0 0 6 0 0 7 61 28 0 0 0 1 1 1 4 7 3 0 4 15 10 23 32 79 488 297 292 186 25 15 32 1 3 1 0 0 11 1 0 1 3 0 0 0 0 0 0 0 0 0 0 0 0 0 2 0 0 0 0 0 0 1 8 1 19 12 5 7 18 1 0 0 29 18 2 0 9 9 0 1 1 4 0 1 0 1 1 2 8 2 0 2 37 4 1 4 1 0 52 546 519 403 111 94 80 67 46 8 1 10 21 140 2 62 13 169 437 46 27 8 0 0 0 0 0 0 0 0 0 0 0 0 0 0
0 0 0 0 0 0 0 0 1 0 0 5 3 0 1 2 1 0 18 16 140 51 12 0 0 0 0 1 9 15 1 1 14 34 45 2 0 7 0 52 320 177 196 121 106 19 3 0 1 9 0 1 8 3 8 2 1 1 0 0 0 0 0 0 0 0 0 0 0 0 0 0 0 0 0 0 0 1 9 1 20 8 30 100 25 0 0 0 1 0 0 2 8 4 0 1 5 2 0 0 0 0 0 1 3 1 2 12 154 179 194 274 124 121 356 640 380 271 53 428 44 124 5 3 53 13 45 68 3 0 7 144 258 82 80 7 0 0 0 0 0 0 0 0 0 0 0 0 0 0
0 0 0 0 0 0 0 2 0 2 0 2 1 15 1 9 13 9 5 12 39 0 0 0 0 1 0 0 0 4 5 8 8 4 0 2 11 1 3 2 48 72 21 8 2 0 0 0 1 1 1 3 35 1 1 11 2 2 0 0 0 0 0 0 0 0 0 0 0 0 0 0 0 0 0 2 0 14 9 0 6 3 7 3 0 0 0 0 2 1 4 1 0 10 5 16 3 0 0 0 4 3 0 0 0 2 6 20 75 42 93 57 85 333 674 454 232 226 78 262 57 13 0 5 4 9 26 0 0 0 47 205 1 0 1 0 0 0 0 0 0 0 0 0 0 0 0 0 0 0
0 0 0 2 0 6 10 2 3 0 0 0 0 6 14 1 2 1 17 17 14 0 0 0 0 0 0 0 3 6 44 0 5 0 3 0 0 1 6 0 8 12 2 0 2 2 0 0 2 1 0 5 116 5 13 61 14 1 0 1 0 0 0 0 0 0 0 0 0 0 0 0 0 0 0 0 0 8 1 1 0 0 1 0 0 0 0 0 2 0 0 0 5 7 5 0 11 4 0 2 7 0 0 2 0 1 11 66 132 7 0 3 103 182 172 242 232 281 192 74 212 1 0 0 0 0 0 0 0 0 2 88 32 0 0 0 0 0 0 0 0 0 0 0 0 0 0 0 0 0
0 0 0 1 0 0 3 3 1 0 2 0 1 19 4 8 17 7 9 0 1 1 2 0 0 1 0 10 23 16 18 34 10 0 2 1 3 1 1 0 11 10 14 0 1 0 2 0 0 0 1 28 95 34 7 14 1 1 0 0 0 0 0 0 0 0 0 0 0 0 0 0 0 0 0 0 3 5 0 1 0 7 0 0 0 0 0 0 6 0 7 1 21 37 2 11 3 2 0 2 1 0 0 0 0 1 124 90 348 8 0 0 8 1 4 0 0 35 247 466 24 0 0 0 0 1 2 0 0 0 0 4 97 9 0 0 0 0 0 0 0 0 0 0 0 1 0 0 0 0
1 5 0 2 1 2 12 32 1 1 3 11 12 1 0 91 55 25 2 0 0 0 2 3 1 21 2 8 1 2 8 12 3 2 0 0 2 0 0 1 16 2 0 0 0 0 0 0 0 0 0 42 1 16 9 0 1 0 0 0 0 0 0 0 0 0 0 0 0 0 0 0 0 0 0 0 3 14 0 0 0 0 2 0 0 0 0 2 6 0 3 0 1 39 0 0 0 4 9 2 0 1 1 1 2 24 17 53 122 0 0 0 0 0 8 1 0 2 267 277 169 88 0 0 7 31 0 0 0 50 91 14 33 6 0 0 0 0 0 0 0 0 0 0 0 0 0 0 0 0
0 1 0 0 0 1 2 0 0 6 8 3 3 1 13 33 26 35 2 0 0 0 2 4 1 6 0 1 0 2 1 0 1 4 10 0 1 0 0 7 1 17 8 0 1 0 1 1 0 0 4 43 20 12 10 5 3 0 0 1 0 0 0 0 0 0 0 0 0 0 0 0 0 0 0 0 0 126 93 5 0 8 0 0 0 0 2 58 12 1 3 5 11 1 0 5 0 1 8 77 27 8 37 5 1 35 15 23 142 2 0 0 0 5 95 117 177 346 86 143 592 124 0 17 226 52 0 0 0 128 202 0 0 0 0 0 0 0 0 0 0 0 0 0 0 0 0 0 0 0
0 2 4 3 0 1 3 9 16 2 11 77 9 3 0 1 0 7 0 0 0 0 0 13 10 5 7 1 15 0 0 0 0 0 0 0 0 1 2 0 1 6 10 16 17 13 7 1 0 0 0 64 26 2 0 2 0 0 2 0 0 0 0 0 0 0 0 0 0 0 0 0 0 0 0 0 0 6 30 7 2 1 0 0 0 0 0 18 0 0 1 0 0 9 0 1 0 0 2 4 0 0 4 0 13 0 9 11 25 8 0 0 0 0 94 407 669 332 46 25 62 182 238 306 176 2 0 1 6 351 205 0 0 0 0 0 0 0 0 0 0 0 0 0 0 0 0 0 0 0
0 0 2 0 0 1 9 7 7 0 7 28 2 0 0 0 0 0 4 1 1 0 0 0 0 0 0 3 3 2 0 0 0 0 0 0 0 0 9 3 0 0 1 1 1 1 0 4 0 0 4 66 8 3 0 0 0 0 1 3 0 0 0 0 0 0 0 0 0 0 0 0 0 0 0 1 1 3 67 43 13 25 17 0 0 0 1 0 1 0 0 0 4 10 3 0 1 1 0 9 1 2 3 2 6 1 6 6 60 0 0 0 35 28 56 30 6 63 405 140 21 344 761 607 366 221 147 174 854 996 533 23 0 0 0 0 0 0 0 0 0 0 0 0 1 0 0 0 0 0
0 0 1 0 0 2 11 1 0 42 29 3 0 22 2 0 0 4 1 0 1 0 0 0 0 3 15 0 1 0 2 3 3 1 0 0 0 0 1 14 0 1 3 0 0 0 3 1 0 1 4 290 18 11 0 5 0 0 2 0 0 0 0 1 0 0 0 0 0 0 0 0 0 0 0 0 1 11 46 1 2 23 24 0 0 0 0 0 0 1 1 30 5 11 1 8 18 2 2 2 8 0 2 4 5 7 4 6 87 42 3 16 18 1 2 11 2 147 248 360 390 659 748 651 1162 896 649 874 856 725 748 5 0 0 0 0 0 0 0 0 0 0 0 0 0 0 0 0 0 0
0 0 0 0 6 7 0 2 26 3 1 0 0 0 0 14 1 3 0 0 0 0 0 0 10 4 5 0 3 0 0 0 2 1 1 1 0 1 2 1 0 0 0 0 0 0 1 0 4 25 514 415 32 61 1 1 2 0 1 3 0 2 0 0 0 0 0 0 0 0 0 0 0 0 0 0 0 0 0 0 0 1 4 0 0 0 0 0 1 3 0 0 4 0 0 2 0 0 3 1 4 9 5 0 17 6 42 32 6 27 17 5 14 212 10 8 9 69 396 1076 1124 462 262 782 1705 978 199 631 591 25 110 44 0 0 0 0 0 0 1 0 0 0 0 0 0 0 0 0 0 0
2 0 0 6 8 0 1 0 6 0 1 1 2 4 0 0 1 1 0 0 0 0 0 0 3 3 0 0 1 0 0 25 24 0 1 0 0 0 0 0 0 0 0 0 0 0 0 0 2 23 495 440 397 470 35 12 2 1 2 5 1 0 0 0 0 0 0 0 0 0 0 0 0 0 0 0 0 0 0 14 2 2 0 0 0 0 0 8 67 0 0 6 9 0 0 0 0 0 0 9 10 0 9 9 9 99 361 37 5 0 7 4 0 5 1 12 12 9 108 566 457 475 219 1519 1568 661 243 190 9 401 1311 695 0 0 0 0 0 0 0 1 0 0 0 0 0 0 0 0 0 0
1 0 0 14 2 0 10 4 7 6 10 25 1 2 0 1 0 0 0 0 0 0 0 0 2 0 0 0 0 0 0 7 6 1 0 2 1 0 0 0 0 0 0 0 0 1 1 0 0 3 183 279 368 254 81 24 7 7 1 1 0 0 0 1 0 0 0 0 0 0 0 0 0 0 0 0 0 2 0 9 1 3 10 0 0 0 0 14 34 0 4 20 52 0 0 0 0 0 0 6 6 26 33 92 25 16 8 25 0 0 1 1 2 0 4 5 4 8 4 33 323 332 278 673 971 912 373 383 375 721 564 350 3 0 0 0 2 0 0 0 0 0 0 0 0 0 0 0 0 0
6 2 1 7 3 1 4 20 0 2 0 9 0 0 0 0 0 0 0 0 0 0 0 0 0 0 0 0 0 0 4 0 0 0 0 0 0 0 0 0 0 0 0 0 0 4 5 5 2 3 16 129 181 78 25 10 4 1 4 1 2 0 0 0 0 0 0 0 0 0 0 0 0 0 0 0 0 0 2 0 2 1 0 0 0 0 31 67 16 3 5 129 127 8 3 0 0 0 0 17 68 10 32 297 40 4 4 12 47 6 0 0 0 2 2 4 5 23 40 36 136 747 769 368 343 713 952 1050 320 131 55 119 0 0 0 0 0 0 0 0 0 0 0 0 0 0 0 0 0 0
0 3 22 1 5 1 10 47 6 3 2 1 1 1 0 0 0 0 0 0 0 2 0 2 0 0 0 1 5 0 0 0 0 0 0 0 0 1 1 0 1 0 0 0 0 1 0 2 3 2 1 19 90 9 24 0 4 33 42 1 0 0 1 0 0 0 0 0 0 0 0 0 0 0 0 0 0 0 0 0 0 3 9 20 9 16 0 0 13 17 159 132 52 4 5 3 0 22 12 25 34 244 226 645 276 41 12 17 18 5 0 0 2 1 14 1 2 42 27 357 637 753 1347 1620 844 211 1092 1400 826 0 0 1 0 0 0 0 0 0 0 0 0 0 0 0 0 0 0 0 0 0
1 6 17 0 10 20 6 24 6 5 1 0 0 1 0 0 0 0 0 0 0 0 0 0 0 0 0 0 1 0 0 0 0 0 1 0 0 0 0 0 1 1 0 0 0 0 0 0 7 0 0 31 117 2 14 0 0 8 82 36 0 0 0 0 0 0 0 0 0 0 0 0 0 0 0 0 0 0 0 0 0 2 4 0 0 1 1 8 13 22 120 128 61 14 29 115 3 3 0 4 119 177 426 175 127 62 3 9 1 14 4 1 0 0 3 1 4 267 364 577 690 30 15 156 218 197 320 657 273 4 88 3 0 0 0 0 0 0 0 0 0 0 0 0 0 0 0 0 0 0
9 2 117 1 25 115 49 6 0 4 1 2 0 2 0 0 0 0 0 1 0 0 0 0 0 0 0 0 0 0 1 0 0 1 0 0 0 0 0 0 1 1 1 0 0 1 0 0 0 2 1 6 16 0 0 1 0 1 2 24 2 1 0 0 0 0 0 0 0 0 0 0 0 0 0 0 0 0 0 0 41 57 1 5 15 3 180 16 1 0 0 1 11 2 1 0 0 0 0 6 4 66 649 293 125 192 11 19 7 6 18 2 0 0 0 17 243 507 146 35 0 0 0 0 33 312 134 335 288 12 27 19 0 0 0 0 0 0 0 0 0 0 0 0 0 0 0 0 0 0
4 22 61 117 285 374 98 33 14 0 0 0 0 0 0 1 0 0 0 0 1 6 0 0 0 0 0 0 0 0 0 0 0 0 0 0 0 0 0 0 0 3 0 15 11 4 0 4 0 0 0 13 32 1 0 3 2 0 18 4 2 4 0 0 0 0 0 0 0 0 0 0 0 0 0 0 0 0 3 17 2 0 0 1 5 5 14 98 26 0 0 0 0 0 0 0 0 0 0 0 0 86 400 128 126 158 2 7 2 26 9 4 1 0 14 97 141 3 14 47 0 0 0 0 6 308 195 447 152 12 79 1 0 0 0 0 0 0 0 0 0 0 0 0 0 0 0 0 0 0
2 57 269 532 260 201 127 29 0 2 0 0 3 0 0 0 1 5 0 0 1 3 0 0 0 0 0 1 0 0 0 0 0 0 1 0 0 0 0 0 0 0 0 3 0 0 0 5 19 1 0 2 14 0 1 2 0 0 0 0 0 1 0 0 0 0 0 0 0 0 0 0 0 0 0 0 0 11 0 0 0 0 0 0 0 0 34 19 0 0 2 0 0 0 0 0 0 0 0 0 5 31 12 39 149 134 0 0 1 2 7 15 23 29 20 22 2 5 9 34 27 59 10 0 9 66 68 127 22 4 0 0 0 0 0 0 0 0 0 0 0 0 0 0 0 0 0 0 0 0
12 6 136 138 117 118 37 17 0 0 0 1 0 0 0 0 0 1 1 1 3 4 0 1 0 0 0 0 0 2 0 0 0 1 1 0 0 0 0 0 0 0 1 0 1 0 0 0 1 4 1 0 0 1 0 3 0 0 0 0 0 0 0 0 0 0 0 0 0 0 0 0 0 0 0 0 3 0 0 0 0 0 0 0 0 0 62 14 4 3 18 5 1 0 4 34 0 0 0 351 686 137 250 110 9 99 81 4 3 2 19 63 28 1 0 0 1 0 22 34 101 44 212 284 97 30 0 1 0 1 0 0 0 0 0 0 0 0 0 0 0 0 0 0 0 0 0 0 0 0
4 12 41 95 116 20 1 0 0 1 23 2 0 0 0 0 0 0 0 0 1 75 0 0 0 0 1 0 0 0 0 1 0 0 3 0 0 0 0 0 0 0 0 0 2 29 9 2 1 0 0 0 0 0 3 16 0 0 0 0 0 0 0 0 0 0 0 0 0 0 0 0 0 0 0 0 2 2 0 0 0 0 0 0 0 1 41 1 1 20 50 0 0 0 35 200 61 17 174 1205 438 412 101 16 6 16 50 113 1 7 43 0 0 0 0 0 0 5 40 43 127 20 44 33 8 59 20 10 97 38 34 0 0 0 0 0 0 0 0 0 0 0 0 0 0 0 0 0 0 0
27 11 18 4 2 0 1 0 0 0 0 0 0 0 0 0 0 0 0 0 1 4 3 0 0 0 0 1 0 1 0 0 0 8 7 0 0 0 0 0 0 0 0 0 1 9 0 1 0 0 1 0 0 0 53 18 0 0 0 0 0 0 0 0 0 0 0 0 0 0 0 0 0 0 16 8 0 0 0 0 0 0 0 0 0 0 23 2 0 0 74 22 2 8 86 395 65 30 96 108 8 223 18 41 9 5 0 147 417 145 0 0 0 2 11 0 0 0 11 2 32 1 1 0 68 69 91 30 173 51 24 0 0 0 0 0 0 0 0 0 0 0 0 0 0 0 0 0 0 0
6 0 2 1 0 1 1 0 0 0 0 0 0 0 0 0 0 0 0 0 0 0 0 0 0 0 1 1 0 0 3 31 1 0 0 0 0 0 0 0 2 0 0 0 0 0 0 0 0 0 0 1 1 1 34 1 0 1 0 0 0 0 0 0 0 0 0 0 0 0 0 0 0 0 13 29 0 0 0 0 0 0 0 0 0 0 121 51 163 37 110 18 14 7 2 60 6 4 0 2 11 0 0 6 3 12 183 287 140 63 0 0 1 0 3 0 0 7 2 0 2 7 2 3 8 75 83 171 63 156 40 0 0 0 0 0 0 0 0 0 0 0 0 0 0 0 1 0 0 0
4 1 0 0 1 0 0 0 0 0 0 0 0 0 0 0 0 0 0 1 0 0 0 0 1 0 0 0 0 1 1 1 1 0 0 1 0 0 0 0 0 2 0 0 0 1 0 0 0 0 0 0 1 78 8 3 0 0 0 0 0 0 0 0 0 0 0 0 0 0 0 2 3 7 0 0 0 0 0 0 0 0 0 0 0 0 1 0 92 4 0 0 0 4 0 31 0 1 6 0 0 1 2 2 6 133 676 301 51 91 0 0 0 0 0 0 0 1 64 17 2 17 0 15 7 25 150 37 16 34 7 43 0 0 0 0 0 0 0 0 0 0 0 0 0 0 0 0 0 0
2 0 0 1 0 3 0 0 0 0 0 0 0 0 0 0 0 0 0 1 0 0 0 2 0 0 0 1 0 0 1 0 0 2 0 0 0 0 0 0 0 0 0 0 0 2 0 0 0 0 0 1 3 72 4 4 10 0 0 0 0 0 0 0 0 0 0 0 0 0 2 3 1 24 0 0 0 0 0 0 0 0 0 0 0 0 2 0 1 0 0 0 3 22 2 0 0 0 8 1 3 1 1 0 34 113 120 24 38 142 0 0 0 0 0 0 0 0 1 9 0 14 4 62 44 27 166 55 26 25 1 0 0 0 0 0 0 0 0 0 0 0 0 0 0 0 0 0 0 0
0 0 0 0 1 18 0 0 0 0 0 0 0 0 0 1 0 0 0 0 0 0 0 0 0 0 1 0 0 0 0 3 0 0 0 0 0 0 0 0 0 0 3 0 0 0 0 0 0 0 1 0 3 0 5 0 6 2 0 0 0 0 0 0 0 0 0 2 2 5 0 0 0 0 0 0 0 0 0 0 0 0 0 0 0 0 0 0 0 0 1 23 100 13 1 0 1 0 3 4 4 7 16 9 98 77 0 4 11 8 9 0 0 0 0 0 0 0 0 0 11 5 11 35 0 0 0 234 2 1 0 0 0 0 0 0 0 0 0 0 0 0 0 0 0 0 1 0 0 0
0 0 0 0 49 17 0 0 0 0 0 0 0 0 0 0 1 0 0 0 0 0 0 0 0 0 0 0 1 0 3 0 0 0 0 0 0 0 3 1 0 0 0 2 1 4 1 0 0 1 2 0 0 19 1 5 2 1 0 0 0 0 0 0 0 0 2 0 9 1 0 1 2 0 0 0 0 0 0 0 0 0 0 0 0 0 0 2 34 41 149 228 135 16 0 1 0 0 0 27 60 293 266 42 11 26 2 0 0 186 20 0 0 0 0 0 0 0 0 3 0 0 0 0 0 3 122 72 0 0 0 0 0 0 0 0 0 0 0 0 0 0 0 0 0 0 0 0 0 0
0 0 0 0 1 0 1 0 0 0 0 0 0 2 0 0 0 1 1 0 0 0 0 0 0 0 0 0 0 3 0 0 0 0 0 3 0 0 0 0 0 0 0 0 0 15 0 0 1 0 5 0 2 0 5 2 0 1 0 0 0 0 0 0 0 0 0 0 11 0 0 0 0 0 0 0 0 0 0 0 0 0 0 0 0 2 3 2 142 92 135 92 66 25 15 0 2 2 1 62 128 170 55 8 0 0 4 0 0 3 4 0 0 0 0 0 0 0 0 2 1 57 45 0 0 7 11 1 0 0 0 0 0 0 0 0 0 0 0 0 0 0 0 0 0 0 0 0 1 0
0 0 0 0 3 2 0 0 0 0 0 0 10 5 0 1 0 3 0 0 0 0 0 0 0 2 2 0 1 11 0 0 1 0 1 9 0 0 0 0 0 0 0 0 1 37 11 0 0 0 2 0 1 6 12 0 0 0 0 0 0 0 0 0 0 0 0 15 176 0 0 0 0 0 0 0 0 0 0 0 0 0 0 0 6 14 32 7 1 29 0 1 4 0 13 0 0 0 9 22 83 0 2 3 0 0 0 6 1 47 30 39 0 0 0 0 0 0 0 0 0 0 0 0 15 0 0 9 0 0 0 0 0 0 0 0 0 0 0 0 0 0 0 0 0 0 0 0 0 0
0 0 0 0 1 0 2 0 0 0 0 0 0 0 0 0 2 1 0 0 0 0 0 0 0 1 0 0 0 1 0 0 0 0 1 0 0 0 0 0 0 0 0 0 0 0 0 20 0 3 0 0 0 8 1 2 2 0 0 0 0 0 0 0 0 0 6 14 7 0 0 0 0 0 0 0 0 0 0 0 0 0 0 0 22 0 0 3 0 6 2 0 9 0 2 6 7 21 22 15 23 7 2 1 1 0 0 21 91 171 102 371 29 14 3 0 0 0 0 0 0 0 0 0 0 0 0 0 0 0 0 0 0 0 0 0 0 0 0 0 0 0 0 0 0 0 0 0 0 0
0 0 0 1 0 0 0 0 0 0 1 0 0 0 0 0 0 0 0 0 0 0 0 0 1 0 0 0 0 0 0 0 0 0 0 0 0 0 0 1 0 0 0 0 0 0 0 2 29 1 0 0 0 0 0 49 81 0 0 0 0 1 0 0 0 2 49 82 0 0 0 13 0 0 0 0 0 0 0 0 0 0 0 13 53 0 1 2 2 3 2 3 1 0 1 13 56 14 4 0 0 0 7 10 2 1 15 3 68 38 131 34 27 3 5 0 0 0 0 0 0 0 0 0 0 0 0 0 0 0 0 0 0 0 0 0 0 0 0 0 0 0 0 0 0 0 0 0 0 0
0 0 0 0 0 1 0 0 0 0 0 0 0 0 0 0 0 0 0 0 0 0 0 0 1 0 0 0 0 2 0 3 0 0 0 0 0 0 0 0 0 0 0 0 0 1 1 7 57 2 0 0 0 0 6 2 6 2 10 3 2 3 1 8 4 2 0 1 1 0 0 0 0 1 0 0 0 0 0 0 0 0 0 0 0 0 0 16 10 2 1 0 0 0 4 168 18 0 0 0 0 0 0 0 28 55 311 635 554 111 20 0 2 3 0 0 0 0 0 0 0 0 0 0 0 0 0 0 0 0 0 0 0 0 0 0 0 0 0 0 0 0 0 0 0 0 0 0 0 0
0 0 1 0 3 26 1 4 2 2 2 0 0 0 0 1 0 0 0 0 0 0 0 0 0 0 0 0 0 0 0 0 0 0 0 1 0 0 3 0 0 0 0 0 0 0 23 13 0 2 3 0 3 1 4 0 0 0 0 1 0 0 0 1 0 0 0 0 0 8 1 3 0 0 0 0 0 0 0 0 0 0 0 0 0 0 0 1 2 1 1 6 1 21 117 14 0 0 0 0 0 7 0 27 68 86 155 318 162 227 180 327 38 1 0 0 0 0 0 0 0 0 0 0 0 0 0 0 0 0 0 0 0 0 0 0 0 0 0 0 0 0 0 0 0 0 0 0 0 0
0 0 0 0 13 26 0 0 0 0 0 0 0 0 0 0 0 0 1 0 0 0 0 0 0 0 0 0 0 0 0 0 0 3 0 0 0 2 0 2 0 1 3 0 0 0 5 1 2 0 2 0 1 2 0 0 1 4 5 1 0 2 0 0 0 1 0 1 0 0 0 0 1 0 0 0 0 0 0 0 0 0 0 0 0 1 0 0 2 1 0 1 12 55 2 12 168 0 0 0 0 0 0 36 142 271 0 0 11 27 0 4 3 0 0 0 0 0 0 0 0 0 0 0 0 0 0 0 0 0 0 0 0 0 0 0 0 0 0 0 0 0 0 0 0 0 0 0 0 0
3 0 0 0 0 0 0 0 3 0 1 0 0 0 0 0 0 0 0 0 0 0 0 0 0 0 0 0 0 0 0 4 0 0 0 0 0 0 0 0 0 0 0 0 0 0 0 0 2 2 4 0 0 2 0 0 0 0 5 0 1 4 0 0 0 0 0 0 0 0 0 1 5 0 0 0 0 0 0 0 0 0 0 0 0 0 0 0 0 0 0 17 28 5 19 95 207 0 0 0 0 0 0 3 5 0 0 0 0 0 33 78 7 0 0 0 0 0 0 0 0 0 0 0 0 0 0 0 0 0 0 0 0 0 0 0 0 0 0 0 0 0 7 24 2 0 0 0 0 0
0 0 0 1 0 0 0 0 0 9 0 0 1 0 0 0 0 0 2 0 0 0 0 0 0 0 0 0 0 0 0 0 0 0 0 0 0 0 0 0 0 0 0 0 0 0 0 0 0 0 1 1 0 4 0 0 1 1 0 2 4 0 0 0 0 0 0 0 0 0 3 2 1 0 0 0 0 0 0 0 0 0 0 0 0 0 0 0 22 14 5 22 121 96 31 0 0 0 0 0 0 0 0 0 2 0 0 1 0 104 86 1 0 0 0 0 0 0 0 0 0 0 0 0 0 0 0 0 0 0 0 0 0 0 0 0 0 0 0 0 0 0 0 5 1 0 0 0 0 0
0 0 0 0 0 0 0 0 0 1 0 0 0 4 0 0 0 0 0 0 0 0 0 0 1 0 0 0 0 0 0 0 0 0 0 0 0 0 0 0 0 0 1 0 0 0 0 0 0 0 2 1 2 0 0 0 0 0 2 2 0 0 0 0 0 0 0 0 0 0 0 0 0 0 0 0 0 0 0 0 0 0 0 0 0 0 0 4 0 11 5 64 371 0 0 3 0 0 0 0 0 0 0 0 0 0 0 0 36 18 76 1 0 0 0 0 0 0 0 0 0 0 0 0 0 0 0 0 0 0 0 0 0 0 0 0 0 0 0 0 0 0 0 0 0 0 0 0 0 0
0 0 0 0 1 0 0 0 0 0 0 3 0 0 0 0 0 0 1 0 0 0 0 0 0 0 0 0 0 0 0 0 0 0 0 0 0 0 0 0 0 0 0 0 0 0 0 0 0 0 1 9 0 9 0 1 0 0 0 11 5 0 0 0 0 0 0 0 0 0 2 30 4 0 0 0 0 0 0 0 0 0 0 0 0 0 0 0 1 2 10 20 16 7 9 0 0 0 0 0 0 0 0 0 0 0 0 0 0 0 0 0 0 0 0 0 0 0 0 0 0 0 0 0 0 0 0 0 0 0 0 0 0 0 0 0 0 0 0 0 0 0 0 0 0 0 0 0 0 0
0 0 0 0 0 0 0 0 0 0 0 0 0 0 0 0 0 0 0 0 0 0 4 14 0 0 0 0 0 0 0 0 0 0 0 0 1 0 0 0 0 0 0 0 0 0 0 0 0 0 0 20 3 0 1 0 0 0 0 0 0 5 7 0 0 0 0 0 0 0 0 6 2 0 13 0 0 0 0 0 0 0 0 0 0 0 0 0 0 7 4 28 26 33 37 0 0 0 0 0 0 0 0 0 0 0 0 0 0 0 0 0 0 0 0 0 0 0 0 0 0 0 0 0 0 0 0 0 0 0 0 0 0 0 0 0 0 0 0 0 0 0 0 0 0 0 0 0 0 0
0 0 0 0 0 0 0 0 0 0 0 0 0 0 0 0 0 0 0 0 0 1 1 1 0 0 0 0 1 0 0 0 0 0 0 0 0 0 0 0 0 0 0 0 0 0 0 0 0 0 0 26 23 0 1 1 0 0 0 0 1 18 52 0 0 0 0 0 0 0 0 0 0 0 4 0 0 0 0 0 0 0 0 0 0 0 0 0 0 1 18 11 0 36 21 28 0 0 0 0 0 0 0 0 0 0 0 0 0 0 0 0 0 0 0 0 0 0 0 0 0 0 0 0 0 0 0 0 0 0 0 0 0 0 0 0 0 0 0 0 0 0 0 0 0 0 0 0 0 0
0 0 0 0 0 0 0 0 0 0 1 0 2 0 0 0 0 0 0 0 0 0 0 0 0 0 0 0 0 0 0 0 0 0 0 0 0 0 0 0 0 0 0 0 0 0 0 0 0 1 5 16 124 5 8 1 1 0 0 0 0 8 0 0 0 0 0 0 0 0 0 0 0 1 1 0 0 0 0 0 0 0 0 0 0 0 0 0 0 0 0 6 32 15 11 0 0 0 0 0 0 0 0 0 0 0 0 0 0 0 0 0 0 0 0 0 0 0 0 0 0 0 0 0 0 0 0 0 0 0 0 0 0 0 0 0 0 0 0 0 0 0 0 0 0 0 0 0 0 0
0 0 0 0 0 0 0 5 0 0 0 0 20 8 0 0 0 0 0 0 0 0 0 0 0 1 0 0 0 0 0 0 0 0 0 0 0 0 0 0 0 0 0 0 0 0 0 0 0 2 1 8 105 0 7 0 0 0 0 0 1 7 2 0 0 0 0 0 0 0 0 0 0 0 0 0 0 0 0 0 0 0 0 0 0 0 0 0 0 0 0 6 16 7 2 4 13 2 0 2 0 0 0 0 0 0 0 0 0 0 0 0 0 0 0 0 0 0 0 0 0 0 0 0 0 0 0 0 0 0 0 0 0 0 0 0 0 0 0 0 0 0 0 0 0 0 0 0 0 0
0 0 0 0 0 0 0 0 0 0 0 0 0 1 1 0 0 0 2 0 0 0 0 5 0 7 0 0 0 0 0 0 0 0 0 0 0 7 0 0 0 0 0 0 0 0 0 1 0 2 1 5 14 0 0 0 0 0 0 1 7 9 0 0 0 0 0 0 0 0 0 0 0 0 0 0 0 0 0 0 0 0 0 0 0 0 0 0 0 0 0 0 0 0 0 1 6 0 0 0 0 0 0 0 0 0 0 0 0 0 0 0 0 0 0 0 0 0 0 0 0 0 0 0 0 0 0 0 0 0 0 0 0 0 0 0 0 0 0 0 0 0 0 0 0 1 0 0 0 0
0 0 3 0 0 0 0 0 0 0 0 1 0 0 0 0 0 0 0 0 0 0 0 0 0 0 1 0 0 0 0 0 1 0 8 2 0 0 0 0 0 0 0 0 0 0 6 8 0 0 0 0 0 0 0 0 0 0 0 1 9 0 0 0 0 0 0 0 0 0 0 0 0 0 0 0 0 0 0 0 0 0 0 0 0 0 0 0 0 0 0 0 0 0 0 7 11 18 0 0 0 0 0 0 0 0 0 0 0 0 0 0 0 0 0 0 0 0 0 0 0 0 0 0 0 0 0 0 0 0 0 0 0 0 0 0 0 0 0 0 0 0 0 0 6 19 0 0 0 0
1 0 0 0 0 0 0 0 0 0 0 0 0 0 0 0 3 0 0 2 1 0 0 0 0 0 0 0 0 0 0 0 0 0 0 0 0 1 0 0 0 0 0 0 0 0 0 0 0 0 0 0 0 0 0 0 0 0 0 0 0 0 0 0 0 0 0 0 0 0 0 7 6 0 0 0 0 0 0 0 0 0 0 0 0 0 0 0 0 0 0 0 0 0 7 3 3 1 0 2 6 0 0 0 0 0 0 0 0 0 0 0 0 0 0 0 0 0 0 0 0 0 0 0 0 0 0 0 0 0 0 0 0 0 0 0 0 0 0 0 0 0 0 0 0 0 0 0 0 0
0 0 0 0 6 0 0 1 0 0 0 1 1 0 0 0 0 0 0 1 2 0 0 0 0 0 0 0 0 0 0 0 0 0 0 0 0 0 0 0 0 0 0 0 0 0 0 0 0 0 0 0 0 0 0 0 1 0 0 0 2 0 0 0 0 0 0 0 0 0 11 21 0 0 0 0 0 0 0 0 0 0 0 0 0 0 0 0 0 0 0 0 0 0 1 0 1 0 0 1 0 3 0 0 0 0 0 0 0 0 0 0 0 0 0 0 0 0 0 0 0 0 0 0 0 0 0 0 0 0 0 0 0 0 0 0 0 0 0 0 0 0 0 0 0 0 0 0 0 0
0 0 0 0 0 0 0 0 0 0 0 0 2 0 0 2 2 0 0 0 0 0 0 0 0 0 0 0 0 0 0 0 0 0 0 0 0 0 0 0 0 0 0 0 7 0 0 0 0 0 0 0 0 0 0 0 0 0 0 2 0 0 0 0 0 0 0 0 0 0 19 0 0 0 0 0 0 0 0 0 0 0 0 0 0 0 0 0 0 0 0 0 0 0 0 0 12 0 0 0 0 0 0 0 0 0 0 0 0 0 0 0 0 0 0 0 0 0 0 0 0 0 0 0 0 0 0 0 0 0 0 0 0 0 0 0 0 0 0 0 0 0 0 0 0 0 0 0 0 0
0 0 0 0 0 0 0 0 0 1 0 0 2 2 0 5 12 1 0 0 0 0 0 0 0 0 0 0 0 0 0 0 0 0 0 0 0 0 0 0 0 0 0 1 0 0 0 0 0 0 0 0 0 0 0 0 0 0 0 11 1 0 0 0 0 0 0 0 10 1 0 0 0 0 0 0 0 0 0 0 0 0 0 0 0 0 0 0 0 0 0 0 0 0 0 0 4 1 8 1 0 0 0 0 0 0 0 0 0 0 0 0 0 0 0 0 0 0 0 0 0 0 0 0 0 0 0 0 0 0 0 0 0 0 0 0 0 0 0 0 0 0 0 0 0 0 0 0 0 0
0 0 0 0 0 0 0 0 0 0 0 0 5 0 0 0 2 4 0 0 0 0 0 0 0 0 0 0 0 0 0 0 0 0 0 0 6 2 0 1 0 0 9 2 0 0 0 0 0 0 0 0 0 0 0 0 0 0 0 0 3 8 1 0 0 0 0 3 21 52 0 0 0 0 0 0 0 0 0 0 0 0 0 0 0 0 0 0 0 0 0 0 0 0 0 0 1 0 0 0 0 0 0 0 0 0 0 0 0 0 0 0 0 0 0 0 0 0 0 0 0 0 0 0 0 0 0 0 0 0 0 0 0 0 0 0 0 0 0 0 0 0 0 0 0 0 0 0 0 0
1 0 1 0 1 0 1 0 0 0 0 1 26 5 0 0 17 0 1 0 0 0 2 14 0 0 0 0 0 0 0 0 0 0 4 4 8 1 2 4 0 1 12 0 0 0 0 0 0 0 0 0 0 0 0 0 0 0 0 0 0 1 1 0 434 46 9 0 0 0 0 0 0 0 0 0 0 0 0 0 0 0 0 0 0 0 0 0 0 0 0 0 0 0 0 0 0 0 0 0 0 0 0 0 0 0 0 0 0 0 0 0 0 0 0 0 0 0 0 0 0 0 0 0 0 0 0 0 0 0 0 0 0 0 0 0 0 0 0 0 0 0 0 0 0 0 0 0 0 0
3 38 0 0 0 0 0 0 0 0 0 1 0 0 0 1 0 3 0 7 5 133 24 8 0 0 0 0 0 0 0 0 0 0 0 5 16 0 0 1 0 1 1 0 0 0 0 0 0 0 0 0 0 0 0 0 0 0 0 0 0 0 0 0 6 4 0 0 0 0 0 0 0 0 0 0 0 0 0 0 0 0 0 0 0 0 0 0 0 0 0 0 0 0 0 0 0 0 0 0 0 0 0 0 0 0 0 0 0 0 0 0 0 0 0 0 0 0 0 0 0 0 0 0 0 0 0 0 0 0 0 0 0 0 0 0 0 0 0 0 0 0 0 0 0 0 0 0 0 0
10 21 2 0 0 0 0 0 0 0 0 0 1 0 0 3 5 0 0 4 0 180 7 1 5 4 0 0 1 6 1 0 0 0 0 0 1 0 0 0 20 27 0 0 0 0 0 0 0 0 0 0 0 0 0 0 0 0 0 0 0 0 0 0 2 0 0 0 0 0 0 0 0 0 0 0 0 0 0 0 0 0 0 0 0 0 0 0 0 1 0 0 0 0 0 0 0 0 0 0 0 0 0 0 0 0 0 0 0 0 0 0 0 0 0 0 0 0 0 0 0 0 0 0 0 0 0 0 0 0 0 0 0 0 0 0 0 0 0 0 0 0 0 0 0 0 0 0 0 0
0 0 0 0 1 0 0 0 0 0 0 0 2 0 0 0 0 0 3 1 0 4 6 1 14 4 2 3 0 30 0 0 0 0 0 1 0 0 0 0 0 0 0 0 0 0 0 0 0 0 0 0 0 0 0 0 0 0 0 0 0 0 0 0 0 0 0 0 0 0 0 0 0 0 0 0 0 0 0 0 0 0 0 0 0 0 0 0 0 0 0 0 0 0 0 0 0 0 0 0 0 0 0 0 0 0 0 0 0 0 0 0 0 0 0 0 0 0 0 0 0 0 0 0 0 0 0 0 0 0 0 0 0 0 0 0 0 0 0 0 0 0 0 0 0 0 0 0 0 0
0 0 0 0 0 0 0 0 0 0 0 0 0 0 0 0 0 0 0 2 0 0 0 1 2 3 3 1 9 1 3 0 1 11 9 0 0 0 0 0 0 0 0 0 0 0 0 0 0 0 0 0 0 0 0 0 0 0 0 0 0 0 0 0 0 0 0 0 0 0 0 0 0 0 0 0 0 0 0 0 0 0 0 0 0 0 0 0 0 0 0 0 0 0 0 0 0 0 0 0 0 0 0 0 0 0 0 0 0 0 0 0 0 0 0 0 0 0 0 0 0 0 0 0 0 0 0 0 0 0 0 0 0 0 0 0 0 0 0 0 0 0 0 0 0 0 0 0 0 0
0 0 0 0 0 0 0 0 0 0 0 0 0 0 0 0 0 0 0 0 1 0 0 0 0 0 1 1 191 31 2 2 4 14 0 0 4 0 0 0 0 0 0 0 0 0 0 0 0 0 0 0 0 0 0 0 0 0 0 0 0 0 0 0 0 0 0 0 0 0 0 0 0 0 0 0 0 0 0 0 0 0 0 0 0 0 0 0 0 0 0 0 0 0 0 0 0 0 0 0 0 0 0 0 0 0 0 0 0 0 0 0 0 0 0 0 0 0 0 0 0 0 0 0 0 0 0 0 0 0 0 0 0 0 0 0 0 0 0 0 0 0 0 0 0 0 0 0 0 0
0 0 0 0 0 0 0 0 0 0 0 0 0 0 0 0 0 0 0 0 0 0 0 0 0 2 1 2 0 0 0 0 0 1 0 2 4 0 0 0 0 0 0 0 1 0 0 0 0 0 0 0 0 0 0 0 0 0 0 0 0 0 0 0 0 0 0 0 0 0 0 0 0 0 0 0 0 0 0 0 0 0 0 0 0 0 0 0 0 0 0 0 0 0 0 0 0 0 0 0 0 0 0 0 0 0 0 0 0 0 0 0 0 0 0 0 0 0 0 0 0 0 0 0 0 0 0 0 0 0 0 0 0 0 0 0 0 0 0 0 0 0 0 0 0 0 0 0 0 0
0 0 0 0 0 0 0 0 0 0 0 0 0 0 0 0 0 0 0 0 0 0 0 0 4 3 6 0 0 0 3 1 0 4 2 1 1 0 0 0 0 0 0 0 0 0 0 0 0 0 0 0 0 0 0 0 0 0 0 0 0 0 0 0 0 0 0 0 0 0 0 0 0 0 0 0 0 0 0 0 0 0 0 0 0 0 0 0 0 0 0 0 0 0 0 0 0 0 0 0 0 0 0 0 0 0 0 0 0 0 0 0 0 0 0 0 0 0 0 0 0 0 0 0 0 0 0 0 0 0 0 0 0 0 0 0 0 0 0 0 0 0 0 0 0 0 0 0 0 0
0 0 0 0 0 0 0 0 0 0 0 0 8 5 0 0 0 0 0 0 0 0 0 0 0 0 0 1 0 0 0 0 3 0 0 0 0 8 0 0 0 0 0 0 0 0 0 0 0 0 0 0 0 0 0 0 0 0 0 0 0 0 0 0 0 0 0 0 0 0 0 0 0 0 0 0 0 0 0 0 0 0 0 0 0 0 0 0 0 0 0 0 0 0 0 0 0 0 0 0 0 0 0 0 0 0 0 0 0 0 0 0 0 0 0 0 0 0 0 0 0 0 0 0 0 0 0 0 0 0 0 0 0 0 0 0 0 0 0 0 0 0 0 0 0 0 0 0 0 0
1 0 0 0 0 0 0 0 0 3 0 0 1 0 0 0 0 0 0 0 0 0 0 0 0 0 0 10 0 4 8 0 0 0 0 0 0 0 0 0 0 0 0 0 0 0 0 0 0 0 0 0 0 0 0 0 0 0 0 0 0 0 0 0 0 0 0 0 0 0 0 0 0 0 0 0 0 0 0 0 0 0 0 0 0 0 0 0 0 0 0 0 0 0 0 0 0 0 0 0 0 0 0 0 0 0 0 0 0 0 0 0 0 0 0 0 0 0 0 0 0 0 0 0 0 0 0 0 0 0 0 0 0 0 0 0 0 0 0 0 0 0 0 0 0 0 0 0 0 0
0 0 0 0 0 0 0 0 0 0 0 0 0 0 0 0 0 0 0 0 0 0 0 0 0 0 0 8 2 0 0 0 2 6 0 0 0 0 0 0 0 0 0 0 0 0 0 0 0 0 0 0 0 0 0 0 0 0 0 0 0 0 0 0 0 0 0 0 0 0 0 0 0 0 0 0 0 0 0 0 0 0 0 0 0 0 0 0 0 0 0 0 0 0 0 0 0 0 0 0 0 0 0 0 0 0 0 0 0 0 0 0 0 0 0 0 0 0 0 0 0 0 0 0 0 0 0 0 0 0 0 0 0 0 0 0 0 0 0 0 0 0 0 0 0 0 0 0 0 0
0 0 0 0 0 0 0 0 0 0 0 0 0 0 0 0 0 0 0 0 0 0 0 0 0 0 0 0 0 0 0 0 2 0 0 0 0 0 0 0 0 0 0 0 0 0 0 0 0 0 0 0 0 0 0 0 0 0 0 0 0 0 0 0 0 0 0 0 0 0 0 0 0 0 0 0 0 0 0 0 0 0 0 0 0 0 0 0 0 0 0 0 0 0 0 0 0 0 0 0 0 0 0 0 0 0 0 0 0 0 0 0 0 0 0 0 0 0 0 0 0 0 0 0 0 0 0 0 0 0 0 0 0 0 0 0 0 0 0 0 0 0 0 0 0 0 0 0 0 0
0 0 0 0 0 0 0 0 0 0 2 0 0 1 0 0 0 0 0 0 0 0 0 0 0 0 0 1 0 0 0 0 0 0 0 0 0 0 0 0 0 0 0 0 0 0 0 0 0 0 0 0 0 0 0 0 0 0 0 0 0 0 0 0 0 0 0 0 0 0 0 0 0 0 0 0 0 0 0 0 0 0 0 0 0 0 0 0 0 0 0 0 0 0 0 0 0 0 0 0 0 0 0 0 0 0 0 0 0 0 0 0 0 0 0 0 0 0 0 0 0 0 0 0 0 0 0 0 0 0 0 0 0 0 0 0 0 0 0 0 0 0 0 0 0 0 0 0 0 0
0 0 0 0 0 0 0 0 0 1 2 0 0 0 0 0 0 0 0 0 0 0 0 0 0 0 0 0 0 0 0 0 0 0 0 0 0 0 0 0 1 0 0 0 0 0 0 0 0 0 0 0 0 0 0 0 0 0 0 0 0 0 0 0 0 0 0 0 0 0 0 0 0 0 0 0 0 0 0 0 0 0 0 0 0 0 0 0 0 0 0 0 0 0 0 0 0 0 0 0 0 0 0 0 0 0 0 0 0 0 0 0 0 0 0 0 0 0 0 0 0 0 0 0 0 0 0 0 0 0 0 0 0 0 0 0 0 0 0 0 0 0 0 0 0 0 0 0 0 0
0 0 0 0 0 0 0 0 17 13 0 0 0 0 0 0 0 0 0 0 0 0 0 0 0 0 0 0 0 0 0 0 0 0 0 0 0 0 0 0 0 0 0 0 0 0 0 0 0 1 1 0 0 0 0 0 0 0 0 0 0 0 0 0 0 0 0 0 0 0 0 0 0 0 0 0 0 0 0 0 0 0 0 0 0 0 0 0 0 0 0 0 0 0 0 0 0 0 0 0 0 0 0 0 0 0 0 0 0 0 0 0 0 0 0 0 0 0 0 0 0 0 0 0 0 0 0 0 0 0 0 0 0 0 0 0 0 0 0 0 0 0 0 0 0 0 0 0 0 0
0 0 0 0 0 3 22 13 7 2 0 0 0 0 0 0 0 0 0 0 0 0 0 0 0 0 0 0 0 0 0 0 0 0 0 0 0 0 0 0 0 0 0 0 0 0 0 0 0 27 34 0 0 0 3 0 0 0 0 0 0 0 0 0 0 0 0 0 0 0 0 0 0 0 0 0 0 0 0 0 0 0 0 0 0 0 0 0 0 0 0 0 0 0 0 0 0 0 0 0 0 0 0 0 0 0 0 0 0 0 0 0 0 0 0 0 0 0 0 0 0 0 0 0 0 0 0 0 0 0 0 0 0 0 0 0 0 0 0 0 0 0 0 0 0 0 0 0 0 0
1 0 0 0 0 0 31 9 0 0 0 0 0 0 0 0 0 0 0 0 0 0 0 0 0 0 0 0 0 0 0 0 0 0 0 0 0 0 0 0 0 0 0 0 0 0 0 0 0 0 0 0 0 0 0 0 0 0 0 0 0 0 0 0 0 0 0 0 0 0 0 0 0 0 0 0 0 0 0 0 0 0 0 0 0 0 0 0 0 0 0 0 0 0 0 0 0 0 0 0 0 0 0 0 0 0 0 0 0 0 0 0 0 0 0 0 0 0 0 0 0 0 0 0 0 0 0 0 0 0 0 0 0 0 0 0 0 0 0 0 0 0 0 0 0 0 0 0 0 0
0 0 0 0 0 0 0 0 0 0 0 0 0 0 0 0 0 0 0 0 0 0 0 0 0 0 0 0 0 0 0 0 0 0 0 0 0 0 0 0 0 0 0 0 0 0 0 0 0 0 0 0 8 52 0 0 0 0 0 0 0 0 0 0 0 0 0 0 0 0 0 0 0 0 0 0 0 0 0 0 0 0 0 0 0 0 0 0 0 0 0 0 0 0 0 0 0 0 0 0 0 0 0 0 0 0 0 0 0 0 0 0 0 0 0 0 0 0 0 0 0 0 0 0 0 0 0 0 0 0 0 0 0 0 0 0 0 0 0 0 0 0 0 0 0 0 0 0 0 0
0 0 0 0 0 0 0 0 0 0 0 0 0 0 0 0 0 0 0 0 0 0 0 0 0 0 0 0 0 0 0 0 0 0 0 0 0 0 0 0 0 0 0 0 0 0 0 0 0 0 0 0 0 2 0 0 0 0 0 0 0 0 0 0 0 0 0 0 0 0 0 0 0 0 0 0 0 0 0 0 0 0 0 0 0 0 0 0 0 0 0 0 0 0 0 0 0 0 0 0 0 0 0 0 0 0 0 0 0 0 0 0 0 0 0 0 0 0 0 0 0 0 0 0 0 0 0 0 0 0 0 0 0 0 0 0 0 0 0 0 0 0 0 0 0 0 0 0 0 0
0 0 0 0 0 0 0 0 0 0 0 0 0 0 0 0 0 0 0 0 0 0 0 0 0 0 0 0 0 0 0 0 0 0 0 0 0 2 0 0 0 0 0 0 0 0 0 0 2 0 0 0 1 0 0 0 0 0 0 0 0 0 0 0 0 0 0 0 0 0 0 0 0 0 0 0 0 0 0 0 0 0 0 0 0 0 0 0 0 0 0 0 0 0 0 0 0 0 0 0 0 0 0 0 0 0 0 0 0 0 0 0 0 0 0 0 0 0 0 0 0 0 0 0 0 0 0 0 0 0 0 0 0 0 0 0 0 0 0 0 0 0 0 0 0 0 0 0 0 0
0 0 0 0 0 0 0 0 0 0 0 0 0 0 0 0 0 0 0 0 0 0 0 0 0 0 0 0 0 0 0 0 1 0 0 0 0 0 0 0 0 0 0 0 0 0 0 0 0 0 0 0 2 0 0 0 0 0 0 0 0 0 0 0 0 0 0 0 0 0 0 0 0 0 0 0 0 0 0 0 0 0 0 0 0 0 0 0 0 0 0 0 0 0 0 0 0 0 0 0 0 0 0 0 0 0 0 0 0 0 0 0 0 0 0 0 0 0 0 0 0 0 0 0 0 0 0 0 0 0 0 0 0 0 0 0 0 0 0 0 0 0 0 0 0 0 0 0 0 0
0 0 0 0 0 0 0 0 0 0 0 0 0 0 0 0 0 0 0 0 0 0 1 0 0 0 0 0 0 0 1 0 0 0 3 0 0 0 0 0 0 0 0 0 0 0 0 0 0 0 0 0 0 0 0 0 0 0 0 0 0 0 0 0 0 0 0 0 0 0 0 0 0 0 0 0 0 0 0 0 0 0 0 0 0 0 0 0 0 0 0 0 0 0 0 0 0 0 0 0 0 0 0 0 0 0 0 0 0 0 0 0 0 0 0 0 0 0 0 0 0 0 0 0 0 0 0 0 0 0 0 0 0 0 0 0 0 0 0 0 0 0 0 0 0 0 0 0 0 0
0 0 0 0 0 0 0 0 0 0 0 0 0 0 0 0 0 0 0 0 0 0 0 0 0 0 0 0 0 0 0 7 1 0 0 0 0 0 0 0 0 0 0 0 0 0 0 0 0 0 0 0 0 0 0 0 0 0 0 0 0 0 0 0 0 0 0 0 0 0 0 0 0 0 0 0 0 0 0 0 0 0 0 0 0 0 0 0 0 0 0 0 0 0 0 0 0 0 0 0 0 0 0 0 0 0 0 0 0 0 0 0 0 0 0 0 0 0 0 0 0 0 0 0 0 0 0 0 0 0 0 0 0 0 0 0 0 0 0 0 0 0 0 0 0 0 0 0 0 0
0 0 0 0 0 0 0 0 0 0 0 0 0 0 0 0 0 0 0 0 0 0 0 0 0 0 0 0 0 0 0 18 0 0 0 0 3 0 0 0 0 0 0 0 0 0 0 0 0 0 0 0 0 0 0 0 0 0 0 0 0 0 0 0 0 0 0 0 0 0 0 0 0 0 0 0 0 0 0 0 0 0 0 0 0 0 0 0 0 0 0 0 0 0 0 0 0 0 0 0 0 0 0 0 0 0 0 0 0 0 0 0 0 0 0 0 0 0 0 0 0 0 0 0 0 0 0 0 0 0 0 0 0 0 0 0 0 0 0 0 0 0 0 0 0 0 0 0 0 0
0 0 0 0 0 0 0 0 0 0 0 0 0 0 0 0 0 0 0 0 0 0 0 0 0 0 5 0 0 1 0 0 0 0 0 0 0 0 0 0 0 0 0 0 0 0 0 0 0 0 0 0 0 0 0 0 0 0 0 0 0 0 0 0 0 0 0 0 0 0 0 0 0 0 0 0 0 0 0 0 0 0 0 0 0 0 0 0 0 0 0 0 0 0 0 0 0 0 0 0 0 0 0 0 0 0 0 0 0 0 0 0 0 0 0 0 0 0 0 0 0 0 0 0 0 0 0 0 0 0 0 0 0 0 0 0 0 0 0 0 0 0 0 0 0 0 0 0 0 0
0 0 0 0 0 0 0 0 0 0 0 0 0 0 0 0 0 0 0 0 0 0 0 0 0 0 0 0 0 126 76 0 0 0 0 0 0 0 0 0 0 0 0 0 0 0 0 0 0 0 2 0 0 0 0 0 0 0 0 0 0 0 0 0 0 0 0 0 0 0 0 0 0 0 0 0 0 0 0 0 0 0 0 0 0 0 0 0 0 0 0 0 0 0 0 0 0 0 0 0 0 0 0 0 0 0 0 0 0 0 0 0 0 0 0 0 0 0 0 0 0 0 0 0 0 0 0 0 0 0 0 0 0 0 0 0 0 0 0 0 0 0 0 0 0 0 0 0 0 0
0 0 0 0 0 0 0 0 0 0 0 0 0 0 0 0 0 0 0 0 0 0 0 0 0 0 0 0 0 0 0 0 0 0 0 0 0 0 0 0 0 0 0 0 0 0 0 0 0 22 0 0 0 0 0 0 0 0 0 0 0 0 0 0 0 0 0 0 0 0 0 0 0 0 0 0 0 0 0 0 0 0 0 0 0 0 0 0 0 0 0 0 0 0 0 0 0 0 0 0 0 0 0 0 0 0 0 0 0 0 0 0 0 0 0 0 0 0 0 0 0 0 0 0 0 0 0 0 0 0 0 0 0 0 0 0 0 0 0 0 0 0 0 0 0 0 0 0 0 0
0 0 0 0 0 0 0 0 0 0 0 0 0 0 0 0 0 0 0 0 0 0 0 0 0 0 15 0 0 0 0 0 0 0 0 0 0 0 0 0 0 0 0 0 0 0 0 0 1 0 0 0 0 0 0 0 0 0 0 0 0 0 0 0 0 0 0 0 0 0 0 0 0 0 0 0 0 0 0 0 0 0 0 0 0 0 0 0 0 0 0 0 0 0 0 0 0 0 0 0 0 0 0 0 0 0 0 0 0 0 0 0 0 0 0 0 0 0 0 0 0 0 0 0 0 0 0 0 0 0 0 0 0 0 0 0 0 0 0 0 0 0 0 0 0 0 0 0 0 0
0 0 0 0 0 0 0 0 0 0 0 0 0 0 0 0 0 0 0 0 0 0 0 0 0 0 0 0 3 0 0 0 0 0 0 0 0 0 0 0 0 0 0 0 0 0 0 0 0 0 0 0 0 0 0 0 0 0 0 0 0 0 0 0 0 0 0 0 0 0 0 0 0 0 0 0 0 0 0 0 0 0 0 0 0 0 0 0 0 0 0 0 0 0 0 0 0 0 0 0 0 0 0 0 0 0 0 0 0 0 0 0 0 0 0 0 0 0 0 0 0 0 0 0 0 0 0 0 0 0 0 0 0 0 0 0 0 0 0 0 0 0 0 0 0 0 0 0 0 0
0 0 0 0 0 0 0 0 0 0 0 0 0 0 0 0 0 0 0 0 0 0 0 0 0 0 0 0 0 0 0 0 0 0 0 0 0 0 0 0 0 0 0 0 0 0 0 0 0 0 0 0 0 0 0 0 0 0 0 0 0 0 0 0 0 0 0 0 0 0 0 0 0 0 0 0 0 0 0 0 0 0 0 0 0 0 0 0 0 0 0 0 0 0 0 0 0 0 0 0 0 0 0 0 0 0 0 0 0 0 0 0 0 0 0 0 0 0 0 0 0 0 0 0 0 0 0 0 0 0 0 0 0 0 0 0 0 0 0 0 0 0 0 0 0 0 0 0 0 0
0 0 0 0 0 0 0 0 0 0 0 0 0 0 0 0 0 0 0 0 0 0 0 0 0 0 0 0 0 0 0 0 0 0 0 0 0 0 0 0 0 0 0 0 0 0 0 0 0 0 0 0 0 0 0 0 0 0 0 0 0 0 0 0 0 0 0 0 0 0 0 0 0 0 0 0 0 0 0 0 0 0 0 0 0 0 0 0 0 0 0 0 0 0 0 0 0 0 0 0 0 0 0 0 0 0 0 0 0 0 0 0 0 0 0 0 0 0 0 0 0 0 0 0 0 0 0 0 0 0 0 0 0 0 0 0 0 0 0 0 0 0 0 0 0 0 0 0 0 0
0 0 0 0 0 0 0 0 0 0 0 0 0 0 0 0 0 0 0 0 0 0 0 0 0 0 0 0 0 0 0 0 0 0 0 0 0 0 0 0 0 0 0 0 0 0 0 0 0 0 0 0 0 0 0 0 0 0 0 0 0 0 0 0 0 0 0 0 0 0 0 0 0 0 0 0 0 0 0 0 0 0 0 0 0 0 0 0 0 0 0 0 0 0 0 0 0 0 0 0 0 0 0 0 0 0 0 0 0 0 0 0 0 0 0 0 0 0 0 0 0 0 0 0 0 0 0 0 0 0 0 0 0 0 0 0 0 0 0 0 0 0 0 0 0 0 0 0 0 0
0 0 0 0 0 0 0 0 0 0 0 0 0 0 0 0 0 0 0 0 0 0 0 0 0 0 0 0 0 0 0 0 0 0 0 0 0 0 0 0 0 0 0 0 0 0 0 0 0 0 0 0 0 0 0 0 0 0 0 0 0 0 0 0 0 0 0 0 0 0 0 0 0 0 0 0 0 0 0 0 0 0 0 0 0 0 0 0 0 0 0 0 0 0 0 0 0 0 0 0 0 0 0 0 0 0 0 0 0 0 0 0 0 0 0 0 0 0 0 0 0 0 0 0 0 0 0 0 0 0 0 0 0 0 0 0 0 0 0 0 0 0 0 0 0 0 0 0 0 0
0 0 0 0 0 0 0 0 0 0 0 0 0 0 0 0 0 0 0 0 0 0 0 0 0 0 0 0 0 0 0 0 0 0 0 0 0 0 0 0 0 0 0 0 0 0 0 0 0 0 0 0 0 0 0 0 0 0 0 0 0 0 0 0 0 0 0 0 0 0 0 0 0 0 0 0 0 0 0 0 0 0 0 0 0 0 0 0 0 0 0 0 0 0 0 0 0 0 0 0 0 0 0 0 0 0 0 0 0 0 0 0 0 0 0 0 0 0 0 0 0 0 0 0 0 0 0 0 0 0 0 0 0 0 0 0 0 0 0 0 0 0 0 0 0 0 0 0 0 0
