0 0 15 3 0 0 2 0 9 93 6 7 0 5 0 0 0 6 4 0 1 2 1 0 1 11 0 0 0 0 0 0 1 7 9 4 0 0 0 0 0 0 0 0 0 0 0 0 0 0 0 0 0 0 2 4 0 0 0 10 66 14 5 0 0 10 11 0 0 0 0 4 23 147 171 272 192 39 33 69 15 176 58 59 128 343 299 199 49 284 1199 687 97 571 332 530 1015 923 913 187 168 115 19 38 16 48 68 401 232 9 9 15 12 101 62 42 25 26 4 0 1 63 15 15 0 21 0 3 11 3 1 41 2 14 3 0 1 5 0 0 3 0 0 0 0 0 0 0 0 12
0 1 5 5 0 0 0 0 0 25 7 37 4 4 0 0 0 1 7 0 0 2 16 2 7 37 2 3 0 0 0 0 0 0 0 1 0 10 4 0 0 0 1 0 0 0 0 0 0 0 0 0 0 1 6 0 0 0 0 33 178 53 9 120 9 0 0 0 1 0 0 4 91 57 56 3 34 94 4 57 91 96 25 6 89 215 361 205 265 310 64 40 350 334 315 397 669 810 1067 1009 427 98 26 36 19 4 2 27 33 10 0 4 1 18 70 26 2 29 1 18 4 5 12 6 2 1 1 8 13 33 11 12 51 31 0 0 0 0 7 53 13 0 0 0 0 0 0 0 0 0
0 0 0 1 5 0 0 0 0 7 1 1 13 0 0 0 0 3 7 0 1 5 111 31 9 0 1 13 0 0 0 0 0 1 0 0 0 3 0 14 2 0 0 0 0 0 0 0 0 0 0 0 0 0 4 0 0 0 0 11 17 12 4 21 0 0 0 0 0 0 1 10 2 0 2 0 0 56 159 196 164 54 3 43 50 217 471 150 13 4 100 31 188 577 686 712 317 483 306 585 689 418 8 65 28 16 3 27 205 133 23 8 4 5 1 4 16 79 19 6 103 20 1 2 0 4 0 7 2 31 19 1 100 176 0 0 10 0 23 76 3 1 0 0 0 0 0 0 0 0
22 1 0 0 0 0 0 0 0 7 3 3 0 0 0 0 0 0 1 1 0 0 4 170 17 0 1 6 8 0 3 0 0 0 0 2 0 1 0 1 1 0 0 0 0 0 0 0 0 0 7 0 0 0 122 62 0 20 58 3 1 0 9 14 0 0 0 0 0 0 9 93 19 0 2 2 3 106 312 608 126 89 122 163 124 26 65 180 3 207 1184 1117 1403 784 851 677 200 245 516 552 497 574 167 17 53 121 93 10 316 94 34 22 60 8 1 24 26 112 120 26 57 88 12 2 1 10 2 0 1 7 8 8 16 0 37 0 25 0 0 9 52 8 0 0 0 0 0 0 0 0
0 9 0 0 0 0 0 0 3 7 2 0 0 0 0 1 3 2 2 1 3 0 3 0 0 0 0 0 0 0 0 0 4 0 0 10 2 0 3 0 2 1 0 0 0 0 0 0 2 9 0 1 1 2 35 213 41 41 0 0 3 3 0 15 0 0 0 0 1 21 161 74 122 159 48 31 72 179 434 301 293 273 255 253 275 93 54 204 19 391 1402 1488 563 1009 421 236 141 648 483 762 811 795 790 504 291 182 52 16 6 12 3 21 30 43 4 0 4 34 100 64 196 646 340 9 3 2 1 0 3 1 2 0 0 0 83 0 0 0 0 0 45 9 0 0 0 0 0 0 0 0
15 11 0 1 0 0 0 0 3 0 2 0 0 0 0 0 0 1 18 47 8 6 4 0 0 0 0 0 0 1 0 1 0 0 19 91 36 42 0 0 0 0 2 0 0 0 0 0 0 7 50 10 0 0 18 64 43 11 13 6 0 0 5 4 1 0 0 0 6 95 114 213 164 118 142 128 53 72 57 399 692 660 356 88 2 120 94 42 7 264 1670 1070 169 532 966 479 147 1436 417 571 515 587 986 518 41 118 23 83 5 3 1 12 3 38 6 14 49 4 1 21 217 131 0 2 4 9 2 0 4 3 2 5 0 0 0 0 3 0 1 0 1 5 0 0 0 0 0 0 0 0
1 0 1 0 0 2 0 0 0 2 15 0 0 0 0 0 0 0 0 1 0 3 1 0 0 0 0 0 0 0 2 1 0 0 0 9 5 11 2 0 0 0 0 0 0 0 0 0 0 0 4 0 29 2 1 36 13 0 45 16 2 7 2 1 1 1 0 0 2 66 127 139 216 286 295 122 347 136 418 469 957 766 988 513 183 28 9 150 70 370 1511 1040 166 648 1004 533 245 448 452 56 21 374 197 250 45 86 142 16 20 19 26 151 256 59 40 40 1 4 11 39 122 74 5 1 1 5 3 5 0 0 9 0 0 0 0 0 0 8 0 0 0 1 1 0 0 0 0 0 0 0
3 0 0 0 0 0 0 0 1 0 0 0 0 0 0 0 0 0 0 0 0 0 0 0 0 0 0 0 0 5 10 0 0 0 17 2 0 0 63 7 0 0 0 0 0 0 0 0 0 0 0 0 2 18 18 22 1 13 46 42 66 53 45 8 10 22 0 0 3 69 2 4 23 73 106 91 102 129 560 836 1161 516 991 202 125 164 200 501 245 57 618 110 73 561 447 476 276 677 751 308 141 312 412 609 159 156 16 36 124 34 265 489 124 52 13 96 4 0 8 41 18 23 4 5 2 5 18 2 4 0 0 0 0 0 0 0 0 1 0 0 0 0 0 0 0 0 0 0 0 1
2 2 0 0 0 0 0 0 7 3 0 0 0 0 3 0 0 0 0 0 0 0 0 0 0 0 0 0 0 0 0 0 0 0 0 0 0 0 0 0 0 0 0 0 0 0 0 0 0 0 0 0 1 25 0 0 7 20 15 55 395 266 5 1 6 15 5 10 3 48 4 2 0 5 1 52 11 35 156 536 899 1257 1033 22 32 18 377 271 294 72 24 16 334 988 1185 1581 118 380 339 289 299 189 97 258 709 172 296 243 57 66 880 323 244 23 56 12 1 14 4 26 17 3 9 23 12 4 1 3 1 0 9 0 0 0 0 0 0 0 0 0 0 0 0 0 0 0 0 0 0 0
0 0 0 0 0 0 2 3 21 8 0 0 0 0 0 0 0 0 0 0 0 0 0 0 0 0 0 0 0 0 0 0 0 0 0 0 0 0 4 0 0 0 1 0 0 0 0 1 5 0 4 0 16 9 0 1 0 0 0 41 37 155 21 21 0 1 0 2 0 67 0 0 0 0 0 14 20 76 269 532 949 672 586 242 823 641 342 217 253 179 56 7 16 869 1080 1458 701 174 87 8 48 216 21 4 132 492 347 298 85 11 457 529 430 78 7 165 375 533 178 29 75 40 33 64 57 13 15 4 1 32 108 12 0 0 1 0 0 0 0 0 0 0 0 0 0 0 0 0 0 5
0 2 11 0 0 0 1 0 11 3 0 0 0 0 0 1 4 0 0 0 0 0 0 0 0 3 0 0 0 0 0 0 0 0 0 7 0 1 0 1 0 4 0 1 0 0 4 7 18 10 6 3 14 5 0 0 0 10 20 19 2 96 6 4 0 0 1 0 0 14 0 0 0 0 2 0 16 96 170 335 530 335 559 250 303 364 239 448 577 303 46 0 5 255 453 689 775 44 21 49 30 17 8 32 157 393 860 358 162 113 625 284 561 67 4 171 360 670 452 247 318 143 327 156 135 407 125 68 70 31 8 90 22 42 40 0 0 0 0 0 0 0 0 0 0 0 0 0 0 0
2 0 0 0 0 0 0 1 7 3 0 0 0 0 0 0 7 7 8 0 4 0 0 1 0 0 0 0 0 0 0 0 1 4 2 0 0 1 1 0 4 10 15 1 4 1 1 3 0 1 0 0 5 3 10 0 1 0 2 6 1 1 0 0 0 9 4 2 0 0 0 1 0 0 1 1 127 34 353 574 527 214 120 110 172 96 95 35 119 568 58 0 1 4 13 172 939 494 345 19 0 17 5 92 75 56 507 234 45 94 421 265 93 200 62 120 418 498 610 681 361 345 167 113 157 192 1 1 0 38 5 0 131 35 31 7 0 0 0 0 0 0 0 0 0 0 0 0 0 0
2 0 1 0 0 1 1 0 1 4 0 0 0 0 0 0 1 22 5 14 2 2 0 1 0 0 0 0 0 0 1 0 0 0 0 1 4 0 0 0 0 2 85 1 41 0 0 36 0 0 0 0 13 6 0 0 0 0 4 6 2 5 2 0 0 2 0 6 0 3 14 0 0 0 0 31 109 48 248 110 135 223 58 4 37 53 1 0 3 7 1 0 2 62 84 17 711 493 735 607 10 8 54 22 24 21 56 310 705 251 893 947 123 830 205 54 28 60 1077 1092 155 327 114 5 35 76 6 0 39 16 0 0 35 11 10 0 0 1 0 1 0 0 0 0 0 0 0 0 0 0
0 0 0 0 0 0 1 0 0 4 0 0 0 0 0 0 0 0 61 8 6 6 1 0 0 0 0 0 0 3 13 0 0 0 0 0 1 0 0 0 0 2 1 65 40 0 0 0 6 1 3 10 7 0 0 0 0 0 8 0 7 3 1 3 0 0 34 35 20 15 61 0 0 0 4 389 616 489 340 37 41 320 147 8 69 174 8 2 0 26 3 1 0 48 10 23 203 598 156 257 0 25 444 116 372 59 101 483 453 873 1386 1503 870 235 276 215 261 358 823 436 160 95 1 2 0 41 17 0 4 16 0 0 4 2 0 0 0 0 0 0 0 0 0 0 0 0 0 0 0 0
0 0 0 0 0 0 1 2 9 0 0 0 0 0 0 0 0 0 1 3 13 0 0 0 2 0 0 0 0 0 4 0 0 0 0 0 0 0 0 0 0 0 0 5 40 0 0 0 0 9 5 37 0 0 7 0 3 9 21 35 93 29 15 26 21 227 110 107 391 224 82 1 5 2 68 800 1567 1274 396 74 0 119 46 4 4 24 24 14 0 22 21 16 3 21 1 5 49 367 223 225 12 53 458 709 1396 1231 2074 1341 1162 955 1015 929 926 524 486 211 254 117 65 77 141 166 52 11 1 19 72 0 3 26 6 0 0 0 0 0 0 0 0 0 0 0 0 0 0 0 0 0 0 0
0 0 0 0 0 0 0 44 96 6 3 0 0 0 0 0 2 0 0 2 0 2 7 1 0 0 0 0 0 2 0 0 0 0 0 0 0 0 0 0 0 0 1 0 1 19 0 0 0 50 67 106 0 1 0 4 37 110 31 86 17 26 2 35 41 45 315 179 93 190 387 103 168 168 541 859 1337 767 253 24 3 12 1 0 0 0 19 31 13 104 6 8 0 0 5 55 33 18 30 13 12 8 962 685 636 579 1317 613 586 1064 1684 920 1582 396 446 330 66 201 107 99 40 2 200 246 91 70 10 0 3 7 0 0 0 0 17 10 0 0 0 0 0 0 0 0 0 0 0 0 0 0
0 0 0 0 0 0 0 0 0 0 0 0 0 0 1 0 28 2 1 1 0 0 5 24 10 10 1 0 0 0 0 0 0 0 0 0 0 0 0 0 0 0 0 0 0 13 2 4 0 19 32 2 0 18 17 41 58 131 55 34 0 2 2 1 0 4 0 0 0 0 8 1 88 81 305 405 557 416 99 0 0 0 9 0 5 0 1 48 70 13 3 0 3 0 4 37 15 0 9 108 23 266 851 834 406 281 377 263 423 786 874 389 816 379 584 180 38 73 162 13 0 2 35 81 28 328 2 30 2 0 0 0 0 0 0 1 0 0 0 0 0 0 0 0 0 0 0 0 1 0
0 0 1 0 0 1 0 6 0 0 0 1 2 0 0 0 0 8 6 3 1 1 0 0 8 0 7 17 3 0 0 0 0 0 0 0 1 0 1 0 0 0 1 0 0 32 53 2 1 35 46 27 16 83 97 91 36 60 376 15 2 1 1 0 1 2 39 82 1 116 362 6 123 10 60 143 98 124 48 4 1 0 5 3 0 1 0 9 40 7 3 21 40 33 124 1 3 0 87 556 167 173 148 121 168 516 172 191 634 425 123 228 87 308 196 37 114 231 21 2 0 2 2 21 83 614 170 36 1 1 0 0 0 0 0 0 0 0 0 0 0 0 0 0 0 0 0 0 0 0
0 0 0 0 1 4 0 0 0 0 0 0 5 0 0 1 4 0 0 1 3 9 2 0 4 3 98 43 11 0 0 0 1 0 0 16 2 0 0 0 0 0 0 7 19 22 24 13 11 359 104 18 34 13 11 32 175 79 26 39 46 33 1 1 0 1 5 8 5 32 28 19 60 26 2 106 269 29 18 18 17 0 3 20 0 15 3 16 3 3 4 138 79 235 18 3 0 67 316 15 126 288 88 29 132 165 181 432 351 1 0 93 13 530 59 0 7 2 0 0 0 0 4 14 54 146 158 253 16 2 0 0 0 0 0 0 0 0 0 0 0 0 0 0 0 0 0 0 0 0
0 0 0 0 0 0 0 0 0 0 0 1 0 0 0 0 6 0 0 3 3 7 93 4 5 2 1 16 122 8 0 0 0 0 2 0 0 0 0 0 0 3 4 29 19 122 83 9 3 237 50 3 0 17 62 9 22 82 1 0 1 7 1 0 0 5 0 2 4 35 31 71 21 0 1 66 10 0 4 0 2 0 0 0 0 6 14 1 7 6 5 10 13 4 1 7 0 13 4 1 819 1085 698 166 62 174 92 290 136 7 0 0 8 229 69 0 0 0 0 0 0 0 1 4 16 11 22 152 19 0 0 0 0 0 0 0 0 0 0 0 0 0 0 0 0 0 0 0 0 0
0 0 0 0 1 1 0 0 0 0 0 0 0 2 0 0 5 0 4 0 0 1 25 9 0 14 13 6 2 4 1 7 9 2 0 0 0 0 0 0 10 7 16 16 10 17 20 27 69 296 297 67 14 52 16 2 2 14 1 0 0 2 18 8 126 75 0 1 0 24 93 22 4 0 3 125 125 59 8 16 4 22 5 7 0 0 9 10 21 16 11 1 0 1 0 0 0 1 236 331 1185 978 488 114 1 28 95 236 13 0 0 0 0 21 0 0 0 0 0 0 0 0 6 2 0 0 23 125 0 0 0 0 0 0 0 0 0 0 0 0 0 0 0 0 0 0 0 0 0 0
0 0 0 0 0 0 0 0 0 0 0 0 0 3 1 5 0 0 0 0 0 0 13 3 1 2 1 0 0 0 10 34 4 1 1 0 0 5 0 0 102 18 0 0 0 0 7 12 235 798 315 213 23 2 0 3 1 0 0 0 2 4 1 0 9 21 24 0 1 58 31 31 26 0 0 13 131 107 100 90 13 27 3 24 18 4 9 16 347 60 20 1 0 4 1 11 12 2 158 254 297 79 78 0 15 19 80 83 45 0 0 0 4 95 0 0 0 0 0 0 0 0 0 0 0 38 49 15 1 13 10 0 0 0 0 0 0 0 0 0 0 0 0 0 0 0 0 0 0 0
0 0 0 0 0 0 0 0 0 0 0 0 0 2 1 1 0 0 0 0 0 0 15 0 0 0 0 0 0 0 0 1 44 9 4 2 22 111 30 22 2 0 0 0 0 0 7 22 28 414 226 159 4 0 1 1 0 1 5 0 0 0 0 0 15 3 19 5 0 12 13 33 30 7 2 2 8 7 55 78 3 45 19 0 0 10 7 0 0 0 3 7 2 8 0 0 2 0 0 2 8 0 16 37 100 40 127 57 71 126 34 8 48 0 0 0 0 0 0 0 0 0 0 2 41 92 62 0 0 0 3 1 0 0 0 0 0 0 0 0 0 0 0 0 0 0 0 0 0 0
0 0 8 0 0 0 0 0 0 0 0 0 0 0 0 1 0 2 1 1 4 0 0 2 0 0 0 0 0 2 2 5 4 21 11 12 12 58 18 2 0 0 0 0 13 70 25 52 3 118 171 39 4 25 3 0 6 36 1 0 0 0 0 1 0 0 0 2 0 0 1 3 98 76 6 24 0 0 0 27 0 7 66 340 8 0 3 0 0 0 1 10 1 1 0 1 2 0 1 1 3 0 2 118 34 27 28 4 14 29 3 573 43 0 0 0 2 0 0 0 0 0 2 15 13 24 22 183 1 0 0 0 0 0 0 0 0 0 0 0 0 0 0 0 0 0 0 0 0 0
0 0 0 0 0 0 0 0 0 0 0 0 0 3 0 0 0 1 0 0 0 0 3 1 1 0 0 0 0 0 0 0 8 21 111 0 0 82 0 0 0 0 0 105 52 21 57 2 3 25 64 36 26 16 34 8 1 6 4 6 0 0 0 0 0 0 0 14 9 4 2 1 11 4 50 11 0 0 0 0 0 0 31 51 17 6 0 0 0 0 1 2 0 2 0 0 10 0 1 1 7 9 1 22 417 0 0 8 0 0 0 94 11 0 0 3 0 0 0 0 0 0 3 0 0 41 60 16 0 0 2 0 0 0 0 0 0 0 0 0 0 0 0 0 0 0 0 0 0 0
0 0 0 0 0 0 0 0 0 0 0 0 0 0 7 0 1 0 6 0 0 3 1 0 0 0 1 3 0 0 0 0 11 25 25 2 0 19 1 0 0 0 0 8 126 22 0 0 14 0 30 10 0 0 0 0 2 1 0 0 1 0 0 0 13 11 0 12 4 3 2 43 0 0 4 1 28 0 0 0 0 0 0 6 0 18 3 3 0 15 0 7 3 2 1 0 1 11 5 10 9 8 10 131 218 135 0 6 0 0 1 73 9 11 19 18 0 0 0 0 4 0 0 0 0 54 17 58 1 0 0 0 0 0 0 0 11 18 0 0 0 0 0 0 0 0 0 0 0 0
0 0 0 0 0 0 0 0 0 0 0 0 0 0 5 2 1 6 0 0 0 6 0 0 0 0 0 16 2 2 0 12 4 3 22 6 0 0 3 5 0 2 1 8 127 4 0 0 1 2 9 34 1 2 3 2 0 0 0 0 0 0 0 2 0 0 0 4 32 0 40 6 0 2 0 0 21 3 0 0 0 0 6 0 7 3 6 15 1 0 4 3 2 4 0 1 0 0 0 0 16 14 1 3 31 256 18 1 0 0 0 0 0 6 16 26 2 0 1 8 0 0 0 0 67 145 64 43 0 0 0 0 0 0 0 0 1 4 0 0 0 0 0 0 0 0 0 0 0 0
0 0 0 0 0 0 0 0 1 0 0 0 0 1 2 1 9 26 7 4 6 11 19 0 0 0 0 0 0 2 20 3 0 26 0 0 0 16 12 13 52 79 7 163 132 1 10 0 3 6 0 20 16 4 0 1 0 0 0 0 0 0 0 0 0 0 0 0 8 33 108 14 7 2 0 0 0 5 2 0 0 0 0 0 1 0 0 4 9 2 6 0 4 0 0 0 0 0 0 0 0 11 11 4 16 640 612 34 4 0 0 0 0 3 0 0 32 109 49 12 0 0 0 26 99 54 57 317 246 11 0 0 0 0 2 1 8 7 0 0 0 0 1 0 0 0 0 0 0 0
0 0 0 0 0 0 1 1 0 0 0 3 16 10 6 11 31 75 1 4 0 2 2 0 0 0 0 2 44 7 0 4 13 2 8 16 9 132 100 118 283 532 310 182 92 3 0 2 10 0 0 1 42 8 1 0 0 0 0 0 0 1 0 0 0 0 0 0 0 3 10 24 17 0 7 10 2 88 1 0 0 2 3 0 4 0 0 0 2 4 2 4 2 0 30 50 9 0 2 0 0 0 3 30 229 407 336 312 75 0 0 0 0 0 0 1 394 104 19 0 0 0 10 86 131 153 807 520 93 43 0 0 2 29 1 14 0 0 0 0 0 0 0 0 0 0 0 0 0 0
0 0 0 0 0 0 0 4 2 14 33 41 22 1 0 2 5 6 0 3 4 3 6 55 15 7 8 3 0 3 10 1 3 3 29 12 1 8 175 432 636 892 541 597 46 2 0 4 12 0 4 0 66 35 14 8 0 0 0 0 0 0 0 0 0 0 0 0 0 0 1 3 1 0 0 1 0 10 7 0 0 2 2 1 10 0 0 0 7 3 0 2 25 25 6 37 3 1 0 2 1 0 8 18 12 59 1 63 20 0 0 0 0 0 106 98 419 407 35 20 37 13 6 102 171 106 433 503 480 392 42 60 14 80 10 1 0 0 0 0 0 0 0 0 0 0 0 0 0 0
0 0 0 0 0 0 1 1 1 2 4 3 13 1 1 2 0 1 2 8 0 10 102 54 0 0 0 0 0 1 4 7 1 1 4 12 42 34 36 94 544 365 396 190 27 6 8 12 3 12 0 4 14 1 1 0 2 0 0 0 0 0 0 0 0 0 0 0 2 0 0 0 0 0 0 2 2 7 8 0 17 17 12 1 25 0 0 0 16 17 2 0 17 22 0 0 9 5 2 1 0 1 3 3 1 2 0 13 49 3 1 1 3 0 51 736 842 530 138 155 146 90 62 16 1 16 352 574 1 29 12 177 649 30 39 1 0 0 0 0 0 0 0 0 0 0 0 0 0 0
0 0 0 0 1 0 0 1 1 1 3 7 1 0 0 1 0 1 12 16 209 319 13 0 0 0 0 1 6 65 5 2 13 31 16 4 0 1 0 75 405 304 308 130 101 26 12 0 1 20 3 1 8 8 12 2 0 0 0 0 0 0 0 0 0 0 0 0 0 0 2 0 0 0 0 0 0 1 8 0 21 16 32 174 47 1 0 0 0 0 1 1 11 6 1 0 7 1 1 0 6 0 0 0 2 3 26 12 227 197 225 366 200 171 382 935 481 279 55 303 101 166 7 9 77 201 208 166 11 0 84 280 333 79 99 3 0 0 0 0 1 0 0 0 0 0 0 0 0 0
0 0 3 0 0 0 0 5 0 2 0 2 1 10 2 14 8 13 13 19 95 1 0 0 0 0 0 0 2 15 6 15 15 2 0 8 1 3 8 6 28 100 63 21 3 0 0 0 0 0 0 10 39 5 1 6 2 4 5 0 0 0 0 0 0 0 0 0 0 3 0 0 0 0 1 2 6 19 11 0 0 7 23 3 0 0 0 0 3 0 4 2 1 17 8 12 1 0 0 0 5 2 0 0 0 7 5 22 178 183 149 64 91 341 760 455 372 302 65 373 72 17 0 8 7 93 130 0 0 0 93 232 0 0 4 0 0 0 0 0 0 0 0 0 0 0 0 0 0 0
0 0 0 0 0 10 10 5 4 1 0 0 0 6 18 1 0 3 25 33 29 0 0 0 0 0 1 0 0 5 55 1 29 2 4 20 2 0 18 1 17 21 3 0 0 2 0 0 2 6 0 2 180 8 14 36 19 2 2 1 0 0 0 0 0 0 0 0 0 0 0 0 0 0 0 0 0 4 2 1 0 1 5 0 1 0 0 0 2 0 0 0 7 26 6 0 13 2 0 0 3 0 0 0 0 0 7 99 54 7 4 13 241 235 150 323 137 224 107 241 235 6 0 0 0 0 3 0 0 0 2 70 19 0 0 0 0 0 0 0 0 1 0 0 0 0 0 0 0 0
0 0 0 0 4 0 8 8 1 0 1 0 5 40 8 6 41 19 3 1 1 3 5 0 0 0 0 17 14 11 11 43 17 1 0 2 0 3 2 6 11 44 6 1 0 0 2 0 0 0 4 33 180 50 2 26 2 0 0 0 0 0 0 0 0 0 0 0 0 0 0 0 0 0 0 1 6 11 0 1 0 0 0 0 0 0 0 0 2 0 7 2 22 201 2 14 4 3 0 13 3 0 0 16 0 0 4 65 488 11 0 0 6 0 6 2 1 46 309 615 36 0 0 0 0 5 2 0 0 0 0 6 56 3 0 0 0 0 0 0 0 0 0 0 0 0 0 0 0 0
0 1 2 0 1 1 14 40 6 1 11 20 7 0 0 114 49 36 2 7 0 0 6 2 3 6 4 16 0 4 12 9 2 1 2 6 2 0 0 4 12 8 2 2 0 0 1 0 0 0 0 59 2 26 21 2 0 0 0 0 0 0 0 0 0 0 0 0 0 0 0 0 0 0 1 0 4 20 1 0 0 0 3 0 0 0 0 11 9 0 3 0 0 45 0 0 0 3 9 4 0 1 15 3 1 8 37 57 155 0 0 0 0 0 4 1 0 13 186 251 289 260 0 0 9 39 0 0 0 72 99 48 65 13 0 0 0 0 0 0 0 0 1 0 0 0 0 0 0 0
1 1 0 0 0 18 2 0 0 9 71 4 3 7 63 32 42 27 2 0 0 0 4 0 2 3 9 0 2 27 0 0 0 4 3 0 0 0 1 17 1 21 8 1 2 1 3 1 0 0 4 48 58 23 32 11 5 1 0 0 0 0 0 0 0 0 0 0 0 0 0 0 0 0 0 0 0 17 89 0 2 5 0 0 0 0 1 76 18 5 6 5 4 1 1 6 0 2 2 8 33 23 8 0 5 19 21 19 45 11 0 0 0 6 59 109 219 502 222 173 689 213 0 23 256 31 0 0 0 131 118 0 0 0 0 0 0 0 0 0 0 0 0 0 0 0 0 0 0 0
2 2 2 0 0 4 1 7 4 5 6 80 5 16 0 2 0 9 0 0 1 0 18 18 5 0 2 1 24 4 0 0 1 0 0 0 0 0 9 0 1 8 29 7 11 0 2 1 0 0 0 75 34 4 0 1 0 0 0 0 0 0 0 0 0 0 0 0 0 0 0 0 0 0 0 4 0 21 42 9 0 4 0 0 0 0 0 4 1 0 1 0 2 2 0 0 1 2 10 4 0 0 2 2 21 0 11 23 26 6 0 0 1 0 111 400 796 474 42 40 111 209 245 317 187 3 0 0 11 390 216 1 0 0 0 0 0 0 0 1 0 0 0 0 0 0 0 0 0 0
0 0 0 0 0 0 11 7 8 1 8 24 1 0 0 1 1 2 0 3 1 0 0 6 0 1 5 3 1 1 0 0 0 0 0 0 0 0 7 3 0 0 0 0 1 1 0 2 0 0 1 76 9 1 2 0 0 0 5 0 9 0 0 0 0 0 0 0 0 0 0 0 0 0 0 0 1 0 71 75 25 6 21 1 0 0 2 0 0 1 0 0 3 8 0 0 0 0 0 14 0 1 1 5 4 8 14 5 37 0 0 2 27 26 35 38 2 52 443 280 18 197 853 534 412 320 202 232 989 1905 1088 8 0 0 0 0 0 0 0 1 0 0 0 0 0 0 0 0 0 0
0 0 2 0 0 7 2 3 0 5 196 0 0 3 3 2 0 1 0 0 0 0 0 0 0 20 29 1 0 0 0 0 1 5 1 0 0 0 1 10 2 1 0 0 0 2 12 8 1 2 10 259 36 9 2 8 0 8 0 0 0 0 0 0 0 0 0 0 0 0 0 0 0 0 0 0 0 60 58 0 0 15 22 0 0 0 0 0 2 1 1 12 7 12 6 21 78 1 0 6 9 0 1 6 8 37 18 6 118 20 2 24 18 1 7 13 2 173 311 439 579 853 766 894 1312 1117 705 1016 1342 906 1082 0 0 0 0 0 1 0 0 0 0 0 0 0 0 0 0 0 0 0
0 0 0 0 5 6 0 1 7 3 1 9 1 2 6 137 1 4 0 0 0 0 0 0 0 6 9 1 1 0 0 2 2 2 3 2 2 4 1 0 2 0 1 0 0 0 0 0 2 35 570 510 13 109 4 1 5 2 0 4 3 6 0 0 0 0 0 0 0 0 0 0 0 0 0 0 0 0 8 0 0 0 1 0 0 0 0 0 2 1 0 1 17 0 0 3 1 0 0 3 18 8 16 2 37 8 49 46 2 14 5 0 5 10 6 9 8 85 437 1369 1334 861 323 751 1578 1216 206 630 548 20 86 17 0 0 0 0 0 0 0 0 0 0 0 0 0 0 0 0 0 0
4 5 0 7 5 1 1 3 18 2 8 0 6 1 2 0 0 0 1 0 0 0 0 1 2 3 1 0 0 1 0 25 17 0 0 39 1 0 0 0 0 0 1 0 0 0 0 0 3 33 494 754 693 729 66 24 1 8 2 3 1 0 0 0 0 0 0 0 0 0 0 0 0 0 1 0 0 0 0 16 0 1 2 0 0 0 0 18 81 0 0 22 17 0 0 0 0 0 0 4 7 0 37 37 10 117 301 52 2 0 2 0 0 3 3 17 45 6 116 565 367 607 310 1794 1514 948 426 206 17 525 1995 618 1 0 0 0 0 0 0 0 0 0 0 0 0 0 0 0 0 0
2 1 0 18 0 0 27 3 19 0 7 160 1 1 0 0 0 0 0 0 0 1 0 0 0 0 3 0 0 0 0 11 6 2 14 3 0 0 0 0 0 0 0 0 0 0 0 0 1 6 266 370 543 459 85 116 6 1 5 1 5 0 4 0 0 0 0 0 0 0 0 0 0 0 2 6 0 0 0 34 2 9 0 0 0 0 0 7 38 1 1 13 55 0 0 0 0 0 0 10 5 39 40 157 24 6 3 20 0 0 0 0 2 0 1 4 7 12 17 34 329 294 327 615 1246 998 531 372 478 1116 735 447 2 1 0 0 0 0 0 0 0 0 0 0 0 0 0 0 0 0
3 13 4 4 3 2 13 21 2 7 2 1 0 0 0 0 0 0 0 0 0 0 1 0 0 0 0 0 1 0 0 1 0 3 0 0 0 0 0 0 0 0 0 0 0 3 5 3 1 2 92 192 300 71 59 47 3 2 3 0 0 3 0 0 1 2 0 0 0 0 0 0 0 0 0 0 0 0 0 0 2 6 0 0 0 1 55 51 20 3 3 145 173 13 5 0 0 0 0 20 41 11 78 252 24 0 2 3 19 0 0 0 7 6 3 5 9 28 36 20 78 561 466 342 356 795 1119 1445 255 167 105 118 1 0 0 0 0 0 0 0 0 0 0 0 0 0 0 0 0 0
0 0 42 0 4 2 6 41 6 2 3 5 10 4 0 0 0 0 0 1 0 0 1 0 0 0 0 0 4 0 0 0 0 0 0 0 0 0 2 0 3 0 0 0 0 0 0 0 20 11 1 35 123 26 22 0 0 48 53 2 0 1 0 0 0 0 0 0 0 0 0 0 0 0 0 0 0 0 0 0 0 6 23 21 42 51 5 0 6 43 166 141 111 8 2 3 0 5 49 29 59 462 251 576 329 35 11 4 4 4 0 0 3 0 1 2 5 31 31 333 467 681 1596 1670 828 289 1803 2134 1339 0 0 1 0 0 0 0 0 0 0 0 0 0 0 0 0 0 0 0 0 0
3 12 32 0 25 22 11 41 6 19 2 0 2 0 0 0 0 0 0 0 0 0 1 0 0 0 0 3 3 0 0 0 0 0 0 0 0 0 0 0 2 3 0 0 0 0 0 0 1 3 0 15 54 5 2 1 0 9 80 14 3 3 0 0 0 0 0 0 0 0 0 0 0 0 0 0 0 0 0 0 2 3 7 2 0 13 5 23 20 71 83 102 96 14 58 14 10 4 0 11 137 239 618 313 196 125 1 2 3 12 1 0 0 0 7 0 3 432 340 484 607 23 15 145 240 198 551 916 356 6 105 4 0 0 0 0 0 0 0 0 0 0 0 0 0 0 0 0 0 0
18 8 95 10 55 112 37 2 4 1 0 1 6 2 0 0 0 0 0 0 0 0 0 0 0 0 0 0 0 0 0 0 0 0 0 0 0 0 0 0 1 3 1 0 2 1 0 0 1 0 0 1 11 0 0 0 1 0 4 18 6 0 0 0 0 0 0 0 0 0 0 0 0 0 0 0 0 0 0 2 26 45 0 0 22 2 149 35 1 3 5 7 12 2 2 0 0 0 0 4 9 98 776 301 158 220 12 33 8 3 20 1 0 0 0 8 227 442 109 29 0 0 0 0 58 310 162 631 570 10 25 13 0 0 0 0 0 0 0 0 0 0 0 0 0 0 0 0 0 0
12 37 160 108 345 555 129 41 8 0 0 0 0 0 2 0 0 0 0 0 0 3 0 0 0 0 0 0 0 0 0 0 0 0 1 0 0 0 0 0 0 1 0 6 7 4 0 17 0 0 0 16 30 0 0 1 2 0 14 3 0 3 0 0 0 0 0 0 0 0 0 0 0 0 0 0 0 0 2 18 10 1 0 0 10 4 30 138 41 3 0 0 0 0 0 0 0 0 0 0 0 191 488 209 158 159 4 1 1 12 4 1 1 0 4 112 147 10 24 55 0 0 0 0 9 418 272 718 332 9 15 0 0 0 0 0 0 0 1 0 0 0 0 0 0 0 0 0 0 0
3 74 305 954 406 289 124 31 0 1 0 4 4 0 0 0 0 0 0 0 0 3 0 0 4 0 0 0 2 0 0 0 0 0 0 1 0 0 1 0 1 1 0 3 0 0 0 9 33 0 0 0 13 0 0 1 1 0 1 0 0 0 0 0 0 0 0 0 0 0 0 0 0 0 0 0 0 5 0 1 0 0 0 0 0 0 41 26 4 1 2 0 0 0 0 3 0 0 0 0 8 119 24 24 76 98 5 0 12 1 6 14 9 30 14 0 2 9 23 58 20 40 9 0 12 204 76 359 117 1 0 0 0 0 0 0 0 0 0 0 0 0 0 0 0 0 0 0 0 0
0 7 328 281 155 264 42 24 7 1 0 2 0 0 0 0 0 0 0 4 1 0 0 0 0 0 0 1 1 2 1 0 0 6 0 0 0 0 0 0 0 0 0 0 0 0 0 2 2 9 0 0 0 0 0 8 1 0 0 0 0 0 0 0 0 0 0 0 0 0 0 0 0 0 0 0 0 1 0 0 0 0 0 0 0 0 50 18 6 21 16 0 2 0 3 13 0 0 1 346 783 113 278 130 5 98 82 1 0 3 2 23 6 0 0 0 0 0 38 38 81 69 223 259 151 56 1 1 0 2 0 0 0 0 0 0 0 0 0 0 0 0 0 0 0 0 0 0 0 0
16 33 49 90 90 42 5 2 3 0 11 5 0 0 0 0 0 1 0 0 4 57 0 0 0 0 0 0 0 3 0 0 0 0 4 0 0 1 0 0 0 0 0 0 0 39 3 0 0 0 0 0 0 0 2 14 0 0 0 0 0 0 0 0 0 0 0 0 0 0 0 0 0 0 0 0 2 8 0 0 0 0 0 0 0 0 12 0 0 21 15 0 0 0 28 114 75 6 175 1254 389 433 200 22 2 10 40 79 1 21 36 0 6 0 0 3 1 1 98 54 134 63 38 73 10 54 29 12 105 36 23 2 0 0 0 0 0 0 0 0 0 0 0 0 0 0 0 0 0 0
55 18 36 5 0 0 0 1 0 0 2 0 0 0 0 1 0 0 1 0 1 14 1 0 0 0 0 0 0 1 2 0 0 1 5 0 0 0 0 0 0 0 0 0 0 12 0 2 0 1 0 0 6 0 46 18 1 0 0 0 0 0 0 0 0 0 0 0 0 0 0 0 0 0 28 8 1 0 0 0 0 0 0 0 0 0 20 2 0 0 77 16 23 14 297 219 49 5 87 95 10 6 25 20 6 1 0 171 708 140 4 0 0 0 0 0 0 5 3 8 52 0 0 2 63 44 62 63 370 281 50 1 0 0 0 0 0 0 0 0 0 0 0 0 0 0 0 0 0 0
26 2 8 0 0 2 3 0 0 0 0 0 0 0 0 0 0 0 0 0 8 1 0 0 0 13 21 0 1 20 16 50 3 0 0 0 0 1 0 0 0 2 0 0 3 0 0 0 0 0 0 0 3 3 157 1 0 0 0 0 0 0 0 0 0 0 0 0 0 0 0 0 0 0 16 31 0 0 0 0 0 0 0 0 0 0 48 70 219 56 84 32 18 3 0 98 7 4 1 6 6 1 5 0 1 6 143 259 240 37 1 0 0 0 0 0 0 5 0 0 3 21 11 8 5 145 86 286 164 182 135 0 0 0 0 0 0 0 0 0 0 0 0 0 0 0 0 0 0 0
0 1 0 2 1 0 0 0 0 0 0 0 0 0 0 0 0 0 0 0 0 0 0 0 0 0 0 0 4 2 2 4 0 0 0 0 0 0 0 0 0 0 0 0 1 4 7 1 0 0 0 0 6 83 26 0 2 0 0 0 0 0 0 0 0 0 0 0 0 0 0 4 1 2 6 0 0 0 0 0 0 0 0 0 0 0 1 1 93 5 0 0 0 1 6 16 0 1 1 0 0 2 0 2 1 210 780 451 139 116 0 0 2 0 0 0 0 0 55 13 2 48 2 14 2 15 92 85 8 17 3 7 1 0 0 0 0 0 0 0 0 0 0 0 0 0 0 0 0 0
2 0 0 0 0 0 0 0 0 0 0 0 0 0 0 0 0 0 0 1 0 0 0 7 0 0 0 1 1 0 0 1 0 0 0 0 0 1 1 2 0 0 0 0 0 1 0 0 0 0 20 1 1 72 8 2 2 1 0 0 0 0 0 0 0 0 0 0 0 0 0 2 1 1 1 0 0 0 0 0 0 0 0 0 0 0 1 0 1 1 0 0 2 36 0 0 1 4 12 1 4 4 1 0 70 91 176 18 63 122 0 0 0 0 0 0 0 0 15 13 0 3 2 75 127 33 156 109 42 29 2 0 0 0 0 0 0 0 0 0 0 0 0 0 0 0 0 0 0 0
0 0 0 0 0 32 6 0 0 0 0 0 0 0 0 1 0 0 0 0 0 0 0 0 0 0 5 0 1 0 0 2 1 0 0 0 0 0 0 0 0 0 4 0 0 0 0 0 0 0 1 0 8 0 5 1 5 1 0 0 0 0 0 0 0 0 0 2 2 7 1 0 0 0 0 0 0 0 0 0 0 0 0 0 0 0 0 1 3 0 0 29 135 27 3 0 1 0 2 1 2 8 21 9 93 32 0 7 1 32 12 0 0 0 0 0 0 0 0 0 9 7 6 22 0 0 0 244 21 4 0 0 0 0 1 0 0 0 0 0 0 0 0 0 0 0 0 1 0 0
1 0 0 0 48 47 0 0 0 0 0 0 0 0 6 0 0 0 0 0 0 0 0 0 0 0 0 1 3 0 6 0 0 0 0 0 0 0 0 1 0 0 0 5 0 6 0 0 0 1 0 0 0 5 9 5 2 1 0 0 0 0 0 0 0 0 0 0 2 3 0 1 0 1 0 0 0 0 0 0 0 0 0 0 0 0 0 1 22 48 64 313 126 15 0 0 0 0 2 27 52 358 314 86 13 17 18 0 0 13 18 0 0 0 0 0 0 0 0 0 0 0 0 0 0 35 103 51 1 0 0 0 0 0 0 0 0 0 0 0 0 0 0 0 0 0 0 1 0 0
0 0 0 0 3 0 2 0 0 0 0 0 1 6 0 0 0 0 0 0 0 0 0 0 0 0 0 0 0 3 0 0 0 0 0 1 1 0 0 0 0 0 0 0 3 8 0 0 0 0 0 0 0 3 6 0 0 0 0 0 0 0 0 0 0 0 0 0 7 0 0 0 1 0 0 0 0 0 0 0 0 0 0 0 0 0 0 0 36 83 225 154 69 25 3 2 7 2 4 100 130 111 110 14 0 0 8 0 0 4 2 1 0 0 0 0 0 0 0 0 0 69 48 2 0 100 31 0 0 0 0 0 0 0 0 0 0 0 0 0 0 0 0 0 0 0 0 0 0 0
0 0 0 0 1 2 0 0 0 0 0 0 18 29 0 2 0 0 0 0 0 0 0 0 0 3 2 1 0 45 0 0 0 0 0 1 0 0 0 0 0 0 0 0 1 6 4 0 0 0 1 0 0 9 7 2 0 0 0 0 0 0 0 0 0 0 4 10 27 0 0 0 0 0 0 0 0 0 0 0 0 0 0 0 2 15 40 3 3 14 0 2 8 11 42 0 0 1 14 21 134 0 0 0 0 0 0 11 3 188 26 34 0 0 0 0 0 0 0 0 0 0 2 0 0 9 0 16 0 0 0 0 0 0 0 0 0 0 0 0 0 0 0 0 0 0 0 0 0 0
0 0 0 0 1 0 1 0 0 0 0 0 0 0 8 1 0 0 0 0 0 0 0 0 0 0 0 0 0 1 0 0 0 0 2 0 0 0 0 0 0 0 0 0 0 0 1 6 1 1 0 0 1 2 2 14 2 0 0 0 0 0 0 0 0 0 8 20 11 0 0 0 0 0 0 0 0 0 0 0 0 0 0 6 28 2 2 2 9 51 3 0 12 1 1 11 2 27 15 24 37 12 6 0 1 0 0 31 90 183 162 322 66 20 0 0 0 0 0 0 0 0 0 0 0 0 0 0 0 0 0 0 0 0 0 0 0 0 0 0 0 0 0 0 0 0 0 0 0 0
0 0 0 1 0 1 0 2 0 0 0 1 0 0 0 0 0 0 0 0 0 0 0 0 0 0 0 0 0 0 0 0 0 0 0 0 0 0 3 0 0 0 0 0 0 0 0 2 15 0 0 0 0 3 1 138 107 0 0 0 0 0 0 0 0 7 55 92 1 0 1 5 0 0 0 0 0 0 0 0 0 0 0 33 28 1 1 4 4 217 10 9 1 0 0 4 55 84 3 0 16 1 6 5 3 0 14 2 98 33 143 33 123 90 3 0 0 0 0 0 0 0 0 0 0 0 0 0 0 0 0 0 0 0 0 0 0 0 0 0 0 0 0 0 0 0 0 0 0 0
0 0 0 0 0 0 0 0 0 0 1 3 3 0 1 1 1 0 0 0 0 0 0 0 0 0 0 1 0 0 0 0 0 0 0 3 3 0 0 0 0 0 0 0 0 1 1 8 87 3 0 0 0 0 5 1 1 14 23 12 7 0 2 4 2 3 2 0 0 1 0 0 0 0 0 0 0 0 0 0 0 0 0 0 0 0 0 16 7 4 2 0 1 0 4 93 7 0 0 0 0 0 0 0 26 40 228 861 315 57 13 0 168 106 0 0 0 0 0 0 0 0 0 0 0 0 0 0 0 0 0 0 0 0 0 0 0 0 0 0 0 0 0 0 0 0 0 0 0 0
0 0 1 1 9 30 1 8 26 4 11 0 0 0 1 0 0 0 0 0 0 0 0 0 0 0 0 0 0 0 0 0 0 0 0 0 0 2 8 0 6 1 0 0 1 1 28 5 6 1 0 0 1 3 11 4 0 0 0 2 0 0 0 1 0 0 2 7 0 7 2 1 0 0 0 0 0 0 0 0 0 0 0 0 0 0 0 0 0 0 6 5 0 3 91 10 6 0 0 0 0 1 0 16 250 101 179 340 172 220 103 117 318 7 0 0 0 0 0 0 0 0 0 0 0 0 0 0 0 0 0 0 0 0 0 0 0 0 0 0 0 0 0 0 0 0 0 0 0 0
1 0 0 0 48 49 0 0 6 0 0 0 0 1 0 0 0 0 0 0 0 0 0 0 0 0 0 0 0 0 0 0 2 0 1 0 0 0 0 0 0 1 3 0 0 0 8 1 6 11 1 1 0 3 0 1 3 4 5 4 0 1 3 0 0 3 1 3 1 0 0 0 10 2 0 0 0 0 0 0 0 0 0 0 0 2 0 0 2 1 0 4 23 50 1 27 178 0 0 0 0 0 0 69 153 164 0 0 3 34 0 27 14 0 0 0 0 0 0 0 0 0 0 0 0 0 0 0 0 0 0 0 0 0 0 0 0 0 0 0 0 0 0 0 0 0 0 0 0 0
0 0 0 0 1 2 0 0 11 0 0 0 0 0 0 0 0 0 3 0 0 0 0 0 0 0 0 0 0 0 0 3 3 0 0 0 0 0 0 0 0 1 0 0 0 0 2 0 13 4 0 0 0 2 0 0 0 0 7 8 5 1 0 0 0 0 0 0 0 0 1 0 1 0 0 0 0 0 0 0 0 0 0 0 0 0 0 0 0 2 0 24 44 11 10 278 247 0 0 0 0 0 0 9 19 0 0 0 0 0 18 60 0 1 0 0 0 0 0 0 0 0 0 0 0 0 0 0 0 0 0 0 0 0 0 0 0 0 0 0 0 0 5 5 2 0 0 0 0 0
0 0 0 0 2 1 0 0 0 34 0 0 2 0 0 4 0 0 0 0 0 0 0 0 0 0 0 0 0 0 0 5 0 0 0 0 0 0 0 0 0 0 0 0 0 9 0 0 0 0 3 1 2 2 0 0 0 0 2 5 7 0 0 0 0 0 0 0 0 0 40 4 1 0 0 0 0 0 0 0 0 0 0 0 0 0 0 1 23 2 6 35 107 120 24 0 0 0 0 0 0 0 1 3 0 0 0 1 0 117 148 2 0 0 0 0 0 0 0 0 0 0 0 0 0 0 0 0 0 0 0 0 0 0 0 0 0 0 0 0 0 0 0 0 0 0 0 0 0 0
0 0 1 0 1 0 0 0 0 0 0 0 0 3 0 0 0 0 0 0 0 0 0 0 0 0 0 0 0 0 0 0 0 0 0 0 0 0 0 0 0 0 0 0 0 0 0 0 0 0 11 1 1 0 0 0 0 0 0 1 3 1 0 0 0 0 0 0 0 0 1 0 0 0 0 0 0 0 0 0 0 0 1 0 0 0 0 0 0 8 16 89 348 0 0 9 3 0 0 0 0 0 0 0 0 0 0 9 27 19 62 4 0 0 0 0 0 0 0 0 0 0 0 0 0 0 0 0 0 0 0 0 0 0 0 0 0 0 0 1 0 0 0 0 0 0 0 0 0 0
0 0 0 0 5 0 0 0 0 0 0 3 2 0 0 0 0 0 1 0 1 0 0 0 0 0 0 0 0 0 0 0 0 0 0 0 0 0 0 0 0 0 1 0 0 0 0 0 0 0 3 28 1 0 0 1 2 2 2 8 1 0 0 0 0 0 0 0 0 0 2 53 7 0 0 0 0 0 0 0 0 0 0 0 0 0 0 0 2 1 41 19 7 25 13 0 0 0 0 0 0 0 0 0 0 0 0 0 0 0 0 0 0 0 0 0 0 0 0 0 0 0 0 0 0 0 0 0 0 0 0 0 0 0 0 0 0 0 0 0 0 0 0 0 0 0 0 0 0 0
0 0 0 0 0 0 0 0 0 0 0 0 0 1 0 0 0 0 0 0 0 1 4 36 0 0 0 0 0 0 0 0 0 0 0 1 3 0 0 0 0 0 0 0 0 0 0 0 0 0 0 18 2 2 3 3 1 1 0 0 0 4 7 0 0 0 0 0 0 0 0 2 12 1 6 0 0 0 0 0 0 0 0 0 0 0 0 0 0 6 14 59 7 22 33 8 0 0 0 1 0 0 0 0 0 0 0 0 0 0 0 0 0 0 0 0 0 0 0 0 0 0 0 0 0 0 0 0 0 0 0 0 0 0 0 0 0 0 0 2 0 0 0 0 0 0 0 0 0 0
0 0 0 0 0 0 0 0 1 2 0 0 0 0 0 0 0 0 0 0 0 0 0 5 3 0 0 0 1 0 0 0 0 0 0 0 0 0 0 0 0 0 0 0 0 0 0 0 0 0 4 31 21 4 2 0 5 0 0 0 0 24 62 0 0 0 0 0 0 0 0 0 1 0 8 0 0 0 0 0 0 0 0 0 0 2 0 0 0 2 26 18 0 59 64 20 0 1 5 0 0 0 0 0 0 0 0 0 0 0 0 0 0 0 0 0 0 0 0 0 0 0 0 0 0 0 0 0 0 0 0 0 0 0 0 0 0 0 0 0 0 0 0 0 0 0 0 0 0 0
0 0 0 0 0 0 0 0 0 0 0 0 1 0 0 0 0 0 0 0 0 0 0 0 0 1 0 0 0 0 3 0 0 0 0 0 0 0 0 0 0 0 0 0 0 0 0 0 0 2 12 37 119 8 17 2 0 0 2 0 0 14 0 0 0 0 0 0 0 0 0 0 0 0 1 0 0 0 0 0 0 0 0 0 0 0 0 0 0 0 2 28 28 7 11 0 0 0 0 0 0 0 0 0 0 0 0 0 0 0 0 0 0 0 0 0 0 0 0 0 0 0 0 0 0 0 0 0 0 0 0 0 0 0 0 0 0 0 0 0 0 0 0 0 0 0 0 0 0 0
0 0 0 0 0 0 0 0 0 0 0 0 5 1 0 3 0 4 3 0 0 2 0 0 2 2 0 0 0 0 0 0 0 0 0 0 0 0 0 0 1 0 0 0 0 0 0 0 1 5 0 17 119 4 19 1 0 0 0 0 0 3 4 0 0 0 0 0 0 0 0 0 0 0 0 0 1 0 0 0 0 0 0 0 0 0 0 1 0 0 0 0 13 9 4 0 11 4 0 69 0 0 0 0 0 0 0 0 0 0 0 0 0 0 0 0 0 0 0 0 0 0 0 0 0 0 0 0 0 0 0 0 0 0 0 0 0 0 0 0 0 0 0 0 0 0 0 0 0 0
0 0 0 0 1 0 0 0 0 4 0 0 0 0 1 0 0 0 2 0 0 0 0 3 1 7 0 0 0 0 0 0 0 0 0 0 0 0 0 0 0 0 0 0 0 0 0 4 0 0 0 6 22 0 0 0 0 0 1 2 4 3 0 0 0 0 0 0 0 0 0 0 0 0 0 0 0 0 0 0 0 0 0 0 0 0 0 0 0 0 0 0 0 0 0 0 12 1 0 0 0 0 0 0 0 0 0 0 0 0 0 0 0 0 0 0 0 0 0 0 0 0 0 0 0 0 0 0 0 0 0 0 0 0 0 0 0 0 0 0 0 0 0 0 0 1 0 0 0 0
0 0 2 0 0 0 0 0 0 0 7 0 0 0 0 0 0 0 1 0 0 1 0 0 6 2 1 0 0 0 1 6 1 10 36 1 1 0 0 0 0 0 0 0 0 0 6 18 0 0 0 0 0 0 0 0 0 0 0 0 3 0 0 0 0 0 0 0 0 0 0 0 0 0 0 0 0 0 0 0 0 0 0 0 0 0 0 0 0 0 0 0 0 0 0 1 15 12 0 0 0 0 0 0 0 0 0 0 0 0 0 0 0 0 0 0 0 0 0 0 0 0 0 0 0 0 0 0 0 0 0 0 0 0 0 0 0 0 0 0 0 0 0 0 0 9 0 0 0 0
1 0 0 0 0 0 0 0 0 0 0 0 0 0 0 0 0 0 0 2 0 0 0 0 0 0 0 0 0 0 0 11 0 0 0 0 0 0 0 0 0 0 0 0 2 1 1 0 0 0 0 0 0 0 0 0 0 0 0 0 0 0 0 0 0 0 0 0 0 0 0 8 3 0 0 0 0 0 0 0 0 0 0 0 0 0 0 0 0 0 0 0 0 0 7 0 3 0 0 1 3 0 0 0 0 0 0 0 0 0 0 0 0 0 0 0 0 0 0 0 0 0 0 0 0 0 0 0 0 0 0 0 0 0 0 0 0 0 0 0 0 0 0 0 0 0 0 0 0 0
0 0 0 0 0 0 0 0 0 0 0 0 1 0 0 0 0 0 1 0 0 0 0 0 0 0 0 0 0 0 0 0 0 0 0 0 0 0 0 0 0 0 0 0 0 0 0 0 0 0 0 0 0 0 0 0 0 0 0 0 0 0 0 0 0 0 0 0 0 0 14 17 0 0 0 0 0 0 0 0 0 0 0 0 0 0 0 0 0 0 0 0 0 0 4 0 0 0 0 0 0 2 0 0 0 0 0 0 0 0 0 0 0 0 0 0 0 0 0 0 0 0 0 0 0 0 0 0 0 0 0 0 0 0 0 0 0 0 0 0 0 0 0 0 0 0 0 0 0 0
0 0 0 0 0 0 0 0 0 0 13 0 5 0 0 0 3 0 0 0 0 0 0 0 0 0 0 0 0 0 0 0 0 0 0 0 0 0 0 0 0 0 0 4 0 0 0 0 0 0 0 0 0 0 0 0 0 0 0 3 4 0 0 0 0 0 0 0 0 0 6 1 0 0 0 0 0 0 0 0 0 0 0 0 0 0 0 0 0 0 0 1 0 0 3 1 6 0 0 0 0 0 0 0 0 0 0 0 0 0 0 0 0 0 0 0 0 0 0 0 0 0 0 0 0 0 0 0 0 0 0 0 0 0 0 0 0 0 0 0 0 0 0 0 0 0 0 0 0 0
2 0 0 0 0 0 0 1 0 2 0 0 18 1 2 6 2 1 0 0 0 0 0 0 0 0 0 0 0 0 0 0 0 0 0 0 0 0 0 0 0 0 0 1 0 0 0 1 0 0 0 0 0 0 0 0 0 0 0 31 0 0 0 0 0 0 0 0 24 0 0 0 0 0 0 0 0 0 0 0 0 0 0 0 0 0 0 0 0 0 0 0 0 0 0 0 8 2 1 3 0 0 0 0 0 0 0 0 0 0 0 0 0 0 0 0 0 0 0 0 0 0 0 0 0 0 0 0 0 0 0 0 0 0 0 0 0 0 0 0 0 0 0 0 0 0 0 0 0 0
0 0 0 0 0 0 0 0 0 0 0 0 4 0 0 0 0 3 5 0 0 0 0 0 0 0 0 0 0 0 0 0 0 0 0 0 1 0 3 0 0 0 3 8 0 0 0 0 1 0 0 0 0 0 0 0 0 0 0 0 3 9 0 0 0 0 0 0 69 162 1 0 0 0 0 0 0 0 0 0 0 0 0 0 0 0 0 0 0 0 0 0 0 0 0 0 1 0 0 0 0 0 0 0 0 0 0 0 0 0 0 0 0 0 0 0 0 0 0 0 0 0 0 0 0 0 0 0 0 0 0 0 0 0 0 0 0 0 0 0 0 0 0 0 0 0 0 0 0 0
3 0 0 1 1 0 2 0 0 0 0 0 53 7 0 3 23 0 3 6 0 4 1 27 0 1 0 0 0 0 0 3 0 0 0 1 10 5 7 3 0 0 28 0 0 0 0 0 0 0 0 0 0 0 0 0 0 0 0 0 0 0 0 2 71 53 13 0 0 0 0 0 0 0 0 0 0 0 0 0 0 0 0 0 0 0 0 0 0 0 0 0 0 0 0 0 0 0 0 0 0 0 0 0 0 0 0 0 0 0 0 0 0 0 0 0 0 0 0 0 0 0 0 0 0 0 0 0 0 0 0 0 0 0 0 0 0 0 0 0 0 0 0 0 0 0 0 0 0 0
4 58 4 0 0 0 0 0 0 0 0 0 5 0 0 0 7 2 1 7 10 112 43 7 2 0 0 0 0 0 1 0 0 0 3 6 16 4 0 2 1 9 0 0 0 0 0 0 0 0 0 0 0 0 0 0 0 0 0 0 0 0 0 0 3 1 0 0 0 0 0 0 0 0 0 0 0 0 0 0 0 0 0 0 0 0 0 0 0 0 0 0 0 0 0 0 0 0 0 0 0 0 0 0 0 0 0 0 0 0 0 0 0 0 0 0 0 0 0 0 0 0 0 0 0 0 0 0 0 0 0 0 0 0 0 0 0 0 0 0 0 0 0 0 0 0 0 0 0 0
24 19 9 0 0 0 0 0 0 0 0 0 0 0 0 2 5 0 0 5 4 114 11 2 6 3 0 0 0 8 3 0 0 0 0 0 3 2 2 1 8 16 0 0 0 0 0 0 0 0 0 0 0 0 0 0 0 0 0 0 0 0 0 0 0 0 0 0 0 0 0 0 0 0 0 0 0 0 0 0 0 0 0 0 0 0 0 0 0 1 0 0 0 0 0 0 0 0 0 0 0 0 0 0 0 0 0 0 0 0 0 0 0 0 0 0 0 0 0 0 0 0 0 0 0 0 0 0 0 0 0 0 0 0 0 0 0 0 0 0 0 0 0 0 0 0 0 0 0 0
0 0 0 0 0 0 0 0 0 0 0 3 3 0 0 1 2 1 1 1 0 5 2 7 0 5 1 2 2 1 0 0 0 0 2 2 1 1 0 0 0 2 0 0 0 0 0 0 0 0 0 0 0 0 0 0 0 0 0 0 0 0 0 0 0 1 0 0 0 0 0 0 0 0 1 0 0 0 0 0 0 0 0 0 0 0 0 0 0 0 0 0 0 0 0 0 0 0 0 0 0 0 0 0 0 0 0 0 0 0 0 0 0 0 0 0 0 0 0 0 0 0 0 0 0 0 0 0 0 0 0 0 0 0 0 0 0 0 0 0 0 0 0 0 0 0 0 0 0 0
0 0 0 0 0 0 0 0 0 0 0 0 0 0 0 0 0 1 0 5 0 7 0 1 0 6 3 8 22 2 1 0 1 12 5 0 0 0 0 0 0 0 0 0 0 0 0 0 0 0 0 0 0 0 0 0 0 0 0 0 0 0 0 0 0 0 0 0 0 0 0 0 0 0 0 0 0 0 0 0 0 0 0 0 0 0 0 0 0 0 0 0 0 0 0 0 0 0 0 0 0 0 0 0 0 0 0 0 0 0 0 0 0 0 0 0 0 0 0 0 0 0 0 0 0 0 0 0 0 0 0 0 0 0 0 0 0 0 0 0 0 0 0 0 0 0 0 0 0 0
0 0 1 0 0 0 0 0 0 0 0 0 0 0 0 0 0 0 3 0 1 0 0 0 0 0 0 2 145 40 1 2 2 15 0 0 9 0 0 0 0 0 0 0 0 0 0 0 0 0 0 0 0 0 0 0 0 0 0 0 0 0 0 0 0 0 0 0 0 0 0 0 0 0 0 0 0 0 0 0 0 0 0 0 0 0 0 0 0 0 0 0 0 0 0 0 0 0 0 0 0 0 0 0 0 0 0 0 0 0 0 0 0 0 0 0 0 0 0 0 0 0 0 0 0 0 0 0 0 0 0 0 0 0 0 0 0 0 0 0 0 0 0 0 0 0 0 0 0 0
0 0 0 0 0 0 0 0 0 0 0 0 0 0 0 0 0 0 0 0 0 0 0 0 0 0 0 7 0 1 1 0 3 2 0 0 0 0 0 0 0 0 0 0 0 0 0 0 0 0 0 0 0 0 0 0 0 0 0 0 0 0 0 0 0 0 0 0 0 0 0 0 0 0 0 0 0 0 0 0 0 0 0 0 0 0 0 0 0 0 0 0 0 0 0 0 0 0 0 0 0 0 0 0 0 0 0 0 0 0 0 0 0 0 0 0 0 0 0 0 0 0 0 0 0 0 0 0 0 0 0 0 0 0 0 0 0 0 0 0 0 0 0 0 0 0 0 0 0 0
0 0 0 0 0 0 0 0 0 0 0 0 0 0 0 0 0 0 0 0 0 0 0 0 9 1 7 0 0 0 16 0 3 1 1 2 0 0 0 0 0 0 0 0 0 0 0 0 0 0 0 0 0 0 0 0 0 0 0 0 0 0 0 0 0 0 0 0 0 0 0 0 0 0 0 0 0 0 0 0 0 0 0 0 0 0 0 0 0 0 0 0 0 0 0 0 0 0 0 0 0 0 0 0 0 0 0 0 0 0 0 0 0 0 0 0 0 0 0 0 0 0 0 0 0 0 0 0 0 0 0 0 0 0 0 0 0 0 0 0 0 0 0 0 0 0 0 0 0 0
0 0 0 0 0 0 0 0 0 0 0 0 1 2 0 0 0 0 0 0 0 0 0 0 0 0 0 0 0 0 0 0 4 0 0 1 1 0 0 0 0 0 0 0 0 0 0 0 0 0 0 0 0 0 0 0 0 0 0 0 0 0 0 0 0 0 0 0 0 0 0 0 0 0 0 0 0 0 0 0 0 0 0 0 0 0 0 0 0 0 0 0 0 0 0 0 0 0 0 0 0 0 0 0 0 0 0 0 0 0 0 0 0 0 0 0 0 0 0 0 0 0 0 0 0 0 0 0 0 0 0 0 0 0 0 0 0 0 0 0 0 0 0 0 0 0 0 0 0 0
0 0 0 0 0 0 0 0 0 1 2 3 1 1 0 0 0 0 0 0 0 0 0 0 0 0 0 16 0 1 5 0 0 0 0 0 0 0 0 0 0 0 0 0 0 0 0 0 0 0 0 0 0 0 0 0 0 0 0 0 0 0 0 0 0 0 0 0 0 0 0 0 0 0 0 0 0 0 0 0 0 0 0 0 0 0 0 0 0 0 0 0 0 0 0 0 0 0 0 0 0 0 0 0 0 0 0 0 0 0 0 0 0 0 0 0 0 0 0 0 0 0 0 0 0 0 0 0 0 0 0 0 0 0 0 0 0 0 0 0 0 0 0 0 0 0 0 0 0 0
0 0 0 0 0 0 0 0 1 0 1 0 0 0 0 0 0 0 0 0 0 0 0 0 0 0 0 12 5 0 0 0 4 1 0 0 0 0 0 0 0 0 0 0 0 0 0 0 0 0 0 0 0 0 0 0 0 0 0 0 0 0 0 0 0 0 0 0 0 0 0 0 0 0 0 0 0 0 0 0 0 0 0 0 0 0 0 0 0 0 0 0 0 0 0 0 0 0 0 0 0 0 0 0 0 0 0 0 0 0 0 0 0 0 0 0 0 0 0 0 0 0 0 0 0 0 0 0 0 0 0 0 0 0 0 0 0 0 0 0 0 0 0 0 0 0 0 0 0 0
0 0 0 0 0 0 0 0 0 0 6 0 0 2 0 0 0 0 0 0 0 0 0 0 0 0 3 0 0 1 0 0 0 0 0 0 0 0 0 0 0 0 0 0 0 0 0 0 0 0 0 0 0 0 0 0 0 0 0 0 0 0 0 0 0 0 0 0 0 0 0 0 0 0 0 0 0 0 0 0 0 0 0 0 0 0 0 0 0 0 0 0 0 0 0 0 0 0 0 0 0 0 0 0 0 0 0 0 0 0 0 0 0 0 0 0 0 0 0 0 0 0 0 0 0 0 0 0 0 0 0 0 0 0 0 0 0 0 0 0 0 0 0 0 0 0 0 0 0 0
0 0 0 0 0 0 0 0 0 2 2 0 0 0 0 0 0 0 0 0 0 0 0 0 0 0 0 0 0 0 0 0 0 0 0 0 0 0 0 0 0 0 0 0 0 0 0 0 0 0 0 0 0 0 0 0 0 0 0 0 0 0 0 0 0 0 0 0 0 0 0 0 0 0 0 0 0 0 0 0 0 0 0 0 0 0 0 0 0 0 0 0 0 0 0 0 0 0 0 0 0 0 0 0 0 0 0 0 0 0 0 0 0 0 0 0 0 0 0 0 0 0 0 0 0 0 0 0 0 0 0 0 0 0 0 0 0 0 0 0 0 0 0 0 0 0 0 0 0 0
0 0 0 0 0 0 0 0 0 2 1 0 0 0 0 0 0 0 0 0 0 0 0 0 0 0 0 0 0 0 0 0 0 0 0 0 0 0 0 0 0 0 0 0 0 0 0 0 0 0 0 0 1 0 0 0 0 0 0 0 0 0 0 0 0 0 0 0 0 0 0 0 0 0 0 0 0 0 0 0 0 0 0 0 0 0 0 0 0 0 0 0 0 0 0 0 0 0 0 0 0 0 0 0 0 0 0 0 0 0 0 0 0 0 0 0 0 0 0 0 0 0 0 0 0 0 0 0 0 0 0 0 0 0 0 0 0 0 0 0 0 0 0 0 0 0 0 0 0 0
0 0 0 0 0 0 0 0 4 35 0 0 0 0 0 0 0 0 0 0 0 0 0 0 0 0 0 0 0 0 0 0 0 0 0 0 0 0 0 0 0 0 0 0 0 0 0 0 2 1 0 0 0 0 0 0 0 0 0 0 0 0 0 0 0 0 0 0 0 0 0 0 0 0 0 0 0 0 0 0 0 0 0 0 0 0 0 0 0 0 0 0 0 0 0 0 0 0 0 0 0 0 0 0 0 0 0 0 0 0 0 0 0 0 0 0 0 0 0 0 0 0 0 0 0 0 0 0 0 0 0 0 0 0 0 0 0 0 0 0 0 0 0 0 0 0 0 0 0 0
0 0 0 0 1 4 28 18 6 0 0 0 0 0 0 0 0 0 0 0 0 0 0 0 0 0 0 0 0 0 0 0 0 0 0 0 0 0 0 0 0 0 0 0 0 0 0 0 0 33 29 0 0 0 0 0 0 0 0 0 0 0 0 0 0 0 0 0 0 0 0 0 0 0 0 0 0 0 0 0 0 0 0 0 0 0 0 0 0 0 0 0 0 0 0 0 0 0 0 0 0 0 0 0 0 0 0 0 0 0 0 0 0 0 0 0 0 0 0 0 0 0 0 0 0 0 0 0 0 0 0 0 0 0 0 0 0 0 0 0 0 0 0 0 0 0 0 0 0 0
0 0 0 0 0 0 15 13 0 0 0 0 0 0 0 0 0 0 0 0 0 0 0 0 0 0 0 0 0 0 0 0 0 0 0 0 0 0 0 0 0 0 0 0 0 0 0 0 0 0 0 0 0 0 0 0 0 0 0 0 0 0 0 0 0 0 0 0 0 0 0 0 0 0 0 0 0 0 0 0 0 0 0 0 0 0 0 0 0 0 0 0 0 0 0 0 0 0 0 0 0 0 0 0 0 0 0 0 0 0 0 0 0 0 0 0 0 0 0 0 0 0 0 0 0 0 0 0 0 0 0 0 0 0 0 0 0 0 0 0 0 0 0 0 0 0 0 0 0 0
0 0 0 0 0 0 0 0 0 0 0 0 0 0 0 0 0 0 0 0 0 0 0 0 0 0 0 0 0 0 0 0 0 0 0 0 0 0 0 0 0 0 0 0 0 0 0 0 0 0 0 0 2 9 0 0 0 0 0 0 0 0 0 0 0 0 0 0 0 0 0 0 0 0 0 0 0 0 0 0 0 0 0 0 0 0 0 0 0 0 0 0 0 0 0 0 0 0 0 0 0 0 0 0 0 0 0 0 0 0 0 0 0 0 0 0 0 0 0 0 0 0 0 0 0 0 0 0 0 0 0 0 0 0 0 0 0 0 0 0 0 0 0 0 0 0 0 0 0 0
0 0 0 0 0 0 0 0 0 0 0 0 0 0 0 0 0 0 0 0 0 0 0 0 0 0 0 0 0 0 0 0 0 0 0 0 0 0 0 0 0 0 0 0 0 0 0 0 0 0 0 0 0 0 0 0 0 0 0 0 0 0 0 0 0 0 0 0 0 0 0 0 0 0 0 0 0 0 0 0 0 0 0 0 0 0 0 0 0 0 0 0 0 0 0 0 0 0 0 0 0 0 0 0 0 0 0 0 0 0 0 0 0 0 0 0 0 0 0 0 0 0 0 0 0 0 0 0 0 0 0 0 0 0 0 0 0 0 0 0 0 0 0 0 0 0 0 0 0 0
0 0 0 0 0 0 0 0 0 0 0 0 0 0 0 0 0 0 0 0 0 0 0 0 0 0 0 0 0 0 0 0 0 0 0 0 0 14 0 0 0 0 0 0 0 0 0 0 0 0 0 0 0 0 0 0 0 0 0 0 0 0 0 0 0 0 0 0 0 0 0 0 0 0 0 0 0 0 0 0 0 0 0 0 0 0 0 0 0 0 0 0 0 0 0 0 0 0 0 0 0 0 0 0 0 0 0 0 0 0 0 0 0 0 0 0 0 0 0 0 0 0 0 0 0 0 0 0 0 0 0 0 0 0 0 0 0 0 0 0 0 0 0 0 0 0 0 0 0 0
0 0 0 0 0 0 0 0 0 0 0 0 0 0 0 0 0 0 0 0 0 0 0 0 0 0 0 0 0 0 0 0 0 0 0 0 0 0 0 0 0 0 0 0 0 0 0 0 0 0 0 0 1 0 0 0 0 0 0 0 0 0 0 0 0 0 0 0 0 0 0 0 0 0 0 0 0 0 0 0 0 0 0 0 0 0 0 0 0 0 0 0 0 0 0 0 0 0 0 0 0 0 0 0 0 0 0 0 0 0 0 0 0 0 0 0 0 0 0 0 0 0 0 0 0 0 0 0 0 0 0 0 0 0 0 0 0 0 0 0 0 0 0 0 0 0 0 0 0 0
0 0 0 0 0 0 0 0 0 0 0 0 0 0 0 0 0 0 0 0 0 0 0 0 0 0 0 0 0 0 2 0 0 0 2 0 0 0 0 0 0 0 0 0 0 0 0 0 0 0 0 0 0 2 0 0 0 0 0 0 0 0 0 0 0 0 0 0 0 0 0 0 0 0 0 0 0 0 0 0 0 0 0 0 0 0 0 0 0 0 0 0 0 0 0 0 0 0 0 0 0 0 0 0 0 0 0 0 0 0 0 0 0 0 0 0 0 0 0 0 0 0 0 0 0 0 0 0 0 0 0 0 0 0 0 0 0 0 0 0 0 0 0 0 0 0 0 0 0 0
0 0 0 0 0 0 0 0 0 0 0 0 0 0 0 0 0 0 0 0 0 0 0 0 0 1 0 0 0 1 2 12 4 1 0 0 0 0 0 0 0 0 0 0 0 0 0 0 0 0 0 0 0 0 0 0 0 0 0 0 0 0 0 0 0 0 0 0 0 0 0 0 0 0 0 0 0 0 0 0 0 0 0 0 0 0 0 0 0 0 0 0 0 0 0 0 0 0 0 0 0 0 0 0 0 0 0 0 0 0 0 0 0 0 0 0 0 0 0 0 0 0 0 0 0 0 0 0 0 0 0 0 0 0 0 0 0 0 0 0 0 0 0 0 0 0 0 0 0 0
0 0 0 0 0 0 0 0 0 0 0 0 0 0 0 0 0 0 0 0 0 0 0 0 0 0 0 0 0 0 5 7 0 0 0 0 0 0 0 0 0 0 0 0 0 0 0 0 0 0 0 0 0 0 0 0 0 0 0 0 0 0 0 0 0 0 0 0 0 0 0 0 0 0 0 0 0 0 0 0 0 0 0 0 0 0 0 0 0 0 0 0 0 0 0 0 0 0 0 0 0 0 0 0 0 0 0 0 0 0 0 0 0 0 0 0 0 0 0 0 0 0 0 0 0 0 0 0 0 0 0 0 0 0 0 0 0 0 0 0 0 0 0 0 0 0 0 0 0 0
0 0 0 0 0 0 0 0 0 0 0 0 0 0 0 0 0 0 0 0 0 0 0 0 0 0 11 0 0 11 0 0 0 0 0 0 0 0 0 0 0 0 0 0 0 0 0 0 0 0 0 0 0 0 0 0 0 0 0 0 0 0 0 0 0 0 0 0 0 0 0 0 0 0 0 0 0 0 0 0 0 0 0 0 0 0 0 0 0 0 0 0 0 0 0 0 0 0 0 0 0 0 0 0 0 0 0 0 0 0 0 0 0 0 0 0 0 0 0 0 0 0 0 0 0 0 0 0 0 0 0 0 0 0 0 0 0 0 0 0 0 0 0 0 0 0 0 0 0 0
0 0 0 0 0 0 0 0 0 0 0 0 0 0 0 0 0 0 0 0 0 0 0 0 0 0 0 0 0 81 15 0 0 0 0 0 0 0 0 0 0 0 0 0 0 0 0 0 0 0 0 0 0 0 0 0 0 0 0 0 0 0 0 0 0 0 0 0 0 0 0 0 0 0 0 0 0 0 0 0 0 0 0 0 0 0 0 0 0 0 0 0 0 0 0 0 0 0 0 0 0 0 0 0 0 0 0 0 0 0 0 0 0 0 0 0 0 0 0 0 0 0 0 0 0 0 0 0 0 0 0 0 0 0 0 0 0 0 0 0 0 0 0 0 0 0 0 0 0 0
0 0 0 0 0 0 0 0 0 0 0 0 0 0 0 0 0 0 0 0 0 0 0 0 0 0 6 0 0 0 0 0 0 0 0 0 0 0 0 0 0 0 0 0 0 0 0 0 0 29 0 0 0 0 0 0 0 0 0 0 0 0 0 0 0 0 0 0 0 0 0 0 0 0 0 0 0 0 0 0 0 0 0 0 0 0 0 0 0 0 0 0 0 0 0 0 0 0 0 0 0 0 0 0 0 0 0 0 0 0 0 0 0 0 0 0 0 0 0 0 0 0 0 0 0 0 0 0 0 0 0 0 0 0 0 0 0 0 0 0 0 0 0 0 0 0 0 0 0 0
0 0 0 0 0 0 0 0 0 0 0 0 0 0 0 0 0 0 0 0 0 0 0 0 0 0 17 0 0 0 0 0 0 0 0 0 0 0 0 0 0 0 0 0 0 0 0 0 8 0 0 0 0 0 0 0 0 0 0 0 0 0 0 0 0 0 0 0 0 0 0 0 0 0 0 0 0 0 0 0 0 0 0 0 0 0 0 0 0 0 0 0 0 0 0 0 0 0 0 0 0 0 0 0 0 0 0 0 0 0 0 0 0 0 0 0 0 0 0 0 0 0 0 0 0 0 0 0 0 0 0 0 0 0 0 0 0 0 0 0 0 0 0 0 0 0 0 0 0 0
0 0 0 0 0 0 0 0 0 0 0 0 0 0 0 0 0 0 0 0 0 0 0 0 0 0 0 3 2 0 0 0 0 0 0 0 0 0 0 0 0 0 0 0 0 0 0 0 0 0 0 0 0 0 0 0 0 0 0 0 0 0 0 0 0 0 0 0 0 0 0 0 0 0 0 0 0 0 0 0 0 0 0 0 0 0 0 0 0 0 0 0 0 0 0 0 0 0 0 0 0 0 0 0 0 0 0 0 0 0 0 0 0 0 0 0 0 0 0 0 0 0 0 0 0 0 0 0 0 0 0 0 0 0 0 0 0 0 0 0 0 0 0 0 0 0 0 0 0 0
0 0 0 0 0 0 0 0 0 0 0 0 0 0 0 0 0 0 0 0 0 0 0 0 0 0 0 0 0 0 0 0 0 0 0 0 0 0 0 0 0 0 0 0 0 0 0 0 0 0 0 0 0 0 0 0 0 0 0 0 0 0 0 0 0 0 0 0 0 0 0 0 0 0 0 0 0 0 0 0 0 0 0 0 0 0 0 0 0 0 0 0 0 0 0 0 0 0 0 0 0 0 0 0 0 0 0 0 0 0 0 0 0 0 0 0 0 0 0 0 0 0 0 0 0 0 0 0 0 0 0 0 0 0 0 0 0 0 0 0 0 0 0 0 0 0 0 0 0 0
0 0 0 0 0 0 0 0 0 0 0 0 0 0 0 0 0 0 0 0 0 0 0 0 0 0 0 0 0 0 0 0 0 0 0 0 0 0 0 0 0 0 0 0 0 0 0 0 0 0 0 0 0 0 0 0 0 0 0 0 0 0 0 0 0 0 0 0 0 0 0 0 0 0 0 0 0 0 0 0 0 0 0 0 0 0 0 0 0 0 0 0 0 0 0 0 0 0 0 0 0 0 0 0 0 0 0 0 0 0 0 0 0 0 0 0 0 0 0 0 0 0 0 0 0 0 0 0 0 0 0 0 0 0 0 0 0 0 0 0 0 0 0 0 0 0 0 0 0 0
0 0 0 0 0 0 0 0 0 0 0 0 0 0 0 0 0 0 0 0 0 0 0 0 0 0 0 0 0 0 0 0 0 0 0 0 0 0 0 0 0 0 0 0 0 0 0 0 0 0 0 0 0 0 0 0 0 0 0 0 0 0 0 0 0 0 0 0 0 0 0 0 0 0 0 0 0 0 0 0 0 0 0 0 0 0 0 0 0 0 0 0 0 0 0 0 0 0 0 0 0 0 0 0 0 0 0 0 0 0 0 0 0 0 0 0 0 0 0 0 0 0 0 0 0 0 0 0 0 0 0 0 0 0 0 0 0 0 0 0 0 0 0 0 0 0 0 0 0 0
0 0 0 0 0 0 0 0 0 0 0 0 0 0 0 0 0 0 0 0 0 0 0 0 0 0 0 0 0 0 0 0 0 0 0 0 0 0 0 0 0 0 0 0 0 0 0 0 0 0 0 0 0 0 0 0 0 0 0 0 0 0 0 0 0 0 0 0 0 0 0 0 0 0 0 0 0 0 0 0 0 0 0 0 0 0 0 0 0 0 0 0 0 0 0 0 0 0 0 0 0 0 0 0 0 0 0 0 0 0 0 0 0 0 0 0 0 0 0 0 0 0 0 0 0 0 0 0 0 0 0 0 0 0 0 0 0 0 0 0 0 0 0 0 0 0 0 0 0 0
0 0 0 0 0 0 0 0 0 0 0 0 0 0 0 0 0 0 0 0 0 0 0 0 0 0 0 0 0 0 0 0 0 0 0 0 0 0 0 0 0 0 0 0 0 0 0 0 0 0 0 0 0 0 0 0 0 0 0 0 0 0 0 0 0 0 0 0 0 0 0 0 0 0 0 0 0 0 0 0 0 0 0 0 0 0 0 0 0 0 0 0 0 0 0 0 0 0 0 0 0 0 0 0 0 0 0 0 0 0 0 0 0 0 0 0 0 0 0 0 0 0 0 0 0 0 0 0 0 0 0 0 0 0 0 0 0 0 0 0 0 0 0 0 0 0 0 0 0 0
