0 0 17 9 0 0 4 0 18 83 19 6 0 6 0 0 0 3 6 0 0 1 0 0 0 16 0 1 0 0 0 0 0 7 5 3 0 0 3 7 0 0 0 2 3 0 0 0 0 0 0 0 1 0 4 2 0 0 0 1 71 22 2 6 0 10 8 0 0 0 0 6 49 220 200 343 206 64 33 11 53 260 57 71 136 228 348 275 42 326 1120 879 139 683 699 616 1131 821 1056 231 266 146 34 32 59 62 82 411 278 19 25 14 29 111 42 35 20 23 5 2 7 46 13 11 3 29 0 3 18 13 1 29 0 18 18 0 2 2 0 0 3 0 0 0 0 0 0 0 1 34
0 2 7 13 1 0 0 0 0 35 15 26 13 0 0 0 0 3 19 0 0 0 24 0 4 48 0 3 0 0 0 0 0 0 0 0 0 1 3 0 0 0 0 0 0 0 0 0 0 0 0 0 9 6 16 0 0 0 0 39 140 14 9 22 12 1 0 0 0 2 0 2 76 192 61 7 38 110 7 36 158 69 12 3 109 221 337 163 393 444 150 25 528 507 306 408 1013 780 1110 947 313 119 45 34 10 9 3 61 55 24 4 9 4 32 169 22 7 30 9 28 2 5 18 12 4 1 10 7 13 28 22 10 64 46 5 0 0 3 7 85 85 0 0 0 0 0 0 0 0 0
1 0 0 3 7 0 0 0 1 13 6 5 18 4 1 0 0 6 2 2 0 41 103 28 28 0 3 14 0 0 0 0 0 0 0 2 1 0 0 16 5 0 0 4 0 0 0 0 0 0 0 0 0 0 3 0 0 0 5 20 17 9 4 15 0 0 0 0 0 1 0 6 4 0 3 0 0 71 183 195 90 40 1 53 43 243 627 271 7 12 113 23 300 708 648 742 424 558 329 614 670 424 9 77 27 11 3 44 288 189 48 18 3 10 12 6 12 91 17 25 92 16 5 7 2 3 2 3 8 35 15 2 66 155 0 0 2 0 8 163 6 3 0 0 0 0 0 0 0 0
140 2 0 0 0 0 0 0 0 1 4 1 0 0 1 4 5 0 1 4 0 1 5 14 7 0 2 7 12 0 0 0 0 0 0 3 0 0 0 2 5 0 0 0 0 0 0 0 0 0 3 0 2 0 82 27 1 95 52 6 1 0 3 13 0 0 0 0 0 0 9 164 32 2 5 4 10 135 327 510 132 102 19 119 165 33 84 326 3 284 1233 1222 1429 925 1008 499 188 247 691 670 578 865 154 61 47 161 39 26 436 227 16 28 41 13 19 9 18 103 133 51 49 106 17 6 4 2 11 0 10 1 4 6 4 0 30 7 13 5 0 42 52 6 0 0 0 0 0 0 0 0
4 13 1 1 0 0 0 0 3 2 1 1 0 0 0 12 33 4 2 2 1 3 4 0 9 0 0 1 0 1 3 0 0 3 1 28 17 0 0 0 1 0 0 0 0 0 0 0 4 6 0 0 0 0 59 211 61 45 4 0 3 1 0 17 0 0 0 0 0 29 167 100 228 166 59 54 121 299 294 369 360 325 322 37 186 160 105 178 69 593 1281 1325 528 1087 489 279 102 954 471 990 576 968 839 654 312 249 106 25 9 1 17 18 41 39 10 0 4 30 134 74 300 647 167 15 3 0 3 0 8 3 1 3 0 0 14 1 0 2 0 3 49 3 0 0 0 0 0 0 0 0
13 9 0 0 0 0 0 0 10 3 11 0 0 0 0 5 0 6 19 114 20 14 2 0 0 0 0 0 0 7 0 136 0 0 17 95 66 43 1 0 0 0 2 0 0 0 0 0 0 12 37 7 0 1 8 115 50 37 20 2 0 0 14 0 0 0 0 0 5 102 139 204 178 112 167 69 109 50 89 454 969 849 403 67 0 222 121 64 5 326 1584 1209 144 545 1113 552 321 1478 685 535 467 548 1136 601 42 172 32 92 3 4 0 2 4 32 12 10 35 3 6 35 253 155 4 13 5 8 1 16 8 0 6 0 5 0 0 0 7 0 0 0 0 2 0 0 0 0 0 0 0 0
4 0 0 2 0 1 0 0 1 11 9 0 0 3 0 0 0 0 0 0 0 4 3 0 0 0 0 0 0 0 4 0 0 1 0 8 5 3 3 0 0 0 0 0 0 0 0 0 0 1 4 3 5 7 0 42 26 1 72 34 4 18 3 1 15 0 0 0 7 122 75 112 279 475 323 159 464 212 384 473 1491 660 1024 967 309 48 8 191 95 167 1480 1286 121 718 1168 666 426 601 683 88 41 344 200 263 44 58 141 16 20 18 47 214 288 52 57 51 1 7 25 32 97 106 4 3 2 6 4 2 0 0 1 0 0 0 0 0 0 42 0 0 0 0 0 0 0 0 0 0 0 0
2 0 0 3 0 0 0 0 1 0 3 0 0 0 0 0 0 0 0 0 0 0 0 0 0 0 0 0 0 1 10 0 0 0 3 2 0 2 99 9 0 0 0 0 0 0 0 0 1 0 0 0 4 20 5 8 0 47 74 75 69 76 67 4 27 58 0 0 13 136 5 5 37 82 111 63 136 128 587 881 886 606 1158 400 200 189 319 437 231 62 793 180 124 698 553 480 330 708 714 255 188 383 421 650 113 129 23 65 186 55 207 366 134 67 32 70 8 0 5 23 26 11 9 4 5 2 14 0 3 0 0 0 0 0 0 0 0 5 0 0 0 0 0 0 0 0 0 0 0 0
15 0 0 0 0 0 0 0 4 9 0 5 0 3 14 0 0 0 0 0 0 0 0 0 0 0 0 0 0 0 1 0 0 0 0 0 0 3 1 1 0 0 0 0 0 0 0 0 0 1 0 0 0 21 0 1 3 12 150 64 366 273 20 8 6 39 3 8 7 46 1 0 1 10 3 23 15 59 195 567 905 1230 716 14 26 16 162 356 238 39 13 45 396 1048 1472 1259 154 417 617 353 424 276 100 275 696 192 363 353 74 109 1077 331 171 23 42 6 0 8 5 14 13 2 18 17 5 1 1 1 1 0 12 4 0 0 0 0 0 0 0 0 0 0 0 0 0 0 0 0 0 0
0 0 0 0 0 0 1 2 12 4 0 0 0 2 0 0 0 0 0 0 0 0 0 0 0 0 0 0 0 0 0 0 0 1 0 0 0 1 2 0 2 0 0 0 0 0 2 1 14 0 3 0 23 16 0 0 0 2 0 36 40 135 42 27 0 3 0 0 0 31 0 0 0 2 0 18 16 134 314 682 908 717 610 374 926 757 479 258 436 231 91 5 16 817 1271 1670 1025 153 115 11 44 189 68 3 142 611 405 252 68 40 609 660 498 78 8 212 293 579 153 56 52 107 42 33 48 58 12 3 3 16 63 28 0 0 1 0 0 0 0 0 0 0 0 0 0 0 0 0 0 0
0 0 14 0 0 0 11 5 2 2 2 3 0 0 0 21 2 0 1 0 0 0 0 0 0 0 0 0 0 0 0 0 0 0 0 6 0 3 0 0 1 6 2 1 0 0 2 12 19 27 19 1 90 5 0 0 0 4 30 30 1 211 10 5 0 0 0 0 2 29 0 0 0 0 1 0 28 37 172 289 542 293 477 259 256 473 322 413 654 494 31 0 13 317 793 969 794 28 26 81 14 28 6 24 141 272 877 391 156 111 519 336 166 105 1 135 341 697 562 268 342 202 255 144 147 390 143 47 105 44 45 81 47 43 49 0 0 0 0 0 0 0 0 0 0 0 0 0 0 0
1 0 1 0 0 0 0 0 10 4 0 0 0 0 0 1 13 11 0 0 0 0 0 0 0 0 0 0 0 0 0 0 0 7 6 0 0 1 4 2 3 3 41 6 10 2 3 0 0 0 0 0 2 3 17 3 4 3 9 137 1 9 0 3 4 6 1 0 2 0 2 2 0 0 0 1 24 26 131 405 504 235 106 65 169 178 60 73 140 503 40 0 1 0 12 186 1611 518 566 27 0 6 12 68 36 57 425 222 30 115 392 359 101 249 77 179 451 400 547 669 487 394 247 122 220 104 1 0 0 32 6 0 115 73 169 2 0 0 0 0 0 0 0 0 0 0 0 0 0 0
0 0 2 0 0 0 4 0 2 1 2 0 0 0 0 0 1 23 9 7 0 13 0 1 0 0 0 0 0 0 1 0 3 0 0 0 4 1 0 0 0 14 59 6 39 0 0 15 0 0 0 0 26 8 4 0 0 0 36 77 1 4 3 0 0 5 1 8 0 2 23 0 0 0 1 39 283 70 143 87 157 258 59 5 27 34 3 0 2 1 1 0 13 43 90 39 913 634 918 570 20 9 66 23 28 15 52 393 595 314 843 1007 213 707 231 70 42 76 1120 1206 219 218 189 2 19 143 15 0 49 23 0 0 45 18 16 0 0 0 0 0 0 0 0 0 0 0 0 0 0 0
0 0 0 0 0 0 3 1 0 5 0 0 0 0 0 0 0 0 86 17 6 7 0 0 0 0 0 0 0 1 15 1 0 0 0 0 0 0 0 0 0 1 1 139 62 0 0 0 5 1 5 58 8 0 0 0 0 0 43 0 31 6 3 1 0 0 37 31 35 12 101 0 1 9 8 314 593 438 261 251 53 388 140 34 36 189 6 7 4 41 9 3 4 50 7 32 277 578 215 331 1 64 402 102 326 66 135 470 409 532 1175 1078 971 520 213 192 269 439 865 413 285 239 2 1 0 41 42 0 14 0 1 0 1 2 0 0 1 0 0 0 0 0 0 0 0 1 0 0 0 0
0 0 0 0 0 0 2 6 12 3 0 0 0 0 0 0 0 0 3 29 20 0 0 1 1 2 0 0 0 0 1 0 0 0 0 0 0 0 0 0 0 0 0 9 40 1 0 0 1 16 9 121 0 0 18 3 8 5 42 41 114 41 6 31 20 218 129 157 535 462 76 3 30 62 223 789 1869 1123 438 72 1 126 52 3 15 35 125 22 0 38 15 14 1 5 1 5 56 322 189 426 12 75 686 619 1418 1278 2028 1259 958 968 1247 797 741 596 464 264 154 118 82 119 164 147 78 24 0 23 70 8 13 13 10 0 0 0 0 0 0 0 0 0 0 0 0 0 0 0 0 0 0 0
0 0 0 0 0 0 39 38 15 5 3 0 0 0 0 0 0 0 0 4 0 33 6 5 0 1 0 0 1 3 0 0 0 0 0 0 0 0 0 0 0 0 0 3 16 20 0 0 0 37 74 99 6 4 1 7 62 131 16 113 33 37 4 37 29 99 230 80 84 162 247 99 152 254 833 845 1434 683 187 53 6 9 0 0 0 0 26 121 11 92 5 17 0 0 6 40 42 23 11 9 19 0 1121 764 595 631 1129 346 510 1161 1675 1199 1512 450 448 115 40 191 139 116 77 9 167 414 83 107 31 0 3 14 0 0 1 0 27 4 0 0 0 0 0 0 0 0 0 0 0 0 0 0
0 0 0 0 0 0 1 6 3 0 0 0 2 0 0 2 4 4 0 0 2 0 15 41 24 10 6 0 3 1 0 0 0 0 0 0 0 0 0 0 2 0 0 0 0 16 2 0 0 38 45 12 1 28 19 108 112 148 97 34 4 6 0 0 2 1 0 0 0 0 4 3 84 133 368 427 562 443 114 0 0 0 4 0 0 0 2 76 129 8 1 0 23 0 1 200 65 0 2 99 20 338 841 745 705 188 487 223 311 698 852 436 1028 633 544 145 70 71 155 4 0 4 30 75 40 463 4 7 2 0 0 0 0 0 0 15 0 0 0 0 0 0 0 0 0 0 0 0 0 0
0 0 0 1 0 1 1 5 0 0 0 0 2 0 1 0 0 4 0 3 2 3 1 3 18 3 8 37 4 1 1 0 0 0 0 1 6 0 0 0 0 0 1 5 2 53 60 6 4 45 49 49 7 191 164 47 51 74 477 34 1 17 0 0 1 4 44 97 3 80 249 12 183 19 123 205 64 207 34 16 1 0 5 2 0 1 0 6 72 13 0 21 88 97 10 5 0 0 317 595 195 127 330 143 187 666 183 183 483 357 227 365 110 139 248 39 145 183 28 4 0 2 1 19 81 713 319 30 8 0 0 0 0 0 0 0 0 0 0 0 0 0 0 0 0 0 0 0 0 0
0 0 3 2 1 3 0 0 0 0 0 0 1 1 0 3 3 0 0 4 0 4 6 2 8 1 61 55 21 0 0 0 0 0 1 10 6 0 0 0 0 0 1 6 28 27 21 2 27 479 148 32 32 29 9 76 184 118 46 36 72 20 9 1 0 1 8 1 4 30 31 37 66 21 12 160 149 60 26 31 21 0 1 17 0 12 30 15 8 11 9 138 61 216 22 1 0 32 209 36 149 338 92 41 94 130 156 406 542 2 3 333 7 334 70 0 12 17 0 0 0 0 5 11 47 224 210 266 27 1 0 0 0 0 0 0 0 0 0 0 0 0 0 0 0 0 0 0 0 0
0 0 0 1 1 0 0 0 0 0 0 0 1 0 1 0 3 2 0 0 1 9 82 3 2 7 0 16 175 10 0 1 1 1 0 0 0 0 0 0 0 4 7 24 82 138 162 18 5 238 63 7 5 6 84 16 31 95 3 0 0 3 0 0 0 15 1 1 9 16 64 59 11 0 0 60 11 0 8 1 16 0 1 10 0 21 17 1 5 7 9 50 9 3 0 19 0 15 15 3 593 987 676 199 71 276 141 404 211 1 0 1 2 184 50 0 0 0 0 0 0 0 1 6 11 10 17 151 9 1 0 0 0 0 0 0 0 0 0 0 0 0 0 0 0 0 0 0 0 0
0 0 0 0 3 0 19 0 0 0 0 0 0 0 0 0 0 0 7 2 0 1 13 7 0 17 5 6 0 6 3 8 11 0 0 0 0 0 0 2 5 4 25 19 18 20 23 48 140 386 314 222 22 57 14 2 92 1 3 0 0 15 27 9 205 95 15 0 4 27 160 23 7 0 8 144 195 128 13 28 13 8 14 6 0 0 5 2 19 13 16 0 0 0 2 0 0 2 291 437 1054 901 440 165 1 25 159 182 3 0 0 0 0 14 0 0 0 0 0 0 0 0 2 4 0 0 45 146 0 0 0 0 0 0 0 0 0 0 0 0 0 0 0 0 0 0 0 0 0 0
0 0 0 0 0 0 0 0 0 0 0 0 0 14 1 2 1 0 0 0 0 1 7 5 4 1 2 0 0 0 10 67 11 5 1 0 0 17 0 0 143 21 2 0 0 0 4 13 323 892 406 272 28 1 1 6 0 1 0 1 5 8 4 0 14 16 15 7 6 48 31 30 23 0 1 10 163 139 66 144 11 64 11 34 4 5 13 6 194 58 16 5 1 5 5 13 16 2 134 293 265 70 54 0 7 19 142 106 28 0 0 0 16 150 0 0 0 0 0 0 0 0 1 0 0 67 44 1 0 13 6 0 0 0 0 0 0 0 0 0 0 0 0 0 0 0 0 0 0 0
0 0 0 0 0 0 0 0 0 0 0 0 0 0 4 0 0 0 0 0 0 2 4 0 0 0 0 0 0 0 3 6 43 20 2 0 158 128 35 19 2 0 0 0 0 0 22 21 49 491 294 176 15 1 0 2 0 4 6 2 2 0 0 0 16 2 29 9 0 10 21 48 59 3 6 2 14 62 25 41 1 82 34 0 3 32 8 0 0 0 5 6 4 4 0 0 3 0 3 1 5 0 15 37 92 83 80 66 121 117 49 13 41 0 0 0 0 0 0 0 0 0 0 5 22 193 114 0 0 0 6 0 0 0 0 0 0 0 0 0 0 0 0 0 0 0 0 0 0 0
0 0 0 0 0 0 0 0 0 0 0 0 0 1 0 0 0 5 0 0 11 0 1 0 0 1 0 0 0 4 1 5 4 13 5 9 18 57 10 1 0 0 0 0 19 126 32 63 6 192 146 39 2 5 6 7 8 25 1 0 0 0 0 0 0 1 2 1 0 0 1 3 174 88 9 10 0 0 0 1 0 20 134 147 4 0 5 0 0 0 0 5 3 5 0 0 1 0 0 6 7 3 2 79 57 20 29 9 7 37 0 69 77 0 0 0 0 0 0 0 0 0 0 23 11 20 28 96 6 0 0 0 0 0 0 0 0 0 0 1 0 0 0 0 0 0 0 0 0 0
0 0 0 0 0 0 0 0 0 0 0 0 0 2 0 0 0 0 0 0 1 0 1 0 0 0 2 0 0 4 0 1 5 19 71 0 1 133 0 0 0 0 0 21 63 26 118 9 10 30 104 36 45 12 49 7 1 2 2 2 0 0 0 0 3 0 0 18 7 6 2 2 8 222 46 44 0 0 0 0 0 7 15 76 23 11 0 0 0 2 3 4 0 1 0 0 14 1 0 9 16 6 3 15 576 0 0 8 0 0 0 4 5 0 0 8 6 0 1 0 0 0 7 1 0 57 79 30 0 0 2 0 0 0 0 0 0 0 0 0 0 0 0 0 0 0 0 0 0 0
0 0 0 0 0 0 0 0 0 0 0 0 0 1 6 0 0 1 4 0 0 12 0 4 0 0 0 0 0 0 0 0 7 29 18 0 0 32 1 0 0 0 2 12 92 12 0 3 15 15 63 30 0 3 0 0 0 0 0 0 2 1 0 0 34 3 0 7 5 5 5 35 1 24 1 10 10 2 0 0 2 4 0 15 0 16 3 20 3 4 0 1 5 2 24 4 1 3 2 4 16 15 6 103 233 194 0 10 0 0 1 1 18 7 39 4 0 0 0 0 2 1 0 0 0 62 23 46 0 0 0 0 0 0 0 0 6 41 0 0 0 0 0 0 0 0 0 0 0 0
0 0 0 0 0 0 0 0 0 0 0 0 0 0 6 1 0 2 2 0 4 4 2 2 0 0 0 26 4 0 0 12 2 5 15 8 1 1 5 5 0 1 2 22 79 17 7 1 0 1 14 56 2 2 0 3 0 0 0 0 0 1 0 2 8 0 0 1 2 2 16 15 0 4 0 2 31 7 0 0 0 0 19 3 11 2 15 14 2 2 8 1 1 0 3 10 0 5 0 1 4 22 3 11 23 378 23 5 0 0 0 0 0 8 8 13 2 0 5 7 0 0 0 0 57 133 14 16 0 0 0 0 0 0 3 0 2 19 0 0 0 0 0 0 0 0 0 0 0 0
0 0 0 0 0 0 0 0 2 0 0 0 0 0 4 2 17 37 1 0 3 15 8 0 0 0 0 1 4 7 22 3 0 24 10 0 0 6 12 33 94 67 26 100 347 8 8 0 5 0 1 27 41 8 0 3 0 0 0 0 0 0 0 0 1 0 0 2 9 33 93 54 3 6 0 1 2 18 0 0 0 0 0 0 0 0 0 11 13 4 13 0 8 0 3 0 0 0 0 0 0 12 14 7 33 891 616 52 4 0 0 0 0 0 0 2 36 127 52 6 0 0 0 28 83 35 80 301 358 15 0 0 0 0 2 5 6 5 0 0 0 0 0 0 0 0 0 0 0 0
0 0 0 0 0 1 0 0 1 3 1 0 7 2 10 6 24 62 1 5 1 1 5 0 0 0 0 6 55 7 2 3 9 1 5 13 5 129 67 250 464 819 346 238 105 12 0 0 6 1 1 5 43 26 1 0 0 0 0 0 0 3 0 0 0 0 1 1 0 0 13 27 18 0 41 63 3 44 2 0 1 3 6 0 11 0 0 0 22 8 5 4 3 17 7 37 17 0 0 0 1 213 8 27 221 401 442 369 15 0 0 0 0 2 0 1 250 73 15 0 0 0 14 37 261 114 745 450 122 95 0 0 3 30 1 12 0 0 0 0 0 0 0 0 0 0 0 0 0 0
0 0 0 0 0 0 0 1 6 14 19 68 92 3 0 0 5 8 1 0 1 1 8 38 15 19 13 5 2 6 10 1 1 1 81 16 4 4 249 274 537 942 570 621 69 4 1 6 1 0 2 3 77 59 16 5 0 0 0 0 0 0 0 0 0 0 0 0 2 0 0 1 0 0 0 0 0 9 19 0 0 0 2 3 15 0 0 0 5 2 0 2 7 28 8 23 2 0 0 1 0 0 12 8 8 60 7 150 33 0 0 0 1 0 115 156 491 389 81 31 33 41 8 168 318 99 278 601 451 516 74 52 11 119 4 1 0 0 0 0 0 0 0 0 0 2 0 0 0 0
0 0 0 0 0 0 0 1 4 7 8 5 1 0 8 2 0 1 13 15 0 27 143 24 0 0 0 0 1 11 20 7 0 1 13 6 21 65 58 93 808 335 505 168 35 1 4 5 2 10 2 3 16 1 7 2 0 0 0 0 0 0 0 0 0 0 0 0 10 0 0 1 0 0 0 1 2 6 5 1 41 27 8 4 27 0 0 0 148 90 5 0 8 17 0 1 1 6 2 1 2 1 1 3 4 0 0 13 64 2 1 5 7 0 115 915 954 628 162 211 137 80 57 12 0 2 18 181 14 27 25 220 530 49 43 7 0 0 0 0 0 0 0 0 0 2 0 0 0 0
0 0 0 0 0 0 5 1 0 3 6 11 2 2 0 6 0 2 34 45 257 339 23 0 0 0 0 2 7 24 5 7 36 37 22 2 14 5 0 93 371 381 361 216 156 21 19 0 7 17 6 0 9 2 16 2 1 0 0 0 0 0 0 0 0 0 0 0 0 0 1 0 0 0 0 0 0 4 11 0 33 22 47 140 24 1 0 0 0 1 0 0 8 4 0 1 22 3 0 1 2 0 1 0 5 9 4 13 301 236 413 520 206 216 435 923 581 345 82 442 69 196 5 3 82 22 59 88 16 0 12 175 318 75 81 6 0 0 0 0 0 0 0 0 0 1 0 0 0 0
0 0 0 0 0 0 0 12 0 3 1 4 5 16 0 25 21 21 21 18 53 0 0 0 0 0 0 0 2 29 13 20 3 6 7 57 2 2 5 18 39 92 25 15 0 0 4 0 0 0 2 2 37 1 5 5 3 6 4 0 0 0 0 0 0 0 0 0 0 0 0 0 0 0 0 9 2 18 13 1 0 9 16 1 0 0 0 0 5 2 6 1 0 15 4 7 9 0 0 0 4 0 0 0 0 3 6 22 192 43 220 100 146 462 1093 641 342 371 103 486 83 9 0 11 20 53 47 0 0 0 92 391 1 0 6 0 0 0 0 0 0 0 0 0 0 3 0 0 0 0
1 0 1 1 0 10 17 12 6 1 0 0 0 12 73 3 2 0 37 38 28 0 0 0 0 0 0 0 0 14 75 1 12 2 11 2 1 2 4 2 13 15 1 1 3 0 0 0 2 1 2 4 187 9 16 42 20 0 4 0 0 0 0 0 0 0 0 0 0 0 0 0 0 0 0 0 2 3 2 0 0 0 4 0 0 0 0 0 1 0 0 0 6 49 7 0 10 6 0 2 4 0 0 2 0 1 12 139 122 28 1 13 304 515 308 363 242 272 108 379 374 24 0 0 0 0 1 0 0 0 3 73 38 0 0 0 0 0 0 0 0 0 0 0 0 2 0 0 0 0
0 0 0 3 3 1 11 52 0 1 2 0 18 106 4 5 30 30 8 0 1 7 6 0 1 4 0 24 40 9 52 40 12 0 0 5 1 1 3 0 15 17 3 0 4 0 2 0 0 0 0 33 167 81 2 21 1 0 0 0 0 0 0 0 0 0 0 0 0 0 0 0 0 0 0 0 7 11 4 0 0 0 2 0 0 0 0 1 10 2 12 3 27 50 6 19 2 5 0 5 6 0 0 0 0 1 2 109 690 11 0 0 2 0 2 2 1 31 434 1101 65 0 0 0 0 4 3 0 0 0 0 15 58 4 0 0 0 0 0 0 0 0 0 0 0 6 0 0 0 0
2 3 1 22 2 1 19 61 6 6 8 22 22 0 2 158 36 25 0 5 0 0 4 1 10 49 36 12 1 1 11 10 8 3 4 2 23 0 8 1 23 8 0 2 1 0 2 0 0 0 0 86 6 50 40 2 6 0 3 1 0 0 0 0 0 0 0 0 0 0 0 0 0 0 0 0 5 34 5 0 0 0 4 0 0 0 0 1 17 0 8 0 4 34 1 0 0 1 14 11 0 1 4 6 6 25 76 248 274 0 0 0 0 0 11 0 0 7 270 418 295 111 0 0 6 58 0 0 0 63 74 40 69 3 0 0 0 0 0 0 0 0 0 0 0 5 0 0 0 0
0 1 0 0 0 21 3 0 0 17 86 13 4 2 11 55 35 47 8 0 0 0 4 4 0 14 18 0 0 2 0 0 1 0 7 2 0 0 0 8 2 16 14 4 8 0 3 3 0 0 5 71 73 52 44 16 3 0 0 0 0 0 0 0 0 0 0 0 0 0 0 0 0 0 1 0 0 26 110 3 0 14 0 0 0 0 4 67 14 0 23 4 11 12 4 1 1 9 7 12 53 19 15 5 3 26 81 15 174 176 0 0 0 26 269 78 270 633 173 200 805 292 0 16 337 41 0 0 0 196 182 0 0 0 0 0 0 0 0 0 0 0 0 0 0 0 0 0 0 0
0 0 2 0 0 1 5 10 9 2 6 97 14 6 0 0 1 8 2 1 2 0 3 7 16 3 4 1 40 4 0 0 1 1 0 0 1 0 3 1 0 19 31 15 2 11 10 3 0 0 0 106 29 1 2 2 1 0 2 0 0 0 0 0 0 0 0 0 0 0 0 0 0 0 0 1 0 6 47 11 0 1 0 0 0 0 2 27 1 2 9 0 1 5 0 0 0 0 4 0 0 1 5 8 11 0 23 28 75 22 0 0 1 1 171 688 1033 485 50 77 127 193 342 358 157 11 0 2 11 417 232 0 0 0 0 0 0 0 0 0 0 0 0 0 0 1 1 0 0 0
0 0 6 0 0 3 9 10 2 0 4 60 0 1 0 2 0 0 2 7 5 0 1 1 0 1 2 5 2 0 0 0 0 0 0 0 0 0 23 2 0 1 0 3 1 0 0 2 0 0 5 93 5 3 2 0 5 0 3 6 0 0 0 0 0 0 0 0 0 0 0 0 0 0 0 0 1 10 84 62 14 23 27 2 0 0 3 0 0 0 0 0 2 6 2 0 0 0 0 19 1 1 2 3 4 3 7 6 107 0 0 9 36 36 50 45 3 63 518 214 34 179 863 471 547 269 165 254 1243 1820 946 63 0 0 0 0 0 0 0 0 0 1 0 0 1 0 0 0 0 0
0 1 1 0 0 7 14 1 0 12 30 9 0 25 6 6 1 1 0 0 2 0 0 0 0 13 15 1 0 0 0 0 1 2 1 0 0 0 2 17 0 2 2 0 0 1 14 0 0 5 7 385 50 4 5 28 0 1 1 4 0 0 0 0 0 0 0 0 0 0 0 0 0 0 1 0 2 36 66 0 2 48 32 0 0 0 0 0 4 3 3 22 21 8 7 23 8 0 12 2 8 0 5 10 8 13 12 3 180 54 3 20 26 3 4 10 2 384 433 500 664 788 976 843 1429 1371 964 1107 1144 763 1194 15 0 0 0 0 0 0 0 0 0 0 1 0 0 1 0 0 0 0
0 0 0 0 12 8 0 0 20 9 1 3 0 1 0 21 0 2 0 0 0 0 0 0 0 5 14 0 2 0 1 1 3 0 4 4 2 5 3 0 0 0 3 0 0 1 3 0 3 22 576 566 9 85 7 6 3 11 0 10 3 3 0 0 0 0 0 0 0 0 0 0 0 0 0 0 1 0 8 1 0 8 1 0 0 0 0 0 4 2 0 3 46 0 0 1 0 0 27 4 11 3 95 2 35 7 36 67 5 20 16 14 28 45 12 18 1 76 489 1298 1551 767 283 786 1403 1315 248 712 770 31 214 156 0 0 0 0 0 0 0 0 0 0 0 0 0 1 0 0 0 0
4 10 0 13 11 2 1 0 27 5 15 2 4 4 2 1 0 3 0 0 0 0 0 0 8 4 0 0 0 0 1 39 16 2 0 2 2 0 3 1 0 1 0 0 0 0 1 0 1 24 791 798 534 761 54 32 5 4 10 8 0 0 0 0 0 0 0 0 0 0 0 0 0 1 2 0 0 0 0 35 0 2 1 0 0 0 0 13 62 0 0 15 26 0 0 0 0 0 2 2 23 0 64 52 22 141 506 49 6 0 8 10 3 20 5 40 17 11 94 658 427 565 340 1837 1607 876 202 217 60 534 2046 769 0 0 0 1 0 0 0 0 0 0 0 0 0 2 0 0 0 0
4 5 0 38 1 0 27 14 48 2 6 70 0 3 0 0 0 0 0 0 0 0 0 0 1 0 4 0 0 0 3 14 12 5 0 1 4 0 0 0 0 0 0 1 0 1 17 0 0 16 226 534 796 412 167 73 7 2 2 3 4 0 1 0 0 0 0 0 0 0 0 0 0 0 1 0 0 0 0 49 7 12 12 0 0 0 0 13 74 2 4 13 134 0 0 0 0 0 0 4 10 35 54 115 47 15 12 30 0 0 0 6 3 1 3 10 16 13 7 47 464 257 285 596 1269 1075 894 459 480 1149 499 421 6 0 4 0 0 0 0 0 0 0 0 0 0 0 0 0 0 0
4 10 10 14 10 10 11 35 8 0 1 4 2 0 0 0 0 0 0 0 0 0 1 0 0 0 0 0 0 1 4 0 0 0 0 0 1 5 1 0 0 0 0 0 0 7 10 9 6 4 16 317 372 56 49 15 7 1 2 0 1 2 0 0 0 0 0 0 0 0 0 0 0 0 0 0 0 0 2 0 14 3 0 0 0 1 25 58 43 4 3 137 192 157 6 0 0 0 0 37 115 9 64 266 31 3 12 7 19 2 0 0 6 6 3 5 18 30 62 52 109 676 575 388 356 787 951 1398 239 199 155 105 0 0 0 0 0 0 0 0 0 0 0 0 0 0 0 0 0 0
1 2 30 0 3 2 19 61 11 14 7 4 4 0 0 0 0 0 0 0 0 0 0 1 1 0 0 0 4 0 0 0 0 0 0 1 0 0 0 0 0 0 0 0 0 2 0 0 4 17 3 51 90 31 14 1 0 75 68 2 0 0 1 0 0 0 0 0 0 0 0 0 0 0 0 0 0 0 0 0 0 8 23 32 16 23 4 1 12 42 146 111 91 5 12 16 0 6 32 52 75 301 286 566 353 56 15 7 6 6 0 0 0 3 5 0 10 104 185 470 753 670 1474 1575 994 317 1678 2414 1577 0 0 1 0 0 0 0 0 0 0 0 0 0 0 0 0 0 0 0 0 0
5 40 22 0 8 22 21 32 6 2 2 0 0 1 0 0 0 0 0 0 0 0 1 1 0 0 0 3 6 0 0 0 11 1 0 0 0 0 0 0 5 0 0 0 0 0 0 0 4 3 0 16 56 4 13 0 0 2 107 14 0 0 0 0 0 0 0 0 0 0 0 0 0 0 0 0 0 0 0 0 7 11 74 2 0 1 34 10 18 62 159 123 128 9 62 105 5 2 0 6 130 279 585 252 187 88 1 47 5 12 15 1 0 1 9 2 8 324 685 668 592 17 32 160 217 321 785 877 408 4 169 5 0 0 0 0 0 0 0 0 0 0 0 0 0 0 0 0 0 0
21 2 152 2 54 268 81 11 1 6 3 3 0 3 0 2 3 0 0 2 3 1 0 0 0 0 0 1 0 0 0 0 0 2 0 0 0 0 0 0 3 2 1 0 4 0 0 0 6 4 0 9 31 0 2 2 0 1 2 50 5 0 4 0 0 0 0 0 0 0 0 0 0 0 0 0 0 0 0 6 55 39 0 1 45 1 159 116 4 2 6 10 65 7 0 0 0 0 0 9 11 52 837 248 173 265 51 12 4 4 16 19 0 0 1 19 387 470 109 27 0 0 0 0 90 449 220 459 736 19 50 35 0 0 0 0 0 0 0 0 0 0 0 0 0 0 0 0 0 0
18 44 75 133 433 526 216 27 12 0 0 0 3 0 5 0 0 0 0 0 0 7 0 0 0 0 0 0 0 0 0 0 0 0 0 1 0 2 0 0 0 3 1 14 6 9 0 13 3 0 0 15 14 6 0 1 2 0 27 4 2 5 0 0 0 0 0 0 0 0 0 0 0 0 0 0 0 0 11 40 8 0 0 2 10 3 58 151 33 0 0 0 0 0 0 0 0 0 0 0 0 155 677 165 193 408 9 5 3 17 10 4 1 0 9 89 238 12 19 60 0 0 0 0 8 392 327 601 300 16 84 8 0 0 0 0 0 0 0 0 0 0 0 0 0 0 0 0 0 0
0 259 377 925 469 286 187 45 2 0 2 5 1 0 1 2 0 0 1 1 2 3 0 0 2 0 0 1 2 0 0 0 0 0 0 0 0 0 0 0 2 18 0 1 2 0 0 21 57 1 0 0 20 0 0 1 3 1 0 0 0 11 0 0 0 0 0 0 0 0 0 0 0 0 0 0 0 18 7 0 0 0 0 0 0 0 79 34 2 0 11 0 0 0 0 0 0 0 0 0 7 69 15 13 128 184 0 0 3 2 34 6 12 31 18 2 7 3 11 21 32 44 2 0 22 113 70 211 84 0 0 0 0 0 0 0 0 0 0 0 0 0 0 0 0 0 0 0 0 0
1 7 392 208 132 147 41 27 5 0 0 2 0 0 0 0 0 1 1 6 0 4 0 0 1 1 0 0 3 6 1 0 1 2 2 0 0 1 0 0 0 0 0 1 0 1 0 1 4 7 0 0 0 0 0 6 0 0 0 0 0 0 1 0 0 0 0 0 0 0 0 0 0 0 0 0 7 6 0 0 0 0 0 0 0 0 153 38 14 22 32 0 0 0 12 28 0 0 0 524 756 156 407 328 18 139 71 7 0 1 5 44 24 2 0 2 0 4 21 46 138 97 219 280 163 83 3 1 0 1 0 0 0 0 0 0 0 0 0 0 0 0 0 0 0 0 0 0 0 0
19 30 55 80 179 34 2 4 0 2 15 1 0 0 0 0 1 0 0 0 4 90 1 0 0 1 0 1 4 3 0 0 0 0 0 0 0 0 0 0 0 0 0 0 0 36 7 0 0 0 0 0 0 0 0 13 0 0 0 0 0 0 0 0 0 0 0 0 0 0 0 0 0 0 0 0 17 7 0 0 0 0 0 0 0 4 31 3 1 24 25 0 0 0 51 103 68 5 174 1392 602 516 271 32 0 42 96 109 2 10 57 0 0 0 0 0 1 5 78 54 190 22 67 132 25 85 62 7 87 25 31 0 0 0 0 0 0 0 0 0 0 0 0 0 0 0 0 0 0 0
36 17 24 8 0 0 0 0 1 0 0 0 2 0 0 0 0 0 0 1 0 4 23 1 0 0 0 0 0 8 2 0 1 2 7 0 0 0 0 0 0 0 0 1 1 9 2 4 0 0 3 0 0 1 90 24 0 0 0 0 0 0 0 0 0 0 0 0 0 0 0 0 0 0 31 13 5 0 0 0 0 0 0 0 0 0 97 1 0 0 68 8 7 7 130 277 141 10 105 118 14 6 74 24 8 4 0 116 494 186 3 0 0 3 30 0 0 6 7 4 41 1 20 10 73 69 179 61 372 62 78 0 0 0 0 0 0 0 0 0 0 0 0 0 0 0 0 0 0 0
46 0 16 4 0 0 3 0 0 0 0 2 0 1 0 0 0 0 0 0 1 3 0 1 0 0 0 0 0 0 18 51 0 0 2 0 0 0 0 0 1 0 0 1 1 3 0 0 0 0 1 6 0 1 24 1 0 0 0 0 0 0 0 0 0 0 0 0 0 0 0 0 0 0 12 52 0 0 0 0 0 0 0 0 0 0 92 51 163 69 87 19 14 19 3 66 14 2 0 3 1 4 6 0 5 3 141 242 207 34 7 0 4 0 5 0 0 14 3 0 4 10 6 13 6 287 166 214 223 257 51 2 0 0 0 0 0 0 0 0 0 0 0 0 0 0 0 0 0 0
0 1 0 6 0 0 0 0 0 0 0 0 0 0 0 0 0 2 0 3 0 0 1 0 0 0 0 0 3 0 2 0 0 4 1 0 0 0 0 0 0 0 0 0 0 13 0 0 0 0 0 2 3 45 8 4 1 0 0 0 0 0 0 0 0 0 0 0 0 0 0 4 11 16 5 0 0 0 0 0 0 0 0 0 0 0 3 0 110 5 0 0 0 0 3 23 2 0 5 0 0 1 0 7 16 316 779 386 98 73 0 0 0 0 0 0 0 0 151 23 2 35 0 46 12 13 144 66 17 93 12 34 0 0 0 0 0 0 0 0 0 0 0 0 0 0 0 0 0 0
1 0 1 0 0 0 0 0 0 0 0 0 0 0 0 0 0 0 1 0 0 0 0 7 0 0 0 8 0 0 0 0 0 0 1 0 0 0 0 0 0 0 0 0 0 0 0 0 0 0 6 2 2 86 10 3 125 0 0 0 0 0 0 0 0 0 0 0 0 0 4 15 12 0 0 0 0 0 0 0 0 0 0 0 0 0 5 0 4 3 0 0 3 31 1 1 2 0 3 1 0 8 1 0 44 96 179 65 71 151 0 0 0 0 0 0 0 0 3 9 1 43 5 125 133 42 244 79 68 47 4 0 0 0 0 0 0 0 0 0 0 0 0 0 0 0 0 0 0 0
0 0 0 0 12 32 1 0 0 0 0 0 0 0 0 0 0 1 0 2 0 0 0 0 0 0 3 0 0 0 0 0 0 0 0 0 0 0 0 0 0 0 7 1 0 1 0 0 0 0 10 0 5 2 2 1 18 2 0 0 0 0 0 0 0 0 0 1 6 8 4 0 0 0 0 0 0 0 0 0 0 0 0 0 0 0 1 0 6 0 0 30 171 44 1 1 0 0 0 2 2 4 18 17 190 43 1 13 5 11 13 0 0 0 0 0 0 0 0 0 19 13 4 25 0 0 0 409 7 3 7 0 0 0 0 0 0 0 0 0 0 0 0 0 0 0 0 0 0 0
0 0 0 0 55 24 0 0 0 0 0 0 0 0 1 0 0 4 2 0 0 0 0 0 0 0 1 0 5 0 4 0 0 0 0 1 0 0 0 2 0 0 0 6 2 4 0 0 0 6 1 0 0 5 0 1 10 1 0 0 0 0 0 0 0 0 1 0 7 8 0 0 0 0 0 0 0 0 0 0 0 0 0 0 0 0 0 0 42 34 216 310 162 26 0 0 2 1 0 57 64 315 322 89 26 38 8 0 0 7 6 0 0 0 0 0 0 0 0 0 1 0 0 0 0 85 449 98 0 0 0 0 0 0 0 0 0 0 0 0 0 0 0 0 0 0 0 0 0 0
0 0 0 0 1 5 0 0 0 0 0 0 0 1 0 0 1 1 0 0 0 0 0 0 0 0 2 0 0 8 0 0 0 0 1 1 0 0 0 0 0 0 0 0 3 8 0 0 0 3 0 0 0 5 2 0 0 2 0 0 0 0 0 0 0 0 0 0 19 6 0 0 0 0 0 0 0 0 0 0 0 0 0 0 7 1 1 0 33 122 365 148 73 29 0 4 1 6 3 110 178 117 118 31 0 0 4 0 0 0 8 0 0 0 0 0 0 0 0 0 0 33 81 0 0 140 117 2 0 0 0 0 0 0 0 0 0 0 0 0 0 0 0 0 0 0 0 0 0 0
0 0 0 0 0 12 0 0 0 0 0 1 23 7 0 0 0 0 2 1 0 0 0 0 0 8 0 1 0 19 0 0 0 0 1 1 0 2 0 0 0 0 0 0 1 11 9 0 0 1 5 0 2 18 22 1 0 1 0 0 0 0 0 0 0 0 1 13 249 1 0 0 0 0 0 0 0 0 0 0 0 0 0 0 9 14 101 3 4 22 0 5 12 2 39 0 0 4 82 33 118 0 4 5 2 0 0 3 0 48 46 31 2 0 0 0 0 0 0 0 0 0 0 0 0 35 0 5 1 0 0 0 0 0 0 0 0 0 0 0 0 0 0 0 0 0 0 0 0 0
0 0 0 0 2 0 0 0 0 0 0 0 0 0 1 0 1 1 0 0 0 0 0 0 0 0 0 5 0 3 0 0 0 0 1 1 0 0 1 0 0 0 0 0 0 1 1 3 0 5 0 0 0 11 1 3 2 1 2 0 0 0 0 0 0 0 11 56 11 0 0 1 0 0 0 0 0 0 0 0 0 0 0 4 31 1 1 4 11 22 3 4 48 0 2 14 6 19 37 53 43 26 7 3 7 1 0 50 187 165 155 311 25 6 0 0 0 0 0 0 0 0 0 0 0 0 0 0 0 0 0 0 0 0 0 0 0 0 0 0 0 0 0 0 0 0 0 0 0 0
0 0 0 2 3 0 0 0 0 0 0 0 0 0 0 0 0 0 0 0 0 0 0 0 0 0 0 2 0 0 0 0 0 0 2 0 0 0 1 1 0 0 0 0 0 0 1 1 15 1 0 1 0 3 0 110 111 0 7 1 0 0 0 0 0 10 98 64 1 0 0 2 0 0 0 0 0 0 0 0 0 0 0 48 57 1 1 1 6 175 2 1 4 0 0 5 77 22 5 2 3 0 25 5 6 4 16 2 107 136 386 35 59 4 7 0 0 0 0 0 0 0 0 0 0 0 0 0 0 0 0 0 0 0 0 0 0 0 0 0 0 0 0 0 0 0 0 0 0 0
0 0 0 0 1 0 0 0 0 0 0 1 0 0 0 0 2 0 0 0 0 0 0 1 0 0 0 0 2 1 0 0 0 0 1 0 2 0 0 1 0 0 0 0 0 5 1 5 61 1 1 0 0 2 15 1 7 3 66 8 3 2 3 15 11 3 0 3 1 4 0 0 0 0 0 0 0 0 0 0 0 0 0 0 0 0 0 30 4 1 1 0 0 1 4 158 13 0 0 2 0 0 6 0 36 34 288 753 381 83 22 2 8 27 0 0 0 0 0 0 0 0 0 0 0 0 0 0 0 0 0 0 0 0 0 0 0 0 0 0 0 0 0 0 0 0 0 0 0 0
0 0 1 1 1 41 1 0 0 2 3 3 0 0 0 0 2 0 0 1 0 0 0 0 0 0 0 0 0 0 2 0 0 0 0 0 0 1 8 0 1 0 0 0 5 4 19 13 3 8 0 0 2 9 28 1 0 0 0 5 0 0 0 2 4 0 3 2 0 7 1 11 0 0 0 0 0 0 0 0 0 0 0 0 0 0 0 0 0 7 17 15 0 1 87 11 2 0 0 0 0 3 1 28 117 124 298 441 181 203 132 322 34 7 0 0 0 0 0 0 0 0 0 0 0 0 0 0 0 0 0 0 0 0 0 0 0 0 0 0 0 0 0 0 0 0 0 0 0 0
0 0 0 0 15 55 1 2 0 11 6 1 0 1 0 0 1 0 0 0 0 0 0 0 0 0 0 0 0 0 0 0 0 0 0 0 0 0 0 0 1 1 7 0 1 0 3 8 7 0 5 0 6 2 2 1 4 7 7 5 1 0 0 2 0 2 0 1 1 0 0 0 6 2 0 0 0 0 0 0 0 0 0 0 0 1 0 0 0 0 0 5 18 51 1 12 199 1 0 0 1 0 0 91 170 196 1 0 4 36 0 19 16 0 0 0 0 0 0 0 0 0 0 0 0 0 0 0 0 0 0 0 0 0 0 0 0 0 0 0 0 0 0 0 0 0 0 0 0 0
0 0 0 0 2 0 0 0 4 1 0 0 0 0 0 0 0 0 1 0 0 0 0 0 0 0 0 0 0 0 0 5 0 0 0 0 0 0 0 0 0 2 0 3 0 0 2 1 6 4 0 1 1 0 1 0 1 0 4 3 4 5 1 0 0 0 0 0 0 0 2 6 6 0 0 0 0 0 0 0 0 0 0 0 0 0 0 0 1 0 0 21 66 13 74 79 272 0 0 0 0 0 0 9 31 0 0 0 0 1 43 70 0 0 0 1 0 0 0 0 0 0 0 0 0 0 0 0 0 0 0 0 0 0 0 0 0 0 0 0 0 0 18 16 3 0 0 0 0 0
0 0 2 2 2 0 0 0 0 2 0 0 0 0 1 0 0 0 0 0 0 0 0 0 0 0 0 0 0 0 0 0 0 0 0 0 0 0 0 0 0 0 1 0 0 0 0 0 0 1 3 0 7 5 0 1 0 0 6 13 10 3 0 0 0 0 0 0 0 0 1 2 0 0 0 0 0 0 0 0 0 0 0 0 0 0 0 1 61 29 18 27 244 104 20 1 0 1 0 0 0 0 1 2 5 0 0 0 0 112 168 0 0 0 0 0 0 0 0 0 0 0 0 0 0 0 0 0 0 0 0 0 0 0 0 0 0 0 0 0 0 0 0 6 0 0 0 0 0 0
0 0 0 0 2 0 0 0 0 1 0 0 0 2 0 0 0 0 0 0 0 0 0 0 0 0 0 0 0 0 0 0 0 0 0 0 0 0 0 0 0 0 0 0 1 0 0 0 0 0 12 0 5 0 0 0 0 0 0 7 7 0 0 0 0 0 0 0 0 0 5 1 0 0 0 0 0 0 0 0 0 0 0 0 0 0 0 0 0 13 13 82 375 0 1 7 1 0 0 0 0 0 0 1 0 0 0 2 7 16 51 48 0 0 0 0 0 0 0 0 0 0 0 0 1 0 0 0 0 0 0 0 0 0 0 0 0 0 0 0 0 0 0 0 0 0 0 0 0 0
0 0 0 0 0 0 0 0 0 0 0 0 3 0 0 2 0 0 5 0 0 0 1 0 1 0 0 0 0 0 0 0 0 0 0 0 1 0 0 0 0 0 3 0 0 0 0 0 0 0 1 17 1 0 0 2 6 2 2 14 6 1 0 0 0 0 0 0 0 0 1 46 5 0 0 0 0 0 0 0 0 0 0 0 0 0 0 0 0 2 12 40 8 13 18 1 0 0 0 0 0 0 0 0 0 0 0 0 1 0 0 0 0 0 0 0 0 0 0 0 0 0 0 0 0 0 0 0 0 0 0 0 0 0 0 0 0 0 0 0 0 0 0 0 0 0 0 0 0 0
0 0 0 0 0 0 0 0 0 0 0 0 0 0 0 0 0 1 0 0 0 4 4 28 0 0 0 0 0 0 0 0 0 0 0 0 3 0 0 0 0 0 0 0 0 0 0 0 0 0 0 23 2 2 9 3 0 7 0 0 1 16 7 1 0 0 0 0 0 0 0 11 0 0 3 0 0 0 0 0 0 0 0 0 0 0 0 0 3 8 5 22 24 24 66 0 0 0 0 0 0 0 0 0 0 0 0 0 0 0 0 0 0 0 0 0 0 0 0 0 0 0 0 0 0 0 0 0 0 0 0 0 0 0 0 0 0 0 0 0 0 0 0 0 0 0 0 0 0 0
0 0 0 0 0 0 0 0 0 0 0 0 0 0 0 0 0 0 0 0 0 3 1 6 0 0 0 0 2 0 0 0 0 0 0 0 0 0 0 0 0 0 0 0 0 0 0 0 0 0 6 58 29 2 2 1 0 0 0 1 3 30 76 1 0 0 0 0 0 0 0 0 0 0 12 0 0 0 0 0 0 0 0 0 0 0 0 0 0 4 27 4 1 49 26 18 0 0 2 0 0 0 0 0 0 0 0 0 0 0 0 0 0 0 0 0 0 0 0 0 0 0 0 0 0 0 0 0 0 0 0 0 0 0 0 0 0 0 0 0 0 0 0 0 0 0 0 0 0 0
0 0 0 0 0 0 0 0 0 0 0 0 2 1 0 0 0 0 0 0 0 0 0 0 5 0 0 0 0 0 0 0 0 0 0 0 0 0 0 0 1 0 0 0 0 0 0 0 0 5 10 41 128 9 20 0 0 0 1 0 0 16 0 0 0 0 0 0 0 0 0 0 0 2 0 0 0 0 0 0 0 0 0 0 0 0 0 0 0 0 3 9 28 17 9 3 0 0 0 0 0 0 0 0 0 0 0 0 0 0 0 0 0 0 0 0 0 0 0 0 0 0 0 0 0 0 0 0 0 0 0 0 0 0 0 0 0 0 0 0 0 0 0 0 0 0 0 0 0 0
0 0 0 0 0 0 0 2 1 0 0 0 2 35 1 0 0 1 0 4 0 1 0 0 1 3 0 0 0 0 0 0 0 0 0 0 0 0 0 0 0 0 0 0 0 0 0 0 4 0 1 13 134 1 21 3 0 0 0 0 2 4 5 0 0 0 0 0 0 0 0 0 0 0 0 0 0 0 0 0 0 0 0 0 0 0 0 0 0 0 0 2 7 4 4 0 9 6 0 19 0 0 0 0 0 0 0 0 0 0 0 0 0 0 0 0 0 0 0 0 0 0 0 0 0 0 0 0 0 0 0 0 0 0 0 0 0 0 0 0 0 0 0 0 0 0 0 0 0 0
0 0 0 0 0 0 0 0 1 3 0 0 0 0 1 0 3 0 0 0 0 0 0 3 2 5 0 0 0 0 0 0 0 0 0 1 0 0 0 0 0 0 0 0 0 0 0 5 0 0 1 13 41 0 0 0 0 0 0 0 3 2 0 0 0 0 0 0 0 0 0 0 0 0 0 0 0 0 0 0 0 0 0 0 0 0 0 0 1 0 0 0 0 0 0 2 28 0 5 0 0 0 0 0 0 0 0 0 0 0 0 0 0 0 0 0 0 0 0 0 0 0 0 0 0 0 0 0 0 0 0 0 0 0 0 0 0 0 0 0 0 0 0 0 0 0 0 0 0 0
1 0 1 0 0 0 0 0 0 2 3 0 0 0 0 0 0 1 0 0 0 4 0 0 7 0 0 0 0 0 0 0 0 2 8 1 2 0 0 0 0 0 0 0 0 0 16 7 0 0 0 0 0 0 0 0 0 0 0 0 6 0 0 0 0 0 0 0 0 0 0 0 0 0 0 0 0 0 0 1 0 0 0 0 0 0 0 0 0 0 0 0 0 0 0 13 24 25 0 0 0 0 0 0 0 0 0 0 0 0 0 0 0 0 0 0 0 0 0 0 0 0 0 0 0 0 0 0 0 0 0 0 0 0 0 0 0 0 0 0 0 0 0 3 5 32 0 0 0 0
2 0 0 0 0 0 0 0 0 0 0 0 0 0 0 0 2 0 0 2 1 3 0 0 1 0 0 0 0 0 0 1 0 2 0 0 0 3 0 0 0 0 0 0 2 1 0 0 0 0 0 0 0 0 0 0 0 0 0 0 1 0 0 0 0 0 0 0 0 0 0 2 10 0 0 0 0 0 0 0 0 0 0 0 0 0 0 0 0 0 0 0 0 0 0 7 5 1 0 2 2 1 0 0 0 0 0 0 0 0 0 0 0 0 0 0 0 0 0 0 0 0 0 0 0 0 0 0 0 0 0 0 0 0 0 0 0 0 0 0 0 0 0 0 0 0 0 0 0 0
0 0 0 0 0 0 0 0 0 0 0 1 0 0 0 0 0 0 0 0 0 0 0 0 0 0 0 0 0 0 0 2 0 0 0 0 0 0 0 0 0 0 0 0 8 0 0 0 0 0 0 0 0 0 0 0 0 0 0 0 4 0 0 0 0 0 0 0 0 0 14 38 0 0 0 0 0 0 0 0 0 0 0 0 0 0 0 0 0 0 0 0 0 0 8 0 0 0 0 3 0 17 0 0 0 0 0 0 0 0 0 0 0 0 0 0 0 0 0 0 0 0 0 0 0 0 0 0 0 0 0 0 0 0 0 0 0 0 0 0 0 0 0 0 0 0 0 0 0 0
0 0 0 0 0 0 0 0 0 0 3 1 3 0 0 4 2 1 0 0 0 0 0 0 0 0 0 0 0 0 0 0 0 0 0 0 0 0 0 0 0 0 0 0 4 0 0 0 0 0 0 0 0 0 0 0 0 0 0 1 2 0 0 0 0 0 0 0 0 0 11 3 0 0 0 0 0 0 0 0 0 0 0 0 0 0 0 0 0 0 0 0 0 0 1 6 12 0 0 0 0 0 0 0 0 0 0 0 0 0 0 0 0 0 0 0 0 0 0 0 0 0 0 0 0 0 0 0 0 0 0 0 0 0 0 0 0 0 0 0 0 0 0 0 0 0 0 0 0 0
3 0 0 0 0 1 3 1 2 3 0 3 21 4 6 24 10 8 0 0 0 0 0 0 0 0 0 0 0 0 0 0 0 0 0 0 1 0 0 0 0 0 0 4 0 0 0 0 0 0 0 0 0 0 0 0 0 0 0 2 0 0 0 0 0 0 0 0 58 0 0 0 0 0 0 0 0 0 0 0 0 0 0 0 0 0 0 0 0 0 0 0 0 0 0 0 3 1 1 5 0 0 0 0 0 0 0 0 0 0 0 0 0 0 0 0 0 0 0 0 0 0 0 0 0 0 0 0 0 0 0 0 0 0 0 0 0 0 0 0 0 0 0 0 0 0 0 0 0 0
0 0 0 0 1 1 0 0 0 1 0 0 6 0 0 0 2 4 8 0 0 0 0 0 0 0 0 0 0 0 0 0 1 0 0 1 1 1 7 1 0 0 25 3 0 0 0 0 0 0 0 0 0 0 0 0 0 0 0 0 37 9 0 0 0 0 0 4 114 102 3 0 0 0 0 0 0 0 0 0 0 0 0 0 0 0 0 0 0 0 0 0 0 0 0 0 1 0 0 0 0 0 0 0 0 0 0 0 0 0 0 0 0 0 0 0 0 0 0 0 0 0 0 0 0 0 0 0 0 0 0 0 0 0 0 0 0 0 0 0 0 0 0 0 0 0 0 0 0 0
2 5 5 4 2 0 0 0 0 0 0 3 51 10 0 3 18 1 6 3 0 0 0 48 1 3 0 0 0 3 3 1 0 0 3 4 13 3 2 0 0 1 76 0 0 0 0 0 0 0 0 0 0 0 0 0 0 0 0 0 0 0 0 2 101 49 18 0 0 0 0 0 0 0 0 0 0 0 0 0 0 0 0 0 0 0 0 0 0 0 0 0 0 0 0 0 0 0 0 0 0 0 0 0 0 0 0 0 0 0 0 0 0 0 0 0 0 0 0 0 0 0 0 0 0 0 0 0 0 0 0 0 0 0 0 0 0 0 0 0 0 0 0 0 0 0 0 0 0 0
5 63 4 0 0 0 0 1 0 0 0 4 10 0 0 0 4 0 1 3 24 98 56 13 2 0 0 0 0 0 1 0 0 0 1 50 45 4 0 1 3 22 0 0 0 0 0 0 0 0 0 0 0 0 0 0 0 0 0 0 0 0 0 0 3 0 1 0 0 0 0 0 0 0 0 0 0 0 0 0 0 0 0 0 0 0 0 0 0 0 0 0 0 0 0 0 0 0 0 0 0 0 0 0 0 0 0 0 0 0 0 0 0 0 0 0 0 0 0 0 0 0 0 0 0 0 0 0 0 0 0 0 0 0 0 0 0 0 0 0 0 0 0 0 0 0 0 0 0 0
16 12 9 0 3 2 0 0 0 0 0 0 2 0 0 3 8 4 0 3 1 223 20 10 19 3 0 0 16 11 1 0 0 0 0 0 5 3 1 7 14 168 0 0 0 0 0 0 0 0 0 0 0 0 0 0 0 0 0 0 0 0 0 0 0 0 0 0 0 0 0 0 0 0 0 0 0 0 0 0 0 0 0 0 0 0 0 0 0 2 0 0 0 0 0 0 0 0 0 0 0 0 0 0 0 0 0 0 0 0 0 0 0 0 0 0 0 0 0 0 0 0 0 0 0 0 0 0 0 0 0 0 0 0 0 0 0 0 0 0 0 0 0 0 0 0 0 0 0 0
0 0 0 0 1 0 0 0 0 0 0 4 13 0 0 0 2 2 1 5 0 3 8 3 4 13 7 4 0 36 0 0 0 0 4 4 10 6 0 0 0 2 0 0 0 0 0 0 0 0 0 0 0 0 0 0 0 0 0 0 0 0 0 0 0 0 0 0 0 0 0 0 0 0 0 0 0 0 0 0 0 0 0 0 0 0 0 0 0 0 0 0 0 0 0 0 0 0 0 0 0 0 0 0 0 0 0 0 0 0 0 0 0 0 0 0 0 0 0 0 0 0 0 0 0 0 0 0 0 0 0 0 0 0 0 0 0 0 0 0 0 0 0 0 0 0 0 0 0 0
0 0 0 0 0 0 0 0 0 0 0 0 0 5 0 0 0 0 1 7 0 0 39 0 13 8 11 15 31 2 3 2 2 28 13 0 0 0 0 0 0 0 0 0 0 0 0 0 0 0 0 0 0 0 0 0 0 0 0 0 0 0 0 0 0 0 0 0 0 0 0 0 0 0 0 0 0 0 0 0 0 0 0 0 0 0 0 0 0 0 0 0 0 0 0 0 0 0 0 0 0 0 0 0 0 0 0 0 0 0 0 0 0 0 0 0 0 0 0 0 0 0 0 0 0 0 0 0 0 0 0 0 0 0 0 0 0 0 0 0 0 0 0 0 0 0 0 0 0 0
8 0 0 0 0 0 0 0 0 0 0 0 0 1 0 0 0 0 0 0 0 0 0 0 0 1 2 0 168 67 8 6 3 74 1 0 0 0 0 0 0 0 0 0 0 0 0 0 0 0 0 0 0 0 0 0 0 0 0 0 0 0 0 0 0 0 0 0 0 0 0 0 0 0 0 0 0 0 0 0 0 0 0 0 0 0 0 0 0 0 0 0 0 0 0 0 0 0 0 0 0 0 0 0 0 0 0 0 0 0 0 0 0 0 0 0 0 0 0 0 0 0 0 0 0 0 0 0 0 0 0 0 0 0 0 0 0 0 0 0 0 0 0 0 0 0 0 0 0 0
0 0 0 0 0 0 0 0 0 0 0 0 0 2 0 0 0 0 0 0 0 0 0 0 0 3 7 4 0 1 2 0 3 6 0 3 2 0 0 0 0 0 0 0 0 0 0 0 0 0 0 0 0 0 0 0 0 0 0 0 0 0 0 0 0 0 0 0 0 0 0 0 0 0 0 0 0 0 0 0 0 0 0 0 0 0 0 0 0 0 0 0 0 0 0 0 0 0 0 0 0 0 0 0 0 0 0 0 0 0 0 0 0 0 0 0 0 0 0 0 0 0 0 0 0 0 0 0 0 0 0 0 0 0 0 0 0 0 0 0 0 0 0 0 0 0 0 0 0 0
0 0 0 0 0 0 0 0 0 0 0 0 0 6 0 0 0 0 0 0 0 0 0 0 4 1 13 3 0 0 7 0 1 13 2 1 5 1 0 0 0 0 0 0 0 0 0 0 0 0 0 0 0 0 0 0 0 0 0 0 0 0 0 0 0 0 0 0 0 0 0 0 0 0 0 0 0 0 0 0 0 0 0 0 0 0 0 0 0 0 0 0 0 0 0 0 0 0 0 0 0 0 0 0 0 0 0 0 0 0 0 0 0 0 0 0 0 0 0 0 0 0 0 0 0 0 0 0 0 0 0 0 0 0 0 0 0 0 0 0 0 0 0 0 0 0 0 0 0 0
0 0 0 0 0 0 0 0 0 0 0 0 3 7 0 0 0 0 0 0 0 0 0 0 0 0 0 3 0 0 0 0 0 0 0 0 3 3 0 0 0 0 0 0 0 0 0 0 0 0 0 0 0 0 0 0 0 0 0 0 0 0 0 0 0 0 0 0 0 0 0 0 0 0 0 0 0 0 0 0 0 0 0 0 0 0 0 0 0 0 0 0 0 0 0 0 0 0 0 0 0 0 0 0 0 0 0 0 0 0 0 0 0 0 0 0 0 0 0 0 0 0 0 0 0 0 0 0 0 0 0 0 0 0 0 0 0 0 0 0 0 0 0 0 0 0 0 0 0 0
3 0 0 0 0 0 0 0 0 0 1 10 4 2 0 0 0 0 0 0 0 0 0 0 0 0 0 26 2 5 7 0 0 0 0 0 0 0 0 0 0 0 0 0 0 0 0 0 0 0 0 0 0 0 0 0 0 0 0 0 0 0 0 0 0 0 0 0 0 0 0 0 0 0 0 0 0 0 0 0 0 0 0 0 0 0 0 0 0 0 0 0 0 0 0 0 0 0 0 0 0 0 0 0 0 0 0 0 0 0 0 0 0 0 0 0 0 0 0 0 0 0 0 0 0 0 0 0 0 0 0 0 0 0 0 0 0 0 0 0 0 0 0 0 0 0 0 0 0 0
0 0 0 0 0 0 0 0 0 2 3 1 0 0 0 0 0 0 0 0 0 0 0 0 0 0 0 6 76 0 0 0 2 0 0 0 0 0 0 0 0 0 0 0 0 1 0 0 0 0 0 0 0 0 0 0 0 0 0 0 0 0 0 0 0 0 0 0 0 0 0 0 0 0 0 0 0 0 0 0 0 0 0 0 0 0 0 0 0 0 0 0 0 0 0 0 0 0 0 0 0 0 0 0 0 0 0 0 0 0 0 0 0 0 0 0 0 0 0 0 0 0 0 0 0 0 0 0 0 0 0 0 0 0 0 0 0 0 0 0 0 0 0 0 0 0 0 0 0 0
0 0 0 0 0 0 0 0 0 0 2 0 0 0 0 0 0 0 0 0 0 0 0 0 0 0 0 0 2 1 0 0 1 2 0 0 0 0 0 0 0 0 0 0 0 0 0 0 0 0 0 0 0 0 0 0 0 0 0 0 0 0 0 0 0 0 0 0 0 0 0 0 0 0 0 0 0 0 0 0 0 0 0 0 0 0 0 0 0 0 0 0 0 0 0 0 0 0 0 0 0 0 0 0 0 0 0 0 0 0 0 0 0 0 0 0 0 0 0 0 0 0 0 0 0 0 0 0 0 0 0 0 0 0 0 0 0 0 0 0 0 0 0 0 0 0 0 0 0 0
0 0 0 0 0 0 0 0 0 3 6 0 0 0 0 0 0 0 0 1 0 0 0 0 0 0 0 0 0 0 0 0 0 0 0 0 0 0 0 0 0 0 0 0 0 0 0 0 0 0 0 1 0 0 0 0 0 0 0 0 0 0 0 0 0 0 0 0 0 0 0 0 0 0 0 0 0 0 0 0 0 0 0 0 0 0 0 0 0 0 0 0 0 0 0 0 0 0 0 0 0 0 0 0 0 0 0 0 0 0 0 0 0 0 0 0 0 0 0 0 0 0 0 0 0 0 0 0 0 0 0 0 0 0 0 0 0 0 0 0 0 0 0 0 0 0 0 0 0 0
0 0 0 0 0 0 0 0 0 5 6 0 0 0 0 0 0 0 0 0 0 0 0 0 0 0 0 0 0 0 0 0 0 0 0 0 0 0 0 0 0 0 0 0 0 0 0 0 0 0 0 4 0 0 0 0 0 0 0 0 0 0 0 0 0 0 0 0 0 0 0 0 0 0 0 0 0 0 0 0 0 0 0 0 0 0 0 0 0 0 0 0 0 0 0 0 0 0 0 0 0 0 0 0 0 0 0 0 0 0 0 0 0 0 0 0 0 0 0 0 0 0 0 0 0 0 0 0 0 0 0 0 0 0 0 0 0 0 0 0 0 0 0 0 0 0 0 0 0 0
0 0 1 0 0 0 0 0 14 33 0 0 0 0 0 0 0 0 0 0 0 0 0 0 0 0 0 0 0 0 0 0 0 1 0 0 0 0 0 0 0 0 0 0 0 0 0 0 0 0 3 0 0 0 0 0 0 0 0 0 0 0 0 0 0 0 0 0 0 0 0 0 0 0 0 0 0 0 0 0 0 0 0 0 0 0 0 0 0 0 0 0 0 0 0 0 0 0 0 0 0 0 0 0 0 0 0 0 0 0 0 0 0 0 0 0 0 0 0 0 0 0 0 0 0 0 0 0 0 0 0 0 0 0 0 0 0 0 0 0 0 0 0 0 0 0 0 0 0 0
0 0 0 0 0 2 30 35 37 4 0 0 0 0 0 0 0 0 0 0 0 0 0 0 0 0 0 0 0 0 0 0 0 0 0 0 0 0 0 0 0 0 0 0 0 0 0 0 0 44 48 0 0 0 0 0 0 0 0 0 0 0 0 0 0 0 0 0 0 0 0 0 0 0 0 0 0 0 0 0 0 0 0 0 0 0 0 0 0 0 0 0 0 0 0 0 0 0 0 0 0 0 0 0 0 0 0 0 0 0 0 0 0 0 0 0 0 0 0 0 0 0 0 0 0 0 0 0 0 0 0 0 0 0 0 0 0 0 0 0 0 0 0 0 0 0 0 0 0 0
3 0 0 0 0 0 22 50 0 0 0 0 0 0 0 0 0 0 0 0 0 0 0 0 0 0 0 0 0 0 0 0 0 0 0 0 0 0 0 0 0 0 0 0 0 0 0 0 0 0 0 1 0 0 0 0 0 0 0 0 0 0 0 0 0 0 0 0 0 0 0 0 0 0 0 0 0 0 0 0 0 0 0 0 0 0 0 0 0 0 0 0 0 0 0 0 0 0 0 0 0 0 0 0 0 0 0 0 0 0 0 0 0 0 0 0 0 0 0 0 0 0 0 0 0 0 0 0 0 0 0 0 0 0 0 0 0 0 0 0 0 0 0 0 0 0 0 0 0 0
0 0 0 0 0 0 0 0 0 0 0 0 0 0 0 0 0 0 0 0 0 0 0 0 0 0 0 0 0 0 0 0 0 0 0 0 0 0 0 0 0 0 0 0 0 0 0 0 0 0 0 0 11 38 0 0 0 0 0 0 0 0 0 0 0 0 0 0 0 0 0 0 0 0 0 0 0 0 0 0 0 0 0 0 0 0 0 0 0 0 0 0 0 0 0 0 0 0 0 0 0 0 0 0 0 0 0 0 0 0 0 0 0 0 0 0 0 0 0 0 0 0 0 0 0 0 0 0 0 0 0 0 0 0 0 0 0 0 0 0 0 0 0 0 0 0 0 0 0 0
0 0 0 0 0 0 0 0 0 0 0 0 0 0 0 0 0 0 0 0 0 0 0 0 0 0 0 0 0 0 0 0 0 0 0 0 0 0 0 0 0 0 0 0 0 0 0 0 0 0 0 0 1 1 0 0 0 0 0 0 0 0 0 0 0 0 0 0 0 0 0 0 0 0 0 0 0 0 0 0 0 0 0 0 0 0 0 0 0 0 0 0 0 0 0 0 0 0 0 0 0 0 0 0 0 0 0 0 0 0 0 0 0 0 0 0 0 0 0 0 0 0 0 0 0 0 0 0 0 0 0 0 0 0 0 0 0 0 0 0 0 0 0 0 0 0 0 0 0 0
0 0 0 0 0 0 0 0 0 0 0 0 0 0 0 0 0 0 0 0 0 0 0 0 0 0 0 0 0 0 0 0 0 0 0 0 1 7 0 0 0 0 0 0 0 0 0 0 0 0 0 1 1 0 0 0 0 0 0 0 0 0 0 0 0 0 0 0 0 0 0 0 0 0 0 0 0 0 0 0 0 0 0 0 0 0 0 0 0 0 0 0 0 0 0 0 0 0 0 0 0 0 0 0 0 0 0 0 0 0 0 0 0 0 0 0 0 0 0 0 0 0 0 0 0 0 0 0 0 0 0 0 0 0 0 0 0 0 0 0 0 0 0 0 0 0 0 0 0 0
0 0 0 0 0 0 0 0 0 0 0 0 0 0 0 0 0 0 0 0 0 0 0 0 0 0 0 0 0 0 0 0 2 0 0 0 0 0 0 0 0 0 0 0 0 0 0 0 0 0 0 0 2 0 0 0 0 0 0 0 0 0 0 0 0 0 0 0 0 0 0 0 0 0 0 0 0 0 0 0 0 0 0 0 0 0 0 0 0 0 0 0 0 0 0 0 0 0 0 0 0 0 0 0 0 0 0 0 0 0 0 0 0 0 0 0 0 0 0 0 0 0 0 0 0 0 0 0 0 0 0 0 0 0 0 0 0 0 0 0 0 0 0 0 0 0 0 0 0 0
0 0 0 0 0 0 0 0 0 0 0 0 0 0 0 0 0 0 0 0 0 0 0 0 0 0 0 0 0 0 2 0 0 0 1 0 0 0 0 0 0 0 0 0 0 0 0 0 0 0 0 0 0 14 0 0 0 0 0 0 0 0 0 0 0 0 0 0 0 0 0 0 0 0 0 0 0 0 0 0 0 0 0 0 0 0 0 0 0 0 0 0 0 0 0 0 0 0 0 0 0 0 0 0 0 0 0 0 0 0 0 0 0 0 0 0 0 0 0 0 0 0 0 0 0 0 0 0 0 0 0 0 0 0 0 0 0 0 0 0 0 0 0 0 0 0 0 0 0 0
0 0 0 0 0 0 0 0 0 0 0 0 0 0 0 0 0 0 0 0 0 0 0 0 0 0 0 0 0 0 2 22 3 0 0 0 0 0 0 0 0 0 0 0 0 0 0 0 0 0 0 0 0 0 0 0 0 0 0 0 0 0 0 0 0 0 0 0 0 0 0 0 0 0 0 0 0 0 0 0 0 0 0 0 0 0 0 0 0 0 0 0 0 0 0 0 0 0 0 0 0 0 0 0 0 0 0 0 0 0 0 0 0 0 0 0 0 0 0 0 0 0 0 0 0 0 0 0 0 0 0 0 0 0 0 0 0 0 0 0 0 0 0 0 0 0 0 0 0 0
0 0 0 0 0 0 0 0 0 0 0 0 0 0 0 0 0 0 0 0 0 0 0 0 0 0 0 0 0 0 3 4 0 0 0 0 1 0 0 0 0 0 0 0 0 0 0 0 0 0 0 0 0 0 0 0 0 0 0 0 0 0 0 0 0 0 0 0 0 0 0 0 0 0 0 0 0 0 0 0 0 0 0 0 0 0 0 0 0 0 0 0 0 0 0 0 0 0 0 0 0 0 0 0 0 0 0 0 0 0 0 0 0 0 0 0 0 0 0 0 0 0 0 0 0 0 0 0 0 0 0 0 0 0 0 0 0 0 0 0 0 0 0 0 0 0 0 0 0 0
0 0 0 0 0 0 0 0 0 0 0 0 0 0 0 0 0 0 0 0 0 0 0 0 0 0 2 0 0 6 1 0 0 0 0 0 2 0 0 0 0 0 0 0 0 0 0 0 0 0 0 0 0 0 0 0 0 0 0 0 0 0 0 0 0 0 0 0 0 0 0 0 0 0 0 0 0 0 0 0 0 0 0 0 0 0 0 0 0 0 0 0 0 0 0 0 0 0 0 0 0 0 0 0 0 0 0 0 0 0 0 0 0 0 0 0 0 0 0 0 0 0 0 0 0 0 0 0 0 0 0 0 0 0 0 0 0 0 0 0 0 0 0 0 0 0 0 0 0 0
0 0 0 0 0 0 0 0 0 0 0 0 0 0 0 0 0 0 0 0 0 0 0 0 0 0 0 0 0 153 68 0 0 0 0 0 0 0 0 0 0 0 0 0 0 0 0 0 0 0 0 0 0 0 0 0 0 0 0 0 0 0 0 0 0 0 0 0 0 0 0 0 0 0 0 0 0 0 0 0 0 0 0 0 0 0 0 0 0 0 0 0 0 0 0 0 0 0 0 0 0 0 0 0 0 0 0 0 0 0 0 0 0 0 0 0 0 0 0 0 0 0 0 0 0 0 0 0 0 0 0 0 0 0 0 0 0 0 0 0 0 0 0 0 0 0 0 0 0 0
0 0 0 0 0 0 0 0 0 0 0 0 0 0 0 0 0 0 0 0 0 0 0 0 0 0 11 0 0 0 0 0 0 1 0 0 0 0 1 0 0 0 0 0 0 0 0 0 0 50 0 0 0 0 0 0 0 0 0 0 0 0 0 0 0 0 0 0 0 0 0 0 0 0 0 0 0 0 0 0 0 0 0 0 0 0 0 0 0 0 0 0 0 0 0 0 0 0 0 0 0 0 0 0 0 0 0 0 0 0 0 0 0 0 0 0 0 0 0 0 0 0 0 0 0 0 0 0 0 0 0 0 0 0 0 0 0 0 0 0 0 0 0 0 0 0 0 0 0 0
0 0 0 0 0 0 0 0 0 0 0 0 0 0 0 0 0 0 0 0 0 0 0 0 0 0 22 1 0 0 0 0 0 0 0 0 0 0 0 0 0 0 0 0 0 0 0 0 5 0 0 0 0 0 0 0 0 0 0 0 0 0 0 0 0 0 0 0 0 0 0 0 0 0 0 0 0 0 0 0 0 0 0 0 0 0 0 0 0 0 0 0 0 0 0 0 0 0 0 0 0 0 0 0 0 0 0 0 0 0 0 0 0 0 0 0 0 0 0 0 0 0 0 0 0 0 0 0 0 0 0 0 0 0 0 0 0 0 0 0 0 0 0 0 0 0 0 0 0 0
0 0 0 0 0 0 0 0 0 0 0 0 0 0 0 0 0 0 0 0 0 0 0 0 0 0 0 2 4 0 0 0 0 0 0 0 0 0 0 0 0 0 0 0 0 0 0 0 0 0 0 0 0 0 0 0 0 0 0 0 0 0 0 0 0 0 0 0 0 0 0 0 0 0 0 0 0 0 0 0 0 0 0 0 0 0 0 0 0 0 0 0 0 0 0 0 0 0 0 0 0 0 0 0 0 0 0 0 0 0 0 0 0 0 0 0 0 0 0 0 0 0 0 0 0 0 0 0 0 0 0 0 0 0 0 0 0 0 0 0 0 0 0 0 0 0 0 0 0 0
0 0 0 0 0 0 0 0 0 0 0 0 0 0 0 0 0 0 0 0 0 0 0 0 0 0 0 0 0 0 0 0 0 0 0 0 0 0 0 0 0 0 0 0 0 0 0 0 0 0 0 0 0 0 0 0 0 0 0 0 0 0 0 0 0 0 0 0 0 0 0 0 0 0 0 0 0 0 0 0 0 0 0 0 0 0 0 0 0 0 0 0 0 0 0 0 0 0 0 0 0 0 0 0 0 0 0 0 0 0 0 0 0 0 0 0 0 0 0 0 0 0 0 0 0 0 0 0 0 0 0 0 0 0 0 0 0 0 0 0 0 0 0 0 0 0 0 0 0 0
0 0 0 0 0 0 0 0 0 0 0 0 0 0 0 0 0 0 0 0 0 0 0 0 0 0 0 0 0 0 0 0 0 0 0 0 0 0 0 0 0 0 0 0 0 0 0 0 0 0 2 0 0 0 0 0 0 0 0 0 0 0 0 0 0 0 0 0 0 0 0 0 0 0 0 0 0 0 0 0 0 0 0 0 0 0 0 0 0 0 0 0 0 0 0 0 0 0 0 0 0 0 0 0 0 0 0 0 0 0 0 0 0 0 0 0 0 0 0 0 0 0 0 0 0 0 0 0 0 0 0 0 0 0 0 0 0 0 0 0 0 0 0 0 0 0 0 0 0 0
0 0 0 0 0 0 0 0 0 0 0 0 0 0 0 0 0 0 0 0 0 0 0 0 0 0 0 0 0 0 0 0 0 0 0 0 0 0 0 0 0 0 0 0 0 0 0 0 0 0 0 0 0 0 0 0 0 0 0 0 0 0 0 0 0 0 0 0 0 0 0 0 0 0 0 0 0 0 0 0 0 0 0 0 0 0 0 0 0 0 0 0 0 0 0 0 0 0 0 0 0 0 0 0 0 0 0 0 0 0 0 0 0 0 0 0 0 0 0 0 0 0 0 0 0 0 0 0 0 0 0 0 0 0 0 0 0 0 0 0 0 0 0 0 0 0 0 0 0 0
0 0 0 0 0 0 0 0 0 0 0 0 0 0 0 0 0 0 0 0 0 0 0 0 0 0 0 0 0 0 0 0 0 0 0 0 0 0 0 0 0 0 0 0 0 0 0 0 0 0 0 0 0 0 0 0 0 0 0 0 0 0 0 0 0 0 0 0 0 0 0 0 0 0 0 0 0 0 0 0 0 0 0 0 0 0 0 0 0 0 0 0 0 0 0 0 0 0 0 0 0 0 0 0 0 0 0 0 0 0 0 0 0 0 0 0 0 0 0 0 0 0 0 0 0 0 0 0 0 0 0 0 0 0 0 0 0 0 0 0 0 0 0 0 0 0 0 0 0 0
0 0 0 0 0 0 0 0 0 0 0 0 0 0 0 0 0 0 0 0 0 0 0 0 0 0 0 0 0 0 0 0 0 0 0 0 0 0 0 0 0 0 0 0 0 0 0 0 0 0 0 0 0 0 0 0 0 0 0 0 0 0 0 0 0 0 0 0 0 0 0 0 0 0 0 0 0 0 0 0 0 0 0 0 0 0 0 0 0 0 0 0 0 0 0 0 0 0 0 0 0 0 0 0 0 0 0 0 0 0 0 0 0 0 0 0 0 0 0 0 0 0 0 0 0 0 0 0 0 0 0 0 0 0 1 0 0 0 0 0 0 0 0 0 0 0 0 0 0 0
