0 2 3 1 0 0 0 1 10 23 7 3 0 7 0 0 0 2 3 0 0 0 0 0 0 4 0 0 0 0 0 0 0 1 4 2 0 0 0 2 0 0 0 2 19 0 0 0 0 0 0 0 0 0 0 1 0 0 0 3 26 12 6 0 1 0 2 0 0 0 0 4 10 98 82 166 42 16 22 3 9 261 34 176 18 80 70 101 20 50 473 281 15 237 243 207 411 137 252 41 84 61 7 20 19 20 14 117 110 57 20 5 16 28 15 12 17 6 1 0 2 53 10 6 1 8 0 5 5 2 1 3 0 9 5 0 0 0 0 0 1 0 0 0 0 0 0 0 0 7
0 1 4 1 0 0 0 0 0 7 4 6 2 1 0 0 0 0 0 0 0 0 13 0 3 9 0 1 0 0 0 0 0 0 0 0 0 0 0 0 0 0 0 0 0 0 0 0 0 0 0 0 0 2 6 0 0 0 0 13 46 10 2 137 0 1 0 0 1 1 0 5 33 23 3 1 43 21 7 6 50 36 2 2 56 134 126 86 97 123 18 16 88 109 79 78 151 279 294 232 160 80 19 6 5 4 3 90 17 13 5 4 4 8 13 5 2 6 2 129 0 4 8 14 1 0 0 8 2 28 15 4 29 18 0 0 0 0 0 17 54 0 0 0 0 0 0 0 0 0
0 0 0 2 13 0 0 0 0 6 2 0 1 2 0 0 0 1 3 1 0 2 37 6 8 0 1 1 0 0 0 0 0 1 0 1 0 5 0 5 4 0 0 0 0 0 0 0 0 0 0 0 0 0 8 5 1 0 0 9 10 12 3 1 0 0 0 0 0 0 0 2 1 0 0 0 1 18 47 153 43 46 11 4 16 70 186 40 2 1 30 10 17 123 193 351 70 154 65 223 218 108 5 19 11 5 2 10 118 88 13 1 2 1 2 1 8 19 8 2 33 10 1 11 3 5 2 2 0 18 9 3 23 37 0 0 1 0 3 11 4 0 0 0 0 0 0 0 0 0
15 8 0 0 0 0 0 0 0 2 1 1 0 0 0 0 0 0 2 1 0 1 4 7 10 0 4 4 24 0 0 0 0 0 0 1 0 0 0 3 1 0 2 0 0 0 0 0 0 0 0 0 0 0 31 21 0 10 37 0 0 0 5 5 0 0 0 0 0 0 8 62 5 0 2 2 6 37 70 67 23 39 13 28 114 4 26 64 0 34 265 204 435 122 295 128 52 54 313 168 274 204 106 54 6 60 20 7 139 30 6 7 28 3 0 9 8 28 18 1 22 39 11 0 0 3 5 2 12 2 1 18 15 0 1 3 8 1 0 8 12 1 0 0 0 0 0 0 0 0
1 3 0 0 0 0 1 0 1 1 0 1 0 0 0 5 7 2 1 1 0 0 0 0 2 0 0 0 0 0 0 0 0 0 0 11 10 0 0 0 0 0 0 0 0 0 0 0 2 7 1 0 1 1 28 67 28 29 3 0 2 0 0 4 0 0 0 0 0 4 76 18 36 102 11 17 12 50 105 53 151 77 75 1 134 45 37 82 5 90 454 180 212 229 155 77 15 301 113 373 372 322 288 278 170 40 36 17 0 5 7 15 17 15 20 1 3 10 29 18 98 352 65 30 2 0 4 2 1 2 0 1 1 1 1 1 2 0 0 0 15 2 0 0 0 0 0 0 0 0
9 1 0 0 0 0 0 0 11 0 3 0 0 0 0 3 0 2 1 28 2 7 0 0 0 0 0 0 0 0 0 7 0 0 2 30 12 6 1 0 0 0 0 0 0 0 0 0 0 1 14 2 2 1 6 32 17 3 13 0 0 0 0 1 0 0 0 0 1 54 76 66 81 44 53 24 6 17 10 93 151 254 174 26 0 90 31 11 2 67 479 589 21 76 158 326 37 622 155 222 208 171 466 190 6 66 8 44 2 0 0 1 0 18 4 14 7 0 0 5 53 84 3 4 3 7 0 16 2 1 2 1 1 0 0 0 3 0 0 0 0 3 0 0 0 0 0 0 0 0
3 0 0 2 0 0 0 0 0 1 2 0 0 0 0 0 0 0 0 0 0 0 0 0 0 0 0 0 0 0 1 0 0 0 0 5 1 1 0 0 0 0 0 0 0 0 0 0 0 1 0 0 2 1 1 4 2 0 22 17 2 5 0 0 3 0 0 0 4 41 26 39 108 203 95 52 170 81 211 201 285 176 324 171 32 14 4 54 28 15 339 241 38 138 171 148 130 155 223 93 11 138 94 39 8 21 32 6 6 6 23 37 75 12 12 12 2 1 8 16 32 34 3 1 1 4 9 0 0 0 0 0 0 0 0 0 0 1 0 0 0 0 0 0 0 0 0 0 1 0
1 0 0 0 0 0 0 0 0 0 0 0 0 0 0 0 0 0 0 0 0 0 0 0 0 0 0 0 0 1 2 0 0 0 1 1 0 0 25 7 0 0 0 0 0 0 0 0 0 0 0 0 4 18 1 10 0 7 272 40 22 15 38 3 44 17 0 0 0 115 1 0 11 31 37 12 39 51 200 385 250 176 229 70 61 52 90 282 172 53 125 24 16 104 136 97 306 403 390 79 82 140 133 220 72 40 8 9 34 8 143 184 38 32 6 21 1 0 4 4 1 7 5 5 3 1 10 1 9 0 0 0 0 0 0 0 0 0 0 0 0 0 0 0 0 0 0 0 0 0
2 0 0 0 0 0 0 0 1 2 0 1 0 5 4 0 0 0 0 0 0 0 0 0 0 0 0 0 0 0 1 0 0 0 0 1 0 0 0 0 0 0 0 0 0 0 0 0 0 0 0 0 0 2 0 0 1 18 8 26 105 92 8 0 0 17 0 3 5 25 0 0 0 3 1 6 3 11 18 246 299 340 237 20 9 3 55 105 101 44 1 4 93 262 465 412 36 197 205 68 114 35 49 185 213 47 99 122 31 64 362 52 162 6 13 4 0 2 5 5 23 7 4 6 6 2 3 2 0 0 1 0 0 0 0 0 0 0 0 0 0 0 0 0 0 0 0 0 0 0
0 0 0 0 0 0 0 1 6 1 0 0 0 0 0 1 0 0 0 0 0 0 0 0 0 0 0 0 0 0 0 0 0 0 0 0 0 0 0 0 0 0 0 0 0 0 1 0 4 1 0 0 7 6 0 0 0 0 1 5 8 69 11 10 0 1 2 1 0 2 0 0 0 0 0 1 0 17 99 207 306 185 215 169 314 300 98 37 41 52 22 4 9 100 272 445 211 51 43 14 20 34 3 5 20 133 100 102 39 8 281 173 82 8 1 92 111 189 105 9 4 3 10 9 13 15 7 0 0 18 363 5 0 0 1 0 0 0 0 0 0 0 0 0 0 0 0 0 0 2
0 2 1 0 0 0 2 0 3 0 3 0 0 0 2 1 0 0 4 1 0 0 0 0 0 0 0 0 0 0 0 2 0 0 0 2 0 1 2 0 0 0 0 0 0 0 0 10 23 9 6 1 5 4 0 0 1 6 4 6 0 64 4 4 0 0 0 0 0 1 0 0 0 0 1 1 2 3 53 158 176 91 259 318 68 147 56 113 152 85 10 0 5 21 110 193 479 12 11 45 10 5 2 9 68 164 243 148 53 39 187 54 79 18 2 87 166 261 104 90 115 63 156 69 40 156 28 25 40 24 8 47 13 30 8 0 0 0 0 0 0 0 0 0 0 0 0 0 0 0
1 0 0 0 0 0 0 0 5 0 0 0 0 0 0 0 8 5 1 0 0 0 0 0 0 0 0 0 0 0 0 0 0 4 1 2 0 1 0 2 1 2 5 2 2 0 0 0 0 0 0 0 0 0 8 0 1 0 0 3 3 2 0 0 1 3 0 0 0 0 0 0 0 0 0 0 17 5 30 150 254 56 18 18 22 37 13 9 44 241 5 0 1 0 1 40 247 171 58 3 0 2 4 15 11 65 264 75 19 20 62 109 32 36 11 95 270 195 205 547 159 180 55 35 58 99 0 0 0 58 1 0 36 107 60 1 0 0 0 0 0 0 0 0 0 0 0 0 0 0
1 0 0 0 0 0 0 0 2 0 0 0 0 0 0 0 1 2 0 1 8 0 0 1 0 0 0 0 0 0 0 1 0 0 0 0 0 0 0 0 0 4 23 0 5 0 0 10 0 0 0 0 0 0 1 0 0 0 1 0 2 1 1 0 0 0 0 0 0 4 1 0 0 0 1 15 40 32 92 18 74 80 3 0 7 8 5 0 0 2 4 0 1 16 57 7 211 164 220 139 4 1 15 10 5 0 4 72 163 138 375 175 66 310 171 22 5 41 442 331 158 82 32 2 48 71 1 0 16 14 0 0 11 7 1 0 0 0 0 0 0 0 0 0 0 0 0 0 0 0
0 0 0 0 0 0 1 1 0 0 0 0 0 0 0 0 0 0 35 2 1 0 1 0 0 0 0 0 0 7 7 0 0 0 0 0 0 0 0 0 0 0 1 47 21 0 0 0 0 0 1 9 0 0 0 0 0 0 4 0 4 6 2 0 0 0 14 8 10 9 36 0 0 2 0 97 262 140 64 8 76 222 37 3 6 178 0 1 1 13 0 0 0 14 2 15 34 143 72 77 1 21 105 40 135 29 34 128 85 346 384 258 507 156 140 102 72 76 440 101 43 59 3 3 0 13 12 0 5 1 0 0 1 5 0 0 0 0 0 0 0 0 0 0 0 0 0 0 0 0
0 0 0 0 0 0 0 1 1 2 0 0 0 0 0 0 0 0 0 1 3 0 0 0 1 0 0 0 0 0 4 0 0 0 0 0 0 0 0 0 0 0 0 6 9 0 0 0 1 13 1 72 1 0 2 0 1 4 3 4 21 27 4 3 4 156 50 38 78 48 18 0 1 1 25 207 385 461 164 12 2 75 17 0 2 3 6 12 7 14 4 13 5 0 0 0 14 132 96 88 6 27 135 234 495 373 502 457 244 237 336 153 141 307 341 83 54 41 25 69 66 36 7 78 0 8 17 4 5 10 1 0 0 0 1 0 0 0 0 0 0 0 0 0 0 0 0 0 0 0
0 0 0 0 0 0 0 9 7 0 1 0 0 0 0 0 2 0 0 0 0 5 3 0 1 0 0 0 0 4 0 0 0 0 0 0 0 0 0 0 0 0 0 0 0 8 0 0 0 21 30 51 1 0 0 5 19 39 6 39 8 13 5 31 37 17 59 23 38 75 94 6 79 34 241 449 506 232 67 20 0 0 0 0 0 0 6 18 5 25 0 5 1 1 1 16 14 7 6 10 4 0 398 222 172 424 280 87 225 316 296 161 396 210 93 34 13 110 35 37 12 6 267 279 16 24 4 1 4 3 0 0 0 0 19 2 0 0 0 0 0 0 0 0 0 0 0 0 0 1
0 0 0 0 0 0 0 0 0 0 0 0 11 0 0 0 1 3 0 0 5 0 7 12 9 1 9 0 0 0 0 0 0 0 0 0 0 0 0 0 1 0 1 0 0 6 0 3 1 3 10 1 4 3 3 20 22 87 37 18 0 1 2 0 0 0 0 0 0 0 0 2 103 24 90 151 306 123 38 0 0 0 1 0 1 0 0 12 16 12 0 0 1 0 2 4 3 0 6 16 5 85 264 250 132 51 184 63 146 253 196 148 207 86 111 31 22 43 42 3 0 0 9 29 10 86 0 3 0 0 0 0 0 0 0 0 0 0 0 0 0 0 0 0 0 0 0 0 0 0
0 0 0 0 0 1 0 0 0 0 0 0 0 0 0 0 0 2 0 0 0 2 2 1 2 0 1 8 1 0 0 0 0 0 0 0 0 0 0 0 0 0 0 1 0 9 41 4 0 10 19 20 11 22 11 22 15 24 130 7 6 0 0 0 1 2 9 22 1 52 39 0 44 7 9 28 7 50 15 3 1 0 4 0 0 0 0 1 40 0 0 8 30 34 8 0 4 0 58 228 39 59 46 43 50 114 51 44 147 209 38 35 54 48 32 2 62 36 9 8 0 2 5 3 62 208 90 14 1 3 0 0 0 0 0 0 0 0 0 0 0 0 0 0 0 0 0 0 0 0
0 0 0 0 1 0 0 0 0 0 0 0 0 0 0 0 2 1 0 2 2 0 1 0 1 1 45 21 7 0 0 0 0 0 0 3 0 0 0 0 0 0 1 2 12 11 1 3 9 300 32 17 7 16 3 29 57 18 47 14 31 22 1 0 0 1 2 2 2 5 7 10 23 3 5 49 77 14 8 22 8 0 3 21 0 6 10 13 2 0 1 22 46 149 12 0 0 6 159 24 37 71 14 9 31 21 86 165 134 5 0 28 1 155 18 0 9 1 0 0 0 0 1 0 14 96 95 130 39 0 0 0 0 0 0 0 0 0 0 0 0 0 0 0 0 0 0 0 0 0
0 0 0 0 0 0 0 0 0 0 0 0 0 1 0 0 0 0 0 0 0 7 25 0 1 2 0 4 59 3 0 0 0 1 2 0 0 0 0 0 0 0 4 27 7 41 35 9 8 31 12 12 5 6 42 3 15 85 8 0 0 1 0 1 1 5 0 1 5 9 11 37 9 0 0 97 5 0 0 0 2 0 0 0 0 6 11 0 10 12 9 22 4 0 0 14 0 0 2 1 341 321 260 59 38 68 59 187 34 2 0 0 0 51 1 0 0 0 0 0 0 0 0 6 11 2 1 46 2 0 0 0 0 0 0 0 0 0 0 0 0 0 0 0 0 0 0 0 0 0
0 1 0 0 2 0 0 0 0 0 0 0 3 0 0 0 0 0 3 1 6 3 6 1 0 4 5 1 0 3 0 3 13 0 0 0 0 0 0 1 1 3 2 6 3 5 10 13 26 69 82 76 10 19 14 5 7 0 1 0 0 3 2 5 170 33 0 0 0 4 37 8 4 0 1 52 93 42 6 11 9 1 1 7 0 0 0 0 4 5 3 0 0 0 0 0 0 0 95 141 369 423 140 41 0 1 38 55 2 0 0 0 0 6 0 0 0 0 0 0 0 0 1 4 0 0 42 269 0 0 0 0 0 0 0 0 0 0 0 0 0 0 0 0 0 0 0 0 0 0
0 0 0 0 0 0 0 0 0 0 0 0 0 0 0 1 1 0 0 1 1 3 8 0 0 0 2 0 0 0 4 29 2 0 0 0 0 1 0 0 19 5 0 0 3 0 1 4 93 267 86 85 11 1 0 3 1 1 0 0 0 1 1 0 3 6 9 7 3 33 23 8 0 0 2 7 34 21 55 15 4 12 3 13 6 6 11 5 96 32 5 4 0 2 0 5 10 0 37 113 78 44 25 1 4 12 20 31 4 0 0 2 2 17 0 0 0 0 0 0 0 0 0 0 0 20 15 1 0 1 1 0 0 0 0 0 0 0 0 0 0 0 0 0 0 0 0 0 0 0
0 0 0 0 0 0 0 0 0 0 0 0 0 0 2 0 1 0 0 0 0 3 6 3 1 0 0 0 0 0 0 0 13 1 0 0 9 43 7 3 0 0 0 0 0 0 20 20 10 194 125 54 4 1 0 0 0 0 1 1 0 1 0 0 8 2 18 0 0 4 4 24 13 255 0 0 3 0 8 3 0 16 16 0 0 6 5 0 0 0 0 1 2 3 0 1 1 0 0 1 1 0 2 23 23 16 19 16 61 38 17 13 15 0 0 0 0 0 0 0 0 0 0 2 14 21 30 0 0 0 1 0 0 0 0 0 0 0 0 0 0 0 0 0 0 0 0 0 0 0
0 0 0 0 0 0 0 0 0 0 0 0 0 1 0 0 2 2 0 0 0 1 1 0 0 0 0 0 0 0 1 1 2 1 0 0 5 7 2 0 0 0 0 0 2 33 5 30 3 53 36 1 5 4 0 5 5 3 0 0 0 0 0 2 0 0 1 1 0 0 0 2 64 27 1 1 0 0 0 2 0 2 40 309 2 2 3 0 0 0 0 7 0 2 0 1 3 0 1 0 2 0 3 22 22 10 2 1 1 22 0 29 5 0 0 0 0 0 0 0 0 0 1 44 3 15 19 58 1 0 0 0 0 0 0 0 0 0 0 0 0 0 0 0 0 0 0 0 0 0
0 0 0 0 0 0 0 0 0 0 0 0 0 0 0 0 0 0 0 0 0 0 1 0 0 0 1 0 0 0 0 0 3 3 6 0 0 74 0 0 0 0 0 12 8 14 27 1 0 14 25 14 9 14 5 7 0 23 0 1 0 0 0 0 0 0 0 16 5 6 1 0 2 13 19 6 0 0 0 0 0 0 4 25 16 8 0 0 0 0 2 0 1 0 0 0 3 3 0 3 4 3 3 4 187 0 0 1 0 0 0 8 0 0 0 1 0 0 0 1 0 0 0 0 0 17 24 5 0 0 0 0 0 0 0 1 1 0 0 0 0 0 0 0 0 0 0 0 0 0
0 0 0 0 0 0 0 0 0 0 0 0 0 0 2 1 0 50 0 0 0 2 1 1 0 0 0 0 0 0 0 0 0 7 19 0 0 9 0 1 0 0 0 1 28 8 1 0 4 3 12 5 0 0 0 1 0 0 0 0 1 0 0 0 22 1 0 8 3 4 0 12 1 0 0 1 12 0 0 0 0 0 1 3 0 8 3 6 0 2 0 0 1 0 4 0 21 1 0 0 24 21 7 84 77 84 0 1 0 0 0 0 1 5 3 3 0 0 0 0 1 0 0 0 0 21 7 27 0 2 0 0 0 0 0 0 1 19 0 0 0 0 0 0 0 0 0 0 0 0
0 0 0 0 0 0 0 0 0 0 1 0 0 0 4 0 0 1 1 0 0 2 3 0 0 1 0 8 1 0 0 0 0 1 3 0 0 1 0 1 2 0 1 5 30 0 1 0 0 2 16 3 1 0 0 0 0 0 0 0 0 0 0 0 2 0 0 0 0 1 3 1 0 0 0 1 3 2 0 0 0 1 14 3 1 2 6 16 0 2 1 1 0 0 1 3 0 0 0 3 7 19 1 4 20 111 22 0 0 0 0 0 0 1 3 1 0 0 1 2 0 0 0 0 0 53 8 1 0 0 0 0 0 0 1 0 1 10 0 0 0 0 0 0 0 0 0 0 0 0
0 0 0 0 0 0 0 0 0 0 0 0 0 5 0 0 7 13 2 0 2 5 13 0 0 0 0 0 1 1 1 2 0 5 5 0 0 4 4 15 27 11 15 79 105 1 6 0 0 3 0 7 8 2 0 1 0 0 0 0 0 0 0 0 1 0 0 0 1 24 29 6 4 6 0 0 0 1 0 0 0 0 0 0 0 0 0 1 4 2 1 1 2 0 0 0 0 0 0 0 0 3 19 1 30 341 255 18 0 0 0 0 0 1 0 0 2 52 17 1 0 0 0 8 29 14 21 67 67 22 0 0 0 0 1 5 2 0 0 0 0 0 0 0 0 0 0 0 0 0
0 0 0 0 0 0 0 1 0 0 0 1 3 2 3 3 11 19 0 4 0 0 3 9 0 0 0 0 10 0 1 3 5 3 4 6 2 4 20 51 101 162 91 134 31 6 0 5 3 1 2 1 16 4 1 0 0 0 0 0 0 0 0 0 0 0 0 0 0 1 7 5 2 0 123 6 3 16 3 0 0 2 0 0 2 0 0 0 7 4 6 1 2 1 9 4 5 0 0 0 0 10 10 7 86 144 67 384 1 0 0 0 0 2 0 1 72 22 8 0 0 0 27 77 46 90 268 173 110 3 0 0 1 16 1 4 0 0 0 0 0 0 0 0 0 0 0 0 0 0
0 0 0 0 0 0 0 1 2 4 10 12 71 0 1 0 0 2 1 0 0 3 5 3 0 0 1 0 0 0 0 2 1 7 8 7 0 3 44 112 203 244 255 230 9 1 2 1 5 0 2 1 17 51 5 2 0 0 0 0 0 0 0 0 0 0 0 0 0 0 2 0 0 0 0 1 0 0 3 0 0 0 1 0 4 0 0 0 2 4 0 3 6 7 1 3 0 0 0 0 0 0 6 9 5 67 2 41 4 0 0 0 0 0 20 17 259 351 15 15 68 2 1 22 29 14 138 164 117 65 2 5 7 69 1 0 0 0 0 0 0 0 0 0 0 0 0 0 0 0
0 0 0 0 0 0 0 0 2 0 2 1 2 0 0 2 0 0 2 2 0 0 43 3 0 0 0 0 0 0 6 2 0 0 6 8 8 5 12 32 181 205 156 82 11 0 2 0 0 1 1 1 6 0 1 0 0 0 0 0 0 0 0 0 0 0 0 0 1 0 1 4 0 0 0 2 2 2 2 0 2 3 6 1 15 0 0 0 15 10 0 0 4 2 0 0 0 0 0 1 0 0 0 2 3 0 0 0 14 1 0 4 1 0 20 395 110 204 42 57 47 42 18 6 0 2 1 51 3 20 12 79 209 20 28 0 0 0 0 0 0 0 0 0 0 0 0 0 0 0
0 0 0 0 0 0 0 2 0 0 1 2 0 1 0 4 0 0 1 15 90 41 0 0 0 0 0 2 4 9 1 0 2 18 21 1 1 2 0 39 168 109 234 59 90 3 3 0 0 2 1 1 9 5 9 4 2 0 0 0 0 0 0 0 0 0 0 0 0 0 1 0 0 0 0 0 0 1 4 0 4 7 9 69 18 0 0 0 1 0 0 0 0 2 0 1 9 0 0 0 2 0 0 1 1 1 3 27 62 76 122 154 35 28 217 334 150 122 21 179 27 85 4 0 22 8 2 27 0 0 3 61 119 22 38 3 0 0 0 0 0 0 0 0 0 0 0 0 0 0
0 0 0 0 0 0 0 3 0 0 1 7 5 3 0 1 1 3 1 3 15 0 0 0 0 0 0 1 0 5 2 7 1 1 0 2 3 1 1 1 20 49 10 4 1 0 1 0 0 1 0 7 13 4 4 2 2 1 3 1 0 0 0 0 0 0 0 0 0 0 0 0 0 0 0 2 0 11 1 0 0 6 6 1 0 0 0 0 1 1 3 0 0 2 2 17 0 0 0 0 2 0 0 0 0 2 8 12 65 42 154 50 21 318 467 212 124 259 52 150 61 1 0 2 1 6 2 0 0 0 19 86 0 0 0 0 0 0 0 0 0 0 0 0 0 0 0 0 0 0
0 0 0 1 0 3 4 2 1 0 0 0 0 1 2 0 1 3 6 11 9 0 0 0 0 0 0 0 2 3 24 0 3 0 7 3 0 0 4 0 10 9 1 0 0 0 0 0 0 0 0 2 146 4 1 37 7 0 0 0 0 0 0 0 0 0 0 0 0 0 0 0 0 0 0 0 1 3 0 2 0 0 0 0 0 0 0 0 0 0 0 1 1 25 8 0 4 10 0 4 2 0 0 0 0 0 3 22 13 3 0 4 55 86 72 254 43 87 30 42 140 1 0 0 0 0 0 0 0 0 0 53 13 0 0 0 0 0 0 0 0 0 0 0 0 0 0 0 0 0
0 0 0 0 0 1 7 0 1 0 0 0 1 3 2 1 10 1 0 0 1 3 7 0 0 0 0 5 10 2 14 25 14 1 1 2 0 12 1 2 6 7 1 0 2 0 1 0 0 0 0 7 74 42 0 7 0 0 0 0 0 0 0 0 0 0 0 0 0 0 0 0 0 0 0 0 4 6 8 0 0 0 0 0 0 0 0 0 2 1 14 1 12 8 4 19 0 0 0 4 0 0 0 0 0 0 2 41 291 3 0 0 0 0 0 0 35 18 166 432 19 1 0 0 0 0 0 0 0 0 0 0 75 209 0 0 0 0 0 0 0 0 0 0 0 0 0 0 0 0
0 3 0 1 1 1 5 47 0 3 2 1 2 0 0 30 22 6 1 1 0 0 1 1 1 0 0 10 1 4 4 3 1 1 0 0 0 0 0 1 3 1 0 0 1 0 1 0 0 0 0 13 2 19 7 1 2 0 0 0 0 0 0 0 0 0 0 0 0 0 0 0 0 0 0 0 3 8 0 0 0 0 0 0 0 0 0 0 9 1 1 1 0 5 0 0 0 0 3 1 0 1 10 5 5 12 22 22 64 0 0 0 0 0 2 0 0 1 29 102 131 63 1 0 0 20 0 0 0 18 27 21 22 25 0 0 0 0 0 0 0 0 0 0 0 0 0 0 0 0
0 0 0 0 0 0 1 0 1 1 2 1 0 1 9 16 29 14 7 18 0 0 1 0 0 6 0 0 0 1 0 0 0 1 4 0 0 0 0 3 0 49 12 1 0 0 3 0 0 0 0 19 12 33 11 4 0 0 0 0 0 0 0 0 0 0 0 0 0 0 0 0 0 0 0 0 0 8 41 1 0 3 0 0 0 0 0 45 6 0 0 1 1 1 0 3 0 0 0 1 27 10 16 3 0 18 9 23 104 2 0 0 0 1 26 26 78 227 38 83 256 29 0 8 153 15 0 0 0 31 68 0 0 0 0 0 0 0 0 0 0 0 0 0 0 0 0 0 0 0
0 0 0 0 0 1 16 0 1 0 3 29 7 2 0 0 1 2 0 0 0 0 2 6 5 1 0 2 9 0 0 0 0 0 4 0 1 1 0 0 0 10 18 3 1 1 1 0 0 0 0 23 7 2 0 0 0 0 1 0 0 0 0 0 0 0 0 0 0 0 0 0 0 0 0 0 0 20 12 0 0 0 0 0 0 1 0 7 0 0 0 0 1 0 0 0 0 0 4 1 0 0 1 2 6 0 1 15 23 3 0 0 0 0 48 232 288 189 43 23 34 58 31 148 43 2 0 1 12 118 65 0 0 0 0 0 0 0 0 0 0 0 0 0 0 0 0 0 0 0
0 0 0 0 0 1 3 1 1 1 17 5 1 3 0 0 0 0 2 2 1 0 0 2 0 2 0 2 1 0 0 1 0 0 0 0 0 0 2 0 0 1 0 1 135 3 0 0 0 0 1 28 0 7 1 0 0 0 2 2 0 0 0 0 0 0 0 0 0 0 0 0 0 0 0 0 1 2 43 29 1 6 12 0 0 0 0 0 1 1 0 0 0 1 0 0 0 0 0 3 0 1 3 3 1 0 2 8 31 0 0 0 10 14 14 8 1 35 219 97 6 137 287 218 152 107 24 58 244 459 211 5 0 0 0 0 0 0 0 0 0 0 0 0 0 0 0 0 0 0
0 0 0 0 0 1 2 0 0 7 14 8 0 2 2 1 0 0 0 0 0 0 0 0 0 3 10 0 0 0 0 2 1 1 0 0 0 0 0 8 1 0 2 1 0 0 2 0 2 2 4 159 13 8 0 0 7 2 1 0 0 0 0 0 0 0 0 0 0 0 0 0 0 0 0 0 2 2 23 0 0 20 7 0 0 0 0 0 3 3 0 1 0 2 0 4 8 0 0 0 2 0 0 6 5 6 0 0 44 9 3 9 21 0 1 4 67 60 67 169 243 421 455 254 476 289 166 234 319 287 145 0 0 0 0 0 0 0 0 0 0 0 0 0 0 0 0 0 0 0
0 0 0 0 2 2 0 0 0 1 1 0 0 2 1 5 3 0 0 0 0 0 0 0 1 1 5 0 2 2 0 1 0 0 4 1 0 0 1 0 0 1 0 1 2 0 0 0 2 4 203 237 3 41 5 1 3 0 0 1 0 0 0 0 0 0 0 0 0 0 0 0 0 0 0 2 0 0 1 15 0 0 1 0 0 0 0 0 1 0 0 3 19 0 0 2 0 0 1 1 8 0 2 2 10 5 16 38 13 12 4 4 34 5 7 1 1 15 182 532 668 383 153 586 719 326 82 361 252 3 44 7 0 0 0 0 0 0 0 0 0 0 0 0 0 0 0 0 0 0
0 1 0 2 2 1 1 0 7 1 1 2 0 0 1 0 0 3 0 0 0 0 0 0 2 7 0 0 1 0 1 13 8 1 1 2 0 2 0 0 0 0 0 0 0 1 0 0 3 7 223 107 172 272 17 7 1 11 1 3 0 0 0 0 0 0 0 0 0 0 0 0 0 0 0 0 0 0 0 6 0 0 0 0 0 0 0 8 37 0 0 4 15 0 0 0 0 0 0 2 3 0 2 4 1 79 138 3 2 0 14 1 1 0 0 5 11 8 40 239 110 196 175 1434 607 173 79 73 2 161 314 213 0 0 0 0 0 0 0 0 0 0 0 0 0 0 0 0 0 0
0 2 0 5 0 0 7 2 3 0 7 26 0 1 0 0 0 0 0 0 0 0 0 1 0 0 1 1 0 0 0 4 4 1 2 0 2 1 0 0 0 0 0 0 0 0 0 0 0 1 184 112 208 162 31 16 0 0 3 1 0 0 0 0 0 0 0 0 0 0 0 0 0 0 1 0 0 1 1 120 2 1 2 0 0 0 0 14 10 0 0 7 27 0 0 0 0 0 0 2 20 21 5 9 7 18 2 13 0 0 0 0 3 2 1 6 2 2 19 26 132 148 192 344 543 265 192 85 86 265 261 88 0 0 1 0 0 0 0 0 0 0 0 0 0 0 0 0 0 0
1 0 1 2 1 1 1 2 2 0 1 1 0 0 0 0 0 0 0 0 0 0 1 0 0 0 0 0 0 1 1 0 0 0 0 1 0 0 0 0 0 0 0 0 0 2 0 0 0 0 13 35 116 7 21 18 3 0 4 0 0 0 0 0 0 0 0 0 0 0 0 0 0 0 0 0 0 0 0 2 3 6 0 0 0 0 13 32 24 1 10 79 91 3 1 0 0 0 0 12 28 2 66 45 12 0 3 0 28 1 0 0 0 2 1 3 0 10 8 7 119 374 295 204 77 326 256 567 74 43 26 45 0 0 0 0 0 0 0 0 0 0 0 0 0 0 0 0 0 0
2 0 5 0 2 0 1 13 5 7 6 1 0 0 0 0 0 0 0 0 0 0 0 0 0 0 0 0 1 0 0 0 0 0 0 0 0 0 0 0 0 0 0 0 0 1 0 0 2 1 0 3 22 5 3 0 1 24 30 1 0 2 1 0 0 0 0 0 0 0 0 0 0 0 0 0 0 0 0 0 0 3 24 8 1 8 1 1 6 15 69 64 47 0 3 2 0 0 4 11 17 140 129 297 141 9 9 0 7 13 0 0 1 0 3 2 2 14 16 151 156 325 858 690 291 94 639 1052 475 0 1 0 0 0 0 0 0 0 0 0 0 0 0 0 0 0 0 0 0 0
2 1 5 0 0 2 3 7 3 2 0 0 1 0 0 0 0 0 0 0 0 0 1 0 3 0 1 0 5 0 0 0 9 0 0 0 0 0 0 1 0 0 0 0 0 0 0 0 3 0 0 9 11 0 16 0 0 1 34 5 1 0 0 0 0 0 0 0 0 0 0 0 0 0 0 0 0 0 0 0 1 2 2 0 0 3 2 0 1 10 39 36 61 4 17 135 1 0 0 3 42 110 268 147 141 21 7 2 1 10 20 0 0 0 2 0 12 181 156 255 199 4 54 61 62 87 251 288 116 2 107 6 0 0 0 0 0 0 0 0 0 0 0 0 0 0 0 0 0 0
2 2 47 1 22 133 33 1 1 0 0 1 0 2 0 0 1 0 0 0 0 4 0 0 0 0 0 0 0 0 0 0 0 0 0 0 0 0 0 0 0 0 0 0 0 0 0 0 1 0 0 2 4 0 0 0 2 1 5 14 2 0 0 0 0 0 0 0 0 0 0 0 0 0 0 0 0 0 0 0 4 25 0 0 6 1 61 0 0 0 0 2 2 0 0 0 0 0 0 10 3 35 195 91 36 108 17 10 2 0 10 7 0 0 0 24 86 205 76 7 0 0 0 0 19 241 174 205 159 12 40 19 0 0 0 0 0 0 0 0 0 0 0 0 0 0 0 0 0 0
1 6 35 44 119 142 64 24 4 0 0 0 0 0 0 0 1 1 0 0 0 2 0 0 0 0 0 0 0 0 0 0 0 0 0 0 0 0 0 0 1 1 0 5 3 3 0 10 2 0 0 0 4 0 0 0 0 0 3 14 0 4 0 0 0 0 0 0 0 0 0 0 0 0 0 0 0 0 3 4 2 0 0 0 8 9 2 78 43 1 0 0 0 0 0 0 0 0 0 0 0 77 162 82 45 78 2 0 1 19 2 1 0 0 1 24 71 5 6 20 0 0 0 0 18 160 135 161 136 1 66 5 0 0 0 0 0 0 0 0 0 0 0 0 0 0 0 0 0 0
0 29 125 371 88 63 24 2 1 0 1 2 0 0 0 1 1 0 0 0 0 1 0 0 6 0 0 2 0 0 0 0 0 0 1 0 0 0 0 0 1 0 0 1 3 0 0 4 23 0 0 0 8 0 0 1 3 1 0 0 0 0 0 0 0 0 0 0 0 0 0 0 0 0 0 0 0 0 0 0 0 0 0 0 0 0 15 11 0 1 0 0 0 0 0 0 0 0 0 0 3 21 3 9 61 27 0 0 0 0 3 8 1 9 1 0 2 3 10 13 10 33 12 0 8 44 49 150 5 0 0 0 0 0 0 0 0 0 0 0 0 0 0 0 0 0 0 0 0 0
0 4 73 63 35 55 15 1 2 0 0 0 0 0 0 0 0 0 0 0 1 2 0 0 0 0 0 0 0 0 4 0 0 0 0 0 0 0 0 0 0 0 0 0 0 1 0 0 1 13 0 0 0 0 0 0 0 0 0 0 0 0 0 0 0 0 0 0 0 0 0 0 0 0 0 0 0 0 0 0 0 0 0 0 0 0 81 7 0 9 5 1 0 0 2 5 0 0 0 201 326 62 156 89 3 42 23 5 1 1 0 3 1 0 0 0 0 0 20 14 61 21 129 161 20 17 0 0 0 1 0 0 0 0 0 0 0 0 0 0 0 0 0 0 0 0 0 0 0 0
5 19 15 19 24 8 1 0 0 1 20 0 0 0 0 0 1 0 0 0 0 16 0 0 0 0 0 0 0 1 0 0 0 0 0 0 0 0 0 0 0 0 0 0 0 9 4 0 0 0 0 0 0 0 0 8 0 0 0 0 0 0 0 0 0 0 0 0 0 0 0 0 0 0 0 0 3 1 0 0 0 0 0 0 0 0 4 0 0 27 6 0 0 0 46 57 40 5 145 536 143 238 34 6 0 8 16 83 0 5 3 0 0 0 0 0 0 0 4 13 41 10 27 26 18 56 60 9 13 18 5 1 0 0 0 0 0 0 0 0 0 0 0 0 0 0 0 0 0 0
8 0 26 4 0 0 0 2 0 0 0 0 0 0 0 0 0 0 0 1 0 2 0 1 0 0 0 0 0 1 1 0 0 0 2 0 0 0 0 0 0 0 0 0 0 3 2 3 4 0 0 1 0 1 24 8 1 0 0 0 0 0 0 0 0 0 0 0 0 0 0 0 0 0 8 5 0 0 0 0 0 0 0 0 0 0 3 1 0 0 56 1 2 2 80 145 51 5 56 76 7 4 9 4 11 5 0 95 239 77 5 1 1 3 8 0 0 0 0 0 8 3 2 4 12 32 22 19 131 26 38 0 0 0 0 0 0 0 0 0 0 0 0 0 0 0 0 0 0 0
13 0 0 0 0 0 1 0 0 0 0 0 0 0 0 0 0 0 0 0 0 0 2 0 0 0 0 0 0 0 4 10 1 0 7 0 0 0 0 0 1 0 0 0 0 0 0 0 0 0 0 0 1 0 8 0 0 0 0 0 0 0 0 0 0 0 0 0 0 0 0 0 0 0 50 6 0 0 0 0 0 0 0 0 0 0 34 34 65 72 32 3 0 8 1 20 3 1 0 1 4 0 1 0 1 4 63 188 63 10 0 0 0 0 1 0 0 4 0 0 2 6 9 10 4 116 30 92 32 83 23 0 0 0 0 0 0 0 0 0 0 0 0 0 0 0 0 0 0 0
0 0 0 0 0 0 0 0 0 0 0 0 0 0 0 0 0 1 0 0 0 0 0 0 0 0 0 0 0 0 3 0 0 1 0 0 0 0 0 0 0 0 0 0 0 2 21 0 0 0 0 0 2 15 3 0 0 0 0 0 0 0 0 0 0 0 0 0 0 0 0 0 3 0 0 0 0 0 0 0 0 0 0 0 0 0 0 0 87 1 0 0 0 0 0 14 1 0 0 0 0 2 0 9 2 114 293 212 12 44 0 0 0 0 0 0 0 0 46 5 0 19 0 9 8 4 46 13 1 4 1 0 0 0 0 0 0 0 0 0 0 0 0 0 0 0 0 0 0 0
0 0 0 0 0 0 0 0 0 0 0 0 0 0 0 0 0 0 0 1 0 0 0 2 0 0 0 2 1 2 0 0 0 1 0 0 0 0 0 0 0 0 0 1 0 0 0 0 0 0 0 3 3 27 4 0 20 0 0 0 0 0 0 0 0 0 0 0 0 0 1 0 2 1 0 0 0 0 0 0 0 0 0 0 0 0 1 0 0 0 0 0 5 19 0 0 4 0 1 0 8 2 0 0 17 27 40 4 25 92 0 0 0 0 0 0 0 0 0 1 0 19 0 68 40 11 121 28 11 23 4 0 0 0 0 0 0 0 0 0 0 0 0 0 0 0 0 0 0 0
0 0 0 0 4 34 0 0 0 0 0 0 0 0 0 0 0 0 0 0 0 0 0 0 0 0 1 0 0 0 0 0 0 0 0 0 0 0 0 0 0 0 2 1 1 0 0 0 0 0 1 0 3 1 0 0 2 2 0 0 0 0 0 0 0 0 0 0 0 3 1 0 0 0 0 0 0 0 0 0 0 0 0 0 0 0 0 0 1 0 0 27 50 6 1 0 0 1 0 3 0 5 25 12 29 17 1 5 8 18 2 0 0 0 0 0 0 0 0 0 0 4 4 15 0 0 23 190 3 3 0 0 0 0 0 0 0 0 0 0 0 0 0 0 0 0 0 0 0 0
0 0 0 0 35 7 0 0 0 0 0 0 0 0 0 0 0 1 0 0 0 0 0 0 0 0 0 0 4 0 3 0 0 0 0 0 0 0 0 1 0 0 0 2 0 1 0 0 0 1 0 0 0 3 1 0 0 2 1 0 0 0 0 0 0 0 0 0 1 0 0 0 0 0 0 0 0 0 0 0 0 0 0 0 0 0 0 0 11 13 34 83 37 20 0 0 1 0 0 198 6 344 144 44 0 7 1 0 0 4 2 0 0 0 0 0 0 0 0 1 0 0 0 0 0 2 30 15 0 0 0 0 0 0 0 0 0 0 0 0 0 0 0 0 0 0 0 0 0 0
0 0 0 0 0 4 0 0 0 0 0 0 0 0 0 0 0 0 0 0 0 0 0 0 0 0 0 0 0 1 0 0 0 0 0 0 0 0 0 0 0 0 0 0 0 6 0 0 0 0 0 0 0 0 0 0 0 0 0 0 0 0 0 0 0 0 0 0 4 0 0 0 0 0 0 0 0 0 0 0 0 0 0 0 0 0 0 1 5 32 178 62 76 7 2 1 0 0 1 14 55 52 28 7 0 0 0 0 1 1 0 0 0 0 0 0 0 0 0 0 0 55 48 0 0 4 2 0 0 0 0 0 0 0 0 0 0 0 0 0 0 0 0 0 0 0 0 0 0 0
0 0 0 0 0 2 0 0 0 0 0 0 8 5 0 0 0 1 0 0 0 0 0 0 0 1 1 1 0 11 0 0 0 0 0 3 0 0 0 0 0 0 0 0 0 2 1 0 0 0 6 0 0 8 5 0 0 0 0 0 0 0 0 0 0 0 0 2 38 0 0 0 0 0 0 0 0 0 0 0 0 0 0 0 1 5 15 1 29 5 0 2 1 0 9 0 0 1 2 2 84 0 0 1 0 0 0 4 4 43 27 9 0 0 0 0 0 0 0 0 0 0 0 0 0 34 0 3 0 0 0 0 0 0 0 0 0 0 0 0 0 0 0 0 0 0 0 0 0 0
0 0 0 0 1 0 0 0 0 0 0 0 0 0 0 0 0 0 0 0 0 0 0 0 0 0 1 0 0 2 0 0 0 0 0 0 0 0 0 0 0 0 0 1 0 0 3 2 0 0 0 0 0 6 2 1 0 1 0 0 0 0 0 0 0 0 0 5 4 0 0 0 0 0 0 0 0 0 0 0 0 0 0 0 6 0 0 0 4 25 3 0 6 0 1 1 2 14 1 13 17 5 4 0 13 0 0 5 57 60 56 159 6 2 0 0 0 0 0 0 0 0 0 0 0 0 0 0 0 0 0 0 0 0 0 0 0 0 0 0 0 0 0 0 0 0 0 0 0 0
0 0 0 0 0 3 0 0 0 0 0 0 0 0 0 0 0 0 0 0 0 0 0 0 0 0 0 0 1 0 0 0 0 0 0 0 0 0 1 1 0 0 0 0 0 0 0 0 3 1 0 0 0 1 1 23 37 0 2 0 0 0 0 0 0 0 17 31 0 0 0 0 0 0 0 0 0 0 0 0 0 0 0 8 24 0 0 2 9 0 4 0 4 0 0 4 30 10 75 1 1 0 11 2 4 0 14 3 20 32 157 9 6 0 6 0 0 0 0 0 0 0 0 0 0 0 0 0 0 0 0 0 0 0 0 0 0 0 0 0 0 0 0 0 0 0 0 0 0 0
0 0 0 0 0 0 0 0 0 0 0 0 0 0 0 0 0 0 0 0 0 0 0 0 0 0 0 0 0 0 0 0 0 0 0 2 0 0 0 0 0 0 0 0 0 0 1 5 27 1 0 0 0 0 2 1 0 3 7 3 0 1 2 3 2 2 1 2 0 1 0 0 0 0 0 0 0 0 0 0 0 0 0 0 0 0 0 2 8 1 0 0 0 0 5 57 4 0 0 0 0 1 1 0 3 27 334 268 179 40 32 0 2 2 0 0 0 0 0 0 0 0 0 0 0 0 0 0 0 0 0 0 0 0 0 0 0 0 0 0 0 0 0 0 0 0 0 0 0 0
0 0 0 0 2 16 2 6 1 0 0 0 0 1 0 0 0 0 0 0 0 0 0 0 0 0 0 0 0 0 0 0 0 0 0 0 0 0 1 0 2 0 0 0 1 1 3 3 0 3 0 0 5 0 5 4 0 0 0 0 0 0 0 3 0 0 0 3 1 3 3 12 0 0 0 0 0 0 0 0 0 0 0 0 0 0 0 0 2 3 0 9 0 0 83 8 0 0 0 0 0 2 3 3 14 21 61 145 80 72 64 65 7 0 0 0 0 0 0 0 0 0 0 0 0 0 0 0 0 0 0 0 0 0 0 0 0 0 0 0 0 0 0 0 0 0 0 0 0 0
0 0 0 0 7 13 0 0 0 0 0 0 0 0 0 0 0 0 0 0 0 0 0 0 0 0 0 0 0 0 0 0 0 0 0 0 0 0 0 1 0 1 1 0 0 0 1 1 1 1 1 2 0 0 0 0 1 2 4 0 0 0 0 0 0 4 0 2 0 0 0 0 1 1 0 0 0 0 0 0 0 0 0 0 0 0 0 0 0 0 0 0 1 11 1 2 55 1 0 0 0 0 0 6 73 108 0 1 2 25 0 0 1 0 0 0 0 0 0 0 0 0 0 0 0 0 0 0 0 0 0 0 0 0 0 0 0 0 0 0 0 0 0 0 0 0 0 0 0 0
0 0 0 0 0 1 0 0 2 0 0 0 0 4 0 0 0 0 1 0 0 0 0 0 0 0 0 0 0 0 0 1 0 0 0 0 0 0 0 0 0 1 0 0 0 0 0 0 4 1 0 0 0 0 0 0 0 0 2 1 0 0 0 0 0 0 0 0 0 0 0 1 2 0 0 0 0 0 0 0 0 0 0 0 0 0 0 0 1 0 0 10 16 2 5 40 139 0 0 0 0 0 0 8 9 0 0 0 0 0 17 66 2 0 0 0 0 0 0 0 0 0 0 0 0 0 0 0 0 0 0 0 0 0 0 0 0 0 0 0 0 0 2 3 1 0 0 0 0 0
0 0 0 1 0 1 0 0 0 4 0 0 2 0 0 0 0 0 0 0 0 0 0 0 0 0 0 0 0 0 0 0 0 0 0 0 0 0 0 0 0 0 0 0 0 0 0 0 0 0 3 0 1 1 1 0 0 0 1 0 0 0 0 0 0 0 0 0 0 0 2 1 1 0 0 0 0 0 0 0 0 0 0 0 0 0 0 0 15 1 1 13 86 40 35 0 0 0 0 0 0 0 3 0 0 0 0 2 0 16 46 0 0 0 0 0 0 0 0 0 0 0 0 0 0 0 0 0 0 0 0 0 0 0 0 0 0 0 0 0 0 0 0 2 0 0 0 0 0 0
0 0 0 0 1 0 0 0 0 0 0 0 0 1 0 0 0 0 0 0 0 0 0 0 0 0 0 0 0 0 0 0 0 0 0 0 0 0 0 0 0 0 0 0 1 0 0 0 0 2 3 0 7 0 0 0 0 0 0 0 1 0 0 0 0 0 1 0 0 0 0 0 0 0 0 0 0 0 0 0 0 0 0 0 0 0 0 0 0 0 5 32 243 1 0 2 5 0 0 0 0 0 0 0 2 0 0 0 4 4 13 1 0 0 0 0 0 0 0 0 0 0 0 0 0 0 0 0 0 0 0 0 0 0 0 0 0 0 0 0 0 0 0 0 0 0 0 0 0 0
0 0 0 0 0 0 0 0 0 0 0 0 2 0 0 0 0 0 0 0 0 0 0 1 0 0 0 0 0 0 0 0 0 0 0 0 0 0 0 0 0 0 0 0 0 0 0 0 0 0 0 4 0 1 0 2 0 0 0 1 0 1 0 0 0 0 0 0 0 0 3 45 2 0 0 0 0 0 0 0 0 0 0 0 0 0 0 0 2 0 7 6 0 0 1 1 0 0 0 0 0 0 0 0 0 0 0 0 0 0 0 0 0 0 0 0 0 0 0 0 0 0 0 0 0 0 0 0 0 0 0 0 0 0 0 0 0 0 0 0 0 0 0 0 0 0 0 0 0 0
0 0 0 0 0 0 0 0 0 0 0 0 0 0 0 0 0 0 0 0 0 3 4 15 0 0 0 0 0 0 0 0 0 0 0 0 1 0 2 0 0 0 0 0 0 0 0 0 0 0 0 9 0 0 0 1 0 0 0 0 0 8 137 0 0 0 0 0 0 0 0 4 2 0 4 0 0 0 0 0 0 0 0 0 0 0 0 0 0 2 1 3 11 15 6 2 0 0 0 0 0 0 0 0 0 0 0 0 0 0 0 0 0 0 0 0 0 0 0 0 0 0 0 0 0 0 0 0 0 0 0 0 0 0 0 0 0 0 0 0 0 0 0 0 0 0 0 0 0 0
0 0 0 0 0 0 0 0 0 0 0 0 2 0 0 0 0 0 0 0 4 0 1 0 1 0 0 0 0 0 0 0 0 0 0 0 0 0 1 0 0 0 0 0 0 0 0 0 0 0 0 64 54 2 1 0 0 0 0 0 1 19 28 0 0 0 0 0 0 0 0 0 0 0 5 0 0 0 0 0 0 0 0 0 0 0 0 0 0 0 7 0 0 8 24 1 0 0 0 0 0 0 0 0 0 0 0 0 0 0 0 0 0 0 0 0 0 0 0 0 0 0 0 0 0 0 0 0 0 0 0 0 0 0 0 0 0 0 0 0 0 0 0 0 0 0 0 0 0 0
0 0 0 0 0 0 0 0 0 0 0 0 2 0 0 0 0 0 0 0 0 0 0 0 0 0 0 0 0 0 0 0 0 0 0 0 0 0 0 1 0 0 0 0 0 0 0 0 0 5 3 17 52 1 3 0 0 0 0 0 0 3 0 0 0 0 0 0 0 0 0 0 0 3 0 1 0 0 0 0 0 0 0 0 0 0 0 0 0 0 0 1 1 5 15 0 0 0 0 0 0 0 0 0 0 0 0 0 0 0 0 0 0 0 0 0 0 0 0 0 0 0 0 0 0 0 0 0 0 0 0 0 0 0 0 0 0 0 0 0 0 0 0 0 0 0 0 0 0 0
0 0 0 0 0 0 0 0 0 0 0 0 4 0 0 0 0 0 1 0 0 1 0 0 0 0 0 0 0 0 0 0 0 0 0 0 0 0 10 2 0 0 0 0 0 0 0 0 1 1 1 8 65 0 13 0 0 0 0 0 0 3 3 0 0 0 0 0 0 0 0 0 0 0 0 0 0 0 0 0 0 0 0 0 0 0 0 0 0 0 0 0 4 4 1 1 2 1 0 3 0 0 0 0 0 0 0 0 0 0 0 0 0 0 0 0 0 0 0 0 0 0 0 0 0 0 0 0 0 0 0 0 0 0 0 0 0 0 0 0 0 0 0 0 0 0 0 0 0 0
0 0 0 0 0 0 0 0 1 1 0 0 0 0 2 0 0 0 0 0 0 0 0 2 0 1 0 0 0 0 0 0 0 0 0 1 0 0 0 0 0 0 0 0 0 0 0 4 19 0 0 0 5 0 0 0 0 0 0 1 2 2 0 0 0 0 0 0 0 0 0 0 0 0 0 0 0 0 0 0 0 0 0 0 0 0 0 0 0 0 0 0 0 0 0 4 1 0 0 0 0 0 0 0 0 0 0 0 0 0 0 0 0 0 0 0 0 0 0 0 0 0 0 0 0 0 0 0 0 0 0 0 0 0 0 0 0 0 0 0 0 0 0 0 0 1 0 0 0 0
0 0 1 0 0 0 0 0 0 0 0 0 0 0 0 0 0 0 0 0 0 0 0 1 1 0 0 0 0 0 0 0 0 0 9 0 0 0 0 0 0 0 0 0 0 1 1 2 0 0 0 0 0 0 0 0 0 0 0 1 0 0 0 0 0 0 0 0 0 0 0 0 0 0 0 0 0 0 0 0 0 0 0 0 0 0 0 0 0 0 0 0 0 0 0 1 9 13 0 0 0 0 0 0 0 0 0 0 0 0 0 0 0 0 0 0 0 0 0 0 0 0 0 0 0 0 0 0 0 0 0 0 0 0 0 0 0 0 0 0 0 0 0 0 3 9 0 0 0 0
0 0 0 0 0 0 0 0 0 0 0 0 0 0 0 0 0 0 0 6 0 0 0 0 0 0 0 0 0 0 0 0 0 0 0 0 0 0 0 0 0 0 0 0 0 0 2 0 0 0 0 0 0 0 0 0 0 0 0 0 0 0 0 0 0 0 0 0 0 0 0 1 0 0 0 0 0 0 0 0 0 0 0 0 0 0 0 0 0 0 0 0 0 0 1 0 4 0 0 0 2 0 0 0 0 0 0 0 0 0 0 0 0 0 0 0 0 0 0 0 0 0 0 0 0 0 0 0 0 0 0 0 0 0 0 0 0 0 0 0 0 0 0 0 0 0 0 0 0 0
0 0 0 0 0 0 0 0 0 0 0 2 0 0 0 0 0 0 0 0 0 0 0 0 0 0 0 0 0 0 0 0 0 0 0 0 0 0 0 0 0 0 0 0 0 0 0 0 0 0 0 0 0 0 0 0 0 0 0 0 0 0 0 0 0 0 0 0 0 0 1 2 0 0 0 0 0 0 0 0 0 0 0 0 0 0 0 0 0 0 0 0 0 0 3 0 0 0 0 0 0 1 0 0 0 0 0 0 0 0 0 0 0 0 0 0 0 0 0 0 0 0 0 0 0 0 0 0 0 0 0 0 0 0 0 0 0 0 0 0 0 0 0 0 0 0 0 0 0 0
0 0 0 0 0 0 0 0 0 0 1 0 0 0 0 0 0 0 0 0 0 0 0 0 0 0 0 0 0 0 0 0 0 0 0 0 0 0 0 0 0 0 0 0 2 1 0 0 0 0 0 0 0 0 0 0 0 0 0 0 1 0 0 0 0 0 0 0 0 0 3 0 0 0 0 0 0 0 0 0 0 0 0 0 0 0 0 0 0 0 0 0 0 0 0 0 1 0 0 0 0 0 0 0 0 0 0 0 0 0 0 0 0 0 0 0 0 0 0 0 0 0 0 0 0 0 0 0 0 0 0 0 0 0 0 0 0 0 0 0 0 0 0 0 0 0 0 0 0 0
1 0 0 0 0 0 0 0 0 0 0 0 2 0 0 1 7 1 0 0 0 0 0 0 0 0 0 0 0 0 0 0 0 0 0 0 0 0 0 0 0 0 0 2 0 0 0 1 0 0 0 0 0 0 0 0 0 0 0 0 1 0 0 0 0 0 0 0 33 1 0 2 0 0 0 0 0 0 0 0 0 0 0 0 0 0 0 0 0 0 0 0 0 0 0 0 4 0 2 0 0 0 0 0 0 0 0 0 0 0 0 0 0 0 0 0 0 0 0 0 0 0 0 0 0 0 0 0 0 0 0 0 0 0 0 0 0 0 0 0 0 0 0 0 0 0 0 0 0 0
1 0 0 0 0 0 0 0 0 0 0 0 2 0 0 1 1 2 0 0 0 0 0 0 0 0 0 0 0 0 0 0 0 0 0 0 1 0 0 0 1 0 1 0 0 0 0 0 0 0 0 0 0 0 0 0 0 0 0 0 5 3 1 0 0 0 0 1 74 46 0 0 0 0 0 0 0 0 0 0 0 0 0 0 0 0 0 0 0 0 0 0 0 0 0 0 0 0 0 0 0 0 0 0 0 0 0 0 0 0 0 0 0 0 0 0 0 0 0 0 0 0 0 0 0 0 0 0 0 0 0 0 0 0 0 0 0 0 0 0 0 0 0 0 0 0 0 0 0 0
0 0 1 0 0 0 0 0 0 0 0 0 30 0 0 0 6 1 0 7 0 0 0 7 0 1 0 0 0 0 1 0 0 0 0 1 1 3 2 3 0 0 2 0 0 0 0 0 0 0 0 0 0 0 0 0 0 0 0 0 0 0 0 0 41 14 2 0 0 0 0 0 0 0 0 0 0 0 0 0 0 0 0 0 0 0 0 0 0 0 0 0 0 0 0 0 0 0 0 0 0 0 0 0 0 0 0 0 0 0 0 0 0 0 0 0 0 0 0 0 0 0 0 0 0 0 0 0 0 0 0 0 0 0 0 0 0 0 0 0 0 0 0 0 0 0 0 0 0 0
2 14 3 0 0 0 0 0 0 0 0 0 2 0 0 0 2 0 0 2 7 158 19 13 2 0 0 0 0 0 0 0 0 0 1 1 13 3 0 1 0 0 0 0 0 0 0 0 0 0 0 0 0 0 0 0 0 0 0 0 0 0 0 0 1 4 0 0 0 0 0 0 0 0 0 0 0 0 0 0 0 0 0 0 0 0 0 0 0 0 0 0 0 0 0 0 0 0 0 0 0 0 0 0 0 0 0 0 0 0 0 0 0 0 0 0 0 0 0 0 0 0 0 0 0 0 0 0 0 0 0 0 0 0 0 0 0 0 0 0 0 0 0 0 0 0 0 0 0 0
8 3 1 1 0 0 0 0 0 0 0 0 0 0 0 0 3 3 0 3 0 135 6 7 5 3 0 0 0 5 3 0 0 0 0 0 0 0 0 0 0 5 0 0 0 0 0 0 0 0 0 0 0 0 0 0 0 0 0 0 0 0 0 0 0 0 0 0 0 0 0 0 0 0 0 0 0 0 0 0 0 0 0 0 0 0 0 0 0 2 0 0 0 0 0 0 0 0 0 0 0 0 0 0 0 0 0 0 0 0 0 0 0 0 0 0 0 0 0 0 0 0 0 0 0 0 0 0 0 0 0 0 0 0 0 0 0 0 0 0 0 0 0 0 0 0 0 0 0 0
0 0 0 0 0 0 0 0 0 0 0 0 0 0 0 0 1 0 0 2 0 4 1 3 0 5 1 0 2 0 0 0 0 0 0 0 0 0 0 0 0 1 0 0 0 0 0 0 0 0 0 0 0 0 0 0 0 0 0 0 0 0 0 0 0 0 0 0 0 0 0 0 0 0 0 0 0 0 0 0 0 0 0 0 0 0 0 0 0 0 0 0 0 0 0 0 0 0 0 0 0 0 0 0 0 0 0 0 0 0 0 0 0 0 0 0 0 0 0 0 0 0 0 0 0 0 0 0 0 0 0 0 0 0 0 0 0 0 0 0 0 0 0 0 0 0 0 0 0 0
0 0 0 0 0 0 0 0 0 0 0 0 0 0 0 0 0 0 1 0 0 0 0 0 3 3 3 6 4 0 0 0 0 1 2 0 0 0 0 0 0 0 0 0 0 0 0 0 0 0 0 0 0 0 0 0 0 0 0 0 0 0 0 0 0 0 0 0 0 0 0 0 0 0 0 0 0 0 0 0 0 0 0 0 0 0 0 0 0 0 0 0 0 0 0 0 0 0 0 0 0 0 0 0 0 0 0 0 0 0 0 0 0 0 0 0 0 0 0 0 0 0 0 0 0 0 0 0 0 0 0 0 0 0 0 0 0 0 0 0 0 0 0 0 0 0 0 0 0 0
0 0 0 0 0 0 0 0 0 0 0 0 0 0 0 0 0 0 0 0 0 0 0 0 0 0 0 1 167 9 2 0 1 13 0 0 1 0 0 0 0 0 0 0 0 0 0 0 0 0 0 0 0 0 0 0 0 0 0 0 0 0 0 0 0 0 0 0 0 0 0 0 0 0 0 0 0 0 0 0 0 0 0 0 0 0 0 0 0 0 0 0 0 0 0 0 0 0 0 0 0 0 0 0 0 0 0 0 0 0 0 0 0 0 0 0 0 0 0 0 0 0 0 0 0 0 0 0 0 0 0 0 0 0 0 0 0 0 0 0 0 0 0 0 0 0 0 0 0 0
0 1 0 0 0 0 0 0 0 0 0 0 0 0 0 0 0 0 0 0 0 0 0 0 0 0 3 0 0 0 0 0 0 2 0 0 3 0 0 0 0 0 0 0 0 0 0 0 0 0 0 0 0 0 0 0 0 0 0 0 0 0 0 0 0 0 0 0 0 0 0 0 0 0 0 0 0 0 0 0 0 0 0 0 0 0 0 0 0 0 0 0 0 0 0 0 0 0 0 0 0 0 0 0 0 0 0 0 0 0 0 0 0 0 0 0 0 0 0 0 0 0 0 0 0 0 0 0 0 0 0 0 0 0 0 0 0 0 0 0 0 0 0 0 0 0 0 0 0 0
0 0 0 0 0 0 0 0 0 0 0 0 0 0 0 0 0 0 0 0 0 0 0 0 2 0 4 0 1 0 7 0 0 0 0 0 0 0 0 0 0 0 0 0 0 0 0 0 0 0 0 0 0 0 0 0 0 0 0 0 0 0 0 0 0 0 0 0 0 0 0 0 0 0 0 0 0 0 0 0 0 0 0 0 0 0 0 0 0 0 0 0 0 0 0 0 0 0 0 0 0 0 0 0 0 0 0 0 0 0 0 0 0 0 0 0 0 0 0 0 0 0 0 0 0 0 0 0 0 0 0 0 0 0 0 0 0 0 0 0 0 0 0 0 0 0 0 0 0 0
0 0 0 0 0 0 0 0 0 0 0 0 0 0 0 0 0 0 0 0 0 0 0 0 0 0 0 0 0 0 0 0 6 0 0 0 2 1 0 0 0 0 0 0 0 0 0 0 0 0 0 0 0 0 0 0 0 0 0 0 0 0 0 0 0 0 0 0 0 0 0 0 0 0 0 0 0 0 0 0 0 0 0 0 0 0 0 0 0 0 0 0 0 0 0 0 0 0 0 0 0 0 0 0 0 0 0 0 0 0 0 0 0 0 0 0 0 0 0 0 0 0 0 0 0 0 0 0 0 0 0 0 0 0 0 0 0 0 0 0 0 0 0 0 0 0 0 0 0 0
0 0 0 0 0 0 0 0 0 0 1 1 1 0 0 0 0 0 0 0 0 0 0 0 0 0 0 5 1 0 2 0 0 0 0 0 0 0 0 0 0 0 0 0 0 0 0 0 0 0 0 0 0 0 0 0 0 0 0 0 0 0 0 0 0 0 0 0 0 0 0 0 0 0 0 0 0 0 0 0 0 0 0 0 0 0 0 0 0 0 0 0 0 0 0 0 0 0 0 0 0 0 0 0 0 0 0 0 0 0 0 0 0 0 0 0 0 0 0 0 0 0 0 0 0 0 0 0 0 0 0 0 0 0 0 0 0 0 0 0 0 0 0 0 0 0 0 0 0 0
0 0 0 0 0 0 0 0 0 0 0 0 0 0 0 0 0 0 0 0 0 0 0 0 0 0 0 0 0 0 0 0 1 2 0 0 0 0 0 0 0 0 0 0 0 0 0 0 0 0 0 0 0 0 0 0 0 0 0 0 0 0 0 0 0 0 0 0 0 0 0 0 0 0 0 0 0 0 0 0 0 0 0 0 0 0 0 0 0 0 0 0 0 0 0 0 0 0 0 0 0 0 0 0 0 0 0 0 0 0 0 0 0 0 0 0 0 0 0 0 0 0 0 0 0 0 0 0 0 0 0 0 0 0 0 0 0 0 0 0 0 0 0 0 0 0 0 0 0 0
0 0 0 0 0 0 0 0 0 0 0 0 0 0 0 0 0 0 0 0 0 0 0 0 0 0 0 0 0 0 0 0 0 1 0 0 0 0 0 0 0 0 0 0 0 0 0 0 0 0 0 0 0 0 0 0 0 0 0 0 0 0 0 0 0 0 0 0 0 0 0 0 0 0 0 0 0 0 0 0 0 0 0 0 0 0 0 0 0 0 0 0 0 0 0 0 0 0 0 0 0 0 0 0 0 0 0 0 0 0 0 0 0 0 0 0 0 0 0 0 0 0 0 0 0 0 0 0 0 0 0 0 0 0 0 0 0 0 0 0 0 0 0 0 0 0 0 0 0 0
0 0 0 0 0 0 0 0 1 1 0 0 0 0 0 0 0 0 0 0 0 0 0 0 0 0 0 0 0 0 0 0 0 0 0 0 0 0 0 0 0 0 0 0 0 0 0 0 0 0 0 0 0 0 0 0 0 0 0 0 0 0 0 0 0 0 0 0 0 0 0 0 0 0 0 0 0 0 0 0 0 0 0 0 0 0 0 0 0 0 0 0 0 0 0 0 0 0 0 0 0 0 0 0 0 0 0 0 0 0 0 0 0 0 0 0 0 0 0 0 0 0 0 0 0 0 0 0 0 0 0 0 0 0 0 0 0 0 0 0 0 0 0 0 0 0 0 0 0 0
0 0 0 0 0 0 0 0 0 1 1 0 0 0 0 0 0 0 0 0 0 0 0 0 0 0 0 0 0 0 0 0 0 0 0 0 0 0 0 0 0 0 0 0 0 0 0 0 0 0 0 0 0 0 0 4 0 0 0 0 0 0 0 0 0 0 0 0 0 0 0 0 0 0 0 0 0 0 0 0 0 0 0 0 0 0 0 0 0 0 0 0 0 0 0 0 0 0 0 0 0 0 0 0 0 0 0 0 0 0 0 0 0 0 0 0 0 0 0 0 0 0 0 0 0 0 0 0 0 0 0 0 0 0 0 0 0 0 0 0 0 0 0 0 0 0 0 0 0 0
0 0 0 0 0 0 0 0 9 10 0 0 0 0 0 0 0 0 0 0 0 0 0 0 0 0 0 0 0 0 0 0 0 0 0 0 0 0 0 0 0 0 0 0 0 0 0 0 1 0 2 0 0 0 0 0 0 0 0 0 0 0 0 0 0 0 0 0 0 0 0 0 0 0 0 0 0 0 0 0 0 0 0 0 0 0 0 0 0 0 0 0 0 0 0 0 0 0 0 0 0 0 0 0 0 0 0 0 0 0 0 0 0 0 0 0 0 0 0 0 0 0 0 0 0 0 0 0 0 0 0 0 0 0 0 0 0 0 0 0 0 0 0 0 0 0 0 0 0 0
0 0 0 0 0 1 17 5 2 2 0 0 0 0 0 0 0 0 0 0 0 0 0 0 0 0 0 0 0 0 0 0 0 0 0 0 0 0 0 0 0 0 0 0 0 0 0 0 0 13 26 0 0 0 0 0 0 0 0 0 0 0 0 0 0 0 0 0 0 0 0 0 0 0 0 0 0 0 0 0 0 0 0 0 0 0 0 0 0 0 0 0 0 0 0 0 0 0 0 0 0 0 0 0 0 0 0 0 0 0 0 0 0 0 0 0 0 0 0 0 0 0 0 0 0 0 0 0 0 0 0 0 0 0 0 0 0 0 0 0 0 0 0 0 0 0 0 0 0 0
0 0 0 0 0 0 12 21 0 0 0 0 0 0 0 0 0 0 0 0 0 0 0 0 0 0 0 0 0 0 0 0 0 0 0 0 0 0 0 0 0 0 0 0 0 0 0 0 1 0 0 0 0 0 0 0 0 0 0 0 0 0 0 0 0 0 0 0 0 0 0 0 0 0 0 0 0 0 0 0 0 0 0 0 0 0 0 0 0 0 0 0 0 0 0 0 0 0 0 0 0 0 0 0 0 0 0 0 0 0 0 0 0 0 0 0 0 0 0 0 0 0 0 0 0 0 0 0 0 0 0 0 0 0 0 0 0 0 0 0 0 0 0 0 0 0 0 0 0 0
0 0 0 0 0 0 0 0 0 0 0 0 0 0 0 0 0 0 0 0 0 0 0 0 0 0 0 0 0 0 0 0 0 0 0 0 0 0 0 0 0 0 0 0 0 0 0 0 0 0 0 0 9 40 0 0 0 0 1 0 0 0 0 0 0 0 0 0 0 0 0 0 0 0 0 0 0 0 0 0 0 0 0 0 0 0 0 0 0 0 0 0 0 0 0 0 0 0 0 0 0 0 0 0 0 0 0 0 0 0 0 0 0 0 0 0 0 0 0 0 0 0 0 0 0 0 0 0 0 0 0 0 0 0 0 0 0 0 0 0 0 0 0 0 0 0 0 0 0 0
0 0 0 0 0 0 0 0 0 0 0 0 0 0 0 0 0 0 0 0 0 0 0 0 0 0 0 0 0 0 0 0 0 0 0 0 0 0 0 0 0 0 0 0 0 0 0 0 0 0 0 0 0 1 0 0 0 0 0 0 0 0 0 0 0 0 0 0 0 0 0 0 0 0 0 0 0 0 0 0 0 0 0 0 0 0 0 0 0 0 0 0 0 0 0 0 0 0 0 0 0 0 0 0 0 0 0 0 0 0 0 0 0 0 0 0 0 0 0 0 0 0 0 0 0 0 0 0 0 0 0 0 0 0 0 0 0 0 0 0 0 0 0 0 0 0 0 0 0 0
0 0 0 0 0 0 0 0 0 0 0 0 0 0 0 0 0 0 0 0 0 0 0 0 0 0 0 0 0 0 0 0 0 0 0 0 0 2 0 0 0 0 0 0 0 0 0 0 0 0 0 0 0 0 0 0 0 0 0 0 0 0 0 0 0 0 0 0 0 0 0 0 0 0 0 0 0 0 0 0 0 0 0 0 0 0 0 0 0 0 0 0 0 0 0 0 0 0 0 0 0 0 0 0 0 0 0 0 0 0 0 0 0 0 0 0 0 0 0 0 0 0 0 0 0 0 0 0 0 0 0 0 0 0 0 0 0 0 0 0 0 0 0 0 0 0 0 0 0 0
0 0 0 0 0 0 0 0 0 0 0 0 0 0 0 0 0 0 0 0 0 0 0 0 0 0 0 0 0 0 0 0 0 0 0 0 0 0 0 0 0 0 0 0 0 0 0 0 0 0 0 0 0 0 0 0 0 0 0 0 0 0 0 0 0 0 0 0 0 0 0 0 0 0 0 0 0 0 0 0 0 0 0 0 0 0 0 0 0 0 0 0 0 0 0 0 0 0 0 0 0 0 0 0 0 0 0 0 0 0 0 0 0 0 0 0 0 0 0 0 0 0 0 0 0 0 0 0 0 0 0 0 0 0 0 0 0 0 0 0 0 0 0 0 0 0 0 0 0 0
0 0 0 0 0 0 0 0 0 0 0 0 0 0 0 0 0 0 0 0 0 0 0 0 0 0 0 0 0 0 1 0 0 0 0 0 0 0 0 0 0 0 0 0 0 0 0 0 0 0 0 0 0 1 0 0 0 0 0 0 0 0 0 0 0 0 0 0 0 0 0 0 0 0 0 0 0 0 0 0 0 0 0 0 0 0 0 0 0 0 0 0 0 0 0 0 0 0 0 0 0 0 0 0 0 0 0 0 0 0 0 0 0 0 0 0 0 0 0 0 0 0 0 0 0 0 0 0 0 0 0 0 0 0 0 0 0 0 0 0 0 0 0 0 0 0 0 0 0 0
0 0 0 0 0 0 0 0 0 0 0 0 0 0 0 0 0 0 0 0 0 0 0 0 0 0 0 0 0 1 0 10 1 0 0 0 0 0 0 0 0 0 0 0 0 0 0 0 0 0 0 0 0 0 0 0 0 0 0 0 0 0 0 0 0 0 0 0 0 0 0 0 0 0 0 0 0 0 0 0 0 0 0 0 0 0 0 0 0 0 0 0 0 0 0 0 0 0 0 0 0 0 0 0 0 0 0 0 0 0 0 0 0 0 0 0 0 0 0 0 0 0 0 0 0 0 0 0 0 0 0 0 0 0 0 0 0 0 0 0 0 0 0 0 0 0 0 0 0 0
0 0 0 0 0 0 0 0 0 0 0 0 0 0 0 0 0 0 0 0 0 0 0 0 0 0 0 0 0 0 0 7 0 0 0 0 0 0 0 0 0 0 0 0 0 0 0 0 0 0 0 0 0 0 0 0 0 0 0 0 0 0 0 0 0 0 0 0 0 0 0 0 0 0 0 0 0 0 0 0 0 0 0 0 0 0 0 0 0 0 0 0 0 0 0 0 0 0 0 0 0 0 0 0 0 0 0 0 0 0 0 0 0 0 0 0 0 0 0 0 0 0 0 0 0 0 0 0 0 0 0 0 0 0 0 0 0 0 0 0 0 0 0 0 0 0 0 0 0 0
0 0 0 0 0 0 0 0 0 0 0 0 0 0 0 0 0 0 0 0 0 0 0 0 0 0 0 0 0 1 0 0 0 0 0 0 0 0 0 0 0 0 0 0 0 0 0 0 0 0 0 0 0 0 0 0 0 0 0 0 0 0 0 0 0 0 0 0 0 0 0 0 0 0 0 0 0 0 0 0 0 0 0 0 0 0 0 0 0 0 0 0 0 0 0 0 0 0 0 0 0 0 0 0 0 0 0 0 0 0 0 0 0 0 0 0 0 0 0 0 0 0 0 0 0 0 0 0 0 0 0 0 0 0 0 0 0 0 0 0 0 0 0 0 0 0 0 0 0 0
0 0 0 0 0 0 0 0 0 0 0 0 0 0 0 0 0 0 0 0 0 0 0 0 0 0 0 0 0 98 21 0 0 0 0 1 0 0 0 0 0 0 0 0 0 0 0 0 0 0 0 0 0 0 0 0 0 0 0 0 0 0 0 0 0 0 0 0 0 0 0 0 0 0 0 0 0 0 0 0 0 0 0 0 0 0 0 0 0 0 0 0 0 0 0 0 0 0 0 0 0 0 0 0 0 0 0 0 0 0 0 0 0 0 0 0 0 0 0 0 0 0 0 0 0 0 0 0 0 0 0 0 0 0 0 0 0 0 0 0 0 0 0 0 0 0 0 0 0 0
0 0 0 0 0 0 0 0 0 0 0 0 0 0 0 0 0 0 0 0 0 0 0 0 0 0 5 0 0 0 0 0 0 0 0 0 0 0 0 0 0 0 0 0 0 0 0 0 0 21 0 0 0 0 0 0 0 0 0 0 0 0 0 0 0 0 0 0 0 0 0 0 0 0 0 0 0 0 0 0 0 0 0 0 0 0 0 0 0 0 0 0 0 0 0 0 0 0 0 0 0 0 0 0 0 0 0 0 0 0 0 0 0 0 0 0 0 0 0 0 0 0 0 0 0 0 0 0 0 0 0 0 0 0 0 0 0 0 0 0 0 0 0 0 0 0 0 0 0 0
0 0 0 0 0 0 0 0 0 0 0 0 0 0 0 0 0 0 0 0 0 0 0 0 0 0 14 0 0 0 0 0 0 0 0 0 0 0 0 0 0 0 0 0 0 0 0 0 0 0 0 0 0 0 0 0 0 0 0 0 0 0 0 0 0 0 0 0 0 0 0 0 0 0 0 0 0 0 0 0 0 0 0 0 0 0 0 0 0 0 0 0 0 0 0 0 0 0 0 0 0 0 0 0 0 0 0 0 0 0 0 0 0 0 0 0 0 0 0 0 0 0 0 0 0 0 0 0 0 0 0 0 0 0 0 0 0 0 0 0 0 0 0 0 0 0 0 0 0 0
0 0 0 0 0 0 0 0 0 0 0 0 0 0 0 0 0 0 0 0 0 0 0 0 0 0 0 0 1 0 0 0 0 0 0 0 0 0 0 0 0 0 0 0 0 0 0 0 0 0 0 0 0 0 0 0 0 0 0 0 0 0 0 0 0 0 0 0 0 0 0 0 0 0 0 0 0 0 0 0 0 0 0 0 0 0 0 0 0 0 0 0 0 0 0 0 0 0 0 0 0 0 0 0 0 0 0 0 0 0 0 0 0 0 0 0 0 0 0 0 0 0 0 0 0 0 0 0 0 0 0 0 0 0 0 0 0 0 0 0 0 0 0 0 0 0 0 0 0 0
0 0 0 0 0 0 0 0 0 0 0 0 0 0 0 0 0 0 0 0 0 0 0 0 0 0 0 0 0 0 0 0 0 0 0 0 0 0 0 0 0 0 0 0 0 0 0 0 0 0 0 0 0 0 0 0 0 0 0 0 0 0 0 0 0 0 0 0 0 0 0 0 0 0 0 0 0 0 0 0 0 0 0 0 0 0 0 0 0 0 0 0 0 0 0 0 0 0 0 0 0 0 0 0 0 0 0 0 0 0 0 0 0 0 0 0 0 0 0 0 0 0 0 0 0 0 0 0 0 0 0 0 0 0 0 0 0 0 0 0 0 0 0 0 0 0 0 0 0 0
0 0 0 0 0 0 0 0 0 0 0 0 0 0 0 0 0 0 0 0 0 0 0 0 0 0 0 0 0 0 0 0 0 0 0 0 0 0 0 0 0 0 0 0 0 0 0 0 0 0 0 0 0 0 0 0 0 0 0 0 0 0 0 0 0 0 0 0 0 0 0 0 0 0 0 0 0 0 0 0 0 0 0 0 0 0 0 0 0 0 0 0 0 0 0 0 0 0 0 0 0 0 0 0 0 0 0 0 0 0 0 0 0 0 0 0 0 0 0 0 0 0 0 0 0 0 0 0 0 0 0 0 0 0 0 0 0 0 0 0 0 0 0 0 0 0 0 0 0 0
0 0 0 0 0 0 0 0 0 0 0 0 0 0 0 0 0 0 0 0 0 0 0 0 0 0 0 0 0 0 0 0 0 0 0 0 0 0 0 0 0 0 0 0 0 0 0 0 0 0 0 0 0 0 0 0 0 0 0 0 0 0 0 0 0 0 0 0 0 0 0 0 0 0 0 0 0 0 0 0 0 0 0 0 0 0 0 0 0 0 0 0 0 0 0 0 0 0 0 0 0 0 0 0 0 0 0 0 0 0 0 0 0 0 0 0 0 0 0 0 0 0 0 0 0 0 0 0 0 0 0 0 0 0 0 0 0 0 0 0 0 0 0 0 0 0 0 0 0 0
0 0 0 0 0 0 0 0 0 0 0 0 0 0 0 0 0 0 0 0 0 0 0 0 0 0 0 0 0 0 0 0 0 0 0 0 0 0 0 0 0 0 0 0 0 0 0 0 0 0 0 0 0 0 0 0 0 0 0 0 0 0 0 0 0 0 0 0 0 0 0 0 0 0 0 0 0 0 0 0 0 0 0 0 0 0 0 0 0 0 0 0 0 0 0 0 0 0 0 0 0 0 0 0 0 0 0 0 0 0 0 0 0 0 0 0 0 0 0 0 0 0 0 0 0 0 0 0 0 0 0 0 0 0 0 0 0 0 0 0 0 0 0 0 0 0 0 0 0 0
0 0 0 0 0 0 0 0 0 0 0 0 0 0 0 0 0 0 0 0 0 0 0 0 0 0 0 0 0 0 0 0 0 0 0 0 0 0 0 0 0 0 0 0 0 0 0 0 0 0 0 0 0 0 0 0 0 0 0 0 0 0 0 0 0 0 0 0 0 0 0 0 0 0 0 0 0 0 0 0 0 0 0 0 0 0 0 0 0 0 0 0 0 0 0 0 0 0 0 0 0 0 0 0 0 0 0 0 0 0 0 0 0 0 0 0 0 0 0 0 0 0 0 0 0 0 0 0 0 0 0 0 0 0 0 0 0 0 0 0 0 0 0 0 0 0 0 0 0 0
