3 0 20 5 4 0 0 1 16 118 8 14 0 5 0 0 0 1 1 0 3 1 0 0 0 17 0 1 0 0 0 0 1 3 12 6 0 0 1 5 0 0 0 0 5 0 0 0 0 0 0 0 1 1 9 4 0 0 0 3 45 21 5 8 2 11 10 0 0 0 0 8 21 150 166 407 142 69 57 8 33 241 58 52 63 193 192 167 80 220 987 684 87 618 472 967 1031 757 740 201 233 135 28 68 11 36 65 599 378 29 17 3 27 106 71 39 42 48 6 0 7 78 35 8 10 23 0 5 10 26 2 28 2 16 1 0 0 5 0 0 5 0 0 0 0 0 0 0 2 8
0 5 10 3 0 0 0 0 0 164 7 25 4 3 0 0 0 21 13 0 0 4 27 0 15 142 0 1 0 0 0 0 0 0 2 3 0 0 2 2 0 0 0 0 0 0 0 0 0 0 0 0 0 3 14 0 0 0 0 20 170 27 7 19 15 1 0 1 1 1 0 7 25 72 18 13 58 104 16 47 107 76 10 39 92 207 365 106 302 329 115 27 336 405 292 347 681 539 988 833 291 136 28 54 41 8 1 20 78 13 8 18 2 27 63 26 3 37 1 25 2 8 24 14 8 4 0 14 15 29 21 9 68 57 1 0 0 0 4 93 7 0 0 0 0 0 0 0 0 0
2 0 0 2 9 0 0 0 1 16 3 2 15 10 3 0 0 2 5 4 1 21 106 12 13 0 3 15 0 0 0 0 0 1 0 9 2 2 0 77 3 0 0 9 0 0 0 0 0 0 0 0 0 0 12 1 1 1 2 7 30 12 6 12 2 0 8 0 0 0 0 5 106 0 1 0 3 70 126 200 197 40 17 50 42 196 638 162 12 19 77 19 359 820 691 739 264 383 300 497 517 358 20 62 37 30 6 22 238 137 81 12 5 17 11 10 13 117 13 26 110 14 11 4 3 7 3 12 1 22 6 3 82 231 0 0 15 0 22 124 52 2 0 0 0 0 0 0 0 0
54 5 0 0 0 0 0 0 0 7 4 2 0 0 0 5 0 0 2 1 0 1 146 19 57 1 2 20 19 0 1 0 0 1 0 5 0 7 0 2 11 0 1 0 0 0 0 0 0 0 2 0 0 2 138 29 1 25 62 6 3 4 11 17 0 0 0 0 0 1 10 82 26 2 2 6 15 162 243 506 179 103 122 185 239 10 58 169 9 169 876 1007 1194 785 887 408 99 247 665 485 569 653 153 18 36 126 27 21 334 84 29 47 75 13 2 6 17 146 97 11 35 81 59 9 5 8 4 2 17 4 1 25 37 0 58 7 20 3 0 16 28 9 0 0 0 0 0 1 0 0
4 12 0 0 0 0 0 0 0 2 2 2 0 0 0 17 9 3 5 0 0 1 6 0 1 0 0 0 0 1 1 0 0 2 1 21 10 0 1 0 4 0 0 0 0 0 0 0 4 7 1 0 0 30 49 176 71 65 2 3 26 1 0 17 0 0 0 0 1 16 133 59 93 108 32 67 62 233 291 318 544 361 342 252 263 108 48 48 64 313 1020 1670 415 909 415 249 143 585 383 784 783 1006 693 572 560 191 99 24 5 7 14 25 50 214 9 1 6 57 90 95 447 888 201 56 1 4 3 2 7 10 1 2 0 1 4 3 0 6 0 0 28 9 0 0 0 0 0 0 0 0
14 3 1 1 0 0 0 0 1 0 5 0 0 0 0 5 0 0 16 61 2 6 0 0 0 0 0 0 0 2 0 3 0 0 13 123 50 25 3 0 1 0 0 0 0 0 0 0 0 18 38 6 0 1 21 47 40 18 15 4 0 0 5 7 0 0 0 0 4 57 100 160 166 111 115 83 50 46 55 530 1422 792 383 34 4 450 107 42 17 162 1616 1407 193 465 772 439 160 1685 375 642 422 599 1195 552 44 154 51 48 8 6 3 2 17 79 7 11 45 6 0 24 177 127 4 4 5 8 1 1 2 4 7 1 0 1 0 0 24 1 0 0 0 6 0 0 0 0 0 0 0 0
6 0 0 4 0 0 0 0 4 9 9 0 0 3 2 0 0 0 0 2 0 0 3 0 0 0 0 0 0 0 3 1 0 0 0 10 4 2 6 0 0 0 0 0 0 0 0 0 0 2 2 8 3 1 1 41 18 4 18 12 1 11 0 3 11 0 0 0 8 64 68 77 205 336 309 131 402 284 480 514 1191 1203 1149 639 211 24 9 180 128 128 1195 1171 139 453 867 401 347 508 588 39 41 288 155 245 32 70 121 36 28 19 63 151 163 71 40 71 7 3 16 29 107 109 8 11 8 3 23 10 0 0 4 0 0 0 0 0 0 70 0 0 0 0 0 0 0 0 0 0 0 0
2 0 0 0 0 0 0 0 5 0 7 0 0 1 0 0 0 0 0 0 0 0 0 0 0 0 0 0 0 2 14 0 0 0 2 4 1 0 9 7 0 0 0 0 0 0 0 0 1 0 0 0 7 9 6 17 2 29 43 33 57 106 35 4 21 17 0 0 9 83 10 7 71 65 68 38 80 144 608 1061 1414 845 1213 244 191 155 183 624 309 105 591 119 95 456 399 369 342 717 681 315 179 375 375 559 186 135 29 47 106 29 342 348 162 83 27 86 0 2 4 18 48 11 4 13 13 7 41 5 11 0 0 0 0 0 0 0 1 2 0 0 0 0 0 0 0 0 0 0 0 0
14 0 0 0 0 0 0 0 4 8 0 1 0 5 13 0 0 0 0 0 0 0 0 0 0 0 0 0 0 0 5 0 0 0 2 0 0 0 0 0 0 0 0 0 0 0 0 0 0 3 0 0 1 11 0 0 2 8 8 44 489 317 10 6 10 49 1 11 2 23 2 1 3 50 5 26 17 55 190 463 1077 1435 726 51 8 14 386 305 299 53 16 24 305 951 1054 1140 145 662 313 288 344 82 90 470 896 156 233 173 72 60 1024 347 249 19 69 18 3 0 4 10 18 5 10 14 12 3 0 6 1 0 3 0 0 0 0 0 1 0 16 0 0 0 0 0 0 0 0 0 0 0
1 0 0 0 0 0 0 1 11 9 0 2 0 1 0 0 0 5 0 0 0 0 0 0 0 0 0 0 0 0 0 0 0 0 1 0 0 0 4 0 2 0 0 0 0 0 2 0 9 2 12 0 20 8 0 0 1 0 2 32 51 112 26 9 4 5 1 1 0 7 0 0 0 0 0 62 30 74 445 701 1581 1040 750 333 1066 774 343 157 347 172 120 3 38 543 1112 1284 642 160 53 21 85 153 18 5 144 432 272 208 88 27 533 709 224 68 2 291 315 634 178 61 34 13 29 23 52 17 18 0 2 10 56 18 0 0 0 0 0 0 0 0 0 0 0 0 0 0 0 0 0 0
0 3 6 0 0 0 0 4 3 5 3 7 0 0 0 7 3 1 1 0 0 0 0 0 0 0 0 0 0 0 0 3 0 0 0 1 0 0 2 1 1 3 1 5 0 0 5 9 15 20 63 7 10 8 1 0 1 14 30 28 0 87 10 6 0 0 2 0 2 7 0 0 0 0 0 1 91 29 238 279 470 275 627 337 315 331 214 331 443 395 34 2 12 235 435 653 756 46 31 107 27 13 3 20 98 336 792 460 165 170 704 245 163 270 3 161 318 680 413 239 540 209 288 106 132 559 135 45 37 65 10 90 16 17 62 0 0 0 0 0 0 0 0 0 0 0 0 0 0 1
1 0 4 0 0 0 0 0 14 3 0 0 0 0 0 0 14 5 1 2 0 0 0 0 0 0 0 0 0 0 0 0 3 3 10 0 0 0 3 10 2 16 6 10 6 0 3 44 0 0 0 0 4 3 5 0 4 3 6 10 1 3 0 2 0 11 4 1 2 0 8 2 0 0 3 13 65 26 158 415 593 158 57 87 180 134 45 22 109 487 54 0 1 7 17 96 916 402 395 32 0 5 17 44 43 47 556 346 56 95 428 252 88 235 23 270 603 242 633 852 406 602 168 92 117 172 1 0 0 50 4 1 118 34 13 1 1 0 0 0 0 0 0 0 0 0 0 0 0 0
3 0 1 0 0 3 2 0 5 3 0 0 0 0 0 0 0 23 7 10 3 7 0 0 0 0 0 0 0 3 0 1 3 0 0 1 2 0 0 0 0 4 76 7 28 0 0 10 1 0 0 0 8 3 30 0 0 0 11 7 6 11 2 1 0 8 4 1 0 6 15 0 0 0 6 45 161 58 242 94 147 304 43 1 8 19 8 0 6 2 0 0 3 47 94 38 645 413 615 474 21 14 63 37 62 34 60 317 722 367 1000 824 122 670 357 95 42 69 1511 1415 210 265 175 0 72 163 1 1 18 22 1 0 21 13 0 0 0 0 0 0 0 0 0 0 0 0 0 0 0 0
0 0 0 0 0 0 10 2 0 0 1 0 0 0 0 0 0 0 92 10 6 7 0 0 0 0 0 0 0 3 7 5 0 0 1 0 0 0 0 0 0 2 1 100 20 0 0 0 5 0 4 28 7 0 0 0 0 0 33 0 11 4 4 1 0 1 530 44 31 13 80 0 1 6 7 377 751 562 206 33 47 458 57 20 37 157 24 2 3 33 5 5 2 71 39 45 107 583 203 246 0 60 273 131 334 97 159 506 350 890 1907 1736 858 259 215 303 327 345 1012 735 201 117 0 10 0 15 16 0 18 3 2 0 0 1 0 0 0 0 0 0 0 0 0 0 0 0 0 0 0 0
0 0 0 0 0 0 2 6 12 5 0 0 0 0 0 0 0 0 5 9 13 0 0 0 4 0 0 0 0 0 0 0 0 0 0 0 0 0 0 0 0 0 0 4 28 0 0 0 1 11 5 35 2 1 3 0 10 0 54 22 128 23 8 14 11 11 148 115 183 211 41 10 7 8 77 922 2066 1242 461 71 1 149 37 4 2 51 45 14 0 47 4 7 5 4 0 4 46 357 156 175 27 36 532 531 1346 1113 2468 1548 1412 1566 1032 918 684 618 608 283 180 115 81 165 159 141 30 23 0 20 46 10 9 41 7 2 0 0 0 0 0 0 0 0 0 0 0 0 0 0 0 0 0 0
0 0 0 0 0 0 0 40 28 0 2 0 0 0 0 1 3 0 2 2 1 21 10 0 0 0 0 0 8 6 0 0 0 0 0 0 0 0 0 0 0 0 0 0 0 19 0 0 0 28 68 112 1 1 2 7 58 139 19 126 29 42 15 37 45 53 113 70 61 107 162 89 128 215 770 1144 1745 930 351 19 8 11 0 0 0 0 30 82 15 57 4 13 2 0 5 46 40 10 26 24 18 1 1265 648 726 643 1311 543 781 1026 1790 1082 1122 344 389 232 64 233 175 184 53 11 197 328 73 137 20 2 8 3 0 1 0 0 21 4 0 0 0 0 0 0 0 0 0 0 0 0 0 0
0 0 0 0 0 0 2 6 3 0 0 0 1 0 0 8 7 5 1 2 1 0 19 35 18 13 3 0 0 1 0 0 0 0 0 0 0 0 0 0 1 0 1 0 0 24 6 0 3 45 57 2 2 21 73 161 138 126 89 37 3 5 3 0 1 2 0 1 0 0 1 2 141 118 287 453 771 508 133 0 0 2 4 1 0 0 1 72 56 13 0 0 3 0 2 25 38 0 5 102 51 211 775 780 390 244 513 339 423 686 868 375 868 319 574 123 28 103 216 12 0 6 38 40 31 435 4 12 3 0 0 0 0 1 0 0 0 0 0 0 0 0 0 0 0 0 0 0 1 0
0 0 2 0 0 1 2 1 0 0 0 0 2 0 0 13 0 2 1 4 0 4 0 1 16 5 6 18 0 2 1 0 1 0 13 0 5 0 0 0 0 0 5 3 1 15 53 10 2 34 46 43 9 144 25 27 132 73 448 6 2 2 0 0 1 5 31 70 3 39 65 2 123 28 69 143 49 144 89 9 0 0 3 1 0 0 0 18 132 1 0 36 73 57 10 5 5 0 24 325 151 187 169 69 121 386 239 215 657 528 165 352 127 200 131 32 88 147 37 12 0 0 3 16 123 863 219 28 1 9 0 0 0 0 0 0 0 0 0 0 0 0 0 0 0 0 0 0 1 0
0 0 2 1 2 6 0 0 0 0 0 0 2 0 0 0 1 0 1 4 2 9 13 0 4 0 58 46 24 0 0 0 0 0 0 10 7 0 0 0 0 1 3 20 23 20 17 2 20 378 107 35 60 17 13 45 269 109 61 22 57 21 1 0 0 0 7 9 9 22 25 42 32 20 7 116 113 85 13 33 28 0 8 29 1 9 18 22 11 1 5 51 109 275 41 0 0 43 171 82 134 201 83 43 98 201 170 559 395 0 1 126 22 523 36 0 16 17 0 1 0 0 5 9 60 222 191 269 7 3 0 0 0 0 0 0 0 0 0 0 0 0 0 0 0 0 0 0 0 0
0 0 1 1 0 1 0 0 0 0 0 1 0 1 1 0 1 1 0 3 8 16 64 1 1 11 6 25 210 7 0 5 2 1 4 0 0 0 0 0 0 5 9 49 11 149 86 16 6 189 52 4 6 11 85 9 31 94 8 0 2 9 0 0 0 6 0 0 6 17 67 34 11 0 0 44 15 0 7 2 2 0 0 3 1 26 24 0 10 14 5 12 6 7 1 23 1 14 12 2 605 960 644 181 73 198 147 339 230 3 4 6 0 212 43 0 0 0 0 0 1 0 2 2 27 11 29 144 20 0 0 0 0 0 0 0 0 0 0 0 0 0 0 0 0 0 0 0 0 0
0 0 0 0 2 0 52 0 0 0 0 0 0 1 0 0 0 1 5 0 0 4 15 4 0 36 9 9 0 3 2 14 14 0 0 0 0 0 0 4 11 15 32 19 23 28 33 52 101 429 284 76 20 33 21 18 13 1 3 0 0 5 8 11 163 91 14 0 9 8 110 27 0 0 8 79 213 130 7 36 10 7 7 6 0 0 3 15 38 15 15 0 0 0 0 0 0 1 251 365 1275 893 515 117 4 36 102 164 1 0 0 0 0 11 1 0 0 0 0 0 0 0 15 17 0 0 77 58 1 0 0 2 0 0 0 0 0 0 0 0 0 0 0 0 0 0 0 0 0 0
0 0 0 0 0 0 0 0 0 0 0 0 0 5 1 4 0 0 0 0 0 4 15 2 3 1 1 0 0 0 12 71 17 1 0 0 0 10 0 0 231 50 0 0 0 0 14 31 254 1142 384 295 23 1 1 8 6 3 0 0 13 5 1 0 13 8 27 6 6 66 49 29 19 0 9 23 117 99 72 107 24 34 10 48 9 7 15 11 285 46 19 7 0 10 5 14 4 0 83 367 254 48 51 7 13 19 151 94 8 0 1 0 4 55 0 0 0 0 0 0 0 0 0 0 0 46 62 1 14 5 9 0 0 0 0 0 0 0 0 0 0 0 0 0 0 0 0 0 0 0
0 0 0 1 0 0 0 0 0 0 0 0 0 0 3 1 1 0 0 3 3 5 34 0 5 0 0 0 0 0 0 5 51 20 1 2 16 111 17 37 4 0 0 0 0 0 17 28 54 431 331 149 9 0 0 1 0 3 3 3 1 0 0 0 8 2 24 2 0 8 8 33 50 13 2 3 18 3 29 17 1 48 24 0 0 11 6 1 2 2 9 5 7 3 0 4 4 0 3 1 16 1 4 51 69 60 65 57 76 114 89 14 49 0 0 0 0 0 0 0 0 0 0 9 28 188 121 0 0 0 3 0 0 0 0 0 0 0 0 0 0 0 0 0 0 0 0 0 0 0
0 0 1 0 0 0 0 0 0 0 0 0 0 1 3 0 4 15 0 1 3 0 1 0 1 2 0 0 0 4 0 40 19 14 21 21 30 43 22 1 0 0 0 0 4 57 38 39 6 151 142 37 1 2 7 1 10 20 2 0 0 0 0 0 3 0 0 1 0 0 0 5 158 92 6 13 0 0 0 0 0 7 101 168 6 2 2 0 0 0 0 12 8 2 2 1 0 0 0 1 3 1 2 88 87 49 10 8 11 24 1 391 38 0 0 0 0 0 0 0 0 0 5 21 9 76 38 97 0 0 0 0 0 0 0 0 0 0 0 0 0 0 0 0 0 0 0 0 0 0
0 0 0 0 0 0 0 0 0 0 0 0 0 0 0 0 0 1 0 0 2 0 2 0 0 0 0 0 0 0 0 0 11 33 67 0 3 82 0 0 0 1 0 18 21 51 40 8 5 33 73 45 25 13 20 3 2 4 3 6 0 0 0 0 6 0 0 23 14 2 0 28 13 10 43 10 0 0 0 0 0 1 12 73 21 2 9 0 1 5 5 8 0 0 4 1 3 3 0 9 19 7 18 14 614 0 0 5 0 0 1 41 8 0 0 19 46 0 0 0 0 1 1 2 0 30 64 21 0 0 2 0 0 0 0 0 2 0 0 0 0 0 0 0 0 0 0 0 0 0
0 0 0 0 0 0 0 0 0 0 0 0 0 1 22 0 0 0 4 1 1 0 1 0 1 0 1 3 0 0 0 0 22 17 27 1 0 15 1 0 0 2 0 9 106 24 1 0 19 4 83 8 0 1 0 0 1 0 0 0 3 1 0 3 1 5 0 3 4 0 5 48 1 6 6 5 17 0 0 0 2 1 2 10 1 17 2 9 0 8 0 7 0 1 6 2 1 6 2 13 16 12 22 132 228 172 0 3 0 0 2 19 10 7 17 6 0 0 0 0 19 0 0 0 0 70 27 30 1 0 0 0 0 0 0 1 27 35 0 0 0 0 0 0 0 0 0 1 0 0
0 0 0 0 0 0 0 0 0 1 1 0 0 0 7 0 0 2 2 0 1 9 3 2 0 0 0 16 2 1 0 13 0 10 14 8 0 2 7 6 5 2 3 27 103 39 9 3 1 8 29 17 3 0 7 0 0 2 0 0 0 1 0 0 16 0 0 0 6 2 12 6 1 2 2 2 11 0 0 0 0 16 26 4 4 17 34 14 10 2 14 8 10 0 0 10 0 0 0 2 18 12 9 6 29 305 47 6 0 0 0 0 0 8 3 17 0 0 3 9 0 0 0 0 18 222 25 21 0 1 0 0 0 0 0 0 0 6 0 0 0 0 0 0 0 0 0 0 0 0
0 0 0 0 0 0 0 0 1 0 0 0 0 21 9 6 7 25 12 2 13 30 12 2 0 0 0 1 0 8 23 9 0 26 2 0 1 11 19 12 93 63 18 176 163 5 18 2 4 4 0 38 15 6 2 3 0 0 0 0 0 0 1 0 0 0 0 0 5 36 104 25 7 13 0 3 0 21 0 0 0 0 0 0 2 0 2 6 16 19 17 1 10 0 3 0 0 0 0 4 0 7 10 2 27 917 707 17 11 0 0 0 0 3 1 0 25 183 96 4 0 0 0 54 121 38 89 175 191 10 0 0 0 0 0 11 7 7 0 0 0 0 0 0 0 0 0 0 0 0
0 0 0 0 0 2 0 1 0 1 0 2 8 11 2 7 31 101 0 6 0 10 3 3 0 0 1 7 30 11 5 14 18 2 2 37 15 29 95 182 491 775 387 308 128 19 0 0 3 1 0 7 37 17 2 0 0 0 0 0 0 0 0 0 0 0 0 0 0 1 16 31 3 0 8 32 2 20 3 0 0 9 4 0 34 0 0 0 13 15 8 4 8 6 19 31 6 0 1 0 6 31 25 42 250 349 245 389 15 0 0 0 0 0 0 1 224 97 33 0 0 0 13 138 165 173 1134 691 64 28 0 0 3 15 0 0 0 0 0 0 0 0 0 0 0 0 0 0 0 0
0 0 0 0 0 0 0 0 8 9 10 66 59 1 0 2 4 15 1 1 5 8 12 42 15 10 10 3 0 4 12 2 0 4 34 28 4 9 256 370 778 1395 628 724 24 1 6 3 15 0 7 3 67 104 10 7 0 0 0 0 1 1 0 0 0 0 0 0 2 0 2 10 2 0 0 0 0 3 10 0 0 0 1 2 25 0 0 0 1 14 0 1 9 21 6 38 1 0 0 4 0 1 18 12 4 60 2 83 19 0 0 0 0 0 60 94 494 363 69 49 45 17 5 141 100 90 446 599 567 418 83 97 29 142 20 1 0 0 0 0 0 0 0 0 0 0 0 0 0 0
0 0 0 0 0 0 7 1 2 4 6 3 3 0 3 9 0 4 28 5 0 35 109 31 0 0 0 0 2 3 14 11 3 2 11 22 14 29 52 85 484 563 492 197 35 7 19 3 11 0 2 5 9 5 1 4 1 0 0 0 0 0 0 0 0 0 0 0 10 0 3 3 0 0 0 1 2 5 5 0 9 11 6 0 68 0 0 4 25 22 2 0 13 11 1 0 16 9 4 1 0 4 4 10 12 3 0 9 38 12 7 20 4 0 94 943 1124 633 202 176 135 101 40 33 1 11 246 509 119 611 17 271 543 82 33 7 0 0 0 0 0 0 0 0 0 0 0 0 0 0
0 0 0 0 0 0 0 3 0 1 5 14 2 3 0 0 1 0 29 16 244 48 10 0 0 0 0 3 7 23 5 2 10 36 31 11 1 72 0 100 497 382 384 125 74 12 16 0 14 5 5 0 33 6 12 7 0 0 1 0 0 0 0 0 0 0 0 0 0 0 1 0 0 0 0 0 0 8 4 0 12 12 39 146 35 0 0 0 0 0 0 3 14 15 1 2 20 2 0 0 4 0 0 0 7 3 3 39 176 152 275 422 119 133 567 1157 672 271 96 537 108 201 6 6 102 212 216 99 6 0 74 309 272 46 70 7 0 0 0 0 0 0 0 0 0 0 0 0 0 0
0 0 2 1 0 1 0 5 0 3 13 4 5 15 3 17 20 14 73 14 68 0 0 0 0 0 0 0 1 23 5 19 7 3 2 6 4 0 8 40 43 131 30 14 6 0 0 0 1 2 6 5 48 5 4 3 5 7 1 0 0 0 0 0 0 0 0 0 0 0 0 0 0 0 0 5 0 38 3 0 1 13 19 7 0 0 0 0 2 0 4 1 0 6 11 16 5 0 0 0 4 1 0 1 0 6 10 11 179 77 122 139 54 354 1039 725 266 349 94 332 85 13 0 10 12 131 102 1 0 0 76 339 2 0 1 0 0 0 0 0 0 0 0 0 0 0 0 0 0 0
0 0 3 1 0 5 17 34 4 5 0 0 0 11 17 5 2 8 27 35 16 0 0 0 0 0 1 0 6 5 64 2 16 2 8 1 1 9 11 1 18 8 2 0 2 0 0 0 6 3 0 13 234 10 20 26 23 1 1 0 0 0 0 0 0 0 0 0 0 0 0 0 0 0 0 0 2 7 1 1 0 0 0 0 0 0 0 0 5 0 0 0 3 14 5 0 22 10 0 2 3 0 0 3 0 1 11 73 65 13 3 25 148 176 207 380 109 196 210 144 286 1 0 0 0 0 3 0 0 0 3 109 41 0 0 0 0 0 0 0 0 0 0 0 0 0 0 0 0 0
0 0 0 0 1 0 10 26 6 8 5 0 6 55 2 16 35 8 5 1 1 3 9 0 0 0 1 36 22 18 79 41 13 0 2 6 0 3 8 1 15 48 5 3 1 0 3 0 0 1 3 50 122 98 10 20 2 0 1 0 0 0 0 0 0 0 0 0 0 0 0 0 0 0 0 0 10 4 1 4 0 2 0 0 0 0 0 0 2 2 44 6 53 48 3 20 9 8 1 10 2 0 0 0 0 0 9 81 572 9 0 0 6 2 4 10 1 18 352 637 129 0 0 0 0 3 4 2 0 0 0 5 99 1 1 0 0 0 0 0 0 0 0 0 0 0 0 0 0 0
4 7 2 13 4 2 15 62 12 7 14 33 15 1 3 135 68 43 6 12 0 0 8 6 1 3 2 14 3 1 11 7 2 3 0 7 3 0 6 3 19 4 1 6 2 0 2 0 0 0 0 45 11 52 22 2 4 0 0 0 0 0 1 0 0 0 0 0 0 0 0 0 0 0 0 0 8 37 7 0 0 0 3 0 0 0 1 0 31 0 5 0 9 33 0 0 0 3 19 6 0 1 6 11 4 25 31 38 189 0 2 0 0 0 13 2 0 2 132 315 378 133 0 0 9 124 0 0 0 51 145 28 45 11 0 0 0 0 0 0 0 0 0 0 0 0 0 0 0 0
0 0 0 0 0 4 4 0 0 3 56 10 3 1 25 60 38 28 13 0 0 1 5 4 5 9 3 1 3 1 1 0 1 9 8 0 0 0 0 5 1 37 14 3 1 2 1 2 2 0 3 56 70 45 25 8 3 0 0 2 0 0 0 0 0 0 0 0 0 0 0 0 0 0 0 0 0 31 127 2 6 7 0 0 0 0 2 111 24 0 5 8 8 3 1 9 0 7 5 29 24 29 20 5 5 38 35 22 100 9 0 0 0 12 89 71 188 449 125 194 682 189 0 5 312 35 0 0 0 198 218 0 0 0 0 0 0 0 0 0 0 0 0 0 0 0 0 0 0 0
1 3 1 0 0 0 12 8 11 8 9 115 17 13 0 2 5 4 2 0 2 0 4 11 28 0 5 2 25 0 0 1 0 2 0 0 0 0 3 1 0 26 26 13 3 5 4 2 0 0 2 82 19 3 1 2 0 0 3 0 0 0 0 0 0 0 0 0 0 0 0 0 0 0 0 0 0 11 40 11 2 5 0 0 0 0 3 14 0 0 1 0 2 5 0 0 0 0 4 5 1 2 7 0 18 0 9 14 47 21 0 0 5 0 138 606 853 607 62 45 76 255 205 260 246 1 0 1 17 530 196 1 0 0 0 0 0 0 0 0 0 0 0 0 0 0 0 0 0 0
0 0 3 0 0 0 12 17 4 2 18 40 0 1 1 0 0 1 0 4 2 0 0 1 4 1 5 10 2 1 0 0 1 0 0 0 0 1 27 1 0 0 1 0 4 6 0 7 0 0 1 84 1 7 3 2 0 0 3 2 0 0 0 0 0 0 0 0 0 0 0 0 0 0 0 0 3 21 66 47 20 18 18 1 0 0 0 0 1 1 0 0 5 82 1 0 0 0 0 32 4 7 4 19 13 2 6 3 35 0 0 1 40 51 35 53 12 70 583 321 30 259 954 530 502 295 180 286 1123 1953 1121 85 0 0 0 0 0 0 0 0 0 0 0 0 0 0 0 0 0 0
0 0 5 0 3 10 8 10 0 75 30 7 0 1 14 6 3 2 1 0 0 0 0 0 0 28 20 2 1 0 0 3 3 2 0 0 0 0 1 20 9 0 0 2 0 1 8 0 3 14 9 403 34 72 2 22 1 1 0 4 0 0 0 1 0 0 0 0 0 0 0 0 0 0 0 0 0 20 37 0 0 33 26 0 0 0 0 0 6 12 1 5 3 11 6 36 24 0 3 7 31 0 2 8 26 4 6 4 132 39 8 15 21 8 3 15 11 278 754 499 451 782 1038 1225 1616 1396 857 935 1343 1030 1502 16 3 0 0 0 0 0 0 0 0 0 0 0 0 0 0 0 0 0
0 0 0 0 7 7 0 3 10 10 1 1 0 1 5 21 4 0 2 0 0 0 1 0 0 11 4 2 15 0 0 3 5 4 3 6 4 2 4 0 4 0 0 0 0 2 0 0 4 37 786 639 10 97 7 2 4 6 4 7 1 1 0 0 0 0 0 0 0 0 0 0 0 0 0 1 6 0 3 4 0 3 0 0 0 0 0 0 6 3 0 5 11 0 0 1 0 0 1 12 20 15 38 1 27 29 25 41 3 10 16 0 7 9 4 17 7 78 540 1670 1712 858 276 1018 1603 1119 260 849 771 15 395 220 0 0 0 0 0 0 0 0 0 0 0 0 0 0 0 0 0 0
7 1 0 7 3 1 1 3 7 6 0 3 3 2 4 3 1 2 0 0 0 0 0 0 2 3 0 0 0 0 1 45 24 2 1 13 2 0 0 3 0 0 0 0 0 0 0 0 5 32 655 1295 836 734 46 19 5 8 6 6 3 0 1 0 0 0 0 0 0 0 0 0 0 2 0 0 0 0 0 11 0 0 0 0 0 0 0 14 90 0 0 22 18 0 0 0 0 0 0 17 7 0 38 42 11 186 335 17 2 0 8 6 1 25 3 19 16 10 168 789 392 706 271 2465 2053 1084 518 252 13 662 1417 838 0 0 0 0 0 0 0 0 0 0 0 0 0 0 0 0 0 0
4 1 1 32 2 1 17 3 24 4 5 77 0 0 0 1 0 0 0 0 0 3 0 0 1 0 1 0 0 0 0 41 15 9 2 3 0 0 0 0 0 0 0 2 0 0 1 0 0 10 231 432 571 459 110 62 7 1 2 2 2 0 0 0 0 0 0 0 0 0 0 0 0 0 1 0 0 0 0 40 6 0 20 0 0 0 0 19 37 2 7 21 83 0 0 0 0 0 0 9 11 47 71 96 37 15 2 12 0 0 0 0 3 2 7 20 8 13 11 41 360 413 370 790 1510 1311 629 498 515 945 395 401 3 0 0 0 0 0 0 0 0 0 0 0 0 0 0 0 0 0
2 6 3 7 2 17 8 25 3 0 5 3 8 0 0 0 0 0 0 0 0 0 1 0 2 0 1 0 0 1 0 0 0 0 0 1 0 0 0 0 0 0 0 0 0 2 3 2 1 8 61 181 464 37 40 17 10 5 6 1 2 1 0 0 0 0 0 0 0 0 0 0 0 0 0 0 0 0 0 0 3 2 0 0 0 1 47 35 13 13 4 320 238 22 4 0 0 0 0 73 53 12 56 254 56 1 17 3 31 5 0 0 3 5 3 9 5 38 36 83 142 564 555 592 416 1048 1020 1549 234 249 106 72 0 0 0 0 0 0 0 0 0 0 0 0 0 0 0 0 0 0
3 11 44 0 7 2 71 67 10 10 13 4 0 3 0 0 0 0 0 0 0 0 0 2 0 0 0 0 2 0 0 0 0 0 0 0 0 0 1 0 3 0 0 0 0 0 0 0 3 17 3 21 214 54 15 3 0 70 85 2 1 0 1 0 0 0 0 0 0 0 0 0 0 0 0 0 0 0 0 0 0 7 20 38 19 25 0 0 17 50 125 140 176 14 30 45 0 3 31 34 59 436 321 488 304 47 10 4 32 18 0 0 6 0 2 11 1 90 33 390 368 763 1936 2832 910 294 1823 3005 1523 3 0 0 0 0 0 0 0 0 0 0 0 0 0 0 0 0 0 0 0 0
7 30 31 0 16 17 12 58 8 9 4 0 1 1 0 0 0 0 0 0 0 0 20 0 0 0 1 1 1 0 0 0 3 3 0 2 0 0 0 0 5 1 0 0 0 0 0 0 3 9 0 2 92 14 11 0 0 4 77 23 8 7 0 0 0 0 0 0 0 0 0 0 0 0 0 0 0 0 0 0 4 7 9 2 0 11 4 17 13 25 109 99 123 18 89 20 4 0 0 29 171 403 954 294 234 64 0 7 6 9 4 2 0 1 10 1 0 584 332 640 612 34 18 240 254 242 436 1105 364 8 95 10 0 0 0 0 0 0 0 0 0 0 0 0 0 0 0 0 0 0
23 8 120 3 47 150 70 14 0 5 1 2 1 1 0 1 1 0 0 3 5 4 0 0 0 0 1 0 0 0 0 0 0 0 0 1 0 0 0 0 0 4 0 0 0 1 0 0 4 0 0 9 21 0 4 4 1 3 3 23 13 7 1 0 0 0 0 0 0 0 0 0 0 0 0 0 0 0 0 2 17 60 0 0 80 1 67 38 0 1 2 13 24 1 0 0 0 0 0 24 28 68 959 331 155 318 34 10 18 3 19 3 0 0 0 21 222 474 103 37 0 0 0 0 60 407 144 591 369 15 22 33 0 0 0 0 0 0 0 0 0 0 0 0 0 0 0 0 0 0
9 29 96 224 516 532 163 50 3 0 0 0 0 0 2 0 0 0 1 0 2 12 0 0 0 0 0 0 3 0 0 0 0 0 0 0 0 0 0 0 0 4 1 14 6 8 2 17 8 0 0 26 28 0 0 6 3 0 17 13 1 8 0 0 0 0 0 0 0 0 0 0 0 0 0 0 0 0 12 29 5 0 1 0 5 2 16 169 42 2 0 0 3 0 0 0 0 0 0 0 0 206 657 258 217 175 7 0 2 27 2 4 0 0 12 99 185 7 20 36 0 0 0 0 15 473 274 815 284 10 42 4 0 0 0 0 0 0 0 0 0 0 0 0 0 0 0 0 0 0
2 98 443 1209 494 423 333 41 0 1 3 4 4 1 0 0 3 2 1 0 0 2 0 0 3 0 0 1 3 1 0 0 0 0 4 0 0 0 1 3 2 1 2 11 6 0 0 7 45 1 0 0 10 0 0 4 4 0 1 0 0 22 0 0 0 0 0 0 0 0 0 0 0 0 0 0 0 20 4 0 0 0 0 1 0 0 53 19 4 0 1 1 0 0 0 2 0 0 0 0 9 60 21 20 117 123 0 0 2 5 42 16 18 56 17 2 1 4 27 77 15 82 11 0 22 107 88 204 76 2 0 0 0 0 0 0 0 0 0 0 0 0 0 0 0 0 0 0 1 0
22 28 271 215 144 204 43 32 1 1 0 4 0 0 0 0 0 1 1 5 6 4 0 0 1 0 2 0 0 3 1 3 1 0 1 0 0 0 0 0 0 0 2 0 0 0 0 4 7 12 1 0 0 1 1 7 0 0 0 0 0 0 0 0 0 0 0 0 0 0 0 0 0 0 0 0 2 1 0 0 0 0 0 0 0 0 92 23 13 57 49 5 0 0 13 7 0 0 0 370 1004 184 242 178 3 203 70 3 1 1 16 85 51 2 0 0 0 0 17 72 68 65 153 319 80 78 1 1 0 2 0 0 0 0 0 0 0 0 0 0 0 0 0 0 0 0 0 0 0 0
35 32 32 114 54 47 2 6 0 0 28 2 0 0 0 0 1 0 0 0 1 93 1 0 0 1 0 0 1 3 0 0 0 1 1 0 4 0 0 0 0 0 0 0 1 35 4 0 0 0 0 0 0 0 2 25 0 0 0 0 0 0 0 0 0 0 0 0 0 0 0 0 0 0 0 0 12 10 0 0 0 0 0 0 0 0 25 1 1 62 43 0 0 0 54 155 98 12 284 1544 354 592 224 61 2 14 62 358 0 16 103 0 1 0 0 0 0 3 35 54 76 53 26 68 23 49 42 17 53 46 15 0 0 0 0 0 0 0 0 0 0 0 0 0 0 0 0 0 0 0
86 5 26 5 2 0 0 2 0 0 0 0 0 0 0 0 0 0 0 1 1 10 6 3 0 0 0 0 0 0 3 0 0 7 5 0 0 0 0 0 0 0 0 1 6 9 4 3 0 0 1 0 2 2 67 19 11 0 0 0 0 0 0 0 0 0 0 0 0 0 0 0 0 0 42 13 1 0 0 0 0 0 0 0 0 0 12 1 0 0 123 19 5 20 79 305 134 12 140 123 11 14 18 28 5 2 0 342 571 244 2 0 0 2 3 0 0 2 2 1 60 0 1 4 41 72 56 67 551 129 37 0 0 0 0 0 0 0 0 0 0 0 0 0 0 0 0 0 0 0
44 1 7 1 0 0 0 0 0 0 0 1 0 0 1 0 0 3 0 0 1 1 0 1 0 0 1 4 0 0 10 52 3 1 0 0 0 0 0 0 0 0 0 0 4 3 0 0 0 0 0 2 6 4 15 4 0 0 0 0 0 0 0 0 0 0 0 0 0 0 0 0 0 0 16 31 0 0 0 0 0 0 0 0 0 0 49 30 152 55 140 9 3 13 7 37 15 6 0 2 2 4 2 0 7 1 232 282 227 83 2 0 4 0 4 0 0 3 3 0 0 16 6 12 8 122 100 155 263 270 57 1 0 0 0 0 0 0 0 0 0 0 0 0 0 0 0 0 0 0
6 0 0 5 6 0 0 0 0 0 0 0 0 0 0 0 0 0 0 0 1 1 0 0 0 0 0 0 0 1 0 0 2 1 0 0 0 0 0 0 0 1 0 0 0 21 17 1 0 0 1 2 14 44 6 3 4 0 0 0 0 0 0 0 0 0 0 0 0 0 0 1 5 2 0 0 0 0 0 0 0 0 0 0 0 0 5 1 97 2 0 0 1 1 8 26 0 2 11 0 1 9 0 4 3 211 972 634 382 178 0 0 1 0 0 0 0 0 42 13 3 13 0 13 5 9 106 54 9 22 0 4 0 0 0 0 0 0 0 0 0 0 0 0 3 0 0 0 0 0
2 0 0 1 7 0 0 0 0 0 0 0 0 0 0 0 0 1 1 0 0 0 0 13 0 0 0 2 0 1 0 0 0 0 1 0 0 0 2 0 0 0 0 0 0 3 0 0 0 0 11 4 14 122 7 2 3 1 0 0 0 0 0 0 0 0 0 0 0 0 4 7 3 3 0 0 0 0 0 0 0 0 0 0 0 0 16 0 2 0 0 0 4 16 2 0 2 0 22 0 7 5 28 2 32 60 124 37 82 199 0 0 0 0 0 0 0 0 0 15 0 4 0 70 77 32 215 57 17 30 2 0 0 0 0 0 0 0 0 0 0 0 0 0 0 0 1 0 0 0
0 0 0 0 2 40 0 0 0 0 0 0 0 0 0 0 1 0 0 0 0 0 0 0 0 0 1 0 0 0 1 0 0 0 0 0 0 0 0 0 0 0 6 1 1 1 0 0 0 0 2 0 2 1 3 2 21 3 0 0 0 0 0 0 0 0 0 19 2 4 0 0 0 1 0 0 0 0 0 0 0 0 0 0 0 0 1 0 18 1 0 40 139 5 2 1 0 0 2 6 6 18 17 12 79 30 0 13 5 8 7 0 0 0 0 0 0 0 0 0 3 5 5 18 0 0 0 153 6 12 0 0 0 0 0 0 0 0 0 0 0 0 0 0 0 0 0 0 0 0
0 0 0 0 51 33 0 0 0 0 0 0 0 2 2 0 0 0 0 0 0 0 0 0 0 0 0 0 4 0 5 1 0 0 0 1 1 0 2 3 0 0 0 3 1 1 0 0 0 3 2 0 0 5 1 3 16 3 0 0 0 0 0 0 0 0 1 0 7 4 0 0 1 0 0 1 0 0 0 0 0 0 0 0 0 0 0 0 41 53 184 455 171 24 0 0 1 0 1 28 37 517 295 57 12 47 3 0 0 23 14 0 0 0 0 0 0 0 0 1 0 0 0 0 0 54 199 122 0 0 0 0 0 0 0 0 0 0 0 0 0 0 0 0 0 0 0 0 0 0
0 0 0 0 1 2 1 0 0 0 0 0 0 1 0 0 0 0 0 0 0 0 0 0 0 0 0 0 0 9 0 0 0 0 0 5 1 0 0 0 0 0 0 0 54 16 0 0 0 0 5 0 0 1 1 0 1 2 0 0 0 0 0 0 0 0 0 0 16 2 0 0 0 0 0 0 0 0 0 0 0 0 0 0 1 0 2 1 23 90 334 139 62 26 1 2 5 4 7 59 107 117 110 19 5 0 2 2 0 3 2 2 0 0 0 0 0 0 0 3 0 31 35 1 0 106 139 1 0 0 0 0 0 0 0 0 0 0 0 0 0 0 0 0 0 0 0 0 0 0
2 0 0 0 0 4 0 0 0 0 0 1 26 18 0 1 0 0 0 0 0 0 0 0 0 2 1 0 3 31 0 0 0 0 1 5 0 0 0 0 0 0 0 2 3 5 9 0 0 2 5 0 0 25 8 5 0 2 0 0 0 0 0 0 0 0 2 10 59 0 0 0 0 0 0 0 0 0 0 0 0 0 6 2 3 21 64 10 5 9 0 0 16 1 32 2 0 4 9 15 66 0 1 2 0 0 0 7 1 44 17 39 1 0 0 0 0 0 0 0 0 0 13 0 3 1 0 5 0 0 0 0 0 0 0 0 0 0 0 0 0 0 0 0 0 0 0 0 0 0
0 0 0 1 1 0 0 0 0 1 0 0 0 0 8 4 1 1 0 0 0 0 0 0 0 0 3 0 1 0 0 0 0 0 0 0 0 0 0 0 0 0 2 0 0 0 0 7 1 5 3 0 0 5 10 11 2 3 7 0 0 0 0 0 0 0 4 46 19 0 0 0 0 0 0 0 0 0 0 0 0 0 1 8 29 1 1 1 8 30 1 0 13 3 7 9 18 40 8 10 50 11 6 1 9 0 0 20 62 121 169 396 60 17 7 0 0 0 0 0 0 0 1 0 0 0 0 0 0 0 0 0 0 0 0 0 0 0 0 0 0 0 0 0 0 0 0 0 0 0
0 0 0 1 0 5 1 1 0 0 0 0 0 0 0 2 0 0 0 0 0 0 0 0 1 0 0 0 1 1 0 0 0 0 0 0 0 0 1 1 0 0 0 0 0 0 0 2 41 0 0 0 0 1 0 76 123 2 8 0 0 0 0 0 1 9 58 112 10 0 1 1 0 0 0 0 0 0 0 0 0 0 0 35 34 1 0 4 11 11 33 13 5 0 0 11 72 13 8 1 0 0 9 86 5 0 24 2 65 36 225 56 242 117 7 0 0 0 0 0 0 1 0 0 0 0 0 0 0 0 0 0 0 0 0 0 0 0 0 0 0 0 0 0 0 0 0 0 0 0
0 0 1 0 1 5 0 1 0 0 0 0 0 0 0 2 0 0 0 0 0 0 0 0 0 0 0 0 0 0 0 0 0 0 0 0 0 0 4 0 0 0 2 0 1 3 1 5 102 2 0 0 0 2 37 2 4 11 30 13 3 4 1 11 9 3 2 0 0 2 0 0 0 0 0 0 0 0 0 0 0 0 0 0 0 0 0 10 8 7 1 0 3 0 20 135 7 0 0 0 0 0 3 15 16 71 318 1004 515 94 15 0 275 113 0 0 0 0 0 0 0 0 0 0 0 0 0 0 0 0 0 0 0 0 0 0 0 0 0 0 0 0 0 0 0 0 0 0 0 0
0 0 2 1 6 40 0 3 2 0 4 4 0 0 0 0 0 2 0 0 0 0 0 0 0 0 0 0 0 1 0 0 0 0 0 0 0 0 13 0 3 0 0 1 4 3 26 46 2 15 1 0 3 4 9 7 0 0 0 8 0 0 0 0 5 0 1 22 0 29 0 7 0 0 0 0 0 0 0 0 0 0 0 0 0 0 0 3 1 3 9 12 2 0 135 11 3 0 0 0 1 5 0 2 42 79 162 396 185 239 83 183 551 8 0 0 0 0 0 0 0 0 0 0 0 0 0 0 0 0 0 0 0 0 0 0 0 0 0 0 0 0 0 0 0 0 0 0 0 0
0 0 0 0 25 97 1 0 1 0 0 0 0 3 0 0 0 0 0 0 1 0 0 0 0 0 0 0 0 0 1 0 2 0 0 0 0 0 0 1 0 5 0 4 2 1 2 1 3 0 3 0 2 7 9 0 2 2 12 1 0 1 2 0 0 5 3 8 2 0 0 0 4 3 0 0 0 0 0 0 0 0 0 0 0 1 0 0 1 0 0 1 10 29 3 17 173 0 0 0 0 0 0 61 137 333 1 1 10 41 0 10 15 0 0 0 0 0 0 0 0 0 0 0 0 0 0 0 0 0 0 0 0 0 0 0 0 0 0 0 0 0 0 0 0 0 0 0 0 0
1 0 0 0 0 1 0 0 0 3 1 0 0 1 0 0 0 0 2 0 0 0 0 0 0 0 0 0 0 0 0 8 0 3 0 0 0 0 0 0 0 0 0 0 0 0 2 1 10 2 0 0 0 3 0 0 0 0 11 9 7 28 0 0 0 0 0 0 0 0 0 4 8 0 0 0 0 0 0 0 0 0 0 0 0 0 0 0 0 0 0 23 66 46 12 116 281 0 0 0 0 0 0 4 12 0 0 0 0 0 59 93 3 0 0 0 0 0 0 0 0 0 0 0 0 0 0 0 0 0 0 0 0 0 0 0 0 0 0 0 0 0 8 7 6 0 0 0 0 0
0 0 1 1 0 0 0 0 0 1 0 0 0 0 2 2 0 0 2 0 0 0 0 0 0 0 0 0 0 0 0 2 0 0 0 0 0 0 0 0 0 1 0 0 0 0 0 0 0 0 4 6 2 3 1 0 0 0 1 4 12 3 0 0 0 0 0 0 0 0 3 2 0 0 0 0 0 0 0 0 0 0 0 0 0 0 0 0 14 1 4 26 136 124 35 0 0 2 0 0 0 1 3 0 2 0 1 2 0 93 207 5 1 1 0 0 0 0 0 0 0 0 0 0 0 0 0 0 0 0 0 0 0 0 0 0 0 0 0 0 0 0 0 2 0 0 0 0 0 0
1 2 0 0 2 2 0 0 0 0 0 0 0 0 0 0 0 0 0 0 0 0 0 0 0 0 0 0 0 0 0 0 0 0 0 0 0 0 0 0 0 0 0 0 0 0 0 0 0 0 4 4 17 0 0 0 0 0 1 5 5 0 0 0 1 0 0 0 0 0 0 0 0 0 0 0 0 0 0 0 0 0 0 0 0 0 0 0 0 3 23 68 460 0 1 12 2 0 0 0 0 0 0 4 7 11 0 10 10 93 78 68 0 0 0 0 0 0 0 0 0 0 0 0 0 0 0 0 0 0 0 0 0 0 0 0 0 0 0 0 0 0 0 0 0 0 0 0 0 0
0 0 0 0 0 0 0 0 0 0 0 0 5 1 0 4 0 0 2 0 0 0 0 0 0 0 0 0 0 0 0 0 0 0 0 0 0 0 0 0 0 0 0 0 0 0 0 0 0 0 1 17 5 0 0 4 2 2 7 13 3 0 0 0 0 0 0 0 0 0 3 73 2 0 0 0 0 0 0 0 0 0 0 0 0 0 0 0 3 0 8 24 7 8 8 1 0 0 0 0 0 0 0 0 0 0 0 0 0 0 0 0 0 0 0 0 0 0 0 0 0 0 0 0 0 0 0 0 0 0 0 0 0 0 0 0 0 0 0 0 0 0 0 0 0 0 0 0 0 0
0 0 0 0 0 0 0 0 0 0 0 1 0 0 0 0 0 2 0 0 0 1 6 33 0 0 0 0 0 0 0 0 0 0 0 0 4 0 0 0 0 0 0 0 0 0 0 0 0 0 0 11 3 7 4 5 0 0 0 0 0 12 18 0 0 0 0 0 0 0 0 2 5 1 1 0 0 0 0 0 0 0 0 0 0 0 0 0 0 7 2 16 10 21 40 2 0 0 0 0 0 0 1 0 0 0 0 0 0 0 0 0 0 0 0 0 0 0 0 0 0 0 0 0 0 0 0 0 0 0 0 0 0 0 0 0 0 0 0 0 0 0 0 0 0 0 0 0 0 0
0 0 0 0 0 0 0 0 0 0 1 0 0 0 0 0 0 0 0 0 0 0 1 16 1 0 0 0 1 0 0 0 0 0 0 0 0 1 6 0 0 0 0 0 0 0 0 0 0 0 8 49 37 3 6 0 0 0 0 0 7 48 83 0 0 0 0 0 0 0 0 0 0 0 20 0 0 0 0 0 0 0 0 0 0 0 0 0 0 0 10 8 0 55 50 11 0 0 0 0 0 0 0 0 0 0 0 0 0 0 0 0 0 0 0 0 0 0 0 0 0 0 0 0 0 0 0 0 0 0 0 0 0 0 0 0 0 0 0 0 0 0 0 0 0 0 0 0 0 0
0 0 0 0 0 0 0 0 0 1 1 0 8 1 0 0 0 0 0 0 0 0 0 0 0 0 0 0 0 1 0 0 0 0 0 0 0 0 0 2 0 0 0 0 0 0 0 0 0 6 11 46 179 14 15 6 0 0 0 0 0 20 0 0 0 0 0 0 0 0 0 0 0 4 0 0 0 0 0 0 0 0 0 0 0 0 0 0 0 0 2 14 11 10 11 0 0 0 0 0 0 0 0 0 0 0 0 0 0 0 0 0 0 0 0 0 0 0 0 0 0 0 0 0 0 0 0 0 0 0 0 0 0 0 0 0 0 0 0 0 0 0 0 0 0 0 0 0 0 0
0 0 0 0 0 0 0 2 0 0 0 0 26 0 1 1 0 0 0 0 0 0 0 0 1 2 0 0 0 0 0 0 0 0 0 0 0 0 1 0 0 0 0 0 0 0 0 0 7 5 0 12 161 1 19 1 1 0 0 0 1 16 4 0 0 0 0 0 0 0 0 0 0 0 0 0 0 0 0 0 0 0 0 0 0 0 0 0 0 0 0 1 20 6 17 1 7 2 0 9 0 0 0 0 0 0 0 0 0 0 0 0 0 0 0 0 0 0 0 0 0 0 0 0 0 0 0 0 0 0 0 0 0 0 0 0 0 0 0 0 0 0 0 0 0 0 0 0 0 0
0 0 0 0 4 0 0 0 0 10 0 0 0 0 7 0 0 0 0 0 0 0 0 2 1 1 0 0 0 0 0 0 0 0 0 0 0 0 0 0 0 0 0 0 0 0 0 12 0 0 1 4 30 0 0 0 0 0 2 2 7 4 2 0 0 0 0 0 0 0 0 0 0 0 0 0 0 0 0 0 0 0 0 0 0 0 0 0 0 0 0 0 0 1 0 0 9 2 11 2 4 1 0 0 0 0 0 0 0 0 0 0 0 0 0 0 0 0 0 0 0 0 0 0 0 0 0 0 0 0 0 1 0 0 0 0 0 0 0 0 0 0 0 0 0 2 0 0 0 0
1 0 1 0 0 0 0 0 0 0 2 0 0 0 0 0 0 0 0 0 0 1 1 0 9 0 0 0 0 0 0 1 2 0 15 4 1 1 0 0 0 0 0 0 0 1 8 26 0 0 0 0 0 0 0 0 0 0 0 0 12 0 1 0 0 0 0 0 0 0 0 0 0 0 0 0 0 0 0 0 0 0 0 0 0 0 0 0 0 0 0 0 0 0 0 6 18 17 0 0 1 0 0 0 0 0 0 0 0 0 0 0 0 0 0 0 0 0 0 0 0 0 0 0 0 0 0 0 0 0 0 0 0 0 0 0 0 0 0 0 0 0 0 2 2 12 0 0 0 0
0 0 0 0 0 0 0 0 0 0 0 1 0 0 0 0 2 0 0 0 4 0 0 0 4 2 0 0 0 0 1 1 0 1 0 0 0 1 0 0 0 0 0 0 2 5 4 0 0 0 0 0 0 0 0 0 0 0 0 0 1 0 0 0 0 0 0 0 0 0 0 5 4 0 0 0 0 0 0 0 0 0 0 0 0 0 0 0 0 0 0 0 0 0 1 7 3 3 0 1 19 1 0 0 0 0 0 0 0 0 0 0 0 0 0 0 0 0 0 0 0 0 0 0 0 0 0 0 0 0 0 0 0 0 0 0 0 0 0 0 0 0 0 0 0 0 0 0 0 0
0 0 0 0 0 0 0 0 0 0 0 4 0 0 0 0 0 0 0 0 2 0 0 0 0 0 0 0 0 0 0 0 0 0 0 0 0 0 0 0 0 0 0 0 3 0 0 0 0 0 0 0 0 0 0 0 0 0 0 0 5 0 0 0 0 0 0 0 0 0 7 15 0 0 0 0 0 0 0 0 0 0 0 0 0 0 0 0 0 0 0 0 0 0 22 0 2 0 0 0 0 11 0 1 0 0 0 0 0 0 0 0 0 0 0 0 0 0 0 0 0 0 0 0 0 0 0 0 0 0 0 0 0 0 0 0 0 0 0 0 0 0 0 0 0 0 0 0 0 0
0 0 0 0 0 0 0 0 0 2 7 1 10 0 0 2 0 0 0 0 0 0 0 0 0 0 0 0 0 0 0 0 0 0 0 0 0 0 0 0 0 0 0 2 3 0 0 0 0 0 0 0 0 0 0 0 0 0 0 0 3 0 0 0 0 0 0 0 0 0 12 2 0 0 0 0 0 0 0 0 0 0 0 0 0 0 0 0 0 0 0 0 0 0 4 2 18 0 0 0 0 0 0 0 0 0 0 0 0 0 0 0 0 0 0 0 0 0 0 0 0 0 0 0 0 0 0 0 0 0 0 0 0 0 0 0 0 0 0 0 0 0 0 0 0 0 0 0 0 0
3 0 0 0 0 0 1 3 0 0 0 0 8 1 3 2 5 4 0 0 0 0 0 0 0 0 0 0 0 0 0 0 0 0 0 0 1 0 0 0 0 0 0 10 1 0 0 0 0 0 0 0 0 0 0 0 0 0 0 16 2 0 0 0 0 0 0 0 21 1 0 0 0 0 0 0 0 0 0 0 0 0 0 0 0 0 0 0 0 0 0 0 0 0 0 0 5 3 4 0 0 0 0 0 0 0 0 0 0 0 0 0 0 0 0 0 0 0 0 0 0 0 0 0 0 0 0 0 0 0 0 0 0 0 0 0 0 0 0 0 0 0 0 0 1 0 0 0 0 0
0 0 0 0 5 1 0 0 0 0 0 0 4 0 0 0 0 17 3 0 0 0 0 0 0 0 0 0 0 0 0 0 0 0 0 0 1 11 2 2 0 0 9 0 0 0 0 0 0 0 0 0 0 0 0 0 0 0 0 0 19 12 1 0 1 0 0 4 105 44 0 0 0 0 0 0 0 0 0 0 0 0 0 0 0 0 0 0 0 0 0 0 0 0 0 0 0 0 1 0 0 0 0 0 0 0 0 0 0 0 0 0 0 0 0 0 0 0 0 0 0 0 0 0 0 0 0 0 0 0 0 0 0 0 0 0 0 0 0 0 0 0 0 0 0 0 0 0 0 0
1 2 1 2 0 0 0 0 1 0 1 2 58 10 0 7 38 1 3 4 0 1 0 14 0 1 0 0 0 0 3 4 0 0 1 1 3 8 5 1 0 1 36 0 0 0 0 0 0 0 0 0 0 0 0 0 0 0 0 0 0 0 0 2 97 46 33 0 0 0 0 0 0 0 0 0 0 0 0 0 0 0 0 0 0 0 0 0 0 0 0 0 0 0 0 0 0 0 0 0 0 0 0 0 0 0 0 0 0 0 0 0 0 0 0 0 0 0 0 0 0 0 0 0 0 0 0 0 0 0 0 0 0 0 0 0 0 0 0 0 0 0 0 0 0 0 0 0 0 0
10 69 7 0 0 0 0 0 0 0 0 1 3 0 0 0 3 6 3 5 7 65 42 7 3 0 0 0 0 1 0 0 0 1 0 2 31 2 0 2 1 8 1 0 0 0 0 0 0 0 0 0 0 0 0 0 0 0 0 0 0 0 0 0 12 2 0 0 0 0 0 0 0 0 0 0 0 0 0 0 0 0 0 0 0 0 0 0 0 0 0 0 0 0 0 0 0 0 0 0 0 0 0 0 0 0 0 0 0 0 0 0 0 0 0 0 0 0 0 0 0 0 0 0 0 0 0 0 0 0 0 0 0 0 0 0 0 0 0 0 0 0 0 0 0 0 0 0 0 0
34 17 8 0 0 3 0 0 0 0 0 0 4 0 0 0 10 3 0 6 2 21 20 14 14 5 2 0 3 12 4 0 0 0 0 0 0 1 5 4 5 33 0 0 0 0 0 0 0 0 0 0 0 0 0 0 0 0 0 0 0 0 0 0 3 0 0 0 0 0 0 0 0 0 0 0 0 0 0 0 0 0 0 0 0 0 0 0 0 3 0 0 0 0 0 0 0 0 0 0 0 0 0 0 0 0 0 0 0 0 0 0 0 0 0 0 0 0 0 0 0 0 0 0 0 0 0 0 0 0 0 0 0 0 0 0 0 0 0 0 0 0 0 0 0 0 0 0 0 0
0 0 0 0 2 1 0 0 0 0 0 0 9 0 0 0 0 3 0 1 0 6 32 2 5 12 9 2 1 7 0 0 0 0 1 2 3 0 0 0 0 1 0 0 0 0 0 0 0 0 0 0 0 0 0 0 0 0 0 0 0 0 0 0 0 0 0 0 0 0 0 0 0 0 0 0 0 0 0 0 0 0 0 0 0 0 0 0 0 0 0 0 0 0 0 0 0 0 0 0 0 0 0 0 0 0 0 0 0 0 0 0 0 0 0 0 0 0 0 0 0 0 0 0 0 0 0 0 0 0 0 0 0 0 0 0 0 0 0 0 0 0 0 0 0 0 0 0 0 0
0 0 0 0 0 0 0 0 0 0 0 0 0 0 0 0 0 0 0 11 1 0 0 1 5 12 12 20 15 0 2 1 3 14 10 0 0 0 0 0 0 1 0 0 0 0 0 0 0 0 0 0 0 0 0 0 0 0 0 0 0 0 0 0 0 0 0 0 0 0 0 0 0 0 0 0 0 0 0 0 0 0 0 0 0 0 0 0 0 0 0 0 0 0 0 0 0 0 0 0 0 0 0 0 0 0 0 0 0 0 0 0 0 0 0 0 0 0 0 0 0 0 0 0 0 0 0 0 0 0 0 0 0 0 0 0 0 0 0 0 0 0 0 0 0 0 0 0 0 0
0 0 0 0 0 0 0 0 0 0 0 0 0 0 0 0 0 0 0 0 0 0 0 0 1 0 0 3 146 40 5 5 6 59 5 0 4 0 0 0 0 1 0 0 0 0 0 0 0 0 0 0 0 0 0 0 0 0 0 0 0 0 0 0 0 0 0 0 0 0 0 0 0 0 0 0 0 0 0 0 0 0 0 0 0 0 0 0 0 0 0 0 0 0 0 0 0 0 0 0 0 0 0 0 0 0 0 0 0 0 0 0 0 0 0 0 0 0 0 0 0 0 0 0 0 0 0 0 0 0 0 0 0 0 0 0 0 0 0 0 0 0 0 0 0 0 0 0 0 0
0 0 0 0 0 0 0 0 0 0 0 0 0 1 0 0 0 0 0 0 0 0 0 0 1 1 0 4 0 1 5 1 1 1 0 9 6 0 0 0 0 0 0 0 0 0 0 0 0 0 0 0 0 0 0 0 0 0 0 0 0 0 0 0 0 0 0 0 0 0 0 0 0 0 0 0 0 0 0 0 0 0 0 0 0 0 0 0 0 0 0 0 0 0 0 0 0 0 0 0 0 0 0 0 0 0 0 0 0 0 0 0 0 0 0 0 0 0 0 0 0 0 0 0 0 0 0 0 0 0 0 0 0 0 0 0 0 0 0 0 0 0 0 0 0 0 0 0 0 0
0 0 0 0 0 0 0 4 0 0 0 0 0 0 0 0 0 0 0 0 0 0 0 0 3 0 2 0 0 0 17 2 1 0 1 0 2 1 0 0 1 4 0 0 0 0 0 0 0 0 0 0 0 0 0 0 0 0 0 0 0 0 0 0 0 0 0 0 0 0 0 0 0 0 0 0 0 0 0 0 0 0 0 0 0 0 0 0 0 0 0 0 0 0 0 0 0 0 0 0 0 0 0 0 0 0 0 0 0 0 0 0 0 0 0 0 0 0 0 0 0 0 0 0 0 0 0 0 0 0 0 0 0 0 0 0 0 0 0 0 0 0 0 0 0 0 0 0 0 0
0 0 0 0 0 0 0 0 0 0 0 0 4 11 0 0 0 0 0 0 0 0 0 0 0 0 0 0 0 0 0 0 18 1 1 0 3 1 0 0 3 0 0 0 0 0 0 0 0 0 0 0 0 0 0 0 0 0 0 0 0 0 0 0 0 0 0 0 0 0 0 0 0 0 0 0 0 0 0 0 0 0 0 0 0 0 0 0 0 0 0 0 0 0 0 0 0 0 0 0 0 0 0 0 0 0 0 0 0 0 0 0 0 0 0 0 0 0 0 0 0 0 0 0 0 0 0 0 0 0 0 0 0 0 0 0 0 0 0 0 0 0 0 0 0 0 0 0 0 0
0 0 0 0 0 0 0 0 0 1 7 2 2 0 0 0 0 0 0 0 0 0 0 0 0 0 0 8 0 4 6 0 0 0 0 0 0 0 0 0 0 0 0 0 0 0 0 0 0 0 0 0 0 0 0 0 0 0 0 0 0 0 0 0 0 0 0 0 0 0 0 0 0 0 0 0 0 0 0 0 0 0 0 0 0 0 0 0 0 0 0 0 0 0 0 0 0 0 0 0 0 0 0 0 0 0 0 0 0 0 0 0 0 0 0 0 0 0 0 0 0 0 0 0 0 0 0 0 0 0 0 0 0 0 0 0 0 0 0 0 0 0 0 0 0 0 0 0 0 0
0 0 0 0 0 0 0 0 0 0 1 0 0 0 0 0 0 0 0 0 0 0 0 0 0 0 0 0 0 0 0 0 2 2 1 0 0 0 0 0 0 0 0 0 0 0 0 0 0 0 0 0 0 0 0 0 0 0 0 0 0 0 0 0 0 0 0 0 0 0 0 0 0 0 0 0 0 0 0 0 0 0 0 0 0 0 0 0 0 0 0 0 0 0 0 0 0 0 0 0 0 0 0 0 0 0 0 0 0 0 0 0 0 0 0 0 0 0 0 0 0 0 0 0 0 0 0 0 0 0 0 0 0 0 0 0 0 0 0 0 0 0 0 0 0 0 0 0 0 0
0 0 0 0 0 0 0 0 0 0 1 0 0 1 0 0 0 0 0 0 0 0 0 0 0 0 0 0 0 0 0 0 2 0 0 0 0 0 0 0 0 0 0 0 0 0 0 1 0 0 0 0 0 0 0 0 0 0 0 0 0 0 0 0 0 0 0 0 0 0 0 0 0 0 0 0 0 0 0 0 0 0 0 0 0 0 0 0 0 0 0 0 0 0 0 0 0 0 0 0 0 0 0 0 0 0 0 0 0 0 0 0 0 0 0 0 0 0 0 0 0 0 0 0 0 0 0 0 0 0 0 0 0 0 0 0 0 0 0 0 0 0 0 0 0 0 0 0 0 0
0 0 0 0 0 0 0 0 0 0 1 0 0 1 0 0 0 0 0 0 0 0 0 0 0 0 0 0 0 0 0 0 0 0 0 0 0 0 0 0 0 0 0 0 0 0 0 0 0 0 0 0 0 0 0 0 0 0 0 0 0 0 0 0 0 0 0 0 0 0 0 0 0 0 0 0 0 0 0 0 0 0 0 0 0 0 0 0 0 0 0 0 0 0 0 0 0 0 0 0 0 0 0 0 0 0 0 0 0 0 0 0 0 0 0 0 0 0 0 0 0 0 0 0 0 0 0 0 0 0 0 0 0 0 0 0 0 0 0 0 0 0 0 0 0 0 0 0 0 0
0 0 0 0 0 0 0 0 0 0 4 0 6 0 0 0 0 0 0 0 0 0 0 0 0 0 0 0 0 0 0 0 0 0 0 0 0 0 0 0 2 0 0 0 0 0 0 0 1 0 0 2 0 0 0 0 0 0 0 0 0 0 0 0 0 0 0 0 0 0 0 0 0 0 0 0 0 0 0 0 0 0 0 0 0 0 0 0 0 0 0 0 0 0 0 0 0 0 0 0 0 0 0 0 0 0 0 0 0 0 0 0 0 0 0 0 0 0 0 0 0 0 0 0 0 0 0 0 0 0 0 0 0 0 0 0 0 0 0 0 0 0 0 0 0 0 0 0 0 0
0 0 2 1 0 0 0 0 4 25 0 0 0 0 0 0 0 0 0 0 0 0 0 0 0 0 0 0 0 0 0 0 0 0 0 0 0 0 0 0 0 0 0 0 0 0 0 0 2 0 0 0 0 0 0 0 0 0 0 0 0 0 0 0 0 0 0 0 0 0 0 0 0 0 0 0 0 0 0 0 0 0 0 0 0 0 0 0 0 0 0 0 0 0 0 0 0 0 0 0 0 0 0 0 0 0 0 0 0 0 0 0 0 0 0 0 0 0 0 0 0 0 0 0 0 0 0 0 0 0 0 0 0 0 0 0 0 0 0 0 0 0 0 0 0 0 0 0 0 0
0 0 0 0 0 2 5 13 23 0 0 0 0 0 0 0 0 0 0 0 0 0 0 0 0 0 0 0 0 0 0 0 0 0 0 0 0 0 0 0 0 0 0 0 0 0 0 0 0 44 47 0 0 0 1 0 0 0 0 0 0 0 0 0 0 0 0 0 0 0 0 0 0 0 0 0 0 0 0 0 0 0 0 0 0 0 0 0 0 0 0 0 0 0 0 0 0 0 0 0 0 0 0 0 0 0 0 0 0 0 0 0 0 0 0 0 0 0 0 0 0 0 0 0 0 0 0 0 0 0 0 0 0 0 0 0 0 0 0 0 0 0 0 0 0 0 0 0 0 0
0 0 0 0 0 0 14 25 0 0 0 0 0 0 0 0 0 0 0 0 0 0 0 0 0 0 0 0 0 0 0 0 0 0 0 0 0 0 0 0 0 0 0 0 0 0 0 0 0 0 0 0 4 0 0 0 0 0 0 0 0 0 0 0 0 0 0 0 0 0 0 0 0 0 0 0 0 0 0 0 0 0 0 0 0 0 0 0 0 0 0 0 0 0 0 0 0 0 0 0 0 0 0 0 0 0 0 0 0 0 0 0 0 0 0 0 0 0 0 0 0 0 0 0 0 0 0 0 0 0 0 0 0 0 0 0 0 0 0 0 0 0 0 0 0 0 0 0 0 0
0 0 0 0 0 0 0 0 0 0 0 0 0 0 0 0 0 0 0 0 0 0 0 0 0 0 0 0 0 0 0 0 0 0 0 0 0 0 0 0 0 0 0 0 0 0 0 0 4 0 1 0 11 32 0 0 0 0 0 0 0 0 0 0 0 0 0 0 0 0 0 0 0 0 0 0 0 0 0 0 0 0 0 0 0 0 0 0 0 0 0 0 0 0 0 0 0 0 0 0 0 0 0 0 0 0 0 0 0 0 0 0 0 0 0 0 0 0 0 0 0 0 0 0 0 0 0 0 0 0 0 0 0 0 0 0 0 0 0 0 0 0 0 0 0 0 0 0 0 0
0 0 0 0 0 0 0 0 0 0 0 0 0 0 0 0 0 0 0 0 0 0 0 0 0 0 0 0 0 0 0 0 0 0 0 0 0 1 0 2 0 0 0 0 0 0 0 0 0 0 0 0 0 2 0 0 0 0 0 0 0 0 0 0 0 0 0 0 0 0 0 0 0 0 0 0 0 0 0 0 0 0 0 0 0 0 0 0 0 0 0 0 0 0 0 0 0 0 0 0 0 0 0 0 0 0 0 0 0 0 0 0 0 0 0 0 0 0 0 0 0 0 0 0 0 0 0 0 0 0 0 0 0 0 0 0 0 0 0 0 0 0 0 0 0 0 0 0 0 0
0 0 0 0 0 0 0 0 0 0 0 0 0 0 0 0 0 0 0 0 0 0 0 0 0 0 0 0 0 0 0 0 0 0 0 0 0 23 0 1 0 0 0 0 0 0 0 0 0 0 0 3 0 0 0 0 0 0 0 0 0 0 0 0 0 0 0 0 0 0 0 0 0 0 0 0 0 0 0 0 0 0 0 0 0 0 0 0 0 0 0 0 0 0 0 0 0 0 0 0 0 0 0 0 0 0 0 0 0 0 0 0 0 0 0 0 0 0 0 0 0 0 0 0 0 0 0 0 0 0 0 0 0 0 0 0 0 0 0 0 0 0 0 0 0 0 0 0 0 0
0 0 0 0 0 0 0 0 0 0 0 0 0 0 0 0 0 0 0 0 0 0 0 0 0 0 0 0 0 0 0 0 2 0 0 0 0 0 0 0 0 0 0 0 0 0 0 0 0 0 0 0 0 0 0 0 0 0 0 0 0 0 0 0 0 0 0 0 0 0 0 0 0 0 0 0 0 0 0 0 0 0 0 0 0 0 0 0 0 0 0 0 0 0 0 0 0 0 0 0 0 0 0 0 0 0 0 0 0 0 0 0 0 0 0 0 0 0 0 0 0 0 0 0 0 0 0 0 0 0 0 0 0 0 0 0 0 0 0 0 0 0 0 0 0 0 0 0 0 0
0 0 0 0 0 0 0 0 0 0 0 0 0 0 0 0 0 0 0 0 0 0 0 0 0 0 0 0 0 0 3 0 0 1 2 0 0 0 0 0 0 0 0 0 0 0 0 0 0 0 0 0 0 1 0 0 0 0 0 0 0 0 0 0 0 0 0 0 0 0 0 0 0 0 0 0 0 0 0 0 0 0 0 0 0 0 0 0 0 0 0 0 0 0 0 0 0 0 0 0 0 0 0 0 0 0 0 0 0 0 0 0 0 0 0 0 0 0 0 0 0 0 0 0 0 0 0 0 0 0 0 0 0 0 0 0 0 0 0 0 0 0 0 0 0 0 0 0 0 0
0 0 0 0 0 0 0 0 0 0 0 0 0 0 0 0 0 0 0 0 0 0 0 0 0 0 0 0 0 0 7 9 1 0 0 0 1 0 0 0 0 0 0 0 0 0 0 0 0 0 0 1 0 0 0 0 0 0 0 0 0 0 0 0 0 0 0 0 0 0 0 0 0 0 0 0 0 0 0 0 0 0 0 0 0 0 0 0 0 0 0 0 0 0 0 0 0 0 0 0 0 0 0 0 0 0 0 0 0 0 0 0 0 0 0 0 0 0 0 0 0 0 0 0 0 0 0 0 0 0 0 0 0 0 0 0 0 0 0 0 0 0 0 0 0 0 0 0 0 0
0 0 0 0 0 0 0 0 0 0 0 0 0 0 0 0 0 0 0 0 0 0 0 0 0 0 0 0 0 0 4 4 0 0 0 0 1 0 0 0 0 0 0 0 0 0 0 0 0 0 0 0 0 0 0 0 0 0 0 0 0 0 0 0 0 0 0 0 0 0 0 0 0 0 0 0 0 0 0 0 0 0 0 0 0 0 0 0 0 0 0 0 0 0 0 0 0 0 0 0 0 0 0 0 0 0 0 0 0 0 0 0 0 0 0 0 0 0 0 0 0 0 0 0 0 0 0 0 0 0 0 0 0 0 0 0 0 0 0 0 0 0 0 0 0 0 0 0 0 0
0 0 0 0 0 0 0 0 0 0 0 0 0 0 0 0 0 0 0 0 0 0 0 0 0 0 0 0 0 7 0 0 0 0 0 0 4 0 0 0 0 0 0 0 0 0 0 0 0 0 0 0 0 0 0 0 0 0 0 0 0 0 0 0 0 0 0 0 0 0 0 0 0 0 0 0 0 0 0 0 0 0 0 0 0 0 0 0 0 0 0 0 0 0 0 0 0 0 0 0 0 0 0 0 0 0 0 0 0 0 0 0 0 0 0 0 0 0 0 0 0 0 0 0 0 0 0 0 0 0 0 0 0 0 0 0 0 0 0 0 0 0 0 0 0 0 0 0 0 0
0 0 0 0 0 0 0 0 0 0 0 0 0 0 0 0 0 0 0 0 0 0 0 0 0 0 0 0 0 116 20 0 0 0 0 1 0 0 0 0 0 0 0 0 0 0 0 0 0 0 0 0 0 0 0 0 0 0 0 0 0 0 0 0 0 0 0 0 0 0 0 0 0 0 0 0 0 0 0 0 0 0 0 0 0 0 0 0 0 0 0 0 0 0 0 0 0 0 0 0 0 0 0 0 0 0 0 0 0 0 0 0 0 0 0 0 0 0 0 0 0 0 0 0 0 0 0 0 0 0 0 0 0 0 0 0 0 0 0 0 0 0 0 0 0 0 0 0 0 0
0 0 0 0 0 0 0 0 0 0 0 0 0 0 0 0 0 0 0 0 0 0 0 0 0 0 5 0 0 0 0 0 0 1 0 0 0 0 0 0 0 0 0 0 0 0 0 0 0 45 0 0 0 0 0 0 0 0 0 0 0 0 0 0 0 0 0 0 0 0 0 0 0 0 0 0 0 0 0 0 0 0 0 0 0 0 0 0 0 0 0 0 0 0 0 0 0 0 0 0 0 0 0 0 0 0 0 0 0 0 0 0 0 0 0 0 0 0 0 0 0 0 0 0 0 0 0 0 0 0 0 0 0 0 0 0 0 0 0 0 0 0 0 0 0 0 0 0 0 0
0 0 0 0 0 0 0 0 0 0 0 0 0 0 0 0 0 0 0 0 0 0 0 0 0 0 13 0 0 0 0 0 0 0 0 0 0 0 0 0 0 0 0 0 0 0 0 0 11 0 0 0 0 0 0 0 0 0 0 0 0 0 0 0 0 0 0 0 0 0 0 0 0 0 0 0 0 0 0 0 0 0 0 0 0 0 0 0 0 0 0 0 0 0 0 0 0 0 0 0 0 0 0 0 0 0 0 0 0 0 0 0 0 0 0 0 0 0 0 0 0 0 0 0 0 0 0 0 0 0 0 0 0 0 0 0 0 0 0 0 0 0 0 0 0 0 0 0 0 0
0 0 0 0 0 0 0 0 0 0 0 0 0 0 0 0 0 0 0 0 0 0 0 0 0 0 0 2 2 0 0 0 0 0 0 0 0 0 0 0 0 0 0 0 0 0 0 0 0 0 0 0 0 0 0 0 0 0 0 0 0 0 0 0 0 0 0 0 0 0 0 0 0 0 0 0 0 0 0 0 0 0 0 0 0 0 0 0 0 0 0 0 0 0 0 0 0 0 0 0 0 0 0 0 0 0 0 0 0 0 0 0 0 0 0 0 0 0 0 0 0 0 0 0 0 0 0 0 0 0 0 0 0 0 0 0 0 0 0 0 0 0 0 0 0 0 0 0 0 0
0 0 0 0 0 0 0 0 0 0 0 0 0 0 0 0 0 0 0 0 0 0 0 0 0 0 0 0 0 0 0 0 0 0 0 0 0 0 0 0 0 0 0 0 0 0 0 0 0 0 0 0 0 0 0 0 0 0 0 0 0 0 0 0 0 0 0 0 0 0 0 0 0 0 0 0 0 0 0 0 0 0 0 0 0 0 0 0 0 0 0 0 0 0 0 0 0 0 0 0 0 0 0 0 0 0 0 0 0 0 0 0 0 0 0 0 0 0 0 0 0 0 0 0 0 0 0 0 0 0 0 0 0 0 0 0 0 0 0 1 0 0 0 0 0 0 0 0 0 0
0 0 0 0 0 0 0 0 0 0 0 0 0 0 0 0 0 0 0 0 0 0 0 0 0 0 0 0 0 0 0 0 0 0 0 0 0 0 0 0 0 0 0 0 0 0 0 0 0 0 0 0 0 0 0 0 0 0 0 0 0 0 0 0 0 0 0 0 0 0 0 0 0 0 0 0 0 0 0 0 0 0 0 0 0 0 0 0 0 0 0 0 0 0 0 0 0 0 0 0 0 0 0 0 0 0 0 0 0 0 0 0 0 0 0 0 0 0 0 0 0 0 0 0 0 0 0 0 0 0 0 0 0 0 0 0 0 0 0 0 0 0 0 0 0 0 0 0 0 0
0 0 0 0 0 0 0 0 0 0 0 0 0 0 0 0 0 0 0 0 0 0 0 0 0 0 0 0 0 0 0 0 0 0 0 0 0 0 0 0 0 0 0 0 0 0 0 0 0 0 0 0 0 0 0 0 0 0 0 0 0 0 0 0 0 0 0 0 0 0 0 0 0 0 0 0 0 0 0 0 0 0 0 0 0 0 0 0 0 0 0 0 0 0 0 0 0 0 0 0 0 0 0 0 0 0 0 0 0 0 0 0 0 0 0 0 0 0 0 0 0 0 0 0 0 0 0 0 0 0 0 0 0 0 0 0 0 0 0 0 0 0 0 0 0 0 0 0 0 0
0 0 0 0 0 0 0 0 0 0 0 0 0 0 0 0 0 0 0 0 0 0 0 0 0 0 0 0 0 0 0 0 0 0 0 0 0 0 0 0 0 0 0 0 0 0 0 0 0 0 0 0 0 0 0 0 0 0 0 0 0 0 0 0 0 0 0 0 0 0 0 0 0 0 0 0 0 0 0 0 0 0 0 0 0 0 0 0 0 0 0 0 0 0 0 0 0 0 0 0 0 0 0 0 0 0 0 0 0 0 0 0 0 0 0 0 0 0 0 0 0 0 0 0 0 0 0 0 0 0 0 0 0 0 0 0 0 0 0 0 0 0 0 0 0 0 0 0 0 1
0 0 0 0 0 0 0 0 0 0 0 0 0 0 0 0 0 0 0 0 0 0 0 0 0 0 0 0 0 0 0 0 0 0 0 0 0 0 0 0 0 0 0 0 0 0 0 0 0 0 0 0 0 0 0 0 0 0 0 0 0 0 0 0 0 0 0 0 0 0 0 0 0 0 0 0 0 0 0 0 0 0 0 0 0 0 0 0 0 0 0 0 0 0 0 0 0 0 0 0 0 0 0 0 0 0 0 0 0 0 0 0 0 0 0 0 0 0 0 0 0 0 0 0 0 0 0 0 0 0 0 0 0 0 0 0 0 0 0 0 0 0 0 0 0 0 0 0 0 0
