0 0 30 5 1 0 1 0 9 84 9 11 0 1 0 0 0 0 5 0 0 0 0 0 0 10 0 0 0 0 0 0 1 3 4 8 0 0 1 4 18 0 0 1 5 0 0 0 0 0 0 0 0 0 24 0 0 0 2 24 29 16 7 5 0 3 4 0 0 0 0 3 11 165 163 456 78 19 66 32 21 204 61 93 94 240 261 266 41 221 1088 741 86 748 678 685 1114 623 927 168 228 126 19 15 40 26 34 362 241 18 36 4 19 50 84 46 38 5 3 0 8 36 16 18 4 7 0 7 2 18 1 23 4 9 2 0 0 5 0 0 11 0 0 0 0 0 0 0 0 9
0 6 11 5 0 0 0 0 0 28 3 19 25 3 0 0 0 4 15 0 0 0 32 0 20 25 0 5 0 0 0 0 0 0 2 5 0 3 3 0 0 0 0 1 0 0 0 0 0 0 0 0 0 1 8 0 0 0 0 34 123 7 2 7 3 0 0 0 1 6 0 4 51 35 29 2 72 84 11 20 70 47 16 3 112 266 303 229 365 345 113 24 322 360 173 244 502 647 1127 597 259 190 54 28 26 15 3 103 60 30 24 9 25 21 51 31 8 4 5 27 4 4 37 7 14 0 2 6 21 20 17 5 91 83 0 0 0 0 0 62 3 0 0 0 0 0 0 0 0 0
0 0 0 1 7 0 0 0 1 17 4 1 16 6 0 0 0 2 1 0 3 15 71 20 6 0 2 3 0 0 0 0 0 2 0 1 0 3 0 17 11 0 0 0 0 0 0 0 0 0 0 0 0 0 3 0 0 3 4 3 20 12 4 0 0 0 0 0 0 0 0 2 3 0 0 1 0 53 104 209 144 35 5 13 31 275 678 209 10 4 85 25 85 392 605 821 163 425 320 577 590 371 32 41 18 16 5 25 272 213 22 7 6 0 21 4 10 32 11 35 93 40 59 11 1 5 1 5 0 51 3 5 98 138 0 0 2 0 5 14 3 2 0 0 0 0 0 0 0 0
55 2 0 0 0 0 0 0 0 5 1 3 0 0 0 5 0 0 4 2 0 0 2 6 8 0 2 25 12 0 2 0 0 0 0 0 0 3 0 2 6 0 0 0 0 0 0 0 0 0 2 0 1 0 207 22 5 21 28 5 0 1 9 16 0 0 0 0 0 3 4 122 5 0 0 6 24 72 304 132 102 65 163 141 184 15 63 192 1 269 1259 859 1613 679 842 535 103 220 759 527 497 589 175 14 22 150 8 53 409 65 28 9 42 14 1 10 35 58 60 24 13 83 25 9 7 10 2 1 19 3 2 39 31 0 9 1 13 0 0 10 68 8 0 0 0 0 0 0 0 0
4 44 0 19 0 0 0 0 10 9 0 1 0 0 0 18 6 8 0 2 3 1 15 0 0 0 0 0 0 0 1 0 0 0 0 10 16 0 1 0 0 0 0 0 0 0 0 0 0 25 2 0 0 1 50 182 40 31 1 0 19 3 0 3 0 0 0 0 0 8 148 65 77 128 20 78 76 187 278 189 304 373 333 325 243 79 43 42 12 466 1671 461 648 1027 422 237 86 741 359 822 621 807 844 667 643 72 111 24 5 9 19 28 43 21 7 2 1 13 50 60 239 850 139 23 1 14 3 0 3 5 0 0 0 0 0 6 0 0 0 1 43 12 0 0 0 0 0 0 0 0
8 5 0 2 0 0 0 0 7 3 2 0 0 0 0 5 3 2 10 42 4 1 0 0 0 0 0 0 0 2 0 1 0 0 5 63 31 26 0 0 0 0 1 0 0 0 0 0 0 8 38 12 0 1 18 259 24 9 9 2 0 0 1 3 0 0 0 0 3 59 124 126 229 116 107 41 31 53 76 277 598 647 305 69 0 154 48 22 2 336 2018 921 74 346 844 533 113 1917 518 518 500 418 1126 495 23 126 60 56 3 1 3 7 8 27 9 18 15 6 1 23 114 150 3 5 3 11 3 0 2 3 9 0 0 0 0 0 2 0 0 0 2 8 1 0 0 0 0 0 0 0
0 0 0 3 0 0 0 0 0 10 6 0 0 1 0 2 0 0 0 0 1 0 5 0 0 0 0 0 0 2 3 0 0 0 0 15 2 1 3 0 0 0 0 0 0 0 0 0 0 1 2 3 1 7 2 43 11 1 67 41 2 0 0 0 13 4 0 0 3 65 62 79 316 368 377 155 404 154 311 445 874 977 1110 676 127 12 10 233 128 97 1495 1031 74 558 1064 496 284 540 933 82 36 357 124 105 9 53 72 8 12 6 54 169 174 19 41 18 3 1 22 26 83 144 5 6 4 6 12 5 0 0 11 0 0 0 0 0 0 13 0 0 0 0 0 0 0 0 0 0 0 0
1 0 0 5 0 0 0 0 0 0 1 0 0 0 0 0 0 0 0 0 0 0 0 0 0 0 0 0 0 2 11 0 0 0 19 5 0 0 2 9 0 0 0 0 0 0 0 0 0 0 0 0 5 13 24 1 2 27 79 56 57 42 39 2 10 60 0 0 5 47 5 5 29 53 54 53 79 177 587 1016 1092 714 909 173 198 177 189 669 262 94 605 84 56 421 460 407 236 863 785 223 172 378 395 528 192 100 16 102 126 25 388 337 35 52 23 36 2 1 3 10 17 1 13 11 4 1 19 1 8 0 0 0 0 0 0 0 0 0 0 0 0 0 0 0 0 0 0 0 0 0
5 0 0 0 0 0 4 0 4 2 0 0 0 3 9 0 0 0 0 0 0 0 0 0 0 0 0 0 0 0 4 0 0 0 12 0 0 0 0 0 0 0 0 0 0 0 0 0 0 0 0 0 3 11 0 0 2 18 29 49 330 251 15 1 6 14 1 3 0 36 3 0 0 2 0 11 3 45 82 421 743 827 652 34 6 9 460 251 364 39 5 7 465 1224 1451 1568 129 448 330 154 310 120 87 380 764 142 169 239 72 59 868 150 189 11 32 6 3 5 6 3 20 7 13 9 5 6 0 2 1 0 3 0 0 0 0 0 0 0 0 0 0 0 0 0 0 0 0 0 0 0
0 0 0 0 0 0 0 23 9 6 0 0 0 0 0 0 0 0 0 0 0 0 0 0 0 0 0 0 0 0 0 0 0 0 0 0 0 1 4 0 0 0 0 0 0 0 2 1 6 2 2 0 11 8 0 0 1 1 1 13 65 182 18 16 6 2 0 2 0 5 0 0 0 0 0 27 8 45 297 819 1071 641 789 305 1028 999 341 108 212 163 52 3 5 751 1269 1840 817 104 99 38 65 102 24 5 57 429 326 217 66 35 405 629 163 24 6 300 338 498 178 67 33 17 17 54 49 14 17 0 2 24 203 5 0 0 0 0 0 0 0 0 0 0 0 0 0 0 0 0 0 1
0 1 12 0 0 0 4 0 0 6 3 10 0 0 0 8 1 1 2 0 0 0 0 0 0 0 0 0 0 0 0 1 0 0 0 4 0 1 1 0 2 5 1 1 0 0 2 14 23 13 11 9 119 7 0 0 1 13 13 15 1 172 7 13 0 0 0 0 1 6 0 0 0 0 0 0 2 19 97 259 439 292 522 216 357 300 195 369 561 305 61 0 20 181 449 965 1010 55 14 94 20 27 2 29 92 310 745 375 223 135 491 109 166 18 4 145 419 656 346 273 375 180 252 132 150 409 138 76 62 54 11 115 15 55 3 0 0 0 0 0 0 0 0 0 0 0 0 0 0 0
11 0 0 0 0 0 0 0 4 16 0 1 0 0 0 1 5 10 6 0 7 0 1 0 0 0 0 0 0 0 0 0 1 1 2 0 0 2 2 0 2 14 9 11 1 0 0 0 1 0 0 0 7 0 2 0 0 1 1 1 0 4 0 0 0 9 2 1 2 0 2 2 0 0 0 2 47 13 76 327 522 158 41 48 129 152 16 16 133 574 37 0 0 0 10 128 958 470 310 14 0 5 9 28 23 90 415 230 20 38 168 178 66 112 22 191 784 193 682 840 386 366 179 71 110 199 2 0 0 58 1 1 89 32 23 1 0 0 0 0 0 0 0 0 0 0 0 0 0 0
0 0 0 0 0 0 3 0 6 2 0 0 0 0 0 0 2 12 1 9 5 19 0 0 0 0 0 0 0 0 0 0 1 0 0 1 3 0 0 0 0 5 46 10 16 0 1 15 0 0 0 0 8 2 2 0 0 0 0 1 3 3 0 0 0 6 0 6 0 3 14 0 0 0 0 33 143 60 244 101 130 269 17 0 15 12 9 0 1 1 1 0 12 37 88 29 894 488 745 598 19 2 37 12 29 5 6 151 399 348 1087 593 95 841 209 10 17 98 1347 1150 165 215 134 3 65 126 4 0 40 25 0 0 45 16 2 0 0 0 0 0 0 0 0 0 0 0 0 0 0 0
0 0 1 0 0 0 4 3 0 1 0 0 0 0 0 0 0 0 69 14 12 9 0 0 0 0 0 0 0 1 12 1 0 0 0 0 1 0 0 0 0 2 0 82 38 0 0 0 5 2 1 31 1 0 0 0 0 0 1 0 9 12 5 2 0 0 29 18 15 16 50 0 1 0 2 354 832 444 226 40 41 321 82 4 14 157 4 1 0 34 3 0 1 56 9 21 97 623 182 308 1 6 381 162 467 98 69 381 255 767 1213 1654 622 315 225 309 171 204 833 502 146 114 0 1 0 17 24 0 10 2 0 0 0 0 0 1 0 0 0 0 0 0 0 0 0 0 0 0 0 0
0 0 0 0 0 0 1 6 4 2 0 0 0 0 0 0 0 0 1 4 11 0 0 0 2 0 0 0 0 0 1 0 0 0 0 0 0 0 0 0 0 0 0 9 24 0 0 1 0 36 6 19 5 0 7 1 0 8 9 28 83 21 9 10 10 15 130 157 145 184 42 0 3 2 57 715 1043 1290 494 8 0 178 33 4 3 13 9 15 0 34 15 24 2 1 0 2 67 472 206 290 32 72 559 638 1640 1295 1700 1040 1310 736 816 597 662 732 427 212 150 118 76 85 124 114 21 15 0 25 34 5 19 24 1 0 0 0 0 0 0 0 0 0 0 0 0 0 0 0 0 0 0 0
0 0 0 0 0 0 0 41 19 0 3 0 0 0 0 0 1 0 0 3 0 10 34 3 0 0 0 0 2 2 0 0 0 0 0 0 0 0 0 0 0 2 0 1 1 29 0 0 0 31 108 93 3 0 0 13 46 59 11 60 17 15 2 52 22 40 120 53 59 163 219 32 126 166 644 1020 1554 1036 76 7 2 1 0 0 0 0 14 81 7 45 1 13 1 0 3 44 31 31 24 32 19 2 1247 754 591 686 1224 247 628 1016 1098 560 635 278 300 210 66 131 180 91 9 5 151 300 60 55 10 3 9 1 0 0 0 0 22 3 0 0 0 0 0 0 0 0 0 0 0 0 0 0
0 0 0 0 0 0 0 0 2 0 0 0 1 0 0 5 7 6 0 0 1 0 8 29 13 7 5 0 0 0 0 0 0 0 0 0 0 0 0 0 2 0 3 2 0 46 6 0 1 16 11 2 0 30 3 51 78 188 87 43 5 9 2 0 2 1 0 0 0 0 0 0 82 32 279 346 464 248 97 0 0 0 15 1 0 0 0 47 112 17 3 0 7 2 6 11 60 0 5 111 9 252 1014 830 456 238 413 272 415 628 743 329 790 230 352 87 60 72 201 9 0 1 49 26 29 325 4 11 2 0 0 0 0 0 0 0 0 0 0 0 0 0 0 0 0 0 0 0 0 0
0 0 2 2 0 1 1 3 0 0 0 4 3 0 7 3 0 4 0 5 2 12 1 0 6 1 3 27 0 0 0 0 0 0 0 0 0 0 0 0 0 0 0 0 0 256 63 25 2 31 49 43 13 79 19 25 60 76 367 13 2 0 1 0 7 3 58 49 2 26 55 8 89 21 37 95 35 147 34 10 0 0 6 0 0 0 0 3 84 1 0 23 55 48 8 3 5 0 41 610 249 202 164 108 128 520 139 209 550 409 122 98 78 124 143 27 95 162 15 5 0 2 11 3 134 639 238 21 2 1 0 0 0 0 0 0 0 0 0 0 0 0 0 0 0 0 0 0 0 0
0 0 0 1 2 5 0 0 0 0 0 0 2 0 0 2 1 0 0 1 4 6 4 0 2 4 53 47 31 0 0 0 0 0 2 15 1 0 0 0 0 1 0 10 25 30 13 22 20 396 105 21 13 25 4 25 331 79 53 25 39 22 6 0 0 0 2 5 6 13 18 19 29 13 6 61 96 17 5 24 5 0 7 19 0 10 19 19 8 3 3 56 88 264 27 0 0 40 257 22 170 235 72 10 103 107 173 364 387 3 0 82 4 605 68 0 9 0 0 0 0 0 2 2 36 202 228 329 7 1 0 0 0 0 0 0 0 0 0 0 0 0 0 0 0 0 0 0 0 0
0 0 0 0 0 0 0 0 0 0 0 1 0 0 0 0 1 0 0 1 0 16 49 2 3 17 1 62 121 5 0 3 4 0 0 0 0 1 0 0 0 3 10 32 8 125 102 12 8 154 38 5 11 2 82 4 30 83 22 0 4 14 0 0 0 5 0 0 3 21 65 32 5 0 1 33 16 0 1 0 3 0 0 0 0 35 17 0 7 7 2 28 15 6 1 39 0 4 5 8 883 1067 868 126 72 145 151 286 169 5 0 0 0 215 52 0 0 0 0 0 0 0 0 5 11 4 14 161 11 0 0 0 0 0 0 0 0 0 0 0 0 0 0 0 0 0 0 0 0 0
0 0 0 1 0 1 0 0 0 0 0 0 0 1 1 0 1 1 13 6 0 7 12 6 0 14 5 10 0 14 0 14 10 0 0 0 0 0 0 2 7 5 14 10 3 10 10 19 80 192 311 55 15 56 25 14 13 3 4 0 0 2 30 12 183 93 7 1 6 2 111 34 3 0 11 91 216 74 2 17 3 6 4 2 0 0 0 2 19 12 2 0 0 0 5 0 0 1 407 484 1597 1174 571 133 1 18 90 101 0 0 0 0 0 64 0 0 0 0 0 0 0 0 5 8 0 0 28 33 0 0 0 0 0 0 0 0 0 0 0 0 0 0 0 0 0 0 0 0 0 0
0 0 0 0 0 0 0 0 0 0 0 0 0 6 0 5 0 0 0 1 9 0 18 5 3 4 0 0 0 0 14 53 17 1 9 0 0 11 0 0 57 8 1 0 1 0 7 37 297 929 288 269 23 1 0 5 4 12 0 2 2 5 0 0 6 30 25 5 7 60 32 14 6 0 1 9 90 78 43 77 22 16 7 18 13 0 3 16 253 103 14 3 1 4 3 24 7 2 123 413 226 76 46 7 10 2 170 51 15 0 0 0 8 79 0 0 0 0 0 0 0 0 0 0 0 30 34 1 1 7 2 0 0 0 0 0 0 0 0 0 0 0 0 0 0 0 0 0 0 0
0 0 0 0 0 0 0 0 0 0 0 0 0 0 1 1 0 0 0 0 2 0 8 1 3 0 0 0 0 0 0 9 17 4 2 0 13 177 13 11 0 0 0 0 0 0 14 13 15 434 262 99 13 0 0 3 0 2 9 5 1 0 0 0 10 2 34 5 0 9 7 18 31 7 0 0 2 1 19 23 2 36 17 0 0 15 9 1 0 1 1 0 6 2 0 7 1 1 2 0 4 2 9 50 38 46 43 66 85 143 71 23 33 0 0 0 0 0 0 0 0 0 0 6 42 43 103 10 0 0 0 1 0 0 0 0 0 0 0 0 0 0 0 0 0 0 0 0 0 0
0 0 1 0 0 0 0 0 0 0 0 0 0 3 7 0 5 3 0 7 6 1 0 0 0 0 0 0 0 0 0 7 19 14 5 9 11 21 3 0 0 0 0 0 6 81 21 51 4 131 141 17 2 2 4 4 15 15 0 2 0 0 0 0 0 2 0 0 0 0 2 10 140 59 6 10 0 0 0 0 0 10 78 178 6 0 1 0 0 0 0 2 0 0 0 0 1 0 1 2 3 1 2 94 35 18 16 2 5 37 7 604 17 0 0 0 1 0 0 0 0 0 4 51 12 30 64 124 2 0 0 0 0 0 0 0 0 0 0 0 0 0 0 0 0 0 0 0 0 0
1 0 0 0 0 0 0 0 0 0 0 0 0 1 0 0 0 1 0 0 1 0 7 0 0 1 2 0 0 0 0 0 14 4 20 0 0 114 0 0 0 0 0 18 26 34 52 3 4 28 69 24 18 22 27 0 2 3 0 0 0 0 0 0 4 0 0 10 14 0 3 1 19 3 33 7 0 0 0 0 0 0 8 91 21 2 0 0 0 5 6 2 0 0 0 0 22 0 0 12 7 1 1 13 465 1 0 3 0 0 0 7 1 0 0 11 4 0 0 0 0 0 0 0 0 22 44 8 0 0 0 0 0 0 0 0 0 0 0 0 0 0 0 0 0 0 0 0 0 0
0 0 0 0 0 0 0 0 1 0 0 0 0 1 7 0 0 0 6 0 0 5 0 3 0 0 1 7 0 0 0 0 5 27 36 0 0 17 0 0 0 0 0 9 78 20 1 2 6 3 61 10 0 0 0 0 2 0 0 0 2 0 0 0 11 6 0 4 2 5 5 23 1 7 5 3 12 0 0 0 0 1 1 1 1 29 0 13 0 8 0 3 3 2 1 3 0 11 2 3 5 7 15 113 268 270 0 1 0 0 0 5 1 1 6 2 0 0 0 0 0 0 0 0 0 31 10 31 0 0 0 0 0 0 0 0 12 36 0 0 0 1 0 0 0 0 0 0 0 0
0 0 0 0 0 0 0 0 0 0 0 0 1 0 6 1 0 30 0 2 3 8 1 0 0 0 2 25 0 1 0 2 0 6 30 2 0 1 2 1 0 2 2 17 64 5 1 2 0 5 10 9 1 0 0 1 0 2 0 0 0 0 0 2 18 1 0 1 1 2 2 9 2 5 4 0 13 0 0 0 0 2 30 6 0 4 14 25 2 7 9 0 0 0 0 8 0 0 0 1 16 14 4 2 49 289 54 0 0 0 0 0 0 1 6 5 0 0 4 0 0 0 0 0 2 147 15 26 0 0 0 0 0 0 0 0 1 3 0 0 0 0 0 0 0 0 0 0 0 0
0 0 0 0 0 0 0 0 0 0 0 0 0 10 2 4 9 18 2 0 1 12 15 3 0 0 0 2 0 0 2 0 0 39 1 0 2 16 7 10 44 29 13 119 159 7 1 0 3 2 1 44 44 1 1 1 0 0 0 0 0 0 0 1 1 0 0 2 6 37 78 28 5 6 0 0 2 17 0 0 0 0 0 0 1 0 1 6 25 2 2 0 0 0 0 0 0 0 0 0 0 3 13 2 29 946 697 33 0 0 0 0 0 0 0 0 0 133 55 2 0 0 0 30 98 18 92 169 172 29 0 0 3 0 1 2 4 0 0 0 0 0 0 0 0 0 0 0 0 0
0 0 0 0 0 0 0 0 0 1 2 0 4 6 5 9 18 51 4 0 0 4 1 3 0 0 0 1 9 16 5 1 6 3 4 14 10 21 49 123 254 728 269 266 83 6 0 0 1 5 0 10 49 13 1 1 0 0 0 0 0 0 0 0 0 0 0 0 0 3 11 27 10 0 9 9 3 6 7 0 0 7 5 0 5 0 0 0 16 12 6 0 3 8 9 24 3 0 1 0 0 0 13 18 218 407 239 429 5 0 0 0 0 2 0 2 180 61 27 0 0 0 10 214 246 177 839 635 24 18 0 0 0 9 1 3 0 0 0 0 0 0 0 0 0 0 0 0 0 0
0 0 0 0 0 0 0 0 7 7 19 53 27 7 0 0 1 10 3 2 0 1 3 17 1 0 0 0 0 0 2 0 0 2 52 24 10 11 99 301 686 1136 596 651 62 4 3 3 1 0 6 2 61 65 4 5 0 0 0 0 0 0 0 0 0 0 0 0 0 0 0 3 1 0 0 0 0 5 4 0 0 0 2 0 21 0 0 0 2 6 0 3 3 18 2 16 1 2 0 1 0 65 16 6 4 90 2 83 21 0 0 0 1 0 51 66 473 306 40 36 16 17 8 112 69 42 618 596 420 280 33 44 23 94 1 0 0 0 0 0 0 0 0 0 0 0 0 0 0 0
0 0 0 0 0 0 4 0 2 0 2 1 2 0 4 1 0 0 17 13 0 3 103 18 0 0 0 5 0 0 8 3 1 3 35 37 17 15 28 94 527 450 444 208 45 6 25 2 7 1 9 7 4 48 1 1 0 0 0 0 0 0 0 0 0 0 0 0 2 0 1 2 0 0 0 1 3 9 2 0 0 16 3 2 38 2 0 7 29 18 1 0 8 14 2 0 1 3 1 2 1 1 1 7 2 0 0 2 20 0 1 0 5 0 45 842 542 482 233 221 148 65 119 2 1 20 318 439 3 86 16 250 523 38 25 0 0 0 0 0 0 0 0 0 0 0 0 0 0 0
0 0 0 0 0 0 0 1 0 1 5 12 2 1 2 14 2 0 29 14 214 70 11 0 0 0 0 2 4 23 2 2 5 33 70 1 0 3 0 175 498 397 334 180 52 30 13 0 4 6 3 3 7 5 6 2 0 0 0 0 0 0 0 0 0 0 0 0 0 0 0 0 0 0 0 0 0 3 12 0 6 12 29 135 37 0 0 0 0 1 0 2 11 0 2 0 4 4 0 0 2 0 0 1 6 8 5 20 181 198 280 475 113 95 449 904 472 244 73 389 90 129 5 10 125 222 116 152 1 0 109 341 242 42 17 1 0 0 0 0 0 0 0 0 0 0 0 0 0 0
0 0 1 0 0 0 2 4 1 2 0 5 4 12 1 5 2 2 4 9 65 0 0 0 0 0 0 0 0 16 3 29 3 7 3 5 2 4 9 8 50 113 21 11 4 0 0 0 1 0 0 5 49 4 2 1 1 2 2 0 0 0 0 0 0 0 0 0 0 1 0 0 0 0 0 16 0 31 2 2 0 13 14 7 1 0 0 0 1 0 7 0 0 3 4 2 1 0 0 0 7 0 6 0 0 2 7 13 151 73 105 71 84 307 1506 513 242 311 65 409 95 6 0 51 12 156 148 0 0 0 72 204 0 0 4 0 0 0 0 0 0 0 0 0 0 0 0 0 0 0
0 0 1 1 0 11 13 10 3 2 0 0 0 3 19 0 3 5 26 29 21 0 0 0 0 0 0 0 0 4 26 4 11 1 10 0 7 0 9 1 9 29 8 1 1 4 0 0 1 2 0 6 209 9 7 22 14 5 2 0 0 0 0 0 0 0 0 0 0 0 0 0 0 0 0 0 0 6 2 0 0 0 1 0 0 0 0 0 2 0 0 0 5 25 7 2 11 2 0 0 16 0 0 1 0 0 5 78 87 1 2 6 263 180 253 550 125 267 94 99 292 2 0 0 0 0 0 0 0 0 2 127 5 0 0 0 0 0 0 0 0 0 0 0 0 0 0 0 0 0
0 0 0 0 0 1 9 7 4 2 0 0 6 7 6 15 32 7 2 0 4 1 1 0 0 0 1 40 21 6 33 28 24 1 1 3 3 4 6 8 17 22 5 2 1 0 1 0 0 0 4 17 202 70 26 18 0 0 0 0 0 0 0 0 0 0 0 0 0 0 0 0 0 0 0 0 6 6 5 14 3 0 0 0 0 0 0 0 3 3 14 1 25 51 3 12 2 0 0 4 3 0 0 1 0 0 5 103 705 12 0 0 2 0 0 1 4 58 427 589 55 0 0 0 0 0 2 0 0 0 0 2 69 1 0 0 0 0 0 0 0 0 0 0 0 0 0 0 0 0
1 0 3 1 2 0 6 33 3 5 14 9 2 1 4 165 52 9 5 6 0 0 3 3 3 0 0 7 0 12 10 4 3 7 1 4 0 0 0 2 12 2 1 1 8 0 0 0 0 0 0 55 5 31 19 3 0 0 0 0 0 0 0 0 0 0 0 0 0 0 0 0 0 0 0 0 8 25 3 0 0 0 1 0 0 0 0 0 20 0 4 0 0 33 1 0 0 0 7 3 0 0 7 1 3 14 34 32 150 0 0 0 0 0 3 0 0 7 109 291 348 165 0 0 4 70 0 0 0 62 124 22 53 5 0 0 0 0 0 0 0 0 0 0 0 0 0 0 0 0
0 0 0 0 0 3 8 0 0 0 7 11 2 0 13 58 45 22 5 0 0 0 3 4 2 8 4 0 3 10 0 3 2 8 5 2 0 0 0 2 5 17 16 2 2 1 4 3 0 0 6 25 30 23 35 17 4 0 0 2 0 0 0 0 0 0 0 0 0 0 0 0 0 0 0 0 0 24 96 4 0 5 0 0 0 0 1 74 15 0 3 2 2 3 2 2 0 1 2 14 24 11 13 6 7 6 10 17 56 3 0 0 0 9 52 39 200 526 96 249 549 144 0 13 354 101 0 0 0 106 261 0 0 0 0 0 0 0 0 0 0 0 0 0 0 0 0 0 0 0
0 3 3 1 0 0 4 1 2 6 6 127 5 13 0 2 6 8 0 1 0 0 5 1 5 1 0 2 33 1 0 0 0 2 1 0 0 1 3 1 5 21 27 0 11 1 4 2 0 0 2 139 11 2 1 1 0 0 2 0 0 0 0 0 0 0 0 0 0 0 0 0 0 0 0 1 0 41 45 8 0 3 0 0 0 4 3 10 0 0 3 0 1 6 0 0 0 0 1 3 0 2 5 0 5 0 7 32 40 8 0 0 1 0 114 582 915 535 63 35 87 93 89 307 139 3 0 0 13 420 174 0 0 0 0 0 0 0 0 0 0 0 0 0 0 0 0 0 0 0
0 0 1 0 0 0 3 0 3 0 8 47 1 0 1 0 1 2 1 5 1 0 0 1 4 4 21 6 11 1 0 0 0 1 0 0 0 10 19 4 0 1 2 1 0 1 0 2 0 0 3 108 1 3 6 0 0 0 2 3 1 0 0 0 0 0 0 0 0 0 0 0 0 0 0 0 4 2 92 22 21 15 17 0 0 0 1 0 0 0 0 0 2 6 0 0 0 0 0 5 1 14 2 12 13 14 8 11 34 0 0 1 37 25 36 16 5 65 433 301 22 266 523 630 453 222 73 192 815 1607 753 0 1 0 0 0 0 0 0 0 0 0 0 0 0 0 0 0 0 0
0 2 0 0 0 1 1 1 0 10 11 2 0 5 4 3 2 5 0 0 0 0 0 0 0 16 15 0 1 0 0 1 11 4 0 0 0 0 1 14 6 4 4 4 5 0 7 0 2 5 16 423 38 15 1 6 0 2 2 5 1 0 0 2 0 0 0 0 0 0 0 0 0 0 0 0 3 19 45 0 1 24 19 0 0 0 0 0 5 3 1 4 3 16 1 21 29 3 2 2 10 0 3 5 16 21 4 0 82 58 3 19 16 6 2 13 7 225 431 504 485 699 858 541 1492 1062 783 597 952 839 428 2 0 0 0 0 0 0 0 0 0 0 0 0 0 0 0 0 0 0
0 0 0 0 2 2 8 1 100 3 0 1 5 3 7 22 3 2 1 0 0 0 0 0 2 7 7 0 5 0 1 4 2 5 6 3 4 2 4 1 3 1 2 1 2 0 2 0 4 31 690 625 8 151 41 2 3 7 6 1 0 1 0 0 0 0 0 0 0 0 0 0 0 0 0 0 0 0 3 1 0 0 0 0 0 0 0 0 15 4 0 4 20 0 0 1 0 0 4 5 12 5 9 5 21 16 26 42 4 6 10 7 1 5 22 9 14 63 456 1532 1525 924 378 1493 1448 666 164 787 567 22 54 8 0 0 0 0 0 0 0 0 0 0 0 0 0 0 0 0 0 0
0 9 0 2 0 1 0 0 9 5 5 0 14 3 0 0 3 5 0 0 0 0 0 0 4 3 0 1 2 0 1 33 27 4 2 4 1 0 1 0 0 1 0 0 0 1 0 0 6 25 822 619 815 804 49 27 9 2 5 13 1 0 0 0 0 0 0 0 0 0 0 0 0 0 1 0 0 0 0 9 0 2 0 0 0 0 0 25 115 0 0 27 33 0 0 0 0 0 0 7 8 0 8 6 3 171 402 18 0 0 7 4 0 18 5 9 15 22 108 636 363 727 293 2924 1762 582 364 204 15 499 688 744 0 0 0 0 0 0 0 0 0 0 0 0 0 0 0 0 0 0
6 2 4 9 3 2 18 8 10 2 11 74 0 1 1 2 0 0 0 0 0 0 0 0 0 0 0 0 0 0 0 19 5 4 0 2 1 7 0 0 0 0 0 0 0 0 4 0 13 1 274 385 698 578 92 32 2 4 6 7 3 0 0 0 0 0 0 0 0 0 0 0 0 0 0 0 0 0 0 20 1 7 5 0 0 0 0 18 59 1 2 18 96 0 0 0 0 0 0 4 7 38 10 22 12 13 3 9 0 0 0 0 9 7 6 7 6 7 14 32 267 316 461 754 1262 843 488 487 442 723 440 333 31 0 0 0 0 0 0 0 0 0 0 0 0 0 0 0 0 0
11 3 1 4 3 15 16 9 4 0 2 2 2 0 0 0 0 0 0 0 0 0 7 0 3 0 0 0 1 0 0 0 0 0 0 0 0 0 0 0 0 0 0 0 0 3 2 0 0 5 29 152 252 28 14 17 5 0 12 9 0 12 0 0 0 0 0 0 0 0 0 0 0 0 0 0 0 0 2 0 1 0 0 0 0 0 40 54 17 3 3 285 156 30 3 0 0 0 0 35 16 4 33 136 26 1 10 3 21 2 0 0 7 3 6 7 2 25 27 14 197 776 510 396 243 624 841 1557 315 228 64 66 0 0 0 0 0 0 0 0 0 0 0 0 0 0 0 0 0 0
0 4 17 0 7 2 12 42 14 17 7 15 2 3 0 0 0 0 1 2 0 0 1 2 0 0 0 0 3 1 0 0 0 0 0 0 0 0 0 1 1 0 0 0 0 4 0 0 14 3 3 11 109 12 12 0 1 38 79 0 0 1 13 0 0 0 0 0 0 0 0 0 0 0 0 0 0 0 0 0 0 2 20 28 31 19 1 0 23 86 107 176 152 5 3 0 0 0 23 27 71 248 235 438 374 17 35 1 7 3 1 0 4 1 3 2 3 50 17 531 324 678 2479 1723 768 245 2147 2275 1368 0 1 2 0 0 0 0 0 0 0 0 0 0 0 0 0 0 0 0 0 0
5 8 12 0 12 7 8 52 4 10 1 0 1 3 0 0 0 0 0 0 0 1 1 1 0 0 0 0 2 0 0 0 1 2 1 0 0 0 0 2 4 0 0 0 0 0 0 0 10 21 0 2 95 1 16 0 0 3 92 4 2 1 0 0 0 0 0 0 0 0 0 0 0 0 0 0 0 0 0 0 1 1 7 1 0 1 2 7 7 26 140 70 122 8 25 16 1 2 0 18 155 312 398 216 242 31 1 3 6 8 4 0 0 0 14 1 7 629 276 831 556 5 7 185 177 531 313 717 429 4 219 6 0 0 0 0 0 0 0 0 0 0 0 0 0 0 0 0 0 0
3 10 144 0 41 120 52 9 0 2 0 0 3 3 0 4 0 0 0 2 4 1 0 0 0 0 0 1 0 0 0 0 0 0 0 0 0 0 0 0 0 8 1 0 1 4 0 0 0 0 0 12 63 0 1 0 1 3 4 17 20 0 1 0 0 0 0 0 0 0 0 0 0 0 0 0 0 0 0 0 29 60 0 4 33 0 86 6 0 0 0 18 2 1 1 0 0 0 0 20 11 124 909 332 98 203 9 10 6 6 9 0 0 0 0 28 288 489 215 28 0 0 0 0 101 434 138 755 545 11 48 26 0 0 0 0 0 0 0 0 0 0 0 0 0 0 0 0 0 0
5 33 161 174 539 509 181 43 12 0 0 0 0 0 5 0 0 0 0 0 1 7 0 0 0 0 0 0 0 4 0 0 0 0 3 0 0 0 8 0 0 3 0 5 3 9 0 17 2 0 0 27 26 1 0 1 2 0 11 0 2 6 0 0 0 0 0 0 0 0 0 0 0 0 0 0 0 0 8 21 8 0 0 0 9 5 12 192 99 0 0 0 0 0 0 0 0 0 0 0 0 196 538 192 85 208 1 2 4 14 12 1 0 0 3 61 200 15 18 84 0 0 0 0 24 527 382 673 317 2 63 2 0 0 0 0 0 0 0 0 0 0 0 0 0 0 0 0 0 0
2 170 411 910 576 500 274 39 1 0 0 5 11 0 2 0 0 2 0 4 2 2 0 0 4 0 0 0 0 0 0 0 0 0 0 0 0 0 0 0 0 3 0 8 12 0 0 14 25 1 0 1 20 0 0 1 6 0 1 0 0 9 0 0 0 0 0 0 0 0 0 0 0 0 0 0 0 14 1 1 0 0 0 0 0 0 61 23 2 0 2 0 0 0 0 1 0 0 0 0 6 63 8 17 90 62 0 1 0 1 7 2 2 4 1 1 4 10 22 60 34 82 6 0 19 119 116 226 50 2 0 0 0 0 0 0 0 0 0 0 0 0 0 0 0 0 0 0 0 0
1 9 379 281 178 180 30 11 17 1 2 6 0 0 0 0 0 2 0 1 5 6 0 0 0 0 0 0 1 2 0 0 1 0 1 0 0 1 0 0 0 0 0 0 0 1 0 7 1 11 0 0 0 7 0 3 0 0 0 0 0 0 0 0 0 0 0 0 0 0 0 0 0 0 0 0 1 0 0 0 0 0 0 0 0 0 83 22 3 15 42 1 0 0 7 17 0 0 0 446 850 208 233 162 15 165 34 6 0 0 0 11 3 2 0 0 0 0 1 74 80 54 181 371 65 36 1 2 0 0 0 1 0 0 0 0 0 0 0 0 0 0 0 0 0 0 0 0 0 0
14 27 28 43 30 29 0 1 1 2 15 0 0 0 0 0 0 0 0 0 2 68 0 0 0 0 0 0 0 0 0 0 0 0 0 0 0 0 0 0 3 0 1 3 1 24 0 0 0 0 0 0 0 0 0 22 1 0 0 0 0 0 0 0 0 0 0 0 0 0 0 0 0 0 0 0 2 8 0 0 0 0 0 0 0 0 12 0 0 88 25 0 0 0 52 114 108 10 218 1755 503 595 67 32 1 16 67 89 0 4 16 0 0 0 0 0 0 0 42 51 95 19 7 48 9 71 28 18 131 49 7 0 0 0 0 0 0 0 0 0 0 0 0 0 0 0 0 0 0 0
86 15 24 19 2 0 1 1 0 0 0 0 1 0 0 0 0 0 0 2 5 12 4 3 0 0 0 1 0 1 1 0 0 5 18 0 0 0 0 0 0 0 0 0 0 9 1 4 0 0 0 0 0 2 65 17 1 0 0 0 0 0 0 0 0 0 0 0 0 0 0 0 0 0 26 27 0 0 0 0 0 0 0 0 0 0 22 0 0 0 166 55 0 4 161 337 85 12 96 176 36 13 25 11 12 2 0 137 476 113 0 0 1 0 14 0 0 1 0 0 48 1 0 3 20 63 43 72 451 164 23 2 0 0 0 0 0 0 0 0 0 0 0 0 0 0 0 0 0 0
21 1 8 3 0 0 4 0 0 0 0 0 0 0 0 0 0 0 0 0 0 0 0 0 0 0 0 1 0 0 5 31 3 0 0 0 0 0 0 0 1 0 0 0 1 0 0 0 0 0 0 1 33 2 9 1 0 0 0 0 0 0 0 0 0 0 0 0 0 0 0 0 0 0 11 18 0 0 0 0 0 0 0 0 0 0 41 88 156 73 100 11 13 15 6 30 40 2 0 1 12 4 2 3 6 3 158 367 147 34 5 0 0 0 3 0 0 4 1 0 5 16 11 25 7 182 90 222 113 167 24 0 0 0 0 0 0 0 0 0 0 0 0 0 0 0 0 0 0 0
0 0 0 0 2 0 0 0 0 0 0 0 0 0 0 0 0 2 0 0 1 0 0 0 0 0 0 0 7 1 4 0 0 2 1 2 1 0 0 0 0 1 0 0 0 1 0 0 0 0 0 2 4 50 13 3 0 0 0 0 0 0 0 0 0 0 0 0 0 0 0 3 0 9 0 0 0 0 0 0 0 0 0 0 0 0 2 16 147 7 0 0 0 0 18 30 0 4 8 0 1 5 0 5 2 252 701 471 257 72 0 0 0 0 0 0 0 0 78 7 0 29 4 9 3 16 98 39 6 27 2 3 0 0 0 0 0 0 0 0 0 0 0 0 0 0 0 0 0 0
2 0 0 1 0 0 0 0 0 0 0 0 0 0 0 0 0 0 1 1 0 0 0 3 0 0 0 1 0 2 0 0 0 0 3 0 0 0 0 0 0 0 0 0 0 0 0 0 0 0 3 1 4 61 4 5 4 0 0 0 0 0 0 0 0 0 0 0 0 0 2 0 0 0 0 0 0 0 0 0 0 0 0 0 0 0 1 0 0 0 0 0 2 5 0 1 4 0 2 9 4 1 3 0 24 87 75 10 63 135 0 0 0 0 0 0 0 0 2 3 1 17 1 83 135 36 205 53 31 53 0 0 0 0 0 0 0 0 0 0 0 0 0 0 0 0 0 0 0 0
0 0 0 0 2 35 0 0 0 0 0 0 0 0 0 0 0 0 0 0 0 0 0 0 0 1 3 0 0 0 0 0 1 0 0 1 0 0 0 0 0 0 0 5 0 0 0 0 0 0 2 0 3 1 1 1 6 3 0 0 0 0 0 0 0 0 0 2 1 3 0 0 0 0 0 0 0 0 0 0 0 0 0 0 0 0 0 1 1 0 0 42 101 9 1 0 1 0 1 2 6 1 34 19 54 14 0 3 0 6 0 0 0 0 0 0 0 0 0 0 3 2 0 88 0 0 0 166 2 6 0 0 0 0 0 0 0 0 0 0 0 0 0 0 0 0 0 0 0 0
0 0 0 0 39 15 3 0 0 0 0 0 0 0 1 0 0 1 0 0 0 0 0 0 0 0 0 0 7 0 5 0 0 0 0 0 0 0 0 0 0 0 0 3 7 1 1 0 0 3 1 0 0 15 1 4 1 21 0 2 0 0 0 0 0 0 0 0 5 1 0 0 0 0 0 0 0 0 0 0 0 0 0 0 0 0 0 0 65 70 136 309 165 17 0 1 0 0 0 25 32 466 347 82 10 27 21 0 0 7 4 0 0 0 0 0 0 0 0 0 0 0 0 0 0 2 36 40 0 0 0 0 0 0 0 0 0 0 0 0 0 0 0 0 0 0 0 0 0 0
0 0 0 2 3 1 1 0 0 0 0 0 0 0 0 1 0 0 1 0 0 0 0 0 0 0 0 0 0 2 0 0 0 0 0 2 0 1 0 0 0 0 0 0 2 6 0 0 0 0 3 0 0 9 4 0 0 1 0 0 0 0 0 0 0 0 0 0 11 0 0 0 0 0 0 0 0 0 0 0 0 0 0 0 1 1 1 8 13 95 196 192 125 39 8 1 2 3 2 50 113 124 94 7 1 3 4 0 0 0 4 0 0 0 0 0 0 0 0 0 9 95 76 0 0 39 9 2 0 0 0 0 0 0 0 0 0 0 0 0 0 0 0 0 0 0 0 0 0 0
0 0 0 1 1 5 0 0 0 0 0 0 19 11 0 0 0 0 1 0 0 0 0 0 0 7 5 3 0 12 0 0 0 0 2 2 0 0 1 0 0 0 0 3 1 6 7 0 0 4 0 0 1 22 19 0 0 0 0 0 0 0 0 0 0 0 2 10 30 0 0 0 0 0 0 0 0 0 0 0 0 0 0 0 4 12 32 3 3 10 0 0 22 0 17 0 0 2 2 13 45 0 0 7 2 0 0 3 0 29 13 23 1 0 0 0 0 0 0 0 0 0 0 0 0 0 0 2 0 0 0 0 0 0 0 0 0 0 0 0 0 0 0 0 0 0 0 0 0 0
0 0 0 0 1 2 3 2 0 0 0 0 6 1 0 0 0 0 0 0 0 0 0 0 0 0 0 1 0 1 0 0 0 0 2 0 0 0 0 0 0 0 0 0 0 0 0 12 3 2 4 0 0 1 4 7 0 0 1 0 0 0 0 0 0 0 7 36 16 0 0 0 0 0 0 0 0 0 0 0 0 0 0 1 52 1 3 1 3 31 6 5 4 1 0 9 5 15 5 19 29 14 2 0 2 0 0 17 41 111 138 336 31 10 0 0 0 7 0 0 0 0 1 0 0 0 0 0 0 0 0 0 0 0 0 0 0 0 0 0 0 0 0 0 0 0 0 0 0 0
0 0 0 0 1 1 0 0 0 0 0 0 0 0 0 0 0 0 0 0 0 0 0 0 0 0 0 0 0 0 0 0 0 0 0 0 0 0 1 1 0 0 0 0 0 0 0 7 20 0 0 0 0 2 0 51 76 2 0 0 0 0 0 0 1 12 42 80 4 0 0 0 0 0 0 0 0 0 0 0 0 0 0 18 39 1 2 3 30 2 7 4 0 0 0 7 57 25 14 2 0 3 15 6 4 0 23 2 40 46 225 43 349 156 1 0 0 0 0 0 0 0 0 0 0 0 0 0 0 0 0 0 0 0 0 0 0 0 0 0 0 0 0 0 0 0 0 0 0 0
0 0 0 0 0 0 0 0 0 0 0 4 0 0 0 3 0 0 0 0 0 0 0 0 0 0 0 0 1 0 0 0 0 0 0 1 0 0 0 0 0 0 0 0 0 3 2 1 59 5 1 0 0 2 3 3 7 8 13 5 2 3 1 17 3 4 0 1 0 0 1 0 0 0 0 0 0 0 0 0 0 0 0 0 0 0 0 31 7 5 2 0 2 0 33 133 1 0 0 0 0 0 1 0 29 78 393 962 464 130 23 0 332 74 0 0 0 0 0 0 0 0 0 0 0 0 0 0 0 0 0 0 0 0 0 0 0 0 0 0 0 0 0 0 0 0 0 0 0 0
0 0 0 1 3 51 5 13 0 4 1 0 0 5 1 0 1 0 0 0 0 0 0 0 0 0 0 0 0 0 1 0 0 0 0 0 0 0 2 0 1 2 0 0 2 4 17 5 1 2 0 0 1 2 4 3 0 0 0 1 0 0 0 0 0 0 1 7 1 8 1 12 0 0 0 0 0 0 0 0 0 0 0 0 0 0 0 2 0 1 12 22 0 0 179 27 1 0 0 0 0 7 1 4 41 75 154 381 234 243 132 233 420 0 0 0 0 0 0 0 0 0 0 0 0 0 0 0 0 0 0 0 0 0 0 0 0 0 0 0 0 0 0 0 0 0 0 0 0 0
0 0 0 0 26 43 2 0 0 0 0 0 0 2 0 0 0 0 0 0 0 0 0 0 0 0 0 0 0 0 0 0 1 1 0 0 0 2 0 0 2 1 4 0 2 0 5 1 6 1 2 0 1 0 1 0 0 4 1 0 0 2 0 0 0 0 0 0 3 0 0 0 1 2 0 0 0 0 0 0 0 0 0 0 0 0 0 0 0 0 0 0 17 15 4 31 207 0 0 0 0 0 0 122 150 356 2 0 17 79 0 2 1 0 0 0 0 0 0 0 0 0 0 0 0 0 0 0 0 0 0 0 0 0 0 0 0 0 0 0 0 0 0 0 0 0 0 0 0 0
0 0 0 0 1 5 1 0 5 2 1 0 0 0 0 0 0 1 0 0 0 0 0 0 0 0 0 0 0 0 0 1 1 0 0 0 0 0 0 0 0 4 1 3 0 0 2 3 1 2 0 0 2 4 4 0 0 0 0 2 1 1 0 0 0 0 0 0 0 0 3 2 2 1 0 0 0 0 0 0 0 0 0 0 0 0 0 0 0 0 0 20 86 20 11 164 357 0 0 0 0 0 0 1 15 0 0 0 0 0 48 80 0 0 0 0 0 0 0 0 0 0 0 0 0 0 0 0 0 0 0 0 0 0 0 0 0 0 0 0 0 0 2 10 3 0 0 0 0 0
0 0 1 0 0 0 0 0 0 16 0 0 0 0 2 2 0 0 3 0 0 0 0 0 0 0 0 0 0 0 0 2 0 0 0 0 0 0 0 0 0 0 0 0 0 0 0 0 0 1 2 0 3 7 4 0 0 0 2 1 0 0 0 0 0 0 0 0 0 0 1 2 0 0 0 0 0 0 0 0 0 0 0 0 0 0 0 0 44 1 1 22 187 207 52 0 1 0 0 0 0 0 0 4 1 0 1 3 0 60 140 2 0 0 0 0 0 0 0 0 0 0 0 0 0 0 0 0 0 0 0 0 0 0 0 0 0 0 0 0 0 0 0 4 0 0 0 0 0 0
0 1 0 0 1 2 0 0 0 0 0 0 0 1 0 0 0 0 0 0 0 0 0 0 0 0 0 0 0 0 0 0 1 0 0 0 0 0 0 0 0 0 0 0 0 0 0 0 0 0 3 2 17 0 0 0 0 0 0 0 0 0 0 0 0 0 0 0 0 0 0 0 1 0 0 0 0 0 0 0 0 0 0 0 0 0 0 0 0 1 12 84 516 0 0 8 1 0 0 0 0 0 0 0 11 0 0 19 21 0 29 2 0 0 0 0 0 0 0 0 0 0 0 0 0 0 0 0 0 0 0 0 0 0 0 0 0 0 0 0 0 0 0 0 0 0 0 0 0 0
0 0 0 0 0 0 0 0 0 0 0 1 3 0 0 0 0 0 1 0 0 0 0 1 0 0 0 0 0 0 0 0 0 0 0 0 0 0 0 0 0 0 0 0 0 0 0 0 0 0 4 4 1 2 0 0 1 0 0 27 9 2 0 0 0 0 0 0 0 0 1 86 1 0 0 0 0 0 0 0 0 0 0 0 0 0 0 0 1 0 17 8 0 8 9 1 0 0 0 0 0 0 0 0 0 0 0 0 0 0 0 0 0 0 0 0 0 0 0 0 0 0 0 0 0 0 0 0 0 0 0 0 0 0 0 0 0 0 0 0 0 0 0 0 0 0 0 0 0 0
2 0 0 0 0 0 0 0 0 0 0 0 0 1 0 0 0 1 0 0 0 2 4 25 0 0 0 0 0 0 0 0 0 0 0 0 0 0 0 0 0 0 0 0 0 0 0 0 0 0 0 15 4 0 0 0 0 0 0 0 0 15 9 0 0 0 0 0 0 0 0 3 13 0 10 0 0 0 0 0 0 0 0 0 0 0 0 0 0 0 1 19 9 16 20 1 0 0 0 0 0 0 0 0 0 0 0 0 0 0 0 0 0 0 0 0 0 0 0 0 0 0 0 0 0 0 0 0 0 0 0 0 0 0 0 0 0 0 0 0 0 1 0 0 0 0 0 0 0 0
0 0 0 0 0 0 0 0 0 0 0 0 0 0 0 0 0 0 0 0 0 0 0 1 1 0 0 0 0 0 0 0 0 0 0 0 0 0 0 0 0 0 0 0 0 0 0 0 0 0 0 34 40 3 0 0 4 5 2 0 0 28 52 0 0 0 0 0 0 0 0 0 0 0 0 0 0 0 0 0 0 0 0 0 0 0 0 0 0 0 21 11 0 10 18 12 0 0 6 0 0 0 0 0 0 0 0 0 0 0 0 0 0 0 0 0 0 0 0 0 0 0 0 0 0 0 0 0 0 0 0 0 0 0 0 0 0 0 0 0 0 0 0 0 0 0 0 0 0 0
0 0 0 0 0 0 0 0 0 0 0 1 6 0 0 0 0 0 0 0 0 0 0 0 1 0 0 0 2 0 0 2 0 0 0 0 0 0 0 0 0 0 0 0 0 0 0 0 0 2 11 31 146 6 20 1 1 0 0 0 0 10 0 0 0 0 0 0 0 0 0 0 0 0 0 0 0 0 0 0 0 0 0 0 0 0 0 0 0 0 1 7 17 32 8 3 0 0 0 0 0 0 0 0 0 0 0 0 0 0 0 0 0 0 0 0 0 0 0 0 0 0 0 0 0 0 0 0 0 0 0 0 0 0 0 0 0 0 0 0 0 0 0 0 0 0 0 0 0 0
0 0 0 0 0 0 0 1 0 0 0 0 0 2 0 3 0 0 1 0 0 2 0 0 0 0 0 0 0 0 0 0 2 0 0 0 0 0 0 0 0 0 0 0 0 0 0 0 2 7 1 21 201 1 26 0 0 0 0 0 0 2 3 0 0 0 0 0 0 0 0 0 0 0 0 0 0 0 0 0 0 0 0 0 0 0 0 0 0 0 0 1 8 8 5 3 5 10 0 5 0 0 0 0 0 0 0 0 0 0 0 0 0 0 0 0 0 0 0 0 0 0 0 0 0 0 0 0 0 0 0 0 0 0 0 0 0 0 0 0 0 0 0 0 0 0 0 0 0 0
0 0 0 0 0 0 0 0 0 9 1 0 0 0 0 0 1 0 4 0 0 0 0 2 1 1 0 0 0 0 0 0 0 0 0 0 0 0 0 0 3 0 0 0 0 0 0 2 0 2 0 12 8 0 0 1 0 0 0 0 6 1 0 3 0 0 0 0 0 0 0 0 0 0 0 0 0 0 0 0 0 0 0 0 0 0 0 0 0 0 0 0 0 0 0 3 51 0 1 0 1 0 0 0 0 0 0 0 0 0 0 0 0 0 0 0 0 0 0 0 0 0 0 0 0 0 0 0 0 0 0 0 0 0 0 0 0 0 0 0 0 0 0 0 0 1 0 0 0 0
0 0 2 0 0 0 0 0 0 0 0 0 0 0 0 0 0 0 0 0 0 1 0 2 1 0 0 0 0 0 0 0 0 0 11 0 0 2 0 0 0 0 0 0 0 0 9 6 0 0 0 0 0 0 0 0 0 0 0 0 8 0 0 0 0 0 0 0 0 0 0 0 0 0 0 0 0 0 0 0 0 0 0 0 0 0 0 0 0 0 0 0 0 0 0 7 13 17 0 0 0 0 0 0 0 0 0 0 0 0 0 0 0 0 0 0 0 0 0 0 0 0 0 0 0 0 0 0 0 0 0 0 0 0 0 0 0 0 0 0 0 0 0 1 16 14 0 0 0 0
2 0 0 0 0 0 0 0 0 0 0 0 0 0 0 0 2 0 0 6 2 0 0 0 1 0 0 0 0 0 2 2 0 1 0 5 0 1 0 0 0 0 0 0 0 0 3 0 0 0 0 0 0 0 0 0 0 0 0 0 0 3 0 0 0 0 0 0 0 0 0 0 1 0 0 0 0 0 0 0 0 0 0 0 0 0 0 0 0 0 0 0 0 0 3 1 8 0 0 2 6 0 0 0 0 0 0 0 0 0 0 0 0 0 0 0 0 0 0 0 0 0 0 0 0 0 0 0 0 0 0 0 0 0 0 0 0 0 0 0 0 0 0 0 0 0 0 0 0 0
0 0 0 0 0 0 0 0 0 0 0 1 0 0 0 0 0 0 0 0 0 0 0 0 0 0 0 0 0 0 0 0 0 0 0 0 0 0 0 0 0 0 0 0 0 0 0 0 0 0 0 0 0 0 0 0 0 0 0 0 2 0 0 0 0 0 0 0 0 0 0 1 0 0 0 0 0 0 0 0 0 0 0 0 0 0 0 0 0 0 0 0 0 0 20 0 1 0 0 0 0 2 0 0 0 0 0 0 0 0 0 0 0 0 0 0 0 0 0 0 0 0 0 0 0 0 0 0 0 0 0 0 0 0 0 0 0 0 0 0 0 0 0 0 0 0 0 0 0 0
0 0 0 0 0 0 0 0 0 1 3 0 6 0 0 5 2 0 0 0 0 0 0 0 0 0 0 0 0 0 0 0 0 0 0 0 0 0 0 0 0 0 0 0 10 0 0 0 0 0 0 0 0 0 0 0 0 0 0 0 2 0 0 0 0 0 0 0 0 0 3 0 0 0 0 0 0 0 0 0 0 0 0 0 0 0 0 0 0 0 0 0 0 0 0 1 18 0 0 0 0 0 0 0 0 0 0 0 0 0 0 0 0 0 0 0 0 0 0 0 0 0 0 0 0 0 0 0 0 0 0 0 0 0 0 0 0 0 0 0 0 0 0 0 0 0 0 0 0 0
0 0 0 0 0 0 0 0 0 1 0 5 7 2 0 6 2 4 0 0 0 0 0 0 0 0 0 0 0 0 0 0 0 0 0 0 0 0 0 0 0 0 0 2 0 0 0 0 0 0 0 0 0 0 0 0 0 0 0 8 0 0 0 0 0 0 0 0 37 0 0 0 0 0 0 0 0 0 0 0 0 0 0 0 0 0 0 0 0 0 0 0 0 0 0 0 12 6 3 7 0 0 0 0 0 0 0 0 0 0 0 0 0 0 0 0 0 0 0 0 0 0 0 0 0 0 0 0 0 0 0 0 0 0 0 0 0 0 0 0 0 0 0 0 0 0 0 0 0 0
1 0 0 0 0 1 0 0 0 0 0 0 7 0 0 0 4 12 1 0 0 0 0 0 0 0 0 0 0 0 0 0 0 0 0 0 0 3 7 0 0 0 4 0 0 0 0 0 0 0 0 0 0 0 0 0 0 0 0 0 1 4 0 0 1 0 0 24 117 44 0 0 0 0 0 0 0 0 0 0 0 0 0 0 0 0 0 0 0 0 0 0 0 0 0 0 1 0 0 0 0 0 0 0 0 0 0 0 0 0 0 0 0 0 0 0 0 0 0 0 0 0 0 0 0 0 0 0 0 0 0 0 0 0 0 0 0 0 0 0 0 0 0 0 0 0 0 0 0 0
0 1 0 1 1 0 0 0 0 0 2 2 35 6 0 6 37 0 13 14 0 0 0 7 1 1 0 0 0 0 2 2 0 0 4 0 21 1 5 8 0 0 5 0 0 0 0 0 0 0 0 0 0 0 0 0 0 0 0 0 0 2 0 0 98 38 5 0 0 0 0 0 0 0 0 0 0 0 0 0 0 0 0 0 0 0 0 0 0 0 0 0 0 0 0 0 0 0 0 0 0 0 0 0 0 0 0 0 0 0 0 0 0 0 0 0 0 0 0 0 0 0 0 0 0 0 0 0 0 0 0 0 0 0 0 0 0 0 0 0 0 0 0 0 0 0 0 0 0 0
1 67 4 0 0 0 0 0 0 0 0 0 0 0 0 0 2 0 0 12 23 55 53 4 4 0 0 0 0 1 10 0 0 1 0 0 31 1 0 2 0 2 0 0 0 0 0 0 0 0 0 0 0 0 0 0 0 0 0 0 0 0 0 0 4 1 0 0 0 0 0 0 0 0 0 0 0 0 0 0 0 0 0 0 0 0 0 0 0 0 0 0 0 0 0 0 0 0 0 0 0 0 0 0 0 0 0 0 0 0 0 0 0 0 0 0 0 0 0 0 0 0 0 0 0 0 0 0 0 0 0 0 0 0 0 0 0 0 0 0 0 0 0 0 0 0 0 0 0 0
25 7 10 0 2 2 0 0 0 0 0 0 4 0 0 0 5 2 0 2 0 41 12 11 8 3 0 0 0 10 9 0 0 0 0 0 10 0 1 1 4 7 0 0 0 0 0 0 0 0 0 0 0 0 0 0 0 0 0 0 0 0 0 0 0 0 0 0 0 0 0 0 0 0 0 0 0 0 0 0 0 0 0 0 0 0 0 0 0 7 0 0 0 0 0 0 0 0 0 0 0 0 0 0 0 0 0 0 0 0 0 0 0 0 0 0 0 0 0 0 0 0 0 0 0 0 0 0 0 0 0 0 0 0 0 0 0 0 0 0 0 0 0 0 0 0 0 0 0 0
0 0 0 0 0 0 0 0 0 0 0 7 0 0 0 0 1 3 3 2 0 2 8 15 3 5 4 3 4 0 0 0 0 0 2 0 0 0 0 0 0 0 0 0 0 0 0 0 0 0 0 0 0 0 0 0 0 0 0 0 0 0 0 0 0 0 0 0 0 0 0 0 0 0 0 0 0 0 0 0 0 0 0 0 0 0 0 0 0 0 0 0 0 0 0 0 0 0 0 0 0 0 0 0 0 0 0 0 0 0 0 0 0 0 0 0 0 0 0 0 0 0 0 0 0 0 0 0 0 0 0 0 0 0 0 0 0 0 0 0 0 0 0 0 0 0 0 0 0 0
0 0 2 0 0 0 0 0 0 0 0 0 0 1 0 0 0 0 1 23 0 0 0 1 5 13 8 4 26 0 2 0 0 6 4 0 0 0 0 0 0 0 0 0 0 0 0 0 0 0 0 0 0 0 0 0 0 0 0 0 0 0 0 0 0 0 0 0 0 0 0 0 0 0 0 0 0 0 0 0 0 0 0 0 0 0 0 0 0 0 0 0 0 0 0 0 0 0 0 0 0 0 0 0 0 0 0 0 0 0 0 0 0 0 0 0 0 0 0 0 0 0 0 0 0 0 0 0 0 0 0 0 0 0 0 0 0 0 0 0 0 0 0 0 0 0 0 0 0 0
0 0 0 0 0 0 0 0 0 0 0 0 0 0 0 0 0 0 0 0 0 0 0 0 0 2 0 2 139 67 0 4 12 18 0 0 4 0 0 0 0 0 0 0 0 0 0 0 0 0 0 0 0 0 0 0 0 0 0 0 0 0 0 0 0 0 0 0 0 0 0 0 0 0 0 0 0 0 0 0 0 0 0 0 0 0 0 0 0 0 0 0 0 0 0 0 0 0 0 0 0 0 0 0 0 0 0 0 0 0 0 0 0 0 0 0 0 0 0 0 0 0 0 0 0 0 0 0 0 0 0 0 0 0 0 0 0 0 0 0 0 0 0 0 0 0 0 0 0 0
0 0 0 0 0 0 0 0 0 0 0 0 0 0 0 0 0 0 0 5 0 0 0 3 0 4 1 2 0 0 4 0 3 1 0 1 6 0 0 0 0 0 0 0 0 0 0 0 0 0 0 0 0 0 0 0 0 0 0 0 0 0 0 0 0 0 0 0 0 0 0 0 0 0 0 0 0 0 0 0 0 0 0 0 0 0 0 0 0 0 0 0 0 0 0 0 0 0 0 0 0 0 0 0 0 0 0 0 0 0 0 0 0 0 0 0 0 0 0 0 0 0 0 0 0 0 0 0 0 0 0 0 0 0 0 0 0 0 0 0 0 0 0 0 0 0 0 0 0 0
0 0 0 0 0 0 0 4 0 0 0 0 0 0 0 0 0 0 0 0 0 0 0 0 5 1 10 0 0 0 15 1 0 0 0 0 1 4 0 0 0 0 0 0 0 0 0 0 0 0 0 0 0 0 0 0 0 0 0 0 0 0 0 0 0 0 0 0 0 0 0 0 0 0 0 0 0 0 0 0 0 0 0 0 0 0 0 0 0 0 0 0 0 0 0 0 0 0 0 0 0 0 0 0 0 0 0 0 0 0 0 0 0 0 0 0 0 0 0 0 0 0 0 0 0 0 0 0 0 0 0 0 0 0 0 0 0 0 0 0 0 0 0 0 0 0 0 0 0 0
0 0 0 0 0 0 0 0 0 0 0 1 8 4 0 0 0 0 0 0 0 0 0 0 0 0 0 0 0 0 0 0 38 0 0 0 1 10 0 0 0 0 0 0 0 0 0 0 0 0 0 0 0 0 0 0 0 0 0 0 0 0 0 0 0 0 0 0 0 0 0 0 0 0 0 0 0 0 0 0 0 0 0 0 0 0 0 0 0 0 0 0 0 0 0 0 0 0 0 0 0 0 0 0 0 0 0 0 0 0 0 0 0 0 0 0 0 0 0 0 0 0 0 0 0 0 0 0 0 0 0 0 0 0 0 0 0 0 0 0 0 0 0 0 0 0 0 0 0 0
0 0 0 0 0 0 0 0 0 1 24 2 3 0 0 0 0 0 0 0 0 0 0 0 0 0 0 12 1 8 6 0 0 0 0 0 0 0 0 0 0 0 0 0 0 0 0 0 0 0 0 0 0 0 0 0 0 0 0 0 0 0 0 0 0 0 0 0 0 0 0 0 0 0 0 0 0 0 0 0 0 0 0 0 0 0 0 0 0 0 0 0 0 0 0 0 0 0 0 0 0 0 0 0 0 0 0 0 0 0 0 0 0 0 0 0 0 0 0 0 0 0 0 0 0 0 0 0 0 0 0 0 0 0 0 0 0 0 0 0 0 0 0 0 0 0 0 0 0 0
0 0 0 0 0 0 0 0 0 1 0 0 0 0 0 0 0 0 0 0 0 0 0 0 0 0 0 8 2 0 0 0 0 9 1 0 0 0 0 0 0 0 0 0 0 0 0 0 0 0 0 0 0 0 0 0 0 0 0 0 0 0 0 0 0 0 0 0 0 0 0 0 0 0 0 0 0 0 0 0 0 0 0 0 0 0 0 0 0 0 0 0 0 0 0 0 0 0 0 0 0 0 0 0 0 0 0 0 0 0 0 0 0 0 0 0 0 0 0 0 0 0 0 0 0 0 0 0 0 0 0 0 0 0 0 0 0 0 0 0 0 0 0 0 0 0 0 0 0 0
0 0 0 0 0 0 0 0 0 0 1 1 0 0 0 0 0 0 0 0 0 0 0 0 0 0 0 0 0 0 0 0 1 0 0 0 0 0 0 0 0 0 0 0 0 0 0 0 0 0 0 0 0 0 0 0 0 0 0 0 0 0 0 0 0 0 0 0 0 0 0 0 0 0 0 0 0 0 0 0 0 0 0 0 0 0 0 0 0 0 0 0 0 0 0 0 0 0 0 0 0 0 0 0 0 0 0 0 0 0 0 0 0 0 0 0 0 0 0 0 0 0 0 0 0 0 0 0 0 0 0 0 0 0 0 0 0 0 0 0 0 0 0 0 0 0 0 0 0 0
0 0 0 0 0 0 0 0 0 3 0 0 0 1 0 0 0 0 0 0 0 0 0 0 0 0 0 0 0 0 0 0 0 0 0 0 0 0 0 0 0 0 0 0 0 0 0 0 0 0 0 0 0 0 0 0 0 0 0 0 0 0 0 0 0 0 0 0 0 0 0 0 0 0 0 0 0 0 0 0 0 0 0 0 0 0 0 0 0 0 0 0 0 0 0 0 0 0 0 0 0 0 0 0 0 0 0 0 0 0 0 0 0 0 0 0 0 0 0 0 0 0 0 0 0 0 0 0 0 0 0 0 0 0 0 0 0 0 0 0 0 0 0 0 0 0 0 0 0 0
0 0 0 0 0 0 0 0 0 0 8 0 0 0 0 0 0 0 0 0 0 0 0 0 0 0 0 0 0 0 0 0 0 0 0 0 0 0 0 0 0 0 0 0 0 0 0 0 0 0 0 3 0 0 0 1 0 0 0 0 0 0 0 0 0 0 0 0 0 0 0 0 0 0 0 0 0 0 0 0 0 0 0 0 0 0 0 0 0 0 0 0 0 0 0 0 0 0 0 0 0 0 0 0 0 0 0 0 0 0 0 0 0 0 0 0 0 0 0 0 0 0 0 0 0 0 0 0 0 0 0 0 0 0 0 0 0 0 0 0 0 0 0 0 0 0 0 0 0 0
0 0 0 0 0 0 0 0 4 17 0 0 0 0 0 0 0 0 0 0 0 0 0 0 0 0 0 0 0 0 0 0 0 0 0 0 0 0 0 0 0 0 0 0 0 0 0 0 0 1 2 0 0 0 0 0 0 0 0 0 0 0 0 0 0 0 0 0 0 0 0 0 0 0 0 0 0 0 0 0 0 0 0 0 0 0 0 0 0 0 0 0 0 0 0 0 0 0 0 0 0 0 0 0 0 0 0 0 0 0 0 0 0 0 0 0 0 0 0 0 0 0 0 0 0 0 0 0 0 0 0 0 0 0 0 0 0 0 0 0 0 0 0 0 0 0 0 0 0 0
0 0 0 0 0 1 19 7 4 2 0 0 0 0 0 0 0 0 0 0 0 0 0 0 0 0 0 0 0 0 0 0 0 0 0 0 0 0 0 0 0 0 0 0 0 0 0 0 0 31 37 1 0 0 0 0 0 0 0 0 0 0 0 0 0 0 0 0 0 0 0 0 0 0 0 0 0 0 0 0 0 0 0 0 0 0 0 0 0 0 0 0 0 0 0 0 0 0 0 0 0 0 0 0 0 0 0 0 0 0 0 0 0 0 0 0 0 0 0 0 0 0 0 0 0 0 0 0 0 0 0 0 0 0 0 0 0 0 0 0 0 0 0 0 0 0 0 0 0 0
0 0 0 0 0 0 16 15 0 0 0 0 0 0 0 0 0 0 0 0 0 0 0 0 0 0 0 0 0 0 0 0 0 0 0 0 0 0 0 0 0 0 0 0 0 0 0 0 0 0 0 0 0 0 0 0 0 0 0 0 0 0 0 0 0 0 0 0 0 0 0 0 0 0 0 0 0 0 0 0 0 0 0 0 0 0 0 0 0 0 0 0 0 0 0 0 0 0 0 0 0 0 0 0 0 0 0 0 0 0 0 0 0 0 0 0 0 0 0 0 0 0 0 0 0 0 0 0 0 0 0 0 0 0 0 0 0 0 0 0 0 0 0 0 0 0 0 0 0 0
0 0 0 0 0 0 0 0 0 0 0 0 0 0 0 0 0 0 0 0 0 0 0 0 0 0 0 0 0 0 0 0 0 0 0 0 0 0 0 0 0 0 0 0 0 0 0 0 0 0 1 0 12 8 0 0 0 0 0 0 0 0 0 0 0 0 0 0 0 0 0 0 0 0 0 0 0 0 0 0 0 0 0 0 0 0 0 0 0 0 0 0 0 0 0 0 0 0 0 0 0 0 0 0 0 0 0 0 0 0 0 0 0 0 0 0 0 0 0 0 0 0 0 0 0 0 0 0 0 0 0 0 0 0 0 0 0 0 0 0 0 0 0 0 0 0 0 0 0 0
0 0 0 0 0 0 0 0 0 0 0 0 0 0 0 0 0 0 0 0 0 0 0 0 0 0 0 0 0 0 0 0 0 0 0 1 0 0 0 0 0 0 0 0 0 0 0 0 0 0 0 0 3 0 0 0 0 0 0 0 0 0 0 0 0 0 0 0 0 0 0 0 0 0 0 0 0 0 0 0 0 0 0 0 0 0 0 0 0 0 0 0 0 0 0 0 0 0 0 0 0 0 0 0 0 0 0 0 0 0 0 0 0 0 0 0 0 0 0 0 0 0 0 0 0 0 0 0 0 0 0 0 0 0 0 0 0 0 0 0 0 0 0 0 0 0 0 0 0 0
0 0 0 0 0 0 0 0 0 0 0 0 0 0 0 0 0 0 0 0 0 0 0 0 0 0 0 0 0 0 0 0 0 0 0 0 0 0 0 0 0 0 0 0 0 0 0 0 2 0 0 0 0 0 0 0 0 0 0 0 0 0 0 0 0 0 0 0 0 0 0 0 0 0 0 0 0 0 0 0 0 0 0 0 0 0 0 0 0 0 0 0 0 0 0 0 0 0 0 0 0 0 0 0 0 0 0 0 0 0 0 0 0 0 0 0 0 0 0 0 0 0 0 0 0 0 0 0 0 0 0 0 0 0 0 0 0 0 0 0 0 0 0 0 0 0 0 0 0 0
0 0 0 0 0 0 0 0 0 0 0 0 0 0 0 0 0 0 0 0 0 0 0 0 0 0 0 0 0 0 0 0 2 0 0 0 0 0 0 0 0 0 0 0 0 0 0 0 0 0 0 0 0 0 0 0 0 0 0 0 0 0 0 0 0 0 0 0 0 0 0 0 0 0 0 0 0 0 0 0 0 0 0 0 0 0 0 0 0 0 0 0 0 0 0 0 0 0 0 0 0 0 0 0 0 0 0 0 0 0 0 0 0 0 0 0 0 0 0 0 0 0 0 0 0 0 0 0 0 0 0 0 0 0 0 0 0 0 0 0 0 0 0 0 0 0 0 0 0 0
0 0 0 0 0 0 0 0 0 0 0 0 0 0 0 0 0 0 0 0 0 0 0 0 0 0 0 0 0 0 3 1 0 0 1 0 0 0 0 0 0 0 0 0 0 0 0 0 0 0 0 0 0 1 0 0 0 0 0 0 0 0 0 0 0 0 0 0 0 0 0 0 0 0 0 0 0 0 0 0 0 0 0 0 0 0 0 0 0 0 0 0 0 0 0 0 0 0 0 0 0 0 0 0 0 0 0 0 0 0 0 0 0 0 0 0 0 0 0 0 0 0 0 0 0 0 0 0 0 0 0 0 0 0 0 0 0 0 0 0 0 0 0 0 0 0 0 0 0 0
0 0 0 0 0 0 0 0 0 0 0 0 0 0 0 0 0 0 0 0 0 0 0 0 0 0 0 0 0 0 5 19 0 0 0 0 0 0 0 0 0 0 0 0 0 0 0 0 0 0 0 0 0 0 0 0 0 0 0 0 0 0 0 0 0 0 0 0 0 0 0 0 0 0 0 0 0 0 0 0 0 0 0 0 0 0 0 0 0 0 0 0 0 0 0 0 0 0 0 0 0 0 0 0 0 0 0 0 0 0 0 0 0 0 0 0 0 0 0 0 0 0 0 0 0 0 0 0 0 0 0 0 0 0 0 0 0 0 0 0 0 0 0 0 0 0 0 0 0 0
0 0 0 0 0 0 0 0 0 0 0 0 0 0 0 0 0 0 0 0 0 0 0 0 0 0 0 0 0 0 5 10 0 0 0 0 2 0 0 0 0 0 0 0 0 0 0 0 0 0 0 0 0 0 0 0 0 0 0 0 0 0 0 0 0 0 0 0 0 0 0 0 0 0 0 0 0 0 0 0 0 0 0 0 0 0 0 0 0 0 0 0 0 0 0 0 0 0 0 0 0 0 0 0 0 0 0 0 0 0 0 0 0 0 0 0 0 0 0 0 0 0 0 0 0 0 0 0 0 0 0 0 0 0 0 0 0 0 0 0 0 0 0 0 0 0 0 0 0 0
0 0 0 0 0 0 0 0 0 0 0 0 0 0 0 0 0 0 0 0 0 0 0 0 0 0 0 0 0 0 0 0 0 0 0 0 0 0 0 0 0 0 0 0 0 0 0 0 0 0 0 0 0 0 0 0 0 0 0 0 0 0 0 0 0 0 0 0 0 0 0 0 0 0 0 0 0 0 0 0 0 0 0 0 0 0 0 0 0 0 0 0 0 0 0 0 0 0 0 0 0 0 0 0 0 0 0 0 0 0 0 0 0 0 0 0 0 0 0 0 0 0 0 0 0 0 0 0 0 0 0 0 0 0 0 0 0 0 0 0 0 0 0 0 0 0 0 0 0 0
0 0 0 0 0 0 0 0 0 0 0 0 0 0 0 0 0 0 0 0 0 0 0 0 0 0 0 0 0 111 23 0 0 0 0 0 0 0 0 0 0 0 0 0 0 0 0 0 6 0 0 0 0 0 0 0 0 0 0 0 0 0 0 0 0 0 0 0 0 0 0 0 0 0 0 0 0 0 0 0 0 0 0 0 0 0 0 0 0 0 0 0 0 0 0 0 0 0 0 0 0 0 0 0 0 0 0 0 0 0 0 0 0 0 0 0 0 0 0 0 0 0 0 0 0 0 0 0 0 0 0 0 0 0 0 0 0 0 0 0 0 0 0 0 0 0 0 0 0 0
0 0 0 0 0 0 0 0 0 0 0 0 0 0 0 0 0 0 0 0 0 0 0 0 0 0 24 0 0 0 0 0 0 0 0 0 0 0 0 0 0 0 0 0 0 0 0 0 1 33 0 0 0 0 0 0 0 0 0 0 0 0 0 0 0 0 0 0 0 0 0 0 0 0 0 0 0 0 0 0 0 0 0 0 0 0 0 0 0 0 0 0 0 0 0 0 0 0 0 0 0 0 0 0 0 0 0 0 0 0 0 0 0 0 0 0 0 0 0 0 0 0 0 0 0 0 0 0 0 0 0 0 0 0 0 0 0 0 0 0 0 0 0 0 0 0 0 0 0 0
0 0 0 0 0 0 0 0 0 0 0 0 0 0 0 0 0 0 0 0 0 0 0 0 0 0 14 0 0 0 0 0 0 0 0 0 0 0 0 0 0 0 0 0 0 0 0 0 6 0 0 0 0 0 0 0 0 0 0 0 0 0 0 0 0 0 0 0 0 0 0 0 0 0 0 0 0 0 0 0 0 0 0 0 0 0 0 0 0 0 0 0 0 0 0 0 0 0 0 0 0 0 0 0 0 0 0 0 0 0 0 0 0 0 0 0 0 0 0 0 0 0 0 0 0 0 0 0 0 0 0 0 0 0 0 0 0 0 0 0 0 0 0 0 0 0 0 0 0 0
0 0 0 0 0 0 0 0 0 0 0 0 0 0 0 0 0 0 0 0 0 0 0 0 0 0 0 4 3 0 0 0 0 0 0 0 0 0 0 0 0 0 0 0 0 0 0 0 0 0 0 0 0 0 0 0 0 0 0 0 0 0 0 0 0 0 0 0 0 0 0 0 0 0 0 0 0 0 0 0 0 0 0 0 0 0 0 0 0 0 0 0 0 0 0 0 0 0 0 0 0 0 0 0 0 0 0 0 0 0 0 0 0 0 0 0 0 0 0 0 0 0 0 0 0 0 0 0 0 0 0 0 0 0 0 0 0 0 0 0 0 0 0 0 0 0 0 0 0 0
0 0 0 0 0 0 0 0 0 0 0 0 0 0 0 0 0 0 0 0 0 0 0 0 0 0 0 0 0 0 0 0 0 0 0 0 1 0 0 0 0 0 0 0 0 0 0 0 0 0 0 0 0 0 0 0 0 0 0 0 0 0 0 0 0 0 0 0 0 0 0 0 0 0 0 0 0 0 0 0 0 0 0 0 0 0 0 0 0 0 0 0 0 0 0 0 0 0 0 0 0 0 0 0 0 0 0 0 0 0 0 0 0 0 0 0 0 0 0 0 0 0 0 0 0 0 0 0 0 0 0 0 0 0 0 0 0 0 0 0 0 0 0 0 0 0 1 0 0 0
0 0 0 0 0 0 0 0 0 0 0 0 0 0 0 0 0 0 0 0 0 0 0 0 0 0 0 0 0 0 0 0 0 0 0 0 0 0 0 0 0 0 0 0 0 0 0 0 0 0 1 0 0 0 0 0 0 0 0 0 0 0 0 0 0 0 0 0 0 0 0 0 0 0 0 0 0 0 0 0 0 0 0 0 0 0 0 0 0 0 0 0 0 0 0 0 0 0 0 0 0 0 0 0 0 0 0 0 0 0 0 0 0 0 0 0 0 0 0 0 0 0 0 0 0 0 0 0 0 0 0 0 0 0 0 0 0 0 0 0 0 0 0 0 0 0 0 0 0 0
0 0 0 0 0 0 0 0 0 0 0 0 0 0 0 0 0 0 0 0 0 0 0 0 0 0 0 0 0 0 0 0 0 0 0 0 0 0 0 0 0 0 0 0 0 0 0 0 0 0 0 0 0 0 0 0 0 0 0 0 0 0 0 0 0 0 0 0 0 0 0 0 0 0 0 0 0 0 0 0 0 0 0 0 0 0 0 0 0 0 0 0 0 0 0 0 0 0 0 0 0 0 0 0 0 0 0 0 0 0 0 0 0 0 0 0 0 0 0 0 0 0 0 0 0 0 0 0 0 0 0 0 0 0 0 0 0 0 0 0 0 0 0 0 0 0 0 0 0 0
0 0 0 3 0 0 0 0 0 0 0 0 0 0 0 0 0 0 0 0 0 0 0 0 0 0 0 0 0 0 0 0 0 0 0 0 0 0 0 0 0 0 0 0 0 0 0 0 0 0 0 0 0 0 0 0 0 0 0 0 0 0 0 0 0 0 0 0 0 0 0 0 0 0 0 0 0 0 0 0 0 0 0 0 0 0 0 0 0 0 0 0 0 0 0 0 0 0 0 0 0 0 0 0 0 0 0 0 0 0 0 0 0 0 0 0 0 0 0 0 0 0 0 0 0 0 0 0 0 0 0 0 0 0 0 0 0 0 0 0 0 0 0 0 0 0 0 0 0 0
0 0 0 0 0 0 0 0 0 0 0 0 0 0 0 0 0 0 0 0 0 0 0 0 0 0 0 0 0 0 0 0 0 0 0 0 0 0 0 0 0 0 0 0 0 0 0 0 0 0 0 0 0 0 0 0 0 0 0 0 0 0 0 0 0 0 0 0 0 0 0 0 0 0 0 0 0 0 0 0 0 0 0 0 0 0 0 0 0 0 0 0 0 0 0 0 0 0 0 0 0 0 0 0 0 0 0 0 0 0 0 0 0 0 0 0 0 0 0 0 0 0 0 0 0 0 0 0 0 0 0 0 0 0 0 0 0 0 0 0 0 0 0 0 0 0 0 0 0 0
