0 0 14 4 0 0 1 0 17 83 8 8 0 3 0 0 0 0 10 0 0 1 1 0 2 24 0 1 0 0 0 0 1 0 7 1 0 0 0 5 0 0 0 0 1 0 0 0 0 0 0 0 1 1 2 1 0 0 2 3 33 23 4 2 0 13 16 0 0 0 0 28 8 167 136 273 154 33 29 10 25 193 54 43 93 255 137 161 24 173 702 656 245 450 234 435 702 664 607 125 162 103 21 55 34 43 70 365 216 26 7 15 29 55 42 59 20 111 9 0 3 25 13 10 5 23 0 1 27 11 3 28 3 11 1 0 0 0 0 0 3 0 0 0 1 0 0 0 0 22
0 4 5 4 1 0 0 0 0 31 8 17 9 5 0 0 0 13 7 0 0 1 12 2 8 32 0 4 0 0 0 0 0 0 0 0 0 0 6 0 0 0 0 0 0 0 0 0 0 0 0 0 1 1 8 0 0 0 0 27 82 30 16 11 25 2 0 1 2 0 0 5 50 43 11 5 40 78 14 40 120 72 36 8 132 131 238 118 259 270 115 35 364 318 227 377 894 476 874 1024 216 77 158 47 8 7 1 24 38 38 7 8 0 6 110 21 2 89 3 30 0 5 12 10 2 0 5 0 4 19 14 3 66 49 1 1 0 0 2 51 3 0 0 0 0 0 1 0 0 0
0 0 0 2 7 0 0 0 1 9 3 2 7 1 0 0 0 3 2 0 0 13 81 22 9 0 1 25 0 0 0 0 0 1 0 3 0 0 0 8 1 0 0 0 0 0 0 0 0 0 0 0 0 0 9 0 0 0 5 33 14 16 1 16 0 0 0 0 0 0 0 10 7 0 0 0 5 46 208 230 90 62 14 17 32 116 761 151 1 5 224 30 126 363 785 416 272 332 380 509 391 300 12 55 33 5 3 16 155 142 25 7 3 8 6 6 10 147 13 5 117 192 10 10 8 1 1 5 0 15 3 3 64 181 0 0 24 0 7 49 6 0 0 0 0 0 0 0 0 0
27 4 0 0 0 0 0 0 0 6 2 1 0 0 1 13 0 0 4 1 0 0 6 13 171 0 0 17 18 0 9 0 0 0 1 0 0 10 0 5 8 1 0 0 0 0 0 0 0 0 2 0 0 1 102 21 3 43 40 2 4 0 8 23 0 0 0 0 0 2 12 176 18 0 1 10 23 84 194 527 198 92 16 101 139 23 45 185 6 165 787 930 977 641 598 380 132 208 430 545 466 415 107 25 54 81 42 24 264 103 24 35 34 19 1 8 14 148 123 31 26 93 31 10 3 8 0 3 14 5 5 23 24 0 66 9 6 0 0 34 92 2 0 0 0 0 0 0 0 0
2 5 0 0 0 0 0 0 3 0 0 0 0 0 0 10 15 3 0 2 2 2 7 0 4 0 0 0 1 1 0 0 0 0 1 17 12 0 1 0 2 1 0 0 0 0 0 0 0 5 1 0 0 1 40 160 20 60 2 0 0 2 0 38 0 0 0 0 0 17 74 57 178 114 34 55 56 210 295 289 266 330 330 21 136 64 55 134 31 242 898 1189 379 1000 312 190 105 664 332 723 609 791 613 329 285 174 36 36 7 4 18 15 10 31 20 1 8 69 155 44 246 609 121 61 25 5 6 0 4 5 1 3 1 0 3 3 0 0 0 2 62 5 0 0 0 0 0 0 0 0
15 9 0 1 0 0 0 0 0 0 1 0 0 0 0 2 1 0 5 86 8 1 1 0 0 0 0 0 0 3 0 2 0 0 7 138 32 27 1 0 0 0 0 0 0 0 0 0 0 6 56 12 0 3 19 32 29 5 15 2 1 0 26 1 0 0 0 0 2 87 62 146 110 84 103 62 28 35 42 350 679 846 339 80 0 100 73 41 35 207 1090 885 140 456 764 384 114 931 383 537 402 346 963 445 28 118 110 70 11 6 0 4 4 41 6 5 35 5 1 13 192 90 11 5 0 6 1 3 1 1 1 1 2 0 2 1 8 0 0 0 7 4 0 0 0 0 0 0 0 0
0 0 0 0 0 0 0 0 0 6 5 0 0 0 0 0 0 0 1 1 0 4 0 0 0 0 0 0 0 2 0 1 1 0 0 14 2 0 1 0 0 0 0 0 0 0 0 0 0 0 1 6 9 5 0 36 12 0 49 27 4 17 2 0 5 0 0 0 2 67 130 90 220 268 262 195 344 180 492 429 1087 661 988 685 343 18 16 212 75 103 1040 1105 165 506 698 376 179 374 410 33 21 284 148 230 34 82 80 28 27 26 31 149 149 29 172 67 3 0 31 23 112 79 4 4 2 1 11 4 0 0 3 0 0 0 0 0 0 37 0 0 0 0 0 0 0 0 0 0 0 0
3 0 0 2 0 0 0 0 0 1 1 0 0 0 0 0 0 0 0 0 0 0 0 0 0 0 0 0 0 4 10 0 0 0 2 2 0 0 19 5 0 0 0 0 0 0 0 0 0 0 0 0 9 15 1 12 3 15 61 75 91 55 30 4 93 43 0 0 5 73 8 10 33 63 66 41 62 129 504 892 680 539 838 193 163 218 218 475 238 53 463 73 97 388 435 317 240 538 538 169 157 252 319 504 202 126 49 32 131 33 205 313 99 70 13 71 2 6 12 27 30 6 8 8 5 2 46 1 2 0 5 0 0 0 0 0 0 0 0 0 0 0 0 0 0 0 0 0 0 0
9 0 0 0 0 0 0 0 8 8 0 3 0 1 13 0 0 0 0 0 0 0 0 0 0 0 0 0 0 0 3 0 0 0 2 0 0 1 0 2 0 0 0 0 0 0 0 0 0 0 0 0 9 14 1 1 1 8 4 76 273 215 14 8 8 29 4 5 2 18 1 0 0 4 1 32 17 30 147 718 803 1069 640 35 24 22 117 274 209 61 13 15 234 690 1355 754 90 306 345 249 251 180 87 273 472 156 176 228 31 128 877 214 147 22 112 8 5 22 5 12 7 1 10 28 5 1 0 3 0 0 2 1 0 0 0 0 1 0 0 0 0 0 0 0 0 0 0 0 0 0
0 0 0 0 0 0 2 11 11 8 0 0 0 5 0 1 0 0 0 0 0 0 0 0 0 0 0 0 0 0 0 0 0 0 0 0 0 0 2 0 1 1 0 0 0 0 0 2 3 0 1 0 7 6 0 2 2 1 1 185 39 139 19 4 1 2 0 3 0 32 0 0 0 0 0 18 15 107 307 607 789 820 493 304 703 554 241 157 191 191 101 6 21 501 1000 870 475 182 84 13 32 244 10 5 118 534 264 177 87 28 469 537 432 71 10 209 260 569 161 41 79 50 27 42 50 13 17 4 21 20 44 21 0 0 0 0 0 0 0 0 0 0 0 0 0 0 0 0 0 0
0 2 3 0 0 0 4 0 12 5 0 1 0 0 0 13 5 1 2 0 1 0 0 0 0 0 0 0 0 0 0 2 0 0 1 0 0 0 1 1 1 0 0 0 0 0 5 8 14 17 12 0 3 5 0 0 1 13 55 129 0 137 10 1 0 0 1 0 0 15 0 0 0 0 0 0 33 58 243 323 442 286 466 333 343 431 226 354 341 243 37 3 19 254 590 560 651 38 7 47 9 40 2 24 152 296 672 295 160 116 452 268 206 64 0 135 281 769 532 168 375 210 201 115 118 251 80 57 61 30 6 119 15 17 26 6 1 0 0 0 0 0 0 0 0 0 0 0 0 0
2 0 2 0 0 0 0 0 5 20 0 0 0 0 0 0 11 2 0 2 0 0 0 0 0 0 0 0 0 0 0 0 0 0 5 0 0 1 2 1 0 1 3 0 0 0 3 4 1 0 0 0 7 9 21 7 2 2 23 58 3 1 0 0 1 5 0 2 5 0 1 0 0 0 0 13 19 26 325 392 500 211 95 68 143 110 38 39 131 432 51 0 0 6 10 46 697 332 229 16 0 5 14 50 50 50 453 270 34 92 479 391 127 189 56 157 483 196 411 627 341 314 167 96 132 144 0 0 0 16 8 1 75 34 30 0 0 0 0 0 0 0 0 0 0 0 0 0 5 0
0 0 0 0 0 0 3 0 3 20 0 0 0 0 0 0 7 21 5 3 3 1 0 1 0 0 0 0 0 0 0 0 2 0 0 0 1 1 0 0 0 0 0 0 0 0 4 6 3 0 0 0 25 40 8 0 0 0 20 43 2 4 0 0 0 2 1 0 0 7 7 0 0 0 3 35 248 169 253 113 178 261 41 1 36 13 2 0 3 2 1 0 6 195 82 17 585 302 499 424 18 14 61 19 53 23 58 429 685 267 779 674 128 494 136 73 41 64 1011 939 215 230 85 3 39 111 12 1 23 41 0 0 18 11 1 1 0 0 0 0 0 0 0 0 0 0 0 0 1 0
0 0 0 0 0 0 3 2 0 4 0 0 0 0 0 0 0 0 51 16 3 2 0 0 0 0 0 0 0 4 25 1 0 0 0 0 0 0 0 0 0 0 0 4 4 0 0 0 1 0 0 19 8 0 0 0 0 0 39 1 1 17 1 15 0 0 31 27 25 17 52 0 0 4 4 332 622 448 275 57 104 314 84 18 24 91 5 0 2 26 0 1 1 21 5 22 88 722 153 225 0 45 228 75 236 91 156 499 253 628 1068 929 870 240 262 221 306 393 859 357 238 87 1 3 0 19 5 0 6 3 4 1 2 2 0 0 0 0 0 0 0 0 0 0 0 0 0 0 0 0
0 0 0 0 0 0 2 1 7 1 0 0 0 0 0 0 0 0 3 5 15 0 0 0 1 0 0 0 0 0 1 0 0 0 0 0 0 0 0 0 0 0 0 2 9 0 0 1 0 11 18 90 4 1 3 1 7 9 49 36 79 11 6 11 5 178 121 98 128 103 48 9 6 6 114 644 1247 1066 314 119 0 101 30 3 10 22 27 26 0 34 7 26 2 0 0 5 38 352 362 190 18 62 396 363 1184 1199 1870 939 814 837 1055 790 585 510 549 245 133 94 81 208 134 144 42 11 0 5 30 3 12 25 6 0 0 0 1 0 0 0 0 0 0 0 0 0 0 0 0 0 0 0
0 0 0 0 0 0 3 21 125 1 5 0 0 0 0 0 2 0 1 1 0 8 14 1 0 0 0 0 0 0 0 0 0 0 0 0 0 0 0 0 0 0 0 1 0 1 0 0 0 25 113 115 1 0 3 10 40 77 10 114 15 26 4 21 29 33 99 61 69 95 108 76 122 144 517 719 1335 759 271 23 9 13 0 1 0 0 24 130 7 54 1 8 0 2 3 20 37 15 59 19 16 0 950 527 481 428 977 589 532 805 1113 923 1145 329 298 88 40 240 205 141 49 8 535 290 61 73 24 1 1 1 0 0 0 0 20 1 0 0 0 0 0 0 0 0 0 0 0 0 0 0
0 0 0 0 0 0 0 4 2 0 0 0 0 0 0 0 4 3 0 1 1 0 17 29 16 16 1 0 0 1 0 0 0 0 0 0 0 0 0 0 0 0 0 0 0 10 4 1 0 7 28 4 0 15 15 41 69 101 66 42 0 0 0 1 1 2 0 0 0 0 4 2 54 106 234 304 652 324 85 0 0 0 6 0 0 0 1 44 70 21 0 1 2 1 7 78 33 1 9 89 23 149 527 963 395 182 391 222 384 847 783 594 807 341 499 134 43 130 232 9 0 2 50 36 34 325 7 11 3 0 0 0 0 0 0 0 0 0 0 0 0 0 0 0 0 0 0 0 0 0
0 0 0 0 0 4 1 1 0 0 0 0 1 0 0 3 1 6 2 2 1 1 2 0 6 2 4 15 2 0 0 0 0 0 0 0 4 2 6 1 0 0 0 0 0 61 63 5 1 36 73 24 25 57 26 25 38 48 361 14 3 0 0 0 7 5 18 39 2 17 60 4 139 33 65 152 52 133 19 16 1 0 5 3 0 0 1 7 56 4 0 18 30 30 7 7 10 0 68 256 158 70 108 87 119 371 180 160 715 411 134 440 144 177 185 47 133 144 41 9 0 3 4 21 96 552 114 30 4 3 0 0 0 0 0 0 0 0 0 0 0 0 0 0 0 0 0 0 0 0
0 0 1 0 1 8 0 0 0 0 0 0 1 0 0 0 2 0 2 1 1 8 37 1 7 0 50 28 10 0 0 0 0 0 0 17 11 0 0 0 0 0 0 0 7 29 4 0 16 307 90 14 23 11 3 39 72 49 37 29 32 12 0 0 0 4 12 2 2 53 17 8 20 16 9 85 79 32 35 29 33 0 8 17 0 6 19 11 14 3 2 150 62 166 28 14 1 17 219 29 112 209 125 71 108 201 134 532 440 4 0 71 14 357 61 0 25 3 0 0 0 0 4 23 89 147 175 168 15 2 0 0 0 0 0 0 0 0 0 0 0 0 0 0 0 0 0 0 0 0
0 0 0 0 0 1 0 0 0 0 0 0 0 2 0 0 0 0 0 1 2 8 73 5 2 3 5 34 180 6 0 2 6 2 3 0 0 0 0 0 0 0 8 113 14 125 82 4 3 317 53 0 1 13 93 9 2 6 0 0 0 0 0 0 0 8 0 0 10 3 27 48 15 0 4 35 9 0 1 3 10 0 1 3 1 17 19 1 1 10 4 34 11 3 0 18 0 10 12 2 354 681 502 279 74 147 92 288 171 3 0 0 1 119 5 0 0 0 0 0 0 0 1 8 11 16 31 110 13 0 0 0 0 0 0 0 0 0 0 0 0 0 0 0 0 0 0 0 0 0
0 0 0 0 1 0 0 0 0 0 0 0 0 0 0 0 0 1 2 0 3 4 13 1 0 4 4 4 1 5 0 17 8 1 0 0 0 0 0 0 6 7 25 18 7 14 18 36 68 232 274 75 10 41 9 10 23 1 0 0 0 4 4 4 215 91 3 0 4 5 111 20 0 0 10 103 140 85 3 20 5 19 1 9 0 0 11 7 29 17 8 1 0 0 0 0 0 3 196 202 730 637 325 82 2 27 64 153 5 0 0 0 0 11 0 0 0 0 0 0 0 0 3 2 0 0 65 130 0 0 0 0 0 0 0 0 0 0 0 0 0 0 0 0 0 0 0 0 0 0
0 0 0 0 0 0 0 0 0 0 0 0 0 1 2 4 1 1 0 0 0 3 18 5 4 0 0 0 0 0 10 119 17 0 1 0 0 4 0 0 135 40 0 0 0 0 1 8 216 805 275 179 10 2 0 5 5 7 0 1 0 2 0 0 5 12 20 6 8 87 20 6 35 0 1 13 94 69 62 55 7 36 3 22 8 4 9 5 184 47 21 5 1 5 0 5 4 0 55 223 147 47 53 0 9 23 92 99 5 0 0 0 8 114 0 0 0 0 0 0 0 0 0 0 0 34 106 10 0 6 7 0 0 0 0 0 0 0 0 0 0 0 0 0 0 0 0 0 0 0
0 0 0 0 0 0 0 0 0 0 0 0 0 0 4 0 1 0 0 0 0 3 9 3 1 0 0 0 0 0 6 5 51 13 0 0 10 83 24 24 5 0 0 0 0 0 5 17 30 357 209 198 7 0 3 6 0 0 1 2 0 0 0 0 11 0 35 4 0 1 0 19 53 5 1 1 8 6 25 8 2 26 28 0 0 9 4 1 1 0 2 9 7 3 0 0 5 0 1 0 3 1 2 38 47 66 72 81 73 90 40 5 58 0 0 0 0 0 0 0 0 0 0 5 27 153 146 0 0 0 2 0 0 0 0 0 0 0 0 0 0 0 0 0 0 0 0 0 0 0
0 0 0 0 0 0 0 0 0 0 0 0 0 0 7 0 0 2 0 1 8 3 0 0 1 3 0 0 0 0 0 2 6 9 15 9 29 28 20 2 0 0 0 0 16 60 19 47 0 127 92 29 11 0 0 3 2 2 0 0 0 0 0 1 0 0 4 0 0 0 0 0 128 62 2 17 2 0 0 4 0 5 76 144 1 0 4 0 0 0 0 5 1 0 2 0 1 0 1 2 6 2 2 53 76 45 21 11 5 24 0 82 18 0 0 0 0 0 0 0 0 0 0 19 5 96 105 108 0 0 0 0 0 0 0 0 0 0 0 0 0 0 0 0 0 0 0 0 0 0
0 0 0 0 0 0 0 0 0 0 0 0 0 1 0 0 0 2 0 0 1 0 3 0 0 1 0 0 0 0 1 2 3 12 27 0 0 92 0 0 0 0 0 30 30 22 43 4 0 29 30 31 7 20 26 0 0 1 0 0 0 0 0 0 2 0 0 4 8 0 4 2 18 3 35 3 2 0 0 0 0 0 22 83 23 4 0 0 0 1 2 1 0 1 1 1 5 2 0 4 7 4 0 35 454 0 0 14 0 0 0 1 5 0 0 0 10 3 1 0 0 0 0 0 0 36 75 26 0 0 0 0 0 0 0 1 0 0 0 0 0 0 0 0 0 0 0 0 0 0
0 0 0 0 0 0 0 0 0 0 0 0 0 6 5 1 0 0 4 0 0 0 0 0 0 0 2 0 0 0 0 0 14 26 18 2 0 44 0 1 1 0 0 13 89 9 0 0 24 2 54 1 0 6 0 0 0 0 0 0 0 0 0 1 16 5 0 1 0 0 0 11 0 4 0 5 6 0 0 0 1 0 0 3 0 20 2 6 0 9 0 0 6 1 5 2 0 5 0 1 8 11 4 69 177 138 0 11 0 0 2 1 9 7 13 4 0 0 0 0 3 1 0 0 0 72 24 22 3 0 0 0 0 0 0 0 27 33 0 0 0 0 0 0 0 0 0 0 0 0
0 0 0 0 0 0 0 0 0 0 0 0 0 0 11 0 0 7 0 0 1 6 3 2 0 0 1 10 0 1 0 10 7 4 7 1 0 0 4 9 4 0 2 10 110 13 0 0 0 2 26 8 0 2 0 0 0 1 0 0 0 0 0 0 2 0 0 0 8 1 2 1 0 0 0 0 13 1 0 0 0 0 1 0 1 18 10 18 2 0 6 6 1 1 0 12 1 0 0 1 17 14 4 18 45 157 13 5 0 0 0 0 0 1 13 29 1 0 5 2 0 0 0 0 32 113 5 21 0 0 0 0 0 0 1 0 15 9 0 0 0 0 0 0 0 0 0 0 0 0
0 0 0 0 0 0 0 0 1 0 0 0 0 0 2 2 12 26 0 1 5 27 4 3 0 0 0 0 0 7 12 3 0 13 1 0 0 0 12 18 43 95 21 108 142 9 2 0 3 0 0 16 18 2 2 1 0 0 0 0 0 0 0 0 1 0 0 0 0 3 11 2 0 2 0 0 0 9 0 0 0 0 0 0 1 0 1 14 9 0 8 1 4 0 1 0 0 0 0 0 0 3 17 3 16 539 515 37 8 0 0 0 0 0 0 0 32 88 59 11 0 0 0 23 111 37 52 198 226 5 0 0 0 0 2 1 3 0 0 0 0 0 0 0 0 0 0 0 0 0
0 0 0 0 0 0 1 1 0 0 1 1 23 3 1 15 16 99 1 6 0 2 1 1 0 0 0 8 24 14 1 9 22 1 4 11 6 9 32 115 316 613 331 254 95 17 0 1 0 0 0 5 31 11 1 0 0 0 0 0 0 0 0 0 0 0 0 0 0 0 1 4 0 0 3 5 2 13 1 0 2 2 3 0 15 0 0 0 5 14 15 0 5 7 35 37 3 0 0 0 2 4 11 50 229 264 270 233 21 0 0 0 0 0 0 1 147 111 23 0 0 0 17 59 148 150 757 443 247 66 0 0 9 15 0 4 0 0 0 0 0 0 0 0 0 0 0 0 0 0
0 0 0 0 0 0 0 1 5 9 20 55 27 1 0 0 2 4 0 1 3 2 6 30 7 7 8 1 0 1 6 2 0 3 29 9 0 1 139 305 590 947 558 601 42 8 0 1 2 0 3 1 55 67 10 5 0 0 0 0 0 0 0 0 0 0 0 0 0 0 0 0 0 0 0 0 0 6 7 0 0 0 2 0 16 0 0 0 0 1 0 0 3 8 4 8 0 0 0 0 0 0 8 11 8 37 1 94 27 0 0 0 1 0 72 57 405 238 61 51 6 15 12 60 111 42 263 299 311 324 37 65 25 102 12 1 0 0 0 0 0 0 0 0 0 0 0 0 0 0
0 0 0 0 0 0 0 1 2 4 5 4 3 0 0 2 0 2 7 4 2 14 93 25 0 0 0 2 1 3 2 11 0 2 1 15 14 47 25 107 566 399 358 180 30 8 6 4 0 1 0 2 16 0 1 0 1 0 0 0 0 0 0 0 0 0 0 0 0 0 0 0 0 0 0 0 1 3 6 0 0 8 3 2 20 0 0 0 4 4 0 0 5 5 0 0 1 0 0 0 0 0 10 12 1 3 0 5 24 2 5 1 3 0 60 704 659 531 117 175 117 91 55 2 2 3 21 175 3 95 6 216 673 30 34 11 0 0 0 0 0 0 0 0 0 0 0 0 0 0
0 0 0 0 0 0 1 1 0 0 4 9 4 1 1 0 0 0 16 29 191 40 13 0 0 0 0 0 4 18 5 10 18 33 15 2 0 6 0 60 442 311 374 140 61 17 5 0 2 2 1 0 6 7 8 5 2 0 0 1 0 0 0 0 0 0 0 0 0 0 0 0 0 0 0 0 0 1 0 0 11 10 19 216 34 0 0 0 0 0 0 0 4 3 1 0 2 0 0 0 0 0 0 0 4 5 0 9 209 151 236 361 91 106 383 996 507 271 75 453 48 110 8 0 54 74 78 111 4 1 19 110 308 56 119 16 0 0 0 0 0 0 0 0 0 0 0 0 0 0
0 0 0 1 0 0 0 2 2 0 0 4 3 11 0 5 3 3 12 10 47 0 0 0 0 0 0 0 0 28 7 11 6 0 2 60 2 2 4 9 25 98 11 7 2 0 1 0 1 0 5 1 54 6 0 1 0 3 2 0 0 0 0 0 0 0 0 0 0 0 0 0 0 0 0 1 0 7 5 1 1 10 17 2 1 0 0 0 0 0 0 0 0 1 2 10 0 0 0 0 0 0 0 0 0 9 8 13 108 46 102 67 46 410 634 375 310 325 90 332 62 14 0 4 7 15 36 0 0 0 37 198 1 1 3 0 0 0 0 0 0 0 0 0 0 0 0 0 0 0
0 0 0 0 0 8 5 4 2 1 3 0 0 7 16 2 0 7 36 47 18 0 0 0 0 0 0 0 1 5 57 3 6 2 5 0 0 0 5 1 11 4 1 0 0 0 0 0 0 0 0 7 188 14 10 29 29 2 0 0 0 0 0 0 0 0 0 0 0 0 0 0 0 0 0 0 3 5 6 3 0 0 3 0 0 0 0 0 0 0 0 0 2 14 4 0 3 0 0 0 0 0 0 0 1 0 3 61 36 7 0 6 153 179 145 375 185 186 108 107 146 3 0 0 0 0 0 0 0 0 1 78 35 0 0 0 0 0 0 0 0 0 0 0 0 0 0 0 0 0
0 0 0 0 0 0 7 6 0 1 10 0 5 29 3 6 26 7 3 0 2 2 7 0 0 0 0 15 19 9 16 87 9 1 12 11 0 3 3 1 6 18 17 0 0 0 3 0 0 0 1 16 119 52 2 17 1 0 1 0 0 0 0 0 0 0 0 0 0 0 0 0 0 0 0 0 2 2 0 0 0 0 1 0 0 0 0 0 0 0 0 5 17 52 10 3 0 3 0 0 0 0 0 0 0 0 13 96 406 9 0 0 5 1 2 3 3 27 269 495 55 0 0 0 0 4 7 0 0 0 0 2 122 3 0 0 0 0 0 0 0 0 0 0 0 0 0 0 0 0
1 0 1 3 6 0 7 36 21 4 13 5 6 1 3 126 53 18 3 5 2 1 5 0 1 0 0 13 1 4 13 9 8 1 3 2 0 0 3 1 7 2 0 0 0 0 3 0 0 0 0 64 6 52 23 7 3 0 0 0 0 0 0 0 0 0 0 0 0 0 0 0 0 0 0 0 7 9 0 0 0 0 0 0 0 0 0 4 17 0 2 0 1 19 0 0 0 0 3 0 0 0 0 0 1 6 22 35 155 0 0 0 0 1 11 1 0 5 79 316 73 9 0 0 3 44 0 0 0 37 102 40 54 9 0 0 0 0 0 0 0 0 0 0 0 0 0 0 0 0
0 2 0 0 0 2 8 0 0 10 46 2 6 0 94 49 30 31 8 0 2 0 1 0 0 4 12 0 0 1 0 0 1 2 18 1 0 0 0 7 0 9 6 1 1 1 0 0 1 0 0 48 47 25 110 5 2 0 0 0 0 0 0 0 0 0 0 0 0 0 0 0 0 0 0 0 0 25 162 1 1 5 0 0 0 0 0 99 23 0 0 2 4 1 0 1 0 3 3 1 27 1 0 2 0 14 22 26 233 6 0 0 0 1 54 66 186 449 104 177 645 146 0 7 212 23 0 0 0 176 139 0 0 0 0 0 0 0 0 0 0 0 0 0 0 0 0 0 0 0
1 1 2 0 0 0 1 11 8 1 9 123 20 23 0 3 0 5 0 0 0 0 0 7 3 2 1 5 19 1 0 0 0 3 0 0 1 0 1 0 0 8 21 11 1 0 1 0 0 0 1 97 49 0 3 1 0 0 3 0 0 0 0 0 0 0 0 0 0 0 0 0 0 0 0 0 0 15 31 13 0 0 0 0 0 0 0 18 0 0 0 0 0 3 1 0 0 0 0 3 1 0 0 9 11 0 27 42 37 6 0 0 0 0 87 397 742 619 39 49 106 178 245 304 163 1 0 3 2 477 139 0 0 0 0 0 0 0 0 0 0 0 0 0 0 0 0 0 0 0
0 0 0 0 0 3 5 9 0 1 8 34 0 1 0 0 1 0 0 1 1 0 0 0 3 0 8 4 10 2 0 0 0 0 0 0 0 0 5 1 0 0 1 0 1 2 0 3 0 0 5 54 3 3 0 0 0 0 0 1 0 0 0 0 0 0 0 0 0 0 0 0 0 0 0 0 0 0 59 53 11 18 19 0 0 0 0 0 0 0 0 1 1 0 0 0 0 0 0 6 0 0 0 1 2 8 10 5 63 1 0 0 15 2 7 13 0 38 467 232 18 173 813 518 396 243 137 281 764 1921 773 23 0 0 0 0 0 0 0 0 0 0 0 0 0 0 0 0 0 0
0 1 1 0 0 6 3 3 0 20 19 9 0 0 3 3 0 1 0 0 0 0 0 0 1 9 15 1 0 0 0 4 0 0 2 0 0 0 0 10 0 3 1 0 1 2 3 3 0 2 4 250 49 5 0 13 0 2 0 2 0 0 0 1 0 0 0 0 0 0 0 0 0 0 0 1 1 5 37 0 0 27 15 0 0 0 0 0 0 0 1 0 1 0 0 0 0 0 0 3 0 0 1 0 8 17 7 2 71 32 0 10 17 0 3 10 0 200 747 604 410 648 675 928 1302 1045 718 807 1138 700 1013 6 0 0 0 0 0 0 0 0 0 0 0 0 0 0 0 0 0 0
0 1 0 0 5 8 0 4 9 7 0 7 0 0 5 24 8 1 1 0 0 0 0 0 6 11 12 1 7 0 0 0 4 1 0 1 1 0 0 0 0 0 2 0 0 0 1 0 7 41 521 525 17 103 2 8 0 2 1 6 0 0 0 0 0 0 0 0 0 0 0 0 0 0 0 1 0 0 10 1 0 4 0 0 0 0 0 0 2 0 0 1 1 0 0 0 1 0 0 1 3 0 15 1 4 1 29 35 3 10 2 5 7 3 6 13 0 41 454 1363 1348 947 320 973 1474 1048 168 888 565 24 114 49 0 0 0 0 0 0 0 0 0 0 0 0 0 0 0 0 0 0
4 2 0 10 7 0 0 1 15 4 2 1 2 3 3 1 3 3 0 0 0 0 0 0 2 7 1 0 0 0 0 45 34 1 0 0 0 0 2 0 0 0 1 0 0 0 14 0 1 30 823 677 506 649 49 24 3 1 4 6 1 0 0 0 0 0 0 0 0 0 0 0 0 0 0 0 0 0 0 12 1 0 0 0 0 0 0 1 51 0 0 10 4 0 0 0 0 0 0 4 4 0 21 36 4 22 187 11 3 0 2 8 0 1 0 14 6 2 83 539 422 552 280 1832 1633 997 233 289 13 397 1400 569 0 0 0 0 0 0 0 0 0 0 0 0 0 0 0 0 0 0
2 0 0 22 0 0 25 5 14 6 6 66 0 5 0 0 1 0 0 0 0 0 0 0 3 0 2 0 0 0 0 11 4 0 0 0 2 0 0 0 0 0 0 0 0 0 0 0 2 14 231 428 523 364 81 88 19 0 1 2 1 0 0 0 0 0 0 0 0 0 0 0 0 0 2 0 0 0 0 30 27 7 2 0 0 0 0 2 15 0 1 13 63 0 0 0 0 0 0 6 2 28 99 39 11 0 0 4 1 3 0 3 1 0 1 0 9 10 4 129 337 313 262 666 1139 929 354 431 391 808 313 340 0 0 0 0 0 0 0 0 0 0 0 0 0 0 0 0 0 0
5 5 6 11 3 4 9 19 9 1 3 16 0 0 0 0 0 0 0 0 0 0 2 0 2 0 0 0 0 0 2 0 1 0 0 0 0 0 0 0 0 0 0 0 0 4 4 1 0 2 28 192 329 30 14 13 5 0 5 1 2 0 0 0 0 0 0 0 0 0 0 0 0 0 0 0 0 0 0 1 0 0 0 0 0 1 27 32 1 1 0 172 142 2 0 0 0 0 0 6 36 8 98 350 29 0 4 0 3 6 0 1 0 1 1 1 0 1 22 23 121 718 500 387 403 671 826 1176 199 153 96 116 0 0 0 0 0 0 0 0 0 0 0 0 0 0 0 0 0 0
0 2 18 0 5 0 21 62 6 7 1 1 1 0 0 0 0 0 0 0 0 0 1 0 0 0 0 0 2 0 0 0 0 0 0 0 0 0 0 0 0 0 0 0 0 0 0 0 1 37 0 40 129 36 12 0 1 50 74 5 0 0 0 0 0 0 0 0 0 0 0 0 0 0 0 0 0 0 0 0 0 11 10 6 9 12 2 0 0 0 74 138 98 1 0 0 0 1 4 13 35 327 299 399 295 49 13 1 2 0 0 0 1 0 0 0 2 10 35 384 424 642 1690 1551 793 236 1489 2023 1141 3 0 0 0 0 0 0 0 0 0 0 0 0 0 0 0 0 0 0 0 0
5 18 31 0 7 9 18 33 12 8 3 0 2 2 0 0 0 0 0 0 1 1 1 0 0 0 1 0 2 0 1 0 0 0 0 1 0 0 0 0 2 0 0 0 0 0 0 0 5 14 0 10 61 1 2 0 0 1 104 14 4 0 0 0 0 0 0 0 0 0 0 0 0 0 0 0 0 0 0 0 0 2 8 0 0 4 3 4 3 45 49 75 92 5 27 7 1 1 0 7 177 331 614 166 221 197 0 4 2 0 0 0 0 1 7 6 2 42 272 582 591 35 12 135 176 164 423 843 205 3 87 2 0 0 0 0 0 0 0 0 0 0 0 0 0 0 0 0 0 0
20 3 132 3 33 190 34 6 1 2 2 1 1 2 0 0 0 0 0 7 1 1 0 0 0 0 0 0 0 0 0 1 0 0 0 0 0 0 0 0 7 9 1 0 1 3 0 0 2 1 0 7 28 0 0 2 3 1 8 29 6 0 0 0 0 0 0 0 0 0 0 0 0 0 0 0 0 0 0 1 3 10 0 0 18 0 2 1 0 2 1 0 30 3 1 0 0 0 0 7 6 100 713 366 124 221 25 9 1 1 2 0 0 0 0 15 59 212 11 26 0 0 0 0 37 353 129 333 295 17 15 8 0 0 0 0 0 0 0 0 0 0 0 0 0 0 0 0 0 0
14 26 135 134 367 567 246 41 7 0 0 0 0 0 2 1 0 0 0 0 2 4 0 0 0 0 1 0 0 0 0 0 0 0 0 1 0 0 0 0 0 1 0 24 2 5 0 11 0 0 0 31 19 2 0 2 2 0 10 2 1 0 0 0 0 0 0 0 0 0 0 0 0 0 0 0 0 0 4 9 0 0 0 0 1 0 4 3 1 0 0 0 0 0 0 0 0 0 0 0 0 197 466 251 173 139 0 1 2 0 0 0 1 0 12 68 88 1 9 58 2 0 0 0 21 402 194 342 174 17 7 1 0 0 0 0 0 0 0 0 0 0 0 0 0 0 0 0 1 0
3 181 355 753 387 248 156 39 0 0 4 4 7 0 0 1 0 0 1 0 1 2 0 0 0 0 0 0 1 0 0 0 0 0 0 0 0 0 0 0 1 7 1 8 4 0 0 4 41 2 0 0 11 0 0 0 0 1 0 0 0 0 0 0 0 0 0 0 0 0 0 0 0 0 0 0 0 15 0 0 0 0 0 0 0 0 13 2 1 0 0 0 0 0 1 3 0 0 0 0 8 33 41 17 110 31 0 0 0 0 4 1 3 16 7 0 0 0 1 36 16 44 13 0 14 66 64 262 47 2 0 0 0 0 0 0 0 0 0 0 0 0 0 0 0 0 0 0 0 0
0 8 309 282 443 142 26 14 2 0 0 0 0 0 0 0 0 0 1 2 1 0 0 1 2 3 0 0 1 2 0 0 0 0 1 0 1 0 0 0 0 0 0 0 0 0 0 3 0 2 0 0 0 0 0 4 0 0 0 0 0 0 0 0 0 0 0 0 0 0 0 0 0 0 0 0 3 1 0 0 0 0 0 0 0 0 0 1 0 3 5 0 0 0 5 9 1 0 0 423 722 129 185 144 5 102 28 1 1 0 2 23 5 1 0 0 0 0 10 22 96 71 209 117 76 30 0 0 0 4 0 0 0 0 0 0 0 0 0 0 0 0 0 0 0 0 0 0 0 0
12 23 43 88 71 41 2 1 3 0 24 0 0 0 0 0 2 0 0 0 1 81 1 2 0 0 0 0 2 0 0 0 0 2 4 0 1 0 0 0 0 0 1 0 1 28 3 0 0 0 0 0 0 0 0 22 0 0 0 0 0 0 0 0 0 0 0 0 0 0 0 0 0 0 0 0 3 3 0 0 0 0 0 0 0 12 20 0 0 17 18 0 0 0 26 115 76 12 247 1219 449 518 144 41 0 13 44 83 2 7 18 0 0 0 0 0 1 0 46 42 102 18 21 86 15 73 29 18 51 31 16 0 0 0 0 0 0 0 0 0 0 0 0 0 0 0 0 0 0 0
31 13 18 9 0 0 1 0 4 0 2 0 0 0 0 2 0 2 0 0 0 11 0 2 0 0 0 3 0 0 0 0 0 4 0 1 0 0 0 0 0 0 0 1 0 21 0 3 1 0 1 3 1 2 56 327 2 0 0 0 0 0 0 0 0 0 0 0 0 0 0 0 0 0 9 6 1 0 0 0 0 0 0 0 0 0 8 0 0 0 65 17 1 14 120 297 128 14 75 149 11 2 10 25 3 0 0 180 579 98 0 0 1 0 3 0 1 0 0 1 26 6 0 6 30 73 93 34 261 79 51 0 0 0 0 0 0 0 0 0 0 0 0 0 0 0 0 0 0 0
9 0 4 3 0 0 2 0 0 0 0 4 0 0 0 0 0 0 0 0 1 0 0 0 0 0 2 0 0 0 13 44 5 0 0 1 0 0 0 0 0 0 0 0 0 0 0 0 0 0 0 3 4 3 17 0 0 0 0 0 0 0 0 0 0 0 0 0 0 0 0 0 0 0 3 5 1 0 0 0 0 0 0 0 0 0 52 31 114 38 89 32 4 11 16 81 11 7 0 0 42 3 1 0 0 0 210 261 106 18 0 0 0 0 0 0 0 10 5 0 2 7 9 26 57 130 131 242 121 156 22 0 0 0 0 0 0 0 0 0 0 0 0 0 0 0 0 0 0 0
1 0 0 0 0 0 0 0 0 0 0 0 0 0 0 0 0 1 1 0 0 0 0 0 1 0 0 0 0 0 0 3 1 1 0 0 0 0 0 0 1 0 0 0 0 1 3 1 0 0 1 3 7 64 10 0 9 0 0 0 0 0 0 0 0 0 0 0 0 0 0 2 4 2 1 0 0 0 0 0 0 0 0 0 0 0 1 0 67 1 0 0 0 1 6 26 2 1 5 0 2 4 0 11 0 188 788 355 62 114 0 0 0 0 0 0 0 0 28 11 1 15 0 5 6 3 83 67 15 29 4 10 0 0 0 0 0 0 0 0 0 0 0 0 0 0 0 0 0 0
2 0 0 1 0 2 0 0 0 0 0 0 0 0 0 0 0 0 0 1 0 0 0 4 0 0 0 2 0 0 0 1 0 0 0 0 0 2 0 0 0 0 0 0 0 0 0 0 0 0 0 4 3 60 12 0 1 0 0 0 0 0 0 0 0 0 0 0 0 0 5 7 2 0 0 0 0 0 0 0 0 0 0 0 0 0 0 0 6 0 0 0 13 28 1 0 0 0 12 2 0 4 0 0 44 104 117 17 77 199 0 0 0 0 0 0 0 0 3 17 1 1 4 36 106 47 214 100 52 20 2 1 0 0 0 0 0 0 0 0 0 0 0 0 0 0 0 0 0 0
0 0 0 0 5 47 0 0 0 0 0 0 0 0 0 0 0 2 0 0 0 0 0 0 0 0 2 0 0 1 0 16 0 0 0 0 0 0 0 0 0 0 2 0 0 0 0 0 0 0 8 0 3 0 1 0 8 3 0 0 0 0 0 0 0 0 0 0 4 6 3 0 0 0 0 0 0 0 0 0 0 0 0 0 0 0 0 0 1 0 7 76 231 9 0 0 0 0 0 2 5 1 1 10 61 17 1 2 0 15 2 0 0 0 1 0 0 0 0 0 6 3 2 44 0 0 0 183 15 5 0 0 0 0 0 0 0 0 0 0 0 0 0 0 0 0 0 0 0 0
0 0 0 0 62 36 0 0 0 0 0 0 0 0 1 0 0 0 2 0 0 0 0 0 0 0 0 0 3 0 1 0 0 0 0 0 0 0 1 0 0 0 0 3 2 0 0 0 0 4 6 0 0 4 3 1 2 0 0 0 0 0 0 0 0 0 0 0 6 2 0 0 0 0 0 0 0 0 0 0 0 0 0 0 0 0 0 0 30 73 162 362 109 9 0 0 0 0 1 8 34 462 192 33 9 18 9 0 0 4 7 0 0 0 1 0 0 0 0 0 1 0 0 0 0 10 202 60 0 0 0 0 0 0 0 0 0 0 0 0 0 0 0 0 0 0 0 0 0 0
0 0 0 0 3 3 0 0 0 0 0 0 1 1 0 0 1 0 3 0 0 0 0 0 0 0 0 0 0 7 0 0 0 0 0 0 0 0 0 0 0 0 0 0 12 0 0 0 0 1 0 0 0 1 33 1 0 1 0 0 0 0 0 0 0 0 0 0 24 2 0 0 0 0 0 0 0 0 0 0 0 0 0 0 0 0 1 0 20 114 238 105 64 28 0 0 0 5 3 12 38 100 75 10 0 0 2 0 0 1 7 0 0 0 0 0 0 0 0 0 3 68 80 1 0 30 30 2 0 0 0 0 0 0 0 0 0 0 0 0 0 0 0 0 0 0 0 0 0 0
0 0 0 0 0 2 0 0 0 0 0 0 20 25 5 1 0 2 0 0 0 0 0 0 0 4 0 3 0 16 0 0 0 0 0 0 0 0 0 0 0 0 0 0 3 12 4 0 0 1 2 0 1 14 3 0 0 0 0 0 0 0 0 0 0 0 0 12 49 0 0 2 0 0 0 0 0 0 0 0 0 0 0 0 5 22 28 2 2 12 0 1 12 2 36 0 0 1 5 9 13 0 0 3 0 0 0 4 0 10 7 25 1 0 0 0 0 0 0 0 0 0 1 0 0 0 0 1 0 0 0 0 0 0 0 0 0 0 0 0 0 0 0 0 0 0 0 0 0 0
0 0 0 0 1 0 2 0 0 0 0 0 0 1 5 0 1 0 0 0 0 0 0 0 0 0 0 0 0 0 0 0 0 0 0 0 0 0 0 0 0 0 1 0 0 0 1 4 0 0 0 0 1 7 6 3 3 1 1 0 0 0 0 0 0 0 8 29 17 0 0 0 0 0 0 0 0 0 0 0 0 0 0 1 17 3 2 1 6 10 0 2 7 0 1 7 1 28 26 12 14 1 0 1 0 0 0 25 45 58 156 413 48 7 0 0 0 0 0 0 0 0 0 0 0 0 0 0 0 0 0 0 0 0 0 0 0 0 0 0 0 0 0 0 0 0 0 0 0 0
0 0 0 0 0 0 1 0 0 0 0 1 0 0 0 0 0 0 0 0 0 0 0 0 1 0 0 0 0 0 0 0 0 0 0 0 0 0 0 0 0 0 0 0 0 0 0 1 11 0 0 0 0 1 0 51 105 0 1 0 1 1 0 1 1 10 62 94 2 0 0 1 0 0 0 0 0 0 0 0 0 0 0 21 20 0 6 8 4 1 2 4 1 0 0 11 48 33 6 2 5 0 0 2 1 0 19 2 42 62 159 26 16 2 3 0 0 0 0 0 0 0 0 0 0 0 0 0 0 0 0 0 0 0 0 0 0 0 0 0 0 0 0 0 0 0 0 0 0 0
0 0 3 0 2 0 0 0 0 0 0 0 0 0 2 1 1 0 0 0 0 0 0 1 0 0 0 0 0 0 0 0 0 0 0 0 0 0 0 0 0 0 0 0 0 0 0 4 58 1 0 0 0 0 6 1 10 3 30 1 18 1 7 10 6 7 0 2 2 1 0 1 0 0 0 0 0 0 0 0 0 0 0 0 0 2 0 12 1 0 0 0 0 0 11 129 6 0 0 0 0 0 0 0 26 53 254 830 241 55 15 0 14 29 0 0 0 0 0 0 0 0 0 0 0 0 0 0 0 0 0 0 0 0 0 0 0 0 0 0 0 0 0 0 0 0 0 0 0 0
0 0 0 3 2 26 2 3 0 0 1 1 0 0 2 0 0 0 0 0 0 0 0 0 0 0 0 0 0 0 0 0 0 0 0 0 0 0 7 6 0 0 0 0 0 0 19 9 5 3 0 0 2 5 2 1 0 0 0 2 0 0 1 4 5 0 0 5 0 11 2 8 0 0 0 0 0 0 0 0 0 0 0 0 0 0 0 0 0 4 4 10 0 2 52 19 1 0 0 0 0 0 0 17 29 57 164 296 213 196 117 62 65 6 0 0 0 0 0 0 0 0 0 0 0 0 0 0 0 0 0 0 0 0 0 0 0 0 0 0 0 0 0 0 0 0 0 0 0 0
0 0 0 0 19 47 1 0 0 1 0 0 0 0 0 0 0 0 0 0 0 0 0 0 0 0 0 0 0 0 0 0 0 0 0 0 0 0 0 0 1 1 1 0 1 0 7 2 2 1 1 1 2 7 4 0 1 6 5 8 0 2 3 1 0 0 2 9 1 0 0 0 0 2 0 0 0 0 0 0 0 0 0 0 0 0 0 0 0 0 0 0 8 57 1 21 203 0 0 0 0 0 0 35 101 178 2 0 13 39 0 4 3 0 0 0 0 0 0 0 0 0 0 0 0 0 0 0 0 0 0 0 0 0 0 0 0 0 0 0 0 0 0 0 0 0 0 0 0 0
0 0 0 0 4 1 0 0 5 1 0 0 0 0 0 0 0 0 0 1 0 0 0 0 0 0 0 0 0 0 0 3 0 0 0 0 0 0 0 0 0 0 0 0 0 0 9 0 3 2 1 4 2 3 0 0 0 0 5 2 7 3 1 0 0 0 0 0 0 0 1 3 0 1 0 0 0 0 0 0 0 0 0 0 0 0 0 0 1 0 0 19 42 13 8 99 244 0 0 0 0 0 0 3 3 0 0 0 0 0 28 45 10 0 0 0 0 0 0 0 0 0 0 0 0 0 0 0 0 0 0 0 0 0 0 0 0 0 0 0 0 0 0 0 0 0 0 0 0 0
0 0 0 0 1 0 0 0 0 1 0 0 0 0 4 4 0 0 0 0 0 0 0 0 0 0 0 0 0 0 0 0 0 0 0 0 0 0 0 0 0 0 0 0 0 0 0 0 0 0 2 2 6 1 0 0 0 0 2 2 5 1 0 0 0 0 0 0 0 0 2 1 0 0 0 0 0 0 0 0 0 0 0 0 0 0 0 1 27 0 8 36 150 179 18 2 0 1 0 0 0 0 0 1 0 0 0 8 0 77 188 1 0 0 0 0 0 0 0 0 0 0 0 0 0 0 0 0 0 0 0 0 0 0 0 0 0 0 0 0 0 0 0 0 0 0 0 0 0 0
1 0 0 0 1 0 0 0 0 0 0 0 0 2 0 0 0 0 0 0 0 0 0 0 2 0 0 0 0 0 0 0 0 0 0 0 0 0 0 0 0 0 0 0 0 0 0 0 0 0 7 5 4 0 0 0 0 0 0 4 6 0 0 0 0 0 0 0 0 0 0 0 0 0 0 0 0 0 0 0 0 0 0 0 0 0 0 0 0 0 12 58 424 3 2 10 1 0 0 0 0 0 0 2 0 0 2 7 22 8 97 6 0 0 0 0 0 0 0 0 0 0 0 0 0 0 0 0 0 0 0 0 0 0 0 0 0 0 0 0 0 0 0 0 0 0 0 0 0 0
0 0 0 0 0 0 0 0 0 0 0 1 4 0 0 0 0 0 1 0 0 0 0 0 1 0 0 0 0 0 0 0 0 0 0 0 0 0 0 0 0 0 0 0 0 0 0 0 0 0 0 8 2 0 0 3 6 3 0 5 1 1 0 0 0 0 0 0 0 0 5 77 5 1 0 0 0 0 0 0 0 0 0 0 0 0 0 0 0 4 15 29 7 3 23 1 0 0 0 0 0 0 0 0 0 0 0 0 0 0 0 0 0 0 0 0 0 0 0 0 0 0 0 0 0 0 0 0 0 0 0 0 0 0 0 0 0 0 0 0 0 0 0 0 0 0 0 0 0 0
1 0 0 0 0 0 0 0 0 0 0 1 0 1 0 0 0 0 1 0 0 1 0 21 0 0 0 0 0 0 0 0 0 0 0 0 1 0 0 0 0 0 0 0 0 0 0 0 0 0 0 17 0 4 4 0 0 0 0 0 0 9 3 0 0 0 0 0 0 0 0 7 2 0 1 0 0 0 0 0 0 0 0 0 0 0 0 0 0 6 5 56 10 15 19 0 0 0 0 0 0 0 0 0 0 0 0 0 0 0 0 0 0 0 0 0 0 0 0 0 0 0 0 0 0 0 0 0 0 0 0 0 0 0 0 0 0 0 0 0 0 0 0 0 0 0 0 0 0 0
0 0 0 0 0 0 0 0 0 0 0 0 0 0 0 0 0 0 0 0 5 1 0 0 1 0 0 0 0 0 0 0 0 0 0 0 0 0 0 0 0 0 0 0 0 0 0 0 0 0 2 20 36 1 1 0 0 0 0 0 2 31 55 0 0 0 0 0 0 0 0 0 0 0 8 0 0 0 0 0 0 0 0 0 0 0 0 0 0 2 15 1 0 33 14 10 0 2 1 0 0 0 0 0 0 0 0 0 0 0 0 0 0 0 0 0 0 0 0 0 0 0 0 0 0 0 0 0 0 0 0 0 0 0 0 0 0 0 0 0 0 0 0 0 0 0 0 0 0 0
0 0 0 0 0 0 0 0 0 0 0 2 2 0 0 0 0 0 0 0 0 0 0 0 1 0 0 0 0 1 1 0 0 0 0 0 0 0 0 0 0 0 0 0 0 0 0 0 0 3 5 13 137 27 13 3 0 0 0 0 0 8 0 0 0 0 0 0 0 0 0 0 0 5 2 0 0 0 0 0 0 0 0 0 0 0 0 0 0 0 1 10 14 13 15 11 0 0 0 0 0 0 0 0 0 0 0 0 0 0 0 0 0 0 0 0 0 0 0 0 0 0 0 0 0 0 0 0 0 0 0 0 0 0 0 0 0 0 0 0 0 0 0 0 0 0 0 0 0 0
0 0 0 0 0 0 0 0 0 0 0 0 1 7 1 2 1 1 0 0 0 0 0 0 1 3 0 0 0 0 0 0 0 0 0 0 0 0 0 0 0 0 0 0 0 0 0 0 7 1 0 13 227 1 25 0 0 3 0 0 1 4 3 0 0 0 0 0 0 0 0 0 0 0 0 0 0 0 0 0 0 0 0 0 0 0 0 0 0 0 0 4 4 4 3 1 8 0 0 4 0 0 0 0 0 0 0 0 0 0 0 0 0 0 0 0 0 0 0 0 0 0 0 0 0 0 0 0 0 0 0 0 0 0 0 0 0 0 0 0 0 0 0 0 0 0 0 0 0 0
0 0 0 0 0 0 0 0 2 28 0 0 0 1 3 0 1 0 6 0 0 0 0 1 3 1 0 0 0 0 0 0 0 0 0 0 0 0 0 0 0 0 0 0 0 0 0 2 2 0 2 6 9 0 0 0 0 0 0 0 14 0 0 1 0 0 0 0 0 0 0 0 0 0 0 0 0 0 0 0 0 0 0 0 0 0 0 0 0 0 0 0 0 0 0 0 6 0 2 0 1 0 0 0 0 0 0 0 0 0 0 0 0 0 0 0 0 0 0 0 0 0 0 0 0 0 0 0 0 0 0 0 0 0 0 0 0 0 0 0 0 0 0 0 0 0 0 0 0 0
1 0 3 0 0 0 0 0 0 0 1 1 0 0 0 0 0 0 0 0 0 1 0 0 0 3 0 0 0 0 1 1 2 0 10 0 1 0 0 0 0 0 0 0 0 0 9 12 0 0 0 0 0 0 0 0 0 0 0 0 3 0 0 0 0 0 0 0 0 0 0 0 0 0 0 0 0 0 0 0 0 0 0 0 0 0 0 0 0 0 0 1 0 0 0 1 24 18 0 0 0 0 0 0 0 0 0 0 0 0 0 0 0 0 0 0 0 0 0 0 0 0 0 0 0 0 0 0 0 0 0 0 0 0 0 0 0 0 0 0 0 0 0 5 1 8 0 0 0 0
0 0 0 0 0 0 0 0 0 0 0 3 0 0 0 0 1 0 0 5 1 1 0 0 1 0 0 0 0 0 0 2 0 0 0 1 0 2 0 0 0 0 0 0 3 2 0 0 0 0 0 0 0 0 0 0 0 0 0 0 5 0 0 0 0 0 0 0 0 0 0 6 1 0 0 0 0 0 0 0 0 0 0 0 0 0 0 0 0 0 0 0 0 0 1 4 4 1 0 1 3 0 0 0 0 0 0 0 0 0 0 0 0 0 0 0 0 0 0 0 0 0 0 0 0 0 0 0 0 0 0 0 0 0 0 0 0 0 0 0 0 0 0 0 0 0 0 0 0 0
0 0 0 0 0 0 0 0 0 0 0 2 0 0 0 0 0 0 1 0 1 0 0 0 0 0 0 0 0 0 0 0 0 0 0 0 0 0 0 0 0 0 0 0 1 0 0 0 0 0 0 0 0 0 0 0 0 0 0 0 1 0 0 0 0 0 0 0 0 0 26 43 0 0 0 0 0 0 0 0 0 0 0 0 0 0 0 0 0 0 0 0 0 0 10 0 0 0 0 0 0 0 0 0 0 0 0 0 0 0 0 0 0 0 0 0 0 0 0 0 0 0 0 0 0 0 0 0 0 0 0 0 0 0 0 0 0 0 0 0 0 0 0 0 0 0 0 0 0 0
0 0 0 0 0 0 0 0 0 0 5 0 4 0 0 1 7 0 0 0 0 0 0 0 0 0 0 0 0 0 0 0 0 0 0 0 0 0 0 0 0 0 0 1 1 1 0 0 0 0 0 0 0 0 0 0 0 0 0 1 2 0 0 0 0 0 0 0 0 0 10 0 0 0 0 0 0 0 0 0 0 0 0 0 0 0 0 0 0 0 0 0 0 0 3 0 2 0 0 0 0 0 0 0 0 0 0 0 0 0 0 0 0 0 0 0 0 0 0 0 0 0 0 0 0 0 0 0 0 0 0 0 0 0 0 0 0 0 0 0 0 0 0 0 0 0 0 0 0 0
0 0 0 0 0 0 0 0 1 0 0 0 5 2 2 2 17 9 0 0 0 0 0 0 0 0 0 0 0 0 0 0 0 0 0 0 0 0 0 0 0 0 0 1 0 0 0 0 0 0 0 0 0 0 0 0 0 0 0 5 2 2 0 0 0 0 0 0 8 0 0 0 0 0 0 0 0 0 0 0 0 0 0 0 0 0 0 0 0 0 0 0 0 0 0 0 0 4 0 0 0 0 0 0 0 0 0 0 0 0 0 0 0 0 0 0 0 0 0 0 0 0 0 0 0 0 0 0 0 0 0 0 0 0 0 0 0 0 0 0 0 0 0 0 0 0 0 0 0 0
0 0 0 0 1 1 0 0 0 1 0 0 6 0 0 0 2 9 5 0 0 0 0 0 0 1 0 0 0 0 0 0 0 0 0 1 3 2 2 0 1 0 12 0 0 0 0 0 0 0 0 0 0 0 0 0 0 0 0 0 15 18 4 0 0 0 0 0 62 20 0 0 0 0 0 0 0 0 0 0 0 0 0 0 0 0 0 0 0 0 0 0 0 0 0 0 0 0 0 0 0 0 0 0 0 0 0 0 0 0 0 0 0 0 0 0 0 0 0 0 0 0 0 0 0 0 0 0 0 0 0 0 0 0 0 0 0 0 0 0 0 0 0 0 0 0 0 0 0 0
0 0 1 0 1 0 0 0 0 0 0 2 84 16 0 1 38 0 0 21 0 1 0 23 0 4 0 0 0 0 1 1 0 0 4 1 11 7 0 2 0 1 24 0 0 0 0 0 0 0 0 0 0 0 0 0 0 0 0 0 0 0 1 3 105 36 18 0 0 0 0 0 0 0 0 0 0 0 0 0 0 0 0 0 0 0 0 0 0 0 0 0 0 0 0 0 0 0 0 0 0 0 0 0 0 0 0 0 0 0 0 0 0 0 0 0 0 0 0 0 0 0 0 0 0 0 0 0 0 0 0 0 0 0 0 0 0 0 0 0 0 0 0 0 0 0 0 0 0 0
3 78 3 0 0 0 1 0 0 0 1 8 3 0 0 0 1 0 0 4 8 110 40 13 1 0 0 0 0 1 1 0 0 1 1 1 39 0 0 2 1 6 0 0 0 0 0 0 0 0 0 0 0 0 0 0 0 0 0 0 0 0 0 0 8 2 0 0 0 0 0 0 0 0 0 0 0 0 0 0 0 0 0 0 0 0 0 0 0 0 0 0 0 0 0 0 0 0 0 0 0 0 0 0 0 0 0 0 0 0 0 0 0 0 0 0 0 0 0 0 0 0 0 0 0 0 0 0 0 0 0 0 0 0 0 0 0 0 0 0 0 0 0 0 0 0 0 0 0 0
14 10 3 0 2 0 0 0 0 0 0 0 4 0 0 0 5 2 1 8 3 149 26 29 71 6 0 0 5 5 1 0 0 0 0 0 5 1 3 3 2 19 0 0 0 0 0 0 0 0 0 0 0 0 0 0 0 0 0 0 0 0 0 0 1 0 0 0 0 0 0 0 0 0 0 0 0 0 0 0 0 0 0 0 0 0 0 0 0 1 0 0 0 0 0 0 0 0 0 0 0 0 0 0 0 0 0 0 0 0 0 0 0 0 0 0 0 0 0 0 0 0 0 0 0 0 0 0 0 0 0 0 0 0 0 0 0 0 0 0 0 0 0 0 0 0 0 0 0 0
0 0 0 0 1 0 0 0 0 0 0 5 9 0 0 1 0 2 1 7 0 5 11 12 0 17 11 0 1 1 0 0 0 0 2 2 4 0 2 0 2 2 0 0 0 0 0 0 0 0 0 0 0 0 0 0 0 0 0 0 0 0 0 0 0 0 0 0 0 0 0 0 0 0 0 0 0 0 0 0 0 0 0 0 0 0 0 0 0 0 0 0 0 0 0 0 0 0 0 0 0 0 0 0 0 0 0 0 0 0 0 0 0 0 0 0 0 0 0 0 0 0 0 0 0 0 0 0 0 0 0 0 0 0 0 0 0 0 0 0 0 0 0 0 0 0 0 0 0 0
0 0 1 0 0 0 0 0 0 0 0 0 0 1 0 0 0 0 0 1 0 0 0 2 14 16 5 8 32 4 2 0 3 9 5 0 3 0 0 0 0 0 0 0 0 0 0 0 0 0 0 0 0 0 0 0 0 0 0 0 0 0 0 0 0 0 0 0 0 0 0 0 0 0 0 0 0 0 0 0 0 0 0 0 0 0 0 0 0 0 0 0 0 0 0 0 0 0 0 0 0 0 0 0 0 0 0 0 0 0 0 0 0 0 0 0 0 0 0 0 0 0 0 0 0 0 0 0 0 0 0 0 0 0 0 0 0 0 0 0 0 0 0 0 0 0 0 0 0 0
0 0 0 0 0 0 0 0 0 0 0 0 0 0 0 0 0 0 0 0 0 0 16 0 0 1 0 0 121 58 1 2 2 26 1 0 4 0 0 0 0 0 1 0 0 0 0 0 0 0 0 0 0 0 0 0 0 0 0 0 0 0 0 0 0 0 0 0 0 0 0 0 0 0 0 0 0 0 0 0 0 0 0 0 0 0 0 0 0 0 0 0 0 0 0 0 0 0 0 0 0 0 0 1 0 0 0 0 0 0 0 0 0 0 0 0 0 0 0 0 0 0 0 0 0 0 0 0 0 0 0 0 0 0 0 0 0 0 0 0 0 0 0 0 0 0 0 0 0 0
0 0 0 0 0 0 0 0 0 0 0 0 0 0 0 0 0 0 0 0 0 0 1 0 1 2 14 15 0 3 1 0 2 2 0 0 2 0 0 0 0 1 0 0 0 0 0 0 0 0 0 0 0 0 0 0 0 0 0 0 0 0 0 0 0 0 0 0 0 0 0 0 0 0 0 0 0 0 0 0 0 0 0 0 0 0 0 0 0 0 0 0 0 0 0 0 0 0 0 0 0 0 0 0 0 0 0 0 0 0 0 0 0 0 0 0 0 0 0 0 0 0 0 0 0 0 0 0 0 0 0 0 0 0 0 0 0 0 0 0 0 0 0 0 0 0 0 0 0 0
0 0 0 0 0 0 0 3 0 0 0 0 0 0 0 0 0 0 0 0 0 0 0 0 6 4 8 0 0 0 7 2 2 0 1 0 0 0 0 0 0 0 0 0 0 0 0 0 0 0 0 0 0 0 0 0 0 0 0 0 0 0 0 0 0 0 0 0 0 0 0 0 0 0 0 0 0 0 0 0 0 0 0 0 0 0 0 0 0 0 0 0 0 0 0 0 0 0 0 0 0 0 0 0 0 0 0 0 0 0 0 0 0 0 0 0 0 0 0 0 0 0 0 0 0 0 0 0 0 0 0 0 0 0 0 0 0 0 0 0 0 0 0 0 0 0 0 0 0 0
0 0 0 0 0 0 0 0 1 0 0 0 9 9 0 0 0 0 0 0 0 0 0 0 0 0 0 0 0 0 0 0 20 0 0 0 5 4 0 0 0 0 0 0 0 0 0 0 0 0 0 0 0 0 0 0 0 0 0 0 0 0 0 0 0 0 0 0 0 0 0 0 0 0 0 0 0 0 0 0 0 0 0 0 0 0 0 0 0 0 0 0 0 0 0 0 0 0 0 0 0 0 0 0 0 0 0 0 0 0 0 0 0 0 0 0 0 0 0 0 0 0 0 0 0 0 0 0 0 0 0 0 0 0 0 0 0 0 0 0 0 0 0 0 0 0 0 0 0 0
0 0 0 0 0 0 0 0 0 0 0 5 1 0 0 0 0 0 0 0 0 0 0 0 0 0 0 9 1 2 5 0 0 0 0 0 0 0 0 0 0 0 0 0 0 0 0 0 0 0 0 0 0 0 0 0 0 0 0 0 0 0 0 0 0 0 0 0 0 0 0 0 0 0 0 0 0 0 0 0 0 0 0 0 0 0 0 0 0 0 0 0 0 0 0 0 0 0 0 0 0 0 0 0 0 0 0 0 0 0 0 0 0 0 0 0 0 0 0 0 0 0 0 0 0 0 0 0 0 0 0 0 0 0 0 0 0 0 0 0 0 0 0 0 0 0 0 0 0 0
0 0 0 0 0 0 0 0 0 0 0 0 0 0 0 0 0 0 0 0 0 0 0 0 0 0 0 5 4 0 0 0 4 4 1 0 0 0 0 0 0 0 0 0 0 0 0 0 0 0 0 0 0 0 0 0 0 0 0 0 0 0 0 0 0 0 0 0 0 0 0 0 0 0 0 0 0 0 0 0 0 0 0 0 0 0 0 0 0 0 0 0 0 0 0 0 0 0 0 0 0 0 0 0 0 0 0 0 0 0 0 0 0 0 0 0 0 0 0 0 0 0 0 0 0 0 0 0 0 0 0 0 0 0 0 0 0 0 0 0 0 0 0 0 0 0 0 0 0 0
0 0 0 0 0 0 0 0 0 0 5 4 0 1 0 0 0 0 0 0 0 0 0 0 0 0 0 0 0 0 0 0 1 0 0 0 0 0 0 0 0 0 0 0 0 0 0 0 0 0 0 0 0 0 0 0 0 0 0 0 0 0 0 0 0 0 0 0 0 0 0 0 0 0 0 0 0 0 0 0 0 0 0 0 0 0 0 0 0 0 0 0 0 0 0 0 0 0 0 0 0 0 0 0 0 0 0 0 0 0 0 0 0 0 0 0 0 0 0 0 0 0 0 0 0 0 0 0 0 0 0 0 0 0 0 0 0 0 0 0 0 0 0 0 0 0 0 0 0 0
0 0 0 0 0 0 0 0 0 4 1 0 0 0 0 0 0 0 0 0 0 0 0 0 0 0 0 0 0 0 0 0 0 0 0 0 0 0 0 0 0 0 0 0 0 0 0 0 0 0 0 0 0 0 0 0 0 0 0 0 0 0 0 0 0 0 0 0 0 0 0 0 0 0 0 0 0 0 0 0 0 0 0 0 0 0 0 0 0 0 0 0 0 0 0 0 0 0 0 0 0 0 0 0 0 0 0 0 0 0 0 0 0 0 0 0 0 0 0 0 0 0 0 0 0 0 0 0 0 0 0 0 0 0 0 0 0 0 0 0 0 0 0 0 0 0 0 0 0 0
0 0 0 0 0 0 0 0 0 0 1 0 0 0 0 0 0 0 0 0 0 0 0 0 0 0 0 0 0 0 0 0 0 0 0 0 0 0 0 0 0 0 0 0 0 0 0 0 0 0 0 0 0 0 0 0 0 0 0 0 0 0 0 0 0 0 0 0 0 0 0 0 0 0 0 0 0 0 0 0 0 0 0 0 0 0 0 0 0 0 0 0 0 0 0 0 0 0 0 0 0 0 0 0 0 0 0 0 0 0 0 0 0 0 0 0 0 0 0 0 0 0 0 0 0 0 0 0 0 0 0 0 0 0 0 0 0 0 0 0 0 0 0 0 0 0 0 0 0 0
0 0 0 0 0 0 0 0 11 48 0 0 0 0 0 0 0 0 0 0 0 0 0 0 0 0 0 0 0 0 0 0 0 0 0 0 0 0 0 0 0 0 0 0 0 0 0 0 0 0 0 0 0 0 0 0 0 0 0 0 0 0 0 0 0 0 0 0 0 0 0 0 0 0 0 0 0 0 0 0 0 0 0 0 0 0 0 0 0 0 0 0 0 0 0 0 0 0 0 0 0 0 0 0 0 0 0 0 0 0 0 0 0 0 0 0 0 0 0 0 0 0 0 0 0 0 0 0 0 0 0 0 0 0 0 0 0 0 0 0 0 0 0 0 0 0 0 0 0 0
0 0 0 0 0 5 12 13 23 1 0 0 0 0 0 0 0 0 0 0 0 0 0 0 0 0 0 0 0 0 0 0 0 0 0 0 0 0 0 0 0 0 0 0 0 0 0 0 0 24 30 0 0 0 2 0 0 0 0 0 0 0 0 0 0 0 0 0 0 0 0 0 0 0 0 0 0 0 0 0 0 0 0 0 0 0 0 0 0 0 0 0 0 0 0 0 0 0 0 0 0 0 0 0 0 0 0 0 0 0 0 0 0 0 0 0 0 0 0 0 0 0 0 0 0 0 0 0 0 0 0 0 0 0 0 0 0 0 0 0 0 0 0 0 0 0 0 0 0 0
0 0 0 0 0 0 9 73 0 0 0 0 0 0 0 0 0 0 0 0 0 0 0 0 0 0 0 0 0 0 0 0 0 0 0 0 0 0 0 0 0 0 0 0 0 0 0 0 0 0 0 0 1 0 0 0 0 0 0 0 0 0 0 0 0 0 0 0 0 0 0 0 0 0 0 0 0 0 0 0 0 0 0 0 0 0 0 0 0 0 0 0 0 0 0 0 0 0 0 0 0 0 0 0 0 0 0 0 0 0 0 0 0 0 0 0 0 0 0 0 0 0 0 0 0 0 0 0 0 0 0 0 0 0 0 0 0 0 0 0 0 0 0 0 0 0 0 0 0 0
0 0 0 0 0 0 0 0 0 0 0 0 0 0 0 0 0 0 0 0 0 0 0 0 0 0 0 0 0 0 0 0 0 0 0 0 0 0 0 0 0 0 0 0 0 0 0 0 0 0 1 0 7 23 0 0 0 0 0 0 0 0 0 0 0 0 0 0 0 0 0 0 0 0 0 0 0 0 0 0 0 0 0 0 0 0 0 0 0 0 0 0 0 0 0 0 0 0 0 0 0 0 0 0 0 0 0 0 0 0 0 0 0 0 0 0 0 0 0 0 0 0 0 0 0 0 0 0 0 0 0 0 0 0 0 0 0 0 0 0 0 0 0 0 0 0 0 0 0 0
0 0 0 0 0 0 0 0 0 0 0 0 0 0 0 0 0 0 0 0 0 0 0 0 0 0 0 0 0 0 0 0 0 0 0 0 0 0 0 0 0 0 0 0 0 0 0 0 0 0 0 0 2 3 0 0 0 0 0 0 0 0 0 0 0 0 0 0 0 0 0 0 0 0 0 0 0 0 0 0 0 0 0 0 0 0 0 0 0 0 0 0 0 0 0 0 0 0 0 0 0 0 0 0 0 0 0 0 0 0 0 0 0 0 0 0 0 0 0 0 0 0 0 0 0 0 0 0 0 0 0 0 0 0 0 0 0 0 0 0 0 0 0 0 0 0 0 0 0 0
0 0 0 0 0 0 0 0 0 0 0 0 0 0 0 0 0 0 0 0 0 0 0 0 0 0 0 0 0 0 0 0 0 0 0 0 0 6 0 0 0 0 0 0 0 0 0 0 0 0 0 0 4 0 0 0 0 0 0 0 0 0 0 0 0 0 0 0 0 0 0 0 0 0 0 0 0 0 0 0 0 0 0 0 0 0 0 0 0 0 0 0 0 0 0 0 0 0 0 0 0 0 0 0 0 0 0 0 0 0 0 0 0 0 0 0 0 0 0 0 0 0 0 0 0 0 0 0 0 0 0 0 0 0 0 0 0 0 0 0 0 0 0 0 0 0 0 0 0 0
0 0 0 0 0 0 0 0 0 0 0 0 0 0 0 0 0 0 0 0 0 0 0 0 0 0 0 0 0 0 0 0 0 0 0 0 1 0 0 0 0 0 0 0 0 0 0 0 0 0 0 0 1 0 0 0 0 0 0 0 0 0 0 0 0 0 0 0 0 0 0 0 0 0 0 0 0 0 0 0 0 0 0 0 0 0 0 0 0 0 0 0 0 0 0 0 0 0 0 0 0 0 0 0 0 0 0 0 0 0 0 0 0 0 0 0 0 0 0 0 0 0 0 0 0 0 0 0 0 0 0 0 0 0 0 0 0 0 0 0 0 0 0 0 0 0 0 0 0 0
0 0 0 0 0 0 0 0 0 0 0 0 0 0 0 0 0 0 0 0 0 0 0 0 0 0 0 0 0 1 2 0 0 0 0 0 1 0 0 0 0 0 0 0 0 0 0 0 0 0 0 0 0 2 0 0 0 0 0 0 0 0 0 0 0 0 0 0 0 0 0 0 0 0 0 0 0 0 0 0 0 0 0 0 0 0 0 0 0 0 0 0 0 0 0 0 0 0 0 0 0 0 0 0 0 0 0 0 0 0 0 0 0 0 0 0 0 0 0 0 0 0 0 0 0 0 0 0 0 0 0 0 0 0 0 0 0 0 0 0 0 0 0 0 0 0 0 0 0 0
0 0 0 0 0 0 0 0 0 0 0 0 0 0 0 0 0 0 0 0 0 0 0 0 0 0 0 0 0 0 1 21 0 0 0 0 0 0 0 0 0 0 0 0 0 0 0 0 0 0 0 0 0 0 0 0 0 0 0 0 0 0 0 0 0 0 0 0 0 0 0 0 0 0 0 0 0 0 0 0 0 0 0 0 0 0 0 0 0 0 0 0 0 0 0 0 0 0 0 0 0 0 0 0 0 0 0 0 0 0 0 0 0 0 0 0 0 0 0 0 0 0 0 0 0 0 0 0 0 0 0 0 0 0 0 0 0 0 0 0 0 0 0 0 0 0 0 0 0 0
0 0 0 0 0 0 0 0 0 0 0 0 0 0 0 0 0 0 0 0 0 0 0 0 0 0 0 0 0 0 3 2 0 0 0 0 0 0 0 0 0 0 0 0 0 0 0 0 0 0 0 0 0 0 0 0 0 0 0 0 0 0 0 0 0 0 0 0 0 0 0 0 0 0 0 0 0 0 0 0 0 0 0 0 0 0 0 0 0 0 0 0 0 0 0 0 0 0 0 0 0 0 0 0 0 0 0 0 0 0 0 0 0 0 0 0 0 0 0 0 0 0 0 0 0 0 0 0 0 0 0 0 0 0 0 0 0 0 0 0 0 0 0 0 0 0 0 0 0 0
0 0 0 0 0 0 0 0 0 0 0 0 0 0 0 0 0 0 0 0 0 0 0 0 0 0 1 0 0 3 0 0 0 0 0 0 1 0 0 0 0 0 0 0 0 0 0 0 0 0 0 0 0 0 0 0 0 0 0 0 0 0 0 0 0 0 0 0 0 0 0 0 0 0 0 0 0 0 0 0 0 0 0 0 0 0 0 0 0 0 0 0 0 0 0 0 0 0 0 0 0 0 0 0 0 0 0 0 0 0 0 0 0 0 0 0 0 0 0 0 0 0 0 0 0 0 0 0 0 0 0 0 0 0 0 0 0 0 0 0 0 0 0 0 0 0 0 0 0 0
0 0 0 0 0 0 0 0 0 0 0 0 0 0 0 0 0 0 0 0 0 0 0 0 0 0 0 0 0 43 20 0 0 0 0 0 0 0 0 0 0 0 0 0 0 0 0 0 1 0 0 0 0 0 0 0 0 0 0 0 0 0 0 0 0 0 0 0 0 0 0 0 0 0 0 0 0 0 0 0 0 0 0 0 0 0 0 0 0 0 0 0 0 0 0 0 0 0 0 0 0 0 0 0 0 0 0 0 0 0 0 0 0 0 0 0 0 0 0 0 0 0 0 0 0 0 0 0 0 0 0 0 0 0 0 0 0 0 0 0 0 0 0 0 0 0 0 0 0 0
0 0 0 0 0 0 0 0 0 0 0 0 0 0 0 0 0 0 0 0 0 0 0 0 0 0 4 0 0 0 2 0 0 0 0 0 0 0 0 0 0 0 0 0 0 0 0 0 1 29 0 0 0 0 0 0 0 0 0 0 0 0 0 0 0 0 0 0 0 0 0 0 0 0 0 0 0 0 0 0 0 0 0 0 0 0 0 0 0 0 0 0 0 0 0 0 0 0 0 0 0 0 0 0 0 0 0 0 0 0 0 0 0 0 0 0 0 0 0 0 0 0 0 0 0 0 0 0 0 0 0 0 0 0 0 0 0 0 0 0 0 0 0 0 0 0 0 0 1 0
0 0 0 0 0 0 0 0 0 0 0 0 0 0 0 0 0 0 0 0 0 0 0 0 0 0 12 0 0 0 0 0 0 0 0 0 0 0 0 0 0 0 0 0 0 0 0 0 5 0 0 0 0 0 0 0 0 0 0 0 0 0 0 0 0 0 0 0 0 0 0 0 0 0 0 0 0 0 0 0 0 0 0 0 0 0 0 0 0 0 0 0 0 0 0 0 0 0 0 0 0 0 0 0 0 0 0 0 0 0 0 0 0 0 0 0 0 0 0 0 0 0 0 0 0 0 0 0 0 0 0 0 0 0 0 0 0 0 0 0 0 0 0 0 0 0 0 0 0 0
0 0 0 0 0 0 0 0 0 0 0 0 0 0 0 0 0 0 0 0 0 0 0 0 0 0 0 1 9 0 0 0 0 0 0 0 0 0 0 0 0 0 0 0 0 0 0 0 0 0 0 0 0 0 0 0 0 0 0 0 0 0 0 0 0 0 0 0 0 0 0 0 0 0 0 0 0 0 0 0 0 0 0 0 0 0 0 0 0 0 0 0 0 0 0 0 0 0 0 0 0 0 0 0 0 0 0 0 0 0 0 0 0 0 0 0 0 0 0 0 0 0 0 0 0 0 0 0 0 0 0 0 0 0 0 0 0 0 0 0 0 0 0 0 0 0 0 0 0 0
0 0 0 0 0 0 0 0 0 0 0 0 0 0 0 0 0 0 0 0 0 0 0 0 0 0 0 0 0 0 0 0 0 0 0 0 0 0 0 0 0 0 0 0 0 0 0 0 0 0 0 0 0 0 0 0 0 0 0 0 0 0 0 0 0 0 0 0 0 0 0 0 0 0 0 0 0 0 0 0 0 0 0 0 0 0 0 0 0 0 0 0 0 0 0 0 0 0 0 0 0 0 0 0 0 0 0 0 0 0 0 0 0 0 0 0 0 0 0 0 0 0 0 0 0 0 0 0 0 0 0 0 0 0 0 0 0 0 0 0 0 0 0 0 0 0 0 0 0 0
0 0 0 0 0 0 0 0 0 0 0 0 0 0 0 0 0 0 0 0 0 0 0 0 0 0 0 0 0 0 0 0 0 0 0 0 0 0 0 0 0 0 0 0 0 0 0 0 0 0 0 0 0 0 0 0 0 0 0 0 0 0 0 0 0 0 0 0 0 0 0 0 0 0 0 0 0 0 0 0 0 0 0 0 0 0 0 0 0 0 0 0 0 0 0 0 0 0 0 0 0 0 0 0 0 0 0 0 0 0 0 0 0 0 0 0 0 0 0 0 0 0 0 0 0 0 0 0 0 0 0 0 0 0 0 0 0 0 0 0 0 0 0 0 0 0 0 0 0 0
0 0 0 0 0 0 0 0 0 0 0 0 0 0 0 0 0 0 0 0 0 0 0 0 0 0 0 0 0 0 0 0 0 0 0 0 0 0 0 0 0 0 0 0 0 0 0 0 0 0 0 0 0 0 0 0 0 0 0 0 0 0 0 0 0 0 0 0 0 0 0 0 0 0 0 0 0 0 0 0 0 0 0 0 0 0 0 0 0 0 0 0 0 0 0 0 0 0 0 0 0 0 0 0 0 0 0 0 0 0 0 0 0 0 0 0 0 0 0 0 0 0 0 0 0 0 0 0 0 0 0 0 0 0 0 0 0 0 0 0 0 0 0 0 0 0 0 0 0 0
0 0 0 0 0 0 0 0 0 0 0 0 0 0 0 0 0 0 0 0 0 0 0 0 0 0 0 0 0 0 0 0 0 0 0 0 0 0 0 0 0 0 0 0 0 0 0 0 0 0 0 0 0 0 0 0 0 0 0 0 0 0 0 0 0 0 0 0 0 0 0 0 0 0 0 0 0 0 0 0 0 0 0 0 0 0 0 0 0 0 0 0 0 0 0 0 0 0 0 0 0 0 0 0 0 0 0 0 0 0 0 0 0 0 0 0 0 0 0 0 0 0 0 0 0 0 0 0 0 0 0 0 0 0 0 0 0 0 0 0 0 0 0 0 0 0 0 0 0 0
0 0 0 0 0 0 0 0 0 0 0 0 0 0 0 0 0 0 0 0 0 0 0 0 0 0 0 0 0 0 0 0 0 0 0 0 0 0 0 0 0 0 0 0 0 0 0 0 0 0 0 0 0 0 0 0 0 0 0 0 0 0 0 0 0 0 0 0 0 0 0 0 0 0 0 0 0 0 0 0 0 0 0 0 0 0 0 0 0 0 0 0 0 0 0 0 0 0 0 0 0 0 0 0 0 0 0 0 0 0 0 0 0 0 0 0 0 0 0 0 0 0 0 0 0 0 0 0 0 0 0 0 0 0 0 0 0 0 0 0 0 0 0 0 0 0 0 0 0 0
