0 0 10 1 0 0 1 2 4 53 8 2 0 4 0 0 0 4 4 0 0 2 0 0 1 1 0 0 0 0 0 0 0 0 2 1 0 0 1 2 0 0 0 0 3 0 0 0 0 0 0 0 0 0 0 4 0 0 0 3 21 4 1 2 0 0 0 0 0 0 3 2 7 143 123 306 26 13 44 4 6 117 24 33 42 123 224 89 27 166 908 375 22 349 245 385 609 512 626 93 66 48 27 7 14 15 14 228 146 3 7 12 6 35 12 23 1 9 0 0 1 8 3 8 2 0 0 0 7 1 1 11 1 11 1 0 0 0 0 0 5 0 0 0 0 0 0 0 0 6
0 1 6 1 0 0 0 0 0 9 3 1 1 1 0 0 0 1 7 0 0 3 6 0 4 8 0 0 0 0 0 0 0 0 0 0 0 0 2 0 0 0 0 0 0 0 0 0 0 0 0 0 0 0 4 0 0 0 0 12 68 3 5 2 4 0 0 1 0 0 0 1 33 46 9 5 335 20 6 7 51 15 12 0 90 137 159 73 146 146 34 13 114 149 225 159 233 347 576 395 162 25 12 14 2 3 0 153 23 122 18 12 0 2 36 16 2 21 1 8 0 7 8 1 1 3 3 3 11 7 8 2 17 43 42 0 0 0 1 23 32 0 0 0 0 0 0 0 0 0
1 0 0 0 52 0 0 0 0 19 0 7 7 17 0 0 0 1 1 0 1 3 44 13 5 0 1 0 0 0 0 0 0 0 0 1 0 28 0 13 0 0 0 3 0 0 0 0 0 0 0 0 0 4 6 0 0 1 0 5 18 5 1 3 0 0 0 0 0 0 3 1 0 0 2 0 3 45 105 102 19 15 0 26 83 100 537 92 5 1 59 34 26 243 336 377 104 281 130 264 275 230 18 26 18 7 2 32 84 59 11 1 0 0 4 4 5 90 68 23 49 4 5 6 1 3 1 3 1 14 3 0 37 73 0 0 2 0 7 28 4 0 0 0 0 0 0 0 0 0
27 5 0 0 0 0 0 0 0 2 0 0 0 0 0 2 0 0 0 1 0 1 1 6 3 0 0 10 7 0 2 0 0 0 0 0 0 0 0 2 0 0 0 0 0 0 0 0 0 0 2 0 0 0 72 15 2 18 8 0 1 0 2 9 0 0 0 0 0 0 2 38 3 0 1 3 2 53 109 81 45 30 4 40 164 10 22 146 0 82 505 604 1020 418 738 240 46 90 301 297 252 495 71 122 16 84 4 6 162 26 5 8 23 13 6 2 11 72 27 13 19 239 8 1 0 1 1 1 2 0 3 4 17 0 3 0 10 0 0 5 24 6 0 0 0 0 0 0 0 0
0 6 0 0 0 0 0 0 9 2 2 0 0 0 0 9 4 2 3 1 3 0 7 0 0 0 0 1 0 0 1 0 0 0 1 3 6 0 0 0 0 0 0 0 0 0 0 0 0 2 0 0 0 0 23 109 17 13 1 0 4 3 0 3 0 0 0 0 0 24 74 26 71 28 6 15 39 52 86 77 155 141 205 4 111 128 26 23 8 258 976 561 354 427 207 91 36 277 163 549 455 570 419 401 181 49 74 11 4 4 3 27 52 7 1 1 4 10 39 18 105 380 65 6 7 2 1 0 5 2 0 0 0 0 2 0 0 0 0 1 18 5 0 0 0 0 0 0 0 0
5 0 0 1 0 0 0 0 2 1 1 0 0 0 0 2 0 1 9 26 1 0 0 0 0 0 0 0 1 0 1 39 0 0 7 45 15 6 0 0 0 0 0 0 0 0 0 0 0 8 30 8 1 2 7 13 18 3 1 4 0 0 1 2 0 0 0 0 3 17 31 64 98 93 40 8 33 11 13 92 395 251 210 19 1 98 22 10 4 180 1307 1036 33 362 388 263 104 1131 259 227 160 345 653 243 32 56 21 30 6 2 0 1 2 13 5 9 9 6 0 8 54 98 1 4 0 6 0 0 1 0 2 0 0 0 0 2 5 0 0 0 0 6 0 0 0 0 0 0 0 0
1 0 0 0 0 0 0 0 0 3 1 0 0 1 0 0 0 0 0 0 0 3 6 0 0 0 0 0 0 1 0 0 0 0 0 8 2 4 8 0 0 0 0 0 0 0 0 0 0 0 0 4 4 1 0 6 2 0 14 14 2 4 0 0 6 0 0 0 5 47 68 23 228 139 200 98 269 53 283 368 469 342 777 267 34 3 3 110 137 76 913 724 19 333 432 242 167 360 244 36 12 201 74 93 23 53 31 11 3 9 23 55 98 5 143 21 2 3 4 8 34 45 1 6 1 2 1 3 0 0 1 0 0 0 0 0 0 1 0 0 0 0 0 0 0 0 0 0 0 0
2 0 0 1 0 0 0 0 0 0 1 0 0 0 0 0 0 0 0 0 0 0 0 0 0 0 0 0 0 3 6 0 0 0 1 3 0 0 5 4 0 0 0 0 0 0 0 0 0 0 0 0 0 2 2 4 0 6 20 68 49 19 35 0 7 15 0 0 5 21 5 4 5 8 48 16 43 84 386 568 456 342 354 141 56 106 67 219 119 156 346 29 17 200 239 172 129 666 388 86 58 197 164 316 85 76 11 38 45 21 305 509 30 28 14 43 2 0 6 7 16 0 7 6 1 1 14 2 1 1 0 0 0 0 0 0 0 0 0 0 0 0 0 0 0 0 0 0 0 0
5 0 0 0 0 0 0 0 1 10 0 1 0 0 6 0 0 0 0 0 0 0 0 0 0 0 0 0 0 0 1 0 0 0 2 0 0 0 0 1 0 0 0 0 0 0 0 0 0 0 0 0 1 3 0 0 0 9 13 33 184 84 7 2 2 17 2 4 1 28 0 0 0 0 0 8 12 21 31 254 515 484 465 35 1 5 92 136 171 33 5 2 203 601 804 667 49 412 150 67 133 29 170 139 390 74 71 124 21 82 402 60 75 2 22 4 1 0 2 5 10 2 3 9 8 1 1 1 1 0 1 0 0 0 0 0 0 0 0 0 0 0 0 0 0 0 0 0 0 0
0 0 0 0 0 0 0 0 21 9 0 0 0 0 0 0 0 0 0 0 0 0 0 0 0 0 0 0 0 0 0 0 0 0 0 0 0 0 2 0 1 0 0 0 0 0 0 1 0 2 4 0 12 3 0 0 0 1 1 7 23 85 8 3 1 0 0 0 1 2 0 0 0 0 0 6 2 12 107 375 624 477 409 189 726 456 141 19 73 55 27 2 3 285 511 882 340 37 41 2 36 60 13 5 42 259 144 81 31 16 239 314 83 7 0 99 187 317 204 59 14 8 10 9 14 0 2 0 0 9 390 8 0 0 0 0 0 0 0 0 0 0 0 0 0 0 0 0 0 1
0 1 1 0 0 0 3 0 2 4 4 2 0 0 0 2 0 0 0 0 0 0 0 0 0 0 0 0 0 0 0 2 0 0 0 0 0 1 0 1 0 0 0 1 0 0 2 2 10 4 2 0 13 7 0 0 0 1 2 6 0 49 1 0 0 0 1 0 1 2 0 0 0 0 0 0 0 44 117 150 235 120 163 211 78 184 78 152 197 112 9 0 150 129 220 378 481 16 12 38 12 3 1 14 54 84 603 177 67 151 296 61 91 9 0 73 193 335 172 89 162 58 128 67 39 229 89 128 33 25 1 52 4 9 1 0 0 0 0 0 0 0 0 0 0 0 0 0 0 0
2 0 1 0 0 0 0 0 5 0 0 0 0 0 0 1 1 3 2 0 0 0 0 0 0 0 0 0 0 0 0 0 0 1 3 0 1 0 2 0 0 2 6 1 3 0 1 0 0 0 0 0 3 2 0 0 0 0 0 4 1 1 0 0 1 1 0 0 0 0 0 3 0 0 0 1 22 13 36 180 265 66 20 27 52 48 6 15 62 259 11 0 0 0 3 46 533 191 142 9 0 4 11 16 6 14 257 118 6 65 256 215 32 58 11 181 323 175 181 340 324 262 103 48 59 62 0 0 0 10 0 0 36 10 19 0 0 0 0 0 0 0 0 0 0 0 0 0 0 0
0 0 0 0 0 0 1 1 13 1 0 0 0 0 0 0 0 3 3 2 0 0 0 1 0 0 0 0 0 0 0 0 0 0 0 0 16 1 0 0 0 5 24 2 6 0 3 10 0 0 0 1 0 1 3 0 0 0 1 1 2 1 0 0 0 3 0 11 0 4 1 0 0 0 0 7 114 28 53 25 189 128 8 1 3 7 6 0 0 1 0 0 1 29 66 59 384 174 287 383 2 2 20 1 9 4 4 103 146 172 655 278 35 389 118 3 14 65 763 707 61 151 59 1 93 48 9 0 13 15 0 0 14 3 0 0 1 0 0 0 0 0 0 0 0 0 0 0 0 0
0 0 0 0 0 0 10 2 0 1 0 0 0 0 0 0 0 0 26 31 1 0 0 0 0 0 0 0 0 0 4 0 0 0 0 0 1 0 0 0 0 1 0 26 8 0 0 0 3 0 0 31 1 0 0 0 0 0 0 0 3 2 0 9 0 0 42 10 27 22 24 0 1 0 0 278 338 214 73 13 30 177 27 0 12 365 50 1 0 33 0 0 2 26 5 26 42 430 106 98 0 14 210 70 255 70 61 175 233 431 776 554 351 196 124 237 96 81 645 324 70 37 0 0 0 4 9 0 7 6 0 0 0 0 0 0 0 0 0 0 0 0 0 0 0 0 0 0 0 0
0 0 0 0 0 0 0 0 1 1 0 0 0 0 0 0 0 0 2 1 9 0 0 0 0 0 0 0 0 0 2 0 0 0 0 0 0 0 0 0 0 0 0 25 8 0 0 0 0 5 0 11 1 0 2 0 2 5 9 10 39 5 9 9 1 59 48 123 74 121 31 0 7 0 65 424 522 653 152 4 0 80 15 0 1 5 1 3 0 15 10 9 1 4 0 1 17 147 131 105 11 23 212 359 890 735 733 658 735 560 416 274 447 619 226 169 67 53 31 42 57 65 66 2 0 4 31 10 6 11 0 0 0 0 0 0 0 0 0 0 0 0 0 0 0 0 0 0 0 0
0 0 0 0 0 0 0 11 9 0 0 0 0 0 0 0 2 0 0 0 0 23 4 0 1 0 0 0 1 1 0 0 0 0 0 0 0 0 0 0 0 0 0 0 0 7 0 0 0 17 34 62 0 2 0 2 14 36 2 34 8 14 3 12 12 12 86 34 46 74 123 33 45 51 435 446 874 493 59 2 1 6 0 0 0 0 5 19 1 13 0 4 0 1 0 14 13 4 20 13 8 2 863 378 443 444 435 172 418 649 624 252 328 147 140 36 42 59 31 60 4 52 353 319 26 35 3 1 5 7 0 0 0 0 6 0 0 0 0 0 0 0 0 0 0 0 0 0 0 0
0 0 0 0 0 0 0 2 6 0 0 0 1 0 0 1 2 1 0 1 3 0 6 13 9 30 3 0 0 0 0 0 0 0 0 0 0 0 0 0 0 0 0 0 0 8 2 0 6 4 13 2 1 2 7 21 54 131 33 18 2 0 0 0 0 1 0 0 0 0 0 0 81 7 130 186 259 158 49 0 0 0 0 0 0 0 0 9 11 3 0 0 2 0 0 4 7 0 101 33 19 105 477 407 233 79 218 108 195 262 484 196 307 111 123 31 16 34 68 1 0 0 10 15 15 190 2 5 0 0 0 0 0 0 0 0 0 0 0 0 0 0 0 0 0 0 0 0 0 0
0 0 0 0 0 0 0 0 0 0 0 0 0 0 0 0 0 2 0 3 5 1 0 1 5 0 2 6 2 0 0 0 0 0 0 0 2 0 0 0 0 0 0 0 0 18 20 1 0 23 75 13 4 58 11 10 10 45 142 5 1 3 0 0 2 0 7 21 8 2 34 2 57 11 41 29 9 93 4 3 0 0 4 1 0 0 0 11 46 0 0 45 23 25 6 0 0 0 24 295 211 60 53 56 38 284 305 85 371 233 124 50 38 139 58 12 59 82 12 2 0 0 6 3 77 400 92 3 1 1 0 0 0 0 0 0 0 0 0 0 0 0 0 0 0 0 0 0 0 0
0 0 0 0 0 0 0 0 0 0 0 0 2 1 0 0 0 0 0 0 0 5 5 0 1 0 23 22 5 0 0 0 0 0 0 3 33 0 0 0 0 0 3 10 9 5 8 16 24 184 34 12 9 7 3 40 69 107 24 23 20 9 0 0 0 0 3 2 1 3 6 4 12 1 0 48 21 14 3 7 3 0 3 20 0 6 3 7 0 1 1 17 19 104 14 0 0 6 107 10 79 165 25 13 38 63 71 152 615 0 0 38 1 265 49 0 7 0 0 0 0 0 4 2 11 81 188 262 0 0 0 0 0 0 0 0 0 0 0 0 0 0 0 0 0 0 0 0 0 0
0 0 0 0 0 0 0 0 0 0 0 1 0 0 1 0 0 0 0 1 0 6 43 1 1 4 1 8 103 1 0 86 1 0 0 0 0 1 0 0 0 0 1 17 14 38 45 40 3 63 21 3 1 3 47 1 13 145 5 1 1 2 0 0 0 3 1 0 4 6 29 22 0 0 1 8 4 0 7 0 1 0 0 0 0 24 10 0 1 0 1 6 2 3 0 11 0 141 2 1 530 812 605 43 43 70 69 212 67 1 0 0 0 28 2 0 0 0 0 0 0 0 0 4 10 0 4 76 2 0 0 0 0 0 0 0 0 0 0 0 0 0 0 0 0 0 0 0 0 0
0 0 0 0 0 0 0 0 0 0 0 0 1 0 0 0 0 1 1 1 0 1 8 2 0 3 3 2 0 1 4 19 7 0 0 0 0 0 0 5 1 0 6 52 4 8 13 15 32 91 113 96 8 13 6 1 19 1 4 0 1 3 5 5 225 30 1 0 1 2 29 14 1 0 6 180 340 35 1 10 4 4 0 0 0 0 0 1 11 1 1 0 0 0 0 0 0 1 167 236 902 697 326 48 1 12 71 53 0 0 0 0 0 7 0 0 0 0 0 0 0 0 0 1 0 0 96 204 0 0 0 0 0 0 0 0 0 0 0 0 0 0 0 0 0 0 0 0 0 0
0 0 0 0 0 0 0 0 0 0 0 0 0 1 3 4 0 0 0 0 0 1 1 3 1 1 0 0 0 0 21 100 3 2 0 0 0 0 0 0 36 10 0 0 0 0 3 4 103 386 148 93 17 1 0 5 1 1 0 0 0 0 1 0 2 12 16 2 0 16 48 7 4 0 0 6 31 18 16 254 8 9 4 14 0 3 6 10 58 20 4 3 1 3 0 4 2 1 43 226 82 37 10 0 1 3 44 21 3 0 0 0 1 33 0 0 0 0 0 0 0 0 0 0 0 19 5 1 0 4 14 1 0 0 0 0 0 0 0 0 0 0 0 0 0 0 0 0 0 0
0 0 0 0 0 0 0 0 0 0 0 0 0 0 0 0 0 0 0 0 1 6 30 0 0 0 0 0 0 0 0 0 14 9 7 0 9 95 5 2 0 0 0 0 0 0 6 9 1 306 103 48 5 0 0 0 0 1 1 0 0 0 0 0 5 0 18 1 0 3 5 9 13 0 0 1 1 2 47 3 4 6 9 0 0 5 1 0 0 0 0 0 5 0 0 0 4 0 1 0 2 0 0 9 42 16 14 29 33 69 19 4 18 0 0 0 0 0 0 0 0 0 0 5 10 72 17 0 0 0 4 0 0 0 0 0 0 0 0 0 0 0 0 0 0 0 0 0 0 0
0 0 4 0 0 0 0 0 0 0 0 0 0 3 0 0 1 4 0 1 0 0 1 0 1 0 0 0 0 1 0 2 1 3 1 2 6 4 2 0 0 0 0 0 0 22 23 38 7 44 54 4 0 0 0 1 1 6 0 0 0 0 0 0 0 0 0 2 0 0 0 1 66 29 2 2 0 0 0 0 0 4 37 70 8 1 14 0 0 0 0 0 0 2 0 0 1 0 0 2 0 0 1 34 21 4 3 1 4 9 0 28 12 0 0 0 0 0 0 0 0 0 21 32 2 2 11 33 0 0 0 0 0 0 0 0 0 0 0 0 0 0 0 0 0 0 0 0 0 0
0 0 0 0 0 0 0 0 0 0 0 0 0 0 1 0 0 0 0 0 0 0 0 0 0 0 0 0 0 0 0 1 1 13 17 0 1 87 0 0 0 0 0 7 3 24 46 2 6 10 49 6 14 5 5 1 0 10 3 0 0 0 0 0 11 0 0 4 2 5 1 2 4 154 36 5 0 0 0 0 0 0 2 41 11 3 0 0 0 16 0 1 0 2 0 0 3 2 0 8 4 2 1 17 385 0 0 2 0 0 0 1 1 0 0 0 0 0 0 0 0 0 1 0 0 3 14 3 0 0 0 0 0 0 0 0 0 0 0 0 0 0 0 0 0 0 0 0 0 0
0 0 0 0 0 0 0 0 0 0 0 0 0 0 1 0 0 0 1 0 0 0 1 1 1 0 0 2 0 0 0 0 5 8 15 0 0 22 0 0 1 0 0 6 40 7 2 0 4 2 25 5 0 0 0 0 1 0 0 0 1 0 0 0 6 2 0 1 8 0 1 16 2 1 0 1 67 0 0 0 0 0 41 1 0 6 0 3 0 4 0 0 2 1 2 0 0 4 3 2 2 11 6 50 112 90 0 5 0 0 0 1 2 2 5 5 0 0 0 0 0 0 0 0 0 6 5 11 0 0 0 0 0 0 0 0 1 12 0 0 0 0 0 0 0 0 0 0 0 0
0 0 0 0 0 0 0 0 0 0 0 0 0 0 6 0 0 16 0 0 0 1 0 0 0 0 0 4 0 0 0 1 0 3 5 0 0 1 0 0 0 8 30 9 30 10 5 0 1 1 11 1 1 0 0 0 0 0 0 0 0 0 0 0 5 1 0 0 7 0 7 4 0 0 1 1 5 0 0 0 0 0 11 1 0 1 1 6 4 1 2 0 0 0 0 3 0 1 0 1 8 4 0 3 16 181 22 0 0 0 0 0 0 1 21 3 0 0 0 1 0 0 0 0 4 48 4 0 0 0 0 0 0 0 0 0 0 3 0 0 0 0 0 0 0 0 0 0 0 0
0 0 0 0 0 0 0 0 0 0 0 0 0 0 1 1 10 7 0 1 0 4 8 2 0 0 0 3 0 1 3 2 0 15 3 1 0 6 1 7 14 115 10 62 79 2 3 0 3 1 1 14 14 0 0 0 0 0 0 0 0 0 0 0 0 0 0 1 7 13 22 11 4 5 0 0 1 4 0 0 0 0 0 0 0 0 0 1 20 1 0 0 0 0 0 0 0 0 0 0 0 16 9 2 23 554 307 9 1 0 0 0 0 2 0 0 5 139 26 3 0 0 0 27 43 15 40 70 32 6 0 0 0 0 1 2 2 1 0 0 0 0 0 0 0 0 0 0 0 0
0 0 0 0 0 0 0 0 0 2 0 2 5 0 7 0 19 61 1 4 0 3 1 0 0 0 0 3 13 2 0 3 0 3 2 6 4 10 30 67 211 474 142 110 77 11 0 0 0 2 0 1 20 17 0 0 0 0 0 0 0 0 0 0 0 0 0 0 0 0 10 15 9 0 140 46 0 17 0 0 0 3 1 0 2 0 0 0 6 2 2 0 0 6 4 4 1 0 0 0 0 0 7 5 96 125 133 361 3 0 0 0 0 0 0 1 54 12 9 0 0 0 406 26 139 58 355 253 3 11 0 0 0 5 0 2 0 0 0 0 0 0 0 0 0 0 0 0 0 0
0 0 0 0 0 0 0 1 3 10 7 9 26 1 0 0 4 4 0 0 0 1 4 20 2 0 3 0 0 0 0 1 0 12 21 3 3 3 212 141 510 563 298 288 38 1 2 2 2 0 1 0 14 58 4 2 0 0 0 0 0 0 0 0 0 0 0 0 0 0 10 2 0 0 0 0 0 1 2 0 0 0 0 0 1 0 0 0 1 1 1 2 0 15 11 12 0 0 0 0 0 7 4 0 1 34 0 42 7 0 0 0 0 0 25 29 221 217 16 19 5 11 1 28 17 17 210 256 127 122 15 19 18 44 0 0 0 0 0 0 0 0 0 0 0 0 0 0 0 0
0 0 0 0 0 0 2 1 6 0 3 1 2 0 0 0 0 0 5 9 0 4 54 14 0 0 0 1 0 0 1 0 1 1 2 6 4 8 17 41 334 173 239 200 16 7 7 2 4 1 0 0 3 4 0 19 0 0 0 0 0 0 0 0 0 0 0 0 4 0 1 1 0 0 0 0 2 4 3 0 0 7 6 2 18 1 0 0 8 11 3 0 3 6 0 0 6 1 1 1 1 1 1 2 1 0 0 0 24 0 0 1 2 0 26 447 234 349 54 61 27 15 19 8 0 2 6 41 0 21 1 328 329 12 7 2 0 0 0 0 0 0 0 0 0 0 0 0 0 0
0 0 0 0 0 0 0 3 0 1 4 1 2 2 0 2 0 0 8 5 115 59 17 0 0 0 0 0 0 4 0 1 13 20 1 2 0 4 0 54 263 193 171 197 158 5 2 0 3 0 0 0 3 0 1 2 0 0 0 0 0 0 0 0 0 0 0 0 0 0 1 0 0 0 0 0 0 0 2 1 5 17 6 99 12 0 0 0 1 0 0 0 1 0 2 0 2 1 0 1 0 0 0 0 1 2 1 3 81 81 192 407 31 48 213 538 251 111 52 170 19 68 10 0 31 13 11 45 0 0 2 66 128 26 46 2 0 0 0 0 0 0 0 0 0 0 0 0 0 0
0 0 1 0 0 0 0 0 0 4 0 2 2 3 0 1 0 2 3 6 35 0 0 0 0 0 0 0 0 1 0 5 2 2 0 1 0 0 2 5 19 59 13 8 0 0 0 0 0 0 0 1 12 1 1 0 7 1 0 0 0 0 0 0 0 0 0 0 0 0 0 0 0 0 0 14 1 12 1 0 1 7 6 1 0 0 0 0 0 0 2 1 3 4 1 1 1 0 0 0 3 0 0 0 0 4 1 3 51 70 41 41 17 114 865 285 158 133 39 211 46 6 0 5 1 9 3 0 0 0 29 355 0 0 1 0 0 0 0 0 0 0 0 0 0 0 0 0 0 0
0 0 0 0 0 4 9 7 0 2 0 0 0 1 4 0 1 2 8 13 9 0 0 0 0 0 0 0 1 0 22 1 1 1 1 1 9 0 3 0 4 8 2 1 2 0 0 0 0 0 0 1 131 6 2 10 5 0 0 0 0 0 0 0 0 0 0 0 0 0 0 0 0 0 0 0 2 1 1 0 0 0 0 0 0 0 0 0 2 0 0 0 2 3 2 0 1 7 0 0 1 0 0 0 0 0 3 36 18 1 1 4 155 86 187 232 36 211 47 54 179 0 0 0 0 0 0 0 0 0 0 48 7 0 0 0 0 0 0 0 0 0 0 0 0 0 0 0 0 0
0 0 0 1 1 2 5 0 0 1 3 0 2 5 3 8 19 5 3 1 0 0 3 1 0 0 0 8 6 1 28 39 2 0 0 1 0 1 1 0 6 10 13 2 0 0 1 0 0 0 1 5 61 52 1 21 1 0 0 0 0 0 0 0 0 0 0 0 0 0 0 0 0 0 0 0 3 3 0 0 0 1 0 0 0 0 0 0 5 1 8 0 10 18 0 45 0 0 0 3 4 0 0 2 0 0 1 62 318 6 0 0 0 2 1 1 45 46 239 231 25 0 0 0 0 1 0 0 0 0 0 0 60 1 0 0 0 0 0 0 0 0 0 0 0 0 0 0 0 0
1 0 0 0 2 0 2 11 0 0 1 5 4 1 0 50 37 6 0 0 0 0 1 0 2 2 2 13 0 2 4 1 6 3 0 0 0 1 0 1 3 2 1 0 0 0 1 0 0 0 0 11 2 6 9 0 0 0 0 0 0 0 0 0 0 0 0 0 0 0 0 0 0 0 0 0 3 13 0 0 0 0 2 0 0 0 0 0 17 0 2 0 0 5 0 0 0 0 0 1 0 0 11 0 3 5 32 11 64 0 0 0 0 0 1 1 0 12 38 159 181 65 0 0 3 37 0 0 0 34 25 3 19 5 0 0 0 0 0 0 0 0 0 0 0 0 0 0 0 0
0 0 0 0 0 0 3 0 0 2 14 1 2 2 111 18 11 7 11 42 0 0 0 1 1 4 1 0 1 0 0 0 4 2 2 1 0 0 0 10 0 43 8 0 2 1 11 0 0 0 3 16 8 8 12 2 2 0 0 0 0 0 0 0 0 0 0 0 0 0 0 0 0 0 0 0 0 17 63 2 0 3 0 0 0 0 0 40 4 1 0 1 0 10 0 1 0 0 0 31 17 4 10 5 0 3 12 10 32 3 0 0 0 2 17 29 81 226 29 138 254 77 0 3 146 16 0 0 0 29 58 0 0 0 0 0 0 0 0 0 0 0 0 0 0 0 0 0 0 0
0 0 5 0 0 0 2 3 2 3 6 29 13 2 0 1 1 7 0 1 3 0 0 3 2 0 3 0 4 0 0 0 0 1 3 0 0 0 1 0 0 96 6 1 1 1 0 0 0 0 1 16 7 1 0 8 0 0 0 0 0 0 0 0 0 0 0 0 0 0 0 0 0 0 0 0 0 4 13 0 0 0 0 0 0 0 1 10 0 0 5 0 0 22 0 0 0 0 2 0 0 0 0 13 2 0 2 14 12 97 0 0 0 0 118 340 587 224 13 16 50 49 113 144 67 4 0 0 1 214 70 0 0 0 0 0 0 0 0 0 0 0 0 0 0 0 0 0 0 0
0 0 2 0 0 0 5 1 0 0 3 15 1 0 0 0 0 0 1 3 0 0 1 0 2 0 0 2 6 0 0 0 0 0 0 0 0 0 5 0 0 0 0 0 2 3 0 0 0 0 1 24 2 2 0 0 0 0 2 1 0 0 0 0 0 0 0 0 0 0 0 0 0 0 0 0 0 1 36 15 3 6 7 0 0 0 0 0 0 0 0 0 0 2 0 0 0 0 0 0 1 0 2 2 3 2 4 4 24 1 0 3 12 11 12 13 0 19 259 173 17 132 216 221 210 91 33 78 378 711 295 14 0 0 0 0 0 0 0 0 0 0 0 0 0 0 0 0 0 0
0 0 2 0 0 0 1 1 0 3 18 1 1 15 3 0 0 0 1 0 0 0 0 0 0 4 8 1 0 0 0 6 14 6 1 0 0 0 0 1 1 1 1 1 1 1 5 0 1 0 2 208 10 3 6 0 7 0 0 3 0 0 0 0 0 0 0 0 0 0 0 0 0 0 0 0 4 4 23 1 0 20 1 0 0 0 0 0 1 0 0 3 0 5 3 11 5 0 0 0 6 0 2 39 8 0 0 0 80 20 2 7 28 9 3 28 5 105 191 456 348 413 473 213 908 481 578 320 453 418 281 6 0 0 0 0 0 0 0 0 0 0 0 0 0 0 0 0 0 0
0 0 0 0 2 2 1 0 3 2 0 13 0 1 3 11 4 2 0 1 0 0 0 0 3 4 3 0 0 0 0 0 0 1 6 0 0 0 2 0 0 0 0 0 0 0 0 0 7 37 381 421 14 69 18 0 2 0 0 0 4 2 0 0 0 0 0 0 0 0 0 0 0 0 0 2 2 0 3 1 0 0 0 0 0 0 0 0 1 3 0 0 19 0 0 1 0 0 3 6 3 0 2 0 9 5 6 26 1 3 4 2 10 5 2 2 2 12 170 815 853 443 127 746 827 458 57 331 480 34 11 36 0 0 0 0 0 0 0 0 0 0 0 0 0 0 0 0 0 0
0 1 1 4 2 1 0 0 8 0 1 0 0 1 1 0 1 0 0 0 0 0 0 0 3 1 0 0 0 0 1 12 6 1 0 2 3 0 0 0 0 0 0 0 0 0 0 0 2 17 300 417 291 323 19 6 0 2 6 1 1 0 0 0 0 0 0 0 0 0 0 0 0 0 0 0 0 0 0 6 0 0 0 0 0 0 0 15 37 0 0 12 7 0 0 0 0 0 0 2 20 0 6 6 2 67 288 3 4 0 0 29 0 14 3 5 1 3 92 330 182 348 156 1573 1138 268 140 96 1 297 379 332 0 0 0 0 0 0 0 0 0 0 0 0 0 0 0 0 0 0
0 0 1 5 1 0 4 6 0 1 3 157 1 0 0 0 0 0 0 0 0 0 0 0 1 0 0 0 0 0 0 12 25 5 0 2 0 3 0 0 0 0 0 0 0 1 0 0 1 3 89 256 485 238 116 11 0 4 1 4 1 0 0 0 0 0 0 0 0 0 0 0 0 0 0 0 0 0 0 6 0 0 5 0 0 0 0 5 8 0 1 13 43 0 0 0 0 0 0 1 6 21 5 16 8 6 4 4 0 0 0 0 2 3 3 10 4 5 4 22 127 96 182 301 535 425 204 265 162 318 255 83 0 0 0 0 0 0 0 0 0 0 0 0 0 0 0 0 0 0
3 124 0 7 0 7 10 3 2 0 1 1 0 0 0 0 0 0 0 0 0 1 0 0 0 0 0 0 0 0 1 0 0 7 0 0 0 0 0 0 0 0 0 0 0 2 4 1 0 0 41 89 133 3 16 4 0 0 2 1 1 0 0 0 0 0 0 0 0 0 0 0 0 0 0 0 0 0 0 0 0 0 0 0 0 0 11 60 3 1 1 110 84 12 1 0 0 0 0 10 21 2 9 98 19 0 0 0 14 1 0 0 2 0 7 1 2 9 8 5 103 479 211 248 107 345 488 864 145 81 26 46 0 0 0 0 0 0 0 0 0 0 0 0 0 0 0 0 0 0
0 1 4 0 8 1 11 34 9 3 14 6 1 0 0 0 0 0 0 0 0 0 0 0 0 0 0 0 0 1 0 0 0 0 0 0 0 1 0 0 2 0 0 0 0 0 0 2 3 2 1 15 43 8 20 0 0 42 60 0 0 1 0 0 0 0 0 0 0 0 0 0 0 0 0 0 0 0 0 0 0 2 2 6 4 7 0 0 7 24 50 81 86 1 0 0 0 0 6 3 16 132 115 295 142 39 11 2 3 6 0 0 1 0 0 2 5 20 13 209 184 338 1214 1276 402 118 1188 1342 810 0 0 0 0 0 0 0 0 0 0 0 0 0 0 0 0 0 0 0 0 0
0 0 8 0 6 11 1 24 8 2 0 0 0 0 0 0 0 0 0 0 0 0 0 0 0 0 0 0 2 0 0 0 0 0 0 0 0 0 0 0 0 1 0 0 0 0 0 0 0 42 0 3 30 0 4 0 0 0 47 10 2 0 0 0 0 0 0 0 0 0 0 0 0 0 0 0 0 0 0 0 0 1 0 1 0 0 1 0 3 17 16 41 64 11 12 1 0 0 0 193 152 154 267 137 104 11 53 6 0 5 4 3 0 0 2 0 3 255 166 289 270 6 6 100 44 250 174 327 326 0 56 6 0 0 0 0 0 0 0 0 0 0 0 0 0 0 0 0 0 0
3 10 59 0 118 122 23 6 0 3 0 0 1 2 0 0 0 0 0 0 0 0 0 0 0 0 0 0 0 0 0 0 0 0 0 0 0 0 0 0 2 1 1 0 0 1 0 0 0 0 0 3 8 0 0 0 0 1 0 15 1 2 0 0 0 0 0 0 0 0 0 0 0 0 0 0 0 0 0 0 19 51 0 0 18 1 95 2 0 1 1 1 2 1 0 0 0 0 0 3 1 32 814 130 76 201 14 2 5 1 224 0 0 0 0 8 111 190 67 25 0 0 0 0 125 338 86 242 236 10 8 23 0 0 0 0 0 0 0 0 0 0 0 0 0 0 0 0 0 0
1 14 46 75 201 485 104 24 5 0 0 0 0 0 2 0 0 0 0 1 0 2 0 0 0 0 0 0 0 0 0 0 0 1 0 0 0 0 0 0 0 0 0 14 4 1 0 6 4 0 0 9 5 0 0 0 0 0 6 0 0 0 0 0 0 0 0 0 0 0 0 0 0 0 0 0 0 0 0 6 7 0 0 0 4 0 9 148 50 0 0 0 0 0 0 0 0 0 0 0 0 100 358 130 68 76 5 1 0 9 2 0 0 0 2 21 66 4 2 103 0 0 0 0 1 259 151 302 192 2 36 4 0 0 0 0 0 0 0 0 0 0 0 0 0 0 0 0 0 0
1 36 232 671 348 224 109 151 0 0 0 0 4 0 0 0 0 0 0 0 0 0 0 0 2 0 0 0 0 0 0 0 0 0 0 0 0 0 0 0 0 1 0 2 0 0 0 2 15 1 0 0 15 0 0 0 0 1 0 0 0 4 0 0 0 0 0 0 0 0 0 0 0 0 0 0 0 44 0 0 0 0 0 0 0 0 35 13 0 0 0 0 0 0 0 0 0 0 0 0 3 35 4 5 66 27 0 0 0 0 10 5 2 9 3 0 3 29 11 14 18 30 6 0 7 20 54 140 33 0 0 0 0 0 0 0 0 0 0 0 0 0 0 0 0 0 0 0 0 0
0 3 151 196 81 145 23 7 1 0 0 1 0 0 0 0 0 1 0 1 1 3 0 1 0 0 0 0 1 0 0 1 0 0 0 0 0 0 0 0 0 0 1 0 0 1 0 0 3 1 1 0 0 0 0 0 0 0 0 0 1 0 0 0 0 0 0 0 0 0 0 0 0 0 0 0 1 0 0 0 0 0 0 0 0 0 39 6 2 11 18 0 0 0 0 10 0 0 0 295 461 77 139 64 3 48 18 6 0 2 0 7 8 0 0 0 0 0 18 32 19 8 95 135 37 20 1 0 0 0 0 0 0 0 0 0 0 0 0 0 0 0 0 0 0 0 0 0 0 0
4 21 41 24 17 5 0 0 0 2 22 1 0 0 0 0 0 0 0 0 2 19 0 0 0 0 0 0 0 1 0 0 0 0 0 0 0 0 0 0 0 0 0 0 0 7 0 0 0 0 0 0 0 0 0 12 0 0 0 0 0 0 0 0 0 0 0 0 0 0 0 0 0 0 0 0 0 5 0 0 0 0 0 0 0 0 9 0 0 26 45 1 0 0 33 83 29 6 158 1195 365 212 27 10 0 8 30 64 0 3 13 0 0 0 0 0 0 1 10 10 34 32 71 7 10 17 15 2 64 28 1 0 0 0 0 0 0 0 0 0 0 0 0 0 0 0 0 0 0 0
16 2 5 1 1 0 0 0 0 0 0 0 1 0 0 0 0 0 0 3 2 3 0 0 0 0 0 0 0 2 0 0 0 3 6 0 0 0 0 0 0 0 0 0 1 0 1 1 0 0 0 0 0 0 47 9 17 0 0 0 0 0 0 0 0 0 0 0 0 0 0 0 0 0 9 6 0 0 0 0 0 0 0 0 0 0 2 0 0 0 68 28 2 7 52 169 33 7 62 130 11 38 13 1 2 0 0 81 219 61 0 0 0 3 16 0 0 0 0 0 14 0 0 1 15 34 9 35 245 45 42 0 0 0 0 0 0 0 0 0 0 0 0 0 0 0 0 0 0 0
7 0 4 0 0 1 2 0 0 0 0 0 0 0 0 0 0 0 0 0 0 1 0 0 0 0 0 0 0 0 6 27 1 0 0 0 0 0 0 0 0 0 0 2 1 0 0 0 0 0 0 0 2 0 5 1 0 0 0 0 0 0 0 0 0 0 0 0 0 0 0 0 0 0 7 34 0 0 0 0 0 0 0 0 0 0 25 21 131 30 55 8 3 7 1 28 5 3 0 3 7 1 0 0 0 6 101 131 66 15 0 0 0 0 3 0 0 5 0 0 0 3 2 10 16 64 22 174 70 169 12 0 0 0 0 0 0 0 0 0 0 0 0 0 0 0 0 0 0 0
0 1 0 1 3 0 0 0 0 0 0 0 0 0 0 0 0 0 0 0 0 0 0 0 0 0 0 0 0 0 0 0 0 0 0 0 0 0 0 0 0 0 0 0 0 1 0 0 0 0 0 1 2 22 7 0 0 0 0 0 0 0 0 0 0 0 0 0 0 0 0 6 0 4 0 0 0 0 0 0 0 0 0 0 0 0 1 0 66 1 0 0 0 2 0 13 0 0 1 0 0 4 0 4 3 125 301 185 13 26 0 0 0 0 0 0 0 0 22 7 0 12 1 19 11 16 56 5 3 104 0 1 0 0 0 0 0 0 0 0 0 0 0 0 0 0 0 0 0 0
0 0 0 1 0 0 0 0 0 0 0 0 0 0 0 0 0 0 0 0 0 0 0 3 0 0 0 1 0 0 0 1 0 0 0 0 0 0 0 0 0 0 0 0 0 1 0 0 0 0 3 0 5 35 13 2 69 0 0 0 0 0 0 0 0 0 0 0 0 0 1 0 1 0 0 0 0 0 0 0 0 0 0 0 0 0 4 0 0 0 0 0 0 5 0 0 0 0 5 1 1 0 0 0 14 35 20 6 12 56 0 0 0 0 0 0 0 0 0 11 0 14 4 35 21 34 108 8 7 15 4 0 0 0 0 0 0 0 0 0 0 0 0 0 0 0 0 0 0 0
0 0 0 0 2 17 0 0 0 0 0 0 0 0 0 0 0 0 0 0 0 0 0 0 0 0 1 0 0 0 0 7 0 0 0 0 0 0 0 0 0 0 1 1 0 0 0 0 0 0 4 0 2 0 2 1 0 0 0 0 0 0 0 0 0 0 0 1 0 1 0 0 0 0 0 0 0 0 0 0 0 0 0 0 0 0 0 0 1 1 0 10 35 8 2 0 0 0 0 2 4 6 12 6 26 2 0 2 1 21 3 0 0 0 0 0 0 0 0 0 2 0 0 6 0 0 0 183 4 32 0 0 0 0 0 0 0 0 0 0 0 0 0 0 0 0 0 0 0 0
0 0 0 0 47 17 0 0 0 0 0 0 0 0 0 0 0 0 0 0 0 0 0 0 0 0 1 0 1 0 3 0 0 0 0 0 0 0 0 0 0 0 0 6 0 0 0 0 0 0 0 0 0 1 1 1 0 6 0 0 0 0 0 0 0 0 0 0 3 0 1 0 2 0 0 0 0 0 0 0 0 0 0 0 0 0 0 0 26 16 70 120 65 25 0 0 0 0 0 5 7 337 232 25 1 24 0 0 0 11 0 0 0 0 0 0 0 0 0 0 0 0 0 0 0 0 42 16 0 0 0 0 0 0 0 0 0 0 0 0 0 0 0 0 0 0 0 0 0 0
0 0 0 0 0 0 0 0 0 0 0 0 0 3 0 0 1 0 0 0 0 0 0 0 0 0 0 0 0 1 0 0 0 0 0 0 0 0 0 0 0 0 0 0 3 1 0 0 0 0 0 0 0 0 3 0 0 0 0 0 0 0 0 0 0 0 0 0 54 0 0 0 0 0 0 0 0 0 0 0 0 0 0 0 0 0 2 0 91 36 116 96 50 10 14 0 3 2 0 38 45 36 17 5 0 0 0 0 0 0 6 0 0 0 0 0 0 0 0 0 0 55 80 0 0 8 2 0 0 0 0 0 0 0 0 0 0 0 0 0 0 0 0 0 0 0 0 0 0 0
1 0 0 0 0 0 1 0 0 0 0 0 6 5 0 0 0 0 0 0 0 0 0 0 0 0 1 0 0 26 0 0 0 0 1 0 0 0 0 0 1 0 0 0 1 1 1 0 0 0 0 0 0 7 3 0 0 0 0 0 0 0 0 0 0 0 2 4 147 0 0 0 0 0 0 0 0 0 0 0 0 0 0 1 1 7 14 0 0 5 0 0 8 0 4 0 0 0 0 6 29 0 0 0 0 0 0 2 1 21 24 14 0 0 0 0 0 0 0 0 0 0 0 0 30 0 0 1 0 0 0 0 0 0 0 0 0 0 0 0 0 0 0 0 0 0 0 0 0 0
0 0 0 0 0 0 0 1 0 0 0 0 0 0 2 1 1 0 0 0 0 0 0 0 0 0 1 1 0 5 0 0 0 0 1 0 0 0 0 0 0 0 1 0 1 1 0 0 0 2 2 0 0 1 3 2 0 0 0 0 0 0 0 0 0 1 1 26 6 0 0 0 0 0 0 0 0 0 0 0 0 0 0 1 48 0 1 0 1 11 3 0 2 0 0 0 2 3 5 3 8 8 2 0 2 0 0 4 28 62 100 156 15 1 0 0 0 0 0 0 0 0 0 0 0 0 0 0 0 0 0 0 0 0 0 0 0 0 0 0 0 0 0 0 0 0 0 0 0 0
0 0 0 0 0 0 8 0 0 0 0 1 0 0 0 0 0 0 0 0 0 0 0 0 0 0 0 0 0 1 0 0 0 0 0 0 0 0 0 0 0 0 0 0 0 0 0 1 2 0 0 0 0 0 1 16 47 2 1 0 0 0 0 0 0 2 21 105 2 0 0 0 6 0 0 0 0 0 0 0 0 0 0 10 15 0 0 0 16 0 10 3 6 0 0 6 9 17 2 0 0 0 1 2 3 2 15 1 25 34 87 27 2 1 19 0 0 0 0 0 0 0 0 0 0 0 0 0 0 0 0 0 0 0 0 0 0 0 0 0 0 0 0 0 0 0 0 0 0 0
0 0 0 0 0 0 0 0 0 0 0 10 0 0 0 0 2 0 0 0 0 0 0 0 0 0 0 0 0 0 0 0 0 0 0 0 1 0 0 0 0 0 0 0 0 2 1 7 34 0 3 0 0 0 2 0 14 6 14 14 3 0 0 2 1 0 0 0 0 2 0 0 0 0 0 0 0 0 0 0 0 0 0 0 0 0 0 7 2 0 0 0 0 3 5 141 3 0 0 0 0 1 1 0 5 34 198 560 241 41 9 0 2 2 0 0 0 0 0 0 0 0 0 0 0 0 0 0 0 0 0 0 0 0 0 0 0 0 0 0 0 0 0 0 0 0 0 0 0 0
0 0 2 0 1 27 1 1 0 0 0 0 0 0 0 0 0 0 0 0 0 0 0 0 0 0 0 0 0 0 4 0 0 0 0 1 0 0 1 0 0 0 0 0 1 0 7 5 0 1 0 0 0 2 2 0 0 0 0 1 0 0 0 2 1 0 6 2 9 7 1 16 0 0 0 0 0 0 0 0 0 0 0 0 0 0 0 0 0 1 9 29 1 1 116 7 0 0 0 0 0 4 0 24 11 45 73 329 68 67 34 94 19 0 0 0 0 0 0 0 0 0 0 0 0 0 0 0 0 0 0 0 0 0 0 0 0 0 0 0 0 0 0 0 0 0 0 0 0 0
0 0 0 0 14 27 1 0 1 15 0 0 0 0 0 0 1 0 0 0 0 0 0 0 0 0 0 0 0 1 0 0 0 0 0 0 0 9 0 2 0 1 1 0 0 0 16 3 4 0 4 0 0 2 2 0 0 0 0 1 0 0 1 0 0 8 0 1 0 0 0 0 1 1 0 0 0 0 0 0 0 0 0 0 0 0 0 0 0 0 0 0 2 6 5 14 143 0 0 0 0 0 0 16 62 218 1 0 123 25 0 2 1 0 0 0 0 0 0 0 0 0 0 0 0 0 0 0 0 0 0 0 0 0 0 0 0 0 0 0 0 0 0 0 0 0 0 0 0 0
0 0 0 0 0 1 0 0 2 0 0 0 0 1 0 0 0 1 0 0 0 0 0 0 0 0 0 0 0 0 0 1 0 0 0 0 0 0 0 0 0 2 0 3 0 0 1 1 0 1 0 0 0 1 1 0 0 0 6 2 0 0 0 0 0 0 0 0 0 0 1 1 0 0 0 0 0 0 0 0 0 0 0 0 0 0 0 0 0 0 0 5 10 6 12 78 124 0 0 0 0 0 0 3 7 0 0 0 0 0 14 19 0 0 0 0 0 0 0 0 0 0 0 0 0 0 0 0 0 0 0 0 0 0 0 0 0 0 0 0 0 0 4 13 4 0 0 0 0 0
0 0 1 0 0 1 0 0 0 0 0 0 1 0 0 0 0 0 0 0 0 0 0 0 0 0 0 0 0 0 0 0 0 0 0 0 0 0 0 0 0 0 0 0 0 0 0 0 0 1 2 5 8 0 0 0 0 0 2 0 2 0 0 0 0 0 0 0 0 0 1 1 0 0 0 0 0 0 0 0 0 0 0 0 0 0 0 0 15 1 2 3 81 149 19 0 1 0 0 0 0 0 4 0 0 0 0 3 0 25 160 0 0 0 0 0 0 0 0 0 0 0 0 0 0 0 0 0 0 0 0 0 0 0 0 0 0 0 0 0 0 0 0 0 0 0 0 0 0 0
0 0 0 0 1 0 0 0 0 0 0 0 0 1 0 0 0 0 0 0 0 0 0 0 0 0 0 0 0 0 0 0 0 0 0 0 0 0 0 0 0 0 0 0 0 0 0 0 0 0 3 6 3 0 0 0 0 0 4 2 1 0 0 0 0 0 0 0 0 0 0 0 1 0 0 0 0 0 0 0 0 0 0 0 0 0 0 0 0 0 0 13 199 0 0 7 6 0 0 0 0 0 0 0 0 0 0 1 16 1 5 1 0 0 0 0 0 0 0 0 0 0 0 0 0 0 0 0 0 0 0 0 0 0 0 0 0 0 0 0 0 0 0 0 0 0 0 0 0 0
1 0 0 0 0 0 0 0 0 0 0 0 1 0 0 0 0 0 1 1 0 0 0 1 1 0 0 0 0 0 0 0 0 0 0 0 0 0 0 0 0 0 0 0 0 0 0 0 0 0 0 3 0 0 0 0 0 0 0 2 2 0 0 0 0 0 0 0 0 0 1 29 2 0 0 0 0 0 0 0 0 0 0 0 0 0 0 0 0 1 6 4 2 2 1 1 0 0 0 0 0 0 0 0 0 0 0 0 0 0 0 0 0 0 0 0 0 0 0 0 0 0 0 0 0 0 0 0 0 0 0 0 0 0 0 0 0 0 0 0 0 0 0 0 0 0 0 0 0 0
0 0 0 0 0 0 0 0 0 0 0 0 0 0 0 0 0 0 0 0 0 0 2 13 0 0 0 0 0 0 0 0 0 0 0 0 0 0 0 0 0 0 0 0 0 0 0 0 0 0 0 10 1 0 0 0 0 0 0 0 0 23 1 0 0 0 0 0 0 0 0 1 1 0 1 0 0 0 0 0 0 0 0 0 0 0 0 0 0 2 0 9 4 3 34 0 0 0 0 0 0 0 0 0 0 0 0 0 0 0 0 0 0 0 0 0 0 0 0 0 0 0 0 0 0 0 0 0 0 0 0 0 0 0 0 0 0 0 0 0 0 0 0 0 0 0 0 0 0 0
0 0 0 0 0 0 0 0 0 0 0 0 0 0 0 0 0 0 0 0 0 0 0 0 0 0 0 0 0 0 0 0 0 0 0 0 0 0 0 0 0 0 0 0 0 0 0 0 0 0 0 14 15 0 1 2 2 0 0 0 1 11 63 0 0 0 0 0 0 0 0 0 0 0 2 0 0 0 0 0 0 0 0 0 0 0 0 0 0 0 2 1 1 6 6 1 0 0 0 0 0 0 0 0 0 0 0 0 0 0 0 0 0 0 0 0 0 0 0 0 0 0 0 0 0 0 0 0 0 0 0 0 0 0 0 0 0 0 0 0 0 0 0 0 0 0 0 0 0 0
0 0 0 0 0 0 0 0 0 0 0 0 0 1 0 0 0 0 0 0 0 1 0 0 0 0 0 0 0 1 0 0 0 0 0 0 0 0 0 0 0 0 0 0 0 0 0 0 0 0 1 38 72 1 15 0 1 0 0 0 0 1 0 0 0 0 0 0 0 0 0 0 0 0 0 0 0 0 0 0 0 0 0 0 0 0 0 0 0 0 0 3 3 8 1 1 0 0 1 0 0 0 0 0 0 0 0 0 0 0 0 0 0 0 0 0 0 0 0 0 0 0 0 0 0 0 0 0 0 0 0 0 0 0 0 0 0 0 0 0 0 0 0 0 0 0 0 0 0 0
0 0 0 0 0 0 0 0 0 0 0 0 6 10 0 1 1 0 0 0 0 1 0 0 0 0 1 0 0 0 0 0 0 0 0 0 0 0 0 0 0 0 0 0 0 0 0 0 1 0 0 14 233 1 6 0 0 0 0 0 0 2 1 0 0 0 0 0 0 0 0 0 0 0 0 0 0 0 0 0 0 0 0 0 0 0 0 0 0 0 0 3 2 1 1 0 2 1 0 106 0 0 0 0 0 0 0 0 0 0 0 0 0 0 0 0 0 0 0 0 0 0 0 0 0 0 0 0 0 0 0 0 0 0 0 0 0 0 0 0 0 0 0 0 0 0 0 0 0 0
0 0 0 0 0 0 0 0 0 1 0 0 0 0 0 0 0 0 0 0 0 0 0 0 0 0 0 0 0 0 0 0 0 0 0 0 0 0 0 0 0 0 0 0 0 0 0 2 0 0 0 52 7 0 0 0 0 0 0 0 5 1 0 1 0 0 0 0 0 0 0 0 0 0 0 0 0 0 0 0 0 0 0 0 0 0 0 0 0 0 0 0 0 0 0 2 14 0 0 0 0 0 0 0 0 0 0 0 0 0 0 0 0 0 0 0 0 0 0 0 0 0 0 0 0 0 0 0 0 0 0 0 0 0 0 0 0 0 0 0 0 0 0 0 0 0 0 0 0 0
1 0 1 0 0 0 0 0 0 0 2 0 0 0 0 0 0 0 0 0 0 0 0 0 0 1 0 0 0 0 0 0 0 0 5 2 1 0 0 0 0 0 0 0 0 1 1 8 0 0 0 0 0 0 0 0 0 0 0 0 1 0 1 0 0 0 0 0 0 0 0 0 0 0 0 0 0 0 0 0 0 0 0 0 0 0 0 0 0 0 0 0 0 0 0 1 3 7 0 0 0 0 0 0 0 0 0 0 0 0 0 0 0 0 0 0 0 0 0 0 0 0 0 0 0 0 0 0 0 0 0 0 0 0 0 0 0 0 0 0 0 0 0 0 2 6 0 0 0 0
0 0 0 0 0 0 0 0 0 0 0 0 0 0 0 0 0 1 0 0 0 0 0 0 0 0 0 0 0 0 0 1 0 0 0 0 0 0 0 0 0 0 0 0 1 1 0 0 0 0 0 0 0 0 0 0 0 0 0 0 0 0 0 0 0 0 0 0 0 0 0 0 0 0 0 0 0 0 0 0 0 0 0 0 0 0 0 0 0 0 0 0 0 0 0 2 4 1 0 0 1 0 0 0 0 0 0 0 0 0 0 0 0 0 0 0 0 0 0 0 0 0 0 0 0 0 0 0 0 0 0 0 0 0 0 0 0 0 0 0 0 0 0 0 0 0 0 0 0 0
0 0 0 0 0 0 0 0 0 0 0 2 0 0 0 0 0 0 0 0 0 0 0 0 0 0 0 0 0 0 0 0 0 0 0 0 0 0 0 0 0 0 0 0 0 0 0 0 0 0 0 0 0 0 0 0 0 0 0 0 0 0 0 0 0 0 0 0 0 0 0 0 0 0 0 0 0 0 0 0 0 0 0 0 0 0 0 0 0 0 0 0 0 0 0 0 0 0 0 0 0 1 0 0 0 0 0 0 0 0 0 0 0 0 0 0 0 0 0 0 0 0 0 0 0 0 0 0 0 0 0 0 0 0 0 0 0 0 0 0 0 0 0 0 0 0 0 0 0 0
0 0 0 0 0 0 0 0 0 0 2 0 8 0 0 2 1 0 0 0 0 0 0 0 0 0 0 0 0 0 0 0 0 0 0 0 0 0 0 0 0 0 0 0 2 0 0 0 0 0 0 0 0 0 0 0 0 0 0 0 0 0 0 0 0 0 0 0 0 0 0 0 0 0 0 0 0 0 0 0 0 0 0 0 0 0 0 0 0 0 0 0 0 0 1 0 0 0 0 0 0 0 0 0 0 0 0 0 0 0 0 0 0 0 0 0 0 0 0 0 0 0 0 0 0 0 0 0 0 0 0 0 0 0 0 0 0 0 0 0 0 0 0 0 0 0 0 0 0 0
0 0 0 0 0 0 0 0 0 0 0 1 7 1 0 1 1 0 0 0 0 0 0 0 0 0 0 0 0 0 0 0 0 0 0 0 0 0 0 0 0 0 0 1 0 0 0 0 0 0 0 0 0 0 0 0 0 0 0 8 0 0 0 0 0 0 0 0 58 0 0 0 0 0 0 0 0 0 0 0 0 0 0 0 0 0 0 0 0 0 0 0 0 0 0 0 1 1 0 3 0 0 0 0 0 0 0 0 0 0 0 0 0 0 0 0 0 0 0 0 0 0 0 0 0 0 0 0 0 0 0 0 0 0 0 0 0 0 0 0 0 0 0 0 0 0 0 0 0 0
1 0 0 0 1 0 0 1 0 1 0 0 3 0 0 0 2 4 0 0 0 0 0 0 0 0 0 0 0 0 0 0 0 0 0 0 0 0 0 0 0 0 11 1 0 0 0 0 0 0 0 0 0 0 0 0 0 0 0 0 1 4 0 0 0 0 0 2 92 13 0 0 0 0 0 0 0 0 0 0 0 0 0 0 0 0 0 0 0 0 0 0 0 0 0 0 0 0 0 0 0 0 0 0 0 0 0 0 0 0 0 0 0 0 0 0 0 0 0 0 0 0 0 0 0 0 0 0 0 0 0 0 0 0 0 0 0 0 0 0 0 0 0 0 0 0 0 0 0 0
0 0 0 1 0 0 0 0 0 0 0 1 12 0 1 1 5 0 0 9 0 0 0 17 2 0 0 0 0 0 1 0 0 0 0 0 40 2 1 4 0 0 5 0 0 0 0 0 0 0 0 0 0 0 0 0 0 0 0 0 0 0 0 0 51 9 6 0 0 0 0 0 0 0 0 0 0 0 0 0 0 0 0 0 0 0 0 0 0 0 0 0 0 0 0 0 0 0 0 0 0 0 0 0 0 0 0 0 0 0 0 0 0 0 0 0 0 0 0 0 0 0 0 0 0 0 0 0 0 0 0 0 0 0 0 0 0 0 0 0 0 0 0 0 0 0 0 0 0 0
2 36 2 0 0 0 0 0 0 0 0 0 2 0 0 0 0 0 0 1 1 236 35 3 0 0 0 0 0 2 0 0 0 0 1 5 25 0 0 2 0 3 0 0 0 0 0 0 0 0 0 0 0 0 0 0 0 0 0 0 0 0 0 0 1 0 0 0 0 0 0 0 0 0 0 0 0 0 0 0 0 0 0 0 0 0 0 0 0 0 0 0 0 0 0 0 0 0 0 0 0 0 0 0 0 0 0 0 0 0 0 0 0 0 0 0 0 0 0 0 0 0 0 0 0 0 0 0 0 0 0 0 0 0 0 0 0 0 0 0 0 0 0 0 0 0 0 0 0 0
1 15 1 0 0 0 0 0 0 0 0 0 0 0 0 0 1 2 0 1 0 24 17 4 4 4 0 0 1 7 0 0 0 0 0 0 0 0 0 0 0 9 0 0 0 0 0 0 0 0 0 0 0 0 0 0 0 0 0 0 0 0 0 0 0 0 0 0 0 0 0 0 0 0 0 0 0 0 0 0 0 0 0 0 0 0 0 0 0 10 0 0 0 0 0 0 0 0 0 0 0 0 0 0 0 0 0 0 0 0 0 0 0 0 0 0 0 0 0 0 0 0 0 0 0 0 0 0 0 0 0 0 0 0 0 0 0 0 0 0 0 0 0 0 0 0 0 0 0 0
0 0 0 0 0 0 0 0 0 0 0 2 0 0 0 0 0 0 1 1 0 1 6 2 0 2 2 0 3 1 0 0 0 0 0 1 1 0 0 0 0 1 0 0 0 0 0 0 0 0 0 0 0 0 0 0 0 0 0 0 0 0 0 0 0 0 0 0 0 0 0 0 0 0 0 0 0 0 0 0 0 0 0 0 0 0 0 0 0 0 0 0 0 0 0 0 0 0 0 0 0 0 0 0 0 0 0 0 0 0 0 0 0 0 0 0 0 0 0 0 0 0 0 0 0 0 0 0 0 0 0 0 0 0 0 0 0 0 0 0 0 0 0 0 0 0 0 0 0 0
0 0 0 0 0 0 0 0 0 0 0 0 0 0 0 0 0 0 0 2 0 0 0 1 0 6 3 13 8 2 0 0 0 29 6 0 0 0 0 0 0 0 0 0 0 0 0 0 0 0 0 0 0 0 0 0 0 0 0 0 0 0 0 0 0 0 0 0 0 0 0 0 0 0 0 0 0 0 0 0 0 0 0 0 0 0 0 0 0 0 0 0 0 0 0 0 0 0 0 0 0 0 0 0 0 0 0 0 0 0 0 0 0 0 0 0 0 0 0 0 0 0 0 0 0 0 0 0 0 0 0 0 0 0 0 0 0 0 0 0 0 0 0 0 0 0 0 0 0 0
0 0 0 0 0 0 0 0 0 0 0 0 0 0 0 0 0 0 0 0 0 0 0 0 1 0 0 2 73 26 0 2 0 13 0 0 4 0 0 0 0 0 0 0 0 0 0 0 0 0 0 0 0 0 0 0 0 0 0 0 0 0 0 0 0 0 0 0 0 0 0 0 0 0 0 0 0 0 0 0 0 0 0 0 0 0 0 0 0 0 0 0 0 0 0 0 0 0 0 0 0 0 0 0 0 0 0 0 0 0 0 0 0 0 0 0 0 0 0 0 0 0 0 0 0 0 0 0 0 0 0 0 0 0 0 0 0 0 0 0 0 0 0 0 0 0 0 0 0 0
0 0 0 0 0 0 0 0 0 0 0 0 0 0 0 0 0 0 0 0 0 0 0 0 0 0 2 1 0 0 0 0 0 3 0 0 3 0 0 0 0 0 0 0 0 0 0 0 0 0 0 0 0 0 0 0 0 0 0 0 0 0 0 0 0 0 0 0 0 0 0 0 0 0 0 0 0 0 0 0 0 0 0 0 0 0 0 0 0 0 0 0 0 0 0 0 0 0 0 0 0 0 0 0 0 0 0 0 0 0 0 0 0 0 0 0 0 0 0 0 0 0 0 0 0 0 0 0 0 0 0 0 0 0 0 0 0 0 0 0 0 0 0 0 0 0 0 0 0 0
0 0 0 0 0 0 0 0 0 0 0 0 0 0 0 0 0 0 0 0 0 0 0 2 1 1 2 0 0 0 4 0 1 0 0 0 0 0 0 0 0 0 0 0 0 0 0 0 0 0 0 0 0 0 0 0 0 0 0 0 0 0 0 0 0 0 0 0 0 0 0 0 0 0 0 0 0 0 0 0 0 0 0 0 0 0 0 0 0 0 0 0 0 0 0 0 0 0 0 0 0 0 0 0 0 0 0 0 0 0 0 0 0 0 0 0 0 0 0 0 0 0 0 0 0 0 0 0 0 0 0 0 0 0 0 0 0 0 0 0 0 0 0 0 0 0 0 0 0 0
0 0 0 0 0 0 0 0 0 0 0 0 0 4 0 0 0 0 0 0 0 0 0 0 0 0 0 0 0 0 0 0 6 0 0 0 0 0 0 0 0 0 0 0 0 0 0 0 0 0 0 0 0 0 0 0 0 0 0 0 0 0 0 0 0 0 0 0 0 0 0 0 0 0 0 0 0 0 0 0 0 0 0 0 0 0 0 0 0 0 0 0 0 0 0 0 0 0 0 0 0 0 0 0 0 0 0 0 0 0 0 0 0 0 0 0 0 0 0 0 0 0 0 0 0 0 0 0 0 0 0 0 0 0 0 0 0 0 0 0 0 0 0 0 0 0 0 0 0 0
0 0 0 0 0 0 0 0 1 0 1 0 0 0 0 0 0 0 0 0 0 0 0 0 0 0 0 9 0 4 1 0 0 0 0 0 0 0 0 0 0 0 0 0 0 0 0 0 0 0 0 0 0 0 0 0 0 0 0 0 0 0 0 0 0 0 0 0 0 0 0 0 0 0 0 0 0 0 0 0 0 0 0 0 0 0 0 0 0 0 0 0 0 0 0 0 0 0 0 0 0 0 0 0 0 0 0 0 0 0 0 0 0 0 0 0 0 0 0 0 0 0 0 0 0 0 0 0 0 0 0 0 0 0 0 0 0 0 0 0 0 0 0 0 0 0 0 0 0 0
0 0 0 0 0 0 0 0 0 1 0 0 0 0 0 0 0 0 0 0 0 0 0 0 0 0 0 3 2 0 0 0 0 0 0 0 0 0 0 0 0 0 0 0 0 0 0 0 0 0 0 0 0 0 0 0 0 0 0 0 0 0 0 0 0 0 0 0 0 0 0 0 0 0 0 0 0 0 0 0 0 0 0 0 0 0 0 0 0 0 0 0 0 0 0 0 0 0 0 0 0 0 0 0 0 0 0 0 0 0 0 0 0 0 0 0 0 0 0 0 0 0 0 0 0 0 0 0 0 0 0 0 0 0 0 0 0 0 0 0 0 0 0 0 0 0 0 0 0 0
0 0 0 0 0 0 0 0 0 0 1 1 0 1 0 0 0 0 0 0 0 0 0 0 0 0 0 0 0 0 0 0 0 0 0 0 0 0 0 0 0 0 0 0 0 0 0 0 0 0 0 0 0 0 0 0 0 0 0 0 0 0 0 0 0 0 0 0 0 0 0 0 0 0 0 0 0 0 0 0 0 0 0 0 0 0 0 0 0 0 0 0 0 0 0 0 0 0 0 0 0 0 0 0 0 0 0 0 0 0 0 0 0 0 0 0 0 0 0 0 0 0 0 0 0 0 0 0 0 0 0 0 0 0 0 0 0 0 0 0 0 0 0 0 0 0 0 0 0 0
0 0 0 0 0 0 0 0 0 0 1 0 0 0 0 0 0 0 0 0 0 0 0 0 0 0 0 0 0 0 0 0 0 0 0 0 0 0 0 0 0 0 0 0 0 0 0 0 0 0 0 0 0 0 0 0 0 0 0 0 0 0 0 0 0 0 0 0 0 0 0 0 0 0 0 0 0 0 0 0 0 0 0 0 0 0 0 0 0 0 0 0 0 0 0 0 0 0 0 0 0 0 0 0 0 0 0 0 0 0 0 0 0 0 0 0 0 0 0 0 0 0 0 0 0 0 0 0 0 0 0 0 0 0 0 0 0 0 0 0 0 0 0 0 0 0 0 0 0 0
0 0 0 0 0 0 0 0 1 0 4 0 0 0 0 0 0 0 0 0 0 0 0 0 0 0 0 0 0 0 0 0 0 0 0 0 0 0 0 0 0 0 0 0 0 0 0 0 0 0 0 1 0 0 0 2 0 0 0 0 0 0 0 0 0 0 0 0 0 0 0 0 0 0 0 0 0 0 0 0 0 0 0 0 0 0 0 0 0 0 0 0 0 0 0 0 0 0 0 0 0 0 0 0 0 0 0 0 0 0 0 0 0 0 0 0 0 0 0 0 0 0 0 0 0 0 0 0 0 0 0 0 0 0 0 0 0 0 0 0 0 0 0 0 0 0 0 0 0 0
0 0 0 2 0 0 0 0 10 19 0 0 0 0 0 0 0 0 0 0 0 0 0 0 0 0 0 0 0 0 0 0 0 0 0 0 0 0 0 0 0 0 0 0 0 0 0 0 0 0 0 2 0 0 0 0 0 0 0 0 0 0 0 0 0 0 0 0 0 0 0 0 0 0 0 0 0 0 0 0 0 0 0 0 0 0 0 0 0 0 0 0 0 0 0 0 0 0 0 0 0 0 0 0 0 0 0 0 0 0 0 0 0 0 0 0 0 0 0 0 0 0 0 0 0 0 0 0 0 0 0 0 0 0 0 0 0 0 0 0 0 0 0 0 0 0 0 0 0 0
1 0 0 0 0 6 26 5 4 2 0 0 0 0 0 0 0 0 0 0 0 0 0 0 0 0 0 0 0 0 0 0 0 0 0 0 0 0 0 0 0 0 0 0 0 0 0 0 0 32 36 0 0 0 0 0 0 0 0 0 0 0 0 0 0 0 0 0 0 0 0 0 0 0 0 0 0 0 0 0 0 0 0 0 0 0 0 0 0 0 0 0 0 0 0 0 0 0 0 0 0 0 0 0 0 0 0 0 0 0 0 0 0 0 0 0 0 0 0 0 0 0 0 0 0 0 0 0 0 0 0 0 0 0 0 0 0 0 0 0 0 0 0 0 0 0 0 0 0 0
0 0 0 0 0 0 15 20 0 0 0 0 0 0 0 0 0 0 0 0 0 0 0 0 0 0 0 0 0 0 0 0 0 0 0 0 0 0 0 0 0 0 0 0 0 0 0 0 1 0 0 0 0 0 0 0 0 0 0 0 0 0 0 0 0 0 0 0 0 0 0 0 0 0 0 0 0 0 0 0 0 0 0 0 0 0 0 0 0 0 0 0 0 0 0 0 0 0 0 0 0 0 0 0 0 0 0 0 0 0 0 0 0 0 0 0 0 0 0 0 0 0 0 0 0 0 0 0 0 0 0 0 0 0 0 0 0 0 0 0 0 0 0 0 0 0 0 0 0 0
0 0 0 0 0 0 0 0 0 0 0 0 0 0 0 0 0 0 0 0 0 0 0 0 0 0 0 0 0 0 0 0 0 0 0 0 0 0 0 0 0 0 0 0 0 0 0 0 0 0 0 0 7 33 0 0 0 0 0 0 0 0 0 0 0 0 0 0 0 0 0 0 0 0 0 0 0 0 0 0 0 0 0 0 0 0 0 0 0 0 0 0 0 0 0 0 0 0 0 0 0 0 0 0 0 0 0 0 0 0 0 0 0 0 0 0 0 0 0 0 0 0 0 0 0 0 0 0 0 0 0 0 0 0 0 0 0 0 0 0 0 0 0 0 0 0 0 0 0 0
0 0 0 0 0 0 0 0 0 0 0 0 0 0 0 0 0 0 0 0 0 0 0 0 0 0 0 0 0 0 0 0 0 0 0 0 0 0 0 0 0 0 0 0 0 0 0 0 0 0 0 0 4 3 0 0 0 0 0 0 0 0 0 0 0 0 0 0 0 0 0 0 0 0 0 0 0 0 0 0 0 0 0 0 0 0 0 0 0 0 0 0 0 0 0 0 0 0 0 0 0 0 0 0 0 0 0 0 0 0 0 0 0 0 0 0 0 0 0 0 0 0 0 0 0 0 0 0 0 0 0 0 0 0 0 0 0 0 0 0 0 0 0 0 0 0 0 0 0 0
0 0 0 0 0 0 0 0 0 0 0 0 0 0 0 0 0 0 0 0 0 0 0 0 0 0 0 0 0 0 0 0 0 0 0 0 0 0 0 0 0 0 0 0 0 0 0 0 0 0 0 2 0 0 0 0 0 0 0 0 0 0 0 0 0 0 0 0 0 0 0 0 0 0 0 0 0 0 0 0 0 0 0 0 0 0 0 0 0 0 0 0 0 0 0 0 0 0 0 0 0 0 0 0 0 0 0 0 0 0 0 0 0 0 0 0 0 0 0 0 0 0 0 0 0 0 0 0 0 0 0 0 0 0 0 0 0 0 0 0 0 0 0 0 0 0 0 0 0 0
0 0 0 0 0 0 0 0 0 0 0 0 0 0 0 0 0 0 0 0 0 0 0 0 0 0 0 0 0 0 0 0 0 0 0 0 0 0 0 0 0 0 0 0 0 0 0 0 0 0 0 0 0 0 0 0 0 0 0 0 0 0 0 0 0 0 0 0 0 0 0 0 0 0 0 0 0 0 0 0 0 0 0 0 0 0 0 0 0 0 0 0 0 0 0 0 0 0 0 0 0 0 0 0 0 0 0 0 0 0 0 0 0 0 0 0 0 0 0 0 0 0 0 0 0 0 0 0 0 0 0 0 0 0 0 0 0 0 0 0 0 0 0 0 0 0 0 0 0 0
0 0 0 0 0 0 0 0 0 0 0 0 0 0 0 0 0 0 0 0 0 0 0 0 0 0 0 0 0 0 1 0 0 0 1 0 0 0 0 0 0 0 0 0 0 0 0 0 0 0 0 0 0 0 0 0 0 0 0 0 0 0 0 0 0 0 0 0 0 0 0 0 0 0 0 0 0 0 0 0 0 0 0 0 0 0 0 0 0 0 0 0 0 0 0 0 0 0 0 0 0 0 0 0 0 0 0 0 0 0 0 0 0 0 0 0 0 0 0 0 0 0 0 0 0 0 0 0 0 0 0 0 0 0 0 0 0 0 0 0 0 0 0 0 0 0 0 0 0 0
0 0 0 0 0 0 0 0 0 0 0 0 0 0 0 0 0 0 0 0 0 0 0 0 0 0 0 0 0 0 5 6 0 0 0 0 0 0 0 0 0 0 0 0 0 0 0 0 0 0 0 0 0 0 0 0 0 0 0 0 0 0 0 0 0 0 0 0 0 0 0 0 0 0 0 0 0 0 0 0 0 0 0 0 0 0 0 0 0 0 0 0 0 0 0 0 0 0 0 0 0 0 0 0 0 0 0 0 0 0 0 0 0 0 0 0 0 0 0 0 0 0 0 0 0 0 0 0 0 0 0 0 0 0 0 0 0 0 0 0 0 0 0 0 0 0 0 0 0 0
0 0 0 0 0 0 0 0 0 0 0 0 0 0 0 0 0 0 0 0 0 0 0 0 0 0 0 0 0 0 2 1 0 0 0 0 0 0 0 0 0 0 0 0 0 0 0 0 1 0 0 0 0 0 0 0 0 0 0 0 0 0 0 0 0 0 0 0 0 0 0 0 0 0 0 0 0 0 0 0 0 0 0 0 0 0 0 0 0 0 0 0 0 0 0 0 0 0 0 0 0 0 0 0 0 0 0 0 0 0 0 0 0 0 0 0 0 0 0 0 0 0 0 0 0 0 0 0 0 0 0 0 0 0 0 0 0 0 0 0 0 0 0 0 0 0 0 0 0 0
0 0 0 0 0 0 0 0 0 0 0 0 0 0 0 0 0 0 0 0 0 0 0 0 0 0 4 0 1 4 0 0 0 0 0 0 4 0 0 0 0 0 0 0 0 0 0 0 0 0 0 0 0 0 0 0 0 0 0 0 0 0 0 0 0 0 0 0 0 0 0 0 0 0 0 0 0 0 0 0 0 0 0 0 0 0 0 0 0 0 0 0 0 0 0 0 0 0 0 0 0 0 0 0 0 0 0 0 0 0 0 0 0 0 0 0 0 0 0 0 0 0 0 0 0 0 0 0 0 0 0 0 0 0 0 0 0 0 0 0 0 0 0 0 0 0 0 0 0 0
0 0 0 0 0 0 0 0 0 0 0 0 0 0 0 0 0 0 0 0 0 0 0 0 0 0 0 0 0 101 55 0 0 0 0 0 0 0 0 0 0 0 0 0 0 0 0 0 0 0 0 0 0 0 0 0 0 0 0 0 0 0 0 0 0 0 0 0 0 0 0 0 0 0 0 0 0 0 0 0 0 0 0 0 0 0 0 0 0 0 0 0 0 0 0 0 0 0 0 0 0 0 0 0 0 0 0 0 0 0 0 0 0 0 0 0 0 0 0 0 0 0 0 0 0 0 0 0 0 0 0 0 0 0 0 0 0 0 0 0 0 0 0 0 0 0 0 0 0 0
0 0 0 0 0 0 0 0 0 0 0 0 0 0 0 0 0 0 0 0 0 0 0 0 0 0 1 0 0 0 0 0 0 0 0 0 0 0 0 0 0 0 0 0 0 0 0 0 0 28 0 0 0 0 0 0 0 0 0 0 0 0 0 0 0 0 0 0 0 0 0 0 0 0 0 0 0 0 0 0 0 0 0 0 0 0 0 0 0 0 0 0 0 0 0 0 0 0 0 0 0 0 0 0 0 0 0 0 0 0 0 0 0 0 0 0 0 0 0 0 0 0 0 0 0 0 0 0 0 0 0 0 0 0 0 0 0 0 0 0 0 0 0 0 0 0 0 0 0 0
0 0 0 0 0 0 0 0 0 0 0 0 0 0 0 0 0 0 0 0 0 0 0 0 0 0 1 0 0 0 0 0 0 0 0 0 0 0 0 0 0 0 0 0 0 0 0 0 0 0 0 0 0 0 0 0 0 0 0 0 0 0 0 0 0 0 0 0 0 0 0 0 0 0 0 0 0 0 0 0 0 0 0 0 0 0 0 0 0 0 0 0 0 0 0 0 0 0 0 0 0 0 0 0 0 0 0 0 0 0 0 0 0 0 0 0 0 0 0 0 0 0 0 0 0 0 0 0 0 0 0 0 0 0 0 0 0 0 0 0 0 0 0 0 0 0 0 0 0 0
0 0 0 0 0 0 0 0 0 0 0 0 0 0 0 0 0 0 0 0 0 0 0 0 0 0 0 0 3 0 0 0 0 0 0 0 0 0 0 0 0 0 0 0 0 0 0 0 0 0 0 0 0 0 0 0 0 0 0 0 0 0 0 0 0 0 0 0 0 0 0 0 0 0 0 0 0 0 0 0 0 0 0 0 0 0 0 0 0 0 0 0 0 0 0 0 0 0 0 0 0 0 0 0 0 0 0 0 0 0 0 0 0 0 0 0 0 0 0 0 0 0 0 0 0 0 0 0 0 0 0 0 0 0 0 0 0 0 0 0 0 0 0 0 0 0 0 0 0 0
0 0 0 0 0 0 0 0 0 0 0 0 0 0 0 0 0 0 0 0 0 0 0 0 0 0 0 0 0 0 0 0 0 0 0 0 0 0 0 0 0 0 0 0 0 0 0 0 0 0 0 0 0 0 0 0 0 0 0 0 0 0 0 0 0 0 0 0 0 0 0 0 0 0 0 0 0 0 0 0 0 0 0 0 0 0 0 0 0 0 0 0 0 0 0 0 0 0 0 0 0 0 0 0 0 0 0 0 0 0 0 0 0 0 0 0 0 0 0 0 0 0 0 0 0 0 0 0 0 0 0 0 0 0 0 0 0 0 0 0 0 0 0 0 0 0 0 0 0 0
0 0 0 0 0 0 0 0 0 0 0 0 0 0 0 0 0 0 0 0 0 0 0 0 0 0 0 0 0 0 0 0 0 0 0 0 0 0 0 0 0 0 0 0 0 0 0 0 0 0 0 0 0 0 0 0 0 0 0 0 0 0 0 0 0 0 0 0 0 0 0 0 0 0 0 0 0 0 0 0 0 0 0 0 0 0 0 0 0 0 0 0 0 0 0 0 0 0 0 0 0 0 0 0 0 0 0 0 0 0 0 0 0 0 0 0 0 0 0 0 0 0 0 0 0 0 0 0 0 0 0 0 0 0 0 0 0 0 0 0 0 0 0 0 0 0 0 0 0 0
0 0 0 0 0 0 0 0 0 0 0 0 0 0 0 0 0 0 0 0 0 0 0 0 0 0 0 0 0 0 0 0 0 0 0 0 0 0 0 0 0 0 0 0 0 0 0 0 0 0 0 0 0 0 0 0 0 0 0 0 0 0 0 0 0 0 0 0 0 0 0 0 0 0 0 0 0 0 0 0 0 0 0 0 0 0 0 0 0 0 0 0 0 0 0 0 0 0 0 0 0 0 0 0 0 0 0 0 0 0 0 0 0 0 0 0 0 0 0 0 0 0 0 0 0 0 0 0 0 0 0 0 0 0 0 0 0 0 0 0 0 0 0 0 0 0 0 0 0 0
0 0 0 0 0 0 0 0 0 0 0 0 0 0 0 0 0 0 0 0 0 0 0 0 0 0 0 0 0 0 0 0 0 0 0 0 0 0 0 0 0 0 0 0 0 0 0 0 0 0 0 0 0 0 0 0 0 0 0 0 0 0 0 0 0 0 0 0 0 0 0 0 0 0 0 0 0 0 0 0 0 0 0 0 0 0 0 0 0 0 0 0 0 0 0 0 0 0 0 0 0 0 0 0 0 0 0 0 0 0 0 0 0 0 0 0 0 0 0 0 0 0 0 0 0 0 0 0 0 0 0 0 0 0 0 0 0 0 0 0 0 0 0 0 0 0 0 0 0 0
0 0 0 0 0 0 0 0 0 0 0 0 0 0 0 0 0 0 0 0 0 0 0 0 0 0 0 0 0 0 0 0 0 0 0 0 0 0 0 0 0 0 0 0 0 0 0 0 0 0 0 0 0 0 0 0 0 0 0 0 0 0 0 0 0 0 0 0 0 0 0 0 0 0 0 0 0 0 0 0 0 0 0 0 0 0 0 0 0 0 0 0 0 0 0 0 0 0 0 0 0 0 0 0 0 0 0 0 0 0 0 0 0 0 0 0 0 0 0 0 0 0 0 0 0 0 0 0 0 0 0 0 0 0 0 0 0 0 0 0 0 0 0 0 0 0 0 0 0 0
