0 1 28 5 3 0 2 0 31 183 17 20 0 14 0 0 0 1 9 0 5 4 0 0 0 33 0 1 0 0 0 0 3 4 11 4 0 0 0 15 11 0 0 4 6 0 0 0 0 0 0 0 1 1 3 11 0 0 0 5 45 28 19 1 1 16 8 0 0 0 2 10 36 487 437 458 216 37 131 42 42 390 80 68 85 394 203 239 62 310 1725 1212 123 1069 564 676 926 767 1413 285 315 192 35 117 21 34 70 654 339 37 38 4 80 120 88 54 51 32 7 1 4 74 34 22 2 6 0 3 17 18 7 38 1 16 4 0 0 3 0 0 4 0 0 0 0 0 0 0 0 32
0 21 11 18 1 0 0 0 0 62 25 11 7 4 0 7 0 3 16 0 0 5 36 1 19 52 1 11 0 0 0 0 0 0 0 5 0 4 19 0 0 0 0 2 0 0 0 0 0 0 0 0 0 7 13 0 0 0 0 30 250 18 16 7 27 2 0 0 1 0 0 18 166 164 51 3 44 168 36 143 173 79 27 14 161 321 530 168 430 391 141 33 377 672 282 629 787 769 1392 1291 375 94 61 104 24 8 5 25 43 19 19 27 1 36 89 34 2 45 0 39 5 12 11 9 9 4 4 7 14 31 28 18 89 74 1 0 0 0 3 59 6 0 0 0 0 0 0 0 0 0
0 0 0 1 22 0 0 0 3 19 6 4 23 5 1 0 0 5 5 4 2 15 101 26 10 1 8 15 0 0 0 0 0 5 0 3 1 7 0 45 4 0 0 5 0 0 0 0 0 0 0 0 0 2 12 0 0 1 1 21 36 34 17 17 0 0 0 0 0 1 0 17 17 0 6 13 2 87 289 269 126 62 11 26 39 247 841 253 9 26 112 27 180 757 923 1038 458 635 435 1346 908 586 26 114 55 33 7 39 392 177 53 7 6 9 19 19 29 153 15 22 108 34 5 8 7 12 8 14 2 22 6 6 111 210 0 0 2 0 8 62 11 1 0 0 0 0 0 0 0 0
82 20 0 0 0 0 0 0 0 12 1 3 0 0 0 3 0 0 7 5 0 0 4 12 12 0 4 20 29 0 2 0 0 0 0 3 0 4 0 11 20 0 0 0 0 0 0 0 0 0 2 0 3 0 285 50 3 16 56 11 2 10 18 17 0 0 0 0 0 9 18 145 28 6 6 5 24 162 274 1711 165 146 115 531 283 34 65 157 9 215 1285 1265 2008 1138 1180 622 190 305 522 695 784 806 140 24 99 113 24 48 444 53 30 42 45 23 0 9 19 151 90 18 49 83 23 53 3 8 6 0 20 10 3 15 42 1 11 7 12 3 0 10 65 16 0 0 0 0 0 0 0 0
7 14 3 0 0 0 0 0 7 0 1 1 0 0 0 17 35 6 6 0 0 0 2 0 2 0 2 2 0 1 0 0 2 0 1 33 7 0 3 0 1 2 0 0 0 0 0 0 0 15 1 0 0 4 78 318 51 64 4 0 6 2 0 28 0 0 0 0 0 37 219 68 151 268 64 81 104 318 443 462 509 482 478 283 397 112 55 59 33 704 1733 1171 699 1453 571 328 206 1153 582 735 1136 1516 633 955 648 199 150 42 11 11 26 44 56 99 23 0 13 63 108 107 530 1029 251 43 4 6 9 2 6 13 17 0 0 0 16 0 0 0 0 0 59 16 0 0 0 0 0 0 0 0
20 3 0 2 0 0 0 0 2 3 6 0 0 0 0 4 1 5 11 92 7 4 1 0 0 0 0 1 1 6 2 7 0 0 6 119 82 35 0 0 0 0 1 0 0 0 0 0 0 21 39 6 0 6 12 160 63 18 14 2 2 0 26 4 0 0 0 0 1 51 134 205 138 110 268 87 69 56 82 551 1309 1097 536 105 1 249 115 43 7 293 2320 420 446 752 1221 554 247 2126 287 684 340 796 1564 512 55 248 25 58 7 4 2 9 104 63 13 21 52 31 1 45 178 175 15 3 7 15 7 6 6 0 13 0 0 0 0 1 5 0 0 0 3 4 0 0 0 0 0 0 0 0
2 0 0 0 0 0 0 1 0 13 6 0 0 8 2 0 0 0 0 0 0 10 4 0 0 0 0 0 1 2 5 1 0 1 0 19 7 8 10 0 0 0 0 0 0 0 0 0 0 2 3 5 9 8 2 72 15 3 63 67 3 13 4 0 11 2 0 0 9 80 60 141 249 535 427 186 886 197 588 502 1080 1653 1410 693 165 51 7 343 90 145 2114 1510 257 843 1551 644 497 701 831 79 37 529 161 496 61 123 144 32 37 19 60 178 534 120 50 87 2 2 51 31 149 179 14 6 10 9 18 8 0 0 0 0 0 0 0 0 0 14 0 0 0 1 5 1 0 0 0 0 0 0
8 0 0 0 0 0 0 0 5 0 5 0 0 0 0 0 0 0 0 0 0 0 0 0 0 0 0 0 0 1 17 0 0 0 9 5 2 2 24 9 0 0 0 0 0 0 0 0 0 0 0 0 7 26 7 6 0 27 67 124 104 59 63 5 31 26 0 0 13 138 19 14 97 77 84 61 242 197 981 1412 1104 701 963 307 349 320 220 796 390 86 561 172 138 626 690 633 304 987 955 379 251 614 636 1036 267 187 25 32 217 30 527 642 167 154 35 98 6 1 9 22 44 6 12 17 7 2 17 27 11 0 0 0 0 0 0 0 1 0 0 0 0 0 0 0 0 0 0 0 0 0
9 1 0 0 0 0 3 0 10 11 0 8 0 9 17 0 0 0 0 0 0 0 0 0 0 0 0 0 0 0 5 0 0 0 2 0 1 1 0 3 0 0 0 0 0 0 0 0 0 0 0 0 2 8 0 0 2 12 13 105 616 272 16 16 9 25 27 12 12 50 4 0 15 10 6 59 37 71 102 868 1319 1454 963 32 11 15 654 384 441 136 30 75 281 1168 2188 2206 193 426 607 309 379 211 149 449 1410 162 245 304 86 124 942 211 273 19 130 28 7 9 5 14 25 7 15 29 12 7 5 9 3 1 11 0 0 0 0 0 0 0 0 0 0 0 0 0 0 0 0 0 0 0
0 0 0 0 0 0 2 5 19 11 0 0 0 3 0 0 0 0 0 0 0 0 0 0 0 0 0 0 0 0 0 0 0 0 0 0 0 0 2 0 2 1 1 0 0 0 3 1 8 4 6 0 36 20 0 3 5 0 4 134 103 172 19 12 5 1 0 1 4 18 0 1 0 0 0 23 50 135 324 906 1605 1417 1119 543 1768 1286 653 171 502 333 122 48 43 964 1530 1853 1017 322 195 21 87 115 107 8 118 770 346 437 69 37 584 544 333 50 20 267 413 733 255 57 53 23 19 30 37 30 12 7 5 36 84 28 0 0 7 0 0 0 0 0 0 0 0 0 0 0 0 0 0 1
0 1 8 0 0 0 1 1 10 6 7 13 0 0 0 9 1 14 4 0 0 0 0 0 0 0 0 0 0 0 0 1 0 0 4 8 0 0 0 2 0 9 6 3 0 0 5 18 59 22 30 14 38 16 0 0 0 24 84 222 0 126 10 24 0 0 1 0 1 9 0 0 0 0 0 0 69 83 422 729 710 494 1233 378 335 695 327 646 1204 450 42 2 5 275 602 883 1022 56 59 131 36 12 5 42 192 447 1189 518 206 283 887 410 238 60 0 168 446 1045 1062 333 323 325 341 151 117 582 200 88 84 39 13 97 16 33 9 1 0 0 0 0 0 0 0 0 0 0 0 0 0 0
3 0 0 0 0 0 0 0 22 4 0 0 0 0 0 0 15 23 6 2 0 0 0 0 0 0 0 0 0 0 0 0 2 2 20 3 1 6 4 19 11 20 16 8 9 4 6 3 5 0 0 0 12 12 110 10 8 10 22 115 0 11 0 4 6 7 0 1 2 0 3 0 0 0 0 1 83 29 194 547 976 296 82 394 405 328 34 20 162 669 36 0 1 0 18 102 1138 421 462 20 0 7 24 94 37 62 408 398 51 123 405 491 98 245 52 292 941 208 1039 913 560 570 265 140 219 166 1 0 0 80 26 0 102 32 36 8 0 0 0 0 0 0 0 0 0 0 0 0 0 0
1 0 0 0 0 4 7 0 7 6 0 0 0 0 0 0 2 41 6 15 6 5 0 4 0 0 0 0 0 0 4 2 0 0 0 2 9 0 0 0 0 12 89 4 37 0 3 34 0 0 0 0 17 26 11 0 0 0 50 81 2 10 1 0 0 9 2 4 2 2 13 0 0 1 0 50 185 85 208 89 227 418 66 12 62 17 6 0 2 9 0 0 4 93 96 75 762 553 895 757 52 45 129 118 104 29 159 379 917 496 1531 812 203 1071 156 153 60 135 1655 1335 282 450 195 2 120 201 2 0 39 32 0 0 15 29 5 0 0 0 0 0 0 0 0 0 0 0 0 0 0 0
0 0 0 0 0 0 3 9 0 3 0 0 0 0 0 0 0 0 88 22 16 17 0 0 0 0 0 0 0 6 12 4 0 0 0 0 5 0 0 0 0 1 0 133 45 0 0 0 10 0 0 47 7 0 0 0 0 0 56 0 20 20 2 6 3 0 63 54 5 15 76 0 3 7 6 465 1205 661 372 72 61 534 107 4 26 360 4 2 1 50 0 4 1 105 43 52 156 500 333 382 0 40 430 178 426 83 231 659 339 845 1224 2040 1192 355 242 347 342 260 883 489 314 125 8 1 0 25 25 0 7 5 0 2 0 4 1 0 0 0 0 0 0 0 0 0 0 0 0 0 0 0
0 0 0 0 0 0 1 12 10 4 0 0 0 0 0 0 0 0 12 9 10 0 0 1 7 4 0 0 0 1 2 0 0 0 0 0 0 0 0 0 0 0 0 19 34 2 0 0 0 25 5 72 12 0 13 8 5 5 46 42 168 48 23 56 29 10 225 244 322 254 72 4 11 3 97 1064 2315 1617 693 318 2 191 50 8 8 45 100 16 1 49 35 24 0 3 0 13 101 491 282 343 20 96 576 519 1454 1601 5204 2011 1964 1691 1030 1020 923 878 823 455 224 177 116 304 196 164 62 97 0 18 58 10 16 56 0 0 0 0 0 0 0 0 0 0 0 0 0 0 0 0 0 0 0 0
0 0 0 0 0 0 2 57 27 6 13 0 0 0 0 1 3 0 0 13 0 25 14 11 1 0 0 0 0 2 0 0 0 0 0 0 0 0 0 1 0 0 0 0 1 36 0 0 0 29 113 234 2 1 3 34 45 143 13 115 19 34 19 52 98 67 135 96 105 165 424 94 290 316 609 1320 2202 743 671 83 6 10 4 0 0 0 24 64 11 102 5 16 0 0 4 26 30 13 42 21 31 1 1498 795 789 606 1507 625 831 1412 1810 1454 1584 313 415 241 76 231 279 172 42 16 166 342 97 160 15 3 10 4 0 0 0 0 23 4 0 0 0 0 0 0 0 0 0 0 0 0 0 0
0 0 0 0 0 0 2 6 7 0 0 0 2 0 0 1 19 5 2 4 4 0 41 57 18 22 4 0 1 2 0 0 0 0 0 0 0 0 0 1 6 0 1 2 2 38 5 5 2 11 75 8 6 26 23 77 127 176 96 38 2 6 0 1 2 5 0 0 0 0 2 0 84 256 488 459 652 836 198 0 4 0 8 0 0 0 1 46 51 6 2 0 11 2 3 14 56 0 11 108 38 429 819 729 561 249 642 330 610 790 1230 571 939 281 656 126 58 162 182 34 0 8 76 26 48 478 3 44 17 0 0 0 0 0 0 0 0 0 0 0 0 0 0 0 0 0 0 0 0 0
0 0 0 1 4 4 0 0 0 0 0 2 3 0 0 2 1 8 5 1 3 8 0 1 24 0 8 17 3 0 0 0 0 0 0 0 14 0 0 4 0 0 2 0 0 21 79 12 5 59 48 42 16 55 17 67 133 113 709 11 6 2 1 0 7 5 42 129 5 28 80 6 199 54 48 213 65 189 55 26 1 0 3 2 0 0 0 29 124 20 0 64 111 89 25 8 7 0 35 560 211 202 191 128 195 658 283 306 777 459 206 285 156 152 197 66 107 176 12 3 0 1 12 53 132 1044 309 23 7 6 0 0 0 0 0 0 0 0 0 0 0 0 0 0 0 0 0 0 0 0
0 0 1 6 11 1 0 0 0 0 0 0 8 3 0 0 0 1 0 5 2 10 5 2 8 3 58 50 37 0 0 0 0 1 2 20 6 0 0 0 1 3 2 15 37 40 29 6 41 517 119 33 34 18 16 74 248 137 67 25 42 67 5 0 0 2 3 4 9 21 20 11 60 24 4 167 206 79 11 15 10 0 10 84 4 26 66 25 17 9 3 32 126 322 36 0 0 35 227 6 132 295 98 43 186 127 186 701 519 2 0 138 12 671 85 0 4 1 0 1 0 0 9 11 57 219 267 320 7 0 0 0 0 0 0 0 0 0 0 0 0 0 0 0 0 0 0 0 0 0
0 0 0 1 0 0 0 0 0 0 0 0 7 5 7 0 1 0 1 2 6 14 86 11 8 18 8 29 219 7 0 5 2 0 2 0 0 0 1 0 0 2 17 65 7 122 146 18 15 293 56 14 6 17 80 19 34 100 10 0 1 2 3 0 0 16 0 2 9 20 99 70 11 0 0 99 17 0 9 2 4 0 1 1 0 40 88 0 9 22 12 24 21 2 1 49 1 18 6 6 891 1522 928 203 110 254 211 498 347 8 0 1 1 293 32 0 0 0 0 0 0 0 3 11 38 25 35 193 3 0 0 0 0 0 0 0 0 0 0 0 0 0 0 0 0 0 0 0 0 0
0 0 0 0 1 0 0 0 0 0 0 0 1 4 0 4 0 2 11 1 0 8 20 7 0 31 14 0 1 7 2 47 12 0 0 0 0 0 0 2 33 37 31 47 24 41 53 100 157 222 506 140 36 56 27 12 4 7 9 0 0 17 17 41 209 105 2 0 19 24 154 53 1 0 7 158 408 133 15 56 7 6 4 1 0 1 3 5 28 16 20 0 0 1 1 2 0 7 332 529 937 1154 767 187 5 45 137 88 1 0 0 0 0 16 0 0 0 0 0 0 0 0 6 8 0 0 63 105 1 0 0 0 0 0 0 0 0 0 0 0 0 0 0 0 0 0 0 0 0 0
0 0 0 0 0 0 0 0 0 0 0 0 0 8 5 6 0 0 0 2 4 3 22 0 5 9 0 0 0 0 18 178 23 5 0 0 0 11 0 0 180 55 0 0 0 0 6 15 346 1359 497 295 78 2 3 2 2 7 4 0 10 8 0 0 30 36 41 2 5 103 60 40 16 0 1 14 131 94 27 136 21 49 14 27 25 3 18 19 289 115 15 7 6 10 4 26 28 4 87 351 170 49 63 1 4 23 173 59 15 0 0 0 4 99 0 0 0 0 0 0 0 0 0 0 0 52 66 4 2 20 9 0 0 0 0 0 0 0 0 0 0 0 0 0 0 0 0 0 0 0
0 1 0 0 0 0 0 0 0 0 0 0 0 4 3 1 3 0 0 0 2 13 17 1 11 0 0 0 0 0 0 13 62 18 10 0 9 138 93 44 3 0 0 0 0 0 30 24 89 532 281 189 15 0 3 2 1 2 40 2 2 0 0 0 24 6 34 6 0 7 29 63 54 16 0 0 7 0 51 12 9 69 28 0 0 81 33 0 0 0 9 11 4 3 0 4 12 0 2 2 14 0 8 97 50 56 128 72 110 204 55 20 108 0 0 0 0 0 0 0 0 0 0 9 53 83 114 1 0 0 4 0 0 0 0 0 0 0 0 0 0 0 0 0 0 0 0 0 0 0
0 0 3 0 0 0 0 0 0 0 0 0 0 2 4 2 2 10 0 0 29 10 0 2 2 1 0 0 0 2 1 10 10 13 15 23 20 33 28 1 0 0 0 0 13 81 48 88 3 254 298 14 2 12 10 11 20 41 4 0 0 0 0 1 0 1 1 5 0 0 2 4 166 178 5 7 0 0 0 0 0 4 125 230 2 1 2 0 1 0 0 10 1 6 2 0 2 0 2 13 4 0 5 98 70 38 30 10 8 56 1 263 37 0 0 0 0 0 0 0 0 0 9 26 5 14 70 128 5 0 0 0 0 0 0 0 0 0 0 0 0 0 0 0 0 0 0 0 0 0
0 0 1 0 0 0 0 0 0 0 0 0 0 3 1 0 0 3 1 0 2 0 3 0 0 0 2 0 0 0 0 1 18 20 96 0 1 57 0 0 0 11 0 28 22 56 79 7 16 27 98 34 27 42 39 9 1 2 2 3 0 0 0 0 1 0 0 28 19 8 8 5 8 27 74 15 0 0 0 0 0 2 14 88 9 23 1 0 0 0 14 16 2 1 3 1 5 2 0 7 26 3 14 57 574 0 0 13 2 0 0 12 7 0 0 3 0 0 1 0 1 0 1 0 0 42 79 38 0 0 15 0 0 0 0 0 0 0 0 0 1 0 0 0 0 0 0 0 0 0
0 0 0 0 0 0 0 0 0 0 0 0 0 3 19 3 3 3 10 0 0 15 0 3 0 0 0 6 0 0 0 0 44 53 39 2 0 29 1 0 0 1 0 9 154 23 5 3 6 2 84 12 0 2 0 0 3 0 0 0 4 0 0 1 18 8 0 4 7 9 5 33 1 10 4 9 12 3 0 0 0 0 0 7 1 19 13 11 1 19 0 14 1 1 9 9 0 7 11 8 11 29 7 139 345 243 0 12 0 0 0 5 14 19 28 10 0 0 0 0 0 0 0 0 0 87 19 66 5 1 0 0 0 0 0 0 10 45 0 0 0 0 0 0 0 0 0 0 0 0
0 0 0 0 0 0 0 0 0 0 3 0 0 0 10 0 2 9 7 0 4 15 6 10 1 0 0 33 9 0 0 15 3 12 32 4 0 2 6 0 1 3 1 25 124 5 11 3 1 7 40 40 6 2 8 1 0 4 0 0 0 1 0 2 34 0 0 6 7 1 6 16 0 8 1 4 31 5 0 0 0 0 49 10 7 7 17 23 7 2 3 8 3 1 0 10 0 0 0 3 13 33 5 5 64 235 55 10 0 0 0 0 0 6 11 23 1 0 1 1 0 0 0 0 39 270 46 102 0 8 0 0 0 0 0 0 1 12 0 0 0 0 0 0 0 0 0 0 0 0
0 0 0 0 0 0 0 0 0 0 2 0 0 37 10 2 13 57 10 0 4 29 12 0 3 1 0 2 3 11 30 7 1 53 19 1 15 35 25 19 72 116 19 286 247 8 3 0 6 4 1 51 49 13 4 6 0 0 0 0 0 1 2 1 0 0 0 0 10 62 145 28 5 13 0 1 1 12 3 0 0 0 0 0 0 0 0 16 22 8 13 0 10 2 2 0 0 1 1 0 0 6 27 8 35 1227 782 43 12 0 0 0 0 0 0 0 12 232 84 9 0 0 0 66 210 73 86 287 170 12 0 0 0 1 2 5 0 11 0 0 0 0 0 0 0 0 0 0 0 0
0 0 0 0 0 0 0 1 1 3 1 2 12 6 9 11 58 62 2 14 0 2 4 3 0 0 0 14 23 12 0 8 18 8 13 56 14 26 195 405 705 859 526 395 144 27 0 4 5 1 0 11 70 13 3 0 0 0 0 0 0 0 0 0 0 0 0 0 0 6 13 28 22 0 15 11 0 59 9 0 1 5 2 0 17 0 0 0 25 32 9 14 20 6 11 43 6 0 0 0 0 2 22 28 337 535 268 574 58 0 0 0 0 0 1 3 332 99 22 0 0 0 30 127 275 186 1482 729 81 44 0 0 1 11 0 8 0 0 0 0 0 0 0 0 0 0 0 0 0 0
0 0 0 0 0 0 0 2 9 19 43 56 40 3 1 13 5 14 0 2 3 6 9 37 11 6 12 2 2 2 10 0 1 6 34 38 8 16 276 379 935 1900 865 983 69 11 7 13 7 1 7 4 86 154 21 13 0 0 0 0 0 1 0 0 0 0 0 2 1 0 9 2 5 0 0 1 0 13 17 0 0 0 3 7 12 0 0 0 1 4 0 2 19 27 6 16 2 1 0 11 0 3 15 12 25 155 1 206 33 0 0 0 0 0 60 175 975 306 94 44 20 25 23 82 145 91 566 718 694 353 33 84 44 151 7 2 0 0 0 0 0 0 0 0 0 0 0 0 0 0
0 0 0 0 0 0 2 1 7 7 2 9 6 0 8 14 0 2 16 10 3 15 142 40 0 0 0 5 1 4 11 9 1 4 5 65 48 60 116 121 913 604 588 251 62 31 17 3 3 8 1 7 28 8 8 5 2 0 0 0 0 0 0 0 0 0 0 0 0 0 4 1 0 0 0 4 5 7 8 1 0 28 25 5 67 0 0 1 41 40 4 0 16 24 1 12 12 11 7 4 5 6 1 14 3 2 0 2 40 0 3 11 17 0 85 1036 1193 725 161 215 147 179 116 11 1 5 285 439 6 91 13 288 959 50 63 0 0 0 0 0 0 0 0 0 0 0 0 0 0 0
0 0 0 0 0 0 2 15 1 8 13 15 19 2 0 3 4 2 24 17 317 72 2 0 0 0 0 1 11 12 6 5 17 48 34 7 1 4 1 68 719 633 385 232 90 17 15 0 10 15 5 1 22 15 17 5 2 0 0 0 0 0 0 0 0 0 0 0 0 3 1 0 0 0 0 0 0 2 11 1 13 15 49 295 67 0 0 0 0 1 0 2 22 13 6 0 14 5 0 0 4 0 0 0 5 14 4 23 275 144 374 701 165 122 892 1340 683 446 80 644 91 228 18 2 120 155 164 154 1 0 93 455 385 51 97 8 0 0 0 0 0 0 0 0 0 0 0 0 0 0
0 0 1 1 0 0 0 14 1 0 3 5 4 19 2 15 13 18 22 9 69 0 0 0 0 0 0 1 1 15 9 24 8 19 10 19 15 1 8 11 54 185 42 11 7 0 1 0 2 5 3 3 46 2 2 12 7 12 5 0 0 0 0 0 0 0 0 0 0 0 0 0 0 0 0 7 3 46 8 1 5 14 21 10 0 5 0 0 9 1 16 0 0 37 32 38 4 0 0 1 10 1 0 1 0 2 7 14 181 73 108 108 112 857 1676 903 412 592 127 532 151 21 0 10 22 76 161 0 0 0 78 301 0 0 0 0 0 0 0 0 0 0 0 0 0 0 0 0 0 0
0 0 4 0 0 10 22 10 5 2 1 0 0 6 17 5 8 18 59 24 15 0 0 0 0 0 0 0 4 5 94 4 13 5 44 0 5 1 5 2 31 53 4 4 3 1 0 0 4 4 0 5 377 36 7 25 16 2 0 3 0 0 0 0 0 0 0 0 0 0 0 0 0 0 0 0 5 10 4 0 0 2 6 0 0 0 0 0 7 0 1 0 3 52 14 0 35 4 0 1 4 0 0 2 0 0 14 118 51 20 1 37 149 246 590 664 250 303 320 173 500 2 0 0 0 0 0 0 0 0 3 106 33 0 0 0 0 0 0 0 0 0 0 0 0 0 0 3 0 0
0 0 1 0 0 2 5 11 3 8 13 0 3 38 14 31 51 20 8 0 10 8 13 1 0 0 0 53 30 12 39 59 44 4 7 6 2 4 6 9 12 39 18 5 4 3 2 0 0 0 2 23 147 121 16 12 2 1 0 0 0 0 0 0 0 0 0 0 0 0 0 0 0 0 0 1 14 19 5 1 0 0 4 0 0 0 0 0 4 1 19 3 54 84 8 18 3 3 0 11 5 0 0 4 0 1 13 71 941 21 0 0 3 0 6 2 11 50 739 901 61 0 0 0 0 1 5 0 0 0 0 1 133 2 0 0 0 0 0 0 0 0 0 0 0 0 1 0 0 0
2 3 6 10 5 5 16 85 9 8 24 27 14 3 5 215 116 25 25 11 3 0 6 10 6 0 2 17 4 2 24 18 12 3 2 2 0 1 1 4 18 4 1 6 7 0 1 0 0 0 1 88 14 30 22 7 12 0 0 0 0 0 0 0 0 0 0 0 0 0 0 0 0 0 0 0 11 51 1 0 0 0 2 0 0 0 0 1 66 1 9 0 5 42 1 0 0 4 22 8 0 1 10 13 4 4 27 73 167 0 0 0 0 0 11 0 0 4 213 466 518 330 0 0 8 93 0 0 0 148 176 34 115 6 0 0 0 0 0 0 0 0 0 0 1 0 0 0 0 0
4 0 0 0 0 11 2 0 0 8 81 9 2 11 38 74 51 35 12 3 3 2 7 5 4 15 3 2 2 2 0 0 0 6 11 6 0 0 0 7 16 27 12 3 4 0 2 1 2 0 3 51 33 43 51 17 2 1 1 1 0 0 0 0 0 0 0 0 0 0 0 0 0 0 0 0 0 49 180 2 0 7 0 0 0 0 0 142 65 0 10 5 13 11 0 12 0 5 5 10 65 19 10 12 2 21 24 16 55 6 0 0 0 25 76 88 196 656 207 337 969 244 1 30 232 83 0 0 0 139 260 0 0 0 0 0 0 0 0 0 0 0 0 0 0 0 0 0 0 0
0 4 9 3 0 0 7 12 7 7 26 216 16 19 6 5 5 4 2 3 1 0 9 16 30 1 5 2 38 4 0 0 1 0 0 0 0 0 11 1 1 41 51 16 13 2 10 1 0 0 2 108 24 10 1 1 0 0 2 0 0 0 0 0 0 0 0 0 0 0 0 0 0 0 0 2 0 11 43 3 0 3 0 0 0 0 0 16 0 0 1 0 9 17 0 0 1 0 17 5 5 5 9 0 18 0 13 43 29 15 0 0 3 0 125 596 1148 735 85 75 100 327 238 342 207 0 0 0 39 702 282 0 0 0 0 0 0 0 0 0 0 0 0 0 0 0 0 0 0 0
0 0 6 0 0 1 12 11 3 2 26 64 4 7 3 1 0 2 3 11 1 0 10 2 0 0 8 17 7 0 0 0 1 0 0 0 0 0 14 0 0 1 2 1 3 1 0 4 0 0 14 118 22 19 6 1 0 0 3 4 1 0 0 0 0 0 0 0 0 0 0 0 0 0 0 0 1 10 139 25 17 62 23 1 0 0 5 0 1 0 0 0 4 31 1 0 0 0 0 18 4 0 18 11 18 25 17 11 54 0 0 3 79 48 60 52 5 127 836 453 69 365 950 826 614 437 135 258 1264 2719 940 85 0 0 0 0 0 0 0 0 0 0 0 0 0 0 0 0 0 0
0 4 3 0 1 12 10 6 2 29 24 9 1 5 6 14 3 10 0 0 0 0 0 0 0 17 19 1 2 0 0 4 13 3 3 0 0 0 0 18 0 2 6 0 0 4 13 7 5 7 7 478 43 7 3 12 0 2 1 2 0 0 0 0 0 0 0 0 0 0 0 0 0 0 0 0 8 22 66 0 6 55 35 0 0 0 0 0 7 13 2 14 3 27 2 39 42 2 2 2 14 0 1 10 39 11 7 2 170 52 5 29 48 16 1 35 12 347 622 653 428 1100 585 1736 2475 1814 1339 1322 1219 923 718 8 0 0 0 0 0 1 0 0 0 0 0 0 0 0 0 0 0 0
0 0 0 0 14 14 0 2 90 11 4 4 2 0 7 23 5 1 1 0 0 0 0 0 0 23 12 0 3 0 1 4 5 5 11 8 1 6 2 1 4 1 4 1 0 0 1 0 17 73 1170 769 26 138 28 10 14 2 7 11 1 7 0 0 0 0 0 0 0 0 0 0 0 0 0 2 8 0 18 2 0 1 0 0 0 0 0 0 16 4 0 1 20 0 0 8 3 0 8 10 23 6 36 2 40 32 43 90 6 54 37 39 14 28 12 18 3 172 976 2447 1797 1123 334 1308 2300 1755 307 1195 781 28 177 70 0 0 0 0 0 0 0 0 0 0 0 0 0 0 0 0 0 0
11 11 0 17 3 2 1 1 20 6 9 1 4 5 4 16 7 4 1 0 0 0 0 0 18 6 0 2 1 0 1 52 50 3 0 4 3 0 5 2 0 0 7 2 0 0 2 0 9 30 854 935 820 1047 101 30 1 4 15 18 3 0 0 0 0 0 0 0 0 0 0 0 0 0 1 0 0 0 0 23 0 1 0 0 0 0 0 21 123 0 0 17 32 0 0 0 0 0 1 17 28 0 74 62 21 241 582 25 18 0 13 18 1 11 14 35 9 30 205 950 331 938 374 3430 2948 1388 517 200 29 683 1142 775 0 0 0 2 0 0 0 0 0 0 0 0 0 0 0 0 0 0
1 11 6 40 4 2 33 15 33 9 28 59 0 2 2 0 0 2 0 0 0 0 0 2 1 0 5 3 0 0 0 23 13 8 4 2 9 1 0 0 0 0 0 1 2 8 4 0 0 9 332 271 812 552 125 185 26 5 10 7 4 3 0 0 0 0 0 0 0 0 0 0 0 0 0 0 0 0 0 74 5 5 17 0 0 0 1 34 67 0 3 36 81 0 0 0 0 0 0 20 10 56 48 82 125 28 25 35 0 0 0 0 6 5 7 17 9 18 4 92 593 442 600 1434 2104 1212 618 883 619 1510 506 669 1 0 0 0 0 0 0 0 0 0 0 0 0 0 0 0 0 0
6 9 5 29 2 14 25 26 5 3 7 4 2 0 0 0 0 0 0 0 0 0 0 0 0 0 0 0 0 0 3 1 0 0 0 3 2 1 1 0 0 0 0 0 0 5 3 1 6 6 28 322 450 46 29 26 6 3 8 1 3 1 0 0 0 0 0 0 0 0 0 0 0 0 0 0 0 0 4 0 5 2 0 0 0 2 39 57 25 22 7 234 202 37 4 0 0 0 0 20 95 25 69 582 40 2 9 15 25 4 0 0 2 7 8 10 1 33 42 37 191 1020 1155 628 626 1153 1392 1990 312 271 153 229 2 0 0 0 0 0 0 0 0 0 0 0 1 0 0 0 0 0
8 11 46 0 11 7 24 89 26 19 12 8 3 6 0 0 0 0 0 1 1 0 0 1 0 0 1 0 3 1 0 0 1 0 0 0 0 0 1 2 2 0 0 0 0 0 0 0 2 7 6 30 161 57 22 1 5 64 142 10 0 0 1 1 0 0 0 0 0 0 0 0 0 0 0 0 0 0 0 0 0 17 53 36 35 42 4 0 16 83 182 234 147 4 7 3 0 10 67 70 58 523 362 573 300 53 25 8 27 58 2 0 9 0 12 11 29 71 60 559 320 962 3039 3950 1355 398 1980 4166 1737 0 0 1 0 0 0 0 0 0 0 0 0 0 0 0 0 0 0 0 0 0
11 35 36 0 11 18 25 66 9 20 4 0 5 0 0 0 0 0 0 0 0 2 9 7 0 0 0 3 2 0 0 0 4 1 0 1 0 0 0 0 0 1 0 0 0 4 0 0 14 8 0 16 132 17 30 0 0 7 131 19 11 1 0 0 0 0 0 0 0 0 0 0 0 0 0 0 0 0 0 0 2 13 25 0 0 9 7 8 57 51 74 102 128 28 105 40 13 6 0 23 176 405 822 247 294 23 2 12 12 20 7 1 0 0 7 20 6 594 332 694 567 28 19 327 406 294 571 1615 482 12 284 17 0 0 0 0 0 0 0 0 0 0 0 0 0 0 0 0 0 0
16 13 209 6 33 145 56 19 0 9 2 0 4 2 1 2 0 0 0 4 3 0 0 0 0 0 0 0 0 0 0 0 0 0 0 0 0 0 0 0 2 3 3 0 2 1 0 0 2 4 0 7 36 0 1 2 1 3 2 22 9 1 0 0 0 0 0 0 0 0 0 0 0 0 0 0 0 0 0 1 43 105 0 0 42 15 97 2 0 1 7 21 77 11 2 0 0 0 0 10 23 127 897 501 126 159 6 11 18 28 36 3 0 0 0 36 483 715 179 35 0 0 0 4 59 558 161 833 486 22 54 46 0 0 0 0 0 0 0 0 0 0 0 0 0 0 0 0 0 0
20 69 168 198 618 781 278 79 9 0 0 0 0 0 6 0 2 3 1 3 4 11 0 0 0 0 0 0 0 0 1 1 0 0 0 0 0 0 0 0 1 7 0 13 12 10 0 18 3 0 0 20 12 1 0 9 9 0 14 0 2 4 0 0 0 0 0 0 0 0 0 0 0 0 0 0 0 0 10 43 10 0 0 0 8 6 17 218 100 1 0 0 0 0 0 0 0 0 0 0 0 315 842 280 220 201 10 2 2 41 10 4 4 0 15 168 320 17 9 70 0 0 0 0 9 774 371 672 299 12 117 13 0 0 0 0 0 0 0 0 0 0 0 0 0 0 0 0 0 0
5 142 559 1784 614 454 356 46 0 1 0 10 2 0 0 1 0 4 1 2 3 5 0 0 1 0 0 0 0 0 0 0 0 0 0 0 0 0 3 1 0 8 1 7 5 0 0 23 52 0 0 1 40 0 1 3 12 2 1 0 0 3 0 0 0 0 0 0 0 0 0 0 0 0 0 0 0 41 2 0 0 0 0 0 0 0 62 25 1 0 3 0 0 0 0 1 0 0 0 0 26 95 32 43 250 194 0 0 3 3 36 22 30 52 37 1 7 7 13 32 35 121 11 0 26 251 52 210 73 0 0 0 0 0 0 0 0 0 0 0 0 0 0 0 0 0 1 0 0 0
0 17 462 385 257 175 138 21 9 0 0 7 1 0 0 0 0 0 0 6 2 2 0 0 5 1 0 0 5 6 10 0 0 0 3 1 2 2 0 0 0 0 1 2 1 0 0 6 7 14 0 0 0 0 0 4 2 0 0 0 0 0 0 0 0 0 0 0 0 0 0 0 0 0 0 0 5 6 0 0 0 0 0 0 0 0 135 34 13 18 53 3 0 0 16 18 0 0 0 473 900 149 347 270 25 198 72 3 3 3 29 120 43 0 0 0 0 0 21 84 100 70 389 526 130 111 0 4 0 1 0 0 0 0 0 0 0 0 0 0 0 0 0 0 0 0 0 0 0 0
26 42 62 164 66 35 0 1 1 3 26 1 0 0 0 0 0 0 0 0 1 95 1 0 0 0 0 2 1 0 0 0 0 2 0 0 0 0 0 0 0 0 1 2 1 40 2 0 0 0 0 0 2 0 0 31 1 0 0 0 0 0 0 0 0 0 0 0 0 0 0 0 0 0 0 0 13 21 0 0 0 0 0 1 0 0 16 1 0 56 56 0 0 0 46 267 143 20 337 1332 650 678 117 48 2 26 71 223 2 29 223 1 0 0 0 0 0 3 36 52 112 78 49 75 39 67 41 8 45 40 28 0 0 0 0 0 0 0 0 0 0 0 0 0 0 0 0 0 0 0
91 53 26 3 0 0 0 3 0 0 0 0 0 0 0 0 0 1 4 0 1 14 9 3 0 0 0 0 0 3 1 0 0 4 4 3 0 0 0 0 2 0 0 1 1 10 4 8 0 0 1 0 3 6 90 28 24 0 0 0 0 0 0 0 0 0 0 0 0 0 0 0 0 0 41 14 1 0 1 0 0 0 0 0 0 0 11 1 0 0 96 23 3 45 206 448 337 56 204 186 24 4 39 21 17 5 0 295 1042 349 0 0 0 0 6 0 0 1 9 3 85 9 3 3 39 148 121 77 370 125 46 0 1 0 0 0 0 0 0 0 0 0 0 0 0 0 0 0 0 0
43 1 8 0 0 0 1 0 0 0 0 1 0 0 0 0 0 0 0 0 1 1 2 0 0 1 2 1 0 0 12 80 1 0 0 0 0 0 0 0 0 0 0 0 0 4 4 4 0 0 0 0 4 3 20 1 0 0 0 0 0 0 0 0 0 0 0 0 0 0 0 0 0 0 16 35 0 0 0 0 0 0 0 0 0 0 50 71 186 98 155 10 12 18 3 51 14 8 0 2 12 3 4 0 4 2 209 490 440 148 2 0 0 0 3 0 0 30 2 0 6 14 17 18 32 243 221 361 191 252 28 0 0 0 0 0 0 0 0 0 0 0 0 0 0 0 0 0 0 0
3 2 0 4 9 0 0 0 0 0 0 0 0 0 0 0 0 0 0 1 2 1 0 0 0 0 1 0 8 0 7 1 0 1 2 0 0 0 0 0 0 31 0 0 1 3 12 0 0 0 0 3 8 48 13 2 1 0 0 0 0 0 0 0 0 0 0 0 0 0 0 6 11 4 4 0 0 0 0 0 0 0 0 0 0 0 1 0 198 12 0 0 1 4 4 54 1 3 10 0 0 11 0 9 3 336 1325 649 251 139 0 0 0 0 0 0 0 0 177 24 0 50 0 62 8 19 141 92 1 21 2 4 0 0 0 0 0 0 0 0 0 0 0 0 0 0 0 0 0 1
4 0 1 0 1 2 0 0 0 0 0 0 0 0 0 0 0 0 0 1 0 0 0 6 0 0 0 3 0 0 1 1 0 6 1 0 0 0 1 0 0 0 0 0 0 1 0 0 0 0 12 7 10 105 19 2 4 2 0 0 0 0 0 0 0 0 0 0 0 0 7 6 12 1 0 0 0 0 0 0 0 0 0 0 0 0 11 0 0 0 0 0 13 38 0 0 1 0 15 6 10 8 6 1 54 86 120 33 80 273 0 0 0 0 0 0 0 0 9 5 1 12 2 148 140 43 212 42 19 52 1 0 0 0 0 0 0 0 0 0 0 0 0 0 0 0 0 0 0 0
0 0 0 0 7 36 5 0 0 0 0 0 0 0 0 0 1 0 0 2 0 0 0 0 0 0 4 0 3 0 0 0 0 0 3 0 0 0 0 1 0 0 3 5 0 0 0 0 0 0 7 0 12 3 4 6 9 6 0 0 0 0 0 0 0 0 0 2 7 19 4 1 0 0 0 0 0 0 0 0 0 0 0 0 0 0 1 2 9 6 0 46 146 20 0 1 1 0 4 19 6 24 31 44 92 39 0 22 3 83 12 0 0 0 0 0 0 0 0 0 13 13 3 26 0 0 0 256 2 13 2 0 0 0 0 0 0 0 0 0 0 0 0 0 0 0 0 0 0 0
0 0 0 0 61 35 0 0 0 0 0 0 0 0 4 3 0 0 0 0 0 0 0 0 0 0 0 1 6 0 9 0 0 0 0 0 0 0 5 5 1 0 0 1 3 7 0 0 0 5 6 0 0 12 3 9 4 5 0 2 0 0 0 0 0 0 0 0 22 5 0 2 1 0 3 0 0 0 0 0 0 0 0 0 0 0 0 1 75 64 271 503 167 22 0 1 0 1 3 16 79 714 292 101 12 37 13 0 0 11 16 0 0 0 0 0 0 0 0 0 1 0 0 0 0 25 238 57 0 0 0 0 0 0 0 0 0 0 0 0 0 0 0 0 0 0 0 0 0 0
0 0 0 0 1 5 2 0 0 0 0 0 3 0 0 0 6 1 9 0 0 0 0 0 0 0 3 0 0 19 0 0 0 0 0 12 0 0 0 0 0 0 0 0 3 11 0 0 0 1 6 0 1 19 11 2 0 0 0 0 0 0 0 0 0 0 0 0 22 1 0 0 0 0 0 0 0 0 0 0 0 0 0 0 0 1 12 0 112 194 304 249 74 41 0 6 7 4 1 69 161 115 81 12 0 2 6 0 0 13 4 0 0 0 0 0 0 0 0 0 6 94 103 2 0 29 49 0 0 0 0 0 0 0 0 0 0 0 0 0 0 0 0 0 0 0 0 0 0 0
3 0 0 2 2 5 1 0 0 0 0 1 25 24 2 0 0 1 1 1 0 0 0 0 0 10 11 1 0 29 0 0 0 0 1 2 0 0 0 0 0 0 0 0 4 10 5 0 0 1 7 0 1 36 19 0 0 0 0 0 0 0 0 0 0 0 1 17 64 0 0 0 0 0 0 0 0 0 0 0 0 0 0 1 4 25 65 14 12 60 0 2 9 3 36 1 0 6 8 12 158 0 2 6 0 0 0 4 2 30 16 30 4 0 0 0 0 0 0 0 0 0 0 0 0 0 0 1 0 0 0 0 0 0 0 0 0 0 0 0 0 0 0 0 0 0 0 0 0 0
0 0 0 0 3 0 1 0 0 1 0 0 0 0 5 5 2 0 0 0 0 0 0 0 0 0 4 0 0 1 0 0 0 0 0 0 1 0 0 0 0 0 0 0 0 2 4 8 3 60 2 0 0 13 20 8 0 0 0 0 0 0 0 0 0 0 17 50 16 0 0 1 0 0 0 0 0 0 0 0 0 0 0 0 67 2 0 0 20 30 7 1 25 3 6 12 10 27 7 18 37 34 5 1 11 0 0 23 54 151 292 503 57 12 0 1 0 2 0 0 0 0 0 0 0 0 0 0 0 0 0 0 0 0 0 0 0 0 0 0 0 0 0 0 0 0 0 0 0 0
0 0 0 0 1 3 1 0 0 0 0 0 0 0 2 1 0 0 0 0 0 0 0 0 1 2 0 0 2 0 0 0 0 0 2 0 0 0 5 1 0 0 0 0 0 0 1 22 49 1 0 1 0 3 2 109 158 3 1 0 0 1 0 0 0 11 49 139 7 0 12 2 0 0 0 0 0 0 0 0 0 0 0 9 67 0 2 10 3 3 21 6 1 0 1 18 73 38 20 2 1 7 17 9 6 2 38 71 50 68 324 66 286 89 1 0 0 0 0 0 0 0 0 0 0 0 0 0 0 0 0 0 0 0 0 0 0 0 0 0 0 0 0 0 0 0 0 0 0 0
0 13 21 0 0 3 0 0 0 0 0 2 0 0 4 14 4 0 0 0 0 0 0 3 0 0 0 0 1 1 0 0 0 0 0 1 1 0 13 1 0 0 3 0 0 3 5 11 90 13 1 0 0 5 10 4 5 21 49 18 5 5 8 15 23 1 1 4 0 2 1 0 0 0 0 0 0 0 0 0 0 0 0 0 0 0 0 31 3 3 0 0 0 0 12 227 10 0 0 0 1 1 2 0 26 116 548 1434 628 118 26 0 220 96 0 0 0 0 0 0 0 0 0 0 0 0 0 0 0 0 0 0 0 0 0 0 0 0 0 0 0 0 0 0 0 0 0 0 0 0
0 0 3 10 2 70 1 11 1 0 1 0 1 0 2 0 2 0 0 0 0 0 0 0 0 0 0 0 0 1 1 0 0 0 0 2 0 1 13 0 6 9 0 1 0 8 27 23 7 7 12 0 2 1 7 5 1 0 0 13 0 0 0 6 19 0 1 7 0 18 2 16 0 0 0 0 0 0 0 0 0 0 0 0 0 0 0 0 1 8 16 9 0 4 173 16 1 0 0 0 0 13 2 16 58 110 162 538 186 329 106 252 402 4 0 0 0 0 0 0 0 0 0 0 0 0 0 0 0 0 0 0 0 0 0 0 0 0 0 0 0 0 0 0 0 0 0 0 0 0
0 0 1 0 41 77 1 0 0 1 0 0 0 7 0 0 1 0 0 0 1 0 0 0 0 0 0 0 0 1 0 0 1 4 0 0 0 0 0 1 3 8 1 6 0 0 7 18 9 0 7 1 4 7 6 0 2 4 7 4 1 1 3 7 0 5 1 3 3 0 0 0 7 12 0 0 0 0 0 0 0 0 0 0 0 3 0 0 1 0 1 0 13 35 3 29 314 0 0 0 0 0 0 64 154 294 2 3 16 57 0 0 2 0 0 0 0 0 0 0 0 0 0 0 0 0 0 0 0 0 0 0 0 0 0 0 0 0 0 0 0 0 0 0 0 0 0 0 0 0
0 1 0 0 1 1 0 0 3 1 0 0 0 1 0 0 0 0 0 0 0 0 0 0 0 0 0 0 0 0 0 5 0 1 2 0 0 0 0 0 0 0 0 2 0 0 1 2 5 10 1 0 2 2 0 0 1 0 11 6 11 12 16 0 0 0 0 0 0 0 2 7 8 1 0 0 0 0 0 0 0 0 0 0 0 0 0 0 1 1 0 12 68 14 32 200 494 0 0 0 0 0 0 10 20 0 1 0 0 2 30 133 0 0 0 0 0 0 0 0 0 0 0 0 0 0 0 0 0 0 0 0 0 0 0 0 0 0 0 0 0 0 3 27 7 0 0 0 0 0
0 0 4 1 1 0 0 0 0 11 0 0 3 1 5 2 0 0 1 0 0 0 0 0 0 0 0 0 0 0 0 0 0 0 0 0 0 0 0 0 0 1 0 1 1 4 0 0 0 1 8 0 10 8 0 5 0 0 5 7 15 2 0 0 0 0 0 0 0 2 10 2 0 0 0 0 0 0 0 0 0 0 0 0 0 0 0 0 42 1 2 10 213 232 51 0 2 0 0 0 0 0 3 2 2 0 1 5 0 160 379 0 1 0 0 0 0 0 0 0 0 0 0 0 0 0 0 0 0 0 0 0 0 0 0 0 0 0 0 0 0 0 1 2 0 0 0 0 0 0
1 1 0 0 0 1 0 0 0 1 0 1 0 7 0 0 1 0 1 0 0 0 0 0 0 0 0 0 0 0 0 0 0 0 0 0 0 0 0 0 0 0 0 0 0 0 0 0 0 1 3 4 7 0 0 0 0 0 2 10 16 1 0 0 0 0 0 0 0 0 2 0 0 0 0 0 0 0 0 0 0 0 0 0 0 0 0 0 0 0 7 63 647 0 1 14 18 0 0 0 0 0 0 5 13 3 0 4 16 3 89 30 0 0 0 0 0 0 0 0 0 0 0 0 0 0 0 0 0 0 0 0 0 0 0 0 0 0 0 0 0 0 0 0 0 0 0 0 0 0
0 0 0 0 2 0 0 0 0 0 0 4 18 0 0 0 0 1 1 2 0 0 0 0 1 0 0 0 0 0 0 0 0 0 0 0 0 0 0 0 0 0 0 0 0 0 0 0 0 0 0 30 5 0 0 1 3 7 3 16 5 5 0 0 0 0 0 0 0 0 1 102 5 3 0 0 0 0 0 0 0 0 0 0 0 0 0 0 0 0 14 19 2 32 10 0 0 0 0 0 0 0 0 0 0 0 0 0 0 0 0 0 0 0 0 0 0 0 0 0 0 0 0 0 0 0 0 0 0 0 0 0 0 0 0 0 0 0 0 0 0 0 0 0 0 0 0 0 0 0
1 0 0 0 0 0 0 0 0 0 0 1 0 0 0 0 0 1 0 0 0 6 7 56 0 0 0 0 0 0 0 0 0 0 0 1 0 0 0 0 0 0 0 0 0 0 0 0 0 0 0 42 3 6 7 1 0 3 0 0 0 49 46 0 0 0 0 0 0 0 0 18 11 1 7 0 0 0 0 0 0 0 0 0 0 0 0 0 0 2 1 11 16 24 22 3 0 0 0 0 0 0 0 0 0 0 0 0 0 0 0 0 0 0 0 0 0 0 0 0 0 0 0 0 0 0 0 0 0 0 0 0 0 0 0 0 0 0 0 0 2 0 0 0 0 0 0 0 0 0
0 0 0 0 0 0 0 0 0 2 1 0 1 0 0 0 1 0 0 0 0 0 0 3 7 0 0 0 1 0 0 0 0 0 0 0 0 1 0 0 0 0 0 0 0 0 0 0 0 1 4 70 70 7 2 0 0 0 1 2 3 63 222 0 0 0 0 0 0 0 0 0 0 1 12 0 0 0 0 0 0 0 0 0 0 0 0 0 0 0 22 6 0 38 22 3 0 0 1 0 0 0 0 0 0 0 0 0 0 0 0 0 0 0 0 0 0 0 0 0 0 0 0 0 0 0 0 0 0 0 0 0 0 0 0 0 0 0 0 0 0 0 0 0 0 0 0 0 0 0
0 0 0 0 0 0 0 0 0 0 0 0 5 1 0 0 0 0 0 0 0 3 0 0 0 0 0 0 0 2 0 0 0 0 0 0 0 0 0 0 1 1 0 0 0 0 0 0 2 18 30 80 241 11 21 5 1 0 1 0 1 19 0 0 0 0 0 0 0 0 0 0 0 1 0 0 0 0 0 0 0 0 0 0 0 0 0 0 0 0 0 10 19 39 10 1 0 0 0 0 0 0 0 0 0 0 0 0 0 0 0 0 0 0 0 0 0 0 0 0 0 0 0 0 0 0 0 0 0 0 0 0 0 0 0 0 0 0 0 0 0 0 0 0 0 0 0 0 0 0
0 0 0 0 0 0 0 0 0 0 0 0 13 4 1 1 0 5 2 0 0 2 0 0 0 2 0 0 0 0 0 0 0 0 0 0 0 0 0 0 0 0 0 0 0 0 0 0 15 10 2 29 199 1 18 2 1 0 0 0 0 18 5 0 0 0 0 0 0 0 0 0 0 0 0 0 0 0 0 0 0 0 0 0 0 0 0 0 0 0 0 0 3 6 11 6 11 0 0 12 0 0 0 0 0 0 0 0 0 0 0 0 0 0 0 0 0 0 0 0 0 0 0 0 0 0 0 0 0 0 0 0 0 0 0 0 0 0 0 0 0 0 0 0 0 0 0 0 0 0
0 0 0 0 0 0 0 0 4 13 0 0 0 0 4 0 0 2 0 0 0 0 0 10 7 2 0 0 0 0 0 0 0 1 0 0 0 2 0 0 0 0 0 0 0 0 0 22 3 1 0 31 29 0 0 0 0 0 2 4 17 10 0 4 0 0 0 0 0 0 0 0 0 0 0 0 0 0 0 0 0 0 0 0 0 0 0 0 0 0 0 0 0 0 0 1 11 0 5 0 0 0 0 0 0 0 0 0 0 0 0 0 0 0 0 0 0 0 0 0 0 0 0 0 0 0 0 0 0 0 0 0 0 0 0 0 0 0 0 0 0 0 0 0 0 0 0 0 0 0
1 0 15 0 0 0 0 0 0 0 0 0 0 0 0 0 0 1 0 0 0 1 0 1 4 1 1 0 0 0 1 1 2 3 21 2 1 2 0 0 0 1 0 0 0 5 10 14 0 0 0 0 0 0 0 0 0 0 0 3 18 0 0 0 0 0 0 0 0 0 0 0 0 0 0 0 0 0 0 0 0 0 0 0 0 0 0 0 0 0 0 0 0 13 0 7 6 18 0 0 0 0 0 0 0 0 0 0 0 0 0 0 0 0 0 0 0 0 0 0 0 0 0 0 0 0 0 0 0 0 0 0 0 0 0 0 0 0 0 0 0 0 0 0 5 12 0 0 0 0
0 0 0 0 0 0 0 0 0 0 0 2 0 0 0 0 1 0 0 0 5 2 0 0 0 2 0 0 0 0 1 1 0 0 0 3 0 0 0 0 0 0 0 0 7 10 5 0 0 0 0 0 0 0 0 0 0 0 0 0 0 3 0 0 0 0 0 0 0 0 0 2 1 0 0 0 0 0 0 0 0 0 0 0 0 0 0 0 0 0 0 0 0 0 10 6 18 2 0 0 9 1 0 0 0 0 0 0 0 0 0 0 0 0 0 0 0 0 0 0 0 0 0 0 0 0 0 0 0 0 0 0 0 0 0 0 0 0 0 0 0 0 0 0 0 0 0 0 0 0
0 0 0 0 0 0 0 0 0 0 0 10 0 0 0 0 0 0 1 2 0 0 0 0 0 0 0 0 0 0 0 0 0 0 0 0 0 0 0 0 0 0 0 1 14 0 0 0 0 0 0 0 0 0 0 0 0 0 0 0 4 0 0 0 0 0 0 0 0 0 0 1 0 0 0 0 0 0 0 0 0 0 0 0 0 0 0 0 0 0 0 0 0 0 17 0 1 0 0 2 1 4 0 0 0 0 0 0 0 0 0 0 0 0 0 0 0 0 0 0 0 0 0 0 0 0 0 0 0 0 0 0 0 0 0 0 0 0 0 0 0 0 0 0 0 0 0 0 0 0
0 0 0 0 0 0 0 0 0 4 19 1 24 0 0 3 3 0 0 0 0 0 0 0 0 0 0 0 0 0 0 0 0 0 0 0 0 0 0 0 0 0 0 10 4 0 0 0 0 0 0 0 0 0 0 0 0 0 0 1 6 0 0 0 0 0 0 0 0 0 2 0 0 0 0 0 0 0 0 0 0 0 0 0 0 0 0 0 0 0 0 0 0 0 1 1 7 0 0 0 0 0 0 0 0 0 0 0 0 0 0 0 0 0 0 0 0 0 0 0 0 0 0 0 0 0 0 0 0 0 0 0 0 0 0 0 0 0 0 0 0 0 0 0 0 0 0 0 0 0
0 0 0 0 0 5 6 4 4 1 0 13 10 2 11 9 16 9 0 0 0 0 0 0 0 0 0 0 0 0 0 0 0 0 0 0 0 0 0 0 0 0 0 10 3 0 0 0 0 0 0 0 0 0 0 0 0 0 0 5 0 0 0 0 0 0 0 0 34 0 0 0 0 0 0 0 0 0 0 0 0 0 0 0 0 0 0 0 0 0 0 0 0 0 0 0 1 0 0 9 0 0 0 0 0 0 0 0 0 0 0 0 0 0 0 0 0 0 0 0 0 0 0 0 0 0 0 0 0 0 0 0 0 0 0 0 0 0 0 0 0 0 0 0 0 0 0 0 0 0
3 0 0 0 2 4 0 0 0 0 0 0 8 0 0 0 3 28 11 0 0 0 0 0 0 0 0 0 0 0 0 0 0 0 0 0 5 4 7 2 0 0 9 2 0 0 0 0 0 0 0 0 0 0 0 0 0 0 0 0 4 9 2 0 2 0 0 8 283 176 0 0 0 0 0 0 0 0 0 0 0 0 0 0 0 0 0 0 0 0 0 0 0 0 0 0 0 0 0 0 0 0 0 0 0 0 0 0 0 0 0 0 0 0 0 0 0 0 0 0 0 0 0 0 0 0 0 0 0 0 0 0 0 0 0 0 0 0 0 0 0 0 0 0 0 0 0 0 0 0
3 4 4 5 1 0 0 0 0 0 1 6 48 10 0 6 48 2 10 22 3 0 0 11 1 4 0 0 0 0 1 0 0 0 10 3 13 15 13 8 0 4 59 0 0 0 0 0 0 0 0 0 0 0 0 0 0 0 0 0 0 3 0 1 126 76 8 0 0 0 0 0 0 0 0 0 0 0 0 0 0 0 0 0 0 0 0 0 0 0 0 0 0 0 0 0 0 0 0 0 0 0 0 0 0 0 0 0 0 0 0 0 0 0 0 0 0 0 0 0 0 0 0 0 0 0 0 0 0 0 0 0 0 0 0 0 0 0 0 0 0 0 0 0 0 0 0 0 0 0
9 143 10 0 0 0 0 0 0 0 0 3 14 0 0 0 6 4 0 15 35 122 81 33 8 0 0 0 0 2 3 0 0 2 3 13 37 6 0 3 6 3 1 0 0 0 0 0 0 0 0 0 0 0 0 0 0 0 0 0 0 0 0 0 7 0 0 0 0 0 0 0 0 0 0 0 0 0 0 0 0 0 0 0 0 0 0 0 0 0 0 0 0 0 0 0 0 0 0 0 0 0 0 0 0 0 0 0 0 0 0 0 0 0 0 0 0 0 0 0 0 0 0 0 0 0 0 0 0 0 0 0 0 0 0 0 0 0 0 0 0 0 0 0 0 0 0 0 0 0
46 38 16 1 1 0 0 0 0 0 0 0 3 0 0 7 6 3 3 6 8 75 33 23 43 8 2 0 11 45 10 0 0 0 0 0 4 8 6 5 16 6 0 0 0 0 0 0 0 0 0 0 0 0 0 0 0 0 0 0 0 0 0 0 2 0 0 0 0 0 0 0 0 0 0 0 0 0 0 0 0 0 0 0 0 0 0 0 0 10 0 0 0 0 0 0 0 0 0 0 0 0 0 0 0 0 0 0 0 0 0 0 0 0 0 0 0 0 0 0 0 0 0 0 0 0 0 0 0 0 0 0 0 0 0 0 0 0 0 0 0 0 0 0 0 0 0 0 0 0
0 0 0 1 1 0 0 0 0 0 0 6 8 1 0 0 2 8 1 9 0 14 11 13 4 44 9 7 3 1 0 0 0 0 6 6 8 1 2 0 0 0 0 0 0 0 0 0 0 0 0 0 0 0 0 0 0 0 0 0 0 0 0 0 0 0 0 0 0 0 0 0 0 0 0 0 0 0 0 0 0 0 0 0 0 0 0 0 0 0 0 0 0 0 0 0 0 0 0 0 0 0 0 0 0 0 0 0 0 0 0 0 0 0 0 0 0 0 0 0 0 0 0 0 0 0 0 0 0 0 0 0 0 0 0 0 0 0 0 0 0 0 0 0 0 0 0 0 0 0
1 0 0 0 0 0 0 0 0 0 0 0 0 1 0 0 0 0 3 1 0 0 0 4 10 16 17 11 55 6 9 6 1 15 19 0 1 0 0 0 0 0 0 0 0 0 0 0 0 0 0 0 0 0 0 0 0 0 0 0 0 0 0 0 0 0 0 0 0 0 0 0 0 0 0 0 0 0 0 0 0 0 0 0 0 0 0 0 0 0 0 0 0 0 0 0 0 0 2 0 0 0 0 0 0 0 0 0 0 0 0 0 0 0 0 0 0 0 0 0 0 0 0 0 0 0 0 0 0 0 0 0 0 0 0 0 0 0 0 0 0 0 0 0 0 0 0 0 0 0
0 0 0 0 0 0 0 0 0 0 0 0 0 0 0 0 0 0 0 0 0 0 0 0 3 0 6 12 262 96 10 13 13 46 2 0 4 1 0 0 0 0 0 0 0 0 0 0 0 0 0 0 0 0 0 0 0 0 0 0 0 0 0 0 0 0 0 0 0 0 0 0 0 0 0 0 0 0 0 0 0 0 0 0 0 0 0 0 0 0 0 0 0 0 0 0 0 0 0 0 0 0 0 0 0 0 0 0 0 0 0 0 0 0 0 0 0 0 0 0 0 0 0 0 0 0 0 0 0 0 0 0 0 0 0 0 0 0 0 0 0 0 0 0 0 0 0 0 0 0
0 0 0 0 0 0 0 0 1 0 0 0 0 1 3 0 0 0 0 2 0 0 0 0 0 6 12 10 0 3 4 2 15 12 0 1 8 0 0 0 0 0 0 0 0 0 0 0 0 0 0 0 0 0 0 0 0 0 0 0 0 0 0 0 0 0 0 0 0 0 0 0 0 0 0 0 0 0 0 0 0 0 0 0 0 0 0 0 0 0 0 0 0 0 0 0 0 0 0 0 0 0 0 0 0 0 0 0 0 0 0 0 0 0 0 0 0 0 0 0 0 0 0 0 0 0 0 0 0 0 0 0 0 0 0 0 0 0 0 0 0 0 0 0 0 0 0 0 0 0
0 0 0 0 0 0 0 2 0 0 0 1 1 0 0 0 0 0 0 0 0 0 0 0 5 1 22 1 0 0 32 3 10 1 1 6 2 3 0 0 0 0 0 0 0 0 0 0 0 0 0 0 0 0 0 0 0 0 0 0 0 0 0 0 0 0 0 0 0 0 0 0 0 0 0 0 0 0 0 0 0 0 0 0 0 0 0 0 0 0 0 0 0 0 0 0 0 0 0 0 0 0 0 0 0 0 0 0 0 0 0 0 0 0 0 0 0 0 0 0 0 0 0 0 0 0 0 0 0 0 0 0 0 0 0 0 0 0 0 0 0 0 0 0 0 0 0 0 0 0
0 0 0 0 0 0 0 0 0 0 0 2 8 8 0 0 0 0 0 0 0 0 0 0 0 0 0 0 0 0 1 0 15 0 0 0 1 1 0 0 0 0 0 0 0 0 0 0 0 0 0 0 0 0 0 0 0 0 0 0 0 0 0 0 0 0 0 0 0 0 0 0 0 0 0 0 0 0 0 0 0 0 0 0 0 0 0 0 0 0 0 0 0 0 0 0 0 0 0 0 0 0 0 0 0 0 0 0 0 0 0 0 0 0 0 0 0 0 0 0 0 0 0 0 0 0 0 0 0 0 0 0 0 0 0 0 0 0 0 0 0 0 0 0 0 0 0 0 0 0
0 0 0 0 0 0 0 0 0 0 3 2 2 1 0 0 0 0 0 0 0 0 0 0 0 0 0 36 2 2 9 0 0 0 0 0 0 0 0 0 0 0 0 0 0 0 0 0 0 0 0 0 0 0 0 0 0 0 0 0 0 0 0 0 0 0 0 0 0 0 0 0 0 0 0 0 0 0 0 0 0 0 0 0 0 0 0 0 0 0 0 0 0 0 0 0 0 0 0 0 0 0 0 0 0 0 0 0 0 0 0 0 0 0 0 0 0 0 0 0 0 0 0 0 0 0 0 0 0 0 0 0 0 0 0 0 0 0 0 0 0 0 0 0 0 0 0 0 0 0
0 0 0 0 0 0 0 0 0 1 0 0 0 0 0 0 0 0 0 0 0 0 0 0 0 0 0 9 0 0 0 0 1 3 4 0 0 0 0 0 0 0 0 0 0 0 0 0 0 0 0 0 0 0 0 0 0 0 0 0 0 0 0 0 0 0 0 0 0 0 0 0 0 0 0 0 0 0 0 0 0 0 0 0 0 0 0 0 0 0 0 0 0 0 0 0 0 0 0 0 0 0 0 0 0 0 0 0 0 0 0 0 0 0 0 0 0 0 0 0 0 0 0 0 0 0 0 0 0 0 0 0 0 0 0 0 0 0 0 0 0 0 0 0 0 0 0 0 0 0
0 0 0 0 0 0 0 0 0 0 7 0 0 0 0 0 0 0 0 0 0 0 0 0 0 0 0 0 0 0 0 0 1 0 0 0 0 0 0 0 0 0 0 0 0 0 0 0 0 0 0 0 0 0 0 0 0 0 0 0 0 0 0 0 0 0 0 0 0 0 0 0 0 0 0 0 0 0 0 0 0 0 0 0 0 0 0 0 0 0 0 0 0 0 0 0 0 0 0 0 0 0 0 0 0 0 0 0 0 0 0 0 0 0 0 0 0 0 0 0 0 0 0 0 0 0 0 0 0 0 0 0 0 0 0 0 0 0 0 0 0 0 0 0 0 0 0 0 0 0
0 0 0 0 0 0 0 0 0 1 2 0 0 0 0 0 0 0 0 0 0 0 0 0 0 0 0 0 0 0 0 0 0 0 0 0 0 0 0 0 0 0 0 0 0 0 0 0 0 0 0 0 0 0 0 0 0 0 0 0 0 0 0 0 0 0 0 0 0 0 0 0 0 0 0 0 0 0 0 0 0 0 0 0 0 0 0 0 0 0 0 0 0 0 0 0 0 0 0 0 0 0 0 0 0 0 0 0 0 0 0 0 0 0 0 0 0 0 0 0 0 0 0 0 0 0 0 0 0 0 0 0 0 0 0 0 0 0 0 0 0 0 0 0 0 0 0 0 0 0
0 0 0 0 0 0 0 0 0 2 6 0 1 0 0 0 0 0 0 0 0 0 0 0 0 0 0 0 0 0 0 0 0 0 0 0 0 0 0 0 0 0 0 0 0 0 0 0 0 0 0 9 0 0 0 0 0 0 0 0 0 0 0 0 0 0 0 0 0 0 0 0 0 0 0 0 0 0 0 0 0 0 0 0 0 0 0 0 0 0 0 0 0 0 0 0 0 0 0 0 0 0 0 0 0 0 0 0 0 0 0 0 0 0 0 0 0 0 0 0 0 0 0 0 0 0 0 0 0 0 0 0 0 0 0 0 0 0 0 0 0 0 0 0 0 0 0 0 0 0
0 0 1 0 0 0 0 0 19 29 0 0 0 0 0 0 0 0 0 0 0 0 0 0 0 0 0 0 0 0 0 0 0 0 0 0 0 0 0 0 0 0 0 0 0 0 0 0 0 0 1 0 0 0 0 0 0 0 0 0 0 0 0 0 0 0 0 0 0 0 0 0 0 0 0 0 0 0 0 0 0 0 0 0 0 0 0 0 0 0 0 0 0 0 0 0 0 0 0 0 0 0 0 0 0 0 0 0 0 0 0 0 0 0 0 0 0 0 0 0 0 0 0 0 0 0 0 0 0 0 0 0 0 0 0 0 0 0 0 0 0 0 0 0 0 0 0 0 0 0
0 0 0 0 1 6 32 12 12 0 0 0 0 0 0 0 0 0 0 0 0 0 0 0 0 0 0 0 0 0 0 0 0 0 0 0 0 0 0 0 0 0 0 0 0 0 0 0 1 27 39 0 0 0 0 0 0 0 0 0 0 0 0 0 0 0 0 0 0 0 0 0 0 0 0 0 0 0 0 0 0 0 0 0 0 0 0 0 0 0 0 0 0 0 0 0 0 0 0 0 0 0 0 0 0 0 0 0 0 0 0 0 0 0 0 0 0 0 0 0 0 0 0 0 0 0 0 0 0 0 0 0 0 0 0 0 0 0 0 0 0 0 0 0 0 0 0 0 0 0
0 0 0 0 0 0 18 20 0 0 0 0 0 0 0 0 0 0 0 0 0 0 0 0 0 0 0 0 0 0 0 0 0 0 0 0 0 0 0 0 0 0 0 0 0 0 0 0 3 0 0 0 0 0 0 0 0 0 0 0 0 0 0 0 0 0 0 0 0 0 0 0 0 0 0 0 0 0 0 0 0 0 0 0 0 0 0 0 0 0 0 0 0 0 0 0 0 0 0 0 0 0 0 0 0 0 0 0 0 0 0 0 0 0 0 0 0 0 0 0 0 0 0 0 0 0 0 0 0 0 0 0 0 0 0 0 0 0 0 0 0 0 0 0 0 0 0 0 0 0
0 0 0 0 0 0 0 0 0 0 0 0 0 0 0 0 0 0 0 0 0 0 0 0 0 0 0 0 0 0 0 0 0 0 0 0 0 0 0 0 0 0 0 0 0 0 0 0 1 0 0 0 5 24 0 0 0 0 0 0 0 0 0 0 0 0 0 0 0 0 0 0 0 0 0 0 0 0 0 0 0 0 0 0 0 0 0 0 0 0 0 0 0 0 0 0 0 0 0 0 0 0 0 0 0 0 0 0 0 0 0 0 0 0 0 0 0 0 0 0 0 0 0 0 0 0 0 0 0 0 0 0 0 0 0 0 0 0 0 0 0 0 0 0 0 0 0 0 0 0
0 0 0 0 0 0 0 0 0 0 0 0 0 0 0 0 0 0 0 0 0 0 0 0 0 0 0 0 0 0 0 0 0 0 0 1 0 0 0 0 0 0 0 0 0 0 0 0 0 0 0 0 0 0 0 0 0 0 0 0 0 0 0 0 0 0 0 0 0 0 0 0 0 0 0 0 0 0 0 0 0 0 0 0 0 0 0 0 0 0 0 0 0 0 0 0 0 0 0 0 0 0 0 0 0 0 0 0 0 0 0 0 0 0 0 0 0 0 0 0 0 0 0 0 0 0 0 0 0 0 0 0 0 0 0 0 0 0 0 0 0 0 0 0 0 0 0 0 0 0
0 0 0 0 0 0 0 0 0 0 0 0 0 0 0 0 0 0 0 0 0 0 0 0 0 0 0 0 0 0 0 0 0 0 0 0 0 0 0 0 0 0 0 0 0 0 0 0 1 0 0 6 1 0 0 0 0 0 0 0 0 0 0 0 0 0 0 0 0 0 0 0 0 0 0 0 0 0 0 0 0 0 0 0 0 0 0 0 0 0 0 0 0 0 0 0 0 0 0 0 0 0 0 0 0 0 0 0 0 0 0 0 0 0 0 0 0 0 0 0 0 0 0 0 0 0 0 0 0 0 0 0 0 0 0 0 0 0 0 0 0 0 0 0 0 0 0 0 0 0
0 0 0 0 0 0 0 0 0 0 0 0 0 0 0 0 0 0 0 0 0 0 0 0 0 0 0 0 0 0 0 0 6 0 0 0 0 0 0 0 0 0 0 0 0 0 0 0 0 0 0 0 3 0 0 0 0 0 0 0 0 0 0 0 0 0 0 0 0 0 0 0 0 0 0 0 0 0 0 0 0 0 0 0 0 0 0 0 0 0 0 0 0 0 0 0 0 0 0 0 0 0 0 0 0 0 0 0 0 0 0 0 0 0 0 0 0 0 0 0 0 0 0 0 0 0 0 0 0 0 0 0 0 0 0 0 0 0 0 0 0 0 0 0 0 0 0 0 0 0
0 0 0 0 0 0 0 0 0 0 0 0 0 0 0 0 0 0 0 0 0 0 0 0 0 0 0 0 0 0 3 1 0 0 0 0 2 0 0 0 0 0 0 0 0 0 0 0 0 0 0 0 0 6 0 0 0 0 0 0 0 0 0 0 0 0 0 0 0 0 0 0 0 0 0 0 0 0 0 0 0 0 0 0 0 0 0 0 0 0 0 0 0 0 0 0 0 0 0 0 0 0 0 0 0 0 0 0 0 0 0 0 0 0 0 0 0 0 0 0 0 0 0 0 0 0 0 0 0 0 0 0 0 0 0 0 0 0 0 0 0 0 0 0 0 0 0 0 0 0
0 0 0 0 0 0 0 0 0 0 0 0 0 0 0 0 0 0 0 0 0 0 0 0 0 0 0 0 0 0 2 10 2 0 0 0 2 0 0 0 0 0 0 0 0 0 0 0 0 0 0 0 0 0 0 0 0 0 0 0 0 0 0 0 0 0 0 0 0 0 0 0 0 0 0 0 0 0 0 0 0 0 0 0 0 0 0 0 0 0 0 0 0 0 0 0 0 0 0 0 0 0 0 0 0 0 0 0 0 0 0 0 0 0 0 0 0 0 0 0 0 0 0 0 0 0 0 0 0 0 0 0 0 0 0 0 0 0 0 0 0 0 0 0 0 0 0 0 0 0
0 0 0 0 0 0 0 0 0 0 0 0 0 0 0 0 0 0 0 0 0 0 0 0 0 0 0 0 0 0 6 12 0 0 0 0 0 0 0 0 0 0 0 0 0 0 0 0 0 0 0 0 0 0 0 0 0 0 0 0 0 0 0 0 0 0 0 0 0 0 0 0 0 0 0 0 0 0 0 0 0 0 0 0 0 0 0 0 0 0 0 0 0 0 0 0 0 0 0 0 0 0 0 0 0 0 0 0 0 0 0 0 0 0 0 0 0 0 0 0 0 0 0 0 0 0 0 0 0 0 0 0 0 0 0 0 0 0 0 0 0 0 0 0 0 0 0 0 0 0
0 0 0 0 0 0 0 0 0 0 0 0 0 0 0 0 0 0 0 0 0 0 0 0 0 0 2 0 0 7 0 0 0 0 0 0 0 0 0 0 0 0 0 0 0 0 0 0 0 0 0 0 0 0 0 0 0 0 0 0 0 0 0 0 0 0 0 0 0 0 0 0 0 0 0 0 0 0 0 0 0 0 0 0 0 0 0 0 0 0 0 0 0 0 0 0 0 0 0 0 0 0 0 0 0 0 0 0 0 0 0 0 0 0 0 0 0 0 0 0 0 0 0 0 0 0 0 0 0 0 0 0 0 0 0 0 0 0 0 0 0 0 0 0 0 0 0 0 0 0
0 0 0 0 0 0 0 0 0 0 0 0 0 0 0 0 0 0 0 0 0 0 0 0 0 0 0 0 0 65 30 0 0 0 0 0 0 0 0 0 0 0 0 0 0 0 0 0 0 0 0 0 0 0 0 0 0 0 0 0 0 0 0 0 0 0 0 0 0 0 0 0 0 0 0 0 0 0 0 0 0 0 0 0 0 0 0 0 0 0 0 0 0 0 0 0 0 0 0 0 0 0 0 0 0 0 0 0 0 0 0 0 0 0 0 0 0 0 0 0 0 0 0 0 0 0 0 0 0 0 0 0 0 0 0 0 0 0 0 0 0 0 0 0 0 0 0 0 0 0
0 0 0 0 0 0 0 0 0 0 0 0 0 0 0 0 0 0 0 0 0 0 0 0 0 0 11 0 0 0 0 0 0 0 0 0 0 0 0 0 0 0 0 0 0 0 0 0 1 40 0 0 0 0 0 0 0 0 0 0 0 0 0 0 0 0 0 0 0 0 0 0 0 0 0 0 0 0 0 0 0 0 0 0 0 0 0 0 0 0 0 0 0 0 0 0 0 0 0 0 0 0 0 0 0 0 0 0 0 0 0 0 0 0 0 0 0 0 0 0 0 0 0 0 0 0 0 0 0 0 0 0 0 0 0 0 0 0 0 0 0 0 0 0 0 0 0 0 0 0
0 0 0 0 0 0 0 0 0 0 0 0 0 0 0 0 0 0 0 0 0 0 0 0 0 0 14 0 0 0 0 0 0 0 0 0 0 0 0 0 0 0 0 0 0 0 0 0 13 0 0 0 0 0 0 0 0 0 0 0 0 0 0 0 0 0 0 0 0 0 0 0 0 0 0 0 0 0 0 0 0 0 0 0 0 0 0 0 0 0 0 0 0 0 0 0 0 0 0 0 0 0 0 0 0 0 0 0 0 0 0 0 0 0 0 0 0 0 0 0 0 0 0 0 0 0 0 0 0 0 0 0 0 0 0 0 0 0 0 0 0 0 0 0 0 0 0 0 0 0
0 0 0 0 0 0 0 0 0 0 0 0 0 0 0 0 0 0 0 0 0 0 0 0 0 0 0 0 13 0 0 0 0 0 0 0 0 0 0 0 0 0 0 0 0 0 0 0 0 0 0 0 0 0 0 0 0 0 0 0 0 0 0 0 0 0 0 0 0 0 0 0 0 0 0 0 0 0 0 0 0 0 0 0 0 0 0 0 0 0 0 0 0 0 0 0 0 0 0 0 0 0 0 0 0 0 0 0 0 0 0 0 0 0 0 0 0 0 0 0 0 0 0 0 0 0 0 0 0 0 0 0 0 0 0 0 0 0 0 0 0 0 0 0 0 0 0 0 0 0
0 0 0 0 0 0 0 0 0 0 0 0 0 0 0 0 0 0 0 0 0 0 0 0 0 0 0 0 0 0 0 0 0 0 0 0 0 0 0 0 0 0 0 0 0 0 0 0 0 0 0 0 0 0 0 0 0 0 0 0 0 0 0 0 0 0 0 0 0 0 0 0 0 0 0 0 0 0 0 0 0 0 0 0 0 0 0 0 0 0 0 0 0 0 0 0 0 0 0 0 0 0 0 0 0 0 0 0 0 0 0 0 0 0 0 0 0 0 0 0 0 0 0 0 0 0 0 0 0 0 0 0 0 0 0 0 0 0 0 0 0 0 0 0 0 0 0 0 0 0
0 0 0 0 0 2 0 0 0 0 0 0 0 0 0 0 0 0 0 0 0 0 0 0 0 0 0 0 0 0 0 0 0 0 0 0 0 0 0 0 0 0 0 0 0 0 0 0 0 0 1 0 0 0 0 0 0 0 0 0 0 0 0 0 0 0 0 0 0 0 0 0 0 0 0 0 0 0 0 0 0 0 0 0 0 0 0 0 0 0 0 0 0 0 0 0 0 0 0 0 0 0 0 0 0 0 0 0 0 0 0 0 0 0 0 0 0 0 0 0 0 0 0 0 0 0 0 0 0 0 0 0 0 0 0 0 0 0 0 0 0 0 0 0 0 0 0 0 0 0
0 0 0 0 0 0 0 0 0 0 0 0 0 0 0 0 0 0 0 0 0 0 0 0 0 0 0 0 0 0 0 0 0 0 0 0 0 0 0 0 0 0 0 0 0 0 0 0 0 0 0 0 0 0 0 0 0 0 0 0 0 0 0 0 0 0 0 0 0 0 0 0 0 0 0 0 0 0 0 0 0 0 0 0 0 0 0 0 0 0 0 0 0 0 0 0 0 0 0 0 0 0 0 0 0 0 0 0 0 0 0 0 0 0 0 0 0 0 0 0 0 0 0 0 0 0 0 0 0 0 0 0 1 0 0 0 0 0 0 0 0 0 0 0 0 0 0 0 0 0
0 0 0 0 0 0 0 0 0 0 0 0 0 0 0 0 0 0 0 0 0 0 0 0 0 0 0 0 0 0 0 0 0 0 0 0 0 0 0 0 0 0 0 0 0 0 0 0 0 0 0 0 0 0 0 0 0 0 0 0 0 0 0 0 0 0 0 0 0 0 0 0 0 0 0 0 0 0 0 0 0 0 0 0 0 0 0 0 0 0 0 0 0 0 0 0 0 0 0 0 0 0 0 0 0 0 0 0 0 0 0 0 0 0 0 0 0 0 0 0 0 0 0 0 0 0 0 0 0 0 0 0 0 0 0 0 0 0 0 0 0 0 0 0 0 0 0 0 0 0
0 0 0 0 0 0 0 0 0 0 0 0 0 0 0 0 0 0 0 0 0 0 0 0 0 0 0 0 0 0 0 0 0 0 0 0 0 0 0 0 0 0 0 0 0 0 0 0 0 0 0 0 0 0 0 0 0 0 0 0 0 0 0 0 0 0 0 0 0 0 0 0 0 0 0 0 0 0 0 0 0 0 0 0 0 0 0 0 0 0 0 0 0 0 0 0 0 0 0 0 0 0 0 0 0 0 0 0 0 0 0 0 0 0 0 0 0 0 0 0 0 0 0 0 0 0 0 0 0 0 0 0 0 0 0 0 0 0 0 0 0 0 0 0 0 0 0 0 0 0
