0 0 1 1 0 0 1 0 3 9 2 1 0 1 0 0 0 4 2 0 0 1 0 0 0 7 0 0 0 0 0 0 0 0 0 2 0 0 0 0 0 0 0 4 0 0 0 0 0 0 0 0 0 0 1 0 0 0 0 1 15 7 0 0 0 1 2 0 0 0 0 1 5 61 54 90 55 10 4 1 6 239 12 14 12 59 67 54 11 170 268 146 14 154 182 144 224 179 220 25 62 35 7 10 7 6 23 138 70 6 0 3 8 25 20 8 13 6 1 0 2 5 2 5 2 3 0 1 2 10 1 3 1 1 0 0 0 0 0 0 0 0 0 0 0 0 0 0 0 4
1 0 2 6 0 0 0 0 0 3 8 34 0 0 0 0 0 0 0 0 0 0 8 0 2 2 0 2 0 0 0 0 0 0 0 0 0 0 1 0 0 0 0 0 0 0 0 0 0 0 0 0 0 0 1 0 0 0 0 13 20 13 2 136 0 0 0 0 0 0 0 1 13 10 3 1 331 14 2 0 74 6 6 0 13 87 61 245 50 94 18 10 58 78 126 45 64 193 256 143 72 86 35 6 11 7 1 9 10 2 1 6 0 9 17 3 2 0 2 118 1 1 0 1 0 1 2 5 12 11 3 3 19 14 0 0 0 0 1 19 4 0 0 0 0 0 0 0 0 0
0 0 0 0 3 0 2 0 0 3 0 0 0 2 1 0 0 0 0 0 0 2 24 2 1 0 0 2 0 0 0 0 0 0 0 0 0 1 0 1 1 0 0 0 0 0 0 0 0 0 0 0 0 0 0 0 0 0 0 3 17 9 0 2 0 0 0 0 0 0 0 2 1 0 0 1 0 15 42 65 72 20 5 6 9 41 150 48 3 0 136 8 12 75 135 323 43 154 77 80 108 62 2 17 4 2 1 3 51 60 6 2 2 2 0 0 2 13 3 5 25 7 1 3 2 1 1 1 0 6 1 0 33 30 0 0 1 0 0 1 2 6 0 0 0 0 0 0 0 0
6 1 0 0 0 0 0 0 0 0 2 0 0 0 0 0 0 0 1 0 0 0 4 9 3 0 1 6 2 0 2 0 0 0 0 6 0 4 0 0 0 0 0 0 0 0 0 0 0 0 0 0 1 0 21 5 0 12 11 1 0 0 1 4 0 0 0 0 0 0 5 43 0 0 0 1 0 26 77 33 41 8 2 21 52 3 14 48 0 26 135 149 559 105 294 57 48 45 174 52 105 219 20 246 7 52 2 4 63 12 6 8 14 1 4 3 6 33 9 4 6 16 8 2 0 3 2 0 3 2 0 3 10 0 0 0 6 0 0 3 4 11 0 0 0 0 0 0 0 0
0 2 0 0 0 0 0 0 0 0 0 0 0 0 0 1 2 0 0 0 0 0 2 0 0 0 0 0 0 0 0 0 0 1 0 4 3 0 0 0 0 0 0 0 0 0 0 0 0 2 0 0 0 0 10 40 9 14 0 0 1 0 0 3 0 0 0 0 0 9 35 46 12 75 3 11 9 50 74 31 303 51 58 3 60 19 22 7 8 118 459 100 106 178 151 55 21 213 59 209 174 453 267 192 112 24 46 8 3 2 14 11 12 10 2 0 4 5 26 55 64 229 23 5 1 0 1 0 2 1 2 0 0 0 0 0 0 0 0 0 27 4 0 0 0 0 0 0 0 0
4 0 0 0 0 0 0 0 1 0 0 0 0 0 0 0 0 0 0 19 0 10 0 0 0 0 0 0 0 3 0 32 0 0 3 22 12 11 0 0 0 0 0 0 0 0 0 0 0 5 40 6 0 1 8 18 5 10 0 0 0 0 1 0 0 0 0 0 0 14 22 286 51 15 23 6 9 1 4 87 142 172 153 17 0 49 11 2 1 54 399 434 7 82 217 1060 11 536 69 219 90 147 196 184 8 25 45 20 0 0 0 1 1 8 1 2 7 24 0 5 26 26 2 1 0 2 1 2 3 0 1 1 0 0 0 0 1 0 0 0 0 6 0 0 0 0 0 0 0 0
0 0 0 0 0 0 0 0 0 2 1 0 0 1 0 0 0 0 0 0 0 0 2 0 0 0 0 0 0 0 0 1 0 0 0 7 2 0 0 0 0 0 0 0 0 0 0 0 0 0 0 0 0 1 0 5 2 0 5 15 2 2 1 0 2 0 0 0 0 224 14 15 55 70 63 29 88 21 48 185 175 123 289 106 36 1 0 61 15 18 229 283 8 118 141 313 47 142 205 16 10 70 28 34 6 41 39 7 5 5 9 175 47 3 2 7 1 0 5 3 21 79 1 1 0 1 1 1 0 0 2 0 0 0 0 0 0 3 0 0 0 0 0 0 0 0 0 0 0 0
0 0 0 1 0 0 0 0 1 0 1 0 0 0 0 0 0 0 0 0 0 0 0 0 0 0 0 0 0 0 1 0 0 0 2 0 0 0 0 0 0 0 0 0 0 0 0 0 0 0 0 0 2 6 1 0 1 7 7 27 14 13 6 1 3 34 0 0 1 24 0 1 4 8 15 3 57 36 125 249 143 79 238 39 46 33 54 387 81 35 123 21 5 127 68 94 43 216 273 47 37 76 164 122 58 31 12 7 13 6 100 132 29 15 10 24 1 0 4 5 3 2 4 4 2 13 5 2 2 0 0 0 0 0 0 0 0 0 0 0 0 0 0 0 0 0 0 0 1 0
0 0 0 0 0 0 1 0 1 1 0 0 0 1 3 0 0 0 0 0 0 0 0 0 0 0 0 0 0 0 2 0 0 0 1 0 0 0 0 0 0 0 0 0 0 0 0 0 0 0 0 0 0 2 0 0 0 3 1 12 62 44 2 0 1 1 0 3 0 11 0 0 0 2 1 1 0 12 12 174 239 325 176 20 6 1 65 176 71 19 0 2 61 175 357 385 16 96 84 46 79 39 19 98 187 39 33 160 8 29 243 88 52 2 13 7 0 2 2 6 2 12 4 8 8 1 1 1 0 0 3 0 0 0 0 0 0 0 0 0 0 0 0 0 0 0 0 0 0 0
0 0 0 0 0 0 0 1 2 0 0 1 0 0 0 0 0 0 0 0 0 0 0 0 0 0 0 0 0 0 0 0 0 0 0 0 0 1 0 0 0 0 0 0 0 0 2 0 0 0 1 0 4 3 0 1 0 0 0 8 13 33 0 0 2 0 0 2 1 0 0 0 0 2 0 3 2 3 107 144 199 224 171 188 185 225 78 20 110 27 18 1 5 111 229 331 211 21 19 5 15 49 16 1 8 162 51 77 18 4 122 103 28 1 7 62 55 193 44 14 5 2 6 11 7 3 0 0 1 4 21 3 0 0 0 3 0 0 0 0 0 0 0 0 0 0 0 0 0 0
0 0 1 0 0 0 1 0 1 1 0 0 0 0 10 3 0 0 0 0 0 0 0 0 0 0 0 0 0 0 0 0 0 0 0 0 0 0 1 0 0 1 0 0 0 0 2 5 3 6 6 1 5 7 0 0 0 1 3 5 0 59 3 11 0 0 1 0 0 0 0 0 0 0 0 0 0 2 65 75 86 83 219 58 55 125 48 114 88 94 7 0 0 19 84 174 236 16 7 17 3 32 0 3 26 46 274 236 25 18 89 22 42 6 0 45 196 221 79 44 73 53 47 35 25 92 8 22 12 4 2 31 7 25 1 1 0 0 0 0 0 0 0 0 0 0 0 0 0 0
0 0 0 0 0 0 0 0 1 0 0 0 0 0 0 0 15 1 0 0 0 0 0 0 0 0 0 0 0 0 0 0 0 1 0 0 1 0 0 0 0 2 1 0 5 0 0 0 0 0 0 0 3 2 0 0 1 0 1 2 0 1 0 0 0 1 0 0 0 0 1 0 0 0 0 0 6 9 58 98 135 57 12 19 23 21 3 7 27 156 11 0 0 1 0 22 187 72 76 5 2 3 1 11 3 17 99 67 3 6 114 70 16 14 13 67 154 57 89 202 98 73 27 26 21 34 0 1 0 102 0 0 19 17 106 1 1 0 0 0 0 0 0 0 0 0 0 0 0 0
2 0 0 0 0 0 0 0 0 1 0 0 0 0 0 0 1 4 1 0 0 0 0 0 0 0 0 0 0 0 0 0 0 0 0 0 0 0 0 0 0 1 14 0 0 0 0 6 0 0 0 0 2 0 0 0 0 0 0 2 0 0 0 0 0 0 0 0 0 0 4 0 0 0 2 8 34 10 97 14 26 56 8 0 3 5 15 3 0 0 0 0 0 14 81 26 331 80 142 64 1 1 11 2 7 3 0 31 200 99 267 105 24 228 34 8 8 32 281 295 21 37 24 0 10 21 2 0 18 4 0 0 6 3 1 0 2 0 0 0 0 0 0 0 0 0 0 0 0 0
0 0 0 1 0 0 0 0 0 0 0 0 0 0 0 0 0 0 12 0 1 2 0 0 0 0 0 0 0 1 1 0 0 0 0 0 0 0 0 0 0 0 0 45 46 0 0 0 1 0 0 10 0 0 0 0 0 0 2 0 2 1 0 42 0 0 9 6 3 5 10 0 0 0 3 112 114 124 32 18 10 214 16 3 6 237 3 0 0 8 0 4 0 6 3 1 19 96 23 31 0 4 68 25 84 9 25 103 82 183 453 296 221 54 58 80 93 64 354 147 42 12 0 0 0 3 2 0 3 4 0 0 0 0 0 0 1 0 0 0 0 0 0 0 0 0 0 0 0 0
0 0 0 0 0 0 1 0 3 1 0 0 0 0 0 0 0 0 0 3 1 0 0 1 2 0 0 0 0 0 1 0 0 0 0 0 0 0 0 0 0 0 0 6 7 0 0 1 0 0 1 82 0 0 1 7 5 1 1 4 13 7 0 6 1 102 21 25 30 281 24 0 1 0 12 210 203 407 80 2 0 34 11 0 1 1 5 5 0 11 2 4 0 0 0 0 22 67 49 47 4 15 106 213 399 392 311 261 364 659 188 88 99 189 106 27 30 45 16 18 39 30 1 1 1 0 8 11 0 8 7 0 0 0 0 0 0 0 0 0 0 0 0 0 0 0 0 0 0 0
0 0 0 0 0 0 0 8 2 0 0 0 0 0 0 0 1 0 0 0 0 6 0 0 0 0 0 0 0 3 0 0 0 0 0 0 0 0 0 0 0 0 0 0 1 3 0 0 0 4 15 26 1 0 0 1 10 18 3 19 2 6 1 6 10 9 23 8 17 28 64 8 15 13 152 232 422 209 35 1 3 0 0 0 0 0 13 25 5 8 1 7 0 0 0 3 8 4 9 2 3 1 385 133 161 123 214 56 153 307 285 143 125 70 75 15 4 27 35 7 31 2 24 299 12 17 3 1 0 2 0 0 0 0 20 2 0 0 0 0 0 0 0 0 0 0 0 0 0 0
0 0 0 0 0 0 1 1 1 0 0 0 1 0 0 0 1 0 0 0 0 0 6 6 4 0 0 0 0 0 0 0 0 0 0 0 0 0 0 0 0 0 0 0 0 0 0 0 2 3 4 3 0 2 1 9 48 34 54 7 0 0 0 0 0 0 0 0 0 0 0 3 72 8 100 137 108 67 18 0 0 0 0 0 2 0 0 6 12 4 1 0 2 0 0 2 10 0 1 18 0 83 179 195 85 86 98 543 140 133 190 98 99 90 29 13 3 23 43 0 0 1 13 12 5 76 0 7 1 0 0 0 0 0 0 0 0 0 0 0 0 0 0 0 0 0 0 0 0 0
0 0 0 0 1 0 0 0 0 0 0 0 0 0 0 0 0 0 0 1 0 3 0 1 3 0 1 4 0 0 0 0 0 0 0 0 0 0 0 0 0 0 0 1 0 5 25 1 0 6 7 5 6 21 192 3 6 22 72 0 1 0 0 0 1 13 6 28 0 5 7 0 16 8 31 24 0 60 3 5 0 0 1 1 0 0 0 1 20 0 0 23 15 17 0 0 6 0 9 127 25 29 39 32 41 96 29 73 90 350 16 21 14 34 27 7 39 36 3 1 0 0 0 1 14 182 92 1 1 2 0 0 0 0 0 0 0 0 0 0 0 0 0 0 0 0 0 0 0 0
0 0 0 0 0 0 1 0 0 0 0 0 0 0 0 0 0 0 0 1 0 0 1 0 1 7 29 16 8 0 0 0 0 0 0 4 0 0 0 0 0 1 0 3 10 9 2 17 7 145 34 4 7 7 5 11 56 24 2 10 16 15 0 0 0 0 0 1 1 1 2 3 10 5 1 15 18 23 3 0 1 0 4 11 0 8 8 5 3 0 0 6 21 70 5 0 0 6 69 7 67 68 16 5 16 25 37 94 321 0 1 21 1 120 22 0 0 0 0 0 0 0 1 5 8 56 60 65 17 0 0 0 0 0 0 0 0 0 0 0 0 0 0 0 0 0 0 0 0 0
0 0 0 0 1 0 0 0 0 0 0 0 0 0 0 0 0 0 0 0 0 3 23 2 1 0 1 2 37 0 0 0 0 0 0 0 0 0 0 0 0 1 0 98 14 12 23 3 2 132 19 1 0 0 11 3 4 47 2 0 1 2 0 0 0 2 0 0 2 2 12 28 2 0 0 14 71 0 0 1 0 0 0 0 0 4 9 0 2 9 19 10 0 0 0 3 0 0 3 1 142 340 205 28 41 18 34 192 20 2 0 0 0 45 4 1 0 0 0 0 0 0 0 2 0 0 3 30 7 0 0 0 0 0 0 0 0 0 0 0 0 0 0 0 0 0 0 0 0 0
0 0 0 0 0 0 0 0 0 0 0 0 0 0 0 0 0 0 0 0 0 0 4 1 0 1 2 0 0 0 1 1 1 0 0 0 0 0 0 1 0 5 6 6 3 6 6 8 25 64 50 54 0 7 6 3 3 2 0 0 0 2 1 0 108 22 1 0 1 21 17 6 0 0 1 24 59 31 0 4 1 3 0 1 0 1 4 0 4 1 0 0 0 1 0 0 0 0 60 134 319 267 109 25 0 2 21 14 0 0 0 0 0 1 0 0 0 0 0 0 0 0 2 0 0 0 3 451 0 0 0 0 0 0 0 0 0 0 0 0 0 0 0 0 0 0 0 0 0 0
0 0 0 0 0 0 0 0 0 0 0 0 0 1 3 1 0 0 0 1 2 5 1 1 0 0 0 0 0 0 9 4 12 3 0 0 0 1 0 0 15 3 0 0 1 0 0 3 63 150 63 95 8 1 0 1 0 0 0 0 1 0 0 0 4 25 1 0 0 13 4 5 12 0 0 1 17 11 9 18 2 4 4 2 8 1 5 0 96 38 3 1 0 0 6 3 0 0 16 111 75 25 57 0 3 1 26 21 1 0 0 0 1 15 0 0 0 0 0 0 0 0 0 0 0 8 6 0 15 2 0 6 0 0 0 0 0 0 0 0 0 0 0 0 0 0 0 0 0 0
0 0 0 0 0 0 0 0 0 0 0 0 0 0 7 0 0 0 0 0 0 1 1 0 1 0 0 0 0 0 3 2 11 1 0 0 3 19 2 6 0 0 0 0 0 0 7 5 6 129 172 40 2 0 0 0 0 2 1 4 0 0 0 0 1 2 5 1 0 0 1 6 4 2 0 0 1 0 9 3 0 16 10 0 0 3 5 0 0 0 0 2 0 1 0 0 0 0 0 0 0 0 1 9 21 10 9 14 13 44 8 2 6 0 0 0 0 0 0 0 0 0 0 2 8 9 19 1 0 0 0 1 0 0 0 0 0 0 0 0 0 0 0 0 0 0 0 0 0 0
0 0 0 0 0 0 0 0 0 0 0 0 0 0 0 0 1 1 0 0 0 0 0 1 0 0 0 0 0 0 0 2 2 2 1 5 3 7 1 0 0 0 0 0 2 15 4 13 0 36 25 6 0 1 1 3 7 8 1 0 0 0 0 0 0 0 0 1 0 0 0 2 23 61 2 0 0 0 0 0 0 1 19 120 1 0 0 0 0 0 0 0 0 0 0 5 0 0 1 0 6 0 1 80 11 8 2 2 0 27 0 17 7 0 0 0 0 0 0 0 0 0 0 5 3 1 6 24 0 0 0 0 0 0 0 0 0 0 0 1 0 0 0 0 0 0 0 0 0 0
0 0 0 0 0 0 0 0 0 0 0 0 0 2 0 0 0 0 0 0 2 0 1 0 0 0 0 0 0 1 0 0 0 2 5 0 0 47 0 0 0 0 0 3 14 8 6 1 3 5 9 11 6 3 5 0 0 1 0 0 0 0 0 0 1 0 0 4 1 2 4 1 1 1 14 9 0 0 0 0 0 0 4 17 1 2 0 0 0 1 1 0 1 0 1 0 4 0 0 2 1 9 0 6 122 0 0 0 0 0 0 0 0 0 0 0 11 0 1 0 0 0 0 0 0 8 13 1 0 0 0 0 0 0 0 0 0 0 0 0 1 0 0 0 0 0 0 0 0 0
0 0 0 0 0 0 0 0 0 0 0 0 0 0 1 0 0 1 1 0 0 1 0 0 0 0 0 1 0 0 0 0 0 48 11 0 0 9 0 1 0 0 0 0 18 1 0 0 3 0 12 2 0 2 0 0 0 0 0 0 0 0 0 0 2 3 0 8 2 1 1 7 0 0 0 5 4 0 2 0 0 0 2 6 0 2 1 0 1 3 0 0 0 0 0 1 0 2 0 0 0 2 4 41 47 58 0 1 0 0 0 0 0 2 3 1 0 0 0 0 0 0 0 0 0 7 0 6 0 0 0 0 0 0 0 0 3 15 0 0 0 0 0 0 0 0 0 0 0 0
0 0 0 0 0 0 0 0 0 0 0 0 0 0 2 0 0 0 0 0 1 2 0 0 0 0 0 6 0 0 0 0 1 0 4 0 0 0 1 0 0 0 9 51 9 6 1 0 1 2 12 2 0 0 0 0 0 0 0 0 0 0 0 0 1 0 0 0 1 0 1 7 0 0 0 0 6 2 0 0 0 0 11 0 0 2 3 9 1 0 1 1 2 1 0 1 1 0 0 1 1 10 2 5 6 313 57 0 0 0 0 0 0 0 4 1 0 0 1 0 0 0 0 0 5 24 4 2 0 0 1 0 0 0 0 0 0 4 0 0 0 0 0 0 0 0 0 0 0 0
0 0 0 0 0 0 0 0 0 0 0 0 0 1 0 0 1 78 2 0 0 2 1 0 0 0 0 0 0 0 2 0 0 2 0 0 0 1 1 0 4 13 4 35 78 1 0 0 5 0 1 6 6 0 0 0 0 0 0 0 0 0 0 0 0 0 0 1 2 9 10 8 3 0 0 7 1 2 0 0 0 0 0 0 1 0 0 1 0 0 1 0 0 0 0 0 0 3 0 0 0 0 2 2 2 344 120 3 0 0 0 0 0 0 0 0 2 23 13 6 0 0 0 5 12 4 12 24 17 1 0 0 0 0 0 4 0 0 0 0 0 0 0 0 0 0 0 0 0 0
0 0 0 0 0 0 0 0 0 0 1 1 8 0 3 1 9 17 0 1 0 1 3 0 0 0 0 2 3 0 0 0 1 0 0 3 1 0 9 23 76 148 56 35 33 3 0 0 1 0 1 1 23 7 0 0 0 0 0 0 0 0 0 0 0 0 0 0 0 3 2 11 16 0 42 6 0 3 2 0 0 1 0 0 2 0 1 0 5 2 1 0 0 0 1 17 1 0 0 0 0 1 3 8 59 71 48 90 2 0 0 0 0 0 0 5 99 14 2 0 0 0 285 10 33 26 173 103 8 2 0 1 0 5 0 0 0 0 0 0 0 0 0 0 0 0 0 0 0 0
0 0 0 0 0 0 0 0 1 1 5 10 64 0 0 0 0 4 0 0 0 0 4 7 3 0 1 0 0 2 0 1 1 1 31 1 0 3 20 57 140 216 130 148 3 1 0 1 1 0 2 0 16 19 6 5 0 0 0 0 0 1 0 0 0 0 0 0 0 0 1 1 1 0 0 3 0 4 3 0 0 0 0 0 7 0 0 0 0 1 0 0 0 7 1 2 0 1 0 0 0 2 14 0 3 18 0 27 7 0 0 0 0 0 12 11 124 111 21 11 1 8 1 9 12 9 121 74 183 38 3 10 28 40 0 0 0 0 0 0 0 0 0 0 0 0 0 0 0 0
0 0 0 0 0 0 0 0 0 0 0 1 4 0 0 2 0 4 6 1 0 3 39 13 0 0 0 0 0 1 2 2 0 0 1 5 13 4 19 15 111 129 100 63 7 3 0 1 1 1 1 6 2 0 1 0 0 0 0 0 0 0 0 0 0 0 0 0 1 0 0 0 0 0 0 0 1 3 1 0 0 5 1 2 4 0 0 0 5 3 0 0 0 1 0 0 2 0 1 0 1 0 0 3 0 1 0 0 5 1 0 0 1 0 10 200 107 217 22 37 54 24 16 0 0 0 0 15 0 15 2 32 80 4 11 0 0 0 0 0 0 0 0 0 0 0 0 0 0 0
0 0 0 0 0 0 1 0 0 0 2 1 0 1 0 2 0 0 7 1 51 171 3 0 0 0 0 0 1 4 0 2 2 6 11 0 0 1 0 86 162 65 85 60 83 3 2 0 1 3 0 0 3 1 4 0 1 0 0 0 0 0 0 0 0 0 0 0 0 0 3 0 0 0 0 0 0 0 11 0 4 9 3 31 6 0 0 0 0 0 0 0 0 0 0 1 1 2 0 0 0 0 0 1 1 2 1 2 69 49 96 177 16 39 87 260 72 51 18 95 12 41 2 0 23 3 6 32 3 0 1 22 36 7 10 1 0 0 0 0 0 0 0 0 0 0 0 0 0 0
0 0 0 0 0 0 0 5 0 0 0 1 2 1 1 6 1 0 13 6 15 0 0 0 0 0 0 0 0 5 0 1 0 0 2 1 0 0 2 5 11 36 5 4 0 0 0 0 1 2 0 70 19 0 0 0 1 10 0 0 0 0 0 0 0 0 0 0 0 0 0 0 0 0 0 3 0 19 4 0 0 3 3 1 0 0 0 0 0 0 4 0 0 1 1 4 0 0 0 0 2 1 0 0 0 2 4 5 21 9 33 30 40 81 469 113 74 102 12 137 27 1 0 4 0 6 1 0 0 0 19 56 0 0 0 0 0 0 0 0 0 0 0 0 0 0 0 0 0 0
0 0 0 0 0 2 2 3 0 0 0 0 0 0 2 1 0 3 9 10 4 0 0 0 0 0 0 0 0 0 16 0 2 0 1 1 1 1 0 0 13 2 1 1 2 0 0 0 3 2 0 4 45 2 7 6 11 0 5 3 0 0 0 0 0 0 0 0 0 0 0 0 0 0 0 0 0 2 2 0 0 0 1 0 0 0 0 0 2 0 0 0 0 65 0 0 4 10 0 0 0 0 0 0 0 0 4 12 7 1 0 1 39 35 50 112 23 70 78 106 97 0 0 0 0 0 0 0 0 0 0 11 2 0 0 0 0 0 0 0 0 0 0 0 0 0 0 0 0 0
0 0 0 0 0 0 1 0 1 0 0 0 0 4 0 5 26 6 4 0 1 2 1 0 7 0 0 2 3 0 2 6 1 0 0 3 0 0 0 5 7 6 0 0 2 0 1 0 0 0 1 6 56 8 2 5 0 0 0 0 0 0 0 0 0 0 0 0 0 0 0 0 0 0 0 0 13 2 4 0 2 0 0 0 0 0 0 0 1 1 0 0 5 7 0 5 1 0 0 8 0 0 0 0 0 1 2 16 150 3 0 0 0 2 1 3 1 8 169 114 13 2 0 0 0 0 0 0 0 0 0 0 10 1 0 0 0 0 0 0 0 0 0 0 0 0 0 0 0 0
1 0 0 0 0 0 1 4 3 1 3 3 0 0 2 19 12 8 0 3 1 0 0 0 0 0 0 2 0 1 5 3 0 0 0 1 0 0 1 1 2 3 0 0 1 0 0 0 0 0 0 6 0 5 2 1 2 0 0 0 0 0 0 0 0 0 0 0 0 0 0 0 0 0 0 0 0 11 0 0 0 0 0 0 0 0 0 1 4 0 2 0 1 13 1 0 0 0 1 1 0 1 0 0 0 6 6 5 38 0 0 0 0 0 0 0 1 1 29 128 84 29 0 0 1 11 0 0 0 7 55 1 29 5 0 0 0 0 0 0 0 0 0 0 0 0 0 0 0 0
0 0 0 0 0 0 1 0 0 1 2 2 5 0 3 13 9 4 2 0 0 0 1 0 2 3 0 1 0 0 0 0 0 1 4 0 0 0 0 3 3 9 2 1 1 0 0 0 0 0 2 8 8 53 7 1 0 0 0 0 0 0 0 0 0 0 0 0 0 0 0 0 0 0 0 0 0 11 30 1 0 4 0 0 0 0 0 20 4 0 2 0 7 2 0 0 0 1 1 0 5 6 12 1 0 1 8 11 39 2 0 0 0 3 12 7 47 175 11 42 115 34 0 3 65 14 1 0 0 19 38 0 0 0 0 0 0 0 0 0 0 0 0 0 0 0 0 0 0 0
0 0 0 2 0 0 0 0 2 1 1 25 0 4 0 0 1 0 1 1 1 0 0 5 3 0 1 0 2 0 0 0 0 0 0 0 0 0 1 0 0 6 6 1 1 1 3 0 0 0 0 9 2 0 0 2 0 0 0 0 0 0 0 0 0 0 0 0 0 0 0 0 0 0 0 0 0 9 9 1 0 0 0 0 0 0 0 2 0 0 1 0 1 5 0 0 0 0 0 0 0 10 1 2 2 0 4 19 6 3 0 0 0 0 10 182 189 171 13 9 44 37 48 96 15 0 0 0 0 58 31 0 0 0 0 0 0 0 0 0 0 0 0 0 0 0 0 0 0 0
0 0 2 0 0 0 2 1 1 0 0 7 0 0 0 0 0 0 0 0 0 0 3 0 2 0 0 6 2 0 0 0 0 0 0 0 0 0 5 0 0 0 0 0 21 0 0 1 0 0 0 9 0 0 0 0 0 0 2 0 0 0 0 0 0 0 0 0 0 0 0 0 0 0 0 0 0 1 34 11 1 5 1 0 0 0 1 0 0 0 0 0 0 1 0 0 0 1 0 3 22 1 1 2 0 1 0 0 12 1 0 0 6 7 17 3 2 10 122 41 15 151 234 141 104 39 9 32 145 379 195 2 0 0 0 0 0 0 0 0 0 0 0 0 0 0 0 0 0 0
0 0 0 0 0 4 1 1 0 0 19 1 0 2 0 0 0 1 0 1 0 0 0 0 0 0 2 0 1 0 0 0 1 0 0 0 0 0 0 7 0 1 0 0 0 1 1 2 0 1 1 81 32 0 0 2 7 0 0 2 0 0 0 0 0 0 0 0 0 0 0 0 0 0 0 0 3 2 8 0 0 10 8 0 0 0 0 0 2 0 1 1 3 2 0 1 3 0 0 0 0 0 0 1 0 3 2 0 56 21 0 2 7 0 0 8 0 39 37 197 132 133 600 157 352 151 130 239 197 190 108 0 0 0 0 0 0 0 0 0 0 0 0 0 0 0 0 0 0 0
0 0 0 0 2 1 1 2 0 6 0 0 0 0 0 3 1 2 1 0 0 0 0 0 1 1 3 0 2 0 0 0 1 0 1 0 1 0 0 0 0 0 2 0 0 1 0 0 6 3 195 136 1 24 4 0 3 0 0 2 0 1 0 0 0 0 0 0 0 0 0 0 0 0 0 0 0 0 0 0 0 12 1 0 0 0 0 0 1 0 0 1 13 0 0 1 0 0 0 1 16 4 1 0 9 1 2 20 0 0 0 0 40 14 6 1 0 99 88 348 487 175 70 405 470 129 65 177 79 23 25 20 0 0 0 0 0 0 0 0 0 0 0 0 0 0 0 0 0 0
0 1 0 1 2 0 1 0 1 0 0 0 0 0 0 0 0 1 0 0 0 0 0 0 1 1 0 0 0 0 0 2 4 0 1 1 2 0 1 0 0 0 0 0 0 0 0 0 0 10 395 143 100 158 9 5 1 0 15 3 0 0 0 0 0 0 0 0 0 0 0 0 0 0 0 0 0 0 0 3 0 0 0 0 0 0 0 3 42 0 0 7 2 0 0 0 0 0 0 2 0 0 2 5 1 56 397 4 5 0 1 1 0 5 3 4 3 5 26 114 122 134 76 944 265 59 21 38 1 122 211 115 1 0 0 0 0 0 0 0 0 0 0 0 0 0 0 0 0 0
0 0 2 3 0 0 4 3 1 1 4 8 0 0 0 0 0 0 0 0 0 0 0 0 1 0 2 0 0 0 0 2 2 1 0 0 0 1 0 0 0 0 0 0 0 1 0 0 0 1 191 91 212 140 19 15 0 0 1 1 0 0 0 0 0 0 0 0 0 0 0 0 0 0 0 0 0 0 0 17 4 1 1 0 0 0 0 3 24 0 0 5 38 0 0 0 0 0 0 0 2 4 2 6 4 1 0 5 0 0 0 1 3 1 0 0 0 13 7 10 64 362 93 176 406 184 81 64 117 132 44 49 0 0 0 0 0 0 0 0 0 0 0 0 0 0 0 0 0 0
1 2 1 6 0 0 2 5 0 0 2 1 0 0 0 0 0 0 0 0 0 0 1 0 0 0 0 0 0 0 0 0 0 0 0 0 0 0 1 0 0 0 0 0 0 0 3 0 1 0 5 33 95 3 8 1 0 0 0 0 0 1 0 0 0 0 0 0 0 0 0 0 0 0 0 0 0 0 1 0 2 0 0 0 0 1 17 20 18 1 0 55 47 2 1 0 0 0 0 4 8 1 11 35 7 0 0 0 45 0 0 0 0 0 1 4 6 15 7 4 20 155 113 85 52 281 123 364 58 106 37 21 0 0 0 0 0 0 0 0 0 0 0 0 0 0 0 0 0 0
0 1 7 0 1 0 6 8 2 1 1 3 1 0 0 0 0 0 0 0 0 0 0 0 1 0 0 0 1 0 0 0 0 0 0 0 0 0 0 0 0 0 0 0 0 0 1 0 1 1 0 3 19 0 8 0 0 8 11 0 0 0 1 0 0 0 0 0 0 0 0 0 0 0 0 0 0 0 0 0 0 0 3 3 14 7 0 0 8 31 84 42 58 2 10 0 0 0 5 6 9 192 23 128 74 8 12 1 0 1 1 0 1 0 0 0 1 17 39 184 98 213 445 433 213 65 628 595 278 0 0 0 0 0 0 0 0 0 0 0 0 0 0 0 0 0 0 0 0 0
2 5 2 0 3 1 2 2 2 1 0 0 0 1 0 0 0 0 0 0 0 0 1 0 0 0 0 0 1 0 0 0 1 0 0 3 0 0 0 0 2 1 0 0 0 0 0 0 0 1 0 1 43 0 4 0 0 1 18 2 0 0 0 0 0 0 0 0 0 0 0 0 0 0 0 0 0 0 0 0 0 1 1 1 0 2 2 2 1 9 57 36 30 3 5 115 0 0 0 2 46 48 129 197 55 21 0 2 0 8 5 1 0 0 0 0 2 129 74 193 180 2 5 26 26 69 137 170 113 0 59 2 0 0 0 0 0 0 0 0 0 0 0 0 0 0 0 0 0 0
0 3 40 0 6 12 20 2 0 0 0 0 0 1 0 0 0 0 0 0 0 0 0 0 0 0 0 0 0 0 0 0 0 1 0 0 0 0 0 0 0 1 0 0 0 1 0 0 0 0 0 3 1 0 2 0 1 0 0 5 0 0 0 0 0 0 0 0 0 0 0 0 0 0 0 0 0 0 0 0 10 13 0 0 65 1 38 3 0 0 0 0 0 0 0 0 0 0 0 2 2 11 214 44 31 37 30 6 2 2 18 13 0 0 0 2 69 138 67 9 0 0 0 0 25 72 17 238 109 3 40 31 0 0 0 0 0 0 0 0 0 0 0 0 0 0 0 0 0 0
1 22 10 32 71 113 314 13 2 0 0 0 0 0 0 0 0 0 0 0 1 11 0 0 0 0 0 0 0 0 0 0 0 0 0 0 0 0 0 0 0 0 0 2 0 1 0 2 0 0 0 2 2 0 0 0 2 0 3 0 0 7 0 0 0 0 0 0 0 0 0 0 0 0 0 0 0 0 0 4 1 0 0 0 1 0 2 38 34 0 0 0 0 0 0 0 0 0 0 0 0 67 91 102 25 98 1 0 1 37 2 3 0 0 1 17 27 0 7 11 0 0 0 0 3 97 74 190 145 4 27 5 0 0 0 0 0 0 0 0 0 0 0 0 0 0 0 0 0 0
0 23 70 275 67 67 21 6 0 0 0 2 0 0 0 1 1 0 0 0 0 1 0 0 0 0 0 0 0 0 0 0 0 0 0 0 0 0 0 0 0 0 0 1 0 0 0 5 134 0 0 0 9 0 0 2 0 2 0 0 0 0 0 0 0 0 0 0 0 0 0 0 0 0 0 0 0 7 0 0 0 0 0 1 0 0 12 8 0 0 3 0 0 0 0 0 0 0 0 0 3 44 5 1 7 17 0 0 0 0 2 6 1 2 2 1 4 1 3 9 0 16 2 0 15 73 13 137 17 0 0 0 0 0 0 0 0 0 0 0 0 0 0 0 0 0 0 0 0 0
0 1 45 70 47 27 9 4 0 0 0 0 0 0 0 0 0 0 2 1 1 0 0 0 0 0 0 0 0 0 0 0 0 0 9 0 0 0 0 0 0 0 0 0 1 1 0 1 1 2 0 0 0 0 0 0 0 1 0 0 0 0 0 0 0 0 0 0 0 0 0 0 0 0 0 0 1 0 0 0 0 0 0 0 0 0 32 2 0 3 1 0 0 0 3 4 0 0 0 208 245 35 66 16 2 30 13 0 0 0 0 7 6 2 0 0 0 0 1 19 18 10 76 90 31 21 0 0 0 0 0 0 0 0 0 0 0 0 0 0 0 0 0 0 0 0 0 0 0 0
4 11 12 9 10 3 0 8 0 0 1 0 0 0 0 0 0 0 0 0 0 18 1 0 0 0 0 0 0 0 0 1 0 0 0 0 1 0 0 0 0 0 0 0 1 6 3 0 0 0 1 0 0 0 0 8 0 0 0 0 0 0 0 0 0 0 0 0 0 0 0 0 0 0 0 0 1 2 0 0 0 0 0 0 0 3 6 0 0 6 5 0 0 0 3 43 28 1 58 531 158 121 10 12 0 7 6 25 0 1 5 0 0 0 0 3 0 1 8 13 20 7 11 6 2 43 9 6 14 8 4 0 0 0 0 0 0 0 0 0 0 0 0 0 0 0 0 0 0 0
5 4 10 0 0 0 0 0 4 0 0 0 0 0 0 0 0 0 0 0 0 5 0 0 0 0 0 0 0 0 0 0 0 20 1 0 0 0 0 0 0 0 0 0 0 1 0 1 0 0 0 0 1 0 21 1 0 0 0 0 0 0 0 0 0 0 0 0 0 0 0 0 0 0 1 1 0 0 0 0 0 0 0 0 0 0 11 0 0 0 32 0 0 11 60 92 16 2 30 51 5 2 13 1 1 1 0 35 88 21 0 0 0 1 13 0 0 0 1 0 3 0 1 3 15 23 11 14 108 17 9 0 0 0 0 0 0 0 0 0 0 0 0 0 0 0 0 0 0 0
5 0 0 0 0 0 0 0 0 0 0 0 0 0 0 0 0 0 0 0 1 0 0 0 0 0 0 0 0 0 9 8 0 0 0 0 0 0 0 0 0 0 0 0 0 0 0 0 0 0 0 0 1 0 6 0 0 0 0 0 0 0 0 0 0 0 0 0 0 0 0 0 0 0 3 13 0 0 0 0 0 0 0 0 0 0 40 26 42 19 27 2 1 4 1 17 2 0 0 1 2 1 3 0 0 3 25 97 27 2 0 0 2 0 3 0 0 1 0 0 6 6 11 8 4 34 19 35 75 57 6 0 0 0 0 0 0 0 0 0 0 0 0 0 0 0 0 0 0 0
3 0 0 1 0 0 0 0 0 0 0 0 0 0 0 0 0 0 0 0 0 0 0 0 0 0 0 0 1 0 1 0 0 0 0 0 0 0 0 0 0 2 0 0 1 2 0 0 0 0 0 0 2 10 2 0 0 0 0 0 0 0 0 0 0 0 0 0 0 0 0 4 2 8 0 0 1 0 0 0 0 0 0 0 0 0 0 0 90 3 0 0 0 1 0 6 1 0 1 0 0 1 1 2 0 137 198 116 6 19 0 0 0 0 0 0 0 0 40 6 0 2 0 3 2 1 36 7 2 3 0 1 0 0 0 0 0 0 0 0 0 0 0 0 0 0 0 0 0 0
0 0 0 0 0 0 0 0 0 0 0 0 0 0 0 0 0 0 0 0 0 0 0 5 0 0 0 0 1 0 0 0 0 0 0 0 0 1 0 0 0 0 0 0 0 1 0 0 0 0 0 0 4 19 1 0 2 0 0 0 0 0 0 0 0 0 0 0 0 0 1 0 1 0 0 0 0 0 0 0 0 0 0 0 0 0 0 0 1 0 0 0 2 4 0 0 1 0 3 2 2 1 1 0 7 17 22 2 11 44 0 0 0 0 0 0 0 0 0 1 0 7 0 25 28 32 43 5 14 8 0 0 0 0 0 0 0 0 0 0 0 0 0 0 0 0 0 0 0 0
0 0 0 0 1 10 0 0 0 0 0 0 0 0 0 0 0 0 0 0 0 0 0 0 0 0 1 0 0 0 0 0 0 0 0 1 0 0 0 2 0 0 1 1 0 0 0 0 0 0 3 0 0 0 0 0 3 0 0 0 0 0 0 0 0 0 0 1 0 1 0 0 0 0 0 0 0 0 0 0 0 0 0 0 0 0 0 0 0 0 0 57 17 3 0 0 0 0 3 0 0 54 15 15 24 7 0 9 1 2 2 0 0 0 0 0 0 0 0 0 1 4 0 5 0 0 0 62 0 1 0 0 0 0 0 0 0 0 0 0 0 0 0 0 0 0 0 0 0 0
0 0 0 0 15 4 0 0 0 0 0 0 0 0 0 0 0 0 0 0 0 0 0 0 0 0 4 0 1 0 3 0 0 0 0 0 0 0 1 0 0 0 0 0 0 0 0 0 0 0 0 0 0 2 0 0 0 1 0 0 0 0 0 0 0 0 0 0 0 0 0 0 1 0 0 0 0 0 0 0 0 0 0 0 0 0 0 0 15 10 59 52 26 16 0 0 0 0 0 41 5 171 162 7 0 11 1 0 0 23 3 0 0 0 0 0 0 0 0 0 0 0 0 0 0 0 19 4 0 0 0 0 0 0 0 0 0 0 0 0 0 0 0 0 0 0 0 0 0 0
0 0 0 0 0 0 1 0 0 0 0 0 0 0 0 0 0 0 0 0 0 0 0 0 0 0 0 0 0 1 0 0 0 0 0 2 0 0 0 0 0 0 0 0 1 7 0 0 0 0 0 0 0 0 2 0 0 0 0 0 0 0 0 0 0 0 0 0 4 0 0 0 0 0 0 0 0 0 0 0 0 0 0 0 0 0 0 2 4 35 185 49 21 5 18 0 0 2 0 22 40 21 7 1 0 0 2 0 0 0 0 0 0 1 0 0 0 0 0 0 0 11 18 0 0 4 1 0 0 0 0 0 0 0 0 0 0 0 0 0 0 0 0 0 0 0 0 0 0 0
0 0 0 1 1 0 0 0 0 0 0 0 4 3 0 0 0 0 0 0 0 0 0 0 0 1 1 0 0 4 0 0 0 0 0 0 0 0 0 0 1 0 0 3 2 36 1 0 0 0 1 0 1 3 1 0 0 0 0 0 0 0 0 0 0 0 0 1 67 0 0 0 0 0 0 0 0 0 0 0 0 0 0 0 2 2 7 3 0 4 0 0 4 0 4 0 0 3 0 1 15 0 0 0 0 0 0 2 1 6 13 5 0 2 0 0 0 0 0 0 0 0 0 0 0 32 0 0 0 0 0 0 0 0 0 0 0 0 0 0 0 0 0 0 0 0 0 0 0 0
0 0 0 0 0 0 1 0 0 0 0 0 0 0 0 0 0 0 0 0 0 0 0 0 0 0 0 0 0 0 0 0 0 0 0 0 0 0 0 0 0 0 0 0 0 0 0 2 0 1 1 0 0 0 1 0 0 0 0 0 0 0 0 0 0 0 3 28 2 0 0 0 0 0 0 0 0 0 0 0 0 0 0 0 7 0 0 2 3 34 0 3 4 1 1 2 2 9 1 0 115 4 2 0 2 0 0 10 12 19 25 106 8 8 0 0 3 0 0 0 0 0 0 0 0 0 0 0 0 0 0 0 0 0 0 0 0 0 0 0 0 0 0 0 0 0 0 0 0 0
0 0 0 0 0 2 3 0 0 0 0 0 0 0 1 0 0 0 0 0 0 0 0 0 0 1 0 0 0 0 0 0 0 0 0 0 0 0 0 0 0 0 0 0 0 0 0 1 12 0 0 0 0 0 0 13 21 1 5 0 0 0 0 0 0 2 11 12 0 0 0 0 0 0 0 0 0 0 0 0 0 0 0 28 15 0 1 4 4 63 0 7 1 0 0 4 18 4 185 0 1 0 1 3 1 0 17 1 14 4 73 12 7 1 4 2 0 0 0 0 0 0 0 0 0 0 0 0 0 0 0 0 0 0 0 0 0 0 0 0 0 0 0 0 0 0 0 0 0 0
0 1 0 0 0 1 0 0 0 0 0 0 0 0 0 0 0 0 0 0 0 0 0 0 0 0 0 0 0 1 0 0 0 0 0 0 0 1 0 0 0 0 0 0 0 0 3 1 45 0 0 0 0 2 3 2 0 4 8 4 0 1 1 2 2 0 0 1 0 3 0 0 0 0 0 0 0 0 0 0 0 0 0 0 0 0 0 2 7 0 0 0 0 0 2 48 0 0 0 0 0 2 0 0 1 9 231 191 124 17 6 0 0 0 0 0 0 0 0 0 0 0 0 0 0 0 0 0 0 0 0 0 0 0 0 0 0 0 0 0 0 0 0 0 0 0 0 0 0 0
0 0 0 0 2 12 0 0 0 0 1 0 0 0 0 0 1 0 0 0 0 0 0 0 0 0 0 0 0 0 0 0 0 0 0 1 0 0 1 0 0 0 0 0 0 0 0 2 5 1 0 0 0 0 11 1 0 0 0 3 0 0 0 0 0 0 0 1 0 8 0 2 0 0 0 0 0 0 0 0 0 0 0 0 0 0 1 0 0 0 6 3 0 1 21 2 0 0 0 0 0 1 0 1 28 10 37 115 48 105 30 34 8 1 0 0 0 0 0 0 0 0 0 0 0 0 0 0 0 0 0 0 0 0 0 0 0 0 0 0 0 0 0 0 0 0 0 0 0 0
0 0 0 0 3 9 0 0 0 0 0 0 0 0 0 0 0 0 0 0 0 0 0 0 0 0 0 0 0 0 0 0 0 0 0 0 0 0 0 0 0 0 1 1 0 0 24 0 0 0 0 0 0 2 1 0 1 0 2 1 0 0 0 0 0 2 0 2 1 0 0 0 1 0 0 0 0 0 0 0 0 0 0 0 0 0 0 0 1 0 0 0 2 4 0 1 46 0 0 0 0 0 0 10 39 67 2 0 13 7 0 5 3 0 0 0 0 0 0 0 0 0 0 0 0 0 0 0 0 0 0 0 0 0 0 0 0 0 0 0 0 0 0 0 0 0 0 0 0 0
0 0 1 0 1 1 0 0 1 0 0 0 0 0 0 0 0 0 0 0 0 0 0 0 0 0 0 0 0 0 0 0 0 0 0 0 0 0 0 0 0 0 0 1 0 0 1 0 1 0 0 0 0 0 0 0 0 0 0 1 3 0 0 0 0 0 0 0 0 0 1 3 0 1 0 0 0 0 0 0 0 0 0 0 0 0 0 0 0 0 0 6 5 4 7 131 73 0 0 0 0 0 0 0 7 0 0 0 0 0 2 11 13 0 0 0 0 0 0 0 0 0 0 0 0 0 0 0 0 0 0 0 0 0 0 0 0 0 0 0 0 0 1 0 1 0 0 0 0 0
0 0 0 0 0 0 0 0 0 1 0 0 0 0 0 0 0 0 0 0 0 0 0 0 0 0 0 0 0 0 0 0 0 0 0 0 0 0 0 0 0 0 0 1 0 0 0 0 0 1 2 1 0 1 0 0 0 0 1 1 2 0 0 0 0 0 0 0 0 0 0 0 0 0 0 0 0 0 0 0 0 0 0 0 0 0 0 0 2 2 1 2 41 44 12 0 0 0 0 0 0 0 0 0 0 0 0 0 0 22 27 0 0 0 0 0 0 0 0 0 0 0 0 0 0 0 0 0 0 0 0 0 0 0 0 0 0 0 0 0 0 0 0 0 0 0 0 0 0 0
0 0 0 0 0 0 0 0 0 1 0 0 0 0 0 0 0 0 0 0 0 0 0 0 0 0 0 0 0 0 0 0 0 0 0 0 0 0 0 0 0 0 0 0 0 0 0 0 0 0 0 11 0 0 0 0 0 0 0 1 1 2 1 0 0 0 0 0 0 0 0 0 0 0 0 0 0 0 0 0 0 0 0 0 0 0 0 0 0 1 29 13 134 0 0 1 0 0 0 0 0 0 0 0 1 0 0 1 0 0 13 11 0 0 0 0 0 0 0 0 0 0 0 0 0 0 0 0 0 0 0 0 0 0 0 0 0 0 0 0 0 0 0 0 0 0 0 0 0 0
0 0 0 0 0 0 0 0 0 0 0 0 2 0 0 0 0 0 1 0 0 0 0 1 0 0 0 0 0 0 0 0 0 0 0 0 2 0 0 0 0 0 0 0 0 0 0 0 0 0 1 3 11 0 0 0 0 0 0 1 3 1 1 0 0 0 0 0 0 0 0 14 0 0 0 0 0 0 0 0 0 0 0 0 0 0 0 0 0 1 1 7 0 4 2 0 0 0 0 0 0 0 0 0 0 0 0 0 0 0 0 0 0 0 0 0 0 0 0 0 0 0 0 0 0 0 0 0 0 0 0 0 0 0 0 0 0 0 0 0 0 0 0 0 0 0 0 0 0 0
0 0 0 0 0 0 0 0 0 0 0 0 0 0 0 0 0 0 0 0 0 0 0 7 0 0 0 0 0 0 0 0 0 0 0 0 0 0 0 0 0 0 0 0 0 0 0 0 0 0 0 3 0 1 0 0 0 0 0 0 0 2 3 0 0 0 0 0 0 0 0 1 1 0 2 0 0 0 0 0 0 0 0 0 0 0 0 0 0 0 1 2 14 7 60 0 0 0 0 0 0 0 0 0 0 0 0 0 0 0 0 0 0 0 0 0 0 0 0 0 0 0 0 0 0 0 0 0 0 0 0 0 0 0 0 0 0 0 0 0 0 0 0 0 0 0 0 0 0 0
0 0 0 0 0 0 0 0 1 0 1 0 0 0 0 0 0 0 0 0 0 1 0 2 0 0 0 0 0 0 0 0 0 0 0 0 0 0 0 0 0 0 0 0 0 0 0 0 0 0 1 5 4 0 12 1 0 0 0 0 1 14 141 0 0 0 0 0 0 0 0 0 0 0 2 0 0 0 0 0 0 0 0 0 0 0 0 0 0 0 4 0 0 5 3 2 0 0 1 0 0 0 0 0 0 0 0 0 0 0 0 0 0 0 0 0 0 0 0 0 0 0 0 0 0 0 0 0 0 0 0 0 0 0 0 0 0 0 0 0 0 0 0 0 0 0 0 0 0 0
0 0 0 0 0 0 0 0 0 0 0 0 3 0 0 0 0 0 0 0 0 0 0 0 0 1 0 0 0 0 0 0 0 0 0 0 0 0 0 0 0 0 0 0 0 0 0 0 0 0 0 9 19 2 1 1 0 0 0 0 0 7 0 0 0 0 0 0 0 0 0 0 0 0 0 0 0 0 0 0 0 0 0 0 0 0 0 0 0 0 0 0 1 3 4 0 0 0 0 0 0 0 0 0 0 0 0 0 0 0 0 0 0 0 0 0 0 0 0 0 0 0 0 0 0 0 0 0 0 0 0 0 0 0 0 0 0 0 0 0 0 0 0 0 0 0 0 0 0 0
0 0 0 0 0 0 0 0 1 0 0 0 2 213 0 1 0 0 0 0 0 1 0 0 0 0 0 0 0 0 0 0 0 0 0 0 0 0 0 0 0 0 0 0 0 0 1 0 1 1 0 5 22 0 6 0 1 0 0 0 0 1 0 0 0 0 0 0 0 0 0 0 0 0 0 0 0 0 0 0 0 0 0 0 0 0 0 0 0 0 0 3 1 1 3 1 1 1 0 21 0 0 0 0 0 0 0 0 0 0 0 0 0 0 0 0 0 0 0 0 0 0 0 0 0 0 0 0 0 0 0 0 0 0 0 0 0 0 0 0 0 0 0 0 0 0 0 0 0 0
0 0 0 0 0 0 0 0 0 1 0 0 0 0 1 0 0 0 0 0 0 0 0 2 0 1 0 0 0 0 0 0 0 0 0 0 0 0 0 0 0 0 0 0 0 0 0 0 0 0 0 0 2 0 0 0 0 0 0 0 5 1 0 1 0 0 0 0 0 0 0 0 0 0 0 0 0 0 0 0 0 0 0 0 0 0 0 0 0 0 0 0 0 1 0 3 5 0 1 0 1 0 0 0 0 0 0 0 0 0 0 0 0 0 0 0 0 0 0 0 0 0 0 0 0 0 0 0 0 0 0 0 0 0 0 0 0 0 0 0 0 0 0 0 0 1 0 0 0 0
0 0 0 0 0 0 0 0 0 0 2 0 0 0 0 0 0 0 1 0 0 0 0 1 0 0 0 0 0 0 0 0 0 1 2 0 0 0 0 0 0 0 0 0 0 0 23 1 0 0 0 0 0 0 0 0 0 0 0 1 1 0 0 0 0 0 0 0 0 0 0 0 0 0 0 0 0 0 0 0 0 0 0 0 0 0 0 0 0 0 0 1 0 0 0 2 4 0 0 0 1 0 0 0 0 0 0 0 0 0 0 0 0 0 0 0 0 0 0 0 0 0 0 0 0 0 0 0 0 0 0 0 0 0 0 0 0 0 0 0 0 0 0 0 1 2 0 0 0 0
0 0 0 0 0 0 0 0 0 0 0 1 0 0 0 0 0 0 0 0 1 0 0 0 0 0 0 0 0 0 0 0 0 0 0 0 0 0 0 0 0 0 0 0 0 1 0 0 0 0 0 0 0 0 0 0 0 0 0 0 0 0 0 0 0 0 0 0 0 0 0 0 0 0 0 0 0 0 0 0 0 0 0 0 0 0 0 0 0 0 0 0 0 0 0 0 1 0 0 0 1 0 0 0 0 0 0 0 0 0 0 0 0 0 0 0 0 0 0 0 0 0 0 0 0 0 0 0 0 0 0 0 0 0 0 0 0 0 0 0 0 0 0 0 0 0 0 0 0 0
0 0 0 0 0 0 0 0 0 0 0 0 0 0 0 0 0 0 0 0 0 0 0 0 0 0 0 0 0 0 0 0 0 0 0 0 0 0 0 0 0 0 0 0 0 0 0 0 0 0 0 0 0 0 0 0 0 0 0 0 1 0 0 0 0 0 0 0 0 0 0 0 0 0 0 0 0 0 0 0 0 0 0 0 0 0 0 0 0 0 0 0 0 0 1 0 0 0 0 0 0 8 0 0 0 0 0 0 0 0 0 0 0 0 0 0 0 0 0 0 0 0 0 0 0 0 0 0 0 0 0 0 0 0 0 0 0 0 0 0 0 0 0 0 0 0 0 0 0 0
0 0 0 0 0 0 0 0 0 0 2 0 2 0 0 0 0 0 0 0 0 0 0 0 0 0 0 0 0 0 0 0 0 0 0 0 0 0 0 0 0 0 0 0 0 0 0 0 0 0 0 0 0 0 0 0 0 0 0 0 4 0 0 0 0 0 0 0 0 0 0 0 0 0 0 0 0 0 0 0 0 0 0 0 0 0 0 0 0 0 0 0 0 0 0 0 0 0 0 0 0 0 0 0 0 0 0 0 0 0 0 0 0 0 0 0 0 0 0 0 0 0 0 0 0 0 0 0 0 0 0 0 0 0 0 0 0 0 0 0 0 0 0 0 0 0 0 0 0 0
1 0 0 0 0 0 0 0 0 0 0 0 1 0 0 0 1 0 0 0 0 0 0 0 0 0 0 0 0 0 0 0 0 0 0 0 0 0 0 0 0 0 0 1 0 0 0 0 0 0 0 0 0 0 0 0 0 0 0 10 1 0 0 0 0 0 0 0 21 0 0 0 0 0 0 0 0 0 0 0 0 0 0 0 0 0 0 0 0 0 0 0 0 0 0 0 0 0 0 0 0 0 0 0 0 0 0 0 0 0 0 0 0 0 0 0 0 0 0 0 0 0 0 0 0 0 0 0 0 0 0 0 0 0 0 0 0 0 0 0 0 0 0 0 0 0 0 0 0 0
0 0 0 0 0 0 0 1 0 0 0 0 3 0 0 0 0 3 0 0 0 0 0 0 0 0 0 0 0 0 0 0 0 0 0 0 1 0 1 0 0 0 0 0 0 0 0 0 0 0 0 0 0 0 0 0 0 0 0 0 3 1 2 0 0 0 0 0 27 23 1 0 0 0 0 0 0 0 0 0 0 0 0 0 0 0 0 0 0 0 0 0 0 0 0 0 0 0 0 0 0 0 0 0 0 0 0 0 0 0 0 0 0 0 0 0 0 0 0 0 0 0 0 0 0 0 0 0 0 0 0 0 0 0 0 0 0 0 0 0 0 0 0 0 0 0 0 0 0 0
5 0 0 0 0 0 1 0 0 0 0 2 6 0 0 0 4 2 1 1 0 0 0 6 0 0 0 0 0 0 0 0 0 0 0 0 5 3 0 1 0 1 1 0 0 0 0 0 0 0 0 0 0 0 0 0 0 0 0 0 0 0 0 0 24 8 3 0 0 0 0 0 0 0 0 0 0 0 0 0 0 0 0 0 0 0 0 0 0 0 0 0 0 0 0 0 0 0 0 0 0 0 0 0 0 0 0 0 0 0 0 0 0 0 0 0 0 0 0 0 0 0 0 0 0 0 0 0 0 0 0 0 0 0 0 0 0 0 0 0 0 0 0 0 0 0 0 0 0 0
2 6 6 0 0 0 0 0 0 0 0 0 4 0 0 0 1 0 0 1 2 90 23 2 0 0 0 0 0 0 0 0 0 1 1 0 17 2 0 2 0 0 0 0 0 0 0 0 0 0 0 0 0 0 0 0 0 0 0 0 0 0 0 0 0 0 0 0 0 0 0 0 0 0 0 0 0 0 0 0 0 0 0 0 0 0 0 0 0 0 0 0 0 0 0 0 0 0 0 0 0 0 0 0 0 0 0 0 0 0 0 0 0 0 0 0 0 0 0 0 0 0 0 0 0 0 0 0 0 0 0 0 0 0 0 0 0 0 0 0 0 0 0 0 0 0 0 0 0 0
4 11 7 0 0 0 0 0 0 0 0 0 0 0 0 0 6 0 0 0 1 5 3 3 1 1 0 0 1 2 1 0 0 0 0 0 1 0 0 0 0 11 0 0 0 0 0 0 0 0 0 0 0 0 0 0 0 0 0 0 0 0 0 0 1 0 0 0 0 0 0 0 0 0 0 0 0 0 0 0 0 0 0 0 0 0 0 0 0 3 0 0 0 0 0 0 0 0 0 0 0 0 0 0 0 0 0 0 0 0 0 0 0 0 0 0 0 0 0 0 0 0 0 0 0 0 0 0 0 0 0 0 0 0 0 0 0 0 0 0 0 0 0 0 0 0 0 0 0 0
0 0 0 0 0 0 0 0 0 0 0 0 7 0 0 0 0 0 0 1 0 3 2 0 0 1 1 1 0 1 0 0 0 0 0 0 1 0 0 0 0 0 0 0 0 0 0 0 0 0 0 0 0 0 0 0 0 0 0 0 0 0 0 0 0 0 0 0 0 0 0 0 0 0 0 0 0 0 0 0 0 0 0 0 0 0 0 0 0 0 0 0 0 0 0 0 0 0 0 0 0 0 0 0 0 0 0 0 0 0 0 0 0 0 0 0 0 0 0 0 0 0 0 0 0 0 0 0 0 0 0 0 0 0 0 0 0 0 0 0 0 0 0 0 0 0 0 0 0 0
0 0 0 0 0 0 0 0 0 0 0 0 0 0 0 0 1 0 0 1 0 0 0 0 8 0 3 0 5 0 0 0 0 3 0 0 0 0 0 0 0 0 0 0 0 0 0 0 0 0 0 0 0 0 0 0 0 0 0 0 0 0 0 0 0 0 0 0 0 0 0 0 0 0 0 0 0 0 0 0 0 0 0 0 0 0 0 0 0 0 0 0 0 0 0 0 0 0 0 0 0 0 0 0 0 0 0 0 0 0 0 0 0 0 0 0 0 0 0 0 0 0 0 0 0 0 0 0 0 0 0 0 0 0 0 0 0 0 0 0 0 0 0 0 0 0 0 0 0 0
0 0 0 0 0 0 0 0 0 0 0 0 0 0 0 0 0 0 0 0 0 0 0 0 0 0 0 3 48 5 1 1 0 7 0 0 0 0 0 0 0 0 0 0 0 0 0 0 0 0 0 0 0 0 0 0 0 0 0 0 0 0 0 0 0 0 0 0 0 0 0 0 0 0 0 0 0 0 0 0 0 0 0 0 0 0 0 0 0 0 0 0 0 0 0 0 0 0 0 0 0 0 0 0 0 0 0 0 0 0 0 0 0 0 0 0 0 0 0 0 0 0 0 0 0 0 0 0 0 0 0 0 0 0 0 0 0 0 0 0 0 0 0 0 0 0 0 0 0 0
0 0 0 0 0 0 0 0 0 0 0 0 0 0 0 0 0 0 0 0 0 0 0 0 0 0 2 0 0 0 2 0 0 0 0 0 0 0 0 0 0 0 0 0 0 0 0 0 0 0 0 0 0 0 0 0 0 0 0 0 0 0 0 0 0 0 0 0 0 0 0 0 0 0 0 0 0 0 0 0 0 0 0 0 0 0 0 0 0 0 0 0 0 0 0 0 0 0 0 0 0 0 0 0 0 0 0 0 0 0 0 0 0 0 0 0 0 0 0 0 0 0 0 0 0 0 0 0 0 0 0 0 0 0 0 0 0 0 0 0 0 0 0 0 0 0 0 0 0 0
0 0 0 0 0 0 0 3 0 0 0 1 0 0 0 0 0 0 0 0 0 0 0 0 3 0 2 0 0 0 2 5 0 4 0 0 0 0 0 0 0 0 0 0 0 0 0 0 0 0 0 0 0 0 0 0 0 0 0 0 0 0 0 0 0 0 0 0 0 0 0 0 0 0 0 0 0 0 0 0 0 0 0 0 0 0 0 0 0 0 0 0 0 0 0 0 0 0 0 0 0 0 0 0 0 0 0 0 0 0 0 0 0 0 0 0 0 0 0 0 0 0 0 0 0 0 0 0 0 0 0 0 0 0 0 0 0 0 0 0 0 0 0 0 0 0 0 0 0 0
0 0 0 0 0 0 0 0 0 0 0 0 0 3 0 0 0 0 0 0 0 0 0 0 0 0 0 0 0 0 0 1 5 0 0 0 6 0 0 0 0 0 0 0 0 0 0 0 0 0 0 0 0 0 0 0 0 0 0 0 0 0 0 0 0 0 0 0 0 0 0 0 0 0 0 0 0 0 0 0 0 0 0 0 0 0 0 0 0 0 0 0 0 0 0 0 0 0 0 0 0 0 0 0 0 0 0 0 0 0 0 0 0 0 0 0 0 0 0 0 0 0 0 0 0 0 0 0 0 0 0 0 0 0 0 0 0 0 0 0 0 0 0 0 0 0 0 0 0 0
0 0 0 0 0 0 0 0 0 0 0 0 0 0 0 0 0 0 0 0 0 0 0 0 0 0 0 1 4 0 0 0 0 0 0 0 0 0 0 0 0 0 0 0 0 0 0 0 0 0 0 0 0 0 0 0 0 0 0 0 0 0 0 0 0 0 0 0 0 0 0 0 0 0 0 0 0 0 0 0 0 0 0 0 0 0 0 0 0 0 0 0 0 0 0 0 0 0 0 0 0 0 0 0 0 0 0 0 0 0 0 0 0 0 0 0 0 0 0 0 0 0 0 0 0 0 0 0 0 0 0 0 0 0 0 0 0 0 0 0 0 0 0 0 0 0 0 0 0 0
0 0 0 0 0 0 0 0 0 1 0 0 0 0 0 0 0 0 0 0 0 0 0 0 0 0 0 2 1 0 0 0 0 0 0 0 0 0 0 0 0 0 0 0 0 0 0 0 0 0 0 0 0 0 0 0 0 0 0 0 0 0 0 0 0 0 0 0 0 0 0 0 0 0 0 0 0 0 0 0 0 0 0 0 0 0 0 0 0 0 0 0 0 0 0 0 0 0 0 0 0 0 0 0 0 0 0 0 0 0 0 0 0 0 0 0 0 0 0 0 0 0 0 0 0 0 0 0 0 0 0 0 0 0 0 0 0 0 0 0 0 0 0 0 0 0 0 0 0 0
0 0 0 0 0 0 0 0 0 0 2 0 0 0 0 0 0 0 0 0 0 0 0 0 0 0 0 0 0 0 0 0 0 0 0 0 0 0 0 0 0 0 0 0 0 0 0 0 0 0 0 0 0 0 0 0 0 0 0 0 0 0 0 0 0 0 0 0 0 0 0 0 0 0 0 0 0 0 0 0 0 0 0 0 0 0 0 0 0 0 0 0 0 0 0 0 0 0 0 0 0 0 0 0 0 0 0 0 0 0 0 0 0 0 0 0 0 0 0 0 0 0 0 0 0 0 0 0 0 0 0 0 0 0 0 0 0 0 0 0 0 0 0 0 0 0 0 0 0 0
0 0 0 0 0 0 0 0 0 2 0 0 0 0 0 0 0 0 0 0 0 0 0 0 0 0 0 0 0 0 0 0 0 0 0 0 0 0 0 0 0 0 0 0 0 0 0 0 0 0 0 0 0 0 0 0 0 0 0 0 0 0 0 0 0 0 0 0 0 0 0 0 0 0 0 0 0 0 0 0 0 0 0 0 0 0 0 0 0 0 0 0 0 0 0 0 0 0 0 0 0 0 0 0 0 0 0 0 0 0 0 0 0 0 0 0 0 0 0 0 0 0 0 0 0 0 0 0 0 0 0 0 0 0 0 0 0 0 0 0 0 0 0 0 0 0 0 0 0 0
0 0 0 0 0 0 0 0 0 0 0 0 0 0 0 0 0 0 0 0 0 0 0 0 0 0 0 0 0 0 0 0 0 0 0 0 0 0 0 0 0 0 0 0 0 0 0 0 0 0 0 0 0 0 0 0 0 0 0 0 0 0 0 0 0 0 0 0 0 0 0 0 0 0 0 0 0 0 0 0 0 0 0 0 0 0 0 0 0 0 0 0 0 0 0 0 0 0 0 0 0 0 0 0 0 0 0 0 0 0 0 0 0 0 0 0 0 0 0 0 0 0 0 0 0 0 0 0 0 0 0 0 0 0 0 0 0 0 0 0 0 0 0 0 0 0 0 0 0 0
0 0 0 0 0 0 0 0 17 11 0 0 0 0 0 0 0 0 0 0 0 0 0 0 0 0 0 0 0 0 0 0 0 0 0 0 0 0 0 0 0 0 0 0 0 0 0 0 0 0 0 1 0 0 0 0 0 0 0 0 0 0 0 0 0 0 0 0 0 0 0 0 0 0 0 0 0 0 0 0 0 0 0 0 0 0 0 0 0 0 0 0 0 0 0 0 0 0 0 0 0 0 0 0 0 0 0 0 0 0 0 0 0 0 0 0 0 0 0 0 0 0 0 0 0 0 0 0 0 0 0 0 0 0 0 0 0 0 0 0 0 0 0 0 0 0 0 0 0 0
0 0 0 0 0 3 6 16 12 1 0 0 0 0 0 0 0 0 0 0 0 0 0 0 0 0 0 0 0 0 0 0 0 0 0 0 0 0 0 0 0 0 0 0 0 0 0 0 0 5 18 0 0 0 0 0 0 0 0 0 0 0 0 0 0 0 0 0 0 0 0 0 0 0 0 0 0 0 0 0 0 0 0 0 0 0 0 0 0 0 0 0 0 0 0 0 0 0 0 0 0 0 0 0 0 0 0 0 0 0 0 0 0 0 0 0 0 0 0 0 0 0 0 0 0 0 0 0 0 0 0 0 0 0 0 0 0 0 0 0 0 0 0 0 0 0 0 0 0 0
0 0 0 0 0 2 7 6 0 0 0 0 0 0 0 0 0 0 0 0 0 0 0 0 0 0 0 0 0 0 0 0 0 0 0 0 0 0 0 0 0 0 0 0 0 0 0 0 0 0 0 0 1 0 0 0 0 0 0 0 0 0 0 0 0 0 0 0 0 0 0 0 0 0 0 0 0 0 0 0 0 0 0 0 0 0 0 0 0 0 0 0 0 0 0 0 0 0 0 0 0 0 0 0 0 0 0 0 0 0 0 0 0 0 0 0 0 0 0 0 0 0 0 0 0 0 0 0 0 0 0 0 0 0 0 0 0 0 0 0 0 0 0 0 0 0 0 0 0 0
0 0 0 0 0 0 0 0 0 0 0 0 0 0 0 0 0 0 0 0 0 0 0 0 0 0 0 0 0 0 0 0 0 0 0 0 0 0 0 0 0 0 0 0 0 0 0 0 0 0 0 0 0 32 0 0 0 0 0 0 0 0 0 0 0 0 0 0 0 0 0 0 0 0 0 0 0 0 0 0 0 0 0 0 0 0 0 0 0 0 0 0 0 0 0 0 0 0 0 0 0 0 0 0 0 0 0 0 0 0 0 0 0 0 0 0 0 0 0 0 0 0 0 0 0 0 0 0 0 0 0 0 0 0 0 0 0 0 0 0 0 0 0 0 0 0 0 0 0 0
0 0 0 0 0 0 0 0 0 0 0 0 0 0 0 0 0 0 0 0 0 0 0 0 0 0 0 0 0 0 0 0 0 0 0 0 0 0 0 0 0 0 0 0 0 0 0 0 0 0 0 0 0 1 0 0 0 0 0 0 0 0 0 0 0 0 0 0 0 0 0 0 0 0 0 0 0 0 0 0 0 0 0 0 0 0 0 0 0 0 0 0 0 0 0 0 0 0 0 0 0 0 0 0 0 0 0 0 0 0 0 0 0 0 0 0 0 0 0 0 0 0 0 0 0 0 0 0 0 0 0 0 0 0 0 0 0 0 0 0 0 0 0 0 0 0 0 0 0 0
0 0 0 0 0 0 0 0 0 0 0 0 0 0 0 0 0 0 0 0 0 0 0 0 0 0 0 0 0 0 0 0 0 0 0 0 0 0 0 0 0 0 0 0 0 0 0 0 2 0 0 0 0 0 0 0 0 0 0 0 0 0 0 0 0 0 0 0 0 0 0 0 0 0 0 0 0 0 0 0 0 0 0 0 0 0 0 0 0 0 0 0 0 0 0 0 0 0 0 0 0 0 0 0 0 0 0 0 0 0 0 0 0 0 0 0 0 0 0 0 0 0 0 0 0 0 0 0 0 0 0 0 0 0 0 0 0 0 0 0 0 0 0 0 0 0 0 0 0 0
0 0 0 0 0 0 0 0 0 0 0 0 0 0 0 0 0 0 0 0 0 0 0 0 0 0 0 0 0 0 0 0 0 0 0 0 0 0 0 0 0 0 0 0 0 0 0 0 0 0 0 0 0 0 0 0 0 0 0 0 0 0 0 0 0 0 0 0 0 0 0 0 0 0 0 0 0 0 0 0 0 0 0 0 0 0 0 0 0 0 0 0 0 0 0 0 0 0 0 0 0 0 0 0 0 0 0 0 0 0 0 0 0 0 0 0 0 0 0 0 0 0 0 0 0 0 0 0 0 0 0 0 0 0 0 0 0 0 0 0 0 0 0 0 0 0 0 0 0 0
0 0 0 0 0 0 0 0 0 0 0 0 0 0 0 0 0 0 0 0 0 0 0 0 0 0 0 0 0 0 2 0 0 0 0 0 0 0 0 0 0 0 0 0 0 0 0 0 0 0 0 0 0 0 0 0 0 0 0 0 0 0 0 0 0 0 0 0 0 0 0 0 0 0 0 0 0 0 0 0 0 0 0 0 0 0 0 0 0 0 0 0 0 0 0 0 0 0 0 0 0 0 0 0 0 0 0 0 0 0 0 0 0 0 0 0 0 0 0 0 0 0 0 0 0 0 0 0 0 0 0 0 0 0 0 0 0 0 0 0 0 0 0 0 0 0 0 0 0 0
0 0 0 0 0 0 0 0 0 0 0 0 0 0 0 0 0 0 0 0 0 0 0 0 0 0 0 0 0 0 0 9 0 0 0 0 0 0 0 0 0 0 0 0 0 0 0 0 0 0 0 0 0 0 0 0 0 0 0 0 0 0 0 0 0 0 0 0 0 0 0 0 0 0 0 0 0 0 0 0 0 0 0 0 0 0 0 0 0 0 0 0 0 0 0 0 0 0 0 0 0 0 0 0 0 0 0 0 0 0 0 0 0 0 0 0 0 0 0 0 0 0 0 0 0 0 0 0 0 0 0 0 0 0 0 0 0 0 0 0 0 0 0 0 0 0 0 0 0 0
0 0 0 0 0 0 0 0 0 0 0 0 0 0 0 0 0 0 0 0 0 0 0 0 0 0 0 0 0 0 0 1 0 0 0 0 0 0 0 0 0 0 0 0 0 0 0 0 0 0 0 0 0 0 0 0 0 0 0 0 0 0 0 0 0 0 0 0 0 0 0 0 0 0 0 0 0 0 0 0 0 0 0 0 0 0 0 0 0 0 0 0 0 0 0 0 0 0 0 0 0 0 0 0 0 0 0 0 0 0 0 0 0 0 0 0 0 0 0 0 0 0 0 0 0 0 0 0 0 0 0 0 0 0 0 0 0 0 0 0 0 0 0 0 0 0 0 0 0 0
0 0 0 0 0 0 0 0 0 0 0 0 0 0 0 0 0 0 0 0 0 0 0 0 0 0 0 0 0 2 0 0 0 0 0 0 0 0 0 0 0 0 0 0 0 0 0 0 0 0 0 0 0 0 0 0 0 0 0 0 0 0 0 0 0 0 0 0 0 0 0 0 0 0 0 0 0 0 0 0 0 0 0 0 0 0 0 0 0 0 0 0 0 0 0 0 0 0 0 0 0 0 0 0 0 0 0 0 0 0 0 0 0 0 0 0 0 0 0 0 0 0 0 0 0 0 0 0 0 0 0 0 0 0 0 0 0 0 0 0 0 0 0 0 0 0 0 0 0 0
0 0 0 0 0 0 0 0 0 0 0 0 0 0 0 0 0 0 0 0 0 0 0 0 0 0 0 0 0 51 25 0 0 0 0 0 0 0 0 0 0 0 0 0 0 0 0 0 0 0 0 0 0 0 0 0 0 0 0 0 0 0 0 0 0 0 0 0 0 0 0 0 0 0 0 0 0 0 0 0 0 0 0 0 0 0 0 0 0 0 0 0 0 0 0 0 0 0 0 0 0 0 0 0 0 0 0 0 0 0 0 0 0 0 0 0 0 0 0 0 0 0 0 0 0 0 0 0 0 0 0 0 0 0 0 0 0 0 0 0 0 0 0 0 0 0 0 0 0 0
0 0 0 0 0 0 0 0 0 0 0 0 0 0 0 0 0 0 0 0 0 0 0 0 0 0 0 0 0 0 0 0 0 1 0 0 0 0 0 0 0 0 0 0 0 0 0 0 0 5 0 0 0 0 0 0 0 0 0 0 0 0 0 0 0 0 0 0 0 0 0 0 0 0 0 0 0 0 0 0 0 0 0 0 0 0 0 0 0 0 0 0 0 0 0 0 0 0 0 0 0 0 0 0 0 0 0 0 0 0 0 0 0 0 0 0 0 0 0 0 0 0 0 0 0 0 0 0 0 0 0 0 0 0 0 0 0 0 0 0 1 0 0 0 0 0 0 1 0 0
0 0 0 0 0 0 0 0 0 0 0 0 0 0 0 0 0 0 0 0 0 0 0 0 0 0 4 0 0 0 0 0 0 0 0 0 0 0 0 0 0 0 0 0 0 0 0 0 0 0 0 0 0 0 0 0 0 0 0 0 0 0 0 0 0 0 0 0 0 0 0 0 0 0 0 0 0 0 0 0 0 0 0 0 0 0 0 0 0 0 0 0 0 0 0 0 0 0 0 0 0 0 0 0 0 0 0 0 0 0 0 0 0 0 0 0 0 0 0 0 0 0 0 0 0 0 0 0 0 0 0 0 0 0 0 0 0 0 0 0 0 0 0 0 0 0 0 0 0 0
0 0 0 0 0 0 0 0 0 0 0 0 0 0 0 0 0 0 0 0 0 0 0 0 0 0 0 1 0 0 0 0 0 0 0 0 0 0 0 0 0 0 0 0 0 0 0 0 0 0 0 0 0 0 0 0 0 0 0 0 0 0 0 0 0 0 0 0 0 0 0 0 0 0 0 0 0 0 0 0 0 0 0 0 0 0 0 0 0 0 0 0 0 0 0 0 0 0 0 0 0 0 0 0 0 0 0 0 0 0 0 0 0 0 0 0 0 0 0 0 0 0 0 0 0 0 0 0 0 0 0 0 0 0 0 0 0 0 0 0 0 0 0 0 0 0 0 0 0 0
0 0 0 0 0 0 0 0 0 0 0 0 0 0 0 0 0 0 0 0 0 0 0 0 0 0 0 0 0 0 0 0 0 0 0 0 0 0 0 0 0 0 0 0 0 0 0 0 0 0 0 0 0 0 0 0 0 0 0 0 0 0 0 0 0 0 0 0 0 0 0 0 0 0 0 0 0 0 0 0 0 0 0 0 0 0 0 0 0 0 0 0 0 0 0 0 0 0 0 0 0 0 0 0 0 0 0 0 0 0 0 0 0 0 0 0 0 0 0 0 0 0 0 0 0 0 0 0 0 0 0 0 0 0 0 0 0 0 0 0 0 0 0 0 0 0 0 0 0 0
0 0 0 0 0 0 0 0 0 0 0 0 0 0 0 0 0 0 0 0 0 0 0 0 0 0 0 0 0 0 0 0 0 0 0 0 0 0 0 0 0 0 0 0 0 0 0 0 0 0 0 0 0 0 0 0 0 0 0 0 0 0 0 0 0 0 0 0 0 0 0 0 0 0 0 0 0 0 0 0 0 0 0 0 0 0 0 0 0 0 0 0 0 0 0 0 0 0 0 0 0 0 0 0 0 0 0 0 0 0 0 0 0 0 0 0 0 0 0 0 0 0 0 0 0 0 0 0 0 0 0 0 0 0 0 0 0 0 0 0 0 0 0 0 0 0 0 0 0 0
0 0 0 0 0 0 0 0 0 0 0 0 0 0 0 0 0 0 0 0 0 0 0 0 0 0 0 0 0 0 0 0 0 0 0 0 0 0 0 0 0 0 0 0 0 0 0 0 0 0 0 0 0 0 0 0 0 0 0 0 0 0 0 0 0 0 0 0 0 0 0 0 0 0 0 0 0 0 0 0 0 0 0 0 0 0 0 0 0 0 0 0 0 0 0 0 0 0 0 0 0 0 0 0 0 0 0 0 0 0 0 0 0 0 0 0 0 0 0 0 0 0 0 0 0 0 0 0 0 0 0 0 0 0 0 0 0 0 0 0 0 0 0 0 0 0 0 0 0 0
0 0 0 0 0 0 0 0 0 0 0 0 0 0 0 0 0 0 0 0 0 0 0 0 0 0 0 0 0 0 0 0 0 0 0 0 0 0 0 0 0 0 0 0 0 0 0 0 0 0 0 0 0 0 0 0 0 0 0 0 0 0 0 0 0 0 0 0 0 0 0 0 0 0 0 0 0 0 0 0 0 0 0 0 0 0 0 0 0 0 0 0 0 0 0 0 0 0 0 0 0 0 0 0 0 0 0 0 0 0 0 0 0 0 0 0 0 0 0 0 0 0 0 0 0 0 0 0 0 0 0 0 0 0 0 0 0 0 0 0 0 0 0 0 0 0 0 0 0 0
0 0 0 0 0 0 0 0 0 0 0 0 0 0 0 0 0 0 0 0 0 0 0 0 0 0 0 0 0 0 0 0 0 0 0 0 0 0 0 0 0 0 0 0 0 0 0 0 0 0 0 0 0 0 0 0 0 0 0 0 0 0 0 0 0 0 0 0 0 0 0 0 0 0 0 0 0 0 0 0 0 0 0 0 0 0 0 0 0 0 0 0 0 0 0 0 0 0 0 0 0 0 0 0 0 0 0 0 0 0 0 0 0 0 0 0 0 0 0 0 0 0 0 0 0 0 0 0 0 0 0 0 0 0 0 0 0 0 0 0 0 0 0 0 0 0 0 0 0 0
