0 0 22 8 0 0 0 1 14 86 2 6 0 15 0 0 0 0 10 0 1 2 1 0 2 8 0 0 0 0 0 0 0 2 1 3 0 0 1 3 0 2 0 2 2 0 0 0 0 0 0 0 0 0 6 0 0 0 0 8 66 26 18 7 0 2 1 0 0 0 0 5 5 172 169 333 106 22 42 14 38 186 48 55 72 227 158 125 31 250 638 537 103 457 310 616 1005 524 873 127 164 89 36 16 21 30 36 355 192 80 11 2 20 78 37 29 27 22 7 0 4 31 18 20 3 16 0 1 10 11 1 21 0 4 1 0 1 1 0 0 2 0 0 0 0 0 0 0 0 14
1 4 12 6 2 0 0 0 1 30 5 9 4 0 0 0 0 2 5 0 0 1 29 0 10 25 1 2 0 0 0 0 0 0 0 0 0 0 5 0 0 0 0 0 0 0 0 0 0 0 0 0 0 2 8 0 0 0 0 31 90 16 5 10 7 0 0 2 0 0 0 4 32 48 45 5 46 41 25 52 55 51 15 3 95 223 260 147 357 272 86 37 296 283 216 252 627 493 768 617 223 108 36 28 17 5 2 31 71 70 5 10 3 9 95 24 4 22 2 15 2 13 21 5 6 3 1 12 21 34 32 5 58 41 3 0 0 0 1 50 5 1 0 0 0 0 0 0 0 0
0 0 0 3 3 0 0 0 1 7 12 2 8 0 0 0 0 2 1 2 0 14 56 12 6 0 0 3 0 0 0 0 0 0 0 2 0 1 0 16 0 0 0 1 0 0 0 0 0 0 0 0 0 0 4 1 1 1 0 8 17 11 8 1 0 0 0 0 0 0 1 2 2 0 0 0 3 34 88 185 72 28 5 32 92 105 417 128 3 14 73 62 63 296 423 635 255 334 281 396 640 446 32 40 20 8 7 51 158 136 50 6 4 3 6 2 8 29 27 17 115 25 5 8 4 4 3 5 4 18 7 5 83 159 0 0 2 0 1 27 5 1 0 0 0 0 0 0 0 0
28 6 0 0 0 0 0 0 0 3 2 1 0 0 0 3 0 0 11 3 0 0 1 13 8 0 1 5 14 0 2 0 0 1 0 2 0 1 0 6 1 0 0 0 0 0 0 0 0 0 0 0 1 0 51 30 4 14 36 2 0 0 10 13 0 0 0 0 0 0 9 217 8 2 0 33 25 78 192 292 99 106 46 162 143 24 54 147 8 161 825 617 1042 561 625 371 87 184 485 507 578 481 218 24 18 73 46 12 375 46 15 23 31 14 0 10 16 58 78 15 39 94 23 7 4 6 0 7 24 3 2 17 24 0 5 0 9 0 0 10 48 3 0 0 0 0 0 0 0 0
2 11 0 0 0 0 0 0 2 0 0 2 0 0 0 11 4 4 0 1 4 0 0 0 12 0 1 0 0 1 1 0 1 0 0 18 3 0 0 1 0 0 0 0 0 0 0 0 2 4 2 0 2 4 29 153 18 35 3 0 0 1 0 14 0 0 0 0 2 10 120 35 79 86 23 64 53 200 285 252 228 233 267 61 195 99 62 57 21 413 1046 827 431 721 280 180 61 552 230 744 480 656 540 484 324 130 170 26 8 13 6 31 47 38 11 0 5 28 70 31 246 680 194 13 4 7 4 1 1 1 2 1 0 0 4 1 0 0 0 1 23 7 0 0 0 0 0 0 0 0
15 2 0 2 0 0 0 0 2 2 2 0 0 0 0 0 0 1 7 52 3 4 0 0 0 0 0 2 0 0 0 2 0 0 7 82 32 20 0 1 0 0 0 0 0 0 0 0 0 8 57 10 0 2 3 40 36 19 13 3 0 0 5 1 1 0 0 0 4 49 106 161 153 78 81 55 40 20 46 224 424 592 224 42 0 150 49 60 1 188 1050 475 49 249 543 390 114 999 461 415 471 287 754 508 17 145 18 53 6 1 4 0 3 24 6 16 27 4 3 27 176 126 13 9 1 9 1 1 4 4 1 0 1 0 0 1 1 0 0 0 8 5 0 0 0 0 0 0 0 0
0 0 1 1 0 0 0 0 4 7 11 0 0 1 1 0 0 1 0 0 0 2 3 0 0 0 0 0 0 0 2 1 2 2 0 10 4 1 3 0 0 0 0 0 0 0 0 0 0 2 0 1 2 3 1 17 13 1 62 69 4 11 0 3 9 0 0 0 2 80 38 52 241 390 248 87 302 181 329 558 492 603 783 512 113 14 8 214 54 99 931 755 68 403 617 384 276 379 332 37 25 340 137 131 82 41 49 15 10 7 49 167 167 36 21 22 1 8 18 21 62 265 9 13 9 3 16 5 0 0 2 0 0 0 0 0 0 3 0 0 0 1 0 0 0 0 0 0 0 0
2 0 0 1 0 0 0 0 3 0 0 0 0 0 0 0 0 0 0 0 0 0 0 0 0 0 0 0 0 1 7 0 0 0 5 6 1 0 12 9 0 0 0 0 0 0 0 0 0 0 0 0 4 18 2 8 1 24 93 60 59 47 47 2 12 23 0 0 3 55 3 5 16 37 81 45 86 145 648 769 831 431 616 160 102 129 185 604 305 79 485 101 47 378 355 334 188 625 665 169 142 273 365 431 116 116 17 21 109 18 333 473 56 57 20 47 8 6 10 33 10 9 20 4 16 2 31 4 4 0 0 0 2 0 0 0 0 0 0 0 0 0 0 0 0 0 0 0 0 0
9 0 0 0 0 0 0 0 1 5 1 0 5 3 5 0 0 0 0 0 0 0 0 0 0 0 0 0 0 0 3 0 0 0 2 0 1 1 1 0 0 0 0 0 0 0 0 0 0 1 0 0 1 3 0 0 0 4 17 55 281 275 15 2 1 32 2 3 4 22 1 2 0 2 1 9 10 61 61 487 527 639 729 23 11 12 405 252 252 64 6 13 253 667 898 813 106 457 310 163 259 105 81 277 611 118 224 225 33 180 890 177 301 10 33 28 3 4 0 2 22 2 18 15 7 0 7 2 0 1 5 0 0 1 1 0 0 0 0 0 0 0 0 0 0 0 0 1 0 0
0 0 0 0 0 0 0 2 10 7 0 0 0 1 0 0 0 0 0 0 0 0 0 0 0 0 0 0 0 0 0 1 0 0 0 0 0 0 2 0 0 0 0 0 0 0 1 0 6 0 3 0 10 5 0 0 0 0 1 16 38 98 15 6 4 1 0 4 1 9 0 1 0 1 0 17 6 45 209 565 738 470 497 288 759 734 316 122 220 199 60 0 15 475 787 1019 511 102 65 11 35 78 21 2 80 344 243 195 69 19 305 632 251 47 7 238 248 521 152 46 70 23 28 30 30 9 14 6 2 17 80 5 0 2 0 0 0 0 0 0 0 0 0 0 0 0 0 0 0 0
0 0 1 0 0 0 2 0 5 4 0 6 0 0 5 2 0 0 0 0 0 0 0 0 0 1 0 0 0 0 0 2 0 0 0 1 0 0 0 0 0 9 1 0 0 0 3 11 18 11 16 1 9 5 0 0 1 10 10 8 1 101 4 3 0 0 0 0 1 8 0 0 0 0 0 0 11 17 109 219 451 202 487 296 316 345 149 225 350 289 26 3 9 391 475 560 537 62 12 289 25 15 6 8 81 279 573 306 224 153 504 221 162 57 4 140 304 666 318 168 438 227 182 153 78 431 82 41 86 76 2 93 12 19 25 0 0 0 0 0 0 0 0 0 0 0 0 0 0 0
3 0 1 0 0 0 0 0 8 1 0 0 0 0 0 2 21 4 0 1 3 0 0 1 0 0 0 0 0 0 0 0 0 3 5 1 0 0 2 1 2 8 10 6 5 1 6 1 0 0 0 0 4 0 1 0 1 1 1 1 1 2 0 0 0 4 1 1 1 0 2 0 0 0 0 0 34 12 171 383 467 106 46 31 137 74 28 22 148 491 48 0 3 4 12 94 754 376 242 26 0 12 8 33 33 80 404 256 19 91 189 193 93 107 33 222 673 147 479 731 277 308 141 171 155 209 1 0 0 60 7 0 59 27 23 0 0 0 0 0 0 0 0 0 0 0 0 0 0 0
0 0 1 0 0 1 0 0 1 1 0 0 0 0 0 0 0 12 1 5 0 6 0 2 0 0 0 0 0 0 0 0 1 0 0 1 1 0 0 0 0 1 59 2 17 0 2 5 0 0 0 0 3 0 0 0 0 0 6 2 0 2 2 0 0 3 3 1 0 3 13 0 0 0 6 26 142 60 328 75 186 312 45 0 27 10 7 0 1 2 1 0 6 34 85 26 630 412 499 461 19 18 48 21 42 8 27 218 373 299 788 643 93 694 130 60 56 155 863 939 181 439 110 4 59 238 3 0 32 26 0 0 24 11 0 0 0 0 0 1 0 0 1 0 0 0 0 0 0 0
0 0 0 1 0 0 2 0 0 1 0 0 0 0 0 0 0 0 95 11 6 2 0 1 0 0 0 0 0 1 8 2 0 0 0 0 0 0 0 0 0 0 0 135 30 0 0 0 4 0 0 21 0 0 0 0 0 0 0 0 11 3 5 5 1 0 22 42 8 12 58 0 0 1 3 358 537 389 271 17 246 235 92 21 19 159 17 1 1 17 4 1 1 36 5 17 69 318 113 144 0 22 265 120 335 54 93 440 207 584 751 1126 676 233 205 244 175 252 658 371 168 151 0 2 0 11 8 0 22 1 0 1 0 0 0 0 0 0 0 0 0 0 0 0 0 0 0 0 0 0
0 0 0 0 0 0 0 0 9 0 0 0 0 0 0 0 0 0 2 3 5 0 0 0 0 0 0 0 0 0 0 0 0 0 0 0 0 0 0 0 0 0 0 4 21 0 0 0 1 5 11 35 2 0 0 1 3 5 8 11 61 26 4 18 11 103 105 81 143 88 46 5 1 1 57 540 953 901 300 28 0 128 151 10 6 20 46 10 0 27 10 9 4 0 0 4 54 293 178 159 21 75 462 439 1152 854 1536 701 690 487 1003 444 495 432 457 222 140 74 53 67 108 112 30 4 0 16 46 5 10 21 4 0 0 0 1 0 0 0 0 0 0 0 0 0 0 0 0 0 0 1
0 0 0 0 0 0 2 35 105 0 3 1 0 0 0 0 3 0 3 3 0 16 8 1 0 0 0 0 0 3 0 0 0 0 0 0 0 0 0 0 0 0 0 0 1 13 0 0 0 20 42 71 1 1 0 8 26 51 8 72 11 17 8 18 58 54 104 68 33 80 168 43 93 121 482 742 1020 715 221 22 8 1 1 0 0 0 23 97 9 77 4 9 0 1 8 26 31 13 26 37 6 2 919 558 459 438 712 300 472 708 949 615 559 373 399 131 37 146 114 96 32 10 135 310 46 76 19 3 4 0 0 2 0 0 10 7 0 0 0 0 0 0 0 0 0 0 0 0 0 0
0 0 0 0 0 0 0 1 1 0 0 0 0 0 0 2 11 5 1 2 1 0 17 29 6 4 0 0 1 0 0 0 0 0 0 0 0 0 0 0 0 0 0 2 0 8 6 1 0 23 21 0 2 14 3 35 56 89 45 14 0 3 0 0 1 1 0 0 0 0 1 6 99 56 206 342 701 356 133 0 0 0 5 0 0 0 2 32 90 6 0 0 2 1 0 18 19 0 26 77 24 183 553 647 293 203 318 169 327 486 406 288 504 279 236 100 28 83 212 10 0 3 40 24 19 319 1 6 1 0 0 0 0 0 0 1 0 0 0 0 0 0 0 0 0 0 0 0 0 1
0 0 1 0 0 1 0 3 0 0 0 0 2 0 0 1 0 1 3 5 1 3 0 1 27 0 7 13 1 0 0 0 0 0 0 0 1 0 0 0 0 0 0 1 0 25 43 3 1 37 21 31 11 55 19 14 50 66 286 10 1 0 2 0 4 1 10 49 4 18 74 7 72 12 46 114 46 106 20 13 0 0 2 3 0 1 1 4 74 0 0 28 99 36 4 2 1 2 24 331 137 78 117 74 92 326 137 239 396 395 98 270 176 166 141 15 89 112 24 18 0 2 5 7 117 532 204 11 2 0 0 0 0 0 0 0 0 0 0 0 0 0 0 0 0 0 0 0 0 0
0 0 0 2 1 4 0 0 0 0 0 0 2 0 0 2 5 0 0 2 1 6 0 0 0 5 45 42 176 0 0 0 0 0 0 9 1 0 0 0 0 1 1 7 14 18 8 0 29 272 89 11 9 22 0 19 107 58 30 22 48 39 3 0 0 0 1 3 0 128 42 12 31 6 3 97 64 14 19 8 7 0 5 29 0 16 4 10 2 1 2 163 58 201 20 2 0 54 206 35 105 153 94 32 104 114 134 367 280 1 4 85 9 363 56 1 11 1 0 0 0 0 3 1 46 173 189 234 10 0 0 0 0 0 0 0 0 0 0 0 0 0 0 0 0 0 0 0 0 0
0 0 0 0 3 0 0 0 0 0 0 0 1 0 1 0 1 0 0 2 10 7 86 2 4 2 4 19 155 3 0 3 2 0 0 0 0 0 0 0 0 0 4 74 8 90 93 7 1 154 44 2 1 3 42 4 39 89 4 0 1 3 2 0 1 4 1 0 10 63 38 19 13 0 0 40 11 0 2 5 2 0 0 0 0 29 10 2 3 4 1 22 10 2 0 33 0 20 13 4 433 685 474 101 72 98 91 378 121 2 2 1 1 136 18 0 0 0 0 0 0 0 0 2 8 2 17 112 14 1 0 0 0 0 0 0 0 0 0 0 0 0 0 0 0 0 0 0 0 0
0 0 0 0 0 0 0 0 0 0 0 0 0 3 0 1 0 0 1 0 2 3 6 10 0 2 9 0 0 3 0 8 6 0 1 0 0 0 0 0 1 6 16 4 3 6 8 11 68 261 263 55 20 39 15 6 4 2 2 0 0 7 14 3 95 91 1 0 2 15 103 19 2 0 12 134 331 85 10 17 3 19 2 1 0 0 0 5 21 5 3 0 1 1 1 1 0 2 196 254 852 619 266 111 0 6 81 81 0 0 0 0 0 3 0 0 0 0 0 0 0 0 2 0 0 0 36 148 0 0 0 0 0 0 0 0 0 0 0 0 0 0 0 0 0 0 0 0 0 0
0 0 0 0 0 0 0 0 0 0 0 0 0 2 0 1 0 0 0 1 1 1 8 2 3 2 1 0 0 0 7 58 3 0 2 0 0 6 0 0 33 12 0 0 1 0 3 11 183 460 241 181 19 2 0 2 0 3 0 0 1 0 0 0 15 11 28 3 5 43 33 8 20 2 0 23 134 66 34 85 17 48 4 32 16 1 12 20 189 87 14 6 0 3 0 9 2 0 63 236 143 84 34 3 9 8 101 78 19 0 0 0 6 51 0 0 0 0 0 0 0 0 0 0 0 22 26 0 2 1 3 0 0 0 0 0 0 0 0 0 0 0 0 0 0 0 0 0 0 0
0 0 0 1 0 0 0 0 0 0 0 0 0 0 3 0 0 0 0 0 0 1 14 1 2 0 0 0 0 0 0 7 34 5 1 0 11 77 14 6 2 0 0 0 0 0 11 28 36 244 195 138 3 0 0 1 0 1 7 1 0 0 0 0 0 1 14 3 0 8 14 29 48 1 0 15 8 8 33 14 1 21 11 0 0 12 9 0 0 0 1 2 5 6 0 2 5 0 1 2 19 0 4 35 54 34 36 27 59 110 42 13 29 0 0 0 0 0 0 0 0 0 0 8 20 50 97 0 0 0 0 0 0 0 0 0 0 0 0 0 0 0 0 0 0 0 0 0 0 0
0 0 0 0 0 0 0 0 0 0 0 0 0 1 5 0 2 2 0 0 3 1 0 1 0 4 0 0 0 3 0 3 5 10 3 4 1 14 9 0 0 0 0 0 3 60 31 51 5 87 120 27 11 3 2 4 12 12 1 0 0 0 0 0 1 0 3 1 1 0 1 2 94 93 1 5 0 0 0 0 0 26 91 134 1 1 7 3 0 0 0 3 0 2 1 0 0 0 0 1 3 1 3 58 32 31 9 3 7 25 0 199 19 0 0 0 0 0 0 0 0 0 0 24 7 17 15 119 2 0 0 0 0 0 0 0 0 0 0 0 0 0 0 0 0 0 0 0 0 0
0 0 0 0 0 0 0 0 0 0 0 0 0 1 0 0 0 0 0 0 1 0 0 0 0 0 0 0 0 0 0 2 1 1 12 0 2 95 0 0 0 0 0 15 22 42 39 1 1 23 49 38 13 12 30 0 2 2 1 0 0 0 0 0 1 0 0 9 7 5 3 2 4 4 42 6 0 1 0 0 71 3 8 54 20 2 0 0 0 1 5 5 0 1 0 0 6 0 0 8 24 4 2 14 477 0 0 5 0 0 0 3 1 0 0 0 2 0 0 0 0 0 1 0 0 57 46 12 0 0 3 0 0 0 0 0 0 0 0 0 0 0 0 0 0 0 0 0 0 0
0 0 0 0 0 0 0 0 0 0 8 0 0 1 22 0 0 0 5 0 0 5 0 3 0 0 2 3 0 0 0 0 3 13 21 0 0 6 0 1 1 0 0 3 41 8 4 0 11 13 41 9 0 3 0 0 2 0 0 0 1 0 0 0 10 2 0 5 6 8 4 24 0 1 3 2 9 0 0 0 6 0 1 8 1 14 3 3 1 12 0 3 1 1 6 3 0 1 0 4 12 32 7 108 190 187 0 2 0 0 0 2 3 1 8 3 0 0 0 0 3 0 0 0 0 42 14 28 1 0 0 0 0 0 0 0 5 29 0 0 0 0 0 0 0 0 0 0 0 0
0 0 0 0 0 0 0 0 0 0 9 0 1 0 7 1 0 12 0 0 0 6 2 1 0 0 0 10 1 2 0 1 0 5 12 2 1 0 2 8 5 4 0 10 60 4 0 2 1 2 27 9 0 0 0 0 0 0 0 0 0 0 0 0 10 1 0 1 2 2 13 12 1 4 3 1 9 0 0 0 0 0 25 2 4 9 9 20 2 0 0 4 0 0 0 12 0 1 0 1 12 20 5 10 35 210 46 8 0 0 0 0 0 5 4 8 0 0 3 1 0 0 0 0 54 133 11 10 0 0 0 0 0 0 1 0 0 5 0 0 0 0 0 0 0 0 0 0 0 0
0 0 0 0 0 0 0 0 0 0 0 0 0 5 0 3 12 34 5 0 1 14 12 1 0 0 0 1 0 1 3 0 0 34 0 0 1 13 5 15 48 46 19 102 132 3 6 2 2 1 0 23 37 3 1 1 0 0 0 0 0 0 2 0 0 0 0 0 2 43 67 17 3 3 0 0 0 8 0 0 0 0 0 0 0 0 1 4 12 8 6 0 2 0 0 0 0 1 0 2 0 6 15 5 6 808 589 31 3 0 0 0 0 0 0 0 6 178 58 1 0 0 0 19 64 54 72 174 82 29 0 0 0 0 1 3 3 1 0 0 0 0 0 0 0 0 0 0 0 0
0 0 0 0 0 1 0 2 0 3 0 0 12 5 14 2 30 51 0 5 1 1 1 0 0 0 1 1 2 5 0 4 5 1 10 10 8 27 61 97 303 445 250 224 93 9 0 0 2 0 0 1 20 10 0 0 0 0 0 0 0 0 0 0 0 0 0 0 0 4 13 30 12 0 8 10 1 19 2 0 0 7 0 0 11 0 0 0 7 4 11 0 1 6 15 26 2 0 0 0 0 0 19 20 187 209 238 324 5 0 0 0 0 0 0 0 165 72 23 0 0 0 7 57 177 129 713 465 25 16 0 0 1 106 0 5 0 0 0 0 0 0 0 0 0 0 0 0 0 0
0 0 0 0 0 0 0 8 4 9 3 35 45 0 0 2 6 9 0 0 0 2 4 21 2 0 0 0 0 1 3 3 0 10 25 16 1 2 64 322 485 719 477 609 26 0 0 6 6 0 4 0 43 81 7 5 0 0 0 0 0 0 0 0 0 0 0 0 2 0 8 2 1 0 0 1 0 5 5 0 0 0 1 1 6 0 0 0 2 5 0 2 9 29 0 5 0 0 0 2 0 1 6 1 12 64 1 65 13 0 0 0 0 0 62 25 590 306 34 36 14 8 4 77 112 66 286 334 313 203 37 84 35 77 7 0 0 0 0 0 0 0 0 0 0 0 0 0 0 0
0 0 0 0 0 0 0 0 1 3 3 4 3 0 1 5 0 0 10 3 1 2 76 25 0 0 0 1 2 3 8 5 0 0 2 19 16 43 53 65 451 246 360 156 27 3 5 4 2 2 0 1 16 12 0 0 1 0 0 0 0 0 0 0 0 0 0 0 0 0 4 0 0 0 0 0 3 5 1 0 7 10 8 2 35 0 0 0 17 20 3 0 7 17 0 0 1 3 0 4 6 2 0 9 3 1 0 4 12 2 0 1 8 0 60 879 483 416 154 147 104 54 83 5 7 6 14 119 1 70 6 184 561 37 11 3 0 0 0 0 0 0 0 0 0 0 0 0 0 0
0 0 0 0 0 0 0 4 0 1 7 6 2 0 0 1 0 1 0 12 170 36 11 0 0 0 0 0 3 15 0 3 14 25 7 10 2 12 0 97 466 263 304 178 64 23 8 0 2 1 1 0 0 2 1 4 0 0 0 0 0 0 0 0 0 0 0 0 0 0 0 0 0 0 0 0 0 2 10 0 16 14 30 192 43 0 0 0 0 0 0 0 4 4 2 0 16 6 0 2 0 0 0 0 6 5 1 10 140 161 433 356 83 97 397 666 389 207 52 353 57 120 12 7 27 27 114 88 12 0 55 188 378 117 49 3 0 0 0 0 0 0 0 0 0 0 0 0 0 0
0 0 0 0 0 0 1 1 0 3 0 11 7 8 0 4 0 4 4 18 45 0 0 0 0 0 0 0 0 8 30 19 1 0 1 4 26 3 1 9 39 100 12 10 1 0 0 0 1 1 0 3 38 2 0 2 9 12 0 0 0 0 0 0 0 0 0 0 0 0 0 0 0 0 0 6 0 24 7 2 5 7 11 4 0 0 0 0 2 1 7 0 0 7 3 12 0 0 0 0 4 0 0 0 0 1 4 14 113 77 120 89 63 258 867 423 290 333 99 378 61 3 0 25 24 53 16 0 0 0 27 246 0 1 0 0 0 0 0 0 0 0 0 0 0 0 0 0 0 0
0 0 0 0 0 3 3 49 4 2 1 0 0 4 7 4 2 2 20 11 17 0 0 0 0 0 1 0 0 1 46 0 8 3 3 0 1 2 11 0 4 9 3 0 1 6 0 0 2 5 0 5 163 7 81 17 15 3 1 0 0 0 0 0 0 0 0 0 0 0 0 0 0 0 0 0 0 6 6 1 0 0 1 0 0 0 0 0 2 0 2 0 7 12 19 0 12 1 0 0 1 0 0 0 0 1 7 55 30 11 0 14 250 205 203 351 108 177 156 178 314 0 0 0 0 0 0 0 0 0 1 98 29 0 0 0 0 0 0 0 0 0 0 0 0 0 0 0 0 0
0 0 0 0 1 2 1 5 0 0 0 0 5 7 23 3 7 12 3 0 1 4 10 0 1 0 0 17 18 11 33 51 3 0 2 2 2 3 1 1 6 32 7 1 1 0 1 0 0 0 8 26 153 31 2 16 0 1 0 0 0 0 0 0 0 0 0 0 0 0 0 0 0 0 0 0 17 14 3 2 0 9 0 0 0 0 0 0 16 0 7 4 21 36 2 12 5 2 0 4 4 0 0 2 0 0 2 74 452 5 0 0 0 0 4 0 1 24 306 532 48 0 2 0 0 1 1 0 1 0 0 0 56 1 0 0 0 0 0 0 0 0 0 0 0 0 0 0 0 0
0 1 0 1 0 0 12 26 7 3 6 3 2 0 1 121 27 39 2 0 0 0 6 0 3 0 0 7 4 0 5 7 5 0 0 2 0 0 0 1 53 2 0 3 3 0 3 0 0 0 0 35 17 16 10 1 4 0 1 0 0 0 0 0 0 0 0 0 0 0 0 0 0 0 0 0 7 54 1 0 0 0 1 0 0 0 1 4 13 0 28 0 1 16 0 0 0 1 5 3 0 1 3 0 4 15 51 19 142 0 0 0 0 0 6 0 0 1 119 221 297 363 0 0 1 30 1 0 0 65 93 22 59 6 0 0 0 0 0 0 0 0 0 0 0 0 0 0 0 0
0 0 0 0 0 6 4 1 0 1 11 1 4 5 19 24 37 25 4 1 0 0 3 2 3 6 3 1 0 0 0 0 1 8 11 2 0 0 1 4 0 27 5 4 5 0 0 1 0 0 1 43 44 17 14 5 2 0 0 0 0 0 0 0 0 0 0 0 0 0 0 0 0 0 0 0 0 29 75 1 0 3 0 0 0 0 1 52 12 1 2 1 13 0 1 6 2 2 8 6 45 18 19 4 0 2 23 19 58 3 0 0 0 7 50 51 147 530 73 136 652 127 1 7 226 58 0 0 0 116 133 0 0 0 0 0 0 0 0 0 0 0 0 0 0 0 0 0 0 0
0 2 1 0 0 3 2 2 3 0 4 87 17 8 0 0 4 6 2 0 0 0 1 10 7 3 3 0 26 0 0 0 0 0 0 0 0 0 3 0 1 23 16 16 5 0 2 1 0 0 0 92 28 1 2 0 0 0 1 0 0 0 0 0 0 0 0 0 0 0 0 0 0 0 0 0 0 16 20 18 0 0 0 0 0 1 1 7 1 0 1 0 5 1 1 0 0 0 3 3 0 0 3 1 23 0 13 26 32 7 0 0 0 0 98 422 609 701 55 33 41 164 193 268 143 0 0 4 12 296 89 1 0 0 0 0 0 0 0 0 0 0 0 0 0 0 0 0 0 0
0 0 4 0 0 0 2 1 0 2 6 20 0 1 0 4 0 0 1 0 0 0 0 0 2 0 1 0 5 0 0 0 0 0 0 0 0 1 5 0 0 0 1 0 9 5 0 0 0 1 3 53 2 5 2 1 0 0 2 0 0 0 0 0 0 0 0 0 0 0 0 0 0 0 0 0 0 14 82 49 5 22 23 6 0 0 3 0 0 1 0 0 1 5 0 0 0 0 0 6 0 1 7 5 13 3 24 13 23 0 0 6 29 12 23 25 3 60 404 211 26 234 556 500 368 177 93 158 592 1245 628 16 0 0 0 0 0 0 0 0 0 0 0 0 0 0 0 0 0 0
0 0 0 0 0 2 1 0 0 16 62 4 0 8 3 3 0 2 0 0 0 0 0 0 0 5 19 0 0 0 0 0 4 1 3 0 0 0 1 20 0 2 1 0 0 0 6 2 8 1 0 354 41 11 0 3 0 0 0 1 0 0 0 1 0 0 0 0 0 0 0 0 0 0 0 0 4 15 45 1 3 27 13 0 0 0 0 0 6 4 0 0 2 10 2 23 18 0 0 2 4 0 0 22 3 4 8 3 86 34 5 10 38 2 1 10 67 200 288 357 462 540 864 705 1232 936 603 540 1041 733 516 5 0 0 0 0 0 0 0 0 0 0 0 0 0 0 0 0 0 0
0 0 0 0 2 2 0 1 10 7 1 4 2 1 5 10 8 0 0 0 0 0 0 0 15 3 11 1 2 0 1 7 1 0 0 0 0 3 2 0 3 0 3 0 2 1 0 0 4 37 532 426 21 63 22 1 1 4 1 10 1 1 0 0 0 0 0 0 0 0 0 0 0 0 0 0 4 0 5 0 0 4 2 0 0 0 0 0 1 3 0 10 9 0 0 6 0 0 9 2 7 7 15 1 25 21 38 88 0 6 11 1 5 7 6 7 3 44 437 970 966 779 258 906 1352 815 123 578 407 16 62 17 0 0 0 0 0 0 0 0 0 0 0 0 0 0 0 0 0 0
0 2 0 3 1 1 3 1 9 0 5 1 4 1 1 2 2 1 0 0 0 0 0 1 9 2 0 2 0 0 0 37 24 1 0 2 0 3 1 0 0 0 0 0 0 0 0 0 3 34 456 434 390 489 38 7 0 5 5 5 1 0 0 0 0 0 0 0 0 0 0 0 0 0 0 0 0 0 0 22 0 0 1 0 0 0 0 24 73 0 1 51 0 0 0 0 0 0 0 14 11 1 35 19 10 181 300 19 3 0 1 3 0 2 2 14 17 7 92 566 368 500 216 2107 1454 700 235 172 91 554 619 540 0 0 0 0 0 0 0 0 0 0 0 0 0 0 0 0 0 0
1 0 2 8 1 0 37 9 11 5 9 53 5 0 0 1 0 0 0 0 0 0 0 0 1 0 2 1 0 0 0 14 7 4 0 1 2 1 0 0 0 0 0 1 0 4 1 0 1 7 111 286 461 368 105 39 5 1 1 2 2 0 0 0 0 0 0 0 0 0 0 0 0 0 0 0 0 0 0 19 6 3 1 0 0 0 0 16 28 6 5 7 72 0 0 0 0 0 0 7 8 35 25 38 29 8 10 12 0 0 0 0 2 3 7 8 2 6 4 91 292 289 362 662 827 685 274 340 359 556 314 204 2 0 0 0 0 0 0 0 0 0 0 0 0 0 0 0 0 0
7 2 0 21 1 10 10 25 2 0 2 3 3 1 0 0 0 0 0 0 0 0 2 0 0 0 0 0 1 1 2 0 0 0 0 0 0 1 0 0 0 0 0 0 0 1 4 1 4 0 29 152 220 18 23 23 6 1 4 0 0 1 0 0 0 0 0 0 0 0 0 0 0 0 0 0 0 0 0 0 2 12 0 0 0 0 30 47 21 2 6 180 200 20 2 0 0 0 0 18 25 5 42 233 15 2 9 6 11 0 0 0 4 10 1 6 2 9 15 23 150 680 497 318 260 530 504 1020 143 121 87 83 0 0 0 0 0 0 0 0 0 0 0 0 0 0 0 0 0 0
0 0 11 0 4 0 25 151 6 15 8 2 0 0 0 0 0 0 0 0 1 2 2 0 0 0 0 0 7 0 0 0 0 0 0 0 0 1 2 0 0 0 0 0 0 0 0 0 1 7 0 34 107 30 9 0 1 47 60 3 0 0 1 0 0 0 0 0 0 0 0 0 0 0 0 0 0 0 0 0 1 3 16 21 4 10 0 0 19 30 122 149 125 90 2 3 0 3 36 27 62 407 229 370 300 34 19 4 7 8 0 0 12 0 2 1 7 80 22 285 380 535 1480 1064 927 235 1144 1381 835 0 0 0 0 0 0 0 0 0 0 0 0 0 0 0 0 0 0 0 0 0
4 6 47 0 3 17 10 42 8 8 1 1 1 2 0 0 0 0 0 0 0 0 32 0 0 0 0 1 3 0 0 1 0 0 0 1 0 0 0 1 5 1 0 0 0 0 0 0 10 1 0 13 111 1 3 0 0 10 100 14 9 1 0 0 0 0 0 0 0 0 0 0 0 0 0 0 0 0 0 0 0 2 6 1 0 3 2 1 9 30 87 76 108 15 33 14 1 1 0 9 188 210 385 247 197 63 1 5 5 9 5 0 0 5 3 1 3 380 285 666 524 26 12 151 187 194 251 591 287 7 216 2 0 0 0 0 0 0 0 0 0 0 0 0 0 0 0 0 0 0
2 4 111 0 41 96 51 5 1 3 15 20 0 3 0 0 0 0 0 0 2 0 0 0 0 0 0 0 0 0 0 0 0 0 0 1 0 0 0 0 0 1 1 0 0 0 0 0 0 0 0 7 23 0 0 1 1 1 0 12 4 0 0 0 0 0 0 0 0 0 0 0 0 0 0 0 0 0 0 0 25 43 0 4 26 1 83 11 1 2 1 7 4 0 0 0 0 0 0 3 4 64 568 306 163 230 11 9 10 7 42 2 0 0 0 25 213 350 110 32 0 0 0 1 51 297 78 412 276 16 24 9 0 0 0 0 0 0 0 0 0 0 0 0 0 0 0 0 0 0
6 28 98 113 261 292 166 84 10 0 0 0 0 0 0 0 0 0 0 1 0 14 0 0 0 0 0 0 0 0 0 0 0 0 0 0 0 0 0 0 0 0 0 11 13 6 0 17 1 1 3 10 14 0 0 0 1 0 11 0 0 3 0 0 0 0 0 0 0 0 0 0 0 0 0 0 0 0 1 22 4 0 0 0 7 3 13 179 40 0 0 0 0 0 0 0 0 0 0 0 0 184 496 146 124 134 1 13 3 17 2 2 0 0 9 48 121 8 12 42 0 0 0 0 25 379 153 383 118 7 16 1 0 0 0 0 0 0 0 0 0 0 0 0 0 0 0 0 0 0
3 57 304 573 366 226 81 23 0 0 0 7 4 0 1 0 1 0 0 2 1 0 0 0 0 0 0 13 1 0 0 0 0 0 0 0 0 0 0 0 0 2 0 4 3 0 0 13 7 0 0 0 4 0 0 0 5 0 6 0 0 0 0 0 0 0 0 0 0 0 0 0 0 0 0 0 0 19 0 0 0 0 0 0 0 0 58 27 2 1 1 0 0 0 0 0 0 0 0 0 13 36 29 21 98 89 0 0 0 3 13 10 7 19 15 0 1 5 11 31 26 72 5 0 5 97 53 131 29 2 0 0 0 0 0 0 0 0 0 0 0 0 0 0 0 0 0 0 0 0
1 23 200 206 98 88 43 19 6 0 0 2 0 0 0 0 0 0 3 1 6 3 0 0 0 0 0 0 0 0 0 0 1 0 0 0 0 0 0 0 1 0 0 0 2 1 0 3 1 6 1 0 0 0 0 2 0 0 0 0 0 0 0 0 0 0 0 0 0 0 0 0 0 0 0 0 2 0 0 0 0 0 0 0 0 0 71 28 4 22 23 1 0 0 4 17 0 0 0 384 755 144 257 147 8 153 60 1 0 3 14 46 17 1 0 0 0 0 8 35 84 40 118 243 72 33 1 0 0 2 0 0 0 0 0 0 0 0 0 0 0 0 0 0 0 0 0 0 0 0
15 18 43 83 89 25 3 4 1 0 3 0 0 0 0 0 0 0 0 0 2 61 2 0 0 1 0 0 0 0 0 0 0 1 0 1 0 0 0 0 0 0 0 0 1 34 0 0 1 0 0 0 0 0 0 6 0 0 0 0 0 0 0 0 0 0 0 0 0 0 0 0 0 0 0 0 4 3 0 0 0 0 0 0 0 0 11 0 0 18 20 0 0 0 98 113 114 15 314 1532 419 463 205 41 0 47 93 162 0 3 32 0 2 0 0 0 2 0 29 29 118 20 23 45 4 26 29 17 61 16 8 0 0 0 0 0 0 0 0 0 0 0 0 0 0 0 0 0 0 0
42 6 12 4 1 0 0 1 1 0 0 0 0 0 0 0 0 0 0 0 0 4 1 1 0 0 0 0 0 1 1 0 0 2 15 0 0 0 0 0 0 0 0 0 0 7 0 1 0 0 0 0 0 1 32 16 6 0 0 0 0 0 0 0 0 0 0 0 0 0 0 0 0 0 18 5 0 0 0 0 0 0 0 0 0 0 17 1 0 0 77 15 6 8 94 302 108 15 88 153 10 3 13 26 6 1 0 143 487 134 0 0 0 0 0 0 0 2 0 0 39 1 0 0 26 58 55 40 278 86 26 0 0 0 0 0 0 0 0 0 0 0 0 0 0 0 0 0 0 0
5 1 2 0 0 0 2 0 0 0 0 0 0 0 0 1 0 0 0 0 0 0 0 0 0 0 0 0 0 0 11 45 2 0 1 1 0 0 0 0 0 0 0 0 0 0 2 0 0 0 0 0 3 1 7 2 0 0 0 0 0 0 0 0 0 0 0 0 0 0 0 0 0 0 5 16 0 0 0 0 0 0 0 0 0 0 36 72 126 37 93 11 15 21 0 53 4 24 0 2 4 3 3 0 1 6 166 245 140 46 1 0 1 0 0 0 0 2 0 0 0 1 4 8 9 146 36 133 44 115 32 0 0 0 0 0 0 0 0 0 0 0 0 0 0 0 0 0 0 0
2 0 0 1 0 0 0 0 0 0 0 0 0 0 0 0 0 3 0 0 0 0 0 0 1 0 0 0 1 0 0 0 0 0 1 0 0 0 0 0 1 1 0 0 0 3 0 0 0 0 0 2 7 73 6 0 0 0 0 0 0 0 0 0 0 0 0 0 0 0 0 5 1 2 0 0 0 0 0 0 0 0 0 0 0 0 0 0 88 9 0 0 1 1 2 40 2 3 2 0 0 9 0 5 6 222 499 314 66 66 0 0 0 0 0 0 0 0 37 13 0 16 1 20 4 6 50 56 3 10 1 7 0 0 0 0 0 0 0 0 0 0 0 0 0 0 0 0 0 0
6 0 0 0 0 0 0 0 0 0 0 0 0 0 0 0 1 0 0 1 0 0 0 3 0 2 0 1 1 0 0 0 0 0 0 0 0 0 1 0 0 0 0 0 0 0 0 0 0 0 1 0 6 59 9 1 1 0 0 0 0 0 0 0 0 0 0 0 0 0 2 0 16 0 0 0 0 0 0 0 0 0 0 0 0 0 0 0 0 0 0 0 8 10 0 1 0 0 7 7 3 2 2 1 38 95 177 28 71 229 0 0 0 0 0 0 0 0 1 7 3 0 6 47 113 26 176 27 13 24 1 0 0 0 0 0 0 0 0 0 0 0 0 0 0 0 0 0 0 0
0 0 0 0 2 25 1 0 0 0 0 0 0 0 0 1 0 1 0 0 0 0 0 0 0 0 0 0 0 0 0 2 0 0 0 0 0 0 0 0 0 0 1 1 1 0 0 0 0 1 10 0 7 0 1 0 2 2 0 0 0 0 0 0 0 0 0 3 1 3 0 0 0 0 0 0 0 0 0 0 0 0 0 0 0 0 0 0 6 1 0 18 89 4 2 1 0 0 0 8 2 2 14 9 71 19 0 0 0 6 5 0 0 0 0 0 0 0 0 0 3 5 0 16 0 0 0 184 7 3 1 0 0 0 0 0 0 0 0 0 0 0 0 0 0 0 0 0 0 0
0 0 0 0 32 44 0 0 0 0 0 0 0 0 0 0 0 0 0 0 0 0 0 0 0 0 0 1 3 0 2 0 0 0 0 0 0 0 0 0 0 0 0 4 2 1 0 0 0 0 2 0 0 2 5 2 3 0 0 0 0 0 0 0 0 0 3 0 10 0 0 0 0 0 0 0 0 0 0 0 0 0 0 0 0 0 0 0 36 26 100 350 115 14 0 0 0 0 0 210 36 396 229 31 3 7 6 0 0 21 11 0 0 0 0 0 0 0 0 0 0 0 0 0 0 3 79 31 0 0 0 0 0 0 0 0 0 0 0 0 0 0 0 0 0 0 0 0 0 0
0 0 0 0 0 1 0 0 0 0 0 0 0 5 0 0 0 0 0 0 0 0 0 0 0 0 1 0 0 6 0 0 0 0 0 3 0 0 0 0 0 0 0 0 1 2 0 0 0 0 1 0 0 3 3 0 0 1 0 0 0 0 0 0 0 0 0 0 5 0 0 0 0 0 0 0 0 0 0 0 0 0 0 0 1 0 1 0 18 73 215 115 85 14 0 3 2 6 0 58 77 110 53 10 0 0 0 0 0 0 2 0 0 0 0 0 0 0 0 0 0 27 83 0 0 2 6 2 0 0 0 0 0 0 0 0 0 0 0 0 0 0 0 0 0 0 0 0 0 0
0 0 0 0 0 3 0 0 0 0 0 0 25 16 1 0 0 0 0 0 0 0 0 0 0 5 8 0 1 19 0 0 0 0 2 3 0 0 0 0 0 0 0 2 0 7 5 0 0 0 1 0 0 50 10 0 0 0 0 0 0 0 0 0 0 0 1 4 19 0 0 0 0 0 0 0 0 0 0 0 0 0 0 0 56 24 26 2 2 26 0 1 22 1 31 1 0 4 9 31 79 0 1 2 0 0 0 1 0 36 10 63 1 0 0 0 0 0 0 0 0 0 0 0 0 0 0 2 0 0 0 0 0 0 0 0 0 0 0 0 0 0 0 0 0 0 0 0 0 0
0 0 0 1 1 0 2 1 0 0 0 0 0 0 0 0 0 0 0 0 0 0 0 0 0 1 0 0 0 2 0 0 0 0 2 0 0 0 0 0 0 0 2 0 0 0 2 5 0 0 1 0 0 1 6 7 0 1 0 0 0 0 0 0 0 0 1 23 11 0 0 0 0 0 0 0 0 0 0 0 0 0 0 0 20 1 1 0 4 23 1 1 6 1 6 7 4 35 7 10 28 23 4 0 9 0 0 11 97 126 110 450 18 12 0 0 0 0 0 0 0 0 0 0 0 0 0 0 0 0 0 0 0 0 0 0 0 0 0 0 0 0 0 0 0 0 0 0 0 0
0 0 0 0 0 2 0 1 0 0 0 0 1 0 0 0 0 0 0 0 0 0 0 0 0 0 0 0 0 1 0 0 0 0 1 0 0 0 2 2 0 0 0 0 0 0 0 4 9 0 0 1 0 1 0 51 121 0 1 0 0 0 0 0 1 6 40 64 0 0 1 1 0 0 0 0 0 0 0 0 0 0 0 17 21 0 0 4 12 1 4 8 1 0 0 5 57 37 3 1 1 0 8 1 2 0 15 3 41 31 196 55 66 21 2 0 0 0 0 0 0 0 0 0 0 0 0 0 0 0 0 0 0 0 0 0 0 0 0 0 0 0 0 0 0 0 0 0 0 0
0 3 0 1 1 0 0 0 0 0 0 0 0 0 0 0 0 0 0 0 0 0 0 0 0 0 0 0 0 0 0 0 0 0 1 1 1 0 0 1 0 0 0 0 0 1 0 4 79 3 1 0 0 0 2 2 4 6 14 2 4 0 0 4 3 0 0 0 0 0 0 0 0 0 0 0 0 0 0 0 0 0 0 0 0 0 0 6 7 7 0 0 0 0 5 139 5 0 0 0 0 0 0 0 29 67 455 717 406 50 25 0 47 26 0 0 0 0 0 0 0 0 0 0 0 0 0 0 0 0 0 0 0 0 0 0 0 0 0 0 0 0 0 0 0 0 0 0 0 0
0 0 2 1 1 22 0 5 3 0 0 3 0 0 1 1 0 0 0 0 0 0 0 0 0 0 0 0 0 0 1 0 0 0 0 1 1 0 7 0 0 0 0 1 0 1 14 3 2 3 1 0 1 2 8 1 0 0 0 1 0 0 0 0 1 0 0 38 1 9 2 7 0 0 0 0 0 0 0 0 0 0 0 0 0 0 0 3 3 1 7 15 0 2 105 12 2 0 0 0 0 7 0 9 36 61 157 313 190 417 114 146 154 2 0 0 0 0 0 0 0 0 0 0 0 0 0 0 0 0 0 0 0 0 0 1 0 0 0 0 0 0 0 0 0 0 0 0 0 0
0 0 1 0 44 64 1 0 1 0 0 0 0 2 0 0 0 0 0 0 0 0 0 0 0 0 0 0 0 0 1 0 2 0 0 0 0 0 0 0 0 0 3 0 0 0 5 2 1 1 2 0 0 1 1 0 0 0 10 2 0 1 1 1 0 1 2 4 2 0 0 0 5 2 0 0 0 0 0 0 0 0 0 0 0 2 0 0 2 0 0 2 2 18 2 27 289 0 0 0 0 0 0 48 80 207 0 0 21 31 0 10 4 0 0 0 0 0 0 0 0 0 0 0 0 0 0 0 0 0 0 0 0 0 0 0 0 0 0 0 0 0 0 0 0 0 0 0 0 0
0 0 0 0 0 3 0 0 3 0 0 0 0 1 0 0 0 0 0 0 0 0 0 0 0 0 0 0 0 0 0 4 0 0 0 0 0 0 0 0 0 0 0 0 0 0 3 0 3 0 0 0 1 1 0 0 0 0 7 1 0 2 0 0 0 0 0 0 0 0 0 3 3 1 0 0 0 0 0 0 0 0 0 0 0 0 0 0 0 0 0 22 59 20 12 107 282 0 0 0 0 0 0 4 10 0 0 0 0 0 38 104 3 0 0 0 0 0 0 0 0 0 0 0 0 0 0 0 0 0 0 0 0 0 0 0 0 0 0 0 0 0 5 1 12 0 0 0 0 0
0 0 0 0 0 1 0 0 0 3 3 0 2 0 3 1 0 0 0 0 0 0 0 0 0 0 0 0 0 0 0 0 0 0 0 0 0 0 0 0 0 0 0 0 0 2 0 0 0 0 5 1 5 0 3 0 1 0 0 3 1 0 0 0 0 0 0 0 1 0 3 0 0 0 0 0 0 0 0 0 0 0 0 0 0 0 0 1 39 12 1 17 150 173 21 0 3 0 0 0 0 0 0 3 2 0 0 2 0 55 156 3 0 0 0 0 0 0 0 0 0 0 0 0 0 0 0 0 0 0 0 0 0 0 0 0 0 0 0 0 0 0 0 2 0 0 0 0 0 0
0 0 1 0 0 1 0 0 0 0 0 0 0 2 1 0 0 0 0 0 0 0 0 0 0 0 0 0 0 0 0 0 1 0 0 0 0 0 0 0 0 0 0 0 0 0 0 0 0 0 1 3 17 0 0 0 0 0 0 2 3 1 0 0 0 0 0 0 0 0 0 0 0 0 0 0 0 0 0 0 0 0 0 0 0 0 0 0 0 20 5 84 377 0 0 7 1 0 0 0 0 0 0 5 0 0 0 2 13 9 50 0 0 0 0 0 0 0 0 0 0 0 0 0 0 0 0 0 0 0 0 0 0 0 0 0 0 0 0 0 0 0 0 0 0 0 0 0 0 0
0 0 0 0 0 0 0 0 0 0 0 0 1 0 0 0 0 0 0 0 0 0 0 1 1 0 0 0 0 0 0 0 0 0 0 0 0 0 0 0 0 0 3 0 0 0 0 0 0 0 1 12 0 0 0 1 2 0 0 1 6 1 0 0 0 0 0 0 0 0 0 61 3 0 0 0 0 0 0 0 0 0 0 0 0 0 0 0 0 1 16 25 3 5 10 0 0 0 0 0 0 0 0 0 0 0 0 0 0 0 0 0 0 0 0 0 0 0 0 0 0 0 0 0 0 0 0 0 0 0 0 0 0 0 0 0 0 0 0 0 0 0 0 0 0 0 0 0 0 0
0 0 0 0 0 0 0 0 0 0 0 1 0 0 0 0 0 0 0 0 0 4 8 34 0 0 0 0 0 0 0 0 0 0 0 0 1 0 0 0 0 0 0 0 0 0 0 0 0 0 0 6 3 0 0 1 0 8 0 0 0 8 12 0 0 0 0 0 0 0 0 8 15 0 2 0 0 0 0 0 0 0 0 0 0 0 0 0 0 3 5 30 8 18 62 1 0 0 0 0 0 0 0 0 0 0 0 0 0 0 0 0 0 0 0 0 0 0 0 0 0 0 0 0 0 0 0 0 0 0 0 0 0 0 0 0 0 0 0 0 0 0 0 0 0 0 0 0 0 0
0 0 0 0 0 0 0 0 0 0 0 1 0 0 0 0 0 0 0 0 3 0 3 11 4 0 1 0 0 0 0 0 0 0 0 0 0 0 0 0 0 0 0 0 0 0 0 0 0 0 0 12 47 2 2 1 0 0 0 0 2 74 88 0 0 0 0 0 0 0 0 0 0 0 8 0 0 0 0 0 0 0 0 0 0 0 0 0 0 0 6 14 1 28 37 12 0 0 0 0 0 0 0 0 0 0 0 0 0 0 0 0 0 0 0 0 0 0 0 0 0 0 0 0 0 0 0 0 0 0 0 0 0 0 0 0 0 0 0 0 0 0 0 0 0 0 0 0 0 0
0 0 0 0 0 0 0 0 0 1 0 0 3 1 0 0 0 0 0 0 0 0 0 0 9 0 0 0 0 1 3 0 0 0 0 0 0 0 0 1 0 0 0 0 0 0 0 0 0 4 10 22 116 12 19 2 0 0 0 0 0 8 0 0 0 0 0 0 0 0 0 0 0 2 0 0 0 0 0 0 0 0 0 0 0 0 0 0 0 0 0 7 16 12 9 2 0 0 0 0 0 0 0 0 0 0 0 0 0 0 0 0 0 0 0 0 0 0 0 0 0 0 0 0 0 0 0 0 0 0 0 0 0 0 0 0 0 0 0 0 0 0 0 0 0 0 0 0 0 0
0 0 0 0 0 0 0 0 0 0 0 0 10 2 0 1 0 3 2 0 0 2 0 0 0 1 0 0 0 0 0 0 0 0 0 0 0 0 11 0 0 0 0 0 0 0 0 0 0 9 0 6 89 5 13 3 0 0 0 0 1 7 1 0 0 0 0 0 0 0 0 0 0 0 0 0 0 0 0 0 0 0 0 0 0 0 0 0 0 0 0 0 6 5 3 1 5 0 0 12 0 0 0 0 0 0 0 0 0 0 0 0 0 0 0 0 0 0 0 0 0 0 0 0 0 0 0 0 0 0 0 0 0 0 0 0 0 0 0 0 0 0 0 0 0 0 0 0 0 0
0 0 0 0 1 0 0 1 0 4 0 1 0 0 1 0 4 0 1 0 0 0 0 1 1 0 0 0 0 0 0 0 0 0 0 1 0 1 0 0 0 0 0 0 0 0 0 4 0 1 3 5 14 0 0 0 0 0 1 1 9 8 0 1 0 0 0 0 0 0 0 0 0 0 0 0 0 0 0 0 0 0 0 0 0 0 0 0 0 0 0 0 0 1 0 1 10 0 0 0 0 0 0 0 0 0 0 0 0 0 0 0 0 0 0 0 0 0 0 0 0 0 0 0 0 0 0 0 0 0 0 0 0 0 0 0 0 0 0 0 0 0 0 0 0 0 0 0 0 0
0 0 1 0 0 0 0 0 0 0 1 1 0 0 0 0 0 0 0 0 0 1 1 1 4 0 0 0 0 0 0 1 1 1 8 0 0 0 0 0 0 0 0 0 0 0 7 6 0 0 0 0 0 0 0 0 0 0 0 3 10 0 0 0 0 0 0 0 0 0 0 0 0 0 0 0 0 0 0 0 0 0 0 0 0 0 0 0 0 0 0 0 0 0 0 6 9 10 0 0 0 0 0 0 0 0 0 0 0 0 0 0 0 0 0 0 0 0 0 0 0 0 0 0 0 0 0 0 0 0 0 0 0 0 0 0 0 0 0 0 0 0 0 4 5 5 0 0 0 0
2 0 0 0 0 0 0 0 0 0 1 0 0 0 0 0 0 1 0 3 2 0 0 1 0 0 0 0 0 0 1 1 0 0 0 0 0 0 0 0 0 0 0 0 0 0 0 0 0 0 0 0 0 0 0 0 0 0 0 0 0 0 0 0 0 0 0 0 0 0 0 4 8 0 0 0 0 0 0 0 0 0 0 0 0 0 0 0 0 0 0 0 0 0 2 8 2 2 0 1 3 0 0 0 0 0 0 0 0 0 0 0 0 0 0 0 0 0 0 0 0 0 0 0 0 0 0 0 0 0 0 0 0 0 0 0 0 0 0 0 0 0 0 0 0 1 0 0 0 0
0 0 0 0 0 0 0 0 0 0 0 1 1 0 0 0 0 0 0 0 1 0 0 0 0 0 0 0 0 0 0 0 0 0 0 0 0 0 0 0 0 0 0 0 0 0 0 0 0 0 0 0 0 0 0 0 0 0 0 0 2 0 0 0 0 0 0 0 0 0 6 32 0 0 0 0 0 0 0 0 0 0 0 0 0 0 0 0 0 0 0 0 0 0 9 0 0 0 0 0 0 0 0 0 0 0 0 0 0 0 0 0 0 0 0 0 0 0 0 0 0 0 0 0 0 0 0 0 0 0 0 0 0 0 0 0 0 0 0 0 0 0 0 0 0 0 0 0 0 0
0 0 0 0 0 0 0 0 0 0 1 0 5 0 0 5 1 0 0 0 0 0 0 0 0 0 0 0 0 0 0 0 0 0 0 0 0 0 0 0 0 0 0 0 2 0 0 0 0 0 0 0 0 0 0 0 0 0 0 0 4 0 0 0 0 0 0 0 0 0 8 0 0 0 0 0 0 0 0 0 0 0 0 0 0 0 0 0 0 0 0 0 0 0 2 1 7 0 0 0 0 0 0 0 0 0 0 0 0 0 0 0 0 0 0 0 0 0 0 0 0 0 0 0 0 0 0 0 0 0 0 0 0 0 0 0 0 0 0 0 0 0 0 0 0 0 0 0 0 0
1 0 0 0 0 0 0 0 0 1 0 0 6 0 0 1 11 1 0 0 0 0 0 0 0 0 0 0 0 0 0 0 0 0 0 0 0 0 0 0 0 0 0 0 2 0 1 0 0 0 0 0 0 0 0 0 0 0 0 6 1 0 0 0 0 0 0 0 14 2 0 0 0 0 0 0 0 0 0 0 0 0 0 0 0 0 0 0 0 0 0 0 0 0 0 0 1 1 1 2 0 0 0 0 0 0 0 0 0 0 0 0 0 0 0 0 0 0 0 0 0 0 0 0 0 0 0 0 0 0 0 0 0 0 0 0 0 0 0 0 0 0 0 0 0 0 0 0 0 0
1 0 0 0 0 0 0 0 0 0 0 0 3 0 0 0 0 4 8 0 0 0 0 0 0 0 0 0 0 0 0 0 0 0 0 5 0 1 2 0 0 0 3 5 0 0 0 0 0 0 0 0 0 0 0 0 0 0 0 0 4 6 4 0 0 0 0 2 67 38 1 0 0 0 0 0 0 0 0 0 0 0 0 0 0 0 0 0 0 0 0 0 0 0 0 0 0 0 0 0 0 0 0 0 0 0 0 0 0 0 0 0 0 0 0 0 0 0 0 0 0 0 0 0 0 0 0 0 0 0 0 0 0 0 0 0 0 0 0 0 0 0 0 0 0 0 0 0 0 0
1 0 1 0 0 0 0 0 0 0 0 3 41 4 0 2 31 2 1 5 0 0 0 16 1 5 0 0 0 0 0 0 0 0 3 3 4 6 6 3 0 0 4 0 0 0 0 0 0 0 0 0 0 0 0 0 0 0 0 0 0 0 0 0 82 19 10 0 0 0 0 0 0 0 0 0 0 0 0 0 0 0 0 0 0 0 0 0 0 0 0 0 0 0 0 0 0 0 0 0 0 0 0 0 0 0 0 0 0 0 0 0 0 0 0 0 0 0 0 0 0 0 0 0 0 0 0 0 0 0 0 0 0 0 0 0 0 0 0 0 0 0 0 0 0 0 0 0 0 0
0 30 2 2 0 0 0 0 0 0 0 0 6 0 0 1 4 0 0 2 8 230 31 5 2 0 0 0 0 0 1 0 0 0 2 5 21 2 0 3 0 0 1 0 0 0 0 0 0 0 0 0 0 0 0 0 0 0 0 0 0 0 0 0 16 4 0 0 0 0 0 0 0 0 0 0 0 0 0 0 0 0 0 0 0 0 0 0 0 0 0 0 0 0 0 0 0 0 0 0 0 0 0 0 0 0 0 0 0 0 0 0 0 0 0 0 0 0 0 0 0 0 0 0 0 0 0 0 0 0 0 0 0 0 0 0 0 0 0 0 0 0 0 0 0 0 0 0 1 0
16 6 6 0 1 0 0 0 0 0 0 0 3 0 0 0 5 0 1 11 2 33 16 4 6 1 0 0 0 8 3 0 0 0 0 0 1 0 0 1 2 18 0 0 0 0 0 0 0 0 0 0 0 0 0 0 0 0 0 0 0 0 0 0 3 1 0 0 0 0 0 0 0 0 0 0 0 0 0 0 0 0 0 0 0 0 0 0 0 2 0 0 0 0 0 0 0 0 0 0 0 0 0 0 0 0 0 0 0 0 0 0 0 0 0 0 0 0 0 0 0 0 0 0 0 0 0 0 0 0 0 0 0 0 0 0 0 0 0 0 0 0 0 0 0 0 0 0 0 0
0 0 0 0 0 0 0 0 0 0 0 1 3 0 0 0 1 1 0 2 0 3 7 2 4 10 3 1 1 10 0 0 0 0 1 0 0 0 0 0 0 0 0 0 0 0 0 0 0 0 0 0 0 0 0 0 0 0 0 0 0 0 0 0 0 0 0 0 0 0 0 0 0 0 0 0 0 0 0 0 0 0 0 0 0 0 0 0 0 0 0 0 0 0 0 0 0 0 0 0 0 0 0 0 0 0 0 0 0 0 0 0 0 0 0 0 0 0 0 0 0 0 0 0 0 0 0 0 0 0 0 0 0 0 0 0 0 0 0 0 0 0 0 0 0 0 0 0 0 0
0 0 0 0 0 0 0 0 0 0 0 0 0 0 0 0 0 0 0 3 0 0 3 0 5 7 3 9 16 0 1 0 1 7 3 1 1 0 0 0 0 0 0 0 0 0 0 0 0 0 0 0 0 0 0 0 0 0 0 0 0 0 0 0 0 0 0 0 0 0 0 0 0 0 0 0 0 0 0 0 0 0 0 0 0 0 0 0 0 0 0 0 0 0 0 0 0 0 0 0 0 0 0 0 0 0 0 0 0 0 0 0 0 0 0 0 0 0 0 0 0 0 0 0 0 0 0 0 0 0 0 0 0 0 0 0 0 0 0 0 0 0 0 0 0 0 0 0 0 0
0 0 0 0 0 0 0 0 0 0 0 0 0 0 0 0 0 0 0 0 0 0 0 0 1 0 0 1 120 28 3 4 4 19 1 0 5 0 0 0 0 0 0 0 0 0 0 0 0 0 0 0 0 0 0 0 0 0 0 0 0 0 0 0 0 0 0 0 0 0 0 0 0 0 0 0 0 0 0 0 0 0 0 0 0 0 0 0 0 0 0 0 0 0 0 0 0 0 0 0 0 0 0 0 0 0 0 0 0 0 0 0 0 0 0 0 0 0 0 0 0 0 0 0 0 0 0 0 0 0 0 0 0 0 0 0 0 0 0 0 0 0 0 0 0 0 0 0 0 0
0 0 0 0 0 0 0 0 0 0 0 0 0 0 0 0 0 0 0 0 0 0 0 4 0 0 0 6 0 0 1 0 0 0 0 0 5 0 0 0 0 0 0 0 0 0 0 0 0 0 0 0 0 0 0 0 0 0 0 0 0 0 0 0 0 0 0 0 0 0 0 0 0 0 0 0 0 0 0 0 0 0 0 0 0 0 0 0 0 0 0 0 0 0 0 0 0 0 0 0 0 0 0 0 0 0 0 0 0 0 0 0 0 0 0 0 0 0 0 0 0 0 0 0 0 0 0 0 0 0 0 0 0 0 0 0 0 0 0 0 0 0 0 0 0 0 0 0 0 0
0 0 0 0 0 0 0 0 0 0 0 0 0 0 0 0 0 0 0 0 0 1 0 0 4 4 2 0 0 0 13 0 3 0 2 0 0 1 0 0 0 0 0 0 0 0 0 0 0 0 0 0 0 0 0 0 0 0 0 0 0 0 0 0 0 0 0 0 0 0 0 0 0 0 0 0 0 0 0 0 0 0 0 0 0 0 0 0 0 0 0 0 0 0 0 0 0 0 0 0 0 0 0 0 0 0 0 0 0 0 0 0 0 0 0 0 0 0 0 0 0 0 0 0 0 0 0 0 0 0 0 0 0 0 0 0 0 0 0 0 0 0 0 0 0 0 0 0 0 0
0 0 0 0 0 0 0 0 0 0 0 1 1 1 0 0 0 0 0 0 0 0 0 0 0 0 0 0 0 0 0 0 6 0 0 0 0 1 0 0 0 0 0 0 0 0 0 0 0 0 0 0 0 0 0 0 0 0 0 0 0 0 0 0 0 0 0 0 0 0 0 0 0 0 0 0 0 0 0 0 0 0 0 0 0 0 0 0 0 0 0 0 0 0 0 0 0 0 0 0 0 0 0 0 0 0 0 0 0 0 0 0 0 0 0 0 0 0 0 0 0 0 0 0 0 0 0 0 0 0 0 0 0 0 0 0 0 0 0 0 0 0 0 0 0 0 0 0 0 0
1 0 0 0 0 0 0 0 0 0 3 0 2 1 0 0 0 0 0 0 0 0 0 0 0 0 0 23 0 4 3 0 0 0 0 0 0 0 0 0 0 0 0 0 0 0 0 0 0 0 0 0 0 0 0 0 0 0 0 0 0 0 0 0 0 0 0 0 0 0 0 0 0 0 0 0 0 0 0 0 0 0 0 0 0 0 0 0 0 0 0 0 0 0 0 0 0 0 0 0 0 0 0 0 0 0 0 0 0 0 0 0 0 0 0 0 0 0 0 0 0 0 0 0 0 0 0 0 0 0 0 0 0 0 0 0 0 0 0 0 0 0 0 0 0 0 0 0 0 0
0 0 0 0 0 0 0 0 0 2 0 0 0 0 0 0 0 0 0 0 0 0 0 0 0 0 0 8 1 0 0 0 2 6 0 0 0 0 0 0 0 0 0 0 0 0 0 0 0 0 0 0 0 0 0 0 0 0 0 0 0 0 0 0 0 0 0 0 0 0 0 0 0 0 0 0 0 0 0 0 0 0 0 0 0 0 0 0 0 0 0 0 0 0 0 0 0 0 0 0 0 0 0 0 0 0 0 0 0 0 0 0 0 0 0 0 0 0 0 0 0 0 0 0 0 0 0 0 0 0 0 0 0 0 0 0 0 0 0 0 0 0 0 0 0 0 0 0 0 0
0 0 0 0 0 0 0 0 0 0 1 0 0 0 0 0 0 0 0 0 0 0 0 0 0 0 0 0 0 0 0 0 0 0 0 0 0 0 0 0 0 0 0 0 0 0 0 0 0 0 0 0 0 0 0 0 0 0 0 0 0 0 0 0 0 0 0 0 0 0 0 0 0 0 0 0 0 0 0 0 0 0 0 0 0 0 0 0 0 0 0 0 0 0 0 0 0 0 0 0 0 0 0 0 0 0 0 0 0 0 0 0 0 0 0 0 0 0 0 0 0 0 0 0 0 0 0 0 0 0 0 0 0 0 0 0 0 0 0 0 0 0 0 0 0 0 0 0 0 0
0 0 0 0 0 0 0 0 0 0 0 0 0 0 0 0 0 0 0 0 0 0 0 0 0 0 0 0 0 0 0 0 0 0 0 0 0 0 0 0 0 0 0 0 0 0 0 0 0 0 0 0 0 0 0 0 0 0 0 0 0 0 0 0 0 0 0 0 0 0 0 0 0 0 0 0 0 0 0 0 0 0 0 0 0 0 0 0 0 0 0 0 0 0 0 0 0 0 0 0 0 0 0 0 0 0 0 0 0 0 0 0 0 0 0 0 0 0 0 0 0 0 0 0 0 0 0 0 0 0 0 0 0 0 0 0 0 0 0 0 0 0 0 0 0 0 0 0 0 0
0 0 0 0 0 0 0 0 0 0 2 0 0 0 0 0 0 0 0 0 0 0 0 0 0 0 0 0 0 0 0 0 0 0 0 0 0 0 0 0 0 0 0 0 0 0 0 0 0 0 0 1 0 0 0 0 0 0 0 0 0 0 0 0 0 0 0 0 0 0 0 0 0 0 0 0 0 0 0 0 0 0 0 0 0 0 0 0 0 0 0 0 0 0 0 0 0 0 0 0 0 0 0 0 0 0 0 0 0 0 0 0 0 0 0 0 0 0 0 0 0 0 0 0 0 0 0 0 0 0 0 0 0 0 0 0 0 0 0 0 0 0 0 0 0 0 0 0 0 0
0 0 0 0 0 0 0 0 4 23 0 0 0 0 0 0 0 0 0 0 0 0 0 0 0 0 0 0 0 0 0 0 0 0 0 0 0 0 0 0 0 0 0 0 0 0 0 0 0 1 3 0 0 0 0 0 0 0 0 0 0 0 0 0 0 0 0 0 0 0 0 0 0 0 0 0 0 0 0 0 0 0 0 0 0 0 0 0 0 0 0 0 0 0 0 0 0 0 0 0 0 0 0 0 0 0 0 0 0 0 0 0 0 0 0 0 0 0 0 0 0 0 0 0 0 0 0 0 0 0 0 0 0 0 0 0 0 0 0 0 0 0 0 0 0 0 0 0 0 0
0 0 0 0 0 0 16 5 3 1 0 0 0 0 0 0 0 0 0 0 0 0 0 0 0 0 0 0 0 0 0 0 0 0 0 0 0 0 0 0 0 0 0 0 0 0 0 0 0 20 31 0 0 0 3 0 0 0 0 0 0 0 0 0 0 0 0 0 0 0 0 0 0 0 0 0 0 0 0 0 0 0 0 0 0 0 0 0 0 0 0 0 0 0 0 0 0 0 0 0 0 0 0 0 0 0 0 0 0 0 0 0 0 0 0 0 0 0 0 0 0 0 0 0 0 0 0 0 0 0 0 0 0 0 0 0 0 0 0 0 0 0 0 0 0 0 0 0 0 0
0 0 0 0 0 0 12 21 0 0 0 0 0 0 0 0 0 0 0 0 0 0 0 0 0 0 0 0 0 0 0 0 0 0 0 0 0 0 0 0 0 0 0 0 0 0 0 0 0 0 0 0 0 0 0 0 0 0 0 0 0 0 0 0 0 0 0 0 0 0 0 0 0 0 0 0 0 0 0 0 0 0 0 0 0 0 0 0 0 0 0 0 0 0 0 0 0 0 0 0 0 0 0 0 0 0 0 0 0 0 0 0 0 0 0 0 0 0 0 0 0 0 0 0 0 0 0 0 0 0 0 0 0 0 0 0 0 0 0 0 0 0 0 0 0 0 0 0 0 0
0 0 0 0 0 0 0 0 0 0 0 0 0 0 0 0 0 0 0 0 0 0 0 0 0 0 0 0 0 0 0 0 0 0 0 0 0 0 0 0 0 0 0 0 0 0 0 0 0 0 0 0 6 40 0 0 0 0 0 0 0 0 0 0 0 0 0 0 0 0 0 0 0 0 0 0 0 0 0 0 0 0 0 0 0 0 0 0 0 0 0 0 0 0 0 0 0 0 0 0 0 0 0 0 0 0 0 0 0 0 0 0 0 0 0 0 0 0 0 0 0 0 0 0 0 0 0 0 0 0 0 0 0 0 0 0 0 0 0 0 0 0 0 0 0 0 0 0 0 0
0 0 0 0 0 0 0 0 0 0 0 0 0 0 0 0 0 0 0 0 0 0 0 0 0 0 0 0 0 0 0 0 0 0 0 0 0 0 0 0 0 0 0 0 0 0 0 0 0 0 0 0 0 1 0 0 0 0 0 0 0 0 0 0 0 0 0 0 0 0 0 0 0 0 0 0 0 0 0 0 0 0 0 0 0 0 0 0 0 0 0 0 0 0 0 0 0 0 0 0 0 0 0 0 0 0 0 0 0 0 0 0 0 0 0 0 0 0 0 0 0 0 0 0 0 0 0 0 0 0 0 0 0 0 0 0 0 0 0 0 0 0 0 0 0 0 0 0 0 0
0 0 0 0 0 0 0 0 0 0 0 0 0 0 0 0 0 0 0 0 0 0 0 0 0 0 0 0 0 0 0 0 0 0 0 0 0 8 0 0 0 0 0 0 0 0 0 0 0 0 0 1 0 0 0 0 0 0 0 0 0 0 0 0 0 0 0 0 0 0 0 0 0 0 0 0 0 0 0 0 0 0 0 0 0 0 0 0 0 0 0 0 0 0 0 0 0 0 0 0 0 0 0 0 0 0 0 0 0 0 0 0 0 0 0 0 0 0 0 0 0 0 0 0 0 0 0 0 0 0 0 0 0 0 0 0 0 0 0 0 0 0 0 0 0 0 0 0 0 0
0 0 0 0 0 0 0 0 0 0 0 0 0 0 0 0 0 0 0 0 0 0 0 0 0 0 0 0 0 0 0 0 0 0 0 0 0 0 0 0 0 0 0 0 0 0 0 0 0 0 0 0 0 0 0 0 0 0 0 0 0 0 0 0 0 0 0 0 0 0 0 0 0 0 0 0 0 0 0 0 0 0 0 0 0 0 0 0 0 0 0 0 0 0 0 0 0 0 0 0 0 0 0 0 0 0 0 0 0 0 0 0 0 0 0 0 0 0 0 0 0 0 0 0 0 0 0 0 0 0 0 0 0 0 0 0 0 0 0 0 0 0 0 0 0 0 0 0 0 0
0 0 0 0 0 0 0 0 0 0 0 0 0 0 0 0 0 0 0 0 0 0 0 0 0 0 0 0 0 0 2 0 0 0 0 0 0 0 0 0 0 0 0 0 0 0 0 0 0 0 0 0 0 11 4 0 0 0 0 0 0 0 0 0 0 0 0 0 0 0 0 0 0 0 0 0 0 0 0 0 0 0 0 0 0 0 0 0 0 0 0 0 0 0 0 0 0 0 0 0 0 0 0 0 0 0 0 0 0 0 0 0 0 0 0 0 0 0 0 0 0 0 0 0 0 0 0 0 0 0 0 0 0 0 0 0 0 0 0 0 0 0 0 0 0 0 0 0 0 0
0 0 0 0 0 0 0 0 0 0 0 0 0 0 0 0 0 0 0 0 0 0 0 0 0 0 0 0 0 0 0 6 0 0 0 0 0 0 0 0 0 0 0 0 0 0 0 0 0 0 0 0 0 0 0 0 0 0 0 0 0 0 0 0 0 0 0 0 0 0 0 0 0 0 0 0 0 0 0 0 0 0 0 0 0 0 0 0 0 0 0 0 0 0 0 0 0 0 0 0 0 0 0 0 0 0 0 0 0 0 0 0 0 0 0 0 0 0 0 0 0 0 0 0 0 0 0 0 0 0 0 0 0 0 0 0 0 0 0 0 0 0 0 0 0 0 0 0 0 0
0 0 0 0 0 0 0 0 0 0 0 0 0 0 0 0 0 0 0 0 0 0 0 0 0 0 0 0 0 0 2 5 0 0 0 0 0 0 0 0 0 0 0 0 0 0 0 0 0 0 0 0 0 0 0 0 0 0 0 0 0 0 0 0 0 0 0 0 0 0 0 0 0 0 0 0 0 0 0 0 0 0 0 0 0 0 0 0 0 0 0 0 0 0 0 0 0 0 0 0 0 0 0 0 0 0 0 0 0 0 0 0 0 0 0 0 0 0 0 0 0 0 0 0 0 0 0 0 0 0 0 0 0 0 0 0 0 0 0 0 0 0 0 0 0 0 0 0 0 0
0 0 0 0 0 0 0 0 0 0 0 0 0 0 0 0 0 0 0 0 0 0 0 0 0 0 0 0 0 0 0 0 0 0 0 0 0 0 0 0 0 0 0 0 0 0 0 0 0 0 0 0 0 0 0 0 0 0 0 0 0 0 0 0 0 0 0 0 0 0 0 0 0 0 0 0 0 0 0 0 0 0 0 0 0 0 0 0 0 0 0 0 0 0 0 0 0 0 0 0 0 0 0 0 0 0 0 0 0 0 0 0 0 0 0 0 0 0 0 0 0 0 0 0 0 0 0 0 0 0 0 0 0 0 0 0 0 0 0 0 0 0 0 0 0 0 0 0 0 0
0 0 0 0 0 0 0 0 0 0 0 0 0 0 0 0 0 0 0 0 0 0 0 0 0 0 0 0 0 71 26 0 0 0 0 0 0 0 0 0 0 0 0 0 0 0 0 0 0 0 2 0 0 0 0 0 0 0 0 0 0 0 0 0 0 0 0 0 0 0 0 0 0 0 0 0 0 0 0 0 0 0 0 0 0 0 0 0 0 0 0 0 0 0 0 0 0 0 0 0 0 0 0 0 0 0 0 0 0 0 0 0 0 0 0 0 0 0 0 0 0 0 0 0 0 0 0 0 0 0 0 0 0 0 0 0 0 0 0 0 0 0 0 0 0 0 0 0 0 0
0 0 0 0 0 0 0 0 0 0 0 0 0 0 0 0 0 0 0 0 0 0 0 0 0 0 2 0 0 0 0 0 0 0 0 0 0 0 0 0 0 0 0 0 0 0 0 0 2 43 0 0 0 0 0 0 0 0 0 0 0 0 0 0 0 0 0 0 0 0 0 0 0 0 0 0 0 0 0 0 0 0 0 0 0 0 0 0 0 0 0 0 0 0 0 0 0 0 0 0 0 0 0 0 0 0 0 0 0 0 0 0 0 0 0 0 0 0 0 0 0 0 0 0 0 0 0 0 0 0 0 0 0 0 0 0 0 0 0 0 1 0 0 0 0 0 0 0 0 0
0 0 0 0 0 0 0 0 0 0 0 0 0 0 0 0 0 0 0 0 0 0 0 0 0 0 14 0 0 0 0 0 0 0 0 0 0 0 0 0 0 0 0 0 0 0 0 0 0 0 0 0 0 0 0 0 0 0 0 0 0 0 0 0 0 0 0 0 0 0 0 0 0 0 0 0 0 0 0 0 0 0 0 0 0 0 0 0 0 0 0 0 0 0 0 0 0 0 0 0 0 0 0 0 0 0 0 0 0 0 0 0 0 0 0 0 0 0 0 0 0 0 0 0 0 0 0 0 0 0 0 0 0 0 0 0 0 0 0 0 0 0 0 0 0 0 0 0 0 0
0 0 0 0 0 0 0 0 0 0 0 0 0 0 0 0 0 0 0 0 0 0 0 0 0 0 0 3 2 0 0 0 0 0 0 0 0 0 0 0 0 0 0 0 0 0 0 0 0 0 0 0 0 0 0 0 0 0 0 0 0 0 0 0 0 0 0 0 0 0 0 0 0 0 0 0 0 0 0 0 0 0 0 0 0 0 0 0 0 0 0 0 0 0 0 0 0 0 0 0 0 0 0 0 0 0 0 0 0 0 0 0 0 0 0 0 0 0 0 0 0 0 0 0 0 0 0 0 0 0 0 0 0 0 0 0 0 0 0 0 0 0 0 0 0 0 0 0 0 0
0 0 0 0 0 0 0 0 0 0 0 0 0 0 0 0 0 0 0 0 0 0 0 0 0 0 0 0 0 0 0 0 0 0 0 0 0 0 0 0 0 0 0 0 0 0 0 0 0 0 0 0 0 0 0 0 0 0 0 0 0 0 0 0 0 0 0 0 0 0 0 0 0 0 0 0 0 0 0 0 0 0 0 0 0 0 0 0 0 0 0 0 0 0 0 0 0 0 0 0 0 0 0 0 0 0 0 0 0 0 0 0 0 0 0 0 0 0 0 0 0 0 0 0 0 0 0 0 0 0 0 0 0 0 0 0 0 0 0 0 0 0 0 0 0 0 0 0 0 0
0 0 0 0 0 0 0 0 0 0 0 0 0 0 0 0 0 0 0 0 0 0 0 0 0 0 0 0 0 0 0 0 0 0 0 0 0 0 0 0 0 0 0 0 0 0 0 0 0 0 0 0 0 0 0 0 0 0 0 0 0 0 0 0 0 0 0 0 0 0 0 0 0 0 0 0 0 0 0 0 0 0 0 0 0 0 0 0 0 0 0 0 0 0 0 0 0 0 0 0 0 0 0 0 0 0 0 0 0 0 0 0 0 0 0 0 0 0 0 0 0 0 0 0 0 0 0 0 0 0 0 0 0 0 0 0 0 0 0 0 0 0 0 0 0 0 0 0 0 0
0 0 0 0 0 0 0 0 0 0 0 0 0 0 0 0 0 0 0 0 0 0 0 0 0 0 0 0 0 0 0 0 0 0 0 0 0 0 0 0 0 0 0 0 0 0 0 0 0 0 0 0 0 0 0 0 0 0 0 0 0 0 0 0 0 0 0 0 0 0 0 0 0 0 0 0 0 0 0 0 0 0 0 0 0 0 0 0 0 0 0 0 0 0 0 0 0 0 0 0 0 0 0 0 0 0 0 0 0 0 0 0 0 0 0 0 0 0 0 0 0 0 0 0 0 0 0 0 0 0 0 0 0 0 0 0 0 0 0 0 0 0 0 0 0 0 0 0 0 0
0 0 0 0 0 0 0 0 0 0 0 0 0 0 0 0 0 0 0 0 0 0 0 0 0 0 0 0 0 0 0 0 0 0 0 0 0 0 0 0 0 0 0 0 0 0 0 0 0 0 0 0 0 0 0 0 0 0 0 0 0 0 0 0 0 0 0 0 0 0 0 0 0 0 0 0 0 0 0 0 0 0 0 0 0 0 0 0 0 0 0 0 0 0 0 0 0 0 0 0 0 0 0 0 0 0 0 0 0 0 0 0 0 0 0 0 0 0 0 0 0 0 0 0 0 0 0 0 0 0 0 0 0 0 0 0 0 0 0 0 0 0 0 0 0 0 0 0 0 0
0 0 0 0 0 0 0 0 0 0 0 0 0 0 0 0 0 0 0 0 0 0 0 0 0 0 0 0 0 0 0 0 0 0 0 0 0 0 0 0 0 0 0 0 0 0 0 0 0 0 0 0 0 0 0 0 0 0 0 0 0 0 0 0 0 0 0 0 0 0 0 0 0 0 0 0 0 0 0 0 0 0 0 0 0 0 0 0 0 0 0 0 0 0 0 0 0 0 0 0 0 0 0 0 0 0 0 0 0 0 0 0 0 0 0 0 0 0 0 0 0 0 0 0 0 0 0 0 0 0 0 0 0 0 0 0 0 0 0 0 0 0 0 0 0 0 0 0 0 0
