1 0 7 3 1 0 3 0 9 122 29 5 0 9 0 0 0 6 0 0 1 0 0 0 6 31 0 0 0 0 0 0 0 1 9 6 0 0 0 10 0 4 0 0 4 0 0 0 0 0 0 0 0 2 3 5 0 0 0 9 82 22 14 4 1 1 7 0 0 0 4 13 36 200 181 408 238 66 64 36 21 255 57 69 122 254 265 280 150 298 1214 825 90 759 571 873 1215 862 916 181 304 175 24 26 52 44 56 516 262 26 12 6 30 105 112 46 61 18 12 1 2 49 30 20 2 19 0 1 13 4 2 23 2 18 6 0 1 5 0 0 9 0 0 0 1 1 0 0 1 38
0 3 2 0 0 0 0 0 0 49 8 8 10 1 0 0 0 3 10 0 0 6 29 0 25 38 0 6 0 0 0 0 0 0 2 2 0 2 10 0 0 0 0 0 0 0 0 0 0 0 0 0 0 1 5 0 0 0 0 35 159 13 10 34 7 0 0 0 1 0 0 2 92 40 29 5 80 85 22 84 203 75 28 2 182 316 448 142 361 450 116 43 403 425 252 385 700 667 1162 905 317 92 34 32 16 19 3 40 66 50 10 12 5 23 50 24 4 17 3 55 2 5 29 6 4 1 19 15 13 34 23 15 107 67 0 0 0 0 3 119 13 0 0 0 4 0 0 0 0 0
3 0 0 0 1 0 0 0 5 14 9 5 9 12 0 1 0 11 6 1 30 19 146 32 13 0 0 16 0 0 0 0 0 0 0 9 2 5 0 25 3 0 0 4 0 0 0 0 0 0 1 0 0 0 10 2 0 2 3 21 31 22 10 2 0 0 0 0 0 3 0 6 7 0 3 1 5 78 142 356 113 61 30 37 83 275 800 173 9 35 145 27 209 826 660 880 308 648 370 724 649 461 23 77 30 18 11 30 327 182 57 35 9 5 14 22 28 70 56 19 151 17 25 10 7 15 4 17 1 35 8 5 94 205 0 0 6 0 10 75 13 6 0 0 0 0 0 0 0 0
36 0 0 0 0 0 0 0 0 6 2 2 0 1 0 1 0 0 11 3 0 0 9 34 15 0 1 10 24 0 20 0 0 0 0 1 0 6 0 6 2 0 0 0 0 0 0 0 0 0 4 0 1 0 80 46 1 28 72 6 4 2 21 14 1 0 0 0 0 3 19 92 23 1 1 10 35 151 297 302 184 66 129 267 223 23 64 250 7 258 1210 1125 1623 917 1080 592 142 255 835 630 679 687 169 22 31 166 26 30 378 61 30 23 45 26 1 17 26 99 89 44 69 91 30 6 6 11 5 4 22 6 6 18 35 0 10 1 11 1 0 12 89 6 0 0 0 0 0 0 0 0
4 5 0 0 0 0 0 0 2 5 1 0 0 0 0 14 11 0 1 0 1 3 4 0 1 0 0 0 0 1 1 0 0 1 2 25 18 0 1 0 0 0 0 0 0 0 0 0 2 7 1 0 1 4 53 265 69 52 1 0 3 1 0 13 0 0 0 0 0 29 175 78 131 181 13 52 144 168 345 348 447 309 361 489 350 134 88 94 36 425 1425 736 719 1307 557 282 161 785 423 840 680 1083 921 714 481 154 87 42 7 13 21 17 35 55 15 0 3 45 106 82 286 794 192 27 10 3 6 0 5 7 1 2 0 0 5 1 0 0 0 0 90 4 0 0 0 0 0 0 1 0
16 10 0 0 0 0 0 0 2 2 5 0 0 0 0 2 0 6 9 69 9 12 1 0 0 0 0 0 0 3 1 1 0 0 20 107 66 36 0 0 0 0 1 0 0 0 0 0 0 7 53 33 1 6 8 206 44 19 21 1 0 0 4 1 0 0 0 0 3 101 107 208 272 126 148 81 53 51 81 520 888 829 527 138 4 171 81 53 18 322 1917 1075 256 545 957 668 205 1681 832 554 520 576 1257 583 69 165 34 71 45 3 0 4 42 53 15 14 26 11 5 21 185 180 9 14 1 10 1 3 2 0 9 2 1 0 0 1 2 0 0 0 0 11 0 0 0 0 0 0 0 0
3 0 0 0 0 0 0 0 0 10 4 0 0 1 0 4 0 2 0 0 0 3 4 0 0 0 0 0 0 3 3 0 0 0 0 11 10 1 7 0 0 0 0 0 0 0 0 0 0 6 1 3 7 19 1 32 30 4 53 52 5 2 1 0 13 1 0 0 4 111 59 102 421 424 413 165 617 168 427 607 1432 1472 1221 703 326 15 7 173 108 148 1535 1452 188 654 1153 560 365 601 633 66 44 358 177 212 36 66 115 25 20 22 46 166 304 49 39 21 4 5 22 33 125 113 17 6 10 2 4 4 0 0 8 0 0 0 0 1 0 11 0 0 0 66 2 0 0 0 0 0 0 0
1 0 0 0 0 0 0 0 8 1 3 0 0 0 0 0 0 0 0 0 0 0 0 0 0 0 0 0 0 0 12 0 0 0 6 3 0 2 11 6 0 0 0 0 0 0 0 0 0 0 0 0 6 19 3 10 0 58 50 87 95 72 62 1 18 44 0 0 4 118 7 4 22 74 84 63 103 183 796 1202 1468 918 1158 301 292 179 233 785 364 113 721 138 87 515 396 447 333 863 956 267 211 427 416 616 211 181 14 56 92 34 354 582 84 57 22 68 5 5 9 28 37 12 24 7 8 2 10 4 9 2 0 0 0 0 0 0 0 0 0 0 0 0 0 0 0 0 0 0 0 0
10 0 0 0 0 0 1 0 9 8 0 1 0 3 15 0 0 0 0 0 0 0 0 0 0 0 0 0 0 0 1 0 0 0 6 0 0 1 0 0 0 0 0 0 0 0 2 0 0 0 0 0 1 18 0 0 4 15 22 78 316 332 17 0 8 26 2 6 9 42 4 0 10 24 4 12 14 63 163 603 1116 1396 875 61 11 13 652 318 408 81 6 10 499 1095 1185 1488 144 434 462 226 270 157 177 402 912 149 221 434 65 80 980 261 255 13 47 13 3 8 6 13 25 5 20 23 11 1 1 4 4 2 8 0 0 0 0 0 0 0 0 0 0 0 0 0 0 0 0 0 0 1
1 0 0 0 0 0 0 1 9 18 0 0 0 1 0 0 0 0 0 0 0 0 0 0 0 0 0 0 0 0 0 1 0 0 1 0 0 0 6 0 1 0 0 0 0 0 5 2 4 0 3 0 14 12 0 0 3 2 0 22 55 173 47 41 2 2 1 1 9 20 0 4 0 0 0 13 18 64 381 780 1269 906 904 482 1363 849 388 230 255 185 95 28 51 680 1226 1929 797 193 113 24 115 133 39 10 145 553 377 281 91 18 543 696 391 47 37 240 414 640 276 42 38 21 39 31 58 21 48 5 9 27 96 22 0 0 1 0 0 0 0 0 0 0 0 0 0 0 0 0 0 1
0 6 16 0 0 0 1 0 1 2 3 9 0 0 0 12 3 1 3 0 0 0 0 0 0 1 0 0 0 0 0 9 0 3 0 10 0 0 0 1 4 2 1 2 1 0 2 9 22 46 12 5 11 9 0 0 0 11 32 13 3 157 15 21 0 0 1 0 0 11 0 0 0 0 0 0 35 40 159 542 604 303 731 341 284 426 232 484 574 400 47 0 14 275 544 958 912 49 37 72 34 17 5 23 147 337 907 487 247 193 658 239 207 47 8 156 456 720 441 194 629 286 244 161 120 487 172 84 60 40 7 111 18 52 25 0 0 0 0 0 0 0 0 0 0 0 0 0 0 0
4 0 3 0 0 0 0 0 10 0 0 0 0 0 0 0 13 23 4 2 1 0 0 0 0 0 0 0 0 0 0 1 3 28 21 2 0 0 5 4 3 66 14 3 8 1 4 0 0 0 0 0 6 0 6 1 3 0 3 6 4 7 0 1 1 3 1 1 7 0 5 0 0 0 0 1 167 37 185 479 761 239 56 138 216 156 32 25 190 631 84 0 1 2 10 106 1083 433 288 16 1 9 15 81 35 68 472 240 39 104 374 296 107 150 96 166 737 260 744 840 443 630 208 144 208 190 2 0 0 39 6 0 146 41 43 0 0 0 0 0 0 0 0 0 0 0 0 0 0 0
2 0 0 0 0 0 3 2 7 6 0 0 0 0 0 0 7 43 1 11 9 5 0 0 0 0 0 0 0 1 3 0 0 0 0 1 9 1 0 0 1 3 75 5 28 0 0 27 0 0 0 0 18 4 2 0 0 0 3 3 2 6 2 0 0 6 2 4 0 10 21 0 0 0 3 43 152 68 163 71 190 306 45 4 35 22 7 0 2 0 1 0 12 29 106 28 900 447 849 582 15 8 57 24 44 23 42 255 627 341 1104 794 118 834 177 103 33 93 1509 1144 248 286 119 1 80 116 3 0 59 38 0 0 20 17 7 0 0 0 0 0 0 0 0 0 0 0 0 0 0 0
0 0 0 0 0 0 8 4 0 1 0 0 0 0 0 0 0 0 89 17 7 5 0 0 0 0 0 0 0 6 9 7 0 1 0 0 1 0 0 0 0 3 6 94 42 0 0 0 22 1 3 37 3 0 0 0 0 0 7 0 12 10 2 2 0 0 24 43 27 21 71 0 5 3 2 431 759 434 275 32 80 583 83 1 22 178 10 6 5 33 5 1 0 71 16 36 126 713 276 245 0 48 468 219 453 101 138 598 332 758 1991 1608 1120 368 272 369 212 314 1187 503 224 105 1 1 0 19 16 0 57 22 0 2 3 0 0 0 1 0 0 0 0 0 0 0 0 0 0 0 0 0
0 0 0 0 0 0 3 0 19 2 0 0 0 0 0 0 0 0 6 6 8 0 0 3 5 0 0 0 0 0 7 0 0 0 0 0 0 0 0 0 0 0 0 7 29 0 0 0 0 12 25 55 3 0 4 6 2 8 11 26 131 39 14 22 8 19 205 111 317 184 62 2 2 8 65 865 1711 1357 513 54 6 191 49 2 14 35 26 15 0 41 48 19 3 1 0 1 84 364 315 329 40 52 635 612 1792 1454 1874 1260 1249 1222 1140 941 774 833 588 245 173 131 101 109 153 144 41 12 0 15 53 8 22 31 8 0 0 0 0 0 0 0 0 0 0 0 0 0 0 0 0 0 0 0
0 0 0 0 0 0 0 46 32 2 0 0 0 0 0 0 0 0 0 7 0 18 10 5 1 0 0 0 1 5 0 0 0 0 0 0 0 0 0 0 0 0 1 0 1 37 0 0 0 35 93 160 1 1 3 17 50 112 7 124 26 9 5 51 66 78 178 85 68 201 245 77 151 225 705 1035 1851 1280 179 23 2 8 0 0 0 0 33 76 13 85 3 14 0 0 7 44 50 25 32 17 19 3 1435 930 770 804 1238 486 803 1144 1549 1288 1222 478 415 303 41 217 154 64 42 5 142 355 64 100 12 4 2 5 0 0 0 0 23 6 0 0 0 0 0 0 0 0 0 0 0 0 0 0
0 0 0 0 0 0 1 2 1 0 0 0 1 0 0 5 8 8 2 2 0 0 38 23 74 20 7 0 0 2 0 0 0 0 0 0 0 0 0 0 2 0 2 0 0 18 1 3 0 8 47 4 5 17 8 62 102 210 87 44 2 10 0 1 0 1 1 0 0 0 0 1 119 88 304 405 511 504 134 0 0 1 6 0 0 0 1 50 80 25 6 0 5 0 2 13 54 0 10 102 35 254 1044 1051 536 272 481 300 599 779 981 487 1103 392 486 233 66 103 167 12 0 3 28 31 36 440 6 10 8 0 0 0 0 0 1 2 0 0 0 0 0 0 0 0 0 0 0 0 0 0
0 0 1 0 0 1 0 4 0 0 0 1 6 0 0 3 0 2 0 4 5 0 0 0 14 1 8 36 0 0 0 0 0 0 3 0 5 0 0 0 0 0 2 3 0 47 75 6 6 46 44 61 12 65 25 45 43 130 499 25 5 3 0 0 5 4 30 78 3 36 112 10 154 29 53 104 177 182 50 16 1 0 4 4 0 10 0 15 145 4 0 22 81 50 13 0 4 0 42 667 286 211 138 137 186 534 180 129 744 583 237 283 100 284 162 56 170 175 22 3 0 3 6 15 173 899 292 15 3 3 0 0 0 0 0 0 0 0 0 0 0 0 0 0 0 0 0 0 0 0
0 0 0 0 3 1 1 0 0 0 0 0 2 0 0 0 3 1 0 6 0 3 14 2 3 4 80 113 26 0 0 0 0 0 1 6 3 0 0 0 1 1 3 22 28 19 14 1 25 491 163 93 66 40 5 74 247 130 52 39 99 27 11 0 1 0 10 1 11 22 16 32 51 15 4 112 159 68 16 34 31 0 9 31 1 12 17 19 6 4 6 47 89 313 41 0 0 37 220 32 174 290 88 31 130 150 191 514 448 1 1 128 20 565 37 0 5 0 0 0 0 0 6 8 61 199 159 356 17 3 0 0 0 0 0 0 0 0 0 0 0 0 0 0 0 0 0 0 0 0
0 0 0 1 1 0 0 0 0 0 0 0 0 0 0 0 0 0 1 2 1 14 94 6 2 16 8 33 272 9 0 6 2 0 2 0 0 0 0 0 0 4 21 56 19 169 97 18 5 164 58 3 3 4 127 11 24 86 6 0 4 6 1 0 0 10 0 1 13 23 90 28 11 0 0 71 18 0 3 5 0 0 1 1 1 29 18 3 13 16 9 38 9 1 5 23 0 18 20 6 917 1319 864 161 68 182 135 358 387 4 5 3 3 287 26 0 0 0 0 0 0 0 0 8 16 6 20 183 12 0 0 0 0 0 0 0 0 0 0 0 0 0 0 0 0 0 0 0 0 0
0 0 0 0 2 0 0 0 0 0 0 0 1 2 0 0 0 4 4 1 0 4 16 7 0 27 5 14 1 9 1 38 11 0 0 0 0 0 0 1 19 7 15 13 7 10 21 30 110 296 477 117 15 60 18 8 12 0 6 0 1 7 22 23 206 100 2 0 10 19 84 68 2 0 12 114 288 134 3 35 10 17 6 5 0 0 3 6 28 19 15 1 0 2 1 2 1 9 429 489 1535 1033 549 148 10 36 101 202 0 0 0 0 0 18 0 0 0 0 0 0 0 0 5 4 0 0 56 45 0 0 0 0 0 0 0 0 0 0 0 0 0 0 0 0 0 0 0 0 0 0
0 0 0 0 0 0 0 0 0 0 0 0 0 5 13 5 0 0 0 1 8 2 10 3 6 7 5 0 0 0 26 36 1 5 0 0 0 10 0 0 73 9 0 0 0 0 24 16 340 1197 424 292 58 3 1 2 7 3 0 16 1 6 1 0 19 27 45 6 12 96 37 44 33 0 0 8 152 85 63 82 56 35 5 55 11 2 9 8 222 82 21 11 1 8 4 4 6 0 109 423 186 110 62 3 17 23 139 214 2 0 0 0 5 88 0 0 0 0 0 0 0 0 0 0 0 55 40 2 2 12 13 0 0 0 0 0 0 0 0 0 0 0 0 0 0 0 0 0 0 0
0 0 0 2 0 0 0 0 0 0 0 0 0 0 1 0 0 0 0 0 2 2 18 1 3 0 0 0 0 0 0 0 6 7 5 0 5 115 19 15 0 0 0 0 0 0 20 36 54 485 400 165 64 0 0 1 1 1 6 3 1 0 0 0 18 3 29 4 0 9 12 88 99 12 1 2 6 5 36 20 4 52 20 0 0 13 7 0 0 0 1 1 10 4 0 0 8 0 4 0 9 0 10 59 138 53 52 88 90 130 68 29 56 0 0 0 0 0 0 0 0 0 0 12 42 96 117 1 0 0 3 0 0 0 0 0 0 0 0 0 0 0 0 0 0 0 0 0 0 0
0 0 3 0 0 0 0 0 0 0 0 0 0 0 2 2 1 6 0 1 7 2 0 0 0 0 0 0 0 1 0 0 0 2 6 3 8 31 7 1 0 0 0 0 12 88 20 41 7 172 166 41 7 9 11 0 27 37 8 0 0 0 0 0 0 1 2 4 0 0 2 8 203 100 3 19 0 0 0 2 0 4 101 159 3 1 6 1 0 0 0 3 0 0 1 0 2 0 7 3 6 0 3 117 38 32 29 4 8 39 6 539 35 0 0 0 0 0 0 0 0 0 3 20 10 23 53 153 7 0 0 0 0 0 0 0 0 0 0 0 0 0 0 0 0 0 0 0 0 0
0 0 0 0 0 0 0 0 0 0 0 0 0 4 0 0 0 1 0 0 1 0 2 0 0 1 0 2 0 0 0 0 0 10 44 0 0 58 0 0 0 0 0 32 26 48 72 6 10 31 68 42 20 17 21 7 1 4 1 6 0 0 0 0 2 0 0 18 12 9 2 2 6 10 70 14 0 0 0 0 0 3 22 78 26 8 1 0 0 0 3 3 1 0 0 4 5 2 0 5 25 7 8 20 556 0 0 4 1 0 0 96 6 0 0 3 6 0 0 0 0 0 0 0 0 33 52 49 0 0 17 0 0 0 0 0 3 0 0 0 0 0 0 0 0 0 0 0 0 0
0 0 0 0 0 0 0 0 0 0 0 0 0 2 5 1 1 0 3 0 0 9 2 2 1 0 0 3 0 0 0 0 10 54 45 0 1 43 2 0 0 0 0 5 156 21 0 1 29 2 62 6 0 4 0 0 3 1 0 0 2 0 0 1 8 8 1 5 10 14 0 54 5 12 5 7 15 1 0 0 1 1 1 5 0 17 10 10 4 8 1 2 2 3 6 2 0 10 6 6 14 16 7 174 295 235 0 5 0 0 0 10 8 2 10 8 0 0 0 1 3 0 0 0 0 73 13 58 0 0 0 0 0 0 0 1 15 55 0 0 0 0 0 0 0 0 0 0 0 0
0 0 0 0 0 0 0 0 0 0 0 0 0 0 11 0 1 1 2 0 2 5 3 0 0 0 0 9 8 0 0 7 4 8 8 5 3 1 4 2 1 3 3 13 66 6 3 8 0 5 29 22 0 0 0 0 0 1 0 0 0 0 0 0 16 0 0 3 7 1 7 9 1 2 3 2 11 7 0 0 1 0 37 6 2 6 11 17 5 2 17 1 0 4 1 11 0 0 0 2 23 31 11 3 68 264 30 4 0 0 0 0 0 10 9 19 0 0 3 4 0 0 0 0 5 168 17 29 0 0 0 0 0 0 0 0 1 8 0 0 0 0 0 0 0 0 0 0 0 0
0 0 0 0 0 0 0 0 0 0 0 0 0 12 6 3 11 14 9 3 6 48 13 1 0 0 0 1 1 10 12 2 0 58 2 0 2 24 24 15 32 96 19 170 155 1 9 2 9 2 1 56 28 1 0 2 0 0 0 0 0 0 1 1 1 0 0 0 8 38 143 33 7 13 0 2 2 8 0 0 0 0 0 0 1 0 0 13 11 3 9 0 0 0 0 0 0 0 0 1 0 5 17 3 28 742 693 20 5 0 0 0 0 0 0 0 21 205 79 8 0 0 0 44 141 35 85 293 250 13 0 0 0 0 0 3 9 6 0 0 0 0 0 0 0 0 0 0 0 0
0 0 0 0 0 0 0 0 0 2 1 2 29 13 3 3 23 104 4 7 2 6 3 4 0 0 0 6 18 4 0 7 6 2 4 11 8 31 134 185 375 735 365 265 96 9 0 0 1 0 0 2 59 30 1 0 0 0 0 0 0 0 0 0 0 0 0 1 0 1 13 42 20 0 20 12 4 21 2 0 0 3 8 0 6 0 0 0 18 11 3 0 0 8 15 34 6 0 0 0 2 160 13 48 282 309 311 418 17 0 0 0 0 0 0 1 223 96 34 0 0 0 6 215 209 177 1064 716 115 35 0 0 0 20 0 9 0 0 0 0 0 0 0 0 0 0 0 0 0 0
0 0 0 0 0 0 0 3 14 8 33 74 39 1 0 1 4 7 1 0 2 11 11 69 6 6 5 0 0 0 12 2 0 8 57 49 4 10 193 366 745 1225 783 790 46 21 7 3 14 0 5 1 70 100 18 12 0 0 0 0 0 0 0 0 0 0 0 0 0 0 1 3 2 0 0 2 0 10 23 0 0 0 6 1 22 0 0 0 0 4 0 3 14 29 2 16 5 1 0 10 0 3 11 17 20 71 2 108 25 0 0 0 2 0 115 90 640 364 40 35 37 24 5 110 146 106 616 554 496 631 61 73 22 155 8 0 0 0 0 0 0 0 0 0 0 0 0 0 0 0
0 0 0 0 0 0 0 4 9 7 7 5 5 1 7 9 0 4 23 4 1 12 151 57 0 0 0 1 0 1 11 6 1 1 4 23 29 43 53 104 616 421 460 200 63 11 9 3 4 3 0 4 14 10 4 1 0 0 0 0 0 0 0 0 0 0 0 0 3 0 2 1 0 0 0 7 2 11 1 1 4 38 13 4 40 0 0 4 29 22 4 0 9 16 3 0 3 11 3 4 1 1 3 6 1 4 0 1 52 2 6 2 11 0 117 973 878 522 154 181 202 110 73 7 6 15 382 511 8 133 14 314 772 94 51 2 0 0 0 0 0 0 0 0 0 0 0 0 0 0
0 0 0 0 0 0 0 2 0 9 3 8 5 4 0 5 1 0 7 11 366 68 5 0 0 0 0 0 2 24 4 2 6 40 16 8 0 4 0 122 620 406 429 155 121 22 29 2 5 17 1 6 8 4 1 4 2 0 0 0 0 0 0 0 0 0 0 0 0 0 1 0 0 0 0 0 0 4 6 0 29 15 44 154 32 1 0 0 0 0 0 0 11 5 0 2 13 4 0 1 4 0 0 1 5 7 0 40 205 169 313 542 123 207 540 1048 649 353 97 575 95 142 15 1 154 231 482 173 1 0 95 479 345 79 150 11 0 0 0 0 0 0 0 0 0 0 0 0 0 0
0 0 4 0 0 1 1 7 0 0 2 7 3 20 3 1 1 9 13 15 111 0 0 0 0 1 0 0 0 12 9 21 15 5 3 3 11 2 7 25 52 129 63 49 4 0 10 0 2 4 2 6 36 1 3 3 1 6 1 0 0 0 0 0 0 0 0 0 0 1 0 0 0 0 0 21 7 22 6 3 4 14 15 6 0 0 0 0 2 3 7 1 0 18 9 10 8 0 0 0 16 0 0 0 0 9 12 15 185 65 201 141 27 441 1142 686 301 381 126 437 69 16 0 31 18 152 124 0 0 0 63 513 1 0 0 0 0 0 0 0 0 0 0 0 0 0 0 0 0 0
0 0 1 3 0 23 31 3 13 5 1 0 0 2 11 18 2 5 37 47 21 0 0 0 0 0 0 0 1 7 81 3 17 0 8 3 2 3 12 3 28 23 1 2 1 0 0 0 8 6 0 8 344 33 8 40 27 1 2 1 0 0 0 0 0 0 0 0 0 0 0 0 0 0 0 0 1 7 3 3 0 0 1 0 0 0 0 0 12 0 0 1 2 22 6 2 9 3 0 3 7 0 0 1 0 0 16 104 55 14 4 14 116 267 248 486 119 259 143 142 294 1 0 0 0 0 0 0 0 0 4 93 26 0 0 0 0 0 0 0 0 0 0 0 0 0 0 0 0 0
0 0 0 0 3 1 10 12 0 0 6 0 1 12 12 8 57 20 7 0 1 10 5 0 0 1 1 29 14 12 50 46 18 4 4 3 0 8 15 23 20 38 4 6 4 0 5 0 0 0 1 32 171 64 4 22 1 0 2 0 0 0 0 0 0 0 0 0 0 0 0 0 0 0 0 0 16 20 10 1 0 0 0 0 0 0 0 0 8 0 21 7 22 43 2 27 1 1 2 6 8 0 0 3 0 4 13 84 639 13 1 0 0 0 0 1 3 33 365 765 72 0 0 0 0 0 0 0 0 0 0 0 135 6 0 0 0 0 0 0 0 0 0 0 0 0 0 0 0 0
2 2 2 6 0 2 7 64 6 3 11 6 4 4 0 181 72 24 3 11 1 0 6 3 2 7 1 10 1 15 11 8 6 3 0 1 1 0 1 2 17 7 0 2 1 0 1 0 0 0 0 80 14 37 23 8 8 0 1 0 0 0 0 0 0 0 0 0 0 0 0 0 0 0 0 3 16 28 5 0 0 0 4 0 0 0 0 1 26 1 14 0 4 44 1 0 0 0 13 2 0 1 7 14 5 17 64 63 253 0 0 0 0 0 9 1 0 3 95 342 366 144 0 0 2 58 0 0 0 101 140 34 85 12 0 0 0 0 0 0 0 0 0 0 0 0 0 0 0 0
1 0 0 0 0 4 5 0 0 10 52 13 6 5 31 44 71 21 11 1 0 1 5 2 1 15 2 1 5 4 4 0 1 2 10 0 0 0 1 3 1 16 13 2 4 3 2 0 1 0 9 45 33 36 76 23 5 0 0 1 0 0 0 0 0 0 0 0 0 0 0 0 0 0 0 0 1 46 179 1 1 6 0 0 0 0 0 104 30 3 5 7 4 4 0 14 0 3 2 7 29 18 15 15 9 7 25 33 82 65 0 0 0 18 102 136 234 699 132 229 715 183 3 11 367 92 0 0 0 160 251 0 0 0 0 0 0 0 0 0 0 0 0 0 0 0 0 0 0 0
4 2 0 3 0 0 3 1 4 2 8 163 29 7 0 0 2 7 3 3 1 0 0 12 19 4 4 1 19 3 0 0 0 0 1 0 0 1 3 0 0 19 41 20 7 1 12 1 0 0 1 91 37 3 2 1 1 0 3 0 0 0 0 0 0 0 0 0 0 0 0 0 0 0 0 0 0 18 41 9 0 1 0 0 0 1 4 15 1 1 5 0 1 6 0 0 0 0 19 4 0 0 2 0 23 0 18 31 54 12 0 0 0 0 150 626 879 581 103 57 76 154 249 449 325 1 0 0 15 715 221 0 0 0 0 0 0 0 0 0 0 0 0 0 0 0 0 0 0 0
0 0 4 0 0 1 3 4 2 0 14 47 2 2 0 2 1 1 1 23 4 0 1 1 0 7 6 6 0 0 0 0 0 0 0 0 0 0 5 7 0 2 0 1 2 1 0 1 0 0 2 96 0 8 4 0 1 0 7 0 0 0 0 0 0 0 0 0 0 0 0 0 0 0 0 0 7 12 99 59 20 18 25 0 0 1 1 0 0 2 0 0 20 22 1 0 0 1 0 21 3 4 5 4 5 4 17 11 43 2 0 1 33 26 33 53 8 106 645 381 56 274 932 660 706 364 161 292 1135 2142 1011 42 0 0 0 0 0 0 0 1 0 0 0 0 0 0 0 0 0 0
0 1 4 0 2 14 4 5 0 17 35 4 1 14 8 8 4 8 0 0 0 0 0 0 0 35 29 1 3 0 0 6 13 1 1 0 0 0 0 21 3 3 0 0 0 3 3 3 8 5 9 510 41 8 0 5 1 5 2 1 0 0 0 0 0 0 0 0 0 0 0 0 0 0 0 0 8 19 91 0 0 39 30 0 0 0 0 0 5 9 2 5 3 18 4 23 31 0 3 3 12 0 4 29 12 39 7 2 180 41 9 21 26 11 3 12 5 217 619 624 615 927 1076 1142 1714 1521 971 833 1286 930 1163 4 0 0 0 0 0 0 0 0 0 0 0 0 0 0 0 0 0 0
0 1 0 0 4 1 0 10 9 3 0 4 6 1 11 22 3 2 0 0 0 0 0 0 2 15 20 0 4 2 2 9 3 0 8 3 4 2 4 3 0 0 3 0 0 0 4 0 3 51 673 697 40 109 18 9 1 2 3 4 0 2 0 0 0 0 0 0 0 0 0 0 0 0 0 0 5 0 21 3 0 1 0 0 0 0 0 0 7 3 0 3 22 0 0 2 0 0 4 17 12 10 18 3 67 35 51 64 10 15 7 6 5 12 13 19 8 97 611 1925 1837 1017 352 1434 2315 1425 302 918 914 22 192 89 3 0 0 0 2 0 0 0 0 0 0 0 0 0 0 0 0 0
3 3 0 5 5 0 2 4 19 1 0 3 11 3 1 3 6 6 0 0 0 0 0 0 9 2 0 1 1 0 0 66 32 1 0 1 1 1 2 0 0 1 1 0 0 4 0 0 3 44 705 889 776 748 72 33 5 24 9 8 3 0 0 0 0 0 0 0 0 0 0 0 0 0 1 2 0 0 1 40 0 0 0 0 0 0 0 32 141 1 0 25 11 0 0 0 0 0 2 8 10 0 28 18 14 203 479 22 6 0 10 4 2 9 2 18 28 28 163 644 524 959 509 3388 2548 1168 504 300 5 634 1702 839 1 0 0 0 0 0 0 0 0 0 0 0 0 0 0 0 0 0
2 4 8 15 1 2 42 7 24 6 12 52 0 4 0 2 0 0 0 0 0 1 0 1 17 0 4 6 0 0 0 26 8 4 0 2 4 0 0 0 0 0 0 4 0 0 0 0 0 7 218 529 645 547 123 151 26 4 0 4 0 2 1 0 0 0 0 0 0 0 0 0 0 0 1 0 0 0 0 37 3 4 7 0 0 0 0 48 58 4 2 24 101 0 0 0 0 0 0 4 1 53 21 115 52 14 6 16 0 0 0 1 12 3 2 8 11 20 10 47 329 455 511 997 1764 1311 752 558 517 1052 543 394 3 1 0 0 0 0 0 0 0 0 0 0 0 0 0 0 0 0
2 6 4 5 1 7 8 16 4 1 3 8 7 1 0 0 0 0 0 0 0 0 1 0 0 0 0 1 0 0 0 0 0 0 0 0 3 1 1 0 0 0 0 0 0 0 5 3 5 5 124 196 329 41 42 50 5 1 6 0 3 1 0 0 1 2 0 0 0 0 0 0 0 0 0 0 0 0 1 0 5 6 0 0 0 2 55 80 19 8 11 206 200 16 5 0 0 0 0 38 42 8 44 256 38 1 8 5 53 7 0 0 7 6 7 5 7 29 54 26 175 1028 1009 657 468 896 1544 1739 280 295 126 207 0 0 0 0 0 0 0 0 0 0 0 0 0 0 0 0 0 0
1 2 42 0 2 1 11 54 7 6 9 7 3 2 0 0 0 0 0 1 0 0 0 3 0 0 0 1 4 0 0 0 0 0 0 3 0 1 1 0 0 0 0 0 0 1 0 0 6 1 7 24 122 26 46 2 1 76 75 9 0 0 1 0 0 0 0 0 0 0 0 0 0 0 0 0 0 0 0 0 0 13 24 28 36 8 1 0 19 69 181 215 162 7 18 6 0 2 29 52 51 382 296 490 408 61 10 7 6 9 0 0 4 0 6 8 2 68 52 449 578 1164 2550 2976 1069 337 2205 3169 1701 0 0 2 0 0 0 0 0 0 0 0 0 0 0 0 0 0 0 0 0 0
11 8 25 0 6 26 10 48 13 19 2 3 0 2 0 0 0 0 0 1 0 0 6 0 0 0 24 2 11 0 0 1 0 2 0 0 0 0 0 0 3 0 0 0 0 0 0 0 1 12 0 4 79 8 12 3 0 12 130 13 84 1 0 0 0 0 0 0 0 0 0 0 0 0 0 0 0 0 0 0 3 8 11 2 0 5 5 13 32 59 68 141 151 8 39 8 0 0 0 15 181 329 785 302 273 146 0 6 3 16 20 0 0 0 43 2 13 576 388 904 797 29 19 216 233 284 474 1391 493 9 291 16 0 0 0 0 0 0 0 0 0 0 0 0 0 0 0 0 0 0
9 6 143 21 91 107 55 18 1 1 0 1 6 5 0 0 0 0 0 1 1 3 0 0 0 0 0 1 0 0 0 0 1 0 0 0 0 0 0 0 1 1 1 0 0 0 0 0 0 3 0 1 16 0 1 1 6 0 9 39 9 1 0 0 0 0 0 0 0 0 0 0 0 0 0 0 0 0 0 0 23 85 0 5 85 2 95 27 0 0 4 16 26 0 0 0 0 0 0 15 13 109 1127 374 132 287 16 14 15 6 37 0 0 0 0 61 304 738 220 39 0 0 0 0 67 581 161 712 878 31 58 21 0 0 0 0 0 0 0 0 0 0 0 0 0 0 0 0 0 0
4 24 129 142 522 501 251 54 16 0 0 0 0 0 4 1 2 0 0 0 1 21 0 0 0 0 0 0 0 0 0 0 0 0 0 0 0 0 0 0 1 3 1 9 2 12 1 20 4 0 0 10 19 1 0 1 5 0 26 2 1 2 0 0 0 0 0 0 0 0 0 0 0 0 0 0 0 0 1 38 12 0 0 23 14 4 27 266 50 0 0 0 0 0 0 0 0 0 0 0 0 235 658 385 176 184 6 5 5 17 6 1 0 0 15 112 257 14 29 84 0 0 0 0 9 651 353 672 382 24 89 6 0 0 0 0 0 0 0 0 0 0 0 0 0 0 0 0 0 0
2 139 445 1170 418 417 148 29 0 0 2 3 29 0 0 1 0 3 0 5 1 3 0 0 3 0 0 2 0 3 0 0 0 0 0 0 0 0 1 2 0 3 0 3 3 0 0 9 35 1 0 0 57 0 0 1 1 1 1 0 0 4 0 0 0 0 0 0 0 0 0 0 0 0 0 0 0 29 0 0 0 0 0 1 0 0 63 39 5 2 0 0 0 0 0 2 0 0 0 0 20 169 29 43 196 155 0 0 0 0 7 19 17 21 21 1 5 3 41 47 31 102 9 0 47 149 112 273 110 2 0 0 0 0 0 0 0 0 0 0 0 0 0 0 0 0 0 0 0 0
2 17 305 318 177 237 70 17 7 1 0 2 0 0 0 0 0 0 3 9 5 2 0 0 3 3 0 1 4 2 4 0 0 0 4 0 0 0 0 0 1 0 2 1 0 0 0 0 2 9 0 0 0 3 1 12 0 0 0 0 0 0 0 0 0 0 0 0 0 0 0 0 0 0 0 0 4 1 0 0 0 0 0 1 0 0 116 25 1 27 40 3 0 0 15 19 0 0 0 560 1030 237 306 213 17 142 66 3 2 3 8 53 20 1 0 0 0 0 14 64 122 65 275 404 130 86 1 1 0 1 1 0 0 0 0 0 0 0 0 0 0 0 0 0 0 0 0 0 0 0
11 15 52 104 98 28 0 0 0 0 10 4 0 0 0 0 0 0 0 0 0 60 0 0 0 0 0 0 1 1 0 0 0 2 0 0 1 0 0 0 0 0 0 1 0 38 1 3 0 1 0 0 0 0 2 31 0 0 0 0 0 0 0 0 0 0 0 0 0 0 0 0 0 0 0 0 11 10 0 0 0 0 0 3 0 0 26 1 0 54 39 0 0 0 59 161 128 13 236 1836 482 626 250 37 1 21 45 115 1 13 39 1 0 1 0 0 0 0 31 50 202 34 38 63 29 105 157 19 107 55 13 0 0 0 0 0 0 0 0 0 0 0 0 0 0 0 0 0 0 0
70 7 27 15 2 0 1 3 0 0 0 3 1 0 0 0 0 1 5 2 0 10 4 0 1 0 0 0 0 3 3 0 0 3 4 0 0 0 0 0 0 0 0 0 0 7 3 1 0 0 0 3 4 5 82 20 6 1 0 0 0 0 0 0 0 0 0 0 0 0 0 0 0 0 49 16 1 0 0 0 0 0 0 0 0 0 12 0 0 0 133 25 9 17 184 439 88 9 96 156 44 26 52 33 22 6 1 200 597 176 0 0 0 0 9 0 2 6 3 2 56 27 3 10 51 102 164 67 412 200 47 0 0 0 0 0 0 0 0 0 0 0 0 0 0 0 0 0 0 0
20 0 6 1 0 0 2 3 0 0 0 0 0 0 1 0 0 0 0 0 0 1 1 1 0 0 1 0 1 1 10 58 6 2 0 0 0 0 0 0 1 0 0 0 0 1 2 0 0 0 0 1 2 3 31 2 0 0 0 1 0 0 0 0 0 0 0 0 0 0 0 0 0 0 28 31 1 0 0 0 0 0 0 0 0 0 81 67 307 90 129 20 17 18 2 42 14 4 0 2 4 5 7 1 5 6 233 382 222 72 7 0 5 0 0 0 0 12 0 2 8 24 14 16 13 268 125 284 162 206 41 0 1 0 0 0 0 0 0 0 0 0 0 0 0 0 0 0 0 0
0 0 0 1 2 0 0 0 0 0 0 0 0 0 0 0 0 1 0 0 4 0 0 2 0 0 0 0 6 0 0 5 0 2 0 0 1 0 0 0 0 0 0 0 1 9 4 0 0 0 0 1 8 37 18 5 2 0 0 0 0 0 0 0 0 0 0 0 0 0 0 2 1 2 0 0 0 0 0 0 0 0 0 0 0 0 2 0 126 5 0 0 2 2 7 31 0 3 6 0 0 10 3 8 5 253 1009 552 339 174 0 0 0 0 0 0 0 2 111 20 0 60 3 30 2 12 90 82 7 19 4 10 0 0 0 0 0 0 0 0 0 0 0 1 1 0 0 0 0 0
3 0 0 0 1 2 0 0 0 0 0 0 0 0 0 0 1 0 2 1 0 0 0 5 0 1 0 4 0 1 0 3 0 0 2 0 0 0 0 0 0 0 0 0 0 1 0 0 0 1 3 1 6 100 9 2 0 0 0 0 0 0 0 0 0 0 0 0 0 0 1 0 3 0 1 0 0 0 0 0 0 0 0 0 0 0 6 0 0 0 0 0 10 27 0 0 5 0 13 1 4 0 5 2 52 76 149 28 75 304 0 0 0 0 0 0 0 0 10 14 0 35 3 101 183 54 263 72 41 50 5 0 0 0 0 0 0 0 0 0 0 0 0 0 0 0 0 0 0 0
0 0 0 0 2 54 0 0 0 0 0 0 0 0 0 2 0 3 0 2 0 0 0 0 0 0 5 0 0 0 0 1 0 0 3 2 0 0 0 8 0 0 4 5 17 0 0 0 0 0 20 0 2 2 19 0 12 7 0 0 0 0 0 0 0 0 0 3 11 9 1 0 1 0 0 0 0 0 0 0 0 0 0 0 0 0 0 1 10 2 0 53 156 13 0 0 2 0 0 8 5 6 38 35 124 18 0 15 6 23 8 0 0 0 0 0 0 0 0 0 8 4 3 43 0 3 0 279 21 8 0 0 0 0 0 0 0 0 0 0 0 0 0 0 0 0 0 0 0 0
0 0 0 0 86 26 0 0 0 0 0 0 0 0 0 0 0 0 0 0 0 0 0 0 0 0 0 0 6 0 3 0 0 0 0 1 0 0 1 0 1 0 0 3 1 2 0 0 0 5 3 0 0 9 2 0 3 4 0 0 0 0 0 0 0 0 3 1 2 3 0 0 4 1 0 0 0 0 0 0 0 0 0 0 0 0 0 0 38 61 210 496 134 20 0 0 2 1 0 48 57 593 400 103 36 36 6 0 0 28 16 0 0 0 0 0 0 0 0 0 0 0 0 0 0 7 130 23 0 0 0 0 0 0 0 0 0 0 0 0 0 0 0 0 0 0 0 0 0 0
0 0 0 0 0 2 0 0 0 0 0 0 1 4 0 2 1 0 12 0 0 0 0 0 0 0 0 1 0 18 0 0 0 0 0 11 1 1 0 0 0 0 0 0 25 11 0 0 0 0 0 0 4 6 6 3 0 0 0 0 0 0 0 0 0 0 0 0 33 0 0 0 0 0 0 0 0 0 0 0 0 0 0 0 0 2 19 0 27 111 358 166 107 25 0 5 10 7 8 75 176 106 120 13 1 4 5 0 0 2 7 0 0 0 0 0 0 0 0 1 0 78 94 0 0 38 32 22 0 0 0 0 0 0 0 0 0 0 0 0 0 0 0 0 0 0 0 0 0 0
0 0 0 0 0 4 0 0 0 0 0 0 37 21 1 4 0 0 0 0 0 0 0 0 0 8 1 0 0 21 0 0 0 0 3 2 0 0 0 0 0 0 0 1 0 8 5 0 0 1 1 0 1 20 13 12 0 0 0 0 0 0 0 0 0 0 1 4 62 0 0 1 2 0 0 0 0 0 0 0 0 0 0 0 5 22 54 4 1 19 0 1 13 1 46 0 0 2 13 29 113 0 0 2 1 0 0 6 0 96 55 36 7 0 0 0 1 0 0 0 0 0 1 0 0 0 0 15 0 0 0 0 0 0 0 0 0 0 0 0 0 0 0 0 0 0 0 0 0 0
0 0 0 1 2 1 1 0 0 1 0 0 0 0 5 0 2 0 0 0 0 0 0 0 0 0 1 4 0 2 0 0 0 0 1 0 0 0 0 0 0 0 0 0 0 1 3 6 2 4 3 0 1 4 10 9 3 0 0 0 0 0 0 0 0 0 11 32 28 0 0 0 0 0 0 0 0 0 0 0 0 0 0 0 66 2 0 0 6 33 3 1 20 2 3 5 8 29 24 15 55 33 4 3 7 2 0 39 80 163 177 447 39 8 4 0 0 0 0 0 0 0 0 0 0 0 0 0 0 0 0 0 0 0 0 0 0 0 0 0 0 0 0 0 0 0 0 0 0 0
0 0 0 1 1 1 0 0 0 0 0 0 1 0 0 0 1 0 0 0 0 0 0 0 1 0 0 1 0 0 0 0 0 0 1 0 0 0 2 5 0 0 0 0 0 0 0 4 16 0 0 0 0 0 0 94 139 1 3 0 0 0 0 0 3 9 73 120 6 0 1 0 1 0 0 0 0 0 0 0 0 0 0 10 94 0 1 6 2 5 13 3 2 0 0 13 64 38 7 0 1 0 12 6 2 1 33 3 86 60 256 62 326 86 80 0 0 0 0 0 0 0 0 0 0 0 0 0 0 0 0 0 0 0 0 0 0 0 0 0 0 0 0 0 0 0 0 0 0 0
0 0 1 0 2 2 0 0 0 0 0 2 1 0 0 2 2 0 0 0 0 0 0 0 0 0 0 0 0 0 1 0 0 0 0 0 1 0 0 0 0 0 0 0 23 2 0 8 84 3 8 0 0 0 7 6 6 11 26 18 3 1 2 9 6 5 1 1 0 5 2 0 0 0 0 0 0 0 0 0 0 0 0 0 0 0 0 24 3 6 1 0 2 0 9 112 3 0 0 0 0 4 0 1 41 72 394 1173 425 99 23 0 286 147 0 0 0 0 0 0 0 0 0 0 0 0 0 0 0 0 0 0 0 0 0 0 0 0 0 0 0 0 0 0 0 0 0 0 0 0
0 0 2 0 13 66 1 11 3 1 7 2 0 0 0 0 4 1 0 0 0 0 0 0 0 0 0 0 0 0 0 1 0 0 0 3 0 0 10 0 2 3 0 4 3 1 32 7 2 4 1 0 0 4 6 5 1 0 0 3 0 0 0 5 4 0 3 13 1 26 4 6 0 0 0 0 0 0 0 0 0 0 0 0 1 0 0 3 0 5 15 16 0 4 120 23 2 2 2 0 0 2 0 20 91 119 245 436 232 293 159 223 440 45 0 0 0 0 0 0 0 0 0 0 0 0 0 0 0 0 0 0 0 0 0 0 0 0 0 0 0 0 0 0 0 0 0 0 0 0
1 1 4 0 30 75 0 0 0 0 1 0 0 0 0 0 0 0 0 0 0 0 0 0 0 0 0 0 0 1 0 0 0 0 0 0 0 1 0 3 0 2 4 1 13 0 1 5 3 9 8 1 1 3 2 0 0 15 17 0 0 0 0 1 0 3 0 4 4 1 0 0 1 0 0 0 0 0 0 0 0 0 0 0 0 1 0 0 0 0 0 3 24 38 4 33 286 0 0 0 0 0 0 74 171 302 4 1 10 47 1 19 7 0 0 0 0 0 0 0 0 0 0 0 0 0 0 0 0 0 0 0 0 0 0 0 0 0 0 0 0 0 0 0 0 0 0 0 0 0
0 0 0 0 0 0 0 0 1 0 2 0 0 2 0 0 0 0 0 1 2 0 0 0 0 0 0 0 0 0 0 3 1 0 0 0 2 0 0 0 0 0 0 0 0 0 1 0 2 12 0 0 0 1 0 0 0 0 7 7 3 7 0 0 0 0 0 0 0 0 5 5 3 0 0 0 0 0 0 0 0 0 0 0 0 0 0 0 0 0 0 36 81 28 23 249 404 0 0 0 0 0 0 12 17 0 0 0 0 1 37 122 1 0 0 0 0 0 0 0 0 0 0 0 0 0 0 0 0 0 0 0 0 0 0 0 0 0 0 0 0 0 8 20 6 0 0 0 0 0
0 0 0 0 0 0 0 0 0 24 1 0 0 0 3 4 0 0 0 0 0 0 0 0 0 0 0 0 0 0 0 2 0 1 0 0 0 0 0 0 0 0 0 0 0 1 0 0 0 1 12 1 2 2 1 0 0 1 2 4 5 1 0 0 0 0 0 0 0 0 1 1 0 0 0 0 0 0 0 0 0 0 0 0 0 0 0 1 40 2 14 30 276 232 72 0 0 0 0 1 0 0 3 9 2 0 0 2 0 93 283 2 0 2 0 0 0 0 0 0 0 0 0 0 0 0 0 0 0 0 0 0 0 0 0 0 0 0 0 0 0 0 0 1 0 0 0 0 0 0
0 0 0 0 1 0 0 0 0 0 0 0 0 8 0 0 0 1 0 0 0 0 0 0 0 0 0 0 0 0 0 0 1 0 0 0 0 0 0 0 0 0 0 0 0 0 0 0 0 0 3 6 25 0 0 0 0 0 3 0 2 0 0 0 0 0 0 0 0 0 0 1 0 0 0 0 0 0 0 0 0 0 0 0 0 0 0 0 1 2 17 88 716 0 0 27 3 0 0 0 0 0 0 5 5 3 0 6 17 5 111 3 0 0 0 0 0 0 0 0 0 0 0 0 0 0 0 0 0 0 0 0 0 0 0 0 0 0 0 0 0 0 0 0 0 0 0 0 0 0
0 0 0 0 0 0 0 0 0 0 0 0 7 0 0 3 0 0 3 0 0 0 0 2 2 0 0 0 0 0 0 0 0 0 1 0 0 0 0 0 0 0 0 0 0 0 0 0 0 0 0 8 1 1 0 0 0 0 1 9 5 0 0 0 0 0 0 0 0 0 1 84 6 0 0 0 0 0 0 0 0 0 0 0 0 0 0 0 3 14 18 26 13 20 11 0 0 0 0 0 0 0 0 0 0 0 0 0 0 0 0 0 0 0 0 0 0 0 0 0 0 0 0 0 0 0 0 0 0 0 0 0 0 0 0 0 0 0 0 0 0 0 0 0 0 0 0 0 0 0
3 0 0 0 0 0 0 0 0 0 0 1 0 0 0 0 0 0 0 0 0 8 6 42 1 0 0 0 0 0 0 0 0 0 0 1 2 0 0 0 0 0 0 0 0 0 0 0 0 0 0 12 2 10 1 2 0 0 0 2 1 19 24 0 0 0 0 0 0 0 0 10 7 0 10 0 0 0 0 0 0 0 0 0 0 0 0 0 0 5 3 36 13 36 13 1 0 0 0 0 0 0 0 0 0 0 0 0 0 0 0 0 0 0 0 0 0 0 0 0 0 0 0 0 0 0 0 0 0 0 0 0 0 0 0 0 0 0 0 0 0 0 0 0 0 0 0 0 0 0
0 0 0 0 0 0 0 0 0 1 1 0 0 0 0 0 0 0 0 0 0 0 4 1 3 0 0 0 9 0 0 0 0 0 0 0 0 1 0 0 0 0 0 0 0 0 0 0 0 3 0 33 18 4 6 2 1 1 0 0 0 41 81 0 0 0 0 0 0 0 0 0 4 0 30 1 0 0 0 0 0 0 0 0 0 0 0 0 0 0 24 5 1 71 40 22 0 0 0 0 0 0 0 0 0 0 0 0 0 0 0 0 0 0 0 0 0 0 0 0 0 0 0 0 0 0 0 0 0 0 0 0 0 0 0 0 0 0 0 0 0 0 0 0 0 0 0 0 0 0
0 0 0 0 0 0 0 0 0 0 0 0 5 2 0 0 0 0 0 0 0 0 0 0 0 1 0 0 2 0 0 0 0 0 0 0 0 0 0 0 0 0 0 0 0 0 0 0 0 2 9 48 144 21 26 0 0 0 1 0 0 26 0 0 0 0 0 0 0 0 0 0 0 2 1 0 0 0 0 0 0 0 0 0 0 0 0 0 0 0 1 8 45 29 25 5 0 0 0 0 0 0 0 0 0 0 0 0 0 0 0 0 0 0 0 0 0 0 0 0 0 0 0 0 0 0 0 0 0 0 0 0 0 0 0 0 0 0 0 0 0 0 0 0 0 0 0 0 0 0
0 0 0 0 0 0 0 0 1 0 0 0 9 4 0 4 0 2 5 0 0 2 0 0 0 2 0 0 0 0 0 0 0 0 0 0 0 0 0 0 0 0 0 0 0 0 0 0 5 4 1 19 166 0 11 0 1 0 0 0 1 15 5 0 0 0 0 0 0 0 0 0 0 0 0 0 0 0 0 0 0 0 0 0 0 0 0 0 0 0 0 0 6 8 2 2 6 1 0 13 0 0 0 0 0 0 0 0 0 0 0 0 0 0 0 0 0 0 0 0 0 0 0 0 0 0 0 0 0 0 0 0 0 0 0 0 0 0 0 0 0 0 0 0 0 0 0 0 0 0
0 0 0 0 0 0 0 0 0 8 0 0 0 2 0 0 0 2 3 0 0 0 0 6 0 9 0 0 0 0 0 0 0 0 0 0 0 0 0 0 1 0 0 0 0 0 0 7 0 1 1 15 29 0 0 0 0 0 3 1 10 10 0 4 0 0 0 0 0 0 0 0 0 0 0 0 0 0 0 0 0 0 0 0 0 0 0 0 0 0 0 0 0 0 0 1 9 0 2 0 0 0 0 0 0 0 0 0 0 1 0 0 0 0 0 0 0 0 0 0 0 0 0 0 0 0 0 0 0 0 0 0 0 0 0 0 0 0 0 0 0 0 0 0 0 2 0 0 0 0
0 0 4 0 0 0 0 0 0 0 12 0 0 0 0 0 0 0 0 0 0 0 0 1 4 0 0 0 0 0 0 0 1 1 18 2 0 0 0 0 0 0 0 0 0 0 6 8 0 0 0 0 0 0 0 0 0 0 0 4 11 0 0 0 0 0 0 0 0 0 0 0 0 0 0 0 0 0 0 0 0 0 0 0 0 0 0 0 0 0 0 0 0 0 0 4 23 29 0 0 0 0 0 0 0 0 0 0 0 0 0 0 0 0 0 0 0 0 0 0 0 0 0 0 0 0 0 0 0 0 0 0 0 0 0 0 0 0 0 0 0 0 0 0 6 7 0 0 0 0
1 0 0 0 0 0 0 0 0 0 0 2 0 0 0 0 0 0 0 0 10 2 0 0 0 3 0 0 0 0 0 3 0 0 0 2 0 1 0 0 0 0 0 0 0 1 5 0 0 0 0 0 0 0 0 0 0 0 0 0 0 0 0 0 0 0 0 0 0 0 0 4 7 0 0 0 0 0 0 0 0 0 0 0 0 0 0 0 0 0 0 0 0 0 5 10 17 4 0 1 7 0 2 0 0 0 0 0 0 0 0 0 0 0 0 0 0 0 0 0 0 0 0 0 0 0 0 0 0 0 0 0 0 0 0 0 0 0 0 0 0 0 0 0 0 0 0 0 0 0
0 0 0 0 2 0 0 0 0 0 0 3 0 0 0 0 0 0 0 0 0 0 0 0 0 0 0 0 0 0 0 0 0 0 0 0 0 0 0 0 0 0 0 0 0 0 0 0 0 0 0 0 0 0 0 0 0 0 0 1 7 0 0 0 0 0 0 0 0 0 4 9 0 0 0 0 0 0 0 0 0 0 0 0 0 0 0 0 0 0 0 0 0 0 10 0 0 0 0 1 0 4 0 0 0 0 0 0 0 0 0 0 0 0 0 0 0 0 0 0 0 0 0 0 0 0 0 0 0 0 0 0 0 0 0 0 0 0 0 0 0 0 0 0 0 0 0 0 0 0
0 0 0 0 0 0 0 0 0 0 6 0 5 0 0 1 6 0 0 0 0 0 0 0 0 0 0 0 0 0 0 0 0 0 0 0 0 0 0 0 0 0 0 0 1 0 0 0 0 0 0 0 0 0 0 0 0 0 0 5 8 1 0 0 0 0 0 0 0 0 4 0 0 0 0 0 0 0 0 0 0 0 0 0 0 0 0 0 0 0 0 0 0 0 0 3 2 0 0 0 0 0 0 0 0 0 0 0 0 0 0 0 0 0 0 0 0 0 0 0 0 0 0 0 0 0 0 0 0 0 0 0 0 0 0 0 0 0 1 0 0 0 0 0 0 0 0 0 0 0
0 0 0 0 0 0 0 1 0 0 0 0 21 0 0 5 7 2 0 0 0 0 0 0 0 0 0 0 0 0 0 0 0 0 0 0 0 0 0 0 0 0 0 5 1 0 0 0 0 0 0 0 0 0 0 0 0 0 0 12 2 0 0 0 0 0 0 0 54 1 0 1 0 0 0 0 0 0 0 0 0 0 0 0 0 0 0 0 0 0 0 0 0 0 0 0 3 4 2 3 0 0 0 0 0 0 0 0 0 0 0 0 0 0 0 0 0 0 0 0 0 0 0 0 0 0 0 0 0 0 0 0 0 0 0 0 0 0 0 0 0 0 0 0 0 0 0 0 0 0
0 0 0 0 0 0 0 0 0 1 0 0 2 0 0 0 4 5 2 0 0 0 0 0 0 1 0 0 0 0 0 0 0 0 0 1 5 4 4 0 0 0 0 0 0 0 0 0 0 0 0 0 0 0 0 0 0 0 0 0 20 13 3 0 0 0 0 3 167 82 3 0 0 0 0 0 0 0 0 0 0 0 0 0 0 0 0 0 0 0 0 0 0 0 0 0 0 0 1 0 0 0 0 0 0 0 0 0 0 0 0 0 0 0 0 0 0 0 0 0 0 0 0 0 0 0 0 0 0 0 0 0 0 0 0 0 0 0 0 0 0 0 0 0 0 0 0 0 0 0
0 0 1 0 0 0 0 0 0 0 1 4 72 11 0 8 19 0 4 9 0 1 0 25 2 2 0 0 0 7 4 2 0 0 2 2 10 10 5 4 0 1 3 0 0 0 0 0 0 0 0 0 0 0 0 0 0 0 0 0 0 1 1 2 159 78 27 1 0 0 0 0 0 0 0 0 0 0 0 0 0 0 0 0 0 0 0 0 0 0 0 0 0 0 0 0 0 0 0 0 0 0 0 0 0 0 0 0 0 0 0 0 0 0 0 0 0 0 0 0 0 0 0 0 0 0 0 0 0 0 0 0 0 0 0 0 0 0 0 0 0 0 0 0 0 0 0 0 0 0
1 92 5 2 0 0 0 0 0 0 2 3 9 0 0 0 3 0 1 8 7 89 61 11 1 0 0 0 0 1 1 0 0 1 0 7 40 5 0 3 1 1 0 0 0 0 0 0 0 0 0 0 0 0 0 0 0 0 0 0 0 0 0 0 5 1 0 0 0 0 0 0 0 0 0 0 0 0 0 0 0 0 0 0 0 0 0 0 0 0 0 0 0 0 0 0 0 0 0 0 0 0 0 0 0 0 0 0 0 0 0 0 0 0 0 0 0 0 0 0 0 0 0 0 0 0 0 0 0 0 0 0 0 0 0 0 0 0 0 0 0 0 0 0 0 0 0 0 0 0
21 13 7 0 1 2 0 0 0 0 0 0 1 0 0 1 10 4 1 19 2 46 12 20 10 10 1 0 4 18 12 0 0 0 0 0 2 2 0 2 11 5 0 0 0 0 0 0 0 0 0 0 0 0 0 0 0 0 0 0 0 0 0 0 0 2 0 0 0 0 0 0 0 0 0 0 0 0 0 0 0 0 0 0 0 0 0 0 0 9 0 0 0 0 0 0 0 0 0 0 0 0 0 0 0 0 0 0 0 0 0 0 0 0 0 0 0 0 0 0 0 0 0 0 0 0 0 0 0 0 0 0 0 0 0 0 0 0 0 0 0 0 0 0 0 0 0 0 0 0
0 0 0 5 1 0 0 0 0 0 0 2 1 0 0 1 0 3 0 1 0 4 13 6 3 9 18 3 7 0 0 0 0 0 8 1 0 3 0 0 2 0 0 0 0 0 0 0 0 0 0 0 0 0 0 0 0 0 0 0 0 0 0 0 0 0 0 0 0 0 0 0 0 0 0 0 0 0 0 0 0 0 0 0 0 0 0 0 0 0 0 0 0 0 0 0 0 0 0 0 0 0 0 0 0 0 0 0 0 0 0 0 0 0 0 0 0 0 0 0 0 0 0 0 0 0 0 0 0 0 0 0 0 0 0 0 0 0 0 0 0 0 0 0 0 0 0 0 0 0
0 0 0 0 0 0 0 0 0 0 0 0 0 2 0 2 0 3 1 4 1 0 1 8 5 8 13 6 22 0 0 0 0 19 5 0 0 0 0 0 0 0 0 0 0 0 0 0 0 0 0 0 0 0 0 0 0 0 0 0 0 0 0 0 0 0 0 0 0 0 0 0 0 0 0 0 0 0 0 0 0 0 0 0 0 0 0 0 0 0 0 0 0 0 0 0 0 0 0 0 0 0 0 0 0 0 0 0 0 0 0 0 0 0 0 0 0 0 0 0 0 0 0 0 0 0 0 0 0 0 0 0 0 0 0 0 0 0 0 0 0 0 0 0 0 0 0 0 0 0
0 2 0 0 0 0 0 0 0 0 0 0 0 0 0 0 0 0 0 0 0 1 0 0 1 0 15 8 152 60 13 9 7 37 3 1 3 0 0 0 0 0 0 0 0 0 0 0 0 0 0 0 0 0 0 0 0 0 0 0 0 0 0 0 0 0 0 0 0 0 0 0 0 0 0 0 0 0 0 0 0 0 0 0 0 0 0 0 0 0 0 0 0 0 0 0 0 0 0 0 0 0 0 0 0 0 0 0 0 0 0 0 0 0 0 0 0 0 0 0 0 0 0 0 0 0 0 0 0 0 0 0 0 0 0 0 0 0 0 0 0 0 0 0 0 0 0 0 0 0
0 0 0 0 0 0 0 0 0 0 0 0 0 0 0 0 0 0 0 0 0 0 0 0 0 3 2 12 1 4 14 1 1 5 0 2 11 0 0 0 0 0 0 0 0 0 0 0 0 0 0 0 0 0 0 0 0 0 0 0 0 0 0 0 0 0 0 0 0 0 0 0 0 0 0 0 0 0 0 0 0 0 0 0 0 0 0 0 0 0 0 0 0 0 0 0 0 0 0 0 0 0 0 0 0 0 0 0 0 0 0 0 0 0 0 0 0 0 0 0 0 0 0 0 0 0 0 0 0 0 0 0 0 0 0 0 0 0 0 0 0 0 0 0 0 0 0 0 0 0
0 0 0 0 0 0 0 0 0 0 1 0 3 0 0 0 0 0 0 0 0 0 0 0 16 0 8 0 0 0 13 6 3 0 0 2 1 0 0 0 0 0 0 0 0 0 0 0 0 0 0 0 0 0 0 0 0 0 0 0 0 0 0 0 0 0 0 0 0 0 0 0 0 0 0 0 0 0 0 0 0 0 0 0 0 0 0 0 0 0 0 0 0 0 0 0 0 0 0 0 0 0 0 0 0 0 0 0 0 0 0 0 0 0 0 0 0 0 0 0 0 0 0 0 0 0 0 0 0 0 0 0 0 0 0 0 0 0 0 0 0 0 0 0 0 0 0 0 0 0
0 0 0 0 0 0 0 1 0 0 0 1 4 8 0 0 0 0 0 0 0 0 0 0 0 0 0 0 0 0 0 0 16 2 0 0 6 0 0 0 0 0 0 0 0 0 0 0 0 0 0 0 0 0 0 0 0 0 0 0 0 0 0 0 0 0 0 0 0 0 0 0 0 0 0 0 0 0 0 0 0 0 0 0 0 0 0 0 0 0 0 0 0 0 0 0 0 0 0 0 0 0 0 0 0 0 0 0 0 0 0 0 0 0 0 0 0 0 0 0 0 0 0 0 0 0 0 0 0 0 0 0 0 0 0 0 0 0 0 0 0 0 0 0 0 0 0 0 0 0
0 0 0 0 0 0 0 0 0 1 1 2 5 0 0 0 0 0 0 0 0 0 0 0 0 0 0 15 8 1 0 0 0 0 0 0 0 0 0 0 0 0 0 0 0 0 0 0 0 0 0 0 0 0 0 0 0 0 0 0 0 0 0 0 0 0 0 0 0 0 0 0 0 0 0 0 0 0 0 0 0 0 0 0 0 0 0 0 0 0 0 0 0 0 0 0 0 0 0 0 0 0 0 0 0 0 0 0 0 0 0 0 0 0 0 0 0 0 0 0 0 0 0 0 0 0 0 0 0 0 0 0 0 0 0 0 0 0 0 0 0 0 0 0 0 0 0 0 0 0
0 0 0 0 0 0 0 0 0 0 0 0 0 0 0 0 0 0 0 0 0 0 0 0 0 0 1 5 6 0 0 0 4 7 0 0 0 0 0 0 0 0 0 0 0 0 0 0 0 0 0 0 0 0 0 0 0 0 0 0 0 0 0 0 0 0 0 0 0 0 0 0 0 0 0 0 0 0 0 0 0 0 0 0 0 0 0 0 0 0 0 0 0 0 0 0 0 0 0 0 0 0 0 0 0 0 0 0 0 0 0 0 0 0 0 0 0 0 0 0 0 0 0 0 0 0 0 0 0 0 0 0 0 0 0 0 0 0 0 0 0 0 0 0 0 0 0 0 0 0
0 0 0 0 0 0 0 0 0 0 4 2 0 1 0 0 0 0 0 0 0 0 0 0 0 2 3 0 0 0 0 0 3 3 0 0 0 0 0 0 0 0 0 0 0 0 0 0 0 0 0 0 0 0 0 0 0 0 0 0 0 0 0 0 0 0 0 0 0 0 0 0 0 0 0 0 0 0 0 0 0 0 0 0 0 0 0 0 0 0 0 0 0 0 0 0 0 0 0 0 0 0 0 0 0 0 0 0 0 0 0 0 0 0 0 0 0 0 0 0 0 0 0 0 0 0 0 0 0 0 0 0 0 0 0 0 0 0 0 0 0 0 0 0 0 0 0 0 0 0
0 0 0 0 0 0 0 0 0 2 2 0 0 0 0 0 0 0 0 0 0 0 0 0 0 0 0 0 0 0 0 0 0 0 0 0 0 0 0 0 0 0 0 0 0 0 0 0 0 0 0 0 0 0 0 0 0 0 0 0 0 0 0 0 0 0 0 0 0 0 0 0 0 0 0 0 0 0 0 0 0 0 0 0 0 0 0 0 0 0 0 0 0 0 0 0 0 0 0 0 0 0 0 0 0 0 0 0 0 0 0 0 0 0 0 0 0 0 0 0 0 0 0 0 0 0 0 0 0 0 0 0 0 0 0 0 0 0 0 0 0 0 0 0 0 0 0 0 0 0
0 0 0 0 0 0 0 0 0 0 4 0 0 0 0 0 0 0 0 0 0 0 0 0 0 0 0 0 0 0 0 0 0 0 0 0 0 0 0 0 0 1 0 0 0 0 0 0 0 0 0 2 0 0 0 0 0 0 0 0 0 0 0 0 0 0 0 0 0 0 0 0 0 0 0 0 0 0 0 0 0 0 0 0 0 0 0 0 0 0 0 0 0 0 0 0 0 0 0 0 0 0 0 0 0 0 0 0 0 0 0 0 0 0 0 0 0 0 0 0 0 0 0 0 0 0 0 0 0 0 0 0 0 0 0 0 0 0 0 0 0 0 0 0 0 0 0 0 0 0
0 0 0 0 0 0 0 0 7 37 0 0 0 0 0 0 0 0 0 0 0 0 0 0 0 0 0 0 0 0 0 0 0 0 0 0 0 0 0 0 0 0 0 0 0 0 0 0 0 0 3 0 0 0 0 0 0 0 0 0 0 0 0 0 0 0 0 0 0 0 0 0 0 0 0 0 0 0 0 0 0 0 0 0 0 0 0 0 0 0 0 0 0 0 0 0 0 0 0 0 0 0 0 0 0 0 0 0 0 0 0 0 0 0 0 0 0 0 0 0 0 0 0 0 0 0 0 0 0 0 0 0 0 0 0 0 0 0 0 0 0 0 0 0 0 0 0 0 0 0
0 0 0 0 0 1 16 25 6 0 0 0 0 0 0 0 0 0 0 0 0 0 0 0 0 0 0 0 0 0 0 0 0 0 0 0 0 0 0 0 0 0 0 0 0 0 0 0 1 22 64 1 0 0 1 0 0 0 0 0 0 0 0 0 0 0 0 0 0 0 0 0 0 0 0 0 0 0 0 0 0 0 0 0 0 0 0 0 0 0 0 0 0 0 0 0 0 0 0 0 0 0 0 0 0 0 0 0 0 0 0 0 0 0 0 0 0 0 0 0 0 0 0 0 0 0 0 0 0 0 0 0 0 0 0 0 0 0 0 0 0 0 0 0 0 0 0 0 0 0
0 0 0 0 0 0 23 11 0 0 0 0 0 0 0 0 0 0 0 0 0 0 0 0 0 0 0 0 0 0 0 0 0 0 0 0 0 0 0 0 0 0 0 0 0 0 0 0 2 0 0 2 1 0 0 0 0 0 0 0 0 0 0 0 0 0 0 0 0 0 0 0 0 0 0 0 0 0 0 0 0 0 0 0 0 0 0 0 0 0 0 0 0 0 0 0 0 0 0 0 0 0 0 0 0 0 0 0 0 0 0 0 0 0 0 0 0 0 0 0 0 0 0 0 0 0 0 0 0 0 0 0 0 0 0 0 0 0 0 0 0 0 0 0 0 0 0 0 0 0
0 0 0 0 0 0 0 0 0 0 0 0 0 0 0 0 0 0 0 0 0 0 0 0 0 0 0 0 0 0 0 0 0 0 0 0 0 0 0 0 0 0 0 0 0 0 0 0 0 0 0 0 2 19 0 0 0 0 0 0 0 0 0 0 0 0 0 0 0 0 0 0 0 0 0 0 0 0 0 0 0 0 0 0 0 0 0 0 0 0 0 0 0 0 0 0 0 0 0 0 0 0 0 0 0 0 0 0 0 0 0 0 0 0 0 0 0 0 0 0 0 0 0 0 0 0 0 0 0 0 0 0 0 0 0 0 0 0 0 0 0 0 0 0 0 0 0 0 0 0
0 0 0 0 0 0 0 0 0 0 0 0 0 0 0 0 0 0 0 0 0 0 0 0 0 0 0 0 0 0 0 0 0 0 0 0 0 0 0 0 0 0 0 0 0 0 0 0 0 0 0 0 0 1 0 0 0 0 0 0 0 0 0 0 0 0 0 0 0 0 0 0 0 0 0 0 0 0 0 0 0 0 0 0 0 0 0 0 0 0 0 0 0 0 0 0 0 0 0 0 0 0 0 0 0 0 0 0 0 0 0 0 0 0 0 0 0 0 0 0 0 0 0 0 0 0 0 0 0 0 0 0 0 0 0 0 0 0 0 0 0 0 0 0 0 0 0 0 0 0
0 0 0 0 0 0 0 0 0 0 0 0 0 0 0 0 0 0 0 0 0 0 0 0 0 0 0 0 0 0 0 0 0 0 0 0 0 3 0 0 0 0 0 0 0 0 0 0 0 0 0 0 1 0 0 0 0 0 0 0 0 0 0 0 0 0 0 0 0 0 0 0 0 0 0 0 0 0 0 0 0 0 0 0 0 0 0 0 0 0 0 0 0 0 0 0 0 0 0 0 0 0 0 0 0 0 0 0 0 0 0 0 0 0 0 0 0 0 0 0 0 0 0 0 0 0 0 0 0 0 0 0 0 0 0 0 0 0 0 0 0 0 0 0 0 0 0 0 0 0
0 0 0 0 0 0 0 0 0 0 0 0 0 0 0 0 0 0 0 0 0 0 0 0 0 0 0 0 0 0 0 0 0 0 0 0 0 0 0 0 0 0 0 0 0 0 0 0 0 0 0 0 1 0 0 0 0 0 0 0 0 0 0 0 0 0 0 0 0 0 0 0 0 0 0 0 0 0 0 0 0 0 0 0 0 0 0 0 0 0 0 0 0 0 0 0 0 0 0 0 0 0 0 0 0 0 0 0 0 0 0 0 0 0 0 0 0 0 0 0 0 0 0 0 0 0 0 0 0 0 0 0 0 0 0 0 0 0 0 0 0 0 0 0 0 0 0 0 0 0
0 0 0 0 0 0 0 0 0 0 0 0 0 0 0 0 0 0 0 0 0 0 0 0 0 0 0 0 0 1 4 0 0 0 1 0 0 0 0 0 0 0 0 0 0 0 0 0 0 0 0 0 0 2 1 0 0 0 0 0 0 0 0 0 0 0 0 0 0 0 0 0 0 0 0 0 0 0 0 0 0 0 0 0 0 0 0 0 0 0 0 0 0 0 0 0 0 0 0 0 0 0 0 0 0 0 0 0 0 0 0 0 0 0 0 0 0 0 0 0 0 0 0 0 0 0 0 0 0 0 0 0 0 0 0 0 0 0 0 0 0 0 0 0 0 0 0 0 0 0
0 0 0 0 0 0 0 0 0 0 0 0 0 0 0 0 0 0 0 0 0 0 0 0 0 0 0 0 0 1 1 16 2 0 0 0 0 0 0 0 0 0 0 0 0 0 0 0 0 0 0 0 0 0 0 0 0 1 0 0 0 0 0 0 0 0 0 0 0 0 0 0 0 0 0 0 0 0 0 0 0 0 0 0 0 0 0 0 0 0 0 0 0 0 0 0 0 0 0 0 0 0 0 0 0 0 0 0 0 0 0 0 0 0 0 0 0 0 0 0 0 0 0 0 0 0 0 0 0 0 0 0 0 0 0 0 0 0 0 0 0 0 0 0 0 0 0 0 0 0
0 0 0 0 0 0 0 0 0 0 0 0 0 0 0 0 0 0 0 0 0 0 0 0 0 0 0 0 0 0 2 6 0 0 0 1 0 0 0 0 0 0 0 0 0 0 0 0 0 0 0 0 0 0 0 0 0 0 0 0 0 0 0 0 0 0 0 0 0 0 0 0 0 0 0 0 0 0 0 0 0 0 0 0 0 0 0 0 0 0 0 0 0 0 0 0 0 0 0 0 0 0 0 0 0 0 0 0 0 0 0 0 0 0 0 0 0 0 0 0 0 0 0 0 0 0 0 0 0 0 0 0 0 0 0 0 0 0 0 0 0 0 0 0 0 0 0 0 0 0
0 0 0 0 0 0 0 0 0 0 0 0 0 0 0 0 0 0 0 0 0 0 0 0 0 0 1 0 0 6 0 0 0 0 0 0 0 0 0 0 0 0 0 0 0 0 0 0 0 0 0 0 0 0 0 0 0 0 0 0 0 0 0 0 0 0 0 0 0 0 0 0 0 0 0 0 0 0 0 0 0 0 0 0 0 0 0 0 0 0 0 0 0 0 0 0 0 0 0 0 0 0 0 0 0 0 0 0 0 0 0 0 0 0 0 0 0 0 0 0 0 0 0 0 0 0 0 0 0 0 0 0 0 0 0 0 0 0 0 0 0 0 0 0 0 0 0 0 0 0
0 0 0 0 0 0 0 0 0 0 0 0 0 0 0 0 0 0 0 0 0 0 0 0 0 0 0 0 0 89 45 0 0 0 0 0 0 0 0 0 0 0 0 0 0 0 0 0 0 0 1 0 0 0 0 0 0 0 0 0 0 0 0 0 0 0 0 0 0 0 0 0 0 0 0 0 0 0 0 0 0 0 0 0 0 0 0 0 0 0 0 0 0 0 0 0 0 0 0 0 0 0 0 0 0 0 0 0 0 0 0 0 0 0 0 0 0 0 0 0 0 0 0 0 0 0 0 0 0 0 0 0 0 0 0 0 0 0 0 0 0 0 0 0 0 0 0 0 0 0
0 0 0 0 0 0 0 0 0 0 0 0 0 0 0 0 0 0 0 0 0 0 0 0 0 0 6 0 0 0 0 0 0 0 0 0 0 0 0 0 0 0 0 0 0 0 0 0 0 39 0 0 0 0 0 0 0 0 0 0 0 0 0 0 0 0 0 0 0 0 0 0 0 0 0 0 0 0 0 0 0 0 0 0 0 0 0 0 0 0 0 0 0 0 0 0 0 0 0 0 0 0 0 0 0 0 0 0 0 0 0 0 0 0 0 0 0 0 0 0 0 0 0 0 0 0 0 0 0 0 0 0 0 0 0 0 0 0 0 0 0 0 0 0 0 0 0 0 0 0
0 0 0 0 0 0 0 0 0 0 0 0 0 0 0 0 0 0 0 0 0 0 0 0 0 0 16 0 0 0 0 0 0 0 0 0 0 0 0 0 0 0 0 0 0 0 0 0 1 0 0 0 0 0 0 0 0 0 0 0 0 0 0 0 0 0 0 0 0 0 0 0 0 0 0 0 0 0 0 0 0 0 0 0 0 0 0 0 0 0 0 0 0 0 0 0 0 0 0 0 0 0 0 0 0 0 0 0 0 0 0 0 0 0 0 0 0 0 0 0 0 0 0 0 0 0 0 0 0 0 0 0 0 0 0 0 0 0 0 0 0 0 0 0 0 0 0 0 0 0
0 0 0 0 0 0 0 0 0 0 0 0 0 0 0 0 0 0 0 0 0 0 0 0 0 0 0 1 5 0 0 0 0 0 0 0 0 0 0 0 0 0 0 0 0 0 0 0 0 0 0 0 0 0 0 0 0 0 0 0 0 0 0 0 0 0 0 0 0 0 0 0 0 0 0 0 0 0 0 0 0 0 0 0 0 0 0 0 0 0 0 0 0 0 0 0 0 0 0 0 0 0 0 0 0 0 0 0 0 0 0 0 0 0 0 0 0 0 0 0 0 0 0 0 0 0 0 0 0 0 0 0 0 0 0 0 0 0 0 0 0 0 0 0 0 0 0 0 0 0
0 0 0 0 0 0 0 0 0 0 0 0 0 0 0 0 0 0 0 0 0 0 0 0 0 0 0 0 0 0 0 0 0 0 0 0 0 0 0 0 0 0 0 0 0 0 0 0 0 0 0 0 0 0 0 0 0 0 0 0 0 0 0 0 0 0 0 0 0 0 0 0 0 0 0 0 0 0 0 0 0 0 0 0 0 0 0 0 0 0 0 0 0 0 0 0 0 0 0 0 0 0 0 0 0 0 0 0 0 0 0 0 0 0 0 0 0 0 0 0 0 0 0 0 0 0 0 0 0 0 0 0 0 1 0 0 0 0 0 0 0 0 0 0 0 0 0 0 0 0
0 0 0 0 0 0 0 0 0 0 0 0 0 0 0 0 0 0 0 0 0 0 0 0 0 0 0 0 0 0 0 0 0 0 0 0 0 0 0 0 0 0 0 0 0 0 0 0 0 0 0 0 0 0 0 0 0 0 0 0 0 0 0 0 0 0 0 0 0 0 0 0 0 0 0 0 0 0 0 0 0 0 0 0 0 0 0 0 0 0 0 0 0 0 0 0 0 0 0 0 0 0 0 0 0 0 0 0 0 0 0 0 0 0 0 0 0 0 0 0 0 0 0 0 0 0 0 0 0 0 0 0 0 0 0 0 0 0 0 0 0 0 0 0 0 0 0 0 0 0
0 0 0 0 0 0 0 0 0 0 0 0 0 0 0 0 0 0 0 0 0 0 0 0 0 0 0 0 0 0 0 0 0 0 0 0 0 0 0 0 0 0 0 0 0 0 0 0 0 0 0 0 0 0 0 0 0 0 0 0 0 0 0 0 0 0 0 0 0 0 0 0 0 0 0 0 0 0 0 0 0 0 0 0 0 0 0 0 0 0 0 0 0 0 0 0 0 0 0 0 0 0 0 0 0 0 0 0 0 0 0 0 0 0 0 0 0 0 0 0 0 0 0 0 0 0 0 0 0 0 0 0 0 0 0 0 0 0 0 0 0 0 0 0 0 0 0 0 0 0
0 0 0 0 0 0 0 0 0 0 0 0 0 0 0 0 0 0 0 0 0 0 0 0 0 0 0 0 0 0 0 0 0 0 0 0 0 0 0 0 0 0 0 0 0 0 0 0 0 0 0 0 0 0 0 0 0 0 0 0 0 0 0 0 0 0 0 0 0 0 0 0 0 0 0 0 0 0 0 0 0 0 0 0 0 0 0 0 0 0 0 0 0 0 0 0 0 0 0 0 0 0 0 0 0 0 0 0 0 0 0 0 0 0 0 0 0 0 0 0 0 0 0 0 0 0 0 0 0 0 0 0 0 0 0 0 0 0 0 0 0 0 0 0 0 0 0 0 0 0
1 0 0 0 0 0 0 0 0 0 0 0 0 0 0 0 0 0 0 0 0 0 0 0 0 0 0 0 0 0 0 0 0 0 0 0 0 0 0 0 0 0 0 0 0 0 0 0 0 0 0 0 0 0 0 0 0 0 0 0 0 0 0 0 0 0 0 0 0 0 0 0 0 0 0 0 0 0 0 0 0 0 0 0 0 0 0 0 0 0 0 0 0 0 0 0 0 0 0 0 0 0 0 0 0 0 0 0 0 0 0 0 0 0 0 0 0 0 0 0 0 0 0 0 0 0 0 0 0 0 0 0 0 0 0 0 0 0 0 0 0 0 0 0 0 0 0 0 0 0
