0 0 6 4 0 0 1 0 24 94 8 1 0 6 0 0 0 1 0 0 0 2 0 0 2 22 0 1 0 0 0 0 0 0 1 0 0 0 0 5 0 0 0 0 1 0 0 0 0 0 0 0 0 0 8 5 0 0 0 1 37 14 2 17 0 7 9 0 0 1 0 12 16 115 146 226 127 29 25 6 9 157 73 51 55 155 205 148 37 164 669 754 84 473 319 622 840 701 742 102 190 79 21 47 24 34 68 308 158 37 8 1 21 65 32 32 22 19 10 1 0 35 4 3 1 14 0 1 13 5 0 23 2 7 4 0 0 2 0 0 1 2 0 0 0 0 0 0 0 18
0 1 3 5 0 0 0 0 0 25 6 7 5 0 0 0 0 1 9 0 0 2 23 1 17 26 1 2 0 0 0 0 0 0 1 0 0 0 8 0 0 0 0 0 0 0 0 0 0 0 0 0 0 1 7 0 0 0 0 61 78 27 5 12 3 1 0 0 3 0 0 4 29 42 17 2 12 59 5 40 79 54 21 1 101 104 224 103 319 332 128 42 352 327 273 335 781 404 780 537 233 70 36 28 3 2 5 13 47 6 1 3 1 6 28 20 1 19 9 11 2 4 14 6 2 2 3 2 7 37 20 9 31 41 0 0 0 0 4 62 6 0 0 0 0 0 0 0 0 0
0 0 0 2 2 0 0 0 1 6 2 20 20 3 0 0 0 6 2 0 0 11 112 22 9 0 15 11 0 0 0 0 0 3 0 10 0 0 0 5 2 0 0 0 0 0 0 0 0 0 0 0 0 0 5 0 0 0 0 8 11 18 6 12 0 0 0 0 0 0 1 2 5 0 1 0 4 40 119 165 110 50 8 35 32 135 387 179 2 23 117 37 94 425 618 433 364 297 253 397 372 468 10 79 18 11 1 20 175 150 32 43 3 6 5 6 8 66 11 2 49 13 0 7 1 4 2 13 0 9 6 2 53 165 0 0 8 0 9 109 15 1 0 0 0 0 0 0 0 0
24 2 0 0 0 0 0 0 0 4 3 0 0 0 2 2 0 0 3 0 0 1 5 18 50 0 1 31 7 0 2 0 0 1 0 2 0 3 0 2 1 0 0 0 0 0 0 0 0 1 5 0 1 0 42 17 0 18 35 1 0 0 2 11 0 0 0 0 0 0 25 79 28 5 11 6 17 66 234 361 103 95 90 225 98 23 66 121 9 192 829 1009 1322 578 509 476 151 172 476 385 435 446 148 18 50 74 42 16 237 90 13 29 52 6 0 2 6 131 68 25 51 99 4 1 1 5 0 2 5 0 11 9 13 0 15 0 20 1 3 20 68 3 0 0 0 0 0 0 0 0
1 5 0 0 0 0 0 0 0 0 2 0 0 0 0 11 6 2 0 1 0 1 10 0 5 0 0 0 0 3 2 0 2 1 3 4 0 0 1 0 1 0 0 0 0 0 0 0 1 3 1 0 0 1 52 203 26 27 3 0 3 0 0 17 0 0 0 1 1 10 77 56 120 110 31 34 32 122 293 292 253 218 218 351 133 58 56 47 29 244 833 1344 382 717 347 166 95 553 262 535 807 766 680 378 313 193 43 13 5 10 2 15 24 44 4 0 2 25 92 55 160 521 84 11 1 0 0 0 2 6 1 0 0 0 6 3 0 1 0 2 37 11 0 0 0 0 0 0 0 0
5 5 0 0 0 0 0 0 1 2 3 0 0 0 0 3 0 3 6 72 7 4 0 0 0 0 0 0 0 1 2 3 0 0 14 72 35 25 2 0 0 0 1 0 0 0 0 0 0 14 30 41 0 1 5 43 39 19 10 5 1 0 4 0 3 0 0 0 11 56 76 132 119 160 123 65 17 62 49 632 561 535 432 38 1 125 122 25 10 170 1616 1070 169 459 756 552 97 1033 394 725 278 384 791 571 29 141 28 99 2 7 0 0 0 38 4 2 30 2 20 11 179 172 10 1 4 0 2 2 0 0 3 1 3 0 0 0 5 0 0 0 4 4 0 0 0 0 0 0 0 0
0 0 0 0 0 0 0 0 0 9 3 0 0 1 0 0 0 0 1 2 1 3 0 0 0 0 0 0 0 0 5 1 0 2 0 4 1 1 0 0 0 0 0 0 0 0 0 0 0 9 1 4 6 2 3 25 13 0 37 46 2 4 0 0 9 1 0 0 0 66 97 88 150 288 247 126 258 112 340 505 973 1178 834 600 250 50 12 109 64 70 964 1211 167 422 721 316 199 315 329 32 23 231 164 160 41 68 90 7 13 12 27 130 142 62 58 34 1 2 13 14 76 256 8 7 2 2 7 3 1 0 0 0 0 0 0 0 0 4 0 0 0 0 0 0 0 0 0 0 1 0
1 0 0 0 0 0 0 0 0 0 1 0 0 0 0 0 0 0 0 0 0 0 0 0 0 0 0 0 0 1 8 0 0 0 2 4 0 0 6 21 0 0 0 0 0 0 0 0 0 0 0 0 12 12 6 52 0 23 51 53 71 130 31 4 20 34 0 0 6 83 8 5 61 83 81 61 72 87 534 567 1255 507 925 154 159 202 155 515 177 52 495 135 83 419 445 400 225 595 554 202 137 199 301 502 125 166 12 50 205 25 176 316 118 44 17 45 1 1 8 41 10 3 14 2 2 0 10 2 5 0 0 0 0 0 0 0 1 0 0 0 0 0 0 0 1 0 0 0 0 0
4 0 0 0 0 0 0 0 2 7 0 0 0 1 23 0 0 0 0 0 0 0 0 0 0 0 0 0 0 0 0 0 0 0 0 0 1 0 3 3 0 0 0 0 0 0 0 0 0 0 0 0 1 6 0 1 1 22 24 41 253 127 23 6 9 20 6 16 8 29 11 1 0 7 2 36 22 29 189 530 809 838 624 16 27 13 374 261 207 63 12 25 251 709 1155 897 144 472 237 261 352 226 87 381 554 138 206 193 30 14 908 191 171 9 48 9 2 6 3 2 18 5 8 12 8 0 0 2 0 1 7 0 0 0 0 0 0 0 0 0 0 0 0 0 0 0 0 0 1 0
0 0 0 0 0 0 0 2 10 10 0 0 0 0 0 0 0 0 0 0 0 0 0 0 0 0 0 0 0 0 0 0 0 0 0 0 0 0 2 0 0 0 0 0 0 0 21 1 2 0 3 0 10 5 0 1 0 0 0 25 28 116 16 10 3 1 0 0 0 20 0 0 0 2 0 20 23 79 270 431 760 442 501 178 715 481 317 251 282 194 60 5 27 436 808 887 401 221 57 1 14 147 16 2 138 459 263 150 69 14 407 496 433 118 6 181 248 464 169 33 77 47 31 20 64 2 16 1 5 23 45 14 1 0 0 0 0 0 0 0 0 0 0 0 0 0 0 0 0 0
2 0 4 0 0 0 0 0 1 2 1 4 0 0 0 5 3 1 1 0 0 0 0 0 0 1 0 0 0 0 0 2 0 0 1 1 0 0 12 0 0 0 0 0 0 0 5 2 14 26 7 2 8 2 0 0 0 9 27 21 1 128 11 5 0 0 1 0 0 11 0 0 0 0 10 0 5 40 183 254 370 273 382 215 243 400 309 293 371 280 42 1 8 178 408 524 519 41 20 38 27 19 1 13 214 356 646 263 146 126 496 310 130 91 1 180 302 798 516 199 478 202 546 103 138 276 163 36 60 23 4 109 20 22 60 0 0 0 0 0 0 0 0 0 0 0 0 0 0 0
3 0 4 0 0 0 0 1 8 0 0 0 0 0 0 2 14 11 1 0 1 0 0 0 0 0 0 0 0 0 0 0 0 0 8 0 0 1 0 0 1 9 8 13 5 0 0 1 0 0 0 0 24 4 6 0 0 0 1 9 0 1 0 2 4 5 3 0 1 0 0 0 0 0 0 12 76 25 312 389 445 167 94 72 113 113 59 30 122 383 55 0 4 3 13 80 809 357 280 26 0 2 9 201 65 28 384 233 58 77 251 222 69 223 53 158 367 286 579 546 285 359 138 105 126 154 1 0 0 40 9 2 52 29 19 2 0 0 0 0 0 0 0 0 0 0 0 0 0 0
1 0 2 0 0 0 1 0 6 3 0 0 0 0 0 0 1 24 2 1 1 1 0 1 0 0 0 0 0 0 0 0 1 0 0 1 0 1 0 0 0 1 74 2 19 0 1 13 9 0 0 0 9 2 5 0 0 0 4 6 1 3 0 0 5 4 1 3 1 5 43 0 0 0 3 60 121 70 165 136 90 175 59 3 31 9 1 0 0 8 1 0 2 15 67 14 657 363 584 452 11 11 78 49 33 22 36 430 579 307 858 589 108 453 230 88 23 40 919 947 144 141 101 11 23 64 4 1 47 29 1 0 14 4 7 1 0 0 0 1 0 0 0 0 0 0 0 0 0 0
0 0 0 0 0 0 0 3 0 2 0 0 0 0 0 0 0 0 80 6 3 2 0 0 0 0 0 0 0 1 3 1 0 0 0 0 0 0 0 0 0 1 0 65 13 0 0 0 6 0 9 12 2 1 0 0 0 0 10 0 8 3 1 0 0 0 184 29 15 6 57 0 0 8 5 255 449 466 243 37 36 131 74 6 26 73 21 1 3 34 0 4 0 23 5 39 67 539 152 173 0 23 525 106 254 61 115 399 219 463 1092 1087 490 208 208 237 312 366 560 413 224 102 1 3 0 28 15 0 10 4 0 0 1 0 0 0 0 0 0 0 0 0 0 0 0 0 0 0 0 0
0 0 0 0 0 0 0 1 8 2 0 0 0 0 0 0 0 0 1 22 5 0 0 0 1 1 0 0 0 0 0 0 0 0 0 0 0 0 0 0 0 0 0 4 34 1 0 0 0 2 3 47 23 0 1 2 3 3 18 11 61 32 6 4 5 26 97 94 167 177 54 1 5 5 70 479 1036 813 261 74 0 67 18 10 3 42 28 11 0 22 15 9 5 3 0 8 45 244 130 159 15 55 457 340 1094 905 2127 1249 773 717 954 883 572 433 377 231 103 72 71 133 183 115 26 10 0 11 49 4 25 14 38 0 0 0 1 0 0 0 0 0 0 0 0 0 0 0 0 0 0 0
0 0 0 0 0 0 0 34 16 2 0 0 0 0 0 0 0 0 0 3 0 20 3 3 0 0 0 0 1 1 0 0 0 0 0 0 0 0 0 0 0 0 0 0 1 12 0 0 0 20 73 51 2 0 0 11 49 93 9 75 31 16 3 20 32 48 84 77 53 70 179 75 195 159 359 726 933 418 178 19 5 5 2 0 0 0 38 76 10 55 0 4 0 0 4 24 39 13 20 3 15 7 894 495 520 390 878 382 529 1006 1327 896 1137 402 402 267 53 404 172 124 47 9 234 243 34 36 11 3 3 0 0 0 0 0 19 2 0 0 0 0 0 0 0 0 0 0 0 0 0 0
0 0 0 0 0 0 0 6 0 0 0 0 0 0 0 0 5 4 0 0 2 0 15 29 11 3 0 0 0 0 0 0 0 0 0 0 0 0 0 0 2 0 1 1 0 5 4 0 1 16 45 0 0 10 16 48 26 104 234 23 4 4 0 0 0 1 0 0 0 0 1 3 68 144 329 258 416 230 98 0 0 0 3 1 0 0 0 46 65 11 0 0 2 0 2 12 31 0 94 112 22 146 626 771 365 123 402 178 315 686 640 433 978 438 502 252 51 61 134 10 0 5 37 38 39 302 7 27 0 0 0 0 0 0 0 1 0 0 0 0 0 0 0 0 0 0 0 0 0 0
0 0 0 0 1 4 0 1 0 0 0 0 4 0 0 11 0 0 0 0 3 1 1 5 10 1 2 15 0 0 0 0 0 0 0 0 2 0 0 0 0 0 0 0 0 26 51 1 2 51 44 17 10 54 15 21 11 41 314 11 1 1 0 0 2 1 7 31 1 37 156 19 87 12 89 161 122 59 12 20 0 1 3 2 0 0 0 23 77 1 0 16 48 20 5 3 3 0 19 519 162 95 121 72 107 381 173 226 429 316 152 660 98 172 220 54 70 128 38 5 0 1 0 6 48 530 118 20 1 0 0 1 0 0 0 0 0 0 0 0 0 0 0 0 0 0 0 0 0 0
0 0 1 1 2 7 1 0 0 0 0 0 2 0 0 0 2 0 0 1 0 2 3 1 4 0 55 47 12 0 0 0 0 0 1 7 2 0 0 0 0 4 0 3 13 13 11 1 12 237 138 15 15 13 5 34 193 82 19 25 103 19 0 1 0 0 7 5 3 90 32 26 39 19 6 102 95 38 4 31 34 0 2 15 0 6 2 8 5 0 31 103 63 192 13 0 0 33 288 16 104 275 66 62 89 121 113 382 282 0 0 9 7 323 42 0 17 12 0 0 0 0 2 8 59 229 106 286 22 0 0 0 0 0 0 0 0 0 0 0 0 0 0 0 0 0 0 0 0 0
0 0 0 0 0 2 0 0 0 0 0 0 0 3 0 0 1 0 0 0 1 15 89 5 0 7 3 13 103 1 0 1 4 0 2 0 0 0 0 0 0 8 3 17 2 130 61 10 3 174 35 0 0 3 61 7 24 42 5 0 1 1 0 0 0 6 0 0 6 17 34 13 13 0 0 45 10 0 5 12 8 0 0 0 0 5 9 0 6 12 7 25 5 2 1 8 1 18 26 2 624 723 496 170 79 186 68 300 325 22 0 3 4 208 26 0 0 0 0 0 0 0 0 3 3 10 13 116 27 0 0 0 0 0 0 0 0 0 0 0 0 0 0 0 0 0 0 0 0 0
0 0 0 0 0 0 59 0 0 0 0 0 0 0 1 1 0 0 7 0 2 1 15 3 0 4 7 3 2 4 5 8 4 0 1 0 0 0 0 2 3 7 11 16 9 17 13 25 56 333 198 57 15 57 5 3 3 0 0 0 0 0 2 11 116 157 0 0 2 9 71 19 3 0 8 83 176 64 5 29 2 10 5 11 1 1 3 34 25 13 12 2 0 0 2 0 2 0 207 273 823 771 355 107 7 27 110 202 41 0 0 0 0 24 0 0 0 0 0 0 0 0 0 3 0 0 39 23 0 1 0 0 0 0 0 0 0 0 0 0 0 0 0 0 0 0 0 0 0 0
0 0 0 0 0 0 0 0 0 0 0 0 0 4 0 1 6 0 0 0 0 0 18 1 4 1 0 0 0 0 6 82 8 6 3 0 0 1 0 0 71 16 0 0 0 0 25 11 85 624 560 230 13 1 0 1 0 0 0 0 2 0 1 0 4 14 25 4 1 43 39 6 19 0 0 22 144 77 76 57 14 34 4 25 9 10 24 16 102 23 24 10 2 8 1 3 3 0 82 262 266 73 34 0 23 26 96 81 26 0 0 0 13 80 0 0 0 0 0 0 0 0 0 0 0 29 59 1 3 6 4 0 0 0 0 0 0 0 0 0 0 0 0 0 0 0 0 0 0 0
0 0 0 0 0 0 0 0 0 0 0 0 0 0 0 1 1 0 0 0 0 2 9 0 4 0 0 0 0 0 0 11 40 14 1 0 15 55 28 18 1 0 0 0 0 0 5 12 21 215 160 76 4 0 0 0 0 4 8 0 0 0 0 0 21 1 11 5 0 4 7 23 50 6 1 1 12 30 24 13 5 93 15 0 0 11 16 0 1 0 1 2 1 2 0 1 5 0 1 3 8 1 8 38 42 24 56 69 49 76 49 5 57 0 0 0 0 0 0 0 0 0 0 3 30 177 64 7 0 0 3 0 0 0 0 0 0 0 0 0 0 0 0 0 0 0 0 0 0 0
0 0 0 0 0 0 0 0 0 0 0 0 0 0 1 0 3 8 0 0 2 0 0 0 0 1 0 0 0 4 1 2 2 9 5 6 16 45 7 1 0 0 0 0 9 70 22 53 4 67 117 23 2 0 3 4 9 20 1 0 0 0 0 0 0 1 1 0 0 0 1 7 75 77 1 20 0 1 0 1 0 7 51 82 1 0 2 0 0 0 1 1 3 2 0 1 0 0 2 3 7 2 1 61 33 64 15 3 3 18 6 408 50 0 0 0 0 0 0 0 0 0 0 41 3 12 28 84 0 0 0 2 0 0 0 0 0 0 0 0 0 0 0 0 0 0 0 0 0 0
0 0 0 0 0 0 0 0 0 0 0 0 0 0 1 0 0 4 0 0 0 0 0 0 0 0 0 0 0 0 0 1 1 7 57 0 1 43 0 0 0 0 0 23 49 22 37 0 41 25 39 43 8 2 22 3 1 3 0 1 0 0 0 0 5 0 0 11 3 1 0 1 14 9 35 9 0 0 0 0 0 0 12 36 8 1 0 0 0 0 0 5 0 0 11 0 12 1 0 4 11 4 4 26 287 2 0 6 0 0 1 150 1 0 0 0 5 0 0 0 0 0 0 0 0 30 39 29 0 4 4 0 0 0 0 0 15 0 0 1 0 0 0 0 0 0 0 0 0 0
0 0 0 0 0 0 0 0 0 0 0 0 0 1 13 3 5 1 0 0 0 3 6 0 0 0 1 3 0 0 0 0 6 26 23 0 0 6 3 0 0 0 1 4 72 17 0 4 25 1 38 2 0 3 0 0 0 0 0 0 11 0 0 0 7 9 0 4 5 1 4 31 0 2 0 1 6 1 0 0 0 0 0 5 0 14 6 7 0 12 0 2 2 0 11 0 1 1 0 3 9 15 8 89 191 127 0 8 0 0 2 16 20 3 13 5 0 0 0 0 1 2 0 0 0 68 21 17 0 0 0 0 0 0 0 0 2 24 0 0 0 0 0 0 0 0 0 0 0 0
0 0 0 0 0 0 0 0 0 0 1 0 0 0 4 0 0 2 0 0 0 3 0 1 0 0 0 15 2 0 0 5 1 3 13 5 0 1 4 29 2 0 2 7 91 9 9 16 1 2 16 31 0 2 0 2 0 2 0 0 0 0 0 0 3 0 0 1 8 3 8 2 0 0 1 0 19 1 0 0 0 0 15 3 8 7 18 10 3 2 4 1 0 0 1 4 0 1 0 5 8 16 4 0 45 151 15 7 0 0 0 0 0 8 11 14 0 0 2 5 0 0 0 0 92 181 11 46 0 2 0 0 0 0 1 0 5 18 0 0 0 0 0 0 0 0 0 0 0 0
0 0 0 0 0 0 0 0 1 0 0 0 0 3 1 0 16 26 1 0 5 11 5 2 0 0 0 0 6 5 8 1 1 34 4 0 4 5 9 20 33 41 12 119 187 2 1 1 2 0 1 31 25 1 4 2 0 0 0 0 0 0 0 0 0 0 0 1 14 12 52 18 1 8 0 0 0 13 1 0 1 0 0 0 0 0 4 2 17 24 4 0 5 0 1 0 0 0 0 0 0 11 8 2 11 649 463 87 2 0 0 0 0 1 1 0 17 98 48 1 0 0 0 25 82 50 42 289 259 10 0 0 0 0 0 7 5 0 0 0 0 0 0 0 0 0 0 0 0 0
0 0 0 0 0 1 5 0 1 0 1 2 9 6 3 11 31 101 0 5 1 1 4 0 0 0 0 1 23 3 0 8 5 3 3 23 12 6 107 105 239 483 245 143 62 12 0 0 2 1 0 0 27 7 2 0 0 0 0 0 0 0 0 0 0 0 0 0 0 1 11 26 5 0 0 3 1 13 0 0 0 0 1 0 15 0 0 0 6 4 7 0 5 2 8 23 8 0 0 0 0 26 8 47 225 303 193 257 8 0 0 0 0 0 0 5 217 84 13 0 0 0 11 116 160 103 479 428 168 56 0 0 0 9 0 7 0 0 0 0 0 0 0 0 0 0 0 0 0 0
0 0 0 0 0 0 0 6 9 7 3 17 22 0 0 2 2 6 1 0 2 2 8 19 8 4 7 0 0 2 8 0 2 1 34 22 3 1 103 214 337 620 378 391 43 4 1 0 3 1 2 0 32 44 15 7 0 0 0 0 0 0 0 0 0 0 0 0 0 0 0 0 1 0 0 0 0 8 6 0 0 2 1 2 8 0 0 0 3 1 1 3 5 14 4 7 1 0 0 0 0 1 20 3 8 31 1 172 22 0 0 0 1 0 65 82 474 198 30 22 12 21 12 62 143 160 444 335 371 314 53 69 15 87 8 0 0 0 0 0 0 0 0 0 0 0 0 0 0 0
0 0 0 0 0 0 6 3 0 4 3 3 1 0 24 3 0 1 6 0 0 7 101 29 0 0 1 0 1 2 27 7 0 2 5 24 13 20 41 71 372 289 234 136 25 3 6 3 11 4 3 1 13 0 1 0 0 0 0 0 0 0 0 0 0 0 0 0 26 0 0 6 0 0 0 2 3 6 11 20 13 10 7 4 9 0 0 1 22 7 0 0 9 17 0 1 0 2 1 1 1 1 1 5 3 1 0 8 26 26 2 2 2 0 45 521 695 344 116 186 74 116 53 10 5 3 330 294 3 25 11 127 447 28 30 6 0 0 0 0 0 0 0 0 0 0 0 0 0 0
0 0 0 0 0 0 0 1 2 0 0 3 0 1 0 0 2 0 17 11 207 56 11 0 0 0 0 1 10 16 1 5 11 21 7 10 2 20 0 52 316 258 177 154 69 18 5 0 1 10 1 0 5 1 9 2 0 0 0 0 0 0 0 0 0 0 0 0 0 0 0 0 0 0 0 0 0 1 4 8 11 2 30 95 24 0 0 0 0 0 0 0 4 2 2 0 4 1 0 0 1 0 0 1 1 0 10 7 147 110 185 338 77 151 405 864 461 180 50 274 158 133 14 2 106 187 285 101 3 1 41 246 219 62 54 0 0 0 0 0 0 0 0 0 0 0 0 0 0 0
0 0 0 0 0 0 1 0 0 0 0 7 2 6 1 7 4 5 19 12 65 0 0 0 0 0 0 0 0 4 119 35 2 1 1 3 21 0 4 18 53 94 38 48 1 0 0 0 0 1 1 2 24 2 4 6 1 3 0 0 0 0 0 0 0 0 0 0 0 0 0 0 0 0 1 7 2 34 6 0 2 10 12 5 0 0 0 0 1 2 5 15 0 16 6 14 0 1 0 0 4 1 0 0 0 5 8 6 110 307 97 60 36 346 543 299 209 270 73 254 69 27 0 10 9 72 101 1 0 0 46 333 0 0 3 0 0 0 0 0 0 0 0 0 0 0 0 0 0 0
0 0 0 0 0 9 15 1 3 0 4 0 0 1 9 1 2 10 14 19 15 0 0 0 0 0 0 0 0 0 27 1 9 1 4 0 6 6 5 0 8 16 4 3 0 0 0 0 0 2 0 0 131 6 17 32 18 2 0 0 0 0 0 0 0 0 0 0 0 0 0 0 0 0 0 0 1 3 5 1 0 2 6 0 0 0 0 0 2 0 0 0 7 16 4 0 9 1 0 0 1 0 0 0 0 2 4 83 67 11 2 5 103 303 131 198 157 189 143 181 203 7 0 0 0 0 0 0 0 0 0 69 74 0 0 0 0 0 0 0 0 0 0 0 0 0 0 0 0 0
0 0 1 0 2 0 8 9 2 0 1 0 6 19 6 3 14 16 1 0 1 2 2 0 1 1 0 13 19 10 25 37 11 0 0 0 7 11 2 1 6 55 5 4 1 0 2 0 0 0 0 24 82 39 3 17 3 0 9 0 0 0 0 0 0 0 0 0 0 0 0 0 0 0 0 1 1 5 2 1 0 0 1 0 0 0 0 0 4 1 13 4 14 37 4 5 8 2 0 4 1 0 0 1 0 2 6 43 435 2 0 0 4 1 2 2 4 31 253 496 34 0 0 0 0 1 1 0 0 0 0 0 45 1 0 0 0 0 0 0 0 0 0 0 0 0 0 0 0 0
1 0 1 0 0 0 13 32 4 3 7 10 5 1 0 106 57 17 6 9 0 0 2 1 1 1 6 14 3 6 11 5 0 0 0 1 0 1 1 1 13 4 0 3 4 0 1 0 0 0 0 51 0 43 27 2 4 0 0 0 0 0 0 0 0 0 0 0 0 0 0 0 0 0 0 0 3 35 0 0 2 0 2 0 0 0 2 0 35 0 3 0 0 34 0 0 0 2 10 1 0 1 2 1 2 3 35 29 167 0 0 0 0 0 4 5 0 5 100 303 225 91 1 0 4 43 0 0 0 50 94 11 35 9 0 0 0 0 0 0 0 0 0 0 0 0 0 0 0 0
1 0 0 0 0 6 2 1 0 7 43 3 2 2 18 31 32 20 4 0 0 0 0 2 4 5 32 0 0 19 0 0 0 0 2 2 0 0 0 4 0 14 8 5 0 0 0 2 0 0 3 62 46 28 19 6 2 1 0 0 0 0 0 0 0 0 0 0 0 0 0 0 0 0 0 0 0 21 166 5 3 5 0 0 0 0 0 75 12 0 1 1 5 2 2 4 0 0 2 16 28 10 13 4 4 13 26 12 77 3 0 0 0 4 74 81 202 365 76 160 579 144 1 41 199 39 0 0 0 191 140 0 0 0 0 0 0 0 0 0 0 0 0 0 0 0 0 0 0 0
0 2 0 1 0 0 2 2 2 1 9 87 6 7 0 0 0 5 0 1 0 0 1 2 9 2 4 0 14 0 0 0 0 0 0 0 1 1 3 0 1 5 20 19 1 0 4 1 0 0 1 70 12 3 0 2 0 0 5 0 0 0 0 0 0 0 0 0 0 0 0 0 0 0 1 1 0 11 56 3 1 1 0 0 0 0 0 16 0 0 0 0 1 4 0 0 0 0 8 4 0 0 1 1 22 0 13 10 48 5 0 0 0 0 81 365 521 490 42 40 60 250 243 238 149 3 0 4 1 377 203 2 0 0 0 0 0 0 0 0 0 0 0 1 0 0 0 0 0 0
0 0 3 0 0 0 4 1 1 0 6 29 0 1 0 2 0 0 0 15 0 0 0 3 0 0 6 6 1 0 0 0 0 0 0 0 0 0 4 1 0 0 0 2 0 1 0 0 0 0 1 57 30 2 1 1 0 0 1 0 0 0 0 0 0 0 0 0 0 0 0 0 0 0 0 0 1 7 62 92 5 15 17 1 0 1 6 0 0 0 0 2 5 9 0 0 0 0 0 7 2 0 3 3 4 3 7 0 28 0 0 6 44 11 39 18 9 49 436 179 11 158 807 501 360 261 208 262 1001 1457 961 57 0 0 0 0 0 0 0 0 0 0 0 0 1 1 0 0 0 0
0 1 0 0 0 4 4 2 0 6 31 1 0 18 6 1 0 1 0 0 0 0 0 0 0 25 23 1 0 0 0 0 2 0 0 0 0 0 1 7 0 0 1 0 0 0 8 1 2 0 4 347 39 7 0 4 0 0 0 1 0 0 0 0 0 0 0 0 0 0 0 0 0 0 0 0 0 31 24 0 1 13 23 0 0 0 1 0 2 0 2 2 6 10 5 16 15 0 0 4 5 0 2 31 6 10 4 2 91 28 6 8 11 2 1 16 0 133 427 426 425 615 903 768 1107 1096 854 756 1074 610 874 2 0 0 0 0 0 0 0 0 0 0 0 1 0 0 0 0 0 0
0 0 0 0 4 5 0 0 10 3 0 1 0 0 11 8 3 3 0 0 0 0 0 0 19 15 10 0 2 0 0 2 3 0 1 1 4 0 0 1 0 0 6 0 0 0 1 0 6 41 496 515 17 65 7 0 4 0 4 5 1 2 0 0 0 0 0 0 0 0 0 0 0 0 0 0 0 0 2 1 0 3 1 0 0 0 0 0 3 0 0 5 100 0 0 1 0 0 1 3 10 2 24 6 12 12 50 24 7 15 5 1 5 11 6 8 13 26 346 1012 1168 820 254 767 1574 930 239 510 485 8 102 33 0 0 0 0 0 0 0 0 0 0 0 0 0 0 0 0 0 0
1 1 3 7 2 1 2 0 17 0 0 0 14 2 1 1 1 1 1 0 0 0 0 0 2 2 0 0 0 0 0 38 25 1 0 1 2 0 4 0 0 0 2 0 0 0 1 0 1 12 404 646 404 474 30 16 4 3 5 8 0 0 0 0 0 0 0 0 0 0 0 0 0 0 0 0 0 0 0 28 0 0 6 0 0 0 0 11 68 0 1 13 5 0 0 0 0 0 0 5 9 0 62 21 13 83 277 82 24 0 4 1 0 3 1 11 13 4 93 363 307 445 209 1774 1485 822 275 223 100 354 1772 537 0 0 1 0 0 0 0 0 0 0 0 0 0 0 0 0 0 0
2 2 1 10 1 1 26 6 8 5 5 47 0 1 0 0 0 0 0 0 0 0 0 0 4 0 1 1 0 0 0 5 15 1 0 3 0 1 0 0 0 0 0 2 1 0 3 0 0 15 262 286 375 283 126 46 4 0 2 6 0 0 0 0 0 0 0 0 0 0 0 0 0 0 0 0 0 0 0 44 6 6 2 0 0 0 0 14 32 0 0 14 71 0 0 0 0 0 0 4 17 24 38 140 51 9 5 10 0 0 0 0 2 9 3 3 5 7 3 22 254 202 342 538 1024 977 544 403 400 868 584 434 2 0 0 0 0 0 0 0 0 0 0 0 0 0 0 0 0 0
3 4 4 21 3 3 6 31 1 0 1 3 0 0 0 0 0 0 0 0 0 0 0 0 1 0 0 0 0 1 1 0 0 0 0 0 0 3 1 0 0 0 0 0 0 5 6 3 2 9 72 128 238 73 32 22 2 17 2 1 0 1 0 0 0 1 0 0 0 0 0 0 0 0 0 0 0 0 0 0 5 1 0 0 0 1 26 42 44 6 6 126 110 5 2 0 0 0 0 60 59 3 51 193 35 3 2 1 5 2 0 0 1 2 2 3 0 24 23 14 95 678 437 404 392 692 930 1323 220 163 78 110 0 0 0 0 0 0 0 0 0 0 0 0 0 0 0 0 0 0
0 1 24 0 2 0 25 65 6 3 5 3 2 0 0 0 0 0 0 0 0 0 2 3 0 0 0 0 6 0 0 0 0 0 0 0 0 0 1 1 0 0 0 0 0 1 0 0 2 14 13 31 122 27 19 0 0 28 41 0 0 0 3 0 0 0 0 0 0 0 0 0 0 0 0 0 0 0 0 0 0 5 16 25 13 37 1 0 12 15 121 104 111 7 0 12 0 6 22 48 52 278 254 338 257 40 43 8 2 6 0 0 1 1 0 1 5 26 33 298 530 684 1355 1173 721 260 1319 2008 1277 0 0 0 0 0 0 0 0 0 0 0 0 0 0 0 0 0 0 0 0 0
8 10 42 0 21 7 13 41 6 6 0 0 0 1 0 0 0 0 0 0 0 0 2 0 0 0 1 0 3 0 0 0 0 1 0 0 0 0 0 0 2 0 0 0 1 0 0 0 3 3 0 4 38 2 5 1 0 2 75 19 0 0 0 0 0 0 0 0 0 0 0 0 0 0 0 0 0 0 0 0 2 9 11 4 0 8 12 20 7 35 98 117 331 9 69 24 1 3 0 9 95 383 533 281 123 237 1 4 3 2 0 0 0 1 9 2 0 258 299 572 511 35 24 121 371 410 512 763 329 12 101 2 0 0 0 0 0 0 0 0 0 0 0 0 0 0 0 0 0 0
7 3 74 15 39 109 84 6 1 0 0 0 0 5 1 0 0 0 0 0 1 0 0 0 0 0 0 1 0 0 0 0 0 0 0 0 0 0 0 0 3 0 1 0 0 0 0 0 1 0 0 2 1 0 2 1 5 1 0 20 2 0 0 0 0 0 0 0 0 0 0 0 0 0 0 0 0 0 0 0 12 39 1 2 27 2 124 21 1 3 7 4 24 7 1 0 0 0 0 16 7 62 597 144 133 200 41 12 18 3 12 1 0 0 1 34 177 396 100 37 0 0 0 0 33 351 155 559 298 19 37 13 0 0 0 0 0 0 0 0 0 0 0 0 0 0 0 0 0 0
6 6 55 124 225 235 194 39 16 0 0 0 0 0 0 1 0 0 0 0 0 15 0 0 0 0 0 0 0 0 0 0 0 0 0 0 0 0 1 0 0 0 0 4 7 4 0 21 0 0 0 10 15 0 0 2 2 0 14 1 2 1 0 0 0 0 0 0 0 0 0 0 0 0 0 0 0 0 0 28 4 0 0 3 14 5 19 123 17 0 0 0 0 0 0 0 0 0 0 0 0 168 448 139 177 193 6 1 0 5 5 3 0 0 20 97 147 5 23 43 0 0 0 0 12 438 202 486 343 12 33 0 0 0 0 0 0 0 0 0 0 0 0 0 0 0 0 0 0 0
0 52 247 570 265 233 132 58 0 1 0 8 2 0 0 0 0 7 0 1 0 4 0 0 0 0 0 0 0 1 0 0 0 0 0 0 0 0 1 0 1 5 0 4 5 0 0 8 30 0 0 1 24 0 0 1 2 0 2 0 0 1 0 0 0 0 0 0 0 0 0 0 0 0 0 0 0 7 2 0 0 0 0 0 0 0 85 38 4 1 2 0 0 0 0 11 0 0 0 0 5 60 18 25 146 82 2 0 0 5 16 5 14 43 16 5 5 4 10 19 22 32 8 0 4 186 68 169 86 4 0 0 0 0 0 0 0 0 0 0 0 0 0 0 0 0 0 0 0 0
2 6 159 133 107 137 39 13 3 1 1 3 0 0 0 0 0 0 3 1 1 1 0 0 0 0 0 0 0 6 0 0 1 0 1 0 0 0 0 0 0 0 1 0 0 0 0 1 0 4 0 0 0 1 0 4 0 0 0 0 0 0 0 0 0 0 0 0 0 0 0 0 0 0 0 0 8 1 0 0 0 0 0 0 0 0 86 9 3 6 17 1 0 0 0 8 0 0 0 365 774 162 146 155 2 92 79 0 0 4 5 52 51 3 0 0 0 0 5 51 69 59 152 231 82 123 3 0 0 1 0 0 0 0 0 0 0 0 0 0 0 0 0 0 0 0 0 0 0 0
7 25 35 99 67 39 2 0 0 0 22 2 0 0 0 0 0 0 0 0 0 32 0 0 0 0 0 0 0 1 0 0 0 0 0 0 0 0 0 0 0 0 0 1 0 49 0 0 0 0 0 0 0 0 3 17 0 0 0 0 0 0 0 0 0 0 0 0 0 0 0 0 0 0 0 0 10 1 0 0 0 0 0 0 0 0 25 0 0 24 22 0 0 0 24 76 75 8 161 1163 422 453 241 18 2 17 73 325 0 9 47 0 0 0 0 2 2 0 77 53 114 59 24 80 24 72 27 17 66 23 23 0 0 0 0 0 0 0 0 0 0 0 0 0 0 0 0 0 0 0
80 10 18 2 1 0 0 0 0 0 0 0 0 0 0 0 0 0 1 1 2 14 9 0 0 0 0 0 0 1 1 0 1 3 1 0 0 0 1 0 0 0 0 0 0 6 0 5 1 0 0 0 3 0 62 13 0 0 0 0 0 0 0 0 0 0 0 0 0 0 0 0 0 0 17 12 0 0 0 0 0 0 0 0 0 1 9 0 0 13 100 7 17 17 88 438 73 6 75 111 7 3 18 15 12 0 1 163 369 134 1 0 0 2 2 0 0 1 2 8 80 3 2 3 59 58 106 53 274 168 47 0 0 0 0 0 0 0 0 0 0 0 0 0 0 0 0 0 0 0
18 1 2 1 0 0 1 0 0 0 0 0 0 0 0 0 0 0 0 0 0 0 0 0 0 0 0 0 1 0 3 47 3 0 0 0 0 0 0 0 0 0 0 0 0 0 0 0 0 0 0 0 1 1 24 0 0 0 0 0 0 0 0 0 0 0 0 0 0 0 0 0 0 0 21 10 0 0 0 0 0 0 0 0 0 0 64 93 234 51 163 40 6 9 1 72 15 5 0 0 11 4 1 1 1 2 167 271 117 28 1 0 2 0 1 0 0 5 0 0 19 10 16 21 6 78 109 161 191 380 88 0 0 0 0 0 0 0 0 0 0 0 0 0 0 0 0 0 0 0
0 0 0 1 5 0 0 0 0 0 0 0 0 0 0 0 0 2 0 0 0 0 0 0 0 0 0 0 0 0 1 1 0 1 0 0 0 0 0 0 0 0 0 0 1 4 0 0 0 0 0 3 16 117 8 1 0 0 0 0 0 0 0 0 0 0 0 0 0 0 0 0 2 0 1 0 0 0 0 0 0 0 0 0 0 0 2 0 100 6 0 0 0 3 10 19 0 11 3 0 0 7 0 6 9 108 673 308 201 59 0 0 0 0 0 0 0 0 56 28 4 11 2 6 0 11 174 75 22 15 6 10 1 0 0 0 0 0 0 0 0 0 0 0 0 0 0 0 0 0
0 0 0 2 0 0 0 0 0 0 0 0 0 0 0 0 0 1 0 0 0 0 0 6 0 1 0 2 1 1 1 0 0 1 1 0 0 1 0 0 0 1 1 0 0 0 0 0 0 0 3 0 0 75 6 2 0 0 0 0 0 0 0 0 0 0 0 0 0 0 2 6 13 0 0 0 0 0 0 0 0 0 0 0 0 0 6 0 0 1 0 0 21 50 0 0 3 0 5 0 53 21 1 0 65 81 114 29 67 114 0 0 0 0 0 0 0 0 1 20 0 7 0 57 122 25 152 51 23 35 1 1 0 0 0 0 0 0 0 0 0 0 0 0 0 0 0 0 0 0
1 0 0 0 6 26 0 0 0 0 0 0 0 0 0 0 0 0 0 0 0 0 0 0 0 0 1 0 0 0 0 0 0 2 4 0 0 0 0 1 0 1 3 0 0 0 0 0 0 0 2 0 1 0 3 3 6 3 0 0 0 0 0 0 0 0 0 35 51 4 1 0 0 0 0 0 0 0 0 0 0 0 0 0 0 0 0 1 0 1 0 6 118 14 1 0 0 0 1 76 8 5 8 17 84 47 0 10 9 6 7 0 0 0 0 0 0 0 0 0 6 8 5 14 0 0 1 228 5 8 0 0 0 0 0 0 0 0 0 0 0 0 0 0 0 0 0 0 0 0
0 0 0 0 74 23 0 0 0 0 0 0 0 0 0 0 0 0 1 0 0 0 0 0 0 0 0 0 0 0 4 0 0 0 0 0 0 0 0 4 2 0 0 1 3 1 0 0 0 1 0 0 0 17 1 0 7 0 0 0 0 0 0 0 0 0 0 3 9 3 0 0 1 1 0 0 0 0 0 0 0 0 0 0 0 0 0 0 42 15 103 271 100 9 0 0 0 1 2 20 72 370 301 52 9 12 6 0 0 13 10 0 0 0 0 0 0 0 0 0 1 0 0 0 0 7 129 43 0 0 0 0 0 0 0 0 0 0 0 0 0 0 0 0 0 0 0 0 0 0
0 0 0 0 3 1 0 0 0 0 0 0 1 0 0 1 1 0 12 0 0 0 0 0 0 0 0 0 0 7 0 1 0 0 0 2 0 0 0 0 0 0 0 0 1 1 0 0 0 0 2 0 0 3 5 0 1 0 0 0 0 0 0 0 0 0 0 0 9 4 0 0 0 0 0 0 0 0 0 0 0 0 0 0 0 0 1 4 26 146 191 82 82 30 1 1 3 2 3 71 122 101 115 12 1 0 3 0 0 1 9 0 0 0 0 0 0 0 0 0 0 45 52 1 0 25 23 3 0 0 0 0 0 0 0 0 0 0 0 0 0 0 0 0 0 0 0 0 0 0
1 0 0 0 0 5 1 0 0 0 0 0 18 15 0 1 0 0 0 0 0 0 0 0 0 6 4 1 0 5 0 0 0 0 1 3 0 0 0 0 0 0 0 0 1 6 8 0 0 0 1 0 0 11 9 1 0 0 0 0 0 0 0 0 0 0 1 9 62 0 0 0 0 0 0 0 0 0 0 0 0 0 0 0 0 12 51 3 2 2 4 2 30 0 23 0 0 0 17 44 111 0 0 2 0 0 0 1 3 26 17 47 1 0 0 0 0 0 0 0 0 0 0 0 0 0 0 6 0 0 0 0 0 0 0 0 0 0 0 0 0 0 0 0 0 0 0 0 0 0
0 0 0 0 1 0 0 0 0 0 0 0 0 0 2 0 0 0 0 0 0 0 0 0 0 0 1 0 0 1 0 0 0 0 1 1 0 0 0 0 0 0 0 0 1 0 1 2 2 1 1 0 3 0 9 1 1 0 1 0 0 0 0 0 0 0 35 19 2 0 0 0 0 0 0 0 0 0 0 0 0 0 0 3 15 0 1 2 1 14 2 0 1 0 3 6 6 27 13 13 25 9 3 1 3 0 0 42 112 132 203 339 37 7 0 0 0 0 0 0 0 0 0 0 0 0 0 0 0 0 0 0 0 0 0 0 0 0 0 0 0 0 0 0 0 0 0 0 0 0
0 0 0 0 0 1 0 0 0 0 0 0 0 0 0 0 0 0 0 0 0 0 0 0 1 0 0 1 0 0 0 0 0 0 0 0 0 0 2 0 0 0 0 0 0 3 1 1 6 1 0 0 0 0 0 55 88 0 0 0 0 0 0 0 2 3 47 56 4 0 0 6 0 0 0 0 0 0 0 0 0 0 0 24 64 0 0 5 3 150 3 1 1 0 0 3 93 12 7 3 5 0 4 7 0 2 18 5 62 32 141 19 215 71 3 0 0 0 0 0 0 0 0 0 0 0 0 0 0 0 0 0 0 0 0 0 0 0 0 0 0 0 0 0 0 0 0 0 0 0
0 0 0 1 0 2 0 0 0 0 0 1 7 0 0 0 3 0 0 0 0 0 0 1 0 0 0 0 0 0 0 0 0 0 2 0 0 0 0 0 0 0 0 0 1 1 1 2 52 3 0 0 0 0 5 0 1 5 12 15 2 0 2 6 5 3 1 0 0 0 0 0 0 0 0 0 0 0 0 0 0 0 0 0 0 0 0 14 1 7 0 0 1 0 25 86 5 0 0 0 2 8 1 0 10 27 178 660 288 43 5 0 303 178 0 0 0 0 0 0 0 0 0 0 0 0 0 0 0 0 0 0 0 0 0 0 0 0 0 0 0 0 0 0 0 0 0 0 0 0
0 0 4 4 1 33 3 30 2 0 5 4 0 0 1 0 0 1 0 0 0 0 0 0 0 0 0 0 0 0 1 1 0 0 0 0 0 0 8 0 0 0 0 0 2 2 9 17 19 0 0 0 1 3 9 2 3 0 2 5 0 0 0 0 6 0 12 5 1 12 1 5 0 0 0 0 0 0 0 0 0 0 0 0 0 0 0 1 3 9 4 1 0 5 62 8 1 0 0 0 0 5 0 23 126 71 141 303 227 169 76 149 234 6 0 0 0 0 0 0 0 0 0 0 0 0 0 0 0 0 0 0 0 0 0 0 0 0 0 0 0 0 0 0 0 0 0 0 0 0
0 0 1 0 12 51 0 0 1 1 0 1 0 1 0 0 0 0 0 0 0 0 0 0 0 0 0 0 0 0 0 0 0 2 0 0 0 0 0 0 0 0 1 2 0 0 4 0 1 1 2 0 4 4 3 0 2 3 0 1 0 0 1 2 0 2 2 0 2 0 0 0 2 1 0 0 0 0 0 0 0 0 0 0 0 1 0 0 0 0 0 1 10 26 0 20 129 1 0 0 0 0 0 109 136 175 3 0 3 30 0 8 11 0 0 0 0 0 0 0 0 0 0 0 0 0 0 0 0 0 0 0 0 0 0 0 0 0 0 0 0 0 0 0 0 0 0 0 0 0
0 0 0 0 0 0 0 0 6 2 0 0 0 0 0 0 0 0 1 0 0 0 0 0 0 0 0 0 0 0 0 8 0 0 0 0 0 0 0 0 2 0 0 0 0 0 1 0 6 4 1 0 0 1 0 0 0 0 3 0 0 1 0 0 0 0 0 0 0 0 1 3 2 0 0 0 0 0 0 0 0 0 0 0 0 0 0 0 1 0 0 19 101 15 12 152 286 0 0 0 0 0 0 5 13 0 0 0 0 0 37 70 0 0 0 0 0 0 0 0 0 0 0 0 0 0 0 0 0 0 0 0 0 0 0 0 0 0 0 0 0 0 3 6 6 0 0 0 0 0
0 0 0 0 2 2 0 0 0 33 0 0 0 0 0 1 0 0 0 0 0 0 0 0 0 0 0 0 0 0 0 0 0 0 0 0 0 0 0 0 0 0 0 0 0 0 0 0 0 0 4 2 2 1 0 0 0 0 4 1 2 0 0 0 0 0 0 0 0 0 1 0 0 0 0 0 0 0 0 0 0 0 0 0 0 1 0 0 20 1 8 25 140 125 43 0 0 0 0 0 0 0 0 1 0 0 0 2 0 121 227 4 0 0 0 0 0 0 0 0 0 0 0 0 0 0 0 0 0 0 0 0 0 0 0 0 0 0 0 0 0 0 0 1 0 0 0 0 0 0
0 0 0 0 0 0 0 0 0 1 0 0 0 0 3 0 0 0 0 0 0 0 0 0 7 0 0 0 0 0 0 0 0 0 0 0 0 0 0 0 0 0 0 0 0 0 0 0 0 0 2 1 6 0 0 0 0 0 0 8 1 0 0 0 0 0 0 0 0 0 0 0 0 0 0 0 0 0 0 0 0 0 0 0 0 0 0 0 0 2 15 78 470 0 1 11 0 0 0 0 0 0 0 2 0 0 1 0 5 17 49 3 0 0 0 0 0 0 0 0 11 0 0 0 0 0 0 0 0 0 0 0 0 0 0 0 0 0 0 0 0 0 0 0 0 0 0 0 0 0
0 0 0 0 0 0 0 0 0 0 0 0 4 0 0 0 0 0 0 5 0 0 0 0 0 0 0 0 0 0 0 0 0 0 0 0 1 0 0 0 0 0 1 0 0 0 0 0 0 0 2 6 1 0 0 0 1 2 1 6 0 0 0 0 0 0 0 0 0 0 5 57 5 0 0 0 0 0 0 0 0 0 0 0 0 0 0 0 0 1 12 23 8 11 8 1 0 0 0 0 0 0 0 0 0 0 0 0 0 0 0 0 0 0 0 0 0 0 0 0 0 0 0 0 0 0 0 0 0 0 0 0 0 0 0 0 0 0 0 0 0 0 0 0 0 0 0 0 0 0
0 0 0 0 0 0 0 0 0 0 0 0 0 0 0 0 0 0 0 0 0 2 2 23 0 0 0 0 0 0 0 0 0 0 0 0 0 0 0 0 0 0 0 0 0 0 0 0 0 0 0 13 0 4 3 0 0 1 0 0 0 8 5 0 0 0 0 0 0 0 0 11 14 0 7 0 0 0 0 0 0 0 0 0 0 0 0 0 0 6 15 21 28 32 19 2 1 0 0 0 0 0 0 0 0 0 0 0 0 0 0 0 0 0 0 0 0 0 0 0 0 0 0 0 0 0 0 0 0 0 0 0 0 0 0 0 0 0 0 0 0 0 0 0 0 0 0 0 0 0
0 0 0 0 0 0 0 0 0 1 0 0 0 0 0 0 0 0 0 0 0 0 0 5 2 0 0 0 0 0 0 0 0 0 0 0 0 0 0 0 0 1 0 0 0 0 0 0 0 0 0 34 26 0 1 0 1 0 0 1 2 23 60 2 0 0 0 0 0 0 0 0 0 1 3 0 0 0 0 0 0 0 0 0 0 0 0 0 0 1 29 14 0 87 22 14 0 2 0 0 0 0 0 0 0 0 0 0 0 0 0 0 0 0 0 0 0 0 0 0 0 0 0 0 0 0 0 0 0 0 0 0 0 0 0 0 0 0 0 0 0 0 0 0 0 0 0 0 0 0
0 0 0 0 0 0 0 0 0 0 0 0 4 0 0 0 0 0 0 0 0 0 0 0 0 1 0 0 0 1 1 0 0 0 0 0 0 0 0 1 2 0 0 0 0 0 0 0 0 15 6 18 134 17 8 1 2 0 1 0 0 8 0 0 0 0 0 0 0 0 0 0 0 0 0 0 0 0 0 0 0 0 0 0 0 0 0 0 0 0 10 15 56 10 22 0 0 0 0 0 0 0 0 0 0 0 0 0 0 0 0 0 0 0 0 0 0 0 0 0 0 0 0 0 0 0 0 0 0 0 0 0 0 0 0 0 0 0 0 0 0 0 0 0 0 0 0 0 0 0
0 0 0 0 0 0 0 1 1 0 0 0 11 20 0 6 0 1 2 0 0 0 0 0 0 2 0 0 0 0 0 0 0 0 0 0 0 0 0 0 0 0 0 0 0 0 0 0 1 11 0 6 113 2 21 0 6 1 0 0 0 3 1 0 0 0 0 0 0 0 0 0 0 0 0 0 0 0 0 0 0 0 0 0 0 0 0 0 0 0 1 6 7 4 4 2 6 3 1 15 0 0 0 0 0 0 0 0 0 0 0 0 0 0 0 0 0 0 0 0 0 0 0 0 0 0 0 0 0 0 0 0 0 0 0 0 0 0 0 0 0 0 0 0 0 0 0 0 0 0
0 0 0 0 0 0 0 0 0 5 1 0 0 0 1 0 1 0 0 0 0 0 0 0 0 1 0 0 0 0 0 0 0 0 0 0 0 1 0 0 0 0 0 0 0 0 0 1 0 1 0 5 16 0 0 1 0 0 0 0 3 3 0 3 0 0 0 0 0 0 0 0 0 0 0 0 0 0 0 0 0 0 0 0 0 0 0 0 0 0 0 0 0 0 0 2 6 0 1 0 0 0 0 0 0 0 0 0 0 0 0 0 0 0 0 0 0 0 0 0 0 0 0 0 0 0 0 0 0 0 0 0 0 0 0 0 0 0 0 0 0 0 0 0 0 0 0 0 0 0
0 0 0 0 0 0 0 0 0 0 1 0 0 0 0 0 0 0 0 0 0 1 0 0 3 0 1 0 0 0 0 0 0 0 24 0 1 1 0 0 0 0 0 0 0 0 1 4 0 0 0 0 0 0 0 0 0 0 0 9 8 0 0 0 0 0 0 0 0 0 0 0 0 0 0 0 0 0 0 0 0 0 0 0 0 0 0 0 0 0 0 0 0 0 0 3 18 13 0 0 0 0 0 0 0 0 0 0 0 0 0 0 0 0 0 0 0 0 0 0 0 0 0 0 0 0 0 0 0 0 0 0 0 0 0 0 0 0 0 0 0 0 0 0 0 7 0 0 0 0
1 0 0 0 0 0 0 0 0 0 1 2 0 0 0 0 0 0 0 0 1 0 0 0 0 2 0 0 0 0 0 0 0 0 0 0 0 2 0 0 0 0 0 0 0 3 5 0 0 0 0 0 0 0 0 0 0 0 0 0 0 0 0 0 0 0 0 0 0 0 0 14 14 0 0 0 0 0 0 0 0 0 0 0 0 0 0 0 0 0 0 0 0 0 8 4 7 1 0 0 3 0 0 0 0 0 0 0 0 0 0 0 0 0 0 0 0 0 0 0 0 0 0 0 0 0 0 0 0 0 0 0 0 0 0 0 0 0 0 0 0 0 0 0 0 0 0 0 0 0
0 0 0 0 0 0 0 0 0 0 0 2 0 0 1 0 0 0 2 2 5 0 0 0 0 0 0 0 0 0 0 0 0 0 0 0 0 0 0 0 0 0 0 0 1 0 0 0 0 0 0 0 0 0 0 0 0 0 0 0 2 0 0 0 0 0 0 0 0 0 12 137 0 0 0 0 0 0 0 0 0 0 0 0 0 0 0 0 0 0 0 0 0 3 4 0 6 0 0 0 0 0 0 0 0 0 0 0 0 0 0 0 0 0 0 0 0 0 0 0 0 0 0 0 0 0 0 0 0 0 0 0 0 0 0 0 0 0 0 0 1 0 0 0 0 0 0 0 0 0
0 0 0 0 0 0 0 0 0 0 4 1 4 0 0 2 0 0 0 0 0 0 0 0 0 0 0 0 0 0 0 0 0 0 0 0 0 0 0 0 0 0 0 0 1 0 0 0 0 0 0 0 0 0 0 0 0 0 0 1 2 0 0 0 0 0 0 0 0 0 17 1 0 0 0 0 0 0 0 0 0 0 0 0 0 0 0 0 0 0 0 0 0 0 1 3 9 0 0 0 0 0 0 0 0 0 0 0 0 0 0 0 0 0 0 0 0 0 0 0 0 0 0 0 0 0 0 0 0 0 0 0 0 0 0 0 0 0 0 0 0 0 0 0 0 0 0 0 0 0
0 0 0 0 0 0 3 1 1 1 0 0 9 2 1 2 4 2 0 0 0 0 0 0 0 0 0 0 0 0 0 0 0 0 0 0 0 0 0 0 0 0 0 3 0 0 0 0 0 0 0 0 0 0 0 0 0 0 0 18 0 0 0 0 0 0 0 0 11 1 0 0 0 0 0 0 0 0 0 0 0 0 0 0 0 0 0 0 0 0 0 0 0 0 0 1 13 2 2 9 0 0 0 0 0 0 0 0 0 0 0 0 0 0 0 0 0 0 0 0 0 0 0 0 0 0 0 0 0 0 0 0 0 0 0 0 0 0 0 0 0 0 0 0 0 0 0 0 0 0
0 0 0 0 0 0 0 1 0 0 0 0 2 0 0 1 0 0 2 0 0 0 0 0 0 0 0 0 0 0 0 0 0 0 0 2 0 2 0 0 0 0 7 1 0 0 0 0 0 0 0 0 0 0 0 0 0 0 0 0 3 14 1 0 1 0 0 1 33 43 2 0 0 0 0 0 0 0 0 0 0 0 0 0 0 0 0 0 0 0 0 0 0 0 0 0 2 0 1 0 0 0 0 0 0 0 0 0 0 0 0 0 0 0 0 0 0 0 0 0 0 0 0 0 0 0 0 0 0 0 0 0 0 0 0 0 0 0 0 0 0 0 0 0 0 0 0 0 0 0
0 1 0 1 1 0 0 0 0 0 0 0 40 2 0 1 28 3 5 9 0 1 0 22 0 0 0 0 0 0 0 2 0 0 3 1 6 0 1 0 0 1 17 0 0 0 0 0 0 0 0 0 0 0 0 0 0 0 0 0 0 0 0 2 72 23 9 0 0 0 0 0 0 0 0 0 0 0 0 0 0 0 0 0 0 0 0 0 0 0 0 0 0 0 0 0 0 0 0 0 0 0 0 0 0 0 0 0 0 0 0 0 0 0 0 0 0 0 0 0 0 0 0 0 0 0 0 0 0 0 0 0 0 0 0 0 0 0 0 0 0 0 0 0 0 0 0 0 0 0
2 37 2 0 0 0 0 0 0 0 1 0 2 0 0 0 0 10 0 3 9 72 28 13 1 0 0 0 0 0 1 0 0 1 2 2 18 3 0 0 0 2 1 0 0 0 0 0 0 0 0 0 0 0 0 0 0 0 0 0 0 0 0 0 7 2 0 0 0 0 0 0 0 0 0 0 0 0 0 0 0 0 0 0 0 0 0 0 0 0 0 0 0 0 0 0 0 0 0 0 0 0 0 0 0 0 0 0 0 0 0 0 0 0 0 0 0 0 0 0 0 0 0 0 0 0 0 0 0 0 0 0 0 0 0 0 0 0 0 0 0 0 0 0 0 0 0 0 0 0
18 4 2 0 0 1 0 0 0 0 0 0 0 0 0 0 4 0 0 10 1 19 16 1 5 3 0 0 1 9 2 0 0 0 0 0 1 3 1 0 3 25 0 0 0 0 0 0 0 0 0 0 0 0 0 0 0 0 0 0 0 0 0 0 1 0 0 0 0 0 0 0 0 0 0 0 0 0 0 0 0 0 0 0 0 0 0 0 0 4 0 0 0 0 0 0 0 0 0 0 0 0 0 0 0 0 0 0 0 0 0 0 0 0 0 0 0 0 0 0 0 0 0 0 0 0 0 0 0 0 0 0 0 0 0 0 0 0 0 0 0 0 0 0 0 0 0 0 0 0
0 0 0 0 0 0 0 0 0 0 0 1 4 0 0 0 0 1 1 1 0 2 4 0 0 8 2 4 0 1 0 0 0 0 0 2 0 1 0 0 0 0 0 0 0 0 0 0 0 0 0 0 0 0 0 0 0 0 0 0 0 0 0 0 0 0 0 0 0 0 0 0 0 0 0 0 0 0 0 0 0 0 0 0 0 0 0 0 0 0 0 0 0 0 0 0 0 0 0 0 0 0 0 0 0 0 0 0 0 0 0 0 0 0 0 0 0 0 0 0 0 0 0 0 0 0 0 0 0 0 0 0 0 0 0 0 0 0 0 0 0 0 0 0 0 0 0 0 0 0
0 0 0 0 0 0 0 0 0 0 0 0 0 1 0 0 0 1 0 5 0 0 0 0 2 7 3 6 22 2 2 2 3 6 4 0 0 0 0 0 0 0 0 0 0 0 0 0 0 0 0 0 0 0 0 0 0 0 0 0 0 0 0 0 0 0 0 0 0 0 0 0 0 0 0 0 0 0 0 0 0 0 0 0 0 0 0 0 0 0 0 0 0 0 0 0 0 0 0 0 0 0 0 0 0 0 0 0 0 0 0 0 0 0 0 0 0 0 0 0 0 0 0 0 0 0 0 0 0 0 0 0 0 0 0 0 0 0 0 0 0 0 0 0 0 0 0 0 0 0
2 0 0 0 0 0 0 0 0 0 0 0 0 0 0 0 0 0 0 0 0 0 0 0 0 0 2 1 164 34 2 3 5 32 0 0 1 0 0 0 0 0 0 0 0 0 0 0 0 0 0 0 0 0 0 0 0 0 0 0 0 0 0 0 0 0 0 0 0 0 0 0 0 0 0 0 0 0 0 0 0 0 0 0 0 0 0 0 0 0 0 0 0 0 0 0 0 0 0 0 0 0 0 0 0 0 0 0 0 0 0 0 0 0 0 0 0 0 0 0 0 0 0 0 0 0 0 0 0 0 0 0 0 0 0 0 0 0 0 0 0 0 0 0 0 0 0 0 0 0
0 0 0 0 0 0 0 0 0 0 0 0 0 0 0 0 0 0 0 1 0 0 0 0 1 2 3 0 0 2 1 0 1 12 0 3 3 2 0 0 0 0 0 0 0 0 0 0 0 0 0 0 0 0 0 0 0 0 0 0 0 0 0 0 0 0 0 0 0 0 0 0 0 0 0 0 0 0 0 0 0 0 0 0 0 0 0 0 0 0 0 0 0 0 0 0 0 0 0 0 0 0 0 0 0 0 0 0 0 0 0 0 0 0 0 0 0 0 0 0 0 0 0 0 0 0 0 0 0 0 0 0 0 0 0 0 0 0 0 0 0 0 0 0 0 0 0 0 0 0
0 0 0 0 0 0 0 0 0 0 0 0 0 0 0 0 0 0 0 0 2 0 0 0 4 0 8 0 0 0 10 2 1 2 1 0 0 4 0 0 0 0 0 0 0 0 0 0 0 0 0 0 0 0 0 0 0 0 0 0 0 0 0 0 0 0 0 0 0 0 0 0 0 0 0 0 0 0 0 0 0 0 0 0 0 0 0 0 0 0 0 0 0 0 0 0 0 0 0 0 0 0 0 0 0 0 0 0 0 0 0 0 0 0 0 0 0 0 0 0 0 0 0 0 0 0 0 0 0 0 0 0 0 0 0 0 0 0 0 0 0 0 0 0 0 0 0 0 0 0
0 0 0 0 0 0 0 0 0 0 0 1 5 2 0 0 0 0 0 0 0 0 0 0 0 0 0 0 0 0 0 0 6 0 0 0 4 0 0 0 0 0 0 0 0 0 0 0 0 0 0 0 0 0 0 0 0 0 0 0 0 0 0 0 0 0 0 0 0 0 0 0 0 0 0 0 0 0 0 0 0 0 0 0 0 0 0 0 0 0 0 0 0 0 0 0 0 0 0 0 0 0 0 0 0 0 0 0 0 0 0 0 0 0 0 0 0 0 0 0 0 0 0 0 0 0 0 0 0 0 0 0 0 0 0 0 0 0 0 0 0 0 0 0 0 0 0 0 0 0
0 0 0 0 0 0 0 0 0 0 0 1 0 1 0 0 0 0 0 0 0 0 0 0 0 0 0 8 0 0 5 0 0 0 0 0 0 0 0 0 0 0 0 0 0 0 0 0 0 0 0 0 0 0 0 0 0 0 0 0 0 0 0 0 0 0 0 0 0 0 0 0 0 0 0 0 0 0 0 0 0 0 0 0 0 0 0 0 0 0 0 0 0 0 0 1 0 0 0 0 0 0 0 0 0 0 0 0 0 0 0 0 0 0 0 0 0 0 0 0 0 0 0 0 0 0 0 0 0 0 0 0 0 0 0 0 0 0 0 0 0 0 0 0 0 0 0 0 0 0
0 0 0 0 0 0 0 0 0 0 0 0 0 0 0 0 0 0 0 0 0 0 0 0 0 0 0 4 0 0 0 0 0 8 0 0 0 0 0 0 0 0 0 0 0 0 0 0 0 0 0 0 0 0 0 0 0 0 0 0 0 0 0 0 0 0 0 0 0 0 0 0 0 0 0 0 0 0 0 0 0 0 0 0 0 0 0 0 0 0 0 0 0 0 0 0 0 0 0 0 0 0 0 0 0 0 0 0 0 0 0 0 0 0 0 0 0 0 0 0 0 0 0 0 0 0 0 0 0 0 0 0 0 0 0 0 0 0 0 0 0 0 0 0 0 0 0 0 0 0
0 0 0 0 0 0 0 0 0 0 6 0 0 0 0 0 0 0 0 0 0 0 2 0 5 3 0 0 0 0 0 1 3 0 0 0 0 0 0 0 0 0 0 0 0 0 0 0 0 0 0 0 0 0 0 0 0 0 0 0 0 0 0 0 0 0 0 0 0 0 0 0 0 0 0 0 0 0 0 0 0 0 0 0 0 0 0 0 0 0 0 0 0 0 0 0 0 0 0 0 0 0 0 0 0 0 0 0 0 0 0 0 0 0 0 0 0 0 0 0 0 0 0 0 0 0 0 0 0 0 0 0 0 0 0 0 0 0 0 0 0 0 0 0 0 0 0 0 0 0
0 0 0 0 0 0 0 0 0 0 0 0 0 1 0 0 0 0 0 0 0 0 0 0 0 0 0 0 0 0 0 0 0 0 0 0 0 0 0 0 0 0 0 0 0 0 0 0 0 0 0 0 0 0 0 0 0 0 0 0 0 0 0 0 0 0 0 0 0 0 0 0 0 0 0 0 0 0 0 0 0 0 0 0 0 0 0 0 0 0 0 0 0 0 0 0 0 0 0 0 0 0 0 0 0 0 0 0 0 0 0 0 0 0 0 0 0 0 0 0 0 0 0 0 0 0 0 0 0 0 0 0 0 0 0 0 0 0 0 0 0 0 0 0 0 0 0 0 0 0
0 0 0 0 0 0 0 0 0 0 0 0 0 0 0 0 0 0 0 0 0 0 0 0 0 0 0 0 0 0 0 0 0 0 0 0 0 0 0 0 0 0 0 0 0 0 0 1 0 0 0 4 0 0 0 0 0 0 0 0 0 0 0 0 0 0 0 0 0 0 0 0 0 0 0 0 0 0 0 0 0 0 0 0 0 0 0 0 0 0 0 0 0 0 0 0 0 0 0 0 0 0 0 0 0 0 0 0 0 0 0 0 0 0 0 0 0 0 0 0 0 0 0 0 0 0 0 0 0 0 0 0 0 0 0 0 0 0 0 0 0 0 0 0 0 0 0 0 0 0
0 0 0 0 0 0 0 0 3 28 0 0 0 0 0 0 0 0 0 0 0 0 0 0 0 0 0 0 0 0 0 0 0 0 0 0 0 0 0 0 0 0 0 0 0 0 0 0 0 0 0 0 0 0 0 0 0 0 0 0 0 0 0 0 0 0 0 0 0 0 0 0 0 0 0 0 0 0 0 0 0 0 0 0 0 0 0 0 0 0 0 0 0 0 0 0 0 0 0 0 0 0 0 0 0 0 0 0 0 0 0 0 0 0 0 0 0 0 0 0 0 0 0 0 0 0 0 0 0 0 0 0 0 0 0 0 0 0 0 0 0 0 0 0 0 0 0 0 0 0
0 0 0 0 5 2 12 20 6 5 0 0 0 0 0 0 0 0 0 0 0 0 0 0 0 0 0 0 0 0 0 0 0 0 0 0 0 0 0 0 0 0 0 0 0 0 0 0 0 19 41 0 0 0 0 0 0 0 0 0 0 0 0 0 0 0 0 0 0 0 0 0 0 0 0 0 0 0 0 0 0 0 0 0 0 0 0 0 0 0 0 0 0 0 0 0 0 0 0 0 0 0 0 0 0 0 0 0 0 0 0 0 0 0 0 0 0 0 0 0 0 0 0 0 0 0 0 0 0 0 0 0 0 0 0 0 0 0 0 0 0 0 0 0 0 0 0 0 0 0
8 0 0 0 0 0 5 14 0 0 0 0 0 0 0 0 0 0 0 0 0 0 0 0 0 0 0 0 0 0 0 0 0 0 0 0 0 0 0 0 0 0 0 0 0 0 0 0 0 0 0 0 0 0 0 0 0 0 0 0 0 0 0 0 0 0 0 0 0 0 0 0 0 0 0 0 0 0 0 0 0 0 0 0 0 0 0 0 0 0 0 0 0 0 0 0 0 0 0 0 0 0 0 0 0 0 0 0 0 0 0 0 0 0 0 0 0 0 0 0 0 0 0 0 0 0 0 0 0 0 0 0 0 0 0 0 0 0 0 0 0 0 0 0 0 0 0 0 0 0
0 0 0 0 0 0 0 0 0 0 0 0 0 0 0 0 0 0 0 0 0 0 0 0 0 0 0 0 0 0 0 0 0 0 0 0 0 0 0 0 0 0 0 0 0 0 0 0 0 0 0 0 4 40 0 0 0 0 0 0 0 0 0 0 0 0 0 0 0 0 0 0 0 0 0 0 0 0 0 0 0 0 0 0 0 0 0 0 0 0 0 0 0 0 0 0 0 0 0 0 0 0 0 0 1 0 0 0 0 0 0 0 0 0 0 0 0 0 0 0 0 0 0 0 0 0 0 0 0 0 0 0 0 0 0 0 0 0 0 0 0 0 0 0 0 0 0 0 0 0
0 0 0 0 0 0 0 0 0 0 0 0 0 0 0 0 0 0 0 0 0 0 0 0 0 0 0 0 0 0 0 0 0 0 0 0 0 0 0 0 0 0 0 0 0 0 0 0 0 0 0 0 0 1 0 0 0 0 0 0 0 0 0 0 0 0 0 0 0 0 0 0 0 0 0 0 0 0 0 0 0 0 0 0 0 0 0 0 0 0 0 0 0 0 0 0 0 0 0 0 0 0 0 0 0 0 0 0 0 0 0 0 0 0 0 0 0 0 0 0 0 0 0 0 0 0 0 0 0 0 0 0 0 0 0 0 0 0 0 0 0 0 0 0 0 0 0 0 0 0
0 0 0 0 0 0 0 0 0 0 0 0 0 0 0 0 0 0 0 0 0 0 0 0 0 0 0 0 0 0 0 0 0 0 0 0 0 12 0 0 0 0 0 0 0 0 0 0 0 0 0 0 1 0 0 0 0 0 0 0 0 0 0 0 0 0 0 0 0 0 0 0 0 0 0 0 0 0 0 0 0 0 0 0 0 0 0 0 0 0 0 0 0 0 0 0 0 0 0 0 0 0 0 0 0 0 0 0 0 0 0 0 0 0 0 0 0 0 0 0 0 0 0 0 0 0 0 0 0 0 0 0 0 0 0 0 0 0 0 0 0 0 0 0 0 0 0 0 0 0
0 0 0 0 0 0 0 0 0 0 0 0 0 0 0 0 0 0 0 0 0 0 0 0 0 0 0 0 0 0 0 0 0 0 0 0 0 0 0 0 0 0 0 0 0 0 0 0 0 0 0 0 1 0 0 0 0 0 0 0 0 0 0 0 0 0 0 0 0 0 0 0 0 0 0 0 0 0 0 0 0 0 0 0 0 0 0 0 0 0 0 0 0 0 0 0 0 0 0 0 0 0 0 0 0 0 0 0 0 0 0 0 0 0 0 0 0 0 0 0 0 0 0 0 0 0 0 0 0 0 0 0 0 0 0 0 0 0 0 0 0 0 0 0 0 0 0 0 0 0
0 0 0 0 0 0 0 0 0 0 0 0 0 0 0 0 0 0 0 0 0 0 0 0 0 0 0 0 0 1 2 0 0 0 2 0 0 0 0 0 0 0 0 0 0 0 0 0 0 0 0 0 0 3 0 0 0 0 0 0 0 0 0 0 0 0 0 0 0 0 0 0 0 0 0 0 0 0 0 0 0 0 0 0 0 0 0 0 0 0 0 0 0 0 0 0 0 0 0 0 0 0 0 0 0 0 0 0 0 0 0 0 0 0 0 0 0 0 0 0 0 0 0 0 0 0 0 0 0 0 0 0 0 0 0 0 0 0 0 0 0 0 0 0 0 0 0 0 0 0
0 0 0 0 0 0 0 0 0 0 0 0 0 0 0 0 0 0 0 0 0 0 0 0 0 0 0 0 0 0 4 20 0 0 0 0 0 0 0 0 0 0 0 0 0 0 0 0 0 0 0 0 0 0 0 0 0 0 0 0 0 0 0 0 0 0 0 0 0 0 0 0 0 0 0 0 0 0 0 0 0 0 0 0 0 0 0 0 0 0 0 0 0 0 0 0 0 0 0 0 0 0 0 0 0 0 0 0 0 0 0 0 0 0 0 0 0 0 0 0 0 0 0 0 0 0 0 0 0 0 0 0 0 0 0 0 0 0 0 0 0 0 0 0 0 0 0 0 0 0
0 0 0 0 0 0 0 0 0 0 0 0 0 0 0 0 0 0 0 0 0 0 0 0 0 0 0 0 0 0 2 6 0 0 0 0 0 0 0 0 0 0 0 0 0 0 0 0 0 0 0 0 0 0 0 0 0 0 0 0 0 0 0 0 0 0 0 0 0 0 0 0 0 0 0 0 0 0 0 0 0 0 0 0 0 0 0 0 0 0 0 0 0 0 0 0 0 0 0 0 0 0 0 0 0 0 0 0 0 0 0 0 0 0 0 0 0 0 0 0 0 0 0 0 0 0 0 0 0 0 0 0 0 0 0 0 0 0 0 0 0 0 0 0 0 0 0 0 0 0
0 0 0 0 0 0 0 0 0 0 0 0 0 0 0 0 0 0 0 0 0 0 0 0 0 0 0 0 0 0 0 0 0 0 0 0 0 0 0 0 0 0 0 0 0 0 0 0 0 0 0 0 0 0 0 0 0 0 0 0 0 0 0 0 0 0 0 0 0 0 0 0 0 0 0 0 0 0 0 0 0 0 0 0 0 0 0 0 0 0 0 0 0 0 0 0 0 0 0 0 0 0 0 0 0 0 0 0 0 0 0 0 0 0 0 0 0 0 0 0 0 0 0 0 0 0 0 0 0 0 0 0 0 0 0 0 0 0 0 0 0 0 0 0 0 0 0 0 0 0
0 0 0 0 0 0 0 0 0 0 0 0 0 0 0 0 0 0 0 0 0 0 0 0 0 0 0 0 0 66 16 0 0 0 0 0 0 0 0 0 0 0 0 0 0 0 0 0 2 0 2 0 0 0 0 0 0 0 0 0 0 0 0 0 0 0 0 0 0 0 0 0 0 0 0 0 0 0 0 0 0 0 0 0 0 0 0 0 0 0 0 0 0 0 0 0 0 0 0 0 0 0 0 0 0 0 0 0 0 0 0 0 0 0 0 0 0 0 0 0 0 0 0 0 0 0 0 0 0 0 0 0 0 0 0 0 0 0 0 0 0 0 0 0 0 0 0 0 0 0
0 0 0 0 0 0 0 0 0 0 0 0 0 0 0 0 0 0 0 0 0 0 0 0 0 0 0 0 0 0 0 0 0 0 0 0 0 0 0 0 0 0 0 0 0 0 0 0 0 33 0 0 0 0 0 0 0 0 0 0 0 0 0 0 0 0 0 0 0 0 0 0 0 0 0 0 0 0 0 0 0 0 0 0 0 0 0 0 0 0 0 0 0 0 0 0 0 0 0 0 0 0 0 0 0 0 0 0 0 0 0 0 0 0 0 0 0 0 0 0 0 0 0 0 0 0 0 0 0 0 0 0 0 0 0 0 0 0 0 0 0 0 0 0 0 0 0 0 0 0
0 0 0 0 0 0 0 0 0 0 0 0 0 0 0 0 0 0 0 0 0 0 0 0 0 0 13 0 0 0 0 0 0 0 0 0 0 0 0 0 0 0 0 0 0 0 0 0 4 0 0 0 0 0 0 0 0 0 0 0 0 0 0 0 0 0 0 0 0 0 0 0 0 0 0 0 0 0 0 0 0 0 0 0 0 0 0 0 0 0 0 0 0 0 0 0 0 0 0 0 0 0 0 0 0 0 0 0 0 0 0 0 0 0 0 0 0 0 0 0 0 0 0 0 0 0 0 0 0 0 0 0 0 0 0 0 0 0 0 0 0 0 0 0 0 0 0 0 0 0
0 0 0 0 0 0 0 0 0 0 0 0 0 0 0 0 0 0 0 0 0 0 0 0 0 0 0 1 8 0 0 0 0 0 0 0 0 0 0 0 0 0 0 0 0 0 0 0 0 0 0 0 0 0 0 0 0 0 0 0 0 0 0 0 0 0 0 0 0 0 0 0 0 0 0 0 0 0 0 0 0 0 0 0 0 0 0 0 0 0 0 0 0 0 0 0 0 0 0 0 0 0 0 0 0 0 0 0 0 0 0 0 0 0 0 0 0 0 0 0 0 0 0 0 0 0 0 0 0 0 0 0 0 0 0 0 0 0 0 0 0 0 0 0 0 0 0 0 0 3
0 0 0 0 0 0 0 0 0 0 0 0 0 0 0 0 0 0 0 0 0 0 0 0 0 0 0 0 0 0 0 0 0 0 0 0 0 0 0 0 0 0 0 0 0 0 0 0 0 0 0 0 0 0 0 0 0 0 0 0 0 0 0 0 0 0 0 0 0 0 0 0 0 0 0 0 0 0 0 0 0 0 0 0 0 0 0 0 0 0 0 0 0 0 0 0 0 0 0 0 0 0 0 0 0 0 0 0 0 0 0 0 0 0 0 0 0 0 0 0 0 0 0 0 0 0 0 0 0 0 0 0 0 0 0 0 0 0 0 0 0 0 0 0 0 0 0 0 0 0
0 0 0 0 0 0 0 0 0 0 0 0 0 0 0 0 0 0 0 0 0 0 0 0 0 0 0 0 0 0 0 0 0 0 0 0 0 0 0 0 0 0 0 0 0 0 0 0 0 0 1 0 0 0 0 0 0 0 0 0 0 0 0 0 0 0 0 0 0 0 0 0 0 0 0 0 0 0 0 0 0 0 0 0 0 0 0 0 0 0 0 0 0 0 0 0 0 0 0 0 0 0 0 0 0 0 0 0 0 0 0 0 0 0 0 0 0 0 0 0 0 0 0 0 0 0 0 0 0 0 0 0 0 0 0 0 0 0 0 0 0 0 0 0 0 0 0 0 0 0
0 0 0 0 0 0 0 0 0 0 0 0 0 0 0 0 0 0 0 0 0 0 0 0 0 0 0 0 0 0 0 0 0 0 0 0 0 0 0 0 0 0 0 0 0 0 0 0 0 0 0 0 0 0 0 0 0 0 0 0 0 0 0 0 0 0 0 0 0 0 0 0 0 0 0 0 0 0 0 0 0 0 0 0 0 0 0 0 0 0 0 0 0 0 0 0 0 0 0 0 0 0 0 0 0 0 0 0 0 0 0 0 0 0 0 0 0 0 0 0 0 0 0 0 0 0 0 0 0 0 0 0 0 0 0 0 0 0 0 0 0 0 0 0 0 0 0 0 0 0
0 0 0 0 0 0 0 0 0 0 0 0 0 0 0 0 0 0 0 0 0 0 0 0 0 0 0 0 0 0 0 0 0 0 0 0 0 0 0 0 0 0 0 0 0 0 0 0 0 0 0 0 0 0 0 0 0 0 0 0 0 0 0 0 0 0 0 0 0 0 0 0 0 0 0 0 0 0 0 0 0 0 0 0 0 0 0 0 0 0 0 0 0 0 0 0 0 0 0 0 0 0 0 0 0 0 0 0 0 0 0 0 0 0 0 0 0 0 0 0 0 0 0 0 0 0 0 0 0 0 0 0 0 0 0 0 0 0 0 0 0 0 0 0 0 0 0 0 0 0
0 0 0 0 0 0 0 0 0 0 0 0 0 0 0 0 0 0 0 0 0 0 0 0 0 0 0 0 0 0 0 0 0 0 0 0 0 0 0 0 0 0 0 0 0 0 0 0 0 0 0 0 0 0 0 0 0 0 0 0 0 0 0 0 0 0 0 0 0 0 0 0 0 0 0 0 0 0 0 0 0 0 0 0 0 0 0 0 0 0 0 0 0 0 0 0 0 0 0 0 0 0 0 0 0 0 0 0 0 0 0 0 0 0 0 0 0 0 0 0 0 0 0 0 0 0 0 0 0 0 0 0 0 0 0 0 0 0 0 0 0 0 0 0 0 0 0 0 0 0
