0 0 26 8 0 0 5 1 23 134 21 12 0 9 0 0 0 7 7 0 1 6 0 0 2 31 0 0 0 0 0 0 1 1 8 9 0 0 0 3 0 0 0 2 16 0 0 0 0 0 0 0 0 3 0 5 0 0 1 5 67 17 6 5 0 17 13 0 0 1 0 2 2 236 274 488 135 29 76 17 25 320 67 77 105 233 298 307 68 427 1297 745 92 782 583 747 1067 670 1124 201 235 146 27 46 28 92 58 554 274 27 16 27 23 107 70 95 27 30 9 0 1 48 38 17 3 4 0 3 19 9 1 30 7 6 6 3 1 2 0 0 2 0 0 0 0 1 0 0 0 15
0 10 13 8 1 0 0 0 0 19 14 18 11 3 0 0 0 22 23 0 0 4 26 0 15 44 0 4 0 0 0 0 0 0 0 0 0 0 5 0 0 0 0 0 0 0 0 0 0 0 0 0 0 7 11 0 0 0 0 22 173 45 9 22 22 2 0 2 0 0 0 3 80 69 44 17 183 125 23 45 70 80 22 1 147 296 470 157 315 356 83 29 289 357 267 313 665 758 1169 926 311 74 79 36 13 6 7 46 58 36 6 16 7 40 291 34 7 32 3 43 2 12 23 6 6 0 9 6 27 30 72 6 109 74 1 0 0 0 2 75 5 0 0 1 0 0 0 0 0 0
0 0 0 3 7 0 0 0 1 16 3 1 21 5 2 0 0 6 4 0 0 30 97 24 11 0 5 19 0 0 0 0 0 0 0 5 1 0 0 13 7 0 0 1 0 0 0 0 0 0 0 0 0 1 14 0 0 4 2 26 29 16 5 23 0 0 0 0 0 0 1 1 5 0 2 2 0 43 202 470 94 54 10 35 42 277 811 143 10 12 93 28 199 715 651 987 242 550 367 763 912 429 27 61 46 27 15 27 302 176 45 5 7 7 12 19 20 201 22 15 135 21 10 16 4 3 5 17 4 31 7 12 251 229 0 0 3 0 7 42 2 3 0 0 0 0 0 0 0 0
44 10 0 0 0 0 0 0 0 4 1 1 0 0 0 3 0 0 4 6 0 0 4 11 22 0 0 27 33 0 4 0 0 0 0 2 0 0 0 8 10 0 0 0 0 0 0 0 0 0 6 0 0 0 105 64 6 23 43 4 0 1 9 19 0 0 0 0 0 2 4 143 13 1 1 5 16 90 394 346 282 101 17 219 252 28 87 208 5 174 1014 863 1382 717 1102 627 216 263 803 738 663 819 148 93 56 128 27 30 415 52 23 35 56 20 3 16 40 241 78 50 54 167 27 9 5 9 2 5 25 4 1 19 22 2 14 2 13 0 2 65 111 8 0 0 0 0 0 0 0 0
8 28 0 0 0 0 0 0 3 8 0 1 0 0 0 16 9 8 0 1 2 2 2 0 1 0 0 0 0 3 0 0 0 0 1 4 3 0 1 0 5 0 0 0 0 0 0 0 0 5 2 0 0 3 82 366 44 55 4 0 0 2 1 29 0 0 0 0 0 28 163 88 113 105 38 94 118 151 373 267 431 595 333 25 296 133 52 43 32 475 1512 989 638 917 508 306 116 744 511 927 1110 1148 929 775 442 91 145 45 19 12 23 43 84 83 21 0 13 111 90 78 255 1052 175 25 10 2 5 0 4 12 1 3 0 0 18 2 0 0 0 1 31 11 0 1 0 0 0 0 0 0
37 4 0 0 0 0 0 0 4 0 5 0 0 0 0 1 0 0 13 67 10 9 1 0 0 0 0 0 0 4 1 6 0 0 22 207 80 30 6 0 0 0 0 0 0 0 0 0 0 13 56 10 0 3 16 79 71 25 19 9 1 0 19 3 3 0 0 0 4 61 128 185 213 126 128 50 39 45 58 425 1290 884 600 54 0 184 53 38 8 256 2135 1372 146 424 873 540 229 1836 560 663 460 613 1234 587 30 146 17 97 8 5 0 7 46 45 7 30 111 12 0 18 142 148 8 18 6 20 0 4 5 1 7 2 0 0 0 1 1 0 2 0 2 10 0 0 0 0 0 0 0 0
4 0 0 2 0 0 0 0 3 8 13 0 0 1 0 0 0 0 0 0 0 1 3 0 0 0 0 0 0 1 1 0 0 0 0 19 21 8 5 0 0 0 0 0 0 0 0 0 0 2 3 8 4 9 4 43 32 0 59 37 5 12 2 0 1 2 0 0 5 103 103 85 295 486 395 168 475 182 451 547 1084 769 1190 656 89 18 7 312 220 129 1472 1121 118 577 871 612 388 625 604 65 33 497 143 185 36 71 86 14 42 32 71 127 254 34 79 179 1 3 31 35 100 176 6 4 3 5 11 0 0 0 2 0 1 0 0 0 0 28 0 0 0 0 0 0 0 0 0 0 0 0
6 0 0 1 0 0 0 0 2 0 0 0 0 0 0 0 0 0 0 0 0 0 0 0 0 0 0 0 0 4 14 0 0 0 3 2 0 10 14 9 0 0 0 0 0 0 0 0 0 0 0 0 21 21 2 6 6 20 78 78 81 53 53 7 25 34 0 0 6 157 6 6 32 56 107 50 156 217 832 1100 942 590 1099 411 199 195 246 715 309 67 481 110 82 669 441 414 308 914 953 258 180 388 380 750 234 164 12 23 133 15 376 726 141 183 45 194 10 1 7 7 22 13 10 7 16 9 45 0 10 0 0 0 0 0 0 0 0 0 0 0 0 0 0 0 0 0 0 0 0 3
11 0 0 0 0 0 0 0 3 8 0 1 6 4 14 0 0 0 0 0 0 0 0 0 0 0 0 1 0 0 6 0 0 0 2 1 0 3 1 0 0 0 0 0 0 0 0 0 0 1 0 0 0 15 0 0 0 14 20 43 429 404 18 3 5 28 3 7 2 36 1 0 0 13 4 23 31 58 78 706 1027 1092 850 43 13 58 337 321 420 79 3 12 340 1159 1610 1306 116 497 311 165 369 104 107 390 1002 172 274 343 83 140 1082 241 355 23 186 43 2 13 5 13 19 9 22 59 3 3 1 3 1 0 5 1 0 0 0 0 0 0 0 0 0 0 0 0 0 0 0 0 0 0
0 0 0 0 0 0 0 4 16 15 0 0 0 1 0 1 0 0 0 0 0 0 0 0 0 0 0 0 0 0 0 0 0 0 0 0 0 1 2 1 1 0 0 0 0 0 1 0 14 0 12 0 20 2 0 3 0 2 4 42 66 190 16 21 4 4 5 2 0 27 0 0 0 1 0 10 17 48 240 780 1103 966 843 410 1403 960 361 125 260 159 92 10 19 658 1232 1860 807 172 163 25 93 151 14 4 93 637 366 283 101 28 594 931 352 45 4 346 277 706 206 54 50 17 22 28 56 26 10 17 1 33 79 10 0 0 1 0 0 0 0 0 0 0 0 0 0 0 0 0 0 1
0 0 7 0 0 2 2 0 4 5 2 7 0 0 0 9 0 0 0 0 0 0 0 0 0 2 0 0 0 0 0 2 0 0 1 1 0 1 1 1 0 17 3 0 0 0 5 13 26 19 18 3 11 3 0 0 0 20 69 35 0 167 13 0 0 0 1 0 3 2 0 0 0 0 0 0 50 46 163 499 604 372 834 361 260 379 226 520 632 470 20 1 16 218 472 686 1001 37 22 108 44 26 6 24 91 405 1070 435 201 229 739 200 236 32 0 150 363 778 609 270 408 195 300 166 154 523 81 75 77 52 18 107 69 38 17 0 0 0 0 0 0 0 0 0 0 0 0 0 0 0
1 0 1 0 0 0 0 1 21 5 0 0 0 0 0 1 13 1 5 0 0 0 0 0 0 0 0 0 0 0 0 0 0 3 7 2 0 1 0 2 0 16 5 17 8 0 3 3 1 2 0 0 8 5 17 4 2 1 1 14 0 2 0 3 0 1 0 11 0 0 2 2 0 0 0 1 31 42 146 367 679 202 52 112 165 140 23 31 98 622 45 0 0 3 20 92 950 443 325 27 0 8 14 83 48 60 532 309 36 72 381 250 61 269 74 264 748 241 570 902 449 577 164 117 279 186 2 0 0 36 5 0 117 40 34 2 0 0 0 0 0 0 0 0 0 0 0 0 0 0
1 0 1 0 0 1 4 0 3 2 0 0 0 0 0 0 1 23 6 11 7 9 0 0 0 0 0 0 0 0 0 0 2 0 0 0 1 3 0 0 0 4 73 7 21 0 0 45 0 0 0 0 4 5 12 0 0 0 9 9 0 0 0 1 0 8 0 2 0 6 25 0 0 0 1 48 410 146 265 33 192 340 21 5 20 17 6 0 5 4 0 0 19 106 130 33 747 502 652 464 12 16 54 50 29 11 31 275 765 453 1135 741 103 846 380 103 52 137 1643 1457 225 254 99 5 84 185 7 0 32 41 0 0 10 6 2 0 0 0 0 0 1 0 0 0 0 0 0 0 0 0
0 0 0 0 0 0 2 6 0 6 0 0 0 0 0 0 0 0 85 10 10 17 0 0 0 0 0 0 0 4 12 0 0 0 0 0 0 0 0 0 0 0 0 122 50 0 0 1 3 1 10 43 0 0 0 0 0 0 18 0 8 2 0 4 0 0 53 24 7 27 74 0 0 2 1 412 874 704 296 27 71 815 74 10 34 186 18 2 0 41 5 1 0 102 15 28 146 717 234 217 0 30 310 139 408 93 116 686 355 889 1792 1236 851 569 425 270 310 238 1287 535 185 123 0 2 0 22 9 0 21 0 0 0 1 0 0 0 0 0 0 0 0 0 0 0 0 0 0 0 0 0
0 0 0 0 0 1 4 4 12 9 0 0 0 0 0 0 0 0 7 2 15 0 1 0 2 1 0 0 0 0 11 0 0 0 0 0 0 0 0 0 0 0 0 12 29 0 0 0 0 32 4 41 1 0 2 9 13 24 38 46 83 32 10 14 13 134 156 211 283 180 61 1 0 3 75 832 1782 1544 644 89 3 490 62 5 17 27 27 23 1 45 19 13 0 3 0 1 41 496 258 262 30 64 577 509 1635 1447 1939 1495 1178 1435 920 609 687 869 735 291 220 176 104 184 188 138 55 11 7 13 43 14 12 37 2 1 1 0 0 0 0 0 0 0 0 0 0 0 0 0 0 0 0 0
0 0 0 0 0 0 4 35 132 5 4 0 0 0 0 0 14 0 2 5 0 14 11 5 0 0 0 0 1 3 0 0 0 0 0 0 0 0 0 0 0 0 0 1 0 28 0 0 0 30 95 205 1 1 0 7 57 144 8 102 24 23 11 57 72 86 193 88 99 182 262 63 98 184 853 1241 1893 1075 339 35 5 11 2 0 0 0 25 152 12 63 5 1 1 0 4 113 38 21 65 29 15 4 1409 712 597 738 1247 425 737 1013 1576 845 1038 438 506 110 68 166 137 140 39 7 167 377 68 117 40 0 9 5 0 0 0 0 10 7 0 0 0 0 0 0 0 0 0 0 0 0 0 1
0 0 0 0 0 0 1 6 5 0 0 0 2 0 0 0 5 8 2 3 5 0 47 57 46 21 1 0 1 4 0 0 0 0 0 0 0 2 0 0 0 0 0 0 0 22 3 0 1 18 26 6 3 31 19 87 87 166 111 52 3 3 2 0 2 2 7 0 6 0 4 0 119 72 348 640 1012 615 294 0 1 0 7 1 0 0 0 58 73 12 8 0 6 3 3 9 38 0 3 97 20 310 836 982 492 247 464 320 467 990 949 598 849 363 683 116 161 95 184 45 0 5 32 40 51 365 7 15 5 0 0 0 0 0 0 0 0 0 0 0 0 0 0 0 0 0 0 0 0 0
0 2 0 2 0 2 0 4 0 0 0 0 0 0 0 5 0 18 2 1 1 10 3 1 28 10 13 24 2 0 0 0 0 0 0 1 2 0 0 0 0 0 0 0 0 22 95 5 0 51 45 49 16 87 166 41 64 126 730 27 7 3 0 0 2 9 36 108 5 119 88 4 139 25 71 91 39 207 18 20 6 0 5 12 0 0 0 18 147 0 0 41 67 88 11 4 3 0 60 486 185 150 240 110 194 636 274 294 640 594 133 135 94 152 155 59 110 159 24 13 0 3 3 14 129 1077 244 32 4 8 0 0 0 0 0 0 0 0 0 0 0 0 0 0 0 0 0 0 0 0
0 0 0 2 3 4 0 0 0 0 0 0 0 0 0 1 1 0 0 5 1 7 10 1 7 3 66 46 24 0 0 0 0 0 0 40 3 0 0 0 0 0 1 17 47 46 38 4 41 414 126 24 30 38 10 54 88 50 13 35 140 24 0 0 1 5 37 5 1 9 95 7 46 31 1 110 92 61 36 24 8 1 19 36 0 14 19 40 3 0 3 37 104 282 34 2 0 107 260 22 89 265 81 25 104 131 151 528 533 1 0 100 9 455 44 0 26 4 0 0 0 0 7 11 62 235 239 257 4 2 0 0 0 0 0 0 0 0 0 0 0 0 0 0 0 0 0 0 0 1
0 0 2 0 0 0 0 0 0 0 0 0 1 1 0 0 0 0 1 1 2 19 86 4 5 6 6 20 231 7 0 2 1 0 2 0 0 0 0 0 0 1 5 76 74 227 114 10 11 270 112 6 3 8 121 4 1 13 1 0 1 3 0 0 0 10 0 0 12 20 76 42 8 0 0 60 24 0 13 2 3 0 2 0 0 35 33 0 25 16 8 28 10 12 1 27 0 26 17 2 676 1240 714 150 110 144 151 552 142 3 0 0 5 199 7 0 0 0 0 0 0 0 1 16 22 12 15 151 19 0 0 0 0 0 0 0 0 0 0 0 0 0 0 0 0 0 0 0 0 0
0 0 0 0 3 0 0 0 0 0 0 0 0 0 0 3 0 1 6 1 1 8 15 7 0 19 6 6 0 5 1 37 12 0 0 0 0 0 0 2 12 12 34 22 22 24 22 29 61 183 334 125 15 34 22 13 5 0 0 0 0 7 20 13 248 117 1 1 8 7 98 49 2 0 6 168 345 115 7 69 11 12 2 1 2 0 2 12 64 22 11 1 3 0 0 0 0 6 355 343 1155 855 494 141 4 19 102 201 7 0 0 0 0 11 0 0 0 0 0 0 0 0 4 13 0 0 29 226 0 0 0 0 0 0 0 0 0 0 0 0 0 0 0 0 0 0 0 0 0 0
0 0 0 0 0 0 0 0 0 0 0 0 0 0 1 0 0 0 0 1 2 17 15 2 3 6 0 0 0 1 27 62 14 7 0 0 0 8 0 1 109 23 0 0 5 0 0 12 417 1050 438 282 44 4 0 7 1 9 0 0 4 2 3 0 19 38 14 1 1 61 20 31 17 0 1 35 113 93 62 96 16 19 16 27 15 2 18 13 315 177 15 3 2 10 3 5 9 0 82 309 210 67 39 3 11 17 120 134 13 0 0 0 18 52 0 0 0 0 1 0 0 0 0 0 0 36 53 3 3 13 12 0 0 0 0 0 0 0 3 0 0 0 0 0 0 0 0 0 0 0
0 0 0 0 0 0 0 0 0 0 0 0 0 0 2 0 1 0 0 0 1 4 7 3 9 0 0 0 0 0 1 22 58 8 0 0 6 153 14 19 4 0 0 0 0 0 20 27 36 580 367 156 20 0 1 2 0 0 8 0 0 0 0 0 7 2 22 9 0 1 0 28 50 2 0 4 6 3 26 27 2 32 38 0 0 15 13 0 0 0 8 2 5 4 0 0 5 0 0 35 7 0 9 66 99 81 56 58 83 158 56 10 38 0 0 0 0 0 0 0 0 0 0 14 20 88 95 1 0 0 1 0 0 0 0 0 0 0 0 5 0 0 0 0 0 0 0 0 0 0
0 0 0 0 0 0 0 0 0 0 0 0 0 0 1 0 1 11 0 0 9 1 0 1 0 1 0 0 0 1 2 7 9 20 8 21 32 36 11 1 0 0 0 0 4 103 20 87 6 196 197 19 0 3 0 2 1 6 0 0 0 0 0 0 0 0 2 3 0 0 1 3 215 103 2 2 0 0 0 4 0 3 56 195 9 0 2 0 0 0 0 9 2 5 0 2 0 0 4 8 3 0 4 73 52 34 47 4 8 39 0 77 19 0 0 0 0 0 0 0 1 0 1 30 17 13 63 129 1 0 0 0 0 0 0 0 0 0 0 0 0 0 0 0 0 0 0 0 0 0
0 0 0 0 0 0 0 0 0 0 0 0 0 0 0 0 1 1 0 0 2 0 2 0 0 0 0 0 0 0 0 0 5 15 48 0 0 152 0 0 0 0 0 37 18 57 56 3 12 30 96 31 24 10 34 0 0 0 0 1 0 0 0 0 4 0 0 6 4 12 1 1 9 0 42 5 2 0 0 0 1 0 21 110 21 3 0 0 0 0 0 3 0 3 5 0 2 1 0 8 11 11 5 14 658 0 0 5 0 0 2 10 6 0 0 4 5 0 0 0 0 1 1 1 0 54 38 18 0 0 3 0 0 0 0 0 1 0 0 0 1 0 0 0 0 0 0 0 0 0
0 0 0 0 0 0 0 0 0 0 0 0 0 0 1 0 4 0 32 0 0 4 0 10 0 0 0 3 0 0 0 0 23 166 30 0 0 24 0 0 3 1 0 5 111 12 7 0 21 2 86 7 0 3 0 0 0 1 0 0 0 0 0 2 6 3 0 1 3 3 6 28 0 3 8 8 30 0 0 0 1 0 0 12 0 18 4 8 0 3 0 1 2 0 24 2 0 1 15 4 22 17 27 176 312 239 0 8 0 0 0 0 10 2 14 10 0 0 0 2 2 1 0 0 0 53 13 54 2 0 0 1 0 0 0 0 1 37 0 0 0 0 0 0 0 0 0 0 0 0
0 0 0 0 0 0 0 0 0 0 2 0 0 0 5 0 0 1 0 0 0 7 1 10 0 0 0 12 1 0 0 13 3 5 27 1 0 2 7 1 1 1 4 5 45 7 0 0 0 2 26 5 1 0 0 0 0 2 0 0 0 0 0 0 11 0 0 0 4 0 4 10 0 0 0 3 43 6 0 0 1 0 5 0 1 8 19 30 4 0 8 2 1 1 0 11 2 2 1 1 15 20 9 29 39 294 40 10 0 0 0 0 0 5 11 82 0 0 3 4 0 0 0 0 13 128 10 5 0 3 0 1 1 0 1 0 3 19 0 0 0 0 0 0 0 0 0 0 0 0
0 0 0 0 0 0 0 0 2 0 0 2 0 28 0 0 10 31 12 0 8 16 10 2 1 0 4 4 4 7 14 1 0 6 0 0 0 12 8 12 63 84 17 166 201 11 2 1 5 1 1 51 40 2 8 6 0 0 0 0 0 0 0 0 0 0 0 0 1 3 41 10 0 1 0 1 0 20 0 0 0 0 0 0 0 0 0 23 27 6 10 0 1 1 0 0 0 0 2 1 0 5 20 5 22 847 673 38 4 0 0 0 0 1 0 0 25 217 136 8 0 0 0 27 105 50 66 336 202 15 0 0 6 0 1 2 3 4 0 0 0 0 0 0 0 0 0 0 0 0
0 0 0 0 0 0 0 8 0 1 1 0 7 4 12 26 31 143 1 5 0 2 6 2 0 0 0 7 20 11 1 14 6 7 9 22 8 14 188 226 553 1008 413 336 105 18 0 0 1 0 2 0 61 10 2 0 0 0 0 0 0 0 0 0 0 0 0 0 0 1 3 10 0 0 2 3 0 25 3 0 0 13 2 0 17 0 0 0 12 16 8 0 10 2 22 185 6 1 1 1 1 18 20 33 248 368 197 345 16 0 0 0 0 0 0 0 178 89 11 0 0 0 14 66 174 171 1181 775 66 31 0 0 0 20 0 2 0 0 0 0 0 0 0 0 0 0 0 0 0 0
0 0 0 0 0 0 0 0 8 13 25 98 33 1 1 2 7 14 2 3 13 12 8 35 5 5 5 1 0 4 4 2 0 11 47 37 1 9 304 305 868 1523 810 845 38 19 2 2 5 0 2 4 64 99 31 21 0 0 0 0 0 0 0 0 0 0 0 0 0 0 0 0 0 0 0 0 0 4 8 0 0 0 4 1 12 0 0 0 1 9 0 3 21 49 4 30 0 0 0 0 0 3 15 4 10 62 3 96 30 0 0 0 2 0 71 57 577 308 64 47 19 13 12 129 165 88 464 608 445 534 47 51 43 94 5 1 0 0 0 0 0 0 0 0 0 0 0 0 0 0
0 0 0 0 0 0 1 2 4 2 1 6 6 0 2 8 0 1 10 23 0 2 135 27 0 0 0 0 1 0 14 3 0 0 12 21 28 27 114 126 742 529 554 195 64 5 4 6 2 14 2 3 5 5 3 3 1 0 0 0 0 0 0 0 0 0 0 0 5 0 0 0 0 0 0 0 3 3 5 0 1 14 18 4 29 0 0 6 29 26 2 0 10 8 0 1 8 6 1 0 0 0 1 5 2 0 0 4 35 0 1 2 6 0 79 975 1212 445 184 262 146 118 99 5 0 8 23 302 3 89 11 303 966 80 29 2 0 0 0 0 0 0 0 0 0 0 0 0 0 0
0 0 0 0 0 0 0 3 0 2 6 8 3 1 1 5 0 1 16 13 352 119 11 0 0 0 0 2 8 21 3 4 10 43 18 3 0 4 0 217 582 567 460 340 87 25 4 0 3 10 0 2 4 6 11 5 0 0 0 0 0 0 0 0 0 0 0 0 0 0 0 0 0 0 0 0 0 1 13 0 33 16 40 155 39 1 0 0 0 0 1 0 5 2 1 6 13 5 0 0 0 0 0 2 11 3 3 28 183 129 342 580 172 107 437 1098 719 341 84 371 88 188 22 2 115 26 47 138 0 0 32 245 390 74 45 7 0 1 0 0 0 0 0 0 0 0 0 0 0 0
0 0 0 0 0 0 1 7 2 2 1 12 7 18 3 6 3 6 14 12 98 0 0 0 0 0 0 0 2 17 5 16 10 2 1 62 5 3 4 2 12 144 34 9 4 0 1 0 0 3 1 0 75 4 8 5 3 23 1 0 0 0 0 0 0 0 0 0 0 0 0 0 0 0 0 2 0 39 45 3 0 6 31 5 0 0 0 0 2 0 6 0 2 6 1 7 2 0 1 0 0 0 0 0 0 6 16 11 132 102 144 78 52 411 1307 600 264 338 76 365 106 7 0 23 7 12 20 0 0 0 62 240 0 0 0 0 0 0 0 0 0 0 0 0 0 0 0 0 0 0
0 0 1 0 0 17 10 4 6 1 8 1 0 3 16 4 3 6 21 42 22 0 0 0 0 0 0 0 0 8 74 0 9 2 18 2 4 1 7 1 12 16 3 0 0 0 0 0 10 2 0 4 272 16 85 42 27 0 15 0 0 0 0 0 0 0 0 0 0 0 0 0 0 0 0 0 0 12 4 0 0 3 4 0 0 0 0 0 2 0 0 1 3 33 24 1 9 2 1 0 20 0 0 0 0 18 9 50 88 15 2 21 263 206 225 496 136 262 113 151 327 3 0 0 0 0 0 0 0 0 1 112 31 0 0 0 0 0 0 0 0 0 0 0 0 0 0 0 0 0
0 0 0 0 2 4 3 25 2 2 1 0 4 13 8 6 49 38 0 1 2 7 5 0 1 0 2 44 15 6 43 37 15 3 3 6 1 4 2 1 8 22 18 0 0 0 4 0 0 0 0 24 155 68 8 28 1 0 0 0 0 0 0 0 0 0 0 0 0 0 0 0 0 0 0 0 19 11 6 2 0 0 1 0 0 0 0 0 2 0 6 5 38 83 9 13 3 3 0 9 3 0 0 0 0 8 5 94 823 8 0 0 1 0 6 4 4 42 355 736 108 0 0 0 0 4 11 0 0 0 0 0 77 0 0 0 0 0 0 0 0 0 0 0 0 0 0 0 0 0
8 2 5 4 0 0 11 50 5 2 22 7 7 0 4 141 62 25 3 17 0 0 8 0 21 0 1 12 6 4 11 50 6 0 2 1 0 0 0 1 15 1 0 1 1 0 3 0 0 0 0 63 5 12 13 4 7 0 0 0 0 0 0 0 0 0 0 0 0 0 0 0 0 0 0 0 14 36 0 0 0 0 0 0 0 0 0 2 14 0 0 0 3 49 0 0 0 0 12 0 0 0 0 0 2 20 48 22 157 0 0 0 0 0 12 4 0 20 89 274 90 12 0 0 6 63 0 0 0 91 93 55 38 18 0 0 0 0 0 0 0 0 0 0 0 0 0 0 0 0
1 0 0 0 0 15 2 0 0 4 64 8 6 1 43 58 54 29 18 0 0 1 5 2 1 8 7 7 0 1 0 0 0 3 14 1 0 0 0 6 0 80 5 2 3 3 5 1 0 0 6 99 56 55 33 11 2 0 0 0 0 0 0 0 0 0 0 0 0 0 0 0 0 0 0 0 1 48 297 1 0 4 0 0 0 0 0 138 11 0 0 6 5 4 0 0 0 1 5 1 14 2 0 0 0 13 17 20 189 6 0 0 0 5 53 61 170 748 94 259 583 140 0 6 359 51 0 0 0 102 222 0 0 0 0 0 0 0 0 0 0 0 0 0 0 0 0 0 0 0
0 1 4 1 0 2 1 4 5 8 11 114 22 21 1 3 2 5 2 0 1 0 0 1 22 4 1 2 40 3 0 0 0 1 3 0 0 2 3 0 0 24 71 10 2 0 3 1 1 0 1 96 28 5 1 1 0 0 2 0 0 0 0 0 0 0 0 0 0 0 0 0 0 0 0 0 0 20 51 4 0 4 0 0 0 0 1 7 4 0 0 0 8 6 1 0 0 0 0 4 0 0 0 6 20 0 29 32 36 12 0 0 0 0 155 669 903 473 83 48 105 126 161 310 180 2 0 2 15 685 166 0 0 0 0 0 0 0 0 0 0 0 0 0 0 0 0 0 0 0
0 0 0 0 0 0 9 7 6 2 23 35 1 1 3 0 1 0 3 10 1 0 0 0 2 0 1 3 4 0 0 0 0 1 0 0 0 3 12 1 0 1 0 0 3 3 0 2 0 0 4 156 0 6 2 0 2 2 2 2 0 0 0 0 0 0 0 0 0 0 0 0 0 0 0 0 0 11 137 61 12 18 20 0 0 0 1 0 1 0 0 0 0 11 1 1 0 0 0 4 0 0 0 0 4 10 14 4 32 0 0 0 14 1 12 26 0 80 662 317 20 252 624 577 533 465 117 237 1045 2065 792 2 0 0 0 0 0 0 0 0 0 0 0 0 0 0 0 0 0 0
0 1 0 0 1 4 3 3 0 17 26 20 0 31 2 3 2 1 4 1 0 0 0 0 0 28 32 0 0 0 0 4 1 0 0 0 0 0 4 14 0 0 0 2 0 1 8 2 0 4 51 550 18 11 0 5 1 3 0 2 0 0 0 0 0 0 0 0 0 0 0 0 0 0 0 0 0 7 64 0 1 32 32 0 0 0 0 0 1 1 0 0 0 0 6 4 0 2 0 4 1 0 0 0 1 1 3 3 195 45 5 24 7 0 2 15 0 499 635 691 701 788 994 993 1735 1581 944 1054 1057 899 910 0 0 0 0 0 0 0 0 0 0 0 0 0 0 0 0 0 0 0
0 1 0 0 3 2 0 4 10 30 0 0 1 0 2 16 1 1 0 0 0 0 0 0 2 11 21 4 2 0 0 6 1 2 4 2 2 8 7 0 1 0 4 0 0 1 3 0 23 56 922 714 42 109 33 2 3 7 0 7 1 0 0 0 0 0 0 0 0 0 0 0 0 0 0 1 0 0 10 1 2 5 2 0 0 0 0 0 2 1 0 0 2 0 0 0 0 0 6 6 16 6 36 2 4 9 54 100 5 6 6 0 2 0 1 9 1 57 621 1842 1771 1161 315 1397 2035 1363 254 817 792 25 173 19 0 0 0 0 0 0 0 0 0 0 0 0 0 0 0 0 0 0
2 2 0 3 5 0 4 0 51 8 5 0 1 0 3 1 2 3 0 0 0 0 0 0 7 2 0 0 0 0 3 54 30 1 0 3 0 1 0 0 0 0 0 0 0 0 0 0 1 68 1133 1031 769 969 100 34 1 6 8 13 1 0 0 0 0 0 0 0 0 0 0 0 0 0 0 0 0 0 0 8 0 0 0 0 0 0 0 3 147 0 0 10 2 0 0 0 0 0 0 16 8 1 56 39 8 24 389 14 5 0 1 1 0 0 0 9 12 11 195 631 404 826 395 3314 2210 941 246 308 49 662 1409 784 0 0 0 0 0 0 0 0 0 0 0 0 0 0 0 0 0 0
0 1 1 35 0 1 40 14 28 3 2 22 0 0 0 0 0 0 0 0 0 0 0 0 0 0 0 0 0 0 0 8 11 4 2 2 4 1 0 0 0 0 0 0 0 1 6 0 0 19 323 529 763 574 153 120 31 0 7 0 3 0 1 0 0 0 0 0 0 0 0 0 0 0 0 0 0 0 0 51 2 10 2 0 0 0 0 2 27 0 11 38 157 0 0 0 0 0 0 3 4 68 60 121 10 10 1 18 0 0 0 0 0 1 1 2 4 16 10 23 344 357 480 1045 2061 1042 524 449 449 997 497 380 6 0 0 0 0 0 0 0 0 0 0 0 0 0 0 0 0 0
6 0 5 22 6 15 7 19 6 1 0 0 0 0 0 0 0 0 0 0 0 0 2 0 3 0 0 0 0 1 4 2 0 0 0 4 1 1 1 0 0 0 0 0 0 1 2 2 2 5 26 312 394 88 26 33 18 2 5 3 8 0 0 0 0 0 0 0 0 0 0 0 0 0 0 0 0 0 0 0 6 3 0 0 0 0 33 32 7 0 2 176 274 1 0 0 0 0 0 30 45 7 66 293 23 3 9 1 5 0 0 0 0 0 0 2 0 1 34 17 215 949 849 563 365 761 1064 1770 228 213 106 192 0 0 0 0 0 0 0 0 0 0 0 0 0 0 0 0 0 0
1 2 35 0 2 2 35 79 19 2 0 0 0 7 0 0 0 0 0 1 0 0 0 0 0 0 0 0 3 0 0 0 0 0 0 0 0 0 0 0 0 0 0 0 0 0 0 2 17 19 4 55 153 53 19 0 2 96 97 3 0 0 1 0 0 0 0 0 0 0 0 0 0 0 0 0 0 0 0 0 0 6 12 40 6 14 1 1 0 0 96 346 186 2 0 0 0 3 48 34 89 599 284 667 485 34 14 10 7 0 0 0 0 0 0 0 0 44 25 375 470 920 2273 3235 1014 289 2139 3234 1719 1 0 0 0 0 0 0 0 0 0 0 0 0 0 0 0 0 0 0 0 0
4 18 43 0 11 14 3 42 4 4 1 1 0 0 0 0 0 0 0 0 0 0 0 0 0 0 21 10 5 0 0 0 1 8 0 5 0 0 0 0 3 0 0 0 1 1 0 0 1 7 0 8 107 4 1 0 0 7 143 21 4 1 0 0 0 0 0 0 0 0 0 0 0 0 0 0 0 0 0 0 3 6 12 0 0 2 1 10 12 39 111 159 109 17 93 132 4 4 0 16 161 610 855 380 368 41 1 5 5 5 0 0 0 0 2 0 0 309 351 777 792 34 12 239 226 268 397 1389 344 6 3 1 0 0 0 0 0 0 0 0 0 0 0 0 0 0 0 0 0 0
8 7 216 2 98 191 41 8 0 3 0 0 3 0 0 2 0 0 0 2 0 0 1 1 0 0 0 0 0 0 0 0 0 0 0 0 0 0 0 0 2 9 0 0 1 4 0 0 0 1 0 6 19 0 0 1 3 0 2 45 7 1 0 0 0 0 0 0 0 0 0 0 0 0 0 0 0 0 0 1 9 33 0 0 55 1 8 0 0 1 1 7 23 4 1 0 0 0 0 8 8 138 971 387 132 254 9 11 3 3 5 0 1 0 0 21 250 389 216 30 0 0 0 0 59 594 111 425 325 12 11 0 0 0 0 0 0 0 0 0 0 0 0 0 0 0 0 0 0 0
5 44 205 225 745 777 334 54 16 0 0 0 0 0 3 0 0 0 1 0 2 11 0 0 0 0 0 0 0 0 0 0 0 0 1 1 0 0 0 0 0 4 0 6 4 10 2 13 2 0 0 14 10 2 0 0 2 0 12 3 2 0 0 0 0 0 0 0 0 0 0 0 0 0 0 0 0 0 10 33 3 0 0 0 2 0 14 75 32 2 0 0 0 0 0 0 0 0 0 0 0 242 631 319 355 276 1 1 1 6 1 0 0 0 8 66 161 20 11 75 0 0 0 0 21 717 236 490 178 4 12 0 0 0 0 0 0 0 0 0 0 0 0 0 0 0 0 0 0 0
2 197 486 1800 582 815 342 76 2 0 2 2 4 0 0 1 0 1 2 0 2 7 0 0 6 0 0 0 1 0 0 0 0 0 1 0 0 0 0 0 0 5 1 6 5 0 0 14 94 0 0 0 21 0 0 1 3 2 3 0 0 9 0 0 0 0 0 0 0 0 0 0 0 0 0 0 0 113 3 0 0 0 0 0 0 0 22 4 0 0 1 2 0 0 0 2 0 0 0 0 23 54 46 23 232 176 0 0 0 1 10 0 7 18 17 0 3 1 17 57 34 87 6 0 6 101 59 180 34 3 0 0 0 0 0 0 0 0 0 0 0 0 0 0 0 0 0 0 0 0
1 13 379 369 206 220 147 26 2 4 0 1 0 1 0 0 0 0 0 3 3 2 0 0 3 0 0 5 0 4 7 0 0 0 3 0 1 0 0 0 0 0 1 0 2 0 0 2 1 9 1 0 0 0 0 15 0 0 0 0 0 0 0 0 0 0 0 0 0 0 0 0 0 0 0 0 3 2 0 0 0 0 0 0 0 0 39 2 2 17 32 1 0 0 4 11 0 0 2 532 1050 158 288 156 6 126 33 1 0 0 10 15 10 5 0 0 0 0 20 67 123 41 294 106 328 206 0 1 0 1 0 0 0 0 0 0 0 0 0 0 0 0 0 0 0 0 0 0 0 0
30 31 151 100 57 24 0 0 0 0 15 1 0 0 0 0 2 0 0 0 2 92 0 1 1 0 0 0 0 2 0 0 0 5 2 0 1 5 0 0 1 0 0 1 2 30 7 4 1 0 0 0 2 0 1 23 0 0 0 0 0 0 0 0 0 0 0 0 0 0 0 0 0 0 0 0 7 5 0 0 0 0 0 0 0 0 12 0 0 48 53 0 0 0 49 207 117 15 256 1727 516 529 169 37 1 52 50 117 0 1 11 0 0 1 0 0 0 2 17 27 135 5 7 66 9 24 5 5 73 37 6 0 0 0 0 0 0 0 0 0 0 0 0 0 0 0 0 0 0 0
83 21 44 5 1 0 0 0 0 0 0 0 0 0 0 0 0 0 0 4 2 11 4 0 0 0 0 0 0 4 1 1 1 14 33 0 0 0 0 0 0 0 0 2 5 15 0 2 0 0 2 0 3 5 150 37 15 0 0 0 0 0 0 0 0 0 0 0 0 0 0 0 0 0 15 6 1 0 0 0 0 0 0 0 0 0 12 6 0 2 133 19 1 6 146 395 131 1 99 136 22 5 20 8 2 0 1 220 634 161 0 0 0 0 0 0 0 0 0 2 37 30 0 0 22 132 69 30 238 46 41 0 0 0 0 0 0 0 0 0 0 0 0 0 0 0 0 0 0 0
27 1 9 4 0 0 2 0 0 0 0 0 0 0 0 0 0 0 0 0 1 2 0 0 0 0 1 0 0 0 9 47 9 1 0 0 0 0 0 0 0 0 0 0 1 3 4 0 0 0 0 0 11 2 12 0 0 0 0 0 0 0 0 0 0 0 0 0 0 0 0 0 0 0 9 37 0 0 0 0 0 0 0 0 1 0 53 70 186 53 135 20 10 10 2 34 20 8 0 0 1 5 3 0 3 0 182 311 189 92 0 0 0 0 0 0 0 0 0 1 0 21 1 22 17 231 71 313 117 167 19 0 0 0 0 0 0 0 0 0 0 0 0 0 0 0 0 0 0 0
2 0 0 2 0 0 0 0 0 0 0 0 0 0 0 0 0 0 0 2 2 1 0 1 0 0 0 0 5 0 2 0 1 1 0 1 0 0 0 0 0 1 0 0 0 10 29 1 0 0 0 4 9 44 57 1 1 0 0 0 0 0 0 0 0 0 0 0 0 0 0 6 3 9 2 0 0 0 0 0 0 0 0 0 0 0 0 0 162 13 0 0 0 3 2 63 0 5 5 0 0 3 0 5 7 244 1163 508 104 71 0 0 0 0 0 0 0 0 24 8 3 43 4 2 0 1 107 27 0 11 2 10 0 0 0 0 0 0 0 0 0 0 0 0 0 0 0 0 0 0
0 0 0 0 0 2 0 0 0 0 0 0 0 0 0 0 0 0 0 4 1 0 0 11 0 0 0 6 0 0 0 4 0 0 0 0 0 0 0 0 0 0 3 0 0 0 0 0 0 0 1 1 2 150 6 1 4 0 0 0 0 0 0 0 0 0 0 0 0 0 0 1 8 0 0 0 0 0 0 0 0 0 0 0 0 0 0 0 1 0 0 0 1 13 0 0 2 0 14 5 5 10 4 0 51 115 136 14 52 188 0 0 0 0 0 0 0 0 0 29 2 3 5 97 170 16 368 38 4 19 28 0 0 0 0 0 0 0 0 0 0 0 0 0 0 0 0 0 0 0
0 0 0 0 2 31 0 0 0 0 0 0 0 0 0 0 5 0 7 0 0 0 0 0 0 0 3 0 0 0 0 2 0 0 0 0 0 0 0 0 0 0 3 1 0 0 0 0 0 0 10 0 6 6 1 0 2 3 0 0 0 0 0 0 0 0 0 4 9 12 2 0 0 0 0 0 0 0 0 0 0 0 0 0 0 0 0 0 2 3 0 42 140 10 0 0 0 0 0 10 3 3 24 21 79 19 0 4 2 2 7 0 0 0 0 0 0 0 0 0 0 2 2 44 0 0 0 403 6 8 0 0 0 0 0 0 0 0 0 0 0 0 0 0 0 0 0 0 0 0
1 0 0 0 50 62 0 0 0 0 0 0 0 0 7 0 0 1 0 0 0 0 0 0 0 0 2 0 10 0 2 0 2 0 0 0 0 0 2 0 0 0 0 2 4 11 0 0 0 3 3 1 0 8 4 1 4 3 0 0 0 0 0 0 0 0 0 0 6 4 0 0 0 0 0 0 0 0 0 0 0 0 0 0 0 0 0 0 70 28 155 494 173 25 0 0 0 0 0 4 31 788 260 47 8 32 4 0 0 13 3 0 0 0 0 0 0 0 0 0 0 0 0 0 0 5 191 114 0 0 0 0 0 0 0 0 0 0 0 0 0 0 0 0 0 0 0 0 0 0
0 0 0 0 3 2 3 0 0 0 0 0 0 1 0 1 0 0 2 0 0 0 0 0 0 0 1 0 0 13 0 0 0 0 0 3 0 0 0 0 0 0 0 0 3 9 0 0 0 0 1 0 1 8 6 2 1 0 0 0 0 0 0 0 0 0 0 0 18 2 0 0 0 0 0 0 0 0 0 0 0 0 0 0 0 0 1 0 5 126 216 195 92 34 1 0 0 0 0 14 87 152 59 10 0 1 2 0 0 0 1 0 0 0 0 0 0 0 0 1 1 71 102 1 0 4 6 0 0 0 0 0 0 1 0 0 0 0 0 0 0 0 0 0 0 0 0 0 0 0
0 0 0 1 0 4 0 0 0 0 0 1 26 22 2 1 0 3 0 1 0 0 0 0 0 7 1 0 1 18 0 0 0 0 2 1 0 0 0 0 0 0 0 0 2 8 8 0 0 2 1 0 2 25 5 0 0 0 0 0 0 0 0 0 0 0 0 13 168 0 0 0 0 0 0 0 0 0 0 0 0 0 0 0 6 28 33 7 3 13 0 5 25 2 23 0 0 5 1 16 77 0 2 5 1 0 0 1 1 32 39 33 0 0 0 0 0 0 0 0 0 0 1 0 0 0 0 9 0 0 0 0 0 0 0 0 0 0 0 0 0 0 0 0 0 0 0 0 0 0
0 0 0 7 6 0 0 0 0 0 0 0 0 0 1 2 0 0 0 0 0 0 0 0 0 0 2 0 0 0 0 1 0 0 0 0 1 0 0 0 0 0 5 0 0 1 3 10 3 13 0 0 0 11 6 1 4 0 0 0 0 0 0 0 0 0 9 50 17 0 0 1 0 0 0 0 0 0 0 0 0 0 0 1 60 2 1 3 7 27 4 4 31 1 5 8 8 20 17 11 36 12 0 1 9 0 0 6 56 107 225 483 16 8 0 0 0 0 0 0 0 0 1 0 0 0 0 0 0 0 0 0 0 0 0 0 0 0 0 0 0 0 0 0 0 0 0 0 0 0
0 0 0 1 0 3 1 0 0 0 0 0 0 0 0 0 1 0 0 0 0 0 0 0 0 0 0 1 0 0 0 0 0 0 1 0 0 0 1 1 2 0 0 0 0 1 0 3 16 0 0 0 0 2 0 95 106 3 1 0 0 0 0 0 0 3 105 142 5 0 0 0 0 0 0 0 0 0 0 0 0 0 0 9 31 0 3 6 8 2 6 11 5 0 0 5 51 34 41 0 1 0 1 0 6 1 9 0 36 61 171 40 39 5 1 0 0 0 0 0 0 0 0 0 0 0 0 0 0 0 0 0 0 0 0 0 0 0 0 0 0 0 0 0 0 0 0 0 0 0
0 0 1 0 0 1 0 0 0 0 0 0 0 0 2 0 2 0 0 0 0 0 0 0 0 0 0 0 0 1 0 0 0 0 0 0 0 1 0 0 0 0 0 0 0 0 3 6 64 1 0 0 0 0 3 3 5 7 50 10 10 7 3 9 11 7 2 0 0 0 0 0 0 0 0 0 0 0 0 0 0 0 0 0 0 0 0 9 7 11 0 0 11 1 22 233 6 0 0 0 0 0 1 0 27 82 395 1285 501 93 24 0 1 6 0 0 0 0 0 0 0 0 0 0 0 0 0 0 0 0 0 0 0 0 0 0 0 0 0 0 0 0 0 0 0 0 0 0 0 0
0 0 1 1 6 71 5 8 1 0 3 3 0 0 0 0 1 0 0 0 0 0 0 0 0 0 0 0 0 1 0 1 0 0 0 2 0 0 11 1 4 0 0 1 2 3 54 9 2 5 1 0 1 4 10 2 1 0 0 2 0 1 0 1 2 0 1 8 0 9 0 4 0 0 0 0 0 0 0 0 0 0 0 0 0 0 0 0 1 15 11 20 1 3 144 14 0 0 0 0 0 0 0 6 31 81 165 453 194 275 106 156 118 6 0 0 0 0 0 0 0 0 0 0 0 0 0 0 0 0 0 0 0 0 0 0 0 0 0 0 0 0 0 0 0 0 0 0 0 0
0 0 0 0 25 48 1 0 0 0 0 0 0 1 0 0 8 0 0 0 0 0 0 0 0 0 0 0 0 0 0 0 3 0 0 0 0 0 0 1 2 2 8 1 1 0 7 2 1 0 5 0 5 3 6 0 0 6 2 3 0 1 1 1 1 1 4 11 2 0 0 0 17 1 0 0 0 0 0 0 0 0 0 0 0 0 0 0 1 0 0 0 9 29 3 19 333 2 0 0 0 0 0 56 169 261 1 0 4 42 0 5 11 0 0 0 0 0 0 0 0 0 0 0 0 0 0 0 0 0 0 0 0 0 0 0 0 0 0 0 0 0 0 0 0 0 0 0 0 0
0 0 0 0 0 2 0 0 5 1 0 0 0 1 0 0 0 0 0 0 0 0 0 0 0 0 0 0 0 0 0 8 1 5 0 0 0 0 0 0 0 0 0 0 0 0 2 3 2 3 0 0 1 3 0 0 0 0 7 6 4 10 0 0 0 0 0 0 0 0 1 3 5 4 0 0 0 0 0 0 0 0 0 0 0 0 0 0 1 0 0 30 84 46 8 270 378 0 0 0 0 0 0 3 19 0 0 0 0 1 40 84 1 0 0 0 0 0 0 0 0 0 0 0 0 0 0 0 0 0 0 0 0 0 0 0 0 0 0 0 0 0 0 0 0 0 0 0 0 0
0 0 0 0 0 0 0 0 0 10 0 0 1 0 3 1 0 0 0 3 0 0 0 0 0 0 0 0 0 0 0 0 0 1 0 0 0 0 0 0 0 0 0 0 0 0 0 0 0 0 6 2 3 3 1 0 0 0 5 7 7 0 0 0 0 0 0 0 1 1 4 0 0 0 0 0 0 0 0 0 0 0 0 0 0 0 0 0 11 2 13 11 231 221 45 0 0 0 0 0 0 0 0 3 0 0 3 14 0 122 187 3 0 0 0 0 0 0 0 0 0 0 0 0 0 0 0 0 0 0 0 0 0 0 0 0 0 0 0 0 0 0 0 0 0 0 0 0 0 0
0 0 0 0 1 2 0 0 0 0 0 0 0 2 1 0 0 0 0 0 0 0 0 0 2 0 0 0 0 0 0 0 0 0 0 0 0 0 0 0 0 0 0 0 1 0 0 0 0 0 8 10 23 0 0 2 0 0 2 6 7 0 0 0 0 0 0 0 0 0 1 0 0 0 0 0 0 0 0 0 0 0 0 0 0 0 0 0 0 0 24 68 501 0 0 7 6 0 0 0 0 0 0 1 0 0 0 3 29 4 108 2 0 0 0 0 0 0 0 0 0 0 0 0 0 0 0 0 0 0 0 0 0 0 0 0 0 0 0 0 0 0 0 0 0 0 0 0 0 0
0 0 0 0 0 0 0 0 0 1 0 2 8 1 0 0 0 0 0 1 0 0 0 1 0 0 0 0 0 0 0 0 0 0 0 0 6 0 0 0 0 0 0 0 0 0 0 0 0 0 4 18 0 0 0 1 5 0 3 19 3 1 0 0 0 0 0 0 0 0 3 101 3 0 0 0 0 0 0 0 0 0 0 0 0 0 0 0 1 1 6 18 8 6 6 0 0 0 0 0 0 0 0 0 0 0 0 0 0 0 0 0 0 0 0 0 0 0 0 0 0 0 0 0 0 0 0 0 0 0 0 0 0 0 0 0 0 0 0 0 0 0 0 0 0 0 0 0 0 0
2 0 0 0 0 0 0 0 0 2 0 0 0 0 0 0 0 1 0 0 0 3 8 46 0 0 0 0 0 0 0 0 0 0 0 0 8 0 0 0 0 0 0 0 0 0 0 0 0 0 0 38 6 2 3 3 0 0 0 1 0 16 15 2 0 0 0 0 0 0 0 8 4 0 4 0 0 0 0 0 0 0 0 0 0 0 0 0 1 0 1 16 11 23 8 4 1 0 0 0 0 0 0 0 0 0 0 0 0 0 0 0 0 0 0 0 0 0 0 0 0 0 0 0 0 0 0 0 0 0 0 0 0 0 0 0 0 0 0 0 0 0 0 0 0 0 0 0 0 0
0 0 0 0 0 0 0 0 0 2 1 0 0 0 0 0 0 0 0 1 4 0 0 2 5 0 0 0 0 2 0 0 0 0 0 0 0 1 0 0 0 0 0 0 0 0 0 0 0 0 2 32 37 4 1 0 2 0 0 0 0 37 125 0 0 0 0 0 0 0 0 0 3 1 5 0 0 0 0 0 0 0 0 0 0 0 0 0 0 0 6 2 0 28 15 4 0 0 1 0 0 0 0 0 0 0 0 0 0 0 0 0 0 0 0 0 0 0 0 0 0 0 0 0 0 0 0 0 0 0 0 0 0 0 0 0 0 0 0 0 0 0 0 0 0 0 0 0 0 0
0 0 0 0 0 0 0 0 1 0 0 0 5 13 0 0 0 0 0 0 0 0 1 0 0 0 0 0 1 0 0 1 0 0 0 0 0 0 0 0 1 0 0 0 0 0 0 0 0 6 7 34 195 7 7 2 0 0 0 0 0 33 0 0 0 0 0 0 0 0 0 0 0 13 1 0 0 0 0 0 0 0 0 0 0 0 0 0 0 0 23 10 17 11 5 4 0 0 0 0 0 0 0 0 0 0 0 0 0 0 0 0 0 0 0 0 0 0 0 0 0 0 0 0 0 0 0 0 0 0 0 0 0 0 0 0 0 0 0 0 0 0 0 0 0 0 0 0 0 0
0 0 0 0 0 0 0 0 3 0 1 0 8 8 0 2 3 1 1 0 0 0 0 0 1 2 0 0 0 0 0 0 0 0 0 0 0 0 0 0 0 0 0 0 0 0 0 0 2 7 3 16 218 1 22 0 0 0 0 0 0 11 9 0 0 0 0 0 0 0 0 0 0 0 0 0 0 0 0 0 0 0 0 0 0 0 0 0 0 0 0 0 2 5 9 0 11 3 0 13 0 0 0 0 0 0 0 0 0 0 0 0 0 0 0 0 0 0 0 0 0 0 0 0 0 0 0 0 0 0 0 0 0 0 0 0 0 0 0 0 0 0 0 0 0 0 0 0 0 0
0 0 0 0 1 0 0 0 2 14 0 0 0 1 1 0 1 0 0 0 0 0 0 2 1 2 0 0 0 0 0 0 0 1 0 0 0 2 0 0 3 0 0 0 0 0 0 3 4 1 1 24 41 0 0 0 0 0 0 2 13 3 0 1 0 0 0 0 0 0 0 0 0 0 0 0 0 0 0 0 0 0 0 0 0 0 0 0 0 0 0 0 0 0 0 0 1 1 2 0 0 0 0 0 0 0 0 0 0 0 0 0 0 0 0 0 0 0 0 0 0 0 0 0 0 0 0 0 0 0 0 0 0 0 0 0 0 0 0 0 0 0 0 0 0 2 0 0 0 0
0 0 5 0 0 0 0 0 0 1 11 25 0 0 0 0 0 0 0 0 0 1 0 1 6 0 0 0 0 0 0 1 5 3 17 0 0 1 0 0 0 0 0 0 0 0 22 9 0 0 0 0 0 0 0 0 0 0 0 0 11 0 1 0 0 0 0 0 0 0 0 0 0 0 0 0 0 0 0 0 0 0 0 0 0 0 0 0 0 0 0 0 0 0 0 0 26 22 0 0 0 0 0 0 0 0 0 0 0 0 0 0 0 0 0 0 0 0 0 0 0 0 0 0 0 0 0 0 0 0 0 0 0 0 0 0 0 0 0 0 0 0 0 4 4 20 0 0 0 0
0 0 0 0 0 0 0 0 0 0 0 1 0 0 0 0 0 0 0 1 5 1 0 0 1 1 0 0 0 0 0 0 0 0 1 0 0 4 0 0 0 0 0 0 1 3 11 0 0 0 0 0 0 0 0 0 0 0 0 0 0 3 0 0 0 0 0 0 0 0 0 1 0 0 0 0 0 0 0 0 0 0 0 0 0 0 0 0 0 0 0 0 0 0 8 1 13 1 0 0 6 0 0 0 0 0 0 0 0 0 0 0 0 0 0 0 0 0 0 0 0 0 0 0 0 0 0 0 0 0 0 0 0 0 0 0 0 0 0 0 0 0 0 0 0 0 0 0 0 0
0 0 0 0 2 0 0 0 0 0 0 8 0 0 0 0 1 0 2 0 0 0 0 0 0 0 0 0 0 0 0 0 0 0 0 0 0 0 0 0 0 0 0 0 1 0 0 0 0 0 0 0 0 0 0 0 0 0 0 0 4 0 0 0 0 0 0 0 0 0 1 0 0 0 0 0 0 0 0 0 0 0 0 0 0 0 0 0 0 0 0 0 0 0 9 0 0 0 0 1 0 9 0 0 0 0 0 0 0 0 0 0 0 0 0 0 0 0 0 0 0 0 0 0 0 0 0 0 0 0 0 0 0 0 0 0 0 0 0 0 0 0 0 0 0 0 0 0 0 0
0 0 0 0 0 0 0 0 0 1 3 0 28 0 0 11 3 0 0 0 0 0 0 0 0 0 0 0 0 0 0 0 0 0 0 0 0 0 0 0 0 0 0 3 4 0 0 0 0 0 0 0 0 0 0 0 0 0 0 0 2 0 0 0 0 0 0 0 0 0 5 0 0 0 0 0 0 0 0 0 0 0 0 0 0 0 0 0 0 0 0 0 0 0 1 1 4 0 0 0 0 0 0 0 0 0 0 0 0 0 0 0 0 0 0 0 0 0 0 0 0 0 0 0 0 0 0 0 0 0 0 0 0 0 0 0 0 0 0 0 0 0 0 0 0 0 0 0 0 0
4 0 0 0 0 0 0 0 1 1 0 4 21 3 6 7 14 7 0 0 0 0 0 0 0 0 0 0 0 0 0 0 0 0 0 0 0 0 0 0 0 0 0 2 1 0 0 0 0 0 0 0 0 0 0 0 0 0 0 2 5 0 0 0 0 0 0 0 30 0 0 0 0 0 0 0 0 0 0 0 0 0 0 0 0 0 0 0 0 0 0 0 0 0 0 0 1 0 5 6 0 0 0 0 0 0 0 0 0 0 0 0 0 0 0 0 0 0 0 0 0 0 0 0 0 0 0 0 0 0 0 0 0 0 0 0 0 0 0 0 0 0 0 0 0 0 0 0 0 0
0 0 0 0 0 0 0 0 0 0 0 0 4 3 0 0 3 29 6 0 0 0 0 0 0 0 0 0 0 0 0 0 0 0 0 3 10 14 2 4 0 0 5 0 0 0 0 0 0 0 0 0 0 0 0 0 0 0 0 0 2 12 4 0 0 0 0 2 137 51 0 0 0 0 0 0 0 0 0 0 0 0 0 0 0 0 0 0 0 0 0 0 0 0 0 0 0 0 0 0 0 0 0 0 0 0 0 0 0 0 0 0 0 0 0 0 0 0 0 0 0 0 0 0 0 0 0 0 0 0 0 0 0 0 0 0 0 0 0 0 0 0 0 0 0 0 0 0 0 0
1 1 4 2 0 0 0 0 0 0 0 1 77 15 0 6 66 0 2 13 0 0 0 30 0 5 0 0 0 0 6 2 0 0 4 5 24 11 5 4 0 2 16 0 0 0 0 0 0 0 0 0 0 0 0 0 0 0 0 0 0 0 0 3 118 94 6 0 0 0 0 0 0 0 0 0 0 0 0 0 0 0 0 0 0 0 0 0 0 0 0 0 0 0 0 0 0 0 0 0 0 0 0 0 0 0 0 0 0 0 0 0 0 0 0 0 0 0 0 0 0 0 0 0 0 0 0 0 0 0 0 0 0 0 0 0 0 0 0 0 0 0 0 0 0 0 0 0 0 0
9 99 7 0 0 0 0 0 0 0 4 7 10 0 0 0 6 2 0 8 27 245 67 25 4 0 0 0 0 3 0 0 0 0 2 6 40 0 0 5 1 0 0 0 0 0 0 0 0 0 0 0 0 0 0 0 0 0 0 0 0 0 0 0 6 1 0 0 0 0 0 0 0 0 0 0 0 0 0 0 0 0 0 0 0 0 0 0 0 0 0 0 0 0 0 0 0 0 0 0 0 0 0 0 0 0 0 0 0 0 0 0 0 0 0 0 0 0 0 0 0 0 0 0 0 0 0 0 0 0 0 0 0 0 0 0 0 0 0 0 0 0 0 0 0 0 0 0 0 0
32 13 15 1 0 5 0 0 0 0 0 1 4 0 0 0 16 4 2 3 1 200 30 10 18 8 0 0 8 16 12 0 0 0 0 0 2 5 1 3 4 10 0 0 0 0 0 0 0 0 0 0 0 0 0 0 0 0 0 0 0 0 0 0 0 0 0 0 0 0 0 0 0 0 0 0 0 0 0 0 0 0 0 0 0 0 0 0 0 1 0 0 0 0 0 0 0 0 0 0 0 0 0 0 0 0 0 0 0 0 0 0 0 0 0 0 0 0 0 0 0 0 0 0 0 0 0 0 0 0 0 0 0 0 0 0 0 0 0 0 0 0 0 0 0 0 0 0 0 0
0 0 0 0 1 0 0 0 0 0 0 1 8 0 0 0 1 2 12 6 0 7 9 10 2 20 6 4 2 2 0 0 0 0 2 1 3 1 0 0 0 0 0 0 0 0 0 0 0 0 0 0 0 0 0 0 0 0 0 0 0 0 0 0 0 0 0 0 0 0 0 0 0 0 0 0 0 0 0 0 0 0 0 0 0 0 0 0 0 0 0 0 0 0 0 0 0 0 0 0 0 0 0 0 0 0 0 0 0 0 0 0 0 0 0 0 0 0 0 0 0 0 0 0 0 0 0 0 0 0 0 0 0 0 0 0 0 0 0 0 0 0 0 0 0 0 0 0 0 0
0 0 0 0 0 0 0 0 0 0 0 0 0 1 0 0 0 0 0 6 1 0 0 3 9 14 18 15 34 4 6 4 4 19 21 0 0 0 0 0 0 0 0 0 0 0 0 0 0 0 0 0 0 0 0 0 0 0 0 0 0 0 0 0 0 0 0 0 0 0 0 0 0 0 0 0 0 0 0 0 0 0 0 0 0 0 0 0 0 0 0 0 0 0 0 0 0 0 0 0 0 0 0 0 0 0 0 0 0 0 0 0 0 0 0 0 0 0 0 0 0 0 0 0 0 0 0 0 0 0 0 0 0 0 0 0 0 0 0 0 0 0 0 0 0 0 0 0 0 0
0 0 0 0 0 0 0 0 0 0 0 0 0 0 0 0 0 1 0 0 0 1 0 0 2 0 1 8 270 48 3 9 3 30 3 0 5 0 0 0 0 0 0 0 0 0 0 0 0 0 0 0 0 0 0 0 0 0 0 0 0 0 0 0 0 0 0 0 0 0 0 0 0 0 0 0 0 0 0 0 0 0 0 0 0 0 0 0 0 0 0 0 0 0 0 0 0 0 0 0 0 0 0 0 0 0 0 0 0 0 0 0 0 0 0 0 0 0 0 0 0 0 0 0 0 0 0 0 0 0 0 0 0 0 0 0 0 0 0 0 0 0 0 0 0 0 0 0 0 0
0 0 0 0 0 0 0 0 0 0 0 0 0 0 0 0 0 0 0 0 0 0 0 0 2 3 14 10 0 0 15 0 3 17 0 2 12 0 0 0 0 0 0 0 0 0 0 0 0 0 0 0 0 0 0 0 0 0 0 0 0 0 0 0 0 0 0 0 0 0 0 0 0 0 0 0 0 0 0 0 0 0 0 0 0 0 0 0 0 0 0 0 0 0 0 0 0 0 0 0 0 0 0 0 0 0 0 0 0 0 0 0 0 0 0 0 0 0 0 0 0 0 0 0 0 0 0 0 0 0 0 0 0 0 0 0 0 0 0 0 0 0 0 0 0 0 0 0 0 0
0 0 0 0 0 0 0 3 0 0 1 0 0 0 0 0 0 0 0 0 0 0 0 0 7 4 14 0 0 0 13 1 1 0 0 2 5 0 0 0 0 0 0 0 0 0 0 0 0 0 0 0 0 0 0 0 0 0 0 0 0 0 0 0 0 0 0 0 0 0 0 0 0 0 0 0 0 0 0 0 0 0 0 0 0 0 0 0 0 0 0 0 0 0 0 0 0 0 0 0 0 0 0 0 0 0 0 0 0 0 0 0 0 0 0 0 0 0 0 0 0 0 0 0 0 0 0 0 0 0 0 0 0 0 0 0 0 0 0 0 0 0 0 0 0 0 0 0 0 0
0 0 0 0 0 0 0 3 1 0 0 0 9 11 0 0 0 0 0 0 0 0 0 0 0 0 0 0 0 0 0 0 17 0 0 1 7 4 0 0 0 0 0 0 0 0 0 0 0 0 0 0 0 0 0 0 0 0 0 0 0 0 0 0 0 0 0 0 0 0 0 0 0 0 0 0 0 0 0 0 0 0 0 0 0 0 0 0 0 0 0 0 0 0 0 0 0 0 0 0 0 0 0 0 0 0 0 0 0 0 0 0 0 0 0 0 0 0 0 0 0 0 0 0 0 0 0 0 0 0 0 0 0 0 0 0 0 0 0 0 0 0 0 0 0 0 0 0 0 0
0 0 0 0 0 0 0 0 0 0 2 2 3 0 0 0 0 0 0 0 0 0 0 0 0 0 0 16 6 3 12 0 0 0 0 0 0 0 0 0 0 0 0 0 0 0 0 0 0 0 0 0 0 0 0 0 0 0 0 0 0 0 0 0 0 0 0 0 0 0 0 0 0 0 0 0 0 0 0 0 0 0 0 0 0 0 0 0 0 0 0 0 0 0 0 0 0 0 0 0 0 0 0 0 0 0 0 0 0 0 0 0 0 0 0 0 0 0 0 0 0 0 0 0 0 0 0 0 0 0 0 0 0 0 0 0 0 0 0 0 0 0 0 0 0 0 0 0 0 0
0 0 0 0 0 0 0 0 0 0 1 0 0 0 0 0 0 0 0 0 0 0 0 0 0 0 0 7 3 0 0 0 5 6 4 0 0 0 0 0 0 0 0 0 0 0 0 0 0 0 0 0 0 0 0 0 0 0 0 0 0 0 0 0 0 0 0 0 0 0 0 0 0 0 0 0 0 0 0 0 0 0 0 0 0 0 0 0 0 0 0 0 0 0 0 0 0 0 0 0 0 0 0 0 0 0 0 0 0 0 0 0 0 0 0 0 0 0 0 0 0 0 0 0 0 0 0 0 0 0 0 0 0 0 0 0 0 0 0 0 0 0 0 0 0 0 0 0 0 0
0 0 0 0 0 0 0 0 0 0 8 0 0 0 0 0 0 0 0 0 0 0 0 0 0 0 0 0 0 0 0 3 4 2 0 0 0 0 0 0 0 0 0 0 0 0 0 0 0 0 0 0 0 0 0 0 0 0 0 0 0 0 0 0 0 0 0 0 0 0 0 0 0 0 0 0 0 0 0 0 0 0 0 0 0 0 0 0 0 0 0 0 0 0 0 0 0 0 0 0 0 0 0 0 0 0 0 0 0 0 0 0 0 0 0 0 0 0 0 0 0 0 0 0 0 0 0 0 0 0 0 0 0 0 0 0 0 0 0 0 0 0 0 0 0 0 0 0 0 0
0 0 0 0 0 0 0 0 0 5 3 0 0 0 0 0 0 0 0 0 0 0 0 0 0 0 0 0 0 0 0 0 0 0 0 0 0 0 0 0 0 0 0 0 0 0 0 0 0 0 0 0 0 0 0 0 0 0 0 0 0 0 0 0 0 0 0 0 0 0 0 0 0 0 0 0 0 0 0 0 0 0 0 0 0 0 0 0 0 0 0 0 0 0 0 0 0 0 0 0 0 0 0 0 0 0 0 0 0 0 0 0 0 0 0 0 0 0 0 0 0 0 0 0 0 0 0 0 0 0 0 0 0 0 0 0 0 0 0 0 0 0 0 0 0 0 0 0 0 0
0 0 0 0 0 0 0 0 0 0 2 0 0 0 0 0 0 0 0 0 0 0 0 0 0 0 0 0 0 0 0 0 0 0 0 0 0 0 0 0 0 0 0 0 0 0 0 0 0 0 0 2 0 0 0 0 0 0 0 0 0 0 0 0 0 0 0 0 0 0 0 0 0 0 0 0 0 0 0 0 0 0 0 0 0 0 0 0 0 0 0 0 0 0 0 0 0 0 0 0 0 0 0 0 0 0 0 0 0 0 0 0 0 0 0 0 0 0 0 0 0 0 0 0 0 0 0 0 0 0 0 0 0 0 0 0 0 0 0 0 0 0 0 0 0 0 0 0 0 0
0 0 1 0 0 0 0 0 14 21 0 0 0 0 0 0 0 0 0 0 0 0 0 0 0 0 0 0 0 0 0 0 0 0 0 0 0 0 0 0 0 0 0 0 0 0 0 0 0 0 1 0 0 0 0 0 0 0 0 0 0 0 0 0 0 0 0 0 0 0 0 0 0 0 0 0 0 0 0 0 0 0 0 0 0 0 0 0 0 0 0 0 0 0 0 0 0 0 0 0 0 0 0 0 0 0 0 0 0 0 0 0 0 0 0 0 0 0 0 0 0 0 0 0 0 0 0 0 0 0 0 0 0 0 0 0 0 0 0 0 0 0 0 0 0 0 0 0 0 0
0 0 0 0 0 7 22 28 22 2 0 0 0 0 0 0 0 0 0 0 0 0 0 0 0 0 0 0 0 0 0 0 0 0 0 0 0 0 0 0 0 0 0 0 0 0 0 0 0 28 58 0 0 0 0 0 0 0 0 0 0 0 0 0 0 0 0 0 0 0 0 0 0 0 0 0 0 0 0 0 0 0 0 0 0 0 0 0 0 0 0 0 0 0 0 0 0 0 0 0 0 0 0 0 0 0 0 0 0 0 0 0 0 0 0 0 0 0 0 0 0 0 0 0 0 0 0 0 0 0 0 0 0 0 0 0 0 0 0 0 0 0 0 0 0 0 0 0 0 0
0 0 0 0 0 14 50 37 0 0 0 0 0 0 0 0 0 0 0 0 0 0 0 0 0 0 0 0 0 0 0 0 0 0 0 0 0 0 0 0 0 0 0 0 0 0 0 0 0 0 0 0 7 0 0 0 0 0 0 0 0 0 0 0 0 0 0 0 0 0 0 0 0 0 0 0 0 0 0 0 0 0 0 0 0 0 0 0 0 0 0 0 0 0 0 0 0 0 0 0 0 0 0 0 0 0 0 0 0 0 0 0 0 0 0 0 0 0 0 0 0 0 0 0 0 0 0 0 0 0 0 0 0 0 0 0 0 0 0 0 0 0 0 0 0 0 0 0 0 0
0 0 0 0 0 0 0 0 0 0 0 0 0 0 0 0 0 0 0 0 0 0 0 0 0 0 0 0 0 0 0 0 0 0 0 0 0 0 0 0 0 0 0 0 0 0 0 0 0 0 0 0 2 6 0 0 0 0 0 0 0 0 0 0 0 0 0 0 0 0 0 0 0 0 0 0 0 0 0 0 0 0 0 0 0 0 0 0 0 0 0 0 0 0 0 0 0 0 0 0 0 0 0 0 0 0 0 0 0 0 0 0 0 0 0 0 0 0 0 0 0 0 0 0 0 0 0 0 0 0 0 0 0 0 0 0 0 0 0 0 0 0 0 0 0 0 0 0 0 0
0 0 0 0 0 0 0 0 0 0 0 0 0 0 0 0 0 0 0 0 0 0 0 0 0 0 0 0 0 0 0 0 0 0 0 0 0 0 0 0 0 0 0 0 0 0 0 0 0 0 0 0 1 2 0 0 0 0 0 0 0 0 0 0 0 0 0 0 0 0 0 0 0 0 0 0 0 0 0 0 0 0 0 0 0 0 0 0 0 0 0 0 0 0 0 0 0 0 0 0 0 0 0 0 0 0 0 0 0 0 0 0 0 0 0 0 0 0 0 0 0 0 0 0 0 0 0 0 0 0 0 0 0 0 0 0 0 0 0 0 0 0 0 0 0 0 0 0 0 0
0 0 0 0 0 0 0 0 0 0 0 0 0 0 0 0 0 0 0 0 0 0 0 0 0 0 0 0 0 0 0 0 0 0 0 0 0 0 0 0 0 0 0 0 0 0 0 2 0 0 0 3 1 0 0 0 0 0 0 0 0 0 0 0 0 0 0 0 0 0 0 0 0 0 0 0 0 0 0 0 0 0 0 0 0 0 0 0 0 0 0 0 0 0 0 0 0 0 0 0 0 0 0 0 0 0 0 0 0 0 0 0 0 0 0 0 0 0 0 0 0 0 0 0 0 0 0 0 0 0 0 0 0 0 0 0 0 0 0 0 0 0 0 0 0 0 0 0 0 0
0 0 0 0 0 0 0 0 0 0 0 0 0 0 0 0 0 0 0 0 0 0 0 0 0 0 0 0 0 0 0 0 3 0 0 0 0 0 0 0 0 0 0 0 0 0 0 0 0 0 0 0 51 0 0 0 0 0 0 0 0 0 0 0 0 0 0 0 0 0 0 0 0 0 0 0 0 0 0 0 0 0 0 0 0 0 0 0 0 0 0 0 0 0 0 0 0 0 0 0 0 0 0 0 0 0 0 0 0 0 0 0 0 0 0 0 0 0 0 0 0 0 0 0 0 0 0 0 0 0 0 0 0 0 0 0 0 0 0 0 0 0 0 0 0 0 0 0 0 0
0 0 0 0 0 0 0 0 0 0 0 0 0 0 0 0 0 0 0 0 0 0 0 0 0 0 0 0 0 3 3 0 0 0 1 0 0 0 0 0 0 0 0 0 0 0 0 0 0 0 0 0 0 2 0 0 0 0 0 0 0 0 0 0 0 0 0 0 0 0 0 0 0 0 0 0 0 0 0 0 0 0 0 0 0 0 0 0 0 0 0 0 0 0 0 0 0 0 0 0 0 0 0 0 0 0 0 0 0 0 0 0 0 0 0 0 0 0 0 0 0 0 0 0 0 0 0 0 0 0 0 0 0 0 0 0 0 0 0 0 0 0 0 0 0 0 0 0 0 0
0 0 0 0 0 0 0 0 0 0 0 0 0 0 0 0 0 0 0 0 0 0 0 0 0 0 0 0 0 0 2 20 5 0 0 0 0 0 0 0 0 0 0 0 0 0 0 0 0 0 0 0 0 0 0 0 0 0 0 0 0 0 0 0 0 0 0 0 0 0 0 0 0 0 0 0 0 0 0 0 0 0 0 0 0 0 0 0 0 0 0 0 0 0 0 0 0 0 0 0 0 0 0 0 0 0 0 0 0 0 0 0 0 0 0 0 0 0 0 0 0 0 0 0 0 0 0 0 0 0 0 0 0 0 0 0 0 0 0 0 0 0 0 0 0 0 0 0 0 0
0 0 0 0 0 0 0 0 0 0 0 0 0 0 0 0 0 0 0 0 0 0 0 0 0 0 0 0 0 0 2 10 0 0 0 2 0 0 0 0 0 0 0 0 0 0 0 0 0 0 0 0 0 0 0 0 0 0 0 0 0 0 0 0 0 0 0 0 0 0 0 0 0 0 0 0 0 0 0 0 0 0 0 0 0 0 0 0 0 0 0 0 0 0 0 0 0 0 0 0 0 0 0 0 0 0 0 0 0 0 0 0 0 0 0 0 0 0 0 0 0 0 0 0 0 0 0 0 0 0 0 0 0 0 0 0 0 0 0 0 0 0 0 0 0 0 0 0 0 0
0 0 0 0 0 0 0 0 0 0 0 0 0 0 0 0 0 0 0 0 0 0 0 0 0 0 1 0 0 2 0 0 0 0 0 0 0 0 0 0 0 0 0 0 0 0 0 0 0 0 0 0 0 0 0 0 0 0 0 0 0 0 0 0 0 0 0 0 0 0 0 0 0 0 0 0 0 0 0 0 0 0 0 0 0 0 0 0 0 0 0 0 0 0 0 0 0 0 0 0 0 0 0 0 0 0 0 0 0 0 0 0 0 0 0 0 0 0 0 0 0 0 0 0 0 0 0 0 0 0 0 0 0 0 0 0 0 0 0 0 0 0 0 0 0 0 0 0 0 0
0 0 0 0 0 0 0 0 0 0 0 0 0 0 0 0 0 0 0 0 0 0 0 0 0 0 0 0 0 37 9 0 0 0 0 0 0 0 0 0 0 0 0 0 0 0 0 0 0 0 0 0 0 0 0 0 0 0 0 0 0 0 0 0 0 0 0 0 0 0 0 0 0 0 0 0 0 0 0 0 0 0 0 0 0 0 0 0 0 0 0 0 0 0 0 0 0 0 0 0 0 0 0 0 0 0 0 0 0 0 0 0 0 0 0 0 0 0 0 0 0 0 0 0 0 0 0 0 0 0 0 0 0 0 0 0 0 0 0 0 0 0 0 0 0 0 0 0 0 0
0 0 0 0 0 0 0 0 0 0 0 0 0 0 0 0 0 0 0 0 0 0 0 0 0 0 2 0 0 0 0 0 0 0 0 0 0 0 0 0 0 0 0 0 0 0 0 0 0 20 0 0 0 0 0 0 0 0 0 0 0 0 0 0 0 0 0 0 0 0 0 0 0 0 0 0 0 0 0 0 0 0 0 0 0 0 0 0 0 0 0 0 0 0 0 0 0 0 0 0 0 0 0 0 0 0 0 0 0 0 0 0 0 0 0 0 0 0 0 0 0 0 0 0 0 0 0 0 0 0 0 0 0 0 0 0 0 0 0 0 0 0 0 0 0 0 0 0 0 0
0 0 0 0 0 0 0 0 0 0 0 0 0 0 0 0 0 0 0 0 0 0 0 0 0 0 10 0 0 0 0 0 0 0 0 0 0 0 0 0 0 0 0 0 0 0 0 0 0 0 0 0 0 0 0 0 0 0 0 0 0 0 0 0 0 0 0 0 0 0 0 0 0 0 0 0 0 0 0 0 0 0 0 0 0 0 0 0 0 0 0 0 0 0 0 0 0 0 0 0 0 0 0 0 0 0 0 0 0 0 0 0 0 0 0 0 0 0 0 0 0 0 0 0 0 0 0 0 0 0 0 0 0 0 0 0 0 0 0 0 0 0 0 0 0 0 0 0 0 0
0 0 0 0 0 0 0 0 0 0 0 0 0 0 0 0 0 0 0 0 0 0 0 0 0 0 0 1 7 0 0 0 0 0 0 0 0 0 0 0 0 0 0 0 0 0 0 0 0 0 0 0 0 0 0 0 0 0 0 0 0 0 0 0 0 0 0 0 0 0 0 0 0 0 0 0 0 0 0 0 0 0 0 0 0 0 0 0 0 0 0 0 0 0 0 0 0 0 0 0 0 0 0 0 0 0 0 0 0 0 0 0 0 0 0 0 0 0 0 0 0 0 0 0 0 0 0 0 0 0 0 0 0 0 0 0 0 0 0 0 0 0 0 0 0 0 0 0 0 0
0 0 0 0 0 0 0 0 0 0 0 0 0 0 0 0 0 0 0 0 0 0 0 0 0 0 0 0 0 0 0 0 0 0 0 0 0 0 0 0 0 0 0 0 0 0 0 0 0 0 0 0 0 0 0 0 0 0 0 0 0 0 0 0 0 0 0 0 0 0 0 0 0 0 0 0 0 0 0 0 0 0 0 0 0 0 0 0 0 0 0 0 0 0 0 0 0 0 0 0 0 0 0 0 0 0 0 0 0 0 0 0 0 0 0 0 0 0 0 0 0 0 0 0 0 0 0 0 0 0 0 0 0 0 0 0 0 0 0 0 0 0 0 0 0 0 0 0 0 0
0 0 0 0 0 0 0 0 0 0 0 0 0 0 0 0 0 0 0 0 0 0 0 0 0 0 0 0 0 0 0 0 0 0 0 0 0 0 0 0 0 0 0 0 0 0 0 0 0 0 0 0 0 0 0 0 0 0 0 0 0 0 0 0 0 0 0 0 0 0 0 0 0 0 0 0 0 0 0 0 0 0 0 0 0 0 0 0 0 0 0 0 0 0 0 0 0 0 0 0 0 0 0 0 0 0 0 0 0 0 0 0 0 0 0 0 0 0 0 0 0 0 0 0 0 0 0 0 0 0 0 0 0 0 0 0 0 0 0 0 0 0 0 0 0 0 0 0 0 0
0 0 0 0 0 0 0 0 0 0 0 0 0 0 0 0 0 0 0 0 0 0 0 0 0 0 0 0 0 0 0 0 0 0 0 0 0 0 0 0 0 0 0 0 0 0 0 0 0 0 0 0 0 0 0 0 0 0 0 0 0 0 0 0 0 0 0 0 0 0 0 0 0 0 0 0 0 0 0 0 0 0 0 0 0 0 0 0 0 0 0 0 0 0 0 0 0 0 0 0 0 0 0 0 0 0 0 0 0 0 0 0 0 0 0 0 0 0 0 0 0 0 0 0 0 0 0 0 0 0 0 0 0 0 0 0 0 0 0 0 0 0 0 0 0 0 0 0 0 0
0 0 0 0 0 0 0 0 0 0 0 0 0 0 0 0 0 0 0 0 0 0 0 0 0 0 0 0 0 0 0 0 0 0 0 0 0 0 0 0 0 0 0 0 0 0 0 0 0 0 0 0 0 0 0 0 0 0 0 0 0 0 0 0 0 0 0 0 0 0 0 0 0 0 0 0 0 0 0 0 0 0 0 0 0 0 0 0 0 0 0 0 0 0 0 0 0 0 0 0 0 0 0 0 0 0 0 0 0 0 0 0 0 0 0 0 0 0 0 0 0 0 0 0 0 0 0 0 0 0 0 0 0 0 0 0 0 0 0 0 0 0 0 0 0 0 0 0 0 0
0 0 0 0 0 0 0 0 0 0 0 0 0 0 0 0 0 0 0 0 0 0 0 0 0 0 0 0 0 0 0 0 0 0 0 0 0 0 0 0 0 0 0 0 0 0 0 0 0 0 0 0 0 0 0 0 0 0 0 0 0 0 0 0 0 0 0 0 0 0 0 0 0 0 0 0 0 0 0 0 0 0 0 0 0 0 0 0 0 0 0 0 0 0 0 0 0 0 0 0 0 0 0 0 0 0 0 0 0 0 0 0 0 0 0 0 0 0 0 0 0 0 0 0 0 0 0 0 0 0 0 0 0 0 0 0 0 0 0 0 0 0 0 0 0 0 0 0 0 0
