0 0 43 7 0 0 6 1 26 88 10 10 0 8 0 0 0 6 5 0 4 3 1 0 0 16 0 1 0 0 0 0 3 2 11 6 0 0 1 6 0 5 0 1 5 0 0 0 0 0 0 0 0 1 5 8 0 0 0 8 71 22 5 3 2 3 12 1 0 0 0 10 17 242 221 446 133 18 61 10 42 415 105 153 175 239 251 197 41 263 1395 875 68 829 642 749 1042 630 1072 207 230 142 28 44 42 42 47 632 331 36 16 6 43 211 46 45 24 29 4 0 8 31 25 21 7 23 0 3 10 12 6 32 4 6 3 0 0 0 0 0 2 0 0 0 0 0 0 0 0 32
0 4 4 11 3 0 0 0 0 30 8 23 11 0 0 0 0 9 12 0 0 2 20 0 14 47 0 2 0 0 0 0 0 0 0 0 0 0 4 0 0 0 1 0 0 0 0 0 0 0 0 0 0 8 4 0 0 0 0 35 131 10 19 52 4 0 0 1 0 2 0 4 90 89 54 6 62 99 17 29 113 72 25 6 185 293 406 210 266 392 85 47 404 458 422 379 694 565 1081 1127 397 58 135 87 17 10 1 40 45 20 11 12 2 16 123 28 10 40 2 47 8 9 26 6 2 2 2 6 28 36 46 9 168 56 1 0 0 0 4 134 53 0 0 0 0 0 0 0 0 0
1 1 0 3 6 0 0 0 1 22 1 7 16 3 0 0 0 5 13 1 0 18 92 29 17 0 2 12 0 0 0 0 0 5 0 9 0 7 0 20 2 0 0 2 0 0 0 0 0 0 0 0 0 0 5 0 0 2 2 23 14 12 2 3 0 0 3 0 0 2 1 9 3 0 3 8 3 47 227 291 160 109 26 240 66 213 784 246 10 16 337 48 207 892 631 871 271 524 308 622 707 453 25 68 18 16 11 30 229 153 58 9 4 7 9 12 19 94 23 24 47 24 9 10 5 24 3 13 2 30 8 11 99 208 1 0 3 0 11 50 12 0 0 0 0 0 0 0 0 0
72 9 0 0 0 0 0 0 0 1 2 4 0 0 0 1 1 0 7 1 0 0 4 27 14 0 0 22 20 0 5 0 0 0 0 2 0 1 0 3 13 0 0 0 0 0 0 0 0 0 8 0 0 1 71 37 2 25 22 2 3 1 10 13 0 0 0 0 0 2 15 132 6 1 2 34 51 100 397 327 145 108 25 139 225 31 41 233 6 178 1030 996 1427 601 1239 564 434 408 850 562 587 683 205 228 21 133 10 39 433 128 28 25 38 37 1 11 34 176 100 26 58 112 22 14 8 56 3 0 38 4 3 15 13 1 17 0 12 0 0 52 77 0 0 0 0 0 0 0 0 0
5 9 0 0 0 0 0 0 2 3 2 1 0 0 0 16 36 2 0 2 3 1 1 0 3 1 0 1 0 4 2 0 0 0 10 18 11 0 2 2 0 0 0 0 0 0 0 0 2 10 2 0 0 2 63 245 42 56 5 0 9 0 0 22 0 0 0 0 0 16 175 69 141 159 32 58 75 175 351 339 390 325 498 14 276 125 71 93 19 418 1470 555 690 901 708 314 171 880 470 839 1437 1294 863 696 435 154 87 24 13 25 15 49 33 52 15 5 10 40 61 106 278 692 171 10 9 5 10 2 5 10 0 1 0 0 12 4 0 0 0 2 55 7 0 0 0 0 0 0 0 0
18 3 0 0 1 0 0 0 6 0 9 1 0 0 0 13 0 2 37 108 9 11 0 0 0 0 0 0 1 1 1 66 0 0 2 96 78 22 0 0 0 0 0 0 0 0 0 0 0 14 125 14 0 5 21 69 23 29 21 3 0 0 5 2 0 0 0 0 0 59 154 135 162 84 137 65 42 46 63 438 1206 669 492 103 0 183 68 33 17 241 1679 972 152 557 951 532 193 2304 518 710 600 535 1233 618 29 155 36 71 16 10 3 5 5 38 12 19 41 6 0 12 178 149 18 12 6 10 0 4 3 0 4 2 1 0 0 0 3 0 0 0 1 2 0 0 0 0 0 0 0 0
0 0 0 1 0 0 0 0 0 7 12 0 0 3 0 2 0 1 0 0 0 3 6 0 0 0 0 0 0 0 4 1 0 0 0 12 2 5 6 0 0 0 0 0 0 0 0 0 0 0 1 7 3 7 5 38 15 2 63 49 3 8 4 0 21 1 0 0 17 87 63 88 258 692 486 200 674 186 518 543 1022 755 1197 681 115 21 14 238 179 132 1310 1088 122 589 876 557 316 730 569 56 69 736 181 186 29 43 92 20 17 15 55 150 284 34 102 52 4 0 31 38 92 213 7 2 6 6 14 5 0 0 2 0 0 0 1 0 0 23 0 0 0 0 0 0 0 0 0 0 0 0
6 0 0 1 0 0 0 0 2 0 3 0 0 0 0 0 0 0 0 0 0 0 0 0 0 0 0 0 0 4 16 0 0 0 17 4 0 0 13 9 0 0 0 0 0 0 0 0 0 0 0 2 7 80 1 25 0 36 58 102 87 84 70 2 51 40 0 0 9 302 11 3 30 66 105 54 98 156 729 1446 985 729 1382 245 180 186 230 570 377 145 553 101 39 582 510 421 306 923 1066 248 230 422 357 621 259 173 12 64 107 55 374 468 82 149 32 88 5 7 11 22 36 11 6 11 5 12 25 6 5 1 0 0 0 0 0 0 0 6 0 0 0 0 0 0 0 0 0 0 0 0
4 0 0 0 0 0 0 0 10 12 0 3 0 4 11 0 0 0 0 0 0 0 0 0 0 0 0 0 0 0 3 0 0 0 2 0 0 1 1 0 0 0 0 0 0 0 0 0 0 0 0 0 2 16 0 0 2 16 99 82 431 246 39 8 8 37 5 4 13 25 7 3 1 7 5 25 31 61 77 536 1057 1101 811 38 23 17 194 594 345 94 12 15 434 1039 1426 1480 106 564 269 206 352 120 91 392 979 178 292 250 83 114 1219 233 212 11 41 11 1 6 2 22 18 2 4 35 8 5 3 8 1 0 4 1 0 0 0 0 0 0 0 0 0 0 0 0 0 0 0 0 0 0
0 0 0 0 0 0 0 3 12 10 0 0 0 1 0 0 0 0 0 0 0 0 0 0 0 0 0 0 0 0 0 0 0 0 0 0 0 1 3 0 0 0 0 0 0 0 5 1 13 2 7 0 9 10 0 1 2 2 1 39 78 192 23 37 2 2 1 2 6 24 0 1 0 0 0 26 24 59 208 755 1173 965 836 457 1223 1079 421 125 273 204 120 53 36 575 996 1586 898 200 101 24 60 119 24 13 207 491 392 408 84 46 503 890 162 44 8 249 315 720 167 58 43 17 25 41 67 20 16 6 6 24 82 12 0 0 0 0 0 0 0 0 0 0 0 0 0 0 0 0 0 1
1 0 32 0 0 0 1 7 5 7 1 0 0 0 0 33 3 3 1 0 0 0 0 0 0 0 0 0 0 0 0 2 0 0 0 2 0 3 0 2 5 3 0 0 0 0 5 25 19 24 21 1 13 5 0 0 1 9 32 18 0 183 32 8 0 0 1 0 2 4 0 0 0 0 0 1 38 136 141 329 605 492 666 420 311 339 234 360 431 405 27 2 7 236 321 729 1028 63 20 117 24 29 1 23 127 315 1043 391 236 172 620 178 149 18 0 158 386 820 473 220 380 282 313 182 93 468 124 62 85 78 6 106 31 24 21 0 0 0 0 0 0 0 0 0 0 0 0 0 0 0
1 0 0 0 0 0 0 1 16 2 0 0 0 0 0 1 14 20 4 1 1 0 0 0 0 0 0 0 0 0 0 0 0 6 6 1 0 1 3 3 6 21 28 7 3 0 1 0 0 0 0 0 8 0 9 1 0 0 1 17 1 6 0 1 1 2 2 1 2 0 4 5 0 1 0 6 36 10 165 359 698 188 56 98 177 163 22 37 122 682 33 0 3 12 13 72 956 424 390 12 0 2 18 50 21 57 487 237 28 57 447 426 65 96 41 211 684 477 478 1035 537 543 180 250 421 108 1 0 0 43 0 0 139 41 29 2 0 0 0 0 0 0 0 0 0 0 0 0 0 0
1 0 0 0 0 0 0 0 8 6 0 0 0 0 0 0 0 18 7 1 2 7 0 0 0 0 0 0 0 0 0 0 6 0 0 0 0 1 0 0 0 5 86 1 35 0 1 13 0 0 0 0 5 2 3 0 2 0 3 4 4 7 8 0 0 3 2 1 0 4 22 0 0 0 0 76 341 115 214 43 203 287 29 18 16 57 8 0 1 0 0 0 3 64 95 26 957 504 676 536 16 10 50 17 31 12 44 213 598 261 1015 705 96 738 216 56 36 112 1363 1183 337 275 142 4 52 90 1 0 44 22 0 0 22 16 4 0 1 0 1 0 0 0 0 0 0 0 0 0 0 0
0 0 0 0 0 0 6 8 0 1 0 0 0 0 0 0 0 0 110 8 37 8 1 0 0 0 0 0 0 2 5 2 0 0 0 0 1 0 0 0 0 3 9 136 73 0 0 0 10 1 1 32 1 0 0 0 0 0 10 0 15 11 4 0 0 0 44 36 15 19 91 0 1 10 0 396 753 486 245 22 107 533 58 4 22 287 11 3 1 28 1 0 1 69 12 47 105 704 242 258 0 24 277 128 410 70 193 574 317 961 1524 1093 1138 453 433 323 254 236 1103 556 178 91 0 3 0 37 26 0 6 2 0 0 0 0 0 0 0 0 0 0 0 0 0 0 0 0 0 0 0 0
0 0 0 0 0 1 13 2 12 3 1 0 0 0 0 0 0 0 7 11 11 0 0 1 2 1 0 0 0 0 3 0 0 0 0 0 0 0 0 0 0 0 0 11 42 0 0 1 1 35 15 134 0 0 18 6 6 6 12 20 109 29 18 32 10 212 298 172 229 366 52 0 6 0 52 794 1877 1432 711 53 1 220 43 7 1 25 32 19 0 96 13 55 1 3 0 27 73 440 227 262 21 67 425 697 1435 1705 1951 2106 1001 1206 1125 845 699 857 938 195 193 115 127 233 206 146 28 14 2 18 64 10 22 17 38 0 0 0 0 0 0 0 0 0 0 0 0 0 0 0 0 0 0 0
0 0 0 0 0 0 56 19 14 2 1 0 0 0 0 1 22 0 1 9 0 37 34 6 0 0 1 0 0 3 0 0 0 0 0 0 0 0 0 0 0 1 1 1 1 34 0 0 0 23 61 114 8 2 2 26 44 112 20 119 33 22 4 51 40 75 173 75 95 197 289 84 191 251 889 1077 1870 1000 299 26 10 4 1 0 0 0 16 106 10 70 14 14 1 0 16 39 38 22 33 18 21 1 1171 810 634 650 1098 432 725 860 1190 939 1445 448 441 122 39 241 134 98 29 13 139 255 94 105 21 0 5 4 3 0 0 0 29 7 0 0 0 0 0 0 0 0 0 0 0 0 0 0
0 0 0 0 0 0 0 7 3 0 0 0 0 10 0 7 14 2 2 2 1 0 23 52 40 12 1 0 1 0 0 0 0 0 0 0 0 0 0 0 0 0 0 1 0 17 4 1 2 21 35 23 7 14 15 125 94 159 105 38 2 4 0 0 0 3 0 1 0 0 0 0 92 58 328 438 887 567 181 0 0 1 3 0 0 0 1 31 74 17 0 0 18 0 3 100 41 0 7 116 28 235 838 964 401 353 426 322 593 870 793 522 925 380 487 144 64 120 201 12 0 4 25 28 40 429 0 20 3 1 0 0 0 0 1 19 0 0 0 0 0 0 0 0 0 0 0 0 0 0
0 0 0 0 2 1 0 3 0 0 0 0 0 0 0 0 0 17 2 2 3 3 3 0 20 2 7 32 3 0 1 0 0 0 0 0 2 0 0 1 0 0 2 3 2 39 117 9 1 43 46 48 13 158 255 38 68 115 496 15 7 1 0 0 3 3 21 80 4 83 107 5 152 25 37 87 47 190 36 16 0 0 5 3 0 0 0 12 122 23 0 31 99 54 15 19 1 1 56 657 213 143 149 74 163 494 187 378 1135 400 170 130 85 153 264 88 176 248 30 13 0 3 7 10 128 811 251 68 1 10 1 0 0 0 0 0 0 0 0 0 0 0 0 0 0 0 0 0 0 0
0 0 0 2 5 5 0 0 0 0 0 0 4 1 0 2 4 0 1 3 3 4 8 1 3 0 125 59 90 1 0 0 0 0 1 37 8 0 0 0 0 3 0 11 36 35 10 12 27 434 118 42 29 19 13 61 186 131 50 35 90 47 0 1 0 5 2 5 1 3 105 25 63 24 21 138 100 76 41 22 21 0 12 110 3 19 52 23 9 1 8 59 103 287 27 0 0 42 326 26 124 277 70 19 57 138 191 428 412 25 2 222 6 456 79 1 26 35 0 0 0 0 3 16 42 187 234 237 5 2 0 0 0 0 0 0 0 0 0 0 0 0 0 0 0 0 0 0 0 1
0 0 0 0 2 2 0 0 0 0 0 0 2 3 1 0 1 0 1 5 0 27 54 5 2 6 4 24 179 3 0 15 1 1 4 0 0 0 0 0 0 12 5 75 61 98 118 57 7 164 38 4 1 2 115 4 42 135 5 0 2 1 2 0 0 10 0 0 15 31 108 41 5 1 1 89 20 0 7 1 5 0 0 0 0 30 28 0 13 16 2 31 31 1 2 26 0 14 23 2 743 1192 775 128 112 203 120 359 221 6 9 0 2 151 20 0 0 0 0 0 0 0 0 10 31 11 12 152 11 0 0 0 0 0 0 0 0 0 0 0 0 0 0 0 0 0 0 0 0 0
0 0 0 0 1 2 0 0 0 0 0 0 0 0 0 0 0 1 12 2 0 7 8 13 0 15 3 4 1 8 3 27 7 0 1 0 0 0 0 5 10 10 34 19 14 17 24 29 127 449 334 223 14 53 23 8 4 3 0 0 0 2 29 13 201 98 1 0 5 41 107 80 9 0 9 106 478 181 10 40 17 8 15 1 3 1 2 2 22 18 9 2 0 0 1 1 0 15 331 377 1132 974 451 106 2 27 114 206 0 0 0 0 0 11 0 0 0 0 0 0 0 0 1 11 0 0 20 198 0 0 0 0 0 0 0 0 0 0 0 0 0 0 0 0 0 0 0 0 0 0
0 0 0 0 0 0 0 0 0 0 0 0 0 13 3 3 0 0 0 2 0 5 20 4 1 8 1 0 0 0 13 67 13 2 0 0 0 4 0 0 64 22 0 0 2 0 4 23 350 1024 502 259 45 2 0 9 1 14 0 0 2 3 1 0 8 23 32 6 12 68 46 24 18 0 4 33 129 81 50 137 26 77 11 59 21 3 6 13 244 94 8 7 1 20 1 21 8 0 147 373 188 63 48 0 27 12 91 68 7 0 0 1 7 83 0 0 0 0 0 0 0 0 0 0 0 49 47 12 3 18 7 0 0 0 0 0 0 0 0 0 0 0 0 0 0 0 0 0 0 0
0 0 0 4 0 0 0 0 0 0 0 0 0 0 3 1 0 0 0 0 2 8 9 3 2 0 0 0 0 0 3 6 27 22 3 0 22 393 15 13 0 0 0 0 0 0 21 31 67 542 472 145 15 1 2 1 0 6 12 1 0 0 0 0 8 1 42 6 0 7 13 50 34 3 3 11 9 3 32 23 3 58 24 0 0 28 13 2 0 0 1 1 4 6 0 1 6 0 0 2 8 0 4 53 72 49 33 47 85 137 41 10 71 0 0 0 0 0 0 0 0 0 0 10 34 61 100 1 0 0 7 0 0 0 0 0 0 0 0 0 0 0 0 0 0 0 0 0 0 0
0 0 5 0 0 0 0 0 0 0 0 0 0 1 6 0 9 3 0 2 5 2 0 0 0 0 0 0 0 2 0 6 7 44 5 5 11 11 9 0 0 0 0 0 6 82 28 58 4 184 163 21 2 4 6 12 10 31 2 0 0 0 0 1 0 1 0 5 0 0 0 6 178 75 4 6 0 0 0 0 0 10 96 246 9 1 8 0 1 0 1 3 2 3 2 1 1 0 1 2 8 3 11 68 33 26 13 3 4 23 0 100 25 0 0 0 0 0 0 0 0 0 1 21 35 25 29 143 15 0 0 1 0 0 0 0 0 0 0 0 0 0 0 0 0 0 0 0 0 0
0 0 0 0 0 0 0 0 0 0 0 0 0 1 0 0 0 0 0 0 0 0 2 0 0 2 1 0 0 0 0 5 4 11 8 0 0 255 0 0 0 0 0 21 37 22 41 2 7 32 71 38 30 10 33 9 6 1 4 1 0 0 0 0 2 0 0 18 14 11 0 4 8 195 48 17 0 0 0 0 0 0 21 86 13 8 1 0 0 20 9 0 1 2 3 3 5 0 0 11 15 5 2 22 606 0 0 5 2 0 0 4 3 0 0 1 4 0 0 0 0 0 0 0 0 59 51 30 0 0 0 0 0 0 0 0 0 0 0 0 0 0 0 0 0 0 0 0 0 0
0 0 0 0 0 0 0 0 0 0 0 0 0 1 14 1 1 1 6 0 0 3 1 2 1 0 0 1 0 0 0 0 8 48 33 0 0 25 0 0 0 1 0 7 113 13 2 0 30 1 57 15 0 0 0 1 2 10 0 0 3 0 2 0 7 2 0 7 14 8 3 44 6 15 0 6 11 2 0 0 2 0 1 3 1 17 6 15 0 17 0 5 1 0 15 23 1 15 10 6 13 14 5 133 321 213 0 2 0 0 0 0 10 4 18 9 0 0 0 2 0 1 0 0 0 70 6 59 1 0 0 0 0 0 0 0 13 37 0 0 0 0 0 0 0 0 0 0 0 0
0 0 0 0 0 0 0 0 0 0 2 0 0 0 4 0 0 6 2 0 5 8 2 3 0 0 0 28 3 0 0 4 0 6 18 4 0 3 6 0 10 11 1 9 74 17 10 0 2 3 26 7 0 0 1 0 0 0 0 0 0 2 0 0 20 0 0 3 9 3 7 15 0 1 2 3 25 4 0 0 0 0 37 3 5 7 7 14 11 3 5 1 3 0 0 11 2 1 0 4 13 39 6 2 59 296 35 2 0 0 0 0 0 15 9 15 0 0 4 3 0 0 0 0 20 173 19 14 0 0 0 0 0 0 2 0 1 10 0 0 0 0 0 0 0 0 0 0 0 0
0 0 0 0 0 0 0 0 1 0 0 2 0 0 2 3 13 28 4 0 5 15 11 0 0 0 0 0 5 9 5 1 1 32 10 1 5 17 20 17 78 128 30 115 264 11 17 0 4 1 3 38 45 5 0 2 0 0 0 0 0 0 0 0 4 0 0 0 6 54 82 25 6 9 1 2 1 16 0 0 0 0 0 0 0 0 0 9 18 9 19 0 4 0 0 0 4 1 0 3 0 27 26 3 40 729 662 36 2 0 0 0 0 0 0 0 8 131 76 4 0 0 0 18 119 51 72 336 234 15 0 0 0 0 0 9 4 11 0 0 0 0 0 0 0 0 0 0 0 0
0 0 0 0 0 1 1 4 0 1 0 0 14 5 24 10 17 78 5 4 0 4 8 0 0 0 0 4 28 3 2 5 15 4 5 26 19 23 88 148 386 923 294 361 111 13 0 0 2 0 0 3 53 51 0 0 0 0 0 0 0 0 0 0 0 0 2 0 0 4 20 39 7 0 104 87 0 38 3 0 0 5 1 0 11 0 0 0 23 3 24 13 6 8 6 146 6 1 0 0 0 82 10 40 257 340 619 453 14 0 0 0 0 0 0 3 350 64 21 0 0 0 19 31 171 144 1090 592 54 78 0 0 0 29 1 7 0 0 0 0 0 0 0 0 0 0 0 0 0 0
0 0 0 0 0 0 0 2 8 8 25 78 170 3 0 2 8 11 0 1 0 6 6 24 1 5 3 1 1 0 2 4 3 12 30 30 2 7 221 310 787 1447 864 766 36 5 9 3 21 0 15 1 74 159 29 19 0 0 0 0 0 0 0 0 0 0 1 0 0 0 1 2 1 0 0 1 0 4 4 0 0 0 0 0 12 0 0 0 1 3 1 1 7 27 5 14 0 0 0 5 1 0 29 15 4 62 2 167 23 0 0 0 3 0 113 53 691 422 81 89 43 13 9 191 134 53 395 668 387 349 46 83 48 161 13 2 0 0 0 0 0 0 0 0 0 0 0 0 0 0
0 0 0 0 0 1 5 4 1 4 7 2 5 0 6 3 0 0 10 9 0 7 118 36 0 0 0 1 0 1 9 4 0 1 4 19 53 18 48 118 440 418 619 189 45 13 8 12 9 4 7 4 16 7 9 2 0 0 0 0 0 0 0 0 0 0 1 0 1 0 2 0 0 0 0 6 3 7 2 1 4 30 17 3 24 0 0 10 22 17 6 0 3 48 1 0 5 11 2 1 0 1 3 9 5 4 0 12 22 3 11 6 9 0 87 958 987 623 251 200 116 93 67 16 9 4 11 144 21 71 21 259 834 70 82 11 0 0 0 0 0 0 0 0 0 0 0 0 0 0
0 0 0 0 0 0 2 2 0 8 7 22 4 3 0 1 2 2 13 8 337 360 7 0 0 0 0 0 4 22 8 6 10 26 19 4 0 16 3 109 473 359 360 345 97 45 17 0 13 18 8 2 19 6 17 0 1 0 0 0 0 0 0 0 0 0 0 0 0 0 3 0 0 0 0 0 0 2 12 5 5 22 40 204 28 0 0 0 0 0 0 0 2 4 0 4 6 5 0 0 1 0 0 0 16 5 4 18 285 173 400 475 133 99 627 1123 543 314 128 453 58 218 19 3 99 38 62 124 0 0 10 162 338 112 134 11 0 0 0 0 0 0 0 0 0 0 0 0 0 0
0 0 0 1 0 0 1 14 0 0 0 13 5 16 4 3 2 8 11 9 120 0 0 0 0 0 0 0 2 18 6 13 7 4 6 91 10 2 11 17 23 112 29 9 5 0 4 0 1 0 2 14 76 2 2 11 6 9 0 0 0 0 0 0 0 0 0 0 0 1 1 0 0 0 0 10 1 24 14 3 1 33 20 12 1 0 0 0 1 5 8 0 0 10 5 18 8 0 0 0 6 0 0 0 0 5 19 23 236 78 100 121 134 373 1304 873 317 319 74 378 97 16 0 37 19 13 6 0 0 0 57 357 0 0 16 0 0 0 0 0 0 0 0 0 0 0 0 0 0 0
0 0 1 4 0 16 16 8 4 12 1 0 0 4 17 0 4 1 21 28 19 0 0 0 0 0 1 0 2 13 69 0 3 6 15 0 2 0 5 1 14 18 3 5 3 0 0 0 3 4 2 7 417 17 12 15 20 2 3 0 0 0 0 0 0 0 0 0 0 0 0 0 0 0 0 0 5 3 3 0 0 0 2 0 0 0 0 0 7 0 10 1 8 50 6 2 12 10 1 6 5 0 0 0 0 1 22 84 95 9 3 22 304 287 247 494 125 208 241 278 293 1 0 0 0 0 0 0 0 0 1 121 34 0 0 0 0 0 0 0 0 0 0 0 0 0 0 0 0 0
0 0 1 3 1 1 5 169 3 3 8 0 4 12 13 22 35 24 1 0 0 1 8 0 0 1 0 27 34 17 46 64 11 8 2 8 2 3 3 2 29 34 15 0 0 0 1 0 0 0 0 31 206 86 16 29 1 2 0 0 0 0 0 0 0 0 0 0 0 0 0 0 0 0 0 0 7 11 4 1 0 0 0 0 0 0 0 0 10 2 15 18 30 45 3 14 4 4 1 6 3 0 0 3 0 3 7 82 857 10 0 0 5 0 5 1 9 30 480 697 77 0 0 0 0 0 3 0 0 0 0 3 116 2 0 0 0 0 0 0 0 0 0 0 0 0 0 0 0 0
3 3 2 5 1 2 8 68 5 8 13 8 10 0 1 145 76 22 5 9 1 2 4 3 3 17 6 8 4 4 13 25 4 0 0 1 5 0 6 3 19 6 2 2 1 0 3 0 0 0 0 59 12 38 20 0 4 0 0 0 0 0 0 0 0 0 0 0 0 0 0 0 0 0 0 1 4 28 0 0 0 0 3 0 0 0 0 2 33 1 6 0 3 21 5 0 0 1 6 11 0 23 14 2 3 20 45 33 220 0 0 0 0 0 20 0 0 22 169 394 283 205 0 0 9 96 0 0 0 95 137 18 79 18 0 0 0 0 0 0 0 0 0 1 0 0 0 0 0 0
2 4 0 0 0 0 3 0 0 8 34 10 2 2 24 49 41 19 16 29 1 1 2 2 0 7 2 0 2 2 0 0 1 7 5 1 0 0 0 8 2 14 7 2 1 2 0 0 0 0 5 65 78 25 28 21 2 0 0 0 0 0 0 0 0 0 0 0 0 0 0 0 0 3 0 0 0 51 203 1 0 8 0 0 0 0 2 115 30 0 5 3 5 2 3 7 0 4 4 7 44 15 22 32 2 43 28 18 106 3 0 0 1 30 73 150 155 537 114 253 740 157 0 10 302 64 0 0 0 114 207 0 0 0 0 0 0 0 0 0 0 0 0 0 0 0 0 0 0 0
1 5 0 2 0 0 1 3 3 7 9 92 24 13 0 2 1 4 2 2 2 0 0 15 7 3 4 0 29 3 0 1 1 0 1 0 0 0 18 2 3 15 29 4 2 2 2 1 0 0 0 93 47 4 0 0 0 0 2 0 0 0 0 0 0 0 0 0 0 0 0 0 0 0 0 1 0 15 60 14 0 0 0 0 0 0 2 14 1 2 5 0 5 5 0 0 0 0 13 2 0 2 6 3 19 0 5 20 57 19 0 0 3 2 188 729 1221 602 72 86 91 187 193 290 186 0 0 1 37 525 319 0 0 0 0 0 0 0 0 0 0 0 0 0 0 0 0 0 0 0
0 0 4 0 0 0 5 6 2 4 28 52 4 5 0 0 2 6 2 8 0 0 2 1 1 0 1 5 6 1 0 0 0 0 0 0 0 0 18 3 0 1 9 0 3 1 0 0 0 0 3 118 1 4 3 0 1 0 3 3 0 0 0 0 0 0 0 0 0 0 0 0 0 0 0 0 2 11 108 42 13 22 17 1 0 0 3 0 1 0 0 0 11 11 0 1 0 1 0 9 2 0 2 4 6 6 12 5 67 0 0 1 81 44 36 31 5 75 602 250 34 341 713 662 568 282 190 224 1059 1744 1141 226 0 0 0 0 0 0 1 0 0 0 0 0 0 0 0 0 0 0
0 0 2 0 0 7 8 1 0 17 21 3 0 34 14 9 1 5 0 0 0 0 0 0 1 10 48 0 0 0 0 3 15 1 4 1 0 0 0 34 3 2 0 1 0 3 15 6 1 4 8 416 16 3 1 2 1 3 0 3 0 0 0 0 0 0 0 0 0 0 0 0 0 0 0 0 3 45 76 2 3 39 37 0 0 0 0 0 3 6 0 9 0 5 11 24 19 1 0 0 15 0 3 13 12 16 3 6 185 44 3 18 33 4 2 15 10 294 645 526 495 1026 913 904 1547 1435 789 865 1161 889 1065 40 0 0 0 0 0 0 0 0 0 0 0 0 0 0 0 0 0 0
1 0 0 0 4 0 1 4 14 3 1 2 1 0 0 29 1 2 0 0 0 0 0 0 24 14 16 0 2 0 0 3 1 0 4 2 6 2 10 0 0 0 3 0 0 14 0 0 4 35 654 583 35 98 8 3 0 22 2 9 0 0 0 0 0 0 0 0 0 0 0 0 0 0 0 0 0 0 12 4 0 8 0 0 0 0 0 0 4 2 0 2 56 0 0 3 0 0 4 5 33 13 10 6 40 10 35 59 9 13 21 11 19 11 16 17 12 61 517 2120 2069 1037 319 1257 1860 1174 394 757 783 14 174 227 0 0 0 0 1 0 0 0 0 0 0 0 0 0 0 0 0 0
1 6 0 3 3 1 1 0 19 3 9 2 3 4 10 0 1 9 1 0 0 0 0 0 7 3 0 3 0 0 1 48 26 1 0 0 2 1 5 1 0 0 0 0 0 1 0 0 2 26 946 892 636 764 80 17 1 8 5 5 1 0 0 0 0 0 0 0 0 0 0 0 0 1 1 1 0 0 0 30 0 1 1 0 0 0 0 28 101 1 0 44 23 0 0 0 0 0 0 9 32 0 18 14 12 174 678 17 25 0 6 7 0 22 14 21 16 31 122 700 441 714 414 2913 2426 914 206 245 32 596 1249 950 0 0 0 0 1 0 0 0 0 0 0 0 0 0 0 0 0 0
3 0 2 16 2 2 28 5 43 0 15 57 0 0 1 1 0 0 0 0 0 0 0 0 2 0 0 1 0 0 4 10 12 9 1 6 2 0 0 0 0 0 0 1 0 1 1 0 0 11 237 518 648 570 164 58 12 9 2 7 4 1 1 0 0 0 0 0 0 0 0 0 0 0 0 0 0 1 0 47 1 12 7 0 0 0 0 25 73 3 5 58 95 0 0 0 0 0 0 9 8 56 18 224 34 13 4 21 0 0 0 9 7 2 3 12 9 9 32 80 414 348 469 941 1770 971 942 507 348 1064 388 396 2 0 1 0 0 0 0 0 0 0 0 0 0 0 0 0 0 0
9 8 0 8 4 6 7 20 7 1 2 6 2 0 0 0 0 0 0 0 0 0 0 0 1 0 0 0 0 2 2 0 1 0 0 1 0 2 0 0 0 0 0 0 0 4 7 6 4 6 33 487 399 32 22 28 2 0 3 0 14 0 0 0 1 0 0 0 0 0 0 0 0 0 0 0 0 0 5 0 1 2 0 0 0 0 32 92 14 5 1 167 256 44 9 0 0 0 0 32 99 5 45 208 23 2 3 3 19 8 0 0 0 5 9 8 4 25 207 46 172 827 709 536 366 906 932 1805 261 234 90 128 0 0 0 0 0 0 0 0 0 0 0 0 0 0 0 0 0 0
1 5 19 0 7 0 18 50 27 11 19 2 2 4 0 0 0 0 0 1 0 0 1 0 0 0 0 0 2 0 0 0 0 0 0 0 0 4 0 0 0 0 0 0 0 1 0 5 5 46 6 22 108 29 23 0 6 40 74 5 0 0 3 0 0 0 0 0 0 0 0 0 0 0 0 0 0 0 0 0 1 6 12 21 25 15 0 0 31 59 194 207 137 5 46 6 0 3 25 60 80 694 260 663 646 34 23 3 9 12 0 0 3 3 7 4 32 102 43 604 488 841 2040 2889 906 430 1999 3101 1981 0 0 0 0 0 0 0 0 0 0 0 0 0 0 0 0 0 0 0 0 0
3 12 22 0 10 21 4 42 10 15 0 0 1 0 0 0 0 0 0 0 0 0 13 0 0 0 0 0 2 0 0 0 1 4 0 2 0 0 0 0 3 1 0 0 0 0 0 0 2 2 0 9 90 3 9 0 0 4 121 10 16 2 0 0 0 0 0 0 0 0 0 0 0 0 0 0 0 0 0 0 0 10 8 1 0 2 5 16 34 49 141 220 93 21 80 111 4 0 0 17 208 327 831 320 388 52 13 19 4 12 11 0 0 0 7 7 11 442 360 787 838 31 8 203 265 264 399 1413 416 8 227 26 0 0 0 0 0 0 0 0 0 0 0 0 0 0 0 0 0 0
5 8 144 7 148 105 66 5 0 6 1 1 1 3 0 0 1 0 0 0 1 1 0 0 0 0 0 1 0 0 0 0 0 0 0 0 0 0 0 0 2 11 4 0 0 3 0 0 2 1 0 20 14 0 0 0 6 1 9 37 15 1 0 0 0 0 0 0 0 0 0 0 0 0 0 0 0 0 0 1 27 246 0 0 21 3 161 32 0 0 3 29 24 0 0 0 0 0 0 9 11 68 988 404 162 249 28 15 10 2 21 11 0 0 0 24 447 532 181 45 0 0 0 0 84 466 133 513 360 24 39 64 0 0 0 0 0 0 0 0 0 0 0 0 1 0 0 0 0 0
4 34 89 155 453 509 286 52 10 0 0 0 0 0 1 0 2 0 0 1 0 32 0 0 0 0 0 0 0 0 0 0 0 0 0 2 0 1 0 0 0 7 0 14 9 11 0 45 8 0 0 42 30 0 0 2 3 0 27 2 2 2 0 0 0 0 0 0 0 0 0 0 0 0 0 0 0 0 5 33 5 0 0 1 5 10 30 211 70 0 0 0 0 0 0 0 0 0 0 0 0 231 579 276 157 183 20 2 2 13 10 1 2 0 3 66 225 11 29 114 0 0 0 0 9 614 335 628 224 11 164 21 0 0 0 0 0 0 0 0 0 0 0 0 0 0 0 1 0 2
5 117 569 1176 408 377 175 27 2 0 0 1 8 0 0 3 2 2 1 2 5 6 0 0 2 0 1 0 1 0 0 0 0 0 0 0 0 0 0 1 0 12 1 8 3 0 0 23 58 3 0 0 32 0 1 4 0 3 3 0 0 4 0 0 0 0 0 0 0 0 0 0 0 0 0 0 0 46 1 0 0 0 0 0 0 0 54 34 1 0 0 1 0 0 0 0 0 0 0 0 19 93 19 59 146 130 0 0 3 2 6 11 17 14 15 4 3 6 18 35 37 74 369 0 43 131 69 352 49 1 0 0 0 0 2 0 0 0 0 0 0 0 0 0 0 0 0 0 0 0
2 7 246 219 142 167 44 26 6 1 0 4 1 0 0 0 0 0 1 5 7 9 0 0 0 1 0 1 3 3 5 0 1 0 1 2 0 0 0 0 0 1 1 0 1 1 2 7 3 14 0 0 0 0 0 3 0 0 0 0 0 0 0 0 0 0 0 0 0 0 0 0 0 0 0 0 2 3 0 0 0 0 0 0 0 0 157 28 15 24 31 2 0 0 73 17 0 0 0 484 1377 238 241 196 34 185 59 6 7 3 3 24 21 0 0 0 1 0 24 68 104 92 244 467 106 117 4 0 0 3 0 0 0 0 0 0 1 0 0 0 0 0 0 0 0 0 0 0 0 0
22 27 63 79 148 98 1 3 1 5 30 2 1 0 0 0 0 0 0 0 0 100 1 1 0 0 0 0 0 4 0 0 0 1 1 0 1 0 0 0 1 0 0 0 2 40 6 0 0 0 0 0 1 0 0 16 3 0 0 0 0 0 0 0 0 0 0 0 0 0 0 0 0 0 0 0 14 8 0 0 1 0 0 0 0 0 17 1 0 64 52 0 0 0 44 129 114 5 244 1815 522 681 157 34 2 27 80 209 3 9 51 2 1 0 0 0 0 4 33 58 171 53 61 84 146 132 64 14 122 32 26 0 0 0 0 0 0 0 0 0 0 0 0 0 0 0 0 0 0 0
33 16 21 9 0 0 0 1 0 0 0 0 1 0 0 0 0 5 2 1 1 16 1 0 0 0 0 0 0 2 0 0 0 4 8 0 0 0 0 0 0 0 0 3 1 5 2 5 0 0 0 0 7 1 76 13 3 0 0 0 0 0 0 0 0 0 0 0 0 0 0 0 0 0 14 15 0 1 0 0 0 0 0 0 0 0 16 6 0 1 92 13 8 3 123 379 118 12 106 140 17 14 32 7 14 8 0 207 801 163 0 0 13 2 31 0 0 4 10 3 34 1 4 4 57 123 132 71 316 79 74 0 0 0 0 0 0 0 0 0 0 0 0 0 0 0 0 0 0 0
21 0 4 0 0 0 2 0 0 0 4 1 0 0 0 0 0 0 0 0 0 1 0 0 0 0 0 1 0 16 14 37 2 0 0 0 0 0 0 0 0 0 0 1 3 2 1 0 0 1 0 1 3 3 7 2 0 0 0 0 0 0 0 0 0 0 0 0 0 0 0 0 0 0 10 45 1 0 0 0 0 0 0 0 0 0 79 121 204 58 182 8 12 27 8 41 16 11 0 1 6 1 2 0 3 3 220 429 183 23 4 0 0 0 1 0 0 6 0 0 11 58 16 35 41 237 121 269 259 220 29 0 0 0 0 0 0 0 0 0 0 0 0 0 0 1 0 0 0 0
3 0 0 2 1 0 0 0 0 0 0 0 0 0 0 0 0 0 0 0 0 1 0 3 0 0 0 0 2 1 1 0 0 1 0 1 0 0 0 0 0 2 0 0 0 4 0 0 0 0 0 1 24 30 20 1 0 0 0 0 0 0 0 0 0 0 0 0 0 0 0 1 11 17 0 0 0 0 0 0 0 0 0 0 0 0 0 0 178 8 0 0 1 5 4 22 2 3 7 1 0 6 0 15 4 347 862 612 40 96 0 0 0 0 0 0 0 0 160 20 0 49 18 29 18 143 123 95 12 20 1 36 0 0 0 0 0 0 0 0 0 0 0 0 0 0 0 0 0 0
7 0 0 0 2 0 0 0 0 0 0 0 0 0 0 0 0 0 0 0 0 0 0 13 0 0 0 3 0 0 0 1 0 0 0 0 0 0 0 0 0 0 0 3 0 0 0 0 0 0 4 2 2 90 9 2 67 0 0 0 0 0 0 0 0 0 0 0 0 0 8 5 1 0 0 0 0 0 0 0 0 0 0 0 0 0 10 0 2 1 0 0 10 36 1 0 5 0 14 3 9 2 2 0 48 94 119 15 116 300 0 0 0 0 0 0 0 0 6 5 0 52 2 134 129 62 285 72 38 40 5 0 0 0 0 0 0 0 0 0 0 0 1 0 0 0 0 0 0 0
0 0 0 0 1 36 2 0 0 0 0 0 0 0 0 0 1 3 0 3 0 0 0 0 0 0 2 0 0 1 3 1 0 0 0 0 0 0 0 1 0 0 2 2 0 1 0 0 0 0 10 0 6 2 5 2 4 2 0 0 0 0 0 0 0 0 0 1 1 11 0 0 0 0 0 0 0 0 0 0 0 0 0 0 0 0 0 3 2 0 0 25 151 7 0 0 0 0 2 3 1 7 18 38 119 22 1 24 8 16 4 0 0 0 0 0 0 0 0 0 7 32 6 27 0 0 0 498 9 11 10 0 0 0 0 0 0 0 0 0 0 0 0 0 0 0 0 0 0 0
0 0 0 0 74 31 0 0 0 0 0 0 0 0 5 0 0 1 1 0 0 0 0 0 0 0 0 0 11 0 1 0 0 0 0 0 0 0 2 0 2 0 0 10 2 0 0 0 0 3 0 0 0 6 3 1 3 3 2 0 0 0 0 0 0 0 0 0 8 3 0 0 1 0 0 0 0 0 0 0 0 0 0 0 1 0 0 4 39 42 196 418 192 34 0 0 2 1 0 37 29 492 447 62 14 22 38 0 0 29 12 0 0 0 0 0 0 0 0 0 1 0 0 0 0 33 1008 50 0 0 0 0 0 0 0 0 0 0 0 0 0 0 0 0 0 0 0 0 0 0
0 0 0 0 2 0 0 0 0 0 0 0 1 0 0 4 0 0 4 0 0 0 0 0 0 0 0 0 0 31 0 0 0 0 0 15 2 0 0 0 0 0 0 0 3 6 0 0 0 1 2 0 0 5 2 0 0 0 0 0 0 0 0 0 0 0 0 0 14 0 0 0 0 0 0 0 0 0 0 0 0 0 0 0 3 2 6 2 141 99 255 205 97 60 1 1 2 5 3 94 133 128 51 19 2 0 8 0 0 7 24 0 0 0 0 0 0 0 0 0 3 67 104 4 0 57 97 2 0 0 0 0 0 0 0 0 0 0 0 0 0 0 0 0 0 0 0 0 0 0
0 0 0 0 0 6 1 0 0 0 0 0 28 11 2 1 0 2 3 0 0 0 0 0 0 20 2 1 1 8 0 0 0 0 1 4 0 0 0 0 0 0 0 0 1 10 1 0 0 1 0 0 0 25 6 1 0 0 0 0 0 0 0 0 0 0 2 5 129 0 0 1 0 0 0 0 0 0 0 0 0 0 0 1 2 16 57 7 2 12 0 7 25 2 28 0 0 4 6 17 90 0 0 5 2 0 0 5 2 55 50 149 6 0 0 0 0 0 0 0 0 0 0 0 0 0 0 0 0 0 0 0 0 0 0 0 0 0 0 0 0 0 0 0 0 0 0 0 0 0
0 0 0 0 5 0 1 0 2 0 0 0 0 0 0 1 1 0 0 0 0 0 0 0 0 0 0 0 0 1 0 0 0 0 1 2 0 0 0 0 0 0 1 0 1 2 3 4 0 2 1 0 0 5 4 2 1 0 1 1 0 0 0 0 0 0 10 24 10 0 0 2 1 0 0 0 0 0 0 0 0 0 0 57 43 3 0 1 8 29 14 7 12 9 10 9 12 30 28 37 49 12 5 1 4 0 0 16 104 176 138 480 17 11 1 0 0 0 0 0 0 0 0 0 0 0 0 0 0 0 0 3 0 0 0 0 0 0 0 0 0 0 0 0 0 0 0 0 0 0
0 0 0 6 0 5 0 0 0 0 0 0 0 0 0 0 0 0 0 0 0 0 0 0 0 0 0 1 0 1 0 0 0 1 0 0 0 0 0 0 0 0 0 0 0 1 0 4 15 0 0 1 0 0 4 83 106 0 43 0 0 0 0 0 0 7 74 89 2 0 0 4 0 0 0 0 0 0 0 0 0 0 0 31 82 3 1 10 10 151 3 9 0 1 2 45 75 24 8 3 1 1 16 13 4 0 27 1 76 51 199 44 50 0 3 0 0 0 0 0 0 0 0 0 0 0 0 0 0 0 0 0 0 0 0 0 0 0 0 0 0 0 0 0 0 0 0 0 0 0
0 1 0 0 2 0 0 0 0 0 0 0 0 0 6 0 5 0 0 0 0 0 0 0 1 0 0 0 0 0 0 0 0 0 2 0 3 0 1 0 0 0 1 0 0 1 2 2 75 2 1 0 0 0 1 4 2 7 26 18 3 2 1 6 2 1 0 2 0 1 1 0 0 0 0 0 0 0 0 0 0 0 0 0 0 0 0 20 49 4 1 0 2 0 7 227 11 0 0 0 0 0 19 0 45 69 481 1136 507 156 43 0 7 4 0 0 0 0 0 0 0 0 0 0 0 0 0 0 0 0 0 0 0 0 0 0 0 0 0 0 0 0 0 0 0 0 0 0 0 0
0 0 1 2 1 53 3 9 0 1 3 0 0 1 1 2 0 0 0 0 0 0 0 0 0 0 0 0 0 0 0 0 0 0 0 0 0 2 13 2 1 1 0 0 1 3 23 15 15 4 5 0 1 2 14 12 0 0 1 6 0 0 0 0 0 0 1 2 0 12 0 12 0 0 0 0 0 0 0 0 0 0 0 0 0 0 0 2 2 11 8 7 1 6 127 25 2 0 0 0 0 14 0 18 94 86 194 441 338 257 102 348 139 3 0 0 1 0 0 0 0 0 0 0 0 0 0 0 0 0 0 0 0 0 0 0 0 0 0 0 0 0 0 0 0 0 0 0 0 0
0 0 0 0 45 55 4 0 0 13 3 0 0 0 0 0 2 0 0 0 1 0 0 0 0 0 0 0 0 0 0 0 0 2 0 0 0 0 0 0 5 0 6 0 1 0 6 5 8 4 1 1 2 1 8 0 0 1 4 2 0 1 1 1 0 5 8 0 4 2 0 0 7 2 0 0 0 0 0 0 0 0 0 0 0 1 0 0 0 0 0 5 11 44 3 47 263 0 0 0 0 0 0 72 160 300 1 2 83 44 0 11 6 0 0 0 0 0 0 0 0 0 0 0 0 0 0 0 0 0 0 0 0 0 0 0 0 0 0 0 0 0 0 0 0 0 0 0 0 0
0 0 0 2 0 3 1 0 2 1 18 7 0 1 0 0 0 0 1 2 0 0 0 0 0 0 0 0 0 0 0 7 0 5 0 0 0 0 0 0 0 1 0 11 0 0 3 4 4 5 0 0 0 0 0 0 0 0 5 16 2 6 2 0 0 0 0 0 0 0 2 7 3 1 0 0 0 0 0 0 0 0 0 0 0 0 0 0 0 0 1 29 84 18 20 241 360 0 0 0 0 0 0 15 17 0 0 0 0 0 48 82 0 0 0 0 0 0 0 0 0 0 0 0 0 0 0 0 0 0 0 0 0 0 0 0 0 0 0 0 0 0 13 45 5 0 0 0 0 0
0 0 2 1 0 1 0 0 2 10 0 0 1 0 2 0 0 0 1 0 0 0 0 0 0 0 0 0 0 0 0 0 0 0 0 0 0 0 0 0 0 1 1 2 0 1 0 0 0 0 8 4 18 11 0 0 0 0 7 5 2 3 0 0 0 0 0 0 0 0 16 1 0 0 0 0 0 0 0 0 0 0 0 0 0 0 0 0 42 5 3 25 236 198 75 0 0 1 0 0 0 0 1 8 3 0 2 8 0 72 188 0 0 0 0 0 0 0 0 0 0 0 0 0 0 0 0 0 0 0 0 0 0 0 0 0 0 0 0 0 0 0 0 8 0 0 0 0 0 0
0 2 0 0 1 0 0 0 0 1 0 0 0 2 4 0 0 0 0 0 0 0 0 0 0 0 0 0 0 0 0 0 0 0 0 0 0 0 0 0 0 0 0 0 0 0 0 0 0 0 4 5 11 0 0 0 0 0 7 2 1 0 0 0 0 0 0 0 0 0 2 0 0 0 0 0 0 0 0 0 0 0 0 0 0 0 0 0 0 0 7 63 796 0 8 15 3 0 0 0 0 0 0 3 9 2 0 3 34 145 81 261 0 0 0 0 0 0 0 0 0 0 0 0 0 0 0 0 0 0 0 0 0 0 0 0 0 0 0 0 0 0 0 0 0 0 0 0 0 0
0 0 0 0 0 0 0 0 0 0 0 1 11 0 0 0 0 0 1 0 0 0 0 0 0 0 0 0 0 0 0 0 0 0 0 0 0 0 0 0 0 0 1 0 0 0 0 0 0 0 1 17 0 0 0 0 3 2 0 5 4 5 0 0 0 0 0 0 0 0 4 89 3 1 0 0 0 0 0 0 0 0 0 0 0 0 0 0 0 0 14 15 3 5 9 0 0 0 0 0 0 0 0 0 0 0 0 0 0 0 0 0 0 0 0 0 0 0 1 0 0 0 0 0 0 0 0 0 0 0 0 0 0 0 0 0 0 0 0 0 0 0 0 0 0 0 0 0 0 0
1 0 0 0 0 0 0 0 0 0 0 2 0 0 1 0 0 2 0 0 0 5 4 40 0 0 0 0 0 0 0 0 0 0 0 0 0 0 0 0 0 0 0 0 1 0 0 0 0 0 0 21 3 0 2 16 0 0 0 0 0 13 26 1 0 0 0 0 0 0 0 15 7 1 11 0 0 0 0 0 0 0 0 0 0 0 0 0 0 16 4 68 28 19 112 5 0 0 0 0 0 0 0 0 0 0 0 0 0 0 0 0 0 0 0 0 0 0 0 0 0 0 0 0 0 0 0 0 0 0 0 0 0 0 0 0 0 0 0 0 0 0 0 0 0 0 0 0 0 0
0 0 0 0 0 0 0 0 0 0 0 3 0 0 0 0 0 1 0 0 0 0 0 3 2 0 0 0 0 0 0 0 0 0 0 0 0 0 0 0 0 0 0 0 0 0 0 0 0 0 1 32 28 1 3 1 2 0 0 0 6 49 68 0 0 0 0 0 0 0 0 0 0 2 14 0 0 0 0 0 0 0 0 0 0 0 0 0 0 4 16 3 0 33 15 4 0 0 1 0 0 0 0 0 0 0 0 0 0 0 0 0 0 0 0 0 0 0 0 0 0 0 0 0 0 0 0 0 0 0 0 0 0 0 0 0 0 0 0 0 0 0 0 0 0 0 0 0 0 0
0 0 0 0 0 0 0 0 0 0 0 0 2 1 0 0 0 0 0 0 0 0 0 0 1 2 0 0 2 4 4 0 0 0 0 0 0 0 0 0 0 0 0 0 0 0 0 0 0 2 11 41 143 9 18 3 0 0 0 0 0 24 0 0 0 0 0 0 0 0 0 0 0 4 2 0 0 0 0 0 0 0 0 0 0 0 0 0 0 0 0 5 21 16 4 9 0 0 0 0 0 0 0 0 0 0 0 0 0 0 0 0 0 0 0 0 0 0 0 0 0 0 0 0 0 0 0 0 0 0 0 0 0 0 0 0 0 0 0 0 0 0 0 0 0 0 0 0 0 0
0 0 0 0 0 0 0 2 0 0 0 0 4 0 0 2 1 0 7 0 0 3 0 0 0 7 0 0 0 0 0 0 0 0 0 0 0 0 0 0 0 0 0 0 0 0 0 0 5 14 1 17 141 1 22 0 0 0 0 0 2 6 8 0 0 0 0 0 0 0 0 0 0 0 0 0 0 0 0 0 0 0 0 0 0 0 0 0 0 0 0 0 6 12 7 2 7 3 0 14 0 0 0 0 0 0 0 0 0 0 0 0 0 0 0 0 0 0 0 0 0 0 0 0 0 0 0 0 0 0 0 0 0 0 0 0 0 0 0 0 0 0 0 0 0 0 0 0 0 0
0 0 0 0 1 0 0 0 1 3 0 0 0 0 0 0 0 0 0 0 0 0 0 5 2 1 0 0 0 0 0 0 0 0 0 0 0 0 0 0 0 0 0 0 0 0 0 2 0 0 0 27 20 0 0 0 0 0 0 1 15 6 0 1 0 0 0 0 0 0 0 0 0 0 0 0 0 0 0 0 0 0 0 0 0 0 0 0 0 0 0 0 0 0 0 7 25 0 2 0 0 0 0 0 0 0 0 0 0 0 0 0 0 0 0 0 0 0 0 0 0 0 0 0 0 0 0 0 0 0 0 0 0 0 0 0 0 0 0 0 0 0 0 0 0 1 0 0 0 0
0 0 1 0 0 0 0 0 0 1 2 0 0 0 0 0 0 0 1 0 0 0 1 0 2 2 1 0 0 0 1 1 2 2 21 7 0 1 0 0 0 0 0 0 0 0 12 17 0 0 0 0 0 0 0 0 0 0 0 3 9 0 1 0 0 0 0 0 0 0 0 0 0 0 0 0 0 0 0 0 0 0 0 0 0 0 0 0 0 0 0 0 0 0 0 6 21 60 0 0 1 0 0 0 0 0 0 0 0 0 0 0 0 0 0 0 0 0 0 0 0 0 0 0 0 0 0 0 0 0 0 0 0 0 0 0 0 0 0 0 0 0 0 2 9 20 0 0 0 0
2 0 0 0 0 0 0 0 0 0 0 4 0 0 0 0 0 0 0 15 5 0 0 0 0 0 0 0 0 0 0 2 0 1 0 2 0 1 0 0 0 0 0 0 0 0 6 0 0 0 0 0 0 0 0 0 0 0 0 0 1 2 0 0 0 0 0 0 0 0 0 0 0 0 0 0 0 0 0 0 0 0 0 0 0 0 0 0 0 0 0 0 0 0 9 2 14 2 0 1 7 1 0 0 0 0 0 0 0 0 0 0 0 0 0 0 0 0 0 0 0 0 0 0 0 0 0 0 0 0 0 0 0 0 0 0 0 0 0 0 0 0 0 0 0 0 0 0 0 0
0 0 0 0 0 0 0 0 0 0 0 2 0 0 0 0 4 0 0 0 0 0 0 0 0 0 0 0 0 0 0 0 0 0 0 0 0 0 0 0 0 0 0 0 0 0 0 0 0 0 0 0 0 0 0 0 0 0 0 0 1 0 0 0 0 0 0 0 0 0 2 7 0 0 0 0 0 0 0 0 0 0 0 0 0 0 0 0 0 0 0 0 0 0 4 0 0 0 0 0 0 1 0 0 0 0 0 0 0 0 0 0 0 0 0 0 0 0 0 0 0 0 0 0 0 0 0 0 0 0 0 0 0 0 0 0 0 0 0 0 0 0 0 0 0 0 0 0 0 0
0 0 0 0 0 0 0 0 0 1 4 0 7 0 0 2 0 0 0 0 0 0 0 0 0 0 0 0 0 0 0 0 0 0 0 0 0 0 0 0 0 0 0 0 4 1 0 0 0 0 0 0 0 0 0 0 0 0 0 3 6 1 0 0 0 0 0 0 0 0 8 0 0 0 0 0 0 0 0 0 0 0 0 0 0 0 0 0 0 0 0 0 0 0 0 4 5 0 0 0 0 0 0 0 0 0 0 0 0 0 0 0 0 0 0 0 0 0 0 0 0 0 0 0 0 0 0 0 0 0 0 0 0 0 0 0 0 0 0 0 0 0 0 0 0 0 0 0 0 0
7 0 0 0 0 0 0 0 0 2 0 0 4 1 0 15 4 3 0 0 0 0 0 0 0 0 0 0 0 0 0 0 0 0 0 0 0 0 0 0 0 0 0 4 0 0 0 0 0 0 0 0 0 0 0 0 0 0 0 16 1 0 0 0 0 0 0 0 52 3 0 0 0 0 0 0 0 0 0 0 0 0 0 0 0 0 0 0 0 0 0 0 0 0 0 0 6 3 2 3 0 0 0 0 0 0 0 0 0 0 0 0 0 0 0 0 0 0 0 0 0 0 0 0 0 0 0 0 0 0 0 0 0 0 0 0 0 0 0 0 0 0 0 0 0 0 0 0 0 0
2 0 0 0 0 0 0 0 1 0 0 0 6 0 0 0 6 13 3 0 0 0 0 0 0 0 0 0 0 0 0 0 1 0 0 0 2 2 0 2 0 0 4 0 1 0 0 0 0 0 0 0 0 0 0 0 0 0 0 0 6 15 2 0 0 0 0 3 241 128 4 0 0 0 0 0 0 0 0 0 0 0 0 0 0 0 0 0 0 0 0 0 0 0 0 0 1 0 0 0 0 0 0 0 0 0 0 0 0 0 0 0 0 0 0 0 0 0 0 0 0 0 0 0 0 0 0 0 0 0 0 0 0 0 0 0 0 0 0 0 0 0 0 0 0 0 0 0 0 0
0 0 0 0 0 0 0 0 0 0 0 6 51 5 0 1 41 0 3 6 0 1 0 40 6 1 0 0 0 59 3 1 0 0 8 2 13 13 5 6 0 0 15 0 0 0 0 0 0 0 0 0 0 0 0 0 0 0 0 0 0 1 0 2 248 118 19 0 0 0 0 0 0 0 0 0 0 0 0 0 0 0 0 0 0 0 0 0 0 0 0 0 0 0 0 0 0 0 0 0 0 0 0 0 0 0 0 0 0 0 0 0 0 0 0 0 0 0 0 0 0 0 0 0 0 0 0 0 0 0 0 0 0 0 0 0 0 0 0 0 0 0 0 0 0 0 0 0 0 0
2 56 14 0 0 0 0 0 0 0 0 3 7 0 0 0 0 0 0 7 36 167 42 9 4 0 0 0 2 0 1 0 0 0 3 4 24 0 0 5 0 2 2 0 0 0 0 0 0 0 0 0 0 0 0 0 0 0 0 0 0 0 0 0 3 0 0 0 0 0 0 0 0 0 0 0 0 0 0 0 0 0 0 0 0 0 0 0 0 0 0 0 0 0 0 0 0 0 0 0 0 0 0 0 0 0 0 0 0 0 0 0 0 0 0 0 0 0 0 0 0 0 0 0 0 0 0 0 0 0 0 0 0 0 0 0 0 0 0 0 0 0 0 0 0 0 0 0 0 0
30 11 10 1 1 3 0 0 0 0 0 0 0 0 0 2 4 8 0 5 1 336 21 3 21 4 0 0 7 13 2 0 0 0 0 0 1 0 0 0 7 28 0 0 0 0 0 0 0 0 0 0 0 0 0 0 0 0 0 0 0 0 0 0 6 0 0 0 0 0 0 0 0 0 0 0 0 0 0 0 0 0 0 0 0 0 0 0 0 5 0 0 0 0 0 0 0 0 0 0 0 0 0 0 0 0 0 0 0 0 0 0 0 0 0 0 0 0 0 0 0 0 0 0 0 0 0 0 0 0 0 0 0 0 0 0 0 0 0 0 0 0 0 0 0 0 0 0 0 0
0 0 0 0 0 0 0 0 0 0 0 7 8 0 0 0 1 1 0 8 0 4 9 10 1 19 10 1 5 27 0 0 0 0 1 3 0 0 1 0 0 1 0 0 0 0 0 0 0 0 0 0 0 0 0 0 0 0 0 0 0 0 0 0 0 0 0 0 0 0 0 0 0 0 0 0 0 0 0 0 0 0 0 0 0 0 0 0 0 0 0 0 0 0 0 0 0 0 0 0 0 0 0 0 0 0 0 0 0 0 0 0 0 0 0 0 0 0 0 0 0 0 0 0 0 0 0 0 0 0 0 0 0 0 0 0 0 0 0 0 0 0 0 0 0 0 0 0 0 0
0 0 0 0 0 0 0 0 0 0 0 0 0 0 0 0 0 2 0 6 0 0 5 2 10 7 3 5 23 4 3 0 0 42 5 0 0 0 0 0 0 0 0 0 0 0 0 0 0 0 0 0 0 0 0 0 0 0 0 0 0 0 0 0 0 0 0 0 0 0 0 0 0 0 0 0 0 0 0 0 0 0 0 0 0 0 0 0 0 0 0 0 0 0 0 0 0 0 0 0 0 0 0 0 0 0 0 0 0 0 0 0 0 0 0 0 0 0 0 0 0 0 0 0 0 0 0 0 0 0 0 0 0 0 0 0 0 0 0 0 0 0 0 0 0 0 0 0 0 0
0 0 0 0 0 0 0 0 0 0 0 0 0 0 0 0 0 0 0 0 1 0 0 0 3 0 1 5 213 61 4 10 3 35 0 4 2 0 0 0 0 0 0 0 0 0 0 0 0 0 0 0 0 0 0 0 0 0 0 0 0 0 0 0 0 0 0 0 0 0 0 0 0 0 0 0 0 0 0 0 0 0 0 0 0 0 0 0 1 0 0 0 0 0 0 0 0 0 0 0 0 0 0 0 0 0 0 0 0 0 0 0 0 0 0 0 0 0 0 0 0 0 0 0 0 0 0 0 0 0 0 0 0 0 0 0 0 0 0 0 0 0 0 0 0 0 0 0 0 0
0 0 0 0 0 0 0 0 0 0 0 0 0 0 0 0 0 0 0 0 0 0 0 0 0 1 2 4 0 3 4 0 0 3 0 1 7 0 0 0 0 0 0 0 0 0 0 0 0 0 0 0 0 0 0 0 0 0 0 0 0 0 0 0 0 0 0 0 0 0 0 0 0 0 0 0 0 0 0 0 0 0 0 0 0 0 0 0 0 0 0 0 0 0 0 0 0 0 0 0 0 0 0 0 0 0 0 0 0 0 0 0 0 0 0 0 0 0 0 0 0 0 0 0 0 0 0 0 0 0 0 0 0 0 0 0 0 0 0 0 0 0 0 0 0 0 0 0 0 0
0 0 0 0 0 0 0 2 0 0 0 0 0 0 0 0 0 0 0 0 0 0 0 0 9 3 12 1 0 0 14 1 0 0 0 1 2 12 0 0 0 0 0 0 0 0 0 0 0 0 0 0 0 0 0 0 0 0 0 0 0 0 0 0 0 0 0 0 0 0 0 0 0 0 0 0 0 0 0 0 0 0 0 0 0 0 0 0 0 0 0 0 0 0 0 0 0 0 0 0 0 0 0 0 0 0 0 0 0 0 0 0 0 0 0 0 0 0 0 0 0 0 0 0 0 0 0 0 0 0 0 0 0 0 0 0 0 0 0 0 0 0 0 0 0 0 0 0 0 0
0 0 0 0 0 0 0 0 0 0 0 0 2 2 0 0 0 0 0 0 0 0 0 0 0 0 0 0 0 0 0 0 12 0 0 0 1 11 0 0 0 0 0 0 0 0 0 0 0 0 0 0 0 0 0 0 0 0 0 0 0 0 0 0 0 0 0 0 0 0 0 0 0 0 0 0 0 0 0 0 0 0 0 0 0 0 0 0 0 0 0 0 0 0 0 0 0 0 0 0 0 0 0 0 0 0 0 0 0 0 0 0 0 0 0 0 0 0 0 0 0 0 0 0 0 0 0 0 0 0 0 0 0 0 0 0 0 0 0 0 0 0 0 0 0 0 0 0 0 0
1 0 0 0 0 0 0 0 0 1 1 1 1 1 0 0 0 0 0 0 0 0 0 0 0 0 0 15 3 2 9 0 0 0 0 0 0 0 0 0 0 0 0 0 0 0 0 0 0 0 0 0 0 0 0 0 0 0 0 0 0 0 0 0 0 0 0 0 0 0 0 0 0 0 0 0 0 0 0 0 0 0 0 0 0 0 0 0 0 0 0 0 0 0 0 0 0 0 0 0 0 0 0 0 0 0 0 0 0 0 0 0 0 0 0 0 0 0 0 0 0 0 0 0 0 0 0 0 0 0 0 0 0 0 0 0 0 0 0 0 0 0 0 0 0 0 0 0 0 0
0 0 0 0 0 0 0 0 0 4 0 0 0 0 0 0 0 0 0 0 0 0 0 0 0 0 0 8 2 0 0 0 4 3 0 0 0 0 0 0 0 0 0 0 0 0 0 0 0 0 0 0 0 0 0 0 0 0 0 0 0 0 0 0 0 0 0 0 0 0 0 0 0 0 0 0 0 0 0 0 0 0 0 0 0 0 0 0 0 0 0 0 0 0 0 0 0 0 0 0 0 0 0 0 0 0 0 0 0 0 0 0 0 0 0 0 0 0 0 0 0 0 0 0 0 0 0 0 0 0 0 0 0 0 0 0 0 0 0 0 0 0 0 0 0 0 0 0 0 0
0 0 0 1 0 0 0 0 0 0 0 1 0 1 0 0 0 0 0 0 0 0 0 0 0 0 0 0 0 0 0 0 26 3 0 0 0 0 0 0 0 0 0 0 0 0 0 0 0 0 0 0 0 0 0 0 0 0 0 0 0 0 0 0 0 0 0 0 0 0 0 0 0 0 0 0 0 0 0 0 0 0 0 0 0 0 0 0 0 0 0 0 0 0 0 0 0 0 0 0 0 0 0 0 0 0 0 0 0 0 0 0 0 0 0 0 0 0 0 0 0 0 0 0 0 0 0 0 0 0 0 0 0 0 0 0 0 0 0 0 0 0 0 0 0 0 0 0 0 0
0 0 0 0 0 0 0 0 0 1 1 0 0 1 0 0 0 0 0 0 0 0 0 0 0 0 0 0 0 0 0 0 0 0 0 0 0 0 0 0 0 0 0 0 0 0 0 0 0 0 0 1 0 0 0 0 0 0 0 0 0 0 0 0 0 0 0 0 0 0 0 0 0 0 0 0 0 0 0 0 0 0 0 0 0 0 0 0 0 0 0 0 0 0 0 0 0 0 0 0 0 0 0 0 0 0 0 0 0 0 0 0 0 0 0 0 0 0 0 0 0 0 0 0 0 0 0 0 0 0 0 0 0 0 0 0 0 0 0 0 0 0 0 0 0 0 0 0 0 0
0 0 0 0 0 0 0 0 2 0 3 0 0 0 0 0 0 0 0 0 0 0 0 0 0 0 0 0 0 0 0 0 0 0 0 0 0 0 0 0 0 0 0 0 0 0 0 0 0 0 0 4 0 0 0 0 0 0 0 0 0 0 0 0 0 0 0 0 0 0 0 0 0 0 0 0 0 0 0 0 0 0 0 0 0 0 0 0 0 0 0 0 0 0 0 0 0 0 0 0 0 0 0 0 0 0 0 0 0 0 0 0 0 0 0 0 0 0 0 0 0 0 0 0 0 0 0 0 0 0 0 0 0 0 0 0 0 0 0 0 0 0 0 0 0 0 0 0 0 0
0 0 0 1 0 0 0 0 24 17 0 0 0 0 0 0 0 0 0 0 0 0 0 0 0 0 0 0 0 0 0 0 0 0 0 0 0 0 0 0 0 0 0 0 0 0 0 0 1 0 1 1 0 0 0 0 0 0 0 0 0 0 0 0 0 0 0 0 0 0 0 0 0 0 0 0 0 0 0 0 0 0 0 0 0 0 0 0 0 0 0 0 0 0 0 0 0 0 0 0 0 0 0 0 0 0 0 0 0 0 0 0 0 0 0 0 0 0 0 0 0 0 0 0 0 0 0 0 0 0 0 0 0 0 0 0 0 0 0 0 0 0 0 0 0 0 0 0 0 0
0 0 0 0 0 11 8 22 30 2 0 0 0 0 0 0 0 0 0 0 0 0 0 0 0 0 0 0 0 0 0 0 0 0 0 0 0 0 0 0 0 0 0 0 0 0 0 0 0 32 49 0 0 0 0 0 0 0 0 0 0 0 0 0 0 0 0 0 0 0 0 0 0 0 0 0 0 0 0 0 0 0 0 0 0 0 0 0 0 0 0 0 0 0 0 0 0 0 0 0 0 0 0 0 0 0 0 0 0 0 0 0 0 0 0 0 0 0 0 0 0 0 0 0 0 0 0 0 0 0 0 0 0 0 0 0 0 0 0 0 0 0 0 0 0 0 0 0 0 0
0 0 0 0 0 0 38 41 0 0 0 0 0 0 0 0 0 0 0 0 0 0 0 0 0 0 0 0 0 0 0 0 0 0 0 0 0 0 0 0 0 0 0 0 0 0 0 0 2 0 0 0 2 0 0 0 0 0 0 0 0 0 0 0 0 0 0 0 0 0 0 0 0 0 0 0 0 0 0 0 0 0 0 0 0 0 0 0 0 0 0 0 0 0 0 0 0 0 0 0 0 0 0 0 0 0 0 0 0 0 0 0 0 0 0 0 0 0 0 0 0 0 0 0 0 0 0 0 0 0 0 0 0 0 0 0 0 0 0 0 0 0 0 0 0 0 0 0 0 0
0 0 0 0 0 0 0 0 0 0 0 0 0 0 0 0 0 0 0 0 0 0 0 0 0 0 0 0 0 0 0 0 0 0 0 0 0 0 0 0 0 0 0 0 0 0 0 0 2 0 0 0 10 82 0 0 0 0 0 0 0 0 0 0 0 0 0 0 0 0 0 0 0 0 0 0 0 0 0 0 0 0 0 0 0 0 0 0 0 0 0 0 0 0 0 0 0 0 0 0 0 0 0 0 0 0 0 0 0 0 0 0 0 0 0 0 0 0 0 0 0 0 0 0 0 0 0 0 0 0 0 0 0 0 0 0 0 0 0 0 0 0 0 0 0 0 0 0 0 0
0 0 0 0 0 0 0 0 0 0 0 0 0 0 0 0 0 0 0 0 0 0 0 0 0 0 0 0 0 0 0 0 0 0 0 0 0 0 0 0 0 0 0 0 0 0 0 0 0 0 0 0 1 13 0 0 0 0 0 0 0 0 0 0 0 0 0 0 0 0 0 0 0 0 0 0 0 0 0 0 0 0 0 0 0 0 0 0 0 0 0 0 0 0 0 0 0 0 0 0 0 0 0 0 0 0 0 0 0 0 0 0 0 0 0 0 0 0 0 0 0 0 0 0 0 0 0 0 0 0 0 0 0 0 0 0 0 0 0 0 0 0 0 0 0 0 0 0 0 0
0 0 0 0 0 0 0 0 0 0 0 0 0 0 0 0 0 0 0 0 0 0 0 0 0 0 0 0 0 0 0 0 0 0 0 0 0 9 0 0 0 0 0 0 0 0 0 0 1 0 0 0 3 0 0 0 0 0 0 0 0 0 0 0 0 0 0 0 0 0 0 0 0 0 0 0 0 0 0 0 0 0 0 0 0 0 0 0 0 0 0 0 0 0 0 0 0 0 0 0 0 0 0 0 0 0 0 0 0 0 0 0 0 0 0 0 0 0 0 0 0 0 0 0 0 0 0 0 0 0 0 0 0 0 0 0 0 0 0 0 0 0 0 0 0 0 0 0 0 0
0 0 0 0 0 0 0 0 0 0 0 0 0 0 0 0 0 0 0 0 0 0 0 0 0 0 0 0 0 0 0 0 1 0 0 0 0 0 0 0 0 0 0 0 0 0 0 0 0 0 0 0 1 0 0 0 0 0 0 0 0 0 0 0 0 0 0 0 0 0 0 0 0 0 0 0 0 0 0 0 0 0 0 0 0 0 0 0 0 0 0 0 0 0 0 0 0 0 0 0 0 0 0 0 0 0 0 0 0 0 0 0 0 0 0 0 0 0 0 0 0 0 0 0 0 0 0 0 0 0 0 0 0 0 0 0 0 0 0 0 0 0 0 0 0 0 0 0 0 0
0 0 0 0 0 0 0 0 0 0 0 0 0 0 0 0 0 0 0 0 0 0 0 0 0 0 0 0 0 0 3 0 0 0 1 0 0 0 0 0 0 0 0 1 0 0 0 0 0 0 0 0 0 8 0 0 0 0 0 0 0 0 0 0 0 0 0 0 0 0 0 0 0 0 0 0 0 0 0 0 0 0 0 0 0 0 0 0 0 0 0 0 0 0 0 0 0 0 0 0 0 0 0 0 0 0 0 0 0 0 0 0 0 0 0 0 0 0 0 0 0 0 0 0 0 0 0 0 0 0 0 0 0 0 0 0 0 0 0 0 0 0 0 0 0 0 0 0 0 0
0 0 0 0 0 0 0 0 0 0 0 0 0 0 0 0 0 0 0 0 0 0 0 0 0 0 0 0 0 1 3 25 2 0 0 0 1 0 0 0 0 0 0 0 0 0 0 0 0 0 0 0 0 0 0 0 0 0 0 0 0 0 0 0 0 0 0 0 0 0 0 0 0 0 0 0 0 0 0 0 0 0 0 0 0 0 0 0 0 0 0 0 0 0 0 0 0 0 0 0 0 0 0 0 0 0 0 0 0 0 0 0 0 0 0 0 0 0 0 0 0 0 0 0 0 0 0 0 0 0 0 0 0 0 0 0 0 0 0 0 0 0 0 0 0 0 0 0 0 0
0 0 0 0 0 0 0 0 0 0 0 0 0 0 0 0 0 0 0 0 0 0 0 0 0 0 0 0 0 0 3 20 0 0 0 0 2 0 0 0 0 0 0 0 0 0 0 0 0 0 0 0 0 0 0 0 0 0 0 0 0 0 0 0 0 0 0 0 0 0 0 0 0 0 0 0 0 0 0 0 0 0 0 0 0 0 0 0 0 0 0 0 0 0 0 0 0 0 0 0 0 0 0 0 0 0 0 0 0 0 0 0 0 0 0 0 0 0 0 0 0 0 0 0 0 0 0 0 0 0 0 0 0 0 0 0 0 0 0 0 0 0 0 0 0 0 0 0 0 0
0 0 0 0 0 0 0 0 0 0 0 0 0 0 0 0 0 0 0 0 0 0 0 0 0 0 9 0 0 1 0 0 0 0 0 0 1 0 0 0 0 0 0 0 0 0 0 0 0 0 0 0 0 0 0 0 0 0 0 0 0 0 0 0 0 0 0 0 0 0 0 0 0 0 0 0 0 0 0 0 0 0 0 0 0 0 0 0 0 0 0 0 0 0 0 0 0 0 0 0 0 0 0 0 0 0 0 0 0 0 0 0 0 0 0 0 0 0 0 0 0 0 0 0 0 0 0 0 0 0 0 0 0 0 0 0 0 0 0 0 0 0 0 0 0 0 0 0 0 0
0 0 0 0 0 0 0 0 0 0 0 0 0 0 0 0 0 0 0 0 0 0 0 0 0 0 0 0 0 269 120 0 0 0 0 0 0 0 0 0 0 0 0 0 0 0 0 0 1 0 0 0 0 0 0 0 0 0 0 0 0 0 0 0 0 0 0 0 0 0 0 0 0 0 0 0 0 0 0 0 0 0 0 0 0 0 0 0 0 0 0 0 0 0 0 0 0 0 0 0 0 0 0 0 0 0 0 0 0 0 0 0 0 0 0 0 0 0 0 0 0 0 0 0 0 0 0 0 0 0 0 0 0 0 0 0 0 0 0 0 0 0 0 0 0 0 0 0 0 0
0 0 0 0 0 0 0 0 0 0 0 0 0 0 0 0 0 0 0 0 0 0 0 0 0 0 33 0 0 0 0 0 0 1 0 0 0 0 0 0 0 0 0 0 0 0 0 0 0 83 0 0 0 0 0 0 0 0 0 0 0 0 0 0 0 0 0 0 0 0 0 0 0 0 0 0 0 0 0 0 0 0 0 0 0 0 0 0 0 0 0 0 0 0 0 0 0 0 0 0 0 0 0 0 0 0 0 0 0 0 0 0 0 0 0 0 0 0 0 0 0 0 0 0 0 0 0 0 0 0 0 0 0 0 0 0 0 0 0 0 0 0 0 0 0 0 0 0 0 0
0 0 0 0 0 0 0 0 0 0 0 0 0 0 0 0 0 0 0 0 0 0 0 0 0 0 39 0 0 0 0 0 0 0 0 0 0 0 0 0 0 0 0 0 0 0 0 0 4 0 0 0 0 0 0 0 0 0 0 0 0 0 0 0 0 0 0 0 0 0 0 0 0 0 0 0 0 0 0 0 0 0 0 0 0 0 0 0 0 0 0 0 0 0 0 0 0 0 0 0 0 0 0 0 0 0 0 0 0 0 0 0 0 0 0 0 0 0 0 0 0 0 0 0 0 0 0 0 0 0 0 0 0 0 0 0 0 0 0 0 0 0 0 0 0 0 0 0 0 0
0 0 0 0 0 0 0 0 0 0 0 0 0 0 0 0 0 0 0 0 0 0 0 0 0 0 0 4 9 0 0 0 0 0 0 0 0 0 0 0 0 0 0 0 0 0 0 0 0 0 0 0 0 0 0 0 0 0 0 0 0 0 0 0 0 0 0 0 0 0 0 0 0 0 0 0 0 0 0 0 0 0 0 0 0 0 0 0 0 0 0 0 0 0 0 0 0 0 0 0 0 0 0 0 0 0 0 0 0 0 0 0 0 0 0 0 0 0 0 0 0 0 0 0 0 0 0 0 0 0 0 0 0 0 0 0 0 0 0 0 0 0 0 0 0 0 0 0 0 0
0 0 0 0 0 0 0 0 0 0 0 0 0 0 0 0 0 0 0 0 0 0 0 0 0 0 0 0 0 0 0 0 0 0 0 0 0 0 0 0 0 0 0 0 0 0 0 0 0 0 0 0 0 0 0 0 0 0 0 0 0 0 0 0 0 0 0 0 0 0 0 0 0 0 0 0 0 0 0 0 0 0 0 0 0 0 0 0 0 0 0 0 0 0 0 0 0 0 0 0 0 0 0 0 0 0 0 0 0 0 0 0 0 0 0 0 0 0 0 0 0 0 0 0 0 0 0 0 0 0 0 0 0 0 0 0 0 0 0 1 0 0 0 0 0 0 0 0 0 0
0 0 0 0 0 0 0 0 0 0 0 0 0 0 0 0 0 0 0 0 0 0 0 0 0 0 0 0 0 0 0 0 0 0 0 0 0 0 0 0 0 0 0 0 0 0 0 0 0 0 2 0 0 0 0 0 0 0 0 0 0 0 0 0 0 0 0 0 0 0 0 0 0 0 0 0 0 0 0 0 0 0 0 0 0 0 0 0 0 0 0 0 0 0 0 0 0 0 0 0 0 0 0 0 0 0 0 0 0 0 0 0 0 0 0 0 0 0 0 0 0 0 0 0 0 0 0 0 0 0 0 0 0 0 0 0 0 0 0 0 0 0 0 0 0 0 0 0 0 0
0 0 0 0 0 0 0 0 0 0 0 0 0 0 0 0 0 0 0 0 0 0 0 0 0 0 0 0 0 0 0 0 0 0 0 0 0 0 0 0 0 0 0 0 0 0 0 0 0 0 0 0 0 0 0 0 0 0 0 0 0 0 0 0 0 0 0 0 0 0 0 0 0 0 0 0 0 0 0 0 0 0 0 0 0 0 0 0 0 0 0 0 0 0 0 0 0 0 0 0 0 0 0 0 0 0 0 0 0 0 0 0 0 0 0 0 0 0 0 0 0 0 0 0 0 0 0 0 0 0 0 0 0 0 0 0 0 0 0 0 0 0 0 0 0 0 0 0 0 0
0 0 0 0 0 0 0 0 0 0 0 0 0 0 0 0 0 0 0 0 0 0 0 0 0 0 0 0 0 0 0 0 0 0 0 0 0 0 0 0 0 0 0 0 0 0 0 0 0 0 0 0 0 0 0 0 0 0 0 0 0 0 0 0 0 0 0 0 0 0 0 0 0 0 0 0 0 0 0 0 0 0 0 0 0 0 0 0 0 0 0 0 0 0 0 0 0 0 0 0 0 0 0 0 0 0 0 0 0 0 0 0 0 0 0 0 0 0 0 0 0 0 0 0 0 0 0 0 0 0 0 0 0 0 0 0 0 0 0 0 0 0 0 0 0 0 0 0 0 0
0 0 0 0 0 0 0 0 0 0 0 0 0 0 0 0 0 0 0 0 0 0 0 0 0 0 0 0 0 0 0 0 0 0 0 0 0 0 0 0 0 0 0 0 0 0 0 0 0 0 0 0 0 0 0 0 0 0 0 0 0 0 0 0 0 0 0 0 0 0 0 0 0 0 0 0 0 0 0 0 0 0 0 0 0 0 0 0 0 0 0 0 0 0 0 0 0 0 0 0 0 0 0 0 0 0 0 0 0 0 0 0 0 0 0 0 0 0 0 0 0 0 0 0 0 0 0 0 0 0 0 0 0 0 0 0 0 0 0 0 0 0 0 0 0 0 0 0 0 0
