0 0 36 12 1 0 2 1 13 126 13 10 0 20 0 0 0 0 14 0 1 2 0 0 1 34 0 1 0 0 0 0 0 1 13 3 0 0 1 3 0 0 0 0 0 0 0 0 0 0 0 0 0 2 0 1 0 0 2 10 86 36 5 7 0 7 7 12 0 0 0 3 18 246 187 412 203 88 48 69 40 268 120 86 127 275 361 283 60 396 1267 931 128 905 581 726 1286 1089 1167 197 350 177 22 41 58 61 101 441 306 16 13 2 22 119 56 53 38 26 11 1 3 65 21 13 0 28 0 4 21 33 0 43 5 14 11 0 0 3 1 0 6 0 0 0 0 0 0 0 0 28
0 7 5 6 0 0 0 0 0 42 22 17 11 7 0 0 0 6 18 0 0 4 29 0 11 30 0 5 0 0 0 0 0 0 2 1 0 0 5 0 0 0 0 0 0 0 0 0 0 0 0 0 0 3 8 0 0 0 0 63 157 34 17 36 12 1 0 0 1 8 0 4 76 83 82 5 41 112 13 123 237 101 16 3 191 329 429 317 488 460 187 57 579 544 380 475 939 733 1130 920 391 190 39 35 10 17 3 67 32 10 7 9 7 20 95 45 2 22 5 31 3 3 44 4 3 1 4 7 21 67 24 6 51 40 0 0 0 0 0 78 7 0 0 0 0 0 0 0 0 0
0 0 0 1 1 0 0 0 0 12 7 3 22 7 1 0 0 8 6 0 1 19 109 36 28 1 2 15 0 0 0 0 0 0 0 9 3 3 0 8 4 0 0 3 0 0 0 0 0 0 0 0 0 0 17 0 1 2 0 10 37 30 4 8 0 0 1 0 0 0 0 5 14 0 5 1 1 81 213 330 159 50 5 36 58 263 692 293 15 21 154 50 353 795 812 934 452 497 332 775 890 472 12 82 41 14 4 12 389 249 84 9 5 9 8 13 12 73 8 6 183 14 20 12 3 4 0 8 0 51 17 6 69 125 0 0 25 1 15 122 8 4 0 1 0 0 2 0 0 0
39 11 0 0 0 0 0 0 0 4 0 0 0 0 1 4 2 0 4 5 0 1 5 10 12 0 1 11 11 0 1 0 0 0 0 2 0 4 0 4 4 0 0 0 0 0 0 0 0 0 8 0 4 5 264 35 0 30 68 18 2 0 15 11 1 0 0 0 0 3 15 221 35 1 2 17 24 151 388 424 153 119 196 267 236 35 114 292 5 340 1426 1400 1645 1065 1112 623 197 268 730 604 658 753 225 37 50 140 50 29 533 189 31 36 65 12 3 10 15 95 67 36 54 99 28 5 5 10 1 1 21 3 7 7 19 0 13 0 17 1 0 35 76 4 0 0 0 0 0 0 0 0
3 17 0 0 0 0 0 0 3 6 2 1 0 0 0 10 8 6 3 0 2 4 4 0 1 1 0 0 1 1 1 0 2 0 3 9 18 0 1 0 3 0 0 0 0 0 0 0 1 4 1 0 1 2 58 236 54 49 4 1 7 0 0 14 0 0 0 0 2 61 150 75 287 244 73 66 53 215 376 486 307 346 464 598 521 132 79 132 33 541 1597 1741 700 1402 538 327 113 836 531 796 627 1134 872 728 434 280 111 30 10 21 15 27 101 60 9 1 1 30 95 95 239 747 149 10 2 5 1 0 5 5 0 0 0 0 10 1 0 1 0 1 91 5 1 0 0 0 0 0 0 0
15 3 0 0 0 0 0 0 4 1 5 0 0 0 0 10 6 4 33 91 22 5 0 0 0 0 0 0 0 0 0 2 0 0 176 154 50 50 0 0 0 0 0 0 0 0 0 0 0 12 47 23 3 3 7 175 73 16 24 4 0 0 9 1 1 0 0 0 6 137 129 308 197 191 171 82 39 67 68 556 904 762 508 109 7 187 145 41 7 421 1913 1245 163 497 1299 839 245 1621 764 651 475 480 1175 710 69 181 38 123 7 3 3 4 2 53 11 15 36 8 2 14 325 162 6 0 4 4 5 3 1 0 5 0 3 0 0 2 9 0 4 0 1 5 0 0 0 0 0 0 0 0
0 0 0 4 0 0 0 0 0 8 12 0 0 8 8 0 0 0 0 0 2 3 6 0 0 0 0 0 0 1 9 1 1 0 0 9 5 18 6 0 0 0 0 0 0 0 0 0 0 7 3 7 15 9 1 51 22 3 76 49 5 13 6 0 14 0 0 0 2 105 123 147 185 431 360 196 374 206 467 491 1204 1594 1047 815 418 29 17 236 93 133 1783 1571 270 734 1592 763 434 617 787 63 43 436 213 209 48 76 128 16 12 48 56 288 323 87 55 42 0 3 32 46 155 126 10 0 3 3 9 3 0 0 1 0 0 0 0 0 0 34 0 0 0 0 6 0 0 0 0 0 0 0
5 0 0 1 0 0 0 0 2 2 3 0 0 1 0 0 0 0 0 0 0 0 0 0 0 0 0 0 0 6 8 0 0 0 3 0 0 1 23 9 0 0 0 0 0 0 0 0 0 0 0 0 5 18 2 10 0 43 103 88 113 81 77 10 15 43 0 0 9 88 5 7 39 83 138 89 165 144 692 906 1805 957 1087 254 300 268 272 903 259 82 923 149 90 690 735 706 433 895 931 442 197 620 561 720 198 156 13 96 151 59 320 503 132 62 35 72 2 2 4 34 29 5 8 12 7 3 28 0 5 5 0 0 0 0 1 0 0 0 0 0 0 0 0 0 0 0 6 0 0 0
5 0 0 0 0 0 0 0 15 2 0 4 11 3 14 0 0 0 0 0 0 0 0 0 0 0 0 0 0 0 9 0 0 0 2 0 0 0 0 1 0 0 0 0 0 0 1 0 0 0 0 0 1 15 1 0 4 32 25 66 362 252 16 3 7 35 6 6 2 63 1 6 1 11 2 30 12 51 218 857 1177 1441 763 25 27 40 710 356 375 151 11 15 512 1150 1391 1594 151 458 503 380 521 337 132 358 737 240 367 452 62 63 948 298 284 13 55 5 2 20 5 3 18 5 9 18 16 5 2 6 2 0 6 1 0 0 2 1 1 1 0 0 0 0 0 0 0 0 0 0 0 0
0 0 0 0 0 0 0 5 23 26 0 0 0 0 0 0 0 0 1 0 0 0 0 0 0 0 0 0 0 0 0 0 0 0 0 0 0 0 5 0 1 0 0 0 0 0 4 0 3 0 8 0 27 19 0 0 2 2 0 30 32 119 30 27 5 4 2 0 3 24 0 0 0 1 0 46 25 124 873 865 1091 807 787 410 832 887 507 306 384 261 83 9 43 825 1581 1718 865 195 160 17 53 285 45 11 143 876 453 254 100 17 743 595 326 100 6 237 366 658 173 47 75 49 51 45 75 32 15 4 5 31 87 19 0 0 0 0 0 0 0 0 0 0 0 0 0 0 0 0 0 1
0 8 9 0 0 0 4 0 3 3 1 5 0 0 6 10 4 4 1 0 0 0 0 0 0 1 0 0 0 0 0 5 0 0 0 10 0 15 2 1 1 11 2 1 0 0 4 9 42 20 23 8 13 9 0 0 0 14 34 27 0 249 14 18 0 0 0 0 0 16 0 0 0 0 0 0 22 49 591 416 565 308 666 386 282 559 413 535 851 602 99 0 5 331 762 1109 1011 64 37 60 29 20 7 12 211 542 888 302 188 175 567 322 237 84 4 188 540 1140 614 296 304 353 370 177 258 541 252 108 91 42 16 182 39 34 79 0 0 0 0 0 0 0 0 0 0 1 0 0 0 0
3 0 6 0 0 0 0 0 12 3 0 0 0 0 0 0 26 24 5 0 4 0 0 0 0 0 0 0 0 0 0 0 4 8 9 1 0 2 3 1 4 9 7 7 0 0 1 2 0 0 0 0 3 2 27 2 0 0 0 13 2 3 0 1 8 14 6 1 6 0 1 0 0 0 0 4 262 23 143 530 656 258 143 72 203 202 77 140 255 590 75 1 2 17 26 182 1609 590 422 30 0 1 7 100 96 88 477 272 82 129 383 287 105 365 57 169 565 494 988 794 516 493 281 109 173 246 2 0 0 36 6 1 132 67 70 5 0 0 0 0 0 0 0 0 0 0 0 0 0 0
3 0 1 0 0 1 2 1 13 3 0 0 0 0 0 0 0 20 8 20 1 2 0 1 0 0 0 0 0 0 1 0 0 0 0 3 0 0 0 0 0 4 60 4 36 0 3 33 0 0 0 0 11 0 5 0 0 0 8 6 2 6 5 0 0 3 2 4 2 5 23 0 0 0 0 43 147 66 255 127 205 333 72 6 31 20 1 0 2 19 2 0 1 46 133 46 1267 596 1127 937 13 7 106 33 25 20 27 411 715 365 955 831 195 781 256 69 75 104 1236 1223 235 231 126 6 60 180 19 1 72 39 0 0 49 11 11 0 0 0 0 0 0 0 0 0 0 0 0 0 0 0
0 0 0 0 0 0 1 4 0 0 0 0 0 0 0 0 0 0 109 24 19 5 2 0 0 0 0 0 0 4 5 0 0 0 0 0 4 0 0 0 0 4 0 95 73 0 0 0 8 0 3 17 4 0 0 0 0 0 12 0 21 10 0 5 0 0 70 45 37 12 110 0 2 10 8 569 830 511 386 64 62 310 127 17 36 206 6 0 2 36 0 1 0 51 22 48 155 730 236 466 5 43 421 143 411 99 85 434 334 747 1610 2111 971 371 278 290 305 519 839 475 153 111 3 4 1 43 28 0 15 0 0 3 2 0 0 0 2 0 0 0 0 0 0 0 0 0 0 0 0 0
0 0 0 0 0 0 2 0 8 0 0 0 0 0 0 0 0 0 13 7 16 1 0 0 2 1 0 0 0 0 3 0 0 0 0 0 0 0 0 0 0 0 0 13 66 0 0 2 0 21 12 62 4 1 9 4 3 11 26 35 138 32 21 38 13 35 177 198 346 221 93 1 7 2 122 1062 1737 1165 507 46 0 154 63 1 11 21 39 16 1 34 21 12 1 0 0 8 71 351 279 298 24 73 773 647 1871 1360 2227 1626 1140 1125 1256 1145 964 676 514 341 161 166 66 107 202 213 108 25 1 26 83 5 12 19 5 0 0 0 0 0 0 0 0 0 0 0 0 0 0 0 0 0 0 0
0 0 0 0 0 0 0 42 21 2 3 0 0 0 0 0 5 0 0 6 0 26 8 7 0 0 0 0 0 5 0 0 0 0 0 0 0 0 0 1 0 0 0 5 1 17 0 0 0 74 125 135 1 0 0 26 88 150 20 143 29 28 11 42 50 54 154 90 157 216 286 131 192 284 657 1056 1666 823 204 44 6 7 0 1 0 0 19 122 17 96 11 7 1 0 4 38 49 27 48 15 5 0 1295 810 1124 737 1229 487 770 1405 1615 1348 1785 506 456 529 66 185 188 146 88 8 217 428 64 102 34 3 3 2 0 0 0 0 38 8 0 0 0 0 0 0 0 0 0 0 0 0 0 0
0 0 0 0 0 0 1 3 2 0 0 0 3 0 0 0 28 5 5 10 0 0 31 55 35 9 3 0 0 2 0 0 0 0 0 0 2 0 0 0 0 0 1 1 0 26 1 10 0 47 58 5 1 24 26 84 118 180 95 55 3 7 0 0 0 2 0 0 0 0 2 3 100 133 426 553 551 460 126 0 1 0 11 0 0 0 2 92 135 31 1 0 5 1 4 37 54 0 6 174 27 317 1015 836 564 292 471 276 512 955 1010 528 1027 522 690 185 65 96 156 5 0 6 54 67 27 434 11 18 0 0 0 0 0 0 0 1 0 0 0 0 0 0 0 0 0 0 0 0 0 0
0 0 0 1 2 3 1 2 0 0 0 2 1 0 0 1 11 6 2 2 2 4 2 0 23 0 8 30 3 0 0 0 0 0 0 0 1 0 0 0 0 0 11 0 0 125 58 11 6 66 68 32 13 121 57 43 51 118 480 17 2 1 0 0 2 3 32 95 6 40 183 16 157 14 93 234 214 197 25 16 2 0 3 3 0 0 0 5 85 5 0 46 74 54 62 3 1 0 40 684 292 186 209 190 187 602 222 270 648 465 133 590 126 268 234 57 98 211 18 18 0 2 3 14 111 708 303 36 3 2 0 0 0 0 0 0 0 0 0 0 0 0 0 0 0 0 0 0 0 0
0 0 0 0 2 8 0 0 0 0 0 1 1 1 0 1 11 0 1 3 2 5 13 1 4 1 108 53 23 0 0 0 1 0 1 30 1 0 0 0 0 0 2 22 27 33 20 4 26 595 163 25 29 23 11 86 300 134 61 39 151 27 5 0 1 1 3 6 4 30 43 35 56 17 6 162 350 50 13 48 43 0 11 14 0 6 14 12 10 0 12 79 92 251 44 1 0 37 255 21 200 363 130 61 167 176 265 518 409 2 6 91 12 614 113 0 28 2 0 0 0 0 3 19 86 292 168 387 19 0 0 0 0 0 0 0 0 0 0 0 0 0 0 0 0 0 0 0 0 0
0 0 0 0 1 2 0 0 0 0 0 1 1 0 3 0 1 0 0 1 6 18 342 2 5 8 2 43 220 14 0 3 1 0 2 0 0 0 0 0 0 5 7 44 19 132 97 23 10 228 83 10 1 4 98 17 55 97 4 0 2 3 1 1 0 8 0 2 13 18 55 32 28 0 9 69 28 0 7 14 15 0 1 1 0 31 15 0 10 18 49 28 25 1 1 26 1 42 18 0 988 1219 881 208 93 201 160 357 210 22 4 0 3 359 72 0 0 0 0 0 0 0 0 3 21 8 28 147 18 0 0 0 0 0 0 0 0 0 0 0 0 0 0 0 0 0 0 0 0 0
0 0 0 0 0 0 1 0 0 0 0 1 0 2 0 0 0 5 4 2 1 10 35 2 0 15 14 8 1 10 0 7 6 0 1 0 0 0 0 4 26 6 25 23 8 23 33 43 168 522 408 142 49 69 22 13 11 1 3 0 1 8 46 4 228 119 2 0 4 20 88 38 2 0 3 192 195 83 9 53 22 22 7 12 0 0 8 9 38 20 21 0 0 0 4 5 1 3 311 435 1519 990 627 217 5 18 204 385 8 0 0 0 0 24 0 0 0 0 0 0 0 0 10 12 0 0 30 20 0 0 0 0 0 0 0 0 0 0 0 0 0 0 0 0 0 0 0 0 0 0
0 0 0 0 0 0 0 0 0 0 0 0 0 7 6 1 0 0 0 0 1 1 23 2 5 6 1 0 0 0 11 90 38 2 0 0 0 13 0 0 106 22 3 0 0 0 5 40 331 964 518 446 53 3 1 6 0 6 0 0 2 7 1 0 20 25 43 5 8 73 58 23 28 0 0 38 156 149 108 120 52 75 8 56 18 7 11 11 236 52 23 13 0 6 1 20 4 2 115 469 267 93 54 3 23 24 171 87 19 0 0 0 9 175 0 0 0 0 0 0 0 0 0 0 0 60 67 5 1 7 3 0 0 0 0 0 0 0 0 0 0 0 0 0 0 0 0 0 0 0
0 0 0 1 0 0 0 0 0 0 0 0 0 1 2 0 1 0 0 0 0 1 4 2 3 0 0 0 0 0 2 6 75 15 1 0 23 235 38 32 2 0 0 0 0 0 20 34 38 442 296 182 22 0 9 5 0 2 17 0 1 0 0 0 21 6 23 6 0 6 14 51 60 11 3 2 23 21 55 23 5 44 19 0 1 9 8 0 0 1 0 5 3 7 0 0 6 2 3 9 8 1 15 46 108 56 82 84 119 133 72 25 50 0 1 0 0 0 0 0 0 0 0 2 41 76 156 0 0 0 2 1 0 0 0 0 0 0 0 0 0 0 0 0 0 0 0 0 0 0
0 0 2 0 0 0 0 0 0 0 0 0 0 1 13 0 2 4 0 0 2 1 0 7 0 10 0 0 0 0 2 4 9 9 8 6 13 87 26 4 0 0 0 0 24 118 40 74 2 199 151 71 6 15 4 8 16 29 12 0 0 0 0 1 0 2 1 3 0 0 4 9 133 105 15 24 0 0 0 18 0 23 134 119 0 0 11 0 0 0 1 7 0 2 0 0 1 0 5 6 12 1 5 211 62 42 30 1 3 45 7 695 20 0 0 0 0 0 0 0 0 0 1 24 3 46 80 122 21 0 0 0 0 0 0 0 0 0 0 0 1 0 0 0 0 0 0 0 0 0
0 0 0 0 0 0 0 0 0 0 0 0 0 0 1 0 0 0 0 0 0 0 1 0 0 2 1 0 0 0 0 2 9 13 118 0 0 63 0 0 0 0 0 46 72 34 105 2 4 32 83 42 78 25 31 5 4 30 7 6 0 0 0 0 1 0 0 17 15 4 0 0 17 5 108 20 0 0 0 0 0 3 13 94 24 6 2 0 0 1 10 10 2 2 1 0 15 2 0 0 17 6 4 18 597 0 0 5 0 0 0 137 8 0 0 5 28 0 0 0 0 0 2 1 0 38 62 36 0 0 2 0 0 0 0 0 3 0 0 0 0 2 0 0 0 0 0 0 0 0
0 0 0 0 0 0 0 0 0 0 0 0 0 1 7 1 1 0 3 0 0 13 7 7 0 0 0 1 0 0 0 0 9 44 29 1 0 8 13 0 0 0 0 17 156 28 0 0 34 2 72 12 0 21 0 0 2 0 0 0 2 0 0 0 16 8 0 3 4 9 4 38 0 7 1 13 17 1 0 0 3 3 0 13 3 18 1 11 0 16 0 2 2 0 5 2 2 2 3 1 6 18 6 172 296 206 0 5 0 0 0 49 14 8 18 9 0 0 0 0 0 0 0 0 0 65 23 91 2 1 0 0 0 0 0 3 8 38 0 0 0 0 0 0 0 0 0 0 0 0
0 0 0 0 0 0 0 0 0 0 2 0 0 1 6 0 3 2 0 0 0 7 1 1 0 0 0 13 3 1 0 2 2 2 20 2 0 2 15 10 2 1 5 16 141 9 5 5 3 3 21 38 0 0 4 0 0 2 0 0 0 1 0 2 7 0 0 2 2 3 18 17 2 1 3 0 12 0 0 0 0 0 16 6 5 6 21 29 1 6 12 2 0 0 0 6 1 0 0 5 13 20 10 3 61 378 23 2 0 0 0 0 0 22 13 43 0 0 8 0 0 0 0 0 15 203 16 17 0 0 0 0 0 0 1 0 7 18 0 0 0 0 0 0 0 0 0 1 0 0
0 0 0 0 0 0 0 0 1 0 1 0 0 44 31 1 12 38 6 2 2 29 26 1 1 0 0 0 2 7 11 1 0 40 1 0 3 12 12 17 46 61 15 187 167 12 14 0 0 1 1 55 25 7 2 4 0 0 0 0 0 0 0 1 0 0 0 0 11 50 132 30 5 8 0 2 0 15 1 0 0 0 0 0 2 0 0 7 15 42 5 1 4 0 0 1 0 0 0 1 0 6 35 4 30 877 856 39 4 0 0 0 0 0 0 0 11 201 52 3 0 0 0 33 141 38 65 405 515 40 0 0 0 0 4 5 10 50 0 0 0 0 0 0 0 0 0 0 0 0
0 0 0 0 0 1 0 4 0 2 1 17 12 22 7 3 32 107 6 19 4 6 4 14 0 0 0 7 34 8 1 6 14 3 5 16 23 31 67 148 410 763 443 308 112 19 0 0 6 0 1 4 42 15 4 0 0 0 0 0 0 0 0 0 0 0 1 0 2 3 32 50 16 0 20 7 1 28 2 0 0 11 2 0 10 0 0 0 19 2 35 13 5 4 17 78 1 0 0 0 2 3 17 41 320 557 433 385 9 0 0 0 0 0 0 3 357 107 12 0 0 0 18 128 243 177 671 585 210 45 0 0 1 22 1 10 0 0 0 0 0 0 0 1 0 0 0 0 0 0
0 0 0 0 0 0 0 2 10 11 8 95 26 4 0 2 4 12 2 5 1 11 13 30 2 3 5 1 0 0 8 3 2 1 42 24 3 21 196 282 795 1144 736 834 81 7 4 10 9 0 5 1 65 86 34 5 0 0 0 0 0 0 0 0 0 0 0 0 1 0 1 0 1 0 0 0 0 13 18 0 0 0 3 1 13 0 0 0 2 5 1 11 10 32 5 23 0 1 0 1 0 19 5 12 9 94 2 152 19 0 0 0 1 0 187 142 508 367 62 62 12 26 14 230 346 192 506 693 636 561 80 66 28 103 12 3 0 0 0 0 0 0 0 0 0 0 0 0 0 0
0 0 0 0 0 0 5 4 3 4 4 7 7 0 1 10 0 0 8 7 3 14 195 38 0 0 0 1 0 6 10 1 1 2 10 35 30 51 55 113 494 394 483 278 55 10 6 4 5 8 1 4 30 2 4 3 0 0 0 0 0 0 0 0 0 0 0 0 0 0 0 3 0 0 0 7 4 9 9 2 45 25 18 19 43 0 0 5 36 34 0 0 4 19 1 1 5 10 1 0 0 1 1 19 1 2 0 13 52 8 1 3 4 0 50 1087 1030 555 200 253 200 147 60 13 1 22 430 583 20 40 18 246 664 58 82 7 0 0 0 0 0 0 0 0 0 0 0 0 0 0
0 0 0 0 0 0 1 1 1 1 6 11 2 3 0 4 1 2 13 29 330 83 23 0 0 0 0 0 3 39 2 2 16 48 12 3 1 7 0 91 651 420 422 210 113 30 6 0 5 41 3 2 15 11 18 2 3 0 0 0 0 0 0 0 0 0 0 0 0 2 0 0 0 0 0 0 0 0 15 0 30 21 60 187 49 0 0 1 0 2 0 4 5 2 1 4 16 2 2 0 4 1 1 0 5 10 3 22 243 209 403 537 178 277 412 1266 599 259 65 474 85 224 7 16 211 380 284 135 11 0 143 441 313 61 101 4 0 0 0 0 0 0 0 0 0 0 0 0 0 0
0 0 2 0 0 0 4 2 6 0 1 20 2 25 3 6 4 11 15 12 125 0 0 0 0 0 0 1 0 14 7 35 11 4 3 6 4 1 8 9 58 193 172 77 1 1 0 0 1 7 3 4 68 7 1 6 3 7 0 0 0 0 0 0 0 0 0 0 0 0 3 0 7 0 0 24 0 23 16 1 11 8 19 15 0 0 0 0 1 1 3 1 0 12 11 8 6 0 0 1 4 0 0 4 0 6 5 10 202 68 194 127 62 473 1038 451 316 372 111 517 101 11 0 1 14 119 181 0 0 0 158 428 0 0 1 0 0 0 0 0 0 0 0 0 0 0 0 0 0 0
0 0 0 0 0 1 9 22 1 2 0 0 0 7 10 5 1 0 24 54 33 0 0 0 0 0 0 1 2 2 110 3 68 5 26 1 5 3 4 6 17 21 7 1 0 0 0 0 2 1 0 8 187 14 37 32 51 0 0 0 0 0 0 0 0 0 0 0 0 0 0 0 0 0 0 0 0 8 1 1 0 0 2 0 1 0 0 0 5 0 0 0 3 46 29 2 8 0 0 3 3 0 0 0 0 2 4 162 94 11 0 10 112 387 288 487 261 309 150 229 350 2 0 0 0 0 0 0 0 0 3 112 42 0 0 0 0 0 0 0 0 0 0 0 0 0 0 0 0 0
0 0 1 2 0 1 26 9 1 0 3 0 5 26 12 13 35 16 0 0 2 2 3 0 0 0 1 43 29 31 38 49 25 1 2 2 0 2 4 17 12 36 3 0 0 0 5 0 0 0 0 28 146 70 18 27 2 0 0 0 0 0 0 0 0 0 0 0 0 0 0 0 0 0 0 1 11 8 2 1 0 0 0 0 0 0 0 0 11 16 36 6 28 71 5 19 8 3 0 24 0 0 0 2 1 1 9 70 551 10 0 0 3 0 3 2 10 33 386 735 92 0 0 0 0 0 2 0 0 0 0 6 110 4 0 0 0 0 0 0 0 0 0 0 0 0 0 0 0 0
4 1 5 5 2 0 39 78 6 1 14 11 7 6 2 170 72 27 5 7 1 1 9 0 2 7 5 24 2 6 19 4 5 2 0 4 0 0 15 3 51 10 0 0 1 0 4 0 0 0 0 77 5 38 54 23 3 0 3 0 0 0 0 0 0 0 0 0 0 0 0 0 0 0 0 1 3 26 4 0 0 0 5 0 0 0 0 0 27 2 5 0 4 44 0 1 0 1 9 1 0 0 21 6 1 8 49 53 251 0 0 0 0 0 10 0 0 2 119 360 287 130 1 0 6 91 0 0 0 64 79 31 69 7 0 0 0 0 0 0 0 0 0 0 0 0 0 0 0 0
0 0 0 0 0 22 3 1 0 1 50 7 2 2 19 53 100 22 4 0 0 1 3 4 1 19 6 0 0 24 0 0 0 5 12 0 0 0 0 3 0 18 10 1 3 2 0 2 0 0 3 65 89 68 30 20 3 0 0 0 0 0 0 0 0 0 0 0 0 0 0 0 0 0 0 0 0 26 158 6 3 3 0 0 0 0 2 110 17 0 6 5 5 3 0 12 0 1 6 13 43 27 17 8 10 43 47 25 83 7 0 0 0 16 124 167 280 648 137 308 1016 267 0 24 421 39 0 0 0 228 226 0 0 0 0 0 0 0 0 0 0 0 0 0 0 0 0 0 0 0
1 1 3 0 0 0 6 2 5 1 13 122 12 7 0 2 2 13 9 0 7 0 2 11 17 4 5 4 40 2 0 0 0 0 1 0 0 0 2 0 1 23 25 31 3 1 5 0 0 0 3 90 113 6 0 2 0 0 3 0 0 0 0 0 0 0 0 0 0 0 0 0 0 0 0 0 0 4 56 18 5 3 0 0 0 0 3 31 1 0 3 0 1 5 0 0 0 0 1 4 0 0 6 14 29 0 15 41 68 13 0 0 1 0 185 757 959 630 84 98 91 271 400 415 231 2 0 4 6 607 185 0 0 0 0 0 0 0 0 0 0 0 0 0 0 0 0 0 0 0
0 0 0 0 0 2 4 4 2 2 9 50 3 0 2 3 2 2 0 5 0 0 1 1 1 4 5 4 4 3 0 0 0 0 0 0 0 2 19 6 0 0 0 1 0 1 0 1 0 0 2 125 2 4 4 0 0 2 2 4 1 1 0 0 0 0 0 0 0 0 0 0 0 0 0 3 0 9 78 108 14 42 41 2 0 0 1 0 1 0 0 0 1 13 0 0 0 0 1 6 2 3 4 4 9 24 15 10 75 0 0 6 41 20 26 26 9 49 500 236 30 260 1097 638 418 320 276 333 1510 2006 917 30 0 0 0 0 0 0 0 0 0 0 0 0 0 0 0 0 0 0
0 2 0 0 0 10 5 5 1 7 27 3 0 8 8 13 4 3 0 0 0 0 0 0 0 56 64 2 1 0 0 0 12 2 1 0 0 0 0 21 4 1 4 1 0 5 27 9 2 25 11 465 66 10 0 6 0 3 0 4 0 0 0 1 0 0 0 0 0 0 0 0 0 0 0 0 2 14 46 3 4 43 40 0 0 0 0 0 5 6 2 2 7 24 4 28 28 0 1 5 2 0 1 5 18 30 26 12 166 29 17 31 29 9 3 15 6 189 521 576 547 759 1029 1179 2031 1251 967 1144 1446 1038 1147 7 0 0 0 0 0 0 0 0 0 0 1 0 0 0 0 0 0 0
0 0 0 0 2 2 0 0 10 11 0 1 4 4 5 21 2 0 0 0 0 0 0 0 1 12 16 0 2 0 1 0 2 0 6 0 0 8 2 4 1 0 2 0 0 0 7 0 4 35 715 687 21 107 19 12 5 2 8 6 5 6 0 0 0 0 0 0 0 0 0 0 0 0 0 0 7 0 10 1 0 0 1 0 0 0 0 0 5 2 3 1 6 0 0 5 0 0 2 14 10 6 25 2 38 40 52 45 4 24 12 7 12 15 14 13 5 60 588 1629 1508 682 362 1081 1881 1194 258 726 660 9 199 87 1 0 0 0 0 0 0 0 0 0 0 0 0 0 0 0 0 0
3 2 3 3 2 1 2 0 19 3 0 9 1 0 2 0 1 3 2 0 0 0 1 1 9 12 0 0 0 0 2 61 19 2 0 1 1 0 1 0 0 1 0 0 0 0 0 0 0 38 753 917 867 828 103 19 4 7 16 2 1 0 0 0 0 0 0 0 0 0 0 0 0 0 3 0 0 0 0 34 0 1 0 0 0 0 0 24 110 1 0 26 12 0 0 0 0 0 0 8 8 0 34 41 12 169 473 45 0 0 4 4 0 7 1 23 21 8 88 801 486 610 391 2001 2138 1206 508 250 8 722 2385 690 3 0 0 0 0 0 0 0 0 0 0 0 0 0 0 0 0 0
0 3 4 12 4 2 33 8 13 1 16 56 3 0 0 2 0 0 0 1 0 1 0 1 3 0 7 1 0 0 0 15 9 5 0 1 9 0 0 0 0 0 0 1 0 1 1 0 0 18 225 493 694 554 146 163 12 3 4 0 0 0 0 0 0 0 0 0 0 0 0 0 0 0 0 0 0 0 0 101 0 3 7 0 0 0 0 18 79 6 2 24 85 1 0 0 0 0 0 4 14 74 58 61 44 9 6 35 0 0 0 0 12 0 6 12 4 8 13 62 512 409 350 807 1377 1256 585 555 465 1278 593 476 11 0 0 0 0 0 0 0 0 0 0 0 0 0 0 0 0 0
57 11 3 13 2 8 15 52 3 0 4 12 4 1 0 0 0 0 0 0 0 0 0 0 0 0 0 1 1 0 2 0 0 0 0 0 0 6 0 0 0 0 0 0 1 4 21 3 2 6 122 225 296 47 44 38 8 6 7 2 0 0 0 0 0 1 0 0 0 0 0 0 0 0 0 0 0 0 0 0 4 3 0 0 0 3 34 57 58 7 6 249 246 18 8 0 0 0 0 52 37 12 93 208 59 3 4 2 22 3 0 0 5 3 2 2 2 36 57 37 130 947 735 464 395 1018 1318 1718 344 223 93 116 0 0 0 0 0 0 0 0 0 0 0 0 0 0 0 0 0 0
1 2 29 0 4 1 17 60 10 26 11 2 0 5 0 0 0 0 0 1 1 0 2 1 0 0 0 0 3 2 0 0 0 0 0 0 0 0 0 0 0 0 0 0 0 1 0 0 1 10 1 28 224 24 34 0 0 101 69 2 0 0 6 0 0 0 0 0 0 0 0 0 0 0 0 0 0 0 0 0 0 6 56 48 27 25 2 1 8 36 240 174 141 11 1 1 0 7 46 56 91 334 268 548 439 87 25 2 2 10 0 0 1 6 4 5 1 104 59 390 797 935 1796 1917 953 256 2026 2560 1437 0 0 0 0 0 0 0 0 0 0 0 0 0 0 0 0 0 0 0 0 0
2 9 24 0 16 17 17 57 15 11 3 0 0 8 0 0 0 0 0 0 0 0 1 1 0 0 0 0 7 0 0 0 0 5 0 0 0 0 0 1 8 1 0 0 1 0 0 0 2 19 0 9 75 5 16 2 0 9 108 28 2 0 0 0 0 0 0 0 0 0 0 0 0 0 0 0 0 0 0 0 5 10 7 1 0 12 11 13 14 79 184 127 97 15 66 33 8 2 0 10 138 361 637 334 271 110 3 10 3 7 8 0 0 0 1 1 8 657 527 920 647 24 17 172 382 300 447 912 370 4 284 23 0 0 0 0 0 0 0 0 0 0 0 0 0 0 0 0 0 0
13 10 126 18 90 149 76 11 3 7 1 1 2 3 0 4 0 0 0 3 1 0 0 0 0 0 0 0 0 0 0 1 0 0 0 0 0 0 0 0 0 4 1 0 0 2 0 0 3 0 0 6 11 0 0 0 2 0 8 49 8 0 0 0 0 0 0 0 0 0 0 0 0 0 0 0 0 0 0 4 20 56 0 18 64 5 165 27 6 2 1 18 44 5 2 0 0 0 0 13 40 92 1000 311 229 473 28 11 11 2 40 0 0 0 0 33 413 817 117 26 0 0 0 0 53 397 262 688 543 18 54 21 0 0 0 0 0 0 0 0 0 0 0 0 0 0 0 0 0 0
4 37 125 159 462 535 221 68 10 0 0 0 0 0 4 0 0 0 1 0 2 10 0 0 0 0 0 0 0 1 0 0 0 0 0 1 0 1 0 0 0 3 0 13 5 15 0 25 2 0 0 3 17 0 0 1 6 0 24 4 0 4 0 0 0 0 0 0 0 0 0 0 0 0 0 0 0 0 5 62 5 2 0 16 21 3 24 218 47 3 0 0 0 0 0 0 0 0 0 0 0 131 489 195 220 179 5 1 2 15 3 5 1 0 27 184 367 8 29 73 0 0 0 0 28 570 308 771 403 19 98 1 0 0 0 0 0 0 0 0 0 0 0 0 0 0 0 0 0 0
3 88 644 993 463 356 185 64 0 2 0 7 8 0 3 1 0 5 1 2 1 4 0 0 9 0 1 0 0 0 0 0 0 0 0 0 0 0 0 0 0 4 1 6 7 0 0 45 39 0 0 0 36 0 0 1 6 1 0 0 0 14 0 0 0 0 0 0 0 0 0 0 0 0 0 0 0 11 7 0 0 0 0 0 0 0 75 47 3 1 1 1 0 0 0 4 0 0 0 0 16 108 16 24 138 156 0 1 3 2 10 14 20 34 23 2 5 6 14 70 40 54 5 0 12 109 96 317 140 2 0 0 0 1 1 0 0 0 0 0 0 0 0 0 0 0 0 0 0 0
5 16 240 255 172 211 59 23 3 10 0 1 0 0 0 0 0 0 1 10 3 6 0 0 0 0 0 0 0 2 1 0 6 0 1 0 1 0 0 0 1 0 11 0 0 1 1 0 1 7 0 0 0 0 0 1 0 0 0 0 0 0 0 0 0 0 0 0 0 0 0 1 0 0 0 0 0 1 0 0 0 0 0 0 0 0 78 21 5 31 47 3 0 0 6 17 0 0 0 546 875 281 284 178 18 222 58 7 0 4 6 55 20 5 0 0 2 0 20 68 162 124 325 401 124 135 3 0 0 0 0 0 0 0 1 0 0 0 0 0 0 0 0 0 0 0 0 0 0 0
16 21 49 155 136 62 6 4 2 1 50 8 0 0 0 0 1 1 0 0 3 86 1 0 0 0 0 1 0 5 0 0 0 0 2 0 0 1 0 0 2 0 0 0 0 33 2 2 0 0 0 0 3 0 1 24 1 0 0 0 0 0 0 0 0 0 0 0 0 0 0 0 0 0 0 0 9 10 0 0 0 0 0 0 0 7 54 10 1 37 31 0 0 0 64 132 136 12 238 1539 797 785 440 35 4 38 82 99 0 5 61 1 1 0 0 0 1 2 115 94 227 39 67 143 8 72 45 19 146 51 36 0 0 0 0 0 0 0 0 0 0 0 0 0 0 0 0 0 0 0
64 22 48 9 1 0 0 4 1 3 0 10 1 0 0 0 0 0 0 3 2 16 2 1 0 0 0 0 0 5 2 0 0 1 7 0 0 0 0 0 0 0 0 1 2 12 0 16 1 0 1 0 2 1 152 22 5 1 0 0 0 0 0 0 0 0 0 0 0 0 0 0 0 0 32 15 2 0 0 0 0 0 0 0 0 0 41 1 0 1 90 16 12 24 121 389 137 12 89 137 17 6 91 40 7 2 0 246 587 151 2 0 0 0 18 0 0 3 3 2 74 2 1 16 64 83 161 98 407 310 68 0 0 0 0 0 0 0 0 0 0 0 0 0 0 0 0 0 0 0
24 0 15 2 0 0 2 0 0 0 0 48 0 0 0 0 0 0 0 0 0 1 0 1 0 0 0 0 0 0 4 57 2 14 0 0 0 0 0 0 0 0 0 0 0 0 0 0 0 0 0 0 2 2 31 1 0 0 1 0 0 0 0 0 0 0 0 0 0 0 0 0 0 0 20 24 0 0 0 0 0 0 0 0 0 0 88 138 225 56 122 42 24 18 7 102 14 5 0 3 5 1 2 1 9 1 167 346 256 46 4 0 1 0 1 0 0 19 0 0 6 26 15 13 5 257 149 253 208 269 151 1 0 0 0 0 0 0 0 0 0 0 0 0 0 0 0 0 0 0
0 1 0 2 4 0 0 0 0 0 0 0 0 0 0 0 0 0 0 3 1 0 0 0 0 0 0 0 1 0 9 3 1 1 0 0 0 0 0 0 0 1 0 0 0 1 3 0 0 0 0 3 5 45 17 2 2 0 0 0 0 0 0 0 0 0 0 0 0 0 0 4 6 0 0 0 0 0 0 0 0 0 0 0 0 0 2 0 148 5 0 0 0 3 2 24 1 6 4 0 0 10 1 8 5 232 981 717 455 154 0 0 2 0 0 0 0 0 125 28 13 66 1 16 3 42 136 107 26 36 11 15 0 0 0 0 0 0 0 0 0 0 0 0 0 0 0 0 0 0
1 0 0 3 1 0 0 0 0 0 0 0 0 0 0 0 0 0 0 0 0 0 0 9 0 0 0 2 0 0 0 0 0 6 1 0 0 0 0 0 0 0 0 0 0 0 0 0 0 0 7 1 11 79 9 2 0 0 0 0 0 0 0 0 0 0 0 0 0 0 7 1 3 1 0 0 0 0 0 0 0 0 0 0 0 0 3 0 2 0 0 0 11 47 1 0 7 2 4 0 3 5 3 0 50 145 317 53 318 168 0 0 0 0 0 0 0 0 7 16 0 21 9 178 177 45 224 124 26 34 10 0 0 0 0 0 0 0 0 0 0 0 0 0 0 0 0 0 0 0
0 0 0 0 1 37 0 0 0 0 0 0 0 0 0 0 1 0 0 0 0 0 0 0 0 0 2 0 0 0 0 5 0 0 0 0 0 0 0 0 0 0 3 0 3 0 0 0 0 0 0 0 5 3 3 2 5 5 0 0 0 0 0 0 0 0 0 0 2 7 6 0 0 0 0 0 0 0 0 0 0 0 0 0 0 0 1 0 5 3 0 20 177 26 0 0 0 2 2 4 2 5 30 13 152 41 0 17 1 23 10 0 0 0 0 0 0 0 0 0 6 3 2 48 0 0 0 371 19 9 2 0 0 0 0 0 0 0 0 0 0 0 0 0 0 0 0 0 0 0
0 0 0 0 117 60 0 0 0 0 0 0 0 0 5 0 0 0 2 0 0 0 0 0 0 0 0 0 11 0 0 0 0 0 0 0 1 0 1 8 1 0 0 0 4 3 0 0 0 1 2 0 0 4 2 0 5 4 0 0 0 0 0 0 0 0 1 0 13 4 0 2 2 3 0 0 0 0 0 0 0 0 0 0 0 0 0 1 66 38 185 441 192 17 0 0 2 0 1 53 110 442 383 113 23 41 19 0 0 23 12 0 0 0 0 0 0 0 0 0 0 0 0 0 0 51 148 44 0 0 0 0 0 0 0 0 0 0 0 0 0 0 0 0 0 0 0 0 0 0
0 0 0 0 3 3 0 0 0 0 0 0 4 0 0 3 0 1 9 0 0 0 0 0 0 0 0 0 0 10 0 0 0 0 0 11 0 0 0 0 0 0 0 0 3 23 5 0 0 0 1 0 2 6 7 0 1 0 0 0 0 0 0 0 0 0 0 0 7 1 0 0 0 0 0 0 0 0 0 0 0 0 0 0 0 0 5 0 52 163 259 236 140 37 1 1 5 3 3 184 193 189 158 47 2 1 2 0 0 7 3 0 0 0 0 0 0 0 0 0 2 66 85 0 0 96 69 5 0 0 0 0 0 0 0 0 0 0 0 0 0 0 0 0 0 0 0 0 0 0
0 0 0 0 1 3 0 0 0 0 0 1 24 23 0 0 0 0 0 0 0 0 0 0 0 4 10 3 0 19 0 0 0 0 0 2 0 0 0 0 0 0 0 1 1 15 9 0 0 2 1 0 2 19 10 1 0 0 0 0 0 0 0 0 0 0 2 18 84 0 0 0 0 0 0 0 0 0 0 0 0 0 0 0 3 15 40 4 2 14 0 6 16 4 32 1 0 2 18 26 172 0 1 3 0 0 0 2 1 56 18 57 1 0 0 0 0 0 0 0 0 1 0 0 0 33 0 12 0 0 0 0 0 0 0 0 0 0 0 0 0 0 0 0 0 0 0 0 0 0
0 0 0 98 1 1 0 0 0 0 0 0 0 0 5 1 1 1 0 0 0 0 0 0 0 0 2 0 0 3 0 0 0 0 1 3 0 0 0 0 0 0 1 0 0 1 2 11 0 6 1 0 2 2 4 7 3 1 5 0 0 0 0 0 0 3 15 60 17 0 0 0 0 0 0 0 0 0 0 0 0 0 0 13 45 0 0 10 1 22 5 0 8 1 6 16 2 51 11 35 46 15 5 2 5 0 0 68 190 243 204 397 63 27 0 0 0 1 0 0 0 0 0 0 0 0 0 0 0 0 0 0 0 0 0 0 0 0 0 0 0 0 0 0 0 0 0 0 0 0
0 0 0 0 3 2 0 0 0 0 0 0 0 0 1 14 0 0 0 0 0 0 0 0 1 0 0 0 1 1 0 0 0 0 0 0 0 0 2 0 0 0 0 0 0 0 0 4 21 2 0 0 0 3 2 78 141 1 3 0 0 0 0 0 1 7 104 122 12 0 0 1 0 0 0 0 0 0 0 0 0 0 0 27 64 1 0 4 2 1 9 3 7 0 1 7 84 39 5 3 4 4 15 6 3 1 25 5 109 60 195 35 442 175 48 0 0 0 0 0 0 0 0 0 0 0 0 0 0 0 0 0 0 0 0 0 0 0 0 0 0 0 0 0 0 0 0 0 0 0
0 0 0 0 0 1 0 0 0 0 0 4 0 0 0 0 9 0 0 0 0 0 0 0 0 0 0 0 3 0 0 0 0 0 0 1 2 0 0 0 0 0 0 0 0 5 2 3 81 3 9 0 0 1 11 9 5 15 27 15 4 1 2 11 3 5 3 0 0 0 0 0 0 0 0 0 0 0 0 0 0 0 0 0 0 1 0 42 1 4 0 0 0 0 14 162 11 0 0 4 0 0 0 1 43 69 300 1081 524 79 21 0 356 123 0 0 0 0 0 0 0 0 0 0 0 0 0 0 0 0 0 0 0 0 0 0 0 0 0 0 0 0 0 0 0 0 0 0 0 0
0 0 2 6 2 63 1 8 3 3 4 0 0 0 0 0 0 1 0 0 0 0 0 0 0 0 0 0 0 0 0 0 0 0 0 0 0 1 7 0 2 0 0 9 1 1 29 12 4 4 1 0 4 1 12 1 0 0 0 5 0 0 0 0 1 0 0 10 0 14 2 8 1 0 0 0 0 0 0 0 0 0 0 0 0 0 0 13 1 6 6 5 1 0 134 23 0 0 0 0 0 2 0 30 101 152 287 436 265 319 133 192 484 22 0 0 0 0 0 0 0 0 0 0 0 0 0 0 0 0 0 0 0 0 0 0 0 0 0 0 0 0 0 0 0 0 0 0 0 0
0 0 0 0 27 42 0 0 0 1 0 0 0 0 0 0 0 0 0 0 0 0 0 0 0 0 0 0 0 0 0 0 3 0 0 0 0 3 0 0 0 0 1 3 0 0 5 1 8 7 8 1 5 3 5 0 0 2 8 0 0 0 0 1 2 1 1 1 3 0 0 0 1 0 0 0 0 0 0 0 0 0 0 0 0 0 0 0 2 0 0 1 23 76 5 48 266 0 0 0 0 0 0 78 171 271 3 0 9 18 0 15 10 0 0 0 0 0 0 0 0 0 0 0 0 0 0 0 0 0 0 0 0 0 0 0 0 0 0 0 0 0 0 0 0 0 0 0 0 0
0 1 0 0 0 2 0 0 6 3 3 0 0 1 0 0 0 0 0 0 0 0 0 0 0 0 0 0 0 0 0 5 1 0 0 0 0 0 0 0 0 0 0 0 0 0 0 1 3 7 0 0 0 1 0 0 0 0 2 4 4 5 0 0 0 0 0 0 0 0 1 1 4 0 0 0 0 0 0 0 0 0 0 0 0 0 0 0 0 1 0 38 126 9 26 156 349 0 0 0 0 0 0 18 16 0 0 0 0 1 44 113 0 0 0 0 0 0 0 0 0 0 0 0 0 0 0 0 0 0 0 0 0 0 0 0 0 0 0 0 0 0 11 7 10 0 0 0 0 0
0 0 1 3 0 2 0 0 0 4 0 0 0 0 0 1 0 1 1 0 0 0 0 0 0 0 0 0 0 0 0 2 0 0 0 0 0 0 0 0 0 0 1 0 0 0 0 0 0 0 6 6 1 7 0 0 0 0 5 4 3 2 0 0 0 0 0 0 0 0 1 1 0 0 0 0 0 0 0 0 0 0 0 0 0 0 0 0 64 18 14 45 239 115 51 0 0 0 0 0 0 0 6 1 2 0 0 1 0 92 209 2 0 0 0 0 0 0 0 0 0 0 0 0 0 0 0 0 0 0 0 0 0 0 0 0 0 0 0 0 0 0 0 3 0 0 0 0 0 0
1 0 0 0 1 0 0 0 0 0 0 0 0 1 0 0 0 0 0 0 0 0 0 0 0 0 0 0 0 0 0 0 0 0 0 0 0 0 0 0 0 0 0 0 1 0 0 0 0 0 12 4 1 0 0 0 0 0 2 10 4 2 0 0 0 0 0 0 0 0 0 0 0 0 0 0 0 0 0 0 0 0 0 0 0 0 0 0 0 2 43 164 551 0 1 39 3 0 0 0 0 0 0 5 3 3 0 2 14 48 45 2 0 0 0 0 0 0 0 0 0 0 0 0 0 0 0 0 0 1 0 0 0 0 0 0 0 0 0 0 0 0 0 0 0 0 0 0 0 0
0 0 0 0 1 0 0 0 0 0 0 2 1 0 0 0 0 0 1 0 0 0 1 0 1 0 0 0 0 0 0 0 0 0 2 0 0 0 0 0 0 0 1 0 0 0 0 0 0 0 3 40 0 1 1 1 0 2 5 15 3 0 0 0 0 0 0 0 0 0 2 83 5 1 0 0 0 0 0 0 0 0 0 0 0 0 0 0 0 1 24 47 19 30 47 2 0 0 0 0 0 0 0 0 0 0 0 0 0 0 0 0 0 0 0 0 0 0 0 0 0 0 0 0 0 0 0 0 0 0 0 0 0 0 0 0 0 0 0 0 0 0 0 0 0 0 0 0 0 0
2 0 0 0 0 0 0 0 0 0 0 0 0 1 0 0 0 0 0 0 0 2 11 50 0 0 0 0 0 0 0 0 0 0 0 0 0 0 0 0 0 0 0 0 0 0 0 0 0 0 0 11 2 5 2 1 1 0 0 0 0 32 17 1 0 0 0 0 0 0 0 13 3 0 0 0 0 0 0 0 0 0 0 0 0 0 0 0 0 15 10 65 53 53 45 4 0 0 0 0 0 0 0 0 0 0 0 0 0 0 0 0 0 0 0 0 0 0 0 0 0 0 0 0 0 0 0 0 0 0 0 0 0 0 0 0 0 0 0 0 0 0 0 0 0 0 0 0 0 0
0 0 0 0 0 0 0 0 0 0 0 2 0 0 0 0 0 1 0 0 0 4 0 7 3 0 0 0 0 2 0 0 0 0 0 0 0 1 1 0 0 0 0 0 0 0 0 0 1 0 0 49 31 1 5 0 0 0 0 0 3 37 99 0 0 0 0 0 0 0 0 0 0 0 2 0 0 0 0 0 0 0 0 0 0 0 0 0 0 0 48 33 0 93 102 30 0 0 0 0 0 0 0 0 0 0 0 0 0 0 0 0 0 0 0 0 0 0 0 0 0 0 0 0 0 0 0 0 0 0 0 0 0 0 0 0 0 0 0 0 0 0 0 0 0 0 0 0 0 0
0 0 0 0 0 0 0 0 0 1 0 0 1 0 0 0 0 0 0 0 0 0 1 0 0 0 0 0 0 1 4 1 0 0 0 0 0 0 0 1 0 0 0 0 0 0 0 0 0 3 18 59 189 14 16 13 0 0 2 0 0 24 0 0 0 0 0 0 0 0 0 1 0 0 0 0 0 0 0 0 0 0 0 0 0 0 0 0 0 0 0 19 48 22 19 14 0 0 0 0 0 0 0 0 0 0 0 0 0 0 0 0 0 0 0 0 0 0 0 0 0 0 0 0 0 0 0 0 0 0 0 0 0 0 0 0 0 0 0 0 0 0 0 0 0 0 0 0 0 0
0 0 0 0 0 0 0 0 0 0 0 0 4 2 1 2 0 1 0 0 0 1 0 0 0 3 0 0 0 0 0 0 17 0 0 0 0 0 0 0 0 0 0 0 0 0 0 0 6 11 0 24 178 0 32 0 2 0 0 0 0 10 2 0 0 0 0 0 0 0 0 0 0 0 0 0 0 0 0 0 0 0 0 0 0 0 0 0 0 0 0 3 8 28 15 12 11 0 0 7 0 0 0 0 0 0 0 0 0 0 0 0 0 0 0 0 0 0 0 0 0 0 0 0 0 0 0 0 0 0 0 0 0 0 0 0 0 0 0 0 0 0 0 0 0 0 0 0 0 0
0 0 0 0 1 0 0 0 0 4 0 0 0 0 1 0 1 0 1 0 0 0 0 14 1 5 0 0 0 0 0 0 0 0 0 0 0 9 0 0 1 0 0 0 0 0 0 10 1 0 0 9 27 0 0 0 0 0 1 0 10 4 0 0 0 0 0 0 0 0 0 0 0 0 0 0 0 0 0 0 0 0 0 0 0 0 0 0 0 0 0 0 0 0 0 1 11 2 4 0 2 0 0 0 0 0 0 0 0 0 0 0 0 0 0 0 0 0 0 0 0 0 0 0 0 0 0 0 0 0 0 0 0 0 0 0 0 0 0 0 0 0 0 0 0 2 0 0 0 0
1 0 1 0 0 0 0 0 0 0 2 1 0 0 0 0 0 1 0 0 0 0 0 0 2 1 0 0 0 0 0 0 1 1 12 1 0 1 0 0 0 0 0 0 0 0 2 10 0 0 0 0 0 0 0 0 0 0 0 1 4 0 1 0 0 0 0 0 0 0 0 0 0 0 0 0 0 0 0 0 0 0 0 0 0 0 0 0 0 0 0 0 0 0 0 14 40 21 0 0 0 0 0 0 0 0 0 0 0 0 0 0 0 0 0 0 0 0 0 0 0 0 0 0 0 0 0 0 0 0 0 0 0 0 0 0 0 0 0 0 0 0 0 0 9 26 0 0 0 0
1 0 0 0 0 0 0 0 0 0 0 5 0 0 0 0 0 0 0 3 3 2 0 0 0 0 0 0 0 0 0 1 0 1 0 3 0 0 0 0 0 0 0 0 2 5 0 0 0 0 0 0 0 0 0 0 0 0 0 0 0 4 0 0 0 0 0 0 0 0 0 2 11 0 0 0 0 0 0 0 0 0 0 0 0 0 0 0 0 0 0 0 0 0 7 11 15 4 0 0 4 0 0 0 0 0 0 0 0 0 0 0 0 0 0 0 0 0 1 0 0 0 0 0 0 0 0 0 0 0 0 0 0 0 0 0 0 0 0 0 0 0 0 0 0 0 0 0 0 0
0 0 0 0 0 0 0 0 0 0 0 2 3 0 0 0 0 0 1 0 1 0 0 0 0 0 0 0 0 0 0 0 0 0 0 0 0 0 0 0 0 0 0 0 8 0 0 0 0 0 0 0 0 0 0 0 0 0 0 0 2 0 0 0 0 0 0 0 0 0 14 32 0 0 0 0 0 0 0 0 0 0 0 0 0 0 0 0 0 0 0 0 0 0 4 0 2 0 0 0 0 0 0 0 0 0 0 0 0 0 0 0 0 0 0 0 0 0 0 0 0 0 0 0 0 0 0 0 0 0 0 0 0 0 0 0 0 0 0 0 0 0 0 0 0 0 0 0 0 0
0 0 0 0 0 0 0 0 0 0 8 0 6 0 0 1 2 0 0 0 0 0 0 0 0 0 0 0 0 0 0 0 0 0 0 0 0 0 0 0 0 0 0 0 3 0 0 0 0 0 0 0 0 0 0 0 0 0 0 1 5 0 0 0 0 0 0 0 0 0 5 1 0 0 0 0 0 0 0 0 0 0 0 0 0 0 0 0 0 0 0 0 0 0 5 11 13 0 0 0 0 0 0 0 0 0 0 0 0 0 0 0 0 0 0 0 0 0 0 0 0 0 0 0 0 0 0 0 0 0 0 0 0 0 0 0 0 0 0 0 0 0 0 0 0 0 0 0 0 0
2 0 0 0 0 0 0 2 2 0 0 0 4 0 2 4 8 0 0 0 0 0 0 0 0 0 0 0 0 0 0 0 0 0 0 1 1 0 0 0 0 0 0 2 0 0 0 1 0 0 0 0 0 0 0 0 0 0 0 22 1 0 0 0 0 0 0 0 76 3 0 0 0 0 0 0 0 0 0 0 0 0 0 0 0 0 0 0 0 0 0 0 0 0 0 0 7 9 4 19 0 0 0 0 0 0 0 0 0 0 0 0 0 0 0 0 0 0 0 0 0 0 0 0 0 0 0 0 0 0 0 0 0 0 0 0 0 0 0 0 0 0 0 0 0 0 0 0 0 0
1 0 0 0 0 1 0 0 0 0 0 0 0 0 0 0 0 4 3 0 0 0 0 0 0 1 0 0 0 0 0 0 0 0 0 0 3 2 1 1 0 0 8 1 0 0 0 0 0 0 0 0 0 0 0 0 0 0 0 0 6 12 1 0 2 0 0 0 127 73 2 0 0 0 0 0 0 0 0 0 0 0 0 0 0 0 0 0 0 0 0 0 0 0 0 0 19 0 0 0 0 0 0 0 0 0 0 0 0 0 0 0 0 0 0 0 0 0 0 0 0 0 0 0 0 0 0 0 0 0 0 0 0 0 0 0 0 0 0 0 0 0 0 0 0 0 0 0 0 0
0 0 2 1 2 0 1 0 0 0 0 1 57 26 0 9 34 3 7 9 0 2 0 48 0 0 0 0 0 0 1 1 0 0 4 2 10 8 6 4 0 0 22 0 0 0 0 0 0 0 0 0 0 0 0 0 0 0 0 0 0 1 7 0 106 63 12 0 0 0 0 0 0 0 0 0 0 0 0 0 0 0 0 0 0 0 0 0 0 0 0 0 0 0 0 0 0 0 0 0 0 0 0 0 0 0 0 0 0 0 0 0 0 0 0 0 0 0 0 0 0 0 0 0 0 0 0 0 0 0 0 0 0 0 0 0 0 0 0 0 0 0 0 0 0 0 0 0 0 0
13 64 3 0 1 0 0 0 0 0 3 2 3 0 0 1 0 1 1 12 15 67 48 14 1 0 0 0 0 1 0 0 0 1 0 6 48 9 0 6 2 11 1 0 0 0 0 0 1 0 0 0 0 0 0 0 0 0 0 0 0 0 0 0 5 4 0 0 0 0 0 0 0 0 0 0 0 0 0 0 0 0 0 0 0 0 0 0 0 0 0 0 0 0 0 0 0 0 0 0 0 0 0 0 0 0 0 0 0 0 0 0 0 0 0 0 0 0 0 0 0 0 0 0 0 0 0 0 0 0 0 0 0 0 0 0 0 0 0 0 0 0 0 0 0 0 0 0 0 0
52 18 8 5 0 2 0 0 0 0 0 0 2 0 0 0 11 3 1 3 4 49 24 5 11 4 0 0 4 17 7 0 0 0 0 0 3 2 0 1 5 25 0 0 0 0 0 0 0 0 0 0 0 0 0 0 0 0 0 0 0 0 0 0 6 0 0 0 0 0 0 0 0 0 0 0 0 0 0 0 0 0 0 0 0 0 0 0 0 4 0 0 0 0 0 0 0 0 0 0 0 0 0 0 0 0 0 0 0 0 0 0 0 0 0 0 0 0 0 0 0 0 0 0 0 0 0 0 0 0 0 0 0 0 0 0 0 0 0 0 0 0 0 0 0 0 0 0 0 0
2 0 0 0 0 0 0 0 0 0 0 3 3 2 0 0 16 1 0 1 0 0 9 3 2 14 8 0 2 0 0 0 0 0 2 0 1 0 1 0 0 0 0 0 0 0 0 0 0 0 0 0 0 0 0 0 0 0 0 0 0 0 0 0 0 0 0 0 0 0 0 0 0 0 0 0 0 0 0 0 0 0 0 0 0 0 0 0 0 0 0 0 0 0 0 0 0 0 0 0 0 0 0 0 0 0 0 0 0 0 0 0 0 0 0 0 0 0 0 0 0 0 0 0 0 0 0 0 0 0 0 0 0 0 0 0 0 0 0 0 0 0 0 0 0 0 0 0 0 0
0 0 2 0 0 0 0 0 0 0 0 0 0 1 0 0 0 0 0 2 0 0 0 3 2 8 7 10 16 0 4 1 1 11 6 0 0 0 0 0 0 0 0 0 0 0 0 0 0 0 0 0 0 0 0 0 0 0 0 0 0 0 0 0 0 0 0 0 0 0 0 0 0 0 0 0 0 0 0 0 0 0 0 0 0 0 0 0 0 0 0 0 0 0 0 0 0 0 0 0 0 0 0 0 0 0 0 0 0 0 0 0 0 0 0 0 0 0 0 0 0 0 0 0 0 0 0 0 0 0 0 0 0 0 0 0 0 0 0 0 0 0 0 0 0 0 0 0 0 0
0 0 0 0 0 0 0 0 0 0 0 0 0 0 0 0 0 0 0 0 0 0 0 0 0 0 0 17 197 74 8 7 5 31 2 0 1 1 0 0 0 0 0 0 0 0 0 0 0 0 0 0 0 0 0 0 0 0 0 0 0 0 0 0 0 0 0 0 0 0 0 0 0 0 0 0 0 0 0 0 0 0 0 0 0 0 0 0 0 0 0 0 0 0 0 0 0 0 0 13 0 0 0 0 0 0 0 0 0 0 0 0 0 0 0 0 0 0 0 0 0 0 0 0 0 0 0 0 0 0 0 0 0 0 0 0 0 0 0 0 0 0 0 0 0 0 0 0 0 0
0 0 0 0 0 0 0 0 0 0 0 0 0 0 0 0 0 0 0 0 0 0 0 0 0 2 4 5 0 0 3 0 5 2 0 2 9 0 0 0 0 0 0 0 0 0 0 0 0 0 0 0 0 0 0 0 0 0 0 0 0 0 0 0 0 0 0 0 0 0 0 0 0 0 0 0 0 0 0 0 0 0 0 0 0 0 0 0 0 0 0 0 0 0 0 0 0 0 0 0 0 0 0 0 0 0 0 0 0 0 0 0 0 0 0 0 0 0 0 0 0 0 0 0 0 0 0 0 0 0 0 0 0 0 0 0 0 0 0 0 0 0 0 0 0 0 0 0 0 0
0 0 0 0 0 0 0 2 0 0 0 0 0 0 0 0 0 0 0 0 0 1 0 0 15 0 12 0 0 0 14 0 3 2 0 2 1 1 0 0 0 0 0 0 0 0 0 0 0 0 0 0 0 0 0 0 0 0 0 0 0 0 0 0 0 2 0 0 0 0 0 0 0 0 0 0 0 0 0 0 0 0 0 0 0 0 0 0 0 0 0 0 0 0 0 0 0 0 0 0 0 0 0 0 0 0 0 0 0 0 0 0 0 0 0 0 0 0 0 0 0 0 0 0 0 0 0 0 0 0 0 0 0 0 0 0 0 0 0 0 0 0 0 0 0 0 0 0 0 0
0 0 0 0 0 0 0 0 0 0 0 1 3 7 0 0 0 0 0 0 0 0 0 0 0 0 0 2 0 0 0 0 14 0 0 0 6 1 0 0 0 0 0 0 0 0 0 0 0 0 0 0 0 0 0 0 0 0 0 0 0 0 0 0 0 0 0 0 0 0 0 0 0 0 0 0 0 0 0 0 0 0 0 0 0 0 0 0 0 0 0 0 0 0 0 0 0 0 0 0 0 0 0 0 0 0 0 0 0 0 0 0 0 0 0 0 0 0 0 0 0 0 0 0 0 0 0 0 0 0 0 0 0 0 0 0 0 0 0 0 0 0 0 0 0 0 0 0 0 0
1 0 0 0 0 0 0 0 0 0 1 4 3 2 0 0 0 0 0 0 0 0 0 0 0 0 0 25 4 4 5 0 0 0 0 0 0 0 0 0 0 0 0 0 0 0 0 0 0 0 0 0 0 0 0 0 0 0 0 1 0 0 0 0 0 0 0 0 0 0 0 0 0 0 0 0 0 0 0 0 0 0 0 0 0 0 0 0 0 0 0 0 0 0 0 0 0 0 0 0 0 0 0 0 0 0 0 0 0 0 0 0 0 0 0 0 0 0 0 0 0 0 0 0 0 0 0 0 0 0 0 0 0 0 0 0 0 0 0 0 0 0 0 0 0 0 0 0 0 0
0 0 0 0 0 0 0 0 0 0 3 0 0 0 0 0 0 0 0 0 0 0 0 0 0 0 0 4 3 0 0 0 3 5 0 0 0 0 0 0 0 0 0 0 0 0 0 0 0 0 0 0 0 0 0 0 0 0 0 0 0 0 0 0 0 0 0 0 0 0 0 0 0 0 0 0 0 0 0 0 0 0 0 0 0 0 0 0 0 0 0 0 0 0 0 0 0 0 0 0 0 0 0 0 0 0 0 0 0 0 0 0 0 0 0 0 0 0 0 0 0 0 0 0 0 0 0 0 0 0 0 0 0 0 0 0 0 0 0 0 0 0 0 0 0 0 0 0 0 0
0 0 0 0 0 0 0 0 0 0 6 0 0 1 0 0 0 0 0 0 0 0 0 0 0 0 0 0 0 0 0 2 6 2 0 0 0 0 0 0 0 0 0 0 0 0 0 0 0 0 0 0 0 0 0 0 0 0 0 0 0 0 0 0 0 0 0 0 0 0 0 0 0 0 0 0 0 0 0 0 0 0 0 0 0 0 0 0 0 0 0 0 0 0 0 0 0 0 0 0 0 0 0 0 0 0 0 0 0 0 0 0 0 0 0 0 0 0 0 0 0 0 0 0 0 0 0 0 0 0 0 0 0 0 0 0 0 0 0 0 0 0 0 0 0 0 0 0 0 0
0 0 0 0 0 0 0 0 0 0 3 0 0 0 0 0 0 0 0 0 0 0 0 0 0 0 0 0 0 0 0 0 0 0 0 0 0 0 0 0 0 0 0 0 0 0 0 0 0 0 0 0 0 0 0 0 0 0 0 0 0 0 0 0 0 0 0 0 0 0 0 0 0 0 0 0 0 0 0 0 0 0 0 0 0 0 0 0 0 0 0 0 0 0 0 0 0 0 0 0 0 0 0 0 0 0 0 0 0 0 0 0 0 0 0 0 0 0 0 0 0 0 0 0 0 0 0 0 0 0 0 0 0 0 0 0 0 0 0 0 0 0 0 0 0 0 0 0 0 0
0 0 0 0 0 0 0 0 0 1 0 0 0 0 0 0 0 0 0 0 0 0 0 0 0 0 0 0 0 0 0 0 0 0 0 0 0 0 0 0 0 0 0 0 0 0 0 0 0 0 0 6 0 0 0 0 0 0 0 0 0 0 0 0 0 0 0 0 0 0 0 0 0 0 0 0 0 0 0 0 0 0 0 0 0 0 0 0 0 0 0 0 0 0 0 0 0 0 0 0 0 0 0 0 0 0 0 0 0 0 0 0 0 0 0 0 0 0 0 0 0 0 0 0 0 0 0 0 0 0 0 0 0 0 0 0 0 0 0 0 0 0 0 0 0 0 0 0 0 0
0 0 0 0 0 0 0 0 5 15 0 0 0 0 0 0 0 0 0 0 0 0 0 0 0 0 0 0 0 0 0 0 0 0 0 0 0 0 0 0 0 0 0 0 0 0 0 0 0 2 1 0 0 0 0 0 0 0 0 0 0 0 0 0 0 0 0 0 0 0 0 0 0 0 0 0 0 0 0 0 0 0 0 0 0 0 0 0 0 0 0 0 0 0 0 0 0 0 0 0 0 0 0 0 0 0 0 0 0 0 0 0 0 0 0 0 0 0 0 0 0 0 0 0 0 0 0 0 0 0 0 0 0 0 0 0 0 0 0 0 0 0 0 0 0 0 0 0 0 0
0 0 0 0 0 3 8 11 8 0 0 0 0 0 0 0 0 0 0 0 0 0 0 0 0 0 0 0 0 0 0 0 0 0 0 0 0 0 0 0 0 0 0 0 0 0 0 0 0 43 48 0 0 0 0 0 0 0 0 0 0 0 0 0 0 0 0 0 0 0 0 0 0 0 0 0 0 0 0 0 0 0 0 0 0 0 0 0 0 0 0 0 0 0 0 0 0 0 0 0 0 0 0 0 0 0 0 0 0 0 0 0 0 0 0 0 0 0 0 0 0 0 0 0 0 0 0 0 0 0 0 0 0 0 0 0 0 0 0 0 0 0 0 0 0 0 0 0 0 0
1 0 0 0 0 0 10 33 0 0 0 0 0 0 0 0 0 0 0 0 0 0 0 0 0 0 0 0 0 0 0 0 0 0 0 0 0 0 0 0 0 0 0 0 0 0 0 0 0 0 0 0 1 0 0 0 0 0 0 0 0 0 0 0 0 0 0 0 0 0 0 0 0 0 0 0 0 0 0 0 0 0 0 0 0 0 0 0 0 0 0 0 0 0 0 0 0 0 0 0 0 0 0 0 0 0 0 0 0 0 0 0 0 0 0 0 0 0 0 0 0 0 0 0 0 0 0 0 0 0 0 0 0 0 0 0 0 0 0 0 0 0 0 0 0 0 0 0 0 0
0 0 0 0 0 0 0 0 0 0 0 0 0 0 0 0 0 0 0 0 0 0 0 0 0 0 0 0 0 0 0 0 0 0 0 0 0 0 0 0 0 0 0 0 0 0 0 0 2 0 0 0 5 8 0 0 0 0 0 0 0 0 0 0 0 0 0 0 0 0 0 0 0 0 0 0 0 0 0 0 0 0 0 0 0 0 0 0 0 0 0 0 0 0 0 0 0 0 0 0 0 0 0 0 0 0 0 0 0 0 0 0 0 0 0 0 0 0 0 0 0 0 0 0 0 0 0 0 0 0 0 0 0 0 0 0 0 0 0 0 0 0 0 0 0 0 0 0 0 0
0 0 0 0 0 0 0 0 0 0 0 0 0 0 0 0 0 0 0 0 0 0 0 0 0 0 0 0 0 0 0 0 0 0 0 0 0 0 0 0 0 0 0 0 0 0 0 0 0 0 0 0 0 0 0 0 0 0 0 0 0 0 0 0 0 0 0 0 0 0 0 0 0 0 0 0 0 0 0 0 0 0 0 0 0 0 0 0 0 0 0 0 0 0 0 0 0 0 0 0 0 0 0 0 0 0 0 0 0 0 0 0 0 0 0 0 0 0 0 0 0 0 0 0 0 0 0 0 0 0 0 0 0 0 0 0 0 0 0 0 0 0 0 0 0 0 0 0 0 0
0 0 0 0 0 0 0 0 0 0 0 0 0 0 0 0 0 0 0 0 0 0 0 0 0 0 0 0 0 0 0 0 0 0 0 0 0 9 0 0 0 0 0 0 0 0 0 0 1 0 0 0 0 0 0 0 0 0 0 0 0 0 0 0 0 0 0 0 0 0 0 0 0 0 0 0 0 0 0 0 0 0 0 0 0 0 0 0 0 0 0 0 0 0 0 0 0 0 0 0 0 0 0 0 0 0 0 0 0 0 0 0 0 0 0 0 0 0 0 0 0 0 0 0 0 0 0 0 0 0 0 0 0 0 0 0 0 0 0 0 0 0 0 0 0 0 0 0 0 0
0 0 0 0 0 0 0 0 0 0 0 0 0 0 0 0 0 0 0 0 0 0 0 0 0 0 0 0 0 0 0 0 0 0 0 0 0 0 0 0 0 0 0 0 0 0 0 0 0 0 0 0 2 0 0 0 0 0 0 0 0 0 0 0 0 0 0 0 0 0 0 0 0 0 0 0 0 0 0 0 0 0 0 0 0 0 0 0 0 0 0 0 0 0 0 0 0 0 0 0 0 0 0 0 0 0 0 0 0 0 0 0 0 0 0 0 0 0 0 0 0 0 0 0 0 0 0 0 0 0 0 0 0 0 0 0 0 0 0 0 0 0 0 0 0 0 0 0 0 0
0 0 0 0 0 0 0 0 0 0 0 0 0 0 0 0 0 0 0 0 0 0 0 0 0 0 0 0 0 1 1 0 0 0 0 0 0 0 0 0 0 0 0 0 0 0 0 0 0 0 0 0 0 4 0 0 0 0 0 0 0 0 0 0 0 0 0 0 0 0 0 0 0 0 0 0 0 0 0 0 0 0 0 0 0 0 0 0 0 0 0 0 0 0 0 0 0 0 0 0 0 0 0 0 0 0 0 0 0 0 0 0 0 0 0 0 0 0 0 0 0 0 0 0 0 0 0 0 0 0 0 0 0 0 0 0 0 0 0 0 0 0 0 0 0 0 0 0 0 0
0 0 0 0 0 0 0 0 0 0 0 0 0 0 0 0 0 0 0 0 0 0 0 0 0 0 0 0 0 0 7 11 2 0 0 0 0 0 0 0 0 0 0 0 0 0 0 0 0 0 0 1 0 0 0 0 0 0 0 0 0 0 0 0 0 0 0 0 0 0 0 0 0 0 0 0 0 0 0 0 0 0 0 0 0 0 0 0 0 0 0 0 0 0 0 0 0 0 0 0 0 0 0 0 0 0 0 0 0 0 0 0 0 0 0 0 0 0 0 0 0 0 0 0 0 0 0 0 0 0 0 0 0 0 0 0 0 0 0 0 0 0 0 0 0 0 0 0 0 0
0 0 0 0 0 0 0 0 0 0 0 0 0 0 0 0 0 0 0 0 0 0 0 0 0 0 0 0 0 0 4 4 0 0 0 0 0 0 0 0 0 0 0 0 0 0 0 0 0 0 0 0 0 0 0 0 0 0 0 0 0 0 0 0 0 0 0 0 0 0 0 0 0 0 0 0 0 0 0 0 0 0 0 0 0 0 0 0 0 0 0 0 0 0 0 0 0 0 0 0 0 0 0 0 0 0 0 0 0 0 0 0 0 0 0 0 0 0 0 0 0 0 0 0 0 0 0 0 0 0 0 0 0 0 0 0 0 0 0 0 0 0 0 0 0 0 0 0 0 0
0 0 0 0 0 0 0 0 0 0 0 0 0 0 0 0 0 0 0 0 0 0 0 0 0 0 1 1 0 1 0 0 0 0 0 0 0 0 0 0 0 0 0 0 0 0 0 0 0 0 0 0 0 0 0 0 0 0 0 0 0 0 0 0 0 0 0 0 0 0 0 0 0 0 0 0 0 0 0 0 0 0 0 0 0 0 0 0 0 0 0 0 0 0 0 0 0 0 0 0 0 0 0 0 0 0 0 0 0 0 0 0 0 0 0 0 0 0 0 0 0 0 0 0 0 0 0 0 0 0 0 0 0 0 0 0 0 0 0 0 0 0 0 0 0 0 0 0 0 0
0 0 0 0 0 0 0 0 0 0 0 0 0 0 0 0 0 0 0 0 0 0 0 0 0 0 0 0 0 81 18 0 0 0 0 0 0 0 0 0 0 0 0 0 0 0 0 0 1 0 0 0 0 0 0 0 0 0 0 0 0 0 0 0 0 0 0 0 0 0 0 0 0 0 0 0 0 0 0 0 0 0 0 0 0 0 0 0 0 0 0 0 0 0 0 0 0 0 0 0 0 0 0 0 0 0 0 0 0 0 0 0 0 0 0 0 0 0 0 0 0 0 0 0 0 0 0 0 0 0 0 0 0 0 0 0 0 0 0 0 0 0 0 0 0 0 0 0 0 0
0 0 0 0 0 0 0 0 0 0 0 0 0 0 0 0 0 0 0 0 0 0 0 0 0 0 8 0 0 0 0 0 0 0 0 0 0 0 0 0 0 0 0 0 0 0 0 0 0 36 0 0 0 0 0 0 0 0 0 0 0 0 0 0 0 0 0 0 0 0 0 0 0 0 0 0 0 0 0 0 0 0 0 0 0 0 0 0 0 0 0 0 0 0 0 0 0 0 0 0 0 0 0 0 0 0 0 0 0 0 0 0 0 0 0 0 0 0 0 0 0 0 0 0 0 0 0 0 0 0 0 0 0 0 0 0 0 0 0 0 0 0 0 0 0 0 0 0 0 0
0 0 0 0 0 0 0 0 0 0 0 0 0 0 0 0 0 0 0 0 0 0 0 0 0 0 28 0 0 0 0 0 0 0 0 0 0 0 0 0 0 0 0 0 0 0 0 0 13 0 0 0 0 0 0 0 0 0 0 0 0 0 0 0 0 0 0 0 0 0 0 0 0 0 0 0 0 0 0 0 0 0 0 0 0 0 0 0 0 0 0 0 0 0 0 0 0 0 0 0 0 0 0 0 0 0 0 0 0 0 0 0 0 0 0 0 0 0 0 0 0 0 0 0 0 0 0 0 0 0 0 0 0 0 0 0 0 0 0 1 0 0 0 0 0 0 0 0 0 0
0 0 0 0 0 0 0 0 0 0 0 0 0 0 0 0 0 0 0 0 0 0 0 0 0 0 0 4 9 0 0 0 0 0 0 0 0 0 0 0 0 0 0 0 0 0 0 0 0 0 0 0 0 0 0 0 0 0 0 1 0 0 0 0 0 0 0 0 0 0 0 0 0 0 0 0 0 0 0 0 0 0 0 0 0 0 0 0 0 0 0 0 0 0 0 0 0 0 0 0 0 0 0 0 0 0 0 0 0 0 0 0 0 0 0 0 0 0 0 0 0 0 0 0 0 0 0 0 0 0 0 0 0 0 0 0 0 0 0 0 0 0 0 0 0 0 0 0 0 0
0 0 0 0 0 0 0 0 0 0 0 0 0 0 0 0 0 0 0 0 0 0 0 0 0 0 0 0 0 0 0 0 0 0 0 0 0 0 0 0 0 0 0 0 0 0 0 0 0 0 0 0 0 0 0 0 0 0 0 0 0 0 0 0 0 0 0 0 0 0 0 0 0 0 0 0 0 0 0 0 0 0 0 0 0 0 0 0 0 0 0 0 0 0 0 0 0 0 0 0 0 0 0 0 0 0 0 0 0 0 0 0 0 0 0 0 0 0 0 0 0 0 0 0 0 0 0 0 0 0 0 0 0 0 0 0 0 0 0 0 0 0 0 0 0 0 0 0 0 0
0 0 0 0 0 0 0 0 0 0 0 0 0 0 0 0 0 0 0 0 0 0 0 0 0 0 0 0 0 0 0 0 0 0 0 0 0 0 0 0 0 0 0 0 0 0 0 0 0 0 0 0 0 0 0 0 0 0 0 0 0 0 0 0 0 0 0 0 0 0 0 0 0 0 0 0 0 0 0 0 0 0 0 0 0 0 0 0 0 0 0 0 0 0 0 0 0 0 0 0 0 0 0 0 0 0 0 0 0 0 0 0 0 0 0 0 0 0 0 0 0 0 0 0 0 0 0 0 0 0 0 0 0 0 0 0 0 0 0 0 0 0 0 0 0 0 0 0 0 0
0 0 0 0 0 0 0 0 0 0 0 0 0 0 0 0 0 0 0 0 0 0 0 0 0 0 0 0 0 0 0 0 0 0 0 0 0 0 0 0 0 0 0 0 0 0 0 0 0 0 0 0 0 0 0 0 0 0 0 0 0 0 0 0 0 0 0 0 0 0 0 0 0 0 0 0 0 0 0 0 0 0 0 0 0 0 0 0 0 0 0 0 0 0 0 0 0 0 0 0 0 0 0 0 0 0 0 0 0 0 0 0 0 0 0 0 0 0 0 0 0 0 0 0 0 0 0 0 0 0 0 0 0 0 0 0 0 0 0 0 0 0 0 0 0 0 0 0 0 0
0 0 0 0 0 0 0 0 0 0 0 0 0 0 0 0 0 0 0 0 0 0 0 0 0 0 0 0 0 0 0 0 0 0 0 0 0 0 0 0 0 0 0 0 0 0 0 0 0 0 0 0 0 0 0 0 0 0 0 0 0 0 0 0 0 0 0 0 0 0 0 0 0 0 0 0 0 0 0 0 0 0 0 0 0 0 0 0 0 0 0 0 0 0 0 0 0 0 0 0 0 0 0 0 0 0 0 0 0 0 0 0 0 0 0 0 0 0 0 0 0 0 0 0 0 0 0 0 0 0 0 0 0 0 0 0 0 0 0 0 0 0 0 0 0 0 0 0 0 0
0 0 0 0 0 0 0 0 0 0 0 0 0 0 0 0 0 0 0 0 0 0 0 0 0 0 0 0 0 0 0 0 0 0 0 0 0 0 0 0 0 0 0 0 0 0 0 0 0 0 0 0 0 0 0 0 0 0 0 0 0 0 0 0 0 0 0 0 0 0 0 0 0 0 0 0 0 0 0 0 0 0 0 0 0 0 0 0 0 0 0 0 0 0 0 0 0 0 0 0 0 0 0 0 0 0 0 0 0 0 0 0 0 0 0 0 0 0 0 0 0 0 0 0 0 0 0 0 0 0 0 0 0 0 0 0 0 0 0 0 0 0 0 0 0 0 0 0 0 0
