0 0 20 4 0 0 4 0 7 64 6 2 0 3 0 0 0 1 5 0 0 0 1 0 1 11 0 0 0 0 0 0 1 3 7 3 0 0 0 1 0 0 0 0 0 0 0 0 0 0 0 0 0 0 0 1 0 0 3 9 35 13 1 3 0 0 1 0 0 0 0 2 11 100 129 302 66 16 28 1 16 149 15 42 49 134 179 158 38 190 970 487 42 593 373 475 785 498 616 123 113 66 27 5 31 24 27 332 175 10 10 4 14 49 48 29 58 4 1 1 8 23 13 21 4 3 0 2 5 16 0 26 4 4 4 0 0 3 0 0 2 0 0 0 0 0 0 0 0 27
0 0 3 9 0 0 0 0 0 12 10 30 2 6 0 0 0 0 6 0 0 1 30 0 7 38 0 1 0 0 0 0 0 0 3 4 0 0 5 6 0 0 0 0 0 0 0 0 0 0 0 0 0 0 6 0 0 0 0 36 64 17 4 6 2 0 0 1 1 1 0 2 68 18 12 4 38 33 5 31 64 23 5 0 75 162 236 122 239 315 44 20 203 261 145 175 331 389 795 486 185 45 29 10 5 7 5 28 26 8 8 5 1 8 35 13 4 5 1 26 0 2 67 3 11 14 0 1 8 29 12 1 52 254 0 0 0 0 0 61 5 0 0 0 0 0 0 0 0 0
0 0 0 0 4 0 0 0 1 8 4 1 13 0 0 0 0 4 5 2 2 11 70 22 6 0 0 1 0 0 0 0 0 0 0 1 0 12 0 51 6 0 0 1 0 0 0 0 0 0 0 0 0 0 2 0 0 0 1 6 14 3 1 3 0 0 0 0 0 0 0 0 2 0 0 1 2 39 61 139 86 40 3 8 33 121 517 151 4 3 45 47 72 314 376 598 139 295 199 359 394 230 10 45 9 8 5 32 185 72 17 4 3 6 6 5 4 11 10 7 52 19 1 2 2 2 1 4 1 10 14 12 59 48 0 0 2 0 1 14 2 5 0 0 0 0 0 0 0 0
26 18 0 0 0 0 0 0 0 2 1 0 0 0 1 0 0 0 0 4 0 0 4 3 10 0 2 14 15 0 0 0 0 0 0 1 0 1 0 0 1 0 0 0 0 0 0 0 0 0 1 0 0 0 105 18 5 19 14 1 0 1 6 5 0 0 0 0 0 1 3 87 11 1 0 3 25 56 146 76 121 31 58 140 176 7 51 131 5 192 611 681 1262 453 609 255 68 147 555 315 407 383 102 16 9 136 4 16 201 34 18 11 17 13 0 11 10 43 36 11 16 68 27 6 0 4 0 2 7 3 4 8 17 0 6 0 8 0 0 9 51 2 0 0 0 0 0 0 0 0
6 8 1 0 0 0 0 0 1 3 0 0 0 0 0 8 5 1 0 0 24 1 8 0 1 0 0 0 0 1 0 0 0 0 0 3 5 0 2 1 0 0 0 0 0 0 0 0 1 5 0 0 1 1 54 179 39 18 0 0 52 2 0 16 0 0 0 0 0 7 71 67 62 85 4 46 56 78 170 114 147 147 168 154 159 78 48 21 12 343 1215 444 368 611 291 152 54 504 205 611 514 604 519 464 567 48 64 31 3 7 17 33 32 47 7 0 0 9 34 33 167 595 123 16 1 3 4 0 2 6 2 0 0 0 2 3 0 0 0 1 25 4 0 0 0 0 0 0 0 0
12 1 0 0 0 0 0 0 5 0 1 0 0 0 0 6 0 0 6 47 61 6 0 0 0 0 0 0 0 0 0 2 0 0 6 45 25 23 0 0 0 0 0 0 0 0 0 0 0 7 19 13 0 3 3 200 27 3 9 0 0 0 0 5 0 0 0 0 1 32 69 70 139 67 76 36 23 34 42 164 323 345 250 56 0 115 37 16 2 245 1460 753 67 239 579 495 75 1461 530 355 348 329 724 325 28 67 22 51 4 0 0 31 1 29 6 28 5 3 1 17 91 89 14 3 3 2 0 1 2 0 1 1 1 0 0 0 1 0 0 0 0 10 0 0 0 0 0 0 0 0
1 0 0 4 0 0 0 1 0 6 4 0 0 1 0 0 0 0 0 0 0 1 4 0 0 0 0 0 0 0 2 1 0 0 0 6 3 2 1 0 0 0 0 0 0 0 0 0 0 0 1 2 4 0 0 15 13 1 26 30 2 0 0 0 2 2 0 0 11 40 54 57 136 256 229 82 233 85 183 357 607 422 791 300 95 5 3 244 42 54 953 761 28 301 646 366 280 333 440 64 11 209 82 70 10 26 51 8 2 1 20 145 85 10 20 11 2 1 10 18 40 91 3 4 0 3 12 4 0 0 5 0 0 0 0 0 0 8 0 0 0 0 0 0 0 0 0 0 0 0
1 0 0 0 0 0 0 0 1 0 0 0 0 0 0 0 0 0 0 0 0 0 0 0 0 0 0 0 0 0 4 0 0 0 5 3 0 0 9 11 0 0 0 0 0 0 0 0 0 0 0 1 4 15 0 4 1 27 57 39 47 16 36 1 6 34 0 0 5 44 3 0 45 38 23 27 44 123 542 628 658 342 621 109 203 121 140 343 185 59 342 52 19 283 237 255 141 722 666 144 137 259 269 369 127 105 26 37 69 30 249 342 27 15 22 27 4 0 2 6 8 6 10 3 2 0 50 5 3 0 0 0 0 0 0 0 0 0 1 0 0 0 0 0 0 0 0 0 0 0
3 0 0 0 0 0 0 0 2 2 0 0 0 2 11 1 0 0 0 0 0 0 0 0 0 0 0 0 0 0 3 0 0 0 3 0 0 1 0 0 0 0 0 0 0 0 0 0 0 0 0 0 2 7 0 0 5 13 6 27 243 179 25 67 64 52 14 5 1 41 2 0 0 1 0 3 4 25 35 335 517 587 468 16 1 9 208 146 282 21 1 3 286 813 1077 963 64 321 240 107 211 69 83 309 475 102 140 137 43 33 665 91 113 5 18 8 3 1 5 2 11 0 10 13 5 1 1 5 0 0 2 1 0 0 0 0 0 0 0 0 0 0 0 0 0 0 0 0 0 0
0 0 0 0 0 0 0 2 4 1 0 0 0 0 0 0 0 0 3 0 0 0 0 0 0 0 3 0 0 0 0 0 0 0 0 0 0 0 0 0 0 0 0 0 0 0 5 0 1 2 0 0 2 5 0 0 0 1 1 13 31 90 10 15 5 3 0 3 0 8 0 0 0 0 0 13 4 10 270 436 938 606 568 195 777 637 212 75 101 100 55 11 6 449 718 998 602 87 100 21 37 48 9 6 40 347 217 154 41 23 251 331 267 10 6 144 276 421 240 27 14 12 27 40 28 8 4 0 14 14 327 9 0 0 2 0 0 0 0 0 0 0 0 0 0 0 0 0 0 2
0 3 0 0 0 0 1 0 3 1 3 4 0 0 0 2 0 1 1 0 0 0 0 0 0 0 0 0 0 0 0 2 0 0 0 8 0 0 0 0 0 9 2 2 0 0 5 5 3 13 8 1 5 1 0 0 1 10 8 10 2 102 2 11 0 3 3 0 0 4 0 0 0 0 0 0 10 23 35 167 296 198 386 113 133 227 125 199 256 208 26 0 5 93 297 614 650 20 17 58 12 8 4 7 51 208 491 332 149 101 333 69 133 11 2 95 274 495 324 159 231 121 200 118 119 305 74 35 54 34 2 73 8 19 16 0 0 0 0 0 0 0 0 0 0 0 0 0 0 0
2 0 4 0 0 0 0 0 9 2 0 0 0 0 0 0 10 7 0 0 0 0 0 0 0 0 0 0 0 0 0 0 0 2 6 0 0 1 0 1 3 5 8 9 1 1 1 1 0 0 0 0 1 1 5 0 1 1 3 2 0 2 0 1 1 2 18 0 2 0 2 2 0 0 0 1 39 2 65 211 365 89 22 31 111 40 8 16 59 373 32 0 0 0 5 111 560 294 197 10 0 1 11 35 7 60 278 139 14 20 139 109 60 57 24 162 510 181 364 582 184 277 100 106 64 124 1 0 0 31 0 0 43 25 15 0 0 0 0 0 0 0 0 0 0 0 0 0 0 0
3 0 0 0 0 0 1 0 0 1 0 0 0 0 0 0 9 6 1 6 3 21 0 0 0 0 0 0 0 0 2 0 1 0 0 0 1 0 0 0 0 5 35 18 21 0 0 24 0 0 0 0 1 2 0 0 0 0 0 2 1 2 0 0 0 1 3 2 0 2 5 0 0 0 0 35 104 34 192 29 98 302 13 1 10 6 2 0 0 1 0 0 7 68 62 9 515 271 412 357 14 2 36 11 14 2 5 77 285 182 763 425 103 533 250 7 13 72 1005 932 99 207 58 0 73 70 7 1 19 22 0 0 30 13 0 1 0 0 0 0 0 0 0 0 0 0 0 0 0 0
0 0 0 0 0 0 3 2 0 0 0 0 0 0 0 0 0 0 56 6 14 3 0 0 0 0 0 0 0 0 2 0 0 0 0 0 0 0 0 0 0 1 0 47 35 0 0 0 3 0 4 27 0 0 0 0 0 0 3 0 14 7 11 0 0 0 29 20 7 21 22 0 0 1 1 207 479 273 111 8 24 228 20 2 26 100 7 1 1 15 3 0 0 76 4 14 87 380 158 207 0 9 259 54 300 56 64 236 125 405 858 869 500 225 204 184 89 102 556 382 90 37 0 1 0 12 38 0 7 0 0 0 2 0 0 3 0 0 0 0 0 0 0 0 0 0 0 0 0 0
0 0 0 0 0 0 0 2 16 0 0 0 0 0 0 0 0 0 2 0 3 0 0 1 5 0 0 0 0 0 0 0 0 0 0 0 0 0 0 0 0 0 0 4 17 0 0 1 1 4 5 26 15 0 1 0 8 2 11 16 65 10 3 4 7 14 93 68 117 92 32 1 1 1 38 453 672 776 318 2 1 86 56 0 0 4 7 7 0 35 12 6 4 0 0 0 38 247 175 217 2 20 358 345 1246 845 1098 700 861 622 690 482 397 538 281 91 113 53 43 36 89 89 15 9 0 9 14 11 6 9 2 0 0 0 0 0 0 0 0 0 0 0 0 0 0 0 0 0 0 0
0 0 0 0 0 0 0 22 7 5 0 0 0 0 0 0 1 0 0 3 0 8 19 0 0 0 0 0 1 2 0 0 0 0 0 0 0 0 0 0 0 7 0 0 2 12 0 0 0 46 43 71 3 2 5 2 17 58 5 70 26 6 6 26 22 45 75 48 48 143 120 32 92 80 525 701 1233 619 41 1 0 0 0 0 0 0 6 255 8 63 2 11 0 0 2 23 30 7 39 11 9 0 1124 572 410 507 590 173 497 646 772 433 437 249 210 85 25 68 63 72 24 3 106 232 34 47 2 2 1 0 0 0 0 0 9 2 0 0 0 0 0 0 0 0 0 0 0 0 0 0
0 0 0 0 0 0 2 4 0 0 0 0 0 0 0 1 6 3 0 1 0 0 11 20 12 16 3 0 0 1 0 0 0 0 0 0 0 0 0 0 1 0 0 0 0 9 1 2 0 11 15 3 3 19 7 16 52 95 56 29 1 1 1 0 1 0 0 0 0 0 1 0 40 23 194 260 272 207 53 0 0 0 0 0 0 0 0 21 37 13 0 0 8 0 1 1 22 0 4 66 9 212 694 644 385 180 260 125 320 482 479 226 495 170 187 52 45 52 77 11 0 3 33 19 19 205 7 17 1 0 0 0 0 0 0 0 0 0 0 0 0 0 0 0 0 0 0 0 0 0
0 1 0 0 0 1 0 1 0 0 0 0 1 0 0 1 0 0 0 0 2 1 0 1 12 1 4 7 0 10 0 0 1 0 4 0 3 0 0 0 0 0 7 0 0 11 41 12 6 18 30 50 5 51 22 24 28 47 309 6 11 4 0 0 1 5 16 31 2 21 46 4 66 13 28 52 21 126 21 8 0 0 0 0 0 0 0 1 69 0 0 10 37 37 3 0 0 0 24 370 109 139 82 48 86 292 85 91 363 258 101 57 43 106 99 11 63 109 9 5 0 0 6 7 161 492 218 9 1 6 0 0 0 0 0 0 0 0 0 0 0 0 0 0 0 0 0 0 0 0
0 0 0 4 1 4 0 0 0 0 0 0 2 0 0 0 0 0 0 0 14 7 0 0 5 1 40 42 16 0 0 0 0 0 1 7 2 0 0 0 0 1 1 9 21 10 8 9 40 352 73 11 14 9 7 27 127 58 27 17 28 13 1 0 0 0 2 3 1 7 21 9 26 3 1 54 91 43 5 15 24 0 1 22 0 16 6 5 4 3 2 13 51 182 24 1 0 13 167 24 101 171 27 13 38 35 124 176 331 0 0 47 3 299 30 0 2 0 0 0 0 0 0 1 45 132 104 207 5 1 0 0 0 0 0 0 0 0 0 0 0 0 0 0 0 0 0 0 0 0
0 0 0 2 0 0 0 0 0 0 0 0 0 1 1 0 0 0 0 1 0 8 38 0 0 8 2 55 121 6 0 0 0 0 1 0 0 0 1 0 0 1 6 26 5 110 60 8 4 77 25 5 7 6 40 2 96 44 1 0 2 7 1 0 0 2 0 0 8 6 47 22 13 0 3 19 9 0 1 0 2 0 0 0 0 11 13 1 8 3 1 7 15 1 0 16 0 3 9 4 657 754 512 88 34 96 110 242 99 10 0 0 0 114 46 0 0 0 0 0 0 0 1 6 16 3 9 93 9 0 0 0 0 0 0 0 0 0 0 0 0 0 0 0 0 0 0 0 0 0
0 0 0 0 1 0 0 0 0 0 0 0 0 1 0 0 0 0 2 3 0 4 2 0 0 13 7 6 1 1 0 8 7 0 0 0 0 0 0 2 2 5 11 10 5 11 10 15 39 176 177 63 19 17 7 8 5 3 2 0 0 7 5 3 74 43 5 0 4 4 47 28 0 0 8 63 175 56 1 15 2 17 2 2 0 0 0 1 16 4 3 0 0 0 0 0 0 0 277 377 1143 868 376 83 0 17 70 82 0 0 0 0 0 4 0 0 0 0 0 0 0 0 1 1 0 0 27 27 0 1 0 0 0 0 0 0 0 0 0 0 0 0 0 0 0 0 0 0 0 0
0 0 0 0 0 0 0 0 0 0 0 0 0 3 0 3 0 0 0 0 0 1 8 1 3 13 0 0 0 0 47 34 4 2 0 0 0 4 0 0 34 5 0 0 0 0 2 7 203 558 230 132 20 4 0 1 4 3 0 0 1 3 0 0 6 14 23 4 3 27 26 18 5 0 0 7 96 39 23 97 12 29 11 28 7 1 7 5 129 53 6 2 0 1 0 17 2 0 52 282 164 41 26 1 5 4 83 30 4 0 0 0 11 46 0 0 0 0 0 0 0 0 0 0 0 46 16 1 2 3 10 0 0 0 0 0 0 0 0 0 0 0 0 0 0 0 0 0 0 0
0 0 0 0 0 0 0 0 0 0 0 0 0 0 0 0 0 0 0 0 0 1 2 3 0 0 0 0 0 0 1 18 27 6 2 0 15 54 8 5 1 0 0 0 0 0 10 9 10 292 210 83 1 0 0 1 0 2 1 0 0 0 0 0 5 8 14 3 0 1 7 16 35 0 0 0 7 6 11 23 0 12 15 0 0 52 0 0 0 1 0 2 2 5 0 0 3 0 0 0 4 1 2 47 44 27 24 39 73 76 31 7 23 0 0 0 0 0 0 0 0 0 0 6 13 27 40 1 0 0 0 0 0 0 0 0 0 0 0 0 0 0 0 0 0 0 0 0 0 0
0 0 0 0 0 0 0 0 0 0 0 0 0 1 3 0 2 3 0 2 2 0 2 0 0 1 0 0 0 0 0 7 11 10 5 5 3 18 1 0 0 0 0 0 4 41 14 33 4 91 58 21 1 0 4 1 5 21 1 0 0 0 0 0 0 0 0 2 0 0 2 3 84 43 5 6 0 0 0 0 0 6 60 100 9 0 3 0 0 0 0 1 0 0 0 0 0 0 0 7 0 0 6 55 16 14 14 0 4 10 19 149 9 0 0 0 0 0 0 0 0 0 0 8 10 10 24 97 0 0 0 0 0 0 0 0 0 0 0 0 0 0 0 0 0 0 0 0 0 2
0 0 0 0 0 0 0 0 0 0 0 0 0 3 0 0 0 0 0 0 2 0 0 0 0 4 0 0 0 0 0 0 12 9 29 0 0 54 0 0 0 0 0 19 32 24 23 0 6 30 31 38 15 21 19 6 0 3 0 3 0 0 0 0 2 0 0 5 12 6 1 1 13 5 38 4 0 0 0 0 1 5 5 74 3 5 0 0 0 12 2 1 0 0 0 0 6 1 0 10 4 4 3 49 269 0 0 1 0 0 0 2 0 0 0 1 2 0 0 0 0 0 1 0 0 20 32 14 0 0 0 0 0 0 0 0 0 0 0 0 0 0 0 0 0 0 0 0 0 0
0 0 0 0 0 0 0 0 1 0 0 0 0 0 2 0 0 0 1 0 0 0 1 1 0 0 0 0 0 0 0 0 9 10 29 8 0 5 1 0 0 0 0 2 65 6 2 0 4 4 26 3 0 1 9 0 1 1 0 0 0 0 0 0 11 1 0 1 1 13 0 36 2 0 2 0 6 1 0 0 2 2 0 1 0 24 2 8 1 4 0 1 2 2 2 2 0 5 0 4 2 7 5 85 170 144 0 0 0 0 0 5 2 1 8 2 0 0 0 0 0 0 0 0 0 23 5 20 0 0 0 0 0 0 0 0 3 33 0 0 0 0 0 0 0 0 0 0 0 0
0 0 0 0 0 0 0 0 0 0 1 0 0 0 2 0 0 2 0 0 1 12 4 2 0 0 0 14 3 1 0 4 0 6 6 2 0 0 0 2 0 1 0 21 39 15 4 0 0 1 24 18 2 0 0 0 0 1 0 0 0 0 0 0 4 0 0 1 3 0 1 4 0 0 1 4 10 4 0 0 0 0 11 6 0 1 10 6 1 0 6 1 0 0 2 4 0 0 0 0 12 10 5 4 20 207 31 0 0 0 0 0 0 6 46 18 0 0 2 0 0 0 0 0 2 109 7 13 2 1 0 0 0 0 0 0 1 3 0 0 0 0 0 0 0 0 0 0 0 0
0 0 0 0 0 0 0 0 0 0 0 0 0 0 6 2 8 21 5 0 2 12 9 0 0 0 0 0 0 1 9 2 0 19 1 0 1 7 13 9 58 34 9 82 118 8 3 2 2 1 1 16 10 2 0 2 0 0 0 0 0 1 1 0 0 0 0 0 4 10 59 12 4 1 0 1 0 2 2 0 0 0 0 0 0 0 0 3 3 1 0 0 0 1 0 0 0 0 0 0 0 4 9 1 8 507 402 30 0 0 0 0 0 0 1 0 0 102 17 6 0 0 0 28 101 16 71 70 76 3 0 0 0 0 0 6 6 1 0 0 0 0 0 0 0 0 0 0 0 0
0 0 0 0 0 0 0 0 0 2 1 2 5 5 7 7 5 38 1 1 1 1 1 1 0 0 0 9 14 4 1 2 0 2 3 23 4 22 30 71 137 492 164 271 65 4 0 0 2 0 0 1 32 8 0 0 0 0 0 0 0 0 0 0 0 0 1 0 0 7 17 18 6 0 18 7 2 13 0 0 0 5 6 0 10 0 0 0 6 4 2 2 0 2 8 9 4 2 1 0 0 0 18 11 146 244 145 249 9 0 0 0 0 0 0 0 173 40 11 0 0 0 4 98 101 138 538 424 13 7 0 0 0 5 0 1 0 0 0 0 0 0 0 0 0 0 0 0 0 0
0 0 0 0 0 0 0 0 3 6 16 27 22 1 0 0 6 4 0 4 4 24 9 18 2 3 8 0 0 0 4 0 0 0 27 16 1 6 53 150 458 608 449 524 40 1 0 5 4 0 2 1 29 56 6 5 0 0 0 0 0 0 0 0 0 0 0 0 1 0 0 4 0 0 0 2 0 2 3 0 0 0 2 0 9 0 0 0 0 3 0 5 3 8 2 35 0 1 0 7 0 2 3 4 7 50 0 62 4 0 0 0 1 0 28 26 434 264 23 28 8 13 1 63 56 16 324 362 307 214 2 32 25 43 0 0 0 0 0 0 0 0 0 0 0 0 0 0 0 0
0 0 0 0 0 0 2 1 5 5 2 1 5 0 22 5 0 1 9 5 3 15 94 17 0 0 0 1 0 0 2 8 0 2 6 12 7 11 14 62 381 273 333 130 14 11 3 1 2 2 2 2 14 2 1 3 0 0 0 0 0 0 0 0 0 0 0 0 1 0 0 5 0 0 0 4 2 15 14 0 0 20 5 2 14 0 0 3 8 11 0 0 6 3 0 0 4 2 3 0 0 0 1 6 3 1 0 0 14 0 2 1 4 0 15 621 408 296 94 83 89 28 57 0 1 10 104 153 0 79 4 160 296 37 37 1 0 0 0 0 0 0 0 0 0 0 0 0 0 0
0 0 0 0 0 0 1 0 0 3 8 8 0 0 0 1 0 0 26 15 165 45 10 0 0 0 0 0 3 7 0 0 6 26 27 1 0 1 0 69 389 234 236 131 33 9 7 0 6 15 1 1 11 6 4 1 1 0 0 0 0 0 0 0 0 0 0 0 0 0 1 0 0 0 0 0 0 2 6 0 6 6 18 121 26 0 0 0 0 0 0 2 3 3 0 0 6 7 0 0 3 0 0 1 5 1 1 10 110 87 182 243 73 80 252 602 321 210 42 292 125 99 11 0 85 71 34 101 0 0 35 165 128 25 41 0 0 0 0 0 0 0 0 0 0 0 0 0 0 0
0 0 1 0 0 0 0 6 2 0 0 2 2 5 0 12 4 3 7 19 74 0 0 0 0 0 0 0 2 4 4 20 2 3 3 25 0 1 3 6 27 73 21 8 3 0 1 0 1 3 0 0 29 5 1 2 2 5 1 0 0 0 0 0 0 0 0 0 0 1 1 0 0 0 0 14 0 11 8 0 1 3 3 5 0 0 0 0 2 1 3 0 0 10 4 3 2 0 0 0 3 2 1 1 0 9 6 10 106 27 108 83 10 174 1144 343 129 184 63 364 101 6 0 50 1 38 45 0 0 0 58 212 0 0 4 0 0 0 0 0 0 0 0 0 0 0 0 0 0 0
0 0 0 0 0 11 14 24 1 0 1 0 0 3 11 0 5 3 16 23 21 0 0 0 0 0 0 0 1 2 24 8 2 2 3 0 8 0 7 0 34 8 4 2 3 0 0 0 0 0 0 7 253 7 4 17 13 7 1 0 0 0 0 0 0 0 0 0 0 0 0 0 0 0 0 0 1 1 1 0 0 1 3 0 0 0 0 0 1 0 0 0 1 7 8 1 1 0 0 1 1 0 0 1 0 0 4 57 14 2 1 16 181 139 178 335 46 169 67 78 208 0 0 0 0 0 0 0 0 0 1 76 35 0 0 0 0 0 0 0 0 0 0 0 0 0 0 0 0 0
0 0 3 0 0 0 9 0 0 2 0 0 4 11 2 7 18 16 2 1 4 2 1 0 0 0 0 34 4 10 18 14 8 0 0 3 0 8 4 2 14 15 0 0 6 0 3 0 0 0 2 17 83 43 1 23 3 0 0 0 0 0 0 0 0 0 0 0 0 0 0 0 0 0 0 0 11 1 16 0 0 0 0 0 0 0 0 0 5 0 6 1 17 23 5 5 2 0 0 1 2 0 0 1 0 2 2 45 444 9 0 0 0 0 0 4 0 25 250 457 50 0 0 0 0 0 0 0 0 0 0 2 50 0 0 0 0 0 0 0 0 0 0 0 0 0 0 0 0 0
2 0 2 0 3 0 5 37 5 2 14 10 5 0 3 61 53 18 3 10 1 1 3 2 0 0 1 5 2 0 10 2 6 0 1 4 0 0 0 0 3 2 2 1 1 0 2 0 0 0 0 29 7 24 9 3 1 0 0 0 0 0 0 0 0 0 0 0 0 0 0 0 0 0 0 0 2 13 0 0 0 0 0 0 0 0 0 1 33 0 4 0 0 15 0 0 0 1 5 1 0 0 2 5 0 8 19 19 93 0 0 0 0 0 3 0 0 0 50 328 223 380 0 0 1 23 0 1 0 41 56 18 37 19 0 0 0 0 0 0 0 0 0 0 0 0 0 0 0 0
0 3 0 0 0 2 4 0 0 2 21 6 3 2 10 32 26 17 9 1 0 1 1 1 3 5 2 0 2 2 0 0 0 0 10 1 0 0 0 19 0 10 10 2 2 1 0 0 0 0 3 23 15 32 25 5 0 0 0 0 0 0 0 0 0 0 0 0 0 0 0 0 0 0 0 0 2 46 75 13 0 5 0 0 0 0 0 49 34 0 0 0 1 1 0 1 0 7 1 16 14 6 6 9 9 1 4 4 38 5 0 0 0 10 34 24 93 336 42 119 407 85 1 3 254 56 0 0 0 79 112 0 0 0 0 0 0 0 0 0 0 0 0 0 0 0 0 0 0 0
0 0 2 2 0 0 0 4 5 2 1 83 15 3 0 1 5 4 0 0 0 0 0 1 5 4 3 2 18 0 0 1 0 1 0 0 0 1 2 0 0 11 31 6 10 1 5 1 0 0 1 39 12 2 3 4 0 0 2 0 0 0 0 0 0 0 0 0 0 0 0 0 0 0 0 3 0 10 35 1 0 3 0 0 0 0 1 12 0 0 3 0 5 0 1 0 1 0 1 1 0 2 3 10 17 0 3 24 20 11 0 0 0 0 80 379 545 322 39 27 55 81 56 290 80 1 1 0 12 256 97 0 0 0 0 0 0 0 0 0 0 0 0 0 0 0 0 0 0 0
0 0 1 0 0 1 4 5 0 1 10 20 0 0 0 1 0 0 0 5 0 0 0 3 0 0 1 0 2 0 0 0 0 0 0 0 0 1 12 3 0 0 1 0 0 0 0 1 0 0 1 123 1 4 4 1 0 6 0 2 0 0 0 0 0 0 0 0 0 0 0 0 0 0 0 0 1 2 47 17 5 13 9 0 0 2 2 0 0 0 0 0 16 5 0 0 0 0 0 1 0 8 4 3 7 5 6 1 12 1 0 2 19 27 16 12 4 41 274 192 26 158 347 361 306 187 27 100 459 1070 364 3 0 0 0 0 0 0 0 0 0 0 0 0 0 0 0 0 0 0
0 2 0 0 0 4 1 7 0 8 16 3 0 0 8 4 0 2 0 0 0 0 0 0 0 10 5 1 0 0 1 3 4 0 0 0 0 0 0 4 0 1 2 0 0 0 4 0 2 3 2 306 22 0 0 13 0 1 1 0 0 0 0 1 0 0 0 0 0 0 0 0 0 0 0 0 3 21 30 0 0 26 7 0 0 0 0 0 3 4 0 6 1 8 1 9 5 1 0 2 2 0 0 5 13 2 3 0 63 36 1 4 11 2 5 58 6 138 143 364 355 551 627 300 824 568 409 438 606 514 293 0 0 0 0 0 0 0 0 0 0 0 0 0 0 0 0 0 0 0
0 1 0 0 7 1 0 1 229 8 0 3 3 0 3 11 0 2 0 1 0 0 0 0 4 3 1 2 1 0 0 1 0 3 3 1 2 1 1 0 7 2 3 0 0 2 3 0 7 18 501 469 14 99 5 2 1 0 4 1 1 0 0 0 0 0 0 0 0 0 0 0 0 0 0 0 0 0 2 0 0 1 0 0 0 0 0 0 4 0 0 3 2 0 0 0 0 0 0 0 8 1 4 2 15 15 18 23 0 6 6 0 39 7 5 12 19 32 294 1223 1228 459 223 924 952 409 118 374 378 54 48 5 0 0 0 0 0 0 0 0 0 0 0 0 0 0 0 0 0 0
0 2 2 5 2 0 1 1 18 2 4 1 3 2 0 0 3 2 0 0 0 0 0 1 9 2 0 2 1 0 0 28 32 2 0 0 0 0 0 0 0 0 0 0 0 0 0 0 2 18 545 472 494 495 26 10 1 1 3 7 4 0 0 0 0 0 0 0 0 0 0 0 0 0 1 0 0 0 0 7 0 0 1 0 0 0 0 19 57 0 0 28 16 0 0 0 0 0 0 2 13 0 11 8 6 110 223 7 0 0 0 4 1 7 2 13 12 24 83 363 254 344 213 2074 1053 316 164 128 11 383 434 381 0 0 0 0 0 0 0 0 0 0 0 0 0 0 0 0 0 0
2 1 1 19 2 1 17 7 14 3 8 39 0 1 0 0 0 0 0 0 0 1 0 0 0 0 0 0 0 0 0 7 6 8 1 12 1 3 0 0 0 0 0 1 0 1 0 0 0 8 220 303 462 332 35 32 3 1 0 4 3 0 0 0 0 0 0 0 0 0 0 0 0 0 0 0 0 0 0 14 3 2 0 0 0 0 0 15 39 2 1 9 67 0 0 0 0 0 0 1 12 28 10 10 7 6 4 4 0 0 0 0 6 5 0 5 2 2 5 31 193 205 256 496 597 614 281 311 205 421 268 158 1 0 2 0 0 0 0 0 0 0 0 0 0 0 0 0 0 0
5 6 4 7 3 7 6 8 8 0 1 1 0 1 0 0 0 0 0 0 0 0 3 0 3 0 0 0 0 0 1 0 0 1 0 2 0 9 0 0 0 0 0 0 0 3 2 0 0 0 22 84 251 3 22 13 0 1 6 3 1 1 0 0 0 0 0 0 0 0 0 0 0 0 0 0 0 0 9 0 0 2 0 0 0 0 32 70 10 3 9 166 101 19 2 0 0 0 0 16 27 2 23 103 11 0 5 1 20 0 0 0 8 2 0 2 1 8 32 9 87 429 364 205 170 462 620 1138 244 177 42 52 0 0 0 0 0 0 0 0 0 0 0 0 0 0 0 0 0 0
0 20 8 0 10 0 12 21 7 7 1 4 0 0 0 0 0 0 1 1 0 0 0 0 0 0 0 0 1 0 0 0 0 0 0 0 0 0 4 1 0 0 0 0 0 1 0 2 0 3 3 22 57 6 13 0 0 33 58 1 0 1 4 0 0 0 0 0 0 0 0 0 0 0 0 0 0 0 0 0 0 1 10 9 7 15 5 0 16 47 113 112 128 8 2 1 0 0 188 13 42 219 143 204 282 12 7 0 8 6 0 0 0 0 3 12 2 14 15 291 198 509 1615 1108 452 166 1843 1627 977 0 0 0 0 0 0 0 0 0 0 0 0 0 0 0 0 0 0 0 0 0
2 7 9 0 4 6 13 46 3 10 0 1 0 0 0 0 0 0 0 0 0 0 3 1 0 0 0 0 7 0 0 0 0 1 0 0 0 0 0 0 6 7 0 0 0 1 0 0 4 4 0 2 65 1 9 0 0 8 73 3 4 5 0 0 0 0 0 0 0 0 0 0 0 0 0 0 0 0 0 0 0 1 6 0 0 2 1 2 12 38 67 117 161 8 12 6 0 0 0 4 104 236 274 132 170 35 1 1 2 5 2 0 0 0 6 1 17 449 218 584 426 2 6 107 79 102 238 481 354 5 302 3 0 0 0 0 0 0 0 0 0 0 0 0 0 0 0 0 0 0
11 6 85 3 33 101 31 6 0 2 0 0 0 3 0 1 0 0 0 0 0 2 0 0 0 0 0 0 0 0 0 0 0 0 0 0 0 0 0 0 1 0 0 0 0 3 0 0 3 0 0 7 17 0 0 0 0 0 9 18 4 0 0 0 0 0 0 0 0 0 0 0 0 0 0 0 0 0 0 0 12 31 0 0 16 1 79 1 0 0 0 3 7 0 0 0 0 0 0 9 5 50 536 196 80 145 9 6 0 3 10 0 0 0 0 7 174 270 112 26 0 0 0 0 46 277 152 655 373 7 20 38 0 0 0 0 0 0 0 0 0 0 0 0 0 0 0 0 0 0
7 42 86 119 314 387 192 34 7 0 0 0 0 0 3 0 0 0 0 0 0 6 0 1 0 0 0 0 0 0 0 0 0 0 0 0 0 0 3 0 0 0 0 9 0 11 0 6 1 0 0 5 23 4 0 2 1 0 17 0 0 7 0 0 0 0 0 0 0 0 0 0 0 0 0 0 0 0 3 26 20 0 0 0 3 3 17 170 66 0 0 0 0 0 0 0 0 0 0 0 0 127 438 147 96 82 6 2 5 12 3 2 0 0 0 41 104 11 8 34 0 0 0 0 6 357 266 699 275 1 55 0 0 0 0 0 0 0 0 0 0 0 0 0 0 0 0 0 0 0
0 89 304 696 414 316 145 28 0 1 8 2 1 0 0 1 0 1 0 0 0 0 0 0 1 0 0 2 0 0 0 0 0 0 0 0 0 0 0 0 5 3 0 2 2 0 0 10 29 0 0 0 11 0 0 1 3 0 1 0 0 5 1 0 0 0 0 0 0 0 0 0 0 0 0 0 0 13 0 0 0 0 0 0 0 0 31 18 0 0 2 1 0 0 0 0 0 0 0 0 11 51 12 6 55 62 0 0 1 3 2 6 5 2 7 2 2 8 6 48 24 54 7 0 12 88 109 217 32 1 0 0 0 0 0 0 0 0 0 0 0 0 0 0 0 0 0 0 0 0
2 55 219 168 96 119 32 9 5 2 0 3 0 0 0 0 0 0 1 3 2 3 0 8 0 0 0 0 0 2 0 0 0 0 1 0 0 0 0 0 0 0 0 0 0 0 0 2 4 3 0 0 0 3 0 2 0 0 0 0 0 0 0 0 0 0 0 0 0 0 0 0 0 0 0 0 0 0 0 0 0 0 0 0 0 0 60 10 1 8 27 2 0 0 5 8 0 0 0 309 731 89 177 84 2 90 14 6 1 0 1 3 0 4 0 0 0 0 19 50 49 24 122 279 33 9 3 0 0 0 0 0 0 0 0 0 0 0 0 0 0 0 0 0 0 0 0 0 0 0
9 18 30 52 29 8 2 2 6 0 10 0 0 0 0 0 0 0 0 0 1 43 3 1 0 0 0 0 0 1 0 0 0 1 0 0 0 0 0 0 0 0 0 0 2 7 0 0 0 0 0 0 0 0 0 7 0 0 0 0 0 0 0 0 0 0 0 0 0 0 0 0 0 0 0 0 1 7 0 0 0 0 0 0 0 0 10 2 0 27 17 0 0 0 74 63 101 6 208 1301 267 318 80 42 0 15 32 75 0 4 7 0 0 0 0 4 1 0 26 26 30 13 3 17 4 58 8 11 81 49 5 0 0 0 0 0 0 0 0 0 0 0 0 0 0 0 0 0 0 0
46 9 9 15 0 0 0 3 0 0 0 0 0 0 0 0 0 0 0 0 2 4 0 0 0 0 0 0 0 7 1 0 0 4 10 0 0 0 0 0 0 0 0 1 4 10 0 9 0 0 0 1 2 4 65 8 8 0 0 0 0 0 0 0 0 0 0 0 0 0 0 0 0 0 8 8 0 1 0 0 0 0 0 0 0 0 4 0 0 0 76 19 2 4 143 231 36 7 180 136 16 16 18 1 6 1 0 108 339 112 0 0 0 0 4 0 0 4 6 0 13 1 0 3 5 72 37 50 290 91 21 0 0 0 0 0 0 0 0 0 0 0 0 0 0 0 0 0 0 0
10 0 5 0 0 0 4 0 0 0 0 0 0 0 0 0 0 0 0 0 0 2 0 0 0 0 0 0 3 1 5 53 3 0 1 0 0 0 0 0 1 0 0 0 0 0 0 0 0 0 0 0 0 2 12 0 0 0 0 0 0 0 0 0 0 0 0 0 0 0 0 0 0 0 6 16 0 0 0 0 0 0 0 0 0 0 36 28 122 66 95 14 21 20 4 45 7 0 0 0 15 2 5 2 0 2 119 249 99 17 6 0 1 0 0 0 0 0 0 0 5 11 5 22 7 113 39 124 73 185 22 0 1 0 0 0 0 0 0 0 0 0 0 0 0 0 0 0 0 0
1 0 0 0 0 0 0 0 0 0 0 0 0 0 0 0 0 0 0 0 0 0 0 0 0 0 0 0 6 0 1 0 0 0 0 1 0 0 0 0 0 1 0 0 0 2 0 0 0 0 0 0 6 31 9 0 0 0 0 0 0 0 0 0 0 0 0 0 0 0 0 1 0 1 0 0 0 0 0 0 0 0 0 0 0 0 0 20 97 3 0 0 0 6 2 25 0 0 0 0 1 4 0 4 1 183 533 273 136 53 0 1 0 0 0 0 0 0 35 2 0 36 0 0 0 3 57 30 2 23 1 3 0 0 0 0 0 0 0 0 0 0 0 0 0 0 0 0 0 0
0 0 0 1 1 2 0 0 0 0 0 0 0 0 0 0 1 0 0 0 0 0 0 10 0 0 0 3 0 0 0 0 0 0 0 0 0 0 0 0 0 0 0 0 0 2 0 0 0 0 2 1 5 41 4 2 1 0 3 0 0 0 0 0 0 0 0 0 0 0 0 2 0 0 0 0 0 0 0 0 0 0 0 0 0 0 0 0 0 0 0 0 3 7 0 0 0 0 5 0 5 1 3 0 47 178 37 5 32 96 0 0 0 0 0 0 0 0 1 12 0 2 0 42 83 24 166 26 31 40 0 0 0 0 0 0 0 0 0 0 0 0 0 0 0 0 0 0 0 0
0 0 0 0 0 36 0 0 0 0 0 0 0 0 0 0 0 0 0 0 0 0 0 0 0 0 2 0 0 0 0 0 0 0 0 0 0 0 0 1 0 0 0 0 2 0 0 0 0 0 2 0 7 0 5 3 8 2 0 0 0 0 0 0 0 0 0 3 1 18 0 0 0 0 0 0 0 0 0 0 0 0 0 0 0 0 0 0 2 2 0 18 84 0 0 0 2 0 1 4 0 2 11 7 42 13 0 7 0 6 2 0 0 0 0 0 0 0 0 0 0 1 2 13 0 0 0 113 4 0 0 0 0 0 0 0 0 0 0 0 0 0 0 0 0 0 0 0 0 0
0 0 0 0 58 22 0 0 0 0 0 0 0 0 0 0 0 4 0 0 0 0 0 0 0 0 0 0 2 0 1 0 0 0 0 0 0 0 1 0 1 0 0 0 0 0 0 0 0 3 0 0 0 13 2 1 3 5 0 0 0 0 0 0 0 0 0 0 5 0 0 0 1 1 0 0 0 0 0 0 0 0 0 0 0 0 0 0 28 31 84 334 76 16 0 0 0 1 0 54 25 471 232 23 2 8 2 0 0 1 5 0 0 0 0 0 0 0 0 0 0 0 0 0 0 0 20 8 0 0 0 0 0 0 0 0 0 0 0 0 0 0 0 0 0 0 0 0 0 0
0 0 0 0 1 3 1 0 0 0 0 0 1 3 0 0 0 0 0 0 0 0 0 0 0 0 0 0 0 21 0 0 0 0 1 0 0 0 0 0 0 0 0 0 2 13 0 0 0 1 0 0 0 2 2 0 0 0 0 0 0 0 0 0 0 0 0 0 10 2 0 0 0 0 0 0 0 0 0 0 0 0 0 0 0 0 3 0 10 52 167 93 64 37 0 0 2 0 1 50 75 87 48 20 0 0 1 0 0 1 1 0 0 0 0 0 0 0 0 0 1 74 74 0 0 14 0 0 0 0 0 0 0 0 0 0 0 0 0 0 0 0 0 0 0 0 0 0 0 0
0 0 0 1 0 3 0 0 0 0 0 0 15 5 0 0 0 0 0 0 0 0 0 0 0 1 5 0 0 17 0 0 0 0 1 0 0 0 0 0 0 0 0 4 0 2 2 0 0 0 1 0 0 10 6 1 0 0 0 0 0 0 0 0 0 0 0 7 34 0 0 0 0 0 0 0 0 0 0 0 0 0 0 0 6 11 27 5 1 8 0 1 21 0 14 1 0 11 4 7 42 0 0 7 1 0 0 1 1 13 12 32 3 0 0 0 0 0 0 0 0 0 0 0 0 0 0 1 0 0 0 0 0 0 0 0 0 0 0 0 0 0 0 0 0 0 0 0 0 0
0 0 0 0 0 0 0 1 0 0 0 0 1 1 0 0 0 1 0 0 0 0 0 0 0 0 0 0 0 0 0 0 0 0 0 0 0 0 0 0 0 0 0 0 0 0 0 4 0 1 12 0 0 2 8 6 0 1 0 0 0 0 0 0 0 0 4 28 14 0 0 0 0 0 0 0 0 0 0 0 0 0 0 0 56 1 1 1 3 10 3 1 7 2 2 2 3 17 10 11 9 8 0 1 6 0 0 9 30 55 93 220 22 2 0 0 0 16 0 0 0 0 0 0 0 0 0 0 0 0 0 0 0 0 0 0 0 0 0 0 0 0 0 0 0 0 0 0 0 0
0 0 0 0 4 3 0 0 0 0 0 0 0 0 0 0 0 0 0 0 0 0 0 0 0 0 0 0 1 0 0 0 0 0 0 0 0 0 6 0 0 0 0 0 0 0 0 5 9 1 0 0 0 0 0 36 51 1 0 0 0 0 0 1 1 9 17 50 3 0 0 3 0 0 0 0 0 0 0 0 0 0 0 3 13 3 0 6 13 7 3 2 0 0 0 4 36 4 8 2 1 1 1 3 1 0 12 2 37 32 459 32 138 67 0 0 0 0 0 0 0 0 0 0 0 0 0 0 0 0 0 0 0 0 0 0 0 0 0 0 0 0 0 0 0 0 0 0 0 0
0 0 0 1 1 0 0 0 0 0 0 2 0 0 0 2 0 0 0 0 0 0 0 0 0 0 0 0 0 0 0 0 0 1 0 0 0 0 0 0 0 0 0 0 0 6 1 0 61 1 1 0 0 0 3 0 5 9 58 17 5 9 2 5 4 0 0 1 0 2 1 0 0 0 0 0 0 0 0 0 0 0 0 0 0 0 0 9 15 3 0 0 3 1 7 131 6 0 0 0 0 0 1 0 16 65 215 522 322 78 14 0 150 33 0 0 0 0 0 0 0 0 0 0 0 0 0 0 0 0 0 0 0 0 0 0 0 0 0 0 0 0 0 0 0 0 0 0 0 0
0 0 1 2 2 28 1 6 1 3 0 2 0 0 0 0 2 0 0 0 0 0 0 0 0 0 0 0 0 0 4 0 0 0 0 0 0 0 2 0 0 0 0 0 0 7 12 3 0 0 0 0 2 1 11 3 0 0 0 3 0 2 0 1 0 0 0 7 0 11 1 4 0 0 0 0 0 0 0 0 0 0 0 0 0 0 0 1 0 0 18 7 1 0 77 7 0 0 0 0 0 0 0 3 27 69 120 248 181 148 57 132 207 0 0 0 0 0 0 0 0 0 0 0 0 0 0 0 0 0 0 0 0 0 0 0 0 0 0 0 0 0 0 0 0 0 0 0 0 0
0 0 0 0 55 27 1 0 0 0 0 0 0 7 0 0 0 0 0 0 0 0 0 0 0 0 0 0 0 0 0 0 1 2 0 0 0 0 0 0 3 2 5 0 1 0 2 8 3 0 1 0 1 5 1 0 0 2 1 0 0 4 0 0 0 1 1 1 3 0 0 0 1 0 0 0 0 0 0 0 0 0 0 0 0 0 0 0 0 0 0 0 14 9 0 37 129 1 0 0 0 0 0 33 99 305 7 0 5 52 0 2 0 0 0 0 0 0 0 0 0 0 0 0 0 0 0 0 0 0 0 0 0 0 0 0 0 0 0 0 0 0 0 0 0 0 0 0 0 0
0 0 0 2 2 1 0 0 2 0 0 0 0 0 0 0 0 0 0 0 0 0 0 0 0 0 0 0 0 0 0 0 1 0 1 0 0 0 0 0 0 1 0 0 0 1 0 0 2 4 0 0 2 2 0 0 0 0 2 0 2 1 0 0 0 0 0 0 0 0 0 0 1 0 0 0 0 0 0 0 0 0 0 0 0 0 0 0 0 0 0 8 42 25 6 155 351 0 0 0 0 0 0 1 7 0 0 0 0 0 10 70 0 0 0 0 0 0 0 0 0 0 0 0 0 0 0 0 0 0 0 0 0 0 0 0 0 0 0 0 0 0 2 11 0 0 0 0 0 0
0 0 0 1 0 1 0 0 0 1 0 0 0 0 0 0 0 0 0 0 0 0 0 0 0 0 0 0 0 0 0 0 6 1 0 0 0 0 0 0 0 0 0 0 0 0 0 0 0 0 8 3 1 5 0 0 0 0 3 2 0 5 0 0 0 0 0 0 0 0 3 0 0 0 0 0 0 0 0 0 0 0 0 0 0 0 0 0 14 3 0 18 134 112 41 0 1 0 0 0 0 0 1 2 2 0 1 2 0 55 55 2 0 0 0 0 0 0 0 0 0 0 0 0 0 0 0 0 0 0 0 0 0 0 0 0 0 0 0 0 0 0 0 0 0 0 0 0 0 0
0 1 0 0 1 0 0 0 0 0 0 0 0 0 0 0 1 0 0 0 0 0 0 0 0 0 0 0 0 0 0 0 0 0 0 0 0 0 0 0 0 0 0 0 0 0 0 0 0 0 9 4 4 0 0 0 1 0 0 0 3 0 0 0 0 0 0 0 0 0 2 0 0 0 0 0 0 0 0 0 0 0 0 0 0 0 0 0 0 0 10 38 419 0 0 11 4 0 0 0 0 0 0 3 1 0 0 5 17 2 18 0 0 0 0 0 0 0 0 0 0 0 0 0 0 0 0 0 0 0 0 0 0 0 0 0 0 0 0 0 0 0 0 0 0 0 0 0 0 0
0 0 0 0 1 0 0 0 0 0 0 0 9 0 0 0 0 0 0 0 0 0 0 0 13 0 0 0 0 0 0 0 0 0 0 0 0 0 0 0 0 0 0 0 0 0 0 0 0 0 0 9 2 2 0 0 0 0 0 6 1 0 0 0 0 0 0 0 0 0 0 41 4 0 0 0 0 0 0 0 0 0 0 0 0 0 0 0 1 2 4 4 1 2 19 0 0 0 0 0 0 0 0 0 0 0 0 0 0 0 0 0 0 0 0 0 0 0 0 0 0 0 0 0 0 0 0 0 0 0 0 0 0 0 0 0 0 0 0 0 0 0 0 0 0 0 0 0 0 0
0 0 0 0 0 0 0 0 0 0 0 0 0 0 0 0 0 0 0 0 0 1 0 12 1 0 0 0 0 0 0 0 0 0 0 0 0 0 0 0 0 0 0 0 0 0 0 0 0 0 0 10 4 0 0 0 0 0 0 0 0 7 7 0 0 0 0 0 0 0 0 8 6 0 4 0 0 0 0 0 0 0 0 0 0 0 0 0 0 1 0 42 7 26 8 0 0 0 0 0 0 0 0 0 0 0 0 0 0 0 0 0 0 0 0 0 0 0 0 0 0 0 0 0 0 0 0 0 0 0 0 0 0 0 0 0 0 0 0 0 0 0 0 0 0 0 0 0 0 0
0 0 0 0 0 0 0 0 0 0 0 0 0 0 0 0 0 0 0 0 0 0 0 2 0 0 0 0 0 0 2 0 0 0 0 0 0 0 0 0 0 0 0 0 0 0 0 0 0 0 2 19 20 1 0 0 1 1 0 0 0 20 47 1 0 0 0 0 0 0 0 0 0 0 5 0 0 0 0 0 0 0 0 0 0 0 0 0 0 0 2 7 0 7 18 0 0 0 0 0 0 0 0 0 0 0 0 0 0 0 0 0 0 0 0 0 0 0 0 0 0 0 0 0 0 0 0 0 0 0 0 0 0 0 0 0 0 0 0 0 0 0 0 0 0 0 0 0 0 0
0 0 0 0 0 0 0 0 0 1 0 0 56 0 0 0 0 0 0 0 0 0 0 0 1 1 0 0 0 0 0 0 0 0 0 0 0 0 0 2 0 0 0 0 0 0 0 0 0 0 11 38 124 7 21 1 1 0 0 0 0 9 0 0 0 0 0 0 0 0 0 0 0 6 1 0 0 0 0 0 0 0 0 0 0 0 0 0 0 0 1 7 18 3 5 2 0 0 0 0 0 0 0 0 0 0 0 0 0 0 0 0 0 0 0 0 0 0 0 0 0 0 0 0 0 0 0 0 0 0 0 0 0 0 0 0 0 0 0 0 0 0 0 0 0 0 0 0 0 0
0 0 0 0 0 0 0 0 0 0 0 0 3 0 0 0 0 1 1 1 0 3 0 0 0 0 1 0 0 0 0 0 0 0 0 0 0 0 0 0 0 0 0 0 0 0 0 0 2 10 0 12 99 1 14 0 0 0 0 0 0 8 4 0 0 0 0 0 0 0 0 0 0 0 0 0 0 0 0 0 0 0 0 0 0 0 0 0 0 0 0 0 2 4 1 0 5 0 0 1 0 0 0 0 0 0 0 0 0 0 0 0 0 0 0 0 0 0 0 0 0 0 0 0 0 0 0 0 0 0 0 0 0 0 0 0 0 0 0 0 0 0 0 0 0 0 0 0 0 0
0 0 0 0 2 0 0 0 0 3 0 0 0 0 1 0 0 0 0 0 0 0 0 3 2 3 0 0 0 0 0 0 0 0 0 0 0 0 0 0 0 0 0 0 0 0 0 2 0 7 0 6 10 0 0 0 0 0 0 1 6 13 0 1 0 0 0 0 0 0 0 0 0 0 0 0 0 0 0 0 0 0 0 0 0 0 0 0 0 0 0 0 0 0 0 0 3 0 0 0 0 0 0 0 0 0 0 0 0 0 0 0 0 0 0 0 0 0 0 0 0 0 0 0 0 0 0 0 0 0 0 0 0 0 0 0 0 0 0 0 0 0 0 0 0 0 0 0 0 0
0 0 0 0 0 0 0 0 0 0 3 0 0 0 0 0 0 0 0 0 0 1 1 1 0 1 2 0 0 0 0 1 1 3 6 0 0 0 0 0 0 0 0 0 0 0 4 3 0 0 0 0 0 0 0 0 0 0 0 0 2 0 0 0 0 0 0 0 0 0 0 0 0 0 0 0 0 0 0 0 0 0 0 0 0 0 0 0 0 0 0 0 0 0 0 1 9 27 0 0 0 0 0 0 0 0 0 0 0 0 0 0 0 0 0 0 0 0 0 0 0 0 0 0 0 0 0 0 0 0 0 0 0 0 0 0 0 0 0 0 0 0 0 0 7 9 0 0 0 0
3 0 0 0 0 0 0 0 0 0 0 1 0 0 0 0 4 0 0 2 2 0 0 2 1 0 0 0 0 0 0 0 0 0 0 1 0 1 0 0 0 0 0 0 0 0 1 0 0 0 0 0 0 0 0 0 0 0 0 0 0 2 0 0 0 0 0 0 0 0 0 0 4 0 0 0 0 0 0 0 0 0 0 0 0 0 0 0 0 0 0 0 0 0 0 0 4 0 0 0 7 0 0 0 0 0 0 0 0 0 0 0 0 0 0 0 0 0 0 0 0 0 0 0 0 0 0 0 0 0 0 0 0 0 0 0 0 0 0 0 0 0 0 0 0 0 0 0 0 0
0 0 0 0 0 0 0 0 0 0 0 4 0 0 0 0 0 0 0 0 0 0 0 0 0 0 0 0 0 0 0 0 0 0 0 0 0 0 0 0 0 0 0 0 0 0 0 0 0 0 0 0 0 0 0 0 0 0 0 0 0 0 0 0 0 0 0 0 0 0 4 0 0 0 0 0 0 0 0 0 0 0 0 0 0 0 0 0 0 0 0 0 0 0 12 0 0 0 0 0 0 1 0 0 0 0 0 0 0 0 0 0 0 0 0 0 0 0 0 0 0 0 0 0 0 0 0 0 0 0 0 0 0 0 0 0 0 0 0 0 0 0 0 0 0 0 0 0 0 0
0 0 0 0 0 0 0 0 0 0 1 0 1 0 0 4 0 0 0 0 0 0 0 0 0 0 0 0 0 0 0 0 0 0 0 0 0 0 0 0 0 0 0 0 6 0 0 0 0 0 0 0 0 0 0 0 0 0 0 1 1 0 0 0 0 0 0 0 0 0 1 0 0 0 0 0 0 0 0 0 0 0 0 0 0 0 0 0 0 0 0 0 0 0 0 0 2 0 0 0 0 0 0 0 0 0 0 0 0 0 0 0 0 0 0 0 0 0 0 0 0 0 0 0 0 0 0 0 0 0 0 0 0 0 0 0 0 0 0 0 0 0 0 0 0 0 0 0 0 0
0 0 0 0 0 0 0 0 0 2 0 0 6 2 0 1 0 21 0 0 0 0 0 0 0 0 0 0 0 0 0 0 0 0 0 0 0 0 0 0 0 0 0 0 0 0 0 0 0 0 0 0 0 0 0 0 0 0 0 4 0 0 0 0 0 0 0 0 32 1 0 0 0 0 0 0 0 0 0 0 0 0 0 0 0 0 0 0 0 0 0 0 0 0 0 0 0 1 2 9 0 0 0 0 0 0 0 0 0 0 0 0 0 0 0 0 0 0 0 0 0 0 0 0 0 0 0 0 0 0 0 0 0 0 0 0 0 0 0 0 0 0 0 0 0 0 0 0 0 0
0 0 0 0 0 0 0 0 0 0 0 0 1 0 0 0 3 3 0 0 0 0 0 0 0 0 0 0 0 0 0 0 0 0 0 1 1 4 6 1 0 0 0 0 0 0 0 0 0 0 0 0 0 0 0 0 0 0 0 0 7 3 0 0 2 0 0 1 99 37 0 0 0 0 0 0 0 0 0 0 0 0 0 0 0 0 0 0 0 0 0 0 0 0 0 0 1 0 0 0 0 0 0 0 0 0 0 0 0 0 0 0 0 0 0 0 0 0 0 0 0 0 0 0 0 0 0 0 0 0 0 0 0 0 0 0 0 0 0 0 0 0 0 0 0 0 0 0 0 0
0 0 0 0 0 0 2 0 0 0 2 4 33 10 0 5 24 0 3 9 0 0 0 10 5 1 0 0 0 0 0 1 0 0 5 2 19 5 1 0 0 0 7 0 0 0 0 0 0 0 0 0 0 0 0 0 0 0 0 0 0 0 0 0 69 28 12 0 0 0 0 0 0 0 0 0 0 0 0 0 0 0 0 0 0 0 0 0 0 0 0 0 0 0 0 0 0 0 0 0 0 0 0 0 0 0 0 0 0 0 0 0 0 0 0 0 0 0 0 0 0 0 0 0 0 0 0 0 0 0 0 0 0 0 0 0 0 0 0 0 0 0 0 0 0 0 0 0 0 0
2 28 5 0 0 0 0 0 0 0 0 0 2 0 0 0 1 0 0 3 8 40 30 12 0 0 0 0 0 2 0 0 0 0 1 0 28 1 0 1 0 0 0 0 0 0 0 0 0 0 0 0 0 0 0 0 0 0 0 0 0 0 0 0 1 0 0 0 0 0 0 0 0 0 0 0 0 0 0 0 0 0 0 0 0 0 0 0 0 0 0 0 0 0 0 0 0 0 0 0 0 0 0 0 0 0 0 0 0 0 0 0 0 0 0 0 0 0 0 0 0 0 0 0 0 0 0 0 0 0 0 0 0 0 0 0 0 0 0 0 0 0 0 0 0 0 0 0 0 0
15 5 7 0 0 1 0 0 0 0 0 0 3 0 0 0 5 1 0 0 0 24 15 13 6 1 0 0 5 11 5 0 0 0 0 0 1 0 0 1 2 53 0 0 0 0 0 0 0 0 0 0 0 0 0 0 0 0 0 0 0 0 0 0 0 0 0 0 0 0 0 0 0 0 0 0 0 0 0 0 0 0 0 0 0 0 0 0 0 3 0 0 0 0 0 0 0 0 0 0 0 0 0 0 0 0 0 0 0 0 0 0 0 0 0 0 0 0 0 0 0 0 0 0 0 0 0 0 0 0 0 0 0 0 0 0 0 0 0 0 0 0 0 0 0 0 0 0 0 0
0 0 0 1 0 0 0 0 0 0 0 1 2 0 0 0 0 0 0 6 0 3 2 9 4 6 2 4 1 0 0 0 0 0 1 0 0 0 0 0 0 0 0 0 0 0 0 0 0 0 0 0 0 0 0 0 0 0 0 0 0 0 0 0 0 0 0 0 0 0 0 0 0 0 0 0 0 0 0 0 0 0 0 0 0 0 0 0 0 0 0 0 0 0 0 0 0 0 0 0 0 0 0 0 0 0 0 0 0 0 0 0 0 0 0 0 0 0 0 0 0 0 0 0 0 0 0 0 0 0 0 0 0 0 0 0 0 0 0 0 0 0 0 0 0 0 0 0 0 0
0 0 0 0 0 0 0 0 0 0 0 0 0 0 0 0 0 0 0 1 0 0 0 2 3 6 1 3 15 1 0 0 0 3 6 0 0 0 0 0 0 0 0 0 0 0 0 0 0 0 0 0 0 0 0 0 0 0 0 0 0 0 0 0 0 0 0 0 0 0 0 0 0 0 0 0 0 0 0 0 0 0 0 0 0 0 0 0 0 0 0 0 0 0 0 0 0 0 0 0 0 0 0 0 0 0 0 0 0 0 0 0 0 0 0 0 0 0 0 0 0 0 0 0 0 0 0 0 0 0 0 0 0 0 0 0 0 0 0 0 0 0 0 0 0 0 0 0 0 0
0 0 0 0 0 0 0 0 0 0 0 0 0 0 0 0 0 0 0 0 0 1 0 0 0 0 1 5 109 31 3 2 12 14 4 0 0 0 0 0 0 0 0 0 0 0 0 0 0 0 0 0 0 0 0 0 0 0 0 0 0 0 0 0 0 0 0 0 0 0 0 0 0 0 0 0 0 0 0 0 0 0 0 0 0 0 0 0 0 0 0 0 0 0 0 0 0 0 0 0 0 0 0 0 0 0 0 0 0 0 0 0 0 0 0 0 0 0 0 0 0 0 0 0 0 0 0 0 0 0 0 0 0 0 0 0 0 0 0 0 0 0 0 0 0 0 0 0 0 0
0 0 0 0 0 0 0 0 0 0 0 0 0 0 0 0 0 0 0 0 0 0 0 0 0 2 3 1 0 0 7 0 3 9 0 0 2 0 0 0 0 0 0 0 0 0 0 0 0 0 0 0 0 0 0 0 0 0 0 0 0 0 0 0 0 0 0 0 0 0 0 0 0 0 0 0 0 0 0 0 0 0 0 0 0 0 0 0 0 0 0 0 0 0 0 0 0 0 0 0 0 0 0 0 0 0 0 0 0 0 0 0 0 0 0 0 0 0 0 0 0 0 0 0 0 0 0 0 0 0 0 0 0 0 0 0 0 0 0 0 0 0 0 0 0 0 0 0 0 0
0 0 0 0 0 0 0 0 0 0 0 0 0 0 0 0 0 0 0 0 0 0 0 0 132 0 5 0 0 0 16 2 2 1 0 2 0 0 0 0 0 0 0 0 0 0 0 0 0 0 0 0 0 0 0 0 0 0 0 0 0 0 0 0 0 0 0 0 0 0 0 0 0 0 0 0 0 0 0 0 0 0 0 0 0 0 0 0 0 0 0 0 0 0 0 0 0 0 0 0 0 0 0 0 0 0 0 0 0 0 0 0 0 0 0 0 0 0 0 0 0 0 0 0 0 0 0 0 0 0 0 0 0 0 0 0 0 0 0 0 0 0 0 0 0 0 0 0 0 0
0 0 0 0 0 0 0 0 0 0 0 1 0 1 0 0 0 0 0 0 0 0 0 0 0 0 0 0 0 0 0 0 5 0 0 0 0 0 0 0 0 0 0 0 0 0 0 0 0 0 0 0 0 0 0 0 0 0 0 0 0 0 0 0 0 0 0 0 0 0 0 0 0 0 0 0 0 0 0 0 0 0 0 0 0 0 0 0 0 0 0 0 0 0 0 0 0 0 0 0 0 0 0 0 0 0 0 0 0 0 0 0 0 0 0 0 0 0 0 0 0 0 0 0 0 0 0 0 0 0 0 0 0 0 0 0 0 0 0 0 0 0 0 0 0 0 0 0 0 0
0 0 0 0 0 0 0 0 0 0 1 4 1 0 0 0 0 0 0 0 0 0 0 0 0 0 0 15 3 4 0 0 0 0 0 0 0 0 0 0 0 0 0 0 0 0 0 0 0 0 0 0 0 0 0 0 0 0 0 0 0 0 0 0 0 0 0 0 0 0 0 0 0 0 0 0 0 0 0 0 0 0 0 0 0 0 0 0 0 0 0 0 0 0 0 0 0 0 0 0 0 0 0 0 0 0 0 0 0 0 0 0 0 0 0 0 0 0 0 0 0 0 0 0 0 0 0 0 0 0 0 0 0 0 0 0 0 0 0 0 0 0 0 0 0 0 0 0 0 0
0 0 0 0 0 0 0 0 0 0 1 0 0 0 0 0 0 0 0 0 0 0 0 0 0 0 0 3 17 0 0 0 1 2 0 0 0 0 0 0 0 0 0 0 0 0 0 0 0 0 0 0 0 0 0 0 0 0 0 0 0 0 0 0 0 0 0 0 0 0 0 0 0 0 0 0 0 0 0 0 0 0 0 0 0 0 0 0 0 0 0 0 0 0 0 0 0 0 0 0 0 0 0 0 0 0 0 0 0 0 0 0 0 0 0 0 0 0 0 0 0 0 0 0 0 0 0 0 0 0 0 0 0 0 0 0 0 0 0 0 0 0 0 0 0 0 0 0 0 0
0 0 0 0 0 0 0 0 0 0 9 0 0 1 0 0 0 0 0 0 0 0 0 0 0 0 0 0 0 0 0 0 2 0 0 0 0 0 0 0 0 0 0 0 0 0 0 0 0 0 0 0 0 0 0 0 0 0 0 0 0 0 0 0 0 0 0 0 0 0 0 0 0 0 0 0 0 0 0 0 0 0 0 0 0 0 0 0 0 0 0 0 0 0 0 0 0 0 0 0 0 0 0 0 0 0 0 0 0 0 0 0 0 0 0 0 0 0 0 0 0 0 0 0 0 0 0 0 0 0 0 0 0 0 0 0 0 0 0 0 0 0 0 0 0 0 0 0 0 0
0 0 0 0 0 0 0 0 3 2 0 0 0 0 0 0 0 0 0 0 0 0 0 0 0 0 0 0 0 0 0 0 0 0 0 0 0 0 0 0 0 0 0 0 0 0 0 0 0 0 0 0 0 0 0 0 0 0 0 0 0 0 0 0 0 0 0 0 0 0 0 0 0 0 0 0 0 0 0 0 0 0 0 0 0 0 0 0 0 0 0 0 0 0 0 0 0 0 0 0 0 0 0 0 0 0 0 0 0 0 0 0 0 0 0 0 0 0 0 0 0 0 0 0 0 0 0 0 0 0 0 0 0 0 0 0 0 0 0 0 0 0 0 0 0 0 0 0 0 0
0 0 0 0 0 0 0 0 0 0 3 0 0 0 0 0 0 0 0 0 0 0 0 0 0 0 0 0 0 0 0 0 0 0 0 0 0 0 0 0 0 0 0 0 0 0 0 0 0 0 0 14 0 0 0 0 0 0 0 0 0 0 0 0 0 0 0 0 0 0 0 0 0 0 0 0 0 0 0 0 0 0 0 0 0 0 0 0 0 0 0 0 0 0 0 0 0 0 0 0 0 0 0 0 0 0 0 0 0 0 0 0 0 0 0 0 0 0 0 0 0 0 0 0 0 0 0 0 0 0 0 0 0 0 0 0 0 0 0 0 0 0 0 0 0 0 0 0 0 0
0 0 0 0 0 0 0 0 5 13 0 0 0 0 0 0 0 0 0 0 0 0 0 0 0 0 0 0 0 0 0 0 0 0 0 0 0 0 0 0 0 0 0 0 0 0 0 0 0 0 0 0 0 0 0 0 0 0 0 0 0 0 0 0 0 0 0 0 0 0 0 0 0 0 0 0 0 0 0 0 0 0 0 0 0 0 0 0 0 0 0 0 0 0 0 0 0 0 0 0 0 0 0 0 0 0 0 0 0 0 0 0 0 0 0 0 0 0 0 0 0 0 0 0 0 0 0 0 0 0 0 0 0 0 0 0 0 0 0 0 0 0 0 0 0 0 0 0 0 0
0 0 0 0 1 0 12 2 1 1 0 0 0 0 0 0 0 0 0 0 0 0 0 0 0 0 0 0 0 0 0 0 0 0 0 0 0 0 0 0 0 0 0 0 0 0 0 0 1 32 31 0 0 0 0 0 0 0 0 0 0 0 0 0 0 0 0 0 0 0 0 0 0 0 0 0 0 0 0 0 0 0 0 0 0 0 0 0 0 0 0 0 0 0 0 0 0 0 0 0 0 0 0 0 0 0 0 0 0 0 0 0 0 0 0 0 0 0 0 0 0 0 0 0 0 0 0 0 0 0 0 0 0 0 0 0 0 0 0 0 0 0 0 0 0 0 0 0 0 0
0 0 0 0 0 0 1 19 0 0 0 0 0 0 0 0 0 0 0 0 0 0 0 0 0 0 0 0 0 0 0 0 0 0 0 0 0 0 0 0 0 0 0 0 0 0 0 0 3 0 0 1 0 0 0 0 0 0 0 0 0 0 0 0 0 0 0 0 0 0 0 0 0 0 0 0 0 0 0 0 0 0 0 0 0 0 0 0 0 0 0 0 0 0 0 0 0 0 0 0 0 0 0 0 0 0 0 0 0 0 0 0 0 0 0 0 0 0 0 0 0 0 0 0 0 0 0 0 0 0 0 0 0 0 0 0 0 0 0 0 0 0 0 0 0 0 0 0 0 0
0 0 0 0 0 0 0 0 0 0 0 0 0 0 0 0 0 0 0 0 0 0 0 0 0 0 0 0 0 0 0 0 0 0 0 0 0 0 0 0 0 0 0 0 0 0 0 0 0 0 0 0 3 7 0 0 0 0 0 0 0 0 0 0 0 0 0 0 0 0 0 0 0 0 0 0 0 0 0 0 0 0 0 0 0 0 0 0 0 0 0 0 0 0 0 0 0 0 0 0 0 0 0 0 0 0 0 0 0 0 0 0 0 0 0 0 0 0 0 0 0 0 0 0 0 0 0 0 0 0 0 0 0 0 0 0 0 0 0 0 0 0 0 0 0 0 0 0 0 0
0 0 0 0 0 0 0 0 0 0 0 0 0 0 0 0 0 0 0 0 0 0 0 0 0 0 0 0 0 0 0 0 0 0 0 0 0 0 0 0 0 0 0 0 0 0 0 0 0 0 0 0 2 0 0 0 0 0 0 0 0 0 0 0 0 0 0 0 0 0 0 0 0 0 0 0 0 0 0 0 0 0 0 0 0 0 0 0 0 0 0 0 0 0 0 0 0 0 0 0 0 0 0 0 0 0 0 0 0 0 0 0 0 0 0 0 0 0 0 0 0 0 0 0 0 0 0 0 0 0 0 0 0 0 0 0 0 0 0 0 0 0 0 0 0 0 0 0 0 0
0 0 0 0 0 0 0 0 0 0 0 0 0 0 0 0 0 0 0 0 0 0 0 0 0 0 0 0 0 0 0 0 0 0 0 0 0 0 0 0 0 0 0 0 0 0 0 0 0 0 0 0 0 0 0 0 0 0 0 0 0 0 0 0 0 0 0 0 0 0 0 0 0 0 0 0 0 0 0 0 0 0 0 0 0 0 0 0 0 0 0 0 0 0 0 0 0 0 0 0 0 0 0 0 0 0 0 0 0 0 0 0 0 0 0 0 0 0 0 0 0 0 0 0 0 0 0 0 0 0 0 0 0 0 0 0 0 0 0 0 0 0 0 0 0 0 0 0 0 0
0 0 0 0 0 0 0 0 0 0 0 0 0 0 0 0 0 0 0 0 0 0 0 0 0 0 0 0 0 0 0 0 0 0 0 0 0 0 0 0 0 0 0 0 0 0 0 0 0 0 0 0 2 0 0 0 0 0 0 0 0 0 0 0 0 0 0 0 0 0 0 0 0 0 0 0 0 0 0 0 0 0 0 0 0 0 0 0 0 0 0 0 0 0 0 0 0 0 0 0 0 0 0 0 0 0 0 0 0 0 0 0 0 0 0 0 0 0 0 0 0 0 0 0 0 0 0 0 0 0 0 0 0 0 0 0 0 0 0 0 0 0 0 0 0 0 0 0 0 0
0 0 0 0 0 0 0 0 0 0 0 0 0 0 0 0 0 0 0 0 0 0 0 0 0 0 0 0 0 0 3 2 0 0 5 0 0 0 0 0 0 0 0 0 0 0 0 0 0 0 0 0 0 0 0 0 0 0 0 0 0 0 0 0 0 0 0 0 0 0 0 0 0 0 0 0 0 0 0 0 0 0 0 0 0 0 0 0 0 0 0 0 0 0 0 0 0 0 0 0 0 0 0 0 0 0 0 0 0 0 0 0 0 0 0 0 0 0 0 0 0 0 0 0 0 0 0 0 0 0 0 0 0 0 0 0 0 0 0 0 0 0 0 0 0 0 0 0 0 0
0 0 0 0 0 0 0 0 0 0 0 0 0 0 0 0 0 0 0 0 0 0 0 0 0 0 0 0 0 0 2 15 2 0 0 0 0 0 0 0 0 0 0 0 0 0 0 0 0 0 0 0 0 0 0 0 0 0 0 0 0 0 0 0 0 0 0 0 0 0 0 0 0 0 0 0 0 0 0 0 0 0 0 0 0 0 0 0 0 0 0 0 0 0 0 0 0 0 0 0 0 0 0 0 0 0 0 0 0 0 0 0 0 0 0 0 0 0 0 0 0 0 0 0 0 0 0 0 0 0 0 0 0 0 0 0 0 0 0 0 0 0 0 0 0 0 0 0 0 0
0 0 0 0 0 0 0 0 0 0 0 0 0 0 0 0 0 0 0 0 0 0 0 0 0 0 0 0 0 0 0 12 0 0 0 0 0 0 0 0 0 0 0 0 0 0 0 0 0 0 0 0 0 0 0 0 0 0 0 0 0 0 0 0 0 0 0 0 0 0 0 0 0 0 0 0 0 0 0 0 0 0 0 0 0 0 0 0 0 0 0 0 0 0 0 0 0 0 0 0 0 0 0 0 0 0 0 0 0 0 0 0 0 0 0 0 0 0 0 0 0 0 0 0 0 0 0 0 0 0 0 0 0 0 0 0 0 0 0 0 0 0 0 0 0 0 0 0 0 0
0 0 0 0 0 0 0 0 0 0 0 0 0 0 0 0 0 0 0 0 0 0 0 0 0 0 2 1 0 4 0 0 0 0 0 0 0 0 0 0 0 0 0 0 0 0 0 0 0 0 0 0 0 0 0 0 0 0 0 0 0 0 0 0 0 0 0 0 0 0 0 0 0 0 0 0 0 0 0 0 0 0 0 0 0 0 0 0 0 0 0 0 0 0 0 0 0 0 0 0 0 0 0 0 0 0 0 0 0 0 0 0 0 0 0 0 0 0 0 0 0 0 0 0 0 0 0 0 0 0 0 0 0 0 0 0 0 0 0 0 0 0 0 0 0 0 0 0 0 0
0 0 0 0 0 0 0 0 0 0 0 0 0 0 0 0 0 0 0 0 0 0 0 0 0 0 0 0 0 33 24 0 0 0 0 0 0 0 0 0 0 0 0 0 0 0 0 0 0 0 0 0 0 0 0 0 0 0 0 0 0 0 0 0 0 0 0 0 0 0 0 0 0 0 0 0 0 0 0 0 0 0 0 0 0 0 0 0 0 0 0 0 0 0 0 0 0 0 0 0 0 0 0 0 0 0 0 0 0 0 0 0 0 0 0 0 0 0 0 0 0 0 0 0 0 0 0 0 0 0 0 0 0 0 0 0 0 0 0 0 0 0 0 0 0 0 0 0 0 0
0 0 0 0 0 0 0 0 0 0 0 0 0 0 0 0 0 0 0 0 0 0 0 0 0 0 4 0 0 0 0 0 0 0 0 0 0 0 0 0 0 0 0 0 0 0 0 0 0 54 0 0 0 0 0 0 0 0 0 0 0 0 0 0 0 0 0 0 0 0 0 0 0 0 0 0 0 0 0 0 0 0 0 0 0 0 0 0 0 0 0 0 0 0 0 0 0 0 0 0 0 0 0 0 0 0 0 0 0 0 0 0 0 0 0 0 0 0 0 0 0 0 0 0 0 0 0 0 0 0 0 0 0 0 0 0 0 0 0 0 0 0 0 0 0 0 0 0 0 0
0 0 0 0 0 0 0 0 0 0 0 0 0 0 0 0 0 0 0 0 0 0 0 0 0 0 4 0 0 0 0 0 0 0 0 0 0 0 0 0 0 0 0 0 0 0 0 0 5 0 0 0 0 0 0 0 0 0 0 0 0 0 0 0 0 0 0 0 0 0 0 0 0 0 0 0 0 0 0 0 0 0 0 0 0 0 0 0 0 0 0 0 0 0 0 0 0 0 0 0 0 0 0 0 0 0 0 0 0 0 0 0 0 0 0 0 0 0 0 0 0 0 0 0 0 0 0 0 0 0 0 0 0 0 0 0 0 0 0 0 0 0 0 0 0 0 0 0 0 0
0 0 0 0 0 0 0 0 0 0 0 0 0 0 0 0 0 0 0 0 0 0 0 0 0 0 0 4 5 0 0 0 0 0 0 0 0 0 0 0 0 0 0 0 0 0 0 0 0 0 0 0 0 0 0 0 0 0 0 0 0 0 0 0 0 0 0 0 0 0 0 0 0 0 0 0 0 0 0 0 0 0 0 0 0 0 0 0 0 0 0 0 0 0 0 0 0 0 0 0 0 0 0 0 0 0 0 0 0 0 0 0 0 0 0 0 0 0 0 0 0 0 0 0 0 0 0 0 0 0 0 0 0 0 0 0 0 0 0 0 0 0 0 0 0 0 0 0 0 0
0 0 0 0 0 0 0 0 0 0 0 0 0 0 0 0 0 0 0 0 0 0 0 0 0 0 0 0 0 0 0 0 0 0 0 0 0 0 0 0 0 0 0 0 0 0 0 0 0 0 0 0 0 0 0 0 0 0 0 0 0 0 0 0 0 0 0 0 0 0 0 0 0 0 0 0 0 0 0 0 0 0 0 0 0 0 0 0 0 0 0 0 0 0 0 0 0 0 0 0 0 0 0 0 0 0 0 0 0 0 0 0 0 0 0 0 0 0 0 0 0 0 0 0 0 0 0 0 0 0 0 0 0 0 0 0 0 0 0 0 0 0 0 0 0 0 0 0 0 0
0 0 0 0 0 0 0 0 0 0 0 0 0 0 0 0 0 0 0 0 0 0 0 0 0 0 0 0 0 0 0 0 0 0 0 0 0 0 0 0 0 0 0 0 0 0 0 0 0 0 0 0 0 0 0 0 0 0 0 0 0 0 0 0 0 0 0 0 0 0 0 0 0 0 0 0 0 0 0 0 0 0 0 0 0 0 0 0 0 0 0 0 0 0 0 0 0 0 0 0 0 0 0 0 0 0 0 0 0 0 0 0 0 0 0 0 0 0 0 0 0 0 0 0 0 0 0 0 0 0 0 0 0 0 0 0 0 0 0 0 0 0 0 0 0 0 0 0 0 0
0 0 0 0 0 0 0 0 0 0 0 0 0 0 0 0 0 0 0 0 0 0 0 0 0 0 0 0 0 0 0 0 0 0 0 0 0 0 0 0 0 0 0 0 0 0 0 0 0 0 0 0 0 0 0 0 0 0 0 0 0 0 0 0 0 0 0 0 0 0 0 0 0 0 0 0 0 0 0 0 0 0 0 0 0 0 0 0 0 0 0 0 0 0 0 0 0 0 0 0 0 0 0 0 0 0 0 0 0 0 0 0 0 0 0 0 0 0 0 0 0 0 0 0 0 0 0 0 0 0 0 0 0 0 0 0 0 0 0 0 0 0 0 0 0 0 0 0 0 0
0 0 0 0 0 0 0 0 0 0 0 0 0 0 0 0 0 0 0 0 0 0 0 0 0 0 0 0 0 0 0 0 0 0 0 0 0 0 0 0 0 0 0 0 0 0 0 0 0 0 0 0 0 0 0 0 0 0 0 0 0 0 0 0 0 0 0 0 0 0 0 0 0 0 0 0 0 0 0 0 0 0 0 0 0 0 0 0 0 0 0 0 0 0 0 0 0 0 0 0 0 0 0 0 0 0 0 0 0 0 0 0 0 0 0 0 0 0 0 0 0 0 0 0 0 0 0 0 0 0 0 0 0 0 0 0 0 0 0 0 0 0 0 0 0 0 0 0 0 0
0 0 0 0 0 0 0 0 0 0 0 0 0 0 0 0 0 0 0 0 0 0 0 0 0 0 0 0 0 0 0 0 0 0 0 0 0 0 0 0 0 0 0 0 0 0 0 0 0 0 0 0 0 0 0 0 0 0 0 0 0 0 0 0 0 0 0 0 0 0 0 0 0 0 0 0 0 0 0 0 0 0 0 0 0 0 0 0 0 0 0 0 0 0 0 0 0 0 0 0 0 0 0 0 0 0 0 0 0 0 0 0 0 0 0 0 0 0 0 0 0 0 0 0 0 0 0 0 0 0 0 0 0 0 0 0 0 0 0 0 0 0 0 0 0 0 0 0 0 0
