0 0 11 2 0 0 1 1 6 51 3 2 0 4 0 0 0 3 8 0 1 2 0 0 0 11 0 0 0 0 0 0 0 2 5 1 0 0 2 3 0 0 0 0 0 0 0 0 0 0 0 0 0 2 1 0 0 0 0 2 52 18 10 1 0 0 5 0 0 0 0 2 25 107 125 220 67 34 26 12 11 104 10 58 38 116 89 155 25 157 605 310 23 312 232 449 464 215 485 89 99 62 11 13 19 24 9 237 192 2 13 3 26 39 47 20 13 2 4 0 1 31 12 12 0 5 0 4 14 4 0 18 7 6 3 0 0 0 0 0 6 0 0 0 0 0 0 0 0 10
0 1 4 4 0 0 0 0 0 5 6 1 2 8 0 0 0 3 6 0 0 0 16 0 12 11 0 0 0 0 0 0 0 0 2 0 0 0 0 0 0 0 0 0 0 0 0 0 0 0 0 0 0 1 2 0 0 0 0 26 72 11 1 7 0 0 0 1 0 0 0 1 52 26 8 4 187 57 6 16 55 30 7 2 40 186 175 59 99 185 46 7 93 154 96 146 227 223 434 302 184 73 53 7 12 5 3 69 31 20 7 5 6 6 14 12 5 6 1 20 1 3 12 5 1 14 2 11 7 19 15 10 47 25 2 0 0 0 0 24 8 0 0 0 0 0 0 0 0 0
0 0 0 0 1 0 0 0 0 8 6 0 4 0 0 0 0 2 1 1 0 22 88 16 7 0 5 1 0 0 0 0 0 0 0 5 0 4 0 15 1 0 0 1 0 0 0 0 0 0 0 0 0 0 6 0 0 0 0 7 15 5 2 5 0 0 0 0 0 0 0 1 1 0 0 0 2 21 97 114 34 17 4 16 15 219 367 90 8 9 29 8 21 119 233 386 92 244 105 225 252 162 15 43 14 9 7 17 152 109 21 6 3 0 2 4 6 24 4 11 37 11 3 2 5 6 1 8 1 26 6 6 38 48 0 0 1 0 3 18 2 5 0 0 0 0 0 0 0 0
6 1 0 0 0 0 0 0 0 2 1 0 0 0 0 0 1 0 1 2 0 2 0 4 130 1 2 9 8 0 2 0 0 0 0 0 0 0 0 4 3 0 0 0 0 0 0 0 0 0 4 0 1 0 51 54 0 18 41 3 1 1 5 5 0 0 0 0 0 1 5 47 10 1 0 4 25 42 137 87 73 23 28 145 163 9 31 95 0 48 361 355 612 193 388 249 61 127 344 177 246 237 143 10 15 107 10 10 195 35 13 13 14 7 1 12 17 40 69 19 43 121 14 8 1 8 3 1 13 1 2 3 22 0 4 0 5 1 0 8 32 9 0 0 0 0 0 0 0 0
1 6 0 0 0 0 0 0 5 2 0 0 0 0 0 6 1 0 0 3 2 0 2 0 1 0 1 0 0 1 1 0 1 0 1 10 2 0 0 0 0 0 0 0 0 0 0 0 0 4 1 0 1 5 45 96 21 22 7 0 2 4 0 4 0 0 0 0 0 3 63 30 84 58 41 39 30 54 119 107 173 160 196 103 152 72 30 21 6 156 626 290 266 301 227 99 46 315 146 388 338 399 409 352 249 38 75 22 13 4 25 26 24 25 22 3 2 11 29 25 138 470 74 12 6 3 3 0 6 5 0 3 0 0 1 0 0 0 0 0 27 2 0 0 0 0 0 0 0 0
9 2 0 0 0 0 0 0 3 0 3 0 0 0 0 4 0 1 6 25 4 2 0 0 0 0 0 0 1 1 0 2 0 0 5 50 14 23 0 1 0 0 0 0 0 0 0 0 0 7 39 7 0 0 11 251 11 7 5 1 0 0 2 1 0 0 0 0 3 28 69 62 98 52 62 22 30 9 16 145 195 378 201 59 0 97 24 23 3 108 603 219 26 154 326 195 76 574 162 384 185 209 486 241 21 62 21 47 7 2 2 3 1 10 10 13 12 5 0 9 58 86 5 4 4 17 1 0 0 1 3 2 0 0 0 1 0 0 0 0 0 5 0 0 0 0 0 0 0 0
2 0 0 0 0 0 0 0 0 2 1 0 0 0 0 0 0 0 0 0 0 0 0 0 0 0 0 0 0 2 0 0 0 0 0 4 2 2 1 0 0 0 0 0 0 0 0 0 0 0 6 1 10 4 1 14 3 1 38 42 4 4 0 0 54 0 0 0 4 40 58 32 141 194 182 73 191 92 163 243 494 332 689 672 53 9 2 64 29 42 474 555 50 198 393 211 184 226 289 52 12 156 54 48 17 27 49 10 9 12 30 96 87 4 17 11 0 2 23 22 56 77 10 4 3 0 7 4 0 0 8 0 0 0 0 0 0 0 0 0 0 0 0 0 0 1 0 0 0 0
0 0 0 1 0 0 0 0 3 0 0 0 0 0 0 0 0 0 0 0 0 0 0 0 0 0 0 0 0 1 6 0 0 0 1 2 1 0 0 2 0 0 0 0 0 0 0 0 0 0 0 0 7 13 0 1 0 12 30 44 46 17 42 1 13 22 0 0 3 41 0 0 28 21 28 16 36 85 329 504 399 261 423 81 90 96 118 273 112 39 213 35 13 332 190 143 125 468 438 158 73 236 168 351 94 67 10 22 47 16 226 221 16 37 8 36 1 2 2 9 20 3 4 2 4 1 3 0 7 1 0 0 0 0 0 0 0 0 0 0 0 0 0 0 0 0 0 0 0 0
3 0 0 0 0 0 1 0 5 4 0 4 0 8 7 0 0 0 0 0 0 0 0 0 0 0 0 0 0 0 2 0 0 0 1 1 0 1 0 0 0 0 0 0 0 0 0 0 0 0 0 0 3 4 0 0 2 6 5 32 218 120 22 0 2 9 1 4 4 32 1 0 0 0 1 5 6 13 30 227 426 383 311 7 2 9 161 117 159 47 1 5 117 421 532 537 50 327 204 69 115 35 84 188 352 87 119 122 45 30 417 136 139 6 11 5 0 2 3 5 8 14 2 10 4 2 1 3 1 0 2 0 0 0 0 0 0 0 0 0 0 0 0 0 0 0 0 0 0 0
0 0 0 0 0 0 0 2 6 2 0 0 0 0 1 0 0 0 0 0 0 0 0 0 0 0 0 0 0 0 0 0 0 0 0 0 0 0 2 0 0 0 0 0 0 0 3 2 3 1 0 0 8 8 0 0 15 2 0 10 27 83 11 6 4 5 8 1 0 8 0 1 0 0 0 1 7 28 154 313 485 331 391 153 576 468 147 53 86 79 31 0 6 236 375 496 349 54 64 13 34 66 25 4 62 217 162 150 47 8 188 244 132 10 2 136 160 280 77 44 14 7 15 32 16 28 10 0 8 10 46 6 0 0 0 0 0 0 0 0 0 0 0 0 0 0 0 0 0 0
0 0 1 0 0 0 1 0 1 2 2 2 0 0 0 8 1 1 1 0 0 0 0 0 0 0 0 0 0 0 0 1 0 1 0 7 0 0 0 0 0 5 1 0 1 0 0 3 16 20 8 2 5 1 0 1 0 4 9 8 1 53 4 10 0 0 1 0 0 4 0 0 0 0 0 0 1 10 77 177 219 196 287 170 74 152 86 146 222 120 23 2 0 43 171 305 395 26 22 72 5 6 1 10 48 156 352 197 116 138 159 90 98 9 0 65 194 251 148 108 203 127 158 83 71 226 71 42 28 19 2 29 4 28 4 0 0 0 0 0 0 0 0 0 0 0 0 0 0 0
1 0 0 0 0 0 0 0 5 0 0 0 0 0 0 0 8 8 2 0 1 0 0 0 0 0 0 0 0 0 0 0 0 1 9 0 0 2 1 0 2 9 15 7 4 1 0 0 0 0 0 0 9 1 2 0 0 1 1 0 0 3 0 0 0 4 3 1 0 0 0 1 0 0 0 2 19 8 60 207 339 77 32 21 62 64 13 8 50 258 8 0 0 4 4 54 324 206 125 12 0 5 4 31 17 56 249 169 12 25 117 92 37 54 10 112 382 87 268 403 294 199 89 65 107 180 0 0 0 20 1 0 56 26 27 5 0 0 0 0 0 0 0 0 0 0 0 0 0 0
0 0 0 0 0 0 0 0 1 0 0 0 0 0 0 0 1 10 5 3 6 1 0 1 0 0 0 0 0 0 0 0 1 0 0 0 1 0 0 0 0 1 31 2 13 0 0 12 0 0 0 0 5 1 5 0 0 0 2 5 2 0 1 0 0 0 7 0 0 0 18 0 0 0 0 15 56 22 82 18 80 285 14 0 4 9 6 0 0 7 0 0 3 29 43 20 366 174 302 219 5 5 20 5 6 3 6 82 176 99 462 282 51 371 198 20 13 47 449 521 86 149 56 0 63 94 1 0 21 13 0 0 15 17 0 0 0 0 0 0 0 0 0 0 0 0 0 0 0 0
0 0 0 0 0 0 1 1 0 0 0 0 0 0 0 0 0 0 36 9 6 4 1 0 0 0 0 0 0 3 2 5 0 0 0 0 0 0 0 0 1 0 0 55 29 0 0 0 3 0 0 22 0 0 0 0 0 0 4 0 5 6 3 1 1 0 118 2 7 19 48 0 1 0 1 145 369 168 98 15 33 203 74 2 11 101 3 1 0 24 0 2 0 31 6 7 48 295 84 104 0 13 187 64 152 34 49 259 88 343 553 434 329 181 159 146 120 86 367 156 69 65 1 0 1 11 16 0 3 2 0 0 0 0 0 0 0 0 0 0 0 0 0 0 0 0 0 0 0 0
0 0 0 0 0 0 1 0 13 1 0 0 0 0 0 0 0 0 2 10 4 0 0 0 0 0 0 0 0 0 0 0 0 0 0 0 0 0 0 0 0 0 0 3 30 0 0 2 0 15 5 14 0 0 1 0 6 5 2 8 55 12 2 16 9 2 67 52 89 73 39 1 9 0 60 217 415 585 309 27 1 101 25 1 0 7 11 11 0 37 7 9 4 0 0 2 26 170 198 131 2 76 233 290 722 411 557 324 343 271 327 158 232 408 246 103 90 42 41 60 58 65 9 7 0 6 27 3 9 6 3 0 0 0 0 0 0 0 0 0 0 0 0 0 0 0 0 0 0 0
0 0 0 0 0 0 0 13 205 4 1 0 0 0 0 0 0 0 0 10 0 13 9 2 1 0 0 0 0 2 0 0 0 0 0 0 0 0 0 0 0 0 0 1 4 14 0 0 0 18 33 65 2 0 0 19 19 52 1 32 19 6 5 31 17 18 121 46 45 109 139 21 93 82 323 469 709 490 153 0 0 0 0 0 0 0 10 50 6 27 2 5 0 0 0 17 20 27 9 8 6 1 492 308 222 311 426 125 312 316 485 231 260 184 184 51 25 95 66 59 12 4 56 191 35 32 2 3 6 4 1 0 0 0 19 0 0 0 0 0 0 0 0 0 0 0 0 0 0 0
0 0 0 0 0 0 1 1 0 0 0 0 11 0 0 0 8 6 0 2 0 0 11 26 7 5 1 0 0 1 0 0 0 0 0 0 0 0 0 0 2 0 0 1 0 7 0 2 2 5 15 0 3 6 7 35 39 101 45 28 2 0 0 0 0 1 0 0 0 0 0 0 40 21 155 170 535 112 61 0 0 0 3 0 0 0 0 16 53 7 0 0 7 0 1 8 26 0 2 45 10 104 342 400 277 87 236 69 276 257 405 220 311 113 133 39 14 57 59 8 0 4 13 17 10 154 0 9 3 0 0 0 0 0 0 0 0 0 0 0 0 0 0 0 0 0 0 0 0 0
0 0 0 1 0 0 0 1 0 0 0 1 0 0 0 0 0 2 1 0 0 3 0 0 3 1 13 16 1 1 0 0 0 0 0 0 0 0 0 0 0 0 5 0 1 9 61 3 1 20 25 15 3 38 17 14 23 51 205 8 4 6 0 0 0 3 17 45 3 17 30 6 66 9 38 37 11 89 5 6 0 0 4 0 1 0 0 8 39 0 0 25 51 43 12 3 0 0 38 212 78 69 48 61 68 226 63 86 168 173 71 50 28 63 62 9 55 58 13 5 0 0 1 10 92 288 165 27 0 5 0 0 0 0 0 0 0 0 0 0 0 0 0 0 0 0 0 0 0 1
0 0 0 3 0 3 0 0 0 0 0 0 0 0 0 0 2 0 0 10 2 2 2 0 5 0 49 29 7 0 0 0 0 0 1 15 0 0 0 0 0 0 0 3 21 14 8 3 8 189 43 9 7 13 10 33 123 51 24 13 44 9 2 0 1 0 2 1 2 16 19 11 30 15 1 28 29 18 16 18 6 0 7 11 0 7 12 12 1 0 1 29 76 144 13 0 0 10 111 13 44 116 26 8 43 73 67 209 155 0 1 41 1 234 25 0 2 0 0 0 0 0 4 2 24 99 133 176 1 1 0 0 0 0 0 0 0 0 0 0 0 0 0 0 0 0 0 0 0 0
0 0 0 0 1 0 0 0 0 0 0 0 0 0 0 0 0 0 0 1 2 4 54 3 1 2 8 17 98 0 0 1 3 0 0 0 0 0 0 0 0 0 1 20 3 51 44 17 2 64 25 6 0 1 50 10 11 52 5 0 0 3 0 0 0 46 0 1 4 8 40 31 10 0 1 31 10 0 5 1 1 0 0 0 0 33 17 2 15 2 1 17 11 2 0 7 0 5 10 1 309 512 333 77 48 87 103 243 90 2 1 1 1 102 7 0 0 0 0 0 0 0 0 0 15 1 3 78 13 0 0 0 0 0 0 0 0 0 0 0 0 0 0 0 0 0 0 0 0 0
0 0 0 0 1 0 0 0 0 0 0 0 0 4 0 0 0 0 2 4 4 5 8 2 0 9 1 5 0 3 1 6 3 0 0 0 0 0 0 4 16 1 21 5 2 6 25 15 37 109 145 71 7 29 11 71 9 0 2 0 1 5 15 3 166 47 1 0 2 3 37 7 1 0 9 41 130 102 7 9 8 2 3 2 0 0 1 4 16 5 2 1 0 1 0 0 0 0 177 209 654 440 195 83 2 8 43 33 1 0 0 0 0 6 0 0 0 0 0 0 0 0 4 0 0 0 8 23 0 0 0 0 0 0 0 0 0 0 0 0 0 0 0 0 0 0 0 0 0 0
0 0 0 0 0 0 0 0 0 0 0 0 0 3 1 0 0 0 0 0 1 1 5 2 1 3 0 0 0 0 9 85 15 17 13 0 0 1 0 0 25 2 0 0 1 0 1 15 128 355 170 104 14 0 0 0 0 7 0 0 3 0 0 0 8 8 14 3 4 35 16 6 22 0 0 13 67 41 23 40 11 10 4 13 21 1 5 3 99 30 17 5 0 4 1 6 9 0 50 177 75 30 11 0 14 5 40 48 4 0 0 0 6 25 0 0 0 0 0 0 0 0 0 0 0 23 13 0 0 2 1 0 0 0 0 0 0 0 0 0 0 0 0 0 0 0 0 0 0 0
0 0 0 0 0 0 0 0 0 0 0 0 0 0 1 0 1 0 0 0 0 1 1 3 5 0 0 0 0 0 0 4 14 8 2 1 6 65 4 12 1 0 0 0 0 0 7 25 16 176 148 44 4 0 0 0 1 3 7 11 2 0 0 0 2 0 24 2 0 4 17 22 17 0 0 0 7 1 10 29 1 26 18 0 0 4 8 0 0 0 1 2 1 1 1 0 7 0 1 0 2 2 2 27 16 52 76 38 43 50 39 6 36 0 0 0 0 0 0 0 0 0 0 7 13 39 74 0 0 0 0 0 0 0 0 0 0 0 0 0 0 0 0 0 0 0 0 0 0 0
0 0 0 0 0 0 0 0 0 0 0 0 0 0 2 0 1 7 0 0 1 1 0 2 0 0 0 0 0 1 0 3 7 4 0 3 4 16 1 0 0 0 0 0 1 50 18 29 2 88 63 8 0 0 2 3 7 19 0 0 0 0 0 0 0 0 0 0 0 0 0 3 88 47 3 2 0 0 0 13 0 6 44 72 4 0 2 1 0 0 0 3 0 0 0 0 0 0 3 1 3 1 3 43 17 15 9 1 1 29 2 107 16 0 0 0 0 0 0 0 0 0 0 9 6 0 49 62 0 0 0 0 0 0 0 0 0 0 0 0 0 0 0 0 0 0 0 0 0 0
1 0 0 0 0 0 0 0 0 0 0 0 0 7 0 0 0 1 0 0 0 0 0 0 0 0 1 0 0 0 0 0 4 0 14 0 1 69 0 0 0 0 0 7 8 16 27 0 4 13 44 26 13 21 17 3 0 2 1 0 0 0 0 0 2 0 0 8 12 3 0 3 5 3 22 5 0 0 0 0 0 0 7 31 14 4 0 0 0 0 1 3 0 0 0 0 7 0 0 10 5 3 2 12 219 0 0 0 0 0 0 2 0 0 0 0 0 0 0 0 0 0 0 0 0 20 25 8 0 0 1 0 0 0 0 0 0 0 0 0 0 0 0 0 0 0 0 0 0 0
0 0 0 0 0 0 0 0 0 0 0 0 0 0 6 0 0 0 2 0 0 0 0 1 0 0 0 5 0 0 0 0 0 9 18 1 0 11 0 0 0 0 0 0 44 9 0 1 16 1 43 5 0 0 0 0 5 0 0 0 3 0 0 0 13 3 0 0 3 1 0 28 0 2 0 2 7 1 0 0 3 0 1 0 0 11 2 6 0 4 0 2 4 0 5 1 0 4 0 9 8 8 7 60 86 152 0 0 0 0 0 1 0 1 4 0 0 0 0 0 0 0 0 0 0 27 9 92 10 0 0 0 0 0 0 0 20 5 0 0 0 0 0 0 0 0 0 0 0 0
0 0 0 0 0 0 0 0 0 0 2 0 0 0 0 0 0 3 0 0 1 2 2 0 0 0 0 7 0 0 0 1 0 3 8 1 0 0 1 0 6 1 0 5 57 7 2 1 1 4 7 4 2 1 2 1 0 4 0 0 0 0 0 0 8 0 0 1 1 2 9 5 1 1 0 0 8 0 0 0 0 0 13 2 0 14 21 9 4 2 4 1 0 0 1 5 0 0 0 0 7 11 2 1 25 186 40 1 0 0 0 0 0 4 6 1 1 0 4 2 0 0 0 0 5 88 3 12 0 0 0 0 0 0 0 0 1 14 0 0 0 0 0 0 0 0 0 0 0 0
0 0 0 0 0 0 0 0 0 0 0 0 0 4 3 2 9 26 17 1 2 7 10 0 0 0 0 0 0 1 3 0 0 15 5 0 1 14 5 7 17 11 12 57 174 11 0 0 8 2 0 26 17 3 1 0 0 0 0 0 0 0 1 0 0 0 0 0 7 24 48 13 3 3 1 1 3 6 1 0 0 0 0 0 0 0 0 5 5 0 2 0 2 0 2 0 0 0 0 0 0 8 24 5 6 385 293 18 0 0 0 0 0 0 0 1 4 85 46 0 0 0 0 36 51 28 36 62 74 9 0 0 0 0 0 0 5 0 0 0 0 0 0 0 0 0 0 0 0 0
0 0 0 0 0 0 0 0 0 3 0 1 35 3 2 2 22 32 0 7 0 4 1 1 0 0 1 1 4 2 0 3 4 0 0 15 2 11 29 71 118 513 144 127 56 6 0 2 1 0 1 2 24 7 0 0 0 0 0 0 0 0 0 0 0 0 0 0 0 3 12 29 11 0 10 7 0 13 0 0 0 3 6 0 7 0 0 0 14 6 2 1 1 6 4 17 2 0 0 0 0 15 11 13 147 202 129 158 2 0 0 0 0 0 0 1 71 37 13 0 0 0 5 89 121 79 349 262 17 12 0 0 0 6 0 12 0 0 0 0 0 0 0 0 0 0 0 0 0 0
0 0 0 0 0 0 0 1 0 2 10 20 21 0 0 3 5 2 0 0 5 1 7 13 1 2 0 0 0 0 2 0 1 2 13 15 2 3 27 91 341 374 255 312 20 2 0 1 2 2 5 0 25 72 2 3 0 0 0 0 0 0 0 0 0 0 0 0 0 0 0 1 1 0 0 0 0 7 25 0 0 0 0 0 9 0 0 0 0 3 0 1 6 18 3 21 0 1 0 1 0 0 8 2 8 41 0 69 10 0 0 0 0 0 144 22 353 178 36 76 6 5 1 41 86 14 240 261 142 92 17 21 18 53 3 0 0 0 0 0 0 0 0 0 0 0 0 0 0 0
0 0 0 0 0 0 0 0 1 4 0 4 2 0 0 2 0 0 4 3 0 6 60 62 0 0 0 0 0 4 4 5 0 4 4 12 11 11 24 61 237 136 234 104 21 8 3 1 4 4 1 1 5 4 0 4 3 0 0 0 0 0 0 0 0 0 0 0 3 0 0 1 0 0 0 3 0 13 4 1 1 101 4 0 14 0 0 0 22 8 11 0 0 7 0 0 2 0 0 1 0 1 1 9 1 1 0 1 6 2 1 0 1 0 19 546 202 162 67 67 41 34 44 3 0 5 42 83 2 57 16 98 219 21 37 1 0 0 0 0 0 0 0 0 0 0 0 0 0 0
0 0 0 0 0 0 0 1 0 2 6 3 1 0 0 10 0 1 5 6 149 119 3 0 0 0 0 1 3 14 0 0 4 26 7 3 0 0 0 54 232 190 197 84 37 8 3 0 4 8 0 1 3 3 3 3 2 0 0 0 0 0 0 0 0 0 0 0 0 1 0 0 0 0 0 0 0 5 1 0 4 50 14 95 54 0 0 0 0 0 0 0 3 3 0 1 3 2 0 0 2 0 0 0 1 3 19 20 135 74 167 224 78 53 196 322 209 107 46 209 43 75 5 1 31 61 34 49 0 0 23 111 111 11 58 0 0 0 0 0 0 0 0 0 0 0 0 0 0 0
0 0 2 0 0 0 0 7 0 0 1 3 3 4 0 3 1 3 1 7 32 0 0 0 0 0 0 2 0 11 2 11 2 5 2 37 4 1 5 10 18 80 35 9 2 0 0 0 0 3 0 6 19 1 0 1 2 1 1 1 0 0 0 0 0 0 0 0 0 0 0 0 0 0 0 4 0 31 14 0 1 2 7 7 0 0 0 0 1 1 5 0 0 5 5 1 1 0 0 0 4 0 0 0 0 3 10 9 103 59 76 60 12 135 1494 296 111 127 36 219 58 6 0 34 0 23 25 0 0 0 29 83 0 0 2 0 0 0 0 0 0 0 0 0 0 0 0 0 0 0
0 0 0 0 0 5 7 5 6 0 0 0 0 5 8 2 5 2 22 11 20 0 0 0 0 0 0 0 1 4 35 2 16 0 6 0 1 3 4 0 4 7 2 0 2 1 0 0 1 3 0 4 130 6 70 4 18 1 0 0 0 0 0 0 0 0 0 0 0 0 0 0 0 0 0 0 0 4 2 2 0 2 2 0 0 0 0 0 1 0 0 0 4 8 2 1 1 3 0 1 3 0 0 0 0 0 4 46 12 3 0 10 102 90 134 267 73 171 48 130 149 1 0 0 0 0 0 0 0 0 1 36 4 0 0 0 0 0 0 0 0 0 0 0 0 0 0 0 0 0
0 0 0 0 0 0 2 7 2 4 2 0 2 2 4 5 22 4 2 0 1 5 11 0 0 2 0 5 18 3 19 19 3 2 2 1 0 7 1 0 8 6 1 1 0 0 0 0 0 0 0 21 70 27 0 5 3 0 0 0 0 0 0 0 0 0 0 0 0 0 0 0 0 0 0 0 14 6 4 2 0 0 0 0 0 0 0 0 7 0 16 1 9 24 4 2 1 1 0 21 1 0 0 0 0 0 3 38 390 7 0 0 0 0 0 0 2 9 201 460 43 0 0 0 0 0 0 0 0 0 0 0 27 0 0 0 0 0 0 0 0 0 0 0 0 0 0 0 0 0
1 0 0 1 0 1 3 23 5 4 3 3 0 0 3 84 20 15 17 15 1 0 1 1 0 0 0 10 3 6 9 7 3 3 0 2 1 0 0 4 4 6 0 2 1 0 0 0 0 0 0 19 0 21 12 1 3 0 0 0 0 0 0 0 0 0 0 0 0 0 0 0 0 0 0 0 4 8 3 0 0 0 0 0 0 0 0 0 20 0 7 0 1 23 0 0 0 1 8 5 0 0 17 1 1 11 24 15 80 0 0 0 0 0 3 1 0 1 53 138 219 97 0 0 0 42 0 0 0 60 288 8 22 4 0 0 0 0 0 0 0 0 0 0 0 0 0 0 0 0
0 0 0 0 0 2 3 0 0 1 7 1 4 1 10 19 17 11 6 2 0 2 2 3 0 5 0 0 0 1 0 0 0 3 10 1 0 0 0 17 0 7 3 0 0 0 0 1 0 0 2 13 12 24 18 10 0 0 0 2 0 0 0 0 0 0 0 0 0 0 0 0 0 1 0 0 0 23 64 2 0 4 0 0 0 0 0 38 11 0 5 1 9 1 4 3 0 4 1 2 11 7 11 6 5 4 34 15 36 5 0 0 0 16 17 42 93 214 38 141 271 65 0 3 183 37 0 0 0 76 82 0 0 0 0 0 0 0 0 0 0 0 0 0 0 0 0 0 0 0
0 0 0 0 0 0 2 1 0 2 5 54 3 5 0 1 8 50 1 0 0 0 0 10 6 0 5 0 13 1 0 0 0 0 0 0 0 1 8 0 0 8 22 4 4 3 0 1 0 0 0 27 10 1 0 3 0 0 3 0 0 0 0 0 0 0 0 0 0 0 0 0 0 0 0 1 0 21 9 5 1 0 0 0 0 0 1 14 2 0 1 0 3 2 0 0 0 0 3 4 0 0 4 2 13 0 6 59 27 5 0 0 0 0 84 266 428 273 53 39 44 130 38 214 102 0 0 0 15 276 67 0 0 0 0 0 0 0 0 0 0 0 0 0 0 0 0 0 0 0
0 0 2 0 0 1 2 0 1 0 10 19 1 1 2 0 0 0 0 7 0 0 0 0 1 8 1 0 2 1 0 0 0 0 0 0 0 2 10 2 0 0 0 0 0 1 0 0 0 2 4 39 1 1 1 0 0 0 2 0 0 0 0 0 0 0 0 0 0 0 0 0 0 0 0 0 2 10 75 12 5 5 6 2 0 0 2 0 0 0 0 0 0 9 2 0 0 0 0 5 0 5 1 9 3 0 1 3 32 2 0 1 22 21 25 15 13 54 198 182 13 193 329 288 203 131 90 66 316 676 284 25 2 0 0 0 0 0 0 0 0 0 0 0 1 0 0 0 0 0
0 0 1 0 0 1 1 0 1 1 14 7 0 9 14 3 0 3 0 0 0 0 0 0 0 6 12 0 0 0 0 2 6 0 0 0 0 0 1 15 0 3 0 1 0 0 2 11 5 4 7 208 17 5 0 3 0 1 1 0 0 0 0 0 0 0 0 0 0 0 0 0 0 0 0 0 5 22 40 2 1 22 17 0 0 0 0 0 2 3 0 2 2 15 7 20 6 0 0 8 10 0 1 1 7 2 2 0 77 41 2 7 40 5 0 2 2 151 118 296 269 450 382 328 709 386 313 270 379 612 204 3 0 0 0 0 0 0 0 0 0 0 0 0 0 0 0 0 0 0
0 0 0 0 2 1 0 1 3 4 1 1 0 0 6 7 1 2 0 0 0 0 0 0 7 19 4 0 2 0 0 3 0 0 3 2 3 1 3 0 1 0 2 0 0 0 2 0 1 17 330 315 7 48 4 4 0 2 0 0 1 0 0 0 0 0 0 0 0 0 0 0 0 0 0 0 1 0 4 0 0 1 0 0 0 0 0 0 6 0 0 3 3 0 0 10 0 0 2 3 13 4 3 0 17 12 24 23 3 4 10 2 1 9 4 3 5 26 267 772 820 360 212 918 878 351 216 329 183 7 42 22 0 0 0 0 0 0 0 0 0 0 0 0 0 0 0 0 0 0
0 8 0 0 0 0 0 0 10 2 0 1 2 2 3 0 2 0 2 0 0 0 0 3 1 4 0 1 0 0 0 17 15 1 0 1 2 0 2 0 0 0 0 0 0 0 0 0 1 65 341 233 246 278 34 20 1 2 3 3 0 0 0 0 0 0 0 0 0 0 0 0 0 0 0 0 0 0 0 13 0 0 1 0 0 0 0 23 59 0 0 7 6 0 0 0 0 0 1 3 4 2 3 7 10 84 246 13 0 0 2 2 0 3 2 4 8 2 70 302 174 337 232 1635 843 327 141 143 3 223 281 282 0 0 0 0 0 0 0 0 0 0 0 0 0 0 0 0 0 0
1 0 2 17 2 4 7 2 5 2 6 28 0 0 0 0 0 0 0 0 0 0 0 0 0 0 1 0 0 0 0 12 4 2 0 1 3 0 0 0 0 0 0 0 0 1 1 1 0 1 194 198 256 238 34 27 1 0 1 1 3 0 0 0 0 0 0 0 0 0 0 0 0 0 0 0 0 0 0 35 0 2 1 0 0 0 0 26 27 3 4 11 66 0 0 0 1 0 0 0 0 34 7 191 6 8 3 10 0 0 0 0 2 1 1 10 2 4 5 35 143 225 212 579 417 507 180 262 132 282 181 114 0 0 0 0 0 0 0 0 0 0 0 0 0 0 0 0 0 0
1 1 0 6 0 1 6 7 1 0 4 5 0 0 0 0 0 0 0 0 0 0 2 0 0 0 0 0 0 0 0 0 0 0 0 1 0 1 0 0 0 0 0 0 0 0 4 0 1 1 9 61 142 11 6 19 4 0 5 1 0 0 0 0 0 2 0 0 0 0 0 0 0 0 0 0 0 0 4 0 0 1 0 0 0 0 31 41 18 3 3 109 83 14 26 0 0 0 0 8 16 3 18 80 19 0 4 0 18 10 0 0 2 26 1 1 0 8 35 23 92 442 296 164 111 324 338 592 81 97 42 52 0 0 0 0 0 0 0 0 0 0 0 0 0 0 0 0 0 0
2 2 6 0 5 0 9 24 9 6 1 2 0 0 0 0 0 0 0 1 0 0 0 0 0 0 0 0 4 0 0 0 0 0 0 0 0 0 1 1 0 0 0 0 0 1 0 0 1 6 0 14 61 14 12 1 0 27 39 1 0 0 0 0 0 0 0 0 0 0 0 0 0 0 0 0 0 0 0 0 0 1 3 13 18 11 0 0 8 21 104 75 69 1 2 0 0 0 28 16 25 158 114 148 188 18 8 4 4 5 0 0 0 0 4 2 2 25 14 247 171 395 1246 798 483 137 783 790 948 0 0 0 0 0 0 0 0 0 0 0 0 0 0 0 0 0 0 2 0 0
2 4 4 0 7 4 6 13 10 4 0 1 1 1 0 0 0 0 0 0 0 0 0 0 0 0 1 0 5 0 0 0 3 0 0 0 0 0 0 0 2 2 0 0 0 1 0 0 1 13 0 1 38 11 8 1 0 4 64 20 5 2 0 0 0 0 0 0 0 0 0 0 0 0 0 0 0 0 0 0 1 7 3 1 1 1 4 6 4 19 65 72 56 5 35 5 1 1 0 3 257 190 252 132 163 13 0 3 1 5 7 2 0 0 3 1 3 298 179 353 284 12 16 128 371 309 279 320 173 4 252 1 0 0 0 0 0 0 0 0 0 0 0 0 0 0 0 0 0 0
6 3 43 0 19 47 30 2 0 4 0 2 1 2 0 1 1 0 0 2 2 0 0 0 0 0 0 0 0 0 0 0 1 0 0 0 0 0 0 0 2 1 0 1 0 0 0 0 2 1 0 2 9 1 2 4 0 0 2 27 0 0 0 0 0 0 0 0 0 0 0 0 0 0 0 0 0 0 0 0 23 34 0 2 13 1 77 6 0 1 1 3 8 2 0 0 0 0 0 3 8 48 310 183 47 92 7 4 0 4 12 0 1 0 0 18 167 350 87 13 0 0 0 0 44 281 61 209 232 7 14 20 0 0 0 0 0 0 0 0 0 0 0 0 0 0 0 0 0 0
2 42 46 53 202 174 67 25 4 0 0 0 1 0 7 0 1 0 2 0 1 10 0 0 0 0 0 0 0 0 0 0 0 0 0 0 0 0 0 0 0 0 0 3 4 6 0 10 2 0 0 11 6 0 0 2 0 0 15 5 0 6 0 0 0 0 0 0 0 0 0 0 0 0 0 0 0 0 1 9 4 1 0 0 12 14 21 115 36 0 0 0 0 0 0 0 0 0 0 0 0 101 353 51 77 84 0 0 0 11 10 2 0 0 5 40 75 2 22 48 0 0 0 0 5 231 122 259 164 5 37 2 0 0 0 0 0 0 0 0 0 0 0 0 0 0 0 0 0 0
2 38 165 348 167 162 104 40 0 0 1 3 4 0 0 0 2 3 1 0 1 2 0 0 2 0 0 0 1 0 0 0 0 0 0 0 0 0 2 2 3 1 1 1 5 0 0 4 8 0 0 0 16 0 1 0 1 1 1 0 0 2 0 0 0 0 0 0 0 0 0 0 0 0 0 0 0 5 0 0 0 0 0 0 0 0 43 9 0 0 2 0 0 0 1 1 0 0 0 0 10 29 5 9 53 84 0 0 0 5 2 14 1 4 4 2 24 6 3 21 11 73 9 0 19 54 47 81 15 0 0 0 0 0 0 0 0 0 0 0 0 0 0 0 0 0 0 0 0 0
0 3 168 122 57 194 21 23 1 4 0 1 0 0 0 0 0 2 2 3 8 2 0 0 0 0 0 0 1 1 0 0 0 0 0 0 0 0 0 0 0 0 0 1 0 0 0 3 0 5 0 0 0 1 0 1 0 0 0 0 0 0 0 0 0 0 0 0 0 0 0 0 0 0 0 0 1 0 0 0 0 0 0 0 0 0 57 22 3 6 22 1 0 0 3 6 0 0 0 351 388 83 129 102 0 83 26 1 2 1 1 6 2 1 0 0 0 0 36 42 73 16 135 278 75 23 0 0 0 0 0 0 0 0 0 0 0 0 0 0 0 0 0 0 0 0 0 0 0 0
5 13 9 25 50 22 1 5 1 6 6 1 1 0 0 0 0 0 0 0 2 35 0 0 0 0 0 0 0 1 0 0 0 0 1 0 0 0 0 0 0 0 0 0 0 10 2 2 0 1 0 0 0 0 1 7 1 0 0 0 0 0 0 0 0 0 0 0 0 0 0 0 0 0 0 0 7 2 0 0 0 0 0 0 0 1 7 1 0 8 23 0 0 0 20 61 69 8 163 809 165 320 64 13 1 17 23 287 0 6 11 2 0 0 0 0 1 0 13 29 37 24 6 23 10 32 16 4 64 16 4 0 0 0 0 0 0 0 0 0 0 0 0 0 0 0 0 0 0 0
23 7 14 7 1 0 1 0 0 0 0 0 0 1 0 0 0 0 0 2 1 4 9 1 0 0 0 0 0 0 0 0 0 2 2 0 0 0 0 0 0 0 0 2 0 6 3 1 2 0 0 0 1 1 41 6 4 0 0 0 0 0 0 0 0 0 0 0 0 0 0 0 0 0 11 18 0 0 0 0 0 0 0 0 0 0 5 0 0 0 67 10 3 0 77 170 33 3 61 76 17 4 13 1 2 0 0 102 256 61 0 0 1 0 6 0 0 1 2 0 23 0 0 1 3 57 63 26 257 30 12 0 0 0 0 0 0 0 0 0 0 0 0 0 0 0 0 0 0 0
5 4 2 0 0 0 4 0 0 0 0 0 0 0 0 0 0 0 0 0 0 0 0 0 0 0 2 1 1 1 4 16 1 0 0 0 0 0 0 0 1 0 0 0 0 0 0 0 0 0 1 0 6 1 8 1 0 0 0 0 0 0 0 0 0 0 0 0 0 0 0 0 0 0 9 4 0 0 0 0 0 0 0 0 0 0 28 38 77 39 35 16 7 18 2 38 10 12 0 0 3 1 0 2 0 1 77 221 86 19 1 0 0 0 0 0 0 2 0 0 0 11 9 80 23 175 74 93 34 79 11 0 0 0 0 0 0 0 0 0 0 0 0 0 0 0 0 0 0 0
1 0 0 0 1 0 0 0 0 0 0 0 0 0 0 0 0 0 0 0 3 0 0 0 0 0 0 0 2 0 0 1 0 0 0 0 0 0 0 0 0 1 0 0 0 2 0 0 0 0 0 0 3 65 8 4 0 0 0 0 0 0 0 0 0 0 0 0 0 0 0 2 4 0 1 0 0 0 0 0 0 0 0 0 0 0 3 0 84 5 0 0 0 1 0 21 0 0 4 0 0 3 0 1 1 131 383 186 105 67 0 0 0 0 0 0 0 0 41 15 0 14 0 5 1 9 27 28 4 7 0 2 0 0 0 0 0 0 0 0 0 0 0 0 0 0 0 0 0 0
1 0 0 0 0 0 0 0 0 0 0 0 0 0 0 0 0 0 0 0 0 0 0 11 0 0 0 1 0 1 0 0 0 0 0 0 0 0 0 0 0 0 0 0 0 0 0 0 0 0 6 2 8 40 2 1 1 0 0 0 0 0 0 0 0 0 0 0 0 0 3 0 1 1 0 0 0 0 0 0 0 0 0 0 0 0 4 0 0 0 0 0 12 18 1 0 0 0 3 0 30 5 1 0 13 36 62 1 62 96 0 0 0 0 0 0 0 0 4 1 0 7 4 58 113 11 95 8 11 21 3 0 0 0 0 0 0 0 0 0 0 0 0 0 0 0 0 0 0 0
0 0 0 0 2 44 0 0 0 0 0 0 0 0 0 0 1 0 0 0 0 0 0 0 0 0 0 0 0 0 0 0 0 0 3 0 0 0 0 0 0 0 1 2 0 0 0 0 0 0 2 0 1 0 2 1 1 3 0 0 0 0 0 0 0 0 0 0 2 2 0 0 0 1 0 0 0 0 0 0 0 0 0 0 0 0 0 0 2 0 0 17 89 4 0 0 0 0 0 2 3 11 16 11 27 7 0 8 1 13 4 0 0 0 0 0 0 0 0 0 0 2 0 19 0 0 0 79 1 1 0 0 0 0 0 0 0 0 0 0 0 0 0 0 0 0 0 0 0 0
1 0 0 0 41 26 0 0 0 0 0 0 0 0 1 0 0 0 0 0 0 0 0 0 0 0 0 0 1 0 0 0 0 0 0 0 0 0 0 2 0 0 0 0 3 3 0 0 0 3 0 0 1 7 1 4 1 1 0 0 0 0 0 0 0 0 0 0 5 0 0 0 0 0 0 0 0 0 0 0 0 0 0 0 0 0 0 0 27 33 85 131 57 4 0 0 0 0 0 27 10 319 213 14 2 11 10 0 0 4 6 0 0 0 0 0 0 0 0 0 0 0 0 0 0 1 28 26 0 0 0 0 0 0 0 0 0 0 0 0 0 0 0 0 0 0 0 0 0 0
0 0 0 0 0 0 0 0 0 0 0 0 0 1 0 0 1 0 0 0 0 0 0 0 0 0 0 0 0 2 0 0 0 0 0 1 0 0 0 0 0 0 0 0 2 3 0 0 0 3 2 0 0 2 5 1 0 0 0 0 0 0 0 0 0 0 0 0 5 1 0 0 0 0 0 0 0 0 0 0 0 0 0 0 0 0 4 0 10 45 121 77 81 14 26 2 1 2 0 32 69 57 31 8 0 0 1 0 0 1 2 0 0 0 0 0 0 0 0 0 1 19 35 0 0 5 1 0 0 1 0 0 0 0 0 0 0 0 0 0 0 0 0 0 0 0 0 0 0 0
0 0 0 0 0 1 1 0 0 0 0 0 11 8 0 1 0 0 0 0 0 0 0 0 0 1 2 0 0 9 0 0 0 0 0 0 0 0 0 0 1 0 0 0 1 6 11 0 0 1 4 0 0 10 5 2 0 0 0 0 0 0 0 0 0 0 0 5 23 0 0 0 0 0 0 0 0 0 0 0 0 0 0 0 0 8 53 2 0 8 0 0 4 0 12 0 0 2 0 5 27 0 0 0 0 0 0 0 1 25 17 53 2 0 0 0 0 0 0 0 0 0 18 0 0 0 0 0 0 0 0 0 0 0 0 0 0 0 0 0 0 0 0 0 0 0 0 0 0 0
0 0 0 0 0 0 1 0 0 0 0 0 0 0 2 2 0 0 0 0 0 0 0 0 0 0 0 1 0 1 0 0 0 0 1 0 0 0 0 0 0 0 1 1 0 0 1 2 1 1 0 0 0 4 3 11 0 0 0 0 0 0 0 0 0 0 0 15 20 0 0 0 0 0 0 0 0 0 0 0 0 0 0 0 18 1 0 6 1 11 7 2 3 1 4 2 2 18 10 12 22 4 2 0 1 0 0 5 31 72 85 171 23 4 2 0 2 1 0 0 0 0 4 0 0 0 0 0 0 0 0 0 0 0 0 0 0 0 0 0 0 0 0 0 0 0 0 0 0 0
0 0 0 0 0 1 0 0 0 0 0 0 0 0 0 0 0 0 0 0 0 0 0 0 0 0 0 0 0 0 0 0 0 0 0 0 0 0 1 0 0 0 0 0 0 0 0 2 6 2 0 1 0 1 1 37 50 1 0 0 0 0 0 0 0 4 24 29 3 0 0 2 0 0 0 0 0 0 0 0 0 0 0 5 55 2 0 4 4 1 10 9 2 0 3 10 38 15 8 0 4 0 3 9 2 0 19 1 26 39 137 31 127 29 5 0 1 0 0 0 0 0 0 0 0 0 0 0 0 0 0 0 0 0 0 0 0 0 0 0 0 0 0 0 0 0 0 0 0 0
0 0 0 0 1 0 0 0 0 0 0 0 0 0 0 0 0 0 0 0 0 0 0 0 0 0 0 0 0 0 1 0 0 0 0 0 2 0 0 0 0 0 0 0 0 2 1 2 34 2 1 0 0 2 5 5 3 4 16 1 3 1 3 3 9 2 0 1 0 0 0 0 0 0 0 0 0 0 0 0 0 0 0 0 0 0 0 22 0 2 0 0 2 0 15 71 0 0 0 0 0 0 0 0 3 39 167 472 344 77 20 0 18 17 0 0 0 0 0 0 0 0 0 0 0 0 0 0 0 0 0 0 0 0 0 0 0 0 0 0 0 0 0 0 0 0 0 0 0 0
0 0 0 3 1 36 1 5 2 0 0 0 0 0 0 0 0 0 0 0 0 0 0 0 0 0 0 0 0 0 0 0 0 0 0 0 0 0 1 1 20 1 0 2 1 1 9 3 6 1 1 0 2 1 3 0 1 0 0 0 0 0 0 0 1 0 2 4 1 15 0 8 0 0 0 0 0 0 0 0 0 0 0 0 0 0 0 0 0 2 8 6 0 0 50 9 0 0 0 0 0 5 0 6 26 31 70 197 143 116 58 105 53 1 0 0 0 0 0 0 0 0 0 0 0 0 0 0 0 0 0 0 0 0 0 0 0 0 0 0 0 0 0 0 0 0 0 0 0 0
0 0 0 0 13 23 1 0 0 0 0 0 0 2 0 0 0 0 0 0 1 0 0 0 0 0 0 0 0 0 0 0 2 0 0 0 0 3 0 0 0 3 5 1 1 1 1 7 1 0 1 0 0 1 2 0 1 0 3 4 0 0 0 0 0 3 0 0 1 0 0 0 0 0 0 0 0 0 0 0 0 0 0 0 0 0 0 0 0 0 0 1 2 16 2 19 105 0 0 0 0 0 0 13 94 137 0 2 4 35 0 4 0 0 0 0 0 0 0 0 0 0 0 0 0 0 0 0 0 0 0 0 0 0 0 0 0 0 0 0 0 0 0 0 0 0 0 0 0 0
0 0 0 0 0 0 0 0 6 1 1 0 0 0 0 0 0 0 0 1 0 0 0 0 0 0 0 0 0 0 0 1 1 0 0 0 0 0 0 0 0 1 0 0 0 0 0 1 2 0 0 0 0 1 0 0 0 0 2 0 1 0 0 0 0 0 0 0 0 0 1 0 4 0 0 0 0 0 0 0 0 0 0 0 0 0 0 0 0 0 0 18 46 10 13 106 224 0 0 0 0 0 0 11 2 0 0 2 1 0 29 80 0 0 0 0 0 0 0 0 0 0 0 0 0 0 0 0 0 0 0 0 0 0 0 0 0 0 0 0 0 0 2 10 2 0 0 0 0 0
0 0 1 0 1 1 0 0 0 20 0 0 0 0 1 0 0 0 0 0 0 0 0 0 0 0 0 0 0 0 0 0 0 0 0 0 0 0 0 0 0 0 0 0 1 0 0 0 0 0 7 1 0 3 0 0 0 0 0 9 0 0 0 0 0 0 0 0 0 0 35 0 1 0 0 0 0 0 0 0 0 0 0 0 0 0 0 0 12 0 1 6 94 108 43 0 0 0 0 0 0 0 0 14 0 0 0 2 0 28 48 0 0 1 0 0 0 0 0 0 0 0 0 0 0 0 0 0 0 0 0 0 0 0 0 0 0 0 0 0 0 0 0 3 0 0 0 0 0 0
0 2 0 0 1 0 0 0 0 0 0 0 0 1 1 0 0 0 0 0 0 0 0 0 0 0 0 0 0 0 0 0 0 0 0 0 0 0 0 0 0 0 0 0 0 0 0 0 0 0 1 4 3 0 0 0 0 0 0 0 0 0 0 0 0 0 0 0 0 0 1 0 0 0 0 0 0 0 0 0 0 0 0 0 0 0 0 0 0 1 5 52 345 0 0 5 1 0 0 0 0 0 0 0 0 0 0 1 5 0 4 0 0 0 0 0 0 0 0 0 0 0 0 0 0 0 0 0 0 0 0 0 0 0 0 0 0 0 0 0 0 0 0 0 0 0 0 0 0 0
0 0 0 0 0 0 0 0 0 0 0 1 4 0 0 0 0 0 1 0 0 0 0 0 0 0 0 0 0 0 0 0 0 0 0 0 8 0 0 0 0 0 0 0 0 0 0 0 0 0 1 17 0 0 0 0 1 0 0 1 2 8 0 0 0 0 0 0 0 0 1 73 7 0 0 0 0 0 0 0 0 0 0 0 0 0 0 0 0 0 23 13 1 10 24 4 0 0 0 0 0 0 0 0 0 0 0 0 0 0 0 0 0 0 0 0 0 0 0 0 0 0 0 0 0 0 0 0 0 0 0 0 0 0 0 0 0 0 0 0 0 0 0 0 0 0 0 0 0 0
1 0 0 0 0 0 0 0 0 0 0 0 0 0 0 0 0 0 0 0 0 1 2 11 0 0 0 0 0 0 0 0 0 0 0 1 6 0 0 0 0 0 0 0 0 0 0 0 0 0 0 9 2 0 0 2 0 0 0 0 0 6 14 0 0 0 0 0 0 0 0 6 8 3 2 0 0 0 0 0 0 0 0 0 0 0 0 0 0 3 3 11 3 2 16 0 1 0 0 0 0 0 0 0 0 0 0 0 0 0 0 0 0 0 0 0 0 0 0 0 0 0 0 0 0 0 0 0 0 0 0 0 0 0 0 0 1 0 0 0 0 0 0 0 0 0 0 0 0 0
0 0 0 0 0 0 0 0 0 0 0 0 1 0 0 0 0 0 0 0 1 0 1 0 1 0 0 0 0 0 0 0 0 0 0 0 0 2 0 0 0 0 0 0 0 0 0 0 0 1 0 13 16 6 2 0 4 0 0 0 0 24 50 0 0 0 0 0 0 0 0 0 0 1 7 0 0 0 0 0 0 0 0 0 0 0 0 0 0 0 5 5 0 26 13 1 0 0 3 0 0 0 0 0 0 0 0 0 0 0 0 0 0 0 0 0 0 0 0 0 0 0 0 0 0 0 0 0 0 0 0 0 0 0 0 0 0 0 0 0 0 0 0 0 0 0 0 0 0 0
0 0 0 0 0 0 0 0 0 0 0 0 2 0 0 0 0 0 0 0 0 0 0 0 0 0 0 0 2 0 0 0 0 0 0 0 0 0 0 1 0 0 0 0 0 0 0 0 0 1 11 19 78 6 6 0 0 0 0 0 0 4 0 0 0 0 0 0 0 0 0 0 0 2 0 0 0 0 0 0 0 0 0 0 0 0 0 0 0 0 0 2 9 2 4 0 0 0 0 0 0 0 0 0 0 0 0 0 0 0 0 0 0 0 0 0 0 0 0 0 0 0 0 0 0 0 0 0 0 0 0 0 0 0 0 0 0 0 0 0 0 0 0 0 0 0 0 0 0 0
0 0 0 0 0 0 0 0 0 0 0 0 4 0 0 9 0 2 1 0 0 1 0 0 0 1 0 0 0 0 0 0 0 0 0 0 0 0 7 1 0 0 0 0 0 0 0 0 3 9 1 8 67 0 21 4 1 0 0 0 2 5 4 0 0 0 0 0 0 0 0 0 0 0 0 0 0 0 0 0 0 0 0 0 0 0 0 0 0 0 0 2 4 6 2 14 2 0 0 2 0 0 0 0 0 0 0 0 0 0 0 0 0 0 0 0 0 0 0 0 0 0 0 0 0 0 0 0 0 0 0 0 0 0 0 0 0 0 0 0 0 0 0 0 0 0 0 0 0 0
0 0 0 0 0 0 0 0 2 2 0 0 0 0 0 0 1 0 0 0 0 0 0 3 0 0 0 0 0 0 0 0 0 0 0 0 0 0 0 0 0 0 0 0 0 0 0 3 4 1 1 2 6 0 0 0 0 0 0 1 13 1 0 0 0 0 0 0 0 0 0 0 0 0 0 0 0 0 0 0 0 0 0 0 0 0 0 0 0 0 0 0 0 0 0 2 11 1 0 0 0 0 0 0 0 0 0 0 0 0 0 0 0 0 0 0 0 0 0 0 0 0 0 0 0 0 0 0 0 0 0 0 0 0 0 0 0 0 0 0 0 0 0 0 0 1 0 0 0 0
1 0 0 0 0 0 0 0 0 0 0 0 0 0 0 0 0 0 0 0 0 0 0 0 2 1 0 0 0 0 0 0 0 0 6 0 1 0 0 0 0 0 0 0 0 0 0 11 0 0 0 0 0 0 0 0 0 0 0 2 5 0 0 0 0 0 0 0 0 0 0 0 0 0 0 0 0 0 0 0 0 0 0 0 0 0 0 0 0 0 0 0 0 0 0 0 4 15 0 0 0 0 0 0 0 0 0 0 0 0 0 0 0 0 0 0 0 0 0 0 0 0 0 0 0 0 0 0 0 0 0 0 0 0 0 0 0 0 0 0 0 0 0 0 1 7 0 0 0 0
2 0 0 0 0 0 0 0 0 0 0 2 0 0 0 0 0 0 0 3 19 0 1 0 0 0 0 0 0 0 0 2 0 0 0 0 0 0 0 0 0 0 0 0 1 2 0 0 0 0 0 0 0 0 0 0 0 0 0 0 0 1 0 0 0 0 0 0 0 0 0 0 0 0 0 0 0 0 0 0 0 0 0 0 0 0 0 0 0 0 0 0 0 0 0 5 1 0 0 0 6 0 0 0 0 0 0 0 0 0 0 0 0 0 0 0 0 0 0 0 0 0 0 0 0 0 0 0 0 0 0 0 0 0 0 0 0 0 0 0 0 0 0 0 0 0 0 0 0 0
0 0 0 0 0 0 0 0 0 0 0 8 0 0 0 0 1 0 0 1 1 0 0 0 0 0 0 0 0 0 0 0 0 0 0 0 0 0 0 0 0 0 0 0 2 0 0 0 0 0 0 0 0 0 0 0 0 0 0 0 0 0 0 0 0 0 0 0 0 0 0 3 0 0 0 0 0 0 0 0 0 0 0 0 0 0 0 0 0 0 0 0 0 0 1 0 0 0 0 2 0 0 0 0 0 0 0 0 0 0 0 0 0 0 0 0 0 0 0 0 0 0 0 0 0 0 0 0 0 0 0 0 0 0 0 0 0 0 0 0 0 0 0 0 0 0 0 0 0 0
0 0 0 0 0 0 0 0 0 0 2 1 2 0 0 2 0 0 0 0 0 0 0 0 0 0 0 0 0 0 0 0 0 0 0 0 0 0 0 0 0 0 0 0 5 0 0 0 0 0 0 0 0 0 0 0 0 0 0 0 0 0 0 0 0 0 0 0 0 0 0 0 0 0 0 0 0 0 0 0 0 0 0 0 0 0 0 0 0 0 0 0 0 0 0 2 4 0 0 0 0 0 0 0 0 0 0 0 0 0 0 0 0 0 0 0 0 0 0 0 0 0 0 0 0 0 0 0 0 0 0 0 0 0 0 0 0 0 0 0 0 0 0 0 0 0 0 0 0 0
1 0 0 0 0 0 0 0 0 0 0 0 9 0 0 2 1 5 0 0 0 0 0 0 0 0 0 0 0 0 0 0 0 0 0 0 0 0 0 0 0 0 0 0 1 0 0 0 0 0 0 0 0 0 0 0 0 0 0 2 0 0 0 0 0 0 0 0 40 1 0 0 0 0 0 0 0 0 0 0 0 0 0 0 0 0 0 0 0 0 0 0 0 0 0 0 0 1 1 5 0 0 0 0 0 0 0 0 0 0 0 0 0 0 0 0 0 0 0 0 0 0 0 0 0 0 0 0 0 0 0 0 0 0 0 0 0 0 0 0 0 0 0 0 0 0 0 0 0 0
0 0 0 0 0 0 0 1 0 0 0 0 0 0 0 0 1 2 3 0 0 0 0 0 0 0 0 0 0 0 0 0 0 0 0 1 1 2 1 0 0 0 0 0 0 0 0 0 0 0 0 0 0 0 0 0 0 0 0 0 2 2 0 0 1 0 0 1 84 37 0 0 0 0 0 0 0 0 0 0 0 0 0 0 0 0 0 0 0 0 0 0 0 0 0 0 1 0 0 0 0 0 0 0 0 0 0 0 0 0 0 0 0 0 0 0 0 0 0 0 0 0 0 0 0 0 0 0 0 0 0 0 0 0 0 0 0 0 0 0 0 0 0 0 0 0 0 0 0 0
0 0 1 0 0 0 1 0 0 0 0 1 24 8 0 3 17 0 2 2 0 0 0 6 0 3 0 0 0 0 0 4 0 0 0 0 3 1 0 0 0 0 8 0 0 0 0 0 0 0 0 0 0 0 0 0 0 0 0 0 0 0 0 1 74 24 2 1 0 0 0 0 0 0 0 0 0 0 0 0 0 0 0 0 0 0 0 0 0 0 0 0 0 0 0 0 0 0 0 0 0 0 0 0 0 0 0 0 0 0 0 0 0 0 0 0 0 0 0 0 0 0 0 0 0 0 0 0 0 0 0 0 0 0 0 0 0 0 0 0 0 0 0 0 0 0 0 0 0 0
2 16 2 0 0 0 0 0 0 0 0 3 1 0 0 0 0 0 0 3 13 36 22 3 1 0 0 0 0 0 0 0 0 0 0 16 23 0 0 1 0 2 0 0 0 0 0 0 0 0 0 0 0 0 0 0 0 0 0 0 0 0 0 0 0 0 0 0 0 0 0 0 0 0 0 0 0 0 0 0 0 0 0 0 0 0 0 0 0 0 0 0 0 0 0 0 0 0 0 0 0 0 0 0 0 0 0 0 0 0 0 0 0 0 0 0 0 0 0 0 0 0 0 0 0 0 0 0 0 0 0 0 0 0 0 0 0 0 0 0 0 0 0 0 0 0 0 0 0 0
5 3 3 1 0 1 0 0 0 0 0 0 3 0 0 1 6 5 0 1 0 19 20 7 7 2 0 0 0 3 3 0 0 0 0 0 2 0 0 0 2 6 0 0 0 0 0 0 0 0 0 0 0 0 0 0 0 0 0 0 0 0 0 0 2 0 0 0 0 0 0 0 0 0 0 0 0 0 0 0 0 0 0 0 0 0 0 0 0 3 0 0 0 0 0 0 0 0 0 0 0 0 0 0 0 0 0 0 0 0 0 0 0 0 0 0 0 0 0 0 0 0 0 0 0 0 0 0 0 0 0 0 0 0 0 0 0 0 0 0 0 0 0 0 0 0 0 0 0 0
0 0 0 0 0 0 0 0 0 0 0 0 1 0 0 0 1 1 0 0 0 1 3 2 3 3 1 4 1 0 0 0 0 0 3 0 0 1 0 0 0 0 0 0 0 0 0 0 0 0 0 0 0 0 0 0 0 0 0 0 0 0 0 0 0 0 0 0 0 0 0 0 0 0 0 0 0 0 0 0 0 0 0 0 0 0 0 0 0 0 0 0 0 0 0 0 0 0 0 0 0 0 0 0 0 0 0 0 0 0 0 0 0 0 0 0 0 0 0 0 0 0 0 0 0 0 0 0 0 0 0 0 0 0 0 0 0 0 0 0 0 0 0 0 0 0 0 0 0 0
0 0 0 0 0 0 0 0 0 0 0 0 0 0 0 0 0 0 0 4 0 0 0 2 1 4 6 5 8 0 2 0 0 3 2 1 0 0 0 0 0 0 0 0 0 0 0 0 0 0 0 0 0 0 0 0 0 0 0 0 0 0 0 0 0 0 0 0 0 0 0 0 0 0 0 0 0 0 0 0 0 0 0 0 0 0 0 0 0 0 0 0 0 0 0 0 0 0 0 0 0 0 0 0 0 0 0 0 0 0 0 0 0 0 0 0 0 0 0 0 0 0 0 0 0 0 0 0 0 0 0 0 0 0 0 0 0 0 0 0 0 0 0 0 0 0 0 0 0 0
0 0 0 0 0 0 0 0 0 0 0 0 0 0 0 0 0 0 0 0 0 0 0 0 0 0 2 1 70 27 0 4 3 17 1 1 3 0 0 0 0 0 0 0 0 0 0 0 0 0 0 0 0 0 0 0 0 0 0 0 0 0 0 0 0 0 0 0 0 0 0 0 0 0 0 0 0 0 0 0 0 0 0 0 0 0 0 0 0 0 0 0 0 0 0 0 0 0 0 0 0 0 0 0 0 0 0 0 0 0 0 0 0 0 0 0 0 0 0 0 0 0 0 0 0 0 0 0 0 0 0 0 0 0 0 0 0 0 0 0 0 0 0 0 0 0 0 0 0 0
0 0 0 0 0 0 0 0 0 0 0 0 0 0 0 0 0 0 0 0 0 0 0 0 0 5 2 2 0 0 1 0 0 0 0 0 1 0 0 0 0 0 0 0 0 0 0 0 0 0 0 0 0 0 0 0 0 0 0 0 0 0 0 0 0 0 0 0 0 0 0 0 0 0 0 0 0 0 0 0 0 0 0 0 0 0 0 0 0 0 0 0 0 0 0 0 0 0 0 0 0 0 0 0 0 0 0 0 0 0 0 0 0 0 0 0 0 0 0 0 0 0 0 0 0 0 0 0 0 0 0 0 0 0 0 0 0 0 0 0 0 0 0 0 0 0 0 0 0 0
0 0 0 0 0 0 0 4 0 0 0 0 0 0 0 0 0 0 0 0 0 0 0 0 3 1 2 0 0 0 9 0 0 0 1 0 2 3 0 0 0 0 0 0 0 0 0 0 0 0 0 0 0 0 0 0 0 0 0 0 0 0 0 0 0 0 0 0 0 0 0 0 0 0 0 0 0 0 0 0 0 0 0 0 0 0 0 0 0 0 0 0 0 0 0 0 0 0 0 0 0 0 0 0 0 0 0 0 0 0 0 0 0 0 0 0 0 0 0 0 0 0 0 0 0 0 0 0 0 0 0 0 0 0 0 0 0 0 0 0 0 0 0 0 0 0 0 0 0 0
0 0 0 0 0 0 0 0 0 0 0 0 1 4 0 0 0 0 0 0 0 0 0 0 0 0 0 0 0 0 0 0 7 0 0 0 0 1 0 0 0 0 0 0 0 0 0 0 0 0 0 0 0 0 0 0 0 0 0 0 0 0 0 0 0 0 0 0 0 0 0 0 0 0 0 0 0 0 0 0 0 0 0 0 0 0 0 0 0 0 0 0 0 0 0 0 0 0 0 0 0 0 0 0 0 0 0 0 0 0 0 0 0 0 0 0 0 0 0 0 0 0 0 0 0 0 0 0 0 0 0 0 0 0 0 0 0 0 0 0 0 0 0 0 0 0 0 0 0 0
0 0 0 0 0 0 0 0 0 1 0 1 7 0 0 0 0 0 0 0 0 0 0 0 0 0 0 8 0 2 0 0 0 0 1 0 0 0 0 0 0 0 0 0 0 0 0 0 0 0 0 0 0 0 0 0 0 0 0 0 0 0 0 0 0 0 0 0 0 0 0 0 0 0 0 0 0 0 0 0 0 0 0 0 0 0 0 0 0 0 0 0 0 0 0 0 0 0 0 0 0 0 0 0 0 0 0 0 0 0 0 0 0 0 0 0 0 0 0 0 0 0 0 0 0 0 0 0 0 0 0 0 0 0 0 0 0 0 0 0 0 0 0 0 0 0 0 0 0 0
0 0 0 0 0 0 0 0 0 0 0 0 0 0 0 0 0 0 0 0 0 0 0 0 0 0 0 3 0 0 0 0 1 0 1 0 0 0 0 0 0 0 0 0 0 0 0 0 0 0 0 0 0 0 0 0 0 0 0 0 0 0 0 0 0 0 0 0 0 0 0 0 0 0 0 0 0 0 0 0 0 0 0 0 0 0 0 0 0 0 0 0 0 0 0 0 0 0 0 0 0 0 0 0 0 0 0 0 0 0 0 0 0 0 0 0 0 0 0 0 0 0 0 0 0 0 0 0 0 0 0 0 0 0 0 0 0 0 0 0 0 0 0 0 0 0 0 0 0 0
0 0 0 0 0 0 0 0 0 0 0 0 0 0 0 0 0 0 0 0 0 0 0 0 0 0 0 0 0 0 0 0 0 0 0 0 0 0 0 0 0 0 0 0 0 0 0 0 0 0 0 0 0 0 0 0 0 0 0 0 0 0 0 0 0 0 0 0 0 0 0 0 0 0 0 0 0 0 0 0 0 0 0 0 0 0 0 0 0 0 0 0 0 0 0 0 0 0 0 0 0 0 0 0 0 0 0 0 0 0 0 0 0 0 0 0 0 0 0 0 0 0 0 0 0 0 0 0 0 0 0 0 0 0 0 0 0 0 0 0 0 0 0 0 0 0 0 0 0 0
0 0 0 0 0 0 0 0 0 1 2 0 0 0 0 0 0 0 0 0 0 0 0 0 0 0 0 0 0 0 0 0 0 0 0 0 0 0 0 0 0 0 0 0 0 0 0 0 0 0 0 0 0 0 0 0 0 0 0 0 0 0 0 0 0 0 0 0 0 0 0 0 0 0 0 0 0 0 0 0 0 0 0 0 0 0 0 0 0 0 0 0 0 0 0 0 0 0 0 0 0 0 0 0 0 0 0 0 0 0 0 0 0 0 0 0 0 0 0 0 0 0 0 0 0 0 0 0 0 0 0 0 0 0 0 0 0 0 0 0 0 0 0 0 0 0 0 0 0 0
0 0 0 0 0 0 0 0 0 0 0 0 0 0 0 0 0 0 0 0 0 0 0 0 0 0 0 0 0 0 0 0 0 0 0 0 0 0 0 0 0 0 0 0 0 0 0 0 0 0 0 0 0 0 0 0 0 0 0 0 0 0 0 0 0 0 0 0 0 0 0 0 0 0 0 0 0 0 0 0 0 0 0 0 0 0 0 0 0 0 0 0 0 0 0 0 0 0 0 0 0 0 0 0 0 0 0 0 0 0 0 0 0 0 0 0 0 0 0 0 0 0 0 0 0 0 0 0 0 0 0 0 0 0 0 0 0 0 0 0 0 0 0 0 0 0 0 0 0 0
0 0 0 0 0 0 0 0 4 8 0 0 0 0 0 0 0 0 0 0 0 0 0 0 0 0 0 0 0 0 0 0 0 0 0 0 0 0 0 0 0 0 0 0 0 0 0 0 0 1 1 0 0 0 0 0 0 0 0 0 0 0 0 0 0 0 0 0 0 0 0 0 0 0 0 0 0 0 0 0 0 0 0 0 0 0 0 0 0 0 0 0 0 0 0 0 0 0 0 0 0 0 0 0 0 0 0 0 0 0 0 0 0 0 0 0 0 0 0 0 0 0 0 0 0 0 0 0 0 0 0 0 0 0 0 0 0 0 0 0 0 0 0 0 0 0 0 0 0 0
0 0 0 0 0 0 7 2 1 0 0 0 0 0 0 0 0 0 0 0 0 0 0 0 0 0 0 0 0 0 0 0 0 0 0 0 0 0 0 0 0 0 0 0 0 0 0 0 0 11 18 0 0 0 0 0 0 0 0 0 0 0 0 0 0 0 0 0 0 0 0 0 0 0 0 0 0 0 0 0 0 0 0 0 0 0 0 0 0 0 0 0 0 0 0 0 0 0 0 0 0 0 0 0 0 0 0 0 0 0 0 0 0 0 0 0 0 0 0 0 0 0 0 0 0 0 0 0 0 0 0 0 0 0 0 0 0 0 0 0 0 0 0 0 0 0 0 0 0 0
0 0 0 0 0 0 1 10 0 0 0 0 0 0 0 0 0 0 0 0 0 0 0 0 0 0 0 0 0 0 0 0 0 0 0 0 0 0 0 0 0 0 0 0 0 0 0 0 0 0 0 0 1 0 0 0 0 0 0 0 0 0 0 0 0 0 0 0 0 0 0 0 0 0 0 0 0 0 0 0 0 0 0 0 0 0 0 0 0 0 0 0 0 0 0 0 0 0 0 0 0 0 0 0 0 0 0 0 0 0 0 0 0 0 0 0 0 0 0 0 0 0 0 0 0 0 0 0 0 0 0 0 0 0 0 0 0 0 0 0 0 0 0 0 0 0 0 0 0 0
0 0 0 0 0 0 0 0 0 0 0 0 0 0 0 0 0 0 0 0 0 0 0 0 0 0 0 0 0 0 0 0 0 0 0 0 0 0 0 0 0 0 0 0 0 0 0 0 0 0 0 0 3 22 0 0 0 0 0 0 0 0 0 0 0 0 0 0 0 0 0 0 0 0 0 0 0 0 0 0 0 0 0 0 0 0 0 0 0 0 0 0 0 0 0 0 0 0 0 0 0 0 0 0 0 0 0 0 0 0 0 0 0 0 0 0 0 0 0 0 0 0 0 0 0 0 0 0 0 0 0 0 0 0 0 0 0 0 0 0 0 0 0 0 0 0 0 0 0 0
0 0 0 0 0 0 0 0 0 0 0 0 0 0 0 0 0 0 0 0 0 0 0 0 0 0 0 0 0 0 0 0 0 0 0 0 0 0 0 0 0 0 0 0 0 0 0 0 0 0 0 0 0 0 0 0 0 0 0 0 0 0 0 0 0 0 0 0 0 0 0 0 0 0 0 0 0 0 0 0 0 0 0 0 0 0 0 0 0 0 0 0 0 0 0 0 0 0 0 0 0 0 0 0 0 0 0 0 0 0 0 0 0 0 0 0 0 0 0 0 0 0 0 0 0 0 0 0 0 0 0 0 0 0 0 0 0 0 0 0 0 0 0 0 0 0 0 0 0 0
0 0 0 0 0 0 0 0 0 0 0 0 0 0 0 0 0 0 0 0 0 0 0 0 0 0 0 0 0 0 0 0 0 0 0 0 0 0 0 0 0 0 0 0 0 0 0 1 0 0 0 0 1 0 0 0 0 0 0 0 0 0 0 0 0 0 0 0 0 0 0 0 0 0 0 0 0 0 0 0 0 0 0 0 0 0 0 0 0 0 0 0 0 0 0 0 0 0 0 0 0 0 0 0 0 0 0 0 0 0 0 0 0 0 0 0 0 0 0 0 0 0 0 0 0 0 0 0 0 0 0 0 0 0 0 0 0 0 0 0 0 0 0 0 0 0 0 0 0 0
0 0 0 0 0 0 0 0 0 0 0 0 0 0 0 0 0 0 0 0 0 0 0 0 0 0 0 0 0 0 0 0 0 0 0 0 0 0 0 0 0 0 0 0 0 0 0 0 0 0 0 0 2 0 0 0 0 0 0 0 0 0 0 0 0 0 0 0 0 0 0 0 0 0 0 0 0 0 0 0 0 0 0 0 0 0 0 0 0 0 0 0 0 0 0 0 0 0 0 0 0 0 0 0 0 0 0 0 0 0 0 0 0 0 0 0 0 0 0 0 0 0 0 0 0 0 0 0 0 0 0 0 0 0 0 0 0 0 0 0 0 0 0 0 0 0 0 0 0 0
0 0 0 0 0 0 0 0 0 0 0 0 0 0 0 0 0 0 0 0 0 0 0 0 0 0 0 0 0 1 1 2 0 1 0 0 0 0 0 0 0 0 0 0 0 0 0 0 0 0 0 0 0 1 0 0 0 0 0 0 0 0 0 0 0 0 0 0 0 0 0 0 0 0 0 0 0 0 0 0 0 0 0 0 0 0 0 0 0 0 0 0 0 0 0 0 0 0 0 0 0 0 0 0 0 0 0 0 0 0 0 0 0 0 0 0 0 0 0 0 0 0 0 0 0 0 0 0 0 0 0 0 0 0 0 0 0 0 0 0 0 0 0 0 0 0 0 0 0 0
0 0 0 0 0 0 0 0 0 0 0 0 0 0 0 0 0 0 0 0 0 0 0 0 0 0 0 0 0 0 1 11 0 0 1 0 0 0 0 0 0 0 0 0 0 0 0 0 0 0 0 0 0 0 0 0 0 0 0 0 0 0 0 0 0 0 0 0 0 0 0 0 0 0 0 0 0 0 0 0 0 0 0 0 0 0 0 0 0 0 0 0 0 0 0 0 0 0 0 0 0 0 0 0 0 0 0 0 0 0 0 0 0 0 0 0 0 0 0 0 0 0 0 0 0 0 0 0 0 0 0 0 0 0 0 0 0 0 0 0 0 0 0 0 0 0 0 0 0 0
0 0 0 0 0 0 0 0 0 0 0 0 0 0 0 0 0 0 0 0 0 0 0 0 0 0 0 0 0 0 7 0 0 0 0 0 0 0 0 0 0 0 0 0 0 0 0 0 0 0 0 0 0 0 0 0 0 0 0 0 0 0 0 0 0 0 0 0 0 0 0 0 0 0 0 0 0 0 0 0 0 0 0 0 0 0 0 0 0 0 0 0 0 0 0 0 0 0 0 0 0 0 0 0 0 0 0 0 0 0 0 0 0 0 0 0 0 0 0 0 0 0 0 0 0 0 0 0 0 0 0 0 0 0 0 0 0 0 0 0 0 0 0 0 0 0 0 0 0 0
0 0 0 0 0 0 0 0 0 0 0 0 0 0 0 0 0 0 0 0 0 0 0 0 0 0 1 0 0 1 0 0 0 0 0 0 0 0 0 0 0 0 0 0 0 0 0 0 0 0 0 0 0 0 0 0 0 0 0 0 0 0 0 0 0 0 0 0 0 0 0 0 0 0 0 0 0 0 0 0 0 0 0 0 0 0 0 0 0 0 0 0 0 0 0 0 0 0 0 0 0 0 0 0 0 0 0 0 0 0 0 0 0 0 0 0 0 0 0 0 0 0 0 0 0 0 0 0 0 0 0 0 0 0 0 0 0 0 0 0 0 0 0 0 0 0 0 0 0 0
0 0 0 0 0 0 0 0 0 0 0 0 0 0 0 0 0 0 0 0 0 0 0 0 0 0 0 0 0 39 15 0 0 0 0 0 0 0 0 0 0 0 0 0 0 0 0 0 2 0 0 0 0 0 0 0 0 0 0 0 0 0 0 0 0 0 0 0 0 0 0 0 0 0 0 0 0 0 0 0 0 0 0 0 0 0 0 0 0 0 0 0 0 0 0 0 0 0 0 0 0 0 0 0 0 0 0 0 0 0 0 0 0 0 0 0 0 0 0 0 0 0 0 0 0 0 0 0 0 0 0 0 0 0 0 0 0 0 0 0 0 0 0 0 0 0 0 0 0 0
0 0 0 0 0 0 0 0 0 0 0 0 0 0 0 0 0 0 0 0 0 0 0 0 0 0 2 0 0 0 0 0 0 0 0 0 0 0 0 0 0 0 0 0 0 0 0 0 0 32 0 0 0 0 0 0 0 0 0 0 0 0 0 0 0 0 0 0 0 0 0 0 0 0 0 0 0 0 0 0 0 0 0 0 0 0 0 0 0 0 0 0 0 0 0 0 0 0 0 0 0 0 0 0 0 0 0 0 0 0 0 0 0 0 0 0 0 0 0 0 0 0 0 0 0 0 0 0 0 0 0 0 0 0 0 0 0 0 0 0 0 0 0 0 0 0 0 0 0 0
0 0 0 0 0 0 0 0 0 0 0 0 0 0 0 0 0 0 0 0 0 0 0 0 0 0 7 0 0 0 0 0 0 0 0 0 0 0 0 0 0 0 0 0 0 0 0 0 0 0 0 0 0 0 0 0 0 0 0 0 0 0 0 0 0 0 0 0 0 0 0 0 0 0 0 0 0 0 0 0 0 0 0 0 0 0 0 0 0 0 0 0 0 0 0 0 0 0 0 0 0 0 0 0 0 0 0 0 0 0 0 0 0 0 0 0 0 0 0 0 0 0 0 0 0 0 0 0 0 0 0 0 0 0 0 0 0 0 0 0 0 0 0 0 0 0 0 0 0 0
0 0 0 0 0 0 0 0 0 0 0 0 0 0 0 0 0 0 0 0 0 0 0 0 0 0 0 0 4 0 0 0 0 0 0 0 0 0 0 0 0 0 0 0 0 0 0 0 0 0 0 0 0 0 0 0 0 0 0 0 0 0 0 0 0 0 0 0 0 0 0 0 0 0 0 0 0 0 0 0 0 0 0 0 0 0 0 0 0 0 0 0 0 0 0 0 0 0 0 0 0 0 0 0 0 0 0 0 0 0 0 0 0 0 0 0 0 0 0 0 0 0 0 0 0 0 0 0 0 0 0 0 0 0 0 0 0 0 0 0 0 0 0 0 0 0 0 0 0 0
0 0 0 0 0 0 0 0 0 0 0 0 0 0 0 0 0 0 0 0 0 0 0 0 0 0 0 0 0 0 0 0 0 0 0 0 0 0 0 0 0 0 0 0 0 0 0 0 0 0 0 0 0 0 0 0 0 0 0 0 0 0 0 0 0 0 0 0 0 0 0 0 0 0 0 0 0 0 0 0 0 0 0 0 0 0 0 0 0 0 0 0 0 0 0 0 0 0 0 0 0 0 0 0 0 0 0 0 0 0 0 0 0 0 0 0 0 0 0 0 0 0 0 0 0 0 0 0 0 0 0 0 0 0 0 0 0 0 0 0 0 0 0 0 0 0 0 0 0 0
0 0 0 0 0 0 0 0 0 0 0 0 0 0 0 0 0 0 0 0 0 0 0 0 0 0 0 0 0 0 0 0 0 0 0 0 0 0 0 0 0 0 0 0 0 0 0 0 0 0 0 0 0 0 0 0 0 0 0 0 0 0 0 0 0 0 0 0 0 0 0 0 0 0 0 0 0 0 0 0 0 0 0 0 0 0 0 0 0 0 0 0 0 0 0 0 0 0 0 0 0 0 0 0 0 0 0 0 0 0 0 0 0 0 0 0 0 0 0 0 0 0 0 0 0 0 0 0 0 0 0 0 0 0 0 0 0 0 0 0 0 0 0 0 0 0 0 0 0 0
0 0 0 0 0 0 0 0 0 0 0 0 0 0 0 0 0 0 0 0 0 0 0 0 0 0 0 0 0 0 0 0 0 0 0 0 0 0 0 0 0 0 0 0 0 0 0 0 0 0 0 0 0 0 0 0 0 0 0 0 0 0 0 0 0 0 0 0 0 0 0 0 0 0 0 0 0 0 0 0 0 0 0 0 0 0 0 0 0 0 0 0 0 0 0 0 0 0 0 0 0 0 0 0 0 0 0 0 0 0 0 0 0 0 0 0 0 0 0 0 0 0 0 0 0 0 0 0 0 0 0 0 0 0 0 0 0 0 0 0 0 0 0 0 0 0 0 0 0 0
0 0 0 0 0 0 0 0 0 0 0 0 0 0 0 0 0 0 0 0 0 0 0 0 0 0 0 0 0 0 0 0 0 0 0 0 0 0 0 0 0 0 0 0 0 0 0 0 0 0 0 0 0 0 0 0 0 0 0 0 0 0 0 0 0 0 0 0 0 0 0 0 0 0 0 0 0 0 0 0 0 0 0 0 0 0 0 0 0 0 0 0 0 0 0 0 0 0 0 0 0 0 0 0 0 0 0 0 0 0 0 0 0 0 0 0 0 0 0 0 0 0 0 0 0 0 0 0 0 0 0 0 0 0 0 0 0 0 0 0 0 0 0 0 0 0 0 0 0 0
0 0 0 0 0 0 0 0 0 0 0 0 0 0 0 0 0 0 0 0 0 0 0 0 0 0 0 0 0 0 0 0 0 0 0 0 0 0 0 0 0 0 0 0 0 0 0 0 0 0 0 0 0 0 0 0 0 0 0 0 0 0 0 0 0 0 0 0 0 0 0 0 0 0 0 0 0 0 0 0 1 0 0 0 0 0 0 0 0 0 0 0 0 0 0 0 0 0 0 0 0 0 0 0 0 0 0 0 0 0 0 0 0 0 0 0 0 0 0 0 0 0 0 0 0 0 0 0 0 0 0 0 0 0 0 0 0 0 0 0 0 0 0 0 0 0 0 0 0 0
