0 0 26 3 0 0 9 0 29 140 9 10 0 0 0 0 0 9 5 0 0 13 1 0 3 12 0 0 0 0 0 0 0 6 0 8 0 0 0 5 0 0 0 1 5 0 0 0 0 0 0 0 0 0 2 6 0 0 0 8 47 27 7 4 1 3 3 1 0 0 0 4 12 165 269 421 120 23 45 41 28 239 109 52 78 217 373 231 75 337 1452 750 75 806 668 868 1135 749 1295 172 168 116 20 38 48 47 42 641 389 22 10 12 24 94 86 45 38 17 2 0 12 30 26 22 1 5 0 2 34 11 4 20 1 6 4 0 0 0 5 0 3 0 0 0 0 0 0 0 0 16
0 6 17 9 0 0 0 0 0 18 6 8 23 3 0 0 0 3 14 0 0 2 24 0 7 26 0 4 0 0 0 0 0 0 0 0 0 2 5 0 0 0 0 0 0 0 0 0 0 0 0 0 0 1 21 0 0 0 1 27 100 17 7 46 9 0 0 5 1 0 0 4 57 60 14 3 378 68 12 5 77 53 6 1 115 343 327 149 396 292 64 38 373 362 402 278 578 682 1395 799 296 41 41 33 94 0 2 119 41 12 14 19 2 14 96 25 10 11 2 23 8 6 24 11 5 2 10 10 6 33 18 7 106 80 0 1 0 0 4 63 13 0 0 0 0 0 0 0 0 0
1 0 0 1 6 0 1 0 1 22 2 5 22 5 0 0 0 5 2 0 0 17 74 14 8 1 1 11 0 0 0 0 0 0 0 2 0 20 0 27 0 0 0 0 0 0 0 0 0 0 0 0 0 0 8 0 0 2 1 7 24 11 5 9 0 0 0 0 0 0 0 0 1 0 0 0 0 59 193 388 94 49 10 17 32 269 665 211 2 13 284 33 71 555 665 953 232 593 350 600 677 408 18 34 24 8 10 45 226 192 37 8 10 3 7 5 14 32 17 13 76 31 9 8 5 14 9 66 9 20 9 2 79 207 1 0 1 0 10 47 2 6 0 0 0 0 0 0 0 0
32 5 1 0 0 0 0 0 0 2 10 2 0 0 0 2 0 0 3 1 0 0 4 9 11 0 1 10 8 0 2 0 0 0 0 1 0 0 0 9 12 0 0 1 0 0 0 0 0 0 2 0 1 0 68 27 84 12 52 0 0 2 12 13 0 0 0 0 0 1 5 170 11 2 1 12 23 79 237 243 101 59 21 159 156 9 46 234 3 209 1089 906 1989 755 1273 540 256 305 762 475 596 667 183 127 22 88 18 18 454 64 26 27 19 16 3 8 19 198 149 10 42 226 37 12 2 17 2 0 7 4 5 16 10 0 13 0 1 0 0 11 56 7 0 0 0 0 0 0 1 0
2 5 1 0 0 0 0 0 2 1 2 2 0 0 0 17 6 4 1 2 0 1 2 0 1 0 0 0 0 0 0 0 0 0 0 12 11 0 0 0 1 0 0 0 0 0 0 0 0 1 0 0 2 0 47 177 44 31 4 0 1 2 0 5 0 0 0 0 0 8 230 131 158 159 26 65 53 158 414 227 269 286 242 10 216 102 66 118 46 775 1729 660 844 874 502 272 96 750 400 1126 633 1287 938 911 405 157 90 21 15 13 7 45 33 39 10 1 4 33 83 87 195 1300 202 13 2 15 4 0 0 3 0 3 0 0 6 0 0 0 0 0 37 3 0 0 0 0 0 0 0 0
11 4 0 0 0 0 0 0 2 0 4 0 0 0 0 2 1 2 18 32 6 9 0 0 0 0 0 0 1 2 0 121 0 0 16 64 48 7 0 0 0 0 0 0 0 0 0 0 0 7 85 16 1 8 23 41 24 5 12 11 0 0 3 2 0 0 0 0 2 48 130 140 181 159 129 66 59 54 53 221 590 836 314 97 0 189 43 34 8 267 1867 1295 57 470 755 1211 142 2187 452 611 612 566 1132 402 41 150 28 60 3 2 0 2 10 32 7 24 28 3 1 8 124 156 7 5 3 12 2 0 4 0 3 0 0 0 0 0 2 1 0 0 3 9 0 0 0 0 0 0 0 0
0 0 1 10 0 0 0 0 1 11 17 0 0 0 0 0 0 0 0 0 0 0 0 0 0 0 0 0 0 0 0 0 0 0 3 32 7 0 3 0 0 0 0 0 0 0 0 0 0 0 1 52 5 5 2 26 4 2 32 34 1 9 0 0 7 0 0 0 13 78 38 100 275 571 337 98 454 237 408 474 1005 617 1056 502 90 11 2 267 112 113 1785 1090 50 549 971 528 340 588 926 59 29 426 93 99 22 47 80 10 11 20 49 158 211 21 82 36 4 3 27 19 76 163 11 4 4 2 13 5 0 0 3 0 0 0 0 0 0 5 0 0 0 0 0 0 0 0 0 0 0 0
5 0 0 0 0 0 0 0 1 0 2 0 0 0 0 0 0 0 0 0 0 0 0 0 0 0 0 0 0 2 16 0 0 0 11 1 0 0 57 4 0 0 0 0 0 0 0 0 0 0 0 2 15 14 0 6 2 25 102 57 80 54 65 2 9 27 0 0 3 82 2 9 29 31 67 40 102 215 686 1133 975 602 1184 229 214 181 204 733 236 268 527 76 21 524 388 386 203 797 936 240 188 476 519 433 196 130 19 50 143 19 325 516 53 155 38 92 0 1 5 9 21 4 7 8 4 5 12 1 3 0 0 0 0 0 0 0 0 0 0 0 0 0 0 0 0 0 0 0 0 0
5 1 0 0 0 0 1 0 6 8 0 3 0 3 10 0 0 0 0 0 0 0 0 0 0 0 0 0 0 0 4 0 0 0 1 1 0 0 0 1 0 0 0 0 0 0 0 0 0 0 0 0 9 5 0 0 2 37 21 53 341 222 28 2 22 17 3 4 2 33 1 0 1 4 3 8 6 35 67 473 898 1076 877 241 22 7 166 459 400 57 8 10 387 1181 1505 1510 101 619 240 254 314 110 86 400 776 116 241 276 55 271 917 289 174 15 40 20 1 5 3 15 16 2 34 22 16 1 3 5 0 0 9 0 0 0 0 0 0 0 0 0 0 0 0 0 0 0 0 0 0 0
1 0 0 0 0 0 0 3 7 10 0 0 0 0 0 0 0 0 0 0 0 0 0 0 0 0 0 0 0 0 0 0 0 0 0 0 0 1 0 0 0 0 0 0 0 0 0 0 3 1 2 0 14 7 0 0 0 0 1 20 46 174 17 12 3 8 1 1 3 7 0 0 0 0 0 9 15 35 164 649 1025 730 784 431 1069 1004 278 95 179 149 59 8 8 825 1420 1622 939 94 103 14 86 174 24 8 92 404 328 373 77 38 464 523 207 28 4 277 427 563 166 50 17 8 17 33 22 38 5 26 8 14 82 14 0 0 1 0 0 0 0 0 0 0 0 0 0 0 0 0 0 1
0 2 8 0 0 0 2 1 10 4 2 5 0 0 12 7 1 1 0 0 0 0 0 0 0 0 0 0 0 0 0 0 0 0 0 3 0 0 4 0 0 5 0 2 0 0 1 9 16 10 22 3 13 5 0 0 0 13 13 17 0 153 4 13 2 3 1 0 1 1 0 0 0 0 0 0 17 35 121 272 518 277 490 429 297 352 253 480 647 359 35 0 4 143 372 875 1171 68 24 94 27 11 1 14 104 350 746 389 225 169 508 157 164 44 4 133 315 817 372 213 320 193 274 224 88 458 100 44 54 28 12 141 24 55 12 0 0 0 0 0 0 0 0 0 0 0 0 0 0 0
0 0 3 0 0 0 0 0 4 3 0 0 0 0 0 1 12 12 3 0 0 0 0 0 0 0 0 0 0 0 0 0 0 2 1 1 0 3 1 0 0 12 27 12 4 0 0 0 0 0 0 1 2 1 4 0 0 1 4 15 3 9 0 1 4 1 1 0 1 0 7 1 0 0 0 1 33 18 177 299 584 198 57 55 121 145 17 49 101 542 22 0 1 4 10 149 1139 578 367 21 1 4 12 80 16 71 408 233 33 102 370 446 55 155 21 285 718 209 447 916 452 614 233 217 356 135 0 0 0 63 0 0 123 28 113 0 0 0 0 0 0 0 0 0 0 0 0 0 0 0
0 0 0 0 0 0 1 0 2 3 0 1 0 0 0 0 4 24 3 8 1 3 0 0 0 0 0 0 0 1 0 0 3 0 0 1 3 0 0 0 0 7 46 3 20 0 0 6 0 0 0 0 5 5 2 0 0 0 5 7 0 3 2 0 0 3 1 6 0 2 16 0 0 0 1 60 211 49 149 41 273 305 9 5 24 13 11 1 1 0 0 0 7 43 65 43 779 527 660 627 16 7 41 20 24 17 18 158 484 361 1000 725 126 955 277 12 30 191 1251 1352 193 423 108 6 75 119 24 0 55 24 0 0 78 11 5 0 0 0 0 0 0 0 0 0 0 0 0 0 0 0
0 0 0 0 0 0 21 3 0 25 0 0 0 0 0 0 0 2 78 1 4 5 0 0 0 0 0 0 0 12 12 1 0 0 0 0 0 0 0 0 0 0 3 86 39 0 0 0 0 0 14 30 0 0 0 0 0 0 11 0 20 19 2 18 0 0 41 13 9 24 69 0 0 4 0 353 708 544 159 29 71 389 49 4 9 319 9 9 1 23 1 0 4 52 9 19 117 488 240 324 0 40 390 157 404 86 169 544 320 1046 1130 838 795 801 292 291 200 181 923 449 160 79 0 1 0 13 29 0 22 1 0 0 4 0 0 0 1 0 0 0 0 0 0 0 0 0 0 0 0 0
0 0 0 0 0 0 4 5 6 1 0 0 0 0 0 0 0 0 3 1 10 0 0 2 2 1 0 0 0 0 2 0 0 0 0 0 0 0 0 0 0 0 0 11 31 0 0 0 0 10 19 73 0 0 5 14 6 11 12 26 87 19 7 22 10 199 177 125 213 183 26 9 2 0 40 780 1338 1340 557 13 2 422 50 6 1 14 8 15 0 39 12 9 4 4 0 1 91 389 197 332 21 67 576 580 1976 1520 1528 928 1071 1149 914 607 531 622 460 212 145 118 76 120 186 126 18 16 0 12 55 11 31 8 3 0 0 0 0 0 0 0 0 0 0 0 0 0 0 0 0 0 0 0
0 0 0 0 0 0 1 178 19 0 2 0 0 0 0 0 0 0 5 4 0 13 18 2 1 0 1 0 1 11 0 0 0 0 0 0 0 0 0 1 0 0 0 1 97 36 0 0 0 64 93 131 0 0 0 11 22 77 13 69 28 12 9 147 41 61 124 61 85 150 238 60 128 125 757 809 1724 930 86 10 2 10 0 0 0 0 80 84 4 48 4 14 1 0 5 32 60 23 32 16 10 0 1438 869 635 651 1234 268 660 900 1047 658 814 558 271 98 33 196 114 124 20 8 162 354 91 86 9 5 4 0 0 0 0 0 14 3 0 0 0 0 0 0 0 0 0 0 0 0 0 0
0 0 0 0 0 0 2 4 2 0 0 0 0 1 0 0 24 2 0 10 3 0 22 21 22 10 6 0 0 2 0 0 0 0 0 0 0 0 0 0 1 0 0 2 0 12 1 2 1 20 41 4 3 32 18 57 75 121 101 60 3 3 0 1 0 2 0 0 0 0 2 0 71 34 286 381 583 323 83 0 0 1 116 2 0 0 0 40 51 14 0 0 13 0 3 22 49 2 10 81 11 245 999 839 434 198 357 231 393 721 653 462 618 313 287 106 42 146 137 12 0 4 25 34 52 392 1 9 4 1 0 0 0 0 0 0 0 0 0 0 0 0 0 0 0 0 0 0 0 0
0 1 0 0 0 4 0 1 1 0 0 0 0 0 1 1 0 13 1 2 1 2 6 0 21 0 12 34 3 0 0 0 0 0 0 0 4 0 0 3 0 0 5 0 0 27 98 11 3 44 30 30 18 122 165 33 58 76 432 19 8 0 0 0 0 3 23 83 6 106 59 5 127 21 66 72 54 153 25 6 2 0 6 9 0 0 0 5 136 1 0 33 62 34 11 1 6 0 96 645 213 171 239 92 192 686 480 241 602 444 223 82 71 142 158 17 112 162 19 5 0 1 3 6 166 623 302 15 0 6 0 1 0 0 0 0 0 0 0 0 0 0 0 0 0 0 0 0 0 0
0 0 0 1 2 6 0 0 0 0 0 0 0 0 0 17 3 1 1 1 0 4 14 0 6 5 53 46 104 0 0 0 0 0 0 8 5 0 0 0 0 0 0 3 36 22 9 2 52 581 106 39 24 19 12 53 166 69 51 103 79 21 18 0 0 1 8 3 3 26 38 31 29 12 2 73 63 55 7 21 11 0 13 36 0 15 19 16 2 0 3 44 60 253 55 0 0 30 338 24 321 317 76 8 85 142 193 320 656 7 0 89 2 507 60 0 14 1 0 0 0 0 4 8 62 215 264 411 4 4 0 0 0 0 0 0 0 0 0 0 0 0 0 0 0 0 0 0 0 0
0 0 0 0 0 0 0 0 0 0 0 0 0 2 2 0 0 0 2 6 0 12 48 1 1 5 1 17 195 6 0 44 3 0 0 0 0 0 0 0 0 0 7 195 23 92 101 18 0 186 48 12 3 9 71 20 59 100 16 0 5 3 0 0 1 7 0 2 36 15 74 34 25 0 0 39 19 0 2 0 5 0 0 0 0 26 21 0 23 8 2 17 5 3 1 37 1 6 17 3 795 1028 732 134 253 248 169 404 177 21 0 0 2 139 12 0 0 0 0 0 0 0 1 52 14 4 11 133 6 0 0 0 0 0 0 0 0 0 0 0 0 0 0 0 0 0 0 0 0 0
0 0 0 0 7 0 28 0 0 0 0 0 0 0 0 0 1 1 12 2 2 1 7 3 0 10 5 2 0 5 1 16 2 0 1 0 0 0 0 2 10 10 16 21 19 22 17 26 100 233 324 129 17 54 9 7 62 0 0 0 0 3 10 30 298 90 6 1 4 8 82 30 3 0 15 123 292 116 4 28 8 7 3 5 0 0 4 4 15 13 5 0 0 1 1 0 0 4 329 366 1277 1072 482 170 2 36 132 66 1 0 0 0 0 11 0 0 0 0 0 0 0 0 2 3 0 0 19 354 0 0 0 0 0 0 0 0 0 1 0 0 0 0 0 0 0 0 0 0 0 0
0 0 0 0 0 0 0 0 0 0 0 0 0 2 1 2 1 0 0 1 2 5 8 2 4 1 0 0 0 0 17 195 4 1 0 0 0 13 0 0 70 25 0 0 2 0 8 15 441 912 343 316 63 8 1 5 2 1 0 0 2 1 1 0 14 13 17 9 4 42 20 21 9 0 0 7 89 52 38 68 28 27 6 57 3 1 25 21 203 64 6 13 2 13 2 14 4 2 75 398 161 124 34 0 9 14 113 48 4 0 0 0 9 80 0 0 0 0 0 0 0 0 0 0 0 36 38 0 0 2 1 1 0 0 0 0 0 0 0 0 0 0 0 0 0 0 0 0 0 0
0 0 0 1 0 0 0 0 0 0 0 0 0 2 0 0 1 0 0 0 1 0 34 2 0 0 0 0 0 0 0 10 81 10 3 0 16 589 13 18 1 0 0 0 0 0 38 17 50 443 383 111 5 0 0 7 0 1 6 1 0 0 0 0 17 2 40 7 0 5 17 19 22 2 4 1 14 2 23 53 1 34 20 0 0 8 19 0 0 1 0 10 3 0 0 0 6 0 2 2 9 0 8 81 57 78 52 49 162 117 61 15 43 0 0 0 0 0 0 0 0 0 0 17 34 40 72 0 0 0 0 1 0 0 0 0 0 0 0 0 0 0 0 0 0 0 0 0 0 0
0 0 1 0 0 0 0 0 0 0 0 0 0 1 1 2 2 5 2 3 3 1 0 0 0 2 0 0 0 4 0 10 6 11 9 11 19 12 19 0 0 0 0 0 29 74 24 53 1 147 116 17 1 0 6 7 6 27 0 0 0 0 0 0 0 1 3 7 1 0 0 0 172 80 5 10 0 0 0 7 1 39 116 198 6 1 1 1 0 0 0 1 2 1 6 1 1 0 1 4 3 1 2 99 61 31 7 0 19 31 0 105 35 0 0 0 0 0 0 0 0 0 2 20 18 8 46 97 0 0 0 0 0 0 0 0 0 0 0 0 0 0 0 0 0 0 0 0 0 0
0 0 0 0 0 0 0 0 0 0 0 0 0 0 0 0 0 1 10 0 0 0 0 0 0 1 1 0 0 0 0 4 3 11 39 0 0 158 0 0 0 0 0 15 12 46 43 3 11 36 89 63 28 14 28 3 3 3 2 2 0 0 0 0 0 0 0 4 5 3 6 1 12 98 44 10 0 0 0 0 0 2 14 90 6 3 0 0 0 0 4 1 0 0 1 1 1 4 0 6 12 6 5 16 573 0 0 3 0 0 0 3 6 0 0 19 0 0 0 0 0 0 0 1 0 21 41 12 0 0 2 0 0 0 0 0 0 0 0 0 0 0 0 0 0 0 0 0 0 0
0 0 0 0 0 0 0 0 0 0 0 0 0 1 16 0 0 1 2 0 0 7 2 4 0 0 0 1 0 0 0 0 12 26 61 0 0 27 1 1 0 0 0 9 81 16 2 2 2 4 61 31 0 3 0 1 1 1 0 0 4 0 0 0 15 0 0 0 4 8 5 36 2 3 1 9 10 0 0 0 1 0 0 5 8 13 225 5 0 7 0 0 3 3 18 0 0 3 1 4 8 31 9 107 281 315 0 6 0 0 0 0 7 2 13 7 0 0 0 2 0 0 0 0 0 43 11 67 0 0 0 0 0 0 0 19 7 27 0 0 0 0 0 0 0 0 0 0 0 0
0 0 0 0 0 0 0 0 0 0 0 0 0 0 21 1 0 7 0 0 0 5 1 3 0 0 0 10 2 0 0 5 2 2 12 5 0 1 5 2 0 2 3 10 64 12 2 0 0 2 9 8 2 3 1 1 0 0 0 0 0 0 0 3 5 1 0 0 7 1 1 9 0 1 0 3 14 2 0 0 0 0 32 11 2 5 14 12 13 0 6 0 0 2 0 8 0 0 0 4 12 10 4 8 28 614 44 2 0 0 0 0 0 2 10 11 0 0 6 1 0 0 0 0 8 98 11 6 0 0 0 0 0 0 3 0 2 5 0 0 0 0 0 0 0 0 0 0 0 0
0 0 0 0 0 0 0 0 1 0 0 1 0 0 4 3 8 19 5 0 2 18 13 2 0 0 0 1 2 5 8 1 0 26 2 0 0 22 32 11 32 67 27 108 151 3 3 0 3 1 1 17 35 11 1 0 0 0 0 0 0 0 0 1 2 0 0 1 6 31 46 24 16 6 0 0 2 5 0 0 0 0 0 0 0 0 0 5 16 2 7 0 1 0 0 0 0 1 0 1 1 7 49 3 25 1004 726 32 0 1 0 0 0 1 0 0 4 135 44 4 0 0 0 24 61 51 122 252 90 68 0 0 0 0 0 39 1 1 0 0 0 0 0 0 0 0 0 0 0 0
0 0 0 0 0 1 0 1 0 1 1 0 11 0 19 62 21 97 0 9 3 5 4 8 0 0 0 3 16 4 0 4 7 0 8 18 186 20 72 213 282 852 299 289 114 15 0 2 6 0 0 1 36 10 5 0 0 0 0 0 0 0 0 0 0 0 0 0 0 1 19 50 2 0 142 9 3 15 3 0 0 0 0 0 10 0 0 0 10 10 4 9 0 8 6 33 1 0 0 0 7 13 9 18 285 558 211 451 7 0 0 0 0 0 0 11 206 52 17 0 0 0 219 87 199 155 872 728 48 38 0 0 0 13 0 8 0 0 0 0 0 0 0 0 0 0 0 0 0 0
0 0 0 0 0 0 0 0 8 9 19 57 121 0 0 1 5 5 0 0 1 9 4 25 6 4 4 1 0 2 2 0 0 6 30 9 5 16 109 316 842 997 744 699 47 4 6 4 19 0 3 2 42 71 19 7 0 0 0 0 0 0 0 0 0 0 0 0 0 0 3 2 3 0 0 1 0 8 4 0 0 0 6 0 6 0 0 0 1 5 0 0 2 89 4 15 0 0 0 10 0 0 13 7 8 76 3 101 29 0 0 0 1 0 65 65 859 451 51 119 15 27 2 138 156 53 405 612 417 199 30 59 19 136 4 1 0 0 0 0 0 0 0 0 0 0 0 0 0 0
0 0 0 0 0 0 2 1 3 1 3 1 2 0 1 2 0 0 9 4 1 9 99 28 0 0 0 0 1 0 16 5 0 0 4 18 22 16 64 136 652 440 638 514 52 3 2 3 0 0 0 12 14 8 5 1 0 0 0 0 0 0 0 0 0 0 0 0 3 0 2 0 0 0 0 4 2 2 3 0 2 10 15 9 18 0 0 1 29 24 2 0 2 9 2 0 2 1 0 0 0 2 2 9 4 1 0 0 22 1 3 0 6 0 50 870 1042 530 148 156 114 86 39 12 0 3 15 116 18 68 9 515 527 45 41 3 0 0 0 0 0 0 0 0 0 0 0 0 0 0
0 0 0 0 0 1 1 3 1 1 0 11 1 2 0 22 2 0 15 19 251 83 7 0 0 0 1 0 10 11 4 0 9 97 27 2 0 0 1 205 618 351 301 240 148 19 21 0 12 5 0 0 2 4 8 9 0 0 0 0 0 0 0 0 0 0 0 0 0 0 2 0 0 0 0 0 0 2 12 0 6 13 30 127 73 1 0 0 0 0 0 7 3 1 0 0 11 2 0 1 0 0 0 3 2 6 2 3 281 185 399 541 114 138 635 894 625 365 70 488 83 179 6 1 52 34 42 86 0 0 33 196 332 51 65 5 0 0 0 0 0 0 0 0 0 0 0 0 0 0
0 0 12 0 0 0 0 8 0 2 0 2 5 14 2 9 9 10 11 13 59 0 0 0 0 0 0 1 1 13 4 8 3 3 3 0 3 1 7 16 22 73 55 10 4 0 1 0 0 0 2 3 32 3 5 1 8 10 3 0 0 0 0 0 0 0 0 0 0 0 0 0 0 0 0 8 0 18 6 0 0 19 5 32 0 0 0 0 6 0 4 1 0 10 9 9 2 0 0 0 4 0 2 1 0 3 4 24 213 84 134 103 53 340 1461 818 364 349 82 511 65 10 0 6 2 16 7 3 0 0 50 487 0 0 3 0 0 0 0 0 0 0 0 0 0 0 0 0 0 0
0 0 0 0 0 3 5 13 3 4 0 1 0 6 13 4 4 2 19 18 9 0 0 0 0 0 0 0 4 3 77 1 9 1 16 7 1 3 12 1 44 6 5 0 39 1 0 0 4 1 0 14 282 13 8 23 10 0 2 0 0 0 0 0 0 0 0 0 0 0 0 0 0 0 0 0 0 5 1 1 0 0 5 0 0 0 0 0 4 0 0 1 0 126 2 0 25 3 0 1 2 0 0 0 0 0 7 233 54 4 8 18 126 124 249 566 132 283 112 125 411 4 0 0 0 0 1 0 0 0 1 80 20 0 0 0 0 0 0 0 0 0 0 0 0 0 0 0 0 0
0 0 0 0 1 1 9 2 1 4 2 0 7 23 3 15 22 9 0 0 2 3 6 0 0 0 1 28 16 10 33 34 6 1 2 5 4 4 1 0 10 16 5 2 4 0 0 0 0 0 1 20 111 56 6 24 11 0 0 0 0 0 0 0 0 0 0 0 0 0 0 0 0 0 0 0 13 13 3 0 0 0 1 0 0 0 0 0 16 0 15 7 16 84 15 9 5 3 1 5 6 0 0 1 1 1 4 116 844 2 0 0 0 0 2 4 46 50 380 641 59 0 0 0 0 0 1 0 0 0 0 0 90 1 0 0 0 0 0 0 0 0 0 0 0 0 0 0 0 0
5 1 3 2 10 0 2 38 8 1 8 18 12 1 0 114 47 14 6 15 1 1 7 1 1 0 0 11 5 4 9 12 6 0 1 3 0 0 0 0 31 8 0 1 5 0 0 0 0 0 0 64 11 22 12 4 1 0 0 0 0 0 0 0 0 0 0 0 0 0 0 0 0 0 0 0 5 29 0 0 0 0 0 0 0 0 0 0 14 5 4 0 3 17 3 0 0 0 5 0 0 0 5 2 3 11 54 24 199 0 0 0 0 0 2 1 0 23 112 309 368 154 0 0 3 54 0 0 0 68 122 57 56 7 0 0 0 0 0 0 0 0 0 0 0 0 0 0 0 0
0 0 0 0 0 0 3 3 0 7 72 12 1 4 37 48 34 39 7 0 1 0 0 3 2 2 0 1 3 1 1 0 0 6 4 1 0 0 0 4 2 7 5 2 0 0 1 2 0 0 15 93 24 30 49 13 4 0 1 0 0 0 0 0 0 0 0 0 0 0 0 0 0 0 0 0 0 26 155 1 0 7 0 0 0 0 10 67 20 0 14 3 20 3 2 5 0 7 9 3 43 11 69 4 3 14 69 18 377 40 0 0 0 11 65 47 154 646 96 368 599 182 0 13 294 104 0 0 0 65 120 0 0 0 0 0 0 0 0 0 0 0 0 0 0 0 0 0 0 0
0 0 1 2 0 0 5 6 5 8 5 100 7 18 0 1 3 6 1 4 0 0 1 6 10 1 6 3 18 0 0 0 0 0 0 0 1 0 3 1 1 11 31 2 5 0 2 2 0 0 1 57 28 5 3 0 0 0 0 0 1 0 0 0 0 0 0 0 0 0 0 0 0 0 0 0 0 19 51 3 1 0 0 0 0 0 3 28 0 0 7 0 7 3 0 0 0 0 5 3 0 0 4 1 32 2 10 38 48 26 0 0 0 0 198 624 940 539 39 104 65 126 153 312 118 2 0 0 1 419 144 0 0 0 0 0 0 0 0 0 0 0 0 0 0 0 0 0 0 0
0 0 3 0 0 1 5 13 1 0 4 34 3 3 0 1 1 0 0 3 3 0 1 1 0 0 3 4 2 0 0 0 0 0 0 0 0 0 49 5 0 0 0 0 9 4 0 0 0 0 6 101 17 5 5 1 0 0 2 1 0 0 0 0 0 0 0 0 0 0 0 0 0 0 0 0 0 2 90 18 5 16 20 0 0 0 1 0 0 0 0 0 1 6 0 0 0 0 0 9 0 14 0 3 6 4 5 5 37 2 0 0 45 37 36 17 6 62 441 309 43 340 747 587 398 293 75 167 716 1624 664 42 0 0 0 0 0 0 0 0 0 0 0 0 0 0 0 0 0 0
1 1 2 0 0 4 14 1 0 15 21 9 0 33 84 2 1 2 0 0 0 0 0 0 0 11 28 0 0 0 1 2 6 0 1 0 0 0 0 16 0 2 1 0 1 2 8 0 1 3 15 315 23 4 0 4 0 1 0 2 1 0 0 0 0 0 0 0 0 0 0 0 0 0 0 0 1 19 74 0 3 35 9 0 0 0 0 0 5 10 3 1 7 25 0 13 13 1 0 10 6 0 3 6 4 4 4 1 184 60 5 26 32 4 0 14 12 446 320 594 620 926 910 725 1705 976 713 555 890 879 599 8 0 0 0 0 0 0 0 0 0 0 0 0 0 0 0 0 0 0
0 0 0 0 7 7 0 2 17 2 3 4 0 0 0 19 4 2 1 0 0 0 0 0 2 2 2 0 0 0 0 3 3 0 0 2 0 0 3 2 0 0 0 0 0 0 1 0 6 34 601 558 10 148 3 1 3 5 1 8 0 7 0 0 0 0 0 0 0 0 0 0 0 0 0 0 0 0 10 4 0 36 0 0 0 0 0 0 6 0 0 0 92 0 0 2 0 0 2 4 42 5 3 3 17 7 24 43 4 5 7 4 36 14 30 4 6 130 412 1736 1710 942 402 1122 1284 859 344 533 698 42 111 82 2 0 0 0 0 0 0 0 0 0 0 0 0 0 0 0 0 0
2 2 0 7 7 1 0 1 24 4 5 1 8 2 6 0 1 6 0 0 0 0 0 0 7 7 0 1 1 0 0 22 24 1 0 3 0 0 0 0 0 0 0 1 0 0 0 0 1 34 942 730 542 647 58 15 9 0 2 0 2 0 0 0 0 0 0 0 0 0 0 0 0 1 0 0 0 0 0 16 0 0 2 0 0 0 0 22 100 0 0 21 17 0 0 0 0 0 0 2 9 1 9 12 3 128 674 10 5 0 4 9 0 10 1 10 14 15 126 665 396 766 505 3016 1502 632 246 199 59 622 1057 679 0 0 0 0 0 0 0 0 0 0 0 0 0 0 0 0 0 0
0 1 4 20 1 1 23 10 18 5 21 57 0 1 2 0 0 0 0 0 0 0 0 0 1 0 0 0 0 0 0 15 4 2 0 1 0 2 0 0 0 0 0 3 1 0 0 0 0 5 175 419 571 585 59 50 3 2 2 1 1 0 0 0 0 0 0 0 0 0 0 0 0 0 0 0 0 1 0 10 2 4 6 0 0 0 0 15 67 0 2 16 289 0 0 0 0 0 0 5 6 62 25 21 44 10 9 20 0 0 0 2 3 2 7 19 5 5 6 46 254 454 294 660 1165 846 788 494 263 708 538 281 3 0 2 0 0 0 0 0 0 0 0 0 0 0 0 0 0 0
7 6 6 14 5 8 9 7 5 2 0 2 1 0 0 0 0 0 0 0 0 0 2 0 0 0 0 0 0 0 5 1 0 1 0 16 0 1 1 0 0 0 0 0 0 5 3 1 0 4 19 236 243 42 20 32 3 4 1 1 2 1 0 0 0 0 0 0 0 0 0 0 0 0 0 0 0 0 3 0 0 2 0 0 0 0 41 67 22 2 4 216 175 26 6 0 0 0 0 13 34 2 62 202 38 0 5 4 9 4 0 1 2 3 1 5 9 26 23 31 210 730 472 375 210 641 801 1478 263 212 104 84 0 0 0 0 0 0 0 0 0 0 0 0 0 0 0 0 0 0
0 2 36 0 6 0 20 84 32 5 7 2 2 2 0 0 0 0 0 0 0 0 3 0 0 0 0 0 5 0 0 1 0 0 0 0 0 0 0 0 0 0 0 0 0 1 0 0 3 33 4 18 98 7 15 0 0 35 72 0 0 0 0 0 0 0 0 0 0 0 0 0 0 0 0 0 0 0 0 0 0 4 9 9 20 138 4 0 10 49 170 201 125 3 31 1 0 1 24 20 81 437 244 409 382 41 24 2 11 7 0 0 3 1 3 9 13 157 27 586 344 942 2390 1838 713 312 2422 2605 1573 0 0 0 0 0 0 0 0 0 0 0 0 0 0 0 0 0 0 0 0 0
0 13 15 0 13 13 8 53 7 5 2 0 1 2 0 0 0 0 0 0 0 0 9 0 0 0 0 0 4 0 0 0 0 10 1 0 0 0 0 0 9 1 0 0 0 0 0 0 0 9 0 13 69 0 7 0 0 19 87 6 0 1 0 0 0 0 0 0 0 0 0 0 0 0 0 0 0 0 0 0 1 15 5 0 0 3 20 8 14 39 84 199 154 17 33 31 2 0 0 13 185 258 535 339 272 27 4 5 1 6 13 1 0 0 8 3 5 621 339 650 679 6 5 189 125 202 423 1080 399 5 194 9 0 0 0 0 0 0 0 0 0 0 0 0 0 0 0 0 0 0
15 6 165 0 36 161 47 14 0 4 1 0 1 3 0 0 0 0 0 0 2 0 0 0 0 0 0 3 0 0 0 0 1 0 0 0 0 0 0 0 2 3 2 0 0 0 0 0 3 0 0 7 10 0 4 2 2 24 6 23 3 0 0 0 0 0 0 0 0 0 0 0 0 0 0 0 0 0 0 1 23 49 0 0 67 1 182 3 0 7 2 13 12 2 0 0 0 0 0 27 7 99 1113 340 101 236 55 11 4 2 108 0 0 0 0 12 571 433 205 28 0 0 0 1 77 400 84 778 445 7 40 35 0 0 0 0 0 0 0 0 0 0 0 0 0 0 0 0 0 0
10 58 169 112 468 659 333 51 31 0 0 0 0 0 2 0 1 0 1 0 2 11 0 1 0 0 0 0 0 0 0 0 0 0 0 0 0 0 1 4 0 1 0 10 6 6 0 15 2 0 0 23 11 0 0 2 3 1 16 4 2 16 0 0 0 0 0 0 0 0 0 0 0 0 0 0 0 0 8 25 0 0 0 1 4 5 40 239 107 2 0 0 0 0 0 0 0 0 0 0 0 185 658 205 114 181 3 5 3 3 3 1 0 0 6 34 205 24 23 47 0 0 0 0 6 475 283 585 325 22 116 6 0 0 0 0 0 0 0 0 0 0 0 0 0 0 1 0 0 0
5 116 367 1037 623 402 199 27 0 0 2 4 14 0 0 1 1 11 1 1 11 3 0 0 2 0 0 0 0 0 0 0 0 0 0 0 0 0 0 0 0 2 1 4 1 0 0 3 40 0 0 0 31 0 2 7 3 0 1 0 0 4 0 0 0 0 0 0 0 0 0 0 0 0 0 0 0 29 2 0 0 0 0 0 0 0 63 31 4 0 2 1 2 0 0 0 0 0 0 0 25 63 15 19 129 100 0 0 2 1 2 12 7 14 5 1 4 12 6 23 26 78 6 0 26 146 125 288 36 3 0 0 0 0 0 0 0 0 0 0 0 0 0 0 0 0 0 0 0 0
2 6 220 264 227 187 62 22 1 1 0 4 0 0 0 0 0 2 2 1 4 1 0 0 2 0 0 0 1 0 2 0 0 0 1 0 2 1 0 0 0 0 0 0 1 0 0 3 1 2 0 0 0 1 0 6 0 0 0 0 0 0 0 0 0 0 0 0 0 0 0 0 0 4 0 0 5 2 0 0 0 0 0 0 0 0 143 7 9 12 28 3 0 0 55 15 0 0 0 535 1064 180 231 179 5 204 44 9 0 1 0 15 2 2 0 0 0 0 15 81 83 33 155 338 75 93 0 0 0 0 1 0 0 0 0 0 0 0 0 0 0 0 0 0 0 0 0 0 0 0
13 10 38 51 49 32 3 0 1 2 43 4 2 0 0 0 0 0 3 0 2 57 1 1 0 0 1 0 0 0 0 0 0 0 2 0 0 0 0 0 1 0 0 0 2 15 8 0 0 0 0 0 0 0 1 42 0 0 0 0 0 0 0 0 0 0 0 0 0 0 0 0 0 0 0 0 6 8 0 0 0 0 0 0 0 0 11 0 0 30 29 0 0 0 92 116 140 3 257 1727 488 573 74 35 0 36 79 111 5 8 58 0 0 0 0 0 1 2 18 41 128 48 14 23 19 60 34 11 64 55 21 0 0 0 0 0 0 0 0 0 0 0 0 0 0 0 0 0 0 0
50 12 14 1 0 0 0 0 0 0 0 0 0 0 0 0 0 0 0 0 1 14 6 0 0 0 0 2 0 1 2 0 0 10 6 0 0 0 0 0 1 0 0 5 1 7 2 6 2 0 1 0 5 2 90 13 7 0 0 0 0 0 0 0 0 0 0 0 0 0 0 0 0 0 49 13 5 0 0 0 0 0 0 0 0 0 10 0 0 0 149 19 2 1 181 409 96 9 85 172 9 50 25 6 4 3 5 183 678 167 7 0 0 8 20 0 0 3 1 1 25 1 25 6 19 78 33 78 270 66 41 0 0 0 0 0 0 0 0 0 0 0 0 0 0 0 0 0 0 0
28 0 9 0 0 0 1 0 0 0 0 0 0 0 0 0 0 1 0 0 0 2 0 0 0 0 2 0 0 24 8 45 6 0 0 0 0 0 0 0 0 0 0 0 10 0 0 0 0 0 1 0 3 7 13 2 0 0 0 0 0 0 0 0 0 0 0 0 0 0 0 0 0 0 22 54 0 0 0 0 0 0 0 0 0 0 58 58 140 111 87 18 14 17 2 83 57 4 0 0 7 2 2 4 11 5 321 393 142 36 1 0 0 0 0 0 0 12 3 0 1 13 7 19 11 181 53 177 142 225 39 0 0 0 0 0 0 0 0 0 0 0 0 0 0 0 0 0 0 0
1 1 0 4 2 0 0 0 0 0 0 0 0 0 0 0 0 1 0 1 0 0 0 0 0 0 0 1 5 0 0 0 0 0 2 0 0 0 0 0 0 2 0 0 0 2 0 0 0 0 0 2 2 30 9 2 1 0 0 0 0 0 0 0 0 0 0 0 0 0 0 4 7 1 1 0 0 0 0 0 0 0 0 0 0 0 2 0 128 3 0 0 0 2 1 39 4 1 3 1 0 5 0 11 1 293 761 409 48 109 0 0 0 0 0 0 0 1 175 14 1 30 0 13 7 44 62 64 9 48 0 56 0 0 0 0 0 0 0 0 0 0 0 0 0 0 0 0 0 0
5 0 0 1 1 0 0 0 0 0 0 0 0 0 0 0 0 0 0 0 0 0 0 6 0 0 0 0 1 1 0 0 0 0 3 0 0 0 0 0 0 0 0 0 0 0 0 0 0 0 0 2 6 101 6 1 11 0 0 0 0 0 0 0 0 0 0 0 0 0 2 4 10 0 0 0 0 0 0 0 0 0 0 0 0 0 8 0 3 0 0 0 1 25 0 0 11 1 23 1 3 5 2 0 57 107 72 11 47 294 0 0 0 0 0 0 0 0 4 4 0 16 0 64 84 52 328 52 26 39 5 0 0 0 0 0 0 0 0 0 0 0 0 0 0 0 0 0 0 0
0 0 0 0 0 23 0 0 0 0 0 0 0 0 0 0 1 0 0 0 0 0 0 0 0 0 1 0 0 0 0 10 0 0 0 0 0 0 0 0 0 0 2 1 0 0 0 0 0 0 4 0 3 1 1 0 4 1 0 0 0 0 0 0 0 0 0 3 2 2 1 0 0 0 0 0 0 0 0 0 0 0 0 0 0 1 2 0 4 0 0 45 137 10 1 0 1 0 2 5 3 6 32 26 62 32 0 13 2 11 5 0 0 0 0 0 0 1 0 0 3 9 2 33 0 0 0 299 7 4 1 0 0 0 0 0 0 0 0 0 0 0 0 0 0 0 0 0 0 0
0 0 0 0 48 19 1 0 0 0 0 0 0 0 6 0 0 0 0 0 0 0 0 0 0 0 0 0 4 0 1 0 1 0 0 1 0 0 1 1 0 0 0 5 3 1 1 0 0 33 0 0 0 7 4 2 3 4 0 0 0 0 0 0 0 0 1 0 5 4 0 1 0 0 0 0 0 0 0 0 0 0 0 0 0 0 0 0 78 43 156 339 234 74 0 0 1 1 0 41 20 609 596 47 5 27 8 0 0 15 5 0 0 0 0 0 0 0 0 0 0 0 0 0 0 2 175 137 0 0 0 0 0 0 0 0 0 0 0 0 0 0 0 0 0 0 0 0 0 0
0 0 0 0 1 3 0 0 0 0 0 0 0 2 0 0 0 0 2 0 0 0 0 0 0 0 0 0 0 6 1 0 0 0 0 1 0 0 0 0 0 0 0 0 3 3 0 0 1 0 0 0 0 6 1 2 0 0 0 0 0 0 0 0 0 0 0 0 15 1 0 0 0 0 0 0 0 0 0 0 0 0 0 0 0 0 2 5 235 125 268 169 123 31 0 5 1 2 1 44 80 85 98 26 1 0 3 0 0 2 5 0 0 0 0 0 0 0 0 2 2 101 169 0 0 18 5 1 0 0 0 0 0 0 0 0 0 0 0 0 0 0 0 0 0 0 0 0 0 0
0 0 0 2 3 0 0 0 0 0 0 0 19 9 0 0 0 0 1 0 0 0 0 0 0 9 7 0 0 21 0 0 0 0 0 0 0 0 0 0 0 0 0 0 4 2 2 0 0 1 1 0 0 17 10 8 0 0 0 0 0 0 0 0 0 0 2 3 283 0 0 1 0 0 0 0 0 0 0 0 0 0 0 1 10 21 33 6 1 14 0 3 19 1 19 4 0 1 1 19 105 0 0 15 0 0 0 3 4 30 24 30 2 0 0 0 0 0 0 0 0 0 0 0 0 25 0 1 0 0 0 0 0 0 0 0 0 0 0 0 0 0 0 0 0 0 0 0 0 0
0 0 0 0 5 0 0 0 0 0 0 0 0 0 2 1 4 0 0 0 0 0 0 0 0 0 1 0 0 1 0 0 0 0 0 0 0 0 0 0 0 0 0 0 0 0 3 4 0 6 0 0 0 3 4 3 3 0 0 0 0 0 0 0 0 0 7 70 16 0 0 2 0 0 0 0 0 0 0 0 0 0 0 0 85 0 3 2 2 16 3 1 4 11 44 6 7 14 12 15 20 16 19 1 42 0 0 15 59 135 181 371 19 5 0 0 0 0 0 0 0 0 0 0 0 0 0 0 0 0 0 0 0 0 0 0 0 0 0 0 0 0 0 0 0 0 0 0 0 0
0 0 0 0 1 1 0 1 0 0 0 0 1 0 0 0 0 0 0 0 0 0 0 0 1 0 0 0 0 0 0 0 0 0 0 0 0 0 3 1 0 0 0 0 0 0 0 4 10 0 0 0 0 1 0 37 106 0 2 0 0 0 0 1 0 7 53 99 1 0 2 2 0 0 0 0 0 0 0 0 0 0 0 37 122 1 3 7 22 47 132 3 20 0 1 13 51 23 22 4 1 2 6 10 0 2 14 3 51 43 206 170 42 1 16 0 0 0 0 0 0 0 0 0 0 0 0 0 0 0 0 0 0 0 0 0 0 0 0 0 0 0 0 0 0 0 0 0 0 0
0 0 1 0 0 0 0 0 0 0 0 0 0 0 0 2 3 0 0 0 0 0 0 0 0 0 0 0 1 2 0 0 0 0 1 0 1 0 0 1 0 0 0 0 0 0 2 8 59 2 0 0 0 0 4 6 0 6 27 12 3 1 2 3 8 6 9 2 0 2 0 0 0 0 0 0 0 0 0 0 0 0 0 0 0 0 1 40 9 0 0 0 0 0 5 194 2 0 0 0 0 2 2 1 18 50 434 992 540 111 16 0 0 1 0 0 0 0 0 0 0 0 0 0 0 0 0 0 0 0 0 0 0 0 0 0 0 0 0 0 0 0 0 0 0 0 0 0 0 0
0 0 2 0 0 22 0 3 0 0 2 0 0 0 1 0 1 0 0 1 0 0 0 0 0 0 0 0 0 0 0 0 0 0 0 0 0 0 6 0 0 0 0 2 1 2 9 15 3 2 1 0 10 6 10 9 0 0 0 2 0 0 0 3 1 0 2 2 0 17 0 9 0 0 0 0 0 0 0 0 0 0 0 0 0 0 0 0 4 0 24 17 0 2 111 13 0 0 0 0 0 1 0 6 38 80 199 352 196 217 97 127 20 10 0 0 0 0 0 0 0 0 0 0 0 0 0 0 0 0 0 0 0 0 0 0 0 0 0 0 0 0 0 0 0 0 0 0 0 0
0 0 1 0 12 36 4 0 1 0 1 0 0 1 0 0 0 0 0 0 2 0 0 0 0 0 0 0 0 0 0 0 1 0 0 0 0 0 0 2 0 1 0 1 0 0 3 5 2 1 5 0 0 1 2 0 0 2 4 1 0 0 0 1 11 5 0 1 2 0 0 0 2 1 0 0 0 0 0 0 0 0 0 0 0 0 0 0 4 0 0 1 6 17 2 22 154 0 0 0 0 0 0 39 140 363 4 0 201 50 0 25 6 0 0 0 0 0 0 0 0 0 0 0 0 0 0 0 0 0 0 0 0 0 0 0 0 0 0 0 0 0 0 0 0 0 0 0 0 0
0 0 0 0 0 4 0 0 2 0 0 0 0 2 0 0 0 0 0 0 0 0 0 0 0 0 0 0 0 0 1 0 0 0 0 0 0 0 0 0 0 0 0 1 0 0 4 0 1 3 0 0 0 3 0 0 0 0 6 5 5 80 1 0 0 0 0 0 0 0 2 1 10 1 0 0 0 0 0 0 0 0 0 0 0 0 0 0 0 0 0 16 57 30 28 222 321 0 0 0 0 0 0 3 14 0 1 0 0 0 26 52 3 0 0 0 0 0 0 0 0 0 0 0 0 0 0 0 0 0 0 0 0 0 0 0 0 0 0 0 0 0 7 12 6 0 0 0 0 0
0 0 0 0 0 0 0 0 0 0 0 0 2 0 2 0 0 0 0 0 0 0 0 0 0 0 0 0 0 0 0 0 0 0 0 0 0 0 0 0 0 0 1 0 0 1 0 0 0 0 8 0 3 3 0 1 0 0 7 4 0 0 0 0 0 0 0 0 1 0 2 0 0 0 0 0 0 0 0 0 0 0 0 0 0 0 0 0 26 6 5 17 222 186 55 0 1 1 0 0 0 0 0 0 2 0 1 2 1 76 105 2 0 2 0 0 0 0 0 0 0 0 0 0 0 0 0 0 0 0 0 0 0 0 0 0 0 0 0 0 0 0 0 3 0 0 0 0 0 0
0 1 0 0 0 0 0 0 0 1 0 0 0 1 0 0 0 0 0 0 0 0 0 0 3 0 0 0 0 0 0 0 0 0 0 0 0 0 0 0 0 0 0 0 0 0 0 0 0 0 3 9 16 0 0 0 1 0 1 2 4 0 0 0 0 0 0 0 0 0 0 0 0 1 0 0 0 0 0 0 0 0 0 0 0 0 0 0 0 1 5 63 542 0 0 15 0 0 0 0 0 0 0 10 0 0 0 5 22 54 21 1 0 0 0 0 0 0 0 0 0 0 0 0 0 0 0 0 0 0 0 0 0 0 0 0 0 0 0 0 0 0 0 0 0 0 0 0 0 0
0 0 0 0 0 0 0 0 0 0 0 1 8 0 0 0 0 0 1 3 0 0 0 1 0 0 0 0 0 0 0 0 0 0 0 0 0 0 0 0 0 0 0 0 0 0 0 0 0 0 0 21 0 0 0 0 1 0 0 2 2 2 0 0 0 0 0 0 0 0 3 68 2 0 0 0 0 0 0 0 0 0 0 0 0 0 0 0 3 0 0 10 1 2 0 0 0 0 0 0 0 0 0 0 0 0 0 0 0 0 0 0 0 0 0 0 0 0 0 0 0 0 0 0 0 0 0 0 0 0 0 0 0 0 0 0 0 0 0 0 0 0 0 0 0 0 0 0 0 0
1 0 0 0 0 0 0 0 0 0 0 2 0 0 0 0 0 0 0 0 0 0 4 30 0 0 0 0 0 0 0 0 0 0 0 0 6 0 0 0 0 0 0 0 0 0 0 0 0 0 0 31 4 0 3 0 4 1 0 0 0 9 11 1 0 0 0 0 0 0 0 7 3 1 2 0 0 0 0 0 0 0 0 0 0 0 0 0 2 5 2 18 5 8 22 2 0 1 0 0 0 0 0 0 0 0 0 0 0 0 0 0 0 0 0 0 0 0 0 0 0 0 0 0 0 0 0 0 0 0 0 0 0 0 0 0 0 0 0 0 0 0 0 0 0 0 0 0 0 0
0 0 0 0 0 0 0 0 0 0 1 0 0 1 0 0 0 0 0 0 0 0 2 0 2 0 0 0 2 0 0 0 0 0 0 0 0 0 0 0 0 1 0 0 0 0 0 0 0 0 2 21 35 3 1 0 0 0 0 0 1 31 68 0 0 0 0 0 0 0 0 0 1 0 2 0 0 0 0 0 0 0 0 0 0 0 0 0 0 0 14 16 1 14 14 5 0 0 0 0 0 0 0 0 0 0 0 0 0 0 0 0 0 0 0 0 0 0 0 0 0 0 0 0 0 0 0 0 0 0 0 0 0 0 0 0 0 0 0 0 0 0 0 0 0 0 0 0 0 0
0 0 0 0 0 0 0 0 0 0 0 0 2 0 0 0 0 0 0 0 0 0 0 0 1 0 0 0 0 0 0 0 0 0 0 0 0 0 0 0 1 0 0 0 0 0 0 0 0 6 3 36 142 2 13 0 0 0 0 2 0 21 0 0 0 0 0 0 0 0 0 0 0 0 2 0 0 1 0 0 0 0 0 0 0 1 0 0 0 0 0 2 0 11 5 1 0 0 0 0 0 0 0 0 0 0 0 0 0 0 0 0 0 0 0 0 0 0 0 0 0 0 0 0 0 0 0 0 0 0 0 0 0 0 0 0 0 0 0 0 0 0 1 0 0 0 0 0 0 0
0 0 0 0 0 0 0 0 0 0 0 0 8 140 0 1 0 0 5 0 0 0 0 0 2 0 0 0 0 0 0 0 0 0 0 0 0 0 0 0 0 0 0 0 0 0 0 0 3 6 0 16 199 1 28 1 0 0 1 0 0 6 7 0 0 0 0 0 0 0 0 0 0 0 0 0 0 0 0 0 0 0 0 0 0 0 0 0 0 0 0 2 2 5 7 1 7 1 0 10 0 0 0 0 0 0 0 0 0 0 0 0 0 0 0 0 0 0 0 0 0 0 0 0 0 0 0 0 0 0 0 0 0 0 0 0 0 0 0 0 0 0 0 0 0 0 0 0 0 0
0 0 0 0 0 0 0 0 0 4 0 0 0 0 0 0 1 0 3 0 0 0 0 4 0 6 0 0 0 0 0 0 0 0 0 1 0 0 0 0 0 0 0 0 0 0 0 6 0 3 4 13 10 0 0 0 0 0 1 0 5 4 0 1 0 0 0 0 0 0 0 0 0 0 0 0 0 0 0 0 0 0 0 0 0 0 0 0 0 0 0 0 0 0 1 2 10 0 13 0 0 0 0 0 0 0 0 0 0 0 0 0 0 0 0 0 0 0 0 0 0 0 0 0 0 0 0 0 0 0 0 0 0 0 0 0 0 0 0 0 0 0 0 0 0 1 0 0 0 0
0 0 2 0 0 0 0 0 0 1 0 0 0 0 0 0 0 3 0 0 0 2 0 0 2 0 0 0 0 0 2 0 0 1 17 0 0 1 0 0 0 0 0 0 0 0 10 8 0 0 0 0 0 0 0 0 0 0 0 0 5 0 3 0 0 0 0 0 0 0 0 0 0 0 0 0 0 0 0 0 0 0 0 0 0 0 0 0 0 0 0 0 0 0 0 7 8 30 0 0 0 0 0 0 0 0 0 0 0 0 0 0 0 0 0 0 0 0 0 0 0 0 0 0 0 0 0 0 0 0 0 0 0 0 0 0 0 0 0 0 0 0 0 0 6 14 0 0 0 0
0 0 0 0 0 0 0 0 0 0 0 0 0 0 0 0 0 7 0 3 0 0 0 0 1 4 0 0 0 0 0 1 0 1 0 2 0 1 0 0 0 0 0 0 0 0 3 0 0 0 0 0 0 0 0 0 0 0 0 0 0 0 0 0 0 0 0 0 0 0 0 0 1 0 0 0 0 0 0 0 0 0 0 0 0 0 0 0 0 0 0 0 0 0 1 2 6 3 0 2 1 2 0 0 0 0 0 0 0 0 0 0 0 0 0 0 0 0 0 0 0 0 0 0 0 0 0 0 0 0 0 0 0 0 0 0 0 0 0 0 0 0 0 0 0 0 0 0 0 0
0 0 0 0 0 0 0 0 0 0 0 1 0 0 0 0 2 0 0 0 0 0 0 0 0 0 0 0 0 0 0 0 0 0 0 0 0 0 0 0 0 0 0 0 0 0 0 0 0 0 0 0 0 0 0 0 0 0 0 0 3 0 0 0 0 0 0 0 0 0 0 2 0 0 0 0 0 0 0 0 0 0 0 0 0 0 0 0 5 0 0 0 0 0 2 0 0 0 0 0 0 2 0 0 0 0 0 0 0 0 0 0 0 0 0 0 0 0 0 0 0 0 0 0 0 0 0 0 0 0 0 0 0 0 0 0 0 0 0 0 0 0 0 0 0 0 0 0 0 0
0 0 0 0 0 0 0 0 0 0 4 1 6 0 0 2 3 0 0 0 0 0 0 0 0 0 0 0 0 0 0 0 0 0 0 0 0 0 0 0 0 0 0 1 7 2 0 0 0 0 0 0 0 0 0 0 0 0 0 0 0 0 0 0 0 0 0 0 0 0 3 1 0 0 0 0 0 0 0 0 0 0 0 0 0 0 0 0 0 0 0 0 0 0 2 1 3 0 0 0 0 0 0 0 0 0 0 0 0 0 0 0 0 0 0 0 0 0 0 0 0 0 0 0 0 0 0 0 0 0 0 0 0 0 0 0 0 0 0 0 0 0 0 0 0 0 0 0 0 0
0 0 0 0 0 0 0 0 2 0 0 1 8 0 0 16 4 2 0 0 0 0 0 0 0 0 0 0 0 0 0 0 0 0 0 0 0 0 0 0 0 0 0 3 1 0 0 0 0 0 0 0 0 0 0 0 0 0 0 22 3 0 0 0 0 0 0 0 36 0 0 0 0 0 0 0 0 0 0 0 0 0 0 0 0 0 0 0 0 0 0 0 0 0 0 0 1 1 2 3 0 0 0 0 0 0 0 0 0 0 0 0 0 0 0 0 0 0 0 0 0 0 0 0 0 0 0 0 0 0 0 0 0 0 0 0 0 0 0 0 0 0 0 0 0 0 0 0 0 0
0 0 0 0 0 1 0 0 0 0 0 0 8 1 0 0 4 8 5 0 0 0 0 0 0 0 0 0 0 0 0 0 0 0 0 0 1 2 2 2 0 0 3 1 0 0 0 0 0 0 0 0 0 0 0 0 0 0 0 0 11 93 4 0 2 0 0 0 134 59 2 0 0 0 0 0 0 0 0 0 0 0 0 0 0 0 0 0 0 0 0 0 0 0 0 0 0 0 0 0 0 0 0 0 0 0 0 0 0 0 0 0 0 0 0 0 0 0 0 0 0 0 0 0 0 0 0 0 0 0 0 0 0 0 0 0 0 0 0 0 0 0 0 0 0 0 0 0 0 0
0 0 0 0 0 0 3 0 0 0 0 3 67 6 0 1 28 0 2 7 0 1 0 42 4 1 0 0 0 0 3 0 0 0 2 3 12 4 13 5 0 0 7 0 0 0 0 0 0 0 0 0 0 0 0 0 0 0 0 0 0 1 0 5 167 41 11 0 0 0 0 0 0 0 0 0 0 0 0 0 0 0 0 0 0 0 0 0 0 0 0 0 0 0 0 0 0 0 0 0 0 0 0 0 0 0 0 0 0 0 0 0 0 0 0 0 0 0 0 0 0 0 0 0 0 0 0 0 0 0 0 0 0 0 0 0 0 0 0 0 0 0 0 0 0 0 0 0 0 0
1 53 8 0 0 0 0 0 0 0 1 2 1 0 0 0 2 0 0 2 6 92 40 9 9 0 0 0 0 2 2 0 0 0 0 19 30 1 0 1 0 0 0 0 0 0 0 0 0 0 0 0 0 0 0 0 0 0 0 0 0 0 0 0 1 0 0 0 0 0 0 0 0 0 0 0 0 0 0 0 0 0 0 0 0 0 0 0 0 0 0 0 0 0 0 0 0 0 0 0 0 0 0 0 0 0 0 0 0 0 0 0 0 0 0 0 0 0 0 0 0 0 0 0 0 0 0 0 0 0 0 0 0 0 0 0 0 0 0 0 0 0 0 0 0 0 0 0 0 0
18 13 7 0 0 1 0 0 0 0 0 0 2 0 0 3 2 2 0 5 1 247 5 2 17 5 0 0 0 14 6 0 0 0 0 0 2 0 0 0 2 23 0 0 0 0 0 0 0 0 0 0 0 0 0 0 0 0 0 0 0 0 0 0 7 0 0 0 0 0 0 0 0 0 0 0 0 0 0 0 0 0 0 0 0 0 0 0 0 1 0 0 0 0 0 0 0 0 0 0 0 0 0 0 0 0 0 0 0 0 0 0 0 0 0 0 0 0 0 0 0 0 0 0 0 0 0 0 0 0 0 0 0 0 0 0 0 0 0 0 0 0 0 0 0 0 0 0 0 0
0 0 0 0 0 0 0 0 0 0 0 0 1 0 0 0 0 2 0 1 0 6 5 11 1 7 30 1 1 3 0 0 0 0 0 1 1 0 0 0 0 0 0 0 0 0 0 0 0 0 0 0 0 0 0 0 0 0 0 0 0 0 0 0 0 0 0 0 0 0 0 0 0 0 0 0 0 0 0 0 0 0 0 0 0 0 0 0 0 0 0 0 0 0 0 0 0 0 0 0 0 0 0 0 0 0 0 0 0 0 0 0 0 0 0 0 0 0 0 0 0 0 0 0 0 0 0 0 0 0 0 0 0 0 0 0 0 0 0 0 0 0 0 0 0 0 0 0 0 0
0 0 0 0 0 0 0 0 0 0 0 0 0 0 0 0 0 1 0 1 0 0 0 0 2 8 8 8 16 2 0 0 0 75 2 0 0 0 0 0 0 0 0 0 0 0 0 0 0 0 0 0 0 0 0 0 0 0 0 0 0 0 0 0 0 0 0 0 0 0 0 0 0 0 0 0 0 0 0 0 0 0 0 0 0 0 0 0 0 0 0 0 0 0 0 0 0 0 0 0 0 0 0 0 0 0 0 0 0 0 0 0 0 0 0 0 0 0 0 0 0 0 0 0 0 0 0 0 0 0 0 0 0 0 0 0 0 0 0 0 0 0 0 0 0 0 0 0 0 0
0 0 0 0 0 0 0 0 0 0 0 0 0 0 0 0 0 0 0 0 0 0 0 0 0 1 0 6 229 99 2 5 2 15 1 0 5 0 0 0 0 0 1 0 0 0 0 0 0 0 0 0 0 0 0 0 0 0 0 0 0 0 0 0 0 0 0 0 0 0 0 0 0 0 0 0 0 0 0 0 0 0 0 0 0 0 0 0 0 0 0 0 0 0 0 0 0 0 0 0 0 0 0 0 0 0 0 0 0 0 0 0 0 0 0 0 0 0 0 0 0 0 0 0 0 0 0 0 0 0 0 0 0 0 0 0 0 0 0 0 0 0 0 0 0 0 0 0 0 0
0 0 0 0 0 0 0 0 0 0 0 0 0 0 0 0 0 0 0 2 1 0 0 0 0 2 1 10 0 0 3 0 0 3 0 1 6 0 0 0 0 0 0 0 0 0 0 0 0 0 0 0 0 0 0 0 0 0 0 0 0 0 0 0 0 0 0 0 0 0 0 0 0 0 0 0 0 0 0 0 0 0 0 0 0 0 0 0 0 0 0 0 0 0 0 0 0 0 0 0 0 0 0 0 0 0 0 0 0 0 0 0 0 0 0 0 0 0 0 0 0 0 0 0 0 0 0 0 0 0 0 0 0 0 0 0 0 0 0 0 0 0 0 0 0 0 0 0 0 0
0 0 0 0 0 0 0 3 0 0 0 0 0 0 0 0 0 0 0 0 0 0 0 0 4 2 7 0 0 0 7 2 0 4 0 0 0 1 0 0 0 0 0 0 0 0 0 0 0 0 0 0 0 0 0 0 0 0 0 0 0 0 0 0 0 0 0 0 0 0 0 0 0 0 0 0 0 0 0 0 0 0 0 0 0 0 0 0 0 0 0 0 0 0 0 0 0 0 0 0 0 0 0 0 0 0 0 0 0 0 0 0 0 0 0 0 0 0 0 0 0 0 0 0 0 0 0 0 0 0 0 0 0 0 0 0 0 0 0 0 0 0 0 0 0 0 0 0 0 0
0 0 0 0 0 0 0 0 1 0 0 0 2 2 0 0 0 0 0 0 0 0 0 0 0 0 0 0 0 0 0 0 7 0 0 1 1 2 0 0 0 0 0 0 0 0 0 0 0 0 0 0 0 0 0 0 0 0 0 0 0 0 0 0 0 0 0 0 0 0 0 0 0 0 0 0 0 0 0 0 0 0 0 0 0 0 0 0 0 0 0 0 0 0 0 0 0 0 0 0 0 0 0 0 0 0 0 0 0 0 0 0 0 0 0 0 0 0 0 0 0 0 0 0 0 0 0 0 0 0 0 0 0 0 0 0 0 0 0 0 0 0 0 0 0 0 0 0 0 0
1 0 0 0 0 0 0 0 0 0 0 1 0 0 0 0 0 0 0 0 0 0 0 0 0 0 0 15 0 1 13 0 0 0 0 0 0 0 0 0 0 0 0 0 0 0 0 0 0 0 0 0 0 0 0 0 0 0 0 0 0 0 0 0 0 0 0 0 0 0 0 0 0 0 0 0 0 0 0 0 0 0 0 0 0 0 0 0 0 0 0 0 0 0 0 0 0 0 0 0 0 0 0 0 0 0 0 0 0 0 0 0 0 0 0 0 0 0 0 0 0 0 0 0 0 0 0 0 0 0 0 0 0 0 0 0 0 0 0 0 0 0 0 0 0 0 0 0 0 0
0 0 0 0 0 0 0 0 0 3 0 0 0 0 0 0 0 0 0 0 0 0 0 0 0 0 0 3 1 0 0 0 0 5 2 0 0 0 0 0 0 0 0 0 0 0 0 0 0 0 0 0 0 0 0 0 0 0 0 0 0 0 0 0 0 0 0 0 0 0 0 0 0 0 0 0 0 0 0 0 0 0 0 0 0 0 0 0 0 0 0 0 0 0 0 0 0 0 0 0 0 0 0 0 0 0 0 0 0 0 0 0 0 0 0 0 0 0 0 0 0 0 0 0 0 0 0 0 0 0 0 0 0 0 0 0 0 0 0 0 0 0 0 0 0 0 0 0 0 0
0 0 0 0 0 0 0 0 0 0 5 3 0 0 0 0 0 0 0 0 0 0 0 0 0 0 0 0 0 0 0 0 2 0 0 0 0 0 0 0 0 0 0 0 0 0 0 0 0 0 0 0 0 0 1 0 0 0 0 0 0 0 0 0 0 0 0 0 0 0 0 0 0 0 0 0 0 0 0 0 0 0 0 0 0 0 0 0 0 0 0 0 0 0 0 0 0 0 0 0 0 0 0 0 0 0 0 0 0 0 0 0 0 0 0 0 0 0 0 0 0 0 0 0 0 0 0 0 0 0 0 0 0 0 0 0 0 0 0 0 0 0 0 0 0 0 0 0 0 0
0 0 0 0 0 0 0 0 0 1 0 0 0 2 0 0 0 0 0 0 0 0 0 0 0 0 0 0 0 0 0 0 0 0 0 0 0 0 0 0 0 0 0 0 0 0 0 0 0 0 0 0 0 0 0 0 0 0 0 0 0 0 0 0 0 0 0 0 0 0 0 0 0 0 0 0 0 0 0 0 0 0 0 0 0 0 0 0 0 0 0 0 0 0 0 0 0 0 0 0 0 0 0 0 0 0 0 0 0 0 0 0 0 0 0 0 0 0 0 0 0 0 0 0 0 0 0 0 0 0 0 0 0 0 0 0 0 0 0 0 0 0 0 0 0 0 0 0 0 0
0 0 0 0 0 0 0 0 0 1 0 0 0 0 0 0 0 0 0 0 0 0 0 0 0 0 0 0 0 0 1 0 0 0 0 0 0 0 0 0 0 0 0 0 0 0 0 0 0 0 0 3 0 0 0 0 0 0 0 0 0 0 0 0 0 0 0 0 0 0 0 0 0 0 0 0 0 0 0 0 0 0 0 0 0 0 0 0 0 0 0 0 0 0 0 0 0 0 0 0 0 0 0 0 0 0 0 0 0 0 0 0 0 0 0 0 0 0 0 0 0 0 0 0 0 0 0 0 0 0 0 0 0 0 0 0 0 0 0 0 0 0 0 0 0 0 0 0 0 0
0 0 0 0 0 0 0 0 15 23 0 0 0 0 0 0 0 0 0 0 0 0 0 0 0 0 0 0 0 0 0 0 0 0 0 0 0 0 0 0 0 0 0 0 0 0 0 0 0 0 3 0 0 0 0 0 0 0 0 0 0 0 0 0 0 0 0 0 0 0 0 0 0 0 0 0 0 0 0 0 0 0 0 0 0 0 0 0 0 0 0 0 0 0 0 0 0 0 0 0 0 0 0 0 0 0 0 0 0 0 0 0 0 0 0 0 0 0 0 0 0 0 0 0 0 0 0 0 0 0 0 0 0 0 0 0 0 0 0 0 0 0 0 0 0 0 0 0 0 0
0 0 0 0 0 0 26 20 30 1 0 0 0 0 0 0 0 0 0 0 0 0 0 0 0 0 0 0 0 0 0 0 0 0 0 0 0 0 0 0 0 0 0 0 0 0 0 0 0 45 40 0 0 0 0 0 0 0 0 0 0 0 0 0 0 0 0 0 0 0 0 0 0 0 0 0 0 0 0 0 0 0 0 0 0 0 0 0 0 0 0 0 0 0 0 0 0 0 0 0 0 0 0 0 0 0 0 0 0 0 0 0 0 0 0 0 0 0 0 0 0 0 0 0 0 0 0 0 0 0 0 0 0 0 0 0 0 0 0 0 0 0 0 0 0 0 0 0 0 0
0 0 0 0 0 0 62 35 0 0 0 0 0 0 0 0 0 0 0 0 0 0 0 0 0 0 0 0 0 0 0 0 0 0 0 0 0 0 0 0 0 0 0 0 0 0 0 0 0 0 0 0 1 0 0 0 0 0 0 0 0 0 0 0 0 0 0 0 0 0 0 0 0 0 0 0 0 0 0 0 0 0 0 0 0 0 0 0 0 0 0 0 0 0 0 0 0 0 0 0 0 0 0 0 0 0 0 0 0 0 0 0 0 0 0 0 0 0 0 0 0 0 0 0 0 0 0 0 0 0 0 0 0 0 0 0 0 0 0 0 0 0 0 0 0 0 0 0 0 0
0 0 0 0 0 0 0 0 0 0 0 0 0 0 0 0 0 0 0 0 0 0 0 0 0 0 0 0 0 0 0 0 0 0 0 0 0 0 0 0 0 0 0 0 0 0 0 0 0 0 0 0 11 64 0 0 0 0 0 0 0 0 0 0 0 0 0 0 0 0 0 0 0 0 0 0 0 0 0 0 0 0 0 0 0 0 0 0 0 0 0 0 0 0 0 0 0 0 0 0 0 0 0 0 0 0 0 0 0 0 0 0 0 0 0 0 0 0 0 0 0 0 0 0 0 0 0 0 0 0 0 0 0 0 0 0 0 0 0 0 0 0 0 0 0 0 0 0 0 0
0 0 0 0 0 0 0 0 0 0 0 0 0 0 0 0 0 0 0 0 0 0 0 0 0 0 0 0 0 0 0 0 0 0 0 0 0 0 0 0 0 0 0 0 0 0 0 0 0 0 0 0 0 11 0 0 0 0 0 0 0 0 0 0 0 0 0 0 0 0 0 0 0 0 0 0 0 0 0 0 0 0 0 0 0 0 0 0 0 0 0 0 0 0 0 0 0 0 0 0 0 0 0 0 0 0 0 0 0 0 0 0 0 0 0 0 0 0 0 0 0 0 0 0 0 0 0 0 0 0 0 0 0 0 0 0 0 0 0 0 0 0 0 0 0 0 0 0 0 0
0 0 0 0 0 0 0 0 0 0 0 0 0 0 0 0 0 0 0 0 0 0 0 0 0 0 0 0 0 0 0 0 0 0 0 0 0 0 0 0 0 0 0 0 0 0 0 0 0 0 0 0 0 0 0 0 0 0 0 0 0 0 0 0 0 0 0 0 0 0 0 0 0 0 0 0 0 0 0 0 0 0 0 0 0 0 0 0 0 0 0 0 0 0 0 0 0 0 0 0 0 0 0 0 0 0 0 0 0 0 0 0 0 0 0 0 0 0 0 0 0 0 0 0 0 0 0 0 0 0 0 0 0 0 0 0 0 0 0 0 0 0 0 0 0 0 0 0 0 0
0 0 0 0 0 0 0 0 0 0 0 0 0 0 0 0 0 0 0 0 0 0 0 0 0 0 0 0 0 0 0 0 0 0 0 0 0 0 0 0 0 0 0 0 0 0 0 0 0 0 0 0 3 0 0 0 0 0 0 0 0 0 0 0 0 0 0 0 0 0 0 0 0 0 0 0 0 0 0 0 0 0 0 0 0 0 0 0 0 0 0 0 0 0 0 0 0 0 0 0 0 0 0 0 0 0 0 0 0 0 0 0 0 0 0 0 0 0 0 0 0 0 0 0 0 0 0 0 0 0 0 0 0 0 0 0 0 0 0 0 0 0 0 0 0 0 0 0 0 0
0 0 0 0 0 0 0 0 0 0 0 0 0 0 0 0 0 0 0 0 0 0 0 0 0 0 0 0 0 0 3 0 0 0 0 0 0 0 0 0 0 0 0 0 0 0 0 0 0 0 0 0 0 3 0 0 0 0 0 0 0 0 0 0 0 0 0 0 0 0 0 0 0 0 0 0 0 0 0 0 0 0 0 0 0 0 0 0 0 0 0 0 0 0 0 0 0 0 0 0 0 0 0 0 0 0 0 0 0 0 0 0 0 0 0 0 0 0 0 0 0 0 0 0 0 0 0 0 0 0 0 0 0 0 0 0 0 0 0 0 0 0 0 0 0 0 0 0 0 0
0 0 0 0 0 0 0 0 0 0 0 0 0 0 0 0 0 0 0 0 0 0 0 0 0 0 0 0 0 0 1 16 39 0 0 0 0 0 0 0 0 0 0 0 0 0 0 0 0 0 0 0 0 0 0 0 0 0 0 0 0 0 0 0 0 0 0 0 0 0 0 0 0 0 0 0 0 0 0 0 0 0 0 0 0 0 0 0 0 0 0 0 0 0 0 0 0 0 0 0 0 0 0 0 0 0 0 0 0 0 0 0 0 0 0 0 0 0 0 0 0 0 0 0 0 0 0 0 0 0 0 0 0 0 0 0 0 0 0 0 0 0 0 0 0 0 0 0 0 0
0 0 0 0 0 0 0 0 0 0 0 0 0 0 0 0 0 0 0 0 0 0 0 0 0 0 0 0 0 0 7 9 0 0 0 0 3 0 0 0 0 0 0 0 0 0 0 0 0 0 0 0 0 0 0 0 0 0 0 0 0 0 0 0 0 0 0 0 0 0 0 0 0 0 0 0 0 0 0 0 0 0 0 0 0 0 0 0 0 0 0 0 0 0 0 0 0 0 0 0 0 0 0 0 0 0 0 0 0 0 0 0 0 0 0 0 0 0 0 0 0 0 0 0 0 0 0 0 0 0 0 0 0 0 0 0 0 0 0 0 0 0 0 0 0 0 0 0 0 0
0 0 0 0 0 0 0 0 0 0 0 0 0 0 0 0 0 0 0 0 0 0 0 0 0 0 0 0 0 6 0 0 0 0 1 0 0 0 0 0 0 0 0 0 0 0 0 0 0 0 0 0 0 0 0 0 0 0 0 0 0 0 0 0 0 0 0 0 1 2 0 0 0 0 0 0 0 0 0 0 0 0 0 0 0 0 0 0 0 0 0 0 0 0 0 0 0 0 0 0 0 0 0 0 0 0 0 0 0 0 0 0 0 0 0 0 0 0 0 0 0 0 0 0 0 0 0 0 0 0 0 0 0 0 0 0 0 0 0 0 0 0 0 0 0 0 0 0 0 0
0 0 0 0 0 0 0 0 0 0 0 0 0 0 0 0 0 0 0 0 0 0 0 0 0 0 0 0 0 359 118 0 0 0 0 0 0 0 0 0 0 0 0 0 0 0 0 0 0 0 0 0 0 0 0 0 0 0 0 0 0 0 0 0 0 0 0 0 0 0 0 0 0 0 0 0 0 0 0 0 0 0 0 0 0 0 0 0 0 0 0 0 0 0 0 0 0 0 0 0 0 0 0 0 0 0 0 0 0 0 0 0 0 0 0 0 0 0 0 0 0 0 0 0 0 0 0 0 0 0 0 0 0 0 0 0 0 0 0 0 0 0 0 0 0 0 0 0 0 0
0 0 0 0 0 0 0 0 0 0 0 0 0 0 0 0 0 0 0 0 0 0 0 0 0 0 7 0 0 0 0 0 0 0 0 0 0 0 0 0 0 0 0 0 0 0 0 0 1 59 0 0 0 0 0 0 0 0 0 0 0 0 0 0 0 0 0 0 0 0 0 0 0 0 0 0 0 0 0 0 0 0 0 0 0 0 0 0 0 0 0 0 0 0 0 0 0 0 0 0 0 0 0 0 0 0 0 0 0 0 0 0 0 0 0 0 0 0 0 0 0 0 0 0 0 0 0 0 0 0 0 0 0 0 0 0 0 0 0 0 0 0 0 0 0 0 0 0 0 0
0 0 0 0 0 0 0 0 0 0 0 0 0 0 0 0 0 0 0 0 0 0 0 0 0 0 15 0 0 0 0 0 0 0 0 0 0 0 0 0 0 0 0 0 0 0 0 0 1 0 0 0 0 0 0 0 0 0 0 0 0 0 0 0 0 0 0 0 0 0 0 0 0 0 0 0 0 0 0 0 0 0 0 0 0 0 0 0 0 0 0 0 0 0 0 0 0 0 0 0 0 0 0 0 0 0 0 0 0 0 0 0 0 0 0 0 0 0 0 0 0 0 0 0 0 0 0 0 0 0 0 0 0 0 0 0 0 0 0 0 0 0 0 0 0 0 0 0 0 0
0 0 0 0 0 0 0 0 0 0 0 0 0 0 0 0 0 0 0 0 0 0 0 0 0 0 0 5 3 0 0 0 0 0 0 0 0 0 0 0 0 0 0 0 0 0 0 0 0 0 0 0 0 0 0 0 0 0 0 0 0 0 0 0 0 0 0 0 0 0 0 0 0 0 0 0 0 0 0 0 0 0 0 0 0 0 0 0 0 0 0 0 0 0 0 0 0 0 0 0 0 0 0 0 0 0 0 0 0 0 0 0 0 0 0 0 0 0 0 0 0 0 0 0 0 0 0 0 0 0 0 0 0 0 0 0 0 0 0 0 0 0 0 0 0 0 0 0 0 0
0 0 0 0 0 0 0 0 0 0 0 0 0 0 0 0 0 0 0 0 0 0 0 0 0 0 0 0 0 0 0 0 0 0 0 0 0 0 0 0 0 0 0 0 0 0 0 0 0 0 0 0 0 0 0 0 0 0 0 0 0 0 0 0 0 0 0 0 0 0 0 0 0 0 0 0 0 0 0 0 0 0 0 0 0 0 0 0 0 0 0 0 0 0 0 0 0 0 0 0 0 0 0 0 0 0 0 0 0 0 0 0 0 0 0 0 0 0 0 0 0 0 0 0 0 0 0 0 0 0 0 0 0 0 0 0 0 0 0 0 0 0 0 0 0 0 0 0 0 0
0 0 0 0 0 0 0 0 0 0 0 0 0 0 0 0 0 0 0 0 0 0 0 0 0 0 0 0 0 0 0 0 0 0 0 0 0 0 0 0 0 0 0 0 0 0 0 0 0 0 3 0 0 0 0 0 0 0 0 0 0 0 0 0 0 0 0 0 0 0 0 0 0 0 0 0 0 0 0 0 0 0 0 0 0 0 0 0 0 0 0 0 0 0 0 0 0 0 0 0 0 0 0 0 0 0 0 0 0 0 0 0 0 0 0 0 0 0 0 0 0 0 0 0 0 0 0 0 0 0 0 0 0 0 0 0 0 0 0 0 0 0 0 0 0 0 0 0 0 0
0 0 0 0 0 0 0 0 0 0 0 0 0 0 0 0 0 0 0 0 0 0 0 0 0 0 0 0 0 0 0 0 0 0 0 0 0 0 0 0 0 0 0 0 0 0 0 0 0 0 0 0 0 0 0 0 0 0 0 0 0 0 0 0 0 0 0 0 0 0 0 0 0 0 0 0 0 0 0 0 0 0 0 0 0 0 0 0 0 0 0 0 0 0 0 0 0 0 0 0 0 0 0 0 0 0 0 0 0 0 0 0 0 0 0 0 0 0 0 0 0 0 0 0 0 0 0 0 0 0 0 0 0 0 0 0 0 0 0 0 0 0 0 0 0 0 0 0 0 0
0 0 0 0 0 0 0 0 0 0 0 0 0 0 0 0 0 0 0 0 0 0 0 0 0 0 0 0 0 0 0 0 0 0 0 0 0 0 0 0 0 0 0 0 0 0 0 0 0 0 0 0 0 0 0 0 0 0 0 0 0 0 0 0 0 0 0 0 0 0 0 0 0 0 0 0 0 0 0 0 0 0 0 0 0 0 0 0 0 0 0 0 0 0 0 0 0 0 0 0 0 0 0 0 0 0 0 0 0 0 0 0 0 0 0 0 0 0 0 0 0 0 0 0 0 0 0 0 0 0 0 0 0 0 0 0 0 0 0 0 0 0 0 0 0 0 0 0 0 0
0 0 0 0 0 0 0 0 0 0 0 0 0 0 0 0 0 0 0 0 0 0 0 1 0 0 0 0 0 0 0 0 0 0 0 0 0 0 0 0 0 0 0 0 0 0 0 0 0 0 0 0 0 0 0 0 0 0 0 0 0 0 0 0 0 0 0 0 0 0 0 0 0 0 0 0 0 0 0 0 0 0 0 0 0 0 0 0 0 0 0 0 0 0 0 0 0 0 0 0 0 0 0 0 0 0 0 0 0 0 0 0 0 0 0 0 0 0 0 0 0 0 0 0 0 0 0 0 0 0 0 0 0 0 0 0 0 0 0 0 0 0 0 0 0 0 0 0 0 0
