0 0 14 0 0 0 3 0 4 53 2 4 0 3 0 0 0 2 5 0 0 5 0 0 1 13 0 0 0 0 0 0 1 8 1 3 0 0 1 4 0 0 0 1 2 0 0 0 0 0 0 0 0 0 0 1 0 0 0 5 23 16 5 1 0 0 3 0 0 0 0 2 20 108 128 264 77 21 33 0 21 136 31 46 56 162 168 149 41 205 764 502 55 415 453 614 772 407 609 82 270 63 13 22 23 24 27 292 175 6 7 4 28 54 58 32 25 6 0 0 5 28 7 13 4 0 0 2 10 5 0 21 7 3 3 0 0 2 0 0 4 0 0 0 0 0 0 0 0 4
0 0 1 2 0 0 0 0 0 19 5 10 8 0 0 0 0 0 11 0 0 1 44 0 9 14 0 1 0 0 0 0 0 0 0 0 0 0 6 0 0 0 0 0 0 0 0 0 0 0 0 0 0 1 5 0 0 0 0 27 100 6 3 10 5 1 0 0 0 0 0 0 28 26 19 3 28 51 2 14 60 29 7 3 58 184 248 135 176 285 82 29 213 498 178 172 284 395 627 454 193 45 27 24 15 13 3 57 30 4 18 6 3 10 38 25 9 8 2 10 1 6 15 3 1 1 1 3 11 19 17 5 67 66 1 0 0 0 1 44 26 0 0 0 0 0 0 0 0 0
2 0 0 0 7 0 0 0 0 2 2 0 14 3 1 0 0 2 2 2 4 6 55 21 6 0 0 2 0 0 0 0 0 0 0 0 15 5 0 43 7 0 0 2 0 0 0 0 0 0 0 0 0 0 2 0 0 0 0 8 6 6 0 2 0 0 0 0 0 0 24 0 0 0 0 0 0 33 76 90 60 54 3 13 31 469 451 142 7 10 67 23 57 225 364 464 167 246 216 301 458 259 88 66 10 11 3 16 179 95 14 6 4 4 8 5 12 13 7 10 31 20 2 7 1 4 6 7 3 13 8 9 46 76 0 0 7 0 8 10 7 0 0 0 0 0 0 1 0 0
20 27 0 0 0 0 0 0 0 2 0 0 0 0 8 5 0 0 0 0 0 0 5 5 2 0 2 9 3 0 0 0 0 0 0 0 0 1 0 0 0 0 0 0 0 0 0 0 0 0 2 0 1 0 49 17 2 16 11 2 2 1 5 8 0 0 0 0 0 0 1 99 59 0 0 2 22 66 210 118 133 23 66 116 113 8 31 151 3 172 654 663 1263 486 701 277 66 152 498 298 324 359 109 10 15 81 7 17 202 30 14 15 13 3 6 3 15 47 30 22 23 54 29 3 0 4 1 3 6 2 5 9 18 0 2 0 10 0 0 24 73 8 0 0 0 0 0 0 0 0
2 27 1 0 0 0 0 0 15 3 8 0 0 0 0 8 10 2 0 5 0 2 0 0 0 0 0 0 0 0 0 0 0 0 1 13 8 0 2 0 0 0 0 0 0 0 0 0 0 1 0 0 0 2 33 99 26 16 0 0 18 3 0 9 0 0 0 0 0 11 113 31 85 114 5 61 52 81 123 124 154 186 216 178 204 68 39 21 14 395 1159 408 416 613 344 154 39 430 270 568 492 586 501 535 423 88 72 45 10 8 14 34 23 20 6 1 0 19 54 34 151 808 79 11 6 1 2 0 0 6 0 2 0 0 1 0 0 0 0 3 31 5 0 0 0 0 0 0 0 0
21 25 0 0 0 0 0 0 1 0 6 0 0 0 0 0 0 1 4 30 3 3 1 0 0 1 0 0 0 1 0 0 0 0 3 64 23 15 0 0 0 0 0 0 0 0 0 0 0 5 25 11 1 2 7 166 15 10 6 7 0 0 3 0 0 0 0 0 6 27 59 146 150 67 57 45 14 23 47 221 357 365 285 86 1 108 50 17 2 208 1553 859 33 252 771 400 81 1261 628 377 308 378 700 370 30 87 24 41 2 21 1 3 14 10 3 25 16 3 0 8 62 73 2 5 1 5 2 0 3 0 1 0 2 0 1 0 2 0 0 0 2 9 1 0 0 0 0 0 0 0
0 0 0 0 0 0 0 0 0 9 4 0 0 4 0 0 0 0 0 0 0 2 3 0 0 0 0 0 0 0 2 0 0 0 0 8 3 8 4 0 0 0 0 0 0 0 0 0 0 0 2 1 0 10 2 27 10 1 35 33 3 1 0 3 1 1 0 0 4 54 38 52 151 254 246 85 248 80 224 314 503 472 663 338 86 21 1 109 52 76 1051 826 34 294 601 378 267 434 452 76 11 225 94 68 20 35 63 13 4 9 22 96 117 12 20 16 2 1 22 13 45 92 3 3 5 2 8 2 0 0 15 0 0 0 0 0 0 3 0 0 1 1 0 0 0 0 0 0 0 0
0 0 0 0 0 0 0 0 0 0 1 2 0 0 0 0 0 0 0 0 0 0 0 0 0 0 0 0 0 2 2 0 0 0 0 1 0 1 4 5 0 0 0 0 0 0 0 0 0 0 0 0 2 9 0 2 0 9 47 55 43 42 39 2 2 20 0 0 3 46 2 0 22 28 30 28 70 138 398 592 597 290 492 146 86 109 105 440 157 65 357 91 40 295 225 243 212 480 590 133 116 264 283 298 102 97 42 45 49 15 197 253 35 22 11 41 6 0 6 7 11 6 8 1 10 3 9 0 9 0 0 0 0 0 0 0 0 0 0 0 0 0 0 0 0 0 0 0 0 0
1 0 0 0 0 0 1 0 0 8 0 0 0 0 5 0 0 0 0 0 0 0 0 0 0 0 0 0 0 0 0 0 0 0 2 1 0 1 2 1 0 0 0 0 0 0 0 0 0 0 0 0 4 7 0 0 0 11 21 37 198 158 28 1 1 14 0 1 0 25 0 0 0 2 0 10 6 18 64 341 514 697 585 23 12 12 227 178 289 32 17 4 247 719 917 991 59 354 209 85 240 49 48 198 551 100 172 172 48 65 525 99 141 10 26 5 2 2 34 4 34 1 7 11 5 2 0 5 0 0 7 0 0 0 0 0 0 0 0 0 0 0 0 0 0 0 0 0 0 0
0 0 0 0 0 0 0 3 8 3 0 0 0 0 0 0 0 0 0 0 0 0 0 0 0 0 0 0 0 0 0 0 0 0 0 0 0 0 0 0 0 0 0 0 0 0 3 0 4 0 2 0 4 5 0 1 1 0 0 10 32 180 11 9 0 8 0 3 0 3 0 0 0 0 0 6 7 31 192 541 731 419 500 214 778 522 282 54 79 129 35 2 10 444 799 1251 645 66 74 14 46 89 21 5 59 235 227 124 42 10 397 323 170 8 3 121 277 338 168 29 14 9 12 70 22 26 8 3 1 10 62 6 0 0 0 0 0 0 0 0 0 0 0 0 0 0 0 0 0 0
0 0 20 0 0 0 1 0 1 0 1 5 0 0 0 5 2 3 0 0 0 0 0 0 0 3 0 0 0 0 0 0 0 0 0 2 0 0 1 0 0 5 0 1 0 0 0 5 10 23 10 1 2 3 0 0 0 6 5 6 1 71 10 9 0 0 0 0 0 0 0 0 0 0 0 0 9 14 54 200 294 231 495 132 138 166 114 244 359 189 31 0 9 118 274 682 574 33 12 60 28 12 2 13 37 166 473 287 101 123 290 57 86 22 2 74 225 378 236 127 208 104 176 91 47 272 88 85 52 10 3 61 22 23 15 0 0 0 0 0 0 0 0 0 0 0 0 0 0 0
0 0 2 0 0 0 0 0 6 0 0 0 0 0 0 1 13 14 1 0 0 0 1 0 0 0 0 0 0 0 0 0 0 1 6 0 0 1 0 0 1 8 28 17 1 0 2 0 0 0 0 0 3 0 0 0 0 0 0 6 2 2 0 0 0 0 2 4 0 0 1 1 0 0 0 0 52 5 64 154 432 95 13 18 96 59 4 14 76 431 14 0 0 1 7 60 625 293 204 11 0 4 5 21 26 52 245 128 16 32 112 133 52 53 13 159 492 130 393 501 226 213 98 57 71 163 0 0 0 25 3 0 55 46 22 1 0 0 0 0 0 0 0 0 0 0 0 0 0 0
2 0 0 0 0 1 1 0 3 7 0 0 0 0 0 0 2 12 2 3 4 6 0 0 0 0 0 0 0 0 1 0 0 0 0 0 0 1 0 0 0 3 33 5 7 0 0 17 0 0 0 0 2 4 1 0 0 0 3 2 2 4 0 0 0 0 0 0 0 4 6 0 0 0 0 21 109 19 119 36 65 173 16 0 16 9 4 0 0 1 0 0 5 26 89 17 411 279 499 326 4 1 30 15 10 4 5 86 283 198 651 380 89 476 149 5 11 86 849 688 60 169 90 0 30 57 7 0 43 58 0 0 21 16 2 0 0 0 0 0 0 0 0 0 0 0 0 0 0 0
0 0 0 0 0 0 5 0 0 1 0 0 0 0 0 0 0 0 56 2 3 4 0 0 0 0 0 0 0 23 11 0 0 0 0 0 0 0 0 0 0 6 0 52 19 0 0 0 2 0 4 12 1 0 0 0 0 0 6 0 8 6 0 0 0 0 21 14 8 6 28 0 1 0 3 323 469 267 100 10 49 210 16 0 24 97 10 0 0 22 0 0 1 64 4 17 98 407 131 181 0 7 231 90 303 65 55 231 156 489 848 688 433 213 141 176 116 144 515 359 84 44 0 5 0 10 22 0 6 1 0 0 0 1 0 0 0 0 0 0 0 0 0 0 0 0 0 0 0 0
0 0 0 0 0 0 0 1 2 1 0 0 0 0 0 0 0 0 2 8 4 0 0 1 0 0 0 0 0 0 5 0 0 1 0 0 0 0 0 0 0 0 0 23 12 0 0 1 1 8 8 13 0 0 5 0 4 6 5 24 54 11 1 40 14 5 89 61 107 126 31 0 6 0 38 474 719 855 320 10 3 95 29 1 7 8 9 7 0 30 14 9 1 1 0 1 39 306 179 218 2 24 403 388 1227 810 942 661 930 582 522 398 370 413 328 166 152 78 44 32 57 93 6 9 0 10 34 5 10 12 1 0 0 0 0 0 0 0 0 0 0 0 0 0 0 0 0 0 0 0
0 0 0 0 0 0 0 23 12 6 0 0 0 0 0 0 4 0 0 9 0 8 8 0 1 0 0 0 3 0 0 0 0 0 0 0 0 0 0 0 0 0 0 0 1 10 0 0 0 8 55 80 1 1 0 8 20 63 11 50 16 11 3 31 25 47 86 39 47 102 128 20 68 105 387 546 959 526 68 4 16 5 0 0 0 0 9 50 2 50 1 8 0 0 11 13 21 10 35 18 11 0 1011 514 400 500 700 180 473 585 668 462 519 203 273 86 26 67 61 43 11 3 100 251 34 39 2 0 1 1 0 0 0 0 8 2 0 0 0 0 0 0 0 0 0 0 0 0 0 0
0 0 0 0 0 0 0 2 0 0 0 0 0 1 0 0 8 2 0 1 2 0 16 31 13 7 2 0 0 0 0 0 0 0 0 0 0 0 0 0 3 0 0 0 0 3 1 1 43 6 11 4 1 15 5 30 49 99 57 24 1 0 0 0 0 0 1 0 0 0 3 1 43 37 201 289 280 139 30 0 0 0 0 0 0 0 1 23 60 5 0 0 7 0 1 2 27 0 7 62 10 207 671 691 328 138 263 190 339 436 492 250 379 164 154 57 37 56 79 7 0 1 45 18 64 232 3 22 0 0 0 0 0 0 0 0 0 0 0 0 0 0 0 0 0 0 0 0 0 0
0 0 0 1 0 2 0 2 0 0 0 0 0 0 0 1 0 1 1 5 1 0 0 0 13 0 3 20 1 1 0 0 0 0 0 0 2 1 0 0 0 0 0 0 0 12 28 0 3 8 10 25 2 52 23 11 24 51 207 6 5 1 0 0 3 1 27 46 12 34 30 4 61 26 12 61 13 72 11 5 1 0 4 1 0 0 0 2 83 0 0 21 50 37 7 2 1 0 19 395 125 125 109 51 79 334 92 103 269 258 75 69 38 92 67 11 52 94 3 2 0 1 2 3 78 381 125 4 1 1 0 0 0 0 0 0 0 0 0 0 0 0 0 0 0 0 0 0 0 0
0 0 0 2 1 1 0 0 0 0 0 0 2 2 0 0 0 0 0 1 2 0 3 0 4 1 90 33 18 0 0 0 0 0 2 37 2 0 0 0 0 1 0 10 17 11 19 23 20 209 64 11 12 12 3 23 100 64 21 20 27 21 2 0 0 0 4 6 1 11 7 15 22 7 2 40 65 17 2 13 51 0 4 15 0 8 6 3 2 0 1 27 126 145 16 0 0 19 170 24 99 175 52 17 67 72 130 262 238 0 0 39 4 393 55 0 13 1 0 0 0 0 3 5 22 130 147 328 1 22 0 0 0 0 0 0 0 0 0 0 0 0 0 0 0 0 0 0 0 0
0 0 1 0 0 0 0 0 0 0 0 0 0 0 0 0 0 0 1 2 1 6 230 1 0 2 2 19 109 2 0 2 3 0 0 0 0 0 0 0 0 0 10 28 8 73 61 12 2 93 36 1 0 4 53 3 16 33 27 0 2 1 1 0 1 3 4 0 2 1 32 45 12 0 0 27 5 0 2 0 1 0 0 0 0 11 13 0 2 6 2 10 2 0 1 16 0 2 12 1 656 985 590 85 56 95 144 287 115 3 0 0 1 159 43 0 0 0 0 0 0 0 0 2 14 1 11 92 8 0 0 0 0 0 0 0 0 0 0 0 0 0 0 0 0 0 0 0 0 0
0 0 0 0 1 0 0 0 0 0 0 0 0 1 0 0 0 0 2 1 0 4 3 5 0 9 0 1 1 11 1 7 6 0 0 0 0 0 0 4 3 6 7 9 9 13 7 21 41 157 177 66 9 36 14 4 4 2 16 0 1 1 9 3 77 48 2 0 3 4 49 19 1 0 6 60 139 82 2 13 6 4 1 3 2 0 3 2 9 7 2 0 0 0 0 0 0 3 303 294 1136 705 387 81 4 14 72 105 0 0 0 0 0 5 0 0 0 0 0 0 0 0 3 2 0 0 22 24 0 0 0 0 0 0 0 0 0 0 0 0 0 0 0 0 0 0 0 0 0 0
0 0 0 0 0 0 0 0 0 0 0 0 0 2 1 2 1 0 0 4 1 3 6 5 0 2 2 0 0 0 18 44 12 1 0 0 0 6 0 0 51 8 0 0 0 0 8 5 171 677 208 114 28 2 2 10 2 8 0 0 2 3 0 0 8 9 16 0 3 25 18 26 17 0 0 7 62 36 38 43 19 11 5 18 6 5 3 3 296 74 7 1 3 3 3 10 4 0 63 299 140 70 16 2 4 1 69 52 3 0 0 0 8 37 0 0 0 0 0 0 0 0 0 0 0 44 13 0 0 3 2 0 0 0 0 0 0 0 0 0 0 0 0 0 0 0 0 0 0 0
0 0 0 0 0 0 0 0 0 0 0 0 0 0 1 0 0 0 0 0 1 3 10 1 0 0 0 0 0 0 0 4 12 6 3 1 20 62 5 10 2 0 0 0 0 0 7 25 10 277 155 101 8 0 0 0 0 1 6 2 0 0 0 0 7 2 16 1 0 1 12 19 23 9 0 5 10 4 16 18 3 25 18 0 0 8 2 0 0 0 0 1 1 0 0 0 8 1 1 0 5 0 4 28 43 34 24 55 59 77 32 1 27 0 0 0 0 0 0 0 0 0 0 6 25 37 59 0 0 0 2 0 0 0 0 0 0 0 0 0 0 0 0 0 0 0 0 0 0 0
0 0 0 0 0 0 0 0 0 0 0 0 0 2 4 0 2 1 0 1 3 1 2 0 0 0 0 0 0 1 3 5 11 5 2 7 7 9 3 0 0 0 0 0 6 45 14 43 1 76 61 18 1 7 5 2 5 14 0 0 0 0 0 0 0 0 0 2 0 0 0 10 63 43 16 10 0 0 0 2 0 6 79 120 5 0 0 3 1 0 0 1 0 1 0 0 0 0 1 1 2 5 4 37 47 9 6 0 4 35 0 136 10 0 0 0 0 0 0 0 0 0 7 10 9 6 24 78 3 0 0 0 0 0 0 0 0 0 0 0 0 0 0 0 0 0 0 0 0 0
0 0 0 0 0 0 0 0 0 0 0 0 0 1 0 0 0 0 0 0 0 0 1 0 0 2 0 0 0 0 0 0 5 7 67 0 0 35 0 0 0 0 0 19 19 31 14 4 2 9 51 15 10 9 12 1 0 2 2 4 0 0 0 0 4 0 0 1 5 3 0 1 18 2 34 7 0 0 0 0 0 6 4 35 9 4 0 0 0 0 8 0 0 0 21 1 2 2 0 6 7 5 3 6 353 0 0 2 0 0 0 7 1 0 0 5 0 0 0 0 0 0 0 0 0 40 28 6 0 0 0 0 0 0 0 0 1 0 0 0 0 1 0 0 0 0 0 0 0 0
0 0 0 0 0 0 0 0 1 0 0 0 0 0 14 0 1 0 0 0 0 6 0 1 0 0 0 2 0 0 0 0 3 71 47 1 0 4 3 0 0 1 0 7 62 5 0 1 4 12 30 4 0 2 0 1 2 2 0 0 1 0 0 0 5 2 0 65 1 5 2 32 0 4 0 1 10 0 0 0 1 0 0 5 1 24 3 10 1 2 0 0 1 2 3 0 0 0 1 6 5 12 6 79 187 123 0 2 0 0 0 6 1 4 9 8 0 0 0 0 0 0 0 0 0 11 5 36 0 0 0 0 0 0 0 0 4 17 0 0 0 0 0 0 0 0 0 0 0 0
0 0 0 0 0 0 0 0 0 0 0 0 0 0 3 0 1 3 0 0 1 5 1 0 0 0 3 6 2 0 0 2 0 8 19 4 0 1 0 0 0 0 0 7 33 10 2 0 2 4 16 12 1 0 0 0 0 0 0 0 0 0 0 0 13 0 0 0 8 0 0 11 1 0 4 4 7 5 0 0 0 0 29 0 4 7 12 10 0 2 2 1 0 0 1 2 0 0 0 2 7 6 0 4 17 164 45 2 0 0 0 0 0 1 8 5 0 0 1 0 0 0 0 0 10 136 6 4 0 0 0 0 0 0 1 0 2 15 0 0 0 0 0 0 0 0 0 0 0 0
0 0 0 0 0 0 0 0 0 0 0 0 0 0 1 3 1 13 4 0 47 15 5 0 0 0 0 3 0 1 6 0 0 19 4 0 0 7 1 16 28 34 7 80 74 17 5 2 1 1 0 33 18 1 0 0 0 0 0 0 0 0 0 0 2 0 0 0 2 25 43 11 3 1 0 0 0 5 0 0 0 0 0 0 0 0 0 2 1 5 1 0 3 0 0 0 1 0 0 0 0 6 2 1 11 619 406 19 1 0 0 0 0 0 0 0 1 110 32 8 0 0 0 40 38 22 43 87 68 11 0 0 0 0 0 1 3 2 0 0 0 0 0 0 0 0 0 0 0 0
0 0 0 0 0 0 0 1 0 0 2 7 7 10 6 7 14 38 0 2 0 1 1 3 0 0 4 3 6 3 0 3 6 2 6 13 1 17 39 125 135 470 162 196 76 4 0 1 0 0 0 6 19 5 1 0 0 0 0 0 0 0 0 0 0 0 0 0 0 1 14 9 11 0 2 17 2 31 0 0 0 2 1 0 4 0 0 0 16 1 1 0 2 2 8 13 4 0 1 0 1 0 5 15 185 187 134 202 3 0 0 0 0 2 0 1 109 38 10 0 0 0 2 85 107 81 454 289 26 19 0 0 0 24 0 2 0 0 0 0 0 0 0 0 0 0 0 0 0 0
0 0 0 0 0 0 0 1 7 17 17 33 16 3 0 0 1 8 0 5 1 5 10 12 1 3 2 1 1 0 2 1 0 0 19 8 6 3 62 206 507 716 423 455 45 1 3 4 10 0 6 0 35 48 9 6 0 0 0 0 0 0 0 0 0 0 0 0 0 0 0 2 2 0 0 1 0 13 4 0 0 0 0 0 17 0 0 0 0 1 0 1 3 17 6 14 0 0 0 0 0 1 15 3 6 70 1 47 5 0 0 0 0 0 27 24 660 253 42 20 5 13 3 135 126 32 301 288 242 146 26 22 39 68 2 0 0 0 0 0 0 0 0 0 0 0 0 0 0 0
0 0 0 0 0 0 0 0 7 3 2 1 3 0 21 2 0 0 9 4 0 2 90 14 0 0 0 0 0 0 8 5 0 0 6 15 12 17 24 62 375 273 377 131 31 10 12 0 8 1 2 2 9 5 8 1 0 0 0 0 0 0 0 0 0 0 0 0 2 0 1 0 0 0 0 3 1 8 3 0 2 12 8 1 23 0 0 0 12 18 0 0 3 8 0 2 0 5 4 0 0 0 1 6 1 0 0 1 17 1 0 3 3 0 27 644 379 284 113 98 58 53 55 2 1 9 74 137 0 49 6 168 298 19 14 0 0 0 0 0 0 0 0 0 0 0 0 0 0 0
0 0 0 0 0 0 0 0 0 3 1 13 1 0 0 1 0 0 3 7 207 44 12 0 0 0 0 1 1 16 1 0 7 39 16 3 1 2 0 136 351 223 222 120 32 16 10 0 5 5 0 1 1 10 5 3 0 0 0 0 0 0 0 0 0 0 0 0 0 3 1 0 0 0 0 0 0 3 22 1 6 7 14 96 25 0 0 0 0 0 0 0 1 2 2 0 1 4 0 0 0 0 0 0 2 2 2 9 131 82 182 251 72 62 253 692 345 145 55 291 92 73 5 0 46 78 23 116 0 0 33 181 117 35 18 0 0 0 0 0 0 0 0 0 0 0 0 0 0 0
0 0 1 0 0 1 0 2 0 0 0 5 4 5 1 2 4 0 6 13 33 0 0 0 0 0 0 0 0 2 4 6 5 2 2 2 2 2 13 3 43 82 26 9 1 0 1 0 2 4 0 5 37 13 1 2 3 3 0 0 0 0 0 0 0 0 0 0 0 0 0 0 0 0 0 11 0 23 14 1 2 6 15 7 0 0 0 0 3 0 4 0 0 8 3 3 1 0 0 0 6 0 0 0 0 5 9 16 101 57 112 72 20 194 905 439 108 157 39 242 57 4 0 44 1 50 39 0 0 0 32 164 0 0 1 0 0 0 0 0 0 0 0 0 0 0 0 0 0 0
0 0 1 0 0 6 9 4 0 0 0 0 0 4 12 2 0 3 21 21 16 0 0 0 0 0 0 0 1 5 31 0 15 2 7 1 1 1 1 1 17 41 1 1 1 0 0 0 0 3 0 3 114 9 13 21 15 4 0 0 0 0 0 0 0 0 0 0 0 0 0 0 0 0 0 0 0 15 2 0 0 1 0 0 0 0 0 0 2 0 1 0 1 7 1 1 2 1 0 1 1 0 0 0 0 1 4 40 17 3 2 14 52 126 174 317 66 133 40 48 255 3 0 0 0 0 0 0 0 0 0 85 2 0 0 0 0 0 0 0 0 0 0 0 0 0 0 0 0 0
0 0 0 0 0 0 1 2 0 3 1 0 0 11 6 2 22 13 15 0 1 5 1 0 0 0 0 24 7 7 21 39 3 1 0 2 0 5 5 2 5 48 18 1 2 0 4 0 0 0 19 17 130 42 3 12 3 0 0 0 0 0 0 0 0 0 0 0 0 0 0 0 0 0 0 0 4 1 3 0 0 0 2 0 0 0 0 0 5 0 17 0 11 24 0 7 5 0 0 2 1 0 0 0 0 5 1 63 403 3 0 0 0 0 0 4 0 14 239 371 59 0 0 0 0 0 1 0 0 0 0 0 30 1 0 0 0 0 0 0 0 0 0 0 0 0 0 0 0 0
0 0 2 0 0 0 10 37 4 6 9 6 5 0 1 79 49 13 4 8 0 0 11 2 2 4 2 5 2 2 3 8 3 6 1 0 0 0 1 1 6 1 3 1 6 0 0 3 0 0 0 31 2 27 9 3 2 0 0 0 0 0 0 0 0 0 0 0 0 0 0 0 0 0 0 0 2 11 0 0 0 0 3 0 0 0 0 1 7 1 10 0 1 9 0 1 0 0 0 0 0 0 2 5 2 12 26 21 121 0 0 0 0 0 1 0 0 0 55 154 205 362 0 0 1 60 0 0 0 39 49 26 41 4 0 0 0 0 0 0 0 0 0 0 0 0 0 0 0 0
0 0 0 0 0 2 3 0 0 1 24 4 0 0 21 43 35 10 5 0 0 1 3 1 1 8 0 5 3 3 0 0 0 2 4 2 0 0 0 2 1 4 10 0 2 0 0 2 0 0 7 37 17 27 36 3 0 0 0 0 0 0 0 0 0 0 0 0 0 0 0 0 0 0 0 0 0 18 93 2 0 0 0 0 0 0 0 87 25 0 3 1 3 0 0 3 0 0 0 6 15 10 9 6 1 9 21 4 44 7 0 0 0 10 39 22 121 417 56 121 452 79 0 4 208 38 0 0 0 54 91 0 0 0 0 0 0 0 0 0 0 0 0 0 0 0 0 0 0 0
0 1 1 0 0 0 6 0 2 2 4 66 9 8 0 2 0 6 0 1 1 0 21 6 7 0 1 0 45 1 0 0 1 0 1 0 0 0 2 0 9 12 29 2 5 4 0 3 0 0 2 35 9 32 0 1 0 0 0 0 0 0 0 0 0 0 0 0 0 0 0 0 0 0 0 0 0 16 23 6 1 5 0 0 0 0 3 3 2 0 6 0 0 8 0 0 0 0 5 0 0 0 1 1 12 0 7 20 31 12 0 0 0 0 102 377 585 413 25 62 64 118 52 186 90 0 0 0 4 221 141 0 0 0 0 0 0 0 0 0 0 0 0 0 0 0 0 0 0 0
0 0 4 0 0 0 3 1 0 2 20 21 1 3 2 1 0 0 1 4 0 0 0 1 3 1 0 2 4 1 0 0 0 0 0 0 0 0 12 1 0 0 0 0 0 0 0 0 0 0 0 75 4 60 4 0 0 0 2 1 0 0 0 0 0 0 0 0 0 0 0 0 0 0 0 11 1 3 54 16 10 12 9 0 0 0 2 0 0 1 0 0 2 4 1 0 0 0 0 1 3 1 1 6 5 0 5 11 22 5 0 1 23 5 23 9 16 85 300 276 38 241 365 251 361 178 80 94 593 954 398 6 0 0 0 0 0 0 0 0 0 0 0 0 0 0 0 0 0 0
0 4 0 0 0 1 0 1 0 5 12 4 0 0 3 5 1 9 0 0 0 0 0 0 0 6 10 0 0 0 2 0 4 2 2 0 0 0 1 2 1 1 0 1 0 2 6 0 0 5 8 285 12 8 0 0 1 4 0 0 0 0 0 0 0 0 0 0 0 0 0 0 0 0 0 0 3 21 32 0 0 19 11 0 0 0 1 0 2 5 0 2 2 8 1 25 17 3 0 0 7 0 0 8 3 3 4 0 67 29 4 7 6 3 1 10 4 153 172 341 356 512 494 331 953 544 411 400 440 539 350 1 0 0 0 0 0 0 0 0 0 0 0 0 0 0 0 0 0 0
0 1 0 0 4 2 0 1 151 5 1 4 3 1 2 11 0 1 0 0 0 0 0 0 0 11 2 0 0 0 0 1 4 2 6 1 1 2 0 0 4 1 9 0 4 0 0 0 2 22 426 392 10 86 10 1 0 1 4 3 1 2 0 0 0 0 0 0 0 0 0 0 0 0 0 0 0 0 0 0 0 0 0 0 0 0 0 0 2 0 0 2 9 0 0 1 0 0 0 1 9 5 4 1 26 4 25 22 1 5 6 2 4 4 1 5 20 29 296 1104 1235 463 683 1028 795 440 69 364 427 34 49 2 0 0 0 0 0 0 0 0 0 0 0 0 0 0 0 0 0 0
0 1 0 3 0 0 0 1 4 5 0 0 5 2 3 1 14 2 0 0 0 0 0 1 4 2 0 0 2 0 0 29 11 0 0 3 0 0 4 0 0 0 0 0 0 0 0 0 0 8 461 493 387 469 32 14 0 0 9 2 1 0 0 0 0 0 0 0 0 0 0 0 0 0 0 0 0 0 0 12 0 0 0 0 0 0 0 19 59 0 2 17 10 0 0 0 0 0 4 5 2 0 10 4 4 129 286 7 0 0 1 4 1 3 3 17 3 8 63 461 350 339 182 2075 1156 307 173 107 27 439 660 447 1 0 0 0 0 0 0 0 0 0 0 0 0 0 0 0 0 0
8 0 0 5 0 1 3 11 8 3 21 51 0 0 0 0 0 0 0 0 0 0 0 0 0 0 1 0 0 0 0 4 38 2 0 4 0 4 0 0 0 0 0 1 0 0 0 0 0 2 330 259 352 406 53 48 2 1 0 2 1 0 0 0 0 0 0 0 0 0 0 0 0 0 0 0 0 0 0 11 3 12 0 0 0 0 0 6 37 0 3 21 37 0 0 0 0 0 0 0 1 18 10 15 12 7 3 11 0 0 0 0 9 3 0 8 5 2 5 33 162 141 262 521 568 548 361 263 235 370 456 190 3 0 0 0 0 0 0 0 0 0 0 0 0 0 0 0 0 0
4 4 2 5 2 9 12 7 2 0 0 5 0 0 0 0 0 0 0 0 0 0 2 0 0 0 0 0 0 1 0 0 0 1 0 0 1 0 0 0 0 0 0 0 0 0 5 1 1 1 31 95 202 5 20 11 6 0 8 9 0 1 0 0 0 1 0 0 0 0 0 0 0 0 0 0 0 0 3 0 1 6 0 0 0 0 22 41 11 3 2 139 90 14 5 0 0 0 0 18 20 2 21 105 15 0 4 1 21 0 0 0 15 2 4 4 1 19 14 8 99 455 291 205 139 485 669 1055 224 91 85 54 0 0 0 0 0 0 0 0 0 0 0 0 0 0 0 0 0 0
0 2 9 0 3 0 5 19 8 20 8 0 5 0 0 0 0 0 0 1 0 0 0 0 0 0 0 0 1 0 0 0 0 0 0 0 0 0 0 0 0 0 0 0 0 0 0 0 0 2 2 10 38 5 8 0 0 23 50 0 0 2 0 0 0 0 0 0 0 0 0 0 0 0 0 0 0 0 0 0 0 2 10 25 13 9 1 0 12 46 125 139 102 2 1 0 0 0 22 26 50 178 118 435 290 16 6 0 4 3 0 0 3 1 3 6 1 24 5 305 158 442 1630 1009 491 187 1728 1429 1139 0 0 0 0 0 0 0 0 0 0 0 0 0 0 0 0 0 0 0 0 0
1 1 9 0 4 6 5 61 7 5 1 1 1 0 0 0 0 0 0 0 0 0 0 0 0 0 0 0 3 0 0 0 2 2 0 0 0 0 1 2 4 2 0 0 0 0 0 0 3 4 0 0 42 0 1 0 0 5 71 15 1 0 0 0 0 0 0 0 0 0 0 0 0 0 0 0 0 0 0 0 1 3 12 1 0 10 6 3 12 19 69 74 97 7 12 4 0 0 0 12 153 225 273 141 112 31 2 4 2 7 4 0 0 0 0 0 5 417 244 505 383 1 7 105 77 203 256 581 354 1 196 5 0 0 0 0 0 0 0 0 0 0 0 0 0 0 0 0 0 0
6 3 70 2 39 85 21 11 0 4 0 3 0 2 0 1 0 0 0 0 2 0 1 0 0 0 0 0 0 0 0 0 0 0 0 0 0 0 0 0 0 2 4 0 0 0 0 0 0 0 0 3 8 0 0 0 0 1 2 23 9 0 1 0 0 0 0 0 0 0 0 0 0 0 0 0 0 0 0 0 13 34 0 0 16 0 91 9 0 0 0 3 6 0 0 0 0 0 0 9 13 55 666 194 74 110 5 14 5 3 3 0 0 0 0 11 174 311 106 33 0 0 0 0 53 308 137 612 354 4 26 10 0 0 0 0 0 0 0 0 0 0 0 0 0 0 0 0 0 0
2 36 74 91 356 343 98 25 14 0 0 0 0 0 0 0 0 0 0 0 0 5 0 0 0 0 0 0 0 0 0 0 0 0 0 0 0 0 0 0 0 2 0 4 2 5 0 9 0 0 0 7 2 0 0 0 2 1 10 0 0 6 0 0 0 0 0 0 0 0 0 0 0 0 0 0 0 0 4 23 4 0 0 0 1 0 5 143 49 0 0 0 0 0 0 0 0 0 0 0 0 199 394 166 86 83 7 0 1 8 9 5 1 0 3 29 160 9 18 37 0 0 0 0 6 321 277 536 320 23 65 0 0 0 0 0 0 0 0 0 0 0 0 0 0 0 0 0 0 0
0 73 272 661 379 307 121 24 2 1 1 4 0 0 0 1 0 0 0 0 0 2 0 0 6 0 0 1 0 0 0 0 0 0 1 0 0 0 0 1 1 1 0 3 0 0 0 4 19 1 0 0 12 0 0 0 9 0 0 0 0 1 0 0 0 0 0 0 0 0 0 0 0 0 0 0 0 18 1 0 0 0 0 0 0 0 31 22 0 0 1 0 0 0 0 1 0 0 0 0 5 42 9 6 64 71 0 0 0 1 1 10 0 2 4 2 1 12 14 17 21 59 7 0 11 58 66 157 97 0 0 0 0 0 0 0 0 0 0 0 0 0 0 0 0 0 0 0 0 0
4 6 170 186 103 155 24 3 2 0 3 0 0 0 0 0 0 0 1 4 3 11 0 0 0 0 0 0 0 3 0 0 0 0 0 0 2 1 0 0 0 0 2 0 0 0 0 2 2 9 0 0 0 0 0 6 0 0 0 0 0 0 0 0 0 0 0 0 0 0 0 0 0 0 0 0 2 1 0 0 0 0 0 0 0 0 54 16 2 5 19 0 0 0 5 5 0 0 0 306 696 121 180 53 4 74 23 3 1 0 0 4 4 1 0 0 0 0 12 63 57 24 112 238 37 14 0 0 0 0 0 0 0 0 0 0 0 0 0 0 0 0 0 0 0 0 0 0 0 0
9 20 36 34 32 17 0 0 0 1 3 0 0 0 4 0 0 0 0 0 1 37 0 0 0 0 0 2 0 2 1 0 0 2 0 0 0 0 0 0 0 0 0 3 0 9 2 0 0 0 0 0 0 0 0 12 0 0 0 0 0 0 0 0 0 0 0 0 0 0 0 0 0 0 0 0 5 2 0 0 0 0 0 0 0 0 15 0 0 15 19 0 0 0 91 69 54 4 164 1272 281 377 61 56 2 14 43 79 0 2 10 0 0 0 0 0 0 0 30 61 70 18 11 27 2 41 26 15 78 65 2 0 0 0 0 0 0 0 0 0 0 0 0 0 0 0 0 0 0 0
29 5 9 5 0 0 0 1 0 0 0 0 1 0 0 0 0 0 0 0 3 3 1 3 0 2 0 0 0 0 1 0 0 1 6 0 0 0 0 0 2 0 0 0 0 13 7 1 0 0 0 1 0 2 39 15 5 0 0 0 0 0 0 0 0 0 0 0 0 0 0 0 0 0 20 14 0 0 0 0 0 0 0 0 0 0 11 0 0 0 86 11 2 27 74 200 56 7 165 78 12 3 23 3 2 3 0 100 460 60 0 0 0 0 1 0 0 2 6 0 61 21 3 3 12 37 82 57 348 141 24 0 0 0 0 0 0 0 0 0 0 0 0 0 0 0 0 0 0 0
10 0 2 0 0 0 1 0 0 0 0 0 0 0 0 0 0 0 0 0 2 1 0 0 0 0 0 0 0 0 7 30 2 0 0 0 0 0 0 0 2 0 0 0 1 0 0 0 0 0 0 1 1 0 18 0 0 0 0 0 0 0 0 0 0 0 0 0 0 0 0 0 0 0 38 11 0 0 0 0 0 0 0 0 0 0 24 27 144 37 69 13 21 10 4 32 4 1 0 0 2 1 0 1 1 1 85 203 116 33 3 0 24 0 3 0 0 3 0 0 4 8 5 7 13 146 65 126 98 149 36 0 0 0 0 0 0 0 0 0 0 0 0 0 0 0 0 0 0 0
1 1 0 1 2 0 0 0 0 0 0 0 0 0 0 0 0 0 0 0 0 0 0 0 0 0 0 0 2 0 2 2 2 2 0 0 0 0 0 0 0 0 0 0 1 1 0 0 0 0 0 0 7 34 6 1 0 0 0 0 0 0 0 0 0 0 0 0 0 0 0 0 1 1 0 0 0 0 0 0 0 0 0 0 0 0 8 0 91 3 0 0 0 1 3 31 0 2 6 0 0 7 0 4 4 208 422 354 312 38 0 0 0 0 0 0 0 0 78 11 0 19 0 6 1 15 62 46 0 24 3 3 0 0 0 0 0 0 0 0 0 0 0 0 0 0 0 0 0 0
3 0 0 0 0 0 0 0 0 0 0 0 0 0 0 0 0 0 0 0 0 0 0 4 0 0 0 0 0 0 0 0 0 24 0 0 0 0 0 0 0 0 0 0 0 0 0 0 0 0 7 2 11 42 4 1 0 0 0 0 0 0 0 0 0 0 0 0 0 0 0 3 0 0 0 0 0 0 0 0 0 0 0 0 0 0 7 0 0 0 0 0 1 7 0 0 0 0 2 1 5 13 5 0 31 70 43 12 69 116 0 0 0 0 0 0 0 0 8 7 0 15 3 30 74 20 134 20 18 45 2 0 0 0 0 0 0 0 0 0 0 0 0 0 0 0 0 0 0 0
0 0 0 0 1 31 0 0 0 0 0 0 0 0 0 0 0 1 0 0 0 0 0 0 0 0 0 0 0 0 0 0 0 0 0 0 0 0 0 0 0 0 0 0 4 0 0 0 0 0 2 0 1 0 1 2 1 0 0 0 0 0 0 0 0 0 0 0 2 3 1 0 0 0 0 0 0 0 0 0 0 0 0 0 0 0 0 0 4 0 0 22 109 6 1 0 1 0 0 1 5 9 12 11 52 15 0 7 1 10 2 0 0 0 0 0 0 0 0 0 0 4 1 19 0 0 0 137 4 1 0 0 0 0 0 0 0 0 0 0 0 0 0 0 0 0 0 0 0 0
0 0 0 0 53 18 0 0 0 0 0 0 0 0 6 0 0 0 0 0 0 0 0 0 0 0 0 0 2 0 4 0 0 0 0 0 0 0 1 0 0 0 0 0 1 0 0 0 0 1 0 0 0 2 5 7 1 2 0 0 0 0 0 0 0 0 1 0 0 0 0 0 1 0 0 0 0 0 0 0 0 0 0 0 0 0 0 0 53 20 104 253 62 11 0 0 0 0 0 27 24 355 248 39 5 10 1 0 0 7 5 0 0 0 0 0 0 0 0 0 0 0 0 0 0 0 15 17 0 0 0 0 0 0 0 0 0 0 0 0 0 0 0 0 0 0 0 0 0 0
0 0 0 0 0 3 0 0 0 0 0 0 2 6 0 0 0 0 9 0 0 0 0 0 0 0 0 0 0 10 0 0 0 0 0 0 0 0 0 0 0 0 0 0 1 2 0 0 0 0 2 0 0 2 1 0 0 0 0 0 0 0 0 0 0 0 0 0 2 0 0 0 0 0 0 0 0 0 0 0 0 0 0 0 0 1 2 0 7 73 127 57 49 14 1 0 3 3 2 32 69 71 39 34 2 2 0 0 0 25 0 0 0 0 0 0 0 0 0 1 6 49 63 0 0 20 8 2 0 0 0 0 0 0 0 0 0 0 0 0 0 0 0 0 0 0 0 0 0 0
0 0 0 0 0 3 0 0 0 0 0 0 11 17 0 1 0 0 0 0 0 0 0 0 0 5 3 0 0 4 0 0 0 0 0 0 0 1 0 0 0 0 0 1 3 4 2 0 0 1 1 0 0 16 4 0 0 0 0 0 0 0 0 0 0 0 6 4 18 0 0 0 0 0 0 0 0 0 0 0 0 0 0 0 2 11 35 3 3 7 0 2 15 0 8 0 0 4 4 18 51 0 0 0 1 1 0 0 2 18 10 16 2 0 0 0 0 0 0 0 0 0 0 0 0 0 0 5 0 0 0 0 0 0 0 0 0 0 0 0 0 0 0 0 0 0 0 0 0 0
0 0 0 0 0 0 1 0 0 0 0 0 4 0 3 0 0 0 0 0 0 0 0 0 0 0 0 0 0 0 0 0 0 0 0 0 0 0 0 0 0 0 0 0 0 0 0 6 1 2 8 0 0 4 2 3 0 0 0 0 0 0 0 0 0 0 5 16 13 0 0 0 0 0 0 0 0 0 0 0 0 0 0 0 61 0 0 1 4 27 5 7 2 0 4 7 1 20 2 11 15 17 0 1 1 0 0 8 35 62 112 186 17 0 0 0 0 0 0 0 0 0 0 0 0 0 0 0 0 0 0 0 0 0 0 0 0 0 0 0 0 0 0 0 0 0 0 0 0 0
0 0 0 3 1 2 0 0 0 0 0 0 0 0 0 0 0 0 0 0 0 0 0 0 0 0 0 0 0 0 0 0 0 0 0 0 0 0 0 0 0 0 0 0 0 0 0 2 15 2 0 0 0 1 3 34 49 1 0 0 0 0 0 1 0 4 18 56 3 0 0 1 0 0 0 0 0 0 0 0 0 0 0 6 18 0 0 1 6 3 1 4 1 0 6 9 45 17 10 5 0 3 2 5 6 0 27 10 32 22 533 45 103 69 9 0 0 0 0 0 0 0 0 0 0 0 0 0 0 0 0 0 0 0 0 0 0 0 0 0 0 0 0 0 0 0 0 0 0 0
0 0 0 0 0 0 0 0 0 0 0 1 0 0 0 1 1 0 0 0 0 0 0 0 0 0 0 0 1 1 0 0 0 0 0 0 1 0 0 0 0 0 0 0 0 4 2 2 59 0 1 0 0 0 0 1 2 8 55 1 1 2 2 7 6 3 0 2 0 11 0 0 0 0 0 0 0 0 0 0 0 0 0 0 0 0 0 8 2 2 0 0 0 0 3 94 1 0 0 0 0 0 0 0 16 54 269 664 243 80 15 0 139 27 0 0 0 0 0 0 0 0 0 0 0 0 0 0 0 0 0 0 0 0 0 0 0 0 0 0 0 0 0 0 0 0 0 0 0 0
0 0 2 2 0 28 4 4 5 1 2 5 0 1 2 0 0 0 0 0 0 0 0 0 0 0 0 0 0 0 0 0 0 0 0 2 0 0 1 0 0 0 0 1 0 0 11 24 3 1 0 0 5 2 3 2 0 0 1 1 0 0 0 3 0 0 0 4 0 1 1 1 0 0 0 0 0 0 0 0 0 0 0 0 0 0 0 4 0 5 6 8 0 1 59 14 1 0 0 0 0 7 1 9 24 32 106 263 170 139 58 130 236 0 0 0 0 0 0 0 0 0 0 0 0 0 0 0 0 0 0 0 0 0 0 0 0 0 0 0 0 0 0 0 0 0 0 0 0 0
0 0 0 0 10 26 0 0 1 1 0 0 0 2 0 0 0 0 0 0 0 0 0 0 0 0 0 0 0 0 0 0 5 0 2 0 1 3 0 0 0 3 6 0 0 0 4 0 1 1 0 1 0 2 3 0 0 2 1 0 0 1 1 0 0 1 1 1 1 0 0 0 0 1 0 0 0 0 0 0 0 0 0 0 0 0 0 0 0 0 0 0 11 12 0 15 123 0 0 0 0 0 0 39 71 207 1 0 6 42 0 2 0 0 0 0 0 0 0 0 0 0 0 0 0 0 0 0 0 0 0 0 0 0 0 0 0 0 0 0 0 0 0 0 0 0 0 0 0 0
2 0 0 0 0 1 0 0 7 2 0 0 0 0 0 0 0 0 0 0 0 0 0 0 0 0 0 0 0 0 0 1 0 0 1 0 0 0 0 0 0 0 0 0 0 0 1 0 0 0 3 0 0 0 0 0 0 0 0 0 0 1 0 0 0 0 0 0 0 0 2 0 3 0 0 0 0 0 0 0 0 0 0 0 0 0 0 0 0 0 0 20 34 5 7 96 305 0 0 0 0 0 0 15 3 0 0 0 0 0 19 78 0 0 0 0 0 0 0 0 0 0 0 0 0 0 0 0 0 0 0 0 0 0 0 0 0 0 0 0 0 0 4 8 2 0 0 0 0 0
0 0 0 0 0 0 0 0 0 2 0 0 2 0 1 0 0 0 0 0 0 0 0 0 0 0 0 0 0 0 0 2 0 0 0 0 0 0 0 0 0 1 0 0 0 0 0 0 0 0 3 1 0 6 0 0 0 0 2 2 1 0 0 0 0 0 0 0 0 0 1 0 0 0 0 0 0 0 0 0 0 0 0 0 0 0 0 0 14 10 2 12 113 123 38 0 0 1 0 0 0 0 0 1 1 0 0 0 0 45 42 0 1 0 0 0 0 0 0 0 0 0 0 0 0 0 0 0 0 0 0 0 0 0 0 0 0 0 0 0 0 0 0 16 0 0 0 0 0 0
1 0 0 0 1 0 0 0 0 0 0 0 0 1 0 0 0 0 0 0 0 0 0 0 0 0 0 0 0 0 0 0 0 0 0 0 0 0 0 0 0 0 0 0 0 0 0 0 0 0 5 2 8 0 0 1 0 0 0 1 0 0 0 0 0 0 0 0 0 0 1 0 0 0 0 0 0 0 0 0 0 0 0 0 0 0 0 0 0 4 6 33 331 0 1 3 1 0 0 0 0 0 0 2 1 1 0 4 20 17 11 0 0 0 0 0 0 0 0 0 0 0 0 0 0 0 0 0 0 0 0 0 0 0 0 0 0 0 0 0 0 0 0 0 0 0 0 0 0 0
0 0 0 0 0 0 0 0 0 0 0 1 6 0 0 0 0 0 0 0 0 0 0 0 0 0 0 0 0 0 0 0 0 0 0 0 0 0 0 0 0 0 0 0 0 0 0 0 0 0 1 5 3 0 0 2 0 1 0 21 1 1 0 0 0 0 0 0 0 0 0 32 0 0 0 0 0 0 0 0 0 0 0 0 0 0 0 0 0 4 4 7 3 6 18 0 0 0 0 0 0 0 0 0 0 0 0 0 0 0 0 0 0 0 0 0 0 0 0 0 0 0 0 0 0 0 0 0 0 0 0 0 0 0 0 0 0 0 0 0 0 0 0 0 0 0 0 0 0 0
2 0 0 0 0 0 0 0 0 0 0 0 0 0 0 0 0 0 0 0 0 4 0 25 0 0 0 0 0 0 0 0 0 0 0 0 0 0 0 0 0 0 0 0 0 0 0 0 0 0 0 14 5 0 0 0 0 0 0 0 0 14 6 0 0 0 0 0 0 0 0 12 10 0 8 0 0 0 0 0 0 0 0 0 0 0 0 0 0 3 0 13 4 8 21 1 0 0 0 0 0 0 0 0 0 0 0 0 0 0 0 0 0 0 0 0 0 0 0 0 0 0 0 0 0 0 0 0 0 0 0 0 0 0 0 0 0 0 0 0 0 0 0 0 0 0 0 0 0 0
0 0 0 0 0 0 0 0 0 0 0 0 0 0 0 0 0 0 0 0 0 0 0 0 3 0 0 0 0 0 0 0 0 0 0 0 0 0 0 0 0 0 0 0 0 0 0 0 0 0 0 25 22 3 2 0 0 0 0 0 0 14 59 0 0 0 0 0 0 0 0 0 0 0 4 0 0 0 0 0 0 0 0 0 0 0 0 0 0 0 5 3 0 7 29 1 0 0 1 0 0 0 0 0 0 0 0 0 0 0 0 0 0 0 0 0 0 0 0 0 0 0 0 0 0 0 0 0 0 0 0 0 0 0 0 0 0 0 0 0 0 0 0 0 0 0 0 0 0 0
0 0 0 0 0 0 0 0 0 0 0 0 2 0 0 0 0 9 0 0 0 0 0 0 0 0 0 0 0 0 0 2 0 0 0 0 0 0 0 0 0 0 0 0 0 0 0 0 0 0 4 34 84 7 5 3 3 0 0 0 0 4 0 0 0 0 0 0 0 0 0 0 0 1 0 0 0 0 0 0 0 0 0 0 0 0 0 0 0 0 0 7 11 27 5 1 0 0 0 0 0 0 0 0 0 0 0 0 0 0 0 0 0 0 0 0 0 0 0 0 0 0 0 0 0 0 0 0 0 0 0 0 0 0 0 0 0 0 0 0 0 0 0 0 0 0 0 0 0 0
0 0 0 0 0 0 0 1 0 0 0 0 2 1 0 2 0 0 1 0 0 0 0 0 0 0 0 0 0 0 0 0 0 0 0 0 0 0 0 0 0 0 0 0 0 0 0 0 2 9 0 15 119 0 13 0 0 0 0 0 1 15 5 0 0 0 0 0 0 0 0 0 0 0 0 0 0 0 0 0 0 0 0 0 0 0 0 0 0 0 0 0 1 5 5 3 2 0 0 17 0 0 0 0 0 0 0 0 0 0 0 0 0 0 0 0 0 0 0 0 0 0 0 0 0 0 0 0 0 0 0 0 0 0 0 0 0 0 0 0 0 0 0 0 0 0 0 0 0 0
0 0 0 0 0 0 0 0 2 11 0 0 0 0 3 0 3 0 1 0 0 0 0 0 0 0 0 0 0 0 0 0 0 0 0 1 0 0 0 0 1 0 0 0 0 0 0 0 0 4 1 6 8 0 0 0 0 0 0 1 4 0 0 1 0 0 0 0 0 0 0 0 0 0 0 0 0 0 0 0 0 0 0 0 0 0 0 0 0 0 0 0 0 1 0 2 5 0 0 0 0 0 0 0 0 0 0 0 0 0 0 0 0 0 0 0 0 0 0 0 0 0 0 0 0 0 0 0 0 0 0 0 0 0 0 0 0 0 0 0 0 0 0 0 0 0 0 0 0 0
0 0 0 0 0 0 0 0 0 0 1 0 0 0 0 0 0 0 0 0 0 0 0 0 0 0 1 0 0 0 0 0 2 0 8 2 0 0 0 0 0 0 0 0 0 0 1 6 0 0 0 0 0 0 0 0 0 0 0 0 1 0 0 0 0 0 0 0 0 0 0 0 0 0 0 0 0 0 0 0 0 0 0 0 0 0 0 0 0 0 0 0 0 0 0 4 9 19 0 0 1 0 0 0 0 0 0 0 0 0 0 0 0 0 0 0 0 0 0 0 0 0 0 0 0 0 0 0 0 0 0 0 0 0 0 0 0 0 0 0 0 0 0 0 21 11 0 0 0 0
2 0 0 0 0 0 0 0 0 0 1 0 0 0 0 0 1 0 0 1 1 0 0 3 0 3 0 0 0 0 0 3 0 0 0 0 0 0 0 0 0 0 0 0 0 0 2 0 0 0 0 0 0 0 0 0 0 0 0 0 0 3 0 0 0 0 0 0 0 0 0 0 0 0 0 0 0 0 0 0 0 0 0 0 0 0 0 0 0 0 0 0 0 0 3 3 2 3 0 2 4 0 0 0 0 0 0 0 0 0 0 0 0 0 0 0 0 0 0 0 0 0 0 0 0 0 0 0 0 0 0 0 0 0 0 0 0 0 0 0 0 0 0 0 0 0 0 0 0 0
0 0 0 0 0 0 0 0 0 0 0 9 0 0 0 0 0 0 0 0 1 0 0 0 0 0 0 0 0 0 0 0 0 0 0 0 0 0 0 0 0 0 0 0 0 0 0 0 0 0 0 0 0 0 0 0 0 0 0 0 2 0 0 0 0 0 0 0 0 0 1 0 0 0 0 0 0 0 0 0 0 0 0 0 0 0 0 0 0 0 0 0 0 0 3 0 0 0 0 0 0 0 0 0 0 0 0 0 0 0 0 0 0 0 0 0 0 0 0 0 0 0 0 0 0 0 0 0 0 0 0 0 0 0 0 0 0 0 0 0 0 0 0 0 0 0 0 0 0 0
0 0 0 0 0 0 0 0 0 1 1 1 7 0 0 0 0 0 0 0 0 0 0 0 0 0 0 0 0 0 0 0 0 0 0 0 0 0 0 0 0 0 0 1 1 0 0 0 0 0 0 0 0 0 0 0 0 0 0 2 0 0 0 0 0 0 0 0 0 0 3 0 0 0 0 0 0 0 0 0 0 0 0 0 0 0 0 0 0 0 0 0 0 0 0 1 1 0 0 0 0 0 0 0 0 0 0 0 0 0 0 0 0 0 0 0 0 0 0 0 0 0 0 0 0 0 0 0 0 0 0 0 0 0 0 0 0 0 0 0 0 0 0 0 0 0 0 0 0 0
0 0 0 0 0 0 1 0 0 2 0 0 5 3 0 3 1 3 0 0 0 0 0 0 0 0 0 0 0 0 0 0 0 0 0 0 0 0 0 0 0 0 0 0 0 0 0 0 0 0 0 0 0 0 0 0 0 0 0 2 0 0 0 0 0 0 0 0 29 1 0 0 0 0 0 0 0 0 0 0 0 0 0 0 0 0 0 0 0 0 0 0 0 0 0 0 1 1 0 4 0 0 0 0 0 0 0 0 0 0 0 0 0 0 0 0 0 0 0 0 0 0 0 0 0 0 0 0 0 0 0 0 0 0 0 0 0 0 0 0 0 0 0 0 0 0 0 0 0 0
0 0 0 0 0 0 0 0 0 0 0 0 3 0 0 0 0 8 6 0 0 0 0 0 0 0 0 0 0 0 0 0 0 0 0 0 0 3 4 0 0 0 3 0 0 0 0 0 0 0 0 0 0 0 0 0 0 0 0 0 1 8 1 0 0 0 0 2 93 88 0 0 0 0 0 0 0 0 0 0 0 0 0 0 0 0 0 0 0 0 0 0 0 0 0 0 0 0 0 0 0 0 0 0 0 0 0 0 0 0 0 0 0 0 0 0 0 0 0 0 0 0 0 0 0 0 0 0 0 0 0 0 0 0 0 0 0 0 0 0 0 0 0 0 0 0 0 0 0 0
2 1 1 0 0 0 0 0 0 0 0 2 36 7 0 0 41 0 2 8 0 0 0 4 2 3 0 0 0 1 0 1 0 0 3 0 8 2 1 6 0 0 3 0 0 0 0 0 0 0 0 0 0 0 0 0 0 0 0 0 0 1 1 0 75 21 12 0 0 0 0 0 0 0 0 0 0 0 0 0 0 0 0 0 0 0 0 0 0 0 0 0 0 0 0 0 0 0 0 0 0 0 0 0 0 0 0 0 0 0 0 0 0 0 0 0 0 0 0 0 0 0 0 0 0 0 0 0 0 0 0 0 0 0 0 0 0 0 0 0 0 0 0 0 0 0 0 0 0 0
10 40 3 0 0 0 0 0 0 0 0 0 2 0 0 0 1 0 0 6 8 67 30 4 1 0 0 0 0 5 0 0 0 1 0 2 12 3 0 0 0 0 2 0 0 0 0 0 0 0 0 0 0 0 0 0 0 0 0 0 0 0 0 0 1 2 0 0 0 0 0 0 0 0 0 0 0 0 0 0 0 0 0 0 0 0 0 0 0 0 0 0 0 0 0 0 0 0 0 0 0 0 0 0 0 0 0 0 0 0 0 0 0 0 0 0 0 0 0 0 0 0 0 0 0 0 0 0 0 0 0 0 0 0 0 0 0 0 0 0 0 0 0 0 0 0 0 0 0 0
15 4 4 0 0 1 0 0 0 0 0 0 0 0 0 1 12 1 0 3 0 25 6 1 9 0 0 0 4 11 3 0 0 0 0 0 0 1 0 0 2 37 0 0 0 0 0 0 0 0 0 0 0 0 0 0 0 0 0 0 0 0 0 0 0 0 0 0 0 0 0 0 0 0 0 0 0 0 0 0 0 0 0 0 0 0 0 0 0 13 0 0 0 0 0 0 0 0 0 0 0 0 0 0 0 0 0 0 0 0 0 0 0 0 0 0 0 0 0 0 0 0 0 0 0 0 0 0 0 0 0 0 0 0 0 0 0 0 0 0 0 0 0 0 0 0 0 0 0 0
0 0 0 1 0 0 0 0 0 0 0 0 0 0 0 0 2 2 0 2 0 2 1 12 1 2 0 2 2 1 0 0 0 0 4 0 0 0 0 0 0 0 0 0 0 0 0 0 0 0 0 0 0 0 0 0 0 0 0 0 0 0 0 0 0 0 0 0 0 0 0 0 0 0 0 0 0 0 0 0 0 0 0 0 0 0 0 0 0 0 0 0 0 0 0 0 0 0 0 0 0 0 0 0 0 0 0 0 0 0 0 0 0 0 0 0 0 0 0 0 0 0 0 0 0 0 0 0 0 0 0 0 0 0 0 0 0 0 0 0 0 0 0 0 0 0 0 0 0 0
0 0 2 0 0 0 0 0 0 0 0 0 0 0 0 0 0 0 1 14 0 0 0 2 2 23 7 3 21 0 1 0 0 8 3 2 0 0 0 0 0 0 0 0 0 0 0 0 0 0 0 0 0 0 0 0 0 0 0 0 0 0 0 0 0 0 0 0 0 0 0 0 0 0 0 0 0 0 0 0 0 0 0 0 0 0 0 0 0 0 0 0 0 0 0 0 0 0 0 0 0 0 0 0 0 0 0 0 0 0 0 0 0 0 0 0 0 0 0 0 0 0 0 0 0 0 0 0 0 0 0 0 0 0 0 0 0 0 0 0 0 0 0 0 0 0 0 0 0 0
0 0 0 0 0 0 0 0 0 0 0 0 0 0 0 0 0 0 0 0 0 2 0 0 0 0 0 1 109 48 2 4 8 7 0 0 2 0 0 0 0 0 0 0 0 0 0 0 0 0 0 0 0 0 0 0 0 0 0 0 0 0 0 0 0 0 0 0 0 0 0 0 0 0 0 0 0 0 0 0 0 0 0 0 0 0 0 0 0 0 0 0 0 0 0 0 0 0 0 0 0 0 0 0 0 0 0 0 0 0 0 0 0 0 0 0 0 0 0 0 0 0 0 0 0 0 0 0 0 0 0 0 0 0 0 0 0 0 0 0 0 0 0 0 0 0 0 0 0 0
0 0 0 0 0 0 0 0 0 0 0 0 0 0 0 0 0 0 0 0 0 0 0 0 0 7 1 6 0 2 2 0 1 7 0 0 3 0 0 0 0 0 0 0 0 0 0 0 0 0 0 0 0 0 0 0 0 0 0 0 0 0 0 0 0 0 0 0 0 0 0 0 0 0 0 0 0 0 0 0 0 0 0 0 0 0 0 0 0 0 0 0 0 0 0 0 0 0 0 0 0 0 0 0 0 0 0 0 0 0 0 0 0 0 0 0 0 0 0 0 0 0 0 0 0 0 0 0 0 0 0 0 0 0 0 0 0 0 0 0 0 0 0 0 0 0 0 0 0 0
0 0 0 0 0 0 0 0 0 0 0 0 0 0 0 0 0 0 0 0 0 0 0 0 5 0 4 0 0 0 28 6 0 4 3 0 1 1 0 0 0 0 0 0 0 0 0 0 0 0 0 0 0 0 0 0 0 0 0 0 0 0 0 0 0 0 0 0 0 0 0 0 0 0 0 0 0 0 0 0 0 0 0 0 0 0 0 0 0 0 0 0 0 0 0 0 0 0 0 0 0 0 0 0 0 0 0 0 0 0 0 0 0 0 0 0 0 0 0 0 0 0 0 0 0 0 0 0 0 0 0 0 0 0 0 0 0 0 0 0 0 0 0 0 0 0 0 0 0 0
0 0 0 0 0 0 0 0 0 0 0 1 1 2 0 0 0 0 0 0 0 0 0 0 0 0 0 0 0 0 0 0 9 0 0 0 1 4 0 0 0 0 0 0 0 0 0 0 0 0 0 0 0 0 0 0 0 0 0 0 0 0 0 0 0 0 0 0 0 0 0 0 0 0 0 0 0 0 0 0 0 0 0 0 0 0 0 0 0 0 0 0 0 0 0 0 0 0 0 0 0 0 0 0 0 0 0 0 0 0 0 0 0 0 0 0 0 0 0 0 0 0 0 0 0 0 0 0 0 0 0 0 0 0 0 0 0 0 0 0 0 0 0 0 0 0 0 0 0 0
0 0 0 0 0 0 0 0 1 0 0 0 2 0 0 0 0 0 0 0 0 0 0 0 0 0 0 3 5 2 3 0 0 0 0 0 0 0 0 0 0 0 0 0 0 0 0 0 0 0 0 0 0 0 0 0 0 0 0 0 0 0 0 0 0 0 0 0 0 0 0 0 0 0 0 0 0 0 0 0 0 0 0 0 0 0 0 0 0 0 0 0 0 0 0 0 0 0 0 0 0 0 0 0 0 0 0 0 0 0 0 0 0 0 0 0 0 0 0 0 0 0 0 0 0 0 0 0 0 0 0 0 0 0 0 0 0 0 0 0 0 0 0 0 0 0 0 0 0 0
0 0 0 0 0 0 0 0 0 0 0 0 0 0 0 0 0 0 0 0 0 0 0 0 0 0 0 1 1 0 0 0 0 8 0 0 0 0 0 0 0 0 0 0 0 0 0 0 0 0 0 0 0 0 0 0 0 0 0 0 0 0 0 0 0 0 0 0 0 0 0 0 0 0 0 0 0 0 0 0 0 0 0 0 0 0 0 0 0 0 0 0 0 0 0 0 0 0 0 0 0 0 0 0 0 0 0 0 0 0 0 0 0 0 0 0 0 0 0 0 0 0 0 0 0 0 0 0 0 0 0 0 0 0 0 0 0 0 0 0 0 0 0 0 0 0 0 0 0 0
0 0 0 0 0 0 0 0 0 0 2 0 0 0 0 0 0 0 0 0 0 0 0 0 0 0 0 0 0 0 0 0 0 0 0 0 0 0 0 0 0 0 0 0 0 0 0 0 0 0 0 0 0 0 0 0 0 0 0 0 0 0 0 0 0 0 0 0 0 0 0 0 0 0 0 0 0 0 0 0 0 0 0 0 0 0 0 0 0 0 0 0 0 0 0 0 0 0 0 0 0 0 0 0 0 0 0 0 0 0 0 0 0 0 0 0 0 0 0 0 0 0 0 0 0 0 0 0 0 0 0 0 0 0 0 0 0 0 0 0 0 0 0 0 0 0 0 0 0 0
0 0 0 0 0 0 0 0 1 1 0 0 0 0 0 0 0 0 0 0 0 0 0 0 0 0 0 0 0 0 0 0 0 0 0 0 0 0 0 0 0 0 0 0 0 0 0 0 0 0 0 0 0 0 0 0 0 0 0 0 0 0 0 0 0 0 0 0 0 0 0 0 0 0 0 0 0 0 0 0 0 0 0 0 0 0 0 0 0 0 0 0 0 0 0 0 0 0 0 0 0 0 0 0 0 0 0 0 0 0 0 0 0 0 0 0 0 0 0 0 0 0 0 0 0 0 0 0 0 0 0 0 0 0 0 0 0 0 0 0 0 0 0 0 0 0 0 0 0 0
0 0 0 0 0 0 0 0 0 0 0 0 0 0 0 0 0 0 0 0 0 0 0 0 0 0 0 0 0 0 0 0 0 0 0 0 0 0 0 0 0 0 0 0 0 0 0 0 0 0 0 2 0 0 0 0 0 0 0 0 0 0 0 0 0 0 0 0 0 0 0 0 0 0 0 0 0 0 0 0 0 0 0 1 0 0 0 0 0 0 0 0 0 0 0 0 0 0 0 0 0 0 0 0 0 0 0 0 0 0 0 0 0 0 0 0 0 0 0 0 0 0 0 0 0 0 0 0 0 0 0 0 0 0 0 0 0 0 0 0 0 0 0 0 0 0 0 0 0 0
0 0 0 0 0 0 0 0 2 4 0 0 0 0 0 0 0 0 0 0 0 0 0 0 0 0 0 0 0 0 0 0 0 0 0 0 0 0 0 0 0 0 0 0 0 0 0 0 0 0 2 1 0 0 0 0 0 0 0 0 0 0 0 0 0 0 0 0 0 0 0 0 0 0 0 0 0 0 0 0 0 0 0 0 0 0 0 0 0 0 0 0 0 0 0 0 0 0 0 0 0 0 0 0 0 0 0 0 0 0 0 0 0 0 0 0 0 0 0 0 0 0 0 0 0 0 0 0 0 0 0 0 0 0 0 0 0 0 0 0 0 0 0 0 0 0 0 0 0 0
0 0 0 0 3 3 15 6 1 0 0 0 0 0 0 0 0 0 0 0 0 0 0 0 0 0 0 0 0 0 0 0 0 0 0 0 0 0 0 0 0 0 0 0 0 0 0 0 0 37 27 1 0 0 0 0 0 0 0 0 0 0 0 0 0 0 0 0 0 0 0 0 0 0 0 0 0 0 0 0 0 0 0 0 0 0 0 0 0 0 0 0 0 0 0 0 0 0 0 0 0 0 0 0 0 0 0 0 0 0 0 0 0 0 0 0 0 0 0 0 0 0 0 0 0 0 0 0 0 0 0 0 0 0 0 0 0 0 0 0 0 0 0 0 0 0 0 0 0 0
0 0 0 0 0 0 3 13 0 0 0 0 0 0 0 0 0 0 0 0 0 0 0 0 0 0 0 0 0 0 0 0 0 0 0 0 0 0 0 0 0 0 0 0 0 0 0 0 3 0 0 0 0 0 0 0 0 0 0 0 0 0 0 0 0 0 0 0 0 0 0 0 0 0 0 0 0 0 0 0 0 0 0 0 0 0 0 0 0 0 0 0 0 0 0 0 0 0 0 0 0 0 0 0 0 0 0 0 0 0 0 0 0 0 0 0 0 0 0 0 0 0 0 0 0 0 0 0 0 0 0 0 0 0 0 0 0 0 0 0 0 0 0 0 0 0 0 0 0 0
0 0 0 0 0 0 0 0 0 0 0 0 0 0 0 0 0 0 0 0 0 0 0 0 0 0 0 0 0 0 0 0 0 0 0 0 0 0 0 0 0 0 0 0 0 0 0 0 0 0 0 0 3 3 0 0 0 0 0 0 0 0 0 0 0 0 0 0 0 0 0 0 0 0 0 0 0 0 0 0 0 0 0 0 0 0 0 0 0 0 0 0 0 0 0 0 0 0 0 0 0 0 0 0 0 0 0 0 0 0 0 0 0 0 0 0 0 0 0 0 0 0 0 0 0 0 0 0 0 0 0 0 0 0 0 0 0 0 0 0 0 0 0 0 0 0 0 0 0 0
0 0 0 0 0 0 0 0 0 0 0 0 0 0 0 0 0 0 0 0 0 0 0 0 0 0 0 0 0 0 0 0 0 0 0 0 0 0 0 0 0 0 0 0 0 0 0 0 0 0 0 0 0 0 0 0 0 0 0 0 0 0 0 0 0 0 0 0 0 0 0 0 0 0 0 0 0 0 0 0 0 0 0 0 0 0 0 0 0 0 0 0 0 0 0 0 0 0 0 0 0 0 0 0 0 0 0 0 0 0 0 0 0 0 0 0 0 0 0 0 0 0 0 0 0 0 0 0 0 0 0 0 0 0 0 0 0 0 0 0 0 0 0 0 0 0 0 0 0 0
0 0 0 0 0 0 0 0 0 0 0 0 0 0 0 0 0 0 0 0 0 0 0 0 0 0 0 0 0 0 0 0 0 0 0 0 0 1 0 0 0 0 0 0 0 0 0 0 0 0 0 6 0 0 0 0 0 0 0 0 0 0 0 0 0 0 0 0 0 0 0 0 0 0 0 0 0 0 0 0 0 0 0 0 0 0 0 0 0 0 0 0 0 0 0 0 0 0 0 0 0 0 0 0 0 0 0 0 0 0 0 0 0 0 0 0 0 0 0 0 0 0 0 0 0 0 0 0 0 0 0 0 0 0 0 0 0 0 0 0 0 0 0 0 0 0 0 0 0 0
0 0 0 0 0 0 0 0 0 0 0 0 0 0 0 0 0 0 0 0 0 0 0 0 0 0 0 0 0 0 0 0 2 0 0 0 0 0 0 0 0 0 0 0 0 0 0 0 0 0 0 0 1 0 0 0 0 0 0 0 0 0 0 0 0 0 0 0 0 0 0 0 0 0 0 0 0 0 0 0 0 0 0 0 0 0 0 0 0 0 0 0 0 0 0 0 0 0 0 0 0 0 0 0 0 0 0 0 0 0 0 0 0 0 0 0 0 0 0 0 0 0 0 0 0 0 0 0 0 0 0 0 0 0 0 0 0 0 0 0 0 0 0 0 0 0 0 0 0 0
0 0 0 0 0 0 0 0 0 0 0 0 0 0 0 0 0 0 0 0 0 0 0 0 0 0 0 0 0 0 1 1 0 2 1 0 0 0 0 0 0 0 0 0 0 0 0 0 0 0 0 0 0 2 0 0 0 0 0 0 0 0 0 0 0 0 0 0 0 0 0 0 0 0 0 0 0 0 0 0 0 0 0 0 0 0 0 0 0 0 0 0 0 0 0 0 0 0 0 0 0 0 0 0 0 0 0 0 0 0 0 0 0 0 0 0 0 0 0 0 0 0 0 0 0 0 0 0 0 0 0 0 0 0 0 0 0 0 0 0 0 0 0 0 0 0 0 0 0 0
0 0 0 0 0 0 0 0 0 0 0 0 0 0 0 0 0 0 0 0 0 0 0 0 0 0 0 0 0 2 3 9 1 1 0 0 0 0 0 0 0 0 0 0 0 0 0 0 0 0 0 0 0 0 0 0 0 0 0 0 0 0 0 0 0 0 0 0 0 0 0 0 0 0 0 0 0 0 0 0 0 0 0 0 0 0 0 0 0 0 0 0 0 0 0 0 0 0 0 0 0 0 0 0 0 0 0 0 0 0 0 0 0 0 0 0 0 0 0 0 0 0 0 0 0 0 0 0 0 0 0 0 0 0 0 0 0 0 0 0 0 0 0 0 0 0 0 0 0 0
0 0 0 0 0 0 0 0 0 0 0 0 0 0 0 0 0 0 0 0 0 0 0 0 0 0 0 0 0 0 2 1 0 0 0 0 1 0 0 0 0 0 0 0 0 0 0 0 0 0 0 0 0 0 0 0 0 0 0 0 0 0 0 0 0 0 0 0 0 0 0 0 0 0 0 0 0 0 0 0 0 0 0 0 0 0 0 0 0 0 0 0 0 0 0 0 0 0 0 0 0 0 0 0 0 0 0 0 0 0 0 0 0 0 0 0 0 0 0 0 0 0 0 0 0 0 0 0 0 0 0 0 0 0 0 0 0 0 0 0 0 0 0 0 0 0 0 0 0 0
0 0 0 0 0 0 0 0 0 0 0 0 0 0 0 0 0 0 0 0 0 0 0 0 0 0 0 1 0 3 0 0 0 0 0 0 0 0 0 0 0 0 0 0 0 0 0 0 0 0 0 0 0 0 0 0 0 0 0 0 0 0 0 0 0 0 0 0 0 0 0 0 0 0 0 0 0 0 0 0 0 0 0 0 0 0 0 0 0 0 0 0 0 0 0 0 0 0 0 0 0 0 0 0 0 0 0 0 0 0 0 0 0 0 0 0 0 0 0 0 0 0 0 0 0 0 0 0 0 0 0 0 0 0 0 0 0 0 0 0 0 0 0 0 0 0 0 0 0 0
0 0 0 0 0 0 0 0 0 0 0 0 0 0 0 0 0 0 0 0 0 0 0 0 0 0 0 0 0 33 18 0 0 0 0 0 0 0 0 0 0 0 0 0 0 0 0 0 0 0 0 0 0 0 0 0 0 0 0 0 0 0 0 0 0 0 0 0 0 0 0 0 0 0 0 0 0 0 0 0 0 0 0 0 0 0 0 0 0 0 0 0 0 0 0 0 0 0 0 0 0 0 0 0 0 0 0 0 0 0 0 0 0 0 0 0 0 0 0 0 0 0 0 0 0 0 0 0 0 0 0 0 0 0 0 0 0 0 0 0 0 0 0 0 0 0 0 0 0 0
0 0 0 0 0 0 0 0 0 0 0 0 0 0 0 0 0 0 0 0 0 0 0 0 0 0 21 0 0 0 0 0 0 0 0 0 0 0 0 0 0 0 0 0 0 0 0 0 5 29 0 0 0 0 0 0 0 0 0 0 0 0 0 0 0 0 0 0 0 0 0 0 0 0 0 0 0 0 0 0 0 0 0 0 0 0 0 0 0 0 0 0 0 0 0 0 0 0 0 0 0 0 0 0 0 0 0 0 0 0 0 0 0 0 0 0 0 0 0 0 0 0 0 0 0 0 0 0 0 0 0 0 0 0 0 0 0 0 0 0 0 0 0 0 0 0 0 0 0 0
0 0 0 0 0 0 0 0 0 0 0 0 0 0 0 0 0 0 0 0 0 0 0 0 0 0 6 0 0 0 0 0 0 0 0 0 0 0 0 0 0 0 0 0 0 0 0 0 0 0 0 0 0 0 0 0 0 0 0 0 0 0 0 0 0 0 0 0 0 0 0 0 0 0 0 0 0 0 0 0 0 0 0 0 0 0 0 0 0 0 0 0 0 0 0 0 0 0 0 0 0 0 0 0 0 0 0 0 0 0 0 0 0 0 0 0 0 0 0 0 0 0 0 0 0 0 0 0 0 0 0 0 0 0 0 0 0 0 0 0 0 0 0 0 0 0 0 0 0 0
0 0 0 0 0 0 0 0 0 0 0 0 0 0 0 0 0 0 0 0 0 0 0 0 0 0 0 1 0 0 0 0 0 0 0 0 0 0 0 0 0 0 0 0 0 0 0 0 0 0 0 0 0 0 0 0 0 0 0 0 0 0 0 0 0 0 0 0 0 0 0 0 0 0 0 0 0 0 0 0 0 0 0 0 0 0 0 0 0 0 0 0 0 0 0 0 0 0 0 0 0 0 0 0 0 0 0 0 0 0 0 0 0 0 0 0 0 0 0 0 0 0 0 0 0 0 0 0 0 0 0 0 0 0 0 0 0 0 0 0 0 0 0 0 0 0 0 0 0 0
0 0 0 0 0 0 0 0 0 0 0 0 0 0 0 0 0 0 0 0 0 0 0 0 0 0 0 0 0 0 0 0 0 0 0 0 0 0 0 0 0 0 0 0 0 0 0 0 0 0 0 0 0 0 0 0 0 0 0 0 0 0 0 0 0 0 0 0 0 0 0 0 0 0 0 0 0 0 0 0 0 0 0 0 0 0 0 0 0 0 0 0 0 0 0 0 0 0 0 0 0 0 0 0 0 0 0 0 0 0 0 0 0 0 0 0 0 0 0 0 0 0 0 0 0 0 0 0 0 0 0 0 0 0 0 0 0 0 0 0 0 0 0 0 0 0 0 0 0 0
0 0 0 0 0 0 0 0 0 0 0 0 0 0 0 0 0 0 0 0 0 0 0 0 0 0 0 0 0 0 0 0 0 0 0 0 0 0 0 0 0 0 0 0 0 0 0 0 0 0 0 0 0 0 0 0 0 0 0 0 0 0 0 0 0 0 0 0 0 0 0 0 0 0 0 0 0 0 0 0 0 0 0 0 0 0 0 0 0 0 0 0 0 0 0 0 0 0 0 0 0 0 0 0 0 0 0 0 0 0 0 0 0 0 0 0 0 0 0 0 0 0 0 0 0 0 0 0 0 0 0 0 0 0 0 0 0 0 0 0 0 0 0 0 0 0 0 0 0 0
0 0 0 0 0 0 0 0 0 0 0 0 0 0 0 0 0 0 0 0 0 0 0 0 0 0 0 0 0 0 0 0 0 0 0 0 0 0 0 0 0 0 0 0 0 0 0 0 0 0 0 0 0 0 0 0 0 0 0 0 0 0 0 0 0 0 0 0 0 0 0 0 0 0 0 0 0 0 0 0 0 0 0 0 0 0 0 0 0 0 0 0 0 0 0 0 0 0 0 0 0 0 0 0 0 0 0 0 0 0 0 0 0 0 0 0 0 0 0 0 0 0 0 0 0 0 0 0 0 0 0 0 0 0 0 0 0 0 0 0 0 0 0 0 0 0 0 0 0 0
0 0 1 5 0 0 0 0 0 0 0 0 0 0 0 0 0 0 0 0 0 0 0 0 0 0 0 0 0 0 0 0 0 0 0 0 0 0 0 0 0 0 0 0 0 0 0 0 0 0 0 0 0 0 0 0 0 0 0 0 0 0 0 0 0 0 0 0 0 0 0 0 0 0 0 0 0 0 0 0 0 0 0 0 0 0 0 0 0 0 0 0 0 0 0 0 0 0 0 0 0 0 0 0 0 0 0 0 0 0 0 0 0 0 0 0 0 0 0 0 0 0 0 0 0 0 0 0 0 0 0 0 0 0 0 0 0 0 0 0 0 0 0 0 0 0 0 0 0 0
4 4 5 0 0 0 0 0 0 0 0 0 0 0 0 0 0 0 0 0 0 0 0 0 0 0 0 0 0 0 0 0 0 0 0 0 0 0 0 0 0 0 0 0 0 0 0 0 0 0 0 0 0 0 0 0 0 0 0 0 0 0 0 0 0 0 0 0 0 0 0 0 0 0 0 0 0 0 0 0 0 0 0 0 0 0 0 0 0 0 0 0 0 0 0 0 0 0 0 0 0 0 0 0 0 0 0 0 0 0 0 0 0 0 0 0 0 0 0 0 0 0 0 0 0 0 0 0 0 0 0 0 0 0 0 0 0 0 0 0 0 0 0 0 0 0 0 0 0 0
