2 0 33 64 0 0 3 2 18 128 11 15 0 12 0 0 0 1 2 0 1 7 0 0 5 30 0 2 0 0 0 0 1 3 10 4 0 0 1 17 0 0 0 5 9 0 0 0 0 0 0 0 0 0 2 3 0 0 0 4 48 28 9 10 2 6 3 0 0 0 0 12 25 282 232 415 137 33 67 11 79 464 47 67 117 284 245 269 67 402 1393 789 120 818 639 939 1054 705 1169 212 432 148 30 25 36 81 90 815 308 33 19 7 27 128 78 64 30 33 8 4 5 57 44 34 3 8 0 3 13 26 3 135 1 10 6 2 0 0 3 1 1 0 0 0 0 0 0 0 1 17
0 6 13 16 1 0 0 0 0 32 11 13 12 1 0 0 0 5 15 0 0 5 36 1 12 52 1 3 0 0 0 0 0 0 2 0 0 2 12 1 0 0 0 0 0 0 0 0 0 0 0 0 0 1 7 0 0 0 0 51 169 25 34 33 8 0 0 1 10 0 0 7 98 107 52 18 107 122 11 41 124 109 19 19 152 302 539 173 325 443 99 26 288 426 245 386 654 765 1390 1129 308 80 93 39 41 20 2 42 90 15 22 15 2 23 46 49 42 35 1 27 1 7 28 14 9 2 7 4 21 72 20 11 142 87 2 2 0 0 1 59 9 0 0 0 0 0 0 0 0 0
1 0 0 8 7 0 0 0 2 21 7 4 13 14 0 1 0 11 1 0 9 36 114 23 15 0 1 12 0 0 0 0 0 1 0 10 0 4 0 26 3 0 0 24 0 0 0 0 0 0 0 0 0 0 14 0 0 4 2 40 18 20 23 16 0 0 0 0 0 1 1 3 2 0 5 6 2 58 211 324 129 124 4 30 55 228 742 193 6 16 97 31 247 696 719 1003 239 602 433 756 598 542 28 60 45 31 11 78 313 214 45 27 9 5 12 8 19 92 35 14 101 74 21 15 17 7 8 10 5 25 12 12 505 246 1 0 7 0 153 47 13 3 0 0 0 0 0 0 0 0
50 5 0 0 0 0 0 0 0 4 2 3 0 0 0 4 0 0 6 3 0 0 4 22 18 0 9 26 44 0 2 0 0 1 0 2 0 4 0 9 5 0 0 0 0 0 0 0 0 0 3 0 5 0 76 35 2 24 44 2 1 2 5 16 0 0 0 0 0 1 15 166 13 1 4 3 36 99 321 447 173 89 61 177 251 21 47 313 1 193 1420 986 1542 707 1035 594 182 227 820 883 783 798 215 23 36 156 12 25 418 51 36 38 56 41 0 10 17 157 67 22 104 102 28 7 2 12 6 5 46 6 12 53 47 0 18 4 6 1 1 15 90 60 0 0 0 0 0 0 0 0
8 51 0 0 0 0 0 0 5 5 3 1 0 0 0 28 15 6 1 3 2 4 15 0 4 1 2 0 0 3 0 0 2 2 2 23 9 0 1 1 2 1 0 0 0 0 0 0 0 3 0 0 1 0 60 339 55 61 1 0 7 3 0 18 0 0 0 0 0 19 194 97 120 178 53 71 93 236 387 317 445 398 381 64 289 149 101 79 31 622 1546 1091 554 1244 505 346 112 843 473 983 1050 1459 1137 834 464 163 101 39 12 15 12 28 34 59 18 1 5 50 97 86 366 987 273 49 8 5 7 25 3 7 0 3 0 0 3 2 0 0 0 1 85 32 0 0 0 0 0 0 0 0
10 5 1 0 1 0 0 0 3 4 5 0 0 0 0 11 4 1 12 64 14 6 1 0 0 0 0 0 0 2 2 8 0 0 9 126 65 27 0 2 0 3 0 0 0 0 0 0 0 12 125 10 0 0 16 93 35 21 10 5 0 0 6 2 0 0 0 0 4 38 110 186 210 100 192 93 36 49 85 447 1066 844 592 96 3 236 69 21 2 361 2150 1007 193 540 993 631 311 2295 547 655 797 715 1434 529 39 148 33 54 10 4 4 8 130 54 8 18 43 10 1 45 166 222 4 31 12 285 1 13 4 1 11 7 5 1 0 0 2 0 0 0 0 7 0 0 0 0 0 0 0 0
1 0 0 3 0 1 0 0 3 8 9 0 0 2 1 0 0 0 0 0 0 0 8 0 0 0 0 0 0 1 2 0 2 1 0 20 4 3 6 0 0 0 0 0 0 0 0 0 0 2 8 9 6 3 21 31 16 2 76 36 5 5 2 0 8 1 0 0 12 155 77 87 270 568 434 135 450 154 508 647 1000 1050 1287 785 148 28 3 217 60 213 1857 1311 92 616 965 646 476 712 596 79 44 476 166 194 30 67 103 12 24 15 55 132 240 40 98 61 2 3 29 37 85 126 6 0 33 9 12 3 0 0 3 0 0 0 0 0 0 23 0 0 0 0 0 1 0 0 0 0 0 1
1 0 0 1 0 0 0 0 10 0 1 0 0 0 0 0 0 0 0 0 0 0 0 0 0 0 0 0 0 3 10 0 0 0 19 5 0 3 9 13 0 0 0 0 0 0 0 0 0 0 0 0 5 15 1 2 1 56 58 82 86 64 57 26 32 114 0 0 5 105 12 6 55 42 117 57 114 221 1318 988 1267 744 1007 227 409 219 236 782 303 127 577 137 84 516 476 467 336 1053 1111 268 196 353 464 733 291 240 18 55 119 39 561 522 131 113 38 117 2 3 3 19 36 14 21 7 19 2 15 6 58 2 0 0 0 0 0 0 0 1 0 0 0 0 0 0 0 0 0 0 0 2
2 0 0 0 0 0 1 0 12 20 0 8 19 1 11 0 0 0 0 0 0 0 0 0 0 0 0 0 0 0 3 0 0 0 11 2 0 2 0 1 0 0 0 0 0 0 0 0 0 0 0 0 7 18 0 0 1 7 16 56 496 334 30 2 7 35 9 15 11 31 20 1 9 1 4 22 28 79 52 747 1017 1123 886 166 23 21 644 445 443 156 16 21 391 1125 1380 1526 162 817 327 184 345 153 99 395 963 169 260 353 63 155 1305 291 271 152 49 19 2 9 2 19 17 13 10 44 15 3 3 4 3 0 15 1 0 0 0 1 0 2 0 0 0 0 0 0 0 0 0 0 0 0
0 0 0 0 0 0 5 7 17 24 0 0 0 1 1 0 0 0 1 0 0 0 0 0 0 0 0 0 0 0 0 0 0 0 0 0 0 3 8 1 1 0 0 0 0 0 2 2 7 0 9 0 22 19 0 0 3 0 3 57 57 214 28 7 1 0 4 4 2 14 0 0 0 0 0 15 19 54 239 693 1287 1000 871 345 1421 980 447 174 316 237 67 20 7 674 1337 1724 668 219 121 34 77 107 32 6 108 418 316 318 81 33 542 1003 209 50 18 295 339 854 205 51 69 63 25 39 50 46 24 3 5 36 143 23 0 0 0 1 0 0 0 0 0 0 0 0 0 0 0 0 0 1
2 10 10 0 0 0 4 1 9 11 5 4 0 0 0 9 2 1 10 0 0 0 0 0 0 0 0 0 0 0 0 2 0 0 0 5 0 0 1 2 0 10 3 2 1 0 5 38 28 31 16 1 17 7 0 1 0 14 39 30 3 163 10 10 0 0 1 0 1 3 0 0 0 0 0 0 26 78 185 526 707 357 783 342 322 409 278 353 584 361 28 1 4 165 440 889 886 53 52 328 44 29 9 50 149 383 922 438 269 171 589 249 178 23 2 187 368 872 630 247 568 228 310 126 146 583 116 67 64 164 4 159 26 32 4 0 1 0 0 0 0 0 0 0 0 0 0 0 0 0
2 0 3 0 0 0 0 0 10 4 0 0 0 0 0 1 19 10 5 1 2 0 1 0 0 0 0 0 0 0 0 0 0 4 7 1 0 2 8 3 2 22 12 19 10 3 0 1 4 1 0 1 14 5 10 3 1 1 1 15 4 5 0 2 3 19 0 0 3 0 20 1 0 0 0 2 43 13 169 552 783 208 83 168 252 122 58 35 128 699 69 0 1 6 12 70 1040 507 312 34 0 8 14 85 40 65 558 262 56 112 391 383 127 99 45 250 884 306 953 1097 460 611 169 104 199 237 2 1 0 49 2 0 111 44 46 1 0 0 0 0 0 0 0 0 0 0 0 0 0 0
5 0 10 0 0 4 1 1 6 3 0 0 0 0 0 0 1 23 4 18 7 56 0 1 0 0 0 0 0 0 0 1 1 0 0 4 1 0 0 0 0 6 74 1 16 0 0 24 0 0 0 0 9 6 2 0 0 0 5 3 1 6 5 1 0 7 1 6 0 10 12 0 0 0 1 60 180 111 250 67 220 396 68 9 35 15 14 0 0 5 1 0 1 116 90 19 822 439 671 601 23 17 103 59 30 19 20 232 710 474 1047 776 113 991 237 145 69 145 1615 1583 170 289 152 5 61 183 5 1 50 29 0 0 45 17 2 0 0 0 0 0 0 0 0 0 0 0 0 0 1 0
1 0 0 0 0 0 4 13 0 9 0 0 0 0 0 0 0 0 120 8 18 12 0 0 0 0 0 0 0 2 8 4 0 0 0 0 0 0 0 0 0 0 1 152 67 0 0 0 11 0 2 46 2 0 0 0 0 0 8 0 13 19 6 14 0 0 54 27 12 16 73 0 1 0 2 411 865 517 247 30 102 562 165 23 25 199 20 5 2 42 9 0 0 120 29 28 127 659 235 257 0 31 386 161 477 78 148 680 293 844 1672 1809 889 363 629 315 344 253 1175 625 200 97 1 0 0 29 26 0 32 8 0 0 1 2 0 0 0 0 0 0 0 0 0 0 0 0 0 0 0 0
0 0 0 0 0 0 3 4 20 9 0 0 0 0 0 0 0 0 5 9 29 0 0 2 3 3 0 0 0 2 5 0 0 0 0 0 0 0 0 0 0 0 0 10 28 0 0 0 0 26 11 70 2 0 2 4 6 3 23 26 139 33 14 22 34 73 201 269 246 238 94 1 2 3 91 941 1818 1553 503 58 5 218 58 1 5 14 15 31 0 51 17 24 2 7 0 6 75 433 325 317 16 76 525 474 1492 1293 2049 1303 1150 1454 1021 771 671 780 785 248 170 163 145 179 269 188 47 33 0 14 36 14 25 46 8 0 0 0 0 0 0 0 0 0 0 0 0 0 0 0 0 0 0 0
0 0 0 0 0 0 3 63 154 3 12 0 0 0 0 0 9 0 1 6 0 15 13 18 1 0 0 0 1 6 0 0 0 0 0 0 0 0 0 0 0 0 0 0 0 33 0 0 0 54 87 139 1 0 1 13 58 114 19 147 120 49 16 143 59 86 154 108 105 253 339 72 203 156 959 1084 2022 1134 257 24 2 2 4 1 0 0 26 212 5 55 7 21 0 0 5 271 92 37 34 32 32 1 1394 778 658 705 1236 430 862 1139 1658 947 1007 460 471 176 37 205 220 173 26 12 321 414 96 162 5 2 9 10 0 0 0 0 24 9 0 0 0 0 0 0 0 0 0 0 0 0 0 0
0 0 0 0 0 0 10 3 0 0 0 0 0 0 0 1 16 6 2 2 1 0 29 43 28 14 3 0 0 1 1 0 0 0 0 0 0 0 0 0 0 0 0 1 0 19 6 2 1 18 40 6 2 15 34 65 129 295 124 41 3 4 0 0 2 2 1 1 0 0 1 1 87 74 407 415 1049 648 216 0 0 0 2 0 0 0 2 72 108 26 0 1 9 0 1 7 47 0 6 84 21 336 842 964 443 244 750 285 543 807 1152 426 798 362 906 188 71 132 265 6 0 11 44 34 37 491 1 17 3 0 0 0 0 0 0 4 0 0 0 0 0 0 0 0 0 0 0 0 0 0
0 0 0 0 2 8 0 5 0 0 0 0 2 0 0 0 0 7 14 6 0 6 2 0 18 3 17 16 1 2 0 0 0 0 0 0 3 1 0 0 0 0 2 0 1 24 109 8 1 37 37 48 18 130 40 40 85 105 696 39 8 5 4 0 1 4 48 104 7 175 66 4 250 47 46 106 59 237 43 18 1 0 7 7 0 0 0 30 154 1 0 39 144 70 22 8 7 0 44 644 201 132 146 99 144 565 246 237 664 464 143 108 127 196 171 83 136 223 20 7 0 1 13 26 168 1148 296 23 11 1 0 0 0 0 0 0 0 0 0 0 0 0 0 0 0 0 0 0 0 0
0 0 1 3 4 10 0 0 0 0 0 0 6 2 0 4 17 0 2 5 1 4 12 3 14 5 110 49 23 0 0 0 0 0 3 19 7 0 0 0 0 1 3 159 45 31 21 7 23 463 106 37 30 33 19 49 194 115 68 52 87 49 2 0 1 1 8 3 4 15 28 18 37 28 9 109 151 33 19 34 17 0 11 37 0 18 38 43 7 2 3 112 106 368 43 1 0 51 402 16 138 335 101 15 148 127 249 457 488 1 0 97 13 583 53 0 4 0 0 0 0 0 3 17 63 211 269 337 2 0 0 0 0 0 0 0 0 0 0 0 0 0 0 0 0 0 0 0 0 0
0 0 0 0 0 0 0 0 0 0 0 0 1 0 2 0 0 0 0 7 4 12 79 18 7 6 3 21 348 5 0 6 1 1 2 0 0 0 0 0 0 2 10 54 21 203 113 20 13 171 41 11 0 13 192 7 55 156 23 0 1 3 1 0 1 13 0 1 25 39 100 55 11 0 0 42 21 0 11 9 22 0 0 1 0 35 37 0 23 18 6 20 12 2 1 37 1 17 7 8 964 1383 967 163 99 165 269 536 190 15 0 0 5 243 56 0 0 0 0 0 0 0 0 9 18 13 33 173 14 0 0 0 0 0 0 0 0 0 0 0 0 0 0 0 0 0 0 0 0 0
0 0 0 0 2 2 0 0 0 0 0 0 0 0 0 2 2 9 6 1 3 5 24 13 0 28 6 6 0 7 4 25 13 0 1 0 0 0 0 8 13 12 41 29 13 27 38 41 161 311 399 144 16 50 33 19 21 1 2 0 1 8 21 30 190 117 5 0 5 20 117 31 2 0 9 175 500 153 11 59 8 20 5 6 0 0 3 4 46 13 12 2 1 2 1 1 0 6 385 448 1601 1086 658 155 2 22 99 167 3 0 0 0 0 7 0 0 0 0 0 0 0 0 9 36 0 0 62 280 10 0 0 0 0 0 0 0 0 0 0 0 0 0 0 0 0 0 0 0 0 0
0 0 0 0 0 0 0 1 0 0 0 0 0 7 0 19 3 0 0 1 1 2 19 4 6 6 0 0 0 0 23 75 12 7 0 0 0 5 0 0 57 14 0 0 0 0 3 24 418 1103 359 208 64 1 1 3 2 13 0 0 2 3 0 0 15 21 26 6 2 96 48 20 11 0 7 17 140 72 54 148 21 46 10 26 20 5 14 22 300 107 21 10 3 8 3 19 6 2 94 379 231 68 57 4 10 57 98 140 10 0 0 0 12 79 0 0 0 0 0 0 0 0 0 0 0 48 57 0 0 15 6 0 0 0 0 0 0 0 0 0 0 0 0 0 0 0 0 0 0 0
0 0 0 1 0 0 0 0 0 0 0 0 0 0 4 0 1 0 0 0 2 5 12 0 3 0 0 0 0 0 1 6 32 11 7 0 5 205 11 20 1 0 0 0 0 0 24 27 46 483 415 213 17 0 2 2 0 5 6 0 1 0 0 0 13 1 29 4 0 11 15 58 57 6 0 2 9 17 21 20 1 42 27 0 0 27 13 4 0 3 1 7 2 1 0 3 7 0 0 0 13 0 17 72 82 91 67 46 112 211 62 21 42 0 0 0 0 0 0 0 0 0 0 9 33 113 136 0 0 0 8 0 0 0 0 0 0 0 0 0 0 0 0 0 0 0 0 0 0 0
0 0 1 0 0 0 0 0 0 0 0 0 0 2 80 0 6 7 0 0 12 1 3 2 0 4 1 0 0 0 0 8 12 10 10 4 8 21 5 0 0 0 0 0 12 117 31 88 1 229 195 22 0 23 6 7 11 41 2 0 0 0 0 0 1 0 1 0 0 0 0 5 159 123 7 16 0 0 0 1 0 3 90 258 9 0 0 0 0 0 0 2 0 3 1 2 0 0 4 6 2 11 6 82 59 29 8 9 5 52 2 325 16 0 0 0 0 0 0 0 0 0 0 20 12 16 43 128 2 0 1 0 0 0 0 0 0 0 0 0 0 0 0 0 0 0 0 0 0 0
0 0 0 0 0 0 0 0 0 0 0 0 0 3 2 0 0 1 0 0 1 0 4 0 0 5 3 0 0 0 0 4 4 15 103 0 3 84 0 0 0 0 0 23 25 50 36 6 2 32 103 52 35 18 39 4 2 0 0 10 0 0 0 0 2 0 0 22 22 8 6 4 9 16 64 14 0 0 0 0 0 2 20 71 34 4 2 0 0 6 6 6 0 2 0 1 7 6 0 10 9 11 6 26 629 0 0 10 0 0 0 8 1 0 0 7 1 0 0 0 0 0 0 0 0 47 55 28 0 0 1 0 0 0 0 0 7 0 0 0 0 1 0 0 0 0 0 0 0 0
0 0 0 0 0 0 0 0 0 0 0 0 0 2 20 0 1 0 7 0 0 6 1 1 0 0 0 5 0 0 0 0 8 37 42 2 0 40 0 1 0 0 0 7 128 13 7 6 32 5 82 10 0 3 0 0 2 1 0 0 2 0 0 0 18 4 0 9 11 14 0 52 9 3 2 5 26 0 0 1 10 1 0 4 0 34 2 13 1 26 0 4 1 1 9 1 7 15 11 7 20 11 16 152 262 244 0 9 0 0 0 0 5 2 15 13 0 0 0 0 0 2 0 0 0 67 8 36 0 0 0 0 0 0 0 2 5 51 0 0 0 2 0 0 0 0 0 0 0 0
0 0 0 0 0 0 0 0 0 0 4 0 0 0 7 0 0 8 3 0 7 7 1 4 0 0 1 33 7 0 0 3 1 16 31 3 0 0 4 1 2 0 2 19 73 10 10 2 2 2 45 23 1 1 4 1 0 3 0 0 0 0 0 3 22 0 0 3 4 1 3 22 1 2 8 0 21 4 0 0 0 0 47 5 4 7 16 19 5 2 10 6 0 3 3 11 8 0 0 2 15 24 5 7 32 278 53 5 0 0 0 0 0 5 59 28 0 0 5 0 0 0 0 0 29 258 24 13 0 1 0 0 0 0 0 0 0 7 0 0 0 0 0 0 0 0 0 0 0 0
0 0 0 0 0 0 0 1 0 0 0 0 0 6 1 4 21 45 2 0 5 33 5 2 0 0 0 6 4 7 10 1 0 46 30 0 0 24 10 15 62 86 13 230 147 12 10 2 7 11 0 71 30 3 3 2 0 0 0 0 0 0 0 0 5 0 0 1 12 50 127 32 13 5 0 0 1 13 0 0 0 0 0 0 0 0 2 22 17 11 1 1 2 0 0 1 0 0 0 0 0 8 22 2 40 1011 807 39 1 0 0 0 0 3 0 0 7 354 68 3 0 0 0 39 144 76 101 256 156 111 0 0 0 0 8 1 5 8 0 0 0 0 0 0 0 0 0 0 0 0
0 0 0 0 0 0 0 0 0 4 1 0 18 8 35 11 36 152 2 9 1 46 3 4 0 0 0 7 9 1 4 8 18 8 9 41 9 21 71 148 428 908 290 356 121 22 0 4 3 3 0 5 44 16 4 1 0 0 0 0 0 0 0 0 0 0 5 0 0 3 24 21 24 0 9 10 0 30 7 0 1 9 4 0 13 0 0 0 11 23 18 4 4 7 8 47 12 2 0 0 1 2 10 28 316 599 299 492 12 0 0 0 0 3 0 6 223 127 21 0 0 0 42 90 166 240 1376 772 66 19 0 0 2 38 0 9 0 0 0 0 0 0 0 0 0 0 0 0 0 0
0 0 0 0 0 0 0 9 24 6 22 67 37 0 0 4 4 12 0 2 1 9 7 43 6 3 6 0 0 2 1 2 4 11 47 26 5 10 230 351 859 1532 880 883 44 19 4 9 4 0 1 1 98 130 13 13 0 0 0 0 0 0 0 0 0 0 0 0 1 0 12 9 7 0 0 1 1 6 6 0 0 1 2 2 36 0 0 0 4 13 0 2 13 44 4 18 8 0 0 0 0 3 15 13 11 88 6 225 22 0 0 0 2 0 64 78 704 441 56 53 52 25 20 128 114 83 521 653 462 259 49 137 32 143 25 0 0 0 0 0 0 0 0 0 0 0 0 0 0 0
0 0 0 0 0 0 2 5 7 7 8 7 3 0 6 9 0 2 18 19 1 9 140 32 0 0 0 0 0 4 7 8 2 3 3 28 39 25 49 120 710 460 524 251 66 30 10 0 4 0 2 2 20 19 7 3 0 0 0 0 0 0 0 0 0 0 0 0 2 0 1 1 0 0 0 2 3 7 1 4 2 24 13 11 67 0 0 2 66 37 2 0 10 8 0 2 6 11 6 7 9 8 4 9 0 0 0 2 30 0 23 7 14 0 70 1134 986 485 241 285 183 137 120 36 4 18 34 310 12 146 13 381 949 78 62 1 0 0 0 0 0 0 0 0 0 0 0 0 0 0
0 0 0 0 0 0 2 4 0 5 9 20 2 2 0 4 8 1 24 10 403 315 6 0 0 0 0 1 8 23 6 1 10 56 9 6 0 10 0 107 573 479 414 180 89 18 17 0 7 9 4 0 12 17 13 6 2 0 0 0 0 0 0 0 0 0 0 0 0 2 3 0 0 0 0 0 0 4 19 2 12 23 78 413 66 0 0 0 0 0 0 2 12 1 0 6 9 5 0 1 2 0 0 0 26 5 5 28 197 200 351 823 104 144 584 1204 619 279 76 552 77 207 17 1 105 94 170 191 2 0 73 317 383 121 68 11 0 0 0 0 0 0 0 0 0 0 0 0 0 0
0 0 1 0 0 1 2 4 2 2 3 10 7 14 2 5 6 5 14 10 92 1 0 0 0 0 0 1 1 33 3 18 7 7 0 10 4 3 5 10 45 136 48 11 1 0 2 0 2 5 0 5 41 3 0 10 4 5 2 2 0 0 0 0 0 0 0 0 0 0 0 0 0 0 0 2 2 40 10 1 4 24 15 6 0 0 0 0 3 5 21 2 0 11 9 17 2 0 1 0 9 0 9 0 0 10 20 44 207 98 169 117 191 442 1578 685 321 374 83 487 98 23 0 28 7 38 43 0 0 0 69 402 0 0 0 0 0 0 0 0 0 0 0 0 0 0 0 0 0 0
0 0 1 0 0 16 9 16 3 6 1 0 0 11 17 9 5 9 37 24 16 0 0 0 0 0 0 0 1 10 108 2 9 1 13 7 2 4 10 2 16 27 6 1 1 0 0 0 1 6 0 20 344 9 15 33 15 1 4 3 0 0 0 0 0 0 0 0 0 0 0 0 0 0 0 0 3 11 4 0 0 0 3 0 0 0 0 0 1 0 1 0 3 34 19 0 21 3 0 16 17 0 0 0 0 0 7 83 72 6 1 23 354 199 267 675 230 244 184 146 446 1 0 0 0 0 0 0 0 0 0 123 41 0 0 0 0 0 0 0 0 0 0 0 0 0 0 0 0 0
0 0 1 1 3 0 3 35 1 3 7 1 7 27 12 21 47 19 3 3 2 2 11 0 3 2 0 53 30 13 37 56 17 0 1 5 1 12 8 1 6 23 10 1 3 0 4 0 0 0 1 66 166 84 7 63 0 2 0 0 0 0 0 0 0 0 0 0 0 0 0 0 0 0 1 0 13 8 9 0 0 0 0 0 0 0 0 0 10 2 22 3 18 98 4 27 10 2 3 12 6 0 0 2 0 1 12 122 993 18 0 0 2 0 5 1 3 30 379 751 81 0 0 0 0 0 1 0 0 0 0 0 72 1 0 0 0 0 0 0 0 0 0 0 0 0 0 0 0 0
10 1 4 6 0 0 16 106 12 18 9 19 11 3 1 187 75 24 5 12 2 0 9 2 3 0 2 28 2 8 16 7 9 2 1 4 0 0 0 2 20 3 3 5 6 0 4 0 0 0 0 43 11 23 26 0 4 0 0 0 0 0 0 0 0 0 0 0 0 0 0 0 0 0 0 2 12 41 1 1 0 0 2 0 0 0 0 0 25 0 21 0 2 46 0 0 0 10 26 6 0 1 4 5 2 22 57 38 183 0 0 0 0 0 12 12 0 1 111 385 487 431 0 0 4 75 0 0 0 94 103 19 55 10 0 0 0 0 0 0 0 0 0 0 0 0 0 0 0 0
0 1 0 0 0 2 2 1 0 10 54 13 12 2 30 39 49 31 5 1 1 2 0 5 12 5 4 1 4 2 3 0 4 6 11 1 0 0 0 6 1 33 12 1 3 2 1 1 0 0 11 160 97 77 31 11 2 0 0 0 0 0 0 0 0 0 0 0 0 0 0 0 0 0 0 0 0 53 246 3 0 13 0 0 0 0 0 124 30 1 2 2 18 6 2 8 0 7 5 8 36 27 199 4 3 12 27 22 91 83 0 0 0 28 70 54 207 567 97 325 719 252 1 8 389 83 0 0 0 92 176 0 0 0 0 0 0 0 0 0 0 0 0 0 0 0 0 0 0 0
1 3 0 0 0 1 8 11 8 9 4 212 20 14 0 2 0 11 5 3 4 0 4 10 13 1 3 1 36 3 0 1 0 0 0 0 0 4 8 0 0 22 27 6 6 0 8 2 0 0 1 97 48 8 0 2 0 0 8 0 0 0 0 0 0 0 0 0 0 0 0 0 0 0 0 0 0 30 67 7 0 4 0 0 0 0 0 23 0 0 2 0 1 12 0 0 0 0 16 7 0 1 18 2 9 0 9 31 62 19 0 0 1 0 151 557 1073 820 82 57 87 193 174 303 183 3 0 0 6 726 189 0 0 0 0 0 0 0 0 0 0 0 0 0 0 0 0 0 0 0
0 0 4 0 0 0 13 8 2 1 13 60 0 4 0 0 0 1 3 12 1 0 0 1 1 4 2 3 3 1 0 0 8 0 0 0 0 1 31 2 0 1 1 0 13 3 0 0 0 0 5 138 1 10 7 0 0 1 6 2 0 0 0 0 0 0 0 0 0 0 0 0 0 0 0 0 0 11 120 30 19 32 21 0 0 0 0 0 1 0 0 0 3 12 0 0 0 0 0 12 1 2 4 9 3 6 10 6 55 0 0 4 32 20 54 42 6 92 822 333 46 201 818 707 623 402 129 243 1095 2076 896 2 0 0 0 0 0 0 0 0 0 0 0 0 0 0 0 0 0 0
0 8 4 0 0 9 8 4 0 10 27 5 0 6 21 12 2 1 0 0 1 0 0 0 0 13 18 4 0 0 0 1 5 5 3 0 0 0 1 30 2 37 3 5 1 3 16 5 6 9 15 477 44 12 0 7 0 4 1 3 0 0 0 0 0 0 0 0 0 0 0 0 0 0 0 0 3 31 112 1 0 41 45 0 0 0 0 0 22 7 0 6 4 10 2 50 20 1 1 9 11 0 1 30 12 31 11 1 132 39 6 16 31 3 4 34 14 260 408 788 559 1156 1142 967 1786 1534 883 963 1261 1051 849 1 0 0 0 0 0 0 0 0 0 0 0 0 0 0 0 0 0 0
0 0 0 0 9 7 0 3 18 27 2 1 4 2 7 19 6 1 0 0 0 0 0 0 9 7 10 1 1 0 0 3 3 2 4 1 6 5 5 1 0 0 1 0 0 1 1 0 16 55 774 764 14 168 31 5 2 1 7 13 0 0 0 0 0 0 0 0 0 0 0 0 0 0 0 1 0 0 18 16 0 0 0 0 0 0 0 0 14 6 0 1 19 0 0 5 1 0 8 8 21 15 24 4 48 26 40 153 5 18 11 2 9 19 7 17 10 102 624 2015 2293 1571 481 1283 1832 1254 242 1016 718 33 115 41 3 0 0 0 0 0 0 0 0 0 0 0 0 0 0 0 0 0
3 7 0 4 4 0 1 0 23 3 4 3 8 2 1 1 9 4 1 0 0 0 0 1 3 18 0 0 0 0 2 45 32 0 0 1 0 0 3 0 0 0 1 0 0 0 1 0 1 30 1031 1174 848 1174 93 32 19 3 13 12 2 1 0 0 0 0 0 0 0 0 0 0 0 0 0 0 0 0 0 30 0 1 1 0 0 0 0 59 185 0 1 34 20 0 0 0 0 0 0 7 7 1 57 16 18 248 480 19 4 0 3 11 0 6 4 24 19 22 194 857 521 730 349 3357 2312 926 341 338 50 887 1306 707 0 0 0 0 0 0 0 0 0 0 0 0 0 0 0 0 0 0
4 6 3 27 5 1 37 15 30 4 12 56 2 9 0 0 0 0 0 0 0 1 0 0 0 0 1 5 0 0 0 24 9 3 0 2 4 0 0 0 0 0 0 1 0 1 1 0 0 50 276 522 848 535 228 120 11 3 5 3 7 2 0 0 0 0 0 0 0 0 0 0 0 0 5 4 0 0 0 31 3 8 7 0 0 0 0 47 58 3 9 34 82 0 0 0 0 0 0 9 3 60 29 203 46 78 5 27 0 0 0 0 3 14 12 5 8 11 15 47 393 322 452 924 1445 1081 528 635 573 1030 491 337 4 0 0 0 0 0 0 0 0 0 0 0 0 0 0 0 0 0
1 8 9 15 2 12 22 22 7 9 1 12 6 1 0 0 0 0 0 0 0 0 2 2 1 0 0 0 1 4 6 1 0 1 0 1 1 1 0 0 0 0 0 0 0 2 9 1 11 6 32 249 467 34 25 58 10 4 6 1 0 0 0 0 0 1 0 0 0 0 0 0 0 0 0 0 0 2 4 0 20 9 0 0 0 0 71 89 28 10 7 226 272 34 8 0 0 0 0 45 32 7 130 219 31 0 9 6 43 3 0 0 21 3 2 5 8 49 110 32 191 754 642 587 403 935 1077 1959 247 224 125 123 0 0 0 0 0 0 0 0 0 0 0 0 0 0 0 0 0 0
0 3 36 0 7 0 24 171 15 13 11 8 4 4 0 0 0 0 1 0 2 0 0 1 0 0 0 0 7 0 0 0 0 0 0 0 0 1 5 0 0 0 0 0 0 2 0 3 5 16 4 42 167 25 21 0 1 68 77 7 0 0 0 0 0 0 0 0 0 0 0 0 0 0 0 0 0 0 0 0 0 6 54 18 12 19 3 0 17 55 166 227 108 10 4 2 0 4 25 65 84 546 332 729 436 56 30 4 12 13 0 0 4 0 2 5 8 134 44 551 454 832 2496 2313 1076 291 2042 2849 1566 0 1 0 0 0 0 0 0 0 0 0 0 0 0 0 0 0 0 0 0 0
13 15 19 0 18 23 11 63 17 19 1 1 3 2 0 0 0 0 0 0 0 2 21 0 0 0 0 0 5 0 0 1 4 3 0 0 0 0 0 0 3 1 0 0 0 0 0 0 7 7 0 8 99 8 7 1 0 5 173 28 2 2 0 0 0 0 0 0 0 0 0 0 0 0 0 0 0 0 0 0 1 24 17 0 0 11 11 8 20 73 154 133 114 21 55 17 3 1 0 26 216 526 885 435 300 68 1 4 5 17 13 7 0 0 4 5 10 714 423 791 683 20 31 153 183 286 716 1178 448 3 235 21 0 0 0 0 0 0 0 0 0 0 0 0 0 0 0 0 0 0
9 7 163 5 41 141 77 18 1 7 5 1 2 5 0 1 0 0 0 1 2 6 0 0 0 0 0 0 0 0 0 1 0 0 0 0 0 0 0 0 2 7 2 0 1 0 0 0 3 2 0 11 22 0 0 0 2 3 5 24 9 2 0 0 0 0 0 0 0 0 0 0 0 0 0 0 0 0 0 2 58 122 0 0 44 2 141 21 0 2 2 6 17 2 1 1 0 0 0 10 24 166 1222 387 156 245 13 61 9 3 25 0 0 0 0 28 329 500 149 33 0 0 0 0 70 424 143 1016 540 11 43 24 0 0 0 0 0 0 0 0 0 0 0 0 0 0 0 0 0 0
6 83 164 189 492 679 300 54 10 0 0 0 1 0 0 1 0 0 0 0 2 12 0 0 0 0 0 0 0 0 0 1 0 0 0 1 0 0 1 0 1 2 1 5 9 7 0 8 1 0 0 10 10 0 0 1 8 0 22 0 1 6 0 0 0 0 0 0 0 0 0 0 0 0 0 0 0 0 6 26 7 0 0 0 13 7 16 261 72 1 0 0 0 0 0 0 0 0 0 0 0 343 666 211 205 336 15 6 3 30 18 2 0 0 9 66 215 16 23 65 0 0 0 0 13 636 282 613 218 7 63 2 0 0 0 0 0 0 0 0 0 0 0 0 0 0 0 0 0 0
5 98 499 1292 583 400 301 47 2 0 0 6 4 0 0 0 1 3 0 4 0 9 0 0 0 0 0 1 2 2 0 0 0 0 1 0 0 0 1 1 3 4 1 4 6 0 0 23 25 2 0 1 60 0 0 2 3 4 4 0 0 8 0 0 0 0 0 0 0 0 0 0 0 0 0 0 0 31 1 0 0 0 0 0 0 0 30 40 2 1 4 1 0 0 0 0 0 0 0 0 27 96 29 18 202 151 0 0 1 0 13 31 9 21 11 0 31 9 16 52 55 112 8 0 70 110 101 359 37 2 0 0 0 0 0 0 0 0 0 0 0 0 0 0 0 0 0 0 0 0
0 8 383 292 156 289 64 19 7 1 1 4 1 0 0 0 0 1 1 5 11 7 0 2 2 0 0 1 1 0 1 0 1 3 2 0 1 0 0 0 0 1 0 0 1 0 0 2 6 5 0 0 0 0 0 4 0 0 0 0 0 0 0 0 0 0 0 0 0 0 0 0 0 0 0 0 2 2 0 1 0 0 0 0 0 0 139 57 1 16 63 19 0 0 14 15 0 0 0 589 1247 256 356 181 25 142 43 5 0 1 4 44 14 8 0 0 0 0 11 67 124 40 183 406 27 23 6 0 0 0 0 1 0 0 0 0 0 0 0 0 0 0 0 0 0 0 0 0 0 0
20 16 43 67 72 20 4 1 1 3 49 1 1 0 1 0 0 0 0 0 1 80 0 0 0 0 0 1 0 0 0 0 0 5 0 0 0 0 0 0 2 0 0 0 1 32 3 0 0 0 0 0 0 0 1 11 0 0 0 0 0 0 0 0 0 0 0 0 0 0 0 0 0 0 0 0 11 25 0 0 0 0 0 0 0 0 102 0 0 30 52 0 0 0 42 203 144 9 342 2093 583 689 162 36 1 83 56 151 1 9 33 0 0 0 0 0 1 0 42 51 126 36 34 55 9 59 34 13 71 47 20 0 0 0 0 0 0 0 0 0 0 0 0 0 0 0 0 0 0 0
50 12 26 8 0 0 3 5 0 0 0 0 0 0 0 0 0 0 1 0 1 12 11 0 0 0 0 0 0 9 3 0 1 4 28 0 0 1 0 0 1 0 0 0 6 10 1 4 0 0 2 0 1 5 230 24 9 0 0 0 0 0 0 0 0 0 0 0 0 0 0 0 0 0 41 40 0 0 0 0 0 0 0 0 0 0 13 2 0 1 167 21 10 3 194 617 88 9 164 167 24 10 38 16 8 2 1 248 987 193 0 1 0 0 4 0 0 1 0 0 30 1 0 1 16 100 44 43 698 137 41 0 0 0 0 0 0 0 0 0 0 0 0 0 0 0 0 0 0 0
24 2 9 1 0 0 6 0 0 0 0 1 0 0 0 0 0 0 0 0 6 2 0 0 0 0 0 2 3 26 8 52 4 0 1 0 0 0 0 0 1 0 0 0 0 2 5 0 0 0 0 1 4 6 26 0 0 0 0 0 0 0 0 0 0 0 0 0 0 0 0 0 0 0 8 28 1 0 0 0 0 0 0 0 0 0 54 114 217 62 155 12 11 23 5 61 15 5 0 2 11 2 4 0 1 12 232 449 187 63 0 0 8 0 0 0 0 8 0 0 7 14 36 35 11 243 72 246 133 184 12 3 0 0 0 0 0 0 0 0 0 0 0 0 0 0 0 0 0 0
3 1 0 1 0 0 0 0 0 0 0 0 0 0 0 0 0 1 1 0 5 0 0 0 0 0 0 0 7 0 7 0 2 0 0 1 0 0 0 0 0 1 0 0 0 8 2 0 0 0 1 2 10 56 22 6 0 0 0 0 0 0 0 0 0 0 0 0 0 0 0 2 7 1 0 0 0 0 0 0 0 0 0 0 0 0 1 0 146 9 0 0 0 15 2 40 20 6 3 0 0 18 1 8 11 267 1021 515 108 172 0 0 0 0 0 0 0 0 58 0 1 43 0 14 9 8 80 105 3 22 1 11 0 0 0 0 0 0 0 0 0 0 0 0 0 0 0 0 0 0
0 0 0 4 9 1 1 0 0 0 0 0 0 0 0 0 0 0 0 2 0 0 0 18 0 0 0 0 0 1 0 0 0 0 1 1 0 6 0 0 0 0 0 0 0 1 0 0 0 0 11 5 7 120 9 2 6 0 0 0 0 0 0 0 0 0 0 0 0 0 1 3 4 0 0 0 0 0 0 0 0 0 0 0 0 0 0 0 0 0 0 0 9 19 0 1 5 0 16 2 4 1 3 0 59 84 152 10 83 282 0 0 0 0 0 0 0 0 11 8 0 4 8 96 153 28 242 59 28 19 3 0 0 0 0 0 0 0 0 0 0 0 0 0 0 0 0 0 0 0
0 0 0 0 3 30 1 0 0 0 0 0 0 0 0 0 2 4 1 0 0 0 0 0 0 0 6 0 0 0 0 18 0 0 0 0 0 0 0 0 0 0 4 5 1 0 0 0 0 0 10 0 3 1 5 0 11 1 0 0 0 0 0 0 0 0 0 4 7 8 1 0 0 0 0 0 0 0 0 0 0 0 0 0 0 0 1 0 8 3 0 68 192 13 0 0 0 0 0 10 18 11 26 40 84 27 0 1 1 36 17 0 0 0 0 0 0 0 0 0 0 16 0 43 0 0 0 232 6 4 6 0 0 0 0 0 0 0 0 0 0 0 0 0 0 0 0 0 0 0
0 0 0 0 85 44 0 0 0 0 0 0 0 3 5 1 0 0 0 0 0 0 0 0 0 0 0 0 11 0 9 2 2 1 0 0 0 0 2 0 1 0 0 13 0 1 0 0 0 2 4 0 0 8 5 4 3 3 0 2 0 0 0 0 0 0 2 0 8 1 1 0 3 0 0 0 0 0 0 0 0 0 0 0 0 0 0 1 54 47 231 441 210 22 0 0 1 1 0 31 58 736 368 62 9 34 3 0 0 185 16 0 0 0 0 0 0 0 0 0 0 0 0 0 0 7 179 78 0 0 0 0 0 0 0 0 0 0 0 0 0 0 0 0 0 0 0 0 0 0
0 0 0 0 9 0 0 0 0 0 0 0 0 6 0 2 0 0 0 0 0 0 0 0 0 0 1 0 0 5 0 0 0 0 0 4 0 0 0 0 0 0 0 0 1 5 0 0 0 0 5 0 1 12 7 1 0 0 0 0 0 0 0 0 0 0 0 0 10 0 0 0 0 0 0 0 0 0 0 0 0 0 0 0 0 0 17 0 19 142 317 185 129 42 0 3 5 8 0 92 149 159 80 21 3 3 2 0 0 1 15 0 0 0 0 0 0 0 0 0 0 63 91 0 0 14 24 1 0 0 0 0 0 0 0 0 0 0 0 0 0 0 0 0 0 0 0 0 0 0
0 0 0 1 3 3 2 0 0 0 0 0 42 27 1 0 1 3 0 0 0 0 0 0 0 5 4 1 4 134 0 0 1 0 0 2 0 0 1 0 0 0 0 1 3 10 7 0 0 1 1 0 1 59 10 2 0 0 0 0 0 0 0 0 0 0 4 4 114 0 0 0 1 0 0 0 0 0 0 0 0 1 0 0 1 16 60 7 1 145 0 4 22 2 42 3 0 11 7 23 78 0 0 5 2 0 0 0 3 22 14 33 0 0 0 0 0 0 0 0 0 1 0 0 0 0 0 3 0 0 0 0 0 0 0 0 0 0 0 0 0 0 0 0 0 0 0 0 0 0
0 0 0 0 0 2 2 0 0 0 0 0 0 0 9 4 0 0 0 0 0 0 0 0 0 1 0 1 1 2 0 0 0 0 4 0 0 0 0 0 0 0 7 0 0 0 2 7 1 1 1 0 0 17 19 7 4 0 0 0 0 0 0 0 0 0 7 46 16 0 0 0 0 0 0 0 0 0 0 0 0 0 0 2 56 2 0 1 6 26 7 1 7 0 13 5 8 27 9 17 35 16 6 0 8 0 0 16 108 134 189 520 61 13 1 0 0 0 0 0 0 0 1 0 0 0 0 0 0 0 0 0 0 0 0 0 0 0 0 0 0 0 0 0 0 0 0 1 0 0
0 0 0 1 4 3 1 2 0 0 0 2 2 0 0 1 1 0 0 0 0 0 0 0 0 1 0 3 2 0 0 0 0 0 0 0 0 0 1 1 0 0 0 0 0 0 0 2 8 1 0 0 0 2 0 82 103 1 0 0 0 0 0 1 0 5 54 133 5 0 7 1 0 0 0 0 0 0 0 0 0 0 0 13 54 0 3 14 12 6 5 5 3 0 1 25 43 36 17 2 2 1 25 3 0 0 24 2 54 42 323 175 131 64 6 0 0 0 0 0 0 0 0 0 0 0 0 0 0 0 0 0 0 0 0 0 0 0 0 0 0 0 0 0 0 0 0 0 0 0
0 1 1 2 2 0 0 0 0 0 0 3 0 0 1 2 2 0 0 0 0 0 0 0 0 0 0 0 0 0 0 0 0 0 0 0 2 0 0 0 0 0 1 0 0 4 11 5 102 5 2 0 4 1 7 5 4 11 33 6 8 1 1 5 17 2 1 1 0 0 0 0 0 0 0 0 0 0 0 0 0 0 0 0 0 0 0 8 8 14 0 0 2 0 17 168 3 0 0 0 0 0 2 0 18 71 564 1344 595 114 40 0 69 45 0 0 0 0 0 0 0 0 0 0 0 0 0 0 0 0 0 0 0 0 0 0 0 0 0 0 0 0 0 0 0 0 0 0 0 0
0 0 2 2 2 153 6 5 1 3 6 3 0 2 4 0 1 0 0 0 0 0 0 0 0 0 0 0 0 0 3 0 0 0 0 1 0 0 13 0 6 1 0 0 2 4 32 21 7 1 0 0 6 3 7 2 0 0 0 3 0 0 0 1 0 0 3 6 1 38 1 12 0 0 0 0 0 0 0 0 0 0 0 0 0 0 0 2 0 6 9 17 0 4 164 30 1 0 0 0 0 2 0 20 73 96 179 509 203 478 167 211 326 7 0 0 0 0 0 0 0 0 0 0 0 0 0 0 0 0 0 0 0 0 0 0 0 0 0 0 0 0 0 0 0 0 0 0 0 0
0 0 1 0 63 76 0 1 1 1 0 0 0 0 0 0 0 0 0 0 0 0 0 0 0 0 0 0 0 0 1 0 3 1 0 0 0 0 0 0 6 6 4 0 3 0 15 3 2 1 7 1 0 9 6 1 2 1 5 3 0 1 0 3 1 2 0 2 4 0 0 0 3 1 0 0 0 0 0 0 0 0 0 0 0 0 0 0 0 0 0 0 8 34 2 39 376 0 0 0 0 0 0 41 144 374 5 0 10 49 0 6 9 0 0 0 0 0 0 0 0 0 0 0 0 0 0 0 0 0 0 0 0 0 0 0 0 0 0 0 0 0 0 0 0 0 0 0 0 0
0 0 1 0 2 2 0 0 7 2 5 0 0 1 0 0 0 0 0 0 0 0 0 0 0 0 0 0 0 0 0 9 0 0 0 0 0 0 0 0 0 2 0 1 0 0 4 1 4 6 1 0 0 1 2 1 0 0 6 4 3 9 0 0 0 0 0 0 0 0 11 7 3 0 0 0 0 0 0 0 0 0 0 0 0 0 0 0 0 0 0 45 58 33 40 205 433 0 0 0 0 0 0 10 7 0 0 0 0 0 61 133 1 0 0 0 0 0 0 0 0 0 0 0 0 0 0 0 0 0 0 0 0 0 0 0 0 0 0 0 0 0 7 12 3 0 0 0 0 0
0 0 0 4 0 2 0 0 1 9 0 0 2 0 1 0 0 2 0 0 0 0 0 0 0 0 0 0 0 0 0 3 0 1 0 0 0 0 0 0 0 0 0 0 0 1 0 0 0 0 11 1 14 7 0 0 1 0 4 4 6 0 0 0 0 0 0 0 0 0 18 1 0 0 0 0 0 0 0 0 0 0 0 0 0 0 0 0 24 9 3 22 232 189 65 1 2 0 0 0 0 0 0 2 5 0 0 5 0 151 415 1 1 0 0 0 0 0 0 0 0 0 0 0 0 0 0 0 0 0 0 0 0 0 0 0 0 0 0 0 0 0 0 2 0 0 0 0 0 0
0 1 0 0 0 0 0 0 0 1 0 0 0 4 2 0 0 0 0 0 0 0 0 0 1 0 0 0 0 0 0 0 0 0 0 0 0 0 0 0 0 0 0 0 0 0 0 0 0 0 1 17 13 0 0 0 0 0 0 5 4 0 0 0 0 0 0 0 0 0 0 0 0 0 0 0 0 0 0 0 0 0 0 0 0 0 0 0 0 5 18 73 849 0 0 15 8 0 0 0 0 0 0 1 1 0 0 5 37 30 134 5 0 0 0 0 0 0 0 0 0 0 0 0 0 0 0 0 0 0 0 0 0 0 0 0 0 0 0 0 0 0 0 0 0 0 0 0 0 0
0 0 0 0 0 0 0 0 0 0 0 1 5 0 0 4 0 0 1 0 0 0 0 0 1 0 0 0 0 0 0 0 0 0 0 0 1 0 0 0 0 0 0 0 0 0 0 0 0 0 0 17 0 0 0 1 2 3 2 3 6 3 0 0 0 0 0 0 0 0 4 108 3 0 0 0 0 0 0 0 0 0 0 0 0 0 0 0 0 2 9 12 0 7 12 0 0 0 0 0 0 0 0 0 0 0 0 0 0 0 0 0 0 0 0 0 0 0 0 0 0 0 0 0 0 0 0 0 0 0 0 0 0 0 0 0 0 0 0 0 0 0 0 0 0 0 0 0 0 0
0 0 0 0 0 0 0 0 0 0 0 1 0 1 0 0 0 0 0 0 0 0 10 40 0 0 0 0 0 0 0 0 0 0 0 0 0 0 0 0 0 0 0 0 0 0 0 0 0 0 0 27 5 0 4 0 1 1 0 0 0 27 19 0 0 0 0 0 0 0 0 17 13 2 3 0 0 0 0 0 0 0 0 0 0 0 0 0 0 1 0 29 10 36 22 2 0 0 0 0 0 0 0 0 0 0 0 0 0 0 0 0 0 0 0 0 0 0 0 0 0 0 0 0 0 0 0 0 0 0 0 0 0 0 0 0 0 0 0 0 0 0 0 0 0 0 0 0 0 0
0 0 0 0 0 0 0 0 0 0 1 0 0 0 0 0 2 0 0 0 0 1 0 3 5 0 0 0 1 1 0 0 0 0 0 0 0 0 0 0 0 4 0 0 0 0 0 0 0 0 2 25 30 1 4 0 1 0 0 0 0 55 108 0 0 0 0 0 0 0 0 0 0 0 8 0 0 0 0 0 0 0 0 0 0 0 0 0 0 0 5 4 0 28 60 10 0 0 0 0 0 0 0 0 0 0 0 0 0 0 0 0 0 0 0 0 0 0 0 0 0 0 0 0 0 0 0 0 0 0 0 0 0 0 0 0 0 0 0 0 0 0 0 0 0 0 0 0 0 0
0 0 0 0 0 0 0 0 0 1 0 0 3 1 0 0 0 0 0 0 0 1 0 0 1 0 0 0 0 1 2 0 0 0 0 0 0 0 0 0 0 0 0 0 0 0 0 0 0 3 8 49 245 13 22 0 0 0 0 0 0 13 0 0 0 0 0 0 0 0 0 0 0 9 4 0 0 0 0 0 0 0 0 0 0 0 0 0 0 0 0 6 16 9 11 8 0 0 0 0 0 0 0 0 0 0 0 0 0 0 0 0 0 0 0 0 0 0 0 0 0 0 0 0 0 0 0 0 0 0 0 0 0 0 0 0 0 0 0 0 0 0 0 0 0 0 0 0 0 0
0 0 0 0 0 0 0 0 0 0 0 0 6 5 0 1 0 0 0 0 0 2 0 0 0 2 0 0 0 0 0 0 1 0 0 0 0 0 0 1 0 0 0 0 0 0 0 0 2 6 2 23 159 0 26 0 0 0 0 0 1 10 8 0 0 0 0 0 0 0 0 0 0 0 0 0 0 0 0 0 0 0 0 0 0 0 0 0 0 0 0 2 7 19 7 4 13 0 0 16 0 0 0 0 0 0 0 0 0 0 0 0 0 0 0 0 0 0 0 0 0 0 0 0 0 0 0 0 0 0 0 0 0 0 0 0 0 0 0 0 0 0 0 0 0 0 0 0 0 0
0 0 0 0 1 0 0 0 1 9 0 0 0 1 1 1 8 0 1 0 0 0 0 2 0 3 0 0 0 0 0 0 0 0 0 0 0 0 0 0 0 0 0 0 0 0 0 5 0 3 3 19 20 0 0 0 0 0 0 3 24 5 0 3 0 0 0 0 0 0 0 0 0 0 0 0 0 0 0 0 0 0 0 0 0 0 0 0 0 0 0 0 0 0 0 4 20 0 3 0 2 0 0 0 0 0 0 0 0 0 0 0 0 0 0 0 0 0 0 0 0 0 0 0 0 0 0 0 0 0 0 0 0 0 0 0 0 0 0 0 0 0 0 0 0 1 0 0 0 0
0 0 0 0 0 0 0 0 0 0 0 3 0 0 0 0 0 1 0 0 0 1 0 0 3 0 0 0 0 0 0 0 9 2 16 1 0 0 0 0 0 0 0 0 0 1 17 66 0 0 0 0 0 0 0 0 0 0 0 24 18 0 0 0 0 0 0 0 0 0 0 0 0 0 0 0 0 0 0 0 0 0 0 0 0 0 0 0 0 0 0 0 0 0 0 2 16 28 0 0 0 0 0 0 0 0 0 0 0 0 0 0 0 0 0 0 0 0 0 0 0 0 0 0 0 0 0 0 0 0 0 0 0 0 0 0 0 0 0 0 0 0 0 3 2 12 0 0 0 0
1 0 0 0 0 0 0 0 0 0 0 1 0 0 0 0 0 0 0 3 9 1 0 1 1 0 0 0 0 0 3 1 0 1 0 1 0 1 0 0 0 0 0 0 2 1 5 0 0 0 0 0 0 0 0 0 0 0 0 0 1 0 0 0 0 0 0 0 0 0 0 0 0 0 0 0 0 0 0 0 0 0 0 0 0 0 0 0 0 0 0 0 4 0 3 3 18 0 0 1 11 0 0 0 0 0 0 0 0 0 0 0 0 0 0 0 0 0 0 0 0 0 0 0 0 0 0 0 0 0 0 0 0 0 0 0 0 0 0 0 0 0 0 0 0 0 0 0 0 0
0 0 0 1 0 0 0 0 0 0 1 2 1 0 0 0 2 0 0 0 0 0 0 0 0 0 0 0 0 0 0 0 0 0 0 0 0 0 0 0 0 0 0 0 0 0 0 0 0 0 0 0 0 0 0 0 0 0 0 0 2 0 0 0 0 0 0 0 0 0 1 2 0 0 0 0 0 0 0 0 0 0 0 0 0 0 0 0 0 0 0 0 0 0 6 0 0 0 0 0 0 0 0 0 0 0 0 0 0 0 0 0 0 0 0 0 0 0 0 0 0 0 0 0 0 0 0 0 0 0 0 0 0 0 0 0 0 0 0 0 0 0 0 1 0 0 0 0 0 0
0 0 0 0 0 0 0 0 0 0 11 0 12 0 0 2 4 0 0 0 0 0 0 0 0 0 0 0 0 0 0 0 0 0 0 0 0 0 0 0 0 0 0 1 5 0 0 0 0 0 0 0 0 0 0 0 0 0 0 1 0 0 0 0 0 0 0 0 0 0 4 0 0 0 0 0 0 0 0 0 0 0 0 0 0 0 0 0 0 0 0 0 0 0 16 1 8 0 0 0 0 0 0 0 0 0 0 0 0 0 0 0 0 0 0 0 0 0 0 0 0 0 0 0 0 0 0 0 0 0 0 0 0 0 0 0 0 0 0 0 0 0 0 0 0 0 0 0 0 0
1 0 1 0 0 0 1 0 1 2 0 1 16 2 0 2 13 1 0 0 0 0 0 0 0 0 0 0 0 0 0 0 0 0 0 0 2 0 0 0 0 0 0 11 1 0 0 0 0 0 0 0 0 0 0 0 0 0 0 5 4 0 0 0 0 0 0 0 55 0 0 0 0 0 0 0 0 0 0 0 0 0 0 0 0 0 0 0 0 0 0 0 0 0 0 0 2 1 3 14 0 0 0 0 0 0 0 0 0 0 0 0 0 0 0 0 0 0 0 0 0 0 0 0 0 0 0 0 0 0 0 0 0 0 0 0 0 0 0 0 0 0 0 0 0 0 0 0 0 0
2 0 0 0 0 0 0 0 0 1 0 0 6 0 0 0 2 17 8 0 0 0 0 0 0 0 0 0 0 0 0 0 0 0 0 1 6 0 8 3 0 0 1 0 0 0 0 0 0 0 0 0 0 0 0 0 0 0 0 0 6 10 1 0 0 0 0 1 193 75 0 0 0 0 0 0 0 0 0 0 0 0 0 0 0 0 0 0 0 0 0 0 0 0 0 0 1 0 0 0 0 0 0 0 0 0 0 0 0 0 0 0 0 0 0 0 0 0 0 0 0 0 0 0 0 0 0 0 0 0 0 0 0 0 0 0 0 0 0 0 0 0 0 0 0 0 0 0 0 0
0 1 2 0 0 0 0 0 0 0 0 3 86 9 0 2 46 0 5 7 0 0 0 23 0 8 0 0 0 0 2 14 0 0 6 1 11 6 10 10 0 0 20 0 0 0 0 0 0 0 0 0 0 0 0 0 0 0 0 0 0 0 0 1 170 66 15 0 0 0 0 0 0 0 0 0 0 0 0 0 0 0 0 0 0 0 0 0 0 0 0 0 0 0 0 0 0 1 0 0 0 0 0 0 0 0 0 0 0 0 0 0 0 0 0 0 0 0 0 0 0 0 0 0 0 0 0 0 0 0 0 0 0 0 0 0 0 0 0 0 0 0 0 0 0 0 0 0 0 0
10 73 12 1 0 0 0 0 0 0 2 4 3 0 0 0 4 0 0 9 15 177 71 11 11 0 0 0 0 0 1 0 0 3 3 15 27 0 0 4 1 1 0 0 0 0 0 0 0 0 0 0 0 0 0 0 0 0 0 0 0 0 0 0 1 3 0 0 0 0 0 0 0 0 0 0 0 0 0 0 0 0 0 0 0 0 0 0 0 0 0 0 0 0 0 0 0 0 0 0 0 0 0 0 0 0 0 0 0 0 0 0 0 0 0 0 0 0 0 0 0 0 0 0 0 0 0 0 0 0 0 0 0 0 0 0 0 0 0 0 0 0 0 0 0 0 0 0 0 0
29 7 14 0 3 4 0 0 0 0 0 0 4 0 0 2 9 2 0 13 1 126 30 7 6 4 0 0 9 21 11 0 0 0 0 0 3 1 0 3 9 5 0 0 0 0 0 0 0 0 0 0 0 0 0 0 0 0 0 0 0 0 0 0 0 0 0 0 0 0 0 0 0 0 0 0 0 0 0 0 0 0 0 0 0 0 0 0 0 5 0 0 0 0 0 0 0 0 0 0 0 0 0 0 0 0 0 0 0 0 0 0 0 0 0 0 0 0 0 0 0 0 0 0 0 0 0 0 0 0 0 0 0 0 0 0 0 0 0 0 0 0 0 0 0 0 0 0 0 0
0 0 0 0 0 0 0 0 0 0 0 3 1 0 0 0 0 6 0 5 0 3 8 6 1 17 4 2 0 13 0 0 0 0 3 2 0 1 0 0 0 0 0 0 0 0 0 0 0 0 0 0 0 0 0 0 0 0 0 0 0 0 0 0 0 0 0 0 0 0 0 0 0 0 0 0 0 0 0 0 0 0 0 0 0 0 0 0 0 0 0 0 0 0 0 0 0 0 0 0 0 0 0 0 0 0 0 0 0 0 0 0 0 0 0 0 0 0 0 0 0 0 0 0 0 0 0 0 0 0 0 0 0 0 0 0 0 0 0 0 0 0 0 0 0 0 0 0 0 0
0 0 1 0 0 0 0 0 0 0 0 0 0 0 0 0 0 4 1 11 0 0 0 3 9 14 6 9 22 1 0 0 0 13 14 1 0 0 0 0 0 0 0 0 0 0 0 0 0 0 0 0 0 0 0 0 0 0 0 0 0 0 0 0 0 0 0 0 0 0 0 0 0 0 0 0 0 0 0 0 0 0 0 0 0 0 0 0 0 0 0 0 0 0 0 0 0 0 0 0 0 0 0 0 0 0 1 0 0 0 0 0 0 0 0 0 0 0 0 0 0 0 0 0 0 0 0 0 0 0 0 0 0 0 0 0 0 0 0 0 0 0 0 0 0 0 0 0 0 0
0 0 0 0 0 0 0 0 0 0 0 0 0 0 0 0 0 4 0 2 0 0 0 0 0 0 0 12 295 51 4 10 10 59 17 0 4 0 0 0 0 0 0 0 0 0 0 0 0 0 0 0 0 0 0 0 0 0 0 0 0 0 0 0 0 0 0 0 0 0 0 0 0 0 0 0 0 0 0 0 0 0 0 0 0 0 0 0 0 0 0 0 0 0 0 0 0 0 0 0 0 0 0 0 0 0 0 0 0 0 0 0 0 0 0 0 0 0 0 0 0 0 0 0 0 0 0 0 0 0 0 0 0 0 0 0 0 0 0 0 0 0 0 0 0 0 0 0 0 0
0 0 0 0 0 0 0 0 0 0 0 0 0 0 0 0 1 0 0 2 0 0 0 2 0 1 4 10 1 0 17 4 4 11 0 1 5 0 0 0 0 0 0 0 0 0 0 0 0 0 0 0 0 0 0 0 0 0 0 0 0 0 0 0 0 0 0 0 0 0 0 0 0 0 0 0 0 0 0 0 0 0 0 0 0 0 0 0 0 0 0 0 0 0 0 0 0 0 0 0 0 0 0 0 0 0 0 0 0 0 0 0 0 0 0 0 0 0 0 0 0 0 0 0 0 0 0 0 0 0 0 0 0 0 0 0 0 0 0 0 0 0 0 0 0 0 0 0 0 0
0 0 0 0 0 0 0 2 0 0 1 0 0 0 0 0 0 0 0 0 0 0 0 0 6 8 10 0 0 0 18 2 1 3 0 0 1 2 0 0 0 0 0 0 0 0 0 0 0 0 0 0 0 0 0 0 0 0 0 1 0 0 0 0 0 0 0 0 0 0 0 0 0 0 0 0 0 0 0 0 0 0 0 0 0 0 0 0 0 0 0 0 0 0 0 0 0 0 0 0 0 0 0 0 0 0 0 0 0 0 0 0 0 0 0 0 0 0 0 0 0 0 0 0 0 0 0 0 0 0 0 0 0 0 0 0 0 0 0 0 0 0 0 0 0 0 0 0 0 0
0 0 0 0 0 0 0 0 0 0 0 10 10 5 0 0 0 0 0 0 0 0 0 0 0 0 0 0 0 0 0 0 15 0 0 1 6 0 0 0 0 0 0 0 0 0 0 0 0 0 0 0 0 0 0 0 0 0 0 0 0 0 0 0 0 0 0 0 0 0 0 0 0 0 0 0 0 0 0 0 0 0 0 0 0 0 0 0 0 0 0 0 0 0 0 0 0 0 0 0 0 0 0 0 0 0 0 0 0 0 0 0 0 0 0 0 0 0 0 0 0 0 0 0 0 0 0 0 0 0 0 0 0 0 0 0 0 0 0 0 0 0 0 0 0 0 0 0 0 0
0 0 0 0 0 0 0 0 0 0 4 9 2 0 0 0 0 0 0 0 0 0 0 0 0 0 0 18 3 7 12 0 0 0 0 0 0 0 0 0 0 0 0 0 0 0 0 0 0 0 0 0 0 0 0 0 0 0 0 0 0 0 0 0 0 0 0 0 0 0 0 0 0 0 0 0 0 0 0 0 0 0 0 0 0 0 0 0 0 0 0 0 0 0 0 0 0 0 0 0 0 0 0 0 0 0 0 0 0 0 0 0 0 0 0 0 0 0 0 0 0 0 0 0 0 0 0 0 0 0 0 0 0 0 0 0 0 0 0 0 0 0 0 0 0 0 0 0 0 0
0 0 0 0 0 0 0 0 0 0 1 0 0 0 0 0 0 0 0 0 0 0 0 0 0 0 0 8 10 0 0 0 7 6 0 0 0 0 0 0 0 0 0 0 0 0 0 0 0 0 0 0 0 0 0 0 0 0 0 0 0 0 0 0 0 0 0 0 0 0 0 0 0 0 0 0 0 0 0 0 0 0 0 0 0 0 0 0 0 0 0 0 0 0 0 0 0 0 0 0 0 0 0 0 0 0 0 0 0 0 0 0 0 0 0 0 0 0 0 0 0 0 0 0 0 0 0 0 0 0 0 0 0 0 0 0 0 0 0 0 0 0 0 0 0 0 0 0 0 0
0 0 0 0 0 0 0 0 0 0 7 0 0 0 0 0 0 0 0 0 0 0 0 0 0 0 0 0 0 0 0 0 0 0 0 0 0 0 0 0 0 0 0 0 0 0 0 0 0 0 0 0 0 0 0 0 0 0 0 0 0 0 0 0 0 0 0 0 0 0 0 0 0 0 0 0 0 0 0 0 0 0 0 0 0 0 0 0 0 0 0 0 0 0 0 0 0 0 0 0 0 0 0 0 0 0 0 0 0 0 0 0 0 0 0 0 0 0 0 0 0 0 0 0 0 0 0 0 0 0 0 0 0 0 0 0 0 0 0 0 0 0 0 0 0 0 0 0 0 0
0 0 0 0 0 0 0 0 0 1 3 0 0 0 0 0 0 0 0 0 0 0 0 0 0 0 0 0 0 0 0 0 0 0 0 0 0 0 0 0 0 0 0 0 0 0 0 0 0 0 0 0 0 0 0 0 0 0 0 0 0 0 0 0 0 0 0 0 0 0 0 0 0 0 0 0 0 0 0 0 0 0 0 0 0 0 0 0 0 0 0 0 0 0 0 0 0 0 0 0 0 0 0 0 0 0 0 0 0 0 0 0 0 0 0 0 0 0 0 0 0 0 0 0 0 0 0 0 0 0 0 0 0 0 0 0 0 0 0 0 0 0 0 0 0 0 0 0 0 0
0 0 0 0 0 0 0 0 1 0 4 0 0 0 0 0 0 0 0 0 0 0 0 0 0 0 0 0 0 0 0 0 0 0 0 0 0 0 0 0 0 0 0 0 0 0 0 0 0 0 0 2 0 0 0 0 0 0 0 0 0 0 0 0 0 0 0 0 0 0 0 0 0 0 0 0 0 0 0 0 0 0 0 0 0 0 0 0 0 0 0 0 0 0 0 0 0 0 0 0 0 0 0 0 0 0 0 0 0 0 0 0 0 0 0 0 0 0 0 0 0 0 0 0 0 0 0 0 0 0 0 0 0 0 0 0 0 0 0 0 0 0 0 0 0 0 0 0 0 0
0 0 2 0 0 0 0 0 17 40 0 0 0 0 0 0 0 0 0 0 0 0 0 0 0 0 0 0 0 0 0 0 0 0 0 0 0 0 0 0 0 0 0 0 0 0 0 0 1 0 0 2 0 0 0 0 0 0 0 0 0 0 0 0 0 0 0 0 0 0 0 0 0 0 0 0 0 0 0 0 0 0 0 0 0 0 0 0 0 0 0 0 0 0 0 0 0 0 0 0 0 0 0 0 0 0 0 0 0 0 0 0 0 0 0 0 0 0 0 0 0 0 0 0 0 0 0 0 0 0 0 0 0 0 0 0 0 0 0 0 0 0 0 0 0 0 0 0 0 0
0 0 0 0 0 5 32 15 12 0 0 0 0 0 0 1 0 0 0 0 0 0 0 0 0 0 0 0 0 0 0 0 0 0 0 0 0 0 0 0 0 0 0 0 0 0 0 0 0 34 56 0 0 0 4 0 0 0 0 0 0 0 0 0 0 0 0 0 0 0 0 0 0 0 0 0 0 0 0 0 0 0 0 0 0 0 0 0 0 0 0 0 0 0 0 0 0 0 0 0 0 0 0 0 0 0 0 0 0 0 0 0 0 0 0 0 0 0 0 0 0 0 0 0 0 0 0 0 0 0 0 0 0 0 0 0 0 0 0 0 0 0 0 0 0 0 0 0 0 0
0 0 0 0 0 0 26 33 0 0 0 0 0 0 0 0 0 0 0 0 0 0 0 0 0 0 0 0 0 0 0 0 0 0 0 0 0 0 0 0 0 0 0 0 0 0 0 0 0 0 0 0 0 0 0 0 0 0 0 0 0 0 0 0 0 0 0 0 0 0 0 0 0 0 0 0 0 0 0 0 0 0 0 0 0 0 0 0 0 0 0 0 0 0 0 0 0 0 0 0 0 0 0 0 0 0 0 0 0 0 0 0 0 0 0 0 0 0 0 0 0 0 0 0 0 0 0 0 0 0 0 0 0 0 0 0 0 0 0 0 0 0 0 0 0 0 0 0 0 0
0 0 0 0 0 0 0 0 0 0 0 0 0 0 0 0 0 0 0 0 0 0 0 0 0 0 0 0 0 0 0 0 0 0 0 0 0 0 0 0 0 0 0 0 0 0 0 0 1 0 0 0 12 26 0 0 0 0 0 0 0 0 0 0 0 0 0 0 0 0 0 0 0 0 0 0 0 0 0 0 0 0 0 0 0 0 0 0 0 0 0 0 0 0 0 0 0 0 0 0 0 0 0 0 0 0 0 0 0 0 0 0 0 0 0 0 0 0 0 0 0 0 0 0 0 0 0 0 0 0 0 0 0 0 0 0 0 0 0 0 0 0 0 0 0 0 0 0 0 0
0 0 0 0 0 0 0 0 0 0 0 0 0 0 0 0 0 0 0 0 0 0 0 0 0 0 0 0 0 0 0 0 0 0 0 1 0 0 0 0 0 0 0 0 0 0 0 0 0 0 0 0 0 0 0 0 0 0 0 0 0 0 0 0 0 0 0 0 0 0 0 0 0 0 0 0 0 0 0 0 0 0 0 0 0 0 0 0 0 0 0 0 0 0 0 0 0 0 0 0 0 0 0 0 0 0 0 0 0 0 0 0 0 0 0 0 0 0 0 0 0 0 0 0 0 0 0 0 0 0 0 0 0 0 0 0 0 0 0 0 0 0 0 0 0 0 0 0 0 0
0 0 0 0 0 0 0 0 0 0 0 0 0 0 0 0 0 0 3 0 0 0 0 0 0 0 0 0 0 0 0 0 0 0 0 0 0 0 0 0 0 0 0 0 0 0 0 0 0 0 0 1 0 0 0 0 0 0 0 0 0 0 0 0 0 0 0 0 0 0 0 0 0 0 0 0 0 0 0 0 0 0 0 0 0 0 0 0 0 0 0 0 0 0 0 0 0 0 0 0 0 0 0 0 0 0 0 0 0 0 0 0 0 0 0 0 0 0 0 0 0 0 0 0 0 0 0 0 0 0 0 0 0 0 0 0 0 0 0 0 0 0 0 0 0 0 0 0 0 0
0 0 0 0 0 0 0 0 0 0 0 0 0 0 0 0 0 0 0 0 0 0 0 0 0 0 0 0 0 0 0 0 1 0 0 0 0 0 0 0 0 0 0 0 0 0 0 0 0 0 0 0 1 0 0 0 0 0 0 0 0 0 0 0 0 0 0 0 0 0 0 0 0 0 0 0 0 0 0 0 0 0 0 0 0 0 0 0 0 0 0 0 0 0 0 0 0 0 0 0 0 0 0 0 0 0 0 0 0 0 0 0 0 0 0 0 0 0 0 0 0 0 0 0 0 0 0 0 0 0 0 0 0 0 0 0 0 0 0 0 0 0 0 0 0 0 0 0 0 0
0 0 0 0 0 0 0 0 0 0 0 0 0 0 0 0 0 0 0 0 0 0 0 0 0 0 0 0 0 0 6 0 2 0 4 0 0 0 0 0 0 0 0 0 0 0 0 0 0 0 0 0 0 3 1 0 0 0 0 0 0 0 0 0 0 0 0 0 0 0 0 0 0 0 0 0 0 0 0 0 0 0 0 0 0 0 0 0 0 0 0 0 0 0 0 0 0 0 0 0 0 0 0 0 0 0 0 0 0 0 0 0 0 0 0 0 0 0 0 0 0 0 0 0 0 0 0 0 0 0 0 0 0 0 0 0 0 0 0 0 0 0 0 0 0 0 0 0 0 0
0 0 0 0 0 0 0 0 0 0 0 0 0 0 0 0 0 0 0 0 0 0 0 0 0 0 0 0 0 0 5 7 1 0 0 0 0 0 0 0 0 0 0 0 0 0 0 0 0 0 0 0 0 0 0 0 0 0 0 0 0 0 0 0 0 0 0 0 0 0 0 0 0 0 0 0 0 0 0 0 0 0 0 0 0 0 0 0 0 0 0 0 0 0 0 0 0 0 0 0 0 0 0 0 0 0 0 0 0 0 0 0 0 0 0 0 0 0 0 0 0 0 0 0 0 0 0 0 0 0 0 0 0 0 0 0 0 0 0 0 0 0 0 0 0 0 0 0 0 0
0 0 0 0 0 0 0 0 0 0 0 0 0 0 0 0 0 0 0 0 0 0 0 0 0 0 0 0 0 0 6 7 0 0 0 0 0 0 0 0 0 0 0 0 0 0 0 0 1 0 0 0 0 0 0 0 0 0 0 0 0 0 0 0 0 0 0 0 0 0 0 0 0 0 0 0 0 0 0 0 0 0 0 0 0 0 0 0 0 0 0 0 0 0 0 0 0 0 0 0 0 0 0 0 0 0 0 0 0 0 0 0 0 0 0 0 0 0 0 0 0 0 0 0 0 0 0 0 0 0 0 0 0 0 0 0 0 0 0 0 0 0 0 0 0 0 0 0 0 0
0 0 0 0 0 0 0 0 0 0 0 0 0 0 0 0 0 0 0 0 0 0 0 0 0 0 5 0 0 1 0 0 0 0 1 0 1 0 0 0 0 0 0 0 0 0 0 0 0 0 0 0 0 0 0 0 0 0 0 0 0 0 0 0 0 0 0 0 0 0 0 0 0 0 0 0 0 0 0 0 0 0 0 0 0 0 0 0 0 0 0 0 0 0 0 0 0 0 0 0 0 0 0 0 0 0 0 0 0 0 0 0 0 0 0 0 0 0 0 0 0 0 0 0 0 0 0 0 0 0 0 0 0 0 0 0 0 0 0 0 0 0 0 0 0 0 0 0 0 0
0 0 0 0 0 0 0 0 0 0 0 0 0 0 0 0 0 0 0 0 0 0 0 0 0 0 0 0 0 135 48 0 0 0 0 0 0 0 0 0 0 0 0 0 0 0 0 0 0 0 0 0 0 0 0 0 0 0 0 0 0 0 0 0 0 0 0 0 0 0 0 0 0 0 0 0 0 0 0 0 0 0 0 0 0 0 0 0 0 0 0 0 0 0 0 0 0 0 0 0 0 0 0 0 0 0 0 0 0 0 0 0 0 0 0 0 0 0 0 0 0 0 0 0 0 0 0 0 0 0 0 0 0 0 0 0 0 0 0 0 0 0 0 0 0 0 0 0 0 0
0 0 0 0 0 0 0 0 0 0 0 0 0 0 0 0 0 0 0 0 0 0 0 0 0 0 9 0 0 0 0 0 0 0 0 0 0 0 0 0 0 0 0 0 0 0 0 0 0 62 0 0 0 0 0 0 0 0 0 0 0 0 0 0 0 0 0 0 0 0 0 0 0 0 0 0 0 0 0 0 0 0 0 0 0 0 0 0 0 0 0 0 0 0 0 0 0 0 0 0 0 0 0 0 0 0 0 0 0 0 0 0 0 0 0 0 0 0 0 0 0 0 0 0 0 0 0 0 0 0 0 0 0 0 0 0 0 0 0 0 0 0 0 0 0 0 0 0 0 0
0 0 0 0 0 0 0 0 0 0 0 0 0 0 0 0 0 0 0 0 0 0 0 0 0 0 18 0 0 0 0 0 0 0 0 0 0 0 0 0 0 0 0 0 0 0 0 0 6 0 0 0 0 0 0 0 0 0 0 0 0 0 0 0 0 0 0 0 0 0 0 0 0 0 0 0 0 0 0 0 0 0 0 0 0 0 0 0 0 0 0 0 0 0 0 0 0 0 0 0 0 0 0 0 0 0 0 0 0 0 0 0 0 0 0 0 0 0 0 0 0 0 0 0 0 0 0 0 0 0 0 0 0 0 0 0 0 0 0 0 0 0 0 0 0 0 0 0 0 0
0 0 0 0 0 0 0 0 0 0 0 0 0 0 0 0 0 0 0 0 0 0 0 0 0 0 0 0 2 0 0 0 0 0 0 0 0 0 0 0 0 0 0 0 0 0 0 0 0 0 0 0 0 0 0 0 0 0 0 0 0 0 0 0 0 0 0 0 0 0 0 0 0 0 0 0 0 0 0 0 0 0 0 0 0 0 0 0 0 0 0 0 0 0 0 0 0 0 0 0 0 0 0 0 0 0 0 0 0 0 0 0 0 0 0 0 0 0 0 0 0 0 0 0 0 0 0 0 0 0 0 0 0 0 0 0 0 0 0 0 0 0 0 0 0 0 0 0 0 0
0 0 0 0 0 0 0 0 0 0 0 0 0 0 0 0 0 0 0 0 0 0 0 0 0 0 0 0 0 0 0 0 0 0 0 0 0 0 0 0 0 0 0 0 0 0 0 0 0 0 0 0 0 0 0 0 0 0 0 0 0 0 0 0 0 0 0 0 0 0 0 0 0 0 0 0 0 0 0 0 0 0 0 0 0 0 0 0 0 0 0 0 0 0 0 0 0 0 0 0 0 0 0 0 0 0 0 0 0 0 0 0 0 0 0 0 0 0 0 0 0 0 0 0 0 0 0 0 0 0 0 0 0 0 0 0 0 0 0 0 0 0 0 0 0 0 0 0 0 0
0 0 0 0 0 0 0 0 0 0 0 0 0 0 0 0 0 0 0 0 0 0 0 0 0 0 0 0 0 0 0 0 0 0 0 0 0 0 0 0 0 0 0 0 0 0 0 0 0 0 0 0 0 0 0 0 0 0 0 0 0 0 0 0 0 0 0 0 0 0 0 0 0 0 0 0 0 0 0 0 0 0 0 0 0 0 0 0 0 0 0 0 0 0 0 0 0 0 0 0 0 0 0 0 0 0 0 0 0 0 0 0 0 0 0 0 0 0 0 0 0 0 0 0 0 0 0 0 0 0 0 0 0 0 0 0 0 0 0 0 0 0 0 0 0 0 0 0 0 0
0 0 0 0 0 0 0 0 0 0 0 0 0 0 0 0 0 0 0 0 0 0 0 0 0 0 0 0 0 0 0 0 0 0 0 0 0 0 0 0 0 0 0 0 0 0 0 0 0 0 0 0 0 0 0 0 0 0 0 0 0 0 0 0 0 0 0 0 0 0 0 0 0 0 0 0 0 0 0 0 0 0 0 0 0 0 0 0 0 0 0 0 0 0 0 0 0 0 0 0 0 0 0 0 0 0 0 0 0 0 0 0 0 0 0 0 0 0 0 0 0 0 0 0 0 0 0 0 0 0 0 0 0 0 0 0 0 0 0 0 0 0 0 0 0 1 0 0 0 0
0 0 0 0 0 0 0 0 0 0 0 0 0 0 0 0 0 0 0 0 0 0 0 0 0 0 0 0 0 0 0 0 0 0 0 0 0 0 0 0 0 0 0 0 0 0 0 0 0 0 0 0 0 0 0 0 0 0 0 0 0 0 0 0 0 0 0 0 0 0 0 0 0 0 0 0 0 0 0 0 0 0 0 0 0 0 0 0 0 0 0 0 0 0 0 0 0 0 0 0 0 0 0 0 0 0 0 0 0 0 0 0 0 0 0 0 0 0 0 0 0 0 0 0 0 0 0 0 0 0 0 0 0 0 0 0 0 0 0 0 0 0 0 0 0 0 0 0 0 0
0 0 0 0 0 0 0 0 0 0 0 0 0 0 0 0 0 0 0 0 0 0 0 0 0 0 0 0 0 0 0 0 0 0 0 0 0 0 0 0 0 0 0 0 0 0 0 0 0 0 0 0 0 0 0 0 0 0 0 0 0 0 0 0 0 0 0 0 0 0 0 0 0 0 0 0 0 0 0 0 0 0 0 0 0 0 0 0 0 0 0 0 0 0 0 0 0 0 0 0 0 0 0 0 0 0 0 0 0 0 0 0 0 0 0 0 0 0 0 0 0 0 0 0 0 0 0 0 0 0 0 0 0 0 0 0 0 0 0 0 0 0 0 0 1 0 0 0 0 0
