0 0 8 2 0 0 1 0 10 52 7 4 0 7 0 0 0 1 6 0 4 2 0 0 0 12 0 0 0 0 0 0 0 1 6 1 0 0 0 1 0 0 0 3 4 0 0 0 0 0 0 0 0 0 3 0 0 0 1 3 21 20 6 9 1 1 8 0 0 0 0 0 14 95 110 210 64 25 34 4 11 126 27 54 49 136 129 157 31 80 574 229 51 315 241 557 364 240 341 74 98 45 15 17 37 80 36 224 161 33 9 3 27 33 31 20 16 2 9 0 0 42 23 9 0 4 0 1 6 6 1 21 0 2 2 0 0 3 0 0 1 0 0 0 0 1 0 0 2 2
0 1 6 11 2 0 0 0 0 9 1 5 4 2 0 0 0 0 3 0 0 0 71 0 12 14 0 1 0 0 0 0 0 0 0 1 0 5 2 1 0 0 0 0 0 0 0 0 0 0 0 0 0 0 1 0 0 0 0 18 67 14 3 3 0 0 1 0 1 0 0 2 19 33 7 4 107 63 6 24 97 26 0 2 57 130 201 85 101 150 42 14 104 146 88 115 179 209 334 265 176 123 39 14 11 9 1 38 19 4 6 12 3 9 25 9 5 6 2 21 2 7 18 4 4 2 0 8 8 28 13 11 41 32 0 0 0 1 0 21 5 0 0 0 0 2 0 0 0 0
0 0 0 1 2 0 0 0 0 7 3 2 5 0 0 0 0 1 4 0 0 14 51 12 10 0 13 5 0 0 0 0 0 0 0 5 0 2 0 24 1 0 0 1 0 0 0 0 0 0 1 0 0 0 4 1 0 0 0 10 17 8 2 3 0 0 0 0 0 0 0 3 64 0 0 1 6 19 77 117 58 33 1 22 28 94 254 100 1 5 33 22 39 142 286 417 75 226 164 207 325 169 11 29 14 8 4 13 123 81 17 4 3 1 3 1 8 55 17 6 38 13 7 20 1 2 4 12 1 22 8 6 83 40 0 0 5 0 0 144 3 0 0 0 0 0 1 0 0 0
8 1 1 1 0 0 0 0 0 5 0 1 0 0 0 0 0 0 3 0 0 0 18 0 86 0 2 15 13 0 0 0 0 0 0 0 0 2 0 2 6 0 0 0 0 0 0 0 0 0 1 0 0 1 33 18 0 13 26 3 0 0 10 5 0 0 0 0 0 2 8 47 10 1 0 1 30 27 129 120 62 53 27 198 236 8 27 92 1 64 396 285 697 217 487 265 58 117 305 236 274 293 106 8 13 94 11 24 165 30 14 5 13 10 1 4 30 39 38 15 10 55 15 6 4 9 2 1 21 14 1 5 19 0 3 0 7 1 0 8 21 3 0 0 0 0 0 0 0 0
4 5 1 1 0 0 0 0 1 1 0 0 0 0 0 1 6 2 1 0 1 0 2 0 1 0 0 0 0 0 1 0 0 1 0 8 2 0 0 0 1 0 0 0 0 0 0 0 0 6 1 0 0 2 38 104 59 21 3 0 2 1 0 8 0 0 0 0 0 13 60 40 58 85 30 46 53 61 153 121 139 116 168 65 170 72 44 20 88 129 603 251 221 369 227 90 30 369 132 373 312 387 446 403 783 49 68 19 10 4 17 28 28 11 5 2 1 8 29 27 119 383 64 17 6 2 3 1 4 6 1 0 0 0 0 0 0 0 0 0 13 3 0 0 0 0 0 0 0 0
8 3 0 5 0 0 0 0 6 1 1 0 0 0 0 8 3 1 7 40 2 2 2 0 0 0 0 0 0 0 0 1 0 0 9 28 23 30 0 2 0 0 1 0 0 0 0 0 0 5 29 7 0 2 2 268 21 14 11 3 0 0 1 1 0 0 0 0 1 20 48 66 117 35 54 14 17 13 43 136 215 278 203 29 1 89 34 33 5 128 629 224 15 88 247 312 41 747 183 245 221 193 484 263 23 72 9 44 10 4 0 3 2 24 1 7 11 6 0 12 41 73 3 3 1 6 1 2 6 0 11 0 0 0 0 0 1 1 1 0 0 6 0 1 0 0 0 0 0 0
0 0 0 1 0 0 0 0 0 3 12 0 0 0 0 0 0 0 0 0 0 0 3 0 0 0 0 0 0 1 1 0 0 0 0 5 0 5 3 0 0 0 0 0 0 0 0 0 0 2 1 3 3 2 2 12 9 1 49 18 0 0 0 0 3 1 0 0 3 46 27 42 123 200 160 75 242 71 230 338 305 239 454 235 61 8 5 119 34 32 486 385 57 215 260 227 189 266 315 38 20 212 71 43 9 11 38 3 7 4 26 90 94 6 11 7 2 4 14 19 51 74 3 2 1 4 6 0 0 0 0 0 0 0 0 0 0 6 0 0 0 2 0 0 0 0 0 0 0 0
1 0 0 0 0 0 0 0 0 1 1 0 0 0 0 0 0 0 0 0 0 0 0 0 0 0 0 0 0 0 7 0 0 0 1 2 0 0 2 4 0 0 0 0 0 0 0 0 0 0 0 0 4 9 1 7 0 4 42 36 49 22 39 2 8 30 0 0 0 59 5 2 12 19 26 21 39 113 454 426 381 199 279 173 100 145 112 280 162 60 204 34 7 273 175 151 120 502 475 166 96 256 205 245 94 72 13 10 60 12 187 240 17 26 17 9 1 1 2 11 11 8 7 4 3 4 6 1 5 0 0 0 0 0 0 0 0 0 0 0 0 0 0 0 0 0 0 0 0 0
1 0 0 0 0 0 2 0 4 14 0 0 0 0 2 0 0 0 0 0 0 0 0 0 0 0 0 0 0 0 1 0 0 0 4 3 0 0 0 0 0 0 0 0 0 0 0 0 0 0 0 0 4 6 0 1 1 9 7 30 157 121 13 0 2 6 3 4 1 21 3 0 0 4 0 5 11 10 32 243 439 406 352 12 6 8 160 121 180 25 1 4 145 435 542 505 48 422 226 87 134 35 74 245 350 54 117 125 35 23 474 67 127 5 9 4 2 2 11 3 5 27 12 23 3 4 0 2 1 0 4 0 0 0 0 0 0 0 0 0 0 0 0 0 0 0 0 0 0 0
0 0 0 0 0 0 0 0 11 6 0 0 0 0 0 0 0 0 0 0 0 0 0 0 0 0 0 0 0 0 0 0 0 0 0 0 0 1 2 0 0 0 0 0 0 0 3 0 2 1 3 0 7 7 0 0 0 1 1 12 33 130 16 6 10 2 1 4 0 6 0 0 0 0 0 16 5 25 100 321 589 317 293 151 479 418 135 52 103 71 46 4 11 298 406 559 383 64 68 11 31 39 18 2 59 188 161 162 42 4 251 239 211 10 6 164 130 255 95 35 12 8 17 23 38 9 9 1 6 19 64 2 0 0 0 0 0 0 0 0 0 0 0 0 0 0 0 0 0 1
0 0 1 0 0 0 0 0 3 2 0 9 0 0 0 9 1 0 0 0 0 0 0 0 0 0 0 0 0 0 0 1 0 1 0 4 0 0 0 0 0 2 0 1 0 0 2 3 17 6 6 1 3 0 0 0 0 5 8 13 0 66 6 7 0 1 2 0 0 10 0 0 0 0 0 0 5 16 71 173 270 133 280 121 115 177 81 105 173 128 20 1 4 75 138 327 339 18 11 51 13 6 8 12 54 123 378 206 67 50 211 49 111 7 3 104 201 284 175 100 204 93 149 62 72 215 77 108 32 24 2 53 5 25 3 0 0 0 0 0 0 0 0 0 0 0 0 0 0 1
2 0 0 0 0 0 0 0 9 2 0 0 0 0 0 0 6 6 5 1 2 0 0 0 0 0 0 0 0 0 0 0 2 2 3 0 0 2 2 1 3 7 5 6 2 0 0 0 0 0 0 1 1 0 15 0 0 0 0 1 2 3 0 1 0 4 1 1 1 0 3 0 0 0 0 2 12 8 102 225 333 101 36 78 60 64 4 8 59 312 26 0 0 1 4 52 374 211 134 4 0 0 10 21 14 41 188 94 6 13 122 82 31 45 8 124 394 68 203 390 239 226 52 60 64 145 0 0 0 27 1 0 61 23 38 1 0 0 0 0 0 0 0 0 0 0 0 0 0 0
1 0 0 0 0 0 62 0 4 3 0 0 0 0 0 0 1 9 3 6 8 5 0 1 0 0 0 0 0 0 0 0 1 0 0 0 1 0 0 0 0 5 29 7 16 0 7 27 0 0 0 0 5 0 3 0 0 0 0 2 2 1 0 0 0 2 1 21 1 1 7 0 0 0 1 8 81 40 96 26 108 348 19 0 3 11 3 0 0 2 0 0 2 29 62 21 314 177 232 169 4 2 16 5 5 2 2 66 185 193 446 251 68 375 118 11 7 55 547 436 76 141 71 1 40 75 2 0 31 14 0 0 7 19 0 0 0 0 0 0 0 0 0 0 0 0 0 0 0 0
0 0 0 0 0 0 1 4 0 0 0 0 0 0 0 0 0 0 52 14 7 4 7 1 0 0 0 0 0 3 15 1 0 0 0 0 0 0 0 0 0 0 1 41 24 0 0 0 2 0 0 22 0 0 0 0 0 0 0 0 6 1 3 0 0 0 130 5 12 12 48 0 0 0 1 198 310 174 81 15 39 168 45 0 3 78 7 0 0 20 2 0 0 40 4 11 60 258 70 132 0 4 170 58 182 48 36 170 112 335 601 597 436 147 146 128 86 96 415 265 74 48 2 3 0 15 17 0 11 3 0 0 4 1 0 0 0 0 0 0 0 0 0 0 0 0 0 0 0 0
0 0 0 0 0 0 0 1 5 0 0 0 0 0 0 0 0 0 0 1 3 0 0 0 0 0 0 0 0 0 0 0 0 0 0 0 0 0 0 0 0 0 0 3 21 0 0 0 0 16 3 15 5 0 3 0 4 2 2 12 47 22 3 8 4 10 52 68 94 96 42 1 7 0 45 268 408 431 235 12 0 74 11 1 3 8 7 4 0 21 8 5 5 1 0 4 34 188 171 148 16 16 318 370 695 411 686 450 584 273 314 215 191 337 207 101 106 61 53 39 61 45 14 6 0 3 18 15 8 11 0 0 0 0 0 0 0 0 0 0 0 0 0 0 0 0 0 0 0 0
0 0 0 0 0 0 0 14 12 0 2 0 0 0 0 0 1 0 0 1 0 9 7 0 0 0 0 0 1 3 0 0 0 0 0 0 0 0 0 0 0 0 0 0 1 8 0 0 0 19 54 59 1 2 0 38 28 42 4 65 16 7 3 17 17 28 84 37 37 76 169 23 55 94 358 463 821 329 83 10 4 4 0 1 0 0 13 20 1 45 1 5 1 0 1 15 31 18 9 14 15 2 461 282 320 389 378 142 334 404 342 238 224 177 135 72 30 114 42 55 7 4 81 180 27 48 1 0 3 1 0 0 0 0 16 3 0 0 0 0 0 0 0 0 0 0 0 0 0 0
0 0 0 0 0 0 0 1 1 0 0 0 0 0 1 0 3 6 0 0 0 0 7 18 8 4 3 0 0 0 0 0 0 0 0 0 0 0 0 0 1 0 2 0 0 10 3 5 1 16 24 3 0 12 3 22 33 89 48 30 1 7 3 0 1 6 2 0 0 0 1 1 73 26 126 159 316 113 88 0 0 0 6 2 0 0 0 11 45 12 0 0 2 1 2 6 22 0 1 51 11 106 407 346 220 114 314 83 152 327 303 157 322 103 97 54 23 43 71 7 0 0 23 13 12 159 0 8 2 0 0 0 0 0 0 1 0 0 0 0 0 0 0 0 0 0 0 0 0 0
0 0 0 0 4 0 0 0 0 0 0 0 2 0 0 4 0 1 0 6 0 5 3 0 13 2 3 14 0 1 0 0 0 0 0 0 3 0 0 0 0 0 0 1 3 14 24 2 5 21 25 29 4 31 13 24 29 65 207 11 2 0 0 0 1 0 13 40 1 37 29 2 51 10 27 44 11 70 11 10 0 0 3 1 0 0 5 0 80 1 0 19 42 44 6 1 6 0 22 293 128 84 77 53 55 193 78 85 224 200 88 45 30 76 37 7 56 71 16 7 0 2 2 5 64 281 151 9 9 2 0 0 0 0 0 0 0 0 0 0 0 0 0 0 0 0 0 0 0 0
0 0 0 1 3 0 0 0 0 0 0 0 4 0 0 0 2 0 0 3 1 2 0 2 3 0 68 26 13 0 0 0 0 0 1 8 3 0 0 0 0 1 2 6 18 14 6 5 11 247 39 14 7 10 4 18 128 62 26 15 58 43 1 1 0 0 4 1 1 6 10 19 11 5 3 39 37 13 9 24 8 0 3 28 1 9 12 10 2 0 1 19 61 172 22 0 0 13 111 15 64 98 36 7 71 57 82 153 205 0 0 48 2 264 24 0 5 6 0 0 0 0 2 0 41 94 140 204 2 2 0 0 0 0 0 0 0 0 0 0 0 0 0 0 0 0 0 0 0 0
0 0 0 0 0 0 0 0 0 0 0 0 0 1 1 0 0 0 1 3 0 13 19 1 1 1 4 10 90 1 0 2 0 0 4 0 0 0 0 0 0 0 5 15 6 56 49 17 3 52 22 5 0 2 43 8 15 51 5 0 1 4 0 0 1 5 1 0 8 10 29 50 9 0 0 38 12 0 1 0 0 0 0 0 1 28 13 0 4 4 1 9 5 0 1 7 1 7 7 2 321 479 268 65 49 69 86 259 64 2 0 0 0 70 38 0 0 0 0 0 0 0 0 5 6 0 9 84 4 0 0 0 0 0 0 0 0 0 0 0 0 0 0 0 0 0 0 0 0 0
0 0 0 0 0 0 0 0 0 0 0 0 0 3 0 0 0 1 1 3 0 5 0 3 0 9 5 0 0 7 0 6 6 0 1 0 0 0 0 2 9 6 3 5 4 5 4 26 45 150 144 54 12 21 15 76 4 2 6 0 1 4 6 2 82 62 2 0 4 8 47 12 0 0 2 55 190 79 7 14 1 4 2 5 0 0 0 1 8 2 1 1 0 2 0 1 0 0 154 218 636 359 212 60 1 64 47 32 1 0 0 0 0 4 0 0 0 0 0 0 0 0 2 1 0 0 10 47 0 0 0 1 0 0 0 0 0 0 0 0 0 0 0 0 0 0 0 0 0 0
0 0 0 0 0 0 0 0 0 0 0 0 0 10 1 0 0 0 0 0 0 10 6 0 2 3 0 0 0 0 10 34 11 1 1 0 0 10 0 0 14 2 0 0 0 0 0 24 126 350 158 156 12 0 0 3 0 2 0 0 0 0 0 0 9 8 16 6 0 42 11 11 7 0 0 2 80 34 25 23 13 16 6 27 8 1 3 1 154 44 9 4 1 4 1 7 4 0 35 169 132 34 35 2 28 20 50 35 4 0 0 3 5 35 0 0 0 0 0 0 0 0 0 0 0 25 10 1 3 1 3 0 0 0 0 0 0 0 0 0 0 0 0 0 0 0 0 0 0 0
0 0 0 0 0 0 0 0 0 0 0 0 0 0 2 0 1 0 0 0 1 0 8 1 1 1 0 0 0 0 0 1 24 9 1 0 14 89 0 4 0 0 0 0 0 0 9 8 8 266 136 55 4 0 0 0 0 4 3 1 0 0 0 0 3 1 12 0 0 4 8 20 16 1 0 1 5 0 19 13 5 17 13 0 0 8 1 1 0 1 0 2 1 5 0 1 7 0 0 0 4 0 4 30 71 24 42 24 61 52 50 5 28 0 0 0 0 0 0 0 0 0 0 3 20 37 60 1 0 0 2 1 0 0 0 0 0 0 0 0 0 0 0 0 0 0 0 0 0 0
0 0 0 0 0 0 0 0 0 0 0 0 0 2 1 0 3 8 0 1 2 2 0 1 0 0 0 0 0 0 1 1 8 5 1 0 0 8 1 1 0 0 0 0 2 50 10 29 1 86 70 13 2 5 0 1 3 17 2 0 0 0 0 0 0 1 0 1 0 0 0 2 102 31 3 9 0 0 0 2 0 4 31 84 3 0 0 2 0 0 0 1 0 2 0 0 0 0 5 0 2 0 1 24 34 15 1 1 1 8 0 132 12 0 0 0 0 0 0 0 0 0 0 14 5 4 19 60 0 0 0 0 0 0 0 0 0 0 0 0 0 0 0 0 0 0 0 0 0 0
0 0 0 0 0 0 0 0 0 0 0 0 0 3 0 0 0 0 0 0 1 0 2 0 0 0 1 0 0 2 0 3 6 1 21 0 0 22 0 0 0 0 0 35 26 53 36 4 1 12 41 29 30 7 14 4 0 3 1 0 0 0 0 0 1 0 0 12 7 4 0 0 0 7 29 5 0 0 0 0 0 3 5 37 8 3 0 0 0 0 2 1 0 0 1 0 3 1 0 5 10 3 5 8 208 0 0 2 0 0 0 4 2 0 0 1 3 0 0 0 0 0 1 0 0 17 23 17 0 0 23 0 0 0 0 0 1 0 0 0 0 0 0 0 0 0 0 0 0 0
0 0 0 0 0 0 0 0 0 0 0 0 0 0 2 1 1 1 1 0 0 1 0 0 0 0 1 2 0 0 0 0 0 10 26 1 0 5 0 0 0 0 0 3 29 9 1 0 10 2 39 6 0 0 0 0 1 0 0 0 4 0 0 1 4 5 0 1 2 3 0 38 2 0 0 3 5 2 0 0 0 0 0 3 0 3 3 12 0 5 0 0 2 0 3 2 0 2 1 4 2 4 6 67 110 120 0 1 0 0 2 0 2 0 10 1 0 0 0 0 0 0 0 0 0 9 6 32 0 1 0 0 0 0 0 0 6 12 0 0 0 0 0 0 1 0 0 0 0 0
0 0 0 0 0 0 0 0 1 0 0 0 0 0 1 0 1 0 1 0 2 1 1 3 0 0 0 8 4 1 0 0 0 2 8 0 0 0 0 2 1 0 2 9 24 5 0 2 1 3 14 4 2 0 0 0 0 1 0 0 0 0 0 0 4 0 0 1 2 2 5 5 1 0 0 1 7 2 0 0 0 1 20 4 0 2 14 9 4 0 2 3 0 3 0 2 1 0 0 3 22 15 3 10 20 162 23 0 1 0 0 0 0 2 8 2 2 0 2 1 0 0 0 0 9 66 4 2 0 0 0 0 0 0 0 0 0 3 0 0 0 0 0 0 0 0 0 0 0 0
0 0 0 0 0 0 0 0 0 0 0 0 0 51 1 1 7 27 4 1 7 14 6 2 2 0 2 2 0 0 0 0 0 12 1 0 1 3 1 5 10 22 6 79 134 4 2 0 5 1 1 23 20 1 0 0 0 0 0 0 0 0 0 0 1 0 0 1 4 16 47 7 1 4 0 1 0 7 0 0 0 0 0 0 0 0 0 10 10 4 5 0 4 0 1 0 0 0 0 0 0 4 21 1 7 435 321 18 0 0 0 0 0 1 0 0 2 97 34 4 0 0 0 29 39 10 34 72 62 7 0 0 0 0 0 2 1 0 0 0 0 0 0 0 0 0 0 0 0 0
0 0 0 0 0 1 0 2 0 1 2 0 19 6 3 8 20 33 0 9 0 0 1 1 0 0 0 0 3 1 1 2 7 2 2 6 3 9 20 70 108 294 190 123 46 9 0 0 1 0 1 0 15 4 0 0 0 0 0 0 0 0 0 0 0 0 1 0 0 2 9 21 20 0 3 36 0 10 1 0 0 1 6 0 5 0 0 0 3 6 1 2 0 3 1 16 21 0 0 0 0 56 6 8 146 234 130 210 3 0 0 0 0 1 0 1 61 29 28 0 0 0 4 66 98 73 391 250 16 15 0 0 2 8 0 3 0 0 0 0 0 0 0 0 0 0 0 0 0 0
0 0 0 0 0 0 0 3 1 5 5 33 20 0 0 0 4 8 0 1 1 2 36 12 0 0 0 0 0 1 1 0 0 1 19 11 2 4 26 119 304 345 232 311 13 5 2 5 1 0 6 2 30 55 4 5 0 0 0 0 10 0 0 0 0 0 0 0 0 0 0 5 0 0 0 0 0 7 2 0 0 0 2 0 8 0 0 0 0 7 1 0 4 16 1 6 0 0 2 1 0 4 5 6 3 26 2 53 8 0 0 0 1 1 17 18 337 190 40 23 11 7 1 31 59 35 204 327 196 138 13 26 11 60 1 0 0 0 0 0 0 0 0 0 0 0 0 0 0 0
0 0 0 0 0 0 0 2 3 2 9 9 1 0 25 3 0 5 17 7 0 5 69 18 0 0 0 1 0 0 1 1 2 0 6 6 2 12 15 42 246 190 210 129 25 5 1 0 0 3 0 4 6 12 2 0 0 0 0 0 0 0 0 0 0 0 0 0 4 0 0 3 0 0 0 6 1 4 7 0 0 13 4 1 29 0 1 1 14 17 2 0 5 3 0 0 0 1 0 0 4 3 0 4 1 0 0 0 9 3 3 3 7 0 53 347 173 153 60 62 53 50 36 4 3 4 51 72 5 41 2 137 200 37 32 20 0 0 0 0 0 0 0 0 0 0 0 0 0 0
0 0 0 0 0 0 0 3 3 3 4 7 4 2 0 1 1 0 12 13 106 49 7 0 0 0 0 0 0 14 1 1 4 15 7 1 0 1 0 56 255 118 189 94 35 8 2 0 1 7 3 1 4 1 4 2 1 0 0 0 0 0 0 0 0 0 0 0 0 0 3 0 0 0 0 1 0 6 8 0 5 127 16 94 31 0 0 0 1 0 0 1 3 2 1 0 10 1 0 0 0 0 0 0 1 7 2 10 117 84 139 195 36 49 210 328 199 143 46 260 42 87 2 0 65 35 25 48 1 0 27 173 127 16 39 2 0 0 0 0 0 0 0 0 0 0 0 0 0 0
0 0 1 0 0 1 0 0 0 0 0 2 1 10 0 1 0 0 4 11 51 0 0 0 0 0 0 0 1 7 1 5 7 1 14 7 2 0 7 7 17 54 25 8 1 0 1 0 3 3 0 4 44 9 1 2 0 8 0 0 0 0 0 0 0 0 0 0 0 0 0 0 0 0 0 12 0 31 102 1 0 12 10 3 1 0 0 0 5 0 5 1 0 4 4 3 1 0 1 1 15 0 3 0 0 15 26 7 90 55 109 46 21 155 675 212 101 179 39 237 49 7 0 7 1 61 30 0 0 0 28 130 18 0 0 0 0 0 0 0 0 0 0 0 0 0 0 0 0 0
0 0 0 0 0 3 4 5 9 0 4 0 0 3 8 1 4 10 14 28 13 0 0 0 0 0 0 0 0 3 46 1 6 1 5 0 2 1 8 0 14 2 2 1 2 0 0 0 4 1 0 7 100 4 5 7 30 3 0 0 0 0 0 0 0 0 0 0 0 0 0 0 0 0 0 0 0 0 7 1 0 0 1 0 0 0 0 0 1 0 0 0 1 17 6 3 2 12 0 2 23 0 0 0 0 2 5 40 15 6 1 11 150 95 114 216 43 122 56 64 170 0 0 0 0 0 0 0 0 0 0 39 4 0 0 0 0 0 0 0 0 0 0 0 0 0 0 0 0 0
0 0 0 0 0 0 3 1 0 1 0 0 2 4 0 4 15 2 0 0 1 9 13 0 5 2 1 26 16 0 15 19 5 0 1 1 0 11 2 2 7 11 5 0 0 0 2 0 0 1 0 19 91 47 0 11 1 1 0 0 0 0 0 0 0 0 0 0 0 0 0 0 0 0 0 0 9 3 0 0 0 0 0 0 0 0 0 0 5 0 10 2 17 25 1 2 8 0 4 4 1 0 0 0 0 0 3 53 283 6 0 0 0 0 0 0 3 16 249 267 45 0 0 0 0 0 1 0 0 0 0 2 21 2 0 0 0 0 0 0 0 0 0 0 0 0 0 0 0 0
1 1 0 0 1 0 6 27 1 1 4 6 0 1 1 87 21 11 0 9 0 0 1 1 4 0 0 4 1 5 8 4 5 2 0 0 0 0 1 0 3 0 0 7 4 0 1 0 0 0 0 18 3 13 6 0 0 0 0 0 0 0 0 0 0 0 0 0 0 0 0 0 0 0 0 0 2 9 0 0 0 0 0 0 0 0 0 0 13 1 8 0 4 12 0 0 0 0 3 0 0 0 11 0 2 8 22 23 88 0 0 0 0 0 4 0 0 1 50 121 193 75 0 0 0 26 0 0 0 37 37 16 26 8 0 0 0 0 0 0 0 0 0 0 0 0 0 0 0 0
0 0 0 0 0 2 5 0 0 0 4 2 1 0 9 22 11 20 6 2 1 0 1 2 1 3 0 3 0 0 0 0 0 1 1 1 0 0 0 5 0 11 2 1 1 1 2 0 0 0 2 25 16 21 9 6 3 0 0 0 0 0 0 0 0 0 0 0 0 0 0 0 0 0 0 0 1 28 49 1 0 5 0 0 0 0 0 182 12 0 7 0 2 1 2 4 0 0 2 4 32 8 7 0 1 7 19 8 33 2 0 0 0 13 21 34 123 307 54 122 313 70 0 2 173 22 1 0 0 74 71 0 0 0 0 0 0 0 0 0 0 0 0 0 0 0 0 0 0 0
0 3 14 0 0 0 1 2 0 1 10 51 3 11 0 2 3 10 4 0 1 0 2 6 7 1 4 8 8 2 0 0 0 0 0 0 0 0 4 0 1 6 18 7 1 1 2 0 0 0 1 38 9 0 0 3 0 0 1 0 0 0 0 0 0 0 0 0 0 0 0 0 0 0 0 0 0 34 18 0 0 0 0 0 0 1 3 13 0 0 4 0 5 4 0 0 0 0 7 3 0 2 4 2 10 0 3 32 15 7 0 0 0 0 119 277 527 308 20 46 72 104 63 137 157 0 0 0 5 266 36 0 0 0 0 0 0 0 0 0 0 0 0 0 0 0 0 0 0 0
0 0 3 0 0 0 0 1 4 0 2 12 1 1 2 3 0 1 1 2 0 0 0 2 1 3 0 5 2 0 0 0 0 0 0 0 0 0 4 0 0 1 0 0 1 1 0 0 0 1 3 42 0 8 0 0 0 1 1 3 0 0 0 0 0 0 0 0 0 0 0 0 0 0 0 0 3 6 76 18 4 6 16 2 0 0 1 0 0 0 0 0 1 7 1 0 0 0 0 9 1 3 1 1 4 1 3 3 32 0 0 1 21 29 21 48 3 28 207 126 14 144 331 231 257 87 60 94 239 579 282 3 0 0 0 0 0 0 0 0 0 0 0 0 0 0 0 0 0 0
0 3 1 0 0 3 0 0 0 5 8 5 0 3 0 5 3 1 0 0 0 0 0 0 0 3 15 0 0 0 0 4 5 0 0 0 0 0 0 14 1 1 3 0 0 0 4 0 1 1 10 200 13 5 0 1 0 4 0 0 0 0 0 0 0 0 0 0 0 0 0 0 0 0 0 0 3 11 57 2 0 27 21 0 0 0 0 0 6 3 2 1 1 5 12 29 8 0 0 2 4 0 0 2 6 3 0 0 68 24 5 8 8 2 1 10 8 116 122 281 303 463 453 280 725 339 197 220 319 406 187 11 0 0 0 0 0 0 0 0 0 0 0 0 0 0 0 0 0 0
0 0 0 0 0 0 0 1 6 6 0 2 2 0 0 12 0 1 1 0 1 0 0 0 4 8 3 0 0 0 2 0 0 0 1 1 0 0 1 0 1 0 0 0 1 0 3 0 1 9 269 290 7 34 14 1 2 1 2 2 1 0 0 0 0 0 0 0 0 0 0 0 0 0 0 0 0 0 3 0 0 0 0 0 0 0 0 0 3 1 0 0 5 0 0 1 0 0 0 0 6 2 3 0 21 7 34 36 0 3 4 4 7 8 4 5 4 34 201 737 869 456 281 939 898 260 104 221 154 9 37 38 0 0 0 0 0 0 0 0 0 0 0 0 0 0 0 0 0 0
0 2 0 1 2 0 0 0 10 4 2 1 4 0 1 1 1 5 0 0 0 0 0 0 9 0 0 3 0 1 0 19 18 1 0 1 1 0 1 2 0 0 0 1 0 1 0 0 0 57 278 213 253 364 11 13 2 1 1 0 2 0 0 0 0 0 0 0 0 0 0 0 0 0 0 0 0 0 0 12 0 0 0 0 0 0 0 24 56 0 0 10 10 0 0 0 0 0 0 5 6 1 4 7 1 95 197 23 3 0 2 14 0 0 3 5 7 7 65 274 216 347 193 1738 714 220 112 62 3 216 248 355 0 0 0 0 0 0 0 0 0 0 0 0 0 0 0 0 0 0
1 1 1 4 0 0 19 2 6 6 5 28 0 0 0 1 0 0 0 0 0 0 0 0 1 0 4 0 1 0 0 6 5 0 0 2 0 3 0 0 0 0 0 0 0 12 0 0 0 0 249 147 283 240 26 27 0 0 2 9 5 0 0 0 0 0 0 0 0 0 0 0 0 0 1 0 0 0 0 26 0 1 1 0 0 0 1 17 26 1 1 13 52 0 0 0 0 0 0 8 4 31 11 16 16 10 3 9 0 0 0 0 2 3 0 7 4 7 24 55 171 164 216 532 479 464 155 203 102 286 131 122 0 0 0 0 0 0 0 0 0 0 0 0 0 0 0 0 0 0
2 2 0 5 1 2 9 8 3 0 1 4 1 0 0 0 0 0 0 0 0 0 2 0 0 0 0 0 0 1 4 1 0 0 0 0 0 0 0 0 0 0 0 0 0 1 1 1 1 1 21 68 145 11 23 27 5 0 2 0 0 1 0 0 0 1 0 0 0 0 0 0 0 0 0 0 0 0 2 0 0 0 0 0 0 0 22 42 23 2 3 100 90 8 5 0 0 0 0 9 15 1 16 215 5 1 1 1 22 4 0 0 1 10 4 3 5 7 15 20 71 454 301 175 99 357 312 549 122 72 19 41 0 0 0 0 0 0 0 0 0 0 0 0 0 0 0 0 0 0
6 0 9 0 4 1 13 15 5 5 2 3 0 3 0 0 0 0 0 1 0 0 0 0 1 0 0 0 0 0 0 0 0 0 0 3 0 1 0 0 0 0 0 0 0 1 0 0 0 5 2 37 54 15 9 0 0 37 42 1 0 0 0 0 0 0 0 0 0 0 0 0 0 0 0 0 0 0 0 0 2 4 12 11 6 16 0 1 9 52 55 108 72 2 0 2 0 0 15 11 23 156 82 467 189 17 11 0 7 9 0 0 2 0 3 11 1 39 14 238 163 305 1229 735 435 172 816 856 549 0 0 0 0 0 0 0 0 0 0 0 0 0 0 0 0 0 0 0 0 0
1 1 9 0 4 7 6 19 0 5 2 0 1 2 0 0 0 0 0 0 0 0 4 0 0 0 0 0 6 0 0 0 1 1 0 2 0 0 0 0 0 0 0 0 1 0 0 0 1 12 0 0 29 0 2 0 0 2 66 5 3 0 0 0 0 0 0 0 0 0 0 0 0 0 0 0 0 0 0 0 0 4 4 0 0 3 3 5 7 17 33 60 81 4 17 5 2 1 0 6 59 124 161 161 90 23 0 8 0 9 5 0 0 0 3 0 3 255 167 341 269 4 17 130 93 147 192 342 183 3 263 7 0 0 0 0 0 0 0 0 0 0 0 0 0 0 0 0 0 0
0 2 50 0 17 28 44 5 1 3 0 1 2 1 0 0 0 0 0 2 0 0 0 0 0 0 0 0 0 0 0 0 0 0 0 0 0 0 0 0 0 1 0 1 0 1 0 0 0 1 0 3 8 0 0 0 0 0 3 22 1 1 0 0 0 0 0 0 0 0 0 0 0 0 0 0 0 0 0 0 14 23 0 10 19 0 50 5 0 0 0 3 4 0 0 0 0 0 0 3 6 44 299 127 44 96 9 4 5 1 12 0 0 0 0 13 130 295 76 11 0 0 0 0 68 199 42 297 204 7 11 27 0 0 0 0 0 0 0 0 0 0 0 0 0 0 0 0 0 0
2 17 32 49 138 259 83 56 4 0 0 0 0 0 0 0 0 0 5 1 1 5 0 0 0 0 0 0 0 0 0 0 0 0 0 0 0 0 0 0 0 2 0 5 0 11 0 4 1 0 0 33 11 0 0 0 2 1 3 2 0 0 0 0 0 0 0 0 0 0 0 0 0 0 0 0 0 0 4 24 0 0 0 0 5 11 16 110 47 0 0 0 0 0 0 0 0 0 0 0 0 123 248 83 58 156 15 1 0 9 6 0 0 0 1 51 79 3 6 16 0 0 0 0 5 281 89 225 98 1 53 0 0 0 0 0 0 0 0 0 0 0 0 0 0 0 0 0 0 0
2 51 137 311 170 140 66 22 0 0 2 1 2 0 0 0 0 3 0 5 1 5 0 0 2 0 0 0 0 0 0 0 0 0 0 0 0 0 3 1 1 2 0 2 3 0 0 11 17 1 0 0 19 0 0 0 3 0 0 0 0 1 0 0 0 0 0 0 0 0 0 0 0 0 0 0 0 9 0 0 0 0 0 0 0 0 23 21 0 0 0 0 0 0 0 0 0 0 0 0 13 33 2 15 51 80 0 0 1 1 6 11 3 2 3 4 1 2 8 31 13 63 8 0 14 73 27 88 25 0 0 0 0 0 0 0 0 0 0 0 0 0 0 0 0 0 0 0 0 0
0 1 102 163 60 100 12 6 2 1 0 0 0 0 0 0 0 0 0 4 0 2 0 0 0 0 0 0 1 2 1 0 2 0 0 0 0 2 0 0 2 0 1 0 0 0 0 0 0 5 0 0 0 0 1 0 0 0 0 0 0 0 0 0 0 0 0 0 0 0 0 0 0 0 0 0 1 1 0 0 0 0 0 0 0 0 66 5 2 9 13 1 0 0 3 4 0 0 1 260 420 126 134 46 4 77 27 3 47 1 2 13 7 1 0 0 0 0 8 37 89 30 152 206 31 25 0 0 0 1 0 0 0 0 0 0 0 0 0 0 0 0 0 0 0 0 0 0 0 0
10 8 14 25 9 12 0 2 3 1 5 1 0 0 0 0 1 0 0 0 2 32 1 0 0 0 0 1 1 2 0 0 0 0 1 0 0 0 0 0 0 0 0 0 1 10 3 1 0 0 0 0 0 0 0 6 1 0 0 0 0 0 0 0 0 0 0 0 0 0 0 0 0 0 0 0 1 1 0 0 0 0 0 0 0 0 8 1 0 18 14 1 0 0 14 53 49 8 193 976 249 364 73 19 0 23 27 214 0 1 19 0 0 0 0 0 3 0 31 26 62 25 20 25 9 43 24 1 57 18 10 0 0 0 0 0 0 0 0 0 0 0 0 0 0 0 0 0 0 0
32 2 8 10 6 0 0 1 0 0 0 0 0 0 0 0 0 0 0 0 0 7 10 2 0 0 0 0 0 0 2 0 0 2 2 0 0 0 0 0 0 0 0 2 0 5 0 5 0 0 0 0 2 0 35 6 2 0 0 0 0 0 0 0 0 0 0 0 0 0 0 0 0 0 15 7 0 0 0 0 0 0 0 0 0 0 4 0 0 0 59 3 1 2 88 228 38 4 68 70 58 7 22 3 3 1 0 148 298 55 0 0 0 0 2 0 0 1 0 0 35 4 0 3 12 109 34 44 283 55 11 0 0 0 0 0 0 0 0 0 0 0 0 0 0 0 0 0 0 0
8 0 7 2 0 0 3 0 0 0 0 0 0 0 0 0 0 4 0 0 0 0 1 0 0 0 1 0 0 0 3 13 1 0 0 0 0 0 0 0 2 0 0 0 0 1 0 0 0 0 0 0 1 2 3 0 0 0 0 0 0 0 0 0 0 0 0 0 0 0 0 0 0 0 10 13 0 0 0 0 0 0 0 0 0 0 28 44 81 29 84 10 4 3 2 24 13 5 0 5 5 3 5 0 0 0 103 152 108 7 1 0 0 0 0 0 0 1 1 0 7 10 5 35 16 110 54 71 44 60 13 0 0 0 0 0 0 0 0 0 0 0 0 0 0 0 0 0 0 0
2 0 0 2 1 0 0 0 0 0 0 0 0 0 0 0 0 1 0 2 0 0 0 0 0 0 0 0 3 0 1 1 0 1 2 0 0 0 0 0 0 1 0 0 0 0 1 0 0 0 0 2 0 21 7 1 1 0 0 0 0 0 0 0 0 0 0 0 0 0 0 1 2 0 0 0 0 0 0 0 0 0 0 0 0 0 2 0 90 4 0 0 0 1 0 16 0 4 2 0 1 10 0 8 1 164 331 180 93 48 0 0 0 0 0 0 0 0 48 7 0 32 1 16 1 16 33 19 0 6 1 1 0 0 0 0 0 0 0 0 0 0 0 0 0 0 0 0 0 0
0 0 0 0 2 1 0 0 0 0 0 0 0 0 0 0 0 0 2 0 0 0 0 8 0 0 3 0 0 0 0 0 0 0 0 0 0 0 0 0 0 0 0 0 0 0 0 0 0 0 2 3 3 42 1 0 2 0 0 0 0 0 0 0 0 0 0 0 0 0 0 1 2 1 0 0 0 0 0 0 0 0 0 0 0 0 3 0 6 0 0 0 5 10 0 0 1 0 2 1 2 2 1 0 10 31 45 17 31 77 0 0 0 0 0 0 0 0 0 2 0 8 2 36 106 18 105 10 4 13 1 0 0 0 0 0 0 0 0 0 0 0 0 0 0 0 0 0 0 0
0 0 0 0 4 31 0 0 0 0 0 0 0 0 0 0 0 0 0 2 0 0 0 0 0 0 0 0 0 0 0 1 0 0 3 4 0 0 0 0 0 0 15 2 0 0 0 0 0 0 2 0 4 0 0 0 1 1 0 0 0 0 0 0 0 0 0 0 2 3 0 0 0 0 0 0 0 0 0 0 0 0 0 0 0 0 0 0 1 0 0 25 82 4 1 0 0 0 0 0 4 3 12 8 28 11 0 3 2 7 4 0 0 0 0 0 0 0 0 0 0 5 2 20 0 0 0 103 2 2 3 0 0 0 0 0 0 0 0 0 0 0 0 0 0 0 0 0 0 0
0 0 0 0 58 14 0 0 0 0 0 0 0 0 1 0 0 0 0 0 0 0 0 0 0 0 0 0 0 0 2 0 0 0 0 0 0 0 0 0 1 0 0 0 1 0 0 0 0 6 3 0 0 14 1 1 4 7 1 0 0 0 0 0 0 0 0 0 6 5 0 0 0 0 0 0 0 0 0 0 0 0 0 0 0 0 0 0 25 30 92 206 78 20 0 1 1 0 0 16 13 255 179 47 1 13 3 0 0 5 13 0 0 0 0 0 0 0 0 0 0 0 0 0 0 0 53 10 0 0 0 0 0 0 0 0 0 0 0 0 0 0 0 0 0 0 0 0 0 0
0 0 0 0 0 2 0 0 0 0 0 0 2 0 1 0 0 1 14 0 0 0 0 0 0 0 0 0 0 5 0 0 0 0 0 2 0 0 0 0 0 0 0 0 1 2 0 0 0 1 1 0 0 0 1 0 0 0 0 0 0 0 0 0 0 0 0 0 10 0 0 1 0 0 0 0 0 0 0 0 0 0 0 0 0 0 1 0 73 39 140 95 42 18 14 1 0 4 3 49 74 54 34 7 2 2 0 0 0 0 2 0 0 0 0 0 0 0 0 0 0 25 91 0 0 11 2 0 0 0 0 0 0 0 0 0 0 0 0 0 0 0 0 0 0 0 0 0 0 0
0 0 0 0 0 0 0 0 0 0 0 0 21 11 0 0 0 1 2 0 0 0 0 0 0 7 2 2 1 9 0 0 0 0 1 0 0 0 0 0 0 0 0 0 0 0 7 0 0 2 2 0 0 11 12 4 0 0 0 0 0 0 0 0 0 0 2 6 20 0 0 0 0 0 0 0 0 0 0 0 0 0 0 0 2 12 27 1 0 9 0 2 14 1 13 1 0 2 3 8 39 0 0 2 0 0 0 0 0 16 16 17 2 0 0 0 0 0 0 0 0 0 7 0 0 0 0 0 0 0 0 0 0 0 0 0 0 0 0 0 0 0 0 0 0 0 0 0 0 0
0 0 0 0 0 0 1 2 0 0 0 0 0 1 0 0 0 0 0 0 0 0 0 0 0 0 1 0 0 1 0 0 0 0 0 2 0 0 0 0 0 0 0 0 0 1 1 5 0 3 0 0 0 2 4 1 1 0 0 0 0 0 0 0 0 0 0 8 13 0 0 0 0 0 0 0 0 0 0 0 0 0 0 1 21 1 0 0 3 17 3 3 7 1 4 0 0 17 5 18 13 13 2 0 2 0 0 4 42 63 56 195 21 10 0 0 0 0 0 0 0 0 0 0 0 0 0 0 0 0 0 0 0 0 0 0 0 0 0 0 0 0 0 0 0 0 0 0 0 0
0 0 0 0 0 2 0 0 0 0 0 0 0 0 0 0 0 0 0 0 0 0 0 0 0 0 0 0 0 0 0 0 0 0 1 0 0 0 2 0 0 0 0 0 0 0 0 4 15 1 1 0 0 1 2 26 72 0 2 0 0 0 0 0 0 5 17 34 1 0 1 0 0 0 0 0 0 0 0 0 0 0 0 12 64 0 0 2 14 3 2 5 0 0 0 9 27 20 2 0 3 0 4 8 1 0 12 1 14 14 100 35 98 10 2 0 0 0 0 0 0 0 1 0 0 0 0 0 0 0 0 0 0 0 0 0 0 0 0 0 0 0 0 0 0 0 0 0 0 0
0 0 0 0 0 0 0 0 0 0 0 1 0 0 0 1 0 0 0 0 0 0 0 0 0 0 0 0 0 0 0 0 0 0 1 0 1 1 0 0 0 0 1 0 0 1 2 4 48 5 4 0 0 0 3 4 1 14 12 5 1 0 3 3 2 1 2 1 0 1 0 0 0 0 0 0 0 0 0 0 0 0 0 0 0 0 0 13 1 0 0 0 0 0 2 102 0 0 0 0 0 0 1 0 8 31 211 483 274 48 17 0 67 21 0 0 0 0 0 0 0 0 0 0 0 0 0 0 0 0 0 0 0 0 0 0 0 0 0 0 0 0 0 0 0 0 0 0 0 0
0 0 1 2 1 23 0 4 3 0 3 0 0 0 1 0 1 0 0 0 0 0 0 0 0 0 0 0 0 0 0 0 0 0 0 0 0 1 4 0 0 0 0 0 1 2 7 5 3 2 1 0 1 2 8 1 4 0 0 1 0 0 0 1 0 0 3 8 1 11 4 10 0 0 0 0 0 0 0 0 0 0 0 0 0 0 0 0 0 2 4 15 0 1 71 12 0 0 0 0 0 4 0 2 18 50 113 216 93 147 39 92 101 0 0 0 0 0 0 0 0 0 0 0 0 0 0 0 0 0 0 0 0 0 0 0 0 0 0 0 0 0 0 0 0 0 0 0 0 0
0 0 0 0 15 27 0 0 0 0 1 0 0 1 0 0 1 0 0 0 0 0 0 0 0 0 0 0 0 0 0 0 0 0 2 0 0 0 0 0 1 3 2 0 0 0 1 3 2 1 2 0 1 1 2 0 0 1 3 0 0 2 1 1 0 2 0 3 2 0 0 0 1 1 0 0 0 0 0 0 0 0 0 0 0 0 0 0 0 0 0 2 9 13 0 12 298 0 0 0 0 0 0 15 85 221 0 0 9 27 0 2 5 0 0 0 0 0 0 0 0 0 0 0 0 0 0 0 0 0 0 0 0 0 0 0 0 0 0 0 0 0 0 0 0 0 0 0 0 0
0 0 0 0 0 0 0 0 4 3 0 0 0 1 0 0 0 0 0 1 0 0 0 0 0 0 0 0 0 0 0 2 1 0 0 0 0 0 0 0 0 0 0 0 0 0 3 0 1 1 0 0 0 1 0 0 0 0 4 0 0 2 0 0 0 0 0 0 0 0 1 0 3 0 0 0 0 0 0 0 0 0 0 0 0 0 0 0 0 0 0 12 37 13 14 91 211 0 0 0 0 0 0 6 17 0 0 0 0 0 38 56 0 0 0 0 0 0 0 0 0 0 0 0 0 0 0 0 0 0 0 0 0 0 0 0 0 0 0 0 0 0 4 8 3 0 0 0 0 0
0 0 2 1 0 0 0 0 0 9 0 0 2 0 0 2 0 0 1 0 0 0 0 0 0 0 0 0 0 0 0 0 0 0 0 0 0 0 0 0 0 0 0 0 0 0 0 0 0 0 4 1 1 1 0 0 0 0 0 2 2 0 0 0 0 0 0 0 0 0 1 1 0 0 0 0 0 0 0 0 0 0 0 0 0 0 0 0 12 1 0 10 83 96 42 3 0 0 0 0 0 0 0 0 2 0 0 3 0 49 61 1 0 0 0 0 0 0 0 0 0 0 0 0 0 0 0 0 0 0 0 0 0 0 0 0 0 0 0 0 0 0 0 2 0 0 0 0 0 0
0 0 0 0 1 0 0 0 0 1 0 0 0 1 0 0 0 0 1 0 0 0 0 0 0 0 0 0 0 0 0 0 0 0 0 0 0 0 0 0 0 0 0 0 0 0 0 0 0 0 3 8 11 0 0 0 0 0 1 1 0 0 0 0 0 0 0 0 0 0 0 0 0 0 0 0 0 0 0 0 0 0 0 0 0 0 0 0 0 2 17 25 308 4 0 3 1 0 0 0 0 0 0 0 1 0 0 4 15 4 4 4 0 0 0 0 0 0 0 0 0 0 0 0 0 0 0 0 0 0 0 0 0 0 0 0 0 0 0 0 0 0 0 0 0 0 0 0 1 0
0 0 0 0 0 0 0 0 0 0 0 0 4 0 0 0 0 0 0 8 0 0 0 0 0 0 0 0 0 0 0 0 0 0 0 0 0 0 0 0 0 0 0 0 0 0 0 0 0 0 0 11 0 0 0 1 0 0 0 10 1 3 0 0 0 0 0 0 0 0 0 39 4 2 0 0 0 0 0 0 0 0 0 0 0 0 0 0 0 1 4 9 0 1 3 1 0 0 0 0 0 0 0 0 0 0 0 0 0 0 0 0 0 0 0 0 0 0 0 0 0 0 0 0 0 0 0 0 0 0 0 0 0 0 0 0 0 0 0 0 0 0 0 0 0 0 0 0 0 0
0 0 0 0 0 0 0 0 0 0 0 0 0 0 0 0 0 0 0 0 0 0 4 11 0 0 0 0 0 0 0 0 0 0 0 0 0 0 0 0 0 0 0 0 0 0 0 0 0 0 0 27 5 0 1 0 0 0 0 0 0 12 4 0 0 0 0 0 0 0 0 2 5 0 5 0 0 0 0 0 0 0 0 0 0 0 0 0 0 1 1 28 13 12 11 2 1 0 0 0 0 0 0 0 0 0 0 0 0 0 0 0 0 0 0 0 0 0 0 0 0 0 0 0 0 0 0 0 0 0 0 0 0 0 0 0 0 0 0 0 0 0 0 0 0 0 0 0 0 0
0 0 0 0 0 0 0 0 0 0 0 2 0 0 0 0 0 0 0 0 0 0 1 2 0 0 0 0 1 0 0 0 0 0 0 0 0 0 0 0 0 0 0 0 0 0 0 0 0 0 0 15 14 1 0 0 2 0 0 0 1 14 84 8 0 0 0 0 0 0 0 0 0 0 6 0 0 0 0 0 0 0 0 0 0 0 0 0 0 0 7 6 0 9 15 1 0 0 1 0 0 0 0 0 0 0 0 0 0 0 0 0 0 0 0 0 0 0 0 0 0 0 0 0 0 0 0 0 0 0 0 0 0 0 0 0 0 0 0 0 0 0 0 0 0 0 0 0 0 0
0 0 0 0 0 0 0 0 0 0 0 0 3 3 0 0 0 0 0 0 0 0 0 0 0 0 0 0 0 2 0 0 0 0 0 0 0 1 0 0 0 0 0 0 0 0 0 0 0 2 8 22 75 4 5 1 0 0 0 0 0 7 0 0 0 0 0 0 0 0 0 0 0 1 1 0 0 0 0 0 0 0 0 0 0 0 0 0 0 0 0 0 13 5 4 4 0 0 1 0 0 0 0 0 0 0 0 0 0 0 0 0 0 0 0 0 0 0 0 0 0 0 0 0 0 0 0 0 0 0 0 0 0 0 0 0 0 0 0 0 0 0 0 0 0 0 0 0 0 0
0 0 0 0 0 0 0 0 1 0 0 0 15 1 2 0 0 0 0 0 0 1 0 0 0 3 0 0 0 0 0 0 0 0 0 0 0 0 0 0 1 0 0 0 0 0 0 0 3 4 1 12 55 1 12 0 0 0 0 0 0 3 5 0 0 0 0 0 0 0 0 0 0 0 0 0 0 0 0 0 0 0 0 0 0 0 0 0 0 0 0 0 3 4 4 0 3 1 0 5 0 0 0 0 0 0 0 0 0 0 0 0 0 0 0 0 0 0 0 0 0 0 0 0 0 0 0 0 0 0 0 0 0 0 0 0 0 0 0 0 0 0 0 0 0 0 0 0 0 0
0 0 0 0 0 0 0 0 0 3 0 0 0 0 0 0 1 0 1 0 0 0 0 4 0 1 0 0 0 0 0 0 0 0 0 0 0 2 0 0 0 0 0 0 0 0 0 1 0 3 1 4 8 0 0 0 0 0 1 0 3 4 1 2 0 0 0 0 0 0 0 0 0 0 0 0 0 0 0 0 0 0 0 0 0 0 0 0 0 0 0 0 0 0 0 0 4 0 1 0 1 0 0 0 0 0 0 0 0 0 0 0 0 0 0 0 0 0 0 0 0 0 0 0 0 0 0 0 0 0 0 0 0 0 0 0 0 0 0 0 0 0 0 0 0 0 0 0 0 0
0 0 1 0 0 0 0 0 0 0 0 1 0 0 0 0 0 0 0 0 0 2 1 0 3 0 0 0 0 0 0 0 0 2 11 1 2 0 0 0 0 0 0 0 0 0 9 4 0 0 0 0 0 0 0 0 0 0 0 0 2 0 0 0 0 0 0 0 0 0 0 0 0 0 0 0 0 0 0 0 0 0 0 0 0 0 0 0 0 0 0 0 0 0 0 5 4 21 0 0 1 0 0 0 0 0 0 0 0 0 0 0 0 0 0 0 0 0 0 0 0 0 0 0 0 0 0 0 0 0 0 0 0 0 0 0 0 0 0 0 0 0 0 0 0 10 0 0 0 0
0 0 0 0 0 0 0 0 0 0 0 0 0 0 0 0 0 1 0 0 3 0 0 0 0 0 0 0 0 0 1 0 0 0 0 2 0 0 0 0 0 0 0 0 0 1 2 0 0 0 0 0 0 0 0 0 0 0 0 0 0 3 0 0 0 0 0 0 0 0 0 0 0 0 0 0 0 0 0 0 0 0 0 0 0 0 0 0 0 0 0 0 0 0 3 3 2 1 0 0 7 0 0 0 0 0 0 0 0 0 0 0 0 0 0 0 0 0 0 0 0 0 0 0 0 0 0 0 0 0 0 0 0 0 0 0 0 0 0 0 0 0 0 0 0 0 0 0 0 0
0 0 0 0 0 0 0 0 0 0 0 1 0 0 0 0 0 0 1 0 0 0 0 0 0 0 0 0 0 0 0 0 0 0 0 0 0 0 0 0 0 0 0 0 0 0 0 0 0 0 0 0 0 0 0 0 0 0 0 0 1 0 0 0 0 0 0 0 0 0 0 1 0 0 0 0 0 0 0 0 0 0 0 0 0 0 0 0 0 0 0 0 0 0 3 0 0 0 0 0 0 4 0 0 0 0 0 0 0 0 0 0 0 0 0 0 0 0 0 0 0 0 0 0 0 0 0 0 0 0 0 0 0 0 0 0 0 0 0 0 0 0 0 0 0 0 0 0 0 0
0 0 0 0 0 0 0 0 0 0 2 4 3 0 0 0 1 0 0 0 0 0 0 0 0 0 0 0 0 0 0 0 0 0 0 0 0 0 0 0 0 0 0 0 2 0 0 0 0 0 0 0 0 0 0 0 0 0 0 1 0 0 0 0 0 0 0 0 0 0 0 1 0 0 0 0 0 0 0 0 0 0 0 0 0 0 0 0 0 0 0 0 0 0 2 1 3 0 0 0 0 0 0 0 0 0 0 0 0 0 0 0 0 0 0 0 0 0 0 0 0 0 0 0 0 0 0 0 0 0 0 0 0 0 0 0 0 0 0 0 0 0 0 0 0 0 0 0 0 0
0 0 0 0 0 0 0 0 0 2 0 0 2 1 1 1 2 4 0 0 0 0 0 0 0 0 0 0 0 0 0 0 0 0 0 0 4 0 0 0 0 0 0 3 1 0 0 0 0 0 0 0 0 0 0 0 0 0 0 4 2 0 0 0 0 0 0 0 24 0 0 2 0 0 0 0 0 0 0 0 0 0 0 0 0 0 0 0 0 0 0 0 0 0 0 0 2 1 0 3 0 0 0 0 0 0 0 0 0 0 0 0 0 0 0 0 0 0 0 0 0 0 0 0 0 0 0 0 0 0 0 0 0 0 0 0 0 0 0 0 0 0 0 0 0 0 0 0 0 0
0 0 0 0 0 0 0 1 0 0 0 0 2 0 0 0 0 5 1 0 0 0 0 0 0 0 0 0 0 0 0 0 0 0 0 0 1 1 0 0 0 0 3 0 0 0 0 0 0 0 0 0 0 0 0 0 0 0 0 0 5 5 2 0 1 0 0 0 103 32 1 0 0 0 0 0 0 0 0 0 0 0 0 0 0 0 0 0 0 0 0 0 0 0 0 0 2 0 1 0 0 0 0 0 0 0 0 0 0 0 0 0 0 0 0 0 0 0 0 0 0 0 0 0 0 0 0 0 0 0 0 0 0 0 0 0 0 0 0 0 0 0 0 0 0 0 0 0 0 0
0 0 1 0 0 0 0 0 0 1 0 4 23 5 0 1 20 0 2 8 0 1 0 6 2 0 0 0 0 0 0 1 0 0 1 0 1 1 5 3 0 0 2 0 0 0 0 0 0 0 0 0 0 0 0 0 0 0 0 0 0 0 0 1 73 16 8 0 0 0 0 0 0 0 0 0 0 0 0 0 0 0 0 0 0 0 0 0 0 0 0 0 0 0 0 0 0 0 0 0 0 0 0 0 0 0 0 0 0 0 0 0 0 0 0 0 0 0 0 0 0 0 0 0 0 0 0 0 0 0 0 0 0 0 0 0 0 0 0 0 0 0 0 0 0 0 0 0 0 0
1 40 2 0 0 0 0 0 0 0 1 3 0 0 0 0 0 0 0 6 3 24 34 1 0 0 0 0 0 0 1 0 0 0 1 13 19 1 0 5 0 0 0 0 0 0 0 0 0 0 0 0 0 0 1 0 0 0 0 0 0 0 0 0 1 0 0 0 0 0 0 0 0 0 0 0 0 0 0 0 0 0 0 0 0 0 0 0 0 0 0 0 0 0 0 0 0 0 0 0 0 0 0 0 0 0 0 0 0 0 0 0 0 0 0 0 0 0 0 0 0 0 0 0 0 0 0 0 0 0 0 0 0 0 0 0 0 0 0 0 0 0 0 0 0 0 0 0 0 0
7 7 1 0 1 2 0 0 0 0 0 0 2 0 0 0 5 3 0 10 0 25 13 7 5 2 0 0 1 13 4 0 0 0 0 0 0 0 0 0 4 3 0 0 0 0 0 0 0 0 0 0 0 0 0 0 0 0 0 0 0 0 0 0 0 0 0 0 0 0 0 0 0 0 0 0 0 0 0 0 0 0 0 0 0 0 0 0 0 1 0 0 0 0 0 0 0 0 0 0 0 0 0 0 0 0 0 0 0 0 0 0 0 0 0 0 0 0 0 0 0 0 0 0 0 0 0 0 0 0 0 0 0 0 0 0 0 0 0 0 0 0 0 0 0 0 0 0 0 0
0 0 0 0 0 0 0 0 0 0 0 4 6 0 0 0 0 0 0 1 0 2 5 10 0 4 1 4 0 2 0 0 0 0 3 0 2 0 0 0 0 0 0 0 0 0 0 0 0 0 0 0 0 0 0 0 0 0 0 0 0 0 0 0 0 0 0 0 0 0 0 0 0 0 0 0 0 0 0 0 0 0 0 0 0 0 0 0 0 0 0 0 0 0 0 0 0 0 0 0 0 0 0 0 0 0 0 0 0 0 0 0 0 0 0 0 0 0 0 0 0 0 0 0 0 0 0 0 0 0 0 0 0 0 0 0 0 0 0 0 0 0 0 0 0 0 0 0 0 0
0 0 0 0 0 0 0 0 0 0 0 0 0 3 0 0 0 0 1 0 1 0 0 0 1 10 1 5 16 0 0 0 0 3 2 2 0 0 0 0 0 0 0 0 0 0 0 0 0 0 0 0 0 0 0 0 0 0 0 0 0 0 0 0 0 0 0 0 0 0 0 0 0 0 0 0 0 0 0 0 0 0 0 0 0 0 0 0 0 0 0 0 0 0 0 0 0 0 0 0 0 0 0 0 0 0 0 0 0 0 0 0 0 0 0 0 0 0 0 0 0 0 0 0 0 0 0 0 0 0 0 0 0 0 0 0 0 0 0 0 0 0 0 0 0 0 0 0 0 0
0 0 0 0 0 0 0 0 0 0 0 0 0 0 0 0 0 0 0 0 0 1 0 0 1 0 0 4 61 23 2 4 4 21 1 0 0 0 0 0 0 0 0 0 0 0 0 0 0 0 0 0 0 0 0 0 0 0 0 0 0 0 0 0 0 0 0 0 0 0 0 0 0 0 0 0 0 0 0 0 0 0 0 0 0 0 0 0 0 0 0 0 0 0 0 0 0 0 0 0 0 0 0 0 0 0 0 0 0 0 0 0 0 0 0 0 0 0 0 0 0 0 0 0 0 0 0 0 0 0 0 0 0 0 0 0 0 0 0 0 0 0 0 0 0 0 0 0 0 0
0 0 0 0 0 0 0 0 0 0 0 0 0 0 0 0 0 0 0 0 0 0 0 0 0 2 1 2 0 0 1 0 1 7 0 1 2 0 0 0 0 0 0 0 0 0 0 0 0 0 0 0 0 0 0 0 0 0 0 0 0 0 0 0 0 0 0 0 0 0 0 0 0 0 0 0 0 0 0 0 0 0 0 0 0 0 0 0 0 0 0 0 0 0 0 0 0 0 0 0 0 0 0 0 0 0 0 0 0 0 0 0 0 0 0 0 0 0 0 0 0 0 0 0 0 0 0 0 0 0 0 0 0 0 0 0 0 0 0 0 0 0 0 0 0 0 0 0 0 0
0 0 0 0 0 0 0 0 0 0 0 0 0 0 0 0 0 0 0 0 0 0 0 0 4 0 4 0 0 0 5 2 0 0 2 0 2 0 0 0 0 0 0 0 0 0 0 0 0 0 0 0 0 0 0 0 0 0 0 0 0 0 0 0 0 0 0 0 0 0 0 0 0 0 0 0 0 0 0 0 0 0 0 0 0 0 0 0 0 0 0 0 0 0 0 0 0 0 0 0 0 0 0 0 0 0 0 0 0 0 0 0 0 0 0 0 0 0 0 0 0 0 0 0 0 0 0 0 0 0 0 0 0 0 0 0 0 0 0 0 0 0 0 0 0 0 0 0 0 0
0 0 0 0 0 0 0 0 0 0 0 3 3 3 0 0 0 0 0 0 0 0 0 0 0 0 0 0 0 0 0 0 5 0 0 0 6 6 0 0 0 0 0 0 0 0 0 0 0 0 0 0 0 0 0 0 0 0 0 0 0 0 0 0 0 0 0 0 0 0 0 0 0 0 0 0 0 0 0 0 0 0 0 0 0 0 0 0 0 0 0 0 0 0 0 0 0 0 0 0 0 0 0 0 0 0 0 0 0 0 0 0 0 0 0 0 0 0 0 0 0 0 0 0 0 0 0 0 0 0 0 0 0 0 0 0 0 0 0 0 0 0 0 0 0 0 0 0 0 0
0 0 0 0 0 0 0 0 0 0 0 0 1 0 0 0 0 0 0 0 0 0 0 0 0 0 0 10 1 1 0 0 0 0 0 0 0 0 0 0 0 0 0 0 0 0 0 0 0 0 0 0 0 0 0 0 0 0 0 0 0 0 0 0 0 0 0 0 0 0 0 0 0 0 0 0 0 0 0 0 0 0 0 0 0 0 0 0 0 0 0 0 0 0 0 0 0 0 0 0 0 0 0 0 0 0 0 0 0 0 0 0 0 0 0 0 0 0 0 0 0 0 0 0 0 0 0 0 0 0 0 0 0 0 0 0 0 0 0 0 0 0 0 0 0 0 0 0 0 0
0 0 0 0 0 0 0 0 0 0 0 0 0 0 0 0 0 0 0 0 0 0 0 0 0 0 0 5 0 0 0 0 0 0 0 0 0 0 0 0 0 0 0 0 0 0 0 0 0 0 0 0 0 0 0 0 0 0 0 0 0 0 0 0 0 0 0 0 0 0 0 0 0 0 0 0 0 0 0 0 0 0 0 0 0 0 0 0 0 0 0 0 0 0 0 0 0 0 0 0 0 0 0 0 0 0 0 0 0 0 0 0 0 0 0 0 0 0 0 0 0 0 0 0 0 0 0 0 0 0 0 0 0 0 0 0 0 0 0 0 0 0 0 0 0 0 0 0 0 0
0 0 0 0 0 0 0 0 0 0 4 0 0 0 0 0 0 0 0 0 0 0 0 0 0 0 0 0 0 0 0 0 0 0 1 0 0 0 0 0 0 0 0 0 0 0 0 0 0 0 0 0 0 0 0 0 0 0 0 0 0 0 0 0 0 0 0 0 0 0 0 0 0 0 0 0 0 0 0 0 0 0 0 0 0 0 0 0 0 0 0 0 0 0 0 0 0 0 0 0 0 0 0 0 0 0 0 0 0 0 0 0 0 0 0 0 0 0 0 0 0 0 0 0 0 0 0 0 0 0 0 0 0 0 0 0 0 0 0 0 0 0 0 0 0 0 0 0 0 0
0 0 0 0 0 0 0 0 0 0 0 0 0 0 0 0 0 0 0 0 0 0 0 0 0 0 0 0 0 0 0 0 0 0 0 0 0 0 0 0 0 0 0 0 0 0 0 0 0 0 0 0 0 0 0 0 0 0 0 0 0 0 0 0 0 0 0 0 0 0 0 0 0 0 0 0 0 0 0 0 0 0 0 0 0 0 0 0 0 0 0 0 0 0 0 0 0 0 0 0 0 0 0 0 0 0 0 0 0 0 0 0 0 0 0 0 0 0 0 0 0 0 0 0 0 0 0 0 0 0 0 0 0 0 0 0 0 0 0 0 0 0 0 0 0 0 0 0 0 0
0 0 0 0 0 0 0 0 0 0 2 0 0 0 0 0 0 0 0 0 0 0 0 0 0 0 0 0 0 0 0 0 0 0 0 0 0 0 0 0 0 0 0 0 0 0 0 0 0 0 0 0 0 0 0 3 0 0 0 0 0 0 0 0 0 0 0 0 0 0 0 0 0 0 0 0 0 0 0 0 0 0 0 0 0 0 0 0 0 0 0 0 0 0 0 0 0 0 0 0 0 0 0 0 0 0 0 0 0 0 0 0 0 0 0 0 0 0 0 0 0 0 0 0 0 0 0 0 0 0 0 0 0 0 0 0 0 0 0 0 0 0 0 0 0 0 0 0 0 0
0 0 0 0 0 0 0 0 1 3 0 0 0 0 0 0 0 0 0 0 0 0 0 0 0 0 0 0 0 0 0 0 0 0 0 0 0 0 0 0 0 0 0 0 0 0 0 0 0 0 0 0 0 0 0 0 0 0 0 0 0 0 0 0 0 0 0 0 0 0 0 0 0 0 0 0 0 0 0 0 0 0 0 0 0 0 0 0 0 0 0 0 0 0 0 0 0 0 0 0 0 0 0 0 0 0 0 0 0 0 0 0 0 0 0 0 0 0 0 0 0 0 0 0 0 0 0 0 0 0 0 0 0 0 0 0 0 0 0 0 0 0 0 0 0 0 0 0 0 0
0 0 0 0 0 0 8 9 5 3 0 0 0 0 0 0 0 0 0 0 0 0 0 0 0 0 0 0 0 0 0 0 0 0 0 0 0 0 0 0 0 0 0 0 0 0 0 0 0 17 17 0 0 0 0 0 0 0 0 0 0 0 0 0 0 0 0 0 0 0 0 0 0 0 0 0 0 0 0 0 0 0 0 0 0 0 0 0 0 0 0 0 0 0 0 0 0 0 0 0 0 0 0 0 0 0 0 0 0 0 0 0 0 0 0 0 0 0 0 0 0 0 0 0 0 0 0 0 0 0 0 0 0 0 0 0 0 0 0 0 0 0 0 0 0 0 0 0 0 0
0 0 0 0 0 0 5 13 0 0 0 0 0 0 0 0 0 0 0 0 0 0 0 0 0 0 0 0 0 0 0 0 0 0 0 0 0 0 0 0 0 0 0 0 0 0 0 0 0 0 0 0 31 0 0 0 0 0 0 0 0 0 0 0 0 0 0 0 0 0 0 0 0 0 0 0 0 0 0 0 0 0 0 0 0 0 0 0 0 0 0 0 0 0 0 0 0 0 0 0 0 0 0 0 0 0 0 0 0 0 0 0 0 0 0 0 0 0 0 0 0 0 0 0 0 0 0 0 0 0 0 0 0 0 0 0 0 0 0 0 0 0 0 0 0 0 0 0 0 0
0 0 0 0 0 0 0 0 0 0 0 0 0 0 0 0 0 0 0 0 0 0 0 0 0 0 0 0 0 0 0 0 0 0 0 0 0 0 0 0 0 0 0 0 0 0 0 0 0 0 2 0 8 57 0 0 0 0 0 0 0 0 0 0 0 0 0 0 0 0 0 0 0 0 0 0 0 0 0 0 0 0 0 0 0 0 0 0 0 0 0 0 0 0 0 0 0 0 0 0 0 0 0 0 0 0 0 0 0 0 0 0 0 0 0 0 0 0 0 0 0 0 0 0 0 0 0 0 0 0 0 0 0 0 0 0 0 0 0 0 0 0 0 0 0 0 0 0 0 0
0 0 0 0 0 0 0 0 0 0 0 0 0 0 0 0 0 0 0 0 0 0 0 0 0 0 0 0 0 0 0 0 0 0 0 0 0 0 0 0 0 0 0 0 0 0 0 0 0 0 0 0 0 3 0 0 0 0 0 0 0 0 0 0 0 0 0 0 0 0 0 0 0 0 0 0 0 0 0 0 0 0 0 0 0 0 0 0 0 0 0 0 0 0 0 0 0 0 0 0 0 0 0 0 0 0 0 0 0 0 0 0 0 0 0 0 0 0 0 0 0 0 0 0 0 0 0 0 0 0 0 0 0 0 0 0 0 0 0 0 0 0 0 0 0 0 0 0 0 0
0 0 0 0 0 0 0 0 0 0 0 0 0 0 0 0 0 0 0 0 0 0 0 0 0 0 0 0 0 0 0 0 0 0 0 0 0 1 0 0 0 0 0 0 0 0 0 0 0 0 0 0 0 0 0 0 0 0 0 0 0 0 0 0 0 0 0 0 0 0 0 0 0 0 0 0 0 0 0 0 0 0 0 0 0 0 0 0 0 0 0 0 0 0 0 0 0 0 0 0 0 0 0 0 0 0 0 0 0 0 0 0 0 0 0 0 0 0 0 0 0 0 0 0 0 0 0 0 0 0 0 0 0 0 0 0 0 0 0 0 0 0 0 0 0 0 0 0 0 0
0 0 0 0 0 0 0 0 0 0 0 0 0 0 0 0 0 0 0 0 0 0 0 0 0 0 0 0 0 0 0 0 0 0 0 0 0 0 0 0 0 0 0 0 0 0 0 0 0 0 0 0 1 0 0 0 0 0 0 0 0 0 0 0 0 0 0 0 0 0 0 0 0 0 0 0 0 0 0 0 0 0 0 0 0 0 0 0 0 0 0 0 0 0 0 0 0 0 0 0 0 0 0 0 0 0 0 0 0 0 0 0 0 0 0 0 0 0 0 0 0 0 0 0 0 0 0 0 0 0 0 0 0 0 0 0 0 0 0 0 0 0 0 0 0 0 0 0 0 0
0 0 0 0 0 0 0 0 0 0 0 0 0 0 0 0 0 0 0 0 0 0 0 0 0 0 0 0 0 0 3 0 0 0 1 0 3 0 0 0 0 0 0 0 0 0 0 0 0 0 0 0 0 0 0 0 0 0 0 0 0 0 0 0 0 0 0 0 0 0 0 0 0 0 0 0 0 0 0 0 0 0 0 0 0 0 0 0 0 0 0 0 0 0 0 0 0 0 0 0 0 0 0 0 0 0 0 0 0 0 0 0 0 0 0 0 0 0 0 0 0 0 0 0 0 0 0 0 0 0 0 0 0 0 0 0 0 0 0 0 0 0 0 0 0 0 0 0 0 0
0 0 0 0 0 0 0 0 0 0 0 0 0 0 0 0 0 0 0 0 0 0 0 0 0 0 0 0 0 0 0 7 2 0 0 0 0 0 0 0 0 0 0 0 0 0 0 0 0 0 0 0 0 0 0 0 0 0 0 0 0 0 0 0 0 0 0 0 0 0 0 0 0 0 0 0 0 0 0 0 0 0 0 0 0 0 0 0 0 0 0 0 0 0 0 0 0 0 0 0 0 0 0 0 0 0 0 0 0 0 0 0 0 0 0 0 0 0 0 0 0 0 0 0 0 0 0 0 0 0 0 0 0 0 0 0 0 0 0 0 0 0 0 0 0 0 0 0 0 0
0 0 0 0 0 0 0 0 0 0 0 0 0 0 0 0 0 0 0 0 0 0 0 0 0 0 0 0 0 0 1 6 0 0 0 0 2 0 0 0 0 0 0 0 0 0 0 0 0 0 0 0 0 0 0 0 0 0 0 0 0 0 0 0 0 0 0 0 0 0 0 0 0 0 0 0 0 0 0 0 0 0 0 0 0 0 0 0 0 0 0 0 0 0 0 0 0 0 0 0 0 0 0 0 0 0 0 0 0 0 0 0 0 0 0 0 0 0 0 0 0 0 0 0 0 0 0 0 0 0 0 0 0 0 0 0 0 0 0 0 0 0 0 0 0 0 0 0 0 0
0 0 0 0 0 0 0 0 0 0 0 0 0 0 0 0 0 0 0 0 0 0 0 0 0 0 1 0 0 6 0 0 0 0 0 1 0 0 0 0 0 0 0 0 0 0 0 0 0 0 0 0 0 0 0 0 0 0 0 0 0 0 0 0 0 0 0 0 0 0 0 0 0 0 0 0 0 0 0 0 0 0 0 0 0 0 0 0 0 0 0 0 0 0 0 0 0 0 0 0 0 0 0 0 0 0 0 0 0 0 0 0 0 0 0 0 0 0 0 0 0 0 0 0 0 0 0 0 0 0 0 0 0 0 0 0 0 0 0 0 0 0 0 0 0 0 0 0 0 0
0 0 0 0 0 0 0 0 0 0 0 0 0 0 0 0 0 0 0 0 0 0 0 0 0 0 0 0 0 62 23 0 0 0 0 7 0 0 0 0 0 0 0 0 0 0 0 0 0 0 0 0 0 0 0 0 0 0 0 0 0 0 0 0 0 0 0 0 0 0 0 0 0 0 0 0 0 0 0 0 0 0 0 0 0 0 0 0 0 0 0 0 0 0 0 0 0 0 0 0 0 0 0 0 0 0 0 0 0 0 0 0 0 0 0 0 0 0 0 0 0 0 0 0 0 0 0 0 0 0 0 0 0 0 0 0 0 0 0 0 0 0 0 0 0 0 0 0 0 0
0 0 0 0 0 0 0 0 0 0 0 0 0 0 0 0 0 0 0 0 0 0 0 0 0 0 4 0 0 0 0 0 0 0 0 0 0 0 0 0 0 0 0 0 0 0 0 0 0 30 0 0 0 0 0 0 0 0 0 0 0 0 0 0 0 0 0 0 0 0 0 0 0 0 0 0 0 0 0 0 0 0 0 0 0 0 0 0 0 0 0 0 0 0 0 0 0 0 0 0 0 0 0 0 0 0 0 0 0 0 0 0 0 0 0 0 0 0 0 0 0 0 0 0 0 0 0 0 0 0 0 0 0 0 0 0 0 0 0 0 0 0 0 0 0 0 0 0 0 0
0 0 0 0 0 0 0 0 0 0 0 0 0 0 0 0 0 0 0 0 0 0 0 0 0 0 10 0 0 0 0 0 0 0 0 0 0 0 0 0 0 0 0 0 0 0 0 0 2 0 0 0 0 0 0 0 0 0 0 0 0 0 0 0 0 0 0 0 0 0 0 0 0 0 0 0 0 0 0 0 0 0 0 0 0 0 0 0 0 0 0 0 0 0 0 0 0 0 0 0 0 0 0 0 0 0 0 0 0 0 0 0 0 0 0 0 0 0 0 0 0 0 0 0 0 0 0 0 0 0 0 0 0 0 0 0 0 0 0 0 0 0 0 0 0 0 0 0 0 0
0 0 0 0 0 0 0 0 0 0 0 0 0 0 0 0 0 0 0 0 0 0 0 0 0 0 0 2 1 0 0 0 0 0 0 0 0 0 0 0 0 0 0 0 0 0 0 0 0 0 0 0 0 0 0 0 0 0 0 0 0 0 0 0 0 0 0 0 0 0 0 0 0 0 0 0 0 0 0 0 0 0 0 0 0 0 0 0 0 0 0 0 0 0 0 0 0 0 0 0 0 0 0 0 0 0 0 0 0 0 0 0 0 0 0 0 0 0 0 0 0 0 0 0 0 0 0 0 0 0 0 0 0 0 0 0 0 0 0 0 0 0 0 0 0 0 0 0 0 0
0 0 0 0 0 0 0 0 0 0 0 0 0 0 0 0 0 0 0 0 0 0 0 0 0 0 0 0 0 0 0 0 0 0 0 0 0 0 0 0 0 0 0 0 0 0 0 0 0 0 0 0 0 0 0 0 0 0 0 0 0 0 0 0 0 0 0 0 0 0 0 0 0 0 0 0 0 0 0 0 0 0 0 0 0 0 0 0 0 0 0 0 0 0 0 0 0 0 0 0 0 0 0 0 0 0 0 0 0 0 0 0 0 0 0 0 0 0 0 0 0 0 0 0 0 0 0 0 0 0 0 0 0 0 0 0 0 0 0 0 0 0 0 0 0 0 0 0 0 0
0 0 0 0 0 0 0 0 0 0 0 0 0 0 0 0 0 0 0 0 0 0 0 0 0 0 0 0 0 0 0 0 0 0 0 0 0 0 0 0 0 0 0 0 0 0 0 0 0 0 0 0 0 0 0 0 0 0 0 0 0 0 0 0 0 0 0 0 0 0 0 0 0 0 0 0 0 0 0 0 0 0 0 0 0 0 0 0 0 0 0 0 0 0 0 0 0 0 0 0 0 0 0 0 0 0 0 0 0 0 0 0 0 0 0 0 0 0 0 0 0 0 0 0 0 0 0 0 0 0 0 0 0 0 0 0 0 0 0 0 0 0 0 0 0 0 0 0 0 0
0 0 0 0 0 0 0 0 0 0 0 0 0 0 0 0 0 0 0 0 0 0 0 0 0 0 0 0 0 0 0 0 0 0 0 0 0 0 0 0 0 0 0 0 0 0 0 0 0 0 0 0 0 0 0 0 0 0 0 0 0 0 0 0 0 0 0 0 0 0 0 0 0 0 0 0 0 0 0 0 0 0 0 0 0 0 0 0 0 0 0 0 0 0 0 0 0 0 0 0 0 0 0 0 0 0 0 0 0 0 0 0 0 0 0 0 0 0 0 0 0 0 0 0 0 0 0 0 0 0 0 0 0 0 0 0 0 0 0 0 0 0 0 0 0 0 0 0 0 0
0 0 0 0 0 0 0 0 0 0 0 0 0 0 0 0 0 0 0 0 0 0 0 0 0 0 0 0 0 0 0 0 0 0 0 0 0 0 0 0 0 0 0 0 0 0 0 0 0 0 0 0 0 0 0 0 0 0 0 0 0 0 0 0 0 0 0 0 0 0 0 0 0 0 0 0 0 0 0 0 0 0 0 0 0 0 0 0 0 0 0 0 0 0 0 0 0 0 0 0 0 0 0 0 0 0 0 0 0 0 0 0 0 0 0 0 0 0 0 0 0 0 0 0 0 0 0 0 0 0 0 0 0 0 0 0 0 0 0 0 0 0 0 0 0 0 0 0 0 0
0 0 0 0 0 0 0 0 0 0 0 0 0 0 0 0 0 0 0 0 0 0 0 0 0 0 0 0 0 0 0 0 0 0 0 0 0 0 0 0 0 0 0 0 0 0 0 0 0 0 0 0 0 0 0 0 0 0 0 0 0 0 0 0 0 0 0 0 0 0 0 0 0 0 0 0 0 0 0 0 0 0 0 0 0 0 0 0 0 0 0 0 0 0 0 0 0 0 0 0 0 0 0 0 0 0 0 0 0 0 0 0 0 0 0 0 0 0 0 0 0 0 0 0 0 0 0 0 0 0 0 0 0 0 0 0 0 0 0 0 0 0 0 0 0 0 0 0 0 0
