0 0 11 5 0 0 1 2 16 115 14 4 0 4 0 0 0 0 4 0 3 4 0 0 2 16 0 0 0 0 0 0 3 0 3 0 0 0 0 2 0 0 0 9 13 0 0 0 0 0 0 0 0 0 1 1 0 0 0 3 46 21 5 1 0 8 11 0 0 0 0 11 9 158 123 290 200 20 31 12 35 159 75 32 68 241 152 170 23 181 857 680 133 513 363 430 751 808 822 138 211 97 12 38 20 29 61 301 183 15 9 1 11 103 29 30 14 27 5 0 4 26 23 4 0 23 0 3 12 11 2 16 0 11 2 0 1 2 0 0 1 0 0 0 0 0 0 0 1 40
0 2 4 6 2 0 0 0 0 40 9 23 5 0 0 0 0 7 6 0 0 6 18 1 11 26 0 0 0 0 0 0 0 0 0 0 0 0 2 0 0 0 0 0 0 0 0 0 0 0 0 0 0 4 3 0 0 0 0 13 104 21 4 17 13 1 0 0 0 1 0 2 66 43 26 2 27 79 23 36 152 58 11 4 130 217 353 105 360 328 91 37 352 385 353 354 906 438 820 664 247 23 74 37 3 6 0 24 60 14 5 8 1 14 57 23 1 18 2 85 3 3 6 2 3 1 2 0 15 46 8 3 77 53 0 1 0 0 4 223 3 0 0 0 0 0 0 0 0 0
0 0 0 3 8 0 0 0 0 3 2 3 8 1 0 0 0 2 1 2 3 11 79 13 19 0 1 2 0 0 0 0 0 3 0 2 0 0 0 15 1 0 0 0 0 0 0 0 0 0 0 0 0 2 5 0 0 1 0 7 4 24 12 10 0 0 0 0 0 1 0 16 4 0 0 1 3 27 158 135 66 46 5 30 38 163 564 194 4 8 271 29 126 488 557 448 295 310 214 385 470 348 9 88 28 11 5 22 251 145 30 5 5 6 6 12 9 110 30 6 53 56 5 2 1 2 0 2 0 15 5 5 61 120 0 1 13 0 3 107 11 4 0 0 0 0 0 0 0 0
25 2 0 0 0 0 2 0 0 4 2 2 0 0 1 4 2 0 0 2 0 0 3 22 4 0 3 4 6 0 1 0 0 1 0 0 0 0 0 1 2 0 1 0 0 0 0 0 0 0 3 0 0 1 56 52 1 21 26 44 0 2 2 15 0 0 0 0 0 1 8 94 42 3 1 4 9 70 196 552 182 87 39 100 88 17 42 105 3 149 823 1054 1019 775 596 400 92 198 471 490 544 478 111 24 44 88 42 10 241 97 9 47 28 8 4 2 17 105 39 12 28 126 10 6 1 8 4 1 17 1 5 12 11 0 12 2 15 1 0 11 80 3 0 0 0 0 0 0 0 0
11 17 0 0 0 0 0 0 4 1 0 0 0 0 1 2 4 2 0 0 0 0 0 0 1 1 1 1 0 0 0 0 0 0 0 8 3 0 0 1 1 0 0 0 0 0 0 0 1 9 2 0 0 0 37 124 29 41 5 0 1 1 0 27 0 0 0 0 0 16 151 61 94 123 37 41 28 114 346 275 250 269 260 33 101 106 51 133 32 284 1056 1160 494 713 312 239 112 583 333 627 581 911 637 339 356 178 53 32 13 4 4 9 10 36 8 2 1 33 94 88 184 510 172 13 2 2 1 1 5 4 3 1 0 0 8 3 0 0 0 0 50 4 0 0 0 0 0 0 0 0
9 1 0 0 0 0 0 0 4 0 3 0 0 0 0 1 0 3 4 63 11 9 6 0 0 0 0 0 2 1 2 1 0 0 40 96 36 31 0 0 0 0 0 0 0 0 0 0 0 7 32 14 1 0 8 27 33 3 13 4 0 0 9 2 0 0 0 0 3 69 176 136 79 93 101 46 61 53 72 512 584 628 298 54 5 72 77 24 13 185 1398 1090 132 475 706 378 87 1296 380 344 279 473 975 390 38 162 28 79 4 1 0 3 5 32 2 6 18 4 8 13 201 102 2 1 2 8 0 1 2 0 1 0 0 0 0 0 2 0 2 0 1 8 1 0 0 0 0 0 0 0
4 0 0 0 0 0 0 0 0 6 5 0 0 1 3 1 0 0 0 1 0 3 2 0 0 0 0 0 0 0 2 0 2 2 0 4 1 7 2 0 0 0 0 0 0 0 0 0 0 0 0 1 0 3 0 26 17 0 40 16 4 5 0 0 7 1 0 0 2 52 48 65 154 290 190 91 245 154 573 450 1089 653 837 705 204 29 8 126 66 107 1223 1061 163 599 884 336 232 365 365 43 28 238 136 201 43 97 80 24 23 20 23 128 164 36 54 32 0 1 12 12 76 79 4 4 2 1 4 3 0 0 0 0 0 0 0 0 0 10 0 0 0 1 2 0 0 0 0 0 0 0
3 0 0 0 0 0 0 0 0 0 0 0 0 0 0 0 0 0 0 0 0 0 0 0 0 0 0 0 0 0 12 0 0 0 5 2 0 1 11 11 0 0 0 0 0 0 0 0 0 0 0 0 4 4 2 15 1 20 56 38 62 66 25 7 13 29 0 0 10 64 18 17 38 78 85 37 57 62 523 602 803 536 713 142 154 138 223 534 212 104 422 81 83 520 505 399 218 541 627 183 155 282 273 495 168 118 11 43 115 25 238 390 151 38 10 54 3 4 7 50 18 16 2 2 4 5 6 1 4 0 0 0 0 0 0 0 1 0 0 0 0 0 0 0 0 0 0 0 0 0
2 0 0 0 0 0 0 0 3 2 0 6 9 0 14 0 0 0 0 0 0 0 0 0 0 0 0 0 0 0 1 0 0 0 0 6 0 2 8 13 0 0 0 0 0 0 0 0 0 0 0 0 0 10 0 0 1 9 22 21 341 188 20 8 11 14 13 17 5 59 4 1 1 3 2 33 21 33 170 542 641 875 532 26 22 45 331 239 254 81 13 32 309 966 1228 1059 97 347 362 331 248 229 72 293 557 173 190 206 26 113 598 220 233 10 48 7 1 3 4 10 6 1 3 10 11 0 2 5 0 1 31 1 0 0 0 1 0 0 0 0 0 0 0 0 0 0 0 0 0 1
0 0 0 0 0 0 0 1 24 4 0 0 0 0 1 0 0 0 0 0 0 0 0 0 0 0 0 0 0 0 0 0 0 0 0 0 0 0 0 0 2 0 0 0 0 0 1 0 2 0 1 0 30 2 0 2 0 3 0 34 27 122 22 16 3 1 0 2 3 21 0 0 0 0 0 25 24 75 267 455 814 514 539 290 797 660 257 263 273 252 85 4 15 729 824 1269 570 237 63 11 46 270 12 3 120 381 347 176 94 10 320 484 421 67 9 167 178 648 109 34 197 31 48 37 47 15 14 4 4 7 47 20 0 0 1 0 0 0 0 0 0 0 0 0 0 0 0 0 0 1
0 2 5 0 0 0 2 0 5 2 4 1 0 0 1 19 1 2 1 0 0 0 0 0 0 0 0 0 0 0 0 1 0 0 0 0 0 0 2 0 0 5 3 3 0 0 1 12 15 20 6 4 16 2 0 0 0 4 18 18 0 111 20 8 0 0 4 0 2 21 0 0 0 0 0 0 12 35 174 228 363 202 474 287 181 447 324 400 442 467 27 1 17 178 351 636 750 37 19 50 17 9 2 24 145 268 735 252 107 127 314 221 235 49 0 142 244 825 487 288 413 159 250 137 168 319 128 74 53 64 12 91 36 18 53 0 0 0 0 0 0 0 0 0 0 0 0 0 0 1
2 0 0 0 0 0 0 0 5 3 0 0 0 0 0 1 8 6 3 0 1 0 0 0 0 0 0 0 0 0 0 0 0 0 4 0 0 0 2 2 0 7 17 15 9 13 2 1 0 0 0 0 3 2 15 1 1 2 3 13 11 1 0 2 1 14 0 2 2 0 0 0 0 0 0 1 101 52 195 475 450 189 107 74 269 153 73 16 123 422 55 0 0 2 19 86 827 344 300 20 1 2 16 38 46 44 480 273 43 75 279 233 75 271 43 139 410 329 476 878 303 278 161 73 148 135 0 0 0 22 4 0 58 30 39 0 0 0 0 0 0 0 0 0 0 0 0 0 0 0
0 0 0 0 0 0 0 0 3 2 0 0 1 0 0 0 0 30 6 5 3 0 0 1 0 0 0 0 0 0 0 0 0 0 0 1 0 0 0 0 0 9 39 5 21 0 0 17 0 0 0 1 2 2 5 0 0 0 9 12 2 5 1 6 0 0 0 5 0 2 11 0 0 0 1 26 75 118 144 92 130 296 42 2 18 9 9 1 1 3 1 0 24 78 62 26 764 402 698 535 19 24 47 49 37 21 57 501 691 261 536 547 84 731 140 92 20 65 913 887 295 229 117 2 17 53 5 0 144 16 0 0 18 7 4 0 0 1 0 1 0 0 0 0 0 0 0 0 0 0
0 0 0 0 0 0 5 0 0 3 0 0 0 0 0 0 0 1 48 21 4 0 0 1 0 0 0 0 0 1 1 0 0 0 0 0 0 0 0 0 0 0 2 51 36 0 0 0 2 0 0 25 2 0 0 0 0 0 16 0 1 4 0 1 0 0 32 30 9 25 56 0 1 2 5 447 463 405 202 43 77 299 99 22 36 153 11 0 2 28 0 0 0 55 7 37 82 527 201 272 7 41 271 65 351 50 87 531 246 441 979 1196 579 244 196 130 509 339 643 463 218 80 2 12 0 30 7 0 2 1 0 0 2 3 0 0 0 0 0 0 0 0 0 0 0 0 0 0 0 0
0 0 0 0 0 0 0 0 10 1 0 0 0 0 0 0 0 0 3 6 8 1 1 0 1 0 0 0 0 0 0 0 0 0 0 0 0 0 0 0 0 0 0 13 25 0 0 0 1 9 7 35 0 0 0 1 1 8 33 8 72 19 7 9 8 93 100 123 119 163 77 24 6 11 72 483 1258 923 195 63 1 55 27 2 4 17 23 7 0 21 2 9 3 1 0 9 46 264 157 168 34 60 440 354 1047 885 1684 1050 923 859 976 732 609 435 487 217 118 102 50 134 116 103 44 8 0 5 58 7 8 13 1 0 0 0 2 0 0 0 0 0 0 0 0 0 0 0 0 0 0 0
0 0 0 0 0 0 0 33 47 3 2 0 0 0 0 0 0 0 1 8 0 9 25 2 2 0 0 0 0 0 0 0 0 0 0 0 0 0 0 0 0 0 0 0 1 14 0 0 0 10 33 126 0 0 1 6 40 75 10 63 8 20 3 41 21 41 104 66 101 191 186 69 155 198 624 723 1260 445 209 28 5 6 1 0 0 0 24 38 36 124 1 5 1 0 1 17 60 20 27 3 6 1 921 436 470 346 1005 394 442 999 1590 1095 1001 358 350 150 22 170 187 103 47 7 118 255 53 70 10 0 2 1 0 0 0 0 20 5 0 0 0 0 0 0 0 0 0 0 0 0 0 0
0 0 0 0 0 0 0 5 1 0 0 0 0 0 1 0 16 10 1 2 0 0 35 24 25 4 2 0 1 0 0 0 0 0 0 0 0 0 0 1 0 0 0 0 0 6 1 0 0 7 28 5 0 5 12 49 54 102 56 19 1 6 0 0 0 2 0 0 0 0 4 1 95 94 292 332 306 273 92 1 0 0 3 0 0 7 0 44 53 11 1 0 7 3 5 48 65 0 2 79 31 195 561 655 325 181 292 269 294 752 645 458 753 315 414 144 23 91 89 10 0 2 35 35 33 349 6 5 3 0 0 0 0 0 0 1 0 0 0 0 0 0 0 0 0 0 0 0 0 0
0 0 0 1 0 0 0 1 0 0 0 0 3 0 0 0 0 2 2 2 2 0 1 2 8 3 6 28 0 0 0 0 0 0 0 0 3 0 0 0 1 0 0 0 0 146 92 0 1 14 37 20 15 58 27 24 40 35 253 20 2 1 0 0 0 0 7 89 2 18 77 19 125 21 44 161 69 162 20 13 0 0 2 4 0 0 0 7 61 2 0 12 72 42 50 5 8 1 47 427 233 62 116 89 115 300 204 184 405 310 106 596 125 121 151 42 53 197 15 5 1 6 3 13 72 517 145 28 4 2 0 0 0 0 0 0 0 0 0 0 0 0 0 0 0 0 0 0 0 0
0 0 0 0 2 1 0 0 0 0 0 0 13 0 0 0 0 0 3 3 1 3 1 0 2 0 42 61 13 0 0 0 0 0 1 1 2 0 0 0 0 0 0 8 13 10 6 2 19 321 95 17 18 17 3 28 127 89 64 50 40 0 0 0 0 1 8 3 0 25 19 35 27 10 1 82 97 46 8 36 17 0 11 16 0 6 9 10 9 1 6 208 63 165 14 0 0 31 152 7 122 220 75 24 100 159 175 400 300 3 0 49 5 348 31 1 9 5 0 0 0 0 0 8 46 134 175 219 11 3 0 0 0 0 0 0 0 0 0 0 0 0 0 0 0 0 0 0 0 0
0 1 0 0 5 0 0 0 0 0 0 0 0 0 6 0 0 0 0 0 0 9 50 0 2 0 1 15 216 3 0 1 0 0 1 0 0 0 0 0 0 9 4 50 5 94 84 7 2 152 35 2 0 5 32 21 16 32 3 0 1 1 0 0 0 3 0 1 14 9 37 17 10 0 2 122 11 0 8 7 3 0 0 0 0 11 18 2 8 12 9 29 4 4 0 14 0 23 10 2 506 741 488 141 98 171 68 168 165 4 4 0 2 172 33 0 0 0 0 0 0 0 1 8 23 7 13 61 11 0 0 0 0 0 0 0 0 0 0 0 0 0 0 0 0 0 0 0 0 1
0 0 0 0 1 0 0 0 0 0 0 0 0 0 0 0 0 0 2 0 1 0 26 4 0 5 13 28 1 6 0 7 9 0 0 0 0 0 0 0 5 7 20 7 10 12 12 33 68 195 238 70 11 58 2 7 4 2 1 0 0 5 14 9 91 90 1 0 1 10 81 20 1 0 4 88 101 42 9 42 3 20 11 5 0 0 7 16 33 12 5 0 0 0 1 0 0 4 212 257 804 639 338 88 6 28 87 153 11 0 0 0 0 6 0 0 0 0 0 0 0 0 1 3 0 0 24 80 0 0 0 0 0 0 0 0 0 0 0 0 0 0 0 0 0 0 0 0 0 0
0 0 0 0 0 0 0 0 0 0 0 0 0 3 0 2 0 0 0 1 0 0 6 0 0 1 3 0 0 0 21 69 1 1 0 0 0 0 0 0 83 9 0 0 0 0 0 11 174 744 277 206 22 0 1 6 1 0 0 1 6 1 1 0 10 8 10 5 3 64 21 14 34 0 0 6 88 56 69 43 21 26 4 40 13 4 9 12 129 48 29 9 1 3 0 9 1 0 71 225 161 58 37 0 7 29 86 136 42 0 0 0 9 75 0 0 0 0 0 0 0 0 0 0 0 72 110 0 2 2 7 0 0 0 0 0 0 0 0 0 0 0 0 0 0 0 0 0 0 0
0 0 0 0 0 0 0 0 0 0 0 0 0 1 3 2 1 0 0 0 2 2 35 1 2 0 0 0 0 0 10 1 35 12 3 0 64 66 21 14 0 0 0 0 0 0 10 17 29 297 178 145 3 0 0 3 0 2 5 1 0 0 0 0 11 0 8 1 0 3 11 28 33 1 0 0 10 35 19 22 3 29 15 0 0 4 6 2 0 0 4 6 8 3 0 0 2 0 2 9 2 0 10 22 61 26 36 166 61 83 41 9 87 0 0 0 0 0 0 0 0 0 0 17 18 70 72 1 0 0 11 0 0 0 0 0 0 0 0 0 0 0 0 0 0 0 0 0 0 0
0 0 4 0 0 0 0 0 0 0 0 0 0 0 0 0 0 0 0 1 1 0 0 2 0 4 0 0 0 0 0 1 11 7 4 8 16 29 12 3 0 0 0 0 6 41 24 55 0 91 139 39 0 2 2 4 9 15 1 0 0 0 0 1 0 2 0 2 0 0 0 2 132 52 1 10 0 0 0 2 2 9 86 91 3 0 3 0 0 0 0 3 1 2 0 5 0 0 1 6 15 0 1 95 53 43 21 9 1 23 1 190 36 0 0 0 0 0 0 0 0 0 1 15 5 22 23 96 0 0 0 0 0 0 0 0 0 0 0 0 0 0 0 0 0 0 0 0 0 0
0 0 0 0 0 0 0 0 0 0 0 0 0 0 2 0 0 1 0 0 0 0 1 0 0 2 0 0 0 0 0 0 2 12 26 0 0 40 0 0 0 0 0 14 34 25 43 5 0 17 51 19 7 11 30 3 6 3 0 0 0 0 0 0 2 0 0 13 3 3 5 1 4 5 25 30 0 0 0 0 0 0 7 43 29 4 0 0 0 1 4 4 1 5 0 0 4 5 0 5 14 10 4 37 401 0 0 12 0 0 0 14 6 0 0 2 3 0 0 0 0 0 2 0 0 37 49 27 0 0 5 0 0 0 0 0 3 0 0 0 0 0 0 0 0 0 0 0 0 0
0 0 0 0 0 0 0 0 0 0 6 0 0 4 12 0 0 0 0 0 0 1 0 0 0 0 5 1 0 0 0 0 5 29 30 0 0 12 0 0 0 0 0 8 74 8 1 0 18 1 43 6 0 1 0 2 1 0 0 0 0 0 0 0 21 5 0 1 3 2 5 25 1 0 0 5 7 5 0 0 6 0 0 5 2 7 3 6 3 7 0 2 0 1 1 1 0 7 0 6 6 16 16 58 155 137 0 10 0 0 1 1 9 6 18 5 0 0 0 0 5 1 0 0 0 46 18 5 0 1 0 0 0 0 0 0 1 14 0 0 0 0 0 0 0 0 0 0 0 0
0 0 0 0 0 0 0 0 0 0 0 0 0 0 3 0 1 4 0 0 1 8 2 1 0 0 0 7 0 0 0 3 1 3 10 5 0 1 7 25 0 0 0 4 81 9 10 0 0 0 21 20 0 0 0 0 0 1 0 0 0 0 0 0 5 1 0 0 2 2 6 11 1 1 0 2 4 3 0 0 0 0 19 6 7 2 10 9 0 0 2 1 0 0 1 2 0 0 0 1 8 8 7 1 29 222 33 9 0 0 0 0 0 7 2 16 0 0 2 1 0 0 0 0 64 200 7 32 0 0 0 0 0 0 1 1 11 23 0 0 0 0 0 0 0 0 0 0 0 0
0 0 0 0 0 0 0 0 1 0 1 0 0 7 2 1 21 20 2 0 3 8 3 0 1 2 0 0 0 0 5 1 0 16 1 0 0 1 3 14 44 59 8 82 154 3 4 0 0 0 0 23 12 1 1 0 0 0 0 0 0 0 1 0 0 0 0 0 6 21 70 5 0 1 0 0 0 3 0 0 0 0 0 0 2 0 0 7 11 0 8 0 3 1 0 0 0 0 1 0 0 4 13 8 16 427 420 24 8 0 0 0 0 0 0 0 14 94 38 0 0 0 0 39 72 27 41 236 361 7 0 0 0 0 1 0 7 3 0 0 0 0 0 0 0 0 0 0 0 0
0 0 0 0 0 0 0 1 0 2 1 4 5 5 8 7 17 53 0 10 0 1 3 3 0 0 0 3 13 0 0 2 8 0 4 9 7 16 56 111 320 447 279 188 121 4 0 0 0 0 0 3 24 5 4 0 0 0 0 0 0 0 0 0 0 0 0 0 0 2 10 21 2 0 3 1 0 29 5 0 0 5 0 1 5 0 0 0 10 4 0 12 5 1 7 28 3 0 0 0 0 44 6 35 208 295 243 297 14 0 0 0 0 0 0 3 197 123 19 0 0 0 10 136 169 101 673 433 91 37 0 0 3 8 2 7 0 0 0 0 0 0 0 0 0 0 0 0 0 0
0 0 0 0 0 0 0 0 1 8 7 32 22 1 0 1 1 7 1 1 1 0 5 19 4 1 5 2 0 0 1 1 2 2 29 24 1 1 136 279 391 783 418 450 66 13 0 0 1 0 3 4 44 79 12 11 0 0 0 0 0 0 0 0 0 0 0 0 0 0 3 0 1 0 0 0 0 8 9 0 0 0 0 4 31 0 0 0 4 3 1 5 9 22 2 16 1 0 0 0 0 3 6 15 5 31 7 116 35 0 0 0 1 1 56 44 295 245 61 22 10 23 6 73 177 93 226 363 386 389 115 50 17 103 20 1 0 0 0 0 0 0 0 0 0 0 0 0 0 0
0 0 0 0 0 0 0 0 3 10 3 2 2 0 24 4 0 2 4 5 1 9 109 24 0 0 0 0 0 5 9 2 0 1 2 10 8 21 32 74 502 263 279 153 52 2 4 3 2 5 1 1 31 3 4 1 0 0 0 0 0 0 0 0 0 0 0 0 0 0 0 2 0 0 0 1 1 2 6 0 13 11 5 3 11 1 0 0 15 9 0 0 9 9 2 0 3 3 2 0 0 3 2 3 4 2 0 5 42 0 9 10 3 0 105 627 843 411 106 134 110 78 54 10 7 2 29 188 47 32 13 163 405 38 39 0 0 0 0 0 0 0 0 0 0 0 0 0 0 0
0 0 0 0 0 0 0 0 0 0 4 1 1 7 0 1 2 13 6 11 174 44 15 0 0 0 0 0 0 8 1 2 3 17 5 7 1 4 0 57 350 252 158 138 60 24 4 0 1 7 4 3 23 1 14 0 1 0 0 0 0 0 0 0 0 0 0 0 0 0 0 0 0 0 1 0 0 4 0 0 14 2 17 190 37 1 0 0 0 0 0 0 6 3 1 0 11 0 0 0 0 0 0 0 6 2 0 13 193 101 239 365 79 124 357 775 443 220 92 191 52 95 4 5 36 84 146 78 11 0 68 146 179 68 71 5 0 0 0 0 0 0 0 0 0 0 0 0 0 0
0 0 0 0 0 0 1 1 0 0 1 8 2 11 1 2 1 3 8 11 57 0 0 0 0 0 0 0 1 2 1 21 16 5 6 10 4 2 2 7 29 95 63 65 1 0 0 0 0 0 13 2 32 4 0 3 0 1 0 0 0 0 0 0 0 0 0 0 0 0 1 0 0 0 0 1 2 9 4 2 1 9 13 1 1 0 0 0 0 1 3 0 1 19 7 15 8 0 0 0 3 0 0 0 0 3 2 11 159 37 63 65 83 369 588 440 389 191 44 337 50 18 0 18 6 23 35 0 0 0 61 278 0 0 1 0 0 0 0 0 0 0 0 0 0 0 0 0 0 0
0 0 2 4 0 9 19 2 1 5 2 0 0 3 10 5 2 9 24 25 17 0 0 0 0 0 0 0 1 9 49 1 17 1 9 1 0 2 7 1 6 12 1 0 1 0 0 0 4 1 0 5 140 18 8 26 17 3 0 0 0 0 0 0 0 0 0 0 0 0 0 0 0 0 0 0 0 1 1 2 0 1 0 0 0 0 0 0 3 0 0 0 5 17 7 2 11 5 0 0 0 0 0 1 0 1 4 73 51 6 3 9 256 262 213 559 139 172 133 123 182 3 0 0 0 0 0 0 0 0 2 52 23 0 0 0 0 0 0 0 0 0 0 0 0 0 0 0 0 0
0 0 0 0 1 2 4 8 0 2 1 0 0 21 2 7 31 7 4 0 0 3 3 0 0 0 0 19 14 14 25 32 10 0 0 4 0 3 2 2 1 16 43 1 1 0 3 0 0 0 0 16 96 27 1 18 2 1 0 0 0 0 0 0 0 0 0 0 0 0 0 0 0 0 0 0 3 4 2 1 0 0 0 0 0 0 0 0 6 2 12 1 21 34 6 11 1 0 2 4 1 0 0 0 0 0 9 52 444 2 0 0 0 2 5 0 2 33 270 701 29 0 0 0 0 4 4 0 0 0 0 3 36 2 0 0 0 0 0 0 0 0 0 0 0 0 0 0 0 0
1 2 0 3 3 0 31 31 3 1 6 5 3 0 10 96 27 14 1 3 2 0 4 1 1 0 7 12 1 0 2 10 2 1 1 2 0 1 0 1 15 1 1 3 1 0 1 0 0 0 0 52 6 42 21 0 3 0 0 0 0 0 0 0 0 0 0 0 0 0 0 0 0 0 0 1 2 12 0 1 0 0 3 0 0 0 1 0 9 0 2 0 0 27 0 0 0 1 21 1 0 1 0 5 1 7 47 81 136 0 0 0 0 0 14 0 0 4 146 299 207 78 2 0 5 52 0 0 0 24 93 26 36 13 0 0 0 0 0 0 0 0 0 0 0 0 0 0 0 0
2 0 0 0 0 4 2 0 0 1 53 1 4 1 17 27 36 20 4 0 0 1 2 2 0 8 18 0 1 0 0 0 0 4 2 0 0 0 0 2 1 10 2 0 0 1 1 0 1 0 0 96 46 8 17 15 3 0 0 0 0 0 0 0 0 0 0 0 0 0 0 0 0 0 0 0 0 23 176 1 0 6 0 0 0 0 1 50 10 1 1 1 1 1 0 6 0 1 3 14 42 119 14 5 3 38 35 11 72 5 0 0 0 5 85 149 191 418 127 196 650 154 0 5 193 16 0 0 0 159 118 0 0 0 0 0 0 0 0 0 0 0 0 0 0 0 0 0 0 0
0 2 1 1 0 0 1 1 5 0 4 92 12 5 0 0 3 3 1 0 3 0 0 10 6 2 1 0 13 3 0 0 0 0 1 0 0 0 4 0 0 3 26 13 7 0 6 0 0 0 0 55 36 5 2 2 0 0 0 0 0 0 0 0 0 0 0 0 0 0 0 0 0 0 0 0 0 13 33 10 0 1 0 0 0 0 4 12 2 0 0 0 0 12 2 0 0 0 7 3 0 0 2 1 23 0 21 12 35 4 0 0 0 0 127 391 732 393 31 51 149 150 235 298 201 1 0 2 1 323 115 0 0 0 0 0 0 0 0 0 0 0 0 0 0 0 0 0 0 0
0 0 1 0 0 1 5 3 1 0 5 12 0 0 0 0 1 0 1 1 1 0 0 2 2 0 8 8 3 1 0 0 0 0 0 0 0 2 5 0 0 0 1 0 1 1 0 0 0 0 0 72 0 3 1 1 0 0 5 5 0 0 0 0 0 0 0 0 0 0 0 0 0 0 0 0 2 5 64 78 11 17 13 0 0 0 2 0 0 0 0 0 0 7 0 0 0 0 0 7 4 4 0 4 1 5 6 6 58 0 0 1 43 27 22 26 0 41 418 200 30 122 750 379 419 273 216 273 945 1592 593 10 0 0 0 0 0 0 0 0 0 0 0 0 1 0 0 0 0 0
0 0 1 0 1 6 1 0 0 12 18 2 0 2 6 13 0 1 0 0 0 0 0 0 0 54 31 10 0 0 1 1 1 0 1 0 0 0 0 8 0 0 1 3 0 1 6 0 1 5 4 250 49 9 0 8 1 1 2 1 0 0 0 0 0 0 0 0 0 0 0 0 0 0 0 0 2 10 28 3 0 27 33 0 0 0 0 0 0 2 0 1 2 9 5 8 4 0 0 6 10 0 0 6 31 15 14 5 143 36 1 13 18 8 3 8 5 159 337 354 430 639 672 819 1389 1032 807 1228 1102 718 1091 0 0 0 0 0 0 0 0 0 0 0 0 2 0 0 0 0 0 0
0 0 0 0 4 1 0 1 11 4 2 1 1 3 3 9 2 1 0 0 0 0 0 0 7 4 13 0 2 0 0 1 1 0 2 1 0 1 1 0 0 0 0 0 1 1 1 0 8 45 356 358 10 83 7 3 4 1 0 8 0 1 0 0 0 0 0 0 0 0 0 0 0 0 0 0 0 0 2 0 0 0 0 0 0 0 0 0 2 1 0 2 5 0 0 2 0 0 11 4 10 3 25 2 25 5 40 28 4 20 6 1 2 3 5 6 6 35 339 1071 1019 591 227 643 1438 890 199 614 422 22 135 38 0 0 0 0 0 0 0 0 0 0 0 0 0 0 0 0 0 0
1 0 0 0 1 0 0 0 17 0 1 2 1 1 4 1 1 0 0 0 0 0 0 0 2 2 0 0 0 0 0 47 15 0 0 0 0 0 0 0 0 0 0 0 0 0 0 0 2 22 604 544 462 528 28 8 2 3 3 6 2 0 0 0 0 0 0 0 0 0 0 0 0 0 1 0 0 0 0 14 0 0 2 0 0 0 0 18 63 0 0 20 1 0 0 0 0 0 0 2 4 0 31 30 17 103 252 59 3 0 2 4 0 2 2 11 13 5 84 394 401 541 239 1567 1266 807 257 177 10 361 1634 533 0 0 0 0 0 0 0 0 0 0 0 0 0 0 0 0 0 0
0 1 2 18 0 0 11 3 5 1 21 47 0 0 0 0 0 0 0 0 0 0 0 1 0 0 1 1 0 0 0 20 10 9 0 1 2 1 0 0 0 0 0 0 0 0 0 0 0 4 178 304 433 258 133 104 5 0 1 1 1 0 0 0 0 0 0 0 0 0 0 0 0 0 1 1 0 0 0 147 4 9 2 0 0 0 0 11 30 0 4 15 39 0 0 0 0 0 0 7 1 25 20 22 16 28 15 2 0 1 0 0 1 0 2 6 4 9 5 27 322 194 270 531 1151 1066 343 328 365 919 310 291 2 0 0 0 0 0 0 0 0 0 0 0 0 0 0 0 0 0
2 6 4 4 3 3 3 5 6 1 1 5 0 0 0 0 0 0 0 0 0 0 1 1 1 0 0 0 0 0 4 0 0 0 0 0 0 1 0 0 0 0 0 0 0 0 2 2 2 0 57 130 192 59 34 28 8 0 0 0 0 1 0 0 0 0 0 0 0 0 0 0 0 0 0 0 0 0 0 0 3 3 0 0 0 2 42 49 19 1 2 173 196 14 1 0 0 0 0 17 56 5 31 194 30 0 3 4 12 2 0 0 3 1 1 1 2 18 23 20 62 649 425 378 389 749 999 1204 130 163 54 105 0 0 0 0 0 0 0 0 0 0 0 0 0 0 0 0 0 0
0 2 6 0 0 0 11 89 3 6 3 1 4 1 0 0 0 0 0 4 0 0 2 1 0 0 0 0 2 0 0 0 0 0 0 0 0 0 0 0 0 0 0 0 0 0 0 3 1 9 3 59 180 19 9 0 0 30 33 3 0 0 0 0 0 0 0 0 0 0 0 0 0 0 0 0 0 0 0 0 0 7 13 51 11 22 2 1 12 23 116 134 109 6 1 7 0 1 114 36 54 283 185 323 270 43 23 7 4 2 0 1 5 2 1 1 5 28 30 235 540 572 1384 1328 798 195 1486 1902 969 0 0 0 0 1 0 0 0 0 0 0 0 0 0 0 0 0 0 0 0 0
3 10 9 0 13 22 3 74 15 9 0 0 1 1 0 0 0 0 0 0 0 2 3 0 0 0 0 0 5 0 0 0 0 0 0 1 0 0 0 1 3 0 0 0 0 0 0 0 3 4 0 6 27 1 12 0 0 5 100 12 5 0 0 0 0 0 0 0 0 0 0 0 0 0 0 0 0 0 0 0 2 4 6 0 0 6 9 26 17 40 91 109 77 2 43 67 5 2 0 5 97 316 618 214 120 116 14 8 2 5 0 1 0 0 3 0 2 287 415 731 519 35 24 158 167 190 421 798 298 3 25 1 0 0 0 0 0 0 0 0 0 0 0 0 0 0 0 0 0 0
4 0 91 1 32 74 55 8 3 0 0 1 2 1 0 2 0 0 0 0 1 0 0 0 0 0 0 0 0 0 0 0 0 0 0 0 0 0 0 0 0 8 1 0 0 0 0 0 1 0 0 6 19 0 1 4 0 0 3 16 2 0 0 0 0 0 0 0 0 0 0 0 0 0 0 0 0 0 0 1 10 41 0 4 30 3 71 21 0 3 6 32 14 2 1 0 0 0 0 5 6 52 645 280 295 192 12 6 10 4 13 0 0 0 0 18 203 479 85 30 0 0 0 0 49 244 186 340 379 19 17 8 0 0 0 0 0 0 0 0 0 0 0 0 0 0 0 0 0 0
1 14 59 159 259 364 160 48 5 0 0 0 0 0 1 1 0 0 0 1 0 7 0 1 0 0 0 0 0 0 0 2 0 0 0 0 0 0 1 0 0 0 0 21 9 6 0 7 1 0 0 9 11 2 0 0 4 0 13 5 1 0 0 0 0 0 0 0 0 0 0 0 0 0 0 0 0 0 3 38 8 0 0 3 10 1 13 171 45 0 0 0 0 0 0 0 0 0 0 0 0 120 386 157 167 147 4 1 5 8 6 1 0 0 12 83 126 1 16 50 0 0 0 0 16 476 208 525 308 6 20 0 0 0 0 0 0 0 0 0 0 0 0 0 0 0 0 0 0 0
4 62 267 628 260 174 118 59 0 1 1 3 2 0 0 0 0 4 0 1 0 1 0 0 0 0 0 37 0 0 0 0 0 0 0 0 0 0 0 1 0 4 1 2 3 0 0 8 34 0 0 0 22 0 0 0 1 0 0 0 0 0 0 0 0 0 0 0 0 0 0 0 0 0 0 0 0 9 0 0 0 0 0 0 0 0 38 29 0 1 0 0 0 0 0 2 0 0 0 0 6 53 29 30 122 140 3 0 0 1 16 17 29 47 23 0 6 8 9 32 36 44 5 0 9 52 77 153 70 2 0 0 0 0 0 0 0 0 0 0 0 0 0 0 0 0 0 0 0 0
0 9 184 186 91 111 19 16 6 1 0 1 0 0 0 0 0 1 3 10 4 9 0 0 1 0 0 0 0 0 0 0 0 0 0 0 0 0 0 0 0 0 0 0 1 1 0 16 2 2 0 0 0 0 1 6 0 0 0 0 0 0 0 0 0 0 0 0 0 0 0 0 0 0 0 0 53 4 0 0 0 0 0 0 0 0 41 9 1 9 26 0 0 0 9 11 0 0 0 304 632 176 214 151 1 82 52 0 0 1 10 56 24 0 0 0 0 0 15 55 81 72 148 276 91 49 1 0 0 2 0 0 0 0 0 0 0 0 0 0 0 0 0 0 0 0 0 0 0 0
6 28 31 275 91 54 2 0 0 1 10 0 0 0 0 0 1 0 0 0 1 85 1 0 0 1 0 2 0 0 0 0 0 0 0 0 0 0 0 0 0 0 1 0 2 28 2 0 0 0 0 0 0 0 1 15 0 0 0 0 0 0 0 0 0 0 0 0 0 0 0 0 0 0 0 0 6 4 0 0 0 0 0 0 0 11 33 0 0 13 14 0 0 0 43 112 57 7 195 1425 453 323 298 25 1 27 52 60 0 5 36 0 0 0 0 0 5 0 64 44 112 84 22 113 17 39 14 8 46 34 14 0 0 0 0 0 0 0 0 0 0 0 0 0 0 0 0 0 0 0
53 10 23 3 0 0 1 1 0 0 0 0 0 0 0 0 0 0 0 1 0 7 0 1 0 0 0 1 0 2 0 0 1 2 7 0 0 0 0 0 0 0 0 2 0 9 0 0 0 0 0 0 0 0 44 6 3 0 0 0 0 0 0 0 0 0 0 0 0 0 0 0 0 0 16 5 1 0 0 0 0 0 0 0 0 0 11 1 0 0 61 6 22 27 218 237 92 7 160 107 12 1 9 23 6 0 0 118 334 130 0 0 0 2 1 0 0 0 1 2 37 1 0 3 26 67 65 43 347 181 49 0 0 0 0 0 0 0 0 0 0 0 0 0 0 0 0 0 0 0
12 1 6 2 0 0 6 0 0 0 0 1 0 0 0 0 0 0 0 0 0 0 0 0 0 0 0 0 2 1 7 39 2 0 0 0 0 0 0 0 0 0 0 0 0 0 0 0 0 0 0 2 0 2 29 0 0 0 0 0 0 0 0 0 0 0 0 0 0 0 0 0 0 0 10 11 0 0 0 0 0 0 0 0 0 0 41 36 219 58 61 25 5 8 1 59 5 0 0 0 14 3 0 0 0 4 182 251 200 39 0 1 0 0 0 0 0 2 3 0 8 7 25 18 2 76 75 143 81 134 38 0 0 0 0 0 0 0 0 0 0 0 0 0 0 0 0 0 0 0
3 2 0 1 1 0 0 0 0 0 0 0 0 0 0 0 0 0 0 1 0 0 1 0 0 0 0 0 0 4 0 1 1 0 0 0 0 0 0 0 0 0 0 0 0 1 0 0 0 0 0 1 3 16 6 3 0 0 0 0 0 0 0 0 0 0 0 0 0 0 0 0 2 2 0 0 0 0 0 0 0 0 0 0 0 0 1 0 54 7 0 0 1 1 5 19 1 2 1 0 0 4 0 2 2 104 565 347 97 132 0 0 1 0 0 0 0 0 35 16 5 16 0 14 1 12 125 80 6 8 5 41 0 0 0 0 0 0 0 0 0 0 0 0 0 0 0 0 0 0
0 0 0 2 1 0 0 0 0 0 0 0 0 0 0 0 0 0 0 0 0 0 0 0 1 0 0 0 0 0 1 0 0 0 0 0 0 0 0 0 0 0 0 0 0 0 0 0 0 0 0 1 3 44 5 0 1 0 0 0 0 0 0 0 0 0 0 0 0 0 1 5 4 2 0 0 0 0 0 0 0 0 0 0 0 0 0 0 1 0 0 0 1 22 0 2 0 0 3 13 0 5 6 0 29 58 160 55 69 148 0 0 0 0 0 0 0 0 3 21 3 1 5 95 109 19 117 76 44 20 2 0 0 0 0 0 0 0 0 0 0 0 0 0 0 0 0 0 0 0
0 0 0 0 0 22 0 0 0 0 0 0 0 0 0 1 0 0 0 1 0 0 0 0 0 0 1 0 0 0 0 0 2 0 0 1 0 0 0 1 0 0 0 0 0 0 0 0 0 0 7 0 1 0 9 0 5 1 0 0 0 0 0 0 0 0 0 0 1 7 2 0 0 0 0 0 0 0 0 0 0 0 0 0 0 0 0 0 6 0 0 11 145 19 1 2 1 0 1 3 2 2 21 6 112 34 0 5 5 21 10 0 0 0 0 0 0 0 0 0 9 18 4 11 0 0 0 270 9 6 0 0 0 0 0 0 0 0 0 0 0 0 0 0 0 0 0 0 0 0
0 0 0 0 49 24 1 0 0 0 0 0 0 0 0 0 0 0 0 0 0 0 0 0 0 0 0 1 2 0 2 0 0 0 0 0 0 0 0 0 0 0 0 6 0 1 0 0 0 2 3 0 0 5 2 0 2 1 0 0 0 0 0 0 0 0 1 0 6 3 0 2 0 0 0 0 0 0 0 0 0 0 0 0 0 0 0 0 25 165 102 281 115 3 0 0 0 0 0 19 40 358 190 46 10 31 3 0 0 12 15 0 0 0 0 0 0 0 0 0 2 0 0 0 0 7 107 43 1 0 0 0 0 0 0 0 0 0 0 0 0 0 0 0 0 0 0 0 0 0
0 0 0 0 0 3 1 0 0 0 0 0 5 1 0 0 0 0 6 0 0 0 0 0 0 0 0 0 0 8 0 0 0 0 0 1 0 0 0 0 0 0 0 1 3 3 0 0 0 0 4 0 1 19 4 0 0 1 0 0 0 0 0 0 0 0 0 0 5 3 0 3 0 0 0 0 0 0 0 0 0 0 0 0 2 0 2 1 32 67 159 129 56 17 1 5 1 6 5 66 94 102 98 36 0 1 5 0 0 4 7 0 0 0 0 0 0 0 0 0 2 61 69 1 0 29 10 1 0 0 0 0 0 0 0 0 0 0 0 0 0 0 0 0 0 0 0 0 0 0
0 0 0 0 1 2 0 0 0 0 0 0 27 14 0 2 1 0 1 0 0 0 0 0 0 3 3 0 0 17 0 0 0 0 0 1 0 0 0 0 0 0 0 1 6 9 6 0 0 1 2 0 0 11 7 0 0 1 0 0 0 0 0 0 0 0 1 17 40 0 0 0 0 0 0 0 0 0 0 0 0 0 0 0 2 9 23 4 2 2 4 1 6 2 17 0 0 6 15 35 87 0 3 6 0 0 0 4 2 43 28 25 0 0 0 0 0 0 0 0 0 0 0 0 0 0 0 0 0 0 0 0 0 0 0 0 0 0 0 0 0 0 0 0 0 0 0 0 0 0
0 0 0 0 0 0 0 1 0 0 0 0 0 0 7 0 0 0 0 0 0 0 0 0 0 0 2 0 0 4 0 0 0 0 0 0 0 0 0 0 0 0 1 0 0 0 1 6 1 0 0 0 1 5 7 3 0 0 0 0 0 0 0 0 0 0 8 21 10 0 0 0 0 0 0 0 0 0 0 0 0 0 0 1 19 0 0 0 2 15 0 0 1 1 0 3 0 20 21 15 28 4 0 3 6 0 0 11 94 136 149 320 18 13 0 0 0 0 0 0 0 0 0 0 0 0 0 0 0 0 0 0 0 0 0 0 0 0 0 0 0 0 0 0 0 0 0 0 0 0
0 0 0 0 0 3 3 1 0 0 0 0 0 1 0 0 0 0 0 0 0 0 0 0 0 0 0 0 2 0 0 0 0 0 0 0 0 0 0 0 0 0 0 0 0 0 0 0 11 0 0 0 0 0 2 69 54 1 1 0 0 0 0 0 2 5 38 91 1 0 0 2 0 0 0 0 0 0 0 0 0 0 0 10 108 0 0 2 11 1 3 5 1 0 0 6 30 14 4 0 17 0 6 6 0 0 17 3 66 32 114 17 69 12 11 0 0 0 0 0 0 0 0 0 0 0 0 0 0 0 0 0 0 0 0 0 0 0 0 0 0 0 0 0 0 0 0 0 0 0
0 0 0 0 1 0 0 0 0 0 0 1 0 0 0 0 0 0 0 0 0 0 0 0 0 0 0 0 0 0 0 0 0 0 0 0 1 0 0 0 0 0 0 0 0 4 1 7 61 1 0 0 0 0 9 0 6 8 21 15 3 7 1 7 5 1 0 0 0 3 2 0 0 0 0 0 0 0 0 0 0 0 0 0 0 0 0 9 3 0 0 0 1 1 14 107 8 0 0 0 0 0 1 0 11 38 188 549 375 86 24 0 11 22 0 0 0 0 0 0 0 0 0 0 0 0 0 0 0 0 0 0 0 0 0 0 0 0 0 0 0 0 0 0 0 0 0 0 0 0
0 0 0 0 1 41 3 1 5 1 5 0 0 0 0 0 0 0 0 0 0 0 0 0 0 0 0 0 0 0 1 0 0 0 0 2 0 1 1 0 0 1 0 0 2 2 19 11 1 1 0 0 0 2 2 4 0 0 0 1 0 0 0 5 2 0 1 8 1 18 1 9 0 0 0 0 0 0 0 0 0 0 0 0 0 0 0 1 0 4 6 8 0 2 91 7 2 0 0 0 0 3 0 14 280 50 124 271 181 183 84 121 76 2 0 0 0 0 0 0 0 0 0 0 0 0 0 0 0 0 0 0 0 0 0 0 0 0 0 0 0 0 0 0 0 0 0 0 0 0
0 0 0 1 20 39 0 0 1 0 1 0 0 1 0 0 0 0 0 0 1 0 0 0 0 0 0 0 0 1 0 0 0 0 0 0 0 0 0 0 0 1 2 0 0 0 4 0 2 0 2 0 1 1 1 0 0 5 0 2 0 0 2 1 0 2 0 1 1 0 0 0 1 2 0 0 0 0 0 0 0 0 0 0 0 1 0 0 0 0 0 0 20 29 7 32 154 0 0 0 0 0 0 107 112 118 1 0 7 19 0 35 11 0 0 0 0 0 0 0 0 0 0 0 0 0 0 0 0 0 0 0 0 0 0 0 0 0 0 0 0 0 0 0 0 0 0 0 0 0
0 0 0 0 0 0 0 0 4 1 1 0 0 0 0 0 0 0 1 4 1 0 0 0 0 0 0 0 0 0 0 3 0 0 0 0 0 0 0 0 0 0 1 0 0 0 2 2 7 3 0 0 0 1 1 0 0 0 5 2 2 0 1 0 0 0 0 0 0 0 1 1 6 0 0 0 0 0 0 0 0 0 0 0 0 0 0 0 0 0 0 9 57 5 21 113 231 0 0 0 0 0 0 4 2 0 0 0 0 0 27 51 0 0 0 0 0 0 0 0 0 0 0 0 0 0 0 0 0 0 0 0 0 0 0 0 0 0 0 0 0 0 4 2 3 0 0 0 0 0
0 0 0 0 1 0 0 0 1 16 0 0 3 0 2 0 0 0 0 0 0 0 0 0 0 0 0 0 0 0 0 0 1 0 0 0 0 0 0 0 0 0 0 0 0 1 0 0 0 0 4 0 0 1 0 0 0 0 0 3 4 1 0 0 0 0 0 0 0 0 0 0 2 0 0 0 0 0 0 0 0 0 0 0 0 0 0 0 26 2 12 34 125 69 25 0 6 1 0 0 0 0 0 1 3 0 0 2 0 69 258 6 2 0 0 0 0 0 0 0 0 0 0 0 0 0 0 0 0 0 0 0 0 0 0 0 0 0 0 0 0 0 0 8 0 0 0 0 0 0
0 1 0 0 1 0 0 0 0 0 0 0 0 0 3 1 0 0 0 0 0 0 0 0 0 0 0 0 0 0 0 0 0 0 0 0 0 0 0 0 0 0 0 0 0 0 0 0 0 0 4 2 3 0 0 0 0 0 0 3 0 0 0 0 0 0 0 0 0 0 0 0 0 0 0 0 0 0 0 0 0 0 0 0 0 0 0 0 0 1 8 58 280 0 0 4 1 0 0 0 0 0 0 1 0 0 0 7 10 19 57 2 0 0 0 0 0 0 0 0 0 0 0 0 0 0 0 0 0 1 0 0 0 0 0 0 0 0 0 0 0 0 0 0 0 0 0 0 0 0
0 0 0 0 0 0 0 0 0 0 0 0 2 0 0 0 0 0 0 0 0 0 0 0 0 0 0 0 0 0 0 0 0 0 0 0 0 0 0 0 0 0 1 0 0 0 0 0 0 0 3 5 1 0 0 0 0 1 0 2 3 1 0 0 0 0 0 0 0 0 1 39 2 0 0 0 0 0 0 0 0 0 0 0 0 0 0 0 0 0 28 13 4 13 20 2 0 0 0 0 0 0 0 0 0 0 0 0 0 0 0 0 0 0 0 0 0 0 0 0 0 0 0 0 0 0 0 0 0 0 0 0 0 0 0 0 0 0 0 0 0 0 0 0 0 0 0 0 0 0
0 0 0 0 0 0 0 0 0 0 0 0 0 0 0 0 0 0 0 0 0 1 8 28 0 0 0 0 0 0 0 0 0 0 0 0 0 0 0 0 0 0 0 0 0 0 0 0 0 0 0 7 1 0 0 1 0 1 0 0 0 3 19 0 0 0 0 0 0 0 0 2 10 0 1 0 0 0 0 0 0 0 0 0 0 0 0 0 0 10 21 27 18 31 79 4 0 0 0 0 0 0 0 0 0 0 0 0 0 0 0 0 0 0 0 0 0 0 0 0 0 0 0 0 0 0 0 0 0 0 0 0 0 0 0 0 0 0 0 0 0 0 0 0 0 0 0 0 0 0
0 0 0 0 0 0 0 0 0 0 0 0 0 0 0 0 2 0 0 0 0 2 0 3 1 0 0 0 0 1 0 0 0 0 0 0 0 6 0 0 0 0 0 0 0 0 0 0 0 0 0 27 16 1 3 1 0 0 1 0 0 15 37 0 0 0 0 0 0 0 0 0 0 0 4 0 0 0 0 0 0 0 0 0 0 0 0 0 0 0 13 16 0 47 54 13 0 0 0 0 0 0 0 0 0 0 0 0 0 0 0 0 0 0 0 0 0 0 0 0 0 0 0 0 0 0 0 0 0 0 0 0 0 0 0 0 0 0 0 0 0 0 0 0 0 0 0 0 0 0
0 0 0 0 0 0 0 0 0 3 0 0 3 1 0 0 0 0 0 0 0 0 0 0 1 0 0 2 0 0 0 0 0 0 0 0 0 0 0 0 0 0 0 0 0 0 0 0 0 1 1 25 135 10 22 9 0 0 0 0 0 9 0 0 0 0 0 0 0 0 0 0 0 0 1 0 0 0 0 0 0 0 0 0 0 0 0 0 0 0 0 10 15 14 10 5 0 0 0 0 0 0 0 0 0 0 0 0 0 0 0 0 0 0 0 0 0 0 0 0 0 0 0 0 0 0 0 0 0 0 0 0 0 0 0 0 0 0 0 0 0 0 0 0 0 0 0 0 0 0
0 0 0 0 0 0 0 0 0 0 0 2 3 4 0 5 0 1 8 0 0 0 0 0 0 2 0 0 0 0 0 0 0 0 0 0 0 0 0 0 1 0 0 0 0 0 0 0 3 5 0 10 66 3 27 0 0 0 0 0 0 6 4 0 0 0 0 0 0 0 0 0 0 0 0 0 0 0 0 0 0 0 0 0 0 0 0 2 0 0 0 3 3 9 4 3 8 1 0 2 0 0 0 0 0 0 0 0 0 0 0 0 0 0 0 0 0 0 0 0 0 0 0 0 0 0 0 0 0 0 0 0 0 0 0 0 0 0 0 0 0 0 0 0 0 0 0 0 0 0
0 0 0 0 0 0 0 0 0 3 0 0 0 1 1 0 2 0 2 0 0 0 0 4 0 4 0 0 0 0 0 0 0 0 0 0 0 0 0 0 0 0 0 0 0 0 0 3 0 2 0 5 29 0 0 0 0 0 0 2 10 3 0 2 0 0 0 0 0 0 0 0 0 0 0 0 0 0 0 0 0 0 0 0 0 1 0 0 0 0 0 0 0 0 0 3 13 0 0 0 0 0 0 0 0 0 0 0 0 0 0 0 0 0 0 0 0 0 0 0 0 0 0 0 0 0 0 0 0 0 0 0 0 0 0 0 0 0 0 0 0 0 0 0 0 0 0 0 0 0
0 0 0 0 0 0 0 0 0 0 1 0 0 0 0 0 0 0 0 0 0 0 2 1 1 0 0 0 0 0 0 0 2 2 4 1 0 0 0 0 0 0 0 0 0 0 2 14 0 0 0 0 0 0 0 0 0 0 0 0 3 0 0 0 0 0 0 0 0 0 0 0 0 0 0 0 0 0 0 0 0 0 0 0 0 0 0 0 0 0 0 0 0 0 0 8 21 9 0 0 1 0 0 0 0 0 0 0 0 0 0 0 0 0 0 0 0 0 0 0 0 0 0 0 0 0 0 0 0 0 0 0 0 0 0 0 0 0 0 0 0 0 0 0 3 7 0 0 0 0
0 0 0 0 0 0 0 0 0 0 0 0 0 0 0 0 0 0 0 1 0 1 0 0 0 2 0 0 0 0 0 0 0 0 0 0 0 0 0 0 0 0 0 0 0 2 0 0 0 0 0 0 0 0 0 0 0 0 0 1 1 2 0 0 0 0 0 0 0 0 0 10 2 0 0 0 0 0 0 0 0 0 0 0 0 0 0 0 0 0 0 0 0 0 4 2 3 4 0 1 13 1 0 0 0 0 0 0 0 0 0 0 0 0 0 0 0 0 0 0 0 0 0 0 0 0 0 0 0 0 0 0 0 0 0 0 0 0 0 0 0 0 0 0 0 0 0 0 0 0
0 0 0 1 0 0 0 0 0 0 0 2 0 0 0 0 2 0 0 0 0 0 0 0 0 0 0 0 0 0 0 0 0 0 0 0 0 0 0 0 0 0 0 0 0 0 0 0 0 0 0 0 0 0 0 0 0 0 0 0 1 0 0 0 0 0 0 0 0 0 27 493 0 0 0 0 0 0 0 0 0 0 0 0 0 0 0 0 0 0 0 0 0 0 12 0 0 0 0 0 0 1 0 0 0 0 0 0 0 0 0 0 0 0 0 0 0 0 0 0 0 0 0 0 0 0 0 0 0 0 0 0 0 0 0 0 0 0 0 0 0 0 0 0 0 0 0 0 0 0
0 0 0 0 0 0 0 0 0 1 4 1 4 0 0 1 4 0 0 0 0 0 0 0 0 0 0 0 0 0 0 0 0 0 0 0 0 0 0 0 0 0 0 3 1 0 0 0 0 0 0 0 0 0 0 0 0 0 0 0 2 0 0 0 0 0 0 0 0 0 18 1 0 0 0 0 0 0 0 0 0 0 0 0 0 0 0 0 0 0 0 0 0 0 1 5 6 0 0 0 0 0 0 0 0 0 0 0 0 0 0 0 0 0 0 0 0 0 0 0 0 0 0 0 0 0 0 0 0 0 0 0 0 0 0 0 0 0 0 0 0 0 0 0 0 0 0 0 0 0
0 0 0 0 0 0 1 1 0 3 0 0 6 0 1 1 9 0 0 0 0 0 0 0 0 0 0 0 0 0 0 0 0 0 0 0 0 1 0 0 0 0 0 0 3 0 0 1 0 0 0 0 0 0 0 0 0 0 0 5 1 0 0 0 0 0 0 0 7 0 0 0 0 0 0 0 0 0 0 0 0 0 0 0 0 0 0 0 0 0 0 0 0 0 0 0 1 12 2 1 0 0 0 0 0 0 0 0 0 0 0 0 0 0 0 0 0 0 0 0 0 0 0 0 0 0 0 0 0 0 0 0 0 0 0 0 0 0 0 0 0 0 0 0 0 0 0 0 0 0
0 0 0 0 0 0 0 0 1 0 0 0 2 0 0 0 0 2 1 0 0 0 0 0 0 0 0 0 0 0 0 0 0 0 0 1 2 1 0 1 0 0 3 1 0 0 0 0 0 0 0 0 0 0 0 0 0 0 0 0 3 3 0 0 0 0 0 2 43 20 2 0 0 0 0 0 0 0 0 0 0 0 0 0 0 0 0 0 0 0 0 0 0 0 0 0 2 0 0 0 0 0 0 0 0 0 0 0 0 0 0 0 0 0 0 0 0 0 0 0 0 0 0 0 0 0 0 0 0 0 0 0 0 0 0 0 0 0 0 0 0 0 0 0 0 0 0 0 0 0
0 1 1 0 0 0 0 0 0 0 1 0 54 10 0 7 22 1 1 7 0 1 0 22 16 2 0 0 0 0 0 0 0 0 0 0 6 3 0 2 0 0 4 0 0 0 0 0 0 0 0 0 0 0 0 0 0 0 0 0 0 1 0 0 73 32 10 0 0 0 0 0 0 0 0 0 0 0 0 0 0 0 0 0 0 0 0 0 0 0 0 0 0 0 0 0 0 0 0 0 0 0 0 0 0 0 0 0 0 0 0 0 0 0 0 0 0 0 0 0 0 0 0 0 0 0 0 0 0 0 0 0 0 0 0 0 0 0 0 0 0 0 0 0 0 0 0 0 0 0
0 49 3 1 0 0 0 0 0 0 0 1 6 0 0 0 1 0 0 0 2 159 34 7 3 0 0 0 0 1 0 0 0 2 2 11 21 0 0 3 0 6 1 0 0 0 0 0 0 0 0 0 0 0 0 0 0 0 0 0 0 0 0 0 10 9 0 0 0 0 0 0 0 0 0 0 0 0 0 0 0 0 0 0 0 0 0 0 0 0 0 0 0 0 0 0 0 0 0 0 0 0 0 0 0 0 0 0 0 0 0 0 0 0 0 0 0 0 0 0 0 0 0 0 0 0 0 0 0 0 0 0 0 0 0 0 0 0 0 0 0 0 0 0 0 0 0 0 0 0
14 5 2 0 1 0 0 0 0 0 0 0 1 0 0 1 1 0 0 1 3 82 14 2 3 1 0 0 1 16 2 0 0 0 0 0 0 0 0 0 1 9 0 0 0 0 0 0 0 0 0 0 0 0 0 0 0 0 0 0 0 0 0 0 1 0 0 0 0 0 0 0 0 0 0 0 0 0 0 0 0 0 0 0 0 0 0 0 0 5 0 0 0 0 0 0 0 0 0 0 0 0 0 0 0 0 0 0 0 0 0 0 0 0 0 0 0 0 0 0 0 0 0 0 0 0 0 0 0 0 0 0 0 0 0 0 0 0 0 0 0 0 0 0 0 0 0 0 0 0
0 0 0 0 0 0 0 0 0 0 0 3 1 0 0 0 0 0 0 1 0 1 3 4 1 7 4 0 2 1 0 0 0 0 2 2 1 1 0 0 0 1 0 0 0 0 0 0 0 0 0 0 0 0 0 0 0 0 0 0 0 0 0 0 0 0 0 0 0 0 0 0 0 0 0 0 0 0 0 0 0 0 0 0 0 0 0 0 0 0 0 0 0 0 0 0 0 0 0 0 0 0 0 0 0 0 0 0 0 0 0 0 0 0 0 0 0 0 0 0 0 0 0 0 0 0 0 0 0 0 0 0 0 0 0 0 0 0 0 0 0 0 0 0 0 0 0 0 0 0
0 0 0 0 0 0 0 0 0 0 0 0 0 1 0 0 0 0 0 0 0 0 0 3 2 4 2 2 25 4 3 1 0 7 2 1 0 0 0 0 0 0 0 0 0 0 0 0 0 0 0 0 0 0 0 0 0 0 0 0 0 0 0 0 0 0 0 0 0 0 0 0 0 0 0 0 0 0 0 0 0 0 0 0 0 0 0 0 0 0 0 0 0 0 0 0 0 0 0 0 0 0 0 0 0 0 0 0 0 0 0 0 0 0 0 0 0 0 0 0 0 0 0 0 0 0 0 0 0 0 0 0 0 0 0 0 0 0 0 0 0 0 0 0 0 0 0 0 0 0
0 0 0 0 0 0 0 0 0 0 0 0 0 0 0 0 0 0 0 0 1 0 0 0 1 0 2 2 117 35 0 0 2 17 0 0 4 0 0 0 0 0 0 0 0 0 0 0 0 0 0 0 0 0 0 0 0 0 0 0 0 0 0 0 0 0 0 0 0 0 0 0 0 0 0 0 0 0 0 0 0 0 0 0 0 0 0 0 0 0 0 0 0 0 0 0 0 0 0 0 0 0 0 0 0 0 0 0 0 0 0 0 0 0 0 0 0 0 0 0 0 0 0 0 0 0 0 0 0 0 0 0 0 0 0 0 0 0 0 0 0 0 0 0 0 0 0 0 0 0
0 0 0 0 0 0 0 0 0 0 0 0 0 0 0 0 0 0 0 0 0 0 0 0 0 2 2 1 0 1 4 0 3 1 0 2 6 0 0 0 0 0 0 0 0 0 0 0 0 0 0 0 0 0 0 0 0 0 0 0 0 0 0 0 0 0 0 0 0 0 0 0 0 0 0 0 0 0 0 0 0 0 0 0 0 0 0 0 0 0 0 0 0 0 0 0 0 0 0 0 0 0 0 0 0 0 0 0 0 0 0 0 0 0 0 0 0 0 0 0 0 0 0 0 0 0 0 0 0 0 0 0 0 0 0 0 0 0 0 0 0 0 0 0 0 0 0 0 0 0
0 0 0 0 0 0 0 0 0 0 0 0 0 0 0 0 0 0 0 0 0 0 0 0 4 2 14 0 0 0 7 0 1 2 0 0 1 1 0 0 0 0 0 0 0 0 0 0 0 0 0 0 0 0 0 0 0 0 0 0 0 0 0 0 0 0 0 0 0 0 0 0 0 0 0 0 0 0 0 0 0 0 0 0 0 0 0 0 0 0 0 0 0 0 0 0 0 0 0 0 0 0 0 0 0 0 0 0 0 0 0 0 0 0 0 0 0 0 0 0 0 0 0 0 0 0 0 0 0 0 0 0 0 0 0 0 0 0 0 0 0 0 0 0 0 0 0 0 0 0
0 0 0 0 0 0 0 0 0 0 0 0 4 1 0 0 0 0 0 0 0 0 0 0 0 0 0 0 0 0 1 0 2 0 0 0 0 6 0 0 0 0 0 0 0 0 0 0 0 0 0 0 0 0 0 0 0 0 0 0 0 0 0 0 0 0 0 0 0 0 0 0 0 0 0 0 0 0 0 0 0 0 0 0 0 0 0 0 0 0 0 0 0 0 0 0 0 0 0 0 0 0 0 0 0 0 0 0 0 0 0 0 0 0 0 0 0 0 0 0 0 0 0 0 0 0 0 0 0 0 0 0 0 0 0 0 0 0 0 0 0 0 0 0 0 0 0 0 0 0
1 0 0 0 0 0 0 0 0 0 0 0 1 0 0 0 0 0 0 0 0 0 0 0 0 0 0 12 4 2 3 0 0 0 1 0 0 0 0 0 0 0 0 0 0 0 0 0 0 0 0 0 0 0 0 0 0 0 0 0 0 0 0 0 0 0 0 0 0 0 0 0 0 0 0 0 0 0 0 0 0 0 0 0 0 0 0 0 0 0 0 0 0 0 0 0 0 0 0 0 0 0 0 0 0 0 0 0 0 0 0 0 0 0 0 0 0 0 0 0 0 0 0 0 0 0 0 0 0 0 0 0 0 0 0 0 0 0 0 0 0 0 0 0 0 0 0 0 0 0
0 0 0 0 0 0 0 0 0 0 0 0 0 0 0 0 0 0 0 0 0 0 0 0 0 0 0 2 1 0 0 0 1 1 0 0 0 0 0 0 0 0 0 0 0 0 0 0 0 0 0 0 0 0 0 0 0 0 0 0 0 0 0 0 0 0 0 0 0 0 0 0 0 0 0 0 0 0 0 0 0 0 0 0 0 0 0 0 0 0 0 0 0 0 0 0 0 0 0 0 0 0 0 0 0 0 0 0 0 0 0 0 0 0 0 0 0 0 0 0 0 0 0 0 0 0 0 0 0 0 0 0 0 0 0 0 0 0 0 0 0 0 0 0 0 0 0 0 0 0
0 0 0 0 0 0 0 0 0 0 5 5 0 0 0 0 0 0 0 0 0 0 0 0 0 0 0 0 0 0 0 0 3 0 0 0 0 0 0 0 0 0 0 0 0 0 0 0 0 0 0 0 0 0 0 0 0 0 0 0 0 0 0 0 0 0 0 0 0 0 0 0 0 0 0 0 0 0 0 0 0 0 0 0 0 0 0 0 0 0 0 0 0 0 0 0 0 0 0 0 0 0 0 0 0 0 0 0 0 0 0 0 0 0 0 0 0 0 0 0 0 0 0 0 0 0 0 0 0 0 0 0 0 0 0 0 0 0 0 0 0 0 0 0 0 0 0 0 0 0
0 0 0 0 0 0 0 0 2 1 0 0 0 0 0 0 0 0 0 0 0 0 0 0 0 0 0 0 0 0 0 0 0 0 0 0 0 0 0 0 0 0 0 0 0 0 0 0 0 0 0 0 0 0 0 0 0 0 0 0 0 0 0 0 0 0 0 0 0 0 0 0 0 0 0 0 0 0 0 0 0 0 0 0 0 0 0 0 0 0 0 0 0 0 0 0 0 0 0 0 0 0 0 0 0 0 0 0 0 0 0 0 0 0 0 0 0 0 0 0 0 0 0 0 0 0 0 0 0 0 0 0 0 0 0 0 0 0 0 0 0 0 0 0 0 0 0 0 0 0
0 0 0 0 0 0 0 0 0 0 0 0 0 0 0 0 0 0 0 0 0 0 0 0 0 0 0 0 0 0 0 0 0 0 0 0 0 0 0 0 0 0 0 0 0 0 0 0 0 0 0 1 0 0 0 0 0 0 0 0 0 0 0 0 0 0 0 0 0 0 0 0 0 0 0 0 0 0 0 0 0 0 0 0 0 0 0 0 0 0 0 0 0 0 0 0 0 0 0 0 0 0 0 0 0 0 0 0 0 0 0 0 0 0 0 0 0 0 0 0 0 0 0 0 0 0 0 0 0 0 0 0 0 0 0 0 0 0 0 0 0 0 0 0 0 0 0 0 0 0
0 0 0 1 0 0 0 0 2 12 0 0 0 0 0 0 0 0 0 0 0 0 0 0 0 0 0 0 0 0 0 0 0 0 0 0 0 0 0 0 0 0 0 0 0 0 0 0 0 1 1 0 0 0 0 0 0 0 0 0 0 0 0 0 0 0 0 0 0 0 0 0 0 0 0 0 0 0 0 0 0 0 0 0 0 0 0 0 0 0 0 0 0 0 0 0 0 0 0 0 0 0 0 0 0 0 0 0 0 0 0 0 0 0 0 0 0 0 0 0 0 0 0 0 0 0 0 0 0 0 0 0 0 0 0 0 0 0 0 0 0 0 0 0 0 0 0 0 0 0
0 0 0 0 0 0 9 10 2 0 0 0 0 0 0 0 0 0 0 0 0 0 0 0 0 0 0 0 0 0 0 0 0 0 0 0 0 0 0 0 0 0 0 0 0 0 0 0 0 25 61 0 0 0 0 0 0 0 0 0 0 0 0 0 0 0 0 0 0 0 0 0 0 0 0 0 0 0 0 0 0 0 0 0 0 0 0 0 0 0 0 0 0 0 0 0 0 0 0 0 0 0 0 0 0 0 0 0 0 0 0 0 0 0 0 0 0 0 0 0 0 0 0 0 0 0 0 0 0 0 0 0 0 0 0 0 0 0 0 0 0 0 0 0 0 0 0 0 0 0
12 0 0 0 0 0 5 18 0 0 0 0 0 0 0 0 0 0 0 0 0 0 0 0 0 0 0 0 0 0 0 0 0 0 0 0 0 0 0 0 0 0 0 0 0 0 0 0 0 0 0 0 0 0 0 0 0 0 0 0 0 0 0 0 0 0 0 0 0 0 0 0 0 0 0 0 0 0 0 0 0 0 0 0 0 0 0 0 0 0 0 0 0 0 0 0 0 0 0 0 0 0 0 0 0 0 0 0 0 0 0 0 0 0 0 0 0 0 0 0 0 0 0 0 0 0 0 0 0 0 0 0 0 0 0 0 0 0 0 0 0 0 0 0 0 0 0 0 0 0
0 0 0 0 0 0 0 0 0 0 0 0 0 0 0 0 0 0 0 0 0 0 0 0 0 0 0 0 0 0 0 0 0 0 0 0 0 0 0 0 0 0 0 0 0 0 0 0 4 0 0 0 10 25 0 0 0 0 0 0 0 0 0 0 0 0 0 0 0 0 0 0 0 0 0 0 0 0 0 0 0 0 0 0 0 0 0 0 0 0 0 0 0 0 0 0 0 0 0 0 0 0 0 0 0 0 0 0 0 0 0 0 0 0 0 0 0 0 0 0 0 0 0 0 0 0 0 0 0 0 0 0 0 0 0 0 0 0 0 0 0 0 0 0 0 0 0 0 0 0
0 0 0 0 0 0 0 0 0 0 0 0 0 0 0 0 0 0 0 0 0 0 0 0 0 0 0 0 0 0 0 0 0 0 0 0 0 0 0 0 0 0 0 0 0 0 0 0 0 0 0 0 1 0 0 0 0 0 0 0 0 0 0 0 0 0 0 0 0 0 0 0 0 0 0 0 0 0 0 0 0 0 0 0 0 0 0 0 0 0 0 0 0 0 0 0 0 0 0 0 0 0 0 0 0 0 0 0 0 0 0 0 0 0 0 0 0 0 0 0 0 0 0 0 0 0 0 0 0 0 0 0 0 0 0 0 0 0 0 0 0 0 0 0 0 0 0 0 0 0
0 0 0 0 0 0 0 0 0 0 0 0 0 0 0 0 0 0 0 0 0 0 0 0 0 0 0 0 0 0 0 0 0 0 0 0 0 8 0 0 0 0 0 0 0 0 0 0 1 0 0 1 0 0 0 0 0 0 0 0 0 0 0 0 0 0 0 0 0 0 0 0 0 0 0 0 0 0 0 0 0 0 0 0 0 0 0 0 0 0 0 0 0 0 0 0 0 0 0 0 0 0 0 0 0 0 0 0 0 0 0 0 0 0 0 0 0 0 0 0 0 0 0 0 0 0 0 0 0 0 0 0 0 0 0 0 0 0 0 0 0 0 0 0 0 0 0 0 0 0
0 0 0 0 0 0 0 0 0 0 0 0 0 0 0 0 0 0 0 0 0 0 0 0 0 0 0 0 0 0 0 2 1 0 0 0 0 0 0 0 0 0 0 0 0 0 0 0 0 0 0 0 0 0 0 0 0 0 0 0 0 0 0 0 0 0 0 0 0 0 0 0 0 0 0 0 0 0 0 0 0 0 0 0 0 0 0 0 0 0 0 0 0 0 0 0 0 0 0 0 0 0 0 0 0 0 0 0 0 0 0 0 0 0 0 0 0 0 0 0 0 0 0 0 0 0 0 0 0 0 0 0 0 0 0 0 0 0 0 0 0 0 0 0 0 0 0 0 0 0
0 0 0 0 0 0 0 0 0 0 0 0 0 0 0 0 0 0 0 0 0 0 0 0 0 0 0 0 0 0 1 0 0 0 0 0 0 0 0 0 0 0 0 0 0 0 0 0 0 0 0 0 0 0 0 0 0 0 0 0 0 0 0 0 0 0 0 0 0 0 0 0 0 0 0 0 0 0 0 0 0 0 0 0 0 0 0 0 0 0 0 0 0 0 0 0 0 0 0 0 0 0 0 0 0 0 0 0 0 0 0 0 0 0 0 0 0 0 0 0 0 0 0 0 0 0 0 0 0 0 0 0 0 0 0 0 0 0 0 0 0 0 0 0 0 0 0 0 0 0
0 0 0 0 0 0 0 0 0 0 0 0 0 0 0 0 0 0 0 0 0 0 0 0 0 0 0 0 0 0 10 21 4 0 0 0 0 0 0 0 0 0 0 0 0 0 0 0 0 0 0 0 0 0 0 0 0 0 0 0 0 0 0 0 0 0 0 0 0 0 0 0 0 0 0 0 0 0 0 0 0 0 0 0 0 0 0 0 0 0 0 0 0 0 0 0 0 0 0 0 0 0 0 0 0 0 0 0 0 0 0 0 0 0 0 0 0 0 0 0 0 0 0 0 0 0 0 0 0 0 0 0 0 0 0 0 0 0 0 0 0 0 0 0 0 0 0 0 0 0
0 0 0 0 0 0 0 0 0 0 0 0 0 0 0 0 0 0 0 0 0 0 0 0 0 0 0 0 0 0 0 3 0 0 0 0 1 0 0 0 0 0 0 0 0 0 0 0 0 0 0 0 0 0 0 0 0 0 0 0 0 0 0 0 0 0 0 0 0 0 0 0 0 0 0 0 0 0 0 0 0 0 0 0 0 0 0 0 0 0 0 0 0 0 0 0 0 0 0 0 0 0 0 0 0 0 0 0 0 0 0 0 0 0 0 0 0 0 0 0 0 0 0 0 0 0 0 0 0 0 0 0 0 0 0 0 0 0 0 0 0 0 0 0 0 0 0 0 0 0
0 0 0 0 0 0 0 0 0 0 0 0 0 0 0 0 0 0 0 0 0 0 0 0 0 0 1 0 0 1 0 0 0 0 0 1 0 0 0 0 0 0 0 0 0 0 0 0 0 0 0 0 0 0 0 0 0 0 0 0 0 0 0 0 0 0 0 0 0 0 0 0 0 0 0 0 0 0 0 0 0 0 0 0 0 0 0 0 0 0 0 0 0 0 0 0 0 0 0 0 0 0 0 0 0 0 0 0 0 0 0 0 0 0 0 0 0 0 0 0 0 0 0 0 0 0 0 0 0 0 0 0 0 0 0 0 0 0 0 0 0 0 0 0 0 0 0 0 0 0
0 0 0 0 0 0 0 0 0 0 0 0 0 0 0 0 0 0 0 0 0 0 0 0 0 0 0 0 0 45 56 0 0 0 0 0 0 0 0 0 0 0 0 0 0 0 0 0 0 0 0 0 0 0 0 0 0 0 0 0 0 0 0 0 0 0 0 0 0 0 0 0 0 0 0 0 0 0 0 0 0 0 0 0 0 0 0 0 0 0 0 0 0 0 0 0 0 0 0 0 0 0 0 0 0 0 0 0 0 0 0 0 0 0 0 0 0 0 0 0 0 0 0 0 0 0 0 0 0 0 0 0 0 0 0 0 0 0 0 0 0 0 0 0 0 0 0 0 0 0
0 0 0 0 0 0 0 0 0 0 0 0 0 0 0 0 0 0 0 0 0 0 0 0 0 0 0 0 0 0 0 0 0 0 0 0 0 0 0 0 0 0 0 0 0 0 0 0 1 34 0 0 0 0 0 0 0 0 0 0 0 0 0 0 0 0 0 0 0 0 0 0 0 0 0 0 0 0 0 0 0 0 0 0 0 0 0 0 0 0 0 0 0 0 0 0 0 0 0 0 0 0 0 0 0 0 0 0 0 0 0 0 0 0 0 0 0 0 0 0 0 0 0 0 0 0 0 0 0 0 0 0 0 0 0 0 0 0 0 0 0 0 0 0 0 0 0 0 0 0
0 0 0 0 0 0 0 0 0 0 0 0 0 0 0 0 0 0 0 0 0 0 0 0 0 0 6 0 0 0 0 0 0 0 0 0 0 0 0 0 0 0 0 0 0 0 0 1 3 0 0 0 0 0 0 0 0 0 0 0 0 0 0 0 0 0 0 0 0 0 0 0 0 0 0 0 0 0 0 0 0 0 0 0 0 0 0 0 0 0 0 0 0 0 0 0 0 0 0 0 0 0 0 0 0 0 0 0 0 0 0 0 0 0 0 0 0 0 0 0 0 0 0 0 0 0 0 0 0 0 0 0 0 0 0 0 0 0 0 0 0 0 0 0 0 0 0 0 0 0
0 0 0 0 0 0 0 0 0 0 0 0 0 0 0 0 0 0 0 0 0 0 0 0 0 0 0 0 5 0 0 0 0 0 0 0 0 0 0 0 0 0 0 0 0 0 0 0 0 0 0 0 0 0 0 0 0 0 0 0 0 0 0 0 0 0 0 0 0 0 0 0 0 0 0 0 0 0 0 0 0 0 0 0 0 0 0 0 0 0 0 0 0 0 0 0 0 0 0 0 0 0 0 0 0 0 0 0 0 0 0 0 0 0 0 0 0 0 0 0 0 0 0 0 0 0 0 0 0 0 0 0 0 0 0 0 0 0 0 0 0 0 0 0 0 0 0 0 0 0
0 0 0 0 0 0 0 0 0 0 0 0 0 0 0 0 0 0 0 0 0 0 0 0 0 0 0 0 0 0 0 0 0 0 0 0 0 0 0 0 0 0 0 0 0 0 0 0 0 0 0 0 0 0 0 0 0 0 0 0 0 0 0 0 0 0 0 0 0 0 0 0 0 0 0 0 0 0 0 0 0 0 0 0 0 0 0 0 0 0 0 0 0 0 0 0 0 0 0 0 0 0 0 0 0 0 0 0 0 0 0 0 0 0 0 0 0 0 0 0 0 0 0 0 0 0 0 0 0 0 0 0 0 0 0 0 0 0 0 0 0 0 0 0 0 0 0 0 0 0
0 0 0 0 0 0 0 0 0 0 0 0 0 0 0 0 0 0 0 0 0 0 0 0 0 0 0 0 0 0 0 0 0 0 0 0 0 0 0 0 0 0 0 0 0 0 0 0 0 0 1 0 0 0 0 0 0 0 0 0 0 0 0 0 0 0 0 0 0 0 0 0 0 0 0 0 0 0 0 0 0 0 0 0 0 0 0 0 0 0 0 0 0 0 0 0 0 0 0 0 0 0 0 0 0 0 0 0 0 0 0 0 0 0 0 0 0 0 0 0 0 0 0 0 0 0 0 0 0 0 0 0 0 0 0 0 0 0 0 0 0 0 0 0 0 0 0 0 0 0
0 0 0 0 0 0 0 0 0 0 0 0 0 0 0 0 0 0 0 0 0 0 0 0 0 0 0 0 0 0 0 0 0 0 0 0 0 0 0 0 0 0 0 0 0 0 0 0 0 0 0 0 0 0 0 0 0 0 0 0 0 0 0 0 0 0 0 0 0 0 0 0 0 0 0 0 0 0 0 0 0 0 0 0 0 0 0 0 0 0 0 0 0 0 0 0 0 0 0 0 0 0 0 0 0 0 0 0 0 0 0 0 0 0 0 0 0 0 0 0 0 0 0 0 0 0 0 0 0 0 0 0 0 0 0 0 0 0 0 0 0 0 0 0 0 0 0 0 0 0
0 0 0 0 0 0 0 0 0 0 0 0 0 0 0 0 0 0 0 0 0 0 0 0 0 0 0 0 0 0 0 0 0 0 0 0 0 0 0 0 0 0 0 0 0 0 0 0 0 0 0 0 0 0 0 0 0 0 0 0 0 0 0 0 0 0 0 0 0 0 0 0 0 0 0 0 0 0 0 0 0 0 0 0 0 0 0 0 0 0 0 0 0 0 0 0 0 0 0 0 0 0 0 0 0 0 0 0 0 0 0 0 0 0 0 0 0 0 0 0 0 0 0 0 0 0 0 0 0 0 0 0 0 0 0 0 0 0 0 0 0 0 0 0 0 0 0 0 0 0
0 0 0 0 0 0 0 0 0 0 0 0 0 0 0 0 0 0 0 0 0 0 0 0 0 0 0 0 0 0 0 0 0 0 0 0 0 0 0 0 0 0 0 0 0 0 0 0 0 0 0 0 0 0 0 0 0 0 0 0 0 0 0 0 0 0 0 0 0 0 0 0 0 0 0 0 0 0 0 0 0 0 0 0 0 0 0 0 0 0 0 0 0 0 0 0 0 0 0 0 0 0 0 0 0 0 0 0 0 0 0 0 0 0 0 0 0 0 0 0 0 0 0 0 0 0 0 0 0 0 0 0 0 0 0 0 0 0 0 0 0 0 0 0 0 0 0 0 0 0
