0 0 19 4 0 1 6 0 11 83 3 6 0 6 0 0 0 3 5 0 4 0 0 0 1 15 0 0 0 0 0 0 0 4 21 1 0 0 0 4 1 0 0 1 3 0 0 0 0 0 0 0 0 1 3 2 0 0 0 5 45 31 3 3 1 3 11 0 0 1 3 7 24 195 118 312 246 43 65 9 33 239 123 41 110 193 181 173 36 245 975 705 77 586 380 618 980 1041 879 172 267 118 24 65 31 57 92 519 259 31 19 1 14 107 85 32 44 28 3 1 7 46 23 6 2 21 1 9 22 17 3 29 2 6 2 2 2 1 0 0 1 0 0 0 0 0 0 0 1 38
1 3 9 4 2 0 0 0 0 34 8 8 9 4 0 0 0 4 9 0 0 4 15 1 11 54 3 1 0 0 0 0 0 0 0 3 0 0 4 5 0 0 0 0 0 0 0 0 0 0 0 0 1 4 10 0 0 0 0 48 124 25 8 8 16 1 1 1 4 0 0 12 52 52 37 8 43 123 10 38 107 76 16 5 114 230 325 121 244 370 100 50 348 329 300 602 903 681 1140 1059 306 60 53 50 11 10 2 27 41 9 15 18 1 26 69 23 10 33 0 13 1 10 17 7 3 14 5 2 10 29 16 8 66 54 1 1 0 1 4 90 6 0 0 0 0 0 0 0 0 0
0 1 0 2 9 0 0 0 1 6 16 0 9 6 0 0 0 4 1 1 4 6 75 17 27 0 1 16 0 0 0 0 0 0 0 4 1 2 0 16 1 0 0 5 0 0 0 0 0 0 0 0 0 0 13 0 6 1 1 10 8 4 15 11 0 0 1 0 0 1 0 5 8 0 0 0 4 91 165 205 69 61 6 24 61 236 495 179 2 14 135 39 105 624 675 796 349 401 397 560 697 436 20 65 46 7 7 32 212 166 137 23 3 6 10 10 19 286 22 11 102 25 9 7 4 3 3 9 0 23 4 5 304 176 0 0 5 0 6 63 3 2 0 0 0 0 0 0 0 0
35 8 0 0 0 0 0 0 0 2 5 2 0 0 1 5 1 0 5 1 0 1 5 18 7 0 1 13 15 0 1 0 0 0 0 1 0 0 0 6 9 0 0 2 0 0 0 0 0 0 5 0 0 2 68 46 3 15 61 6 1 2 4 15 0 0 0 0 0 0 4 116 21 1 1 4 21 115 322 574 118 119 64 159 106 33 119 144 6 170 1349 1099 984 704 703 423 194 249 720 575 714 829 181 13 34 154 54 26 323 116 34 24 41 11 0 5 18 237 87 38 49 90 26 9 0 3 3 0 21 1 2 23 25 1 40 15 16 4 2 57 51 2 0 0 0 1 0 0 0 0
9 11 0 0 0 0 0 0 1 5 1 1 0 0 0 8 12 4 1 0 1 3 4 0 1 1 1 0 0 0 1 0 1 0 4 10 8 0 0 0 2 0 0 0 0 0 0 0 0 5 2 0 0 3 44 201 45 53 0 0 1 1 0 14 0 0 0 0 0 16 143 68 155 165 43 61 85 213 306 335 390 344 302 65 170 145 55 95 37 311 1209 1897 457 988 475 300 126 699 594 701 1077 1139 714 513 429 369 57 64 15 19 17 25 15 79 6 1 12 111 94 60 242 735 193 88 6 1 2 1 5 6 3 1 0 0 12 2 0 1 0 1 58 5 0 0 0 0 0 0 0 0
10 6 0 0 2 0 0 0 1 0 2 0 0 0 0 10 0 3 10 94 5 4 2 0 0 0 0 0 1 3 6 3 0 0 6 95 48 26 0 0 0 0 0 0 0 0 0 0 0 6 54 16 0 3 4 73 52 16 32 2 3 0 6 4 0 0 0 0 7 84 71 222 153 140 167 92 47 63 81 495 1102 754 416 59 1 140 119 39 17 252 1341 1046 202 474 737 476 133 1377 582 512 535 525 1170 635 39 172 21 52 6 12 7 8 18 53 13 13 47 6 1 20 270 227 8 10 5 6 2 3 6 0 1 2 0 0 0 0 6 0 1 0 7 12 1 0 0 0 0 0 0 0
2 0 0 0 0 0 0 0 0 31 8 0 0 1 1 1 0 3 0 0 0 1 0 0 0 0 0 0 0 1 1 1 1 0 4 8 6 1 2 0 0 0 0 0 0 0 0 0 0 2 1 1 4 7 2 39 7 0 52 34 2 14 1 0 8 2 0 0 8 59 77 110 237 446 274 164 293 204 509 583 1380 883 993 543 170 43 8 176 61 232 1326 1256 175 636 735 397 274 526 512 64 35 348 179 305 56 86 148 29 34 27 47 202 227 55 75 83 1 3 19 47 125 114 7 3 16 14 7 2 0 0 2 0 0 0 0 0 0 32 0 0 0 0 0 0 0 0 0 0 0 0
4 0 0 0 0 0 0 0 5 0 3 0 0 0 0 0 0 0 0 0 0 0 0 0 0 0 0 0 0 1 11 0 0 0 6 1 0 1 4 6 0 0 0 0 0 0 0 0 0 0 0 0 5 13 0 18 1 22 96 104 86 74 85 2 7 46 0 0 7 90 8 7 37 44 85 71 110 183 483 857 1246 744 1209 187 194 226 273 477 257 85 576 108 102 507 486 445 326 682 800 233 242 437 460 593 210 184 18 42 92 36 308 446 153 144 41 110 4 2 3 44 33 11 4 4 6 2 14 3 6 0 0 0 0 0 0 2 5 0 0 0 0 0 0 0 0 0 0 0 0 0
3 0 0 0 0 0 0 0 2 12 0 7 0 1 5 0 0 0 0 0 0 0 0 0 0 0 0 0 0 0 0 0 0 0 2 0 0 4 3 4 0 0 0 0 0 0 0 0 0 0 0 0 2 4 0 0 3 6 15 50 442 347 27 5 7 36 9 13 3 47 5 4 0 2 3 32 26 52 322 648 1056 1191 942 53 18 17 393 316 266 51 19 32 399 792 1266 1311 136 551 433 340 433 213 127 265 762 212 280 330 53 170 1007 266 207 16 125 32 3 17 4 8 18 6 11 29 9 1 1 4 2 0 6 0 0 0 1 0 0 0 0 0 0 0 0 0 0 0 0 0 0 0
0 0 0 0 0 0 0 1 18 6 0 0 0 1 0 0 0 0 1 0 0 0 0 0 0 0 0 0 0 0 0 0 0 0 0 0 0 2 5 1 1 0 0 0 0 0 0 3 6 1 4 0 25 9 0 1 5 1 0 29 27 158 21 10 3 3 0 1 0 13 0 0 0 0 0 21 24 100 227 583 1517 1164 655 327 906 740 317 245 317 244 73 4 29 535 963 1296 567 170 113 78 57 193 98 3 128 513 303 220 83 21 428 747 293 77 18 263 431 658 172 136 50 21 41 46 78 13 13 3 17 18 71 18 0 0 10 0 2 0 0 0 0 0 0 0 0 0 0 0 0 0
0 5 16 0 0 0 2 0 3 6 0 5 0 0 0 15 1 3 0 0 0 0 0 0 0 0 0 0 0 0 0 0 0 0 0 2 0 0 1 0 0 8 4 4 0 0 2 57 33 19 15 11 11 1 0 0 0 11 29 21 1 147 14 2 0 0 1 0 0 6 0 0 0 0 0 0 78 34 171 280 548 276 669 321 271 380 229 334 648 341 33 2 15 175 483 788 822 49 20 91 27 24 7 20 176 393 851 300 240 188 783 381 210 91 0 161 462 1017 665 265 342 197 256 185 291 424 140 82 118 54 5 106 35 25 25 0 0 0 0 0 0 0 0 0 0 0 0 0 0 0
0 2 4 0 0 0 0 0 7 1 0 0 0 0 0 1 15 2 2 0 1 0 0 0 0 0 0 0 0 0 0 0 0 1 7 1 0 0 0 2 1 20 17 3 1 2 2 2 1 0 0 0 7 2 13 2 3 1 7 24 4 5 0 0 1 4 0 2 2 0 2 0 0 0 0 3 44 16 204 390 535 195 116 106 155 143 31 39 111 476 29 0 0 2 11 88 940 488 335 27 1 9 16 60 42 90 544 309 42 143 420 327 159 289 120 254 618 285 766 893 391 524 256 134 164 208 0 0 0 34 6 0 73 39 40 0 0 0 0 0 0 0 0 0 0 0 0 0 0 0
3 0 3 1 0 0 5 0 4 0 0 0 0 0 0 0 0 21 5 6 1 4 0 1 0 0 0 0 0 0 0 0 0 0 0 0 2 0 0 0 0 9 60 2 27 0 1 27 0 0 0 0 6 3 11 0 0 0 17 30 3 5 4 1 0 9 5 0 0 3 11 0 0 0 1 66 187 77 157 106 122 335 81 7 37 11 4 0 1 12 0 0 8 50 106 19 722 438 690 549 16 22 59 56 49 24 71 315 716 323 989 882 197 817 225 157 76 81 1448 1429 186 263 143 6 42 175 6 0 62 35 0 0 17 6 9 0 0 0 0 0 0 0 0 0 0 0 0 0 0 0
0 0 0 0 0 0 2 6 0 1 0 0 0 0 0 0 0 2 83 16 7 2 0 0 0 0 0 0 0 4 8 4 0 0 0 0 0 0 0 0 0 1 7 79 31 0 0 0 4 0 0 32 4 0 0 0 0 0 18 0 12 6 1 4 0 0 27 35 29 25 54 0 3 0 7 394 624 496 196 33 67 347 74 24 35 173 13 12 3 31 15 2 0 56 8 36 112 589 205 182 0 57 298 123 338 77 170 532 345 781 1702 1868 943 387 357 286 508 419 886 691 319 124 0 6 0 34 21 0 7 3 0 1 0 2 0 0 0 0 0 0 0 0 0 0 0 0 0 0 0 0
0 0 1 0 0 0 0 2 11 1 0 0 0 0 0 0 0 0 3 3 10 0 2 0 1 4 0 0 0 0 0 0 0 0 0 0 0 0 0 0 0 0 0 6 27 0 0 1 1 14 14 77 6 0 3 2 8 8 25 30 97 17 10 9 5 83 86 120 145 113 53 5 14 6 104 814 2101 1335 353 84 0 160 47 5 11 22 58 11 0 28 4 11 5 2 0 7 47 290 234 234 27 55 553 452 1324 1086 2003 1440 1197 1542 1042 969 789 588 750 302 153 149 129 197 203 212 116 28 0 37 55 11 91 19 6 0 0 0 0 0 0 0 0 0 0 0 0 0 0 0 0 0 0 0
0 0 0 0 0 0 2 42 74 2 1 0 0 0 0 1 3 1 1 8 0 19 10 0 0 0 0 0 0 8 0 0 0 0 0 0 0 0 0 0 0 0 0 0 0 21 0 0 0 18 78 89 1 1 0 14 45 122 9 95 16 37 6 50 71 38 107 40 49 92 170 114 234 281 593 775 1684 863 246 23 5 9 0 0 0 0 30 82 15 87 3 13 0 0 4 140 51 29 18 73 14 2 854 653 633 699 1403 496 768 985 1703 1070 1077 372 521 212 52 234 316 207 73 18 270 377 77 107 33 22 6 1 0 0 0 0 37 9 0 0 0 0 0 0 0 0 0 0 0 0 0 0
0 0 0 0 0 0 2 7 4 0 0 0 0 0 0 0 15 6 0 2 4 0 17 37 15 13 2 0 1 0 0 0 0 0 0 0 0 0 0 0 0 0 0 3 0 25 5 3 1 25 31 4 1 11 12 43 95 146 50 27 1 4 0 3 0 3 3 0 0 0 1 0 131 88 344 407 477 509 171 0 0 0 2 1 0 1 0 59 73 7 1 0 40 0 3 18 38 0 20 98 25 191 843 1029 409 276 488 262 464 868 1086 443 1048 599 687 196 67 218 345 17 0 20 76 61 56 436 13 7 6 0 0 0 0 0 0 0 0 0 0 0 0 0 0 0 0 0 0 0 0 0
0 0 0 0 0 4 0 6 0 0 0 0 3 0 0 1 0 3 1 4 0 3 0 1 6 2 10 25 5 3 0 0 1 0 0 0 4 0 0 1 0 0 1 0 1 20 42 6 2 33 38 28 23 73 25 31 76 75 389 16 2 3 1 1 8 11 17 81 2 23 71 11 220 32 70 171 63 184 19 10 0 0 4 3 4 0 0 12 112 0 0 16 107 33 11 2 4 0 69 377 178 125 126 85 114 442 350 217 700 432 127 229 141 215 212 67 106 224 21 7 0 0 3 90 160 994 220 25 0 9 0 0 0 0 0 0 0 0 0 0 0 0 0 0 0 0 0 0 0 0
0 0 2 1 1 4 0 0 0 0 0 0 0 1 0 14 0 0 0 4 2 2 7 0 4 1 53 51 23 0 0 0 0 0 4 49 11 0 0 0 0 2 1 15 10 31 19 13 58 337 112 21 28 16 0 59 130 86 38 31 52 14 4 0 1 31 9 1 1 53 30 14 28 22 3 74 166 31 22 33 44 0 5 29 0 11 13 18 7 2 1 169 76 252 27 1 0 50 233 21 181 273 108 89 109 203 162 454 470 0 0 78 7 570 64 0 18 19 0 0 0 0 2 29 74 260 249 258 28 1 0 0 0 0 0 0 0 0 0 0 0 0 0 0 0 0 0 0 0 0
0 0 0 0 0 1 0 0 0 0 0 0 0 2 6 0 1 0 1 1 1 12 63 3 3 7 5 16 191 6 0 1 3 1 1 0 0 0 0 0 0 0 8 124 8 124 88 10 8 177 54 0 0 6 66 10 20 93 3 0 10 2 0 0 0 22 1 0 5 18 59 18 18 0 1 122 22 3 5 0 9 0 0 4 0 36 20 0 15 10 12 22 4 29 0 25 1 35 10 5 572 710 658 227 87 259 132 287 168 10 0 0 1 242 53 0 0 0 0 0 0 0 0 9 18 9 21 143 22 0 0 0 0 0 0 0 0 0 0 0 0 0 0 0 0 0 0 0 0 0
0 0 0 0 4 0 0 0 0 0 0 0 0 0 1 1 0 0 2 2 0 4 17 2 0 13 3 3 3 2 0 11 7 0 0 0 0 0 0 2 6 8 26 19 16 17 29 56 74 309 292 61 16 27 12 10 7 1 2 0 0 14 12 14 149 118 2 0 8 13 105 36 3 0 12 105 316 93 5 41 6 20 5 7 0 0 7 13 34 22 15 0 0 1 0 0 0 4 255 353 1257 908 410 119 1 31 110 154 0 0 0 0 0 20 0 1 0 0 0 0 0 0 0 7 0 0 58 136 0 0 0 0 0 0 0 0 0 0 0 0 0 0 0 0 0 0 0 0 0 0
0 0 0 0 0 0 0 0 0 0 0 0 0 1 1 2 1 0 0 0 1 2 15 1 2 0 2 0 0 0 14 97 8 1 1 0 0 2 0 0 129 35 0 0 0 0 1 7 198 828 297 215 39 1 0 4 2 5 0 3 7 1 1 0 17 35 43 4 5 58 50 27 58 0 2 16 119 71 54 105 27 35 8 30 17 1 12 74 197 81 24 7 0 11 5 16 5 0 98 316 287 92 42 1 8 37 132 97 11 0 0 0 6 74 0 0 0 0 0 0 0 0 0 0 0 27 86 0 1 10 4 0 0 0 0 0 0 0 0 0 0 0 0 0 0 0 0 0 0 0
0 0 0 0 0 0 0 0 0 0 0 0 0 2 1 0 0 0 0 0 0 4 23 2 3 0 0 0 0 0 0 7 36 14 4 3 14 126 26 17 3 0 0 0 0 0 15 29 25 317 295 126 7 0 0 9 0 5 2 3 2 0 0 0 3 2 21 2 0 5 27 36 56 7 0 1 9 7 37 17 6 45 37 0 1 10 9 0 0 1 4 4 2 3 0 0 7 0 0 8 3 1 9 49 84 76 88 52 77 107 99 10 81 0 0 0 0 0 0 0 0 0 0 5 46 122 83 0 0 0 4 0 0 0 0 0 0 0 0 0 0 0 0 0 0 0 0 0 0 0
0 0 2 0 0 0 0 0 0 0 0 0 0 0 9 0 1 5 0 1 2 1 2 0 0 1 0 0 0 2 1 9 15 11 11 18 20 41 12 0 0 0 0 0 11 94 19 74 5 132 141 32 7 20 5 4 10 32 3 0 0 0 0 0 1 3 3 1 0 0 4 9 122 95 4 1 0 0 0 4 0 7 119 130 4 1 1 0 0 0 0 3 1 1 0 1 0 1 3 15 5 0 6 90 60 27 20 6 14 43 1 306 27 0 0 0 0 0 0 0 0 0 0 23 5 27 37 165 0 0 0 0 0 0 0 0 0 0 0 0 0 0 0 0 0 0 0 0 0 0
1 0 0 0 0 0 0 0 0 0 0 0 0 0 0 0 0 0 0 1 1 0 0 1 0 2 2 0 0 0 0 1 6 20 74 0 1 71 0 0 0 0 0 25 41 32 77 8 1 18 72 34 13 8 45 7 2 6 2 7 0 0 0 0 1 0 0 20 10 3 3 3 8 6 40 14 0 0 0 0 0 1 21 86 14 1 1 0 0 2 1 5 0 1 0 2 1 0 0 11 9 9 4 35 586 0 0 14 0 0 0 20 7 0 0 2 5 0 0 0 0 0 1 0 0 65 87 31 0 0 0 0 0 0 0 0 1 0 0 0 0 0 0 0 0 0 0 0 0 0
0 0 0 0 0 0 0 0 0 0 0 0 0 3 6 0 2 1 1 0 0 5 0 2 0 0 1 3 0 0 0 0 20 25 35 1 0 22 2 1 0 6 0 9 108 13 6 1 13 2 58 5 0 2 0 0 5 0 0 0 1 0 0 1 39 12 0 2 10 3 4 37 1 4 0 8 10 0 0 0 0 1 1 12 0 26 1 3 1 8 0 2 4 3 7 1 3 12 2 10 10 37 18 96 267 222 0 7 0 0 0 2 12 8 17 4 0 0 0 0 0 0 0 0 0 74 36 42 0 4 0 0 0 0 0 0 14 32 0 0 0 0 0 0 0 0 0 0 0 0
0 0 0 0 0 0 0 0 0 0 0 0 0 0 7 0 1 6 2 0 3 9 2 7 0 0 3 12 1 0 0 12 4 6 21 3 0 1 6 11 1 5 3 8 72 15 7 0 1 0 62 30 1 6 0 2 0 4 0 0 0 0 0 1 7 0 0 1 5 2 4 11 1 3 0 0 14 0 0 0 0 0 23 1 7 11 13 11 4 6 13 3 0 0 0 12 1 0 0 2 14 24 8 5 56 253 33 2 0 0 0 0 0 3 6 22 0 0 3 1 0 0 0 0 36 224 8 7 0 1 0 0 0 0 0 0 4 19 0 0 0 0 0 0 0 0 0 0 0 0
0 0 0 0 0 0 0 0 0 0 0 0 0 0 7 0 5 26 9 0 5 70 5 4 0 0 0 2 0 7 13 3 0 41 3 0 0 7 6 14 45 107 10 131 137 12 6 0 4 5 0 49 51 3 0 3 0 0 0 0 0 0 0 0 3 0 0 0 5 32 65 13 7 1 0 0 1 10 0 0 0 0 1 0 3 0 2 5 19 10 4 0 4 1 1 0 0 1 0 1 0 7 21 11 23 756 712 38 3 0 0 0 0 5 2 0 11 187 106 7 0 0 0 29 136 60 82 278 288 11 0 0 0 0 0 8 5 8 0 0 0 0 0 0 0 0 0 0 0 0
0 0 0 0 0 0 0 0 0 2 3 4 4 8 3 8 15 89 1 15 1 3 2 0 0 0 0 11 32 9 2 5 7 3 3 22 7 18 51 140 355 750 415 276 85 29 0 1 7 0 0 0 42 27 4 3 0 0 0 0 0 5 1 0 0 0 4 0 0 4 9 45 2 0 10 12 0 20 3 0 0 2 1 0 10 0 0 0 12 10 5 6 2 2 10 45 19 0 0 0 0 11 11 47 325 470 342 338 23 0 0 0 0 0 0 4 276 92 23 0 0 0 12 89 207 230 1071 609 251 16 0 0 3 27 0 4 0 0 0 0 0 0 0 0 0 0 0 0 3 0
0 0 0 0 0 0 0 2 6 5 14 47 22 0 0 0 4 8 0 1 0 6 12 33 13 16 9 2 1 6 7 0 1 6 39 21 1 5 356 384 657 1218 598 614 59 5 0 7 11 1 3 1 70 114 26 7 0 0 0 0 2 0 0 0 0 0 0 0 1 3 3 5 2 0 0 0 0 11 8 0 0 0 2 3 26 0 0 0 3 8 0 0 11 18 0 25 0 0 0 7 0 1 19 8 5 51 5 182 39 0 0 0 2 0 106 98 496 286 49 44 17 14 13 133 213 95 411 550 610 373 63 122 24 201 7 0 2 0 0 0 0 0 0 0 0 0 0 0 0 0
0 0 0 0 0 0 1 3 5 4 4 0 2 0 4 8 0 2 13 22 0 25 136 40 0 0 0 0 0 2 4 11 0 4 7 23 22 23 42 87 599 396 422 177 28 1 6 3 1 5 3 2 32 5 4 4 2 0 0 0 0 0 0 0 0 0 0 0 0 0 0 2 0 0 0 3 7 5 6 0 3 26 16 3 33 2 0 1 38 37 3 0 11 21 0 1 2 3 3 9 11 5 3 5 12 1 0 6 47 2 3 3 5 0 102 1062 1179 633 185 243 112 129 75 21 8 8 98 328 85 68 13 330 943 66 41 6 0 0 0 0 0 0 0 0 0 0 0 0 0 0
0 0 0 0 0 0 2 1 2 2 3 15 1 0 0 1 0 0 21 20 219 252 11 0 0 0 0 1 2 11 7 7 16 31 14 3 0 5 0 83 451 363 338 175 81 48 14 0 3 5 2 0 15 6 35 3 2 0 0 0 0 0 0 0 0 0 0 0 0 0 1 0 0 0 0 0 0 0 8 0 18 12 37 209 50 5 0 0 0 0 1 0 3 3 1 3 4 1 0 1 0 0 0 1 5 1 0 7 255 199 314 455 130 230 523 1308 808 298 109 452 56 202 11 2 84 156 273 159 19 1 90 344 445 112 78 15 0 0 0 0 0 0 0 0 0 0 0 0 0 0
0 0 1 0 0 0 4 2 1 2 1 9 4 6 3 9 10 8 13 8 57 0 0 0 0 1 0 0 2 12 4 53 25 7 2 25 7 2 8 238 31 78 42 17 2 0 0 0 0 4 1 7 91 1 2 4 1 3 1 0 0 0 0 0 0 0 0 0 0 0 0 0 0 0 0 4 1 18 4 1 2 12 17 5 0 0 0 0 3 1 44 0 0 6 11 23 4 0 0 0 7 1 0 0 0 4 8 29 163 128 168 107 110 477 1100 553 362 375 44 487 61 14 0 18 19 77 117 1 0 0 87 411 4 1 2 0 0 0 0 0 0 0 0 0 0 0 0 0 0 0
0 0 1 0 0 9 49 38 8 2 0 0 0 18 22 8 7 7 31 15 12 0 0 0 0 0 0 0 0 3 90 2 15 1 3 35 1 4 12 0 12 12 3 0 1 1 3 0 0 3 0 15 220 22 25 32 20 1 2 0 0 0 0 0 0 0 0 0 0 0 0 0 0 0 0 0 2 5 0 2 0 1 2 0 0 0 0 0 2 0 0 0 1 27 12 0 9 3 0 2 3 0 0 0 0 1 6 71 81 11 0 19 217 357 454 482 186 271 119 188 330 4 0 0 0 0 0 0 0 0 0 101 23 0 0 0 0 0 0 0 0 0 0 0 0 0 0 0 0 0
0 0 0 0 6 0 2 15 0 3 4 0 8 40 10 10 25 17 4 0 0 4 5 0 0 0 1 28 21 18 21 51 15 1 2 8 1 1 2 0 8 20 5 2 1 0 2 0 0 0 2 23 143 48 4 26 0 0 0 0 0 0 0 0 0 0 0 0 0 0 0 0 0 0 1 0 6 10 5 0 0 2 1 0 0 0 0 0 7 1 7 5 19 23 4 22 3 3 0 5 1 0 0 0 0 1 9 82 553 8 0 0 3 0 2 1 2 27 448 639 65 0 0 0 0 4 3 0 0 0 0 1 88 2 0 0 0 0 0 0 0 0 0 0 0 0 0 0 0 1
0 4 15 0 1 1 11 54 5 7 15 20 10 0 7 121 54 16 7 15 1 0 3 4 5 0 0 19 2 3 11 6 6 0 1 1 0 0 0 3 19 6 1 2 2 0 3 0 0 0 0 52 9 58 13 3 4 0 0 0 0 0 0 0 0 0 0 0 0 0 0 0 0 0 0 0 3 21 0 0 0 0 1 0 0 0 0 2 20 0 19 0 4 23 0 0 0 3 13 2 0 0 1 4 3 22 30 40 170 2 0 0 0 0 12 0 0 1 130 454 285 403 2 0 11 84 0 0 0 49 89 32 50 9 0 0 0 0 0 0 0 0 0 0 0 0 0 0 0 0
1 1 0 0 0 7 5 2 0 6 51 19 2 7 63 67 60 25 9 1 0 0 7 9 3 9 4 1 2 1 0 0 1 3 4 1 0 0 0 1 1 23 17 1 0 1 3 2 0 0 1 82 48 41 18 2 1 0 0 0 0 0 0 0 0 0 0 0 0 0 0 0 0 0 0 0 0 39 229 19 2 10 1 0 0 0 0 101 10 0 0 1 2 3 1 2 0 1 5 8 34 12 75 8 5 9 20 20 90 4 0 0 0 8 110 118 221 558 116 234 730 284 0 10 328 65 0 0 0 166 199 0 0 0 0 0 0 0 0 0 0 0 0 0 0 0 0 0 0 0
0 2 1 0 0 6 1 5 8 5 10 105 9 11 0 2 0 4 2 0 1 0 1 17 6 4 5 0 41 1 0 0 0 0 2 0 4 0 4 0 1 17 25 15 8 1 4 1 0 0 1 83 43 13 1 3 0 0 1 1 0 0 0 0 0 0 0 0 0 0 0 0 0 0 0 0 0 7 49 9 0 7 0 0 0 0 0 42 0 0 0 0 2 5 1 0 1 0 5 6 2 0 8 3 20 0 17 39 38 8 0 0 0 0 148 570 915 532 90 61 109 255 257 381 271 2 0 0 17 591 204 0 0 0 0 0 0 0 0 0 0 0 0 0 0 0 0 0 0 0
1 0 2 4 0 3 5 8 3 0 11 22 0 4 0 5 0 2 7 2 0 0 0 1 6 1 6 3 2 2 0 0 0 0 0 0 0 0 11 2 0 1 1 2 5 1 0 2 0 0 3 116 1 4 3 1 0 0 1 7 0 0 0 0 0 0 0 0 0 0 0 0 0 0 0 0 3 5 89 66 10 15 34 1 0 0 1 0 0 0 0 0 1 16 0 0 1 0 0 5 5 9 5 9 4 5 23 4 44 0 0 0 40 47 57 43 6 51 617 286 31 233 1194 654 436 386 203 361 1145 2378 944 27 0 0 0 0 0 0 0 0 0 0 0 0 0 0 0 0 0 1
0 4 2 0 0 9 9 1 0 4 18 6 0 3 1 6 1 2 1 0 0 0 0 0 0 18 18 0 1 0 1 7 2 3 5 0 0 0 1 15 1 0 1 2 1 2 6 0 1 0 11 406 36 13 2 14 0 2 0 3 1 0 0 0 0 0 0 0 0 0 0 0 0 0 0 0 3 24 75 1 1 36 34 0 0 0 0 0 1 7 0 1 4 11 5 42 28 0 2 3 3 0 1 16 6 7 43 5 178 50 9 35 26 3 1 22 9 227 486 437 484 738 1023 1116 1430 1448 1209 1154 1559 1222 1234 4 0 1 0 0 0 0 0 0 0 0 0 0 0 0 0 0 0 0
0 0 0 0 9 10 0 2 13 3 0 1 0 0 3 24 4 1 0 0 0 0 0 0 28 16 15 2 6 0 1 2 0 1 5 0 0 10 1 0 1 0 1 0 1 0 2 0 6 42 867 644 27 99 15 2 3 1 0 8 0 0 0 0 0 0 0 0 0 0 0 0 0 0 0 0 0 0 5 4 1 1 0 0 0 0 0 0 13 3 0 3 17 0 0 3 1 0 4 6 20 14 69 5 19 22 62 167 5 27 17 2 10 5 20 10 2 76 525 1546 1409 1098 450 933 1704 1394 239 1147 832 11 264 111 5 0 0 0 0 0 0 0 0 0 0 0 0 0 0 0 0 0
0 3 0 16 9 0 1 1 18 1 3 0 1 1 2 0 1 14 0 0 0 0 0 0 6 3 0 0 0 0 0 53 18 1 0 0 1 0 3 1 0 0 2 1 0 0 1 0 5 53 651 1546 823 958 62 33 2 1 11 8 0 0 0 0 0 0 0 0 0 0 0 0 0 0 0 0 0 0 0 9 0 0 1 0 0 0 0 23 133 1 0 15 16 0 0 0 0 0 0 6 10 0 49 75 21 208 499 71 4 0 3 4 0 2 5 13 15 12 78 674 450 791 266 2157 1968 960 359 300 13 538 1745 759 0 0 1 0 0 0 0 0 0 0 0 0 0 0 0 0 0 0
1 0 0 42 1 0 17 10 13 2 5 26 0 3 2 2 0 0 0 0 0 2 0 0 1 0 4 25 0 0 0 13 7 9 2 6 1 0 0 0 0 0 0 0 0 2 0 0 0 12 222 428 818 520 100 81 6 1 2 0 1 0 0 0 0 0 0 0 0 0 0 0 0 0 2 0 0 0 0 33 8 4 0 0 0 0 0 31 130 0 7 22 96 1 0 0 0 0 0 12 11 44 67 164 30 31 3 31 0 0 0 0 4 3 9 4 18 19 12 38 323 317 437 819 1437 1397 643 665 456 1052 658 360 2 0 0 0 0 0 0 0 0 0 0 0 0 0 0 0 0 0
3 2 9 10 2 1 12 35 5 1 4 2 0 0 0 0 0 0 0 0 0 2 1 1 0 0 0 0 1 1 5 0 0 0 0 0 0 1 0 0 0 0 0 0 0 7 4 4 12 4 66 165 247 42 18 28 5 2 3 0 1 0 0 0 0 0 0 0 0 0 0 0 0 0 0 0 0 1 1 0 3 0 0 0 0 2 71 55 47 4 5 186 175 92 5 0 0 0 0 18 67 24 77 275 27 2 8 2 34 2 0 0 2 0 0 4 3 42 97 27 84 670 651 516 393 938 1253 1827 245 196 96 88 0 0 0 0 0 0 0 0 0 0 0 0 0 0 0 0 0 0
0 1 37 0 4 2 13 53 4 6 8 1 1 3 0 0 0 0 1 0 0 2 2 3 0 0 0 0 1 0 0 0 1 0 0 0 0 2 1 0 0 0 0 0 0 1 1 2 0 57 2 16 119 48 14 1 0 57 81 20 1 0 2 0 0 0 0 0 0 0 0 0 0 0 0 0 0 0 0 0 0 3 33 29 18 18 3 1 15 72 193 138 107 2 1 4 0 10 43 54 91 329 347 582 353 71 16 9 11 10 0 0 4 0 11 3 0 54 39 378 594 723 1803 2164 1145 345 1829 2652 1424 0 0 1 0 0 0 0 0 0 0 0 0 0 0 0 0 0 0 0 0 0
7 25 21 0 12 9 13 50 9 5 0 0 1 0 0 0 0 0 0 0 0 1 31 1 0 0 0 1 1 0 0 1 1 0 0 0 0 0 0 0 4 1 0 1 0 1 0 0 6 11 0 14 132 4 4 0 0 7 122 16 7 2 0 0 0 0 0 0 0 0 0 0 0 0 0 0 0 0 0 0 1 5 17 1 1 6 3 15 21 89 209 151 145 24 61 36 6 2 0 26 134 389 1009 324 252 115 1 12 9 8 2 5 0 1 7 2 5 415 424 808 617 50 26 161 324 365 480 1647 453 5 205 1 0 0 0 0 0 0 0 0 0 0 0 0 0 0 0 0 0 0
25 4 144 4 33 112 98 6 3 4 1 1 0 3 0 0 0 0 0 1 0 3 0 0 0 0 0 0 0 0 0 0 1 0 0 0 0 0 0 0 0 3 1 0 0 1 0 0 2 2 0 79 19 0 0 2 3 0 5 31 10 3 0 0 0 0 0 0 0 0 0 0 0 0 0 0 0 0 0 0 31 70 0 5 47 1 75 24 0 4 1 3 9 0 0 0 0 0 0 13 10 99 1147 277 230 257 16 19 16 3 28 1 0 0 0 12 280 605 154 23 0 0 0 0 35 337 129 599 451 21 19 5 0 0 0 0 0 0 0 0 0 0 0 0 0 0 0 0 0 0
17 30 129 246 417 508 300 39 12 0 0 0 0 0 1 2 2 0 1 0 6 12 0 2 0 0 0 0 0 0 0 0 0 0 0 1 0 0 0 0 0 1 1 8 10 6 0 13 2 0 0 22 14 1 0 1 0 0 16 1 2 2 0 0 0 0 0 0 0 0 0 0 0 0 0 0 0 0 5 27 7 0 1 0 8 0 28 175 47 0 0 0 0 0 0 0 0 0 0 0 0 217 617 241 299 272 1 8 0 20 3 3 0 0 26 74 212 12 16 78 0 0 0 0 11 400 242 691 270 10 17 0 0 0 0 0 0 0 0 0 0 0 0 1 0 0 0 0 0 0
1 97 365 1170 543 333 150 49 0 2 0 7 1 0 0 0 0 1 0 4 2 1 0 0 1 0 1 45 0 1 0 0 0 0 0 0 0 0 1 0 1 1 1 4 4 0 0 5 41 1 0 0 34 0 0 5 2 0 0 0 0 0 0 0 0 0 0 0 0 0 0 0 0 0 0 0 0 18 0 0 0 0 0 0 0 0 71 36 5 1 10 0 0 0 0 1 0 0 0 0 20 67 36 33 176 151 0 2 0 1 97 25 21 44 24 0 3 5 13 32 28 68 5 0 14 85 69 360 53 6 0 0 0 0 0 0 0 0 0 0 0 0 0 0 0 0 0 0 0 0
1 14 233 253 175 180 85 45 23 3 0 2 0 0 0 0 0 0 2 1 7 2 0 0 1 0 0 0 6 10 1 1 0 0 0 0 0 0 0 0 0 0 1 1 0 1 1 1 4 5 0 0 0 0 0 4 0 0 0 0 0 0 0 0 0 0 0 0 0 0 0 0 0 0 0 0 0 2 0 0 0 0 0 0 0 0 107 19 7 15 34 1 0 0 3 22 0 0 0 608 819 170 267 229 6 200 55 2 5 0 7 98 37 13 0 0 0 0 14 38 113 39 225 259 107 53 4 4 0 6 0 0 0 0 0 0 0 0 0 0 0 0 0 0 0 0 0 0 0 0
3 23 62 120 187 63 1 0 0 54 34 6 0 0 0 0 1 0 0 0 1 102 1 0 0 0 0 0 1 1 0 0 0 0 0 0 1 0 0 0 1 0 1 1 1 52 2 0 0 0 0 0 0 0 0 8 0 0 0 0 0 0 0 0 0 0 0 0 0 0 0 0 0 0 0 0 10 15 0 0 0 0 0 0 0 0 33 2 0 28 27 0 0 0 36 103 96 7 288 1638 605 633 213 34 5 100 122 186 0 31 61 0 1 0 0 0 10 0 33 59 155 24 12 91 15 78 28 16 59 32 23 0 0 0 0 0 0 0 0 0 0 0 0 0 0 0 0 0 0 0
60 12 24 5 0 0 2 2 0 0 2 0 0 0 0 1 0 0 3 0 0 15 2 0 0 0 0 1 0 0 1 0 0 9 11 0 0 0 0 0 0 0 0 0 4 17 0 3 0 0 0 0 1 4 51 21 7 0 0 0 0 0 0 0 0 0 0 0 0 0 0 0 0 0 24 14 1 0 0 0 0 0 0 0 0 0 18 2 0 0 121 23 17 6 127 425 115 8 113 193 9 3 55 30 5 3 0 179 901 266 0 0 0 0 0 0 0 0 2 3 23 1 0 0 45 63 66 60 356 133 61 0 0 0 0 0 0 0 0 0 0 0 0 0 0 0 0 0 0 0
17 0 14 1 0 0 5 0 0 0 0 2 0 0 0 0 0 0 0 0 0 1 1 40 0 0 0 0 0 1 3 67 2 3 0 0 0 0 0 0 1 0 0 0 1 1 0 0 0 0 1 3 22 3 26 0 0 0 0 0 0 0 0 0 0 0 0 0 0 0 0 0 0 0 4 39 0 1 0 0 0 0 0 0 0 0 78 67 187 60 110 37 18 13 3 101 23 6 0 3 13 4 6 0 15 1 208 259 181 44 2 0 0 0 0 0 0 3 0 0 13 7 11 30 5 145 80 177 162 241 52 0 0 0 0 0 0 0 0 0 0 0 0 0 0 0 0 0 0 0
1 0 0 0 4 0 0 0 0 0 0 0 0 0 0 0 0 1 0 0 1 0 0 1 0 0 0 0 4 0 5 0 1 0 0 2 0 0 0 0 0 0 0 1 0 4 1 0 0 0 0 1 6 49 15 1 1 0 0 0 0 0 0 0 0 0 0 0 0 0 0 0 3 10 0 0 0 0 0 0 0 0 0 0 0 0 0 0 99 4 0 0 0 0 4 62 0 7 2 0 3 8 0 9 3 168 878 491 175 147 0 0 0 0 0 0 0 18 51 11 3 76 3 8 0 5 100 59 2 22 18 13 0 0 0 0 0 0 0 0 0 0 0 0 0 0 0 0 0 0
4 0 1 0 0 0 0 0 0 0 0 0 0 0 0 0 0 0 0 0 0 0 0 4 0 1 0 0 0 0 0 5 0 1 1 0 0 0 0 0 0 0 1 0 0 1 0 0 0 0 9 3 5 132 5 1 0 0 0 0 0 0 0 0 0 0 0 0 0 0 3 5 8 1 0 1 0 0 0 0 0 0 0 0 0 0 0 0 0 0 0 0 3 32 4 0 2 0 13 11 4 2 4 0 31 75 234 31 77 389 0 0 0 0 0 0 0 0 2 11 2 10 4 60 78 23 175 52 35 30 9 0 0 0 0 0 0 0 0 0 0 0 0 0 0 0 0 0 0 0
0 0 0 0 1 31 0 0 0 0 0 0 0 0 0 0 0 0 4 2 0 0 0 0 0 0 2 0 0 0 1 0 0 2 1 0 0 0 0 0 0 0 4 4 1 0 0 0 0 0 23 0 7 1 2 0 8 3 0 0 0 0 0 0 0 0 0 1 2 5 1 0 0 0 0 0 0 0 0 0 0 0 0 0 0 0 0 0 35 1 0 43 197 13 0 0 0 0 0 6 6 3 19 20 104 48 0 5 0 11 7 0 0 0 0 0 0 0 0 0 4 11 7 27 0 0 0 196 3 6 0 0 0 0 0 0 0 0 0 0 0 0 0 0 0 0 0 0 0 0
0 0 0 0 73 37 0 0 0 0 0 0 0 0 4 0 0 2 3 0 0 0 0 0 0 0 0 0 3 0 3 0 0 0 0 0 0 0 1 0 0 0 0 2 3 4 0 0 0 1 0 0 0 8 1 2 4 0 0 0 0 0 0 0 0 0 2 0 6 1 0 0 0 0 0 0 0 0 0 0 0 0 0 0 0 0 0 0 47 57 202 430 169 11 0 1 1 0 0 30 44 469 309 61 9 36 3 0 0 13 16 0 0 0 0 0 0 0 0 0 0 0 0 0 0 35 241 58 0 0 0 0 0 0 0 0 0 0 0 0 0 0 0 0 0 0 0 0 0 0
0 0 0 0 1 2 1 0 0 0 0 0 0 2 0 0 0 0 1 0 0 0 0 0 0 0 0 0 1 6 0 0 0 0 0 2 0 0 0 0 0 0 0 0 2 4 0 0 0 1 4 0 0 8 11 0 0 0 0 0 0 0 0 0 0 0 0 0 4 0 0 0 0 0 0 0 0 0 0 0 0 0 0 0 0 0 1 0 35 118 223 159 111 15 0 5 3 5 0 78 174 139 76 13 0 0 3 0 0 3 6 0 0 0 0 0 0 0 0 0 0 31 30 0 0 41 66 0 0 0 0 0 0 0 0 0 0 0 0 0 0 0 0 0 0 0 0 0 0 0
0 0 0 0 0 4 0 0 0 0 0 1 12 28 0 1 0 1 5 1 0 0 0 0 0 2 0 0 3 19 0 0 0 0 8 4 0 0 0 0 0 0 0 2 0 12 8 0 0 2 10 0 2 20 19 2 0 0 0 0 0 0 0 0 0 0 1 13 20 0 0 0 0 0 0 0 0 0 0 0 0 0 0 0 5 10 29 2 0 11 12 0 13 1 38 0 0 0 30 24 125 0 0 2 0 0 0 1 2 39 24 51 0 0 0 0 0 0 0 0 1 0 0 0 0 0 0 1 0 0 0 0 0 0 0 0 0 0 0 0 0 0 0 0 0 0 0 0 0 0
0 0 0 0 2 0 2 0 0 0 0 0 0 0 1 0 4 0 0 0 0 0 0 0 0 0 2 0 0 2 0 0 0 0 0 0 0 0 0 0 0 0 1 0 0 0 3 7 0 5 2 0 0 7 8 6 2 1 1 0 0 0 0 0 0 0 14 39 12 0 0 1 0 0 0 0 0 0 0 0 0 0 0 9 45 1 0 2 24 25 28 2 18 3 6 11 11 31 10 17 54 29 10 3 8 0 0 12 93 155 192 492 40 20 0 0 0 0 0 0 0 0 1 0 1 0 0 0 0 0 0 0 0 0 0 0 0 0 0 0 0 0 0 0 0 0 0 0 0 0
0 0 0 1 0 5 0 0 0 0 0 0 0 0 0 0 0 0 0 0 0 0 0 0 0 0 0 1 2 2 0 0 0 0 0 0 0 0 2 0 0 0 1 0 0 0 0 3 7 1 1 0 0 4 0 71 96 1 2 1 0 0 0 0 0 10 99 114 0 0 0 4 0 0 0 0 0 0 0 0 0 0 0 31 73 0 3 17 23 5 5 3 4 0 0 28 49 30 9 0 4 0 16 2 1 1 17 4 78 41 241 219 88 60 2 0 0 0 0 0 0 0 0 0 0 0 0 0 0 0 0 0 0 0 0 0 0 0 0 0 0 0 0 0 0 0 0 0 0 0
0 0 0 1 2 0 0 0 0 0 0 0 0 0 0 1 0 0 0 0 0 0 0 0 0 0 0 1 1 2 0 0 0 0 0 0 1 0 0 0 0 0 0 0 0 2 5 2 81 23 0 0 0 0 9 1 2 90 18 4 13 6 2 10 7 2 0 1 0 0 0 0 0 0 0 0 0 0 0 0 0 0 0 0 0 0 0 8 9 10 0 1 1 0 22 172 11 0 0 0 0 0 1 0 18 55 418 958 483 108 22 0 68 31 0 0 0 0 0 0 0 0 0 0 0 0 0 0 0 0 0 0 0 0 0 0 0 0 0 0 0 0 0 0 0 0 0 0 0 0
0 0 1 3 5 45 2 6 1 0 3 1 0 1 2 0 1 0 0 0 0 0 0 0 0 0 0 0 0 0 0 0 0 0 0 0 0 0 15 0 2 4 0 3 6 3 12 7 5 1 1 0 1 1 8 5 3 0 0 2 0 0 0 1 1 0 0 4 1 22 0 7 0 0 0 0 0 0 0 0 0 0 0 0 0 0 0 1 0 2 4 11 0 3 135 12 2 0 0 0 0 3 0 10 88 92 230 526 200 467 137 168 190 6 0 0 0 0 0 0 0 0 0 0 0 0 0 0 0 0 0 0 0 0 0 0 0 0 0 0 0 0 0 0 0 0 0 0 0 0
0 0 3 0 47 42 0 0 0 0 1 0 0 0 0 0 0 0 0 0 0 0 0 0 0 0 0 0 0 0 0 0 3 0 0 0 0 0 0 1 0 1 3 1 2 0 1 2 9 2 4 1 6 0 0 0 1 2 6 1 0 0 3 0 2 4 2 4 1 0 0 0 1 0 0 0 0 0 0 0 0 0 0 0 0 0 0 0 1 0 0 0 15 51 2 54 219 1 0 0 0 0 0 56 129 226 1 0 7 37 0 11 5 0 0 0 0 0 0 0 0 0 0 0 0 0 0 0 0 0 0 0 0 0 0 0 0 0 0 0 0 0 0 0 0 0 0 0 0 0
0 0 0 1 0 0 0 0 11 0 0 0 0 0 0 0 0 0 1 0 0 0 0 0 0 0 0 0 0 0 0 2 0 0 0 0 0 0 0 0 0 3 0 0 0 0 6 0 7 3 2 2 2 1 0 0 0 0 8 1 1 3 1 0 0 0 0 0 0 0 4 3 2 1 0 0 0 0 0 0 0 0 0 0 0 0 0 0 0 0 0 21 67 18 20 239 302 0 0 0 0 0 1 12 10 0 0 0 0 0 26 72 2 0 0 0 0 0 0 0 0 0 0 0 0 0 0 0 0 0 0 0 0 0 0 0 0 0 0 0 0 0 2 2 5 0 0 0 0 0
0 0 1 0 0 0 0 0 0 4 1 0 1 0 1 0 0 0 3 1 0 0 0 0 0 0 0 0 0 0 0 0 0 0 0 0 0 0 0 0 0 0 0 1 0 0 0 0 0 1 0 6 13 2 0 2 0 0 0 4 6 0 0 0 0 0 0 0 0 0 0 1 0 0 0 0 0 0 0 0 0 0 0 0 0 0 0 0 41 0 3 33 176 180 45 0 1 1 0 0 0 0 4 3 8 0 1 3 0 131 275 0 0 0 0 0 0 0 0 0 0 0 0 0 0 0 0 0 0 0 0 0 0 0 0 0 0 0 0 0 0 0 0 0 0 0 0 0 0 0
1 0 0 0 0 0 0 0 0 0 0 1 0 0 1 0 0 0 0 0 0 0 0 0 0 0 0 0 0 0 0 0 0 0 0 0 0 0 0 0 0 0 0 0 0 0 0 0 0 0 5 6 5 0 0 0 0 0 0 9 1 0 0 0 0 0 0 0 0 0 0 2 0 0 0 0 0 0 0 0 0 0 0 0 0 0 0 0 0 3 13 74 648 0 0 13 12 0 0 0 0 0 0 1 1 0 0 4 26 4 102 0 0 0 0 0 0 0 0 0 0 0 0 0 0 0 0 0 0 1 0 0 0 0 0 0 0 0 0 0 0 0 0 0 0 0 0 0 0 0
0 0 0 0 0 0 0 0 0 0 0 1 2 0 0 0 0 0 0 1 0 0 0 0 0 0 0 0 0 0 0 0 0 0 0 0 20 0 0 0 0 0 3 2 0 0 0 0 0 0 3 20 1 1 0 1 1 2 8 7 2 4 0 0 0 0 0 0 0 0 1 59 6 0 0 0 0 0 0 0 0 0 0 0 0 0 0 0 2 2 19 13 10 7 38 0 0 0 0 0 0 0 0 0 0 0 0 0 0 0 0 0 0 0 0 0 0 0 0 0 0 0 0 0 0 0 0 0 0 0 0 0 0 0 0 0 0 0 0 0 0 0 0 0 0 0 0 0 0 0
0 0 0 0 0 0 0 0 0 0 3 0 0 0 0 0 0 0 0 0 0 1 2 24 0 0 0 0 0 0 0 0 0 0 0 0 1 0 0 0 0 0 0 0 0 0 0 0 0 0 0 27 1 1 1 0 0 1 0 0 0 18 15 0 0 0 0 0 0 0 0 5 1 0 3 0 0 0 0 0 0 0 0 0 0 0 0 0 0 3 10 35 13 20 24 3 0 0 0 0 0 0 0 0 0 0 0 0 0 0 0 0 0 0 0 0 0 0 0 0 0 0 0 0 0 0 0 0 0 0 0 0 0 0 0 0 0 0 0 0 0 0 0 0 0 0 0 0 0 0
0 0 0 0 0 0 0 0 0 0 0 0 0 0 0 0 0 0 0 0 0 1 1 2 5 0 0 0 3 0 0 0 0 0 0 0 0 0 0 0 0 0 0 0 0 0 0 0 0 0 6 45 23 4 3 2 3 0 0 0 1 25 46 0 0 0 0 0 0 0 0 0 0 1 5 0 0 0 0 0 0 0 0 0 0 0 0 0 0 0 22 8 0 38 66 7 0 0 0 0 0 0 0 0 0 0 0 0 0 0 0 0 0 0 0 0 0 0 0 0 0 0 0 0 0 0 0 0 0 0 0 0 0 0 0 0 0 0 0 0 0 0 0 0 0 0 0 0 0 0
0 0 0 0 0 0 0 0 0 0 0 0 7 0 0 0 0 0 0 0 0 0 0 0 4 0 0 0 1 0 1 0 0 0 0 0 0 0 0 0 1 0 0 0 0 0 0 0 0 10 10 56 198 12 13 2 0 2 0 0 0 9 0 0 0 0 0 0 0 0 0 0 0 7 0 0 0 0 0 0 0 0 0 0 0 0 0 0 0 0 0 6 23 22 4 5 0 0 0 0 0 0 0 0 0 0 0 0 0 0 0 0 0 0 0 0 0 0 0 0 0 0 0 0 0 0 0 0 0 0 0 0 0 0 0 0 0 0 0 0 0 0 0 0 0 0 0 0 0 0
0 0 0 0 0 0 0 0 0 0 0 0 7 1 0 2 0 1 1 0 0 0 0 0 0 3 0 0 0 0 0 0 0 0 0 0 0 0 0 0 0 0 0 0 0 0 0 0 0 8 1 17 216 2 13 0 1 0 0 0 2 6 7 0 0 0 0 0 0 0 0 0 0 0 0 0 0 0 0 0 0 0 0 0 0 0 0 0 0 0 0 3 5 6 5 1 7 11 0 11 0 0 0 0 0 0 0 0 0 0 0 0 0 0 0 0 0 0 0 0 0 0 0 0 0 0 0 0 0 0 0 0 0 0 0 0 0 0 0 0 0 0 0 0 0 0 0 0 0 0
0 0 0 0 1 0 0 0 1 5 0 0 0 0 8 0 0 0 2 0 0 0 0 43 2 1 0 0 0 0 0 0 0 0 0 0 0 1 0 0 0 0 0 0 0 0 0 4 0 1 2 9 26 0 0 0 0 0 0 2 15 8 0 0 0 0 0 0 0 0 0 0 0 0 0 0 0 0 0 0 0 0 0 0 0 0 0 0 0 0 0 0 0 0 0 1 11 1 1 0 0 0 0 0 0 0 0 0 0 0 0 0 0 0 0 0 0 0 0 0 0 0 0 0 0 0 0 0 0 0 0 0 0 0 0 0 0 0 0 0 0 0 0 0 0 0 0 0 0 0
0 0 2 0 0 0 0 0 0 0 1 0 0 0 0 0 0 0 0 0 0 0 1 0 3 1 0 0 0 0 1 0 3 1 19 1 0 1 0 0 0 0 0 0 0 0 23 10 0 0 0 0 0 0 0 0 0 0 0 1 7 0 0 0 0 0 0 0 0 0 0 0 0 0 0 0 0 0 0 0 0 0 0 0 0 0 0 0 0 0 0 0 0 0 0 14 7 22 0 0 0 0 0 0 0 0 0 0 0 0 0 0 0 0 0 0 0 0 0 0 0 0 0 0 0 0 0 0 0 0 0 0 0 0 0 0 0 0 0 0 0 0 0 0 6 11 0 0 0 0
2 0 0 0 0 0 0 0 0 0 0 1 0 0 0 0 1 0 0 2 3 0 0 0 0 1 0 0 0 0 1 1 0 0 0 0 0 2 0 0 0 0 0 0 0 3 1 0 0 0 0 0 0 0 0 0 0 0 0 0 2 0 0 0 0 0 0 0 0 0 0 1 3 0 0 0 0 0 0 0 0 0 0 0 0 0 0 0 0 0 0 0 0 0 5 4 7 1 0 1 4 0 0 0 0 0 0 0 0 0 0 0 0 0 0 0 0 0 0 0 0 0 0 0 0 0 0 0 0 0 0 0 0 0 0 0 0 0 0 0 0 0 0 0 0 1 0 0 0 0
0 0 0 0 1 0 0 0 0 0 0 2 0 0 0 0 1 0 0 1 0 0 0 0 0 0 0 0 0 0 0 0 0 0 0 0 0 0 0 0 0 0 0 0 3 0 0 0 0 0 0 0 0 0 0 0 0 0 0 0 9 0 0 0 0 0 0 0 0 0 13 36 0 0 0 0 0 0 0 0 0 0 0 0 0 0 0 0 0 0 0 0 0 0 9 0 0 0 0 1 0 1 0 0 0 0 0 0 0 0 0 0 0 0 0 0 0 0 0 0 0 0 0 0 0 0 0 0 0 0 0 0 0 0 0 0 0 0 0 0 0 0 0 0 0 0 0 0 0 0
0 0 0 0 0 0 0 0 0 2 10 1 6 0 0 2 3 0 0 0 0 0 0 0 0 0 0 0 0 0 0 0 0 0 0 0 0 0 0 0 0 0 0 2 1 0 0 0 0 0 0 0 0 0 0 0 0 0 0 2 4 0 0 0 0 0 0 0 0 0 16 0 0 0 0 0 0 0 0 0 0 0 0 0 0 0 0 0 0 0 0 0 0 0 1 1 6 0 0 0 0 0 0 0 0 0 0 0 0 0 0 0 0 0 0 0 0 0 0 0 0 0 0 0 0 0 0 0 0 0 0 0 0 0 0 0 0 0 0 0 0 0 0 0 0 0 0 0 0 0
1 0 0 0 0 3 2 2 1 1 0 3 5 6 6 5 16 2 0 0 0 0 0 0 0 0 0 0 0 0 0 0 0 0 0 0 1 0 0 0 0 0 0 2 0 0 0 0 0 0 0 0 0 0 0 0 0 0 0 29 1 0 0 0 0 0 0 0 30 2 0 0 0 0 0 0 0 0 0 0 0 0 0 0 0 0 0 0 0 0 0 0 0 0 0 0 2 0 0 1 0 0 0 0 0 0 0 0 0 0 0 0 0 0 0 0 0 0 0 0 0 0 0 0 0 0 0 0 0 0 0 0 0 0 0 0 0 0 0 0 0 0 0 0 0 0 0 0 0 0
1 0 0 0 0 1 0 1 0 0 0 0 5 0 0 0 0 5 12 0 0 0 0 0 0 0 0 0 0 0 0 0 0 0 0 3 3 0 0 2 0 0 4 3 0 0 0 0 0 0 0 0 0 0 0 0 0 0 0 0 11 9 4 0 0 0 0 1 65 45 2 0 0 0 0 0 0 0 0 0 0 0 0 0 0 0 0 0 0 0 0 0 0 0 0 0 3 0 1 0 0 0 0 0 0 0 0 0 0 0 0 0 0 0 0 0 0 0 0 0 0 0 0 0 0 0 0 0 0 0 0 0 0 0 0 0 0 0 0 0 0 0 0 0 0 0 0 0 0 0
0 3 5 2 1 0 0 0 0 0 0 5 41 10 0 1 36 0 10 6 1 0 2 27 2 3 0 0 0 0 1 2 0 0 2 3 8 10 5 11 0 0 11 0 0 0 0 0 0 0 0 0 0 0 0 0 0 0 0 0 0 0 1 0 233 27 13 0 0 0 0 0 0 0 0 0 0 0 0 0 0 0 0 0 0 0 0 0 0 0 0 0 0 0 0 0 0 0 0 0 0 0 0 0 0 0 0 0 0 0 0 0 0 0 0 0 0 0 0 0 0 0 0 0 0 0 0 0 0 0 0 0 0 0 0 0 0 0 0 0 0 0 0 0 0 0 0 0 0 0
12 46 8 0 0 0 0 0 0 0 0 3 2 0 0 0 2 1 2 11 20 229 66 31 0 0 0 0 0 0 1 0 0 1 1 6 36 3 0 8 0 0 0 0 0 0 0 0 0 0 0 0 0 0 0 0 0 0 0 0 0 0 0 0 5 6 0 0 0 0 0 0 0 0 0 0 0 0 0 0 0 0 0 0 0 0 0 0 0 0 0 0 0 0 0 0 0 0 0 0 0 0 0 0 0 0 0 0 0 0 0 0 0 0 0 0 0 0 0 0 0 0 0 0 0 0 0 0 0 0 0 0 0 0 0 0 0 0 0 0 0 0 0 0 0 0 0 0 0 0
54 7 4 0 2 4 0 0 0 0 0 0 3 0 0 2 7 5 0 15 1 81 20 5 24 4 0 0 1 15 4 0 0 0 0 0 4 2 6 3 18 18 0 0 0 0 0 0 0 0 0 0 0 0 0 0 0 0 0 0 0 0 0 0 2 0 0 0 0 0 0 0 0 0 0 0 0 0 0 0 0 0 0 0 0 0 0 0 0 4 0 0 0 0 0 0 0 0 0 0 0 0 0 0 0 0 0 0 0 0 0 0 0 0 0 0 0 0 0 0 0 0 0 0 0 0 0 0 0 0 0 0 0 0 0 0 0 0 0 0 0 0 0 0 0 0 0 0 0 0
0 0 0 0 0 0 0 0 0 0 0 1 5 0 0 0 0 0 0 1 0 2 2 9 4 11 7 2 2 3 0 0 0 0 1 2 8 0 0 0 0 0 0 0 0 0 0 0 0 0 0 0 0 0 0 0 0 0 0 0 0 0 0 0 0 0 0 0 0 0 0 0 0 0 0 0 0 0 0 0 0 0 0 0 0 0 0 0 0 0 0 0 0 0 0 0 0 0 0 0 0 0 0 0 0 0 0 0 0 0 0 0 0 0 0 0 0 0 0 0 0 0 0 0 0 0 0 0 0 0 0 0 0 0 0 0 0 0 0 0 0 0 0 0 0 0 0 0 0 0
0 0 0 0 0 0 0 0 0 0 0 0 0 1 0 1 0 3 1 26 0 0 1 2 6 9 13 10 22 2 5 2 5 25 9 3 2 0 0 0 0 0 0 0 0 0 0 0 0 0 0 0 0 0 0 0 0 0 0 0 0 0 0 0 0 0 0 0 0 0 0 0 0 0 0 0 0 0 0 0 0 0 0 0 0 0 0 0 0 0 0 0 0 0 0 0 0 0 0 0 0 0 0 0 0 0 0 0 0 0 0 0 0 0 0 0 0 0 0 0 0 0 0 0 0 0 0 0 0 0 0 0 0 0 0 0 0 0 0 0 0 0 0 0 0 0 0 0 0 0
0 0 0 0 0 0 0 0 0 0 0 0 0 0 0 0 0 0 0 0 0 0 0 0 0 0 0 4 328 49 1 5 4 46 2 0 6 0 0 0 0 0 0 0 0 0 0 0 0 0 0 0 0 0 0 0 0 0 0 0 0 0 0 0 0 0 0 0 0 0 0 0 0 0 0 0 0 0 0 0 0 0 0 0 0 0 0 0 0 0 0 0 0 0 0 0 0 0 0 0 0 0 0 0 0 0 0 0 0 0 0 0 0 0 0 0 0 0 0 0 0 0 0 0 0 0 0 0 0 0 0 0 0 0 0 0 0 0 0 0 0 0 0 0 0 0 0 0 0 0
0 0 0 0 0 0 0 0 0 0 0 0 0 0 0 0 0 0 0 0 0 0 0 0 0 2 2 5 0 0 9 0 0 1 0 0 9 0 0 0 0 0 0 0 0 0 0 0 0 0 0 0 0 0 0 0 0 0 0 0 0 0 0 0 0 0 0 0 0 0 0 0 0 0 0 0 0 0 0 0 0 0 0 0 0 0 0 0 0 0 0 0 0 0 0 0 0 0 0 0 0 0 0 0 0 0 0 0 0 0 0 0 0 0 0 0 0 0 0 0 0 0 0 0 0 0 0 0 0 0 0 0 0 0 0 0 0 0 0 0 0 0 0 0 0 0 0 0 0 0
0 0 0 0 0 0 0 1 0 0 0 0 0 0 0 0 0 0 0 0 0 0 0 0 3 4 7 0 0 0 11 1 3 0 0 0 0 3 0 0 0 0 0 0 1 0 0 0 0 0 0 0 0 0 0 0 0 0 0 0 0 0 0 0 0 0 0 0 0 0 0 0 0 0 0 0 0 0 0 0 0 0 0 0 0 0 0 0 0 0 0 0 0 0 0 0 0 0 0 0 0 0 0 0 0 0 0 0 0 0 0 0 0 0 0 0 0 0 0 0 0 0 0 0 0 0 0 0 0 0 0 0 0 0 0 0 0 0 0 0 0 0 0 0 0 0 0 0 0 0
0 0 0 0 0 0 0 0 1 0 0 1 5 9 0 0 0 0 0 0 0 0 0 0 0 0 0 0 0 0 0 0 8 0 2 0 4 4 0 0 0 0 0 0 0 0 0 0 0 0 0 0 0 0 0 0 0 0 0 0 0 0 0 0 0 0 0 0 0 0 0 0 0 0 0 0 0 0 0 0 0 0 0 0 0 0 0 0 0 0 0 0 0 0 0 0 0 0 0 0 0 0 0 0 0 0 0 0 0 0 0 0 0 0 0 0 0 0 0 0 0 0 0 0 0 0 0 0 0 0 0 0 0 0 0 0 0 0 0 0 0 0 0 0 0 0 0 0 0 0
8 0 0 0 0 0 0 0 0 2 1 5 1 1 0 0 0 0 0 0 0 0 0 0 0 0 0 3 3 6 10 0 0 0 0 0 0 0 0 0 0 0 0 0 0 0 0 0 0 0 0 0 0 0 0 0 0 0 0 0 0 0 0 0 0 0 0 0 0 0 0 0 0 0 0 0 0 0 0 0 0 0 0 0 0 0 0 0 0 0 0 0 0 0 0 0 0 0 0 0 0 0 0 0 0 0 0 0 0 0 0 0 0 0 0 0 0 0 0 0 0 0 0 0 0 0 0 0 0 0 0 0 0 0 0 0 0 0 0 0 0 0 0 0 0 0 0 0 0 0
0 0 0 0 0 0 0 0 0 2 1 0 0 0 0 0 0 0 0 0 0 0 0 0 0 0 0 7 6 0 0 0 1 6 1 0 0 0 0 0 0 0 0 0 0 0 1 0 0 0 0 0 0 0 0 0 0 0 0 0 0 0 0 0 0 0 0 0 0 0 0 0 0 0 0 0 0 0 0 0 0 0 0 0 0 0 0 0 0 0 0 0 0 0 0 0 0 0 0 0 0 0 0 0 0 0 0 0 0 0 0 0 0 0 0 0 0 0 0 0 0 0 0 0 0 0 0 0 0 0 0 0 0 0 0 0 0 0 0 0 0 0 0 0 0 0 0 0 0 0
0 0 0 0 0 0 0 0 0 0 2 0 0 0 0 0 0 0 0 0 0 1 0 0 0 0 0 0 0 0 0 0 0 4 0 0 0 0 0 0 0 0 0 0 0 0 0 0 0 0 0 0 0 0 0 0 0 0 0 0 0 0 0 0 0 0 0 0 0 0 0 0 0 0 0 0 0 0 0 0 0 0 0 0 0 0 0 0 0 0 0 0 0 0 0 0 0 0 0 0 0 0 0 0 0 0 0 0 0 0 0 0 0 0 0 0 0 0 0 0 0 0 0 0 0 0 0 0 0 0 0 0 0 0 0 0 0 0 0 0 0 0 0 0 0 0 0 0 0 0
0 0 0 0 0 0 0 0 0 1 2 0 0 0 0 0 0 0 0 0 0 0 0 0 0 0 0 0 0 0 0 0 0 0 0 0 0 0 0 0 0 0 0 0 0 0 0 0 0 0 0 0 0 0 0 0 0 0 0 0 0 0 0 0 0 0 0 0 0 0 0 0 0 0 0 0 0 0 0 0 0 0 0 0 0 0 0 0 0 0 0 0 0 0 0 0 0 0 0 0 0 0 0 0 0 0 0 0 0 0 0 0 0 0 0 0 0 0 0 0 0 0 0 0 0 0 0 0 0 0 0 0 0 0 0 0 0 0 0 0 0 0 0 0 0 0 0 0 0 0
0 0 0 0 0 0 0 0 0 1 18 0 0 0 0 0 0 0 0 0 0 0 0 0 0 0 0 0 0 0 0 0 0 0 0 0 0 0 0 0 0 0 0 0 0 0 0 0 0 0 0 2 0 0 0 0 0 0 0 0 0 0 0 0 0 0 0 0 0 0 0 0 0 0 0 0 0 0 0 0 0 0 0 0 0 0 0 0 0 0 0 0 0 0 0 0 0 0 0 0 0 0 0 0 0 0 0 0 0 0 0 0 0 0 0 0 0 0 0 0 0 0 0 0 0 0 0 0 0 0 0 0 0 0 0 0 0 0 0 0 0 0 0 0 0 0 0 0 0 0
0 0 0 0 0 0 0 0 10 40 0 0 0 0 0 0 0 0 0 0 0 0 0 0 0 0 0 0 0 0 0 0 0 0 0 0 0 0 0 0 0 0 0 0 0 0 0 0 1 0 6 0 0 0 0 0 0 0 0 0 0 0 0 0 0 0 0 0 0 0 0 0 0 0 0 0 0 0 0 0 0 0 0 0 0 0 0 0 0 0 0 0 0 0 0 0 0 0 0 0 0 0 0 0 0 0 0 0 0 0 0 0 0 0 0 0 0 0 0 0 0 0 0 0 0 0 0 0 0 0 0 0 0 0 0 0 0 0 0 0 0 0 0 0 0 0 0 0 0 0
0 0 0 0 0 1 10 28 16 0 0 0 0 0 0 0 0 0 0 0 0 0 0 0 0 0 0 0 0 0 0 0 0 0 0 0 0 0 0 0 1 0 0 0 0 0 0 0 0 24 51 0 0 0 1 0 0 0 0 0 0 0 0 0 0 0 0 0 0 0 0 0 0 0 0 0 0 0 0 0 0 0 0 0 0 0 0 0 0 0 0 0 0 0 0 0 0 0 0 0 0 0 0 0 0 0 0 0 0 0 0 0 0 0 0 0 0 0 0 0 0 0 0 0 0 0 0 0 0 0 0 0 0 0 0 0 0 0 0 0 0 0 0 0 0 0 0 0 0 0
0 0 0 0 0 0 16 54 0 0 0 0 0 0 0 0 0 0 0 0 0 0 0 0 0 0 0 0 0 0 0 0 0 0 0 0 0 0 0 0 0 0 0 0 0 0 0 0 1 0 0 0 0 0 0 0 0 0 0 0 0 0 0 0 0 0 0 0 0 0 0 0 0 0 0 0 0 0 0 0 0 0 0 0 0 0 0 0 0 0 0 0 0 0 0 0 0 0 0 0 0 0 0 0 0 0 0 0 0 0 0 0 0 0 0 0 0 0 0 0 0 0 0 0 0 0 0 0 0 0 0 0 0 0 0 0 0 0 0 0 0 0 0 0 0 0 0 0 0 0
0 0 0 0 0 0 0 0 0 0 0 0 0 0 0 0 0 0 0 0 0 0 0 0 0 0 0 0 0 0 0 0 0 0 0 0 0 0 0 0 0 0 0 0 0 0 0 0 0 0 0 0 8 15 0 0 0 0 0 0 0 0 0 0 0 0 0 0 0 0 0 0 0 0 0 0 0 0 0 0 0 0 0 0 0 0 0 0 0 0 0 0 0 0 0 0 0 0 0 0 0 0 0 0 0 0 0 0 0 0 0 0 0 0 0 0 0 0 0 0 0 0 0 0 0 0 0 0 0 0 0 0 0 0 0 0 0 0 0 0 0 0 0 0 0 0 0 0 0 0
0 0 0 0 0 0 0 0 0 0 0 0 0 0 0 0 0 0 0 0 0 0 0 0 0 0 0 0 0 0 0 0 0 0 0 0 0 0 0 0 0 0 0 0 0 0 0 0 0 0 0 0 0 2 0 0 0 0 0 0 0 0 0 0 0 0 0 0 0 0 0 0 0 0 0 0 0 0 0 0 0 0 0 0 0 0 0 0 0 0 0 0 0 0 0 0 0 0 0 0 0 0 0 0 0 0 0 0 0 0 0 0 0 0 0 0 0 0 0 0 0 0 0 0 0 0 0 0 0 0 0 0 0 0 0 0 0 0 0 0 0 0 0 0 0 0 0 0 0 0
0 0 0 0 0 0 0 0 0 0 0 0 0 0 0 0 0 0 0 0 0 0 0 0 0 0 0 0 0 0 0 0 1 0 0 0 0 6 0 0 0 0 0 0 0 0 0 0 0 0 0 1 0 0 0 0 0 0 0 0 0 0 0 0 0 0 0 0 0 0 0 0 0 0 0 0 0 0 0 0 0 0 0 0 0 0 0 0 0 0 0 0 0 0 0 0 0 0 0 0 0 0 0 0 0 0 0 0 0 0 0 0 0 0 0 0 0 0 0 0 0 0 0 0 0 0 0 0 0 0 0 0 0 0 0 0 0 0 0 0 0 0 0 0 0 0 0 0 0 0
0 0 0 0 0 0 0 0 0 0 0 0 0 0 0 0 0 0 0 0 0 0 0 0 0 0 0 0 0 0 0 0 1 0 0 0 0 0 0 0 0 0 0 0 0 0 0 0 0 0 0 0 0 0 0 0 0 0 0 0 0 0 0 0 0 0 0 0 0 0 0 0 0 0 0 0 0 0 0 0 0 0 0 0 0 0 0 0 0 0 0 0 0 0 0 0 0 0 0 0 0 0 0 0 0 0 0 0 0 0 0 0 0 0 0 0 0 0 0 0 0 0 0 0 0 0 0 0 0 0 0 0 0 0 0 0 0 0 0 0 0 0 0 0 0 0 0 0 0 0
0 0 0 0 0 0 0 0 0 0 0 0 0 0 0 0 0 0 0 0 0 0 0 0 0 0 0 0 0 0 4 0 0 0 2 0 0 0 0 0 0 0 0 0 0 0 0 0 0 0 0 0 0 7 0 0 0 0 0 0 0 0 0 0 0 0 0 0 0 0 0 0 0 0 0 0 0 0 0 0 0 0 0 0 0 0 0 0 0 0 0 0 0 0 0 0 0 0 0 0 0 0 0 0 0 0 0 0 0 0 0 0 0 0 0 0 0 0 0 0 0 0 0 0 0 0 0 0 0 0 0 0 0 0 0 0 0 0 0 0 0 0 0 0 0 0 0 0 0 0
0 0 0 0 0 0 0 0 0 0 0 0 0 0 0 0 0 0 0 0 0 0 0 0 0 0 0 0 0 0 4 10 0 0 0 0 0 0 0 0 0 0 0 0 0 0 0 0 0 0 0 0 0 0 0 0 0 0 0 0 0 0 0 0 0 0 0 0 0 0 0 0 0 0 0 0 0 0 0 0 0 0 0 0 0 0 0 0 0 0 0 0 0 0 0 0 0 0 0 0 0 0 0 0 0 0 0 0 0 0 0 0 0 0 0 0 0 0 0 0 0 0 0 0 0 0 0 0 0 0 0 0 0 0 0 0 0 0 0 0 0 0 0 0 0 0 0 0 0 0
0 0 0 0 0 0 0 0 0 0 0 0 0 0 0 0 0 0 0 0 0 0 0 0 0 0 0 0 0 0 3 5 0 0 0 0 3 0 0 0 0 0 0 0 0 0 0 0 0 0 0 0 0 0 0 0 0 0 0 0 0 0 0 0 0 0 0 0 0 0 0 0 0 0 0 0 0 0 0 0 0 0 0 0 0 0 0 0 0 0 0 0 0 0 0 0 0 0 0 0 0 0 0 0 0 0 0 0 0 0 0 0 0 0 0 0 0 0 0 0 0 0 0 0 0 0 0 0 0 0 0 0 0 0 0 0 0 0 0 0 0 0 0 0 0 0 0 0 0 0
0 0 0 0 0 0 0 0 0 0 0 0 0 0 0 0 0 0 0 0 0 0 0 0 0 0 0 0 0 1 0 0 0 0 0 0 0 0 0 0 0 0 0 0 0 0 0 0 0 0 0 0 0 0 0 0 0 0 0 0 0 0 0 0 0 0 0 0 0 0 0 0 0 0 0 0 0 0 0 0 0 0 0 0 0 0 0 0 0 0 0 0 0 0 0 0 0 0 0 0 0 0 0 0 0 0 0 0 0 0 0 0 0 0 0 0 0 0 0 0 0 0 0 0 0 0 0 0 0 0 0 0 0 0 0 0 0 0 0 0 0 0 0 0 0 0 0 0 0 0
0 0 0 0 0 0 0 0 0 0 0 0 0 0 0 0 0 0 0 0 0 0 0 0 0 0 0 0 0 114 33 0 0 0 0 0 0 0 0 0 0 0 0 0 0 0 0 0 0 0 0 0 0 0 0 0 0 0 0 0 0 0 0 0 0 0 0 0 0 0 0 0 0 0 0 0 0 0 0 0 0 0 0 0 0 0 0 0 0 0 0 0 0 0 0 0 0 0 0 0 0 0 0 0 0 0 0 0 0 0 0 0 0 0 0 0 0 0 0 0 0 0 0 0 0 0 0 0 0 0 0 0 0 0 0 0 0 0 0 0 0 0 0 0 0 0 0 0 0 0
0 0 0 0 0 0 0 0 0 0 0 0 0 0 0 0 0 0 0 0 0 0 0 0 0 0 5 0 0 1 0 0 0 1 0 0 0 0 0 0 0 0 0 0 0 0 0 0 2 40 0 0 0 0 0 0 0 0 0 0 0 0 0 0 0 0 0 0 0 0 0 0 0 0 0 0 0 0 0 0 0 0 0 0 0 0 0 0 0 0 0 0 0 0 0 0 0 0 0 0 0 0 0 0 0 0 0 0 0 0 0 0 0 0 0 0 0 0 0 0 0 0 0 0 0 0 0 0 0 0 0 0 0 0 0 0 0 0 0 0 0 0 0 0 0 0 0 0 0 0
0 0 0 0 0 0 0 0 0 0 0 0 0 0 0 0 0 0 0 0 0 0 0 0 0 0 13 0 0 0 0 0 0 0 0 0 0 0 0 0 0 0 0 0 0 0 0 0 3 0 0 0 0 0 0 0 0 0 0 0 0 0 0 0 0 0 0 0 0 0 0 0 0 0 0 0 0 0 0 0 0 0 0 0 0 0 0 0 0 0 0 0 0 0 0 0 0 0 0 0 0 0 0 0 0 0 0 0 0 0 0 0 0 0 0 0 0 0 0 0 0 0 0 0 0 0 0 0 0 0 0 0 0 0 0 0 0 0 0 0 0 0 0 0 0 0 0 0 0 0
0 0 0 0 0 0 0 0 0 0 0 0 0 0 0 0 0 0 0 0 0 0 0 0 0 0 0 0 2 0 0 0 0 0 0 0 0 0 0 0 0 0 0 0 0 0 0 0 0 0 0 0 0 0 0 0 0 0 0 0 0 0 0 0 0 0 0 0 0 0 0 0 0 0 0 0 0 0 0 0 0 0 0 0 0 0 0 0 0 0 0 0 0 0 0 0 0 0 0 0 0 0 0 0 0 0 0 0 0 0 0 0 0 0 0 0 0 0 0 0 0 0 0 0 0 0 0 0 0 0 0 0 0 0 0 0 0 0 0 0 0 0 0 0 0 0 0 0 0 0
0 0 0 0 0 0 0 0 0 0 0 0 0 0 0 0 0 0 0 0 0 0 0 0 0 0 0 0 0 0 0 0 0 0 0 0 0 0 0 0 0 0 0 0 0 0 0 0 0 0 0 0 0 0 0 0 0 0 0 0 0 0 0 0 0 0 0 0 0 0 0 0 0 0 0 0 0 0 0 0 0 0 0 0 0 0 0 0 0 0 0 0 0 0 0 0 0 0 0 0 0 0 0 0 0 0 0 0 0 0 0 0 0 0 0 0 0 0 0 0 0 0 0 0 0 0 0 0 0 0 0 0 0 0 0 0 0 0 0 0 0 0 0 0 0 0 0 0 0 0
0 0 0 0 0 0 0 0 0 0 0 0 0 0 0 0 0 0 0 0 0 0 0 0 0 0 0 0 0 0 0 0 0 0 0 0 0 0 0 0 0 0 0 0 0 0 0 0 0 0 0 0 0 0 0 0 0 0 0 0 0 0 0 0 0 0 0 0 0 0 0 0 0 0 0 0 0 0 0 0 0 0 0 0 0 0 0 0 0 0 0 0 0 0 0 0 0 0 0 0 0 0 0 0 0 0 0 0 0 0 0 0 0 0 0 0 0 0 0 0 0 0 0 0 0 0 0 0 0 0 0 0 0 0 0 0 0 0 0 0 0 0 0 0 0 0 0 0 0 0
0 0 0 0 0 0 0 0 0 0 0 0 0 0 0 0 0 0 0 0 0 0 0 0 0 0 0 0 0 0 0 0 0 0 0 0 0 0 0 0 0 0 0 0 0 0 0 0 0 0 0 0 0 0 0 0 0 0 0 0 0 0 0 0 0 0 0 0 0 0 0 0 0 0 0 0 0 0 0 0 0 0 0 0 0 0 0 0 0 0 0 0 0 0 0 0 0 0 0 0 0 0 0 0 0 0 0 0 0 0 0 0 0 0 0 0 0 0 0 0 0 0 0 0 0 0 0 0 0 0 0 0 0 0 0 0 0 0 0 0 0 0 0 0 0 0 0 0 0 0
0 0 0 0 0 0 0 0 0 0 0 0 0 0 0 0 0 0 0 0 0 0 0 0 0 0 0 0 0 0 0 0 0 0 0 0 0 0 0 0 0 0 0 0 0 0 0 0 0 0 0 0 0 0 0 0 0 0 0 0 0 0 0 0 0 0 0 0 0 0 0 0 0 0 0 0 0 0 0 0 0 0 0 0 0 0 0 0 0 0 0 0 0 0 0 0 0 0 0 0 0 0 0 0 0 0 0 0 0 0 0 0 0 0 0 0 0 0 0 0 0 0 0 0 0 0 0 0 0 0 0 0 0 0 0 0 0 0 0 0 0 0 0 0 0 0 0 0 0 0
0 0 0 0 0 0 0 0 0 0 0 0 0 0 0 0 0 0 0 0 0 0 0 0 0 0 0 0 0 0 0 0 0 0 0 0 0 0 0 0 0 0 0 0 0 0 0 0 0 0 0 0 0 0 0 0 0 0 0 0 0 0 0 0 0 0 0 0 0 0 0 0 0 0 0 0 0 0 0 0 0 0 0 0 0 0 0 0 0 0 0 0 0 0 0 0 0 0 0 0 0 0 0 0 0 0 0 0 0 0 0 0 0 0 0 0 0 0 0 0 0 0 0 0 0 0 0 0 0 0 0 0 0 0 0 0 0 0 0 0 0 0 0 0 0 0 0 0 0 0
