0 1 27 12 1 0 2 0 12 92 14 5 0 3 0 0 0 0 5 0 0 0 0 0 0 16 0 0 0 0 0 0 0 4 6 4 0 0 1 7 0 0 0 3 1 0 0 0 0 0 0 0 0 2 3 4 0 0 1 8 51 12 75 2 1 7 5 0 0 0 2 3 12 126 166 278 115 36 157 10 60 197 52 64 74 219 222 245 32 240 1043 685 69 626 432 602 1191 809 766 225 186 126 21 51 27 49 85 530 180 28 5 7 27 120 85 27 32 26 0 1 3 39 15 5 2 9 0 3 13 8 4 19 1 11 3 0 1 5 0 0 3 0 0 0 0 0 0 0 0 16
0 4 5 11 0 0 0 0 0 21 7 11 5 1 0 0 0 0 11 0 0 0 14 0 12 29 2 3 0 0 0 0 0 0 0 3 0 2 4 1 0 0 0 0 0 0 0 0 0 0 0 0 0 5 7 0 0 0 5 26 126 20 10 14 12 1 0 1 1 0 0 7 65 157 45 18 126 94 12 72 78 63 21 7 98 361 341 146 243 310 72 19 271 360 403 397 709 530 1024 893 309 55 44 48 6 3 3 19 28 13 6 9 1 22 125 26 2 30 3 14 8 4 4 26 3 2 1 19 55 32 10 12 45 77 30 0 0 1 13 51 2 0 0 0 0 0 0 0 0 0
0 0 0 5 3 0 0 0 0 2 0 1 18 5 1 0 0 2 4 0 0 19 59 38 12 0 0 19 0 0 0 0 0 1 0 5 3 9 0 22 0 1 0 5 0 0 0 0 0 0 0 0 0 1 8 0 0 0 2 10 9 17 11 12 0 0 0 0 0 0 0 3 5 0 1 2 0 40 227 219 69 60 5 34 24 329 582 175 7 11 98 48 121 507 719 756 253 479 460 425 554 380 14 41 24 15 5 34 193 118 39 4 10 2 17 17 25 97 52 8 76 17 3 12 0 3 4 23 1 16 10 3 65 203 0 0 6 0 11 92 5 0 0 0 0 0 0 1 0 0
43 4 0 0 0 0 0 0 0 1 0 0 0 0 0 4 0 0 2 2 0 0 2 10 13 0 1 21 25 0 1 0 0 0 0 1 0 8 0 4 3 0 0 0 0 0 0 0 0 0 2 0 0 0 102 17 1 22 29 10 2 0 6 13 0 0 0 0 0 0 22 187 29 0 1 5 16 71 299 540 150 91 30 141 138 35 65 195 5 286 1002 1109 1459 825 1099 548 176 222 527 481 557 886 162 20 40 99 44 32 283 90 19 28 62 15 7 17 21 128 83 20 45 78 28 13 0 8 38 3 8 2 17 9 19 1 57 8 26 6 6 53 72 8 0 0 0 0 0 0 0 0
7 12 0 0 0 0 0 0 0 0 0 0 0 0 0 22 11 6 1 3 0 3 1 0 3 0 1 0 0 0 1 0 3 0 0 15 12 0 0 0 3 0 0 0 0 0 0 0 0 10 1 0 1 5 59 160 44 27 1 0 2 0 1 35 0 0 0 0 1 12 137 84 90 176 43 35 91 254 445 501 480 331 253 9 154 153 100 55 26 417 1626 1349 511 790 785 249 81 644 400 1052 833 1044 677 580 350 236 120 33 8 15 24 26 27 36 7 0 4 17 166 51 416 768 178 26 11 1 3 0 2 7 3 1 0 0 6 0 0 0 0 1 39 4 0 0 0 0 0 0 0 0
15 7 0 1 0 0 0 0 4 0 0 1 0 0 0 4 0 2 7 70 6 8 0 0 0 0 0 0 2 2 0 56 0 0 21 86 53 14 0 0 0 0 0 0 0 0 0 0 0 8 73 9 0 2 7 52 51 13 11 4 0 0 6 2 0 0 0 0 6 140 95 120 149 92 118 59 32 38 60 515 1078 864 344 69 8 128 92 54 18 398 1632 1085 100 586 939 600 154 1518 438 522 477 508 1017 379 17 161 51 85 14 3 3 3 5 45 9 28 36 11 2 14 421 114 6 4 2 8 6 27 7 0 5 0 1 0 0 1 1 0 5 0 9 8 0 0 0 0 0 0 0 0
2 0 1 1 0 0 0 0 0 1 0 0 0 3 1 0 0 0 0 1 1 9 0 0 0 0 0 0 0 0 6 0 1 1 0 12 6 2 3 0 0 0 0 0 0 0 0 0 0 0 3 11 2 4 2 60 17 1 46 24 4 3 0 0 3 0 0 0 4 66 70 108 281 311 284 140 340 138 498 542 1358 575 1034 604 338 32 9 183 65 109 1459 1250 132 770 825 465 274 438 504 71 32 460 221 212 29 95 79 14 20 12 47 272 219 33 84 39 1 2 14 25 96 69 16 1 1 3 13 2 0 0 2 0 0 0 0 0 0 21 0 0 0 3 0 0 0 0 0 0 0 0
2 0 0 0 0 0 0 0 0 0 0 0 0 0 0 0 0 0 0 0 0 0 0 0 0 0 0 0 0 2 17 0 0 0 16 3 0 0 189 12 0 0 0 0 0 0 0 0 1 0 0 0 7 6 12 11 0 45 59 57 67 59 27 3 27 27 0 0 8 70 2 12 26 43 62 69 98 133 550 778 845 545 1161 202 178 144 182 418 208 197 723 114 64 426 402 347 248 851 618 241 144 414 424 530 232 131 15 46 114 36 283 476 90 58 23 67 8 1 7 24 25 20 12 11 8 6 23 1 6 1 0 0 0 0 0 0 0 0 0 0 0 1 0 0 0 0 0 0 0 0
5 1 0 0 0 0 0 0 0 1 0 0 0 3 6 0 0 0 0 0 0 0 0 0 0 0 0 0 0 0 0 0 0 0 1 0 0 0 0 1 0 0 0 0 0 0 0 0 0 1 0 0 2 7 0 0 2 21 16 48 355 189 11 1 6 35 4 9 4 26 1 0 1 1 1 24 11 42 154 468 875 1127 712 24 15 27 126 317 218 55 68 20 451 938 1199 1098 86 516 335 237 290 358 153 321 705 188 221 341 38 29 729 270 168 6 70 16 2 5 2 7 11 1 14 13 11 2 0 5 2 0 4 0 0 0 0 0 0 0 0 0 0 0 0 0 0 0 0 0 0 0
0 0 0 0 0 0 0 0 3 3 0 0 0 1 0 0 0 0 0 0 0 0 0 0 0 0 0 0 0 0 0 0 0 0 0 0 0 3 1 0 1 0 0 0 0 0 1 3 2 2 6 0 12 11 0 0 2 0 6 30 54 147 25 16 1 4 1 1 12 107 0 2 0 2 0 26 11 134 194 641 947 726 689 331 816 571 253 362 308 147 57 2 22 545 984 1142 620 112 113 21 44 186 23 9 122 427 253 225 101 24 383 727 288 54 10 168 172 595 119 91 59 34 21 21 54 24 33 3 8 4 117 9 0 0 0 0 0 0 0 0 0 0 0 0 0 0 0 0 0 0
0 0 7 0 0 0 0 3 0 0 4 3 0 0 0 12 0 1 2 0 0 0 0 0 0 2 0 0 0 0 0 2 0 0 0 2 0 1 0 0 0 5 0 2 1 0 6 14 26 25 10 3 20 6 0 0 0 14 41 16 0 102 8 18 0 0 2 0 0 58 0 0 0 0 1 0 35 135 240 309 447 220 485 249 382 465 263 386 546 335 39 0 33 165 506 720 905 52 21 53 36 22 2 22 143 427 880 302 224 143 543 211 128 43 0 136 250 571 568 266 301 180 208 149 197 337 126 72 48 30 11 123 23 27 24 0 0 0 0 0 0 0 0 0 0 0 0 0 0 1
1 0 5 0 0 0 0 0 17 7 0 0 0 0 0 0 21 6 2 0 0 0 0 0 0 0 0 0 0 0 0 0 0 3 4 4 0 5 0 2 3 14 3 8 5 0 1 3 1 1 0 0 11 4 15 1 1 1 6 10 3 7 0 0 1 4 0 0 0 0 5 3 0 0 0 0 16 12 148 430 621 220 113 85 178 117 41 46 99 440 44 0 3 4 13 82 923 456 341 13 0 4 13 41 25 35 451 277 26 64 342 296 78 115 43 162 535 240 553 668 388 365 157 116 101 96 1 0 0 33 4 5 78 24 54 0 0 0 0 0 0 0 0 0 0 0 0 0 0 0
3 0 1 0 0 1 6 1 30 0 0 0 0 0 0 0 3 28 3 11 6 5 1 0 0 0 0 0 0 1 0 0 2 1 0 1 2 0 0 0 0 4 46 5 27 0 1 18 0 0 0 0 23 16 8 0 0 0 3 7 3 1 2 1 0 5 2 8 0 1 12 0 0 0 0 45 204 65 114 75 97 359 67 1 29 11 8 0 3 45 0 0 5 22 84 27 839 478 647 487 18 26 48 29 37 16 46 257 615 328 1096 790 96 631 248 47 67 64 1203 915 188 248 96 1 26 100 7 0 37 19 1 0 31 12 6 0 0 0 0 0 0 0 0 0 0 0 0 0 3 0
0 0 0 0 0 0 6 1 0 0 0 0 0 0 0 0 0 0 67 44 9 4 0 0 0 0 0 0 0 2 4 3 0 0 0 0 2 0 0 0 0 1 3 57 39 0 0 0 7 2 1 39 8 0 0 0 0 0 10 0 5 8 18 5 0 0 36 46 31 20 130 0 2 5 3 329 687 516 292 53 35 261 86 4 40 139 6 2 3 21 4 0 0 74 10 63 108 665 135 242 0 79 277 121 392 94 128 544 361 698 1331 1065 1149 278 217 287 224 460 867 386 172 202 0 2 0 21 18 0 4 0 0 0 2 6 0 0 0 0 0 0 0 0 0 0 0 0 0 0 0 0
0 0 0 0 0 0 0 1 15 1 0 0 0 0 0 0 0 0 13 7 8 0 0 0 3 0 0 0 0 3 4 0 0 0 0 0 0 0 0 0 0 0 0 7 27 0 0 2 4 17 4 48 1 0 3 1 5 12 19 26 101 30 12 18 11 50 108 112 197 178 70 5 2 5 59 639 1570 1237 405 70 4 141 74 1 4 44 39 17 0 30 22 11 3 1 0 1 44 366 212 311 20 83 498 642 1450 1567 2516 1381 1069 1068 1049 775 666 592 433 267 135 94 186 99 229 129 22 13 0 13 62 3 22 27 2 0 0 0 0 0 0 0 0 0 0 0 0 0 0 0 0 0 0 0
0 0 0 0 0 0 0 37 15 0 0 0 0 0 0 0 0 0 0 5 0 12 27 2 1 0 0 0 1 5 0 0 0 0 0 0 0 0 0 0 0 0 2 0 0 24 0 0 0 28 73 142 2 0 0 10 55 101 4 89 28 43 4 54 52 58 112 84 102 229 198 113 193 410 678 844 1457 928 644 39 5 19 0 0 0 0 25 64 8 57 2 7 1 10 7 14 38 11 26 19 15 0 1300 818 554 752 1222 445 530 905 1442 1129 1255 414 322 153 22 143 107 101 48 17 143 234 67 91 8 2 8 1 1 0 0 1 29 4 0 0 0 0 0 0 0 0 0 0 0 0 0 0
0 0 0 0 0 0 0 3 1 0 0 0 0 0 0 0 6 1 0 1 1 0 22 41 19 10 2 0 1 0 0 0 0 0 0 0 0 0 0 1 1 0 0 0 0 7 4 3 2 21 34 7 1 31 93 123 77 231 60 36 2 6 0 3 0 3 1 0 0 0 1 1 106 84 364 372 625 408 146 0 0 1 8 0 3 0 1 44 85 12 0 0 5 0 0 161 36 1 4 82 12 321 813 708 442 219 626 271 456 890 849 287 915 409 549 119 68 85 169 8 0 7 56 56 32 402 5 14 5 0 0 0 0 0 0 0 0 0 0 0 0 0 0 0 0 0 0 0 0 0
0 0 0 0 1 2 0 4 0 0 0 0 1 0 0 1 0 3 2 2 2 6 1 1 16 1 9 20 2 0 0 0 0 0 0 0 3 0 0 0 0 0 0 2 1 24 48 10 2 53 57 45 6 237 78 45 77 70 449 9 0 2 0 0 3 6 16 66 12 25 142 3 140 23 80 177 31 178 52 21 1 0 2 6 0 0 1 12 62 3 0 32 45 39 13 4 2 1 60 524 178 123 176 102 151 451 288 299 814 466 101 283 91 127 197 38 123 256 15 3 0 3 5 16 88 806 173 28 4 4 0 0 0 0 0 0 0 0 0 0 0 0 0 0 0 0 0 0 0 1
0 0 0 0 0 6 0 0 0 0 0 0 1 1 0 0 4 0 0 1 2 62 9 4 6 5 93 52 17 0 0 0 0 0 0 4 51 0 0 0 0 1 1 8 30 14 11 6 21 406 171 79 164 31 10 72 154 154 38 28 46 24 1 0 0 0 5 3 3 17 101 20 48 15 0 185 125 120 23 24 47 0 9 20 0 2 13 8 8 0 1 186 60 221 25 0 1 28 222 21 164 321 98 36 121 142 189 405 470 4 1 266 12 414 39 1 14 35 0 0 0 0 1 13 57 209 192 255 31 2 2 0 0 0 0 0 0 0 0 0 0 0 0 0 0 0 0 0 0 0
0 0 0 0 2 2 0 0 0 0 0 0 1 1 5 0 2 0 0 2 5 15 82 11 6 5 3 16 157 7 0 2 0 0 1 0 0 0 0 0 0 0 4 96 26 147 119 30 6 230 49 6 0 13 76 8 25 78 4 0 1 1 0 0 0 8 0 1 4 15 47 31 13 0 3 76 20 0 3 0 3 0 0 3 0 11 35 3 14 5 2 11 10 1 1 16 0 24 6 2 591 1062 654 275 75 313 114 418 191 0 0 0 6 130 14 0 0 0 0 0 0 0 0 5 35 3 14 116 5 0 0 0 0 0 0 0 0 0 0 0 0 0 0 0 0 0 0 0 0 0
0 0 0 0 2 1 1 0 0 0 0 0 0 1 0 0 1 3 2 6 1 5 13 6 4 22 6 5 0 6 7 20 9 0 1 0 0 0 0 2 5 32 32 23 12 31 27 24 101 413 285 228 24 75 13 8 7 0 0 0 0 10 17 15 174 109 3 0 9 15 96 50 4 0 7 83 165 58 6 18 11 9 3 4 1 1 3 8 51 15 10 0 1 0 1 0 0 0 212 456 1105 1021 380 130 4 29 137 249 6 0 0 0 0 10 0 0 0 0 0 0 0 0 1 6 0 0 88 110 0 0 0 0 0 0 0 0 0 0 0 0 0 0 0 0 0 0 0 0 0 0
0 0 0 0 0 0 0 0 0 0 0 0 0 7 0 0 0 0 0 0 1 17 12 3 1 3 2 0 0 0 8 172 9 10 0 0 0 10 0 0 145 66 0 0 0 0 3 21 251 787 356 218 30 1 0 3 1 3 2 0 2 4 0 0 22 14 22 9 3 54 53 22 12 0 2 30 99 94 113 162 25 48 2 39 17 1 86 4 180 56 44 3 97 9 1 12 3 1 81 295 174 52 26 2 17 14 130 92 8 0 0 0 6 72 0 0 0 0 0 0 0 0 0 0 0 56 67 4 1 3 18 1 0 0 0 0 0 0 0 0 0 0 0 0 0 0 0 0 0 0
0 0 0 0 0 0 0 0 0 0 0 0 0 0 3 0 1 0 0 0 1 10 13 3 2 0 0 0 0 0 0 4 58 7 2 0 274 101 26 26 4 0 0 0 0 0 18 31 69 438 263 142 19 0 0 1 0 2 15 2 0 0 0 0 9 5 25 0 0 6 15 60 57 1 1 1 8 18 21 17 2 34 12 0 0 14 9 1 0 1 3 4 3 5 0 2 3 1 0 0 14 0 8 33 73 79 65 56 75 139 81 19 46 0 0 0 0 0 0 0 0 0 0 10 25 181 73 0 0 0 4 0 0 0 0 0 0 0 0 0 0 0 0 0 0 0 0 0 0 0
0 0 4 0 0 0 0 0 0 0 0 0 0 3 2 1 1 8 0 3 1 0 2 2 0 2 0 1 0 1 1 6 3 7 6 8 18 37 27 12 0 0 0 0 33 105 32 63 5 148 120 27 5 1 6 4 7 27 0 0 0 0 0 0 0 0 1 3 0 0 1 8 237 135 8 7 0 0 0 1 0 14 83 139 2 0 4 0 0 0 0 1 1 6 2 0 0 0 1 9 5 0 1 88 46 48 13 2 73 27 0 136 56 0 0 0 0 0 0 0 0 0 1 103 13 29 33 71 1 0 0 0 0 0 0 0 0 0 0 0 0 0 0 0 0 0 0 0 0 0
0 0 0 0 0 0 0 0 0 0 0 0 0 0 0 0 0 1 0 0 0 0 1 0 0 0 4 1 0 0 0 0 6 32 84 0 1 83 0 0 0 0 0 19 23 33 79 1 17 29 97 32 16 11 60 6 1 29 2 0 0 0 0 0 0 0 0 19 6 3 1 1 4 188 53 14 0 0 0 0 0 3 17 79 16 2 4 1 0 0 2 3 0 1 0 0 9 2 0 8 18 7 3 24 527 0 0 7 0 0 0 1 19 0 0 12 10 0 0 0 0 0 2 0 0 36 40 7 0 0 2 0 0 0 0 0 0 0 0 0 0 0 0 0 0 0 0 0 0 0
0 0 0 0 0 0 0 0 0 0 0 0 0 0 8 1 0 0 4 0 0 1 4 1 0 0 1 2 0 0 0 0 22 27 24 4 0 9 0 0 1 0 0 16 71 14 6 0 21 1 52 7 0 1 0 13 1 1 0 0 2 0 0 1 19 12 0 28 5 5 6 31 1 7 3 10 15 3 0 0 1 0 0 13 0 10 5 5 6 19 0 6 2 2 29 0 1 5 3 1 173 25 18 106 221 147 0 5 0 0 0 0 16 12 18 15 0 0 0 0 0 0 0 0 0 50 14 46 0 0 0 0 0 0 0 2 9 64 0 0 0 0 0 0 0 0 0 0 0 0
0 0 0 0 0 0 0 0 0 0 0 0 0 0 5 1 1 6 0 0 0 6 1 1 0 0 0 18 2 0 0 19 4 6 17 3 0 1 11 6 1 5 3 12 90 12 3 6 5 3 25 14 3 1 0 1 0 6 0 0 0 0 0 0 5 1 0 2 7 3 2 7 0 1 0 1 20 6 0 0 0 0 28 14 8 4 4 17 2 1 15 2 1 0 0 5 0 0 0 4 17 61 3 3 50 198 34 3 0 0 0 0 0 10 10 13 1 0 4 2 0 0 0 0 29 95 5 36 0 0 0 0 0 0 0 0 3 15 0 0 0 0 0 0 0 0 0 0 0 0
0 0 0 0 0 0 0 0 0 0 0 1 0 1 1 3 15 30 8 1 1 11 7 3 0 1 1 3 3 13 26 7 0 68 3 0 1 11 15 15 36 156 23 117 223 7 4 0 2 1 0 25 39 6 0 1 2 0 0 0 0 0 0 0 0 0 0 1 8 72 55 22 10 3 0 4 4 11 0 0 0 0 0 0 0 0 0 10 24 5 8 0 1 1 1 0 0 0 0 0 0 11 21 2 13 561 554 49 4 0 3 0 0 0 1 0 31 209 71 3 0 0 0 35 78 41 51 299 348 3 0 0 0 0 0 11 4 8 0 0 0 0 0 0 0 0 0 0 0 0
0 0 0 0 0 0 0 6 0 3 0 1 7 3 4 10 21 77 4 9 2 5 4 1 0 0 0 10 55 13 6 4 9 3 5 24 9 27 112 201 451 731 475 292 100 9 0 0 4 0 0 5 40 4 1 0 0 0 0 0 0 0 0 0 0 0 0 0 1 2 10 20 15 0 10 18 0 48 6 0 1 7 0 0 10 0 0 0 14 3 7 1 4 8 3 38 2 0 0 0 0 3 19 52 216 395 349 776 7 0 0 0 0 0 0 4 249 98 18 0 0 0 12 38 143 130 685 431 97 24 0 0 0 18 0 14 0 0 0 0 0 0 0 0 0 0 0 0 0 0
0 0 0 0 0 0 0 0 2 14 38 58 30 1 0 3 2 8 4 1 1 4 3 36 7 12 13 3 1 4 12 1 0 3 40 18 4 3 166 277 621 1052 812 576 27 3 2 2 9 0 5 0 49 93 10 17 0 0 0 0 0 0 0 0 0 0 0 0 5 0 8 1 0 0 0 1 0 4 10 0 0 0 0 5 9 0 0 0 4 6 1 0 9 14 8 8 0 2 0 3 0 1 10 10 12 55 3 69 23 0 0 0 2 0 108 79 475 447 42 26 23 13 10 114 131 145 267 394 411 324 69 50 23 83 7 2 0 0 0 0 0 0 0 0 0 0 0 0 0 0
0 0 0 0 0 0 0 1 3 2 8 2 1 0 1 3 0 5 7 5 2 24 114 24 0 0 0 0 1 9 7 2 1 2 6 9 26 90 35 85 645 453 409 163 24 10 13 5 1 6 2 2 22 2 3 4 2 0 0 0 0 0 0 0 0 0 0 0 1 0 4 4 0 0 0 0 7 6 1 0 23 29 13 9 32 0 0 1 28 14 3 1 5 16 0 1 2 1 0 4 5 0 2 3 2 3 0 8 36 1 2 3 4 0 57 861 902 580 108 199 137 162 61 13 2 4 41 133 10 47 13 222 491 55 39 4 0 0 0 0 0 0 0 0 0 0 0 0 0 0
0 0 0 0 0 0 3 2 0 1 2 13 2 3 1 11 0 0 20 29 207 61 7 0 0 0 0 0 3 38 12 2 14 44 24 2 4 2 0 142 561 383 410 227 206 35 6 0 49 6 2 0 5 8 15 3 1 0 0 0 0 0 0 0 0 0 0 0 0 0 1 0 0 0 0 0 0 1 17 0 9 20 48 166 46 0 0 0 2 0 0 0 5 10 0 1 9 2 0 1 0 0 0 1 1 1 3 11 265 155 207 517 120 97 439 1011 549 282 69 309 93 187 7 2 59 23 61 90 9 0 35 142 317 60 57 12 0 0 0 0 0 0 0 0 0 0 0 0 0 0
0 0 17 0 0 0 0 4 2 1 0 18 4 13 2 13 12 22 23 10 37 0 0 0 0 0 0 1 2 14 8 13 53 12 28 8 2 1 2 10 31 121 30 9 11 0 1 0 3 4 3 1 40 2 0 3 5 1 0 0 0 0 0 0 0 0 0 0 1 0 0 0 0 0 0 4 2 34 12 0 1 5 14 5 0 0 0 0 2 2 5 2 0 9 9 10 1 0 0 0 3 0 0 0 0 7 4 6 134 67 215 76 114 340 939 535 435 328 111 295 77 27 0 6 5 6 17 0 0 5 60 236 0 0 6 0 0 0 0 0 0 0 0 0 0 0 0 0 0 0
0 0 2 0 0 4 13 14 1 13 2 0 0 3 27 1 1 17 21 22 11 1 0 0 0 0 0 0 3 6 52 1 17 5 8 2 1 7 1 2 25 10 1 0 3 0 0 0 0 1 0 16 165 11 35 32 23 5 2 0 0 0 0 0 0 0 0 0 0 0 0 0 0 0 0 0 3 4 1 0 0 0 4 0 0 0 0 0 2 0 0 0 1 27 3 0 14 10 0 2 7 0 0 2 0 3 15 123 82 26 9 21 181 259 163 345 159 263 170 165 341 6 0 0 0 0 0 0 0 0 2 51 22 0 0 0 0 0 0 0 0 0 0 0 0 0 0 0 0 0
0 0 1 1 2 0 8 8 2 0 13 0 3 28 5 4 31 3 3 0 5 7 6 0 0 3 0 33 23 12 28 72 12 0 0 2 0 6 1 2 25 11 5 1 2 0 1 0 0 0 1 22 161 67 0 13 3 0 3 0 0 0 0 0 0 0 0 0 0 0 0 0 0 0 0 0 2 20 2 0 0 2 2 0 0 0 0 0 13 1 26 1 20 51 3 7 3 2 0 5 4 0 0 0 0 0 3 59 614 29 0 0 1 3 3 5 1 43 334 656 76 0 0 0 0 1 2 0 0 0 0 1 76 7 0 0 0 0 0 0 0 0 0 0 0 0 0 0 0 0
3 2 3 3 0 0 12 69 6 5 6 13 11 0 3 154 61 18 16 14 0 0 9 6 5 5 6 13 0 1 5 16 3 2 1 0 4 0 0 1 12 1 1 2 2 0 1 0 0 0 0 125 4 50 15 1 4 0 0 0 0 0 0 0 0 0 0 0 0 0 0 0 0 0 0 0 7 17 1 0 0 0 15 0 0 0 1 0 20 0 11 0 2 35 0 0 0 3 7 1 0 1 11 4 3 33 34 38 217 0 0 0 0 0 5 0 0 1 109 337 194 110 0 0 4 47 0 0 0 59 99 18 61 9 0 0 0 0 0 0 0 0 0 0 0 0 0 0 0 0
2 1 0 0 0 1 4 0 0 15 125 9 3 5 25 49 43 35 85 0 0 0 5 2 9 3 3 2 2 1 0 0 0 5 6 0 0 0 0 3 1 91 4 2 0 0 2 2 0 0 0 50 57 40 16 8 2 2 0 0 0 0 0 0 0 0 0 0 0 0 0 0 0 2 0 0 1 43 179 3 0 13 0 0 0 0 3 94 30 1 6 2 3 1 0 21 0 0 3 5 18 26 6 7 2 9 15 15 54 4 0 0 0 7 71 94 214 445 133 251 753 211 0 11 234 30 0 0 0 131 168 0 0 0 0 0 0 0 0 0 0 0 0 0 0 0 0 0 0 0
0 1 3 2 0 0 4 7 17 2 11 92 15 18 0 0 2 2 0 0 0 0 1 7 3 2 6 0 58 37 0 0 0 0 0 0 0 1 2 0 0 24 31 25 10 1 3 1 1 0 0 82 32 3 1 2 0 0 0 2 0 0 0 0 0 0 0 0 0 0 0 0 0 0 0 1 0 8 30 4 0 4 0 0 0 0 1 13 1 0 3 0 1 10 0 0 0 0 3 3 0 1 3 1 13 0 7 22 41 23 0 0 2 0 129 384 773 485 34 42 73 190 266 268 233 1 0 3 9 481 136 0 0 0 0 0 0 0 0 0 0 0 0 0 0 0 0 0 0 0
0 0 4 0 0 0 15 8 0 2 6 28 3 2 0 0 0 0 1 5 3 0 0 3 0 0 11 8 2 2 0 0 1 1 0 0 0 2 19 1 0 7 1 1 6 1 1 0 0 0 3 135 2 4 2 1 1 0 0 4 1 0 0 0 0 0 0 0 0 0 0 0 0 0 0 0 0 8 57 117 18 21 17 2 0 0 10 0 1 0 0 0 4 11 0 0 0 0 0 14 3 1 3 8 5 4 6 1 66 0 0 2 44 46 38 184 8 57 472 220 33 341 942 463 399 278 197 207 939 1530 791 67 0 0 0 0 0 0 0 0 0 0 0 0 0 0 0 0 0 0
0 6 10 0 0 13 10 0 0 8 14 1 1 7 8 5 2 1 2 0 1 0 0 0 0 9 61 6 0 0 0 1 2 0 0 0 0 0 2 22 0 0 1 0 0 1 10 3 6 10 6 318 42 7 1 23 1 4 1 0 0 0 0 2 0 0 0 0 0 0 0 0 0 0 0 0 1 22 46 0 0 43 41 0 0 0 0 0 4 0 0 5 6 12 5 12 12 0 2 1 12 0 3 16 6 9 40 4 155 30 4 27 26 5 3 11 7 225 362 564 675 626 770 806 1454 1206 795 1052 1478 795 1083 4 0 0 0 0 0 0 0 0 0 0 0 0 0 0 0 0 0 0
0 1 0 0 9 4 0 1 20 6 0 1 2 4 5 24 3 7 0 0 0 0 0 0 22 10 12 7 2 0 0 2 1 0 2 1 2 4 0 0 1 0 2 0 0 1 0 0 7 35 700 558 9 63 5 2 1 12 0 1 1 0 0 0 0 0 0 0 0 0 0 0 0 0 0 0 0 0 4 2 0 3 2 0 0 0 0 0 3 0 0 5 59 0 0 0 0 0 2 3 39 3 10 8 23 10 34 30 12 28 28 6 10 6 18 15 10 54 477 1332 1454 688 326 1043 1690 929 251 590 606 5 213 136 0 0 0 0 0 0 0 0 0 0 0 0 0 0 0 0 0 0
2 15 0 10 5 0 1 3 14 9 1 0 8 4 3 1 7 0 0 0 0 0 0 0 1 4 0 1 0 0 0 44 28 0 0 5 1 2 0 0 0 1 0 2 0 1 1 0 38 86 709 977 538 716 58 33 8 3 8 6 2 0 0 0 0 0 0 0 0 0 0 0 0 1 5 0 0 0 0 29 0 2 0 0 0 0 0 14 79 0 0 13 13 0 0 0 0 0 0 3 8 0 19 8 10 133 489 69 12 0 7 5 1 10 2 18 21 14 108 520 445 623 271 1775 1897 872 203 209 74 512 1856 752 10 0 0 0 0 0 0 0 0 0 0 0 0 0 0 0 0 0
2 10 5 25 1 0 21 11 14 3 9 39 1 2 0 0 0 0 0 0 0 0 0 2 0 0 1 1 0 0 1 33 3 4 0 2 2 0 0 0 0 0 0 0 0 4 0 0 0 23 295 471 627 403 139 55 17 2 10 4 3 0 1 0 0 0 0 0 0 0 0 0 0 0 1 0 0 0 0 46 0 6 4 0 0 0 0 24 53 1 2 18 61 0 0 1 0 0 0 5 6 36 29 33 47 38 14 17 0 0 0 3 11 1 1 13 10 18 9 41 323 318 377 632 1215 937 633 394 518 1131 414 519 3 0 7 0 0 0 0 0 0 0 0 0 0 0 0 0 0 0
5 5 6 13 2 10 18 40 3 1 0 10 2 0 0 0 0 0 0 0 0 0 0 0 0 0 0 0 0 1 3 0 2 0 0 0 0 1 2 0 0 0 0 0 0 6 10 34 1 5 41 203 250 36 34 11 8 0 10 0 0 2 0 0 0 0 0 0 0 0 0 0 0 0 0 0 0 0 3 0 3 2 0 0 1 0 28 67 38 4 2 184 136 15 3 0 0 0 0 42 59 11 39 227 43 1 8 1 25 10 1 0 5 4 1 11 3 26 34 40 111 651 522 362 308 707 1044 1601 241 153 87 92 0 0 0 0 0 0 0 0 0 0 0 0 0 0 0 0 0 0
1 1 32 0 1 2 17 72 11 9 8 2 3 3 0 0 0 0 1 0 2 0 0 1 0 0 1 0 0 0 0 0 0 0 0 2 0 0 1 0 0 0 0 0 0 0 0 2 2 16 2 9 202 31 28 1 0 122 119 2 1 2 1 0 0 0 0 0 0 0 0 0 0 0 0 0 0 0 0 0 0 4 27 51 25 32 0 0 20 30 120 90 177 5 20 5 0 4 60 57 40 288 283 544 321 73 62 2 3 6 0 0 0 1 8 5 10 160 28 339 406 629 1556 1541 894 238 1745 2140 1384 0 0 0 0 0 0 0 0 0 0 0 0 0 0 0 0 0 0 0 0 0
1 15 37 0 12 21 11 53 6 6 1 0 0 2 0 0 0 0 0 0 0 1 7 0 0 0 0 1 4 0 0 0 1 5 0 0 0 0 0 0 26 1 0 0 1 0 0 0 8 12 0 7 53 2 23 0 0 12 98 22 3 2 0 0 0 0 0 0 0 0 0 0 0 0 0 0 0 0 0 0 8 4 36 4 0 8 9 11 17 32 94 96 62 9 95 20 10 0 0 17 173 352 850 372 197 52 4 13 1 14 11 0 0 1 9 5 4 267 310 497 789 23 14 104 151 230 437 934 447 2 124 8 0 0 0 0 0 0 0 0 0 0 0 0 0 0 0 0 0 0
20 15 112 0 42 100 59 14 0 2 0 0 3 7 0 4 0 0 0 0 1 0 0 0 0 0 0 0 0 0 0 0 0 0 0 0 0 0 0 0 0 8 1 0 0 2 0 0 3 2 0 5 15 0 1 0 2 5 5 39 1 5 0 0 0 0 0 0 0 0 0 0 0 0 0 0 0 0 0 1 34 69 0 3 37 0 172 28 5 1 2 5 32 3 0 0 0 0 0 13 9 88 1007 255 209 401 22 4 6 8 287 4 0 0 0 23 350 362 84 23 0 0 0 0 32 479 139 471 409 10 34 38 0 0 0 0 0 0 0 0 0 0 0 0 0 0 0 0 0 0
9 44 228 111 563 551 236 81 5 0 0 0 0 0 1 0 0 0 0 0 1 16 0 0 0 0 0 1 0 0 0 0 0 0 1 0 0 0 0 1 1 1 2 22 3 8 0 24 0 0 0 21 17 1 0 1 3 0 18 4 1 5 0 0 0 0 0 0 0 0 0 0 0 0 0 0 0 0 4 39 5 0 0 3 21 5 32 146 38 1 0 0 0 0 0 0 0 0 0 0 0 209 585 313 124 134 13 2 6 9 8 4 0 0 11 70 131 2 18 41 0 0 0 0 6 464 250 621 251 25 113 5 0 0 0 0 0 0 0 0 0 0 0 0 0 0 0 0 0 0
2 104 398 1154 555 463 160 181 0 0 0 1 5 0 0 2 3 1 1 0 1 2 0 0 8 0 0 2 0 0 0 0 0 0 1 0 0 0 0 0 1 2 1 6 2 0 0 21 75 0 0 0 22 0 1 1 7 0 2 0 0 1 0 0 0 0 0 0 0 0 0 0 0 0 0 0 1 84 5 0 0 0 0 0 0 0 33 41 6 0 1 1 0 0 0 5 0 0 0 0 12 47 17 33 158 123 0 1 0 1 16 7 19 16 11 2 2 9 8 47 16 42 4 0 21 89 81 229 72 3 2 0 0 0 0 0 0 0 0 0 0 0 0 0 0 0 0 0 0 0
0 11 307 346 158 142 98 26 6 3 0 0 0 0 0 0 0 0 0 2 3 4 0 0 3 0 0 4 4 5 4 0 0 0 1 0 0 0 0 0 0 0 0 0 0 1 1 3 6 10 0 0 0 0 0 2 0 0 0 0 2 0 0 0 0 0 0 0 0 0 0 1 0 0 0 0 1 0 0 0 0 0 0 0 0 0 79 6 4 19 34 0 0 0 68 27 1 0 0 302 588 177 288 188 19 123 99 2 6 1 6 55 26 2 0 0 0 0 11 91 97 55 205 267 80 51 5 0 0 0 1 0 0 0 0 0 0 0 0 0 0 0 0 0 0 0 0 0 0 0
7 35 73 75 119 25 3 2 0 3 24 2 0 0 0 0 1 0 0 0 0 58 0 1 0 0 1 0 0 0 0 0 0 0 0 1 2 0 0 0 0 0 0 0 0 30 1 1 0 0 0 0 2 0 1 19 0 0 0 0 0 0 0 0 0 0 0 0 0 0 0 0 0 0 0 0 11 10 0 0 0 0 0 0 0 0 47 0 0 32 40 1 0 0 42 162 83 5 176 1407 348 470 244 68 3 33 57 59 2 17 26 0 0 0 0 0 1 16 66 29 74 33 26 65 37 66 91 28 80 30 33 0 0 1 0 0 0 0 0 0 0 0 0 0 0 0 0 0 0 0
30 11 42 5 1 0 1 2 0 0 1 0 1 0 0 0 0 1 0 0 2 16 3 1 0 0 0 0 0 9 1 0 0 8 8 0 0 0 0 0 0 0 0 1 0 10 2 5 0 0 0 0 2 2 55 14 3 0 0 0 0 0 0 0 0 0 0 0 0 0 0 0 0 0 28 75 1 0 0 0 0 0 0 0 0 0 6 7 0 0 107 8 11 17 154 305 115 10 183 130 15 3 19 15 13 0 0 157 654 137 1 1 0 12 40 0 0 8 10 2 42 2 5 1 42 72 78 60 472 74 54 0 0 0 0 0 0 0 0 0 0 0 0 0 0 0 0 0 0 0
23 0 4 3 0 0 4 0 0 0 0 6 0 0 0 1 0 0 0 0 0 0 0 11 0 0 0 0 1 0 15 129 3 0 1 0 0 0 0 0 3 0 0 0 0 1 1 0 0 0 0 1 2 2 45 5 0 0 0 0 0 0 0 0 0 0 0 0 0 0 0 0 0 0 17 32 0 0 0 0 0 0 0 0 0 0 78 64 180 74 105 30 23 16 0 48 8 7 0 3 8 28 3 1 3 6 152 319 145 37 3 0 1 0 3 0 0 9 0 0 3 8 5 29 3 120 70 202 217 227 52 1 0 0 0 0 0 0 0 0 0 0 0 0 0 0 0 0 0 0
2 2 0 2 2 0 0 0 0 0 0 0 0 0 0 0 0 1 0 0 0 0 0 0 0 0 0 0 5 2 1 5 0 0 4 4 0 0 0 0 0 0 0 0 0 4 1 0 0 0 0 1 3 41 31 1 1 0 0 0 0 0 0 0 0 0 0 0 0 0 0 6 4 6 1 0 0 0 0 0 0 0 0 0 0 0 2 0 141 8 0 0 0 1 0 52 2 2 11 0 0 3 1 12 6 206 781 430 65 93 0 0 0 0 0 0 0 0 71 25 1 28 1 24 12 10 95 78 5 41 10 47 0 0 0 0 0 0 0 0 0 0 0 0 0 0 0 0 0 0
0 0 0 2 2 0 0 0 0 0 0 0 0 0 0 0 0 0 0 3 0 0 0 4 0 0 0 0 0 2 1 2 0 0 1 1 0 0 0 0 0 1 0 0 0 0 0 0 0 0 3 1 3 80 15 7 105 0 0 0 0 0 0 0 0 0 0 0 0 0 0 9 3 1 0 0 0 0 0 0 0 0 0 0 0 0 1 0 0 0 0 0 4 24 0 0 1 2 5 1 0 2 2 0 66 76 221 9 79 130 0 0 0 0 0 0 0 0 0 6 0 19 14 54 112 31 212 52 35 44 9 0 0 0 0 0 0 0 0 0 0 0 0 0 0 0 0 0 0 0
0 0 0 0 1 32 0 0 0 0 0 0 0 0 0 1 3 1 0 0 0 0 0 0 0 0 1 0 0 0 0 1 0 0 1 1 0 0 0 0 0 0 2 1 3 0 0 0 0 0 13 0 9 0 3 0 6 2 0 0 0 0 0 0 0 0 0 2 1 10 3 0 0 0 0 0 0 0 0 0 0 0 0 0 0 1 2 1 0 0 0 24 162 8 2 0 1 0 1 4 1 27 26 11 107 42 0 10 7 10 7 0 0 0 0 0 0 0 0 0 7 8 3 50 1 0 0 445 16 7 0 0 0 0 0 0 0 0 0 0 0 0 0 0 0 0 0 0 0 0
1 0 0 0 41 24 0 0 0 0 0 0 0 0 1 0 0 0 1 0 0 0 0 0 0 0 2 2 11 0 1 0 0 0 0 0 0 0 2 0 0 0 0 2 1 4 0 0 0 1 0 1 0 3 0 1 14 2 0 0 0 0 0 0 0 0 0 0 12 5 0 0 0 0 0 0 0 0 0 0 0 0 0 0 0 0 0 5 43 36 136 388 192 21 0 0 0 0 0 49 62 238 215 36 16 17 11 0 0 9 9 0 1 0 0 0 0 0 0 0 1 0 0 0 0 97 430 86 0 0 0 0 0 0 0 0 0 0 0 0 0 0 0 0 0 0 0 0 0 0
0 0 0 0 1 2 1 0 0 0 0 0 2 2 0 0 0 0 1 0 0 0 0 0 0 0 1 0 0 5 0 0 0 0 0 1 0 0 0 0 0 0 0 0 2 8 0 0 0 2 6 0 0 7 6 1 0 0 0 0 0 0 0 0 0 0 0 0 16 4 0 0 0 0 0 0 0 0 0 0 0 0 0 0 2 4 6 2 201 133 248 103 59 18 0 0 2 4 1 68 127 105 59 20 0 0 4 0 0 1 5 2 0 1 0 0 0 0 0 8 9 49 47 0 0 238 140 0 0 0 0 0 0 0 0 0 0 0 0 0 0 0 0 0 0 0 0 0 0 0
1 0 0 0 1 3 0 0 0 0 0 1 19 14 0 0 0 1 1 1 0 0 0 0 0 5 19 1 0 13 0 0 0 0 1 4 2 0 0 0 0 0 0 0 1 6 5 0 0 1 5 0 2 17 9 1 0 0 0 0 0 0 0 0 0 0 4 9 320 0 0 0 0 0 0 0 0 0 0 0 0 0 0 0 5 9 41 4 4 10 0 1 16 9 21 2 0 1 48 26 175 0 0 3 0 0 0 3 1 33 19 14 0 0 1 0 0 0 0 0 0 0 0 0 5 0 0 0 0 0 0 0 0 0 0 0 0 0 0 0 0 0 0 0 0 0 0 0 0 0
0 0 0 2 0 0 9 1 0 0 0 0 0 0 1 0 0 2 0 0 0 0 0 0 0 0 0 2 0 4 0 0 0 0 1 1 0 0 0 0 0 0 1 0 0 0 1 2 0 3 0 0 0 7 7 4 2 1 2 0 0 0 0 0 0 0 22 61 20 0 0 1 0 0 0 0 0 0 0 0 0 0 0 19 58 1 0 7 6 18 4 2 8 0 3 7 2 26 11 26 50 11 6 0 5 0 1 21 84 204 153 287 9 15 1 1 0 0 0 0 0 0 0 0 0 0 0 0 0 0 0 0 0 0 0 0 0 0 0 0 0 0 0 0 0 0 0 0 0 0
0 0 0 1 3 4 0 0 0 0 0 0 0 0 0 1 0 0 0 0 0 0 0 0 5 0 0 0 0 0 0 0 0 0 0 0 0 0 0 0 0 0 0 0 0 0 0 3 12 2 0 0 0 5 1 62 145 1 6 0 0 0 0 0 0 9 205 93 3 0 1 1 0 0 0 0 0 0 0 0 0 0 0 30 49 0 4 3 13 4 24 11 2 0 2 4 46 20 117 1 1 1 12 23 2 1 32 29 72 30 197 40 28 0 12 0 0 0 0 0 0 0 0 0 0 0 0 0 0 0 0 0 0 0 0 0 0 0 0 0 0 0 0 0 0 0 0 0 0 0
0 1 0 1 0 0 0 1 0 0 0 0 0 0 1 0 0 0 0 0 0 0 0 0 1 0 0 1 0 2 0 0 0 0 0 1 1 0 0 0 0 0 0 0 0 2 3 6 64 2 0 0 0 0 5 3 20 22 39 5 2 1 2 7 9 8 0 2 0 1 1 0 0 0 0 0 0 0 0 0 0 0 0 0 0 0 0 12 5 6 1 0 1 0 11 125 4 0 0 0 0 0 1 0 35 44 272 811 284 58 12 0 6 6 0 0 0 0 0 0 0 0 0 0 0 0 0 0 0 0 0 0 0 0 0 0 0 0 0 0 0 0 0 1 0 0 0 0 0 0
0 0 2 0 0 63 2 5 0 0 6 1 0 2 0 0 0 0 0 0 0 0 0 0 0 0 0 0 0 0 0 0 0 0 0 0 0 0 5 0 6 1 0 0 1 0 24 15 4 1 1 0 4 2 3 1 0 0 0 8 0 0 0 1 4 0 0 5 0 11 0 7 0 0 0 0 0 0 0 0 0 0 0 0 0 0 0 1 0 0 8 8 3 2 100 16 2 0 0 0 0 4 0 28 54 71 151 400 121 169 93 112 33 0 0 0 0 0 0 0 0 0 0 0 0 0 0 0 0 0 0 0 0 0 0 0 0 0 0 0 0 0 0 0 0 0 0 0 0 0
0 0 0 0 14 48 1 0 0 7 0 0 0 0 0 0 4 0 0 0 0 0 0 0 0 0 0 0 0 0 0 0 1 0 0 0 0 1 0 0 0 1 5 0 7 1 3 2 2 1 4 0 2 1 2 0 1 3 3 5 0 0 0 1 0 6 3 0 4 0 0 0 2 1 0 0 0 0 0 0 0 0 0 0 0 0 0 0 1 1 0 0 21 40 1 45 184 0 0 0 0 0 0 58 125 181 0 0 0 22 0 13 5 0 0 0 0 0 0 0 0 0 0 0 0 0 0 0 0 0 0 0 0 0 0 0 0 0 0 0 0 0 0 0 0 0 0 0 0 0
0 0 1 0 1 1 0 0 5 3 1 0 0 2 0 0 0 0 2 0 0 0 0 0 0 0 0 0 0 0 0 3 2 5 0 0 0 0 0 0 1 1 0 6 0 0 0 1 1 6 0 1 1 0 0 0 0 0 9 6 4 7 0 0 0 0 0 0 0 0 2 1 3 0 0 0 0 0 0 0 0 0 0 0 0 0 0 0 0 0 0 34 63 14 34 171 242 0 0 0 0 0 0 4 16 0 0 0 0 0 27 84 0 0 0 0 0 0 0 0 0 0 0 0 0 0 0 0 0 0 0 0 0 0 0 0 0 0 0 0 0 0 11 18 19 0 0 0 0 0
0 0 0 0 0 2 0 0 0 4 0 0 1 0 1 0 0 0 0 0 0 0 0 0 0 0 0 0 0 0 0 0 0 1 0 0 0 0 0 0 0 0 1 1 0 0 0 0 0 1 2 0 4 2 0 0 0 0 5 5 7 0 0 0 0 0 0 0 0 0 3 1 0 1 0 0 0 0 0 0 0 0 0 0 0 0 0 0 23 5 35 29 180 138 25 0 1 0 0 0 0 0 0 1 1 0 0 0 0 121 102 5 1 0 0 0 0 0 0 0 0 0 0 0 0 0 0 0 0 0 0 0 0 0 0 0 0 0 0 0 0 0 0 9 0 0 0 0 0 0
0 0 1 0 1 0 0 0 0 0 0 0 0 3 1 0 0 0 0 0 0 0 0 0 0 0 0 0 0 0 0 0 0 0 0 0 0 0 0 0 0 0 0 0 0 0 0 0 0 0 5 3 3 0 0 1 0 0 1 4 2 0 0 0 0 0 0 0 0 0 2 0 0 0 0 0 0 0 0 0 0 0 0 0 0 0 0 0 0 0 16 89 368 0 1 6 1 0 0 0 0 0 0 3 3 2 0 12 7 8 55 20 0 0 0 0 0 0 0 0 0 0 0 0 0 0 0 0 0 0 0 0 0 0 0 0 0 0 0 0 0 0 0 0 0 0 0 0 0 0
0 0 0 0 1 0 0 0 0 0 0 1 2 0 0 2 0 0 2 1 0 0 0 1 0 0 0 0 0 0 0 0 0 0 1 0 0 0 0 0 0 0 3 0 0 0 0 0 0 0 3 17 0 0 0 4 6 3 4 21 4 0 0 0 0 0 0 0 0 0 0 75 1 0 0 0 0 0 0 0 0 0 0 0 0 0 0 0 0 1 20 18 5 3 16 2 0 0 0 0 0 0 0 0 0 0 0 0 0 0 0 0 0 0 0 0 0 0 0 0 0 0 0 0 0 0 0 0 0 0 0 0 0 0 0 0 0 0 0 0 0 0 0 0 0 0 0 0 0 0
0 0 0 0 0 0 0 0 0 0 0 1 0 0 0 0 0 0 0 0 0 6 2 12 0 0 0 0 0 0 0 0 0 0 0 0 1 0 0 0 0 0 0 0 0 0 0 0 0 0 0 27 0 5 4 5 0 3 0 0 0 7 7 3 0 0 0 0 0 0 0 8 2 2 7 0 0 0 0 0 0 0 0 0 0 0 0 0 0 4 1 21 15 34 20 0 0 0 0 0 0 0 0 0 0 0 0 0 0 0 0 0 0 0 0 0 0 0 0 0 0 0 0 0 0 0 0 0 0 0 0 0 0 0 0 0 0 0 0 0 0 0 0 0 0 0 0 0 0 0
0 0 0 0 0 0 0 0 0 0 0 0 1 0 0 0 0 0 0 0 0 0 0 0 12 0 0 0 1 0 0 0 0 0 0 0 0 0 0 0 0 0 0 0 0 0 0 0 0 1 3 32 22 2 3 0 1 0 0 2 0 27 80 3 0 0 0 0 0 0 0 0 0 0 8 0 0 0 0 0 0 0 0 0 0 0 0 0 0 1 24 10 0 53 44 86 0 1 0 0 0 0 0 0 0 0 0 0 0 0 0 0 0 0 0 0 0 0 0 0 0 0 0 0 0 0 0 0 0 0 0 0 0 0 0 0 0 0 0 0 0 0 0 0 0 0 0 0 0 0
0 0 0 0 0 0 0 0 0 0 0 0 1 3 0 0 0 0 0 0 0 2 0 0 0 1 0 0 0 1 1 0 0 0 0 0 0 0 0 0 2 0 0 0 0 0 0 0 0 7 9 26 223 12 27 0 0 1 5 0 0 9 0 0 0 0 0 0 0 0 0 0 0 1 0 0 0 0 0 0 0 0 0 0 0 0 0 0 0 0 0 4 22 15 16 7 0 0 0 0 0 0 0 0 0 0 0 0 0 0 0 0 0 0 0 0 0 0 0 0 0 0 0 0 0 0 0 0 0 0 0 0 0 0 0 0 0 0 0 0 0 0 0 0 0 0 0 0 0 0
0 0 0 0 0 0 0 0 1 0 1 0 11 4 1 0 0 0 0 0 0 5 0 0 1 0 1 0 0 0 0 0 0 0 0 0 0 0 0 0 0 0 0 0 0 0 0 0 4 14 0 18 194 1 17 0 0 3 0 0 0 12 3 0 0 0 0 0 0 0 0 0 0 0 0 0 0 0 0 0 0 0 0 0 0 0 0 0 0 0 0 3 5 9 5 1 21 3 0 11 0 0 0 0 0 0 0 0 0 0 0 0 0 0 0 0 0 0 0 0 0 0 0 0 0 0 0 0 0 0 0 0 0 0 0 0 0 0 0 0 0 0 0 0 0 0 0 0 0 0
0 0 0 0 0 0 0 0 1 2 0 1 0 0 1 0 1 0 0 0 0 0 0 0 2 2 0 0 0 0 0 0 0 2 0 1 0 0 0 0 0 0 0 0 0 0 0 8 0 0 2 5 24 0 0 0 0 0 3 5 13 5 0 0 0 0 0 0 0 0 0 0 0 0 0 0 0 0 0 0 0 0 0 0 0 0 0 0 0 0 0 0 0 1 0 0 10 1 7 0 0 0 0 0 0 0 0 0 0 0 0 0 0 0 0 0 0 0 0 0 0 0 0 0 0 0 0 0 0 0 0 0 0 0 0 0 0 0 0 0 0 0 0 0 0 0 0 0 0 0
2 0 1 0 0 0 0 0 0 0 0 0 0 0 0 0 0 0 0 0 0 0 0 1 0 0 1 0 0 0 0 0 1 0 45 0 0 5 0 0 0 0 0 0 0 4 30 6 0 0 0 0 0 0 0 0 0 0 0 1 5 0 2 0 0 0 0 0 0 0 0 0 0 0 0 0 0 0 0 0 0 0 0 0 0 0 0 0 15 0 0 0 0 0 0 6 16 12 0 0 0 0 0 0 0 0 0 0 0 0 0 0 0 0 0 0 0 0 0 0 0 0 0 0 0 0 0 0 0 0 0 0 0 0 0 0 0 0 0 0 0 0 0 0 3 21 0 0 0 0
1 0 0 0 0 0 0 0 0 0 0 1 0 0 0 0 0 0 0 5 2 2 1 0 0 0 0 0 0 0 0 4 0 0 1 0 0 3 0 0 0 0 0 0 4 3 13 0 0 0 0 0 0 0 0 0 0 0 0 0 2 0 0 0 0 0 0 0 0 0 0 0 3 0 0 0 0 0 0 0 0 0 0 0 0 0 0 0 0 0 0 0 0 0 8 2 3 5 0 2 7 13 0 0 0 0 0 0 0 0 0 0 0 0 0 0 0 0 0 0 0 0 0 0 0 0 0 0 0 0 0 0 0 0 0 0 0 0 0 0 0 0 0 0 0 0 0 0 0 0
0 0 0 0 1 0 0 0 0 0 0 3 0 0 0 0 0 0 1 0 1 0 0 0 0 0 0 0 0 0 0 0 0 0 0 0 0 0 0 0 0 0 0 0 6 0 0 0 0 0 0 0 0 0 0 0 0 0 0 0 2 0 0 0 0 0 0 0 0 0 8 6 0 0 0 0 0 0 0 0 0 0 0 0 0 0 0 0 0 0 0 0 0 0 7 0 0 0 0 0 0 9 0 0 0 0 0 0 0 0 0 0 0 0 0 0 0 0 0 0 0 0 0 0 0 0 0 0 0 0 0 0 0 0 0 0 0 0 0 0 0 0 0 0 0 0 0 0 0 0
0 0 0 0 0 0 0 0 0 2 2 2 5 0 0 1 5 0 0 0 0 0 0 0 0 0 0 0 0 0 0 0 0 0 0 0 0 0 0 0 0 0 0 9 3 1 0 0 0 0 0 0 0 0 0 0 0 0 0 2 9 0 0 0 0 0 0 0 0 0 5 0 0 0 0 0 0 0 0 0 0 0 0 0 0 0 0 0 0 0 0 0 0 0 1 8 18 0 0 0 0 0 0 0 0 0 0 0 0 0 0 0 0 0 0 0 0 0 0 0 0 0 0 0 0 0 0 0 0 0 0 0 0 0 0 0 0 0 0 0 0 0 0 0 0 0 0 0 0 0
0 0 0 0 0 0 1 0 1 1 0 2 15 4 1 26 5 1 0 0 0 0 0 0 0 0 0 0 0 0 0 0 0 0 0 0 0 0 0 0 0 0 0 12 2 0 0 0 0 0 0 0 0 0 0 0 0 0 0 20 4 0 0 0 0 0 0 0 21 0 0 0 0 0 0 0 0 0 0 0 0 0 0 0 0 0 0 0 0 0 1 0 0 0 0 0 1 0 4 3 0 0 0 0 0 0 0 0 0 0 0 0 0 0 0 0 0 0 0 0 0 0 0 0 0 0 0 0 0 0 0 0 0 0 0 0 0 0 0 0 0 0 0 0 0 0 0 0 0 0
0 0 0 0 0 1 0 0 0 1 0 0 3 0 0 0 3 8 11 0 0 0 0 0 0 4 0 0 0 0 0 0 0 0 0 0 1 2 2 2 0 0 35 1 0 0 0 0 0 0 0 0 0 0 0 0 0 0 0 0 15 11 2 0 0 0 0 2 99 67 1 0 0 0 0 0 0 0 0 0 0 0 0 0 0 0 0 0 0 0 0 0 0 0 0 0 0 1 0 0 0 0 0 0 0 0 0 0 0 0 0 0 0 0 0 0 0 0 0 0 0 0 0 0 0 0 0 0 0 0 0 0 0 0 0 0 0 0 0 0 0 0 0 0 0 0 0 0 0 0
3 1 1 1 0 0 0 0 0 0 3 6 34 7 0 2 24 2 4 10 0 0 2 40 3 2 0 0 0 65 2 2 0 0 2 1 5 11 9 5 0 0 82 0 0 0 0 0 0 0 0 0 0 0 0 0 0 0 0 0 0 0 0 3 91 45 17 0 0 0 0 0 0 0 0 0 0 0 0 0 0 0 0 0 0 0 0 0 0 0 0 0 0 0 0 0 0 0 0 0 0 0 0 0 0 0 0 0 0 0 0 0 0 0 0 0 0 0 0 0 0 0 0 0 0 0 0 0 0 0 0 0 0 0 0 0 0 0 0 0 0 0 0 0 0 0 0 0 0 0
5 60 3 0 1 0 0 0 0 0 1 4 6 0 0 2 5 0 1 2 8 178 43 16 4 0 0 0 0 0 3 0 0 0 2 14 37 5 0 0 4 44 20 0 0 0 0 0 0 0 0 0 0 0 0 0 0 0 0 0 0 0 0 0 2 0 0 0 0 0 0 0 0 0 0 0 0 0 0 0 0 0 0 0 0 0 0 0 0 0 0 0 0 0 0 0 0 0 0 0 0 0 0 0 0 0 0 0 0 0 0 0 0 0 0 0 0 0 0 0 0 0 0 0 0 0 0 0 0 0 0 0 0 0 0 0 0 0 0 0 0 0 0 0 0 0 0 0 0 0
17 32 11 1 7 1 1 1 0 0 1 0 7 0 0 1 9 5 0 4 2 157 15 18 23 4 0 0 20 8 5 0 0 0 0 0 7 1 1 3 17 158 0 0 0 0 0 0 0 0 0 0 0 0 0 0 0 0 0 0 0 0 0 0 1 0 0 0 0 0 0 0 0 0 0 0 0 0 0 0 0 0 0 0 0 0 0 0 1 5 0 0 0 0 0 0 0 0 0 0 0 0 0 0 0 0 0 0 0 0 0 0 0 0 0 0 0 0 0 0 0 0 0 0 0 0 0 0 0 0 0 0 0 0 0 0 0 0 0 0 0 0 0 0 0 0 0 0 0 0
0 0 0 0 1 0 0 0 0 0 0 3 36 0 0 0 0 0 0 4 0 6 3 1 14 9 4 1 1 3 0 0 0 0 2 3 1 8 0 0 0 4 0 0 0 0 0 0 0 0 0 0 0 0 0 0 0 0 0 0 0 0 0 0 0 0 0 0 0 0 0 0 0 0 0 0 0 0 0 0 0 0 0 0 0 0 0 0 0 0 0 0 0 0 0 0 0 0 0 0 0 0 0 0 0 0 0 0 0 0 0 0 0 0 0 0 0 0 0 0 0 0 0 0 0 0 0 0 0 0 0 0 0 0 0 0 0 0 0 0 0 0 0 0 0 0 0 0 0 0
0 0 0 0 0 0 0 0 0 0 0 0 0 1 0 0 0 0 1 6 0 0 0 0 7 11 12 6 16 6 7 1 2 8 13 2 0 0 0 0 0 1 0 0 0 0 0 0 0 0 0 0 0 0 0 0 0 0 0 0 0 0 0 0 0 0 0 0 0 0 0 0 0 0 0 0 0 0 0 0 0 0 0 0 0 0 0 0 0 0 0 0 0 0 0 0 0 0 0 0 0 0 0 0 0 0 0 0 0 0 0 0 0 0 0 0 0 0 0 0 0 0 0 0 0 0 0 0 0 0 0 0 0 0 0 0 0 0 0 0 0 0 0 0 0 0 0 0 0 0
0 0 0 0 0 0 0 0 0 0 0 0 0 1 0 0 0 0 0 1 0 0 0 0 1 0 0 2 345 51 2 6 5 15 3 0 10 0 0 0 0 0 0 0 0 0 0 0 0 0 0 0 0 0 0 0 0 0 0 0 0 0 0 0 0 0 0 0 0 0 0 0 0 0 0 0 0 0 0 0 0 0 0 0 0 0 0 0 0 0 0 0 0 0 0 0 0 0 0 0 0 0 0 0 0 0 0 0 0 0 0 0 0 0 0 0 0 0 0 0 0 0 0 0 0 0 0 0 0 0 0 0 0 0 0 0 0 0 0 0 0 0 0 0 0 0 0 0 0 0
0 0 0 0 0 0 0 0 0 0 0 0 0 0 0 0 0 0 0 0 0 0 0 0 0 2 2 8 0 1 2 0 2 3 0 1 14 0 0 0 0 1 0 0 0 0 0 0 0 0 0 0 0 0 0 0 0 0 0 0 0 0 0 0 0 0 0 0 0 0 0 0 0 0 0 0 0 0 0 0 0 0 0 0 0 0 0 0 0 0 0 0 0 0 0 0 0 0 0 0 0 0 0 0 0 0 0 0 0 0 0 0 0 0 0 0 0 0 0 0 0 0 0 0 0 0 0 0 0 0 0 0 0 0 0 0 0 0 0 0 0 0 0 0 0 0 0 0 0 0
0 0 0 0 0 0 0 0 0 0 0 1 0 1 0 0 0 0 0 0 0 0 0 0 5 1 19 0 0 0 11 1 0 1 0 0 0 2 0 0 0 0 0 0 0 0 0 0 0 0 0 0 0 0 0 0 0 0 0 0 0 0 0 0 0 0 0 0 0 0 0 0 0 0 0 0 0 0 0 0 0 0 0 0 0 0 0 0 0 0 0 0 0 0 0 0 0 0 0 0 0 0 0 0 0 0 0 0 0 0 0 0 0 0 0 0 0 0 0 0 0 0 0 0 0 0 0 0 0 0 0 0 0 0 0 0 0 0 0 0 0 0 0 0 0 0 0 0 0 0
0 0 0 0 0 0 0 1 0 0 0 1 8 4 0 0 0 0 0 0 0 0 0 0 0 0 0 1 0 0 0 0 11 0 0 0 6 3 0 0 0 0 0 0 0 0 0 0 0 0 0 0 0 0 0 0 0 0 0 0 0 0 0 0 0 0 0 0 0 0 0 0 0 0 0 0 0 0 0 0 0 0 0 0 0 0 0 0 0 0 0 0 0 0 0 0 0 0 0 0 0 0 0 0 0 0 0 0 0 0 0 0 0 0 0 0 0 0 0 0 0 0 0 0 0 0 0 0 0 0 0 0 0 0 0 0 0 0 0 0 0 0 0 0 0 0 0 0 0 0
1 0 0 0 0 0 0 0 0 0 0 2 2 1 0 0 0 0 0 0 0 0 0 0 0 0 0 23 1 1 2 0 0 0 0 0 0 0 0 0 0 0 0 0 0 0 0 0 0 0 0 0 0 0 0 0 0 0 0 0 0 0 0 0 0 0 0 0 0 0 0 0 0 0 0 0 0 0 0 0 0 0 0 0 0 0 0 0 0 0 0 0 0 0 0 0 0 0 0 0 0 0 0 0 0 0 0 0 0 0 0 0 0 0 0 0 0 0 0 0 0 0 0 0 0 0 0 0 0 0 0 0 0 0 0 0 0 0 0 0 0 0 0 0 0 0 0 0 0 0
0 0 0 0 0 0 0 0 0 0 1 0 0 0 0 0 0 0 0 0 0 0 0 0 0 0 0 6 1 0 0 0 4 3 0 0 0 0 0 0 0 0 0 0 0 0 0 0 0 0 0 0 0 0 0 0 0 0 0 0 0 0 0 0 0 0 0 0 0 0 0 0 0 0 0 0 0 0 0 0 0 0 0 0 0 0 0 0 0 0 0 0 0 0 0 0 0 0 0 0 0 0 0 0 0 0 0 0 0 0 0 0 0 0 0 0 0 0 0 0 0 0 0 0 0 0 0 0 0 0 0 0 0 0 0 0 0 0 0 0 0 0 0 0 0 0 0 0 0 0
0 0 0 0 0 0 0 0 0 0 3 1 0 3 0 0 0 0 0 0 0 0 0 0 0 0 0 0 0 0 0 0 1 0 0 0 0 0 0 0 1 0 0 0 0 0 0 0 0 0 0 0 0 0 0 0 0 0 0 0 0 0 0 0 0 0 0 0 0 0 0 0 0 0 0 0 0 0 0 0 0 0 0 0 0 0 0 0 0 0 0 0 0 0 0 0 0 0 0 0 0 0 0 0 0 0 0 0 0 0 0 0 0 0 0 0 0 0 0 0 0 0 0 0 0 0 0 0 0 0 0 0 0 0 0 0 0 0 0 0 0 0 0 0 0 0 0 0 0 0
0 0 0 0 0 0 0 0 0 0 1 0 0 1 0 0 0 0 0 0 0 0 0 0 0 0 0 0 0 0 0 0 0 0 0 0 0 0 0 0 0 0 0 0 0 0 0 0 0 0 0 0 0 0 0 0 0 0 0 0 0 0 0 0 0 0 0 0 0 0 0 0 0 0 0 0 0 0 0 0 0 0 0 0 0 0 0 0 0 0 0 0 0 0 0 0 0 0 0 0 0 0 0 0 0 0 0 0 0 0 0 0 0 0 0 0 0 0 0 0 0 0 0 0 0 0 0 0 0 0 0 0 0 0 0 0 0 0 0 0 0 0 0 0 0 0 0 0 0 0
0 0 0 0 0 0 0 0 0 0 1 0 0 0 0 0 0 0 0 0 0 0 0 0 0 0 0 0 0 0 0 0 0 0 0 0 0 0 0 0 0 0 0 0 0 0 0 0 0 0 0 2 0 0 0 0 0 0 0 0 0 0 0 0 0 0 0 0 0 0 0 0 0 0 0 0 0 0 0 0 0 0 0 0 0 0 0 0 0 0 0 0 0 0 0 0 0 0 0 0 0 0 0 0 0 0 0 0 0 0 0 0 0 0 0 0 0 0 0 0 0 0 0 0 0 0 0 0 0 0 0 0 0 0 0 0 0 0 0 0 0 0 0 0 0 0 0 0 0 0
0 0 1 1 0 0 0 0 18 20 0 0 0 0 0 0 0 0 0 0 0 0 0 0 0 0 0 0 0 0 0 0 0 0 0 0 0 0 0 0 0 0 0 0 0 0 0 0 1 4 2 1 0 0 0 0 0 0 0 0 0 0 0 0 0 0 0 0 0 0 0 0 0 0 0 0 0 0 0 0 0 0 0 0 0 0 0 0 0 0 0 0 0 0 0 0 0 0 0 0 0 0 0 0 0 0 0 0 0 0 0 0 0 0 0 0 0 0 0 0 0 0 0 0 0 0 0 0 0 0 0 0 0 0 0 0 0 0 0 0 0 0 0 0 0 0 0 0 0 0
0 1 0 0 4 3 14 18 40 3 0 0 0 0 0 0 0 0 0 0 0 0 0 0 0 0 0 0 0 0 0 0 0 0 0 0 0 0 0 0 0 0 0 0 0 0 0 0 0 34 42 0 1 0 2 0 0 0 0 0 0 0 0 0 0 0 0 0 0 0 0 0 0 0 0 0 0 0 0 0 0 0 0 0 0 0 0 0 0 0 0 0 0 0 0 0 0 0 0 0 0 0 0 0 0 0 0 0 0 0 0 0 0 0 0 0 0 0 0 0 0 0 0 0 0 0 0 0 0 0 0 0 0 0 0 0 0 0 0 0 0 0 0 0 0 0 0 0 0 0
1 0 0 0 0 0 25 40 0 0 0 0 0 0 0 0 0 0 0 0 0 0 0 0 0 0 0 0 0 0 0 0 0 0 0 0 0 0 0 0 0 0 0 0 0 0 0 0 0 0 0 0 2 0 0 0 0 0 0 0 0 0 0 0 0 0 0 0 0 0 0 0 0 0 0 0 0 0 0 0 0 0 0 0 0 0 0 0 0 0 0 0 0 0 0 0 0 0 0 0 0 0 0 0 0 0 0 0 0 0 0 0 0 0 0 0 0 0 0 0 0 0 0 0 0 0 0 0 0 0 0 0 0 0 0 0 0 0 0 0 0 0 0 0 0 0 0 0 0 0
0 0 0 0 0 0 0 0 0 0 0 0 0 0 0 0 0 0 0 0 0 0 0 0 0 0 0 0 0 0 0 0 0 0 0 0 0 0 0 0 0 0 0 0 0 0 0 0 0 0 0 0 11 40 0 0 0 0 0 0 0 0 0 0 0 0 0 0 0 0 0 0 0 0 0 0 0 0 0 0 0 0 0 0 0 0 0 0 0 0 0 0 0 0 0 0 0 0 0 0 0 0 0 0 0 0 0 0 0 0 0 0 0 0 0 0 0 0 0 0 0 0 0 0 0 0 0 0 0 0 0 0 0 0 0 0 0 0 0 0 0 0 0 0 0 0 0 0 0 0
0 0 0 0 0 0 0 0 0 0 0 0 0 0 0 0 0 0 0 0 0 0 0 0 0 0 0 0 0 0 0 0 0 0 0 0 0 0 0 0 0 0 0 0 0 0 0 0 0 0 0 0 1 6 0 0 0 0 0 0 0 0 0 0 0 0 0 0 0 0 0 0 0 0 0 0 0 0 0 0 0 0 0 0 0 0 0 0 0 0 0 0 0 0 0 0 0 0 0 0 0 0 0 0 0 0 0 0 0 0 0 0 0 0 0 0 0 0 0 0 0 0 0 0 0 0 0 0 0 0 0 0 0 0 0 0 0 0 0 0 0 0 0 0 0 0 0 0 0 0
0 0 0 0 0 0 0 0 0 0 0 0 0 0 0 0 0 0 0 0 0 0 0 0 0 0 0 0 0 0 0 0 0 0 0 0 0 21 0 0 0 0 0 0 0 0 0 0 0 0 0 0 2 0 0 0 0 0 0 0 0 0 0 0 0 0 0 0 0 0 0 0 0 0 0 0 0 0 0 0 0 0 0 0 0 0 0 0 0 0 0 0 0 0 0 0 0 0 0 0 0 0 0 0 0 0 0 0 0 0 0 0 0 0 0 0 0 0 0 0 0 0 0 0 0 0 0 0 0 0 0 0 0 0 0 0 0 0 0 0 0 0 0 0 0 0 0 0 0 0
0 0 0 0 0 0 0 0 0 0 0 0 0 0 0 0 0 0 0 0 0 0 0 0 0 0 0 0 0 0 0 2 0 0 0 0 0 0 0 0 0 0 0 0 0 0 0 0 0 0 0 0 0 0 0 0 0 0 0 0 0 0 0 0 0 0 0 0 0 0 0 0 0 0 0 0 0 0 0 0 0 0 0 0 0 0 0 0 0 0 0 0 0 0 0 0 0 0 0 0 0 0 0 0 0 0 0 0 0 0 0 0 0 0 0 0 0 0 0 0 0 0 0 0 0 0 0 0 0 0 0 0 0 0 0 0 0 0 0 0 0 0 0 0 0 0 0 0 0 0
0 0 0 0 0 0 0 0 0 0 0 0 0 0 0 0 0 0 0 0 0 0 0 0 0 0 0 0 0 0 4 0 0 1 1 0 0 0 0 0 0 0 0 0 0 0 0 0 0 0 0 0 0 3 0 0 0 0 0 0 0 0 0 0 0 0 0 0 0 0 0 0 0 0 0 0 0 0 0 0 0 0 0 0 0 0 0 0 0 0 0 0 0 0 0 0 0 0 0 0 0 0 0 0 0 0 0 0 0 0 0 0 0 0 0 0 0 0 0 0 0 0 0 0 0 0 0 0 0 0 0 0 0 0 0 0 0 0 0 0 0 0 0 0 0 0 0 0 0 0
0 0 0 0 0 0 0 0 0 0 0 0 0 0 0 0 0 0 0 0 0 0 0 0 0 0 0 0 0 0 3 12 0 0 0 0 2 0 0 0 0 0 0 0 0 0 0 0 0 0 0 0 0 0 0 0 0 0 0 0 0 0 0 0 0 0 0 0 0 0 0 0 0 0 0 0 0 0 0 0 0 0 0 0 0 0 0 0 0 0 0 0 0 0 0 0 0 0 0 0 0 0 0 0 0 0 0 0 0 0 0 0 0 0 0 0 0 0 0 0 0 0 0 0 0 0 0 0 0 0 0 0 0 0 0 0 0 0 0 0 0 0 0 0 0 0 0 0 0 0
0 0 0 0 0 0 0 0 0 0 0 0 0 0 0 0 0 0 0 0 0 0 0 0 0 0 0 0 0 0 5 5 0 0 0 1 0 0 0 0 0 0 0 0 0 0 0 0 0 0 0 0 0 0 0 0 0 0 0 0 0 0 0 0 0 0 0 0 0 0 0 0 0 0 0 0 0 0 0 0 0 0 0 0 0 0 0 0 0 0 0 0 0 0 0 0 0 0 0 0 0 0 0 0 0 0 0 0 0 0 0 0 0 0 0 0 0 0 0 0 0 0 0 0 0 0 0 0 0 0 0 0 0 0 0 0 0 0 0 0 0 0 0 0 0 0 0 0 0 0
0 0 0 0 0 0 0 0 0 0 0 0 0 0 0 0 0 0 0 0 0 0 0 0 0 0 3 0 0 2 0 0 0 0 0 0 3 0 0 0 0 0 0 0 0 0 0 0 0 0 0 0 0 0 0 0 0 0 0 0 0 0 0 0 0 0 0 0 0 0 0 0 0 0 0 0 0 0 0 0 0 0 0 0 0 0 0 0 0 0 0 0 0 0 0 0 0 0 0 0 0 0 0 0 0 0 0 0 0 0 0 0 0 0 0 0 0 0 0 0 0 0 0 0 0 0 0 0 0 0 0 0 0 0 0 0 0 0 0 0 0 0 0 0 0 0 0 0 0 0
0 0 0 0 0 0 0 0 0 0 0 0 0 0 0 0 0 0 0 0 0 0 0 0 0 0 0 0 0 251 71 0 0 0 0 0 0 0 0 0 0 0 0 0 0 0 0 0 1 0 0 0 0 0 0 0 0 0 0 0 0 0 0 0 0 0 0 0 0 0 0 0 0 0 0 0 0 0 0 0 0 0 0 0 0 0 0 0 0 0 0 0 0 0 0 0 0 0 0 0 0 0 0 0 0 0 0 0 0 0 0 0 0 0 0 0 0 0 0 0 0 0 0 0 0 0 0 0 0 0 0 0 0 0 0 0 0 0 0 0 0 0 0 0 0 0 0 0 0 0
0 0 0 0 0 0 0 0 0 0 0 0 0 0 0 0 0 0 0 0 0 0 0 0 0 0 5 0 0 0 0 0 0 1 0 0 0 0 0 0 0 0 0 0 0 0 0 0 2 28 0 0 0 0 0 0 0 0 0 0 0 0 0 0 0 0 0 0 0 0 0 0 0 0 0 0 0 0 0 0 0 0 0 0 0 0 0 0 0 0 0 0 0 0 0 0 0 0 0 0 0 0 0 0 0 0 0 0 0 0 0 0 0 0 0 0 0 0 0 0 0 0 0 0 0 0 0 0 0 0 0 0 0 0 0 0 0 0 0 0 0 0 0 0 0 0 0 0 0 0
0 0 0 0 0 0 0 0 0 0 0 0 0 0 0 0 0 0 0 0 0 0 0 0 0 0 28 0 0 0 0 0 0 0 0 0 0 0 0 0 0 0 0 0 0 0 0 0 3 0 0 0 0 0 0 0 0 0 0 0 0 0 0 0 0 0 0 0 0 0 0 0 0 0 0 0 0 0 0 0 0 0 0 0 0 0 0 0 0 0 0 0 0 0 0 0 0 0 0 0 0 0 0 0 0 0 0 0 0 0 0 0 0 0 0 0 0 0 0 0 0 0 0 0 0 0 0 0 0 0 0 0 0 0 0 0 0 0 0 0 0 0 0 0 0 0 0 0 0 0
0 0 0 0 0 0 0 0 0 0 0 0 0 0 0 0 0 0 0 0 0 0 0 0 0 0 0 0 3 0 0 0 0 0 0 0 0 0 0 0 0 0 0 0 0 0 0 0 0 0 0 0 0 0 0 0 0 0 0 0 0 0 0 0 0 0 0 0 0 0 0 0 0 0 0 0 0 0 0 0 0 0 0 0 0 0 0 0 0 0 0 0 0 0 0 0 0 0 0 0 0 0 0 0 0 0 0 0 0 0 0 0 0 0 0 0 0 0 0 0 0 0 0 0 0 0 0 0 0 0 0 0 0 0 0 0 0 0 0 0 0 0 0 0 0 0 0 0 0 3
0 0 0 0 0 0 0 0 0 0 0 0 0 0 0 0 0 0 0 0 0 0 0 0 0 0 0 0 0 0 0 0 0 0 0 0 0 0 0 0 0 0 0 0 0 0 0 0 0 0 0 0 0 0 0 0 0 0 0 0 0 0 0 0 0 0 0 0 0 0 0 0 0 0 0 0 0 0 0 0 0 0 0 0 0 0 0 0 0 0 0 0 0 0 0 0 0 0 0 0 0 0 0 0 0 0 0 0 0 0 0 0 0 0 0 0 0 0 0 0 0 0 0 0 0 0 0 0 0 0 0 0 0 0 0 0 0 0 0 0 0 0 0 0 0 0 0 0 0 0
0 0 0 0 0 0 0 0 0 0 0 0 0 0 0 0 0 0 0 0 0 0 0 0 0 0 0 0 0 0 0 0 0 0 0 0 0 0 0 0 0 0 0 0 0 0 0 0 0 0 6 0 0 0 0 0 0 0 0 0 0 0 0 0 0 0 0 0 0 0 0 0 0 0 0 0 0 0 0 0 0 0 0 0 0 0 0 0 0 0 0 0 0 0 0 0 0 0 0 0 0 0 0 0 0 0 0 0 0 0 0 0 0 0 0 0 0 0 0 0 0 0 0 0 0 0 0 0 0 0 0 1 0 0 0 0 0 0 0 0 0 0 0 0 0 0 0 0 0 0
0 0 0 0 0 0 0 0 0 0 0 0 0 0 0 0 0 0 0 0 0 0 0 0 0 0 0 0 0 0 0 0 0 0 0 0 0 0 0 0 0 0 0 0 0 0 0 0 0 0 0 0 0 0 0 0 0 0 0 0 0 0 0 0 0 0 0 0 0 0 0 0 0 0 0 0 0 0 0 0 0 0 0 0 0 0 0 0 0 0 0 0 0 0 0 0 0 0 0 0 0 0 0 0 0 0 0 0 0 0 0 0 0 0 0 0 0 0 0 0 0 0 0 0 0 0 0 0 0 0 0 0 0 0 0 0 0 0 0 0 0 0 0 0 0 0 0 0 0 0
0 0 0 0 0 0 0 0 0 0 0 0 0 0 0 0 0 0 0 0 0 0 0 0 0 0 0 0 0 0 0 0 0 0 0 0 0 0 0 0 0 0 0 0 0 0 0 0 0 0 0 0 0 0 0 0 0 0 0 0 0 0 0 0 0 0 0 0 0 0 0 0 0 0 0 0 0 0 0 0 0 0 0 0 0 0 0 0 0 0 0 0 0 0 0 0 0 0 0 0 0 0 0 0 0 0 0 0 0 0 0 0 0 0 0 0 0 0 0 0 0 0 0 0 0 0 0 0 0 0 0 0 0 0 0 0 0 0 0 0 0 0 0 0 0 0 0 0 0 0
0 0 0 0 0 0 0 0 0 0 0 0 0 0 0 0 0 0 0 0 0 0 0 0 0 0 0 0 0 0 0 0 0 0 0 0 0 0 0 0 0 0 0 0 0 0 0 0 0 0 0 0 0 0 0 0 0 0 0 0 0 0 0 0 0 0 0 0 0 0 0 0 0 0 0 0 0 0 0 0 0 0 0 0 0 0 0 0 0 0 0 0 0 0 0 0 0 0 0 0 0 0 0 0 0 0 0 0 0 0 0 0 0 0 0 0 0 0 0 0 0 0 0 0 0 0 0 0 0 0 0 0 0 0 0 0 0 0 0 0 0 0 0 0 0 0 0 0 0 0
