0 0 44 13 8 0 5 2 14 140 8 2 0 14 0 0 0 2 12 0 2 2 0 0 2 24 0 0 0 0 0 0 0 7 12 2 0 0 3 8 0 0 0 2 12 0 0 0 0 0 0 0 0 0 5 3 0 0 0 6 83 28 12 6 0 1 4 0 0 0 0 6 55 281 314 642 151 37 136 15 44 428 64 113 180 402 397 428 57 385 1866 999 107 1066 907 995 1426 893 1462 285 298 162 15 54 67 55 76 635 407 36 51 9 44 145 92 85 68 14 13 2 5 80 25 28 2 3 0 5 8 14 3 55 5 10 10 0 0 0 0 0 2 0 0 0 0 0 0 0 0 18
0 12 13 8 6 0 0 0 0 42 52 17 5 8 0 0 0 5 15 0 0 1 28 1 26 55 0 0 0 0 0 0 0 0 0 0 0 0 10 1 0 0 1 0 0 0 0 0 0 0 0 0 0 1 3 0 0 0 0 65 238 40 12 21 7 1 0 0 1 0 0 1 76 91 7 16 107 107 27 44 148 68 9 8 230 391 529 233 515 412 137 28 532 562 315 465 732 872 1688 1019 377 79 71 22 18 8 3 41 58 29 10 23 11 25 65 51 7 14 4 37 11 14 43 14 6 3 0 36 31 50 33 9 102 149 2 0 0 0 0 85 5 4 0 0 0 0 0 0 0 0
0 0 0 4 6 0 0 0 3 25 6 9 40 7 0 0 0 1 4 0 5 13 123 51 23 1 3 15 0 0 0 0 0 0 0 4 1 1 0 20 1 0 0 1 0 0 0 0 0 0 0 0 0 0 14 0 0 2 4 27 32 22 16 8 0 0 19 0 0 0 0 1 4 2 0 0 1 79 263 433 110 50 7 26 55 306 920 301 17 16 155 31 170 633 838 1294 262 808 464 899 956 526 45 91 38 33 4 31 491 243 70 10 9 3 16 10 26 48 29 11 160 37 14 8 8 9 4 16 1 33 12 3 111 159 0 0 9 0 19 27 10 13 0 0 0 0 0 0 0 0
48 26 1 0 0 0 0 0 0 17 1 3 0 0 0 2 0 0 4 1 0 0 11 9 9 1 7 36 15 0 2 0 0 0 0 0 0 4 0 4 5 0 0 0 0 0 0 0 0 0 1 0 0 0 173 30 1 32 50 6 0 2 6 9 0 0 0 0 0 1 6 138 17 1 0 80 22 134 369 295 184 72 186 244 320 27 82 259 5 292 1254 1298 2294 1012 1316 720 218 415 1028 711 770 789 280 24 24 180 12 66 506 100 38 18 44 27 0 17 22 97 80 45 93 120 57 13 12 8 6 9 21 3 4 28 36 0 11 1 35 2 0 17 80 6 0 0 0 0 0 0 0 0
6 11 1 0 0 0 0 0 3 4 0 1 0 0 0 19 6 2 0 0 5 1 15 0 1 1 0 0 0 1 1 0 2 1 3 32 22 0 1 0 0 1 0 0 0 0 0 0 0 7 0 0 0 1 48 303 72 80 7 0 4 3 0 7 0 0 0 0 0 24 183 105 185 251 24 109 134 238 460 243 467 358 579 590 503 168 80 87 25 621 2140 720 746 1422 716 435 133 980 602 1290 950 1335 1164 1180 684 122 168 33 12 16 20 22 45 42 11 0 3 17 92 95 397 1113 291 21 5 3 2 0 6 17 3 2 0 0 0 0 0 0 0 1 46 30 0 2 0 0 0 0 0 0
18 2 1 2 0 0 0 0 8 2 3 0 0 0 0 3 0 7 21 78 6 3 4 0 0 0 0 0 0 2 0 2 0 0 28 109 55 41 2 0 0 0 1 0 0 0 0 0 0 14 40 6 2 13 13 312 48 13 14 22 0 0 2 1 0 0 0 0 2 107 190 234 271 128 152 62 37 38 72 442 902 1044 483 137 5 255 84 42 17 428 2528 1139 161 562 1164 704 238 2450 608 782 657 641 1657 710 41 174 59 97 19 1 4 7 72 37 21 18 19 5 1 26 203 321 12 4 3 14 6 5 0 1 7 1 2 0 0 0 1 0 0 0 1 36 0 0 0 0 0 0 0 0
9 0 1 1 0 0 0 0 1 6 5 0 0 3 2 2 0 0 0 0 0 7 5 0 0 0 0 0 0 4 3 0 0 1 0 21 3 3 16 0 0 0 0 0 0 0 0 0 0 4 3 5 4 28 2 48 27 4 90 74 6 4 2 0 5 1 0 0 4 91 72 103 441 672 586 197 664 205 623 793 1035 1522 1805 931 252 25 3 283 124 198 2093 1614 108 731 1255 771 531 654 1114 91 51 533 221 126 23 54 103 9 18 12 75 237 311 45 39 35 3 3 34 45 119 178 15 4 4 3 23 3 0 0 4 0 0 0 0 0 0 15 0 0 0 0 3 0 0 0 0 0 0 0
1 0 0 2 0 0 0 0 1 2 2 0 0 0 1 0 0 0 0 0 0 0 0 0 0 0 0 0 0 11 15 0 0 0 8 9 0 0 14 19 0 0 0 0 0 0 0 0 0 0 0 0 8 9 5 32 2 47 112 102 114 50 91 5 19 50 0 0 9 99 3 6 25 86 232 64 156 287 1002 1469 1674 933 1284 359 345 377 230 987 270 118 966 197 86 575 567 572 377 1291 1348 331 255 644 660 788 289 227 20 78 145 50 487 663 96 87 18 95 5 1 5 12 32 16 27 5 14 6 19 1 3 0 0 0 0 0 0 0 1 0 0 0 0 0 0 0 0 0 0 0 0 0
3 0 0 0 0 0 0 0 5 5 0 3 0 9 17 0 0 0 0 0 0 0 0 0 0 0 0 0 0 0 3 0 0 0 1 0 0 1 0 2 0 0 0 0 0 0 0 0 0 0 0 0 1 12 0 0 1 23 34 56 472 361 36 1 6 19 8 10 7 50 3 0 1 6 0 20 13 40 95 652 1047 1438 1108 33 14 31 760 389 497 82 18 8 512 1527 1730 2066 150 637 389 208 417 144 128 604 1073 213 356 405 144 82 1069 293 364 9 53 8 4 8 7 11 11 5 11 20 10 0 2 2 32 0 21 0 0 0 0 0 0 0 0 0 0 0 0 0 0 0 0 0 0 0
0 0 0 0 0 0 2 3 16 5 0 0 0 0 0 0 0 0 1 0 0 0 0 0 0 0 0 0 0 0 0 0 0 0 0 0 0 1 0 0 1 0 0 0 0 0 8 3 4 4 6 0 35 16 0 1 0 0 2 33 96 261 38 21 4 4 0 10 6 14 0 0 0 0 0 52 22 72 762 1148 1546 1060 1108 521 1656 1415 522 172 332 215 84 9 16 871 1600 2434 1122 173 152 36 121 173 48 8 80 589 467 352 150 26 721 640 421 39 23 380 484 904 290 95 55 20 41 60 54 28 15 1 10 46 126 28 0 0 0 0 1 0 0 0 0 0 0 0 0 0 0 0 0 3
0 5 22 0 0 0 7 0 0 3 5 8 0 0 1 21 0 9 1 0 0 0 0 0 0 2 0 0 0 0 0 0 0 0 1 10 0 0 2 2 1 5 2 0 0 0 7 19 28 16 17 25 15 13 0 0 1 27 37 23 0 220 7 17 0 0 2 0 1 11 0 0 0 0 0 0 9 34 159 413 732 503 855 395 313 514 298 495 751 536 40 5 31 263 570 1243 1163 82 31 139 45 18 9 23 170 439 1182 654 229 220 686 201 256 22 8 179 497 831 505 299 696 290 407 206 233 835 168 116 88 84 8 214 42 64 7 0 0 0 0 0 0 0 0 0 0 0 0 0 0 0
1 0 6 0 0 0 0 0 14 0 0 0 0 0 0 1 10 25 11 1 4 0 0 0 0 0 0 0 0 0 0 0 3 5 30 3 0 3 0 2 2 24 15 12 13 0 0 0 0 0 0 1 3 1 3 0 4 0 1 7 3 8 0 0 4 12 4 3 3 0 4 6 0 0 0 14 213 18 174 419 865 263 54 81 231 291 26 49 214 930 102 0 1 9 10 164 1367 641 444 17 0 17 14 61 39 137 524 347 26 84 407 274 100 155 19 349 1176 329 1037 1320 538 657 226 163 225 360 0 0 0 63 3 1 155 54 49 1 0 0 0 0 0 0 0 0 0 0 0 0 0 0
1 0 0 0 0 0 2 0 3 1 0 0 0 0 0 1 5 23 10 13 4 4 0 0 0 0 0 0 0 0 0 1 0 0 0 1 1 1 0 0 0 4 84 5 37 0 0 35 0 0 0 0 8 0 7 0 0 0 0 9 6 5 0 0 0 3 3 9 0 6 48 0 0 0 3 36 189 90 263 56 261 487 28 2 19 18 11 1 3 3 1 0 3 96 203 30 1094 637 1060 792 16 6 62 16 18 4 15 210 639 500 1518 975 139 1159 386 54 41 198 2023 1609 261 373 186 1 95 279 3 1 81 50 0 0 33 60 5 0 0 0 0 0 0 0 0 0 0 0 0 0 0 0
0 0 0 0 0 0 2 6 0 0 1 0 0 0 0 0 0 3 124 15 17 8 1 2 1 0 0 0 0 3 16 3 0 0 0 0 2 0 0 0 0 5 1 101 96 0 0 0 23 0 0 66 2 0 0 0 0 0 12 0 27 12 6 2 2 0 77 30 17 45 110 0 1 1 0 557 1039 588 289 55 94 600 69 11 23 292 11 3 3 40 4 1 3 80 10 36 188 971 226 363 2 14 448 190 506 122 116 630 315 745 2108 1843 975 511 406 483 335 328 1130 760 218 121 3 3 0 40 26 0 61 2 0 0 1 1 1 0 0 0 0 0 0 0 0 0 0 0 0 0 0 0
0 0 0 0 0 0 5 3 21 0 0 0 0 0 0 0 0 0 5 6 20 0 2 1 2 0 0 0 0 1 3 0 0 0 0 0 1 0 0 0 0 0 0 13 41 0 0 2 1 34 15 60 4 0 7 0 3 30 8 38 141 30 22 22 27 26 244 182 285 282 135 2 2 1 93 1127 1712 2055 697 61 10 259 60 10 18 23 25 18 0 37 38 25 4 1 0 4 80 536 393 366 10 92 729 773 2250 1719 1929 1321 1519 1460 1185 829 966 1012 757 276 328 230 123 177 239 163 43 43 1 16 89 8 16 15 9 0 0 0 0 0 0 0 0 0 0 0 0 0 0 0 0 0 0 0
0 0 0 0 0 0 0 35 35 5 12 0 0 0 0 0 0 0 8 1 0 35 14 2 0 0 0 0 0 4 0 0 0 0 0 0 0 0 0 0 0 0 2 1 0 36 0 0 0 109 128 167 2 0 1 31 58 107 97 128 41 31 7 45 49 81 167 118 112 237 429 89 206 202 1069 1376 2188 1429 290 32 5 5 0 0 0 0 26 209 18 61 15 15 0 0 12 85 78 18 76 34 12 4 1737 956 1024 981 1515 458 923 1367 1501 1028 1002 510 404 430 89 191 153 178 46 6 212 515 91 137 101 3 9 1 0 0 0 0 23 9 0 0 0 0 0 0 0 0 0 0 0 0 0 0
0 0 0 0 0 0 3 2 1 0 0 0 2 2 0 0 7 2 5 2 0 0 29 52 38 15 3 0 0 1 2 0 0 0 0 0 0 0 0 1 1 0 2 1 0 20 5 3 2 46 31 9 2 25 8 65 103 277 136 62 12 8 2 0 1 2 1 0 0 0 0 2 111 53 510 627 818 609 183 0 0 0 2 0 0 0 0 79 104 25 0 1 13 1 10 24 38 0 7 128 20 282 1127 1243 549 414 529 329 913 969 1017 543 952 492 381 172 43 88 153 7 0 2 59 46 44 516 1 19 3 0 5 0 0 0 0 1 0 0 0 0 0 0 0 0 0 0 0 0 0 0
0 0 0 0 0 4 1 1 0 0 0 0 3 0 0 4 1 3 2 4 3 3 2 0 33 1 13 50 8 2 0 0 0 0 0 0 0 0 0 0 0 0 16 0 0 60 122 4 4 43 65 55 10 110 47 47 123 114 670 20 9 11 0 0 4 4 63 94 15 53 103 8 238 18 57 119 116 198 25 16 1 0 2 0 2 0 0 10 125 6 0 44 108 70 19 0 4 0 46 918 260 283 254 128 227 684 225 280 794 546 163 106 104 334 164 40 108 205 38 4 0 4 8 17 213 1054 423 19 8 3 0 0 0 0 0 0 0 0 0 0 0 0 0 0 0 0 0 0 0 0
0 0 0 3 2 2 0 0 0 0 0 0 2 1 0 0 8 0 1 1 3 5 16 3 3 7 80 51 35 0 0 0 0 0 1 34 4 0 0 0 1 1 0 7 44 49 29 0 53 644 152 18 19 29 18 57 257 144 89 56 100 55 4 11 0 1 8 3 3 32 12 13 36 13 3 155 264 58 14 23 37 0 21 36 0 25 15 23 8 7 5 40 123 395 38 0 0 37 334 19 200 421 99 16 92 119 261 957 684 1 0 107 11 811 72 0 10 0 0 0 0 1 1 6 75 334 374 496 7 1 0 0 0 0 0 0 0 0 0 0 0 0 0 0 0 0 0 0 0 0
0 0 0 0 0 3 0 0 0 0 0 0 0 0 1 0 1 0 1 2 1 12 192 0 9 5 4 27 223 2 0 0 1 0 1 0 0 0 0 0 0 2 17 82 22 172 147 32 8 183 80 9 2 7 157 12 63 108 5 0 1 3 2 0 0 18 8 1 14 13 86 57 20 0 0 72 24 0 4 1 4 0 0 0 0 36 41 0 4 10 3 13 21 6 2 32 1 20 18 3 1288 1682 859 193 162 178 208 715 276 23 0 0 2 413 110 0 0 0 0 0 0 0 1 20 38 6 23 205 9 0 0 0 0 0 0 0 0 0 0 0 0 0 0 0 0 0 0 0 0 0
0 0 0 0 0 3 1 0 0 0 0 0 0 1 0 0 0 1 7 3 2 8 12 11 0 24 11 17 1 26 2 23 15 0 0 0 0 0 0 2 16 6 42 14 12 22 25 29 161 353 498 117 20 54 32 13 22 4 3 0 3 4 24 18 317 134 13 1 11 15 97 32 1 0 9 195 416 220 4 41 9 12 5 4 0 1 3 0 26 26 14 2 0 3 2 0 1 5 456 551 1892 1317 652 209 3 21 154 252 0 0 0 0 0 18 0 0 0 0 0 0 0 0 9 5 0 0 49 68 0 0 0 1 0 0 0 0 0 0 0 0 0 0 0 0 0 0 0 0 0 0
0 0 0 0 0 0 0 0 0 0 0 0 0 3 5 5 0 0 0 1 1 1 6 6 0 14 2 0 0 0 15 71 26 6 0 0 0 7 0 0 89 20 1 0 2 0 10 19 421 1202 477 314 68 2 0 15 1 9 0 0 5 4 0 0 21 30 31 2 4 106 41 29 27 0 0 32 136 131 71 83 63 43 13 37 14 5 9 5 323 103 16 5 0 3 12 14 1 0 87 485 208 54 64 13 12 15 160 123 1 0 0 0 12 144 0 0 0 0 0 0 0 0 2 0 0 58 54 2 10 7 6 0 0 0 0 0 0 0 0 0 0 0 0 0 0 0 0 0 0 0
0 0 0 0 0 0 0 0 0 0 0 0 0 3 1 0 1 0 1 1 0 6 9 0 2 0 0 0 0 0 1 8 45 18 7 0 14 220 12 14 2 0 0 0 0 0 16 29 39 565 504 233 14 0 0 0 1 4 8 1 0 0 0 0 17 3 41 3 0 4 31 42 59 14 0 1 12 2 42 28 19 45 12 1 0 13 9 0 0 0 1 5 9 2 0 4 10 0 1 3 6 0 14 57 143 83 68 83 140 192 69 41 80 0 0 0 0 0 0 0 0 0 0 9 48 133 87 1 0 0 0 0 0 0 0 0 0 0 0 0 0 0 0 0 0 0 0 0 0 0
0 0 2 0 0 0 0 0 0 0 0 0 0 9 2 0 5 8 0 0 9 2 4 1 1 2 0 0 0 3 0 9 8 5 6 4 9 26 16 1 0 0 0 0 3 142 34 69 1 207 158 21 1 7 9 8 9 32 3 0 0 0 0 0 0 1 1 2 0 0 2 1 240 174 14 14 0 0 0 1 0 10 112 234 11 2 2 0 0 0 0 5 0 2 2 0 0 1 1 8 7 1 6 328 57 39 14 2 12 81 7 735 39 0 0 0 0 0 0 0 0 0 1 31 10 24 44 134 1 0 0 0 0 0 0 0 0 0 0 0 0 0 0 0 0 0 0 0 0 0
0 0 0 0 0 0 0 0 0 0 0 0 0 2 0 0 0 1 0 0 0 0 5 0 0 2 3 0 0 0 0 1 9 8 28 0 2 130 0 0 0 0 0 46 19 61 93 12 12 34 103 42 36 21 24 6 2 3 0 2 0 0 0 0 2 0 0 14 18 8 3 9 4 32 90 15 0 0 0 0 0 3 17 91 20 10 0 0 0 3 6 5 0 1 2 0 3 1 0 23 8 5 11 19 660 0 0 4 12 0 2 83 4 0 0 0 0 0 0 0 0 0 1 0 0 38 94 19 0 0 2 0 0 0 0 0 2 0 0 0 0 1 0 0 0 0 0 0 0 0
0 0 0 0 0 0 0 0 0 0 0 0 0 1 13 0 2 2 15 0 0 13 0 3 0 0 0 8 0 0 0 0 4 42 61 1 0 11 2 0 0 1 1 7 194 29 8 1 29 0 73 8 0 1 0 0 2 1 0 0 3 0 0 0 18 7 0 3 3 15 4 46 1 3 0 10 13 1 0 2 3 0 0 5 0 16 5 21 1 15 0 4 3 0 5 2 0 9 7 13 10 31 90 191 324 333 0 2 0 0 1 37 2 4 14 3 0 0 0 5 0 0 0 0 0 40 13 74 0 2 0 0 0 0 0 0 17 53 0 0 0 0 0 0 0 0 0 0 0 0
0 0 0 0 0 0 0 0 0 0 1 0 0 2 10 0 0 3 2 0 0 11 0 10 0 0 0 13 3 0 0 14 1 15 23 2 0 2 1 4 1 5 1 30 97 5 8 14 1 4 55 45 3 0 2 0 0 2 0 2 0 0 0 0 13 0 0 4 2 1 11 9 0 0 8 0 15 5 0 0 0 0 36 8 6 6 10 15 0 1 13 2 0 1 4 10 2 0 0 7 29 10 6 13 72 436 74 2 0 0 0 0 0 8 15 12 1 0 15 1 0 0 0 0 9 276 21 25 1 0 0 0 0 0 0 0 2 24 0 0 0 0 0 0 0 0 0 0 0 0
0 0 0 0 0 0 0 1 0 0 0 0 0 70 0 2 14 47 6 1 5 41 13 1 0 0 0 0 1 4 3 6 0 56 4 0 1 15 5 11 46 79 16 161 212 9 4 3 12 3 5 50 30 6 0 2 0 0 0 0 0 1 0 1 0 0 0 0 12 55 157 42 6 12 0 14 0 19 1 0 0 0 0 0 0 0 0 10 22 11 20 0 3 2 0 0 2 1 0 1 0 7 42 5 32 1286 963 56 2 0 0 0 0 0 0 3 6 220 77 34 0 0 0 78 151 34 106 345 283 50 0 0 0 0 0 6 6 4 0 0 0 0 0 0 0 0 0 0 0 0
0 0 0 0 0 3 0 1 0 1 1 7 17 39 11 5 38 93 2 10 2 8 1 5 0 0 1 6 22 8 6 6 12 10 5 28 18 30 68 190 359 912 433 428 105 33 0 1 5 2 0 8 61 20 2 0 0 0 0 0 0 0 0 0 0 0 2 2 1 12 19 32 26 0 19 15 5 9 6 0 0 14 9 0 13 0 0 0 29 7 26 5 0 6 19 37 5 1 2 0 2 1 19 29 365 615 447 568 11 0 0 0 0 3 0 12 311 106 21 0 0 0 16 190 323 353 1322 904 65 39 0 0 2 46 1 7 0 0 0 0 0 0 0 0 0 0 0 0 0 0
0 0 0 0 0 0 0 2 11 24 17 73 54 3 0 0 4 6 2 2 7 9 21 30 9 7 3 0 0 3 7 1 1 8 41 25 8 8 161 358 968 1318 922 959 99 22 2 5 6 0 7 3 70 129 20 7 0 0 0 0 0 0 0 0 0 0 0 0 0 0 1 4 5 0 0 0 1 14 5 0 0 0 5 0 22 0 0 0 2 2 0 5 5 47 11 20 0 0 0 3 0 48 10 25 16 163 4 144 32 0 0 0 1 0 90 60 848 573 77 69 22 27 9 157 189 122 740 844 616 499 78 77 47 207 3 0 0 0 0 0 0 0 0 0 0 0 0 0 0 0
0 0 0 0 0 0 12 7 4 10 6 17 5 0 5 15 0 0 15 6 2 7 171 49 0 0 0 10 7 0 9 5 0 2 7 33 36 48 43 123 748 548 616 263 73 7 29 2 5 3 0 6 18 6 3 9 1 0 0 0 0 0 0 0 0 0 0 0 1 0 0 0 0 0 0 8 4 18 1 2 2 31 21 2 48 0 0 10 57 28 2 0 7 12 0 0 1 14 2 2 0 2 1 18 1 2 0 5 47 3 4 10 5 0 96 1458 866 566 257 236 138 82 96 10 1 36 385 508 6 149 37 364 819 94 74 3 0 0 0 0 0 0 0 0 0 0 0 0 0 0
0 0 0 0 0 0 1 6 1 3 7 14 6 3 1 8 1 1 33 27 414 50 7 0 0 0 0 0 5 20 2 1 16 49 29 4 3 6 0 150 735 461 534 233 72 43 18 1 3 18 1 3 16 8 20 6 1 0 0 0 0 0 0 0 0 0 0 0 0 2 14 0 0 0 0 0 0 3 16 0 27 21 43 393 84 0 0 0 0 0 0 1 7 9 1 1 5 2 0 1 8 0 0 1 4 8 5 30 276 210 443 762 144 144 605 1070 611 276 95 705 109 230 27 4 147 352 211 222 0 0 141 459 439 84 99 8 0 0 0 0 0 0 0 0 0 0 0 0 0 0
0 0 2 0 0 1 0 3 0 2 0 15 4 11 4 9 6 11 14 22 104 0 0 0 0 0 0 0 3 12 8 29 7 6 5 5 5 5 11 11 52 192 99 64 5 0 1 0 1 7 3 4 46 4 3 6 4 5 2 0 0 0 0 0 0 0 0 0 0 0 1 0 0 0 0 11 1 42 11 1 7 10 15 14 0 0 0 0 2 1 4 0 1 12 5 17 3 0 0 0 6 0 0 0 1 3 22 30 272 109 261 167 109 444 1874 765 453 426 89 681 186 15 0 45 25 182 224 0 0 0 75 475 0 0 0 0 0 0 0 0 0 0 0 0 0 0 0 0 0 0
0 0 0 0 0 12 32 8 5 1 5 0 0 19 14 7 21 9 37 33 27 0 0 0 0 0 0 6 2 11 96 1 20 1 18 1 2 4 11 2 16 22 4 3 5 0 0 0 2 0 0 30 248 11 18 79 20 1 1 0 0 0 0 0 0 0 0 0 0 0 0 0 0 0 0 0 0 22 3 0 0 0 7 0 0 0 0 0 6 0 0 0 2 49 16 1 7 2 0 0 4 0 0 1 0 0 11 98 67 7 2 27 135 298 408 696 129 353 197 163 419 1 0 0 0 0 0 0 0 0 0 156 15 0 0 0 0 0 0 0 0 0 0 0 0 0 0 0 0 0
0 0 3 0 3 0 5 3 6 3 0 0 4 19 20 14 55 27 5 0 5 9 3 0 0 0 0 43 23 13 51 36 10 2 1 5 1 6 4 9 9 27 21 5 2 0 4 0 0 0 0 28 204 86 2 30 2 0 0 2 0 0 0 0 0 0 0 0 0 0 0 0 0 0 0 0 25 5 9 0 0 0 0 0 0 0 0 0 10 1 30 5 51 61 3 20 5 2 1 9 4 0 0 0 0 2 10 158 995 13 0 0 0 0 0 1 1 55 565 878 126 0 0 0 0 1 0 0 0 0 0 2 95 1 0 0 0 0 0 0 0 0 0 0 0 0 0 0 0 0
2 0 2 1 1 1 15 68 7 4 23 8 12 1 0 206 106 28 12 13 1 0 1 3 3 6 1 26 4 8 38 8 11 11 1 0 0 0 3 2 18 6 3 3 15 0 2 0 0 1 0 76 7 32 21 3 12 0 2 0 0 0 0 0 0 0 0 0 0 0 0 0 0 0 0 0 12 34 1 0 0 0 3 0 0 0 0 2 20 2 5 0 14 59 2 1 0 2 15 40 0 3 6 5 3 28 70 42 321 0 0 0 0 0 9 1 0 1 163 398 571 289 2 0 3 81 0 0 0 73 115 38 107 12 0 0 0 0 0 0 0 0 0 0 0 0 0 0 0 0
3 0 0 0 0 10 7 0 0 5 71 7 1 1 36 69 75 30 10 2 0 3 3 4 0 12 7 2 1 13 0 0 0 5 14 2 0 0 0 16 2 23 14 3 2 3 3 0 1 0 5 51 60 69 43 18 3 0 0 0 0 0 0 0 0 0 0 0 0 0 0 0 0 1 0 0 0 46 178 8 10 17 0 0 0 0 0 120 36 0 2 8 10 3 0 14 0 5 4 9 68 18 11 8 5 5 30 32 91 13 0 0 0 30 84 93 325 765 155 419 917 269 0 12 507 94 0 0 0 147 327 0 0 0 0 0 0 0 0 0 0 0 0 0 0 0 0 0 0 0
0 5 2 1 0 0 5 7 9 6 19 149 18 13 0 1 2 10 0 2 5 0 1 6 24 1 4 1 44 3 0 0 0 1 1 0 0 0 10 0 2 15 55 5 10 2 7 1 0 0 0 61 80 2 2 5 0 0 0 0 0 0 0 0 0 0 0 0 0 0 0 0 0 0 0 0 0 21 57 17 2 1 0 0 0 0 3 21 3 0 1 0 10 5 3 0 0 0 0 9 1 0 4 21 15 0 24 36 43 19 0 0 3 0 166 904 1392 840 91 76 146 228 186 534 287 3 0 2 21 575 231 0 0 0 0 0 0 0 0 0 0 0 0 0 0 0 0 0 0 0
0 0 1 0 0 1 5 4 1 2 18 64 1 5 3 1 2 1 5 10 4 0 0 2 0 0 1 4 14 0 0 0 0 0 0 0 0 2 21 6 0 1 0 0 1 2 0 0 0 0 4 98 9 24 8 2 0 2 6 7 0 0 0 0 0 0 0 0 0 0 0 0 0 0 0 0 4 8 152 23 14 31 29 0 0 0 0 0 0 1 0 0 2 17 1 0 0 0 0 27 4 3 8 6 14 9 27 27 61 2 0 1 70 36 109 42 11 74 711 370 60 381 952 698 608 359 114 270 1069 2568 1008 61 0 0 0 0 0 0 0 0 0 0 0 0 0 0 0 0 0 0
0 1 8 0 3 7 2 4 1 19 33 10 1 14 10 9 3 1 1 0 0 0 0 0 0 45 39 1 0 0 0 1 10 2 1 0 0 0 1 30 22 1 6 0 1 0 11 5 2 1 13 568 38 8 1 3 0 4 1 3 0 0 0 4 0 0 0 0 0 0 0 0 0 0 0 0 7 38 135 0 4 53 36 0 0 0 0 0 14 11 0 7 8 22 1 35 25 0 1 3 12 0 1 18 27 16 7 1 187 61 4 12 48 4 2 28 8 333 715 781 889 1045 1305 893 2003 1493 1185 1050 1278 1149 937 8 0 0 0 0 0 0 0 0 0 0 0 0 0 0 0 0 0 0
0 0 0 0 3 2 0 8 5 8 2 8 3 1 15 41 9 2 0 1 0 0 0 0 1 16 7 0 6 0 0 8 1 1 6 4 0 5 2 0 1 0 9 0 2 1 17 0 4 66 822 762 30 135 11 7 4 3 4 11 1 6 0 0 0 0 0 0 0 0 0 0 0 0 0 1 0 0 13 4 0 2 0 0 0 0 0 0 41 3 2 3 14 0 0 2 3 0 5 9 35 6 12 4 32 46 28 59 7 12 12 7 5 16 13 9 16 125 661 2481 2175 870 434 2133 2224 1422 303 1114 831 53 138 50 0 0 0 0 0 0 0 0 0 0 0 0 0 0 0 0 0 0
0 6 0 14 2 2 13 2 21 5 2 11 11 3 10 5 4 2 0 0 0 0 0 0 11 3 0 0 1 0 1 46 51 2 0 16 2 0 1 0 0 0 0 4 0 1 0 0 7 30 816 1043 914 797 85 54 8 8 6 9 1 0 0 0 0 0 0 0 0 0 0 0 0 0 5 0 0 0 0 30 0 0 4 0 0 0 0 24 156 0 2 29 19 0 0 0 0 0 0 16 23 1 15 10 12 207 600 19 2 0 3 14 0 18 9 16 26 4 183 975 649 912 472 4211 2255 1031 449 300 19 1111 1149 1073 0 0 0 0 0 0 0 0 0 0 0 0 0 0 0 0 0 0
0 0 5 18 1 0 43 12 24 5 15 68 1 4 2 0 0 0 0 0 0 0 0 2 13 0 6 0 0 0 0 32 14 1 0 2 1 2 0 0 0 0 0 2 0 2 1 0 1 6 275 608 746 702 110 95 7 5 8 6 1 0 0 0 0 0 0 0 0 0 0 0 0 0 1 0 0 0 0 39 3 9 9 0 0 0 0 72 105 7 12 44 139 0 0 0 0 0 0 12 10 47 25 26 35 13 4 11 0 0 0 0 3 4 3 27 20 9 20 64 383 550 584 1072 1665 1410 642 687 454 1087 431 453 1 0 0 0 0 0 0 0 0 0 0 0 0 0 0 0 0 0
18 14 4 12 2 8 7 19 1 0 5 8 0 0 0 0 0 0 0 0 0 0 0 1 0 0 0 0 0 6 3 1 0 0 0 0 1 2 0 0 0 0 0 0 0 15 3 1 1 11 143 200 434 28 35 32 18 1 6 2 5 1 0 0 0 0 0 0 0 0 0 0 0 0 0 0 0 0 6 0 5 7 0 0 0 0 55 78 23 3 11 417 387 46 13 0 0 0 0 43 34 10 92 250 57 2 1 7 41 4 0 0 5 14 5 11 8 46 40 39 214 1166 662 626 472 962 1284 2238 470 333 174 110 0 0 0 0 0 0 0 0 0 0 0 0 0 0 0 0 0 0
7 4 14 0 12 0 20 53 18 18 14 0 16 3 0 0 0 0 0 0 0 0 0 1 0 0 0 0 10 0 0 0 0 0 0 1 0 0 2 0 0 0 0 0 0 1 0 0 4 11 5 39 193 21 35 0 0 89 94 1 1 0 0 0 0 0 0 0 0 0 0 0 0 0 0 0 0 0 0 0 0 5 31 48 13 44 2 1 19 103 183 260 203 6 8 9 0 1 35 55 78 598 386 604 644 61 46 7 16 13 0 0 7 0 2 8 9 127 33 643 443 1031 3267 2496 1186 419 2470 3288 2036 2 0 0 0 0 0 0 0 0 0 0 0 0 0 0 0 0 0 0 0 0
4 20 21 0 11 21 2 59 6 16 0 1 3 2 0 0 0 0 0 0 1 2 6 1 0 0 1 0 12 0 0 0 1 4 0 1 0 0 0 0 2 0 0 0 0 0 0 0 2 20 0 11 102 8 20 1 0 16 158 16 4 6 0 0 0 0 0 0 0 0 0 0 0 0 0 0 0 0 0 0 2 7 11 1 1 9 1 7 12 75 85 130 230 26 65 11 9 0 0 13 258 348 614 402 337 117 10 5 4 29 6 0 0 1 13 2 18 966 447 946 870 12 24 204 419 451 430 1266 583 10 649 16 0 0 0 0 0 0 0 0 0 0 0 0 0 0 0 0 0 0
8 14 159 20 115 163 40 31 2 6 0 1 6 2 0 1 0 0 0 1 1 1 1 0 0 0 0 0 0 0 0 0 0 0 0 0 0 0 0 0 1 0 1 0 0 2 0 0 4 0 0 9 35 0 0 2 2 2 2 39 4 10 0 0 0 0 0 0 0 0 0 0 0 0 0 0 0 0 0 1 33 99 0 0 25 4 127 14 0 0 1 17 9 5 0 0 0 0 0 21 12 136 1210 444 173 360 28 10 30 3 43 5 1 0 0 28 514 837 270 92 0 0 0 0 130 720 199 970 721 16 40 25 0 0 0 0 0 0 0 0 0 0 0 0 0 0 0 0 0 0
7 50 202 195 536 585 244 40 16 0 0 0 0 0 9 0 0 1 0 0 0 16 0 0 0 0 0 0 0 0 0 0 0 0 0 0 0 0 3 0 0 0 0 10 6 19 0 31 8 2 0 24 13 0 0 0 5 0 21 3 1 3 0 0 0 0 0 0 0 0 0 0 0 0 0 0 0 0 11 34 9 2 0 0 23 23 31 294 117 0 0 0 0 0 0 0 0 0 0 0 0 329 786 286 166 250 3 2 2 20 11 5 0 0 7 72 288 24 24 86 0 0 0 0 14 703 505 672 350 9 93 0 0 0 0 0 0 0 0 0 0 0 0 0 0 0 0 0 0 0
1 137 659 1216 616 504 216 35 1 1 0 7 11 0 0 1 0 0 0 0 1 5 0 0 16 0 1 0 0 1 0 0 0 0 0 0 0 0 2 0 0 6 4 8 3 0 0 21 44 0 0 0 52 0 0 2 3 1 0 0 0 8 0 0 0 0 0 0 0 0 0 0 0 0 0 0 0 39 0 0 0 0 0 0 0 0 61 47 2 0 4 0 0 0 0 0 0 0 0 0 15 91 66 16 138 127 0 2 1 0 7 38 4 12 11 5 7 7 27 53 71 128 14 1 71 213 153 280 63 1 0 0 0 0 0 0 0 0 0 0 0 0 0 0 0 0 1 0 0 0
0 9 324 343 234 254 80 12 6 2 2 4 2 0 0 0 0 0 1 9 2 4 0 0 0 0 0 0 1 4 5 0 2 0 1 0 0 0 0 0 0 0 4 0 1 0 0 2 1 13 3 0 0 0 0 3 0 0 0 0 0 0 0 0 0 0 0 0 0 0 0 0 0 0 0 0 2 0 0 0 0 0 0 0 0 0 168 24 21 18 65 3 0 0 16 16 0 0 0 646 1413 227 425 213 20 163 91 9 1 2 4 24 4 0 0 0 0 0 17 134 184 95 240 572 95 79 0 0 0 1 0 0 0 0 0 0 0 0 0 0 0 0 0 0 0 0 0 0 0 0
22 60 48 96 89 77 3 2 2 2 109 2 0 0 0 0 1 0 0 0 0 59 0 0 0 0 0 0 0 2 0 1 0 0 0 0 2 0 0 0 13 0 0 3 2 30 3 1 0 1 0 0 0 0 0 21 3 0 0 0 0 0 0 0 0 0 0 0 0 0 0 0 0 0 0 0 8 14 0 0 0 0 0 0 0 0 12 0 0 66 40 0 0 0 79 158 171 16 310 2380 550 846 265 68 0 28 48 156 0 6 17 2 1 0 0 0 0 0 36 58 116 38 66 60 11 72 59 37 137 47 12 0 0 0 0 0 0 0 0 0 0 0 0 0 0 0 0 0 0 0
60 34 33 3 0 0 0 4 1 0 0 0 1 0 0 0 0 0 0 1 0 9 11 2 0 0 0 0 0 4 3 1 0 1 12 0 0 0 0 0 0 0 0 4 6 16 4 20 0 0 1 0 1 5 108 13 3 0 0 0 0 0 0 0 0 0 0 0 0 0 0 0 0 0 30 25 0 0 0 0 0 0 0 0 0 0 10 2 0 0 194 34 6 12 200 536 96 3 276 215 28 11 41 14 7 1 0 273 720 140 1 0 0 0 30 0 0 9 3 4 34 3 2 5 44 126 124 69 659 188 45 0 0 0 0 0 0 0 0 0 0 0 0 0 0 0 0 0 0 0
31 0 19 1 0 0 1 0 0 0 0 1 0 0 0 0 0 0 0 0 0 0 0 0 0 0 0 19 0 0 10 80 5 0 0 0 0 0 0 0 0 0 0 0 3 5 0 0 0 0 1 0 27 4 15 3 0 0 0 2 0 0 0 0 0 0 0 0 0 0 0 0 0 0 42 29 1 0 0 0 0 0 0 0 0 0 47 70 225 101 117 13 29 37 7 49 22 4 0 5 6 4 4 1 2 5 253 511 234 63 1 0 7 0 0 0 0 31 1 0 2 17 8 22 14 271 135 258 156 253 44 0 0 0 0 0 0 0 0 0 0 0 0 0 0 0 0 0 0 0
0 4 0 14 1 0 0 0 0 0 0 0 0 0 0 0 0 1 0 0 0 0 0 0 0 0 0 0 4 0 0 3 2 1 0 0 0 0 0 0 0 2 0 0 0 2 1 0 0 0 1 1 7 54 15 1 1 0 0 0 0 0 0 0 0 0 0 0 0 0 0 8 2 0 2 0 0 0 0 0 0 0 0 0 0 0 1 1 219 7 0 0 0 8 6 64 0 4 4 0 0 6 0 8 8 357 1050 783 547 186 0 0 0 0 0 0 0 0 166 16 0 48 0 26 5 71 107 51 4 40 1 26 0 0 0 0 0 0 0 0 0 0 0 0 2 0 0 0 0 0
0 0 1 0 2 0 0 0 0 0 0 0 0 0 0 0 0 0 1 1 0 0 0 46 0 0 0 9 0 0 0 1 0 22 0 1 0 0 0 0 0 0 0 0 0 0 0 0 0 0 1 3 11 75 11 5 1 0 0 0 0 0 0 0 0 0 0 0 0 0 1 4 1 0 0 0 0 0 0 0 0 0 0 0 0 0 1 0 3 1 0 0 16 31 0 1 4 0 12 2 3 2 1 0 68 120 157 33 81 350 0 0 0 0 0 0 0 0 12 7 1 14 2 117 175 73 302 116 44 73 2 0 0 0 0 0 0 0 0 0 0 0 0 0 0 0 0 0 0 0
0 0 0 0 13 80 0 0 0 0 0 0 0 0 0 0 1 1 0 0 0 0 0 0 0 0 18 0 0 0 1 1 0 1 4 0 0 0 0 3 0 0 1 4 4 0 0 0 0 0 6 0 8 3 5 1 6 7 0 0 0 0 0 0 0 0 0 1 3 10 1 0 0 0 0 0 0 0 0 0 0 0 0 0 0 0 0 2 1 7 0 54 175 14 2 0 1 2 3 8 2 12 27 39 112 26 0 25 6 23 3 0 0 0 0 0 0 0 0 0 4 4 2 34 0 0 0 364 19 21 0 0 0 0 0 0 0 0 0 0 0 0 0 0 0 0 0 0 0 0
0 0 0 0 86 41 0 0 0 0 0 0 0 0 4 0 0 0 0 0 0 0 0 0 0 0 0 1 12 0 2 0 0 0 0 0 0 0 2 0 0 0 0 4 0 1 0 0 0 2 3 0 0 6 0 3 1 2 0 0 0 0 0 0 0 0 0 0 16 3 0 0 1 1 0 0 0 0 0 0 0 0 0 0 0 0 0 0 81 79 244 558 244 26 0 0 1 0 0 26 63 871 582 98 9 45 6 0 0 33 8 0 0 0 0 0 0 0 0 0 0 0 0 0 0 0 110 50 0 0 0 0 0 0 0 0 0 0 0 0 0 0 0 0 0 0 0 0 0 0
0 0 0 0 0 3 1 0 0 0 0 0 1 1 0 1 0 0 4 0 0 0 0 0 0 0 0 0 0 35 0 0 0 0 0 4 0 0 0 0 0 0 0 0 4 7 0 0 0 1 2 0 0 6 1 2 0 0 0 0 0 0 0 0 0 0 0 0 18 3 0 1 0 0 0 0 0 0 0 0 0 0 0 0 0 4 8 4 31 177 382 270 109 71 1 2 3 6 0 77 202 160 118 34 0 2 1 0 0 13 0 0 0 0 0 0 0 0 0 1 1 103 113 0 0 21 3 4 0 0 0 0 0 0 0 0 0 0 0 0 0 0 0 0 0 0 0 0 0 0
0 0 0 0 0 12 1 0 0 0 0 0 22 30 0 0 2 0 0 0 0 0 0 0 0 13 4 0 0 16 0 0 0 0 1 5 0 0 0 0 0 0 0 4 1 9 5 0 0 8 16 0 2 27 15 5 0 0 0 0 0 0 0 0 0 0 2 8 65 0 0 0 0 0 0 0 0 0 0 0 0 0 0 0 4 20 46 3 5 20 0 6 55 0 48 1 0 4 4 21 159 0 11 4 0 0 0 0 1 41 35 37 11 0 0 0 0 0 0 0 0 0 0 0 0 0 0 1 0 0 0 0 0 0 0 0 0 0 0 0 0 0 0 0 0 0 0 0 0 0
0 0 0 2 4 0 0 1 0 0 0 0 0 0 8 1 1 0 0 0 0 0 0 0 0 0 0 2 0 0 0 0 0 0 0 0 0 0 0 0 0 0 4 0 0 0 0 19 3 6 3 0 0 9 30 5 3 0 0 0 0 0 0 0 0 0 3 52 18 0 0 0 0 0 0 0 0 0 0 0 0 0 0 0 81 3 0 4 8 22 15 11 21 7 3 27 13 51 30 29 36 21 11 1 3 0 0 25 98 204 289 595 66 17 3 0 0 0 0 0 0 1 5 0 0 0 0 0 0 0 0 0 0 0 0 0 0 0 0 0 0 0 0 0 0 0 0 0 0 0
0 0 0 0 0 2 0 5 0 0 0 0 0 0 0 1 0 0 0 0 0 0 0 0 1 4 0 0 0 1 0 0 0 0 1 0 1 0 0 0 0 0 0 0 0 1 3 7 21 1 0 0 1 0 0 156 158 2 16 0 0 0 0 0 1 13 75 111 0 0 0 3 0 0 0 0 0 0 0 0 0 0 0 46 72 1 3 19 12 19 15 8 4 0 2 15 89 75 35 1 2 0 24 6 2 1 53 1 39 58 398 74 492 208 2 0 0 0 0 0 0 0 0 0 0 0 0 0 0 0 0 0 0 0 0 0 0 0 0 0 0 0 0 0 0 0 0 0 0 0
0 0 0 1 1 0 0 0 0 0 0 1 0 0 0 1 7 0 0 0 0 0 0 0 0 0 0 0 1 1 0 0 0 0 0 0 1 0 0 0 0 0 0 0 0 2 1 7 90 3 8 0 0 0 16 5 7 7 26 17 6 9 3 8 12 7 3 2 0 33 0 1 0 0 0 0 0 0 0 0 0 0 0 0 0 0 0 52 4 10 1 0 1 1 11 243 6 0 0 0 0 0 0 0 35 100 615 1298 664 175 68 0 367 161 0 0 0 0 0 0 0 0 0 0 0 0 0 0 0 0 0 0 0 0 0 0 0 0 0 0 0 0 0 0 0 0 0 0 0 0
0 0 4 2 2 50 2 11 1 0 3 0 0 0 2 0 0 1 0 0 0 0 0 0 0 0 0 0 0 0 2 0 0 0 0 1 0 0 7 5 3 0 0 6 2 5 26 26 1 0 4 0 11 0 10 4 1 0 0 2 0 0 0 7 0 0 5 5 2 24 6 8 0 0 0 0 0 0 0 0 0 0 0 0 0 0 0 2 1 5 21 33 0 1 202 39 4 0 0 0 0 5 1 12 65 118 231 577 343 362 160 245 591 1 0 0 0 0 0 0 0 0 0 0 0 0 0 0 0 0 0 0 0 0 0 0 0 0 0 0 0 0 0 0 0 0 0 0 0 0
0 1 0 0 24 86 0 0 0 0 3 0 0 0 0 0 7 0 2 0 1 0 0 0 0 0 0 0 0 0 0 0 0 1 0 0 0 1 0 1 3 1 4 4 2 0 6 5 5 3 2 0 3 3 4 0 0 4 4 2 0 0 1 1 1 6 4 1 2 0 0 0 2 1 0 0 0 0 0 0 0 0 0 0 0 1 0 0 1 0 0 2 14 53 1 49 328 0 0 0 0 0 0 202 154 409 1 0 19 103 0 3 2 0 0 0 0 0 0 0 0 0 0 0 0 0 0 0 0 0 0 0 0 0 0 0 0 0 0 0 0 0 0 0 0 0 0 0 0 0
0 0 0 0 2 2 0 0 11 1 1 0 0 5 0 0 0 0 1 3 1 0 0 0 0 0 0 0 0 0 0 2 0 1 1 0 0 0 0 0 0 1 0 0 0 0 0 0 6 3 1 0 1 1 2 0 0 0 2 4 7 4 0 0 0 0 0 0 0 0 4 1 5 0 0 0 0 0 0 0 0 0 0 0 0 0 0 0 10 1 0 19 107 28 28 201 617 0 0 0 0 0 0 12 43 0 1 0 0 1 69 130 0 0 0 0 0 0 0 0 0 0 0 0 0 0 0 0 0 0 0 0 0 0 0 0 0 0 0 0 0 0 8 16 3 0 0 0 0 0
0 0 1 1 1 0 0 0 0 5 2 0 2 0 2 3 0 0 0 0 0 0 0 0 0 0 0 0 0 0 0 1 0 0 0 0 0 0 0 0 0 0 0 0 0 0 0 0 0 0 13 3 1 2 1 0 0 0 1 10 2 0 0 0 0 0 0 0 0 0 7 0 0 0 0 0 0 0 0 0 0 0 0 0 0 0 0 0 50 3 19 27 331 331 82 1 0 0 0 0 0 0 0 2 8 0 1 4 0 112 200 0 0 0 0 0 0 0 0 0 0 0 0 0 0 0 0 0 0 0 0 0 0 0 0 0 0 0 0 0 0 0 0 10 0 0 0 0 0 0
0 1 0 0 4 0 0 0 0 1 0 0 0 3 0 2 0 0 0 0 0 0 0 0 2 0 0 0 0 0 0 0 0 0 0 0 0 0 0 0 0 0 0 0 0 0 0 0 0 0 2 2 18 0 0 0 0 0 1 2 4 0 0 0 0 0 0 0 0 0 0 0 0 0 0 0 0 0 0 0 0 0 0 0 0 0 0 0 0 0 17 123 692 0 2 27 2 0 0 0 0 0 0 1 5 2 0 1 28 93 111 0 0 0 0 0 0 0 0 0 0 0 0 0 0 0 0 0 0 0 0 0 0 0 0 0 0 0 0 0 0 0 0 0 0 0 0 0 0 0
0 0 0 0 0 0 0 0 0 0 0 5 7 0 0 3 0 0 3 0 0 0 0 0 0 0 0 0 0 0 0 0 0 0 1 0 0 0 0 0 0 0 0 0 0 0 0 0 0 0 1 13 1 1 0 0 2 1 0 9 4 0 0 0 0 0 0 0 0 0 3 95 8 0 0 0 0 0 0 0 0 0 0 0 0 0 0 0 5 1 13 35 5 8 40 1 0 0 0 0 0 0 0 0 0 0 0 0 0 0 0 0 0 0 0 0 0 0 0 0 0 0 0 0 0 0 0 0 0 0 0 0 0 0 0 0 0 0 0 0 0 0 0 0 0 0 0 0 0 0
0 0 0 0 0 0 0 0 0 0 1 0 0 0 0 0 0 0 0 0 0 7 5 63 0 0 0 0 0 0 0 0 0 0 0 1 0 0 0 0 0 0 0 0 0 0 0 0 0 0 0 25 6 1 0 0 0 0 0 0 0 22 24 0 0 0 0 0 0 0 0 29 6 3 11 0 0 0 0 0 0 0 0 0 0 0 0 0 0 0 2 37 3 20 40 3 0 0 0 0 0 0 0 0 0 0 0 0 0 0 0 0 0 0 0 0 0 0 0 0 0 0 0 0 0 0 0 0 0 0 0 0 0 0 0 0 0 0 0 0 0 0 0 0 0 0 0 0 0 0
0 0 0 0 0 0 0 0 0 0 0 0 0 0 0 0 0 0 0 0 0 0 2 2 5 0 0 0 1 10 0 0 0 0 0 0 0 0 0 0 0 0 0 0 0 0 0 0 0 0 0 56 25 4 3 0 2 0 0 0 2 32 91 1 0 0 0 0 0 0 0 0 0 0 6 0 0 0 0 0 0 0 0 0 0 0 0 0 0 0 15 8 2 27 32 8 0 0 10 0 0 0 0 0 0 0 0 0 0 0 0 0 0 0 0 0 0 0 0 0 0 0 0 0 0 0 0 0 0 0 0 0 0 0 0 0 0 0 0 0 0 0 0 0 0 0 0 0 0 0
0 0 0 0 0 0 0 0 0 0 0 0 12 0 0 0 0 0 0 0 0 0 0 0 0 2 0 0 1 4 2 0 0 0 0 0 0 0 0 2 0 0 0 0 0 0 0 0 0 6 12 87 266 7 6 5 0 2 0 0 0 15 0 0 0 0 0 0 0 0 0 0 0 3 1 0 0 0 0 0 0 0 0 0 0 0 0 0 0 0 2 5 45 30 10 10 0 0 1 0 0 0 0 0 0 0 0 0 0 0 0 0 0 0 0 0 0 0 0 0 0 0 0 0 0 0 0 0 0 0 0 0 0 0 0 0 0 0 0 0 0 0 0 0 0 0 0 0 0 0
0 0 0 0 0 0 0 0 0 0 0 0 16 5 0 1 0 0 2 0 0 0 0 0 0 4 0 0 0 0 0 0 0 0 0 0 0 0 0 0 0 0 0 0 0 0 0 0 2 16 1 25 198 3 21 0 0 0 0 0 1 8 7 0 0 0 0 0 0 0 0 0 0 0 0 0 0 0 0 0 0 0 0 0 0 0 0 0 0 0 0 7 6 13 14 2 5 11 0 15 0 0 0 0 0 0 0 0 0 0 0 0 0 0 0 0 0 0 0 0 0 0 0 0 0 0 0 0 0 0 0 0 0 0 0 0 0 0 0 0 0 0 0 0 0 0 0 0 0 0
0 0 0 0 0 0 0 0 0 6 0 0 0 2 0 0 3 0 1 0 0 0 0 4 4 6 0 0 0 0 0 0 0 1 0 0 0 0 0 0 0 0 0 0 0 0 0 3 0 1 11 21 31 0 0 0 0 0 1 0 16 3 0 5 0 0 0 0 0 0 0 0 0 0 0 0 0 0 0 0 0 0 0 0 0 0 0 0 0 0 0 0 0 1 0 2 13 0 0 0 2 0 0 0 0 0 0 0 0 0 0 0 0 0 0 0 0 0 0 0 0 0 0 0 0 0 0 0 0 0 0 0 0 0 0 0 0 0 0 0 0 0 0 0 0 0 0 0 0 0
0 0 11 0 0 0 0 0 0 0 1 5 0 0 0 0 0 0 0 0 0 0 0 0 0 1 2 0 0 0 0 5 1 3 17 1 1 2 0 0 0 0 0 0 0 0 9 6 0 0 0 0 0 0 0 0 0 0 0 1 10 0 0 0 0 0 0 0 0 0 0 0 0 0 0 0 0 0 0 0 0 0 0 0 0 0 0 0 0 0 0 0 0 0 0 4 20 34 0 0 0 0 0 0 0 0 0 0 0 0 0 0 0 0 0 0 0 0 0 0 0 0 0 0 0 0 0 0 0 0 0 0 0 0 0 0 0 0 0 0 0 0 0 0 10 18 0 0 0 0
1 0 0 0 0 0 0 0 0 0 0 1 0 0 0 0 2 1 0 1 5 5 0 0 0 2 0 0 0 0 0 2 0 1 0 0 0 0 0 0 0 0 0 0 0 1 28 0 0 0 0 0 0 0 0 0 0 0 0 0 0 0 0 0 0 0 0 0 0 0 0 2 1 0 0 0 0 0 0 0 0 0 0 0 0 0 0 0 0 0 0 0 0 0 3 13 9 7 0 0 8 0 0 0 0 0 0 0 0 0 0 0 0 0 0 0 0 0 0 0 0 0 0 0 0 0 0 0 0 0 0 0 0 0 0 0 0 0 0 0 0 0 0 0 0 0 0 0 0 0
0 0 0 0 0 0 0 0 0 0 0 1 1 0 0 0 1 0 0 0 0 0 0 0 0 0 0 0 0 0 0 0 0 0 0 0 0 0 0 0 0 0 0 0 1 0 0 0 0 0 0 0 0 0 0 0 0 0 0 0 2 0 0 0 0 0 0 0 0 0 1 6 0 0 0 0 0 0 0 0 0 0 0 0 0 0 0 0 0 0 0 0 0 0 13 0 2 0 0 0 0 3 0 0 0 0 0 0 0 0 0 0 0 0 0 0 0 0 0 0 0 0 0 0 0 0 0 0 0 0 0 0 0 0 0 0 0 0 0 0 0 0 0 0 0 0 0 0 0 0
0 0 0 0 0 0 0 0 0 0 9 0 4 0 0 4 0 0 0 0 0 0 0 0 0 0 0 0 0 0 0 0 0 0 0 0 0 0 0 0 0 0 0 1 4 0 0 0 0 0 0 0 0 0 0 0 0 0 0 1 1 0 0 0 0 0 0 0 0 0 3 0 0 0 0 0 0 0 0 0 0 0 0 0 0 0 0 0 0 0 0 0 0 0 7 1 5 0 0 0 0 0 0 0 0 0 0 0 0 0 0 0 0 0 0 0 0 0 0 0 0 0 0 0 0 0 0 0 0 0 0 0 0 0 0 0 0 0 0 0 0 0 0 0 0 0 0 0 0 0
0 0 0 0 0 0 0 1 1 0 0 8 10 4 1 2 8 2 0 0 0 0 0 0 0 0 0 0 0 0 0 0 0 0 0 0 0 0 0 0 0 0 0 5 0 0 0 2 0 0 0 0 0 0 0 0 0 0 0 11 5 0 0 0 0 0 0 0 91 0 0 0 0 0 0 0 0 0 0 0 0 0 0 0 1 0 0 0 0 0 0 0 0 0 0 0 0 4 2 46 0 0 0 0 0 0 0 0 0 0 0 0 0 0 0 0 0 0 0 0 0 0 0 0 0 0 0 0 0 0 0 0 0 0 0 0 0 0 0 0 0 0 0 0 0 0 0 0 0 0
2 0 0 0 0 0 0 0 0 0 0 0 4 0 0 0 0 8 1 0 0 0 0 0 0 0 0 0 0 0 0 0 0 0 0 4 1 2 4 0 0 0 4 1 0 0 0 0 0 0 0 0 0 0 0 0 0 0 0 0 2 9 3 0 0 0 0 6 218 79 1 0 0 0 0 0 0 0 0 0 0 0 0 0 0 0 0 0 0 0 0 0 0 0 0 0 3 0 0 0 0 0 0 0 0 0 0 0 0 0 0 0 0 0 0 0 0 0 0 0 0 0 0 0 0 0 0 0 0 0 0 0 0 0 0 0 0 0 0 0 0 0 0 0 0 0 0 0 0 0
5 1 4 3 0 0 3 0 0 0 0 1 85 17 0 1 32 0 8 7 0 0 0 16 1 0 0 0 0 0 4 4 0 0 10 0 9 6 11 6 0 0 16 0 0 0 0 0 0 0 0 0 0 0 0 0 0 0 0 0 0 0 1 3 193 96 10 0 0 0 0 0 0 0 0 0 0 0 0 0 0 0 0 0 0 0 0 0 0 0 0 0 1 0 0 0 0 0 0 0 0 0 0 0 0 0 0 0 0 0 0 0 0 0 0 0 0 0 0 0 0 0 0 0 0 0 0 0 0 0 0 0 0 0 0 0 0 0 0 0 0 0 0 0 0 0 0 0 0 0
7 67 6 0 0 0 0 0 0 0 0 1 11 0 0 0 0 2 0 4 10 91 83 23 2 0 0 0 0 0 0 0 0 1 1 15 42 4 0 2 0 2 0 0 0 0 0 0 0 0 0 0 0 0 0 0 0 0 0 0 0 0 0 0 0 0 0 0 0 0 0 0 0 0 0 0 0 0 0 0 0 0 0 0 0 0 0 0 0 0 0 0 0 0 0 0 0 0 0 0 0 0 0 0 0 0 0 0 0 0 0 0 0 0 0 0 0 0 0 0 0 0 0 0 0 0 0 0 0 0 0 0 0 0 0 0 0 0 0 0 0 0 0 0 0 0 0 0 0 0
37 16 21 1 1 2 0 0 0 0 0 0 5 0 0 2 14 3 0 3 2 60 20 5 26 2 0 0 7 13 23 0 0 0 0 0 0 3 0 1 2 5 0 0 0 0 0 0 0 0 0 0 0 0 0 0 0 0 0 0 0 0 0 0 2 1 0 0 0 0 0 0 0 0 0 0 0 0 0 0 0 0 0 0 0 0 0 0 0 1 0 0 0 0 0 0 0 0 0 0 0 0 0 0 0 0 0 0 0 0 0 0 0 0 0 0 0 0 0 0 0 0 0 0 0 0 0 0 0 0 0 0 0 0 0 0 0 0 0 0 0 0 0 0 0 0 0 0 0 0
0 0 0 0 1 0 0 0 0 0 0 5 4 0 0 0 1 3 1 3 0 0 9 18 2 3 15 3 4 2 0 0 0 0 4 1 0 4 0 0 0 0 0 0 0 0 0 0 0 0 0 0 0 0 0 0 0 0 0 0 0 0 0 0 0 0 0 0 0 0 0 0 0 0 0 0 0 0 0 0 0 0 0 0 0 0 0 0 0 0 0 0 0 0 0 0 0 0 0 0 0 0 0 0 0 0 0 0 0 0 0 0 0 0 0 0 0 0 0 0 0 0 0 0 0 0 0 0 0 0 0 0 0 0 0 0 0 0 0 0 0 0 0 0 0 0 0 0 0 0
0 0 1 0 0 0 0 0 0 0 0 0 0 0 0 0 0 1 1 8 0 0 0 0 2 16 8 13 11 0 3 1 1 12 5 0 4 0 0 0 0 0 0 0 0 0 0 0 0 0 0 0 0 0 0 0 0 0 0 0 0 0 0 0 0 0 0 0 0 0 0 0 0 0 0 0 0 0 0 0 0 0 0 0 0 0 0 0 0 0 0 0 0 0 0 0 0 0 0 0 0 0 0 0 0 0 0 0 0 0 0 0 0 0 0 0 0 0 0 0 0 0 0 0 0 0 0 0 0 0 0 0 0 0 0 0 0 0 0 0 0 0 0 0 0 0 0 0 0 0
0 0 0 0 0 0 0 0 0 0 0 0 0 0 0 0 0 0 0 0 0 1 0 0 1 0 3 9 208 78 2 8 7 18 1 0 15 0 0 0 0 0 0 0 0 0 0 0 0 0 0 0 0 0 0 0 0 0 0 0 0 0 0 0 0 0 0 0 0 0 0 0 0 0 0 0 0 0 0 0 0 0 0 0 0 0 0 0 0 0 0 0 0 0 0 0 0 0 0 0 0 0 0 0 0 0 0 0 0 0 0 0 0 0 0 0 0 0 0 0 0 0 0 0 0 0 0 0 0 0 0 0 0 0 0 0 0 0 0 0 0 0 0 0 0 0 0 0 0 0
0 0 0 0 0 0 0 0 0 0 0 0 0 0 0 0 0 0 0 0 0 0 0 3 0 10 3 24 1 1 8 0 2 9 0 3 3 0 0 0 0 0 0 0 0 0 0 0 0 0 0 0 0 0 0 0 0 0 0 0 0 0 0 0 2 0 0 0 0 0 0 0 0 0 0 0 0 0 0 0 0 0 0 0 0 0 0 0 0 0 0 0 0 0 0 0 0 0 0 0 0 0 0 0 0 0 2 0 0 0 0 0 0 0 0 0 0 0 0 0 0 0 0 0 0 0 0 0 0 0 0 0 0 0 0 0 0 0 0 0 0 0 0 0 0 0 0 0 0 0
0 0 0 0 0 0 0 0 0 0 0 0 1 0 0 0 0 0 0 0 0 0 0 0 11 4 8 0 0 0 29 1 5 2 0 0 1 4 0 0 0 0 0 0 0 0 0 0 0 0 0 0 0 0 0 0 0 0 0 0 0 0 0 0 0 0 0 0 0 0 0 0 0 0 0 0 0 0 0 0 0 0 0 0 0 0 0 0 0 0 0 0 0 0 0 0 0 0 0 0 0 0 0 0 0 0 0 0 0 0 0 0 0 0 0 0 0 0 0 0 0 0 0 0 0 0 0 0 0 0 0 0 0 0 0 0 0 0 0 0 0 0 0 0 0 0 0 0 0 0
0 0 0 0 0 0 0 0 0 0 0 2 6 8 0 0 0 0 0 0 0 0 0 0 0 0 0 0 0 0 0 0 33 0 0 0 5 2 0 0 0 0 0 0 0 0 0 0 0 0 0 0 0 0 0 0 0 0 0 0 0 0 0 0 0 0 0 0 0 0 0 0 0 0 0 0 0 0 0 0 0 0 0 0 0 0 0 0 0 0 0 0 0 0 0 0 0 0 0 0 0 0 0 0 0 0 0 0 0 0 0 0 0 0 0 0 0 0 0 0 0 0 0 0 0 0 0 0 0 0 0 0 0 0 0 0 0 0 0 0 0 0 0 0 0 0 0 0 0 0
0 0 0 0 0 0 0 0 0 0 2 0 1 0 0 0 0 0 0 0 0 0 0 0 0 0 0 28 8 3 4 0 0 0 0 0 0 0 0 0 0 0 0 0 0 0 0 0 0 0 0 0 0 0 0 0 0 0 0 0 0 0 0 0 0 0 0 0 0 0 0 0 0 0 0 0 0 0 0 0 0 0 0 0 0 0 0 0 0 0 0 0 0 0 0 0 0 0 0 0 0 0 0 0 0 0 0 0 0 0 0 0 0 0 0 0 0 0 0 0 0 0 0 0 0 0 0 0 0 0 0 0 0 0 0 0 0 0 0 0 0 0 0 0 0 0 0 0 0 0
0 0 0 0 0 0 0 0 0 2 0 0 0 0 0 0 0 0 0 0 0 0 0 0 0 0 0 8 11 0 0 0 6 8 0 0 0 0 0 0 0 0 0 0 0 0 0 0 0 0 0 0 0 0 0 0 0 0 0 0 0 0 0 0 0 0 0 0 0 0 0 0 0 0 0 0 0 0 0 0 0 0 0 0 0 0 0 0 0 0 0 0 0 0 0 0 0 0 0 0 0 0 0 0 0 0 0 0 0 0 0 0 0 0 0 0 0 0 0 0 0 0 0 0 0 0 0 0 0 0 0 0 0 0 0 0 0 0 0 0 0 0 0 0 0 0 0 0 0 0
0 0 0 0 0 0 0 0 0 0 11 0 0 2 0 0 0 0 0 0 0 0 0 0 0 0 0 0 0 0 0 0 4 0 0 0 0 0 0 0 0 0 0 0 0 0 0 0 0 0 0 0 0 0 0 0 0 0 0 0 0 0 0 0 0 0 0 0 0 0 0 0 0 0 0 0 0 0 0 0 0 0 0 0 0 0 0 0 0 0 0 0 0 0 0 0 0 0 0 0 0 0 0 0 0 0 0 0 0 0 0 0 0 0 0 0 0 0 0 0 0 0 0 0 0 0 0 0 0 0 0 0 0 0 0 0 0 0 0 0 0 0 0 0 0 0 0 0 0 0
0 0 0 0 0 0 0 0 0 2 1 0 0 1 0 0 0 0 0 0 0 0 0 0 0 0 0 0 0 0 0 0 0 0 0 0 0 0 0 0 0 0 0 0 0 0 0 0 0 0 0 0 0 0 0 0 0 0 0 0 0 0 0 0 0 0 0 0 0 0 0 0 0 0 0 0 0 0 0 0 0 0 0 0 0 0 0 0 0 0 0 0 0 0 0 0 0 0 0 0 0 0 0 0 0 0 0 0 0 0 0 0 0 0 0 0 0 0 0 0 0 0 0 0 0 0 0 0 0 0 0 0 0 0 0 0 0 0 0 0 0 0 0 0 0 0 0 0 0 0
0 0 0 0 0 0 0 0 0 0 11 0 0 0 0 0 0 0 0 0 0 0 0 0 0 0 0 0 0 0 0 0 0 0 0 0 0 0 0 0 0 0 0 0 0 0 0 0 0 0 0 1 0 0 0 0 0 0 0 0 0 0 0 0 0 0 0 0 0 0 0 0 0 0 0 0 0 0 0 0 0 0 0 0 0 0 0 0 0 0 0 0 0 0 0 0 0 0 0 0 0 0 0 0 0 0 0 0 0 0 0 0 0 0 0 0 0 0 0 0 0 0 0 0 0 0 0 0 0 0 0 0 0 0 0 0 0 0 0 0 0 0 0 0 0 0 0 0 0 0
0 0 0 0 0 0 0 0 9 45 0 0 0 0 0 0 0 0 0 0 0 0 0 0 0 0 0 0 0 0 0 0 0 0 0 0 0 0 0 0 0 0 0 0 0 0 0 0 0 0 4 0 0 0 0 0 0 0 0 0 0 0 0 0 0 0 0 0 0 0 0 0 0 0 0 0 0 0 0 0 0 0 0 0 0 0 0 0 0 0 0 0 0 0 0 0 0 0 0 0 0 0 0 0 0 0 0 0 0 0 0 0 0 0 0 0 0 0 0 0 0 0 0 0 0 0 0 0 0 0 0 0 0 0 0 0 0 0 0 0 0 0 0 0 0 0 0 0 0 0
0 0 0 0 3 3 28 5 6 0 0 0 0 0 0 0 0 0 0 0 0 0 0 0 0 0 0 0 0 0 0 0 0 0 0 0 0 0 0 0 0 0 0 0 0 0 0 0 0 39 57 0 0 0 0 0 0 0 0 0 0 0 0 0 0 0 0 0 0 0 0 0 0 0 0 0 0 0 0 0 0 0 0 0 0 0 0 0 0 0 0 0 0 0 0 0 0 0 0 0 0 0 0 0 0 0 0 0 0 0 0 0 0 0 0 0 0 0 0 0 0 0 0 0 0 0 0 0 0 0 0 0 0 0 0 0 0 0 0 0 0 0 0 0 0 0 0 0 0 0
0 0 0 0 0 0 3 15 0 0 0 0 0 0 0 0 0 0 0 0 0 0 0 0 0 0 0 0 0 0 0 0 0 0 0 0 0 0 0 0 0 0 0 0 0 0 0 0 0 0 0 0 0 0 0 0 0 0 0 0 0 0 0 0 0 0 0 0 0 0 0 0 0 0 0 0 0 0 0 0 0 0 0 0 0 0 0 0 0 0 0 0 0 0 0 0 0 0 0 0 0 0 0 0 0 0 0 0 0 0 0 0 0 0 0 0 0 0 0 0 0 0 0 0 0 0 0 0 0 0 0 0 0 0 0 0 0 0 0 0 0 0 0 0 0 0 0 0 0 0
0 0 0 0 0 0 0 0 0 0 0 0 0 0 0 0 0 0 0 0 0 0 0 0 0 0 0 0 0 0 0 0 0 0 0 0 0 0 0 0 0 0 0 0 0 0 0 0 1 0 0 0 6 12 0 0 0 0 0 0 0 0 0 0 0 0 0 0 0 0 0 0 0 0 0 0 0 0 0 0 0 0 0 0 0 0 0 0 0 0 0 0 0 0 0 0 0 0 0 0 0 0 0 0 0 0 0 0 0 0 0 0 0 0 0 0 0 0 0 0 0 0 0 0 0 0 0 0 0 0 0 0 0 0 0 0 0 0 0 0 0 0 0 0 0 0 0 0 0 0
0 0 0 0 0 0 0 0 0 0 0 0 0 0 0 0 0 0 0 0 0 0 0 0 0 0 0 0 0 0 0 0 0 0 0 0 0 0 0 0 0 0 0 0 0 0 0 0 0 0 0 0 1 1 0 0 0 0 0 0 0 0 0 0 0 0 0 0 0 0 0 0 0 0 0 0 0 0 0 0 0 0 0 0 0 0 0 0 0 0 0 0 0 0 0 0 0 0 0 0 0 0 0 0 0 0 0 0 0 0 0 0 0 0 0 0 0 0 0 0 0 0 0 0 0 0 0 0 0 0 0 0 0 0 0 0 0 0 0 0 0 0 0 0 0 0 0 0 0 0
0 0 0 0 0 0 0 0 0 0 0 0 0 0 0 0 0 0 0 0 0 0 0 0 0 0 0 0 0 0 0 0 0 0 0 0 0 0 0 0 0 0 0 0 0 0 0 0 1 0 0 2 1 0 0 0 0 0 0 0 0 0 0 0 0 0 0 0 0 0 0 0 0 0 0 0 0 0 0 0 0 0 0 0 0 0 0 0 0 0 0 0 0 0 0 0 0 0 0 0 0 0 0 0 0 0 0 0 0 0 0 0 0 0 0 0 0 0 0 0 0 0 0 0 0 0 0 0 0 0 0 0 0 0 0 0 0 0 0 0 0 0 0 0 0 0 0 0 0 0
0 0 0 0 0 0 0 0 0 0 0 0 0 0 0 0 0 0 0 0 0 0 0 0 0 0 0 0 0 0 0 0 3 0 0 0 0 0 0 0 0 0 0 0 0 0 0 0 0 0 0 0 1 0 0 0 0 0 0 0 0 0 0 0 0 0 0 0 0 0 0 0 0 0 0 0 0 0 0 0 0 0 0 0 0 0 0 0 0 0 0 0 0 0 0 0 0 0 0 0 0 0 0 0 0 0 0 0 0 0 0 0 0 0 0 0 0 0 0 0 0 0 0 0 0 0 0 0 0 0 0 0 0 0 0 0 0 0 0 0 1 0 0 0 0 0 0 0 0 0
0 0 0 0 0 0 0 0 0 0 0 0 0 0 0 0 0 0 0 0 0 0 0 0 0 0 0 0 0 0 2 0 0 0 0 0 0 0 0 0 0 0 0 0 0 0 0 0 0 0 0 0 0 4 0 0 0 0 0 0 0 0 0 0 0 0 0 0 0 0 0 0 0 0 0 0 0 0 0 0 0 0 0 0 0 0 0 0 0 0 0 0 0 0 0 0 0 0 0 0 0 0 0 0 0 0 0 0 0 0 0 0 0 0 0 0 0 0 0 0 0 0 0 0 0 0 0 0 0 0 0 0 0 0 0 0 0 0 0 0 0 0 0 0 0 0 0 0 0 0
0 0 0 0 0 0 0 0 0 0 0 0 0 0 0 0 0 0 0 0 0 0 0 0 0 0 0 0 1 0 2 25 2 0 0 0 1 0 0 0 0 0 0 0 0 0 0 0 0 0 0 0 0 0 0 0 0 0 0 0 0 0 0 0 0 0 0 0 0 0 0 0 0 0 0 0 0 0 0 0 0 0 0 0 0 0 0 0 0 0 0 0 0 0 0 0 0 0 0 0 0 0 0 0 0 0 0 0 0 0 0 0 0 0 0 0 0 0 0 0 0 0 0 0 0 0 0 0 0 0 0 0 0 0 0 0 0 0 0 0 0 0 0 0 0 0 0 0 0 0
0 0 0 0 0 0 0 0 0 0 0 0 0 0 0 0 0 0 0 0 0 0 0 0 0 0 0 0 0 0 8 10 0 0 0 0 2 0 0 0 0 0 0 0 0 0 0 0 0 0 0 0 0 0 0 0 0 0 0 0 0 0 0 0 0 0 0 0 0 0 0 0 0 0 0 0 0 0 0 0 0 0 0 0 0 0 0 0 0 0 0 0 0 0 0 0 0 0 0 0 0 0 0 0 0 0 0 0 0 0 0 0 0 0 0 0 0 0 0 0 0 0 0 0 0 0 0 0 0 0 0 0 0 0 0 0 0 0 0 0 0 0 0 0 0 0 0 0 0 0
0 0 0 0 0 0 0 0 0 0 0 0 0 0 0 0 0 0 0 0 0 0 0 0 0 0 0 0 0 3 0 0 0 0 0 0 0 0 0 0 0 0 0 0 0 0 0 0 0 0 0 0 0 0 0 0 0 0 0 0 0 0 0 0 0 0 0 0 0 0 0 0 0 0 0 0 0 0 0 0 0 0 0 0 0 0 0 0 0 0 0 0 0 0 0 0 0 0 0 0 0 0 0 0 0 0 0 0 0 0 0 0 0 0 0 0 0 0 0 0 0 0 0 0 0 0 0 0 0 0 0 0 0 0 0 0 0 0 0 0 0 0 0 0 0 0 0 0 0 0
0 0 0 0 0 0 0 0 0 0 0 0 0 0 0 0 0 0 0 0 0 0 0 0 0 0 0 0 0 90 39 0 0 0 0 0 0 0 0 0 0 0 0 0 0 0 0 0 0 0 1 0 0 0 0 0 0 0 0 0 0 0 0 0 0 0 0 0 0 0 0 0 0 0 0 0 0 0 0 0 0 0 0 0 0 0 0 0 0 0 0 0 0 0 0 0 0 0 0 0 0 0 0 0 0 0 0 0 0 0 0 0 0 0 0 0 0 0 0 0 0 0 0 0 0 0 0 0 0 0 0 0 0 0 0 0 0 0 0 0 0 0 0 0 0 0 0 0 0 0
0 0 0 0 0 0 0 0 0 0 0 0 0 0 0 0 0 0 0 0 0 0 0 0 0 0 7 0 0 0 0 0 0 0 0 0 0 0 0 0 0 0 0 0 0 0 0 0 2 57 0 0 0 0 0 0 0 0 0 0 0 0 0 0 0 0 0 0 0 0 0 0 0 0 0 0 0 0 0 0 0 0 0 0 0 0 0 0 0 0 0 0 0 0 0 0 0 0 0 0 0 0 0 0 0 0 0 0 0 0 0 0 0 0 0 0 0 0 0 0 0 0 0 0 0 0 0 0 0 0 0 0 0 0 0 0 0 0 0 0 0 0 0 0 0 0 0 0 0 0
0 0 0 0 0 0 0 0 0 0 0 0 0 0 0 0 0 0 0 0 0 0 0 0 0 0 30 0 0 0 0 0 0 0 0 0 0 0 0 0 0 0 0 0 0 0 0 0 3 0 0 0 0 0 0 0 0 0 0 0 0 0 0 0 0 0 0 0 0 0 0 0 0 0 0 0 0 0 0 0 0 0 0 0 0 0 0 0 0 0 0 0 0 0 0 0 0 0 0 0 0 0 0 0 0 0 0 0 0 0 0 0 0 0 0 0 0 0 0 0 0 0 0 0 0 0 0 0 0 0 0 0 0 0 0 0 0 0 0 0 0 0 0 0 0 0 0 0 0 0
0 0 0 0 0 0 0 0 0 0 0 0 0 0 0 0 0 0 0 0 0 0 0 0 0 0 0 2 5 0 0 0 0 0 0 0 0 0 0 0 0 0 0 0 0 0 0 0 0 0 0 0 0 0 0 0 0 0 0 0 0 0 0 0 0 0 0 0 0 0 0 0 0 0 0 0 0 0 0 0 0 0 0 0 0 0 0 0 0 0 0 0 0 0 0 0 0 0 0 0 0 0 0 0 0 0 0 0 0 0 0 0 0 0 0 0 0 0 0 0 0 0 0 0 0 0 0 0 0 0 0 0 0 0 0 0 0 0 0 0 0 0 0 0 0 0 0 0 0 0
0 0 0 0 0 0 0 0 0 0 0 0 0 0 0 0 0 0 0 0 0 0 0 0 0 0 0 0 0 0 0 0 0 0 0 0 0 0 0 0 0 0 0 0 0 0 0 0 0 0 0 0 0 0 0 0 0 0 0 0 0 0 0 0 0 0 0 0 0 0 0 0 0 0 0 0 0 0 0 0 0 0 0 0 0 0 0 0 0 0 0 0 0 0 0 0 0 0 0 0 0 0 0 0 0 0 0 0 0 0 0 0 0 0 0 0 0 0 0 0 0 0 0 0 0 0 0 0 0 0 0 0 0 0 0 0 0 0 0 0 0 0 0 0 0 0 0 0 0 0
0 0 0 0 0 0 0 0 0 0 0 0 0 0 0 0 0 0 0 0 0 0 0 0 0 0 0 0 0 0 0 0 0 0 0 0 0 0 0 0 0 0 0 0 0 0 0 0 0 0 0 0 0 0 0 0 0 0 0 0 0 0 0 0 0 0 0 0 0 0 0 0 0 0 0 0 0 0 0 0 0 0 0 0 0 0 0 0 0 0 0 0 0 0 0 0 0 0 0 0 0 0 0 0 0 0 0 0 0 0 0 0 0 0 0 0 0 0 0 0 0 0 0 0 0 0 0 0 0 0 0 0 0 0 0 0 0 0 0 0 0 0 0 0 0 0 0 0 0 0
0 0 0 0 0 0 0 0 0 0 0 0 0 0 0 0 0 0 0 0 0 0 0 0 0 0 0 0 0 0 0 0 0 0 0 0 0 0 0 0 0 0 0 0 0 0 0 0 0 0 0 0 0 0 0 0 0 0 0 0 0 0 0 0 0 0 0 0 0 0 0 0 0 0 0 0 0 0 0 0 0 0 0 0 0 0 0 0 0 0 0 0 0 0 0 0 0 0 0 0 0 0 0 0 0 0 0 0 0 0 0 0 0 0 0 0 0 0 0 0 0 0 0 0 0 0 0 0 0 0 0 0 0 0 0 0 0 0 0 0 0 0 0 0 0 0 0 0 0 0
0 0 0 0 0 0 0 0 0 0 0 0 0 0 0 0 0 0 0 0 0 0 0 0 0 0 0 0 0 0 0 0 0 0 0 0 0 0 0 0 0 0 0 0 0 0 0 0 0 0 0 0 0 0 0 0 0 0 0 0 0 0 0 0 0 0 0 0 0 0 0 0 0 0 0 0 0 0 0 0 0 0 0 0 0 0 0 0 0 0 0 0 0 0 0 0 0 0 0 0 0 0 0 0 0 0 0 0 0 0 0 0 0 0 0 0 0 0 0 0 0 0 0 0 0 0 0 0 0 0 0 0 0 0 0 0 0 0 0 0 0 0 0 0 0 0 0 0 0 0
0 0 0 0 0 0 0 0 0 0 0 0 0 0 0 0 0 0 0 0 0 0 0 0 0 0 0 0 0 0 0 0 0 0 0 0 0 0 0 0 0 0 0 0 0 0 0 0 0 0 0 0 0 0 0 0 0 0 0 0 0 0 0 0 0 0 0 0 0 0 0 0 0 0 0 0 0 0 0 0 0 0 0 0 0 0 0 0 0 0 0 0 0 0 0 0 0 0 0 0 0 0 0 0 0 0 0 0 0 0 0 0 0 0 0 0 0 0 0 0 0 0 0 0 0 0 0 0 0 0 0 0 0 0 0 0 0 0 0 0 0 0 0 0 0 0 0 0 0 0
