0 0 31 12 2 0 3 0 25 153 7 3 0 5 0 0 1 2 9 0 1 3 0 0 1 20 0 0 0 0 0 0 0 1 8 6 0 1 1 11 0 0 0 1 1 0 0 0 0 0 0 0 0 0 3 1 0 0 0 5 54 25 9 4 0 4 5 0 1 0 0 4 19 162 155 412 174 47 66 12 19 270 78 80 102 269 294 268 53 297 1127 759 123 631 520 708 1152 867 1044 211 244 180 19 50 49 46 77 390 208 22 15 6 31 112 43 33 50 21 5 3 1 62 23 4 1 8 0 1 15 18 2 48 0 22 4 0 0 12 0 0 1 0 0 0 0 0 0 0 0 31
0 2 2 4 1 0 1 0 0 40 12 15 11 2 0 0 0 0 17 0 0 4 26 0 12 33 0 1 0 0 0 0 0 0 1 1 0 8 9 0 0 0 0 0 0 0 0 0 0 0 0 0 0 0 6 0 0 0 0 29 224 22 4 16 16 0 0 1 0 2 0 3 66 67 67 10 53 73 10 37 86 52 28 5 159 306 387 188 400 421 170 47 456 394 292 457 830 530 1043 731 357 58 49 32 5 10 28 36 29 15 5 7 4 19 70 21 8 36 6 51 5 36 14 17 2 5 0 9 12 40 29 15 88 41 4 0 0 0 2 84 6 0 0 0 0 0 0 0 0 0
0 0 0 7 8 0 0 0 1 10 5 2 20 4 0 0 0 2 2 0 4 22 115 35 15 0 2 10 0 0 0 0 0 0 0 3 16 4 0 16 3 0 0 3 0 0 0 0 0 0 0 0 1 0 19 0 0 0 0 11 15 10 5 12 0 0 0 0 0 0 0 3 7 0 0 0 17 81 134 241 131 63 9 29 43 240 647 240 9 11 116 26 163 644 707 785 431 402 290 514 778 384 20 81 37 11 1 7 268 148 48 16 3 11 10 22 8 149 90 9 111 31 2 1 3 3 2 7 2 44 10 2 71 153 0 0 7 0 4 79 8 4 0 0 0 1 0 0 0 2
70 20 0 0 0 0 1 0 0 2 0 0 0 0 1 4 0 0 7 4 0 0 1 17 10 0 1 10 13 0 0 0 0 0 0 0 0 0 0 3 4 0 0 0 0 0 0 0 0 0 1 0 3 0 256 59 0 24 42 3 0 3 11 14 0 0 0 0 0 0 24 167 14 2 2 4 78 125 244 503 129 99 182 212 158 31 79 212 8 283 1084 1078 1481 933 900 462 128 234 544 563 532 674 159 16 41 101 50 26 423 131 41 14 47 16 1 10 28 179 63 26 37 96 30 7 3 3 2 2 15 0 5 8 19 2 35 2 19 5 2 15 65 4 0 0 0 1 0 0 0 0
6 39 0 0 0 0 0 0 5 2 0 0 0 0 0 13 8 2 1 0 1 2 4 0 0 0 1 0 0 0 0 0 1 1 0 16 16 0 2 1 1 0 0 0 0 0 0 0 0 3 2 0 0 0 38 202 53 74 2 0 7 1 0 21 0 0 0 0 0 16 135 81 191 157 35 59 54 177 345 349 366 380 447 420 366 130 81 79 17 487 1527 1466 551 1169 427 266 87 720 483 761 625 1088 741 605 450 244 97 37 10 20 4 13 29 50 9 2 13 65 138 78 184 592 133 11 8 5 4 0 2 7 0 0 0 0 1 3 0 0 0 0 55 5 0 0 0 0 0 0 0 0
16 6 0 0 0 0 0 0 4 0 3 0 0 0 0 15 0 1 22 53 7 13 0 0 0 0 0 0 0 2 1 2 0 0 12 93 53 22 0 0 1 0 2 0 0 0 0 0 0 11 47 13 1 3 13 64 56 4 30 3 0 0 7 1 0 0 0 0 11 73 82 220 207 132 170 71 37 68 71 460 805 653 365 100 9 128 117 34 16 384 1822 1134 155 720 1138 1089 217 1305 954 512 423 440 986 548 37 163 28 81 2 1 1 1 3 61 2 16 49 6 1 53 236 163 1 2 2 1 2 2 2 0 5 0 1 0 0 1 5 1 3 0 2 14 5 0 0 0 0 0 0 0
1 0 0 1 0 0 0 0 0 12 6 0 0 1 0 0 0 1 0 0 3 0 1 0 0 0 0 0 0 0 3 0 0 0 0 3 5 14 2 0 0 0 0 0 0 0 0 0 0 4 5 5 0 3 1 48 121 4 82 35 1 7 2 0 8 0 0 0 4 76 61 70 238 384 312 174 358 181 457 547 1408 1077 1148 724 278 31 9 180 68 146 1527 1220 195 622 1105 489 306 585 584 72 36 361 236 266 57 94 120 21 39 27 79 144 279 59 48 58 3 3 21 28 92 99 8 0 0 2 7 1 0 0 3 0 0 0 0 0 0 30 0 0 0 5 9 0 0 0 0 0 0 0
3 0 0 0 0 0 0 0 1 0 2 0 0 0 0 0 0 0 0 0 0 0 0 0 0 0 0 0 0 1 12 0 0 0 2 4 0 0 23 12 0 0 0 0 0 0 0 0 0 0 0 0 8 15 15 25 1 71 89 66 76 74 43 10 14 63 0 0 4 106 6 1 23 48 121 61 89 145 554 961 1333 845 1161 255 178 178 237 613 355 65 605 111 98 612 437 545 333 736 602 277 174 413 514 590 203 156 31 53 110 38 320 453 102 62 41 101 1 0 3 22 32 9 7 13 7 5 12 2 2 1 0 0 0 0 0 0 0 0 0 0 0 0 0 0 0 0 0 0 0 0
8 0 0 0 0 0 0 0 3 6 0 3 0 5 12 0 0 0 0 0 0 0 0 0 0 0 0 0 0 0 2 0 0 0 0 0 0 1 0 2 0 0 0 0 0 0 0 0 0 0 0 0 2 14 0 0 8 18 23 57 295 270 21 9 8 36 5 8 3 43 4 0 0 8 1 20 19 25 140 639 1462 1324 783 37 10 24 599 245 311 91 34 18 467 1167 1271 1515 111 393 327 305 414 261 120 369 664 132 390 263 50 38 911 323 234 13 52 6 0 1 8 7 18 1 13 13 35 8 1 3 18 1 10 0 0 0 0 0 0 0 0 0 0 0 0 0 0 0 0 0 0 0
0 0 0 0 0 0 0 1 39 9 0 0 0 0 0 0 0 0 0 0 0 0 0 0 0 0 0 0 0 0 0 0 0 0 0 0 0 0 4 0 0 0 0 0 0 0 3 0 4 4 4 0 14 11 0 0 1 0 4 42 41 162 31 35 2 8 4 0 0 19 0 0 0 2 1 21 16 68 615 709 1177 853 682 309 812 714 407 165 257 228 63 7 21 783 1037 1454 679 125 132 11 48 196 24 2 139 426 336 208 113 8 589 593 385 43 4 198 341 562 242 74 55 37 41 64 88 22 58 4 9 23 104 35 0 0 0 1 0 0 0 0 0 0 0 0 0 0 0 0 0 1
1 3 21 0 0 0 1 0 2 1 2 4 0 0 0 5 1 1 3 0 0 0 0 0 0 0 0 0 0 0 0 2 0 1 0 7 0 0 1 1 0 4 0 0 0 0 3 16 19 33 13 5 12 1 0 0 0 12 25 32 0 116 15 3 0 0 4 0 1 7 0 0 0 0 0 0 23 25 263 420 537 243 688 333 252 383 240 479 656 371 60 1 9 236 483 835 859 40 29 49 36 32 1 16 121 362 945 292 162 172 562 293 190 73 6 172 374 706 535 286 363 167 214 168 134 408 170 98 109 45 15 128 19 61 44 0 0 0 0 0 0 0 0 0 0 0 0 0 0 0
3 0 9 0 0 0 0 0 19 0 0 0 0 0 0 0 14 9 1 0 0 0 0 0 0 0 0 0 0 0 0 0 0 7 7 0 1 2 1 3 3 11 18 8 1 0 2 0 0 0 0 1 4 0 7 1 12 1 2 22 2 1 0 2 10 2 2 4 11 0 3 0 0 0 0 3 154 14 154 467 626 295 81 78 208 145 38 41 166 540 40 0 0 6 25 125 1034 573 278 15 0 1 8 55 37 59 396 262 36 74 461 236 116 175 48 145 404 296 900 768 334 429 183 75 165 111 1 0 0 44 4 0 74 52 28 1 0 0 0 0 0 0 0 0 0 0 0 0 0 0
2 0 3 0 0 0 5 0 34 6 0 0 0 0 0 0 1 18 7 0 1 0 0 1 0 0 0 0 0 1 1 0 0 0 0 2 4 0 0 0 0 3 61 2 20 0 3 36 0 0 0 0 9 3 14 0 0 0 11 7 1 5 1 0 1 2 1 10 1 3 13 0 0 0 0 40 185 63 205 101 222 275 41 2 19 20 3 0 2 2 0 0 1 30 81 26 771 638 731 553 21 12 89 28 37 19 43 310 710 307 946 767 153 663 255 35 37 121 1288 1036 237 271 149 5 51 71 8 0 41 33 0 0 39 15 16 1 0 0 0 0 0 0 0 0 0 0 0 1 0 0
0 0 0 0 0 0 4 2 0 3 10 0 0 0 0 0 0 1 107 28 3 0 0 0 0 0 0 0 0 3 10 0 0 0 0 0 4 0 0 0 0 2 0 87 51 0 0 0 6 0 6 12 2 0 0 0 0 0 28 0 4 7 1 2 1 0 40 24 23 13 83 0 2 2 25 489 711 450 268 48 50 311 111 2 49 177 17 1 3 41 21 0 0 56 8 27 147 683 253 352 1 50 400 156 360 63 123 572 281 726 1520 2041 890 274 309 310 244 495 899 461 159 94 2 12 0 45 19 0 9 0 0 0 5 2 0 0 0 0 0 0 0 0 0 0 0 0 0 0 0 0
0 0 0 0 0 0 2 4 18 11 0 0 0 0 0 0 0 0 1 11 9 0 2 0 3 2 0 0 0 1 0 0 0 0 0 0 0 0 0 0 0 0 0 7 23 0 0 4 0 12 8 67 19 0 3 0 4 4 33 27 89 19 16 36 12 21 177 142 237 188 53 3 9 1 104 872 1736 1197 479 57 4 138 60 0 3 19 38 26 0 28 15 11 4 2 0 3 65 342 217 314 17 62 565 510 1695 1373 2053 1225 1189 1202 1147 924 799 695 575 315 136 106 85 104 135 119 64 28 1 21 76 5 6 12 3 0 0 1 0 0 0 0 0 0 0 0 0 0 0 0 0 0 0 0
0 0 0 0 0 0 0 46 17 3 2 0 0 0 0 1 3 0 2 6 0 21 14 0 0 0 0 0 2 2 0 0 0 0 0 0 0 0 0 0 0 0 1 1 4 15 0 0 0 28 100 94 1 0 0 22 50 146 11 100 18 26 4 25 45 68 192 73 97 188 233 88 184 193 575 1031 1545 890 199 20 5 10 1 1 0 4 18 70 21 72 3 14 0 0 2 46 37 13 56 29 11 2 1154 771 779 741 1341 419 543 1090 1912 1035 1369 433 504 560 66 204 130 124 50 8 121 326 58 93 11 2 3 4 0 0 0 0 17 4 0 0 0 0 0 0 0 0 0 0 0 0 0 0
0 0 0 0 0 0 0 1 0 0 0 0 1 0 0 3 7 8 0 2 2 3 38 28 18 6 2 0 1 0 0 0 0 0 0 0 0 0 0 0 3 0 0 3 0 15 0 1 0 30 21 9 3 15 19 78 102 137 56 37 3 10 1 0 0 3 0 0 0 0 3 0 59 92 436 559 468 379 116 1 0 0 9 1 0 0 1 101 137 5 3 0 4 2 5 11 39 0 4 123 32 257 1004 838 426 223 332 267 440 831 916 436 1047 424 577 158 35 96 233 13 0 1 29 44 35 346 5 3 10 0 1 0 0 0 0 0 0 0 0 0 0 0 0 0 0 0 0 0 0 0
0 0 0 0 0 5 0 4 1 0 0 0 1 0 0 0 0 6 4 2 4 1 0 1 26 4 5 22 3 2 0 0 0 0 0 0 1 0 0 0 0 0 1 0 1 26 28 3 3 46 67 47 9 105 38 22 72 60 398 12 2 10 0 0 3 2 19 47 2 27 97 17 194 35 79 146 145 174 52 11 1 0 19 4 0 2 0 6 62 16 0 25 69 41 63 8 7 0 36 648 177 171 191 132 146 481 167 241 469 422 124 275 95 203 233 47 76 168 36 3 0 1 4 9 154 678 142 43 0 1 0 0 0 0 0 0 0 0 0 0 0 0 0 0 0 0 0 0 0 0
0 0 0 1 2 13 0 0 0 0 0 0 3 0 0 0 0 0 0 5 1 3 3 12 4 2 52 51 44 0 0 0 3 0 1 18 4 0 0 0 0 0 0 13 9 19 22 2 26 437 156 29 40 20 5 34 175 90 35 35 62 26 1 1 0 1 4 1 6 34 42 23 45 27 3 125 220 59 9 28 29 0 14 18 0 10 19 22 4 2 7 53 83 252 31 1 0 29 237 45 121 335 111 38 147 181 158 441 351 0 0 84 21 513 74 0 14 0 0 0 0 0 0 11 65 131 190 293 17 2 0 0 0 0 0 0 0 0 0 0 0 0 0 0 0 0 0 0 0 0
0 0 0 1 0 0 0 0 0 0 0 0 0 2 0 0 4 0 0 0 6 14 75 7 1 6 15 24 154 4 0 3 1 1 1 0 0 0 0 0 0 3 8 39 6 89 111 28 7 230 48 13 1 18 55 12 24 65 5 0 9 0 3 0 0 13 0 0 7 6 52 38 9 0 2 45 10 0 5 7 3 0 1 0 0 23 22 2 4 12 1 33 20 12 0 22 0 22 11 1 792 1166 860 212 77 216 115 294 250 11 0 0 5 346 54 0 0 0 0 0 0 0 0 2 17 8 16 152 16 0 0 0 0 0 0 0 0 0 0 0 0 0 0 0 0 0 0 0 0 1
0 0 0 0 0 0 0 0 0 0 0 0 0 1 0 0 0 4 3 0 4 4 11 7 0 16 20 27 3 11 0 14 9 0 0 0 0 0 0 4 9 9 10 30 27 26 22 51 127 359 297 112 30 65 15 11 7 0 4 0 0 3 39 14 187 100 3 2 5 21 87 34 2 0 5 183 173 122 15 32 12 13 1 3 0 2 7 10 29 16 11 0 0 1 0 0 2 2 321 436 1388 1031 496 164 2 55 127 322 8 0 0 0 0 18 0 0 0 0 0 0 0 0 7 5 0 0 37 40 0 0 0 0 0 0 0 0 0 0 0 0 0 0 0 0 0 0 0 0 0 0
0 0 0 0 0 0 0 0 0 0 0 0 0 0 2 2 2 0 0 0 1 4 37 4 1 3 0 0 0 0 45 82 10 4 0 0 0 12 0 0 81 24 1 0 1 0 5 10 233 839 349 358 20 2 0 7 2 0 0 0 5 16 3 0 16 17 31 6 9 82 38 29 23 0 2 40 103 110 81 124 19 28 11 38 12 35 9 12 323 55 15 7 0 17 2 23 0 1 71 371 226 88 45 6 8 13 153 96 13 0 1 0 2 75 0 0 0 0 0 0 0 0 0 0 0 47 61 13 7 13 6 0 0 0 0 0 0 0 0 0 0 0 0 0 0 0 0 0 0 0
0 0 0 0 0 0 0 0 0 0 0 0 0 0 2 0 0 0 0 0 0 3 7 1 1 0 0 0 0 0 0 7 54 13 7 0 19 105 27 23 1 0 0 0 0 0 22 28 74 439 246 155 10 0 0 4 0 0 4 2 0 0 0 0 21 1 17 2 0 9 20 40 46 26 1 13 21 15 43 20 11 45 17 0 3 8 7 0 0 0 2 4 1 10 0 2 9 0 1 0 7 1 11 62 93 47 59 62 87 127 82 18 43 0 0 0 0 0 0 0 0 0 0 3 52 94 135 0 0 0 4 1 0 0 0 0 0 0 0 0 0 0 0 0 0 0 0 0 0 0
0 0 5 0 0 0 0 0 0 0 0 0 0 1 4 0 0 3 0 1 9 2 0 2 0 2 0 0 0 1 4 1 9 12 9 8 26 47 13 6 0 0 0 0 15 117 57 47 0 148 161 40 10 8 10 6 26 11 1 0 0 0 0 0 1 0 2 1 1 0 0 5 104 108 10 18 0 0 0 1 0 11 80 127 4 1 4 2 0 0 0 4 0 2 0 6 1 0 1 2 6 3 5 82 38 49 17 9 10 30 20 849 31 0 0 0 0 0 0 0 0 0 2 20 13 38 72 123 2 0 0 0 0 0 0 0 0 0 0 0 0 0 0 0 0 0 0 0 0 0
0 0 0 0 0 0 0 0 0 0 0 0 0 1 0 0 0 1 0 0 0 0 0 0 0 3 1 0 0 0 0 3 29 27 147 0 1 39 0 0 0 0 0 24 40 36 61 2 12 45 42 40 26 11 37 7 2 4 2 5 0 0 0 0 0 0 0 15 16 21 7 7 21 13 33 8 0 0 0 0 2 12 28 56 25 16 1 0 0 0 4 1 0 1 0 0 5 0 1 9 9 3 1 22 535 0 0 9 0 0 0 101 5 0 0 4 2 0 0 0 0 0 2 1 0 34 61 24 0 0 1 0 0 0 0 0 3 0 0 0 0 0 0 0 0 0 0 0 0 0
0 0 0 0 0 0 0 0 0 0 0 0 0 1 9 0 1 0 15 0 0 5 0 4 0 0 1 2 0 0 0 0 9 72 21 1 0 13 3 0 5 0 0 18 123 32 4 0 15 1 62 6 0 5 0 0 0 0 0 0 1 0 0 0 18 10 0 15 8 5 2 34 0 4 1 8 8 0 0 0 4 1 0 8 0 5 2 3 1 6 0 1 1 0 1 0 2 7 6 1 14 10 15 101 228 178 0 6 0 0 0 45 6 6 22 8 0 0 0 0 3 0 0 0 0 63 16 56 0 0 0 0 0 0 0 2 14 47 0 0 0 0 0 0 0 0 0 0 0 0
0 0 0 0 0 0 0 0 1 0 2 0 0 1 7 1 2 2 1 0 2 13 4 4 0 0 0 24 3 0 0 9 0 7 30 5 0 0 5 5 1 0 7 24 100 4 7 2 0 6 16 50 4 0 0 1 0 3 0 0 0 0 0 0 15 0 0 1 1 2 12 15 1 1 1 0 12 2 0 0 0 1 16 4 8 4 18 17 1 2 11 0 0 1 0 3 0 0 0 3 13 12 16 4 47 275 33 1 0 0 0 0 0 11 11 36 0 0 6 1 0 0 0 0 28 158 48 9 0 1 0 0 0 0 0 0 10 8 0 0 0 0 0 0 0 0 0 0 0 0
0 0 0 0 0 0 0 0 0 0 0 0 0 1 1 6 17 42 2 0 9 26 11 2 0 0 2 0 0 5 11 5 0 41 3 0 0 20 16 8 54 70 18 133 148 3 11 2 6 5 0 29 27 3 0 4 0 0 0 0 0 0 0 0 0 0 0 0 15 27 138 27 5 7 0 5 0 9 1 0 0 0 0 0 5 0 2 4 12 3 8 0 4 0 1 0 0 0 0 2 0 15 14 20 15 960 705 23 6 0 0 0 0 0 0 0 22 154 75 0 0 0 0 30 111 60 79 340 271 25 0 0 1 0 1 7 8 9 0 0 0 0 0 0 0 0 0 0 0 0
0 0 0 0 0 0 1 3 0 2 3 11 8 30 7 7 22 92 2 10 0 1 6 1 0 0 0 5 24 7 0 2 8 1 3 24 3 30 64 178 376 829 371 248 102 8 0 2 2 0 1 4 53 25 7 0 0 0 0 0 0 2 0 0 0 0 1 0 0 2 16 36 7 0 12 6 2 19 7 0 0 8 6 0 7 0 0 0 5 11 12 1 5 9 14 26 14 2 0 0 0 4 18 30 235 448 295 458 12 0 0 0 0 0 0 9 216 107 12 0 0 0 8 109 144 209 657 406 111 30 0 1 2 9 0 3 0 0 0 0 0 0 0 0 0 0 0 0 0 0
0 0 0 0 0 0 0 2 6 16 18 66 13 0 0 3 6 8 2 6 5 6 13 29 9 3 6 1 0 1 4 0 4 2 70 28 6 3 147 271 722 1080 695 860 76 19 1 7 6 0 9 3 30 62 23 12 0 0 0 0 0 0 0 0 0 0 0 0 1 0 1 5 2 0 0 1 0 13 15 0 0 0 3 4 10 0 0 0 3 2 0 0 11 21 0 19 1 0 0 1 0 2 15 5 16 73 6 110 18 0 0 0 0 0 114 89 575 250 55 37 24 29 8 184 234 140 445 425 400 396 43 59 13 133 8 0 0 0 0 0 0 0 0 0 0 0 0 0 0 0
0 0 0 0 0 0 3 0 5 10 7 2 3 0 1 3 0 2 6 5 0 22 160 41 0 0 0 1 0 2 10 6 0 3 6 19 22 23 31 99 599 542 486 268 59 14 5 17 1 6 3 0 24 3 5 1 0 0 0 0 0 0 0 0 0 0 0 0 2 0 0 2 0 0 0 5 4 8 5 7 18 25 10 3 29 0 0 0 15 13 1 0 5 16 0 0 5 5 3 0 0 2 1 8 1 3 0 12 50 10 6 12 6 0 46 806 917 541 147 208 125 106 56 3 0 9 405 455 11 48 49 242 549 39 79 6 0 0 0 0 0 0 0 0 0 0 0 0 0 0
0 0 0 0 0 0 3 2 5 1 6 9 4 2 0 5 2 1 19 13 279 92 6 1 0 0 0 0 11 31 2 4 26 41 20 13 0 5 0 102 569 445 363 210 114 30 13 0 2 18 22 3 16 17 16 5 2 0 0 0 0 0 0 0 0 0 0 0 0 2 0 0 0 0 0 0 0 3 9 0 28 16 40 214 32 5 0 0 1 1 0 1 16 2 1 0 15 1 0 4 2 1 0 0 1 6 3 28 348 180 288 448 115 204 336 1011 617 336 101 448 99 155 4 3 171 352 341 124 11 0 157 289 306 63 54 5 0 0 0 0 0 0 0 0 0 0 0 0 0 0
0 0 3 0 0 0 0 9 1 21 0 12 3 14 0 11 6 6 20 6 106 1 0 0 0 0 0 0 0 23 16 28 7 8 1 7 6 4 11 39 47 106 76 37 9 0 1 0 4 0 4 2 62 21 4 7 10 5 0 0 0 0 0 0 0 0 0 0 0 0 4 0 0 0 0 9 3 99 11 0 2 13 18 8 0 0 0 0 1 0 9 0 2 7 12 13 6 0 0 0 3 1 0 0 0 6 5 15 152 59 152 91 36 334 885 568 272 447 100 406 86 14 0 19 11 154 149 0 0 0 119 313 0 0 0 0 0 0 0 0 0 0 0 0 0 0 0 0 0 0
0 0 1 0 0 8 15 6 0 1 0 0 0 8 16 4 3 6 50 44 11 0 0 0 0 0 0 0 1 2 94 3 23 0 21 1 0 7 6 2 21 34 14 2 2 0 0 0 2 4 0 13 216 26 15 59 9 1 0 0 0 0 0 0 0 0 0 0 0 0 0 0 0 0 0 0 0 9 8 1 0 3 0 0 0 0 0 0 0 0 0 1 4 25 3 0 3 2 0 3 3 0 0 1 0 0 1 96 124 28 0 18 112 293 196 420 194 250 299 191 274 4 0 0 0 0 0 0 0 0 2 118 23 0 0 0 0 0 0 0 0 0 0 0 0 0 0 0 0 0
0 0 0 0 0 1 3 9 0 1 2 0 5 19 3 16 22 19 5 0 10 3 2 0 0 0 0 25 16 7 39 49 16 2 9 10 1 2 1 14 25 35 3 2 7 0 10 0 0 0 0 28 141 55 3 21 0 0 0 0 0 0 0 0 0 0 0 0 0 0 0 0 0 0 0 0 13 10 1 8 0 0 3 0 0 0 0 0 20 0 9 4 28 75 4 16 1 1 0 17 10 0 0 0 0 1 21 69 493 18 0 0 2 0 2 1 5 59 346 731 67 0 0 0 0 0 8 0 0 0 0 3 69 2 0 0 0 0 0 0 0 0 0 0 0 0 0 0 0 0
2 2 5 3 1 0 8 43 4 2 12 9 9 0 6 143 72 18 3 11 1 0 7 2 1 2 2 10 2 8 11 21 18 3 0 3 0 0 1 0 12 6 0 2 17 0 2 0 0 0 0 60 11 53 20 5 0 0 1 0 0 0 0 0 0 0 0 0 0 0 0 0 0 0 0 0 6 20 0 0 0 1 5 0 0 0 1 1 26 5 10 0 11 51 0 0 0 1 2 3 0 1 4 21 3 11 30 67 213 0 0 0 0 0 5 0 0 3 127 276 264 251 0 0 3 44 0 0 0 49 130 22 35 8 0 0 0 0 0 0 0 0 0 0 0 0 0 0 0 0
0 0 0 0 0 13 6 0 0 1 93 6 0 3 63 65 56 47 12 2 0 5 6 7 0 21 3 1 1 9 0 0 3 33 4 0 0 0 0 8 2 25 3 3 1 1 0 2 1 0 1 50 64 80 26 14 4 0 0 1 0 0 0 0 0 0 0 0 0 0 1 4 0 1 0 1 1 34 146 4 0 11 1 0 0 0 0 114 38 0 5 2 16 4 0 8 0 2 2 3 45 35 12 8 9 10 44 15 73 8 1 0 0 7 112 128 179 525 126 232 758 226 1 20 285 41 0 0 0 199 235 0 0 0 0 0 0 0 0 0 0 0 0 0 0 0 0 0 0 0
1 3 1 0 0 1 2 3 4 6 11 105 11 8 0 0 4 6 4 0 1 0 0 13 7 0 4 2 50 2 0 0 2 0 0 0 0 0 4 0 1 18 26 24 1 5 2 0 0 0 4 82 52 4 0 1 0 0 1 0 0 0 0 0 0 0 0 0 0 0 3 1 0 0 0 2 0 8 43 18 1 1 0 0 0 0 0 5 1 0 0 0 2 2 0 0 0 2 5 5 0 1 3 0 10 0 9 27 27 15 0 0 2 0 176 503 688 465 43 47 90 235 343 369 168 0 0 0 15 461 254 0 0 0 0 0 0 0 0 0 0 0 0 0 0 0 0 0 0 0
0 0 1 0 0 0 6 4 2 1 9 41 1 1 0 0 0 0 5 8 0 0 0 4 1 5 3 3 5 0 0 0 0 0 0 0 0 0 15 1 0 4 2 1 2 2 0 0 0 0 4 146 3 14 6 1 0 0 2 0 12 0 0 0 0 0 0 0 0 0 0 0 0 0 0 2 6 6 171 89 45 21 23 0 0 0 2 0 0 2 0 0 18 11 2 0 0 0 0 15 1 4 1 9 0 4 1 9 43 0 0 10 38 50 22 28 9 61 504 219 38 234 1069 643 530 282 208 262 1225 1875 918 27 0 0 0 0 0 0 0 0 0 0 0 0 0 0 1 0 0 0
0 1 2 0 3 2 6 2 0 11 29 4 0 4 4 3 0 3 0 0 0 0 0 0 1 40 30 0 0 0 0 3 4 0 2 0 0 0 0 5 0 0 0 0 0 2 6 1 0 1 8 442 39 7 1 5 0 0 0 1 0 0 0 0 0 0 0 0 0 0 0 0 0 0 1 0 0 12 63 2 2 23 23 0 0 0 0 0 7 4 0 9 2 5 12 31 16 2 2 9 13 0 1 6 13 13 7 3 91 45 10 18 41 0 1 12 2 224 655 655 497 694 834 891 1531 1372 1054 999 1227 811 1017 3 0 0 0 0 0 0 0 0 0 0 0 0 0 0 0 0 0 0
0 4 0 0 5 7 0 2 432 10 4 3 1 1 18 20 1 1 1 1 0 0 1 0 4 21 17 1 0 0 1 2 1 3 1 0 0 2 2 1 1 0 1 0 0 0 1 0 8 39 669 664 18 139 25 5 13 2 3 13 4 1 0 0 0 0 0 0 0 0 0 0 0 0 0 2 1 0 5 9 0 2 1 0 0 0 0 0 4 2 0 0 14 0 0 0 0 0 6 4 20 3 17 4 21 17 55 38 8 15 11 2 6 2 2 18 7 74 520 1632 1505 720 363 918 1643 1159 245 761 568 50 173 21 2 0 0 0 0 0 0 0 0 0 0 0 0 0 0 0 0 0
2 4 0 5 5 0 2 0 14 2 0 0 5 0 2 0 9 1 0 0 0 0 0 0 4 10 0 0 3 0 10 79 29 0 0 1 0 0 1 0 0 1 1 0 0 0 0 0 8 19 722 1074 719 759 114 18 2 11 4 4 1 1 0 0 0 0 0 0 0 0 0 0 0 1 2 0 0 0 0 21 0 2 2 0 0 0 0 21 46 0 0 23 15 0 0 0 0 0 0 20 5 1 21 28 12 128 309 112 2 0 7 2 4 0 1 6 16 10 89 668 490 583 280 1872 2150 1067 538 268 5 719 1971 743 21 0 0 0 0 0 0 0 0 0 0 0 0 0 0 0 0 0
3 0 1 19 2 0 25 6 29 13 18 67 0 1 0 0 0 0 0 0 0 0 0 0 4 0 1 0 0 0 0 23 45 14 0 2 2 1 0 0 0 0 0 4 1 1 2 0 1 6 213 472 613 455 79 102 8 0 2 5 0 0 0 0 0 0 0 0 0 0 0 0 0 0 0 0 0 0 0 39 2 6 4 0 0 0 0 8 52 1 2 34 69 1 0 0 0 0 0 9 5 22 30 34 44 9 6 14 2 0 1 0 3 0 0 0 7 17 7 74 375 292 430 693 1295 982 549 469 484 1118 1814 533 2 0 0 0 0 0 0 0 0 0 0 0 0 0 0 0 0 0
27 7 10 15 3 8 15 38 3 0 1 3 1 0 0 0 0 0 0 0 0 0 0 0 3 0 0 0 0 0 3 1 0 4 0 1 0 1 1 0 0 0 0 0 0 17 18 6 1 9 107 189 308 31 36 52 4 9 6 3 1 1 0 0 1 1 0 0 0 0 0 0 0 0 0 0 0 0 1 0 3 2 0 0 0 1 34 59 49 1 4 288 256 31 3 0 0 0 0 35 43 4 60 357 24 1 6 1 24 7 1 0 0 1 5 3 5 13 27 31 71 681 602 408 361 909 1265 1577 297 214 97 96 0 0 0 0 0 0 0 0 0 0 0 0 0 0 0 0 0 0
0 1 33 0 8 0 22 59 13 8 4 3 5 6 0 0 0 0 0 1 0 0 1 1 0 0 0 1 5 0 0 0 0 0 0 3 0 0 0 0 0 0 0 0 0 1 0 0 2 8 7 51 150 28 29 1 2 30 69 1 1 0 0 0 0 0 0 0 0 0 0 0 0 0 0 0 0 0 0 0 0 5 36 50 8 33 5 0 10 47 150 117 148 4 6 0 0 1 59 52 50 539 228 477 434 44 21 8 7 2 0 0 0 0 3 8 1 59 36 338 694 655 1585 1909 947 317 1785 2494 1466 0 0 1 0 0 0 0 0 0 0 0 0 0 0 0 0 0 0 0 0 0
5 17 36 0 12 34 11 70 6 13 1 1 0 0 0 0 0 0 0 0 0 0 2 1 0 0 0 0 7 0 0 0 1 2 0 0 0 0 0 1 2 0 0 0 0 0 0 0 7 3 0 9 104 13 13 0 0 6 119 18 3 0 0 0 0 0 0 0 0 0 0 0 0 0 0 0 0 0 0 0 3 14 14 1 2 6 4 12 27 51 118 127 142 17 52 18 3 0 0 12 199 356 626 255 185 78 1 0 3 18 4 0 0 0 7 1 5 528 371 644 687 22 20 211 252 224 437 945 462 4 284 5 0 0 0 0 1 0 0 0 0 0 0 0 0 0 0 0 0 0
13 8 89 9 90 139 60 14 2 9 1 0 5 2 0 0 1 0 0 2 0 5 0 1 0 0 0 0 0 0 0 0 0 0 0 0 0 0 0 0 0 4 2 0 0 3 0 0 0 3 0 2 15 0 1 2 0 3 3 27 6 1 0 0 0 0 0 0 0 0 0 0 0 0 0 0 0 0 0 3 13 59 0 4 30 6 133 30 1 5 6 10 30 4 1 0 0 0 0 10 11 85 1030 267 204 226 22 10 12 6 9 0 0 0 0 24 224 481 121 23 0 0 0 0 46 346 228 750 770 18 96 26 0 0 0 0 0 0 0 0 0 0 0 0 0 0 0 0 0 0
5 34 130 156 493 466 272 52 4 0 0 0 1 0 5 0 0 0 0 0 1 9 0 0 0 0 0 0 0 0 0 0 0 0 0 1 0 0 0 0 0 5 0 9 10 8 0 14 0 0 0 12 22 0 0 0 3 0 13 3 0 4 0 0 0 0 0 0 0 0 0 0 0 0 0 0 0 0 1 18 9 0 0 2 9 2 29 149 38 2 0 0 0 0 0 0 0 0 0 0 0 166 662 148 164 194 6 7 1 26 6 6 1 0 9 105 158 15 54 59 0 0 0 0 13 490 318 820 418 14 79 2 0 0 0 0 0 0 0 0 0 0 0 0 0 0 0 0 0 0
5 112 382 1002 421 356 184 37 0 7 0 5 4 0 0 0 2 9 0 2 0 6 0 0 2 0 1 0 0 0 0 0 0 0 0 0 0 0 1 1 0 0 4 2 1 0 0 19 48 0 0 1 27 0 0 7 0 8 0 0 0 2 0 0 0 0 0 0 0 0 0 0 0 0 0 0 0 17 1 0 0 0 0 0 0 0 58 30 0 1 6 0 0 0 0 1 0 0 0 0 10 68 17 19 145 106 0 0 14 7 15 12 7 15 14 3 3 0 14 37 34 53 4 0 13 107 114 300 139 1 0 0 0 0 0 0 0 0 0 0 0 0 0 0 0 0 0 0 0 0
0 4 246 274 202 234 72 28 6 1 2 1 0 1 0 0 0 0 1 2 2 4 0 1 0 0 0 0 0 7 3 0 0 0 2 0 1 0 0 0 0 0 1 0 0 0 0 2 1 9 0 0 0 5 0 1 2 1 0 0 0 0 0 0 0 0 0 0 0 0 0 0 0 0 0 0 4 1 0 0 0 0 0 0 0 0 73 6 1 20 30 3 0 0 2 21 0 0 1 425 741 218 256 192 11 132 46 4 1 2 8 42 10 2 2 0 0 0 25 33 111 108 160 294 87 60 1 0 0 1 0 0 0 0 0 0 0 0 0 0 0 0 0 0 0 0 0 0 0 0
19 49 78 125 71 36 2 3 0 1 14 0 0 0 0 0 0 0 0 0 2 65 0 0 0 0 0 0 1 1 0 1 0 5 4 0 0 0 0 0 1 0 0 0 1 34 4 1 0 0 0 0 0 0 0 16 0 0 0 0 0 0 0 0 0 0 0 0 0 0 0 0 0 0 0 0 5 18 0 0 0 0 0 0 0 1 31 1 0 54 15 0 0 0 30 112 69 14 205 1284 540 478 185 86 1 24 58 74 1 4 60 0 0 0 0 0 3 0 72 40 161 39 30 94 18 67 48 13 98 63 11 0 0 0 0 0 0 0 0 0 0 0 0 0 0 0 0 0 0 0
49 21 34 8 0 0 0 1 1 0 0 0 1 0 0 0 0 0 2 0 1 14 12 2 1 0 1 0 0 2 0 1 0 8 9 0 0 0 0 0 0 0 0 0 3 7 1 4 0 0 2 0 0 3 79 18 5 0 0 0 0 0 0 0 0 0 0 0 0 0 0 0 0 0 20 14 1 0 0 0 0 0 0 0 0 0 16 3 0 0 97 16 7 14 158 299 108 8 209 114 10 4 38 29 4 4 0 231 517 128 4 1 0 1 9 0 0 7 2 1 87 0 0 4 56 127 107 91 451 171 49 0 0 0 0 0 0 0 0 0 0 0 0 0 0 0 0 0 0 0
26 1 10 1 0 0 2 0 0 0 0 3 0 0 0 0 0 3 0 0 0 0 0 0 0 0 0 2 0 0 4 63 6 5 0 0 0 0 0 0 0 0 0 0 1 1 0 0 0 0 0 0 2 1 24 0 0 0 0 0 0 0 0 0 0 0 0 0 0 0 0 0 0 0 4 16 0 0 0 0 0 0 0 0 0 0 46 42 227 68 252 17 28 21 3 67 13 6 0 0 5 1 0 3 4 2 137 326 270 56 1 0 4 0 0 0 0 8 1 0 9 15 12 14 14 182 146 330 198 247 47 0 0 0 0 0 0 0 0 0 0 0 0 0 0 0 0 0 0 0
0 0 0 6 3 0 1 0 0 0 0 0 0 0 0 0 0 4 0 1 1 0 3 0 0 0 0 0 3 0 0 1 1 3 0 0 0 0 0 0 0 0 0 0 2 3 0 0 0 0 0 2 11 57 9 1 1 0 0 0 0 0 0 0 0 0 0 0 0 0 0 4 2 5 1 0 0 0 0 0 0 0 0 0 0 0 2 0 84 19 0 0 1 3 3 32 1 5 5 0 0 4 0 7 11 170 817 573 447 114 0 0 0 0 0 0 0 0 73 15 6 34 0 26 1 10 123 74 13 23 67 14 0 0 0 0 0 0 0 0 0 0 0 0 0 0 0 0 0 0
0 0 0 1 0 0 0 0 0 0 0 0 0 0 0 0 0 0 0 0 0 0 0 7 0 0 0 1 0 0 0 0 0 0 0 0 0 0 0 0 0 0 0 0 0 0 0 0 0 0 17 4 6 78 6 5 1 0 0 0 0 0 0 0 0 0 0 0 0 0 2 3 6 0 1 0 0 0 0 0 0 0 0 0 0 0 14 0 6 1 0 0 7 24 1 0 14 2 6 11 13 1 5 1 32 104 177 52 75 199 0 0 0 0 0 0 0 0 5 9 0 31 7 73 106 57 177 99 36 31 1 0 0 0 0 0 0 0 0 0 0 0 0 0 0 0 0 0 0 0
0 0 0 0 2 43 0 0 0 0 0 0 0 0 0 0 0 0 0 0 0 0 0 0 0 0 2 0 0 0 0 0 0 0 2 3 0 0 0 1 0 0 3 1 1 0 0 0 0 0 5 0 3 0 3 1 3 3 0 0 0 0 0 0 0 0 0 0 1 13 0 0 0 0 0 0 0 0 0 0 0 0 0 0 0 0 0 0 13 3 0 41 198 28 3 0 1 0 6 6 2 10 25 28 108 27 0 16 5 39 3 0 0 0 0 0 0 0 0 0 4 18 3 30 0 0 0 268 9 2 0 0 0 0 0 0 0 0 0 0 0 0 0 0 0 0 0 0 0 0
0 0 0 0 61 30 0 0 0 0 0 0 0 0 4 0 0 1 0 0 0 0 0 0 0 0 0 0 6 0 0 0 0 0 0 0 0 0 1 1 0 0 0 2 0 2 0 0 0 5 3 0 0 10 3 6 2 1 0 3 0 0 0 0 0 0 1 0 9 5 0 0 2 2 0 0 0 0 0 0 0 0 0 0 0 0 1 2 92 72 167 366 196 15 0 0 3 0 0 32 70 365 286 89 16 33 27 0 0 18 4 0 0 0 0 0 0 0 0 0 0 0 0 0 0 34 157 62 0 0 0 0 0 0 0 0 0 0 0 0 0 0 0 0 0 0 0 0 0 0
0 0 0 0 0 1 1 0 0 0 0 0 7 4 0 0 0 0 15 0 0 0 0 0 0 0 1 0 0 8 0 0 0 0 0 11 0 0 0 0 0 1 0 0 1 5 0 0 0 0 4 0 0 0 10 1 0 0 0 0 0 0 0 0 0 0 0 0 4 3 0 0 0 0 0 0 0 0 0 0 0 0 0 0 0 1 1 0 129 152 252 138 98 30 0 0 2 4 3 126 160 135 83 33 1 3 3 0 0 16 15 0 0 0 0 0 0 0 0 6 2 45 73 0 0 66 53 1 0 0 0 0 0 0 0 0 0 0 0 0 0 0 0 0 0 0 0 0 0 0
0 0 0 0 0 3 1 0 0 0 0 1 30 38 2 1 0 0 0 0 0 0 0 0 0 4 1 0 1 16 0 0 0 0 3 3 0 0 0 0 0 0 0 0 4 6 5 0 0 0 9 0 1 24 5 1 0 1 0 0 0 0 0 0 0 0 3 9 53 0 0 0 1 0 0 0 0 0 0 0 0 0 1 0 4 13 51 7 9 6 0 1 20 2 24 0 0 1 16 58 150 0 0 0 0 0 0 0 6 46 31 24 1 0 0 0 0 0 0 0 0 0 0 0 0 36 0 3 0 0 0 0 0 0 0 0 0 0 0 0 0 0 0 0 0 0 0 0 0 0
0 0 0 3 1 1 0 0 0 0 0 0 0 0 4 3 0 0 0 0 0 0 0 0 0 0 0 1 0 0 0 0 0 0 2 1 0 0 0 0 0 0 0 0 0 0 1 7 0 4 2 0 0 7 3 1 3 1 0 0 0 0 0 0 0 0 7 36 23 0 0 0 0 0 0 0 0 0 0 0 0 0 0 6 48 0 1 2 5 21 22 3 6 0 1 6 9 23 12 20 44 39 9 0 12 0 0 50 60 148 161 448 48 33 1 0 0 0 0 0 0 0 1 0 0 0 0 0 0 0 0 0 0 0 0 0 0 0 0 0 0 0 0 0 0 0 0 0 0 0
0 0 0 0 0 35 0 0 0 0 0 1 0 0 0 0 0 0 0 0 0 0 0 0 0 0 0 1 0 0 0 0 0 0 2 0 0 0 6 0 0 0 1 0 0 0 0 5 22 0 0 0 0 4 0 81 133 0 0 0 0 0 0 0 3 7 76 124 1 0 0 5 0 0 0 0 0 0 0 0 0 0 0 19 25 0 0 3 8 7 12 3 10 1 2 9 75 28 6 1 0 2 20 2 3 0 30 2 81 69 254 21 353 148 5 0 0 0 0 0 0 0 0 0 0 0 0 0 0 0 0 0 0 0 0 0 0 0 0 0 0 0 0 0 0 0 0 0 0 0
0 0 1 0 0 1 0 0 0 0 0 1 0 0 0 0 8 0 0 0 0 0 0 0 0 0 0 0 2 3 0 0 0 0 0 0 3 0 2 0 0 0 0 0 0 2 1 6 68 2 2 0 0 1 6 3 7 13 20 9 3 3 3 8 0 2 6 2 0 0 0 0 0 0 0 0 0 0 0 0 0 0 0 0 0 0 0 23 7 5 3 0 1 0 14 114 14 0 0 1 0 0 1 0 43 46 244 900 503 92 26 0 410 137 0 0 0 0 0 0 0 0 0 0 0 0 0 0 0 0 0 0 0 0 0 0 0 0 0 0 0 0 0 0 0 0 0 0 0 0
0 0 1 0 3 54 1 13 1 2 1 3 0 0 0 0 0 0 0 0 0 0 0 0 0 0 0 0 0 0 1 0 0 0 0 0 0 0 15 0 1 1 0 1 5 5 28 22 2 0 0 0 3 1 12 8 0 0 1 2 0 0 0 1 8 0 0 16 0 23 0 4 0 0 0 0 0 0 0 0 0 0 0 0 0 0 0 3 4 11 5 9 0 0 123 12 2 0 0 0 0 3 2 25 92 79 205 338 197 288 125 292 566 3 0 0 0 0 0 0 0 0 0 0 0 0 0 0 0 0 0 0 0 0 0 0 0 0 0 0 0 0 0 0 0 0 0 0 0 0
0 0 0 0 17 71 0 0 0 0 0 0 0 0 0 0 12 0 0 0 0 0 0 0 0 0 0 0 0 0 0 0 0 0 3 0 0 0 0 0 0 1 11 1 3 0 1 2 0 0 2 3 1 5 14 0 1 1 18 4 0 0 0 3 0 4 0 2 9 0 0 0 2 2 0 0 0 0 0 0 0 0 0 0 0 0 0 0 0 0 0 0 13 42 0 26 189 0 0 0 0 0 0 62 187 252 4 0 5 39 0 14 6 0 0 0 0 0 0 0 0 0 0 0 0 0 0 0 0 0 0 0 0 0 0 0 0 0 0 0 0 0 0 0 0 0 0 0 0 0
1 0 0 0 0 0 0 0 4 0 0 0 0 0 0 0 0 0 0 1 0 0 0 0 0 0 0 0 0 0 0 4 0 0 0 0 0 0 0 0 0 0 0 2 0 0 2 1 16 8 1 0 1 0 0 0 0 0 8 0 2 3 2 0 0 0 0 0 0 0 2 4 6 0 0 0 0 0 0 0 0 0 0 0 0 0 0 0 3 1 0 26 93 18 39 110 278 0 0 0 0 0 0 4 10 0 0 0 0 0 46 76 0 0 0 0 0 0 0 0 0 0 0 0 0 0 0 0 0 0 0 0 0 0 0 0 0 0 0 0 0 0 11 5 4 0 0 0 0 0
0 0 1 2 0 1 0 0 0 0 0 0 1 0 1 0 0 1 0 0 0 0 0 0 0 0 0 0 0 0 0 3 0 0 0 0 0 0 0 0 0 2 0 0 0 1 0 0 0 0 6 2 1 0 0 0 0 0 5 5 4 0 0 0 0 0 0 0 0 0 4 1 0 0 0 0 0 0 0 0 0 0 0 0 0 0 0 0 41 4 7 48 175 146 34 1 0 0 0 0 0 0 1 1 5 0 0 14 0 82 230 3 1 1 0 0 0 0 0 0 0 0 0 0 0 0 0 0 0 0 0 0 0 0 0 0 0 0 0 0 0 0 0 1 6 0 0 0 0 0
0 5 0 0 2 2 0 0 0 0 0 0 0 1 0 1 0 0 0 0 0 0 0 0 0 0 0 0 0 0 0 0 0 0 0 0 0 0 0 0 0 0 0 0 0 0 0 0 0 2 4 5 7 0 0 1 0 0 0 1 3 0 0 0 0 0 0 0 0 0 0 0 0 0 0 0 0 0 0 0 0 0 0 0 0 0 0 0 0 6 10 99 442 0 0 14 9 0 0 0 0 0 0 2 0 4 0 3 17 11 90 45 0 0 0 0 0 0 0 0 0 0 0 0 0 0 0 0 0 0 0 0 0 0 0 0 0 0 0 0 0 0 0 0 0 0 0 0 0 0
0 0 0 0 0 0 0 0 0 0 0 3 5 0 0 0 0 0 1 0 1 2 0 0 0 0 0 0 0 0 0 0 0 0 0 0 0 0 0 0 0 0 1 0 0 0 0 0 0 0 1 18 2 0 0 0 4 2 2 7 3 0 0 0 0 0 0 0 0 0 2 92 11 1 0 0 0 0 0 0 0 0 0 0 0 0 0 0 2 2 32 40 22 15 34 3 0 0 0 0 0 0 0 0 0 0 0 0 0 0 0 1 0 0 0 0 0 0 0 0 0 0 0 0 0 0 0 0 0 0 0 0 0 0 0 0 0 0 0 0 0 0 0 0 0 0 0 0 0 0
0 0 0 0 0 0 0 0 0 0 0 0 0 1 0 0 0 0 0 0 0 0 6 44 0 0 0 0 0 0 0 0 0 0 0 0 24 0 0 0 0 0 0 0 0 0 0 0 0 0 0 23 3 2 3 1 0 1 0 0 2 24 15 1 0 0 0 0 0 0 0 4 0 0 0 0 0 0 0 0 0 0 0 0 0 0 0 0 1 9 17 53 18 35 35 1 0 0 0 0 1 0 0 0 0 0 0 0 0 0 0 0 0 0 0 0 0 0 0 0 0 0 0 0 0 0 0 0 0 0 0 0 0 0 0 0 0 0 0 0 0 0 0 0 0 0 0 0 0 0
0 0 0 0 0 0 0 0 0 1 0 1 0 0 0 0 0 0 0 0 0 0 0 1 2 0 0 0 1 0 0 0 0 0 0 0 0 2 0 0 0 0 0 0 0 0 0 0 0 4 1 41 35 3 4 0 1 0 0 0 2 22 94 0 0 0 0 0 0 0 0 0 0 0 0 0 0 0 0 0 0 0 0 0 0 0 0 0 0 1 26 16 0 112 54 31 0 0 0 0 0 0 0 0 0 0 0 0 0 0 0 0 0 0 0 0 0 0 0 0 0 0 0 0 0 0 0 0 0 0 0 0 0 0 0 0 0 0 0 0 0 0 0 0 0 0 0 0 0 0
0 0 0 0 0 0 0 0 0 0 0 0 5 1 0 0 0 1 0 0 0 0 0 0 2 0 0 0 0 2 1 0 0 0 0 0 0 0 0 0 0 0 0 0 0 0 0 0 0 3 14 62 166 18 18 2 0 0 1 0 0 23 0 0 0 0 0 0 0 0 0 0 0 0 0 0 0 0 0 0 0 0 0 0 0 0 0 0 0 0 2 17 60 30 19 10 0 0 1 0 0 0 0 0 0 0 0 0 0 0 0 0 0 0 0 0 0 0 0 0 0 0 0 0 0 0 0 0 0 0 0 0 0 0 0 0 0 0 0 0 0 0 0 0 0 0 0 0 0 0
0 0 0 0 0 0 0 3 0 0 0 0 5 2 0 0 0 2 1 0 0 2 0 0 0 0 3 0 0 0 0 0 0 0 0 0 0 0 0 0 0 0 0 0 0 0 0 0 4 4 0 14 175 1 28 2 0 0 0 0 3 3 5 0 0 0 0 0 0 0 0 0 0 0 0 0 0 0 0 0 0 0 0 0 0 0 0 0 0 0 0 1 14 7 6 11 12 6 0 7 0 0 0 0 0 0 0 0 0 0 0 0 0 0 0 0 0 0 0 0 0 0 0 0 0 0 0 0 0 0 0 0 0 0 0 0 0 0 0 0 0 0 0 0 0 0 0 0 0 0
0 0 0 0 0 0 0 0 3 6 1 0 0 0 3 0 0 1 0 0 0 0 0 1 0 2 0 0 0 0 0 0 0 0 0 0 0 0 0 0 1 0 0 0 0 0 0 6 0 2 0 18 19 0 0 0 0 0 2 1 5 5 1 0 0 0 0 0 0 0 0 0 0 0 0 0 0 0 0 0 0 0 0 0 0 0 0 0 0 0 0 0 0 0 0 7 18 0 3 0 0 0 0 0 0 0 0 0 0 0 0 0 0 0 0 0 0 0 0 0 0 0 0 0 0 0 0 0 0 0 0 0 0 0 0 0 0 0 0 0 0 0 0 0 0 1 0 0 0 0
1 0 4 0 0 0 0 0 0 0 0 0 0 0 0 0 0 0 0 0 0 0 0 0 0 0 0 0 0 0 0 0 0 2 20 9 0 0 0 0 0 0 0 0 0 2 6 8 0 0 0 0 0 0 0 0 0 0 0 0 1 0 0 0 0 0 0 0 0 0 0 0 0 0 0 0 0 0 0 0 0 0 0 0 0 0 0 0 0 0 0 0 0 0 0 7 13 27 0 0 2 0 0 0 0 0 0 0 0 0 0 0 0 0 0 0 0 0 0 0 0 0 0 0 0 0 0 0 0 0 0 0 0 0 0 0 0 0 0 0 0 0 0 0 21 17 0 0 0 0
1 0 0 0 0 0 3 0 0 0 0 0 0 0 0 0 0 0 0 3 4 1 0 1 0 0 0 0 0 0 1 1 0 2 0 0 0 0 0 0 0 0 0 0 1 2 3 0 0 0 0 0 0 0 0 0 0 0 0 0 2 1 0 0 0 0 0 0 0 0 0 4 12 0 0 0 0 0 0 0 0 0 0 0 0 0 0 0 0 0 0 0 0 0 8 6 4 2 0 0 7 0 8 0 0 0 0 0 0 0 0 0 0 0 0 0 0 0 0 0 0 0 0 0 0 0 0 0 0 0 0 0 0 0 0 0 0 0 0 0 0 0 0 0 0 0 0 0 0 0
0 0 0 0 0 0 0 0 0 0 0 4 0 0 0 0 0 0 0 1 0 0 0 0 0 0 0 0 0 0 0 0 0 0 0 0 0 0 0 0 0 0 0 0 2 0 0 0 0 0 0 0 0 0 0 0 0 0 0 0 6 0 0 0 0 0 0 0 0 0 7 15 0 0 0 0 0 0 0 0 0 0 0 0 0 0 0 0 0 1 0 0 0 0 9 0 1 0 0 3 0 1 0 0 0 0 0 0 0 0 0 0 0 0 0 0 0 0 0 0 0 0 0 0 0 0 0 0 0 0 0 0 0 0 0 0 0 0 0 0 0 0 0 0 0 0 0 0 0 0
0 0 0 0 0 0 0 0 0 2 5 1 3 0 0 0 2 0 0 0 0 0 0 0 0 0 0 0 0 0 0 0 0 0 0 0 0 0 0 0 0 0 0 0 4 0 0 0 0 0 0 0 0 0 0 0 0 0 0 1 1 0 0 0 0 0 0 0 0 0 15 2 0 0 0 0 0 0 0 0 0 0 0 0 0 0 0 0 0 0 0 0 0 0 2 1 10 0 0 0 0 0 0 0 0 0 0 0 0 0 0 0 0 0 0 0 0 0 0 0 0 0 0 0 0 0 0 0 0 0 0 0 0 0 0 0 0 0 0 0 0 0 0 0 0 0 0 0 0 0
1 0 0 0 0 0 0 0 1 0 0 0 4 0 1 1 5 1 0 0 0 0 0 0 0 0 0 0 0 0 0 0 0 0 0 0 0 0 0 0 0 1 0 8 0 0 0 0 0 0 0 0 0 0 0 0 0 0 0 7 2 0 0 0 0 0 0 0 32 0 0 0 0 0 0 0 0 0 0 0 0 0 0 0 0 0 0 0 0 0 0 0 0 0 0 0 4 4 3 9 0 0 0 0 0 0 0 0 0 0 0 0 0 0 0 0 0 0 0 0 0 0 0 0 0 0 0 0 0 0 0 0 0 0 0 0 0 0 0 0 0 0 0 0 0 0 0 0 0 0
0 0 0 0 0 0 0 0 1 0 0 0 12 0 0 0 1 6 4 0 0 0 0 0 0 0 0 0 0 0 0 0 0 0 0 0 2 0 2 0 0 0 11 0 0 0 0 0 0 0 0 0 0 0 0 0 0 0 0 0 14 9 3 0 0 0 0 4 99 121 2 0 0 0 0 0 0 0 0 0 0 0 0 0 0 0 0 0 0 0 0 0 0 0 0 0 5 0 1 0 0 0 0 0 0 0 0 0 0 0 0 0 0 0 0 0 0 0 0 0 0 0 0 0 0 0 0 0 0 0 0 0 0 0 0 0 0 0 0 0 0 0 0 0 0 0 0 0 0 0
1 0 1 0 1 0 0 0 0 0 0 1 32 12 0 2 32 1 4 15 0 0 0 13 1 2 0 0 0 0 4 1 0 0 11 2 17 5 6 3 0 1 11 0 0 0 0 0 0 0 0 0 0 0 0 0 0 0 0 0 0 0 2 2 135 71 6 0 0 0 0 0 0 0 0 0 0 0 0 0 0 0 0 0 0 0 0 0 0 0 0 0 0 0 0 0 0 0 0 0 0 0 0 0 0 0 0 0 0 0 0 0 0 0 0 0 0 0 0 0 0 0 0 0 0 0 0 0 0 0 0 0 0 0 0 0 0 0 0 0 0 0 0 0 0 0 0 0 0 0
4 82 3 0 0 0 0 0 0 0 1 0 0 0 0 0 0 0 0 12 17 104 32 21 0 0 0 0 0 0 1 0 0 0 2 4 34 3 0 1 0 9 1 0 0 0 0 0 0 0 0 0 0 0 0 0 0 0 0 0 0 0 0 0 2 2 0 0 0 0 0 0 0 0 0 0 0 0 0 0 0 0 0 0 0 0 0 0 0 0 0 0 0 0 0 0 0 0 0 0 0 0 0 0 0 0 0 0 0 0 0 0 0 0 0 0 0 0 0 0 0 0 0 0 0 0 0 0 0 0 0 0 0 0 0 0 0 0 0 0 0 0 0 0 0 0 0 0 0 0
40 7 11 4 0 1 0 0 0 0 0 0 1 0 0 1 5 4 4 2 2 74 32 4 14 3 1 0 2 17 5 0 0 0 0 0 5 1 1 2 7 35 0 0 0 0 0 0 0 0 0 0 0 0 0 0 0 0 0 0 0 0 0 0 9 0 0 0 0 0 0 0 0 0 0 0 0 0 0 0 0 0 0 0 0 0 0 0 0 9 0 0 0 0 0 0 0 0 0 0 0 0 0 0 0 0 0 0 0 0 0 0 0 0 0 0 0 0 0 0 0 0 0 0 0 0 0 0 0 0 0 0 0 0 0 0 0 0 0 0 0 0 0 0 0 0 0 0 0 0
0 0 0 0 0 0 0 0 0 0 0 2 2 1 0 0 0 2 1 0 0 5 7 6 1 17 19 1 1 2 0 0 0 0 2 1 0 0 0 0 0 0 0 0 0 0 0 0 0 0 0 0 0 0 0 0 0 0 0 0 0 0 0 0 0 0 0 0 0 0 0 0 0 0 0 0 0 0 0 0 0 0 0 0 0 0 0 0 0 0 0 0 0 0 0 0 0 0 0 0 0 0 0 0 0 0 0 0 0 0 0 0 0 0 0 0 0 0 0 0 0 0 0 0 0 0 0 0 0 0 0 0 0 0 0 0 0 0 0 0 0 0 0 0 0 0 0 0 0 0
0 0 0 0 0 0 0 0 0 0 0 0 0 1 0 0 0 0 1 1 0 0 1 2 3 6 6 6 36 2 4 1 2 16 2 0 0 0 0 0 0 0 0 0 0 0 0 0 0 0 0 0 0 0 0 0 0 0 0 0 0 0 0 0 0 0 0 0 0 0 0 0 0 0 0 0 0 0 0 0 0 0 0 0 0 0 0 0 0 0 0 0 0 0 0 0 0 0 0 0 0 0 0 0 0 0 0 0 0 0 0 0 0 0 0 0 0 0 0 0 0 0 0 0 0 0 0 0 0 0 0 0 0 0 0 0 0 0 0 0 0 0 0 0 0 0 0 0 0 0
2 0 0 0 0 0 0 0 0 0 0 0 0 0 0 0 0 0 1 0 0 0 0 0 0 0 5 4 169 82 2 5 7 20 4 0 1 1 0 0 0 0 0 0 0 0 0 0 0 0 0 0 0 0 0 0 0 0 0 0 0 0 0 0 0 0 0 0 0 0 0 0 0 0 0 0 0 0 0 0 0 0 0 0 0 0 0 0 0 0 0 0 0 0 0 0 0 0 0 0 0 0 0 0 0 0 0 0 0 0 0 0 0 0 0 0 0 0 0 0 0 0 0 0 0 0 0 0 0 0 0 0 0 0 0 0 0 0 0 0 0 0 0 0 0 0 0 0 0 0
0 0 0 0 0 0 0 0 0 0 0 0 0 0 0 0 0 0 0 0 0 0 0 0 0 0 0 10 0 0 4 1 6 6 0 0 2 0 0 0 0 0 0 0 0 0 0 0 0 0 0 0 0 0 0 0 0 0 0 0 0 0 0 0 0 0 0 0 0 0 0 0 0 0 0 0 0 0 0 0 0 0 0 0 0 0 0 0 0 0 0 0 0 0 0 0 0 0 0 0 0 0 0 0 0 0 0 0 0 0 0 0 0 0 0 0 0 0 0 0 0 0 0 0 0 0 0 0 0 0 0 0 0 0 0 0 0 0 0 0 0 0 0 0 0 0 0 0 0 0
0 0 0 0 0 0 0 6 0 0 0 0 0 0 0 0 0 0 0 0 0 0 0 0 13 1 11 0 0 0 18 6 2 1 0 1 0 1 0 0 0 0 0 0 0 0 0 0 0 0 0 0 0 0 0 0 0 0 0 0 0 0 0 0 0 2 0 0 0 0 0 0 0 0 0 0 0 0 0 0 0 0 0 0 0 0 0 0 0 0 0 0 0 0 0 0 0 0 0 0 0 0 0 0 0 0 0 0 0 0 0 0 0 0 0 0 0 0 0 0 0 0 0 0 0 0 0 0 0 0 0 0 0 0 0 0 0 0 0 0 0 0 0 0 0 0 0 0 0 0
0 0 0 0 0 0 0 0 0 0 0 0 5 5 0 0 0 0 0 0 0 0 0 0 0 0 0 0 0 0 0 0 8 0 0 0 5 2 0 0 0 0 0 0 0 0 0 0 0 0 0 0 0 0 0 0 0 0 0 0 0 0 0 0 0 1 0 0 0 0 0 0 0 0 0 0 0 0 0 0 0 0 0 0 0 0 0 0 0 0 0 0 0 0 0 0 0 0 0 0 0 0 0 0 0 0 0 0 0 0 0 0 0 0 0 0 0 0 0 0 0 0 0 0 0 0 0 0 0 0 0 0 0 0 0 0 0 0 0 0 0 0 0 0 0 0 0 0 0 0
1 0 0 0 0 0 0 0 0 0 4 0 1 3 0 0 0 0 0 0 0 0 0 0 0 0 0 21 4 1 6 0 0 0 1 0 0 0 0 0 0 0 0 0 0 0 0 0 0 0 0 0 0 0 0 0 0 0 0 0 0 0 0 0 0 0 0 0 0 0 0 0 0 0 0 0 0 0 0 0 0 0 0 0 0 0 0 0 0 0 0 0 0 0 0 0 0 0 0 0 0 0 0 0 0 0 0 0 0 0 0 0 0 0 0 0 0 0 0 0 0 0 0 0 0 0 0 0 0 0 0 0 0 0 0 0 0 0 0 0 0 0 0 0 0 0 0 0 0 0
0 0 0 0 0 0 0 0 0 1 0 0 0 0 0 0 0 0 0 0 0 0 0 0 0 0 0 14 5 0 0 0 0 31 0 0 0 0 0 0 0 0 0 0 0 0 0 0 0 0 0 0 0 0 0 0 0 0 0 0 0 0 0 0 0 0 0 0 0 0 0 0 0 0 0 0 0 0 0 0 0 0 0 0 0 0 0 0 0 0 0 0 0 0 0 0 0 0 0 0 0 0 0 0 0 0 0 0 0 0 0 0 0 0 0 0 0 0 0 0 0 0 0 0 0 0 0 0 0 0 0 0 0 0 0 0 0 0 0 0 0 0 0 0 0 0 0 0 0 0
0 0 0 0 0 0 0 0 0 0 4 0 0 0 0 0 0 0 0 0 0 0 0 0 0 0 0 0 0 0 0 2 2 1 1 0 0 0 0 0 0 0 0 0 0 0 0 0 0 0 0 0 0 0 0 0 0 0 0 0 0 0 0 0 0 0 0 0 0 0 0 0 0 0 0 0 0 0 0 0 0 0 0 0 0 0 0 0 0 0 0 0 0 0 0 0 0 0 0 0 0 0 0 0 0 0 0 0 0 0 0 0 0 0 0 0 0 0 0 0 0 0 0 0 0 0 0 0 0 0 0 0 0 0 0 0 0 0 0 0 0 0 0 0 0 0 0 0 0 0
0 0 0 0 0 0 0 0 0 2 1 0 0 2 0 0 0 0 0 0 0 0 0 0 0 0 0 0 0 0 0 0 0 0 0 0 0 0 0 0 0 0 0 0 0 0 0 0 0 0 0 0 0 0 0 0 0 0 0 0 0 0 0 0 0 0 0 0 0 0 0 0 0 0 0 0 0 0 0 0 0 0 0 0 0 0 0 0 0 0 0 0 0 0 0 0 0 0 0 0 0 0 0 0 0 0 0 0 0 0 0 0 0 0 0 0 0 0 0 0 0 0 0 0 0 0 0 0 0 0 0 0 0 0 0 0 0 0 0 0 0 0 0 0 0 0 0 0 0 0
0 0 0 0 0 0 0 0 0 1 1 0 0 0 0 0 0 0 0 0 0 0 0 0 0 0 0 0 0 0 0 0 0 0 0 0 0 0 0 0 0 0 0 0 0 0 0 0 0 0 0 7 0 0 0 1 0 0 0 0 0 0 0 0 0 0 0 0 0 0 0 0 0 0 0 0 0 0 0 0 0 0 0 0 0 0 0 0 0 0 0 0 0 0 0 0 0 0 0 0 0 0 0 0 0 0 0 0 0 0 0 0 0 0 0 0 0 0 0 0 0 0 0 0 0 0 0 0 0 0 0 0 0 0 0 0 0 0 0 0 0 0 0 0 0 0 0 0 0 0
0 0 0 0 0 0 0 0 9 12 0 0 0 0 0 0 0 0 0 0 0 0 0 0 0 0 0 0 0 0 0 0 0 0 0 0 0 0 0 0 0 0 0 0 0 0 0 0 0 3 0 2 0 0 0 0 0 0 0 0 0 0 0 0 0 0 0 0 0 0 0 0 0 0 0 0 0 0 0 0 0 0 0 0 0 0 0 0 0 0 0 0 0 0 0 0 0 0 0 0 0 0 0 0 0 0 0 0 0 0 0 0 0 0 0 0 0 0 0 0 0 0 0 0 0 0 0 0 0 0 0 0 0 0 0 0 0 0 0 0 0 0 0 0 0 0 0 0 0 0
0 0 0 0 3 3 24 6 4 0 0 0 0 0 0 0 0 0 0 0 0 0 0 0 0 0 0 0 0 0 0 0 0 0 0 0 0 0 0 0 0 0 0 0 0 0 0 0 0 26 42 1 0 0 1 0 0 0 0 0 0 0 0 0 0 0 0 0 0 0 0 0 0 0 0 0 0 0 0 0 0 0 0 0 0 0 0 0 0 0 0 0 0 0 0 0 0 0 0 0 0 0 0 0 0 0 0 0 0 0 0 0 0 0 0 0 0 0 0 0 0 0 0 0 0 0 0 0 0 0 0 0 0 0 0 0 0 0 0 0 0 0 0 0 0 0 0 0 0 0
1 0 0 0 0 0 18 36 0 0 0 0 0 0 0 0 0 0 0 0 0 0 0 0 0 0 0 0 0 0 0 0 0 0 0 0 0 0 0 0 0 0 0 0 0 0 0 0 2 0 0 0 1 0 0 0 0 0 0 0 0 0 0 0 0 0 0 0 0 0 0 0 0 0 0 0 0 0 0 0 0 0 0 0 0 0 0 0 0 0 0 0 0 0 0 0 0 0 0 0 0 0 0 0 0 0 0 0 0 0 0 0 0 0 0 0 0 0 0 0 0 0 0 0 0 0 0 0 0 0 0 0 0 0 0 0 0 0 0 0 0 0 0 0 0 0 0 0 0 0
0 0 0 0 0 0 0 0 0 0 0 0 0 0 0 0 0 0 0 0 0 0 0 0 0 0 0 0 0 0 0 0 0 0 0 0 0 0 0 0 0 0 0 0 0 0 0 0 1 0 0 0 3 19 0 0 0 0 0 0 0 0 0 0 0 0 0 0 0 0 0 0 0 0 0 0 0 0 0 0 0 0 0 0 0 0 0 0 0 0 0 0 0 0 0 0 0 0 0 0 0 0 0 0 0 0 0 0 0 0 0 0 0 0 0 0 0 0 0 0 0 0 0 0 0 0 0 0 0 0 0 0 0 0 0 0 0 0 0 0 0 0 0 0 0 0 0 0 0 0
0 0 0 0 0 0 0 0 0 0 0 0 0 0 0 0 0 0 0 0 0 0 0 0 0 0 0 0 0 0 0 0 0 0 0 0 0 0 0 0 0 0 0 0 0 0 0 0 0 0 0 0 0 1 0 0 0 0 0 0 0 0 0 0 0 0 0 0 0 0 0 0 0 0 0 0 0 0 0 0 0 0 0 0 0 0 0 0 0 0 0 0 0 0 0 0 0 0 0 0 0 0 0 0 0 0 0 0 0 0 0 0 0 0 0 0 0 0 0 0 0 0 0 0 0 0 0 0 0 0 0 0 0 0 0 0 0 0 0 0 0 0 0 0 0 0 0 0 0 0
0 0 0 0 0 0 0 0 0 0 0 0 0 0 0 0 0 0 0 0 0 0 0 0 0 0 0 0 0 0 0 0 0 0 0 0 0 1 0 0 0 0 0 0 0 0 0 0 0 0 0 0 0 0 0 0 0 0 0 0 0 0 0 0 0 0 0 0 0 0 0 0 0 0 0 0 0 0 0 0 0 0 0 0 0 0 0 0 0 0 0 0 0 0 0 0 0 0 0 0 0 0 0 0 0 0 0 0 0 0 0 0 0 0 0 0 0 0 0 0 0 0 0 0 0 0 0 0 0 0 0 0 0 0 0 0 0 0 0 0 0 0 0 0 0 0 0 0 0 0
0 0 0 0 0 0 0 0 0 0 0 0 0 0 0 0 0 0 0 0 0 0 0 0 0 0 0 0 0 0 0 0 2 0 0 0 0 0 0 0 0 0 0 0 0 0 0 0 0 0 0 0 0 0 0 0 0 0 0 0 0 0 0 0 0 0 0 0 0 0 0 0 0 0 0 0 0 0 0 0 0 0 0 0 0 0 0 0 0 0 0 0 0 0 0 0 0 0 0 0 0 0 0 0 0 0 0 0 0 0 0 0 0 0 0 0 0 0 0 0 0 0 0 0 0 0 0 0 0 0 0 0 0 0 0 0 0 0 0 0 0 0 0 0 0 0 0 0 0 0
0 0 0 0 0 0 0 0 0 0 0 0 0 0 0 0 0 0 0 0 0 0 0 0 0 0 0 0 0 0 0 1 0 0 0 0 0 0 0 0 0 0 0 0 0 0 0 0 0 0 0 0 0 3 0 0 0 0 0 0 0 0 0 0 0 0 0 0 0 0 0 0 0 0 0 0 0 0 0 0 0 0 0 0 0 0 0 0 0 0 0 0 0 0 0 0 0 0 0 0 0 0 0 0 0 0 0 0 0 0 0 0 0 0 0 0 0 0 0 0 0 0 0 0 0 0 0 0 0 0 0 0 0 0 0 0 0 0 0 0 0 0 0 0 0 0 0 0 0 0
0 0 0 0 0 0 0 0 0 0 0 0 0 0 0 0 0 0 0 0 0 0 0 0 0 0 0 0 0 0 3 18 1 0 0 0 2 0 0 0 0 0 0 0 0 0 0 0 0 0 0 0 0 0 0 0 0 0 0 0 0 0 0 0 0 0 0 0 0 0 0 0 0 0 0 0 0 0 0 0 0 0 0 0 0 0 0 0 0 0 0 0 0 0 0 0 0 0 0 0 0 0 0 0 0 0 0 0 0 0 0 0 0 0 0 0 0 0 0 0 0 0 0 0 0 0 0 0 0 0 0 0 0 0 0 0 0 0 0 0 0 0 0 0 0 0 0 0 0 0
0 0 0 0 0 0 0 0 0 0 0 0 0 0 0 0 0 0 0 0 0 0 0 0 0 1 0 0 0 0 0 6 0 0 0 0 0 0 0 0 0 0 0 0 0 0 0 0 0 0 0 0 0 0 0 0 0 0 0 0 0 0 0 0 0 0 0 0 0 0 0 0 0 0 0 0 0 0 0 0 0 0 0 0 0 0 0 0 0 0 0 0 0 0 0 0 0 0 0 0 0 0 0 0 0 0 0 0 0 0 0 0 0 0 0 0 0 0 0 0 0 0 0 0 0 0 0 0 0 0 0 0 0 0 0 0 0 0 0 0 0 0 0 0 0 0 0 0 0 0
0 0 0 0 0 0 0 0 0 0 0 0 0 0 0 0 0 0 0 0 0 0 0 0 0 0 1 0 1 5 0 0 0 0 0 0 0 0 0 0 0 0 0 0 0 0 0 0 0 0 0 0 0 0 0 0 0 0 0 0 0 0 0 0 0 0 0 0 0 0 0 0 0 0 0 0 0 0 0 0 0 0 0 0 0 0 0 0 0 0 0 0 0 0 0 0 0 0 0 0 0 0 0 0 0 0 0 0 0 0 0 0 0 0 0 0 0 0 0 0 0 0 0 0 0 0 0 0 0 0 0 0 0 0 0 0 0 0 0 0 0 0 0 0 0 0 0 0 0 0
0 0 0 0 0 0 0 0 0 0 0 0 0 0 0 0 0 0 0 0 0 0 0 0 0 0 0 0 0 54 22 0 0 0 0 0 0 0 0 0 0 0 0 0 0 0 0 0 0 0 0 0 0 0 0 0 0 0 0 0 0 0 0 0 0 0 0 0 0 0 0 0 0 0 0 0 0 0 0 0 0 0 0 0 0 0 0 0 0 0 0 0 0 0 0 0 0 0 0 0 0 0 0 0 0 0 0 0 0 0 0 0 0 0 0 0 0 0 0 0 0 0 0 0 0 0 0 0 0 0 0 0 0 0 0 0 0 0 0 0 0 0 0 0 0 0 0 0 0 0
0 0 0 0 0 0 0 0 0 0 0 0 0 0 0 0 0 0 0 0 0 0 0 0 0 0 4 0 0 0 0 0 0 1 0 0 0 0 0 0 0 0 0 0 0 0 0 0 1 42 0 0 0 0 0 0 0 0 0 0 0 0 0 0 0 0 0 0 0 0 0 0 0 0 0 0 0 0 0 0 0 0 0 0 0 0 0 0 0 0 0 0 0 0 0 0 0 0 0 0 0 0 0 0 0 0 0 0 0 0 0 0 0 0 0 0 0 0 0 0 0 0 0 0 0 0 0 0 0 0 0 0 0 0 0 0 0 0 0 0 0 0 0 0 0 0 0 0 0 0
0 0 0 0 4 0 0 0 0 0 0 0 0 0 0 0 0 0 0 0 0 0 0 0 0 0 23 0 0 0 0 0 0 0 0 0 0 0 0 0 0 0 0 0 0 0 0 0 7 0 0 0 0 0 0 0 0 0 0 0 0 0 0 0 0 0 0 0 0 0 0 0 0 0 0 0 0 0 0 0 0 0 0 0 0 0 0 0 0 0 0 0 0 0 0 0 0 0 0 0 0 0 0 0 0 0 0 0 0 0 0 0 0 0 0 0 0 0 0 0 0 0 0 0 0 0 0 0 0 0 0 0 0 0 0 0 0 0 0 0 0 0 0 0 0 0 0 0 0 0
0 0 6 0 0 0 0 0 0 0 0 0 0 0 0 0 0 0 0 0 0 0 0 0 0 0 0 4 7 0 0 0 0 0 0 0 0 0 0 0 0 0 0 0 0 0 0 0 0 0 0 0 0 0 0 0 0 0 0 0 0 0 0 0 0 0 0 0 0 0 0 0 0 0 0 0 0 0 0 0 0 0 0 0 0 0 0 0 0 0 0 0 0 0 0 0 0 0 0 0 0 0 0 0 0 0 0 0 0 0 0 0 0 0 0 0 0 0 0 0 0 0 0 0 0 0 0 0 0 0 0 0 0 0 0 0 0 0 0 0 0 0 0 0 0 0 0 0 0 0
0 0 0 0 0 0 0 0 0 0 0 0 0 0 0 0 0 0 0 0 0 0 0 0 0 0 0 0 0 0 0 0 0 0 0 0 0 0 0 0 0 0 0 0 0 0 0 0 0 0 0 0 0 0 0 0 0 0 0 0 0 0 0 0 0 0 0 0 0 0 0 0 0 0 0 0 0 0 0 0 0 0 0 0 0 0 0 0 0 0 0 0 0 0 0 0 0 0 0 0 0 0 0 0 0 0 0 0 0 0 0 0 0 0 0 0 0 0 0 0 0 0 0 0 0 0 0 0 0 0 0 0 0 0 0 0 0 0 0 0 0 0 0 0 0 0 0 0 0 0
0 0 0 0 0 0 0 0 0 0 0 0 0 0 0 0 0 0 0 0 0 0 0 0 0 0 0 0 0 0 0 0 0 0 0 0 0 0 0 0 0 0 0 0 0 0 0 0 0 0 3 0 0 0 0 0 0 0 0 0 0 0 0 0 0 0 0 0 0 0 0 0 0 0 0 0 0 0 0 0 0 0 0 0 0 0 0 0 0 0 0 0 0 0 0 0 0 0 0 0 0 0 0 0 0 0 0 0 0 0 0 0 0 0 0 0 0 0 0 0 0 0 0 0 0 0 0 0 0 0 0 0 0 0 0 0 0 0 0 0 0 0 0 0 0 0 0 0 0 0
0 0 0 0 0 0 0 0 0 0 0 0 0 0 0 0 0 0 0 0 0 0 0 0 0 0 0 0 0 0 0 0 0 0 0 0 0 0 0 0 0 0 0 0 0 0 0 0 0 0 0 0 0 0 0 0 0 0 0 0 0 0 0 0 0 0 0 0 0 0 0 0 0 0 0 0 0 0 0 0 0 0 0 0 0 0 0 0 0 0 0 0 0 0 0 0 0 0 0 0 0 0 0 0 0 0 0 0 0 0 0 0 0 0 0 0 0 0 0 0 0 0 0 0 0 0 0 0 0 0 0 0 0 0 0 1 0 0 0 0 0 0 0 0 0 0 0 0 0 0
0 0 0 0 0 0 0 0 0 0 0 0 0 0 0 0 0 0 0 0 0 0 0 0 0 0 0 0 0 0 0 0 0 0 0 0 0 0 0 0 0 0 0 0 0 0 0 0 0 0 0 0 0 0 0 0 0 0 0 0 0 0 0 0 0 0 0 0 0 0 0 0 0 0 0 0 0 0 0 0 0 0 0 0 0 0 0 0 0 0 0 0 0 0 0 0 0 0 0 0 0 0 0 0 0 0 0 0 0 0 0 0 0 0 0 0 0 0 0 0 0 0 0 0 0 0 0 0 0 0 0 0 0 0 0 0 0 0 0 0 0 0 0 0 0 0 0 0 0 0
0 0 0 0 0 0 0 0 0 0 0 0 0 0 0 0 0 0 0 0 0 0 0 0 0 0 0 0 0 0 0 0 0 0 0 0 0 0 0 0 0 0 0 0 0 0 0 0 0 0 0 0 0 0 0 0 0 0 0 0 0 0 0 0 0 0 0 0 0 0 0 0 0 0 0 0 0 0 0 0 0 0 0 0 0 0 0 0 0 0 0 0 0 0 0 0 0 0 0 0 0 0 0 0 0 0 0 0 0 0 0 0 0 0 0 0 0 0 0 0 0 0 0 0 0 1 0 0 0 0 0 0 0 0 0 0 0 0 0 0 0 0 0 0 0 0 0 0 0 0
