0 0 21 1 0 0 1 0 9 93 7 7 0 5 0 0 0 4 0 0 0 14 0 0 0 16 0 0 0 0 0 0 0 0 8 2 0 0 3 0 1 0 0 1 1 0 0 0 0 0 0 0 0 1 1 2 0 0 0 7 41 17 2 0 0 4 0 1 0 0 0 4 10 98 104 289 105 38 34 22 27 180 89 38 82 188 305 192 19 189 652 949 97 557 362 606 1281 709 925 178 178 63 21 44 21 61 67 272 203 30 6 3 7 82 49 13 20 18 5 1 0 49 17 6 0 23 0 1 14 5 1 37 1 16 5 0 5 5 0 1 3 0 0 0 0 0 0 0 0 24
1 0 3 3 0 0 0 0 0 23 9 2 5 1 0 0 0 0 12 0 0 2 23 0 9 16 0 1 0 0 0 0 0 0 1 1 0 0 3 0 0 0 0 0 0 0 0 0 0 0 0 0 0 7 10 0 0 0 0 23 131 27 5 7 9 1 0 0 0 1 0 5 55 79 56 4 19 40 16 60 80 54 12 1 96 155 220 142 235 328 153 32 331 304 499 431 778 457 800 639 228 74 20 36 14 2 0 15 48 17 2 3 1 17 44 19 2 72 12 25 1 8 24 8 2 3 1 3 5 22 10 1 61 41 1 0 0 1 0 88 4 1 0 0 0 0 0 0 0 0
0 0 0 2 48 0 0 0 0 7 1 0 20 1 0 0 0 0 14 1 2 7 100 32 12 1 4 11 0 0 0 0 0 1 0 8 3 7 0 4 1 0 0 1 0 0 0 0 0 0 0 0 0 0 7 0 0 0 1 11 18 14 1 6 0 0 0 0 0 0 0 3 3 0 0 0 2 25 136 196 99 62 1 11 19 146 408 131 4 11 124 18 382 548 504 524 279 377 282 583 457 336 6 54 26 20 6 7 169 98 27 14 1 9 15 5 15 92 27 5 39 19 6 2 0 19 2 5 5 15 10 1 141 146 0 0 7 0 9 137 6 9 0 0 0 0 0 0 0 0
20 3 0 0 0 0 0 0 0 1 2 0 0 0 0 0 0 0 12 0 0 0 4 9 15 1 1 6 9 0 1 0 0 0 0 1 0 1 0 3 7 0 0 0 0 0 0 0 0 0 3 0 0 1 188 24 0 18 35 2 0 1 4 4 0 0 0 0 0 0 12 69 16 4 1 13 11 110 248 495 108 104 113 210 98 34 72 169 5 224 962 1025 1768 676 704 388 148 229 479 458 447 433 88 27 30 59 43 13 193 79 13 30 117 19 0 6 5 127 35 15 49 72 6 15 3 4 0 2 24 0 11 16 10 0 22 0 19 1 1 26 72 9 0 0 0 0 0 0 0 0
5 9 0 0 0 0 0 0 1 0 1 0 0 0 0 4 5 0 0 1 2 0 8 0 3 0 1 1 0 0 0 0 0 0 1 10 12 1 0 0 1 0 0 0 0 0 0 0 9 2 0 0 0 3 30 160 19 55 1 0 2 0 0 20 0 0 0 0 0 16 62 42 143 153 30 51 27 221 415 353 327 303 211 314 198 70 67 54 22 315 942 1548 551 786 433 255 99 470 309 534 685 943 523 382 273 228 36 40 3 6 7 15 25 89 9 0 3 29 169 64 179 712 113 12 5 5 0 2 2 7 1 0 0 0 7 2 0 0 0 0 34 7 0 0 0 0 0 0 0 0
15 3 0 0 0 0 0 0 1 0 2 0 0 0 0 9 1 0 10 43 9 3 0 0 0 0 0 0 4 3 0 1 0 0 7 86 43 16 1 0 0 0 5 0 0 0 0 0 0 6 27 4 0 1 10 15 39 18 10 0 0 0 6 1 0 0 0 0 5 71 74 180 111 89 130 74 30 82 42 706 935 664 358 44 1 203 90 19 19 227 1347 1018 186 498 826 497 122 1219 409 801 313 461 838 523 21 100 32 43 4 7 2 3 2 86 4 11 35 1 3 9 205 126 2 1 2 5 4 1 2 0 2 0 1 0 0 1 3 1 0 0 1 15 1 0 0 0 0 0 0 0
0 0 0 1 0 0 0 0 0 6 8 0 0 0 0 0 0 0 0 0 0 0 8 0 0 0 0 0 0 1 2 2 0 0 0 6 4 1 5 0 0 0 0 0 0 0 0 0 0 0 3 4 0 8 0 21 15 2 49 11 2 8 2 0 1 3 0 0 2 67 61 60 153 299 183 101 385 158 346 476 1090 1051 810 496 325 35 10 139 78 109 1148 1073 169 657 908 375 230 395 382 29 30 193 164 194 70 66 83 19 27 22 35 133 154 74 38 36 0 4 20 19 101 87 10 3 1 1 3 2 0 1 2 0 2 0 0 1 1 24 0 0 0 0 0 0 0 0 0 0 0 0
0 0 0 1 0 0 0 0 0 0 5 0 0 0 0 0 0 0 0 0 0 0 0 0 0 0 0 0 0 1 10 0 0 0 21 5 0 3 9 11 0 0 0 0 0 0 0 0 0 0 0 0 2 9 5 8 3 29 64 36 56 62 24 2 16 46 0 0 8 67 8 11 62 57 65 37 86 94 424 638 1169 766 862 227 144 105 213 440 213 78 606 107 62 622 356 426 246 532 639 252 148 225 311 450 160 107 19 10 74 28 267 422 88 62 12 82 2 3 9 27 36 4 7 5 7 2 7 0 1 0 0 0 0 0 0 0 0 0 0 0 0 0 0 0 0 0 0 0 0 0
4 0 0 0 0 0 0 0 2 2 0 2 0 2 16 0 0 0 0 0 0 0 0 0 0 0 0 0 0 0 1 0 0 0 0 0 1 3 2 4 0 0 0 0 0 0 0 0 0 2 0 0 0 3 0 0 2 16 23 55 270 153 23 5 5 23 8 11 12 25 0 0 0 2 5 27 13 41 189 591 731 1292 731 25 9 13 471 219 220 43 17 18 280 745 1038 949 150 383 404 274 277 181 59 255 670 116 182 189 13 37 786 193 179 13 37 25 0 5 10 11 14 3 5 10 5 3 1 6 3 0 3 0 0 0 0 0 0 0 0 0 0 0 0 0 0 0 0 0 0 0
0 0 0 0 0 0 0 0 10 2 0 0 0 0 0 0 0 0 0 0 0 0 0 0 0 0 0 0 0 0 0 0 0 0 0 0 0 0 8 1 1 0 0 0 0 0 2 0 1 0 1 0 9 2 0 0 2 2 1 27 44 84 19 12 2 0 6 0 0 31 0 0 0 1 0 13 12 61 321 571 912 737 455 328 589 511 306 144 237 189 103 4 26 621 826 956 630 153 91 6 37 175 17 6 97 507 211 273 91 38 585 472 553 57 2 139 176 379 162 29 56 42 23 24 55 13 17 4 8 10 60 20 0 0 0 0 0 0 0 0 0 0 0 0 0 0 0 0 0 0
4 2 0 0 0 0 0 0 0 0 2 12 0 0 0 13 4 0 0 0 0 0 0 0 0 1 0 0 0 0 0 5 0 0 0 8 0 0 0 0 0 2 3 1 0 0 3 7 13 10 6 15 28 3 0 0 0 11 8 28 0 68 8 2 0 0 0 0 0 43 0 0 0 0 0 0 10 41 254 247 472 171 533 271 223 284 221 309 459 249 31 0 8 198 400 586 809 33 21 53 13 32 0 11 106 336 917 210 133 84 470 246 290 67 0 93 261 629 548 307 367 202 228 141 133 304 188 41 41 23 10 64 35 26 249 0 0 0 0 0 0 0 0 0 0 0 0 0 0 0
1 0 4 0 0 0 0 0 4 0 0 0 0 0 0 2 7 13 0 0 0 0 0 0 0 0 0 0 0 0 0 0 3 4 4 1 0 1 0 2 6 8 13 5 1 2 1 2 3 1 0 1 48 4 13 5 2 2 1 8 1 7 0 2 4 1 2 2 1 0 6 0 0 0 0 2 114 14 127 381 413 182 51 80 163 112 26 25 164 341 35 0 5 3 22 97 784 384 241 25 0 0 13 62 40 33 412 294 42 85 261 225 79 344 65 150 406 218 554 714 289 340 126 49 121 173 1 0 0 26 1 0 93 46 31 9 0 0 0 0 0 0 0 0 0 0 0 0 0 0
0 0 0 0 0 0 0 0 3 7 0 0 0 0 0 0 2 14 3 3 0 1 0 0 0 0 0 0 0 0 1 0 0 0 1 0 2 0 0 0 0 5 29 0 21 0 6 6 0 0 0 0 12 3 20 0 0 0 4 6 1 1 0 0 0 2 5 4 1 1 33 0 0 0 0 55 96 115 241 66 112 147 37 2 28 8 3 0 0 2 4 0 2 25 83 26 667 392 589 459 20 16 46 51 26 24 82 334 460 411 672 707 97 566 172 86 40 120 882 828 152 153 99 5 14 70 12 0 45 22 2 1 18 23 10 0 1 0 0 0 0 0 0 0 0 0 0 0 0 0
0 0 0 0 0 0 2 2 0 1 0 0 0 0 0 0 0 0 51 18 0 1 0 0 0 0 0 0 0 8 6 2 0 0 0 0 0 0 0 0 0 9 0 49 23 0 0 0 3 0 1 12 8 0 0 0 0 0 8 0 7 10 0 2 0 0 21 32 32 11 63 0 0 0 14 252 560 494 286 38 45 234 61 32 26 115 10 0 4 29 3 0 0 25 8 26 106 539 162 226 1 26 264 108 229 67 143 423 312 577 1378 1440 859 234 170 246 341 388 717 337 173 73 0 2 0 20 9 0 6 1 1 0 2 1 0 0 0 0 0 0 0 0 0 0 0 0 0 0 0 0
0 0 0 0 0 0 0 0 6 1 0 0 0 0 0 0 0 0 1 5 13 0 0 0 0 2 0 0 0 0 1 0 0 0 0 0 0 0 0 0 1 0 0 6 26 0 0 1 0 7 10 45 28 0 1 3 4 2 11 12 64 15 6 10 3 131 110 78 204 114 59 2 2 3 105 564 1359 822 365 56 0 84 160 11 5 16 22 13 0 69 20 10 3 1 0 6 25 396 236 180 22 120 458 336 1112 1000 1691 1089 1049 822 935 807 714 466 442 301 112 129 81 142 131 166 43 8 0 4 60 5 6 8 8 0 0 0 0 0 0 0 0 0 0 0 0 0 0 0 0 0 0 0
0 0 0 0 0 0 0 25 55 0 1 0 0 0 0 0 4 0 0 0 0 13 4 1 0 0 0 0 0 0 0 0 0 0 0 0 0 0 0 0 0 0 0 0 5 21 0 0 0 19 64 90 0 0 2 9 36 104 4 69 24 36 4 26 27 38 62 38 72 94 281 88 117 145 335 652 1107 723 260 29 6 7 0 0 0 0 32 49 4 50 2 0 2 2 2 31 32 18 19 15 18 2 1176 501 500 417 886 293 468 1055 1368 1091 1277 325 394 305 89 203 160 51 45 15 169 232 33 52 12 6 2 1 1 0 0 0 16 1 0 0 0 0 0 0 0 0 0 0 0 0 0 0
0 0 0 0 0 0 0 12 0 0 0 0 0 0 0 0 6 0 0 0 0 0 14 22 24 2 0 0 0 0 0 0 0 0 0 0 0 0 0 0 1 0 0 0 0 11 2 10 0 24 32 1 0 9 11 34 80 87 81 44 0 10 0 1 0 0 1 0 0 0 3 2 31 198 265 358 343 416 76 0 0 0 7 0 0 0 1 28 101 11 1 3 2 0 3 10 22 0 2 86 15 200 648 815 331 188 319 184 431 963 913 453 708 618 574 152 41 85 276 10 0 6 24 21 41 344 3 4 4 0 0 0 0 0 0 0 0 0 0 0 0 0 0 0 0 0 0 0 0 0
0 0 0 0 0 0 0 4 0 0 0 1 1 0 1 1 1 8 0 1 0 2 0 0 12 1 4 32 3 2 0 0 0 0 0 0 2 0 0 0 1 0 0 2 0 24 40 2 1 41 42 28 7 51 38 12 58 41 301 8 1 2 1 0 1 1 15 45 1 30 103 16 72 10 93 146 389 106 42 18 1 0 1 4 0 0 0 14 56 9 0 22 60 27 5 5 4 0 22 554 239 168 137 72 89 347 284 191 481 360 107 301 117 127 312 52 57 128 28 0 0 3 1 16 78 653 154 26 1 1 0 0 0 0 0 0 0 0 0 0 0 0 0 0 0 0 0 0 0 0
0 0 0 0 2 1 1 0 0 0 0 0 1 0 0 0 0 0 0 4 2 2 5 10 7 6 35 23 19 0 0 0 0 1 0 3 1 0 0 0 0 2 2 20 2 10 11 1 18 256 155 19 9 32 0 31 122 62 24 16 45 9 0 0 0 0 13 3 0 33 22 27 61 8 3 92 123 32 5 25 11 0 4 31 1 6 4 9 15 0 4 50 76 159 11 5 0 54 233 34 104 274 73 52 107 165 92 375 357 1 0 103 5 314 33 0 11 11 0 0 0 0 3 16 70 175 111 203 19 1 0 0 0 0 0 0 0 0 0 0 0 0 0 0 0 0 0 0 0 0
0 0 0 0 0 0 0 0 0 0 0 0 0 1 1 0 0 0 0 0 0 5 70 1 1 1 5 30 132 6 0 0 0 1 1 0 0 0 0 0 0 3 3 30 4 86 82 14 8 238 53 8 0 7 54 20 42 51 2 0 0 3 0 0 0 7 0 0 8 6 37 37 17 0 0 61 7 0 7 4 11 0 0 1 0 10 12 0 3 6 3 31 9 0 0 13 0 16 16 23 676 848 553 147 66 154 89 256 99 11 0 0 2 209 26 0 0 0 0 0 0 0 0 5 9 13 11 128 16 0 0 0 0 0 0 0 0 0 0 0 0 0 0 0 0 0 0 0 0 0
0 0 0 0 0 0 0 0 0 0 0 2 0 0 0 0 0 0 1 0 1 23 12 3 0 14 2 4 4 2 1 6 4 0 0 0 0 0 0 0 6 6 16 20 17 16 19 59 70 392 248 64 20 51 10 2 1 7 4 0 3 35 17 8 97 95 5 0 3 9 186 16 1 0 4 70 129 42 14 22 1 7 1 2 0 0 6 11 25 14 10 0 0 2 0 1 0 1 332 415 1118 768 494 93 2 38 80 196 24 0 0 0 0 11 0 0 0 0 0 0 0 0 0 7 0 0 59 141 0 0 0 0 0 0 0 0 0 0 0 0 0 0 0 0 0 0 0 0 0 0
0 0 0 0 0 0 0 0 0 0 0 0 0 6 1 1 0 0 0 0 0 0 26 3 1 2 0 0 0 0 10 73 10 2 2 0 0 6 0 0 73 45 0 0 0 0 12 15 116 622 280 185 14 0 0 3 0 1 0 0 2 8 0 0 10 26 23 3 2 65 24 16 23 0 1 21 97 96 74 88 25 58 2 5 9 1 8 16 186 28 19 7 1 1 0 8 3 0 76 297 205 127 34 3 14 10 114 98 46 0 0 0 6 73 0 0 0 0 0 0 0 0 0 0 0 35 33 4 4 7 6 0 0 0 0 0 0 0 0 0 0 0 0 0 0 0 0 0 0 0
0 0 0 1 0 0 0 0 0 0 0 0 0 0 3 3 0 0 0 0 0 2 2 1 0 0 0 0 0 0 0 8 43 18 1 1 14 54 14 22 2 0 0 0 0 0 7 26 44 190 158 131 2 0 0 2 0 1 3 3 0 0 0 0 5 1 22 4 0 3 13 17 46 8 2 4 31 21 24 15 2 30 18 0 0 10 3 0 0 0 4 4 1 1 0 1 5 0 3 1 1 0 3 24 59 29 35 47 40 50 37 7 44 0 0 0 0 0 0 0 0 0 0 5 27 150 58 1 0 0 1 0 0 0 0 0 0 0 0 0 0 0 0 0 0 0 0 0 0 0
0 0 1 0 0 0 0 0 0 0 0 0 0 0 1 1 3 2 0 2 3 0 0 0 0 0 0 0 0 0 1 1 5 3 4 8 29 78 14 1 0 0 0 0 14 43 29 67 3 72 111 28 2 2 11 8 7 32 3 0 0 0 0 1 1 0 0 2 0 0 0 1 57 78 8 24 0 0 0 1 0 6 52 86 3 1 1 1 0 0 0 4 1 3 0 2 0 1 1 5 5 0 1 73 54 35 21 7 3 22 3 385 50 0 0 0 0 0 0 0 0 0 0 18 10 29 43 112 4 0 0 0 0 0 0 0 0 0 0 0 0 0 0 0 0 0 0 0 0 0
0 0 0 0 0 0 0 0 0 0 0 0 0 0 0 0 0 0 0 0 0 0 0 0 0 0 0 0 0 0 0 2 3 15 28 0 0 59 0 0 0 0 0 15 32 26 42 3 15 14 48 44 17 15 28 4 2 15 1 2 0 0 0 0 0 0 0 15 8 0 0 17 5 10 27 24 0 0 0 0 0 0 44 46 21 3 1 0 0 0 4 10 0 0 0 1 2 3 0 1 8 4 0 14 329 0 0 7 0 0 0 81 4 0 0 1 3 0 0 0 0 0 3 0 0 35 64 66 0 0 1 0 0 0 0 0 7 0 0 0 0 0 0 0 0 0 0 0 0 0
0 0 0 0 0 0 0 0 0 0 0 0 0 0 11 0 0 0 3 0 0 8 3 4 0 0 0 0 0 0 0 0 9 17 30 2 0 27 1 0 0 0 0 7 58 23 0 0 5 4 44 3 0 4 0 0 0 1 0 0 1 0 0 1 12 7 1 5 7 1 1 17 1 1 0 3 11 1 0 0 1 0 4 6 1 12 3 8 0 1 0 2 1 1 10 1 1 3 2 0 5 14 13 53 213 138 0 12 0 0 0 22 5 11 13 8 0 0 0 1 0 0 0 0 0 60 51 27 1 0 0 0 0 0 0 0 5 29 0 0 0 1 0 0 0 0 0 0 0 0
0 0 0 0 0 0 0 0 0 0 0 0 0 0 4 0 0 2 1 0 0 2 2 3 0 0 1 8 1 0 0 3 2 4 8 4 0 0 5 10 1 5 8 3 92 5 0 10 0 1 14 28 0 1 0 0 0 0 0 0 0 0 0 0 4 0 0 3 9 1 10 5 0 0 0 0 16 2 0 0 0 2 6 3 8 1 23 13 0 0 18 2 1 0 0 2 1 0 0 0 6 21 8 2 70 187 11 6 0 0 0 0 0 3 21 15 0 0 2 1 0 0 0 0 100 156 52 15 0 0 0 0 0 0 2 0 6 13 0 0 0 0 0 0 0 0 0 0 0 0
0 0 0 0 0 0 0 0 3 0 0 0 0 2 1 3 13 40 7 38 1 27 12 0 0 0 0 0 1 3 10 2 0 21 3 0 1 9 7 9 35 190 10 92 200 5 6 6 2 1 0 24 8 1 0 3 0 0 0 0 0 0 3 0 0 0 0 1 12 19 72 11 3 2 0 1 0 13 1 0 0 0 0 0 0 0 2 1 7 6 3 0 6 0 0 0 1 0 0 0 1 2 14 6 40 487 678 9 2 0 0 0 0 0 0 0 18 77 46 1 0 0 0 42 83 41 32 238 169 7 0 0 0 0 2 10 14 10 0 0 0 0 0 0 0 0 0 1 0 0
0 0 0 0 0 1 0 1 0 1 0 0 5 11 1 4 31 60 0 5 14 23 0 2 2 0 0 5 16 3 0 2 3 0 9 13 9 15 67 98 305 606 233 182 58 4 1 0 2 0 0 1 19 12 0 0 0 0 0 0 0 0 0 0 0 0 1 0 0 1 6 23 14 0 5 6 0 18 1 0 0 0 1 0 12 0 0 0 7 7 4 9 5 5 4 11 5 0 0 0 7 141 7 15 134 265 262 294 9 0 0 0 0 1 0 2 180 137 15 0 0 0 28 106 121 146 583 389 68 56 0 0 0 23 5 11 0 0 0 0 0 0 0 0 0 0 0 0 1 0
0 0 0 0 0 0 0 0 1 4 9 30 23 0 0 0 2 9 0 1 0 6 3 26 3 5 4 2 0 5 3 2 0 3 23 19 15 5 173 230 362 719 406 449 41 12 2 0 10 0 0 1 23 34 17 7 0 0 0 0 1 0 0 0 0 0 0 0 2 0 0 1 5 0 0 0 0 12 4 0 0 0 2 1 5 0 0 0 2 2 0 1 5 32 6 5 0 0 1 1 0 0 4 10 5 22 7 83 27 0 0 0 7 1 74 77 413 234 29 27 15 22 17 90 172 123 335 359 298 314 68 36 13 95 9 4 0 0 0 0 0 0 0 0 0 0 0 0 0 0
0 0 0 0 0 0 0 2 0 11 4 3 2 0 3 6 0 0 17 3 0 15 91 23 0 0 0 1 0 0 8 4 1 0 2 23 18 55 27 73 398 320 344 171 23 20 3 4 0 1 1 3 29 9 5 0 6 0 0 0 0 0 0 0 0 0 0 0 0 0 0 0 0 0 0 0 1 4 13 0 9 7 5 1 27 0 0 1 39 14 0 0 9 20 2 0 4 0 0 1 0 0 2 5 3 1 0 6 38 9 2 33 9 0 64 703 750 493 152 171 95 115 42 10 6 11 383 273 15 19 12 125 476 49 24 32 0 0 0 0 0 0 0 0 0 0 0 0 0 0
0 0 0 0 0 0 0 0 0 1 2 11 4 1 0 1 1 1 15 21 161 63 15 0 0 0 0 0 4 20 2 4 7 19 13 6 1 12 4 66 328 233 243 151 82 12 2 0 1 23 1 0 8 7 10 2 0 0 0 0 0 0 0 0 0 0 0 0 0 0 0 0 0 0 0 0 0 1 1 0 15 7 52 193 22 0 0 0 0 0 0 0 13 1 0 2 29 2 0 0 1 0 0 2 1 5 1 28 153 136 240 472 69 132 312 719 393 234 101 249 65 137 9 0 104 219 341 105 15 1 63 325 216 71 64 2 0 0 0 0 0 0 0 0 0 0 0 0 0 0
0 0 0 0 0 0 0 2 0 3 0 2 8 31 2 12 8 11 9 25 59 0 0 0 0 0 0 0 2 4 274 25 5 2 3 123 3 8 1 11 38 81 69 74 2 0 1 0 0 2 7 2 21 1 3 10 4 4 0 0 0 0 0 0 0 0 0 0 1 0 3 0 1 0 0 6 1 37 10 0 1 9 18 1 0 0 0 0 2 0 1 0 0 14 9 16 7 0 0 0 4 0 0 0 0 1 7 7 77 169 85 48 36 294 638 353 264 259 77 254 52 16 0 11 5 65 197 0 0 0 69 246 1 0 3 0 0 0 0 0 0 0 0 0 0 0 0 0 0 0
0 0 0 1 0 6 9 1 4 0 4 0 0 9 8 0 2 2 9 32 18 0 0 0 0 0 0 0 0 2 40 7 12 1 23 3 0 0 7 0 5 20 3 0 1 1 0 0 0 0 0 7 135 9 73 58 29 0 0 0 0 0 0 0 0 0 0 0 0 0 0 0 0 0 0 0 0 2 0 0 0 1 1 0 0 0 0 0 1 0 1 0 1 14 21 1 11 0 0 0 1 0 0 0 0 2 4 63 40 8 1 5 101 394 169 240 113 224 110 153 204 4 0 0 0 0 0 0 0 0 1 106 79 0 0 0 0 0 0 0 0 0 0 0 0 0 0 0 0 0
0 0 0 0 2 22 31 28 0 2 3 0 2 31 1 5 19 6 1 0 1 8 8 0 0 0 0 13 9 7 32 16 16 1 1 6 0 1 2 10 7 36 2 0 2 0 2 0 0 0 1 15 93 54 4 23 2 0 0 0 0 0 0 0 0 0 0 0 0 0 0 0 0 0 0 0 8 1 3 1 0 0 0 0 0 0 0 0 9 1 14 3 18 49 5 5 4 5 0 1 2 0 0 0 0 2 8 54 348 5 0 0 3 1 4 1 9 24 244 689 46 0 0 0 0 5 3 0 0 0 0 3 92 2 0 0 0 0 0 0 0 0 0 0 0 0 0 0 0 0
0 0 1 6 0 2 4 36 4 3 1 12 6 0 2 151 61 30 1 19 0 1 5 1 2 4 3 17 3 2 11 4 1 0 1 2 0 0 0 0 8 2 0 3 1 0 2 0 0 0 0 61 8 48 14 2 4 0 0 0 0 0 0 0 0 0 0 0 0 0 0 0 0 0 0 0 5 22 1 0 0 0 0 0 0 0 0 0 9 2 1 0 0 68 0 0 0 2 12 1 0 1 5 2 0 11 41 66 115 0 0 0 0 0 9 0 0 4 118 343 261 52 0 0 3 40 0 0 0 38 157 24 57 3 0 0 0 0 0 0 0 0 0 0 0 0 0 0 0 0
0 0 0 0 0 2 6 0 0 4 32 7 0 1 16 15 25 20 4 1 0 1 3 1 0 12 3 0 0 16 0 0 0 1 3 1 0 0 0 6 0 18 4 1 0 8 2 1 1 0 1 39 37 20 20 7 1 0 0 1 0 0 0 0 0 0 0 0 0 0 0 0 0 0 0 0 0 26 98 0 4 0 0 0 0 0 0 80 5 0 4 1 0 8 1 8 0 0 3 5 19 9 7 3 3 23 21 14 55 4 0 0 0 7 111 63 172 374 202 107 625 144 0 8 181 33 0 0 0 152 122 0 0 0 0 0 0 0 0 0 0 0 0 0 0 0 0 0 0 0
0 0 2 1 0 0 0 1 2 4 3 99 9 6 0 1 1 3 0 0 1 0 0 7 15 2 3 0 23 7 0 0 0 1 0 0 1 0 6 0 0 12 32 14 2 0 5 5 0 0 0 98 50 7 0 4 0 0 4 0 0 0 0 0 0 0 0 0 0 0 0 0 0 0 0 0 0 7 29 4 1 5 0 0 0 0 1 5 1 0 2 1 3 4 0 0 0 0 1 2 1 0 28 1 34 0 29 20 22 5 0 0 0 0 90 373 541 373 24 28 71 259 222 230 126 1 0 3 17 410 219 2 0 0 0 0 0 0 0 0 1 0 0 0 0 0 0 0 0 0
0 0 3 0 0 0 5 2 0 0 10 22 0 1 0 0 0 1 0 6 2 0 0 0 1 3 2 2 1 1 0 0 0 0 0 0 0 1 9 2 0 1 0 1 3 1 0 0 0 1 1 84 2 1 0 0 1 0 0 0 0 0 0 0 0 0 0 0 0 0 0 0 0 0 0 0 0 4 73 60 16 15 14 2 0 0 1 0 0 0 0 1 0 13 2 0 0 1 0 4 0 0 1 6 12 2 2 0 58 0 0 4 30 27 33 30 1 34 622 213 29 208 926 537 367 280 209 237 920 1745 1147 49 0 0 0 0 0 0 0 0 0 0 0 0 0 0 0 0 0 0
0 0 3 0 0 2 6 1 0 4 16 1 1 7 5 3 1 0 0 0 0 0 0 0 0 22 21 1 0 0 0 0 0 0 0 0 0 0 1 7 1 1 0 0 0 5 5 4 3 2 13 287 23 16 0 5 0 3 0 1 0 0 0 0 0 0 0 0 0 0 0 0 0 0 0 1 2 2 19 0 0 6 16 0 0 0 0 0 3 0 1 14 1 4 7 21 5 0 4 1 6 0 0 6 10 22 13 10 94 27 3 36 27 6 0 12 4 122 681 392 375 646 716 656 1344 930 926 1034 1061 758 1267 3 0 0 0 0 0 0 0 0 0 0 0 0 0 0 0 0 0 0
0 0 0 0 5 7 0 0 5 6 0 2 0 0 3 19 3 5 0 0 0 0 0 0 2 6 7 1 4 0 0 0 0 1 0 0 3 2 0 0 0 0 3 0 0 0 0 0 10 71 623 465 7 90 10 3 2 0 0 6 1 1 0 0 0 0 0 0 0 0 0 0 0 0 0 1 0 0 34 0 0 2 0 0 0 0 0 0 2 0 0 1 27 0 0 0 0 0 5 3 22 7 21 1 16 7 44 21 3 28 21 4 2 5 6 18 5 35 447 1019 1058 837 283 633 1474 1026 280 676 569 34 172 79 0 0 0 0 0 0 0 0 0 0 0 0 0 0 0 0 0 0
0 0 0 5 4 0 0 2 9 0 1 0 2 0 0 1 1 0 0 0 0 0 0 7 2 3 0 0 0 0 0 14 2 0 1 1 3 0 1 0 0 1 0 0 0 0 0 0 2 19 449 787 620 555 51 20 2 5 1 10 0 0 0 0 0 0 0 0 0 0 0 0 0 0 1 0 0 0 0 29 0 0 0 0 0 0 0 11 80 0 0 14 33 0 0 0 0 0 0 7 1 0 30 71 10 94 255 49 8 0 2 0 0 4 0 15 30 4 52 438 271 432 370 1507 1438 779 355 179 73 476 1860 658 0 1 0 0 0 0 0 0 0 0 0 0 0 0 0 0 0 0
2 3 1 17 0 0 14 6 10 2 9 50 0 0 0 0 0 0 0 0 0 1 0 0 2 0 1 2 0 0 0 9 0 0 0 1 1 0 0 0 0 0 0 4 0 0 1 0 0 9 210 374 450 446 193 65 10 0 2 0 1 0 0 0 0 0 0 0 0 0 0 0 0 0 0 0 0 0 0 78 2 0 2 0 0 0 0 5 33 3 2 26 91 0 0 0 0 0 0 3 4 25 44 196 56 49 3 12 0 4 0 0 3 0 0 4 9 17 7 45 270 250 278 582 1147 938 636 331 330 1001 636 424 3 0 0 0 0 0 0 1 0 0 0 0 0 0 0 0 0 0
1 9 1 5 2 4 2 29 2 2 4 9 2 2 0 0 0 0 0 0 0 0 1 0 0 0 0 0 0 0 1 0 0 0 0 0 1 1 0 0 0 0 0 0 0 2 8 4 2 1 110 133 243 71 31 28 6 0 1 1 0 2 0 0 0 0 0 0 0 0 0 0 0 0 0 0 0 0 0 0 2 39 0 0 0 2 43 48 21 2 7 167 149 12 2 0 0 0 0 17 39 12 55 321 25 1 5 0 7 1 1 0 0 2 3 4 2 15 21 31 57 437 438 337 294 662 996 1598 305 170 110 119 0 0 0 0 0 0 0 0 0 0 0 0 0 0 0 0 0 0
0 0 22 0 3 0 11 44 9 4 6 3 7 1 0 0 0 0 0 0 1 0 0 0 0 0 0 0 0 0 0 0 0 0 0 0 0 0 0 0 0 0 0 0 0 0 0 0 2 5 4 27 98 30 8 0 0 29 60 3 0 0 3 0 0 0 0 0 0 0 0 0 0 0 0 0 0 0 0 0 0 4 9 34 13 10 0 0 23 10 89 105 80 4 9 5 0 7 26 24 61 288 201 402 384 94 7 2 16 3 0 0 0 0 0 1 9 48 33 249 496 518 1470 1663 731 263 1871 2397 1247 0 0 0 0 0 0 0 0 0 0 0 0 0 0 0 0 0 0 0 0 0
2 13 24 0 8 16 5 56 54 6 0 0 3 17 0 0 0 0 0 0 2 0 2 0 0 0 0 0 4 0 0 0 0 1 0 0 0 0 0 0 0 0 0 0 0 0 0 0 1 1 0 2 48 1 6 2 0 5 98 11 4 1 0 0 0 0 0 0 0 0 0 0 0 0 0 0 0 0 0 0 0 4 6 0 1 6 4 7 19 35 100 115 79 9 72 29 1 3 0 12 110 296 570 195 112 91 0 4 2 5 0 0 0 0 3 0 4 302 333 654 542 23 5 137 207 426 394 740 342 9 104 6 0 0 0 0 0 0 0 0 0 0 0 0 0 0 0 0 0 0
9 4 68 18 63 108 52 9 2 5 0 1 1 10 0 1 1 0 0 1 0 0 0 0 0 0 1 0 0 0 0 0 0 0 0 0 0 0 0 0 0 1 2 0 1 0 0 0 0 0 0 16 11 0 0 1 1 1 1 28 1 0 0 0 0 0 0 0 0 0 0 0 0 0 0 0 0 0 0 0 14 62 0 1 36 5 92 9 0 1 3 12 28 5 0 0 0 0 0 8 17 95 798 199 145 163 9 13 16 14 19 2 0 0 0 16 189 411 77 21 0 0 0 0 37 329 149 825 575 26 28 6 0 0 0 0 0 0 0 0 0 0 0 0 0 0 0 0 1 0
2 15 90 166 310 338 152 34 6 0 0 0 0 9 11 6 1 0 0 3 2 8 0 1 0 0 0 0 0 0 0 0 0 0 0 0 0 0 0 0 0 0 0 7 2 9 0 28 1 0 0 6 12 0 0 1 2 0 14 8 0 2 0 0 0 0 0 0 0 0 0 0 0 0 0 0 0 0 3 17 7 0 0 2 7 1 17 114 22 1 0 0 0 0 0 0 0 0 0 0 0 141 474 121 144 166 3 1 0 11 3 1 1 0 14 68 112 1 9 51 0 0 0 0 10 428 288 640 329 29 38 0 0 0 1 0 0 0 0 0 0 0 0 0 0 0 0 0 0 0
2 62 314 683 314 219 107 208 0 6 1 5 2 0 0 1 3 2 1 0 0 3 0 0 4 0 0 0 2 0 0 0 0 0 0 0 0 0 0 0 0 4 0 6 1 0 0 16 31 0 0 1 6 0 0 1 3 0 0 0 0 1 0 0 0 0 0 0 0 0 0 0 0 0 0 0 0 7 0 0 0 0 0 0 0 0 65 44 0 2 1 0 0 0 0 0 0 0 0 0 4 59 13 13 126 145 0 1 0 2 8 5 15 18 20 0 4 9 9 17 38 56 4 0 7 67 70 238 99 10 0 0 0 0 0 0 0 0 0 0 0 0 0 0 0 0 0 0 0 0
0 14 243 145 202 119 86 29 0 1 0 12 0 0 0 0 0 0 2 5 10 2 0 0 1 0 0 0 0 1 1 0 0 0 0 0 0 0 0 1 1 0 0 1 0 1 0 0 5 2 0 0 0 3 0 3 0 0 0 0 0 0 0 0 0 0 0 0 0 0 0 0 0 0 0 0 3 3 0 0 0 0 0 0 0 0 28 10 3 11 23 0 0 0 1 21 0 0 0 265 841 107 173 141 5 100 97 0 3 1 7 24 18 0 0 0 0 0 12 30 87 46 160 239 84 73 11 0 0 9 0 0 0 0 0 0 0 0 0 0 0 0 0 0 0 0 0 0 0 0
11 20 39 105 118 58 2 1 1 0 13 2 0 0 0 0 2 0 0 0 0 53 1 0 0 1 0 0 0 2 0 0 0 0 0 0 0 0 0 0 0 0 1 0 0 36 2 0 0 0 2 0 0 0 1 31 1 0 0 0 0 0 0 0 0 0 0 0 0 0 0 0 0 0 0 0 1 5 0 0 0 0 0 0 0 1 25 0 0 23 83 1 0 0 22 72 59 5 213 1043 426 319 186 10 5 26 57 225 0 10 44 0 1 0 0 0 0 1 69 32 101 47 60 110 34 41 31 20 88 43 28 0 0 0 0 0 0 0 0 0 0 0 0 0 0 0 0 0 0 0
76 13 39 2 3 0 0 2 0 0 0 0 0 1 0 0 0 0 0 0 2 12 4 0 1 0 0 1 0 0 2 1 0 14 52 0 0 0 0 0 0 0 0 0 0 6 0 2 1 0 0 0 4 2 41 74 4 0 0 0 0 0 0 0 0 0 0 0 0 0 0 0 0 0 28 5 0 0 0 0 0 0 0 0 0 0 21 6 0 0 69 3 5 15 91 429 66 6 57 65 101 6 9 34 8 1 0 217 348 102 3 1 3 0 14 0 0 1 11 3 43 0 2 1 35 46 96 67 343 173 28 0 0 0 0 0 0 0 0 0 0 0 0 0 0 0 0 0 0 0
10 0 5 1 0 0 0 0 0 0 0 0 0 0 0 0 0 0 0 0 0 2 0 0 0 0 1 1 1 0 9 38 1 0 0 0 0 0 0 0 0 0 0 0 4 1 0 0 0 0 0 0 6 0 18 2 0 0 0 0 0 0 0 0 0 0 0 0 0 0 0 0 0 0 4 10 0 0 0 0 0 1 0 0 0 0 80 45 105 42 81 16 12 19 1 74 7 3 0 1 3 2 1 2 0 2 93 169 200 32 1 0 4 0 1 0 0 13 0 0 12 4 12 19 4 101 98 194 401 299 53 0 0 0 0 0 0 0 0 0 0 0 0 0 0 0 0 0 0 0
0 3 0 5 1 0 0 0 0 0 0 0 0 0 0 0 0 0 0 1 3 0 0 0 0 0 0 0 2 0 2 3 0 0 0 0 0 0 0 0 0 0 0 0 0 5 0 1 0 0 0 0 9 32 6 1 0 0 0 0 0 0 0 0 0 0 0 0 0 0 0 2 2 6 0 0 0 0 0 0 0 0 0 0 0 0 1 0 70 1 0 0 1 1 5 8 0 0 2 0 1 10 0 6 0 182 535 297 291 126 0 0 5 0 0 0 0 0 104 13 17 21 3 21 1 15 111 74 5 8 5 37 0 0 0 0 0 0 0 0 0 0 0 0 0 0 0 0 0 0
0 0 0 0 0 0 0 0 0 0 0 0 0 0 0 0 0 0 0 1 0 0 0 3 0 0 0 5 0 1 0 0 0 0 0 0 0 0 0 0 0 2 0 0 0 0 0 0 0 0 5 0 1 66 10 3 1 0 0 0 0 0 0 0 0 0 0 0 0 0 4 3 2 0 0 0 0 0 0 0 0 0 0 0 0 0 0 0 0 3 0 0 5 53 1 2 1 0 17 2 3 0 0 0 65 94 145 36 79 124 0 0 0 0 0 0 0 0 3 17 1 12 7 57 110 32 120 60 37 18 2 0 0 0 0 0 0 0 0 0 0 0 0 0 0 0 0 0 0 0
0 0 0 0 0 36 0 0 0 0 0 0 0 0 0 0 3 1 1 1 0 0 0 0 0 0 0 0 0 0 0 0 1 0 1 0 0 0 0 2 0 0 0 0 0 0 0 0 0 0 1 0 5 1 5 2 7 5 0 0 0 0 0 0 0 0 0 1 10 109 4 0 0 0 0 0 0 0 0 0 0 0 0 0 0 0 0 0 12 1 0 17 166 6 2 0 0 0 0 5 4 12 18 11 75 26 0 6 8 17 9 0 0 0 0 0 0 0 0 0 5 7 2 24 0 1 0 294 5 5 1 0 0 0 0 0 0 0 0 0 0 0 0 0 0 0 0 0 0 0
0 0 0 0 49 20 1 0 0 0 0 0 0 0 1 0 0 0 0 0 0 0 0 0 0 0 0 0 4 0 2 0 0 0 0 0 0 0 0 0 0 0 0 8 1 1 0 0 0 3 0 0 0 4 3 1 2 2 0 1 0 0 0 0 0 0 1 0 5 2 0 0 0 3 0 0 0 0 0 0 0 0 0 0 1 0 0 0 21 68 153 371 224 15 0 0 0 15 1 29 59 582 304 60 7 27 6 0 0 21 8 0 0 0 0 0 0 0 0 0 0 0 0 0 0 7 87 38 0 0 0 0 0 0 0 0 0 0 0 0 0 0 0 0 0 0 0 0 0 0
0 0 0 0 0 1 0 0 0 0 0 0 3 2 0 0 0 0 2 0 0 0 0 0 0 0 0 0 0 8 0 0 0 0 0 4 0 0 0 0 0 0 0 0 2 5 0 0 0 1 1 0 0 5 4 6 0 1 0 0 0 0 0 0 0 0 0 0 2 5 0 0 0 0 0 0 0 0 0 0 0 0 0 0 0 1 4 1 13 64 199 137 65 23 4 0 4 4 7 39 130 83 76 10 1 1 6 0 0 0 12 0 0 0 0 0 0 0 0 0 0 80 68 0 0 33 36 14 0 0 0 0 0 0 0 0 0 0 0 0 0 0 0 0 0 0 0 0 0 0
0 0 0 0 0 4 0 0 0 0 1 0 39 10 0 1 0 0 0 0 0 0 0 0 0 4 0 4 1 14 0 0 1 0 1 3 0 0 0 0 0 0 0 4 0 32 7 0 0 1 0 0 2 18 9 2 0 2 0 0 0 0 0 0 0 0 0 5 37 0 0 0 5 0 0 0 0 0 0 0 0 0 0 0 3 19 30 5 1 12 1 1 6 1 37 1 0 4 8 22 70 0 2 2 0 0 0 8 1 33 23 16 0 0 0 0 0 0 0 0 1 0 0 0 0 0 0 3 0 0 0 0 0 0 0 0 0 0 0 0 0 0 0 0 0 0 0 0 0 0
1 0 0 0 1 0 0 0 0 0 0 0 0 0 0 5 0 2 0 0 0 0 0 0 0 0 0 0 0 1 0 0 0 0 3 0 0 0 0 0 0 0 0 0 0 0 1 6 0 0 9 0 0 3 5 3 0 0 1 0 0 0 0 0 0 0 11 14 5 0 0 1 0 0 0 0 0 0 0 0 0 0 0 3 25 0 0 1 1 4 7 3 7 1 5 10 2 23 33 7 33 5 2 0 6 0 0 29 51 133 196 285 33 9 2 0 0 0 0 0 0 0 0 0 0 0 0 0 0 0 0 0 0 0 0 0 0 0 0 0 0 0 0 0 0 0 0 0 0 0
0 0 0 0 2 3 0 1 0 0 0 0 0 0 0 0 0 0 0 0 0 0 0 0 0 0 0 0 0 2 0 0 0 0 0 0 1 0 3 3 0 0 0 0 0 0 0 2 10 0 0 0 0 0 1 49 94 1 3 0 0 0 0 0 2 2 26 81 3 0 1 1 0 0 0 0 0 0 0 0 0 0 0 22 50 2 1 17 7 185 6 5 1 0 0 2 44 46 1 2 0 2 6 5 4 8 11 2 54 47 154 30 201 73 1 0 0 0 0 0 0 0 0 0 0 0 0 0 0 0 0 0 0 0 0 0 0 0 0 0 0 0 0 0 0 0 0 0 0 0
0 0 0 0 2 0 0 0 0 0 0 0 4 0 0 0 2 0 0 0 0 0 0 1 0 0 0 0 0 1 0 0 0 0 0 0 0 0 0 0 0 0 0 0 0 2 3 4 42 2 3 0 3 0 4 2 1 4 21 12 1 3 2 11 4 5 0 0 0 20 0 0 0 0 0 0 0 0 0 0 0 0 0 0 0 1 0 11 2 0 0 0 0 0 5 92 15 0 0 0 0 0 0 0 20 35 619 609 291 40 16 0 236 102 0 0 0 0 0 0 0 0 0 0 0 0 0 0 0 0 0 0 0 0 0 0 0 0 0 0 0 0 0 0 0 0 0 0 0 0
0 0 3 5 3 31 1 5 0 1 0 0 0 1 0 0 0 0 0 0 0 0 0 0 0 0 0 0 0 0 1 0 0 0 0 0 0 0 7 4 0 0 0 0 1 2 24 11 7 2 0 0 0 1 5 1 0 0 0 5 0 0 0 0 4 0 4 8 1 4 0 10 0 0 0 0 0 0 0 0 0 0 0 0 0 0 0 6 1 0 3 14 1 2 130 7 0 0 0 0 0 3 0 18 99 70 135 358 140 170 58 131 167 4 0 0 0 0 0 0 0 0 0 0 0 0 0 0 0 0 0 0 0 0 0 0 0 0 0 0 0 0 0 0 0 0 0 0 0 0
0 0 0 0 21 52 0 0 0 1 0 0 0 0 0 0 1 0 0 0 0 0 0 0 0 0 0 0 0 0 0 0 1 0 0 0 0 0 0 0 0 0 2 0 1 0 0 2 0 0 0 0 4 2 1 0 1 1 8 8 0 0 0 1 0 1 0 16 2 0 0 0 1 1 0 0 0 0 0 0 0 0 0 0 0 0 0 0 1 0 0 7 12 24 0 22 211 0 0 0 0 0 0 36 111 175 0 1 7 33 0 6 1 0 0 0 0 0 0 0 0 0 0 0 0 0 0 0 0 0 0 0 0 0 0 0 0 0 0 0 0 0 0 0 0 0 0 0 0 0
0 0 0 0 0 1 0 0 7 0 0 0 0 0 0 0 0 0 2 1 0 0 0 0 0 0 0 0 0 0 0 3 0 2 0 0 0 0 0 0 0 0 0 0 0 0 3 0 3 2 0 0 2 0 0 0 0 0 2 3 3 2 0 0 0 0 0 1 0 0 1 0 1 0 0 0 0 0 0 0 0 0 0 0 0 0 0 0 0 1 0 26 45 13 16 115 237 0 0 0 0 0 0 6 3 0 1 0 0 0 22 49 3 0 0 0 0 0 0 0 0 0 0 0 0 0 0 0 0 0 0 0 0 0 0 0 0 0 0 0 0 0 4 6 0 0 0 0 0 0
0 0 1 0 0 0 0 0 0 9 0 0 1 0 3 1 0 0 1 0 0 0 0 0 0 0 0 0 0 0 0 0 0 0 0 0 0 0 0 0 0 0 0 0 0 0 0 0 0 1 3 0 2 0 0 0 0 0 5 9 6 0 0 0 0 0 0 0 0 0 3 2 0 0 0 0 0 0 0 0 0 0 0 0 0 0 0 1 34 4 9 40 159 88 30 0 0 0 0 0 0 0 0 0 4 0 1 0 0 167 231 1 1 0 0 0 0 0 0 0 0 0 0 0 0 0 0 0 0 0 0 0 0 0 0 0 0 0 0 0 0 0 0 0 1 0 0 0 0 0
0 1 0 0 0 0 0 0 0 0 0 0 0 0 0 0 0 1 0 0 0 0 0 0 1 0 0 0 0 0 0 0 0 0 0 0 0 0 0 0 0 0 0 0 0 0 0 0 0 0 2 1 2 0 0 0 0 0 1 9 2 0 0 0 0 0 0 0 0 0 1 1 0 0 0 0 0 0 0 0 0 0 0 0 0 0 0 0 0 1 19 49 480 2 1 6 0 0 0 0 0 0 0 4 1 9 0 4 9 24 54 20 0 0 0 0 0 0 0 0 0 0 0 0 0 0 0 0 0 0 0 0 0 0 0 0 0 0 0 0 0 0 0 0 0 0 0 0 0 0
0 0 0 0 0 0 0 0 0 0 0 0 3 0 0 0 0 0 0 1 0 0 0 1 1 0 0 0 0 0 0 0 0 0 0 0 1 0 0 0 0 0 0 0 0 0 0 0 0 0 5 7 0 0 0 0 2 1 4 13 1 0 0 0 0 0 0 0 0 0 1 49 4 0 0 0 0 0 0 0 0 0 0 0 0 0 0 0 0 2 16 18 17 16 43 1 0 0 0 0 0 0 0 0 0 0 0 0 0 0 0 0 0 0 0 0 0 0 0 0 0 0 0 0 0 0 0 0 0 0 0 0 0 0 0 0 0 0 0 0 0 0 0 0 0 0 0 0 0 0
8 0 0 0 0 0 0 0 0 0 0 0 0 0 0 0 0 1 0 0 0 0 7 23 0 0 0 0 0 0 0 0 0 0 0 0 0 0 0 0 0 0 0 0 0 0 0 0 0 0 0 11 2 0 2 1 0 0 0 1 2 7 8 0 0 0 0 0 0 0 0 0 1 1 4 0 0 0 0 0 0 0 0 0 0 0 0 0 0 6 7 33 20 36 27 9 0 0 0 0 0 0 0 0 0 0 0 0 0 0 0 0 0 0 0 0 0 0 0 0 0 0 0 0 0 0 0 0 0 0 0 0 0 0 0 0 0 0 0 0 0 0 0 0 0 0 0 0 0 0
0 0 0 0 0 0 0 0 0 0 0 0 0 0 0 0 0 0 0 0 0 0 1 1 8 0 0 0 2 0 0 0 0 0 0 0 0 0 0 0 0 0 0 0 0 0 0 0 0 0 0 31 17 1 3 0 0 0 9 0 2 10 74 1 0 0 0 0 0 0 0 0 16 1 8 0 0 0 0 0 0 0 0 0 0 0 0 0 0 1 28 8 6 54 68 12 0 0 0 0 0 0 0 0 0 0 0 0 0 0 0 0 0 0 0 0 0 0 0 0 0 0 0 0 0 0 0 0 0 0 0 0 0 0 0 0 0 0 0 0 0 0 0 0 0 0 0 0 0 0
0 0 0 0 0 0 0 0 0 0 0 0 3 0 0 0 0 0 0 0 0 0 0 0 1 1 0 0 2 0 0 0 0 0 0 0 0 0 0 0 0 0 0 0 0 0 0 0 0 5 5 21 146 20 18 3 1 0 0 0 0 8 0 0 0 0 0 0 0 0 0 0 0 4 1 0 0 0 0 1 1 0 0 0 0 0 0 0 0 0 0 8 33 22 18 1 0 0 0 0 0 0 0 0 0 0 0 0 0 0 0 0 0 0 0 0 0 0 0 0 0 0 0 0 0 0 0 0 0 0 0 0 0 0 0 0 0 0 0 0 0 0 0 0 0 0 0 0 0 0
0 0 0 0 0 0 0 0 0 0 0 0 4 2 0 0 1 3 0 0 0 0 0 0 0 3 0 0 0 0 0 0 0 0 0 0 0 0 0 0 0 0 0 0 0 0 0 0 0 7 0 12 127 1 23 3 0 0 1 0 0 1 1 0 0 0 0 0 0 0 0 0 0 0 0 0 0 0 0 0 0 0 0 0 0 0 0 0 0 0 0 4 3 13 2 4 161 2 0 3 0 0 0 0 0 0 0 0 0 0 0 0 0 0 0 0 0 0 0 0 0 0 0 0 0 0 0 0 0 0 0 0 0 0 0 0 0 0 0 0 0 0 0 0 0 0 0 0 0 0
0 0 0 0 0 0 0 0 0 2 0 0 0 1 1 0 1 0 0 0 0 0 0 3 0 1 0 0 0 0 0 0 0 0 0 1 0 3 0 0 0 0 0 0 0 0 0 3 0 1 0 8 25 0 0 1 0 0 0 0 7 2 0 1 0 0 0 0 0 0 0 0 0 0 0 0 0 0 0 0 0 0 0 0 0 0 0 0 0 0 0 0 0 1 0 4 7 0 1 0 1 0 0 0 0 0 0 0 0 0 0 0 0 0 0 0 0 0 0 0 0 0 0 0 0 0 0 0 0 0 0 0 0 0 0 0 0 0 0 0 0 0 0 0 0 0 0 0 0 0
0 0 7 0 0 0 0 0 0 0 0 1 0 0 0 0 0 2 1 0 0 0 3 0 1 0 0 0 0 0 0 0 0 0 19 6 1 0 0 0 0 0 0 0 0 0 4 74 0 0 0 0 0 0 0 0 0 0 0 0 5 0 0 0 0 0 0 0 0 0 0 0 0 0 0 0 0 0 0 0 0 0 0 0 0 0 0 0 0 0 0 0 0 4 0 9 16 8 0 0 0 0 0 0 0 0 0 0 0 0 0 0 0 0 0 0 0 0 0 0 0 0 0 0 0 0 0 0 0 0 0 0 0 0 0 0 0 0 0 0 0 0 0 1 4 13 0 0 0 0
0 0 0 0 0 0 0 0 0 0 0 1 0 0 0 2 0 1 1 0 7 0 1 0 0 1 0 0 0 0 0 2 0 1 0 0 0 0 0 0 0 0 0 0 1 2 5 0 0 0 0 0 0 0 0 0 0 0 0 0 1 0 0 0 0 0 0 0 0 0 0 6 5 0 0 0 0 0 0 0 0 0 0 0 0 0 0 0 0 0 0 0 0 1 3 3 3 1 0 0 4 0 0 0 0 0 0 0 0 0 0 0 0 0 0 0 0 0 0 0 0 0 0 0 0 0 0 0 0 0 0 0 0 0 0 0 0 0 0 0 0 0 0 0 0 0 0 0 0 0
0 0 0 0 0 0 0 0 0 0 0 1 0 0 0 0 0 0 0 0 2 0 0 0 0 0 0 0 0 0 0 0 0 0 0 0 0 0 0 0 0 0 0 0 0 0 0 0 0 0 0 0 0 0 0 0 0 0 0 0 1 0 0 0 0 0 0 0 0 0 11 235 0 0 0 0 0 0 0 0 0 0 0 0 0 0 0 0 0 0 0 0 0 0 12 1 0 0 0 0 0 0 0 0 0 0 0 0 0 0 0 0 0 0 0 0 0 0 0 0 0 0 0 0 0 0 0 0 0 0 0 0 0 0 0 0 0 0 0 0 0 0 0 0 0 0 0 0 0 0
0 0 0 0 0 0 0 0 0 0 11 0 1 0 0 0 4 0 0 0 0 0 0 0 0 0 0 0 0 0 0 0 0 0 0 0 0 0 0 0 0 0 0 1 1 0 0 0 0 0 0 0 0 0 0 0 0 0 0 2 3 0 0 0 0 0 0 0 0 0 22 1 0 0 0 0 0 0 0 0 0 0 0 0 0 0 0 0 0 0 0 0 0 0 0 4 2 0 0 0 0 0 0 0 0 0 0 0 0 0 0 0 0 0 0 0 0 0 0 0 0 0 0 0 0 0 0 0 0 0 0 0 0 0 0 0 0 0 0 0 0 0 0 0 0 0 0 0 0 0
1 0 0 0 0 0 1 0 0 1 0 0 2 1 0 0 3 3 0 0 0 0 0 0 0 0 0 0 0 0 0 0 0 0 0 0 0 0 1 0 0 0 0 10 0 0 0 0 0 0 0 0 0 0 0 0 0 0 0 4 1 0 0 0 0 0 0 0 11 1 0 0 0 0 0 0 0 0 0 0 0 0 0 0 0 0 0 0 0 0 0 0 0 0 0 0 2 2 3 1 0 0 0 0 0 0 0 0 0 0 0 0 0 0 0 0 0 0 0 0 0 0 0 0 0 0 0 0 0 0 0 0 0 0 0 0 0 0 0 0 0 0 0 0 0 0 0 0 0 0
2 0 0 0 1 0 0 0 0 0 0 0 1 0 0 0 0 5 1 0 0 0 0 0 0 0 0 0 0 0 0 0 0 0 0 2 1 0 5 0 0 0 1 0 0 0 0 0 0 0 0 0 0 0 0 0 0 0 0 0 2 22 0 0 0 0 0 1 32 59 0 0 0 0 0 0 0 0 0 0 0 0 0 0 0 0 0 0 0 0 0 0 0 0 0 0 1 0 1 0 0 0 0 0 0 0 0 0 0 0 0 0 0 0 0 0 0 0 0 0 0 0 0 0 0 0 0 0 0 0 0 0 0 0 0 0 0 0 0 0 0 0 0 0 0 0 0 0 0 0
0 2 0 0 0 0 0 0 0 0 1 0 44 2 11 1 14 0 0 13 0 0 0 27 17 0 0 0 0 0 9 0 0 0 3 2 4 8 1 4 0 0 22 0 0 0 0 0 0 0 0 0 0 0 0 0 0 0 0 0 0 0 2 1 45 26 33 0 0 0 0 0 0 0 0 0 0 0 0 0 0 0 0 0 0 0 0 0 0 0 0 0 0 0 0 0 0 0 0 0 0 0 0 0 0 0 0 0 0 0 0 0 0 0 0 0 0 0 0 0 0 0 0 0 0 0 0 0 0 0 0 0 0 0 0 0 0 0 0 0 0 0 0 0 0 0 0 0 0 0
4 27 1 0 0 0 0 0 0 0 0 0 1 0 0 0 0 0 0 1 10 184 30 9 0 0 0 0 0 0 0 0 0 0 0 0 25 3 0 4 1 10 0 0 0 0 0 0 0 0 0 0 0 0 0 0 0 0 0 0 0 0 0 0 14 13 0 0 0 0 0 0 0 0 0 0 0 0 0 0 0 0 0 0 0 0 0 0 0 0 0 0 0 0 0 0 0 0 0 0 0 0 0 0 0 0 0 0 0 0 0 0 0 0 0 0 0 0 0 0 0 0 0 0 0 0 0 0 0 0 0 0 0 0 0 0 0 0 0 0 0 0 0 0 0 0 0 0 0 0
23 11 5 0 0 0 0 0 0 0 0 1 1 0 0 1 7 2 0 1 1 23 12 0 7 1 0 0 1 4 9 0 0 0 0 0 1 1 0 0 4 56 0 0 0 0 0 0 0 0 0 0 0 0 0 0 0 0 0 0 0 0 0 0 0 3 0 0 0 0 0 0 0 0 0 0 0 0 0 0 0 0 0 0 0 0 0 0 0 3 0 0 0 0 0 0 0 0 0 0 0 0 0 0 0 0 0 0 0 0 0 0 0 0 0 0 0 0 0 0 0 0 0 0 0 0 0 0 0 0 0 0 0 0 0 0 0 0 0 0 0 0 0 0 0 0 0 0 0 0
0 0 0 0 0 0 0 0 0 0 0 2 0 0 0 0 1 1 0 0 0 0 4 3 0 6 2 1 0 0 0 0 0 0 3 0 2 0 0 0 0 9 0 0 0 0 0 0 0 0 0 0 0 0 0 0 0 0 0 0 0 0 0 0 0 0 0 0 0 0 0 0 0 0 0 0 0 0 0 0 0 0 0 0 0 0 0 0 0 0 0 0 0 0 0 0 0 0 0 0 0 0 0 0 0 0 0 0 0 0 0 0 0 0 0 0 0 0 0 0 0 0 0 0 0 0 0 0 0 0 0 0 0 0 0 0 0 0 0 0 0 0 0 0 0 0 0 0 0 0
0 0 0 0 0 0 0 0 0 0 0 0 0 1 0 0 0 1 0 4 0 0 0 0 1 5 1 3 25 0 0 0 0 27 5 0 0 0 0 0 0 0 0 0 0 0 0 0 0 0 0 0 0 0 0 0 0 0 0 0 0 0 0 0 0 0 0 0 0 0 0 0 0 0 0 0 0 0 0 0 0 0 0 0 0 0 0 0 0 0 0 0 0 0 0 0 0 0 0 0 0 0 0 0 0 0 0 0 0 0 0 0 0 0 0 0 0 0 0 0 0 0 0 0 0 0 0 0 0 0 0 0 0 0 0 0 0 0 0 0 0 0 0 0 0 0 0 0 0 0
0 0 0 0 0 0 0 0 0 0 0 0 0 0 0 0 0 0 0 0 0 0 0 0 1 0 11 1 98 31 1 2 0 28 3 0 3 0 0 0 0 0 0 0 0 0 0 0 0 0 0 0 0 0 0 0 0 0 0 0 0 0 0 0 0 0 0 0 0 0 0 0 0 0 0 0 0 0 0 0 0 0 0 0 0 0 0 0 0 0 0 0 0 0 0 0 0 0 0 0 0 0 0 0 0 0 0 0 0 0 0 0 0 0 0 0 0 0 0 0 0 0 0 0 0 0 0 0 0 0 0 0 0 0 0 0 0 0 0 0 0 0 0 0 0 0 0 0 0 0
0 0 0 0 0 0 0 0 0 0 0 0 0 0 0 0 0 0 0 0 0 0 0 0 0 0 3 2 0 1 0 0 3 3 1 0 3 0 0 0 0 1 0 0 0 0 0 0 0 0 0 0 0 0 0 0 0 0 0 0 0 0 0 0 0 0 0 0 0 0 0 0 0 0 0 0 0 0 0 0 0 0 0 0 0 0 0 0 0 0 0 0 0 0 0 0 0 0 0 0 0 0 0 0 0 0 0 0 0 0 0 0 0 0 0 0 0 0 0 0 0 0 0 0 0 0 0 0 0 0 0 0 0 0 0 0 0 0 0 0 0 0 0 0 0 0 0 0 0 0
0 0 0 0 0 0 0 1 0 0 0 0 0 0 0 0 0 0 0 0 0 3 0 0 4 1 6 0 0 0 6 8 1 0 0 0 0 0 0 0 0 0 0 1 0 0 0 0 0 0 0 0 0 0 0 0 0 0 0 0 0 0 0 0 0 0 0 0 0 0 0 0 0 0 0 0 0 0 0 0 0 0 0 0 0 0 0 0 0 0 0 0 0 0 0 0 0 0 0 0 0 0 0 0 0 0 0 0 0 0 0 0 0 0 0 0 0 0 0 0 0 0 0 0 0 0 0 0 0 0 0 0 0 0 0 0 0 0 0 0 0 0 0 0 0 0 0 0 0 0
0 0 0 0 0 0 0 1 0 0 0 0 1 4 0 0 0 0 0 0 0 0 0 0 0 0 0 1 0 0 1 0 13 0 0 0 1 3 0 0 0 0 0 0 0 0 0 0 0 0 0 0 0 0 0 0 0 0 0 0 0 0 0 0 0 0 0 0 0 0 0 0 0 0 0 0 0 0 0 0 0 0 0 0 0 0 0 0 0 0 0 0 0 0 0 0 0 0 0 0 0 0 0 0 0 0 0 0 0 0 0 0 0 0 0 0 0 0 0 0 0 0 0 0 0 0 0 0 0 0 0 0 0 0 0 0 0 0 0 0 0 0 0 0 0 0 0 0 0 0
1 0 0 0 0 0 0 0 0 0 1 0 5 1 0 0 0 0 0 0 0 0 0 0 0 0 0 12 1 0 6 0 0 0 0 0 0 0 0 0 0 0 0 0 0 0 0 0 0 0 0 0 0 0 0 0 0 0 0 0 0 0 0 0 0 0 0 0 0 0 0 0 0 0 0 0 0 0 0 0 0 0 0 0 0 0 0 0 0 0 0 0 0 0 0 0 0 0 0 0 0 0 0 0 0 0 0 0 0 0 0 0 0 0 0 0 0 0 0 0 0 0 0 0 0 0 0 0 0 0 0 0 0 0 0 0 0 0 0 0 0 0 0 0 0 0 0 0 0 0
0 0 0 0 0 0 0 0 0 0 0 0 0 0 0 0 0 0 0 0 0 0 0 0 0 0 0 4 0 0 0 0 5 3 0 0 0 0 0 0 0 0 0 0 0 0 1 0 0 0 0 0 0 0 0 0 0 0 0 0 0 0 0 0 0 0 0 0 0 0 0 0 0 0 0 0 0 0 0 0 0 0 0 0 0 0 0 0 0 0 0 0 0 0 0 0 0 0 0 0 0 0 0 0 0 0 0 0 0 0 0 0 0 0 0 0 0 0 0 0 0 0 0 0 0 0 0 0 0 0 0 0 0 0 0 0 0 0 0 0 0 0 0 0 0 0 0 0 0 0
0 0 0 0 0 0 0 0 0 0 3 0 0 0 0 0 0 0 0 0 0 0 0 0 0 0 0 0 0 0 0 0 1 1 0 0 0 0 0 0 0 0 0 0 0 0 2 0 0 0 0 0 0 0 0 0 0 0 0 0 0 0 0 0 0 0 0 0 0 0 0 0 0 0 0 0 0 0 0 0 0 0 0 0 0 0 0 0 0 0 0 0 0 0 0 0 0 0 0 0 0 0 0 0 0 0 0 0 0 0 0 0 0 0 0 0 0 0 0 0 0 0 0 0 0 0 0 0 0 0 0 0 0 0 0 0 0 0 0 0 0 0 0 0 0 0 0 0 0 0
0 0 0 0 0 0 0 0 0 1 3 0 0 0 0 0 0 0 0 0 0 0 0 0 0 0 0 0 0 0 0 0 0 0 0 0 0 1 0 0 0 0 0 0 0 0 0 1 0 0 0 0 0 0 0 0 0 0 0 0 0 0 0 0 0 0 0 0 0 0 0 0 0 0 0 0 0 0 0 0 0 0 0 0 0 0 0 0 0 0 0 0 0 0 0 0 0 0 0 0 0 0 0 0 0 0 0 0 0 0 0 0 0 0 0 0 0 0 0 0 0 0 0 0 0 0 0 0 0 0 0 0 0 0 0 0 0 0 0 0 0 0 0 0 0 0 0 0 0 0
0 0 0 0 0 0 0 0 1 1 2 0 0 0 0 0 0 0 0 0 0 0 0 0 0 0 0 0 0 0 0 0 0 0 0 0 0 0 0 0 0 0 0 0 0 0 0 0 0 0 0 0 0 0 0 1 0 0 0 0 0 0 0 0 0 0 0 0 0 0 0 0 0 0 0 0 0 0 0 0 0 0 0 0 0 0 0 0 0 0 0 0 0 0 0 0 0 0 0 0 0 0 0 0 0 0 0 0 0 0 0 0 0 0 0 0 0 0 0 0 0 0 0 0 0 0 0 0 0 0 0 0 0 0 0 0 0 0 0 0 0 0 0 0 0 0 0 0 0 0
0 0 0 0 0 0 0 0 11 25 1 0 0 0 0 0 0 0 0 0 0 0 0 0 0 0 0 0 0 0 0 0 0 0 0 0 0 0 0 0 0 0 0 0 0 0 0 0 0 1 1 0 0 0 0 0 0 0 0 0 0 0 0 0 0 0 0 0 0 0 0 0 0 0 0 0 0 0 0 0 0 0 0 0 0 0 0 0 0 0 0 0 0 0 0 0 0 0 0 0 0 0 0 0 0 0 0 0 0 0 0 0 0 0 0 0 0 0 0 0 0 0 0 0 0 0 0 0 0 0 0 0 0 0 0 0 0 0 0 0 0 0 0 0 0 0 0 0 0 0
0 0 0 0 1 0 9 43 9 0 0 0 0 0 0 0 0 0 0 0 0 0 0 0 0 0 0 0 0 0 0 0 0 0 0 0 0 0 0 0 0 0 0 0 0 0 0 0 0 30 38 0 0 0 0 0 0 0 0 0 0 0 0 0 0 0 0 0 0 0 0 0 0 0 0 0 0 0 0 0 0 0 0 0 0 0 0 0 0 0 0 0 0 0 0 0 0 0 0 0 0 0 0 0 0 0 0 0 0 0 0 0 0 0 0 0 0 0 0 0 0 0 0 0 0 0 0 0 0 0 0 0 0 0 0 0 0 0 0 0 0 0 0 0 0 0 0 0 0 0
4 0 0 0 0 0 6 16 0 0 0 0 0 0 0 0 0 0 0 0 0 0 0 0 0 0 0 0 0 0 0 0 0 0 0 0 0 0 0 0 0 0 0 0 0 0 0 0 0 0 0 0 0 0 0 0 0 0 0 0 0 0 0 0 0 0 0 0 0 0 0 0 0 0 0 0 0 0 0 0 0 0 0 0 0 0 0 0 0 0 0 0 0 0 0 0 0 0 0 0 0 0 0 0 0 0 0 0 0 0 0 0 0 0 0 0 0 0 0 0 0 0 0 0 0 0 0 0 0 0 0 0 0 0 0 0 0 0 0 0 0 0 0 0 0 0 0 0 0 0
0 0 0 0 0 0 0 0 0 0 0 0 0 0 0 0 0 0 0 0 0 0 0 0 0 0 0 0 0 0 0 0 0 0 0 0 0 0 0 0 0 0 0 0 0 0 0 0 0 0 0 0 5 16 0 0 0 0 0 0 0 0 0 0 0 0 0 0 0 0 0 0 0 0 0 0 0 0 0 0 0 0 0 0 0 0 0 0 0 0 0 0 0 0 0 0 0 0 0 0 0 0 0 0 0 0 0 0 0 0 0 0 0 0 0 0 0 0 0 0 0 0 0 0 0 0 0 0 0 0 0 0 0 0 0 0 0 0 0 0 0 0 0 0 0 0 0 0 0 0
0 0 0 0 0 0 0 0 0 0 0 0 0 0 0 0 0 0 0 0 0 0 0 0 0 0 0 0 0 0 0 0 0 0 0 0 0 0 0 0 0 0 0 0 0 0 0 0 0 0 0 0 1 1 0 0 0 0 0 0 0 0 0 0 0 0 0 0 0 0 0 0 0 0 0 0 0 0 0 0 0 0 0 0 0 0 0 0 0 0 0 0 0 0 0 0 0 0 0 0 0 0 0 0 0 0 0 0 0 0 0 0 0 0 0 0 0 0 0 0 0 0 0 0 0 0 0 0 0 0 0 0 0 0 0 0 0 0 0 0 0 0 0 0 0 0 0 0 0 0
0 0 0 0 0 0 0 0 0 0 0 0 0 0 0 0 0 0 0 0 0 0 0 0 0 0 0 0 0 0 0 0 0 0 0 0 0 10 0 0 0 0 0 0 0 0 0 0 0 0 0 0 0 0 0 0 0 0 0 0 0 0 0 0 0 0 0 0 0 0 0 0 0 0 0 0 0 0 0 0 0 0 0 0 0 0 0 0 0 0 0 0 0 0 0 0 0 0 0 0 0 0 0 0 0 0 0 0 0 0 0 0 0 0 0 0 0 0 0 0 0 0 0 0 0 0 0 0 0 0 0 0 0 0 0 0 0 0 0 0 0 0 0 0 0 0 0 0 0 0
0 0 0 0 0 0 0 0 0 0 0 0 0 0 0 0 0 0 0 0 0 0 0 0 0 0 0 0 0 0 0 0 0 0 0 0 0 0 0 0 0 0 0 0 0 0 0 0 0 0 0 0 0 0 0 0 0 0 0 0 0 0 0 0 0 0 0 0 0 0 0 0 0 0 0 0 0 0 0 0 0 0 0 0 0 0 0 0 0 0 0 0 0 0 0 0 0 0 0 0 0 0 0 0 0 0 0 0 0 0 0 0 0 0 0 0 0 0 0 0 0 0 0 0 0 0 0 0 0 0 0 0 0 0 0 0 0 0 0 0 0 0 0 0 0 0 0 0 0 0
0 0 0 0 0 0 0 0 0 0 0 0 0 0 0 0 0 0 0 0 0 0 0 0 0 0 0 0 0 0 1 0 2 0 0 0 0 0 0 0 0 0 0 0 0 0 0 0 0 0 0 0 0 3 0 0 0 0 0 0 0 0 0 0 0 0 0 0 0 0 0 0 0 0 0 0 0 0 0 0 0 0 0 0 0 0 0 0 0 0 0 0 0 0 0 0 0 0 0 0 0 0 0 0 0 0 0 0 0 0 0 0 0 0 0 0 0 0 0 0 0 0 0 0 0 0 0 0 0 0 0 0 0 0 0 0 0 0 0 0 0 0 0 0 0 0 0 0 0 0
0 0 0 0 0 0 0 0 0 0 0 0 0 0 0 0 0 0 0 0 0 0 0 0 0 0 0 0 0 0 4 5 0 0 0 0 0 0 0 0 0 0 0 0 0 0 0 0 0 0 0 0 0 0 0 0 0 0 0 0 0 0 0 0 0 0 0 0 0 0 0 0 0 0 0 0 0 0 0 0 0 0 0 0 0 0 0 0 0 0 0 0 0 0 0 0 0 0 0 0 0 0 0 0 0 0 0 0 0 0 0 0 0 0 0 0 0 0 0 0 0 0 0 0 0 0 0 0 0 0 0 0 0 0 0 0 0 0 0 0 0 0 0 0 0 0 0 0 0 0
0 0 0 0 0 0 0 0 0 0 0 0 0 0 0 0 0 0 0 0 0 0 0 0 0 0 0 0 0 0 2 2 0 0 0 0 1 0 0 0 0 0 0 0 0 0 0 0 0 0 0 0 0 0 0 0 0 0 0 0 0 0 0 0 0 0 0 0 0 0 0 0 0 0 0 0 0 0 0 0 0 0 0 0 0 0 0 0 0 0 0 0 0 0 0 0 0 0 0 0 0 0 0 0 0 0 0 0 0 0 0 0 0 0 0 0 0 0 0 0 0 0 0 0 0 0 0 0 0 0 0 0 0 0 0 0 0 0 0 0 0 0 0 0 0 0 0 1 0 0
0 0 0 0 0 0 0 0 0 0 0 0 0 0 0 0 0 0 0 0 0 0 0 0 0 0 0 0 0 1 0 0 0 0 0 0 0 0 0 0 0 0 0 0 0 0 0 0 0 0 0 0 0 0 0 0 0 0 0 0 0 0 0 0 0 0 0 0 0 0 0 0 0 0 0 0 0 0 0 0 0 0 0 0 0 0 0 0 0 0 0 0 0 0 0 0 0 0 0 0 0 0 0 0 0 0 0 0 0 0 0 0 0 0 0 0 0 0 0 0 0 0 0 0 0 0 0 0 0 0 0 0 0 0 0 0 0 0 0 0 0 0 0 0 0 0 0 0 0 0
0 0 0 0 0 0 0 0 0 0 0 0 0 0 0 0 0 0 0 0 0 0 0 0 0 0 0 0 0 70 30 0 0 0 0 0 0 0 0 0 0 0 0 0 0 0 0 0 0 0 0 0 0 0 0 0 0 0 0 0 0 0 0 0 0 0 0 0 0 0 0 0 0 0 0 0 0 0 0 0 0 0 0 0 0 0 0 0 0 0 0 0 0 0 0 0 0 0 0 0 0 0 0 0 0 0 0 0 0 0 0 0 0 0 0 0 0 0 0 0 0 0 0 0 0 0 0 0 0 0 0 0 0 0 0 0 0 0 0 0 0 0 0 0 0 0 0 0 0 0
0 0 0 0 0 0 0 0 0 0 0 0 0 0 0 0 0 0 0 0 0 0 0 0 0 0 5 0 0 0 0 0 0 0 0 0 0 0 0 0 0 0 0 0 0 0 0 0 0 25 0 0 0 0 0 0 0 0 0 0 0 0 0 0 0 0 0 0 0 0 0 0 0 0 0 0 0 0 0 0 0 0 0 0 0 0 0 0 0 0 0 0 0 0 0 0 0 0 0 0 0 0 0 0 0 0 0 0 0 0 0 0 0 0 0 0 0 0 0 0 0 0 0 0 0 0 0 0 0 0 0 0 0 0 0 0 0 0 0 0 0 0 0 0 0 0 0 0 0 0
0 0 0 0 0 0 0 0 0 0 0 0 0 0 0 0 0 0 0 0 0 0 0 0 0 0 12 0 0 0 0 0 0 0 0 0 0 0 0 0 0 0 0 0 0 0 0 0 7 0 0 0 0 0 0 0 0 0 0 0 0 0 0 0 0 0 0 0 0 0 0 0 0 0 0 0 0 0 0 0 0 0 0 0 0 0 0 0 0 0 0 0 0 0 0 0 0 0 0 0 0 0 0 0 0 0 0 0 0 0 0 0 0 0 0 0 0 0 0 0 0 0 0 0 0 0 0 0 0 0 0 0 0 0 0 0 0 0 0 0 0 0 0 0 0 0 0 0 0 0
0 0 0 0 0 0 0 0 0 0 0 0 0 0 0 0 0 0 0 0 0 0 0 0 0 0 0 0 5 0 0 0 0 0 0 0 0 0 0 0 0 0 0 0 0 0 0 0 0 0 0 0 0 0 0 0 0 0 0 0 0 0 0 0 0 0 0 0 0 0 0 0 0 0 0 0 0 0 0 0 0 0 0 0 0 0 0 0 0 0 0 0 0 0 0 0 0 0 0 0 0 0 0 0 0 0 0 0 0 0 0 0 0 0 0 0 0 0 0 0 0 0 0 0 0 0 0 0 0 0 0 0 0 0 0 0 0 0 0 0 0 0 0 0 0 0 0 0 0 0
0 0 0 0 0 0 0 0 0 0 0 0 0 0 0 0 0 0 0 0 0 0 0 0 0 0 0 0 0 0 0 0 0 0 0 0 0 0 0 0 0 0 0 0 0 0 0 0 0 0 0 0 0 0 0 0 0 0 0 0 0 0 0 0 0 0 0 0 0 0 0 0 0 0 0 0 0 0 0 0 0 0 0 0 0 0 0 0 0 0 0 0 0 0 0 0 0 0 0 0 0 0 0 0 0 0 0 0 0 0 0 0 0 0 0 0 0 0 0 0 0 0 0 0 0 0 0 0 0 0 0 0 0 0 0 0 0 0 0 0 0 0 0 0 0 0 0 0 0 0
0 0 0 0 0 0 0 0 0 0 0 0 0 0 0 0 0 0 0 0 0 0 0 0 0 0 0 0 0 0 0 0 0 0 0 0 0 0 0 0 0 0 0 0 0 0 0 0 0 0 0 0 0 0 0 0 0 0 0 0 0 0 0 0 0 0 0 0 0 0 0 0 0 0 0 0 0 0 0 0 0 0 0 0 0 0 0 0 0 0 0 0 0 0 0 0 0 0 0 0 0 0 0 0 0 0 0 0 0 0 0 0 0 0 0 0 0 0 0 0 0 0 0 0 0 0 0 0 0 0 0 0 0 0 0 0 0 0 0 0 0 0 0 0 0 0 0 0 0 0
0 0 0 0 0 0 0 0 0 0 0 0 0 0 0 0 0 0 0 0 0 0 0 0 0 0 0 0 0 0 0 0 0 0 0 0 0 0 0 0 0 0 0 0 0 0 0 0 0 0 0 0 0 0 0 0 0 0 0 0 0 0 0 0 0 0 0 0 0 0 0 0 0 0 0 0 0 0 0 0 0 0 0 0 0 0 0 0 0 0 0 0 0 0 0 0 0 0 0 0 0 0 0 0 0 0 0 0 0 0 0 0 0 0 0 0 0 0 0 0 0 0 0 0 0 0 0 0 0 0 0 0 0 0 0 0 0 0 0 0 0 0 0 0 0 0 0 0 0 0
0 0 0 0 0 0 0 0 0 0 0 0 0 0 0 0 0 0 0 0 0 0 0 0 0 0 0 0 0 0 0 0 0 0 0 0 0 0 0 0 0 0 0 0 0 0 0 0 0 0 0 0 0 0 0 0 0 0 0 0 0 0 0 0 0 0 0 0 0 0 0 0 0 0 0 0 0 0 0 0 0 0 0 0 0 0 0 0 0 0 0 0 0 0 0 0 0 0 0 0 0 0 0 0 0 0 0 0 0 0 0 0 0 0 0 0 0 0 0 0 0 0 0 0 0 0 0 0 0 0 0 0 0 0 0 0 0 0 0 0 0 0 0 0 0 0 0 0 0 0
0 0 0 0 0 0 0 0 0 0 0 0 0 0 0 0 0 0 0 0 0 0 0 0 0 0 0 0 0 0 0 0 0 0 0 0 0 0 0 0 0 0 0 0 0 0 0 0 0 0 0 0 0 0 0 0 0 0 0 0 0 0 0 0 0 0 0 0 0 0 0 0 0 0 0 0 0 0 0 0 0 0 0 0 0 0 0 0 0 0 0 0 0 0 0 0 0 0 0 0 0 0 0 0 0 0 0 0 0 0 0 0 0 0 0 0 0 0 0 0 0 0 0 0 0 0 0 0 0 0 0 0 0 0 0 0 0 0 0 0 0 0 0 0 0 0 0 0 0 0
