0 0 17 0 0 0 0 1 8 51 2 1 0 4 0 0 0 3 3 0 1 3 0 0 0 10 0 0 0 0 0 0 0 0 2 5 0 0 0 6 0 0 0 0 0 0 0 0 0 0 0 0 0 0 1 1 0 0 1 2 21 9 16 3 0 1 1 0 0 0 0 1 4 77 177 143 57 9 18 0 13 116 18 16 19 85 119 80 19 149 504 346 25 382 287 336 561 394 463 123 72 34 13 4 12 20 25 269 134 30 4 13 11 67 18 21 11 0 0 0 4 27 13 6 3 15 0 1 4 2 0 16 1 2 4 0 0 0 0 0 4 0 0 0 0 0 0 0 0 8
0 0 3 3 0 0 0 0 0 11 13 6 2 0 0 0 0 0 5 0 0 0 6 0 4 6 0 0 0 0 0 0 0 0 0 0 0 0 2 1 0 0 0 0 0 0 0 0 0 0 0 0 0 0 2 0 0 0 0 17 50 5 1 137 0 0 0 0 0 0 0 0 24 13 12 2 99 27 2 1 60 19 10 3 47 143 256 46 140 167 26 16 211 190 118 83 255 237 556 298 157 129 38 3 7 4 1 159 14 9 2 7 0 6 9 10 3 1 5 5 0 1 2 2 1 1 0 4 8 26 16 1 29 35 1 0 0 0 1 20 14 0 0 0 1 0 0 0 0 0
0 0 0 0 3 0 0 0 0 7 1 0 17 3 0 0 0 0 2 0 1 10 36 9 1 0 0 5 0 0 0 0 0 0 0 1 0 0 0 3 0 0 0 0 0 0 0 0 0 0 0 0 0 0 0 0 0 1 0 2 20 1 0 1 0 0 0 0 0 0 0 0 0 0 0 0 4 19 43 142 25 11 16 8 15 100 459 63 9 4 26 21 48 170 280 462 55 245 86 173 227 197 5 29 5 23 0 16 85 53 7 19 1 2 3 0 6 30 2 14 54 5 5 1 2 0 0 2 0 7 4 4 94 62 0 0 2 0 2 4 9 3 0 0 0 0 0 0 0 0
10 0 0 0 0 0 0 0 0 1 9 0 0 0 0 0 0 0 1 6 0 0 2 16 3 0 2 12 4 0 3 0 0 0 0 0 0 1 0 0 0 0 0 0 0 0 0 0 0 0 4 0 0 0 27 11 0 12 10 1 0 6 1 1 0 0 0 0 0 0 1 23 8 1 0 1 9 21 78 48 91 14 21 41 84 3 23 86 0 73 444 430 662 367 540 204 51 64 300 194 212 286 79 9 9 69 8 11 120 121 9 7 19 13 0 2 13 25 32 6 11 43 16 6 2 2 0 0 17 1 1 18 12 0 2 1 5 1 0 7 38 6 0 0 0 0 0 0 0 0
0 6 1 0 0 0 0 1 1 1 1 0 0 0 0 6 2 0 1 3 1 0 2 0 1 0 0 0 1 1 1 0 0 1 0 9 20 0 1 0 0 0 0 0 0 0 0 0 0 0 0 0 0 0 20 100 11 22 0 0 1 3 0 5 0 0 0 0 0 5 104 24 36 127 10 19 17 54 103 89 63 141 112 43 100 53 23 32 6 314 759 571 266 378 183 86 112 255 120 441 424 399 403 344 155 98 41 29 4 7 8 18 20 11 3 2 1 2 50 22 89 322 109 1 0 1 1 0 1 1 0 2 0 0 0 0 0 0 0 1 17 10 0 0 0 0 0 0 0 0
3 0 0 0 0 0 0 0 3 0 0 0 0 0 0 0 0 0 6 22 0 2 0 0 0 0 0 0 0 0 1 2 0 0 2 25 18 14 0 0 0 0 0 0 0 0 0 0 0 3 21 10 0 2 2 23 11 3 7 1 0 0 0 1 0 0 0 0 0 34 45 47 66 139 44 18 12 15 44 131 129 166 181 14 1 62 42 11 3 119 868 385 32 123 310 193 52 967 204 267 315 242 532 331 17 70 9 28 0 1 1 1 2 8 1 8 5 2 0 5 64 364 1 1 0 2 0 1 2 0 6 0 0 0 0 0 2 0 0 0 0 4 0 0 0 0 0 0 0 0
0 0 0 0 0 0 0 0 0 5 2 0 0 0 0 0 0 0 0 0 1 0 0 0 0 0 0 0 0 0 0 0 0 0 0 12 0 5 3 0 0 0 0 0 0 0 0 0 0 0 1 1 2 0 1 14 6 0 11 22 2 0 1 0 5 1 0 0 2 26 25 34 79 126 139 45 246 53 160 160 384 242 484 185 28 5 2 71 26 32 774 525 24 284 407 193 189 249 237 30 7 358 47 70 10 11 35 3 4 5 16 176 88 2 9 12 0 0 5 5 22 59 5 0 0 1 15 1 0 0 3 0 0 0 0 1 0 3 0 0 0 3 1 0 0 0 0 0 0 0
0 0 0 0 0 0 0 0 1 0 0 0 0 0 0 0 0 0 0 0 0 0 0 0 0 0 0 0 0 0 4 0 0 0 0 0 0 0 27 0 0 0 0 0 0 0 0 0 0 0 0 0 0 4 5 1 0 8 30 11 26 13 28 1 5 7 0 0 0 28 1 0 7 14 20 19 28 126 239 319 470 230 361 127 54 57 48 266 136 38 172 50 9 145 380 144 113 406 601 114 116 181 205 221 110 125 13 18 53 10 122 237 27 20 12 49 0 0 4 3 5 3 5 0 2 0 22 1 12 0 0 0 0 0 0 0 0 1 0 0 0 0 0 0 0 0 0 0 0 0
1 0 0 0 0 0 16 0 0 1 0 0 0 2 4 0 0 0 0 0 0 0 0 0 0 0 0 0 0 0 1 0 0 0 0 0 0 0 0 1 0 0 0 0 0 0 0 0 0 0 0 0 1 5 0 0 0 5 2 15 155 83 3 0 2 12 0 1 0 16 0 0 0 1 0 2 1 8 32 249 251 340 523 27 1 1 185 213 188 41 5 4 148 526 598 696 32 208 122 73 190 42 24 224 315 76 76 147 12 13 327 59 107 12 16 0 1 2 0 70 3 4 5 8 8 0 0 0 1 0 2 1 0 0 0 0 0 0 0 0 0 0 0 0 0 0 0 0 0 0
0 0 0 0 0 0 0 0 4 4 0 0 0 0 0 0 0 0 0 0 0 0 0 0 0 0 0 0 0 0 0 0 0 0 0 0 0 0 3 2 0 0 0 0 0 0 0 1 2 2 2 0 7 4 0 1 1 0 0 4 24 69 11 3 0 1 16 3 0 2 0 0 0 0 0 5 3 8 82 287 391 295 247 146 515 373 108 45 48 101 30 1 1 240 435 733 245 37 33 14 34 38 9 5 27 119 136 87 28 2 180 173 120 7 1 91 186 245 120 11 25 5 7 12 6 8 8 3 0 7 25 2 0 0 0 0 0 0 0 0 0 0 0 0 0 0 0 0 0 0
0 2 6 0 0 0 4 0 4 0 1 0 0 0 0 4 1 0 1 0 0 0 0 0 0 0 0 0 0 0 0 0 0 0 0 5 0 1 1 0 0 5 0 0 0 0 2 7 3 7 3 0 4 0 0 0 0 1 5 4 0 32 2 6 0 1 0 0 0 2 0 0 0 0 0 0 1 6 51 181 198 166 154 98 223 124 71 185 219 128 7 1 0 73 173 304 379 10 3 66 25 24 0 5 27 74 346 124 69 54 170 68 132 6 1 58 150 374 112 75 84 87 180 67 42 180 47 31 19 7 3 24 10 18 6 0 0 0 0 0 0 0 0 0 0 0 0 0 0 0
0 0 0 0 0 0 0 0 1 1 0 0 0 0 0 0 3 1 0 0 1 0 0 0 0 0 0 0 0 0 0 0 1 0 2 0 0 0 4 0 1 6 1 0 0 0 3 0 0 0 0 0 0 0 8 0 0 0 0 0 0 1 0 0 0 0 0 1 0 0 1 3 0 0 0 0 14 11 164 165 298 64 5 10 45 63 5 14 50 245 13 0 0 3 2 39 447 141 157 5 0 8 5 21 7 29 182 91 5 33 68 74 21 24 16 129 315 114 242 282 121 315 63 30 61 105 0 0 0 15 1 0 37 12 18 0 0 0 0 0 0 0 0 0 0 0 0 0 0 0
0 0 0 0 0 1 0 0 0 5 0 0 0 0 0 0 0 2 4 1 2 2 0 0 0 0 0 0 0 1 0 0 0 0 0 1 0 0 0 0 0 0 52 0 6 0 0 8 0 0 0 0 2 0 21 0 0 0 0 0 0 4 0 0 0 3 1 0 0 0 9 0 0 0 0 3 46 14 109 14 44 102 10 0 6 6 0 0 0 8 0 0 3 18 24 4 284 153 313 242 0 0 16 6 6 0 8 105 189 156 547 245 50 438 132 2 15 37 517 518 94 267 163 2 35 29 8 0 17 6 0 0 4 6 0 0 0 0 0 0 0 0 0 0 0 0 0 0 0 0
0 0 0 0 0 0 1 2 0 1 0 0 0 0 0 0 0 1 23 8 0 1 0 0 0 0 0 0 0 2 15 1 0 0 0 0 1 0 0 0 0 0 0 27 15 0 0 0 0 0 1 15 0 0 0 0 0 0 3 0 4 4 8 1 0 0 11 8 4 9 34 0 0 0 2 94 238 182 66 8 16 277 22 5 4 39 2 0 1 14 1 0 0 28 3 9 39 313 87 80 1 4 211 49 251 56 44 220 96 220 442 374 401 121 114 99 147 63 401 267 58 13 0 0 0 11 5 0 0 1 0 0 0 0 0 0 0 0 0 0 0 0 0 0 0 0 0 0 0 0
0 0 0 0 0 0 0 1 0 0 0 0 0 0 0 0 0 0 1 0 7 0 0 0 0 0 0 0 0 0 0 0 0 0 0 0 0 0 0 0 0 0 0 3 17 0 0 0 0 8 6 11 0 0 2 0 5 11 3 7 33 8 0 6 3 109 61 55 99 99 39 0 1 0 11 236 485 447 189 12 0 58 16 1 2 6 5 4 0 15 3 9 0 0 0 1 73 163 170 175 1 27 201 226 662 702 631 634 549 372 480 320 273 286 312 103 73 47 26 44 37 46 8 9 0 3 6 3 3 1 0 0 0 0 0 0 0 0 0 0 0 0 0 0 0 0 0 0 0 0
0 0 0 0 0 0 0 10 116 0 0 0 0 0 0 0 0 0 0 4 0 1 4 1 0 0 0 0 0 0 0 0 0 0 0 0 0 0 0 0 0 0 0 0 0 8 0 0 0 5 63 53 0 2 0 7 26 25 3 35 3 7 1 6 17 15 143 33 16 59 73 10 45 53 276 502 843 349 33 6 1 1 0 0 0 0 16 22 2 23 1 6 0 0 2 6 24 8 8 13 6 0 655 388 312 285 388 138 322 347 352 352 231 128 189 26 11 249 66 31 11 1 47 148 24 23 1 0 2 1 1 0 0 0 1 2 0 0 0 0 0 0 0 0 0 0 0 0 0 0
0 0 0 0 0 0 0 3 0 0 0 0 1 0 0 0 3 3 0 0 1 0 4 7 9 8 0 0 0 0 0 0 0 0 0 0 0 0 0 0 0 0 0 0 0 12 1 2 0 3 15 1 0 4 3 13 27 47 24 16 0 2 1 0 0 0 0 0 0 0 0 0 26 9 121 250 172 113 16 0 0 0 0 0 0 0 0 11 24 5 0 0 1 0 1 39 9 0 66 41 14 94 400 358 173 154 120 57 122 315 326 122 278 53 85 31 14 23 24 1 0 1 16 21 9 125 0 10 6 0 0 0 0 0 0 0 0 0 0 0 0 0 0 0 0 0 0 0 1 0
0 0 0 0 0 1 0 1 0 0 0 0 0 0 0 0 0 0 0 9 1 0 0 0 6 0 3 6 0 0 0 0 0 0 0 0 6 0 0 0 0 0 0 1 0 19 27 0 0 20 19 15 7 18 15 5 21 14 147 3 1 0 0 0 2 2 8 19 1 20 13 8 33 21 13 35 5 37 25 3 0 0 0 3 0 0 0 4 59 1 0 17 61 28 2 14 9 0 6 300 75 95 64 31 56 208 154 85 259 166 61 26 18 92 41 6 45 67 3 1 0 0 11 13 57 223 94 3 1 2 0 0 0 0 0 0 0 0 0 0 0 0 0 0 0 0 0 0 0 0
0 0 0 1 0 1 0 0 0 0 0 0 2 0 0 0 1 0 0 3 0 1 2 0 1 1 37 20 10 0 0 0 0 0 0 0 0 0 0 0 0 0 0 4 12 3 6 20 25 164 47 10 10 6 7 11 64 41 21 9 25 8 0 0 0 0 3 2 0 2 9 4 14 2 1 17 22 16 4 3 2 0 1 6 0 4 5 3 4 0 4 25 33 106 8 1 0 10 129 4 80 115 23 3 23 92 54 494 253 0 0 26 1 200 22 0 2 0 0 0 0 0 0 5 7 87 68 152 1 0 0 0 0 0 0 0 0 0 0 0 0 0 0 0 0 0 0 0 0 0
0 0 0 0 0 0 0 0 0 0 0 0 0 1 0 0 0 0 1 1 0 5 24 4 0 0 1 11 69 1 0 2 0 0 0 0 0 0 0 0 0 0 5 7 0 36 31 1 1 84 21 3 2 0 16 0 33 68 0 0 0 0 0 0 0 4 0 0 7 6 48 12 3 0 0 5 5 0 1 0 0 0 0 0 1 13 1 0 4 2 5 1 1 1 0 3 0 3 3 1 537 607 287 42 22 45 63 150 60 1 0 0 0 57 8 0 0 0 0 0 0 0 0 3 7 1 2 51 71 0 0 0 0 0 0 0 0 0 0 0 0 0 0 0 0 0 0 0 0 0
0 0 0 0 0 0 0 0 0 0 0 0 0 1 0 0 0 0 2 0 0 0 3 2 0 13 0 0 0 1 0 7 0 0 0 0 0 0 0 1 2 8 6 6 3 6 3 15 21 82 102 28 10 8 5 3 12 1 5 0 1 1 2 7 48 24 2 0 1 4 26 9 3 0 1 27 151 38 1 6 2 16 2 1 0 0 0 1 15 2 10 1 0 0 1 0 0 0 151 163 744 636 205 41 0 5 32 61 1 0 0 0 0 0 0 0 0 0 0 0 0 0 0 2 0 0 6 115 0 0 0 0 0 0 0 0 0 0 0 0 0 0 0 0 0 0 0 0 0 0
0 0 0 0 0 0 0 0 0 0 0 0 0 0 0 0 0 0 0 0 0 2 2 0 4 2 0 0 0 0 38 13 3 2 0 0 0 2 0 0 60 41 0 0 0 0 0 6 167 326 125 53 11 0 0 0 0 3 0 0 1 0 0 0 7 2 13 0 0 38 5 1 5 0 0 3 55 21 16 18 10 37 6 7 4 0 3 1 134 13 8 0 1 4 1 1 2 0 33 197 74 28 8 2 3 1 28 42 0 0 0 0 1 17 0 0 0 0 0 0 0 0 0 0 0 9 6 0 0 5 0 0 0 0 0 0 0 0 0 0 0 0 0 0 0 0 0 0 0 0
0 0 0 0 0 0 0 0 0 0 0 0 0 0 3 0 0 0 0 0 0 3 0 0 1 0 0 0 0 0 0 0 22 15 1 0 5 50 2 10 1 0 0 0 0 0 10 4 21 213 132 41 18 0 0 0 0 0 1 0 0 0 0 0 3 2 5 0 0 1 6 5 14 0 2 0 2 0 9 8 3 24 11 0 0 5 8 0 0 0 0 1 0 0 0 1 3 0 0 0 4 1 2 21 9 21 18 13 45 54 12 1 7 0 0 0 0 0 0 0 0 0 0 1 11 35 23 0 0 0 0 0 0 0 0 0 0 0 0 0 0 0 0 0 0 0 0 0 0 0
0 0 0 0 0 0 0 0 0 0 0 0 0 1 0 0 0 3 0 0 1 0 0 0 0 0 0 0 0 0 0 2 28 7 2 1 3 9 6 1 0 0 0 0 1 25 5 29 1 116 55 4 1 1 0 0 1 3 0 0 0 0 0 0 0 0 1 0 0 0 0 3 53 36 1 13 0 0 0 0 0 1 28 50 4 0 1 0 0 0 0 0 0 0 0 0 0 0 0 1 0 0 1 30 14 12 8 0 5 5 0 64 10 0 0 0 0 0 0 0 0 0 0 1 3 5 15 27 0 0 0 0 0 0 0 0 0 0 0 0 0 0 0 0 0 0 0 0 0 0
0 0 0 0 0 0 0 0 0 0 0 0 0 5 0 0 0 1 0 0 1 0 0 0 0 0 1 0 0 0 0 0 3 9 56 0 0 17 1 0 0 0 0 9 11 8 5 0 1 8 49 12 9 6 12 1 0 1 0 0 0 0 0 0 0 0 0 8 1 3 0 0 2 8 17 1 0 0 0 0 0 2 4 21 7 2 1 0 0 4 0 6 0 0 0 0 1 1 0 0 4 2 1 10 215 0 0 1 0 0 0 7 0 0 0 1 0 0 0 0 0 0 0 0 0 11 13 3 0 0 0 0 0 0 0 0 8 0 0 0 0 0 0 0 0 0 0 0 0 0
0 0 0 0 0 0 0 0 0 0 0 0 0 0 7 2 1 0 0 0 0 2 0 1 0 0 0 2 0 0 0 0 3 10 14 1 0 11 0 0 0 0 0 4 31 3 0 0 5 1 29 1 0 0 0 3 2 0 0 0 0 0 0 0 2 2 0 0 0 0 2 4 0 3 0 1 5 0 0 0 1 0 0 1 1 11 0 6 0 5 0 0 2 0 0 0 0 1 0 2 4 3 4 36 130 98 0 0 0 0 0 4 0 1 3 0 0 0 0 0 0 0 0 0 0 9 1 25 0 0 0 0 0 0 0 0 3 24 0 0 0 0 0 0 0 0 0 0 0 0
0 0 0 0 0 0 0 0 0 0 3 0 0 0 5 2 0 1 0 0 0 1 1 3 0 0 0 3 1 0 0 1 0 2 4 3 0 0 0 0 0 9 0 2 45 4 0 1 0 1 19 3 1 0 1 0 0 0 0 0 0 0 0 0 2 0 0 2 2 0 9 3 0 0 0 0 4 0 0 0 0 0 8 2 0 4 1 9 2 0 1 1 0 0 0 3 0 0 0 0 5 2 0 1 13 145 17 0 0 0 0 0 0 3 8 3 0 0 1 0 0 0 0 0 5 34 2 1 0 0 0 0 0 0 0 0 1 2 0 0 0 0 0 0 0 0 0 0 0 0
0 0 0 0 0 0 0 0 2 0 0 0 0 0 0 2 5 11 3 0 0 6 3 0 0 0 0 4 0 1 1 0 0 4 1 0 0 7 7 3 13 31 4 41 68 1 2 0 0 2 0 14 8 1 0 1 0 0 0 0 0 0 0 0 0 0 0 0 0 10 29 8 1 2 0 2 0 1 0 0 0 0 0 0 0 0 0 4 2 0 5 0 0 0 0 0 1 0 0 0 0 2 4 0 3 351 254 7 0 0 0 0 0 2 0 0 0 58 18 2 0 0 0 43 34 13 28 54 31 1 0 0 0 0 0 1 1 0 0 0 0 0 0 0 0 0 0 0 0 0
0 0 0 0 0 1 0 0 0 1 0 0 10 1 2 1 13 12 1 2 0 2 1 1 0 0 0 0 3 1 0 2 0 0 1 2 1 13 25 68 89 230 96 137 49 3 0 0 0 0 0 0 8 3 0 0 0 0 0 0 0 0 0 0 0 0 0 0 0 3 1 4 11 0 2 3 1 2 2 0 3 0 0 0 1 0 0 0 2 0 2 0 0 2 4 8 0 0 0 0 0 0 2 3 69 164 109 168 2 0 0 0 0 0 0 0 73 20 5 0 0 0 5 37 69 70 277 196 4 23 0 0 1 4 0 17 0 0 0 0 0 0 0 0 0 0 0 0 0 0
0 0 0 0 0 0 0 1 0 3 7 29 10 0 0 3 2 1 0 0 2 2 16 14 2 0 0 0 0 0 1 0 0 2 9 3 1 1 28 178 301 343 229 244 44 0 0 0 0 0 1 2 27 37 2 2 0 0 0 0 0 0 0 0 0 0 0 0 0 0 0 0 0 0 0 0 0 2 2 0 0 0 0 0 4 0 0 0 0 0 0 1 2 1 2 2 0 2 0 0 0 3 4 2 3 48 0 73 12 0 0 0 0 0 19 22 234 132 16 16 7 4 3 20 52 10 216 155 165 94 17 23 8 23 0 0 0 0 0 0 0 0 0 0 0 0 0 0 0 0
0 0 0 0 0 0 2 1 1 1 0 1 3 0 2 4 0 0 14 1 0 7 71 18 0 0 0 1 0 0 2 0 0 0 3 4 8 13 15 42 291 187 159 155 12 2 3 0 2 1 0 1 20 2 0 0 0 0 0 0 0 0 0 0 0 0 0 0 0 0 0 0 0 0 0 1 0 5 1 0 4 5 5 1 15 0 0 0 8 11 2 0 5 7 0 0 0 1 0 0 4 1 0 1 1 2 0 0 50 0 0 0 0 0 20 368 169 219 53 77 70 26 23 1 1 0 26 64 0 76 0 319 207 14 5 0 0 0 0 0 0 0 0 0 0 0 0 0 0 0
0 0 0 0 0 0 1 3 0 0 4 4 4 1 0 2 0 0 4 11 159 156 17 0 0 0 0 0 1 3 0 0 2 3 4 0 0 0 0 71 191 114 136 63 34 6 9 0 2 4 1 2 3 6 1 0 0 0 0 0 0 0 0 0 0 0 0 0 0 0 1 0 0 0 0 0 0 1 19 0 3 1 8 165 10 0 0 0 0 0 0 0 3 5 0 0 1 4 0 0 1 0 0 0 0 0 1 16 74 50 102 156 41 32 152 299 229 96 20 174 25 98 9 0 31 15 12 66 0 0 9 75 81 7 41 0 0 0 0 0 0 0 0 0 0 0 0 0 0 0
0 0 0 0 0 1 0 3 0 1 0 0 1 2 1 0 0 0 7 2 42 0 0 0 0 0 0 0 0 3 1 9 9 0 1 1 1 2 17 3 5 47 37 10 1 0 0 0 0 0 0 0 31 1 0 0 0 5 2 0 0 0 0 0 0 0 0 0 0 0 0 0 0 0 0 2 2 16 5 1 0 5 8 0 0 0 0 0 1 0 1 0 0 0 5 6 0 0 0 0 0 0 0 0 0 1 3 6 95 60 62 28 15 102 628 233 167 84 30 169 54 2 0 9 2 9 1 0 0 0 22 89 0 0 0 0 0 0 0 0 0 0 0 0 0 0 0 0 0 0
0 0 0 0 0 3 2 11 0 0 0 0 0 1 6 1 1 2 10 11 6 0 0 0 0 0 0 0 1 1 14 0 4 0 2 0 0 0 7 0 3 1 3 0 0 0 0 0 0 0 0 1 148 4 62 8 7 2 0 0 0 0 0 0 0 0 0 0 0 0 0 0 0 0 0 0 1 2 3 0 0 0 0 0 0 0 0 0 1 0 0 0 0 63 1 0 3 0 0 0 2 0 0 0 0 1 3 20 40 2 0 10 34 91 66 184 51 96 70 50 109 0 0 0 0 0 0 0 0 0 0 42 4 0 0 0 0 0 0 0 0 0 0 0 0 0 0 0 0 0
0 0 0 0 0 0 2 0 0 1 0 0 1 11 4 2 12 5 3 0 13 1 8 0 0 0 0 10 16 3 10 7 2 0 0 1 0 2 3 1 2 13 3 2 1 0 2 0 0 0 0 14 59 31 0 8 1 0 0 0 0 0 0 0 0 0 0 0 0 0 0 0 0 0 0 0 3 1 1 0 0 0 0 0 0 0 0 0 1 0 6 3 18 13 6 0 5 0 0 0 0 0 0 0 0 0 2 27 329 9 0 0 0 0 0 0 0 7 140 226 19 0 0 0 0 1 0 0 0 0 0 0 51 0 0 0 0 0 0 0 0 0 0 0 0 0 0 0 0 0
0 6 0 0 0 1 1 70 1 1 4 3 0 2 1 60 31 14 6 7 0 1 4 1 1 4 1 1 2 1 4 1 2 1 0 0 0 0 0 0 3 2 0 1 0 0 0 0 0 0 0 14 5 20 16 2 1 0 0 0 0 0 0 0 0 0 0 0 0 0 0 0 0 0 0 0 2 25 0 0 0 0 0 0 0 0 0 0 2 0 1 0 1 8 0 0 0 0 1 0 0 0 1 1 0 3 8 10 69 0 0 0 0 0 1 0 0 7 27 115 180 377 0 0 0 17 0 0 0 22 22 5 9 4 0 0 0 0 0 0 0 0 0 0 0 0 0 0 0 0
0 0 0 0 0 2 1 0 0 1 44 3 0 0 5 12 18 7 1 0 0 0 3 0 1 1 1 0 4 0 0 0 0 0 2 1 0 0 0 0 0 77 5 0 1 2 0 1 0 0 0 40 11 13 13 5 1 0 0 0 0 0 0 0 0 0 0 0 0 0 0 0 0 0 0 0 0 5 32 1 0 3 0 0 0 0 2 36 8 0 3 2 2 2 0 4 0 2 1 2 2 3 108 0 1 0 9 8 18 0 0 0 0 3 22 26 76 151 32 135 230 61 0 3 175 27 0 0 0 53 68 0 0 0 0 0 0 0 0 0 0 0 0 0 0 0 0 0 0 0
0 1 0 0 0 0 6 2 2 0 3 54 7 6 0 0 1 4 4 1 0 0 1 3 4 0 0 0 9 0 0 0 3 0 0 0 0 0 0 0 5 5 21 4 1 0 0 0 0 0 0 20 6 1 1 1 0 0 2 0 0 0 0 0 0 0 0 0 0 0 0 0 0 0 0 0 0 4 22 4 0 0 0 0 0 0 0 1 0 1 0 0 6 1 22 0 0 0 0 1 0 0 1 0 4 0 5 7 10 2 0 0 0 0 77 268 374 164 20 12 22 53 63 167 50 0 0 0 1 191 38 0 0 0 0 0 0 0 0 0 0 0 0 0 0 0 0 0 0 0
0 0 3 0 0 0 1 1 0 0 1 11 1 0 1 0 1 0 1 1 3 0 0 0 0 0 2 4 0 0 0 0 0 0 0 0 0 0 21 2 0 0 0 0 1 0 0 1 0 0 1 22 1 0 0 0 0 0 4 1 0 0 0 0 0 0 0 0 0 0 0 0 0 0 0 0 2 1 49 32 5 6 4 0 0 0 1 0 0 0 0 0 0 2 0 0 0 0 0 4 1 0 2 2 2 4 10 6 16 0 0 1 11 3 11 3 4 60 171 107 21 62 226 157 161 70 23 35 275 477 217 0 0 0 0 0 0 0 0 0 0 0 0 0 0 0 0 0 0 0
0 3 1 0 0 1 0 0 0 1 10 2 0 7 55 1 0 0 0 0 0 0 0 0 0 3 9 0 0 0 1 0 2 0 0 0 0 0 0 5 0 0 2 1 0 1 1 2 0 3 2 138 65 2 0 4 1 0 0 0 0 0 0 1 0 0 0 0 0 0 0 0 0 0 0 0 1 8 25 0 0 6 8 0 0 0 0 0 1 1 1 0 3 8 0 2 3 0 0 0 2 0 0 2 5 100 2 0 36 14 0 1 5 1 0 2 5 309 125 287 256 326 326 348 680 384 209 226 386 413 171 0 0 0 0 0 0 0 0 0 0 0 0 0 0 0 0 0 0 0
0 0 0 0 2 0 0 0 35 2 1 1 2 0 2 6 5 0 0 0 0 0 0 0 2 11 1 0 0 0 1 1 1 0 3 1 4 0 0 0 2 0 1 0 1 0 0 0 2 17 284 264 5 60 10 0 0 1 5 2 4 13 0 0 0 0 0 0 0 0 0 0 0 0 0 0 0 0 16 0 0 2 1 0 0 0 0 0 0 1 0 0 19 0 0 3 0 0 0 3 9 1 2 0 24 8 21 8 0 0 0 0 0 7 1 2 1 15 285 832 829 385 133 552 664 363 85 232 208 8 15 1 0 0 0 0 0 0 0 0 0 0 0 0 0 0 0 0 0 0
0 3 0 1 1 0 2 0 10 2 1 0 7 2 2 2 2 0 0 0 0 0 0 0 3 0 0 2 0 0 0 13 10 0 0 0 0 0 0 0 0 0 0 0 0 0 0 0 2 14 293 221 247 264 34 8 0 2 1 0 0 0 0 0 0 0 0 0 0 0 0 0 0 0 0 0 0 0 0 7 0 0 0 0 0 0 0 5 50 0 0 16 0 0 0 0 0 0 0 3 2 0 3 5 0 39 167 9 1 0 1 1 0 8 0 3 10 0 56 262 166 314 242 1318 573 237 106 85 7 263 360 372 0 0 0 0 0 0 0 0 0 0 0 0 0 0 0 0 0 0
0 0 3 9 0 1 5 12 3 0 8 15 2 1 0 0 0 0 0 0 0 0 0 0 0 0 0 0 0 0 0 19 5 2 0 1 0 0 0 0 0 0 0 2 0 0 0 0 1 1 161 224 264 185 29 16 0 0 0 1 0 0 0 0 0 0 0 0 0 0 0 0 0 0 1 1 0 0 0 11 1 2 0 0 0 0 0 9 35 0 2 10 32 0 0 0 0 0 0 1 3 12 2 131 1 4 1 3 0 0 0 0 0 0 0 1 0 1 1 32 285 253 181 332 447 395 209 295 140 266 148 134 0 0 0 0 0 0 0 0 0 0 0 0 0 0 0 0 0 0
4 0 0 3 0 2 3 4 4 0 4 0 1 0 0 0 0 0 0 0 0 0 1 0 0 0 0 0 1 0 1 0 0 0 0 0 0 1 0 0 0 0 0 0 0 0 0 0 6 0 11 65 103 13 12 13 0 0 2 0 1 0 0 0 0 0 0 0 0 0 0 0 0 0 0 0 0 0 1 0 5 30 0 0 0 1 12 17 5 0 3 80 37 7 3 0 0 0 0 10 17 0 8 83 3 0 0 1 5 0 0 0 0 0 1 0 1 10 4 4 55 281 246 174 68 320 309 758 156 137 30 44 0 0 0 0 0 0 0 0 0 0 0 0 0 0 0 0 0 0
0 0 8 0 0 0 10 35 5 5 1 2 0 2 0 0 0 0 0 0 0 0 0 0 0 0 0 0 2 0 0 0 0 0 0 0 0 0 0 0 0 0 0 0 0 3 0 0 2 4 3 11 37 1 6 0 1 21 57 4 0 0 0 0 0 0 0 0 0 0 0 0 0 0 0 0 0 0 0 0 0 1 2 5 2 54 1 0 4 16 88 62 57 1 1 0 0 0 38 9 20 147 98 131 126 24 2 0 7 5 0 0 0 0 0 0 2 15 6 218 180 321 1074 746 506 81 1017 1115 749 0 0 0 0 0 0 0 0 0 0 0 0 0 0 0 0 0 0 0 0 0
2 6 6 0 16 5 1 16 0 0 0 0 0 0 0 0 0 0 0 0 1 0 0 0 0 0 0 0 1 0 0 0 1 0 0 0 0 0 0 0 1 0 0 0 0 0 0 0 2 0 0 3 20 0 1 0 0 0 55 11 2 1 0 0 0 0 0 0 0 0 0 0 0 0 0 0 0 0 0 0 0 1 5 0 0 0 1 1 11 19 96 108 69 4 12 3 1 0 0 1 35 166 158 108 62 18 0 1 0 4 0 0 0 0 2 0 1 171 113 307 183 16 2 48 179 187 275 485 135 0 208 1 0 0 0 0 0 0 0 0 0 0 0 0 0 0 0 0 0 0
1 3 115 0 15 35 17 4 0 1 0 0 1 0 0 2 0 0 0 0 0 2 0 0 0 0 0 0 0 0 0 0 0 0 0 0 0 0 0 0 1 2 0 0 0 1 0 0 0 0 0 6 5 0 1 2 2 1 0 8 1 0 1 0 0 0 0 0 0 0 0 0 0 0 0 0 0 0 0 0 7 33 0 0 14 1 93 3 0 0 0 3 10 2 0 0 0 0 0 18 2 29 391 108 57 102 2 0 19 0 4 0 0 0 0 3 99 176 84 52 0 0 0 0 40 293 61 182 264 1 5 12 0 0 0 0 0 0 0 0 0 0 0 0 0 0 0 0 0 0
1 42 37 31 180 201 212 24 2 0 0 0 0 0 3 0 0 0 0 0 1 4 0 0 0 0 0 0 0 0 0 0 0 0 0 0 0 0 0 0 0 0 0 3 1 1 0 4 0 0 0 5 2 1 0 0 3 0 10 2 1 0 0 0 0 0 0 0 0 0 0 0 0 0 0 0 0 0 5 4 204 0 0 0 5 3 1 96 37 0 0 0 0 0 0 0 0 0 0 0 0 99 382 69 113 53 2 0 0 10 1 0 0 0 1 9 42 3 8 22 0 0 0 0 5 250 160 247 148 0 9 0 0 0 0 0 0 0 0 0 0 0 0 0 0 0 0 0 0 0
2 47 227 370 241 173 102 39 0 0 0 4 0 0 0 0 0 1 0 0 0 1 0 0 0 0 0 1 1 0 0 0 0 0 0 0 0 0 0 0 0 2 0 2 4 0 0 4 10 0 0 0 16 0 0 1 0 0 0 0 0 1 0 0 0 0 0 0 0 0 0 0 0 0 0 0 0 18 0 0 0 0 0 0 0 0 20 10 0 0 0 0 0 0 0 0 0 0 0 0 1 16 6 5 51 51 0 0 0 0 2 4 1 1 1 0 2 4 9 11 14 35 6 0 8 152 39 300 31 1 0 0 0 0 0 0 0 0 0 0 0 0 0 0 0 0 0 0 0 0
0 2 125 113 59 104 17 5 1 0 0 0 1 0 0 0 0 0 2 3 1 0 0 0 1 0 0 0 1 0 0 0 0 0 0 0 0 0 0 0 0 0 0 0 0 0 0 2 0 3 0 0 0 0 1 0 0 0 0 0 0 0 0 0 0 0 0 0 0 0 0 0 0 0 0 0 0 0 0 0 0 0 0 0 0 0 35 2 3 3 12 0 0 0 2 5 0 0 0 262 428 87 121 53 2 49 8 1 0 0 1 1 0 1 0 0 0 0 8 31 47 12 75 137 15 3 0 1 0 0 0 0 0 0 0 0 0 0 0 0 0 0 0 0 0 0 0 0 0 0
5 12 17 25 18 12 0 0 0 0 1 0 0 0 0 0 0 0 0 0 3 19 0 0 0 0 0 0 0 0 0 0 0 0 0 0 0 0 0 0 5 0 0 0 1 3 0 0 0 0 0 0 0 0 2 5 0 0 0 0 0 0 0 0 0 0 0 0 0 0 0 0 0 0 0 0 3 3 0 0 0 0 0 0 0 0 19 0 0 13 12 0 0 0 13 23 73 7 131 774 177 252 26 5 0 6 12 43 0 0 1 0 0 0 0 0 0 0 14 16 63 23 6 6 3 19 10 1 74 5 2 0 0 0 0 0 0 0 0 0 0 0 0 0 0 0 0 0 0 0
39 4 11 1 0 0 0 0 1 0 0 0 1 0 0 0 0 0 0 0 0 3 2 0 0 0 0 0 0 0 0 0 0 5 0 0 0 0 0 0 0 0 0 0 2 6 2 0 0 0 3 0 1 1 31 2 9 0 0 0 0 0 0 0 0 0 0 0 0 0 0 0 0 0 4 1 0 0 0 0 0 0 0 0 0 0 6 2 0 0 47 28 17 0 45 495 12 0 43 134 4 2 2 1 1 1 0 43 242 67 0 0 0 0 0 0 0 0 0 0 8 0 0 0 8 94 18 34 304 209 11 0 0 0 0 0 0 0 0 0 0 0 0 0 0 0 0 0 0 0
5 0 0 0 0 0 1 0 0 0 0 1 0 0 0 0 0 0 0 0 0 0 0 0 0 0 0 0 0 1 1 13 2 0 0 0 0 0 0 0 0 0 0 0 0 3 0 0 0 0 0 2 2 3 8 0 0 0 0 0 0 0 0 0 0 0 0 0 0 0 0 0 0 0 4 4 0 0 0 0 0 0 0 0 0 0 27 20 106 14 33 18 6 4 2 26 2 0 0 1 2 0 0 0 1 4 72 102 60 5 0 0 0 0 0 0 0 10 0 0 1 1 10 1 1 61 17 73 68 105 15 0 0 0 0 0 0 0 0 0 0 0 0 0 0 0 0 0 0 0
2 0 0 0 0 0 0 0 0 0 0 0 0 0 0 0 0 0 0 0 0 0 0 0 0 0 0 0 2 0 0 0 0 2 0 0 0 0 0 0 0 0 0 0 0 1 72 0 0 0 0 0 1 21 3 1 1 0 0 0 0 0 0 0 0 0 0 0 0 0 0 2 2 1 0 0 0 0 0 0 0 0 0 0 0 0 0 0 47 0 0 0 3 0 1 11 1 0 0 0 0 46 0 2 1 100 265 167 29 23 0 0 0 0 0 0 0 0 26 10 0 6 0 3 0 4 26 15 1 19 2 1 0 0 0 0 0 0 0 0 0 0 0 0 0 0 0 0 0 0
0 0 0 0 0 0 0 0 0 0 0 0 0 0 0 0 0 0 0 2 0 0 0 3 0 0 0 0 0 0 0 0 0 0 0 0 0 0 0 0 0 0 0 0 0 0 0 0 0 0 0 1 1 38 5 0 1 0 0 0 0 0 0 0 0 0 0 0 0 0 1 2 0 0 0 0 0 0 0 0 0 0 0 0 0 0 1 0 0 0 0 0 3 3 0 0 3 0 0 0 1 2 1 0 13 67 34 3 10 57 0 0 0 0 0 0 0 0 0 0 0 9 1 17 39 10 79 13 9 21 0 0 0 0 0 0 0 0 0 0 0 0 0 0 0 0 0 0 0 0
0 0 0 0 0 20 0 0 0 0 0 0 0 0 0 0 0 0 0 1 0 0 0 0 0 0 1 0 0 0 0 1 0 0 0 0 0 0 0 0 0 0 0 0 0 0 0 0 0 0 1 0 3 0 2 0 2 1 0 0 0 0 0 0 0 0 0 0 0 0 0 0 0 0 0 0 0 0 0 0 0 0 0 0 0 0 0 1 1 0 0 16 41 4 3 0 0 1 1 2 2 3 6 3 15 10 0 0 0 17 0 0 0 0 0 0 0 0 0 0 0 6 0 21 0 0 0 94 1 0 0 0 0 0 0 0 0 0 0 0 0 0 0 0 0 0 0 0 0 0
0 0 0 0 36 5 0 0 0 0 0 0 0 0 2 0 0 0 0 0 0 0 0 0 0 0 0 0 5 0 9 0 0 0 0 1 1 0 1 0 0 0 0 0 0 1 0 0 0 5 1 0 0 3 0 1 0 1 0 0 0 0 0 0 0 0 0 0 1 2 0 0 0 0 0 0 0 0 0 0 0 0 0 0 0 0 0 0 19 17 48 129 35 1 0 0 0 0 0 10 9 221 203 29 1 4 2 0 0 0 3 0 0 0 0 0 0 0 0 0 0 0 0 0 0 0 5 6 0 0 0 0 0 0 0 0 0 0 0 0 0 0 0 0 0 0 0 0 0 0
0 0 0 0 2 1 0 0 0 0 0 0 0 1 0 0 0 0 0 0 0 0 0 0 0 0 0 0 0 0 0 0 0 0 0 1 0 0 0 0 0 0 0 0 0 3 0 0 0 2 0 0 0 1 2 0 0 0 0 0 0 0 0 0 0 0 0 0 3 0 0 0 0 0 0 0 0 0 0 0 0 0 0 0 0 0 0 0 10 36 84 89 26 2 1 0 1 2 0 17 44 34 33 5 1 0 0 0 0 0 1 0 0 0 0 0 0 0 0 0 0 27 42 0 0 2 0 0 0 0 0 0 0 0 0 0 0 0 0 0 0 0 0 0 0 0 0 0 0 0
0 0 0 0 1 0 0 0 0 0 0 0 19 2 0 2 0 0 1 0 0 0 0 0 0 1 1 1 0 6 0 0 0 0 0 0 0 1 0 0 0 0 0 1 1 2 0 0 0 0 1 0 0 0 3 1 0 1 0 0 0 0 0 0 0 0 0 3 32 0 0 0 0 0 0 0 0 0 0 0 0 0 0 0 1 3 11 0 6 13 0 2 2 0 5 0 0 0 1 2 15 0 2 0 0 0 0 0 0 9 2 4 0 0 0 0 0 0 0 0 0 0 0 0 0 0 0 0 0 0 0 0 0 0 0 0 0 0 0 0 0 0 0 0 0 0 0 0 0 0
0 0 0 0 0 0 0 0 0 0 0 0 0 1 0 0 1 0 0 0 0 0 0 0 0 0 0 0 0 0 0 0 0 0 0 0 0 0 0 0 0 0 0 0 0 0 0 2 0 0 0 0 0 2 5 3 0 0 0 0 0 0 0 0 0 0 0 9 10 0 0 0 0 0 0 0 0 0 0 0 0 0 0 0 51 0 0 0 4 32 0 1 2 1 0 0 4 5 2 6 15 11 1 0 1 0 0 3 16 40 48 119 10 0 0 0 0 0 0 0 0 0 0 0 0 0 0 0 0 0 0 0 0 0 0 0 0 0 0 0 0 0 0 0 0 0 0 0 0 0
0 0 0 0 0 0 0 0 0 0 0 0 0 0 0 0 0 0 0 0 0 0 0 0 0 0 0 0 0 0 0 0 0 0 0 0 0 0 0 0 0 0 0 0 0 0 0 0 8 0 0 0 0 0 0 21 31 1 0 0 0 0 0 0 0 2 10 26 2 0 0 0 0 0 0 0 0 0 0 0 0 0 0 5 6 0 0 0 19 76 1 0 0 0 1 2 12 4 3 1 1 0 2 4 0 0 7 0 30 12 68 11 39 9 3 0 0 0 0 0 0 0 0 0 0 0 0 0 0 0 0 0 0 0 0 0 0 0 0 0 0 0 0 0 0 0 0 0 0 0
0 0 0 0 0 0 0 0 0 0 0 0 0 0 0 0 1 0 0 0 0 0 0 0 0 0 0 0 0 0 0 0 0 0 0 0 0 0 0 0 0 0 0 0 0 2 0 2 41 0 2 0 0 0 3 1 1 3 7 4 2 3 4 4 4 2 1 2 1 0 0 0 0 0 0 0 0 0 0 0 0 0 0 0 0 0 0 1 0 0 0 0 0 0 2 49 1 0 0 0 0 0 0 0 2 33 106 373 247 39 4 0 30 3 0 0 0 0 0 0 0 0 0 0 0 0 0 0 0 0 0 0 0 0 0 0 0 0 0 0 0 0 0 0 0 0 0 0 0 0
0 0 4 1 1 26 1 3 9 0 0 0 0 1 1 1 0 0 0 0 0 0 0 0 0 0 0 0 0 0 0 0 0 0 0 0 0 0 1 0 0 0 0 3 1 1 7 1 0 0 0 0 1 1 2 1 0 0 0 0 0 0 0 2 0 0 0 3 0 7 0 2 0 0 0 0 0 0 0 0 0 0 0 0 0 0 0 0 0 0 5 12 0 1 30 2 1 0 0 0 0 0 0 5 11 28 67 130 106 106 42 47 42 0 0 0 0 0 0 0 0 0 0 0 0 0 0 0 0 0 0 0 0 0 0 0 0 0 0 0 0 0 0 0 0 0 0 0 0 0
0 0 0 1 17 9 0 0 0 0 0 0 0 0 0 0 0 0 0 0 1 0 0 0 0 0 0 0 0 0 0 0 0 0 0 0 0 0 0 1 0 2 6 0 0 0 1 0 0 2 8 1 0 3 0 1 0 1 1 0 1 0 0 0 0 2 2 1 0 0 0 0 1 3 0 0 0 0 0 0 0 0 0 0 0 1 0 0 0 0 0 0 7 6 0 4 100 0 0 0 0 0 0 21 55 167 1 0 4 20 0 5 2 0 0 0 0 0 0 0 0 0 0 0 0 0 0 0 0 0 0 0 0 0 0 0 0 0 0 0 0 0 0 0 0 0 0 0 0 0
0 0 0 0 0 1 0 0 1 2 0 0 0 1 0 0 0 0 0 0 0 0 0 0 0 0 0 0 0 0 0 0 0 0 0 0 0 0 0 0 0 0 0 0 0 0 1 0 1 2 0 0 0 1 0 0 0 0 1 2 1 0 0 0 0 0 0 0 0 0 0 0 3 1 0 0 0 0 0 0 0 0 0 0 0 0 0 0 0 0 0 11 24 3 8 75 188 0 0 0 0 0 0 1 3 0 0 0 0 0 15 61 0 0 0 0 0 0 0 0 0 0 0 0 0 0 0 0 0 0 0 0 0 0 0 0 0 0 0 0 0 0 0 3 0 0 0 0 0 0
0 0 2 0 0 1 0 0 0 0 0 0 0 0 0 0 0 0 0 0 0 0 0 0 0 0 0 0 0 0 0 2 0 0 0 0 0 0 0 0 0 0 0 0 0 0 0 0 0 1 5 1 3 2 0 0 0 0 0 1 0 0 0 0 0 0 0 0 0 0 0 0 0 0 0 0 0 0 0 0 0 0 0 0 0 0 0 0 7 0 0 12 295 59 45 0 2 0 0 0 0 0 0 4 0 0 0 0 0 90 28 0 0 0 0 0 0 0 0 0 0 0 0 0 0 0 0 0 0 0 0 0 0 0 0 0 0 0 0 0 0 0 0 0 0 0 0 0 0 0
0 0 0 0 0 0 0 0 0 0 0 0 0 0 0 0 0 0 0 0 0 0 0 0 0 0 0 0 0 0 0 0 0 0 0 0 0 0 0 0 0 0 0 0 0 0 0 0 0 0 0 1 14 0 0 0 0 0 0 1 2 0 0 0 0 0 0 0 0 0 0 1 0 0 0 0 0 0 0 0 0 0 0 0 0 0 0 0 0 0 2 22 253 0 0 0 2 0 0 0 0 0 0 1 0 1 0 0 16 1 1 0 0 0 0 0 0 0 0 0 0 0 0 0 0 0 0 0 0 0 0 0 0 0 0 0 0 0 0 0 0 0 0 0 0 0 0 0 0 0
0 0 0 0 0 0 0 0 0 0 0 2 1 0 0 1 0 0 2 0 0 0 0 1 0 0 0 0 0 0 0 0 0 0 0 0 0 0 0 0 0 0 0 0 0 0 0 0 0 0 1 7 0 0 0 1 1 0 0 10 1 0 0 0 0 0 0 0 0 0 0 34 0 0 0 0 0 0 0 0 0 0 0 0 0 0 0 0 0 0 2 3 0 6 3 0 0 0 0 0 0 0 0 0 0 0 0 0 0 2 0 0 0 0 0 0 0 0 0 0 0 0 0 0 0 0 0 0 0 0 0 0 0 0 0 0 0 0 0 0 0 0 0 0 0 0 0 0 0 0
0 0 0 0 0 0 0 0 0 0 0 0 0 0 0 0 0 0 0 0 0 0 5 54 0 0 0 0 0 0 0 0 0 0 0 0 0 0 0 0 0 0 0 0 0 0 0 0 0 0 0 4 1 1 0 0 0 0 0 0 0 0 2 0 0 0 0 0 0 0 0 1 2 0 3 0 0 0 0 0 0 0 0 0 0 0 0 0 0 0 0 19 4 7 4 1 0 0 0 0 0 0 0 0 0 0 0 0 0 0 0 0 0 0 0 0 0 0 0 0 0 0 0 0 0 0 0 0 0 0 0 0 0 0 0 0 0 0 0 0 0 0 0 0 0 0 0 0 0 0
0 0 0 0 0 0 0 0 0 0 0 0 0 0 0 0 0 0 0 0 0 0 1 0 1 0 0 0 0 0 0 0 0 0 0 0 0 0 0 0 0 0 0 0 0 0 0 0 0 0 1 10 7 0 0 0 0 0 0 0 0 5 34 0 0 0 0 0 0 0 0 0 0 1 1 0 0 0 0 0 0 0 0 0 0 0 0 0 0 0 3 5 0 21 10 1 0 0 0 0 0 0 0 0 0 0 0 0 0 0 0 0 0 0 0 0 0 0 0 0 0 0 0 0 0 0 0 0 0 0 0 0 0 0 0 0 0 0 0 0 0 0 0 0 0 0 0 0 0 0
0 0 0 0 0 0 0 0 0 0 0 0 0 0 0 0 0 0 0 0 0 0 0 0 1 0 0 0 0 0 1 0 0 0 0 0 0 0 0 0 0 0 0 0 0 0 0 0 0 0 4 21 52 1 4 0 0 0 0 0 0 5 0 0 0 0 0 0 0 0 0 0 0 1 0 0 0 0 0 0 0 0 0 0 0 0 0 0 0 0 0 9 6 5 2 2 0 0 0 0 0 0 0 0 0 0 0 0 0 0 0 0 0 0 0 0 0 0 0 0 0 0 0 0 0 0 0 0 0 0 0 0 0 0 0 0 0 0 0 0 0 0 0 0 0 0 0 0 0 0
0 0 0 0 0 0 0 0 1 0 0 0 1 1 0 0 0 1 0 0 0 3 0 0 0 2 0 0 0 0 0 0 0 0 0 0 0 0 0 0 0 0 0 0 0 0 0 0 0 3 0 7 72 0 8 1 0 0 0 0 1 3 3 0 0 0 0 0 0 0 0 0 0 0 0 0 0 0 0 0 0 0 0 0 0 0 0 0 0 0 0 0 1 5 0 2 1 2 0 3 0 0 0 0 0 0 0 0 0 0 0 0 0 0 0 0 0 0 0 0 0 0 0 0 0 0 0 0 0 0 0 0 0 0 0 0 0 0 0 0 0 0 0 0 0 0 0 0 0 0
0 0 0 0 0 0 0 0 0 3 0 0 0 0 0 0 0 0 1 0 0 0 0 0 0 0 0 0 0 0 0 0 0 0 0 0 0 0 0 0 0 0 0 0 0 0 0 1 0 0 0 4 7 0 0 0 0 0 0 0 6 2 0 6 0 0 0 0 0 0 0 0 0 0 0 0 0 0 0 0 0 0 0 0 0 0 0 0 0 0 0 0 0 1 0 3 3 0 0 0 0 0 0 0 0 0 0 0 0 0 0 0 0 0 0 0 0 0 0 0 0 0 0 0 0 0 0 0 0 0 0 0 0 0 0 0 0 0 0 0 0 0 0 0 0 1 0 0 0 0
0 0 0 0 0 0 0 0 0 0 0 0 0 0 0 0 0 0 0 0 0 1 0 0 0 0 1 0 0 0 0 0 0 0 5 0 0 0 0 0 0 0 0 0 0 0 2 1 0 0 0 0 0 0 0 0 0 0 0 3 0 0 0 0 0 0 0 0 0 0 0 0 0 0 0 0 0 0 0 0 0 0 0 0 0 0 0 0 0 0 0 0 0 0 0 7 5 7 0 0 0 0 0 0 0 0 0 0 0 0 0 0 0 0 0 0 0 0 0 0 0 0 0 0 0 0 0 0 0 0 0 0 0 0 0 0 0 0 0 0 0 0 0 0 0 16 0 0 0 0
1 0 0 0 0 0 0 0 0 0 0 1 0 0 0 0 0 0 0 0 1 0 0 0 0 0 0 0 0 0 0 0 0 0 0 0 0 0 0 0 0 0 0 0 0 0 0 0 0 0 0 0 0 0 0 0 0 0 0 0 0 1 0 0 0 0 0 0 0 0 0 0 0 0 1 0 0 0 0 0 0 0 0 0 0 0 0 0 0 0 0 0 0 0 3 2 0 1 0 2 1 0 0 0 0 0 0 0 0 0 0 0 0 0 0 0 0 0 0 0 0 0 0 0 0 0 0 0 0 0 0 0 0 0 0 0 0 0 0 0 0 0 0 0 0 0 0 0 0 0
0 0 0 0 0 0 0 0 0 0 0 2 0 0 0 0 3 0 0 0 0 0 0 0 0 0 0 0 0 0 0 0 0 0 0 0 0 0 0 0 0 0 0 0 0 0 0 0 0 0 0 0 0 0 0 0 0 0 0 0 1 0 0 0 0 0 0 0 0 0 0 4 0 0 0 0 0 0 0 0 0 0 0 0 0 0 0 0 0 0 0 0 0 0 2 0 0 0 0 0 0 0 0 0 0 0 0 0 0 0 0 0 0 0 0 0 0 0 0 0 0 0 0 0 0 0 0 0 0 0 0 0 0 0 0 0 0 0 0 0 0 0 0 0 0 0 0 0 0 0
0 0 0 0 0 0 0 0 0 0 4 0 1 0 0 3 0 0 0 0 0 0 0 0 0 0 0 0 0 0 0 0 0 0 0 0 0 0 0 0 0 0 0 0 0 0 0 0 0 0 0 0 0 0 0 0 0 0 0 0 0 0 0 0 0 0 0 0 0 0 0 0 0 0 0 0 0 0 0 0 0 0 0 0 0 0 0 0 0 0 0 0 0 0 0 0 1 0 0 0 0 0 0 0 0 0 0 0 0 0 0 0 0 0 0 0 0 0 0 0 0 0 0 0 0 0 0 0 0 0 0 0 0 0 0 0 0 0 0 0 0 0 0 0 0 0 0 0 0 0
0 0 0 0 0 0 0 0 1 4 0 0 5 0 2 0 3 1 0 0 0 0 0 0 0 0 0 0 0 0 0 0 0 0 0 0 0 0 0 0 0 0 0 1 0 0 0 0 0 0 0 0 0 0 0 0 0 0 0 3 0 0 0 0 0 0 0 0 22 0 0 0 0 0 0 0 0 0 0 0 0 0 0 0 0 0 0 0 0 0 0 0 0 0 0 0 1 0 1 0 0 0 0 0 0 0 0 0 0 0 0 0 0 0 0 0 0 0 0 0 0 0 0 0 0 0 0 0 0 0 0 0 0 0 0 0 0 0 0 0 0 0 0 0 0 0 0 0 0 0
0 0 0 0 0 0 0 0 0 0 0 0 0 0 0 0 1 2 0 0 0 0 0 0 0 0 0 0 0 0 0 0 0 0 0 0 2 0 0 0 0 0 1 0 0 0 0 0 0 0 0 0 0 0 0 0 0 0 0 0 2 17 2 0 0 0 0 0 60 21 0 0 0 0 0 0 0 0 0 0 0 0 0 0 0 0 0 0 0 0 0 0 0 0 0 0 0 0 0 0 0 0 0 0 0 0 0 0 0 0 0 0 0 0 0 0 0 0 0 0 0 0 0 0 0 0 0 0 0 0 0 0 0 0 0 0 0 0 0 0 0 0 0 0 0 0 0 0 0 0
0 0 1 0 0 0 0 0 0 0 0 0 19 3 0 1 11 0 0 4 0 0 0 7 8 1 0 0 0 0 0 0 0 0 2 2 1 4 2 2 0 0 14 0 0 0 0 0 0 0 0 0 0 0 0 0 0 0 0 0 0 1 1 0 54 7 15 0 0 0 0 0 0 0 0 0 0 0 0 0 0 0 0 0 0 0 0 0 0 0 0 0 0 0 0 0 0 0 0 0 0 0 0 0 0 0 0 0 0 0 0 0 0 0 0 0 0 0 0 0 0 0 0 0 0 0 0 0 0 0 0 0 0 0 0 0 0 0 0 0 0 0 0 0 0 0 0 0 0 0
0 21 2 0 0 0 0 0 0 0 0 0 3 0 0 0 0 0 3 2 4 24 12 7 0 0 0 0 0 0 0 0 0 0 0 0 4 1 0 0 0 0 0 0 0 0 0 0 0 0 0 0 0 0 0 0 0 0 0 0 0 0 0 0 0 0 0 0 0 0 0 0 0 0 0 0 0 0 0 0 0 0 0 0 0 0 0 0 0 0 0 0 0 0 0 0 0 0 0 0 0 0 0 0 0 0 0 0 0 0 0 0 0 0 0 0 0 0 0 0 0 0 0 0 0 0 0 0 0 0 0 0 0 0 0 0 0 0 0 0 0 0 0 0 0 0 0 0 0 0
11 2 1 0 2 1 0 0 0 0 0 0 1 0 0 0 2 0 0 1 0 94 1 1 4 1 0 0 2 4 2 0 0 0 0 0 0 0 0 0 3 1 0 0 0 0 0 0 0 0 0 0 0 0 0 0 0 0 0 0 0 0 0 0 0 0 0 0 0 0 0 0 0 0 0 0 0 0 0 0 0 0 0 0 0 0 0 0 0 1 0 0 0 0 0 0 0 0 0 0 0 0 0 0 0 0 0 0 0 0 0 0 0 0 0 0 0 0 0 0 0 0 0 0 0 0 0 0 0 0 0 0 0 0 0 0 0 0 0 0 0 0 0 0 0 0 0 0 0 0
0 0 0 0 0 0 0 0 0 0 0 1 0 0 0 0 0 0 0 0 0 4 0 2 0 9 2 0 2 0 0 0 0 0 1 1 0 0 0 0 0 0 0 0 0 0 0 0 0 0 0 0 0 0 0 0 0 0 0 0 0 0 0 0 0 0 0 0 0 0 0 0 0 0 0 0 0 0 0 0 0 0 0 0 0 0 0 0 0 0 0 0 0 0 0 0 0 0 0 0 0 0 0 0 0 0 0 0 0 0 0 0 0 0 0 0 0 0 0 0 0 0 0 0 0 0 0 0 0 0 0 0 0 0 0 0 0 0 0 0 0 0 0 0 0 0 0 0 0 0
0 0 0 0 0 0 0 0 0 0 0 0 0 1 0 0 0 0 1 0 0 0 0 0 6 3 0 5 7 0 0 0 0 1 2 0 0 0 0 0 0 0 0 0 0 0 0 0 0 0 0 0 0 0 0 0 0 0 0 0 0 0 0 0 0 0 0 0 0 0 0 0 0 0 0 0 0 0 0 0 0 0 0 0 0 0 0 0 0 0 0 0 0 0 0 0 0 0 0 0 0 0 0 0 0 0 0 0 0 0 0 0 0 0 0 0 0 0 0 0 0 0 0 0 0 0 0 0 0 0 0 0 0 0 0 0 0 0 0 0 0 0 0 0 0 0 0 0 0 0
0 0 0 0 0 0 0 0 0 0 0 0 0 0 0 0 0 0 0 0 0 0 0 0 0 0 0 0 55 13 0 1 2 10 0 0 4 0 0 0 0 0 0 0 0 0 0 0 0 0 0 0 0 0 0 0 0 0 0 0 0 0 0 0 0 0 0 0 0 0 0 0 0 0 0 0 0 0 0 0 0 0 0 0 0 0 0 0 0 0 0 0 0 0 0 0 0 0 0 0 0 0 0 0 0 0 0 0 0 0 0 0 0 0 0 0 0 0 0 0 0 0 0 0 0 0 0 0 0 0 0 0 0 0 0 0 0 0 0 0 0 0 0 0 0 0 0 0 0 0
0 0 0 0 0 0 0 0 0 0 0 0 0 0 0 0 0 0 0 0 0 0 0 0 0 0 0 0 0 0 2 0 0 2 0 0 3 0 0 0 0 0 0 0 0 0 0 0 0 0 0 0 0 0 0 0 0 0 0 0 0 0 0 0 0 0 0 0 0 0 0 0 0 0 0 0 0 0 0 0 0 0 0 0 0 0 0 0 0 0 0 0 0 0 0 0 0 0 0 0 0 0 0 0 0 0 0 0 0 0 0 0 0 0 0 0 0 0 0 0 0 0 0 0 0 0 0 0 0 0 0 0 0 0 0 0 0 0 0 0 0 0 0 0 0 0 0 0 0 0
0 0 0 0 0 0 0 0 0 0 0 0 0 0 0 0 0 0 0 0 0 1 0 0 6 1 3 0 0 0 4 0 12 0 1 0 0 0 0 0 0 0 0 0 0 0 0 0 0 0 0 0 0 0 0 0 0 0 0 0 0 0 0 0 0 0 0 0 0 0 0 0 0 0 0 0 0 0 0 0 0 0 0 0 0 0 0 0 0 0 0 0 0 0 0 0 0 0 0 0 0 0 0 0 0 0 0 0 0 0 0 0 0 0 0 0 0 0 0 0 0 0 0 0 0 0 0 0 0 0 0 0 0 0 0 0 0 0 0 0 0 0 0 0 0 0 0 0 0 0
0 0 0 0 0 0 0 0 0 0 0 0 4 1 0 0 0 0 0 0 0 0 0 0 0 0 0 0 0 0 0 0 2 0 0 0 1 1 0 0 0 0 0 0 0 0 0 0 0 0 0 0 0 0 0 0 0 0 0 0 0 0 0 0 0 0 0 0 0 0 0 0 0 0 0 0 0 0 0 0 0 0 0 0 0 0 0 0 0 0 0 0 0 0 0 0 0 0 0 0 0 0 0 0 0 0 0 0 0 0 0 0 0 0 0 0 0 0 0 0 0 0 0 0 0 0 0 0 0 0 0 0 0 0 0 0 0 0 0 0 0 0 0 0 0 0 0 0 0 0
0 0 0 0 0 0 0 0 0 0 0 0 0 0 0 0 0 0 0 0 0 0 0 0 0 0 0 7 0 1 1 0 0 0 0 0 1 0 0 0 0 0 0 0 0 0 0 0 0 0 0 0 0 0 0 0 0 0 0 0 0 0 0 0 0 0 0 0 0 0 0 0 0 0 0 0 0 0 0 0 0 0 0 0 0 0 0 0 0 0 0 0 0 0 0 0 0 0 0 0 0 0 0 0 0 0 0 0 0 0 0 0 0 0 0 0 0 0 0 0 0 0 0 0 0 0 0 0 0 0 0 0 0 0 0 0 0 0 0 0 0 0 0 0 0 0 0 0 0 0
0 0 0 0 0 0 0 0 0 0 0 0 0 0 0 0 0 0 0 0 0 0 0 0 0 0 0 2 0 0 0 0 2 1 0 0 0 0 0 0 0 0 0 0 0 0 0 0 0 0 0 0 0 0 0 0 0 0 0 0 0 0 0 0 0 0 0 0 0 0 0 0 0 0 0 0 0 0 0 0 0 0 0 0 0 0 0 0 0 0 0 0 0 0 0 0 0 0 0 0 0 0 0 0 0 0 0 0 0 0 0 0 0 0 0 0 0 0 0 0 0 0 0 0 0 0 0 0 0 0 0 0 0 0 0 0 0 0 0 0 0 0 0 0 0 0 0 0 0 0
0 0 0 0 0 0 0 0 0 0 1 0 0 0 0 0 0 0 0 0 0 0 0 0 0 0 0 0 0 0 0 0 0 0 0 0 0 0 0 0 0 0 0 0 0 0 0 0 0 0 0 0 0 0 0 0 0 0 0 0 0 0 0 0 0 0 0 0 0 0 0 0 0 0 0 0 0 0 0 0 0 0 0 0 0 0 0 0 0 0 0 0 0 0 0 0 0 0 0 0 0 0 0 0 0 0 0 0 0 0 0 0 0 0 0 0 0 0 0 0 0 0 0 0 0 0 0 0 0 0 0 0 0 0 0 0 0 0 0 0 0 0 0 0 0 0 0 0 0 0
0 0 0 0 0 0 0 0 0 0 0 0 0 0 0 0 0 0 0 0 0 0 0 0 0 0 0 0 0 0 0 0 0 0 0 0 0 0 0 0 0 0 0 0 0 0 0 0 0 0 0 0 0 0 0 0 0 0 0 0 0 0 0 0 0 0 0 0 0 0 0 0 0 0 0 0 0 0 0 0 0 0 0 0 0 0 0 0 0 0 0 0 0 0 0 0 0 0 0 0 0 0 0 0 0 0 0 0 0 0 0 0 0 0 0 0 0 0 0 0 0 0 0 0 0 0 0 0 0 0 0 0 0 0 0 0 0 0 0 0 0 0 0 0 0 0 0 0 0 0
0 0 0 0 0 0 0 0 0 0 2 0 0 0 0 0 0 0 0 0 0 0 0 0 0 0 0 0 0 0 0 0 0 0 0 0 0 0 0 0 0 0 0 0 0 0 0 0 0 0 0 2 0 0 0 0 0 0 0 0 0 0 0 0 0 0 0 0 0 0 0 0 0 0 0 0 0 0 0 0 0 0 0 0 0 0 0 0 0 0 0 0 0 0 0 0 0 0 0 0 0 0 0 0 0 0 0 0 0 0 0 0 0 0 0 0 0 0 0 0 0 0 0 0 0 0 0 0 0 0 0 0 0 0 0 0 0 0 0 0 0 0 0 0 0 0 0 0 0 0
0 0 0 0 0 0 0 0 3 6 0 0 0 0 0 0 0 0 0 0 0 0 0 0 0 0 0 0 0 0 0 0 0 0 0 0 0 0 0 0 0 0 0 0 0 0 0 0 0 0 0 1 0 0 0 0 0 0 0 0 0 0 0 0 0 0 0 0 0 0 0 0 0 0 0 0 0 0 0 0 0 0 0 0 0 0 0 0 0 0 0 0 0 0 0 0 0 0 0 0 0 0 0 0 0 0 0 0 0 0 0 0 0 0 0 0 0 0 0 0 0 0 0 0 0 0 0 0 0 0 0 0 0 0 0 0 0 0 0 0 0 0 0 0 0 0 0 0 0 0
0 0 0 0 0 4 5 4 1 0 0 0 0 0 0 0 0 0 0 0 0 0 0 0 0 0 0 0 0 0 0 0 0 0 0 0 0 0 0 0 0 0 0 0 0 0 0 0 0 11 17 0 0 0 1 0 0 0 0 0 0 0 0 0 0 0 0 0 0 0 0 0 0 0 0 0 0 0 0 0 0 0 0 0 0 0 0 0 0 0 0 0 0 0 0 0 0 0 0 0 0 0 0 0 0 0 0 0 0 0 0 0 0 0 0 0 0 0 0 0 0 0 0 0 0 0 0 0 0 0 0 0 0 0 0 0 0 0 0 0 0 0 0 0 0 0 0 0 0 0
0 0 0 0 0 0 2 4 0 0 0 0 0 0 0 0 0 0 0 0 0 0 0 0 0 0 0 0 0 0 0 0 0 0 0 0 0 0 0 0 0 0 0 0 0 0 0 0 0 0 0 1 0 0 0 0 0 0 0 0 0 0 0 0 0 0 0 0 0 0 0 0 0 0 0 0 0 0 0 0 0 0 0 0 0 0 0 0 0 0 0 0 0 0 0 0 0 0 0 0 0 0 0 0 0 0 0 0 0 0 0 0 0 0 0 0 0 0 0 0 0 0 0 0 0 0 0 0 0 0 0 0 0 0 0 0 0 0 0 0 0 0 0 0 0 0 0 0 0 0
0 0 0 0 0 0 0 0 0 0 0 0 0 0 0 0 0 0 0 0 0 0 0 0 0 0 0 0 0 0 0 0 0 0 0 0 0 0 0 0 0 0 0 0 0 0 0 0 0 0 0 0 4 3 0 0 0 0 0 0 0 0 0 0 0 0 0 0 0 0 0 0 0 0 0 0 0 0 0 0 0 0 0 0 0 0 0 0 0 0 0 0 0 0 0 0 0 0 0 0 0 0 0 0 0 0 0 0 0 0 0 0 0 0 0 0 0 0 0 0 0 0 0 0 0 0 0 0 0 0 0 0 0 0 0 0 0 0 0 0 0 0 0 0 0 0 0 0 0 0
0 0 0 0 0 0 0 0 0 0 0 0 0 0 0 0 0 0 0 0 0 0 0 0 0 0 0 0 0 0 0 0 0 0 0 0 0 0 0 0 0 0 0 0 0 0 0 0 0 0 0 0 0 0 0 0 0 0 0 0 0 0 0 0 0 0 0 0 0 0 0 0 0 0 0 0 0 0 0 0 0 0 0 0 0 0 0 0 0 0 0 0 0 0 0 0 0 0 0 0 0 0 0 0 0 0 0 0 0 0 0 0 0 0 0 0 0 0 0 0 0 0 0 0 0 0 0 0 0 0 0 0 0 0 0 0 0 0 0 0 0 0 0 0 0 0 0 0 0 0
0 0 0 0 0 0 0 0 0 0 0 0 0 0 0 0 0 0 0 0 0 0 0 0 0 0 0 0 0 0 0 0 0 0 0 0 0 0 0 0 0 0 0 0 0 0 0 0 0 0 0 0 0 0 0 0 0 0 0 0 0 0 0 0 0 0 0 0 0 0 0 0 0 0 0 0 0 0 0 0 0 0 0 0 0 0 0 0 0 0 0 0 0 0 0 0 0 0 0 0 0 0 0 0 0 0 0 0 0 0 0 0 0 0 0 0 0 0 0 0 0 0 0 0 0 0 0 0 0 0 0 0 0 0 0 0 0 0 0 0 0 0 0 0 0 0 0 0 0 0
0 0 0 0 0 0 0 0 0 0 0 0 0 0 0 0 0 0 0 0 0 0 0 0 0 0 0 0 0 0 0 0 0 0 0 0 0 0 0 0 0 0 0 0 0 0 0 0 0 0 0 0 2 0 0 0 0 0 0 0 0 0 0 0 0 0 0 0 0 0 0 0 0 0 0 0 0 0 0 0 0 0 0 0 0 0 0 0 0 0 0 0 0 0 0 0 0 0 0 0 0 0 0 0 0 0 0 0 0 0 0 0 0 0 0 0 0 0 0 0 0 0 0 0 0 0 0 0 0 0 0 0 0 0 0 0 0 0 0 0 0 0 0 0 0 0 0 0 0 0
0 0 0 0 0 0 0 0 0 0 0 0 0 0 0 0 0 0 0 0 0 0 0 0 0 0 0 0 0 0 2 0 0 1 0 0 0 0 0 0 0 0 0 0 0 0 0 0 0 0 0 0 0 0 0 0 0 0 0 0 0 0 0 0 0 0 0 0 0 0 0 0 0 0 0 0 0 0 0 0 0 0 0 0 0 0 0 0 0 0 0 0 0 0 0 0 0 0 0 0 0 0 0 0 0 0 0 0 0 0 0 0 0 0 0 0 0 0 0 0 0 0 0 0 0 0 0 0 0 0 0 0 0 0 0 0 0 0 0 0 0 0 0 0 0 0 0 0 0 0
0 0 0 0 0 0 0 0 0 0 0 0 0 0 0 0 0 0 0 0 0 0 0 0 0 0 0 0 0 0 1 17 0 0 0 0 0 0 0 0 0 0 0 0 0 0 0 0 0 0 0 1 0 0 0 0 0 0 0 0 0 0 0 0 0 0 0 0 0 0 0 0 0 0 0 0 0 0 0 0 0 0 0 0 0 0 0 0 0 0 0 0 0 0 0 0 0 0 0 0 0 0 0 0 0 0 0 0 0 0 0 0 0 0 0 0 0 0 0 0 0 0 0 0 0 0 0 0 0 0 0 0 0 0 0 0 0 0 0 0 0 0 0 0 0 0 0 0 0 0
0 0 0 0 0 0 0 0 0 0 0 0 0 0 0 0 0 0 0 0 0 0 0 0 0 0 0 0 0 0 2 2 0 0 0 0 1 0 0 0 0 0 0 0 0 0 0 0 0 0 0 0 0 0 0 0 0 0 0 0 0 0 0 0 0 0 0 0 0 0 0 0 0 0 0 0 0 0 0 0 0 0 0 0 0 0 0 0 0 0 0 0 0 0 0 0 0 0 0 0 0 0 0 0 0 0 0 0 0 0 0 0 0 0 0 0 0 0 0 0 0 0 0 0 0 0 0 0 0 0 0 0 0 0 0 0 0 0 0 0 0 0 0 0 0 0 0 0 0 0
0 0 0 0 0 0 0 0 0 0 0 0 0 0 0 0 0 0 0 0 0 0 0 0 0 0 0 0 0 0 0 0 0 0 0 0 0 0 0 0 0 0 0 0 0 0 0 0 0 0 0 0 0 0 0 0 0 0 0 0 0 0 0 0 0 0 0 0 0 0 0 0 0 0 0 0 0 0 0 0 0 0 0 0 0 0 0 0 0 0 0 0 0 0 0 0 0 0 0 0 0 0 0 0 0 0 0 0 0 0 0 0 0 0 0 0 0 0 0 0 0 0 0 0 0 0 0 0 0 0 0 0 0 0 0 0 0 0 0 0 0 0 0 0 0 0 0 0 0 0
0 0 0 0 0 0 0 0 0 0 0 0 0 0 0 0 0 0 0 0 0 0 0 0 0 0 0 0 0 15 22 0 0 0 0 0 0 0 0 0 0 0 0 0 0 0 0 0 0 0 0 0 0 0 0 0 0 0 0 0 0 0 0 0 0 0 0 0 0 0 0 0 0 0 0 0 0 0 0 0 0 0 0 0 0 0 0 0 0 0 0 0 0 0 0 0 0 0 0 0 0 0 0 0 0 0 0 0 0 0 0 0 0 0 0 0 0 0 0 0 0 0 0 0 0 0 0 0 0 0 0 0 0 0 0 0 0 0 0 0 0 0 0 0 0 0 0 0 0 0
0 0 0 0 0 0 0 0 0 0 0 0 0 0 0 0 0 0 0 0 0 0 0 0 0 0 2 0 0 0 0 0 0 0 0 0 0 0 0 0 0 0 0 0 0 0 0 0 0 13 0 0 0 0 0 0 0 0 0 0 0 0 0 0 0 0 0 0 0 0 0 0 0 0 0 0 0 0 0 0 0 0 0 0 0 0 0 0 0 0 0 0 0 0 0 0 0 0 0 0 0 0 0 0 0 0 0 0 0 0 0 0 0 0 0 0 0 0 0 0 0 0 0 0 0 0 0 0 0 0 0 0 0 0 0 0 0 0 0 0 0 0 0 0 0 0 0 0 0 0
0 0 0 0 0 0 0 0 0 0 0 0 0 0 0 0 0 0 0 0 0 0 0 0 0 0 7 0 0 0 0 8 0 0 0 0 0 0 0 0 0 0 0 0 0 0 0 0 0 0 0 0 0 0 0 0 0 0 0 0 0 0 0 0 0 0 0 0 0 0 0 0 0 0 0 0 0 0 0 0 0 0 0 0 0 0 0 0 0 0 0 0 0 0 0 0 0 0 0 0 0 0 0 0 0 0 0 0 0 0 0 0 0 0 0 0 0 0 0 0 0 0 0 0 0 0 0 0 0 0 0 0 0 0 0 0 0 0 0 0 0 0 0 0 0 0 0 0 0 0
0 0 0 0 0 0 0 0 0 0 0 0 0 0 0 0 0 0 0 0 0 0 0 0 0 0 0 0 1 0 0 0 0 0 0 0 0 0 0 0 0 0 0 0 0 0 0 0 0 0 0 0 0 0 0 0 0 0 0 0 0 0 0 0 0 0 0 0 0 0 0 0 0 0 0 0 0 0 0 0 0 0 0 0 0 0 0 0 0 0 0 0 0 0 0 0 0 0 0 0 0 0 0 0 0 0 0 0 0 0 0 0 0 0 0 0 0 0 0 0 0 0 0 0 0 0 0 0 0 0 0 0 0 0 0 0 0 0 0 0 0 0 0 0 0 0 0 0 0 0
0 0 0 0 0 0 0 0 0 0 0 0 0 0 0 0 0 0 0 0 0 0 0 0 0 0 0 0 0 0 0 0 0 0 0 0 0 0 0 0 0 0 0 0 0 0 0 0 0 0 0 0 0 0 0 0 0 0 0 0 0 0 0 0 0 0 0 0 0 0 0 0 0 0 0 0 0 0 0 0 0 0 0 0 0 0 0 0 0 0 0 0 0 0 0 0 0 0 0 0 0 0 0 0 0 0 0 0 0 0 0 0 0 0 0 0 0 0 0 0 0 0 0 0 0 0 0 0 0 0 0 0 0 0 0 0 0 0 0 0 0 0 0 0 0 0 0 0 0 0
0 0 0 0 0 0 0 0 0 0 0 0 0 0 0 0 0 0 0 0 0 0 0 0 0 0 0 0 0 0 0 0 0 0 0 0 0 0 0 0 0 0 0 0 0 0 0 0 0 0 0 0 0 0 0 0 0 0 0 0 0 0 0 0 0 0 0 0 0 0 0 0 0 0 0 0 0 0 0 0 0 0 0 0 0 0 0 0 0 0 0 0 0 0 0 0 0 0 0 0 0 0 0 0 0 0 0 0 0 0 0 0 0 0 0 0 0 0 0 0 0 0 0 0 0 0 0 0 0 0 0 0 0 0 0 0 0 0 0 0 0 0 0 0 0 0 0 0 0 0
0 0 0 0 0 0 0 0 0 0 0 0 0 0 0 0 0 0 0 0 0 0 0 0 0 0 0 0 0 0 0 0 0 0 0 0 0 0 0 0 0 0 0 0 0 0 0 0 0 0 0 0 0 0 0 0 0 0 0 0 0 0 0 0 0 0 0 0 0 0 0 0 0 0 0 0 0 0 0 0 0 0 0 0 0 0 0 0 0 0 0 0 0 0 0 0 0 0 0 0 0 0 0 0 0 0 0 0 0 0 0 0 0 0 0 0 0 0 0 0 0 0 0 0 0 0 0 0 0 0 0 0 0 0 0 0 0 0 0 0 0 0 0 0 0 0 0 0 0 0
0 0 0 0 0 0 0 0 0 0 0 0 0 0 0 0 0 0 0 0 0 0 0 0 0 0 0 0 0 0 0 0 0 0 0 0 0 0 0 0 0 0 0 0 0 0 0 0 0 0 0 0 0 0 0 0 0 0 0 0 0 0 0 0 0 0 0 0 0 0 0 0 0 0 0 0 0 0 0 0 0 0 0 0 0 0 0 0 0 0 0 0 0 0 0 0 0 0 0 0 0 0 0 0 0 0 0 0 0 0 0 0 0 0 0 0 0 0 0 0 0 0 0 0 0 0 0 0 0 0 0 0 0 0 0 0 0 0 0 0 0 0 0 0 0 0 0 0 0 0
0 0 0 0 0 0 0 0 0 0 0 0 0 0 0 0 0 0 0 0 0 0 0 0 0 0 0 0 0 0 0 0 0 0 0 0 0 0 0 0 0 0 0 0 0 0 0 0 0 0 0 0 0 0 0 0 0 0 0 0 0 0 0 0 0 0 0 0 0 0 0 0 0 0 0 0 0 0 0 0 0 0 0 0 0 0 0 0 0 0 0 0 0 0 0 0 0 0 0 0 0 0 0 0 0 0 0 0 0 0 0 0 0 0 0 0 0 0 0 0 0 0 0 0 0 0 0 0 0 0 0 0 0 0 0 0 0 0 0 0 0 0 0 0 0 0 0 0 0 0
