0 0 25 20 0 0 2 2 16 113 8 6 0 11 0 0 0 3 3 0 0 1 0 0 0 25 1 0 0 0 0 0 1 0 14 2 0 0 0 2 0 0 0 1 7 0 0 0 0 0 0 0 10 1 3 1 0 0 0 4 75 34 16 8 0 14 12 0 0 0 0 3 18 207 237 310 135 32 51 20 54 354 89 62 137 289 304 235 46 309 1290 798 77 643 512 678 1130 686 1022 177 316 100 16 37 36 37 79 606 229 21 7 10 19 169 49 39 21 35 2 2 5 42 14 11 4 8 0 7 14 9 3 29 1 2 12 0 0 0 0 0 0 0 0 0 1 0 0 0 0 43
0 6 6 7 1 0 0 0 0 18 7 8 7 3 0 0 0 4 16 0 1 2 18 0 11 31 0 3 0 0 0 0 0 0 0 2 0 5 2 0 0 0 0 1 0 0 0 0 0 0 0 0 1 9 11 0 0 0 0 39 132 23 19 17 25 2 0 0 1 0 0 5 119 61 37 12 111 68 21 48 151 80 39 6 131 247 337 130 263 363 89 24 329 383 281 344 676 661 985 911 358 61 99 35 17 1 1 91 42 49 5 6 2 16 72 36 10 21 3 38 2 10 29 9 3 1 4 2 14 30 12 62 102 55 3 1 0 0 3 122 7 0 0 0 0 0 0 0 0 0
0 0 0 2 4 0 0 0 1 6 2 6 11 2 0 0 0 2 9 0 0 26 101 30 8 0 6 14 0 0 0 0 0 1 0 7 6 5 0 20 1 0 0 1 0 0 0 0 0 0 0 0 0 1 3 1 0 0 0 14 11 10 3 27 4 0 0 0 0 2 3 3 4 0 3 3 9 54 154 280 73 64 30 22 50 254 757 151 6 6 116 38 132 831 730 880 299 490 395 680 695 380 41 92 65 17 13 47 207 86 40 26 14 6 6 12 43 74 20 19 65 13 5 10 10 5 6 21 4 36 8 6 97 206 0 0 2 0 8 57 8 3 0 0 0 0 0 0 0 0
68 4 0 0 0 0 0 0 0 5 5 1 0 0 0 3 0 1 3 1 0 0 2 11 7 0 1 11 17 0 4 0 0 0 0 1 0 1 0 7 5 0 0 0 0 0 0 0 0 0 8 0 1 0 69 52 2 46 60 4 1 1 4 32 0 0 0 0 0 0 8 70 18 3 5 50 181 136 289 348 162 57 56 124 169 31 52 238 6 289 927 1133 1418 768 1118 576 236 219 705 471 618 752 192 104 52 118 27 27 297 58 17 20 34 22 2 5 16 89 67 42 54 88 20 6 3 7 14 0 16 1 11 7 24 0 10 2 10 1 0 20 73 9 0 0 0 0 0 0 1 0
2 16 0 0 0 0 0 0 5 4 1 0 0 0 0 17 7 3 2 1 1 0 4 0 5 0 0 2 1 0 0 0 3 0 1 16 8 0 2 0 4 0 0 0 0 0 0 0 2 3 0 0 0 4 33 165 66 46 3 0 4 1 0 29 0 0 0 0 0 18 178 92 108 130 53 45 92 226 451 349 362 241 514 17 186 146 79 84 41 482 1512 883 657 907 467 267 120 859 436 994 1052 1079 736 740 358 167 95 23 9 7 16 24 41 50 13 2 3 31 90 57 217 745 154 15 5 0 3 0 2 7 3 3 0 1 10 0 0 0 0 1 61 6 0 0 0 0 0 0 0 0
14 1 0 0 1 0 0 0 2 2 6 0 0 0 0 7 1 7 14 48 7 0 1 0 0 0 0 2 0 2 0 31 0 1 17 80 80 38 0 0 0 0 0 0 0 0 0 0 0 16 68 15 0 9 13 51 63 17 21 1 0 0 18 1 0 0 0 0 3 211 111 132 149 96 114 75 34 31 87 335 896 748 434 122 0 195 64 34 13 341 1701 1186 210 474 846 580 343 1557 427 541 487 771 1299 494 21 170 37 88 15 15 2 0 3 26 12 19 40 4 1 10 143 145 7 6 4 22 0 9 4 0 2 2 1 0 0 1 3 0 1 0 1 5 0 0 0 0 0 0 0 0
1 0 0 1 0 0 0 0 0 19 10 0 0 1 2 1 0 0 0 0 1 5 5 0 0 0 0 0 0 0 2 1 1 0 0 10 3 12 6 0 0 0 0 0 0 0 0 0 0 3 2 7 7 1 0 27 13 4 47 63 6 27 5 0 8 2 0 0 3 81 23 81 266 451 350 134 488 173 499 464 1085 767 1106 587 129 29 9 258 106 178 1605 1375 168 896 894 518 360 444 626 48 98 320 137 198 52 76 124 6 28 16 59 387 217 40 33 45 0 3 34 30 100 157 7 1 3 6 14 2 0 0 2 0 0 0 0 0 0 44 0 0 0 0 0 0 0 0 0 0 0 0
0 0 0 1 0 0 0 0 3 1 3 15 0 0 0 0 0 0 0 0 0 0 0 0 0 0 0 0 0 0 16 0 0 0 6 4 0 0 15 15 0 0 0 0 0 0 0 0 0 1 0 0 5 9 10 10 1 34 53 79 88 62 42 8 33 43 0 0 8 107 11 10 46 56 56 63 129 210 673 1381 1123 704 1090 198 195 161 224 503 349 100 577 105 94 541 465 422 382 786 883 243 223 398 397 733 184 214 13 35 138 41 363 534 76 64 25 68 3 3 8 23 51 5 6 6 8 4 23 3 7 4 0 0 0 0 0 0 0 1 0 0 0 0 0 0 0 0 0 0 0 0
4 0 0 0 0 0 0 0 4 10 0 1 0 1 11 0 0 0 0 0 0 0 0 0 0 0 0 0 0 0 1 0 0 0 0 1 0 0 1 1 0 0 0 0 0 0 1 0 0 0 0 0 3 17 0 0 2 17 240 95 482 265 23 11 9 41 7 12 13 35 6 2 3 7 9 50 35 52 84 630 1063 1210 813 27 26 20 162 415 382 49 13 43 509 1006 1637 1538 148 340 459 314 340 124 92 373 798 157 287 223 59 114 833 252 233 16 44 16 2 9 6 7 7 4 12 26 5 2 2 5 0 0 1 1 0 0 0 0 0 0 0 0 0 0 0 0 0 0 0 0 0 0
0 0 0 0 0 0 1 1 19 6 0 0 0 2 1 0 0 0 1 0 0 0 0 0 0 0 0 0 0 0 0 0 0 0 0 0 0 19 2 0 0 0 0 0 0 0 0 2 8 0 9 0 7 20 0 0 11 0 2 59 80 154 17 19 4 3 2 3 0 15 0 4 0 1 0 68 27 136 222 738 1267 919 859 424 1210 850 281 98 224 209 86 55 25 523 1271 1611 766 211 99 17 60 119 28 0 109 516 355 328 94 17 486 580 176 51 10 248 168 575 145 93 52 20 21 28 31 17 10 1 2 15 69 21 0 2 2 0 0 0 0 0 0 0 0 0 0 0 0 0 0 0
0 4 17 0 0 0 3 0 7 4 4 1 0 0 0 4 1 1 1 0 0 0 0 0 0 0 0 0 0 0 0 3 0 0 0 8 0 0 2 1 0 3 4 1 0 0 6 14 25 24 21 3 17 3 0 0 1 5 24 39 1 158 3 18 0 0 2 0 0 11 0 0 0 0 0 0 49 143 247 335 729 420 769 288 297 451 231 556 501 403 28 3 31 212 446 778 1036 103 50 81 18 15 5 20 127 361 908 326 228 157 555 193 226 42 1 172 352 768 517 251 373 275 263 104 108 422 133 56 70 127 20 98 19 27 12 0 0 0 0 0 0 0 0 0 0 0 0 0 0 0
1 0 4 0 0 0 0 0 13 3 0 0 0 0 0 0 16 7 0 0 0 0 0 0 0 0 0 0 0 0 0 0 1 5 10 1 0 0 3 2 1 9 15 22 3 2 1 1 5 0 0 0 2 5 7 2 2 5 0 30 4 8 0 2 2 2 2 0 1 0 7 1 0 0 0 3 32 11 175 383 680 226 83 110 205 126 52 31 139 511 29 0 1 6 21 113 1183 490 366 25 0 9 20 56 57 41 548 263 33 75 417 322 97 239 46 188 613 227 563 765 825 431 145 209 149 137 0 0 0 38 2 0 116 34 168 1 0 0 0 0 0 0 0 0 0 0 0 0 0 0
30 0 2 0 0 1 3 0 1 2 0 0 0 0 0 0 4 17 5 5 4 1 0 2 0 0 0 0 0 0 0 0 1 0 0 0 0 1 0 0 0 2 94 0 22 0 1 16 0 0 0 2 16 9 10 0 0 0 23 17 4 2 15 0 0 5 7 2 0 0 20 0 0 0 0 42 174 61 159 44 271 222 39 2 27 12 5 1 0 14 0 0 5 52 87 70 739 539 668 459 22 23 61 40 31 13 49 229 673 359 1284 932 90 790 228 81 44 71 1368 1061 243 395 116 2 109 67 2 0 21 16 1 0 18 19 6 3 1 0 0 1 1 0 0 0 0 0 0 0 0 0
0 0 0 0 0 0 3 9 0 0 0 0 0 0 0 0 0 0 70 20 9 8 0 0 0 0 0 0 0 1 19 0 0 0 0 0 0 0 0 0 0 0 3 127 50 0 0 0 6 0 0 31 4 0 0 0 0 0 50 0 13 12 43 2 0 0 42 24 27 18 74 0 3 7 2 337 608 597 241 36 132 399 65 10 41 266 6 3 4 26 4 1 0 53 13 47 116 659 229 449 0 37 358 147 359 126 144 662 367 765 1611 1220 993 624 248 318 259 366 931 468 229 225 1 5 0 24 23 0 9 2 0 1 1 13 0 0 0 0 0 0 0 0 0 0 0 0 0 0 0 0
0 0 0 0 0 0 1 1 9 4 0 0 0 0 0 0 0 0 7 3 12 0 0 2 4 0 0 0 0 0 2 0 0 0 0 0 0 0 0 0 0 0 0 11 31 1 1 1 2 22 14 51 2 0 7 5 10 9 75 34 102 35 16 12 6 24 177 114 183 167 61 6 0 0 83 642 1755 1376 469 67 0 259 43 6 12 57 35 30 0 40 14 14 1 1 0 5 62 360 188 234 37 74 585 714 1407 1641 2296 1368 1135 1213 1081 693 675 753 1035 260 193 88 155 84 141 114 36 15 0 9 46 12 11 29 7 0 0 0 0 0 0 0 0 0 0 0 0 0 0 0 0 0 0 0
0 0 0 0 0 0 0 26 17 4 3 0 0 0 0 0 10 1 0 7 0 30 24 3 0 0 0 0 0 7 0 0 0 0 0 0 0 0 0 0 0 0 1 0 0 23 0 0 0 27 98 217 2 1 1 13 77 216 19 97 48 35 4 53 64 47 259 119 61 203 260 99 151 274 649 872 1684 1018 364 72 12 11 1 1 0 0 39 27 8 56 1 19 2 1 9 28 37 16 28 13 15 0 1374 865 628 642 1208 475 719 1005 1393 833 1166 447 536 121 45 139 94 116 41 6 133 290 41 88 24 2 9 5 1 0 0 0 22 5 0 0 0 0 0 0 0 0 0 0 0 0 0 0
0 0 0 0 0 0 0 3 0 0 0 0 2 0 0 0 7 6 3 2 3 0 36 37 29 10 2 0 0 0 0 0 0 0 0 0 0 0 0 0 4 0 1 1 0 19 4 5 2 26 29 5 1 17 68 191 188 294 71 36 3 8 0 0 1 8 5 0 0 0 1 1 60 101 291 376 782 492 204 0 1 0 3 0 0 0 4 41 75 11 0 1 16 0 1 10 92 0 17 79 32 445 841 882 363 255 372 250 410 755 670 433 835 425 495 118 46 118 174 11 0 2 32 39 35 364 0 15 1 0 0 0 0 0 0 0 0 0 0 0 0 0 0 0 0 0 0 0 1 0
0 1 0 2 0 2 0 4 0 0 0 0 9 0 0 0 0 1 8 1 1 2 0 0 15 1 8 23 2 0 0 0 1 0 0 0 1 0 0 2 1 0 1 2 0 23 60 5 2 37 47 100 27 228 33 49 93 77 541 8 2 1 1 0 2 0 27 85 3 23 76 11 137 34 56 136 35 136 36 22 18 0 7 4 0 0 0 8 102 3 0 45 62 43 16 1 1 0 29 656 239 168 338 107 161 547 202 257 677 718 170 158 82 134 179 56 176 198 18 2 0 1 4 16 134 758 225 21 3 4 0 0 0 0 0 0 0 0 0 0 0 0 0 0 0 0 0 0 0 0
0 0 1 1 5 5 0 0 0 0 0 0 2 1 0 1 2 0 1 7 1 36 10 0 3 11 124 55 25 0 0 0 0 0 1 11 30 0 0 0 0 0 1 6 30 26 11 1 30 514 123 86 74 20 14 64 202 105 45 27 59 32 1 0 0 0 9 4 2 36 13 20 62 19 3 122 119 84 44 26 35 0 5 39 0 12 56 28 4 1 10 69 88 234 24 0 0 54 329 29 185 262 89 29 153 135 161 475 694 0 1 244 8 506 59 0 26 55 0 1 0 0 4 11 47 185 188 300 6 3 1 0 0 0 0 0 0 0 0 0 0 0 0 0 0 0 0 0 0 0
0 0 0 1 1 0 0 0 0 0 0 0 1 0 4 0 0 0 3 1 1 22 94 9 5 4 8 22 196 6 0 34 1 0 0 0 0 0 0 0 0 4 2 105 13 129 102 21 5 232 43 7 4 9 111 14 15 125 9 0 3 2 2 0 0 11 4 1 10 27 63 44 8 0 0 143 30 0 4 1 6 1 0 0 0 26 27 0 12 4 0 35 9 3 0 29 0 15 17 8 869 1153 701 291 88 239 155 479 159 8 1 0 3 120 4 0 0 0 0 0 0 0 0 10 14 8 21 150 8 0 0 0 0 0 0 0 0 0 0 0 0 0 0 0 0 0 0 0 0 0
0 0 0 0 5 0 0 0 0 0 0 0 0 0 0 0 1 6 3 7 3 4 19 8 0 22 8 3 0 7 6 8 12 0 0 0 0 0 0 4 10 9 30 22 25 41 25 50 148 479 412 115 32 43 16 6 5 2 0 0 1 15 14 4 246 106 5 0 4 25 111 52 6 0 2 135 291 81 7 39 17 9 8 1 1 1 0 2 29 6 10 0 1 1 0 2 0 11 275 368 1224 943 412 158 4 43 101 155 5 0 0 0 0 25 0 0 0 0 0 0 0 0 4 7 0 0 86 112 0 0 2 0 0 0 0 0 0 0 0 0 0 0 0 0 0 0 0 0 0 0
0 0 0 1 0 0 0 0 0 0 0 0 0 2 5 3 2 0 0 66 0 5 15 2 0 2 1 0 0 0 13 108 10 4 0 0 0 5 0 0 150 34 0 0 0 0 4 10 260 1023 398 252 24 1 1 3 2 3 0 0 2 2 9 0 11 12 38 3 20 63 39 27 12 0 0 37 135 126 45 84 26 56 10 38 13 9 26 25 271 88 16 13 66 9 2 22 6 0 117 344 196 274 48 5 30 25 110 87 7 0 0 0 11 79 0 0 0 0 0 0 0 0 0 0 2 34 58 6 7 15 23 1 0 0 0 0 0 0 0 0 0 0 0 0 0 0 0 0 0 0
0 0 1 1 0 0 0 0 0 0 0 0 0 0 2 0 0 0 0 0 2 8 8 1 2 0 0 0 0 0 1 3 37 6 3 0 9 512 58 63 11 0 0 0 0 0 15 44 45 432 292 142 7 2 4 7 0 9 7 0 0 0 0 0 8 2 19 7 0 16 12 71 22 3 0 1 6 5 20 32 0 29 39 0 0 19 8 0 1 0 0 2 2 7 0 1 3 0 2 0 9 0 93 63 104 63 41 69 107 156 43 15 30 0 0 0 0 0 0 0 0 0 0 8 17 91 85 1 0 0 14 1 0 0 0 0 0 0 0 0 0 0 0 0 0 0 0 0 0 0
0 0 5 0 0 0 0 0 0 0 0 0 0 1 4 1 1 4 0 3 5 2 0 25 3 4 0 0 0 3 3 5 8 11 20 15 39 56 48 0 0 0 0 0 8 83 34 75 3 150 159 18 4 4 5 7 11 31 1 0 0 0 0 0 2 0 3 1 0 0 3 3 166 120 4 9 0 0 0 1 0 9 97 164 6 1 2 3 0 0 0 0 5 0 0 1 1 3 1 3 4 0 1 52 70 29 23 3 7 26 0 80 15 0 0 0 0 0 0 0 0 0 2 57 9 15 36 73 0 0 0 0 0 0 0 0 0 0 0 0 0 0 0 0 0 0 0 0 0 0
0 0 0 0 0 0 0 0 0 0 0 0 0 0 0 0 0 2 0 0 0 0 1 1 0 0 0 1 0 0 0 6 7 39 77 0 1 139 1 0 0 0 0 24 23 44 44 1 2 30 66 43 54 20 43 8 2 13 0 1 1 0 0 0 8 0 0 22 13 9 3 23 11 117 61 13 0 0 0 0 0 6 23 68 23 21 0 0 0 5 2 0 0 1 1 0 1 1 4 11 16 8 2 17 682 0 0 6 0 0 0 2 10 0 0 4 8 0 0 0 0 0 0 0 0 22 52 30 0 0 1 0 0 0 0 0 1 0 0 0 0 0 0 0 0 0 0 0 0 0
0 0 0 0 0 0 0 0 0 0 0 0 0 0 8 0 0 1 3 0 0 0 1 2 1 0 0 0 0 0 0 0 38 41 41 1 0 23 3 2 0 0 0 4 107 11 2 0 17 12 73 13 0 8 0 0 2 0 0 0 3 0 0 0 12 14 0 6 7 10 2 35 2 4 1 11 19 1 1 0 0 0 0 3 1 29 2 2 3 11 0 1 2 1 28 0 0 2 12 3 8 4 6 132 350 200 0 8 0 0 0 1 9 4 46 10 0 0 0 0 2 0 0 0 0 58 9 79 0 0 0 0 0 0 0 1 30 29 0 0 0 0 0 0 0 0 0 0 0 0
0 0 0 0 0 0 0 0 0 1 3 0 0 0 5 1 0 3 1 0 0 3 0 3 0 0 0 16 3 1 0 19 12 9 20 1 6 2 13 3 5 13 7 13 64 6 4 0 1 6 27 18 1 4 1 1 0 1 0 0 0 0 0 1 15 0 0 0 15 3 6 21 0 0 0 0 18 4 0 0 0 14 55 3 4 9 19 20 2 0 14 0 1 0 0 16 0 3 0 5 8 30 6 9 57 201 29 8 0 0 0 0 0 10 14 22 0 0 6 5 0 0 0 0 26 137 10 14 0 2 0 0 0 0 3 0 4 35 0 0 0 0 0 0 0 0 0 0 0 0
0 0 0 0 0 0 0 0 0 0 0 0 0 1 6 0 21 25 1 1 2 11 7 1 0 0 0 1 5 8 25 6 0 27 5 0 1 10 22 12 106 94 7 142 241 19 15 2 2 2 0 30 91 5 0 0 0 0 0 0 0 0 2 1 0 1 0 0 10 39 67 29 9 15 0 0 1 17 7 0 0 0 0 0 0 0 0 5 19 5 6 1 0 0 1 0 0 0 0 1 0 5 26 4 37 671 561 22 8 0 0 0 0 0 0 0 7 355 51 3 0 0 0 33 62 44 55 216 243 21 0 0 0 0 0 16 9 7 0 0 0 0 0 0 0 0 0 0 0 0
0 0 0 0 0 0 0 3 0 2 2 0 12 2 14 7 21 68 1 5 0 1 3 1 0 0 0 6 35 8 0 1 3 2 9 19 29 12 273 96 430 997 348 257 121 14 0 0 10 0 1 5 36 42 6 0 0 0 0 0 0 0 0 0 0 0 0 0 0 2 5 24 13 1 143 15 1 23 5 0 3 10 3 0 12 0 0 0 14 10 3 10 0 3 6 18 8 3 0 0 2 162 4 32 226 362 202 295 13 0 0 0 0 0 0 2 271 95 22 0 0 0 9 50 125 149 879 560 38 39 0 0 2 34 0 23 0 0 0 0 0 0 0 0 0 0 0 0 0 0
0 0 0 0 0 0 0 1 7 9 20 45 29 0 0 2 4 3 0 1 8 2 12 55 12 1 1 2 0 2 6 0 0 9 46 32 8 8 202 350 680 1272 711 756 38 4 14 4 12 0 5 7 78 103 14 4 0 0 0 0 0 0 0 0 0 0 0 0 0 0 1 2 2 0 0 1 0 7 40 0 0 0 0 2 22 0 0 0 2 4 1 1 4 18 6 8 1 0 1 2 0 2 18 23 7 140 5 89 27 0 0 0 3 0 122 64 401 411 54 28 19 15 17 103 139 35 403 466 352 412 56 68 35 144 14 2 0 0 0 0 0 0 0 0 0 0 0 0 0 0
0 0 0 0 0 0 0 4 2 1 2 1 1 0 4 5 0 2 11 8 0 7 134 30 0 0 0 1 2 3 7 2 3 0 17 23 25 16 39 95 608 379 486 263 30 8 1 5 1 4 0 1 17 6 6 1 1 0 0 0 0 0 0 0 0 0 0 0 10 0 0 1 0 0 0 0 5 17 3 0 5 15 9 2 37 0 0 1 23 28 7 0 4 16 0 0 2 13 2 2 0 1 0 9 5 3 0 9 33 0 1 1 7 0 59 1022 923 906 106 147 124 127 41 5 4 3 36 201 1 55 21 282 687 33 44 10 0 0 0 0 0 0 0 0 0 0 0 0 0 0
0 0 0 0 0 0 0 4 2 3 3 11 0 1 0 2 0 0 31 29 283 90 8 0 0 0 0 1 17 10 1 3 14 42 15 6 4 6 1 120 452 475 371 248 240 24 12 0 8 28 2 1 7 3 17 6 3 0 0 0 0 0 0 0 0 0 0 0 0 1 2 0 0 0 0 0 0 0 8 1 24 6 64 221 36 0 0 0 0 1 0 1 6 2 0 5 7 6 0 0 1 0 0 0 4 5 0 13 250 155 244 517 105 111 461 1060 636 328 120 369 78 183 13 0 82 32 46 80 3 1 28 182 348 86 87 1 0 0 0 0 0 0 0 0 0 0 0 0 0 0
0 0 0 1 0 0 0 3 0 4 1 9 1 13 1 6 5 6 22 7 74 0 0 0 0 0 0 0 1 6 5 17 8 9 17 15 6 2 8 17 43 126 28 19 5 1 1 0 0 0 2 3 48 0 3 8 4 3 3 0 0 0 0 0 0 0 0 0 0 1 0 0 0 0 0 4 1 35 8 1 1 9 34 12 0 0 0 0 2 1 13 0 0 9 6 7 1 0 0 0 0 0 0 0 0 0 23 18 128 68 146 92 58 478 1075 672 273 311 70 323 85 27 0 15 3 17 16 3 0 0 78 671 2 0 12 0 0 0 0 0 0 0 0 0 0 0 0 0 0 0
0 0 1 0 0 3 19 6 1 3 3 0 0 6 21 21 3 11 20 39 12 0 0 0 0 0 0 0 0 8 50 4 8 3 5 6 4 3 4 1 14 20 3 0 4 3 0 0 0 2 1 13 283 12 20 46 19 0 4 1 0 0 0 0 0 0 0 0 0 0 0 0 0 0 0 0 1 6 2 0 0 0 3 0 0 0 0 0 5 0 0 0 5 29 2 1 9 10 1 2 2 0 0 1 0 1 4 94 274 12 0 11 340 263 199 504 162 263 127 96 365 0 0 0 0 0 0 0 0 0 1 110 13 0 0 0 0 0 0 0 0 0 0 0 0 0 0 0 0 0
0 0 0 0 2 2 6 21 1 1 2 0 2 15 12 10 40 9 3 0 1 7 4 0 0 0 0 30 21 122 33 118 13 2 1 6 0 7 1 1 7 21 8 2 0 0 3 0 0 0 0 33 163 108 9 16 2 0 0 0 0 0 0 0 0 0 0 0 0 0 0 0 0 0 0 0 16 21 8 2 0 0 2 0 0 0 0 0 9 3 7 8 17 64 7 24 3 7 1 8 2 0 0 0 0 8 2 115 502 5 0 0 8 55 8 4 19 64 371 508 86 0 0 0 0 0 2 0 0 0 0 1 143 9 0 0 0 0 0 0 0 0 0 0 0 0 0 0 0 0
3 2 0 4 7 2 7 111 5 14 18 9 5 0 1 142 78 21 2 6 0 0 4 2 1 8 2 9 1 0 16 5 8 3 3 4 0 0 0 4 13 5 2 1 1 0 2 0 0 0 0 79 5 39 17 4 2 0 0 0 0 0 0 0 0 0 0 0 0 0 0 0 0 0 0 0 21 63 1 0 0 0 1 0 0 0 1 9 14 0 12 0 3 27 2 1 0 4 4 2 0 1 4 26 6 16 44 25 195 0 0 0 0 0 7 0 0 1 105 329 294 132 0 0 1 90 0 0 0 67 164 19 84 12 0 0 0 0 0 0 0 0 0 0 0 0 0 0 0 0
0 0 0 0 0 5 1 0 1 8 53 7 0 2 64 51 33 32 9 0 0 0 3 10 5 5 1 1 3 2 0 0 2 6 7 0 0 0 0 9 2 18 7 0 2 2 0 0 0 0 4 115 44 49 38 8 2 0 0 0 0 0 0 0 0 0 0 0 0 0 0 0 0 0 0 0 0 34 150 1 0 5 1 0 0 0 0 92 14 0 1 6 4 1 0 21 0 3 3 6 34 13 16 5 3 8 43 33 83 4 0 0 0 12 89 91 177 609 89 237 629 172 1 39 299 38 0 0 0 129 162 0 0 0 0 0 0 0 0 0 0 0 0 0 0 0 0 0 0 0
0 4 1 0 0 0 1 4 5 7 10 81 8 7 1 0 1 7 1 1 1 0 3 30 10 2 3 0 92 1 0 1 0 0 0 0 0 0 3 0 1 10 29 13 16 0 8 1 0 0 0 86 34 5 2 2 0 0 1 0 0 0 0 0 0 0 0 0 0 0 0 0 0 0 1 1 0 10 52 2 1 0 0 0 0 0 2 11 1 0 13 0 3 4 1 0 0 2 3 2 0 0 8 4 8 0 13 23 48 9 0 0 1 0 165 576 932 612 117 77 108 172 191 308 159 2 0 1 52 499 166 0 0 0 0 0 0 0 0 0 0 0 0 0 0 0 0 0 0 0
0 0 6 0 0 1 8 2 3 0 5 31 2 0 0 1 0 2 0 2 0 0 1 1 2 1 2 8 5 0 0 0 1 1 0 0 0 0 13 1 0 0 0 0 4 3 0 1 0 0 8 110 10 7 5 1 0 0 5 1 1 0 0 0 0 0 0 0 0 0 0 0 0 0 0 0 2 12 75 41 15 32 15 2 0 0 2 0 2 0 0 1 4 23 0 0 0 0 0 21 1 3 3 8 3 2 4 11 49 0 0 0 44 45 28 24 8 59 580 278 43 258 878 550 533 327 120 313 953 2043 808 171 0 0 0 0 0 0 0 0 0 0 0 0 0 0 0 0 0 0
0 1 1 0 0 8 4 2 0 7 33 13 2 5 1 5 0 1 0 0 0 0 0 0 0 15 29 0 1 0 0 2 3 3 3 0 0 0 4 10 2 1 2 0 1 1 16 0 0 3 11 322 41 14 0 6 1 0 0 4 0 0 0 0 0 0 0 0 0 0 0 0 0 0 0 0 2 30 59 0 8 54 22 0 0 0 0 0 4 3 3 5 9 10 0 26 69 0 0 1 18 0 0 8 14 12 5 2 164 34 7 19 31 2 2 25 7 339 411 730 598 933 953 1010 1687 1576 818 841 1181 892 1095 15 0 0 0 0 0 0 0 0 0 0 0 0 0 0 0 0 0 0
0 0 0 0 4 4 1 4 10 6 1 0 2 2 1 9 2 3 0 0 0 0 0 0 14 10 12 0 0 0 0 2 1 0 8 5 2 5 1 1 0 0 3 0 0 0 1 0 13 34 642 541 39 139 29 2 3 2 0 5 1 0 0 0 0 0 0 0 0 0 0 0 0 0 0 2 0 1 4 6 0 1 0 0 0 0 0 0 6 1 0 0 8 0 0 0 0 0 0 9 19 17 12 2 30 10 89 30 2 8 12 10 8 153 6 17 6 71 476 1593 1662 811 398 1269 2120 1238 356 721 823 17 215 295 0 0 0 0 0 0 0 0 0 0 0 0 0 0 0 0 0 0
2 2 0 10 3 0 1 4 20 0 1 1 3 3 5 3 2 2 1 0 0 0 0 0 3 1 0 0 0 0 1 51 22 1 0 1 1 0 0 0 0 0 0 0 0 0 0 0 5 28 807 901 620 800 66 27 16 4 14 7 1 0 0 0 0 0 0 0 0 0 0 0 0 0 1 0 0 0 0 10 0 2 0 0 0 0 0 30 110 0 0 12 14 0 0 0 0 0 2 7 21 0 8 8 16 138 465 20 7 0 5 11 3 9 7 20 14 8 98 647 453 683 361 2820 2180 1057 279 210 53 453 1430 880 0 0 1 0 0 0 0 0 0 0 0 0 0 0 0 0 0 0
0 2 4 30 1 0 26 14 36 1 4 46 1 4 0 0 0 0 0 0 0 0 0 0 0 0 6 0 0 0 0 17 10 2 1 2 3 0 0 0 0 0 0 1 0 0 0 0 0 2 414 373 615 487 338 92 11 1 8 5 7 2 0 0 0 0 0 0 0 0 0 0 0 0 2 0 0 0 0 57 0 9 100 0 0 0 0 27 41 5 1 29 73 0 0 0 0 0 0 30 19 57 16 184 35 85 13 17 0 0 0 0 8 7 2 13 9 14 19 57 452 355 433 1097 1922 1146 623 463 483 968 514 446 0 0 4 0 0 0 0 0 0 0 0 0 0 0 0 0 0 0
5 8 2 22 3 5 5 13 4 0 1 2 0 0 0 0 0 0 0 0 0 0 0 0 0 0 0 0 0 2 5 0 0 0 0 0 1 1 0 0 0 0 0 0 0 2 5 4 0 3 34 201 365 142 18 13 3 14 22 0 4 1 0 0 1 0 0 0 0 0 0 0 0 0 0 0 0 0 3 0 2 3 0 0 0 2 41 72 25 9 8 191 179 19 5 0 0 0 0 19 39 10 30 226 27 2 15 2 20 5 0 0 4 17 9 11 12 28 112 47 262 985 954 501 407 978 1188 1703 250 250 104 145 0 0 0 0 0 0 0 0 0 0 0 0 0 0 0 0 0 0
1 4 46 0 14 0 21 39 27 14 5 7 0 4 0 0 0 0 1 0 2 1 0 2 0 0 0 0 5 0 0 0 0 0 0 0 0 0 6 5 0 0 0 0 0 0 0 2 2 61 5 29 109 40 14 2 1 126 83 4 1 0 1 0 0 0 0 0 0 0 0 0 0 0 0 0 0 0 0 0 0 7 19 29 17 28 1 0 7 80 169 193 121 10 21 2 0 4 29 33 84 470 257 734 447 59 22 6 11 8 1 0 1 1 7 2 7 103 46 363 397 820 1818 2461 977 373 1909 2631 1676 0 0 2 0 0 0 0 0 0 0 0 0 0 0 0 0 0 0 0 0 0
3 17 44 0 14 34 17 31 23 6 1 0 3 2 0 0 0 0 0 0 0 0 3 0 0 0 0 1 1 0 0 0 1 2 0 1 0 0 1 1 1 0 0 0 0 0 0 0 8 8 0 6 88 5 21 0 0 7 84 11 8 0 0 0 0 0 0 0 0 0 0 0 0 0 0 0 0 0 0 0 4 2 5 11 0 6 2 26 46 59 57 137 118 13 58 14 5 0 0 4 242 223 891 280 218 65 6 16 4 14 15 1 0 0 19 9 7 382 396 658 692 29 16 172 270 375 442 1461 549 12 191 14 0 0 0 0 0 0 0 0 1 0 0 0 0 0 0 0 0 0
8 4 126 3 116 146 46 21 0 10 0 0 0 4 0 0 0 0 0 1 1 2 0 0 0 0 0 0 0 0 0 0 1 6 0 0 0 0 0 0 0 6 0 0 0 1 0 0 3 0 0 4 42 0 3 4 0 3 2 35 5 4 0 0 0 0 0 0 0 0 0 0 0 0 0 0 0 0 0 1 22 112 0 1 26 1 153 25 0 0 0 3 43 1 0 0 0 0 0 18 7 114 988 300 178 308 22 17 50 2 229 8 0 0 0 57 295 585 140 62 0 0 0 0 56 621 149 485 447 19 71 59 0 0 0 0 0 0 0 0 0 0 0 0 0 0 0 0 0 0
10 34 128 226 473 414 189 57 13 0 0 0 1 0 1 0 0 0 0 1 1 13 0 2 0 0 0 0 0 0 0 0 0 0 0 0 0 0 0 0 0 3 2 29 10 12 1 30 8 0 0 28 21 0 0 3 1 8 39 2 2 6 0 0 0 0 0 0 0 0 0 0 0 0 0 0 0 0 4 31 11 0 0 1 12 6 38 177 48 0 0 0 0 0 0 0 0 0 0 0 0 203 572 157 153 194 6 9 4 21 6 6 1 0 7 81 284 12 15 60 0 0 0 0 8 575 247 528 219 13 162 18 0 0 0 0 0 0 0 0 0 0 0 0 0 0 0 0 0 0
2 77 393 991 707 390 139 42 0 0 1 3 3 0 1 1 0 1 0 1 1 3 0 0 0 0 0 1 0 0 0 0 0 0 1 0 0 0 1 1 2 1 2 7 6 0 0 24 36 2 0 1 34 0 0 1 3 0 1 0 0 3 0 0 0 0 0 0 0 0 0 0 0 0 0 0 0 27 3 0 0 0 0 0 0 0 38 26 2 0 1 1 0 0 0 8 0 0 0 0 15 63 19 24 142 157 1 0 1 4 10 10 17 38 17 7 13 3 81 50 23 79 8 1 25 128 62 296 58 0 0 0 0 0 0 0 3 0 0 0 0 0 0 0 0 0 0 0 0 0
2 9 255 296 185 176 46 29 5 1 0 3 0 0 0 0 0 2 0 3 8 2 0 0 1 0 0 0 0 7 1 1 0 0 0 1 0 1 0 0 1 0 2 0 0 0 1 26 7 32 0 0 0 0 0 15 0 0 0 0 0 0 0 0 0 0 0 0 0 0 0 0 0 0 0 0 4 3 0 1 0 0 0 0 0 0 122 13 0 19 14 1 0 0 7 38 0 0 1 479 808 263 296 190 24 106 52 3 2 6 10 37 18 3 0 0 1 1 58 103 110 71 207 455 163 47 2 0 0 0 2 0 0 0 1 0 0 1 0 0 0 0 0 0 0 0 0 0 0 0
15 12 42 80 293 24 1 1 1 0 54 1 0 0 0 0 2 0 0 0 3 76 0 0 0 0 0 0 0 1 0 0 0 1 2 0 1 0 0 0 0 0 0 2 1 33 2 1 1 0 0 0 0 0 0 14 1 0 0 0 0 0 0 0 0 0 0 0 0 0 0 0 0 0 0 0 4 14 0 0 0 0 0 0 0 0 11 2 1 42 41 1 0 0 36 141 97 6 235 1786 515 570 106 20 1 59 64 85 0 10 57 0 3 0 0 0 0 5 57 37 172 48 77 33 63 87 102 14 80 24 12 0 0 0 0 0 0 0 0 0 0 0 0 0 0 0 0 0 0 0
57 6 44 4 0 0 0 6 0 0 0 0 0 1 0 0 0 1 1 0 1 11 1 0 0 0 0 0 0 2 0 0 0 4 15 0 0 0 2 0 0 0 0 1 1 12 1 3 0 0 1 0 0 6 64 25 2 0 0 0 0 0 0 0 0 0 0 0 0 0 0 0 0 0 21 18 0 0 0 0 0 0 0 0 0 0 10 4 0 0 101 18 7 8 139 292 88 4 152 149 21 3 80 13 10 5 0 230 775 164 1 0 0 14 23 0 0 3 9 2 37 0 8 13 50 123 99 41 472 77 58 0 0 0 0 0 0 0 0 0 0 0 0 0 0 0 0 0 0 0
19 0 5 9 0 1 4 0 0 0 0 1 0 0 0 0 0 0 0 0 1 3 1 21 0 0 0 1 1 25 9 39 2 1 1 0 0 0 0 0 0 0 0 0 1 0 4 0 0 0 0 4 3 1 21 2 0 0 0 0 0 0 0 0 0 0 0 0 0 0 0 0 0 0 16 44 0 0 0 0 0 0 0 0 0 0 123 59 135 40 135 29 18 23 5 48 16 4 0 3 7 1 6 0 3 6 262 287 156 61 4 0 0 0 0 0 0 21 2 0 4 7 20 10 9 198 155 220 154 415 31 0 0 0 0 0 0 0 0 0 0 0 0 0 0 0 0 0 0 0
1 2 2 2 35 0 0 0 0 0 0 0 0 0 0 0 0 0 0 0 0 0 0 0 1 0 0 0 2 0 3 0 0 0 0 1 0 0 0 0 0 0 0 0 0 3 0 0 0 0 0 0 3 24 14 0 0 0 0 0 0 0 0 0 0 0 0 0 0 0 0 7 4 9 2 0 0 0 0 0 0 0 0 0 0 0 2 0 135 2 0 0 3 5 2 28 0 1 4 0 1 4 2 6 1 250 909 420 67 141 0 0 0 0 0 0 0 0 136 24 2 76 2 16 21 22 97 91 6 52 11 27 0 0 0 0 0 0 0 0 0 0 0 0 0 0 0 1 0 0
4 1 0 1 0 0 0 0 0 0 0 0 0 0 0 0 1 1 0 2 0 0 0 6 0 0 0 1 1 3 0 0 0 0 0 0 0 1 0 0 0 1 0 1 0 1 0 0 0 0 4 4 1 107 5 3 156 0 0 0 0 0 0 0 0 0 0 0 0 0 3 4 5 0 0 1 0 0 0 0 0 0 0 0 0 0 5 1 1 0 0 0 2 38 1 0 1 1 9 1 17 5 4 0 62 121 115 16 95 642 1 0 0 0 0 0 0 0 1 23 0 16 5 77 151 49 235 71 21 28 31 0 0 0 0 0 0 0 0 0 0 0 0 0 0 0 0 0 0 0
0 0 0 0 1 28 0 0 0 0 0 0 0 0 0 0 1 1 1 1 0 0 0 0 0 0 2 0 0 0 0 14 0 0 0 0 0 0 0 0 0 0 4 1 0 0 0 0 0 0 24 0 4 0 1 0 3 0 0 0 0 0 0 0 0 0 0 1 1 3 5 0 0 0 0 0 0 0 0 0 0 0 0 0 0 0 1 2 2 0 0 29 154 10 0 0 0 0 3 8 4 16 27 23 65 29 0 17 14 16 14 0 0 0 0 0 0 0 0 0 18 24 5 23 0 0 0 339 3 10 1 0 0 0 0 0 0 0 0 0 0 0 0 0 0 0 0 0 0 0
0 0 0 0 45 30 0 0 0 0 0 0 0 0 5 1 0 2 0 0 0 0 0 0 0 0 1 0 8 0 2 0 0 0 0 0 0 0 1 1 2 0 0 10 6 1 0 0 0 2 6 0 0 6 6 1 0 3 0 1 0 0 0 0 0 0 0 0 6 4 0 3 0 0 0 0 0 0 0 0 0 0 0 0 0 0 0 0 43 53 132 354 142 19 0 2 1 1 0 23 45 387 351 85 12 22 15 0 0 31 27 0 0 0 0 0 0 0 0 0 1 0 0 0 0 45 802 77 1 0 0 0 0 0 0 0 0 0 0 0 0 0 0 0 0 0 0 0 0 0
0 0 0 0 2 1 1 0 0 0 0 0 3 5 0 2 1 0 0 0 0 0 0 0 0 0 1 0 1 4 0 1 0 0 0 2 0 0 0 0 0 0 0 0 1 9 0 0 0 0 0 0 0 3 2 0 0 0 0 0 0 0 0 0 0 0 0 0 18 1 0 0 0 0 0 0 0 0 0 0 0 0 0 0 0 2 4 1 199 119 299 147 113 25 0 0 1 0 1 64 131 120 55 12 1 1 0 0 0 6 13 0 0 0 0 0 0 0 0 0 2 81 126 1 0 126 153 1 0 0 0 0 0 0 0 0 0 0 0 0 0 0 0 0 0 0 0 0 0 0
0 0 0 2 0 5 0 0 0 0 0 0 35 19 1 2 0 0 0 1 0 0 0 0 0 3 2 1 2 22 0 0 0 0 0 3 0 0 0 0 0 0 0 0 1 13 11 0 0 4 64 0 5 26 18 0 0 3 0 0 0 0 0 0 0 0 2 7 289 0 0 0 0 0 0 0 0 0 0 0 0 0 0 2 7 14 49 3 0 15 0 4 15 5 49 0 0 2 9 18 104 0 1 5 0 0 0 0 0 52 55 44 1 0 0 0 0 0 0 0 1 0 0 0 25 0 0 4 0 0 0 0 0 0 0 0 0 0 0 0 0 0 0 0 0 0 0 0 0 0
0 0 0 0 0 0 1 1 0 0 0 0 1 0 2 0 1 1 0 0 0 0 0 0 0 2 0 0 0 3 0 0 0 0 0 0 0 0 0 0 0 0 0 0 0 3 2 7 0 2 1 0 1 7 3 2 2 1 0 0 0 0 0 0 0 0 9 42 11 0 0 0 0 0 0 0 0 0 0 0 0 0 0 26 62 2 0 1 5 16 1 1 7 0 7 20 7 30 30 10 43 14 2 8 5 0 0 29 70 140 118 328 36 12 5 0 0 0 0 0 0 0 0 0 0 0 0 0 0 0 0 0 0 0 0 0 0 0 0 0 0 0 0 0 0 0 0 0 0 0
0 0 0 0 2 0 0 0 0 0 0 0 1 0 0 0 0 0 0 0 0 0 0 0 0 0 0 0 0 2 0 0 0 0 0 0 0 0 2 0 0 0 0 0 0 0 0 7 7 0 0 0 0 2 0 64 85 0 4 0 0 0 0 0 0 6 53 117 2 0 0 1 0 0 0 0 0 0 0 0 0 0 0 25 96 0 0 9 9 1 14 4 6 0 1 25 52 16 86 0 5 0 3 9 3 0 34 5 43 36 191 62 30 0 4 0 0 0 0 0 0 0 0 0 0 0 0 0 0 0 0 0 0 0 0 0 0 0 0 0 0 0 0 0 0 0 0 0 0 0
0 0 3 0 2 0 0 0 0 0 0 4 0 0 0 3 1 0 0 0 0 0 0 1 0 0 0 0 0 0 1 0 0 0 1 2 2 0 0 0 0 0 0 0 0 4 3 6 68 3 1 0 0 2 1 4 8 7 14 15 7 2 3 8 7 0 0 0 0 0 0 0 0 0 0 0 0 0 0 0 0 0 0 0 0 1 0 16 1 4 0 0 0 0 12 206 3 0 0 1 0 0 3 0 16 61 336 963 361 89 26 1 4 10 0 0 0 0 0 0 0 0 0 0 0 0 0 0 0 0 0 0 0 0 0 0 0 0 0 0 0 0 0 0 0 0 0 0 0 0
0 1 1 0 5 39 1 6 1 1 7 1 0 2 0 0 0 0 0 0 0 0 0 0 0 0 0 0 0 0 3 0 0 0 0 0 0 0 5 0 0 1 0 0 1 2 11 15 4 1 1 0 2 4 32 2 1 0 0 9 0 0 0 1 1 0 1 5 1 13 1 9 0 0 0 0 0 0 0 0 0 0 0 0 0 0 0 3 2 39 9 5 0 6 113 19 0 0 0 0 1 12 0 19 114 89 165 371 189 232 134 203 107 5 0 0 0 0 0 0 0 0 0 0 0 0 0 0 0 0 0 0 0 0 0 0 0 0 0 0 0 0 0 0 0 0 0 0 0 0
0 0 0 0 36 43 1 1 0 15 1 0 0 1 0 0 1 0 0 0 0 0 0 0 0 0 0 0 0 0 0 0 1 0 1 0 0 0 0 0 0 4 1 1 1 0 37 3 6 0 1 0 3 4 6 0 3 4 4 3 0 1 0 0 1 4 1 3 5 0 0 0 1 0 0 0 0 0 0 0 0 0 0 0 0 0 0 0 2 0 0 1 11 30 1 34 240 2 0 0 0 0 0 34 141 260 0 0 239 77 0 10 10 0 0 0 0 0 0 0 0 0 0 0 0 0 0 0 0 0 0 0 0 0 1 0 0 0 0 0 0 0 0 0 0 0 0 0 0 0
0 0 0 0 0 3 0 0 4 1 0 0 0 2 0 0 0 0 3 0 0 0 0 0 0 0 0 0 0 0 0 4 0 0 0 0 0 0 0 0 0 0 0 8 0 0 1 0 4 2 0 0 23 2 0 0 1 0 2 4 3 3 0 0 0 0 0 0 0 0 2 5 9 1 0 0 0 0 0 0 0 0 0 0 0 0 0 0 1 2 0 22 42 29 30 160 300 0 0 0 1 0 0 16 17 0 0 0 0 1 35 103 5 0 0 0 0 0 0 0 0 0 0 0 0 0 0 0 0 0 0 0 0 0 0 0 0 0 0 0 0 0 18 31 5 0 0 0 0 0
0 0 1 0 0 0 0 0 0 8 0 0 7 0 0 0 0 0 1 0 0 0 0 0 0 0 0 0 0 0 0 0 1 0 0 0 0 0 0 0 0 1 1 0 1 1 0 0 0 1 5 24 8 3 0 0 0 0 4 5 2 2 0 0 0 0 0 0 0 0 3 3 0 0 0 0 0 0 0 0 0 0 0 0 0 0 0 1 31 6 2 21 173 233 50 0 0 1 0 0 0 0 2 5 3 0 0 7 0 92 210 5 0 0 0 0 0 0 0 0 0 0 0 0 0 0 0 0 0 0 0 0 0 0 0 0 0 0 0 0 0 0 0 5 0 0 0 0 0 0
0 0 0 0 0 0 0 0 0 0 0 0 0 3 0 0 0 0 0 0 0 0 0 0 0 0 0 0 0 0 0 0 0 0 0 0 0 0 0 0 0 0 0 0 0 0 0 0 0 0 2 5 27 0 0 0 0 0 1 7 2 0 0 0 0 0 0 0 0 0 0 0 0 0 0 0 0 0 0 0 0 0 0 0 0 0 0 0 0 1 10 47 624 0 0 5 1 0 0 0 0 0 0 7 7 1 0 5 22 5 195 116 0 0 0 0 0 0 0 0 0 0 0 0 0 0 0 0 0 0 0 0 0 0 0 0 0 0 0 0 0 0 0 0 0 0 0 0 0 0
0 0 0 0 0 0 0 0 0 0 0 2 4 0 0 0 0 0 0 0 0 0 0 1 2 0 0 0 0 0 0 0 0 0 0 0 0 0 0 0 0 0 2 0 0 0 0 0 0 0 1 10 0 0 0 2 0 0 3 56 5 0 0 0 0 0 0 0 0 0 4 96 8 0 0 0 0 0 0 0 0 0 0 0 0 0 0 0 1 1 11 30 7 9 5 0 0 0 0 0 0 0 0 0 0 0 0 0 0 0 0 0 0 0 0 0 0 0 0 0 0 0 0 0 0 0 0 0 0 0 0 0 0 0 0 0 0 0 0 0 0 0 0 0 0 0 0 0 0 0
0 0 0 0 0 0 0 0 0 0 3 0 0 0 0 0 0 0 0 0 0 1 13 25 0 0 0 0 0 0 0 0 0 0 0 0 1 0 0 0 0 0 0 0 0 0 0 0 0 0 0 27 1 2 1 7 0 1 0 0 3 11 14 0 0 0 0 0 0 0 0 8 7 0 5 0 0 0 0 0 0 0 0 0 0 0 0 0 0 2 2 24 21 19 18 1 1 0 0 0 0 0 0 0 0 0 0 0 0 0 0 0 0 0 0 0 0 0 0 0 0 0 0 0 0 0 0 0 0 0 0 0 0 0 0 0 0 0 0 0 0 0 0 0 0 0 0 0 0 0
0 0 0 0 0 0 0 0 0 0 0 1 1 0 0 0 0 0 0 3 0 0 3 3 2 0 0 0 0 0 0 0 0 0 0 0 0 0 0 0 0 0 0 0 0 0 0 0 0 0 0 26 25 1 6 1 2 0 0 0 2 43 61 0 0 0 0 0 0 0 0 0 0 1 6 0 0 0 0 0 0 0 0 0 0 0 0 0 0 1 15 5 0 30 38 6 0 0 0 0 0 0 0 0 0 0 0 0 0 0 0 0 0 0 0 0 0 0 0 0 0 0 0 0 0 0 0 0 0 0 0 0 0 0 0 0 0 0 0 0 0 0 0 0 0 0 0 0 0 0
0 0 0 0 0 0 0 0 0 0 0 0 7 0 0 0 0 0 0 0 0 0 0 0 0 0 0 0 0 0 1 0 0 0 0 0 0 0 0 0 0 0 0 0 0 0 0 0 0 3 7 29 134 23 30 3 0 1 0 0 0 14 0 0 0 0 0 0 0 0 0 1 0 2 0 0 0 0 0 0 0 0 0 0 0 0 0 0 0 0 0 7 28 20 10 12 0 0 0 0 0 0 0 0 0 0 0 0 0 0 0 0 0 0 0 0 0 0 0 0 0 0 0 0 0 0 0 0 0 0 0 0 0 0 0 0 0 0 0 0 0 0 0 0 0 0 0 0 0 0
0 0 0 0 0 0 0 0 0 0 0 0 8 150 0 3 3 1 3 0 0 1 0 0 0 0 0 0 0 0 0 0 1 0 0 0 0 0 0 0 1 0 0 0 0 0 0 0 2 9 0 23 145 0 25 1 1 0 0 0 5 6 5 0 0 0 0 0 0 0 0 0 0 0 0 0 0 0 0 0 0 0 1 0 0 0 0 0 0 0 0 5 5 5 3 4 7 2 1 11 0 0 0 0 0 0 0 0 0 0 0 0 0 0 0 0 0 0 0 0 0 0 0 0 0 0 0 0 0 0 0 0 0 0 0 0 0 0 0 0 0 0 0 0 0 0 0 0 0 0
0 0 0 0 0 0 0 0 0 4 0 1 0 1 4 0 4 0 1 0 0 0 0 1 1 0 0 0 0 0 0 0 0 0 0 1 0 0 1 0 0 0 0 0 0 0 0 3 0 0 0 23 22 0 0 0 0 0 3 2 10 3 0 2 0 0 0 0 0 0 0 0 0 0 0 0 0 0 0 0 0 0 0 0 0 0 0 0 0 0 0 0 0 0 0 5 10 3 9 0 7 0 0 0 0 0 0 0 0 0 0 0 0 0 0 0 0 0 0 0 0 0 0 0 0 0 0 0 0 0 0 0 0 0 0 0 0 0 0 0 0 0 0 0 0 0 0 0 0 0
0 0 0 0 0 0 0 0 0 0 3 1 0 0 0 0 0 0 0 0 0 0 0 0 1 0 0 0 0 0 1 0 2 3 5 1 0 2 0 0 0 0 0 0 0 0 24 6 1 0 0 0 0 0 0 0 0 0 0 0 9 0 2 0 0 0 0 0 0 0 0 0 0 0 0 0 0 0 0 0 0 0 0 0 0 0 0 0 0 0 0 1 0 0 0 7 18 102 0 0 8 0 0 0 0 0 0 0 0 0 0 0 0 0 0 0 0 0 0 0 0 0 0 0 0 0 0 0 0 0 0 0 0 0 0 0 0 0 0 0 0 0 0 0 8 14 0 0 0 0
0 0 0 0 0 0 0 0 0 0 0 1 0 0 0 0 0 0 0 8 5 5 0 1 1 0 0 0 0 0 0 3 0 0 1 0 0 2 0 0 0 0 0 0 2 1 1 0 0 0 0 0 0 0 0 0 0 0 0 0 42 2 0 0 0 0 0 0 0 0 0 0 3 0 0 0 0 0 0 0 0 0 0 0 0 0 0 0 1 0 0 0 0 0 2 10 4 3 0 2 8 0 0 0 0 0 0 0 0 0 0 0 0 0 0 0 0 0 0 0 0 0 0 0 0 0 0 0 0 0 0 0 0 0 0 0 0 0 0 0 0 0 0 0 0 0 0 0 0 0
0 0 0 0 0 0 0 0 0 0 0 4 0 0 0 0 3 0 4 1 0 0 0 0 0 0 0 0 0 0 0 0 0 0 0 0 0 0 0 0 0 0 0 0 1 0 0 0 0 0 0 0 0 0 0 0 0 0 0 0 10 0 0 0 0 0 0 0 0 0 4 11 0 0 0 0 0 0 0 0 0 0 0 0 0 0 0 0 0 0 0 0 0 0 7 0 1 0 0 0 2 9 0 0 0 0 0 0 0 0 0 0 0 0 0 0 0 0 0 0 0 0 0 0 0 0 0 0 0 0 0 0 0 0 0 0 0 0 0 0 0 0 0 0 0 0 0 0 0 0
0 0 0 0 0 0 0 0 0 0 0 1 3 0 0 1 5 0 0 0 0 0 0 0 0 0 0 0 0 0 0 0 0 0 0 0 0 0 0 0 0 0 0 0 6 1 0 0 0 0 0 0 0 0 0 0 0 0 0 2 5 0 0 0 0 0 0 0 0 0 8 0 0 0 0 0 0 0 0 0 0 0 0 0 0 1 0 0 0 0 0 0 0 0 0 3 10 0 0 0 0 0 0 0 0 0 0 0 0 0 0 0 0 0 0 0 0 0 0 0 0 0 0 0 0 0 0 0 0 0 0 0 0 0 0 0 0 0 0 0 0 0 0 0 0 0 0 0 0 0
1 0 0 0 0 0 0 0 0 0 0 0 21 2 1 9 9 1 0 0 0 0 0 0 0 0 0 0 0 0 0 0 0 0 0 0 0 0 0 0 0 0 0 2 1 0 0 0 0 0 0 0 0 0 0 0 0 0 0 8 4 0 0 0 0 0 0 0 44 0 0 0 0 0 0 0 0 0 0 0 0 0 0 0 0 0 0 0 0 0 0 0 0 0 0 0 8 5 6 0 0 0 0 0 0 0 0 0 0 0 0 0 0 0 0 0 0 0 0 0 0 0 0 0 0 0 0 0 0 0 0 0 0 0 0 0 0 0 0 0 0 0 0 0 0 0 0 0 0 0
0 0 0 0 0 0 0 0 0 0 0 0 7 1 0 0 1 5 6 0 0 0 0 0 0 0 0 0 0 0 0 0 0 0 0 0 2 1 0 3 0 0 1 2 0 0 0 0 0 0 0 0 0 0 0 0 0 0 0 0 11 17 4 0 0 0 0 1 150 102 0 0 0 0 0 0 0 0 0 0 0 0 0 0 0 0 0 0 0 0 0 0 0 0 0 0 0 0 1 0 0 0 0 0 0 0 0 0 0 0 0 0 0 0 0 0 0 0 0 0 0 0 0 0 0 0 0 0 0 0 0 0 0 0 0 0 0 0 0 0 0 0 0 0 0 0 0 0 0 0
1 0 0 0 0 0 0 0 0 0 1 5 42 8 0 1 45 1 5 8 0 0 0 26 10 1 0 0 0 0 1 0 0 0 6 3 4 7 2 7 0 2 16 0 0 0 0 0 0 0 0 0 0 0 0 0 0 0 0 0 0 0 1 2 122 46 20 0 0 0 0 0 0 0 0 0 0 0 0 0 0 0 0 0 0 0 0 0 0 0 0 0 0 0 0 0 0 0 0 0 0 0 0 0 0 0 0 0 0 0 0 0 0 0 0 0 0 0 0 0 0 0 0 0 0 0 0 0 0 0 0 0 0 0 0 0 0 0 0 0 0 0 0 0 0 0 0 0 0 0
6 39 2 1 1 0 0 0 0 0 0 0 7 0 0 0 2 2 2 6 13 128 79 12 3 0 0 0 0 0 0 0 0 0 1 3 22 3 0 6 0 6 2 0 0 0 0 0 0 0 0 0 0 0 0 0 0 0 0 0 0 0 0 0 1 8 0 0 0 0 0 0 0 0 0 0 0 0 0 0 0 0 0 0 0 0 0 0 0 0 0 0 0 0 0 0 0 0 0 0 0 0 0 0 0 0 0 0 0 0 0 0 0 0 0 0 0 0 0 0 0 0 0 0 0 0 0 0 0 0 0 0 0 0 0 0 0 0 0 0 0 0 0 0 0 0 0 0 0 0
18 17 14 0 2 0 0 0 0 0 0 0 4 0 0 4 3 2 0 3 3 29 15 5 13 2 0 0 6 20 1 0 0 0 0 0 4 0 0 2 13 25 0 0 0 0 0 0 0 0 0 0 0 0 0 0 0 0 0 0 0 0 0 0 0 0 0 0 0 0 0 0 0 0 0 0 0 0 0 0 0 0 0 0 0 0 0 0 0 2 0 0 0 0 0 0 0 0 0 0 0 0 0 0 0 0 0 0 0 0 0 0 0 0 0 0 0 0 0 0 0 0 0 0 0 0 0 0 0 0 0 0 0 0 0 0 0 0 0 0 0 0 0 0 0 0 0 0 0 0
0 0 0 0 0 0 0 0 0 0 0 0 13 0 0 0 0 4 0 6 0 8 4 3 2 14 4 0 1 32 0 0 0 0 1 3 1 0 0 0 0 0 0 0 0 0 0 0 0 0 0 0 0 0 0 0 0 0 0 0 0 0 0 0 0 1 0 0 0 0 0 0 0 0 0 0 0 0 0 0 0 0 0 0 0 0 0 0 0 0 0 0 0 0 0 0 0 0 0 0 0 0 0 0 0 0 0 0 0 0 0 0 0 0 0 0 0 0 0 0 0 0 0 0 0 0 0 0 0 0 0 0 0 0 0 0 0 0 0 0 0 0 0 0 0 0 0 0 0 0
0 0 0 0 0 0 0 0 0 0 0 0 0 5 0 0 1 5 0 5 0 0 0 0 8 3 5 12 22 0 4 0 0 10 8 3 0 0 0 0 0 0 0 0 0 0 0 0 0 0 0 0 0 0 0 0 0 0 0 0 0 0 0 0 0 0 0 0 0 0 0 0 0 0 0 0 0 0 0 0 0 0 0 0 0 0 0 0 0 0 0 0 0 0 0 0 0 0 0 0 0 0 0 0 0 0 0 0 0 0 0 0 0 0 0 0 0 0 0 0 0 0 0 0 0 0 0 0 0 0 0 0 0 0 0 0 0 0 0 0 0 0 0 0 0 0 0 0 0 0
0 0 0 0 0 0 0 0 0 0 0 0 0 2 0 0 0 0 0 0 0 0 0 0 1 0 0 12 198 41 4 4 4 29 2 2 8 0 0 0 0 0 0 0 0 0 0 0 0 0 0 0 0 0 0 0 0 0 0 0 0 0 0 0 0 0 0 0 0 0 0 0 0 0 0 0 0 0 0 0 0 0 0 0 0 0 0 0 0 0 0 0 0 0 0 0 0 0 0 0 0 0 0 0 0 0 0 0 0 0 0 0 0 0 0 0 0 0 0 0 0 0 0 0 0 0 0 0 0 0 0 0 0 0 0 0 0 0 0 0 0 0 0 0 0 0 0 0 0 0
0 1 0 0 0 0 0 0 0 0 0 0 0 1 0 0 0 0 0 0 0 0 0 0 0 2 4 4 0 1 5 0 0 5 0 0 4 0 0 0 0 0 0 0 0 0 0 0 0 0 0 0 0 0 0 0 0 0 0 0 0 0 0 0 0 0 0 0 0 0 0 0 0 0 0 0 0 0 0 0 0 0 0 0 0 0 0 0 0 0 0 0 0 0 0 0 0 0 0 0 0 0 0 0 0 0 0 0 0 0 0 0 0 0 0 0 0 0 0 0 0 0 0 0 0 0 0 0 0 0 0 0 0 0 0 0 0 0 0 0 0 0 0 0 0 0 0 0 0 0
0 0 0 0 0 0 0 3 0 0 0 0 1 2 0 0 0 0 0 0 0 0 0 0 3 2 11 2 1 1 15 0 0 0 0 0 3 2 0 0 0 0 0 0 0 0 0 0 0 0 0 0 0 0 0 0 0 0 0 0 0 0 0 0 0 0 0 0 0 0 0 0 0 0 0 0 0 0 0 0 0 0 0 0 0 0 0 0 0 0 0 0 0 0 0 0 0 0 0 0 0 0 0 0 0 0 0 0 0 0 0 0 0 0 0 0 0 0 0 0 0 0 0 0 0 0 0 0 0 0 0 0 0 0 0 0 0 0 0 0 0 0 0 0 0 0 0 0 0 0
0 0 0 0 0 0 0 0 0 0 0 0 5 7 0 0 0 0 0 0 0 0 0 0 0 0 0 0 0 0 0 0 9 0 0 1 1 1 0 0 0 0 0 0 0 0 0 0 0 0 0 0 0 0 0 0 0 0 0 0 0 0 0 0 0 0 0 0 0 0 0 0 0 0 0 0 0 0 0 0 0 0 0 0 0 0 0 0 0 0 0 0 0 0 0 0 0 0 0 0 0 0 0 0 0 0 0 0 0 0 0 0 0 0 0 0 0 0 0 0 0 0 0 0 0 0 0 0 0 0 0 0 0 0 0 0 0 0 0 0 0 0 0 0 0 0 0 0 0 0
0 0 0 0 0 0 0 0 0 0 1 8 2 0 0 0 0 0 0 0 0 0 0 0 0 0 0 14 4 3 4 0 0 0 0 0 1 0 0 0 0 0 0 0 0 0 0 0 0 0 0 0 0 0 0 0 0 0 0 0 0 0 0 0 0 0 0 0 0 0 0 0 0 0 0 0 0 0 0 0 0 0 0 0 0 0 0 0 0 0 0 0 0 0 0 0 0 0 0 0 0 0 0 0 0 0 0 0 0 0 0 0 0 0 0 0 0 0 0 0 0 0 0 0 0 0 0 0 0 0 0 0 0 0 0 0 0 0 0 0 0 0 0 0 0 0 0 0 0 0
0 0 0 0 0 0 0 0 0 1 1 2 0 0 0 0 0 0 0 0 0 0 0 0 0 0 0 15 1 0 0 0 6 3 0 0 0 0 0 0 0 0 0 0 0 0 0 0 0 0 0 0 0 0 0 0 0 0 0 0 0 0 0 0 0 0 0 0 0 0 0 0 0 0 0 0 0 0 0 0 0 0 0 0 0 0 0 0 0 0 0 0 0 0 0 0 0 0 0 0 0 0 0 0 0 0 0 0 0 0 0 0 0 0 0 0 0 0 0 0 0 0 0 0 0 0 0 0 0 0 0 0 0 0 0 0 0 0 0 0 0 0 0 0 0 0 0 0 0 0
0 0 0 0 0 0 0 0 0 0 6 1 0 0 0 0 0 0 0 0 0 0 0 0 0 0 0 0 0 0 0 0 0 2 0 0 0 0 0 0 0 0 0 0 0 0 0 0 0 0 0 0 0 0 0 0 0 0 0 0 0 0 0 0 0 0 0 0 0 0 0 0 0 0 0 0 0 0 0 0 0 0 0 0 0 0 0 0 0 0 0 0 0 0 0 0 0 0 0 0 0 0 0 0 0 0 0 0 0 0 0 0 0 0 0 0 0 0 0 0 0 0 0 0 0 0 0 0 0 0 0 0 0 0 0 0 0 0 0 0 0 0 0 0 0 0 0 0 0 0
0 0 0 0 0 0 0 0 0 1 9 0 0 1 0 0 0 0 0 0 0 0 0 0 0 0 0 0 0 0 0 0 0 0 0 0 0 0 0 0 0 0 0 0 0 0 0 0 0 0 0 0 0 0 0 0 0 0 0 0 0 0 0 0 0 0 0 0 0 0 0 0 0 0 0 0 0 0 0 0 0 0 0 0 0 0 0 0 0 0 0 0 0 0 0 0 0 0 0 0 0 0 0 0 0 0 0 0 0 0 0 0 0 0 0 0 0 0 0 0 0 0 0 0 0 0 0 0 0 0 0 0 0 0 0 0 0 0 0 0 0 0 0 0 0 0 0 0 0 0
0 0 0 0 0 0 0 0 0 0 4 0 0 0 0 0 0 0 0 0 0 0 0 0 0 0 0 0 0 0 0 0 0 0 0 0 0 0 0 0 0 0 0 0 0 0 0 0 0 0 0 2 0 0 0 1 0 0 0 0 0 0 0 0 0 0 0 0 0 0 0 0 0 0 0 0 0 0 0 0 0 0 0 0 0 0 0 0 0 0 0 0 0 0 0 0 0 0 0 0 0 0 0 0 0 0 0 0 0 0 0 0 0 0 0 0 0 0 0 0 0 0 0 0 0 0 0 0 0 0 0 0 0 0 0 0 0 0 0 0 0 0 0 0 0 0 0 0 0 0
0 0 0 0 0 0 0 0 35 32 2 0 0 0 0 0 0 0 0 0 0 0 0 0 0 0 0 0 0 0 0 0 0 0 0 0 0 0 0 0 0 0 0 0 0 0 0 0 2 0 0 0 0 0 0 0 0 0 0 0 0 0 0 0 0 0 0 0 0 0 0 0 0 0 0 0 0 0 0 0 0 0 0 0 0 0 0 0 0 0 0 0 0 0 0 0 0 0 0 0 0 0 0 0 0 0 0 0 0 0 0 0 0 0 0 0 0 0 0 0 0 0 0 0 0 0 0 0 0 0 0 0 0 0 0 0 0 0 0 0 0 0 0 0 0 0 0 0 0 0
0 0 0 0 0 3 10 24 85 2 0 0 0 0 0 0 0 0 0 0 0 0 0 0 0 0 0 0 0 0 0 0 0 0 0 0 0 0 0 0 0 0 0 0 0 0 0 0 0 45 67 0 0 0 1 0 0 0 0 0 0 0 0 0 0 0 0 0 0 0 0 0 0 0 0 0 0 0 0 0 0 0 0 0 0 0 0 0 0 0 0 0 0 0 0 0 0 0 0 0 0 0 0 0 0 0 0 0 0 0 0 0 0 0 0 0 0 0 0 0 0 0 0 0 0 0 0 0 0 0 0 0 0 0 0 0 0 0 0 0 0 0 0 0 0 0 0 0 0 0
0 0 0 0 0 1 28 41 0 0 0 0 0 0 0 0 0 0 0 0 0 0 0 0 0 0 0 0 0 0 0 0 0 0 0 0 0 0 0 0 0 0 0 0 0 0 0 0 0 0 0 0 0 0 0 0 0 0 0 0 0 0 0 0 0 0 0 0 0 0 0 0 0 0 0 0 0 0 0 0 0 0 0 0 0 0 0 0 0 0 0 0 0 0 0 0 0 0 0 0 0 0 0 0 0 0 0 0 0 0 0 0 0 0 0 0 0 0 0 0 0 0 0 0 0 0 0 0 0 0 0 0 0 0 0 0 0 0 0 0 0 0 0 0 0 0 0 0 0 0
0 0 0 0 0 0 0 0 0 0 0 0 0 0 0 0 0 0 0 0 0 0 0 0 0 0 0 0 0 0 0 0 0 0 0 0 0 0 0 0 0 0 0 0 0 0 0 0 0 0 1 0 60 66 0 0 0 0 0 0 0 0 0 0 0 0 0 0 0 0 0 0 0 0 0 0 0 0 0 0 0 0 0 0 0 0 0 0 0 0 0 0 0 0 0 0 0 0 0 0 0 0 0 0 0 0 0 0 0 0 0 0 0 0 0 0 0 0 0 0 0 0 0 0 0 0 0 0 0 0 0 0 0 0 0 0 0 0 0 0 0 0 0 0 0 0 0 0 0 0
0 0 0 0 0 0 0 0 0 0 0 0 0 0 0 0 0 0 0 0 0 0 0 0 0 0 0 0 0 0 0 0 0 0 0 0 0 0 0 0 0 0 0 0 0 0 0 0 0 0 0 0 0 5 0 0 0 0 0 0 0 0 0 0 0 0 0 0 0 0 0 0 0 0 0 0 0 0 0 0 0 0 0 0 0 0 0 0 0 0 0 0 0 0 0 0 0 0 0 0 0 0 0 0 0 0 0 0 0 0 0 0 0 0 0 0 0 0 0 0 0 0 0 0 0 0 0 0 0 0 0 0 0 0 0 0 0 0 0 0 0 0 0 0 0 0 0 0 0 0
0 0 0 0 0 0 0 0 0 0 0 0 0 0 0 0 0 0 0 0 0 0 0 0 0 0 0 0 0 0 0 0 0 0 0 0 0 2 0 0 0 0 0 0 0 0 0 0 1 0 0 0 4 0 0 0 0 0 0 0 0 0 0 0 0 0 0 0 0 0 0 0 0 0 0 0 0 0 0 0 0 0 0 0 0 0 0 0 0 0 0 0 0 0 0 0 0 0 0 0 0 0 0 0 0 0 0 0 0 0 0 0 0 0 0 0 0 0 0 0 0 0 0 0 0 0 0 0 0 0 0 0 0 0 0 0 0 0 0 0 0 0 0 0 0 0 0 0 0 0
0 0 0 0 0 0 0 0 0 0 0 0 0 0 0 0 0 0 0 0 0 0 0 0 0 0 0 0 0 0 0 0 1 0 0 0 0 0 0 0 0 0 0 0 0 0 0 0 0 0 0 0 2 0 0 0 0 0 0 0 0 0 0 0 0 0 0 0 0 0 0 0 0 0 0 0 0 0 0 0 0 0 0 0 0 0 0 0 0 0 0 0 0 0 0 0 0 0 0 0 0 0 0 0 0 0 0 0 0 0 0 0 0 0 0 0 0 0 0 0 0 0 0 0 0 0 0 0 0 0 0 0 0 0 0 0 0 0 0 0 0 0 0 0 0 0 0 0 0 0
0 0 0 0 0 0 0 0 0 0 0 0 0 0 0 0 0 0 0 0 0 0 0 0 0 0 0 0 0 0 0 0 0 0 0 0 0 0 0 0 0 0 0 0 0 0 0 0 0 0 0 0 0 1 0 0 0 0 0 0 0 0 0 0 0 0 0 0 0 0 0 0 0 0 0 0 0 0 0 0 0 0 0 0 0 0 0 0 0 0 0 0 0 0 0 0 0 0 0 0 0 0 0 0 0 0 0 0 0 0 0 0 0 0 0 0 0 0 0 0 0 0 0 0 0 0 0 0 0 0 0 0 0 0 0 0 0 0 0 0 0 0 0 0 0 0 0 0 0 0
0 0 0 0 0 0 0 0 0 0 0 0 0 0 0 0 0 0 0 0 0 0 0 0 0 0 0 0 0 0 16 13 4 0 0 0 0 0 0 0 0 0 0 0 0 0 0 0 0 0 0 0 0 0 0 0 0 0 0 0 0 0 0 0 0 0 0 0 0 0 0 0 0 0 0 0 0 0 0 0 0 0 0 0 0 0 0 0 0 0 0 0 0 0 0 0 0 0 0 0 0 0 0 0 0 0 0 0 0 0 0 0 0 0 0 0 0 0 0 0 0 0 0 0 0 0 0 0 0 0 0 0 0 0 0 0 0 0 0 0 0 0 0 0 0 0 0 0 0 0
0 0 0 0 0 0 0 0 0 0 0 0 0 0 0 0 0 0 0 0 0 0 0 0 0 0 0 0 0 0 4 3 0 0 0 0 4 0 0 0 0 0 0 0 0 0 0 0 0 0 0 0 0 0 0 0 0 0 0 0 0 0 0 0 0 0 0 0 0 0 0 0 0 0 0 0 0 0 0 0 0 0 0 0 0 0 0 0 0 0 0 0 0 0 0 0 0 0 0 0 0 0 0 0 0 0 0 0 0 0 0 0 0 0 0 0 0 0 0 0 0 0 0 0 0 0 0 0 0 0 0 0 0 0 0 0 0 0 0 0 0 0 0 0 0 0 0 0 0 0
0 0 0 0 0 0 0 0 0 0 0 0 0 0 0 0 0 0 0 0 0 0 0 0 0 0 0 0 0 3 0 0 0 0 0 0 0 0 0 0 0 0 0 0 0 0 0 0 0 0 0 0 0 0 0 0 0 0 0 0 0 0 0 0 0 0 0 0 0 0 0 0 0 0 0 0 0 0 0 0 0 0 0 0 0 0 0 0 0 0 0 0 0 0 0 0 0 0 0 0 0 0 0 0 0 0 0 0 0 0 0 0 0 0 0 0 0 0 0 0 0 0 0 0 0 0 0 0 0 0 0 0 0 0 0 0 0 0 0 0 0 0 0 0 0 0 0 0 0 0
0 0 0 0 0 0 0 0 0 0 0 0 0 0 0 0 0 0 0 0 0 0 0 0 0 0 0 0 0 320 113 0 0 0 0 0 0 0 0 0 0 0 0 0 0 0 0 0 1 0 0 0 0 0 0 0 0 0 0 0 0 0 0 0 0 0 0 0 0 0 0 0 0 0 0 0 0 0 0 0 0 0 0 0 0 0 0 0 0 0 0 0 0 0 0 0 0 0 0 0 0 0 0 0 0 0 0 0 0 0 0 0 0 0 0 0 0 0 0 0 0 0 0 0 0 0 0 0 0 0 0 0 0 0 0 0 0 0 0 0 0 0 0 0 0 0 0 0 0 0
0 0 0 0 0 0 0 0 0 0 0 0 0 0 0 0 0 0 0 0 0 0 0 0 0 0 17 0 0 0 0 0 0 1 0 0 0 0 0 0 0 0 0 0 0 0 0 0 0 62 0 0 0 0 0 0 0 0 0 0 0 0 0 0 0 0 0 0 0 0 0 0 0 0 0 0 0 0 0 0 0 0 0 0 0 0 0 0 0 0 0 0 0 0 0 0 0 0 0 0 0 0 0 0 0 0 0 0 0 0 0 0 0 0 0 0 0 0 0 0 0 0 0 0 0 0 0 0 0 0 0 0 0 0 0 0 0 0 0 0 0 0 0 0 0 0 0 0 0 0
0 0 0 0 0 0 0 0 0 0 0 0 0 0 0 0 0 0 0 0 0 0 0 0 0 0 10 0 0 0 0 0 0 0 0 0 0 0 0 0 0 0 0 0 0 0 0 0 1 0 0 0 0 0 0 0 0 0 0 0 0 0 0 0 0 0 0 0 0 0 0 0 0 0 0 0 0 0 0 0 0 0 0 0 0 0 0 0 0 0 0 0 0 0 0 0 0 0 0 0 0 0 0 0 0 0 0 0 0 0 0 0 0 0 0 0 0 0 0 0 0 0 0 0 0 0 0 0 0 0 0 0 0 0 0 0 0 0 0 0 0 0 0 0 0 0 0 0 0 0
0 0 0 0 0 0 0 0 0 0 0 0 0 0 0 0 0 0 0 0 0 0 0 0 0 0 0 1 4 0 0 0 0 0 0 0 0 0 0 0 0 0 0 0 0 0 0 0 0 0 0 0 0 0 0 0 0 0 0 0 0 0 0 0 0 0 0 0 0 0 0 0 0 0 0 0 0 0 0 0 0 0 0 0 0 0 0 0 0 0 0 0 0 0 0 0 0 0 0 0 0 0 0 0 0 0 0 0 0 0 0 0 0 0 0 0 0 0 0 0 0 0 0 0 0 0 0 0 0 0 0 0 0 0 0 0 0 0 0 0 0 0 0 0 0 0 0 0 0 0
0 0 0 0 0 0 0 0 0 0 0 0 0 0 0 0 0 0 0 0 0 0 0 0 0 0 0 0 0 0 0 0 0 0 0 0 0 0 0 0 0 0 0 0 0 0 0 0 0 0 0 0 0 0 0 0 0 0 0 0 0 0 0 0 0 0 0 0 0 0 0 0 0 0 0 0 0 0 0 0 0 0 0 0 0 0 0 0 0 0 0 0 0 0 0 0 0 0 0 0 0 0 0 0 0 0 0 0 0 0 0 0 0 0 0 0 0 0 0 0 0 0 0 0 0 0 0 0 0 0 0 0 0 0 0 0 0 0 0 0 0 0 0 0 0 0 0 0 0 0
0 0 0 0 0 0 0 0 0 0 0 0 0 0 0 0 0 0 0 0 0 0 0 0 0 0 0 0 0 0 0 0 0 0 0 0 0 0 0 0 0 0 0 0 0 0 0 0 0 0 1 0 0 0 0 0 0 0 0 0 0 0 0 0 0 0 0 0 0 0 0 0 0 0 0 0 0 0 0 0 0 0 0 0 0 0 0 0 0 0 0 0 0 0 0 0 0 0 0 0 0 0 0 0 0 0 0 0 0 0 0 0 0 0 0 0 0 0 0 0 0 0 0 0 0 0 0 0 0 0 0 0 0 0 0 0 0 0 0 0 0 0 0 0 0 0 0 0 0 0
0 0 0 0 0 0 0 0 0 0 0 0 0 0 0 0 0 0 0 0 0 0 0 0 0 0 0 0 0 0 0 0 0 0 0 0 0 0 0 0 0 0 0 0 0 0 0 0 0 0 0 0 0 0 0 0 0 0 0 0 0 0 0 0 0 0 0 0 0 0 0 0 0 0 0 0 0 0 0 0 0 0 0 0 0 0 0 0 0 0 0 0 0 0 0 0 0 0 0 0 0 0 0 0 0 0 0 0 0 0 0 0 0 0 0 0 0 0 0 0 0 0 0 0 0 0 0 0 0 0 0 0 0 0 0 0 0 0 0 0 0 0 0 0 0 0 0 0 0 0
0 0 0 0 0 0 0 0 0 0 0 0 0 0 0 0 0 0 0 0 0 0 0 0 0 0 0 0 0 0 0 0 0 0 0 0 0 0 0 0 0 0 0 0 0 0 0 0 0 0 0 0 0 0 0 0 0 0 0 0 0 0 0 0 0 0 0 0 0 0 0 0 0 0 0 0 0 0 0 0 0 0 0 0 0 0 0 0 0 0 0 0 0 0 0 0 0 0 0 0 0 0 0 0 0 0 0 0 0 0 0 0 0 0 0 0 0 0 0 0 0 0 0 0 0 0 0 0 1 0 0 0 0 0 0 0 0 0 0 0 0 0 0 0 0 0 0 0 0 0
0 0 0 0 0 0 0 0 0 0 0 0 0 0 0 0 0 0 0 0 0 0 0 0 0 0 0 0 0 0 0 0 0 0 0 0 0 0 0 0 0 0 0 0 0 0 0 0 0 0 0 0 0 0 0 0 0 0 0 0 0 0 0 0 0 0 0 0 0 0 0 0 0 0 0 0 0 0 0 0 0 0 0 0 0 0 0 0 0 0 0 0 0 0 0 0 0 0 0 0 0 0 0 0 0 0 0 0 0 0 0 0 0 0 0 0 0 0 0 0 0 0 0 0 0 0 0 0 0 0 0 0 0 0 0 0 0 0 0 0 0 0 0 0 1 0 0 0 0 0
