0 0 13 0 0 0 0 0 5 34 1 1 0 4 0 0 0 1 0 0 1 0 0 0 0 5 0 0 0 0 0 0 0 0 3 4 0 0 0 1 0 0 0 1 2 0 0 0 0 0 0 0 0 0 0 1 0 0 0 2 26 7 2 0 0 2 3 0 0 0 0 1 10 49 85 149 33 19 21 3 9 82 15 11 33 69 209 69 22 183 508 184 18 190 275 652 509 133 424 96 51 31 36 11 11 5 14 198 73 55 6 1 8 37 56 7 8 2 1 0 2 28 14 12 2 2 0 1 11 2 1 8 1 1 3 0 0 8 0 0 1 0 0 0 0 0 0 0 0 3
0 1 1 2 0 0 0 0 0 4 0 3 1 3 0 0 0 0 1 0 0 0 8 0 4 20 1 1 0 0 0 0 0 0 0 0 0 0 19 0 0 0 0 0 0 0 0 0 0 0 0 0 0 0 1 0 0 0 0 26 36 2 3 4 4 0 0 0 0 0 0 1 24 11 9 0 171 52 1 3 21 11 0 0 46 67 134 38 77 138 34 11 79 120 106 86 115 170 407 169 93 17 21 8 15 11 2 9 13 3 4 6 0 6 10 9 2 5 0 11 5 1 15 1 2 2 0 1 5 13 7 3 30 28 0 0 0 0 0 21 1 0 0 0 0 0 0 0 0 0
0 0 0 0 0 0 0 0 0 0 1 0 8 0 0 0 0 0 0 0 1 3 37 6 3 0 1 0 0 0 0 0 0 1 0 1 0 1 0 6 0 0 0 1 0 0 0 0 0 0 0 0 0 0 3 0 0 0 1 2 8 2 1 5 0 0 0 0 0 0 0 0 1 0 0 1 0 64 64 40 154 17 1 8 13 91 170 44 3 3 26 19 10 85 129 219 38 143 69 117 195 120 7 15 6 4 1 11 133 37 20 4 0 1 0 7 4 12 4 5 20 6 4 4 0 0 0 7 1 22 3 4 43 28 0 0 3 0 3 13 3 5 0 0 0 0 0 0 0 0
5 0 0 1 0 0 0 0 0 0 1 1 0 0 0 1 0 0 2 0 0 0 4 7 10 0 0 12 6 0 4 0 0 0 0 0 0 0 0 0 0 0 0 0 0 0 0 0 0 0 1 0 0 0 21 8 0 8 10 0 0 0 1 1 0 0 0 0 0 1 0 31 1 0 0 2 6 49 78 28 25 37 9 45 62 2 20 50 1 45 246 200 370 244 395 105 57 50 205 163 185 219 70 4 4 142 5 7 135 16 4 3 14 5 4 3 16 25 26 2 8 23 16 0 1 2 1 125 8 1 2 3 19 0 9 0 4 0 0 6 24 7 0 0 0 0 0 0 0 0
3 1 0 0 0 0 0 0 0 0 0 0 0 0 0 3 4 1 0 0 0 1 0 0 0 0 1 0 0 0 0 0 0 0 0 6 2 0 0 0 1 0 0 0 0 0 0 0 0 1 0 0 0 1 30 118 4 10 1 0 1 1 0 4 0 0 0 0 0 1 35 32 29 33 6 21 26 33 63 73 96 92 83 14 73 34 22 34 5 94 384 271 299 247 128 75 36 253 186 385 273 341 203 305 153 40 47 29 3 4 4 4 13 9 7 0 0 5 22 16 72 233 51 5 2 6 2 0 0 3 0 0 1 0 2 2 0 0 0 0 9 1 0 0 0 0 0 0 0 0
3 2 0 0 0 0 0 0 0 0 1 0 0 0 0 1 5 0 3 18 1 1 1 0 0 0 0 0 0 0 0 0 0 0 6 31 11 12 0 1 0 0 0 0 0 0 0 0 0 12 21 2 0 1 7 33 11 8 4 2 0 0 0 0 0 0 0 0 0 18 42 46 59 52 29 16 13 5 10 90 128 188 98 44 0 69 10 14 0 118 753 180 14 99 215 164 60 514 118 188 358 104 285 184 11 42 4 12 4 0 0 0 1 16 4 2 4 5 0 5 78 44 13 4 1 5 1 0 9 0 1 0 1 0 1 0 4 0 0 0 1 5 0 0 0 0 0 0 0 0
1 0 0 0 0 0 0 0 0 1 0 0 0 2 0 0 0 0 0 0 0 0 0 0 0 0 0 0 0 0 0 0 0 0 0 5 1 3 1 0 0 0 0 0 0 0 0 0 0 1 0 3 3 4 0 10 11 0 13 10 1 3 0 0 2 1 0 0 0 17 17 65 122 133 116 40 220 46 97 126 207 129 311 240 32 6 11 110 21 49 501 351 37 124 149 295 133 132 213 36 10 323 49 31 5 13 28 3 4 4 14 69 62 12 8 11 0 1 4 5 26 31 9 0 2 0 4 1 0 0 8 0 0 0 0 0 2 3 0 0 0 0 0 0 0 0 0 0 0 0
0 0 0 1 0 0 0 0 0 0 1 0 0 0 0 0 0 0 0 0 0 0 0 0 0 0 0 0 0 1 0 0 0 0 1 2 0 0 4 1 0 0 0 0 0 0 0 0 0 0 0 0 2 7 3 10 3 3 14 27 32 20 14 0 5 4 0 0 5 26 5 0 18 21 25 9 31 48 264 290 238 183 388 92 40 77 53 143 80 26 116 22 7 105 96 147 61 440 234 75 98 182 144 148 70 82 10 19 40 10 125 158 12 20 4 10 0 0 6 8 26 3 5 6 6 1 25 4 0 0 0 0 0 0 0 0 2 0 0 0 0 0 0 0 0 0 0 0 0 0
0 0 0 0 0 0 0 0 1 3 0 0 0 4 9 0 0 0 0 0 0 0 0 0 0 0 0 0 0 0 1 1 0 0 1 0 0 0 0 3 0 0 0 0 0 0 0 0 0 0 0 0 1 4 0 1 3 3 2 28 164 151 3 0 2 7 1 1 1 30 0 0 0 2 2 5 6 8 16 205 301 271 291 23 2 15 124 110 98 17 0 3 95 383 450 582 28 145 81 46 210 20 29 154 413 25 65 78 33 20 247 30 159 5 5 2 0 1 1 4 26 1 7 12 1 1 0 4 0 0 2 0 0 0 0 3 0 0 1 0 0 0 0 0 0 0 0 0 0 0
0 0 0 0 0 0 0 1 3 1 0 0 0 6 0 0 0 0 0 0 0 0 0 0 0 0 0 0 0 0 0 0 0 0 0 0 0 2 1 0 1 0 0 0 0 0 2 1 5 0 4 0 7 8 0 0 0 0 0 11 31 69 6 8 0 0 2 2 0 4 0 0 0 0 0 4 6 16 68 243 310 359 208 114 267 361 96 45 52 72 30 1 9 197 344 450 424 30 27 15 22 23 17 2 47 181 93 59 26 8 141 233 91 10 2 111 143 180 87 47 8 4 8 12 17 18 9 0 1 11 15 3 0 0 0 3 0 0 0 0 0 0 0 0 0 0 0 0 0 0
0 0 3 0 0 0 1 0 0 0 3 0 0 0 1 6 0 0 0 0 0 0 0 0 0 0 0 0 0 0 0 1 0 0 0 4 0 0 0 0 0 0 0 0 1 0 2 0 4 4 16 0 8 8 0 0 0 1 8 5 0 88 0 1 0 0 2 0 2 2 0 0 0 0 0 0 1 10 41 69 140 77 166 362 70 164 54 145 123 91 6 0 2 48 339 206 247 15 12 48 8 6 0 4 22 70 204 133 82 38 131 40 108 4 2 41 124 292 130 33 83 41 95 47 23 185 45 24 11 12 1 27 10 17 5 0 0 0 0 0 0 0 0 0 0 0 0 0 0 0
2 0 1 0 0 0 0 0 4 0 0 0 0 0 0 0 5 12 1 0 0 0 0 0 0 0 0 0 0 0 0 0 0 0 5 0 0 0 0 0 1 4 5 2 1 0 1 1 0 0 0 0 0 0 9 0 0 0 0 3 0 0 0 1 0 1 0 0 0 0 2 0 0 0 0 3 4 21 254 222 183 81 16 51 44 49 5 21 60 200 17 0 0 1 0 24 348 122 73 6 0 4 3 15 9 23 162 102 7 30 45 36 11 58 15 96 240 53 152 268 92 160 58 69 34 93 0 0 0 20 0 0 34 9 25 0 0 0 0 0 0 0 0 0 0 0 0 0 0 0
0 0 0 0 0 0 1 0 3 0 0 0 0 0 0 0 2 15 3 0 8 1 0 0 0 0 0 0 0 0 0 0 0 0 0 0 1 0 0 0 0 3 11 1 7 0 0 5 0 0 0 0 1 1 1 0 0 0 0 0 0 2 0 0 0 0 0 0 0 2 6 0 0 0 1 5 37 12 119 17 37 91 2 2 1 4 0 0 0 2 1 0 0 18 36 3 203 107 161 131 5 10 28 6 9 1 4 31 185 63 355 159 22 351 98 9 8 49 390 410 64 96 31 0 28 56 1 0 12 12 0 0 3 7 1 0 0 0 0 0 0 0 0 0 0 0 0 0 0 0
0 0 0 0 0 0 0 0 0 0 0 0 0 0 0 0 0 1 21 3 5 3 2 0 0 0 0 0 0 2 2 0 0 0 0 0 0 0 0 0 0 2 0 33 20 0 0 0 1 0 1 10 1 0 0 0 0 0 1 0 4 1 1 2 0 0 9 8 8 8 19 0 0 0 0 76 200 115 63 19 18 163 28 3 5 58 1 31 1 10 0 0 0 20 2 6 38 182 58 79 0 3 181 45 138 33 47 163 85 296 368 306 389 127 87 119 58 110 235 122 48 24 0 0 0 7 3 0 5 1 0 0 0 0 0 0 0 0 0 0 0 0 0 0 0 0 0 0 0 0
0 0 0 0 0 0 0 1 1 0 0 0 0 0 0 0 0 0 0 3 3 0 0 4 0 0 0 0 0 0 0 0 0 0 0 0 0 0 0 0 0 0 0 1 3 0 0 1 0 4 0 6 0 0 1 0 3 3 1 6 21 16 4 21 3 161 41 40 101 63 31 0 0 0 38 172 329 334 160 2 0 46 17 0 1 1 2 6 0 20 5 17 0 0 0 4 17 98 99 59 11 16 174 212 590 365 501 371 359 315 554 102 107 212 125 45 49 26 37 31 45 52 95 5 0 1 10 1 3 12 3 0 0 0 0 0 0 0 0 0 0 0 0 0 0 0 0 0 0 0
0 0 0 0 0 0 0 4 9 0 0 0 0 0 0 0 0 0 0 5 0 2 8 2 0 0 0 0 0 0 0 0 0 0 0 0 0 0 0 0 0 0 0 0 0 7 0 0 0 6 29 45 0 2 0 0 9 11 1 33 6 4 1 7 10 11 191 29 34 97 103 42 60 36 201 346 442 276 38 6 0 1 0 0 0 0 3 21 2 17 1 5 1 2 3 12 9 6 7 16 12 4 383 237 222 199 464 77 253 232 299 141 163 114 104 17 12 69 46 18 1 1 45 117 45 11 3 0 1 0 0 0 0 0 9 2 0 0 0 0 0 0 0 0 0 0 0 0 0 0
0 0 0 0 0 0 1 5 0 0 0 0 1 0 0 0 1 4 0 5 0 0 17 18 2 8 2 0 0 0 0 0 0 0 0 0 0 0 0 0 0 0 1 0 0 13 0 6 0 6 6 2 6 4 9 23 24 60 19 9 0 0 1 0 0 1 0 0 0 0 0 0 14 34 90 146 286 66 96 0 0 0 0 0 0 0 0 8 18 2 0 0 4 0 1 8 5 0 9 15 6 74 691 224 134 68 143 40 126 184 188 109 684 159 45 26 17 40 61 2 0 0 14 8 17 93 0 2 1 0 0 0 0 0 0 0 0 0 0 0 0 0 0 0 0 0 0 0 1 0
0 0 0 0 0 0 0 0 2 0 0 0 1 0 0 1 0 1 0 1 0 2 0 0 16 0 2 6 0 0 0 0 0 0 0 0 0 1 0 0 0 0 0 1 0 13 21 1 0 14 16 3 2 18 10 8 18 36 126 4 2 3 0 0 3 0 4 21 1 16 26 3 27 9 12 31 4 44 10 2 1 0 0 2 0 0 0 2 23 0 0 12 23 20 9 1 0 0 5 167 60 76 43 46 43 128 34 58 176 83 52 21 41 48 30 3 46 31 8 0 0 1 1 2 56 218 100 0 1 0 0 0 0 0 0 0 0 0 0 0 0 0 0 0 0 0 0 0 0 1
0 0 0 0 0 0 0 0 0 0 0 0 1 0 0 0 2 0 0 1 0 4 1 0 2 0 20 21 1 0 0 0 0 0 2 2 1 0 0 0 0 0 0 5 9 6 5 14 5 100 36 5 5 12 2 13 71 25 8 9 18 8 1 0 0 2 1 0 0 5 11 4 15 2 1 20 19 9 5 5 2 0 1 6 0 7 7 1 0 0 0 17 16 103 9 0 0 7 260 5 28 68 19 5 35 48 34 103 140 9 0 31 1 125 17 0 2 0 0 0 0 0 2 1 17 104 64 104 1 0 0 0 0 0 0 0 0 0 0 0 0 0 0 0 0 0 0 0 0 0
0 0 0 0 0 0 0 0 0 0 0 0 0 0 0 0 0 0 0 17 0 4 20 1 3 1 3 9 57 1 0 0 5 0 0 0 0 0 0 0 0 2 0 169 5 56 26 2 5 168 12 1 1 2 24 1 7 127 2 0 2 0 2 0 0 0 0 0 0 1 12 7 1 0 1 13 4 0 1 0 2 0 0 0 0 6 0 0 7 0 2 7 3 1 0 3 0 2 6 1 233 351 248 38 24 51 36 133 49 2 0 0 1 35 5 0 0 0 0 0 0 0 0 0 3 1 3 32 6 0 0 0 0 0 0 0 0 0 0 0 0 0 0 0 0 0 0 0 0 1
0 0 0 0 0 0 0 0 0 0 0 0 0 0 0 0 0 0 1 0 0 7 5 0 0 8 1 2 0 2 0 7 2 0 0 0 0 0 0 0 6 4 1 6 4 2 12 19 26 63 83 26 7 23 8 5 7 1 0 0 0 1 4 6 227 41 0 0 2 5 24 8 0 0 2 146 75 34 0 5 0 4 0 0 0 0 0 1 7 1 1 0 0 0 1 0 0 1 151 223 664 332 171 45 1 4 27 16 0 0 0 0 0 11 0 0 0 0 0 0 0 0 2 1 0 0 56 205 2 0 0 0 0 0 0 0 0 0 0 0 0 0 0 0 0 0 0 0 0 0
0 0 0 0 0 0 0 0 0 0 0 0 0 0 7 2 0 0 0 0 0 1 10 1 2 0 0 0 0 0 6 17 5 2 1 0 0 4 0 0 43 2 0 0 0 0 0 1 77 282 226 61 5 0 0 0 2 2 0 0 1 3 0 0 3 3 3 14 1 28 11 4 8 0 2 2 30 21 8 16 2 33 3 12 2 1 2 12 73 24 1 1 0 3 4 5 5 0 25 275 70 51 9 1 7 3 20 16 1 0 0 0 1 19 0 0 0 0 0 0 0 0 0 0 0 9 8 0 0 0 2 0 0 0 0 0 0 0 0 0 0 0 0 0 0 0 0 0 0 0
0 0 0 0 0 0 0 0 0 0 0 0 0 0 2 0 0 0 0 0 0 1 0 1 2 0 0 0 0 0 0 0 14 3 0 0 13 36 4 4 0 0 0 0 0 0 4 7 13 130 99 34 2 0 0 0 0 2 2 0 0 0 0 0 2 0 9 0 0 1 3 15 4 0 0 0 0 0 7 2 1 7 8 0 0 0 8 0 0 0 0 3 1 0 0 0 3 0 0 0 2 0 0 10 32 17 11 21 28 34 16 4 14 0 0 0 0 0 0 0 0 0 0 3 5 15 31 0 0 0 0 0 0 0 0 0 0 0 0 0 0 0 0 0 0 0 0 0 0 0
0 0 0 0 0 0 0 0 0 0 0 0 0 1 1 0 1 3 0 1 0 0 1 0 0 0 0 0 0 1 0 2 5 5 0 3 1 12 1 0 0 0 0 0 39 38 4 22 3 32 42 10 0 0 2 0 21 6 0 0 0 0 0 0 0 0 0 0 0 0 0 0 32 18 2 0 0 0 0 1 0 0 17 54 1 0 0 0 0 0 0 0 0 0 0 0 0 0 0 1 2 0 2 22 12 7 3 1 2 4 0 42 25 0 0 0 0 0 0 0 0 0 0 3 2 2 11 26 1 0 0 0 0 0 0 0 0 0 0 0 0 0 0 0 0 0 0 0 0 0
0 0 0 0 0 0 0 0 0 0 0 0 0 2 0 0 0 0 0 0 2 0 0 0 0 0 0 0 0 1 0 1 1 5 42 0 0 13 0 0 0 0 0 58 14 8 8 2 0 3 18 13 15 18 4 24 1 2 0 0 0 0 0 0 1 0 0 9 2 2 0 1 0 3 29 1 0 0 0 0 0 0 3 19 4 8 1 0 0 5 0 1 0 0 2 0 1 0 0 3 1 5 3 8 118 0 0 0 0 0 0 8 2 0 0 0 0 0 0 0 0 0 0 0 0 6 8 7 0 0 0 0 0 0 0 0 0 0 0 0 0 0 0 0 0 0 0 0 0 0
0 0 0 0 0 0 0 0 0 0 0 0 0 0 8 0 0 0 0 0 0 4 0 3 0 0 0 2 0 0 0 0 4 11 15 1 0 2 0 0 0 0 0 2 31 6 1 0 13 0 12 2 0 0 0 0 0 0 0 0 0 0 0 0 11 0 0 1 0 0 0 5 0 1 0 4 4 0 0 0 1 0 0 2 1 8 1 1 1 8 0 0 2 1 2 2 0 1 1 0 4 1 6 53 43 121 0 0 0 0 0 0 1 1 4 2 0 0 0 0 0 0 0 0 0 12 2 22 0 0 0 0 0 0 0 0 7 10 0 0 0 0 0 0 0 0 0 0 0 0
0 0 0 0 0 0 0 0 0 0 0 0 0 1 1 0 0 2 1 0 0 2 0 0 0 0 0 8 2 0 0 1 0 2 14 1 0 0 1 3 0 0 0 8 29 3 1 1 3 0 9 4 0 0 1 0 0 4 0 0 0 0 0 0 3 0 0 0 7 2 1 1 0 0 0 0 8 0 0 0 0 0 19 5 0 2 4 20 2 2 6 1 0 0 0 2 0 0 0 0 7 4 1 0 15 117 11 0 0 0 0 0 0 3 4 6 0 0 0 1 0 0 0 0 5 55 21 3 0 0 0 0 0 0 0 0 1 2 0 0 0 0 0 0 0 0 0 1 0 0
0 0 0 0 0 0 0 0 0 0 0 0 0 0 0 0 1 7 0 0 1 6 1 0 0 0 0 0 0 5 1 0 0 6 2 0 0 6 4 3 5 181 9 35 79 1 4 0 2 0 0 10 12 2 0 1 0 0 0 0 0 0 0 0 0 0 0 0 1 11 17 11 2 0 0 0 0 3 0 0 0 0 0 0 1 0 0 3 2 0 0 0 1 0 0 0 0 0 0 0 0 1 3 4 5 451 211 16 0 0 0 0 0 0 0 0 3 48 23 1 0 0 0 24 44 11 42 38 39 0 0 0 0 0 0 0 2 0 0 0 0 0 0 0 0 0 0 0 0 0
0 0 0 0 0 0 0 1 0 1 1 0 6 0 0 1 11 22 1 1 0 2 2 2 0 0 0 0 3 3 0 2 2 1 0 4 1 6 16 38 62 176 75 57 38 1 0 1 1 0 0 2 5 4 2 0 0 0 0 0 0 0 0 0 0 0 0 0 1 2 7 10 10 0 4 4 0 2 1 0 0 6 2 0 1 0 0 0 12 1 2 1 2 2 2 8 5 0 0 0 0 1 4 3 58 196 69 139 0 0 0 0 0 0 0 0 49 13 24 0 0 0 3 43 54 39 194 150 12 3 0 0 0 2 0 0 0 0 0 0 0 0 0 0 0 0 0 0 0 0
0 0 0 0 0 0 0 0 1 3 6 15 10 0 0 1 6 2 0 0 1 0 9 19 1 1 3 1 0 4 0 4 0 0 8 4 1 0 23 57 156 390 165 151 11 4 0 3 2 0 14 0 33 26 3 3 0 0 0 0 0 0 0 0 0 0 0 0 0 0 2 2 0 0 0 0 0 4 3 0 0 0 1 0 8 0 0 0 0 0 0 1 4 8 0 3 0 0 1 0 0 0 1 4 4 31 0 32 8 0 0 0 0 0 21 10 196 249 15 70 7 6 0 29 29 13 122 155 234 75 5 6 11 50 2 0 0 0 0 0 0 0 0 0 0 0 0 0 0 0
0 0 0 0 0 0 0 0 0 4 1 0 3 0 9 0 0 0 6 7 0 3 56 19 0 0 0 0 0 0 3 1 0 0 3 6 4 9 12 24 256 169 131 70 29 3 4 0 0 3 0 0 3 0 0 1 0 0 0 0 0 0 0 0 0 0 0 0 0 0 1 0 0 0 0 0 1 2 2 0 1 9 3 2 3 0 0 0 7 9 1 0 1 2 1 0 1 0 0 0 0 1 0 0 0 0 0 0 6 0 0 1 2 0 25 294 114 96 34 68 47 38 8 1 1 0 18 27 3 10 0 42 108 10 22 0 0 0 0 0 0 0 0 0 0 0 0 0 0 0
0 0 0 0 0 0 2 0 0 3 1 2 2 0 1 1 0 0 4 2 108 95 4 0 0 0 0 0 0 3 0 0 8 9 13 2 0 0 0 20 197 96 91 103 21 3 2 0 0 2 3 0 5 1 4 3 1 0 0 0 0 0 0 0 0 0 0 0 0 0 1 0 0 0 0 0 0 2 16 0 12 5 5 36 5 1 0 0 1 0 0 0 1 3 0 0 2 1 0 1 2 0 0 0 1 6 1 3 96 62 159 189 40 150 119 233 111 114 34 139 19 39 4 0 16 22 13 23 0 0 9 51 46 28 8 1 0 0 0 0 0 0 0 0 0 0 0 0 0 0
0 0 2 0 0 0 1 1 0 1 0 4 0 4 0 1 0 5 3 2 17 0 0 0 0 0 0 1 1 6 4 3 0 0 0 1 1 0 3 7 9 42 8 2 1 0 0 0 0 1 0 1 42 0 0 0 2 5 1 0 0 0 0 0 0 0 0 0 0 0 0 0 0 0 0 5 0 10 3 0 0 4 7 3 0 0 0 0 3 0 4 0 0 2 4 3 0 0 0 0 4 0 0 0 0 3 11 8 66 37 44 42 9 82 535 202 46 144 31 108 34 2 0 11 1 13 11 0 0 0 10 56 0 0 0 0 0 0 0 0 0 0 0 0 0 0 0 0 0 0
0 0 0 0 0 3 5 4 0 0 0 0 0 2 5 1 1 3 11 10 5 0 0 0 0 0 0 0 1 0 18 0 0 0 2 0 0 7 76 0 5 9 2 0 0 0 0 0 0 0 0 2 68 4 64 8 3 1 0 0 0 0 0 0 0 0 0 0 0 0 0 0 0 0 0 0 0 3 2 0 0 0 1 0 0 0 0 0 3 0 0 0 1 4 10 2 2 12 0 5 0 0 0 0 0 0 0 41 14 10 0 3 94 71 72 299 31 77 28 32 128 0 0 0 0 0 0 0 0 0 1 32 2 0 0 0 0 0 0 0 0 0 0 0 0 0 0 0 0 0
0 0 0 0 0 0 12 0 0 1 2 0 3 4 1 4 7 2 1 0 0 1 3 0 0 0 0 21 2 10 4 6 4 0 1 0 0 3 1 1 3 8 4 0 0 0 1 0 0 0 0 5 57 22 0 10 3 0 0 0 0 0 0 0 0 0 0 0 0 0 0 0 0 0 0 0 6 3 0 0 0 0 0 0 0 0 0 0 0 1 7 0 7 11 0 3 0 0 0 4 0 0 0 1 0 0 0 33 186 2 0 0 0 0 0 0 0 5 133 288 13 0 0 0 0 0 0 0 0 0 0 0 38 1 0 0 0 0 0 0 0 0 0 0 0 0 0 0 0 0
1 0 1 1 1 0 0 6 1 5 1 2 4 0 1 30 11 10 1 4 0 0 1 0 1 0 0 5 1 1 6 1 0 2 1 0 0 0 3 1 4 1 1 0 0 0 2 0 0 0 0 18 0 4 8 6 0 0 0 0 0 0 0 0 0 0 0 0 0 0 0 0 0 0 0 0 3 12 1 0 0 0 1 0 0 0 0 0 7 0 0 0 0 6 0 0 0 0 2 1 0 1 0 1 0 8 21 8 33 0 0 0 0 0 11 0 0 4 28 85 130 214 0 0 0 11 0 0 0 19 14 3 39 1 0 0 0 0 0 0 0 0 0 0 0 0 0 0 0 0
0 0 0 0 0 1 0 0 0 1 9 1 0 3 4 18 21 7 2 0 1 0 2 0 1 13 0 0 0 0 1 0 0 0 3 1 0 0 0 1 0 6 5 0 0 1 0 0 0 0 2 9 9 22 8 11 2 0 0 0 0 0 0 0 0 0 0 0 0 0 0 0 0 0 0 0 0 10 44 0 0 8 0 0 0 0 0 18 4 0 2 2 0 2 0 3 0 0 0 2 1 0 3 1 1 1 15 3 13 0 0 0 0 4 29 14 66 156 32 92 142 72 0 99 115 21 0 0 0 32 53 0 0 0 0 0 0 0 0 0 0 0 0 0 0 0 0 0 0 0
0 0 0 0 0 0 0 3 1 1 3 32 5 8 0 0 2 0 3 0 1 0 0 2 2 0 2 0 10 3 0 0 0 0 0 0 0 0 1 0 0 1 10 1 4 0 1 0 0 0 0 15 5 1 2 0 0 0 0 0 0 0 0 0 0 0 0 0 0 0 0 0 0 0 0 0 0 2 5 5 0 1 0 0 0 0 2 2 0 0 0 0 1 0 0 0 0 0 0 1 0 0 1 1 8 0 1 7 15 3 0 0 0 0 137 199 305 172 51 56 30 29 58 87 70 0 0 0 0 136 40 0 0 0 0 0 0 0 0 0 0 0 0 0 0 0 0 0 0 0
0 0 1 0 0 0 1 1 0 2 7 13 1 1 0 0 0 1 0 3 2 0 0 2 0 1 0 0 1 0 0 0 0 0 0 0 0 0 3 1 0 0 1 1 3 2 0 1 0 0 0 24 3 4 1 0 0 0 1 0 0 0 0 0 0 0 0 0 0 0 0 0 0 0 0 0 2 1 41 13 0 6 11 0 0 0 0 0 0 1 0 0 0 6 1 0 0 2 0 0 0 2 0 1 4 0 5 5 5 0 0 2 7 3 5 3 1 20 115 77 3 67 259 134 129 50 10 47 168 536 216 0 0 0 0 0 0 0 0 0 0 0 0 0 0 0 0 0 0 0
0 0 0 0 0 1 5 0 0 1 4 3 0 10 0 1 0 0 1 1 0 0 0 0 0 2 5 0 0 0 0 0 5 0 0 0 0 0 1 5 0 0 0 0 0 1 5 9 1 1 4 166 9 0 1 2 0 0 0 0 0 0 0 0 0 0 0 0 0 0 0 0 0 0 0 0 4 4 29 0 0 8 1 0 0 0 0 0 4 2 1 1 1 5 9 2 3 1 0 0 3 0 0 3 10 1 1 0 46 11 0 4 9 2 0 3 6 51 45 158 153 272 353 187 394 222 276 164 146 234 88 0 0 0 0 0 0 0 0 0 0 0 0 0 0 0 0 0 0 0
0 0 0 0 0 1 0 1 1 2 0 0 2 1 0 5 2 0 0 0 0 0 0 0 9 3 5 0 0 0 0 0 0 0 0 1 1 0 3 0 1 0 1 0 1 0 1 0 3 17 216 149 2 17 3 1 2 1 1 0 2 3 0 0 0 0 0 0 0 0 0 0 0 0 0 0 0 0 0 0 0 2 0 0 0 0 0 0 2 0 0 0 19 0 0 0 0 0 2 6 2 0 3 1 16 2 16 10 0 3 2 1 29 2 1 2 0 9 136 492 574 259 129 509 702 262 79 290 110 0 9 2 0 0 0 0 0 0 0 0 0 0 0 0 0 0 0 0 0 0
0 1 0 1 2 0 0 0 12 1 4 1 4 0 4 0 1 0 0 0 0 0 0 0 0 3 0 1 0 1 0 17 6 0 0 3 1 0 0 0 0 0 0 0 0 1 1 0 0 19 278 154 131 173 11 11 0 1 2 2 0 0 0 0 0 0 0 0 0 0 0 0 0 0 0 0 0 0 0 8 0 0 0 0 0 0 0 16 35 0 0 10 2 0 0 0 0 0 0 2 1 0 1 5 0 46 171 5 1 0 0 1 0 0 0 6 6 6 39 208 152 253 108 986 598 224 49 58 1 187 337 293 0 0 0 0 0 0 0 0 0 0 0 0 0 0 0 0 0 0
0 0 0 9 0 0 4 7 5 3 4 26 0 0 0 0 0 0 0 0 0 0 0 0 2 0 1 0 0 0 0 2 2 0 2 0 0 2 0 0 0 0 0 1 0 0 0 0 0 3 69 138 207 115 106 16 0 0 2 0 1 0 0 0 0 0 0 0 0 0 0 0 0 0 1 0 0 0 0 20 1 1 0 0 0 0 0 4 21 0 2 9 27 0 0 0 0 0 0 0 0 10 2 101 8 7 0 2 0 0 0 0 0 1 0 3 2 1 8 30 90 167 181 309 255 492 146 151 92 173 147 57 0 0 0 0 0 0 0 0 0 0 0 0 0 0 0 0 0 0
3 0 1 3 0 0 2 3 1 0 1 1 0 0 0 0 0 0 0 0 0 0 1 0 0 0 0 0 0 0 1 0 0 0 0 0 0 1 2 0 0 0 0 0 0 0 0 1 1 0 11 52 84 7 14 7 1 0 2 0 0 0 0 0 0 0 0 0 0 0 0 0 0 0 0 0 0 0 1 0 1 5 0 0 0 0 21 31 7 1 4 79 36 2 1 0 0 0 0 12 15 1 8 75 9 0 5 0 9 0 0 0 3 20 1 0 1 15 7 4 37 239 191 121 68 282 276 481 68 69 24 27 0 0 0 0 0 0 0 0 0 0 0 0 0 0 0 0 0 0
0 0 8 0 3 1 4 19 2 3 4 4 2 1 0 0 0 0 0 0 0 0 1 0 0 0 0 0 2 0 0 0 0 0 0 0 0 0 0 0 0 0 0 0 0 1 0 0 5 1 0 9 23 3 12 0 1 24 33 2 0 0 1 0 0 0 0 0 0 0 0 0 0 0 0 0 0 0 0 0 0 0 5 7 1 2 4 0 4 22 147 25 67 0 0 0 0 1 7 12 28 154 61 386 118 21 0 0 5 3 0 0 3 0 11 1 1 9 7 142 127 286 957 438 247 62 619 502 388 0 0 0 0 0 0 0 0 0 0 0 0 0 0 0 0 0 0 0 0 0
2 2 4 0 5 2 3 8 4 3 0 0 0 1 0 0 0 0 0 0 0 0 1 0 0 0 0 0 2 0 0 0 0 0 0 0 0 0 0 0 2 0 0 0 0 0 0 0 3 2 0 1 12 17 8 0 0 2 29 7 0 1 0 0 0 0 0 0 0 0 0 0 0 0 0 0 0 0 0 0 0 1 8 0 0 1 1 5 7 6 93 45 33 2 5 0 0 0 0 3 164 51 113 96 62 9 0 2 0 1 0 0 0 0 0 0 1 188 88 217 212 4 4 70 48 68 166 577 118 0 57 1 0 0 0 0 0 0 0 0 0 0 0 0 0 0 0 0 0 0
3 4 38 0 12 39 24 1 0 4 0 1 2 0 0 0 0 0 0 0 0 0 0 0 0 0 0 0 0 0 0 0 0 0 0 0 0 0 0 0 0 0 0 0 0 0 0 0 2 0 0 13 5 0 0 0 0 0 1 24 2 0 1 0 0 0 0 0 0 0 0 0 0 0 0 0 0 0 0 0 4 12 0 9 4 0 51 12 0 0 1 1 7 0 0 0 0 0 0 4 10 48 192 125 33 69 6 7 2 7 4 0 0 0 0 3 64 179 53 15 0 0 0 0 42 151 40 160 212 3 10 17 0 0 0 0 0 0 0 0 0 0 0 0 0 0 0 0 0 0
1 5 38 37 121 167 56 10 5 0 0 0 0 0 0 0 0 0 0 0 0 2 0 0 0 0 0 0 0 0 2 0 0 0 0 0 0 0 0 0 0 1 0 3 1 2 0 4 1 0 0 5 1 0 0 1 1 0 6 0 0 4 0 0 0 0 0 0 0 0 0 0 0 0 0 0 0 0 0 2 6 0 0 0 2 4 1 48 31 0 0 0 0 0 0 0 0 0 0 0 0 95 178 43 28 48 0 0 0 2 4 0 0 0 1 16 57 5 0 16 0 0 0 0 5 207 90 209 92 4 22 0 0 0 0 0 0 0 0 0 0 0 0 0 0 0 0 0 0 0
1 50 123 292 96 118 31 16 0 0 0 1 0 0 0 0 0 0 0 0 0 0 0 0 2 0 0 0 0 1 0 0 0 0 0 0 0 0 0 0 0 1 0 0 1 0 0 5 5 0 0 0 9 0 0 1 2 1 0 0 0 1 0 0 0 0 0 0 0 0 0 0 0 0 0 0 0 3 0 0 0 0 0 0 0 0 7 49 0 0 2 0 0 0 0 0 0 0 0 0 4 16 7 3 10 17 0 1 1 1 16 1 3 3 5 0 2 8 4 21 8 35 6 0 7 78 27 170 11 1 0 0 0 0 0 0 0 0 0 0 0 0 0 0 0 0 0 0 0 0
0 0 95 51 53 250 10 9 1 0 0 2 1 0 0 0 0 0 3 2 1 0 0 0 0 0 0 0 0 0 0 0 0 0 0 0 0 0 0 0 0 0 0 0 0 0 0 0 1 2 0 0 0 2 0 0 0 0 0 0 0 0 0 0 0 0 0 0 0 0 0 0 0 0 0 0 0 0 0 0 0 0 0 0 0 0 31 7 0 3 11 0 0 0 0 4 0 0 0 226 327 55 90 37 1 36 1 2 7 0 1 3 1 4 0 0 0 0 4 20 44 14 97 116 8 3 0 0 0 0 0 0 0 0 0 0 0 0 0 0 0 0 0 0 0 0 0 0 0 0
7 12 11 23 15 5 0 0 0 1 0 0 0 0 0 0 0 0 0 0 0 12 0 0 0 0 0 0 1 0 0 0 0 0 0 0 0 0 0 0 1 0 0 0 0 10 0 0 0 0 0 0 0 0 0 18 0 0 0 0 0 0 0 0 0 0 0 0 0 0 0 0 0 0 0 0 2 0 0 0 0 0 0 0 0 0 1 0 1 3 5 0 0 0 10 18 39 2 82 592 177 245 31 9 0 4 5 35 0 1 7 0 0 0 0 0 1 0 17 13 25 10 14 4 2 17 2 4 26 9 3 0 0 0 0 0 0 0 0 0 0 0 0 0 0 0 0 0 0 0
30 0 17 3 0 0 0 3 0 0 0 0 0 0 0 0 0 0 0 0 1 1 1 0 0 0 0 0 0 0 0 0 0 5 1 0 0 0 0 0 0 0 0 0 0 8 5 0 0 0 1 0 3 1 41 2 2 0 0 0 0 0 0 0 0 0 0 0 0 0 0 0 0 0 5 1 0 0 0 0 0 0 0 0 0 0 2 1 0 0 34 9 30 4 360 191 13 1 51 49 4 1 4 1 4 0 0 31 143 28 0 0 0 0 1 0 0 0 3 0 23 1 0 0 7 15 12 23 143 56 9 0 0 0 0 0 0 0 0 0 0 0 0 0 0 0 0 0 0 0
8 2 1 0 0 0 3 0 0 0 0 0 0 0 0 0 0 0 0 0 0 0 0 0 0 0 0 0 1 0 3 12 2 0 0 0 0 0 0 0 0 0 0 0 0 1 0 0 0 0 0 1 0 0 7 0 0 0 0 0 0 0 0 0 0 0 0 0 0 0 0 0 0 0 6 4 0 0 0 0 0 0 0 0 0 0 21 25 43 18 20 0 2 7 0 9 7 0 0 1 3 0 0 0 0 7 72 90 35 30 0 0 0 0 0 0 0 0 1 0 2 4 9 2 2 76 42 44 25 37 4 0 0 0 0 0 0 0 0 0 0 0 0 0 0 0 0 0 0 0
0 0 0 3 1 0 0 0 0 0 0 0 0 0 0 0 0 0 0 0 0 0 0 0 0 0 0 0 0 0 0 0 0 0 1 0 0 0 0 0 0 0 0 0 0 6 0 0 0 0 0 0 0 18 1 1 1 0 0 0 0 0 0 0 0 0 0 0 0 0 0 0 2 0 0 0 0 0 0 0 0 0 0 0 0 0 1 0 73 1 0 0 0 1 5 17 2 1 3 0 0 6 0 2 0 175 229 121 19 23 0 0 0 0 0 0 0 0 13 5 0 18 0 6 0 2 10 17 4 6 1 2 0 0 0 0 0 0 0 0 0 0 0 0 0 0 0 0 0 0
0 0 0 1 0 0 0 0 0 0 0 0 0 0 0 0 0 0 1 0 0 0 0 5 0 0 1 1 0 1 0 0 0 0 2 0 0 0 0 0 0 0 0 0 0 0 0 0 0 0 4 0 0 12 14 2 1 0 0 0 0 0 0 0 0 0 0 0 0 0 2 0 2 0 0 0 0 0 0 0 0 0 0 0 0 0 0 0 0 0 0 0 3 3 0 0 2 0 1 0 0 3 2 0 9 47 45 1 14 58 0 0 0 0 0 0 0 0 6 9 2 8 3 39 57 17 82 11 4 15 0 0 0 0 0 0 0 0 0 0 0 0 0 0 0 0 0 0 0 0
0 0 0 0 0 9 0 0 0 0 0 0 0 0 0 0 1 0 0 0 0 0 0 0 0 0 1 0 0 0 1 0 1 0 0 1 0 0 0 0 0 0 2 0 0 0 0 0 0 0 1 0 2 0 1 0 0 1 0 0 0 0 0 0 0 0 0 1 1 2 1 0 0 0 0 0 0 0 0 0 0 0 0 0 0 0 0 0 1 0 0 19 36 0 2 0 0 0 0 1 1 5 4 4 25 5 0 1 2 6 1 0 0 0 0 0 0 0 0 0 2 1 1 6 0 0 0 106 1 4 0 0 0 0 0 0 0 0 0 0 0 0 0 0 0 0 0 0 0 0
0 0 0 0 25 30 0 0 0 0 0 0 0 0 0 0 0 0 0 0 0 0 0 0 0 0 0 0 2 0 2 0 0 0 0 0 0 0 0 0 0 0 0 0 1 0 0 0 0 2 0 0 0 3 0 0 0 2 0 0 0 0 0 0 0 0 0 0 1 1 0 0 0 0 0 0 0 0 0 0 0 0 0 0 0 0 0 0 15 23 33 104 27 8 0 0 0 0 0 6 15 170 141 8 2 3 2 0 0 9 6 0 0 0 0 0 0 0 0 0 0 0 0 0 0 0 15 23 0 0 0 0 0 0 0 0 0 0 0 0 0 0 0 0 0 0 0 0 0 0
0 0 0 0 0 0 0 0 0 0 0 0 0 0 0 0 0 1 0 0 0 0 0 0 0 0 0 0 0 3 0 0 0 0 0 0 0 0 0 0 0 0 0 0 1 4 0 0 0 0 1 0 0 1 0 46 0 0 0 0 0 0 0 0 0 0 0 0 2 0 0 0 0 0 0 0 0 0 0 0 0 0 0 0 0 0 0 0 7 33 52 38 38 6 5 0 0 2 0 35 74 52 14 4 1 0 0 0 0 0 1 0 0 0 0 0 0 0 0 0 0 10 25 0 0 3 2 0 0 0 0 0 0 0 0 0 0 0 0 0 0 0 0 0 0 0 0 0 0 0
0 0 0 0 1 0 0 0 0 0 0 0 11 2 0 0 0 1 0 0 0 0 0 0 0 0 2 1 0 7 0 0 0 0 0 0 0 0 0 0 0 0 0 0 0 0 4 0 0 0 1 0 0 5 4 1 0 0 0 0 0 0 0 0 0 0 0 3 101 0 0 0 0 0 0 0 0 0 0 0 0 0 0 0 0 6 3 2 0 6 0 0 6 0 8 0 0 0 3 9 25 0 1 0 0 0 0 0 0 5 5 8 0 0 0 0 0 0 0 0 0 0 0 0 0 0 0 5 0 0 0 0 0 0 0 0 0 0 0 0 0 0 0 0 0 0 0 0 0 0
0 0 0 0 0 0 0 0 0 0 0 0 0 2 0 0 0 0 0 0 0 0 0 0 0 0 0 0 0 1 0 0 0 0 1 1 0 0 0 0 0 0 0 0 0 0 0 5 0 1 0 0 0 1 4 2 0 0 0 0 0 0 0 0 0 0 1 10 16 0 0 0 0 0 0 0 0 0 0 0 0 0 0 0 16 0 1 0 0 11 1 1 5 1 1 0 2 7 12 1 4 4 1 1 2 0 0 1 23 34 32 111 4 1 0 0 0 0 0 0 0 0 0 0 0 0 0 0 0 0 0 0 0 0 0 0 0 0 0 0 0 0 0 0 0 0 0 0 0 0
0 0 0 0 0 0 0 0 0 0 0 0 0 0 0 0 0 0 0 0 0 0 0 0 0 0 0 0 0 0 0 0 0 0 0 0 1 0 1 0 0 0 0 0 0 0 0 3 9 0 0 0 0 0 1 16 22 0 1 0 0 0 0 0 0 7 5 14 1 0 0 0 0 0 0 0 0 0 0 0 0 0 0 6 19 0 0 1 3 130 1 2 0 0 0 12 12 100 1 0 2 0 2 4 0 0 8 0 47 11 196 20 32 13 0 0 0 0 0 0 0 0 0 0 0 0 0 0 0 0 0 0 0 0 0 0 0 0 0 0 0 0 0 0 0 0 0 0 0 0
0 0 0 0 1 0 0 0 0 0 0 0 0 0 0 1 1 0 0 0 0 0 0 0 0 0 0 0 0 0 0 0 0 0 0 0 0 0 0 0 0 0 0 0 0 3 0 1 16 0 0 0 0 0 1 0 1 4 7 0 0 0 0 5 3 1 0 0 0 0 0 0 0 0 0 0 0 0 0 0 0 0 0 0 0 0 0 1 0 2 1 0 0 0 3 32 0 0 0 0 0 0 0 0 3 9 291 260 178 48 26 0 12 8 0 0 0 0 0 0 0 0 0 0 0 0 0 0 0 0 0 0 0 0 0 0 0 0 0 0 0 0 0 0 0 0 0 0 0 0
0 0 1 0 0 13 1 4 16 5 1 0 0 0 1 0 0 0 0 0 0 0 0 0 0 0 0 0 0 0 1 0 0 0 0 0 0 0 2 0 1 1 0 0 0 0 4 0 1 2 0 0 0 0 4 0 0 0 0 3 0 0 0 0 1 0 0 11 1 4 0 4 0 0 0 0 0 0 0 0 0 0 0 0 0 0 0 0 1 0 2 5 0 0 19 6 0 0 0 0 0 1 0 2 32 16 35 136 71 121 46 49 32 2 0 0 0 0 0 0 0 0 0 0 0 0 0 0 0 0 0 0 0 0 0 0 0 0 0 0 0 0 0 0 0 0 0 0 0 0
0 0 0 0 35 11 0 0 0 1 0 0 0 0 0 0 0 0 0 0 0 0 0 0 0 0 0 0 0 0 0 0 2 0 0 0 0 0 0 0 0 1 2 1 0 0 2 0 2 1 2 0 2 2 2 0 1 1 0 1 0 0 0 0 1 1 0 0 1 0 0 0 1 0 0 0 0 0 0 0 0 0 0 0 0 0 0 0 0 0 0 0 1 3 0 9 39 0 0 0 0 0 0 13 38 126 0 0 3 11 0 3 0 0 0 0 0 0 0 0 0 0 0 0 0 0 0 0 0 0 0 0 0 0 0 0 0 0 0 0 0 0 0 0 0 0 0 0 0 0
0 0 0 0 0 0 0 0 3 0 0 0 0 0 0 0 0 0 0 0 1 0 0 0 0 0 0 0 0 0 0 0 1 0 0 0 0 0 0 0 0 0 0 0 0 0 1 0 0 0 0 0 0 0 0 0 0 0 2 0 0 0 0 0 0 0 0 0 0 0 0 3 1 1 0 0 0 0 0 0 0 0 0 0 0 0 0 0 0 0 1 2 13 8 5 44 131 0 0 0 0 0 0 1 2 0 0 1 1 0 18 41 5 0 0 0 0 0 0 0 0 0 0 0 0 0 0 0 0 0 0 0 0 0 0 0 0 0 0 0 0 0 0 5 0 0 0 0 0 0
0 0 0 0 0 0 0 0 0 2 0 0 6 0 1 0 0 0 0 0 0 0 0 0 0 0 0 0 0 0 0 2 0 0 0 0 0 0 0 0 0 0 0 0 0 0 0 0 0 0 5 0 7 4 0 0 0 0 0 1 2 0 0 0 0 0 0 0 0 0 1 0 0 0 0 0 0 0 0 0 0 0 0 0 0 0 0 0 6 0 1 5 48 69 18 0 0 0 0 0 0 0 0 0 1 0 0 0 0 17 9 0 0 0 0 0 0 0 0 0 0 0 0 0 0 0 0 0 0 0 0 0 0 0 0 0 0 0 0 0 0 0 0 0 0 0 0 0 0 0
0 0 0 0 0 0 0 0 0 1 0 0 0 0 0 0 0 0 0 0 0 0 0 0 0 0 0 0 0 0 0 0 0 0 0 0 0 0 0 0 0 0 0 0 0 0 0 0 0 0 1 0 0 0 0 0 0 0 0 0 1 0 0 0 0 0 0 0 0 0 0 0 0 0 0 0 0 0 0 0 0 0 0 0 0 0 0 0 0 0 3 20 309 0 0 3 2 0 0 0 0 0 0 0 0 0 0 0 7 1 2 3 0 0 0 0 0 0 0 0 0 0 0 0 0 0 0 0 0 0 0 0 0 0 0 0 0 0 0 0 0 0 0 0 0 0 0 0 0 0
0 0 0 0 0 0 0 0 0 0 0 0 1 0 0 0 0 0 1 0 0 0 0 0 0 0 0 0 0 0 0 0 0 0 0 0 0 0 0 0 0 0 0 0 0 0 0 0 0 0 2 7 1 0 0 0 1 0 0 0 2 0 0 0 0 0 0 0 0 0 0 33 2 0 0 0 0 0 0 0 0 0 0 0 0 0 0 0 0 0 0 4 1 0 1 0 0 0 0 0 0 0 0 0 0 0 0 0 0 0 0 0 0 0 0 0 0 0 0 0 0 0 0 0 0 0 0 0 0 0 0 0 0 0 0 0 0 0 0 0 0 0 0 0 0 0 0 0 0 0
0 0 0 0 0 0 0 0 0 0 0 0 0 0 0 0 0 0 0 0 0 1 1 11 0 0 0 0 0 0 0 0 0 0 0 0 0 0 0 0 0 0 0 0 0 0 0 0 0 0 0 5 0 1 0 0 0 0 0 0 0 6 3 0 0 0 0 0 0 0 0 1 4 0 1 0 0 0 0 0 0 0 0 0 0 0 0 0 0 1 0 11 2 6 1 0 0 1 0 0 0 0 0 0 0 0 0 0 0 0 0 0 0 0 0 0 0 0 0 0 0 0 0 0 0 0 0 0 0 0 0 0 0 0 0 0 0 0 0 0 0 0 0 0 0 0 0 0 0 0
0 0 0 0 0 0 0 0 0 0 0 0 0 0 0 0 0 0 0 0 0 0 0 0 2 0 0 0 0 0 0 0 0 0 0 0 0 0 0 0 0 0 0 0 0 0 0 0 0 2 0 5 8 0 1 0 0 0 0 0 1 5 23 1 0 0 0 0 0 0 0 0 0 0 0 0 0 0 0 0 0 0 0 0 0 0 0 0 0 0 0 2 0 3 11 0 0 0 1 0 0 0 0 0 0 0 0 0 0 0 0 0 0 0 0 0 0 0 0 0 0 0 0 0 0 0 0 0 0 0 0 0 0 0 0 0 0 0 0 0 0 0 0 0 0 0 0 0 0 0
0 0 0 0 0 0 0 0 0 0 0 0 2 1 0 0 0 0 0 0 0 0 0 0 1 0 0 0 0 2 0 0 0 0 0 0 0 0 0 0 2 0 0 0 0 0 0 0 0 3 2 20 45 1 9 0 0 0 0 0 0 3 0 0 0 0 0 0 0 0 0 0 0 1 0 0 0 0 0 0 0 0 0 0 0 0 0 0 0 0 0 1 2 4 0 3 0 0 0 0 0 0 0 0 0 0 0 0 0 0 0 0 0 0 0 0 0 0 0 0 0 0 0 0 0 0 0 0 0 0 0 0 0 0 0 0 0 0 0 0 0 0 0 0 0 0 0 0 0 0
0 0 0 0 0 0 0 0 0 0 0 0 2 0 0 1 0 4 0 0 0 0 0 0 1 1 0 0 0 0 0 0 0 0 0 0 0 0 0 0 0 0 0 0 0 0 0 0 1 4 0 4 46 0 7 0 0 0 0 0 1 3 1 0 0 0 0 0 0 0 0 0 0 0 0 0 0 0 0 0 0 0 0 0 0 0 0 0 0 0 0 0 2 0 3 0 1 1 0 2 0 0 0 0 0 0 0 0 0 0 0 0 0 0 0 0 0 0 0 0 0 0 0 0 0 0 0 0 0 0 0 0 0 0 0 0 0 0 0 0 0 0 0 0 0 0 0 0 0 0
0 0 0 0 0 0 0 0 1 0 0 0 0 0 1 0 2 0 1 0 0 0 0 0 0 0 0 0 0 0 0 0 0 0 0 0 0 0 0 0 0 0 0 0 0 0 0 0 0 0 1 3 7 0 0 0 0 0 0 0 8 1 0 0 0 0 0 0 0 0 0 0 0 0 0 0 0 0 0 0 0 0 0 0 0 0 0 0 0 0 0 0 0 0 0 1 0 0 1 0 0 0 0 0 0 0 0 0 0 0 0 0 0 0 0 0 0 0 0 0 0 0 0 0 0 0 0 0 0 0 0 0 0 0 0 0 0 0 0 0 0 0 0 0 0 0 0 0 0 0
0 0 0 0 0 0 0 0 0 0 1 0 0 0 0 0 0 0 0 0 0 1 0 2 0 0 0 0 0 0 0 2 0 0 4 1 1 2 0 0 0 0 0 0 0 0 1 12 0 0 0 0 0 0 0 0 0 0 0 0 0 0 0 0 0 0 0 0 0 0 0 0 0 0 0 0 0 0 0 0 0 0 0 0 0 0 0 0 0 0 0 0 0 0 0 2 3 5 0 0 0 0 0 0 0 0 0 0 0 0 0 0 0 0 0 0 0 0 0 0 0 0 0 0 0 0 0 0 0 0 0 0 0 0 0 0 0 0 0 0 0 0 0 8 1 7 0 0 0 0
0 0 0 0 0 0 0 0 0 0 0 1 0 0 0 0 0 0 0 0 1 0 0 0 0 0 0 0 0 0 1 0 0 0 0 0 0 0 0 0 0 0 0 0 2 0 1 0 0 0 0 0 0 0 0 0 0 0 0 0 0 3 0 0 0 0 0 0 0 0 0 0 0 0 0 0 0 0 0 0 0 0 0 0 0 0 0 0 0 0 0 0 0 0 1 3 2 0 0 0 2 0 0 0 0 0 0 0 0 0 0 0 0 0 0 0 0 0 0 0 0 0 0 0 0 0 0 0 0 0 0 0 0 0 0 0 0 0 0 0 0 0 0 0 0 0 0 0 0 0
0 0 0 0 0 0 0 0 0 0 0 0 0 0 0 0 0 0 2 0 0 0 0 0 0 0 0 0 0 0 0 0 0 0 0 0 0 0 0 0 0 0 0 0 0 0 0 0 0 0 0 0 0 0 0 0 0 0 0 0 1 0 0 0 0 0 0 0 0 0 0 0 0 0 0 0 0 0 0 0 0 0 0 0 0 0 0 0 0 0 0 0 0 0 5 0 0 0 0 0 0 0 0 0 0 0 0 0 0 0 0 0 0 0 0 0 0 0 0 0 0 0 0 0 0 0 0 0 0 0 0 0 0 0 0 0 0 0 0 0 0 0 0 0 0 0 0 0 0 0
0 0 0 0 0 0 0 0 0 0 1 0 1 0 0 1 0 0 0 0 0 0 0 0 0 0 0 0 0 0 0 0 0 0 0 0 0 0 0 0 0 0 0 0 0 0 0 0 0 0 0 0 0 0 0 0 0 0 0 0 0 0 0 0 0 0 0 0 0 0 0 0 0 0 0 0 0 0 0 0 0 0 0 0 0 0 0 0 0 0 0 0 0 0 1 0 4 0 0 0 0 0 0 0 0 0 0 0 0 0 0 0 0 0 0 0 0 0 0 0 0 0 0 0 0 0 0 0 0 0 0 0 0 0 0 0 0 0 0 0 0 0 0 0 0 0 0 0 0 0
0 0 0 0 0 0 0 0 0 0 0 0 3 0 0 3 1 1 0 0 0 0 0 0 0 0 0 0 0 0 0 0 0 0 0 0 0 0 0 0 0 0 0 2 0 0 0 0 0 0 0 0 0 0 0 0 0 0 0 2 1 0 0 0 0 0 0 0 12 0 0 0 0 0 0 0 0 0 0 0 0 0 0 0 0 0 0 0 0 0 0 0 0 0 0 0 0 0 0 1 0 0 0 0 0 0 0 0 0 0 0 0 0 0 0 0 0 0 0 0 0 0 0 0 0 0 0 0 0 0 0 0 0 0 0 0 0 0 0 0 0 0 0 0 0 0 0 0 0 0
0 0 0 0 0 0 0 1 0 0 0 0 0 0 0 0 1 3 0 0 0 0 0 0 0 0 0 0 0 0 0 0 0 0 0 0 8 1 0 0 0 0 0 0 0 0 0 0 0 0 0 0 0 0 0 0 0 0 0 0 1 3 0 0 1 0 1 0 61 20 0 0 0 0 0 0 0 0 0 0 0 0 0 0 0 0 0 0 0 0 0 0 0 0 0 0 0 0 0 0 0 0 0 0 0 0 0 0 0 0 0 0 0 0 0 0 0 0 0 0 0 0 0 0 0 0 0 0 0 0 0 0 0 0 0 0 0 0 0 0 0 0 0 0 0 0 0 0 0 0
0 0 0 0 0 0 0 0 0 0 0 0 16 3 0 1 4 0 0 4 0 0 0 4 0 0 0 0 0 0 2 0 0 0 1 1 0 0 2 1 0 0 5 0 0 0 0 0 0 0 0 0 0 0 0 0 0 0 0 0 0 0 0 0 31 15 2 0 0 0 0 0 0 0 0 0 0 0 0 0 0 0 0 0 0 0 0 0 0 0 0 0 0 0 0 0 0 0 0 0 0 0 0 0 0 0 0 0 0 0 0 0 0 0 0 0 0 0 0 0 0 0 0 0 0 0 0 0 0 0 0 0 0 0 0 0 0 0 0 0 0 0 0 0 0 0 0 0 0 0
0 14 1 0 0 0 2 0 0 0 0 0 1 0 0 0 0 0 0 0 13 135 20 2 2 0 0 0 0 0 0 0 0 0 1 1 3 2 0 1 0 0 0 0 0 0 0 0 0 0 0 0 0 0 0 0 0 0 0 0 0 0 0 0 5 0 0 0 0 0 0 0 0 0 0 0 0 0 0 0 0 0 0 0 0 0 0 0 0 0 0 0 0 0 0 0 0 0 0 0 0 0 0 0 0 0 0 0 0 0 0 0 0 0 0 0 0 0 0 0 0 0 0 0 0 0 0 0 0 0 0 0 0 0 0 0 0 0 0 0 0 0 0 0 0 0 0 0 0 0
4 4 2 0 0 0 0 0 0 0 0 1 1 0 0 0 1 0 0 4 1 29 4 1 3 2 0 0 3 6 2 0 0 0 0 0 0 0 0 0 4 2 0 0 0 0 0 0 0 0 0 0 0 0 0 0 0 0 0 0 0 0 0 0 0 0 0 0 0 0 0 0 0 0 0 0 0 0 0 0 0 0 0 0 0 0 0 0 0 0 0 0 0 0 0 0 0 0 0 0 0 0 0 0 0 0 0 0 0 0 0 0 0 0 0 0 0 0 0 0 0 0 0 0 0 0 0 0 0 0 0 0 0 0 0 0 0 0 0 0 0 0 0 0 0 0 0 0 0 0
0 0 0 0 0 0 0 0 0 0 0 0 1 0 0 0 0 1 0 0 0 4 3 1 1 8 2 0 2 0 0 0 0 0 1 0 1 0 0 0 0 0 0 0 0 0 0 0 0 0 0 0 0 0 0 0 0 0 0 0 0 0 0 0 0 0 0 0 0 0 0 0 0 0 0 0 0 0 0 0 0 0 0 0 0 0 0 0 0 0 0 0 0 0 0 0 0 0 0 0 0 0 0 0 0 0 0 0 0 0 0 0 0 0 0 0 0 0 0 0 0 0 0 0 0 0 0 0 0 0 0 0 0 0 0 0 0 0 0 0 0 0 0 0 0 0 0 0 0 0
0 0 0 0 0 0 0 0 0 0 0 0 0 0 0 0 0 0 0 0 0 0 0 1 0 4 1 2 14 0 0 1 0 3 1 0 0 0 0 0 0 0 0 0 0 0 0 0 0 0 0 0 0 0 0 0 0 0 0 0 0 0 0 0 0 0 0 0 0 0 0 0 0 0 0 0 0 0 0 0 0 0 0 0 0 0 0 0 0 0 0 0 0 0 0 0 0 0 0 0 0 0 0 0 0 0 0 0 0 0 0 0 0 0 0 0 0 0 0 0 0 0 0 0 0 0 0 0 0 0 0 0 0 0 0 0 0 0 0 0 0 0 0 0 0 0 0 0 0 0
0 0 0 0 0 0 0 0 0 0 0 0 0 0 0 0 0 0 0 0 0 0 0 0 0 0 0 0 35 12 1 2 1 7 0 0 0 0 0 0 0 0 0 0 0 0 0 0 0 0 0 0 0 0 0 0 0 0 0 0 0 0 0 0 0 0 0 0 0 0 0 0 0 0 0 0 0 0 0 0 0 0 0 0 0 0 0 0 0 0 0 0 0 0 0 0 0 0 0 0 0 0 0 0 0 0 0 0 0 0 0 0 0 0 0 0 0 0 0 0 0 0 0 0 0 0 0 0 0 0 0 0 0 0 0 0 0 0 0 0 0 0 0 0 0 0 0 0 0 0
0 0 0 0 0 0 0 0 0 0 0 0 0 0 0 0 0 0 0 0 0 0 0 0 0 0 0 2 0 0 0 0 0 1 0 0 4 0 0 0 0 0 0 0 0 0 0 0 0 0 0 0 0 0 0 0 0 0 0 0 0 0 0 0 0 0 0 0 0 0 0 0 0 0 0 0 0 0 0 0 0 0 0 0 0 0 0 0 0 0 0 0 0 0 0 0 0 0 0 0 0 0 0 0 0 0 0 0 0 0 0 0 0 0 0 0 0 0 0 0 0 0 0 0 0 0 0 0 0 0 0 0 0 0 0 0 0 0 0 0 0 0 0 0 0 0 0 0 0 0
0 0 0 0 0 0 0 0 0 0 2 0 0 0 0 0 0 0 0 0 0 0 0 0 4 0 0 0 0 0 11 1 0 0 1 1 0 0 0 0 0 0 0 0 0 0 0 0 0 0 0 0 0 0 0 0 0 0 0 0 0 0 0 0 0 0 0 0 0 0 0 0 0 0 0 0 0 0 0 0 0 0 0 0 0 0 0 0 0 0 0 0 0 0 0 0 0 0 0 0 0 0 0 0 0 0 0 0 0 0 0 0 0 0 0 0 0 0 0 0 0 0 0 0 0 0 0 0 0 0 0 0 0 0 0 0 0 0 0 0 0 0 0 0 0 0 0 0 0 0
0 0 0 0 0 0 0 0 0 0 0 1 2 3 0 0 0 0 0 0 0 0 0 0 0 0 0 0 0 0 0 0 3 0 0 0 7 1 0 0 0 0 0 0 0 0 0 0 0 0 0 0 0 0 0 0 0 0 0 0 0 0 0 0 0 0 0 0 0 0 0 0 0 0 0 0 0 0 0 0 0 0 0 0 0 0 0 0 0 0 0 0 0 0 0 0 0 0 0 0 0 0 0 0 0 0 0 0 0 0 0 0 0 0 0 0 0 0 0 0 0 0 0 0 0 0 0 0 0 0 0 0 0 0 0 0 0 0 0 0 0 0 0 0 0 0 0 0 0 0
0 0 0 0 0 0 0 0 0 0 1 0 5 0 0 0 0 0 0 0 0 0 0 0 0 0 0 5 0 1 2 0 0 0 0 0 0 0 0 0 0 0 0 0 0 0 0 0 0 0 0 0 0 0 0 0 0 0 0 0 0 0 0 0 0 0 0 0 0 0 0 0 0 0 0 0 0 0 0 0 0 0 0 0 0 0 0 0 0 0 0 0 0 0 0 0 0 0 0 0 0 0 0 0 0 0 0 0 0 0 0 0 0 0 0 0 0 0 0 0 0 0 0 0 0 0 0 0 0 0 0 0 0 0 0 0 0 0 0 0 0 0 0 0 0 0 0 0 0 0
0 0 0 0 0 0 0 0 0 0 0 0 0 0 0 0 0 0 0 0 0 0 0 0 0 0 0 0 0 0 0 0 2 0 0 0 0 0 0 0 0 0 0 0 0 0 0 0 0 0 0 0 0 0 0 0 0 0 0 0 0 0 0 0 0 0 0 0 0 0 0 0 0 0 0 0 0 0 0 0 0 0 0 0 0 0 0 0 0 0 0 0 0 0 0 0 0 0 0 0 0 0 0 0 0 0 0 0 0 0 0 0 0 0 0 0 0 0 0 0 0 0 0 0 0 0 0 0 0 0 0 0 0 0 0 0 0 0 0 0 0 0 0 0 0 0 0 0 0 0
0 0 0 0 0 0 0 0 0 0 5 0 0 0 0 0 0 0 0 0 0 0 0 0 0 0 0 0 0 0 0 0 0 0 0 0 0 0 0 0 0 0 0 0 0 0 0 0 0 0 0 0 0 0 0 0 0 0 0 0 0 0 0 0 0 0 0 0 0 0 0 0 0 0 0 0 0 0 0 0 0 0 0 0 0 0 0 0 0 0 0 0 0 0 0 0 0 0 0 0 0 0 0 0 0 0 0 0 0 0 0 0 0 0 0 0 0 0 0 0 0 0 0 0 0 0 0 0 0 0 0 0 0 0 0 0 0 0 0 0 0 0 0 0 0 0 0 0 0 0
0 0 0 0 0 0 0 0 0 1 0 0 0 0 0 0 0 0 0 0 0 0 0 0 0 0 0 0 0 0 0 0 0 0 0 0 0 0 0 0 0 0 0 0 0 0 0 0 0 0 0 0 0 0 0 0 0 0 0 0 0 0 0 0 0 0 0 0 0 0 0 0 0 0 0 0 0 0 0 0 0 0 0 0 0 0 0 0 0 0 0 0 0 0 0 0 0 0 0 0 0 0 0 0 0 0 0 0 0 0 0 0 0 0 0 0 0 0 0 0 0 0 0 0 0 0 0 0 0 0 0 0 0 0 0 0 0 0 0 0 0 0 0 0 0 0 0 0 0 0
0 0 0 0 0 0 0 0 0 0 0 0 0 0 0 0 0 0 0 0 0 0 0 0 0 0 0 0 0 0 0 0 0 0 0 0 0 0 0 0 0 0 0 0 0 0 0 0 0 0 0 0 0 0 0 0 0 0 0 0 0 0 0 0 0 0 0 0 0 0 0 0 0 0 0 0 0 0 0 0 0 0 0 0 0 0 0 0 0 0 0 0 0 0 0 0 0 0 0 0 0 0 0 0 0 0 0 0 0 0 0 0 0 0 0 0 0 0 0 0 0 0 0 0 0 0 0 0 0 0 0 0 0 0 0 0 0 0 0 0 0 0 0 0 0 0 0 0 0 0
0 0 0 0 0 0 0 0 0 6 0 0 0 0 0 0 0 0 0 0 0 0 0 0 0 0 0 0 0 0 0 0 0 0 0 0 0 0 0 0 0 0 0 0 0 0 0 0 0 0 2 0 0 0 0 0 0 0 0 0 0 0 0 0 0 0 0 0 0 0 0 0 0 0 0 0 0 0 0 0 0 0 0 0 0 0 0 0 0 0 0 0 0 0 0 0 0 0 0 0 0 0 0 0 0 0 0 0 0 0 0 0 0 0 0 0 0 0 0 0 0 0 0 0 0 0 0 0 0 0 0 0 0 0 0 0 0 0 0 0 0 0 0 0 0 0 0 0 0 0
0 0 0 0 0 2 1 1 0 0 0 0 0 0 0 0 0 0 0 0 0 0 0 0 0 0 0 0 0 0 0 0 0 0 0 0 0 0 0 0 0 0 0 0 0 0 0 0 0 8 12 0 0 0 0 0 0 0 0 0 0 0 0 0 0 0 0 0 0 0 0 0 0 0 0 0 0 0 0 0 0 0 0 0 0 0 0 0 0 0 0 0 0 0 0 0 0 0 0 0 0 0 0 0 0 0 0 0 0 0 0 0 0 0 0 0 0 0 0 0 0 0 0 0 0 0 0 0 0 0 0 0 0 0 0 0 0 0 0 0 0 0 0 0 0 0 0 0 0 0
0 0 0 0 0 0 1 3 0 0 0 0 0 0 0 0 0 0 0 0 0 0 0 0 0 0 0 0 0 0 0 0 0 0 0 0 0 0 0 0 0 0 0 0 0 0 0 0 0 0 0 2 0 0 0 0 0 0 0 0 0 0 0 0 0 0 0 0 0 0 0 0 0 0 0 0 0 0 0 0 0 0 0 0 0 0 0 0 0 0 0 0 0 0 0 0 0 0 0 0 0 0 0 0 0 0 0 0 0 0 0 0 0 0 0 0 0 0 0 0 0 0 0 0 0 0 0 0 0 0 0 0 0 0 0 0 0 0 0 0 0 0 0 0 0 0 0 0 0 0
0 0 0 0 0 0 0 0 0 0 0 0 0 0 0 0 0 0 0 0 0 0 0 0 0 0 0 0 0 0 0 0 0 0 0 0 0 0 0 0 0 0 0 0 0 0 0 0 1 0 0 0 4 9 0 0 0 0 0 0 0 0 0 0 0 0 0 0 0 0 0 0 0 0 0 0 0 0 0 0 0 0 0 0 0 0 0 0 0 0 0 0 0 0 0 0 0 0 0 0 0 0 0 0 0 0 0 0 0 0 0 0 0 0 0 0 0 0 0 0 0 0 0 0 0 0 0 0 0 0 0 0 0 0 0 0 0 0 0 0 0 0 0 0 0 0 0 0 0 0
0 0 0 0 0 0 0 0 0 0 0 0 0 0 0 0 0 0 0 0 0 0 0 0 0 0 0 0 0 0 0 0 0 0 0 0 0 0 0 0 0 0 0 0 0 0 0 0 0 0 0 0 0 0 0 0 0 0 0 0 0 0 0 0 0 0 0 0 0 0 0 0 0 0 0 0 0 0 0 0 0 0 0 0 0 0 0 0 0 0 0 0 0 0 0 0 0 0 0 0 0 0 0 0 0 0 0 0 0 0 0 0 0 0 0 0 0 0 0 0 0 0 0 0 0 0 0 0 0 0 0 0 0 0 0 0 0 0 0 0 0 0 0 0 0 0 0 0 0 0
0 0 0 0 0 0 0 0 0 0 0 0 0 0 0 0 0 0 0 0 0 0 0 0 0 0 0 0 0 0 0 0 0 0 0 0 0 0 0 0 0 0 0 0 0 0 0 0 0 0 0 0 0 0 0 0 0 0 0 0 0 0 0 0 0 0 0 0 0 0 0 0 0 0 0 0 0 0 0 0 0 0 0 0 0 0 0 0 0 0 0 0 0 0 0 0 0 0 0 0 0 0 0 0 0 0 0 0 0 0 0 0 0 0 0 0 0 0 0 0 0 0 0 0 0 0 0 0 0 0 0 0 0 0 0 0 0 0 0 0 0 0 0 0 0 0 0 0 0 0
0 0 0 0 0 0 0 0 0 0 0 0 0 0 0 0 0 0 0 0 0 0 0 0 0 0 0 0 0 0 0 0 0 0 0 0 0 0 0 0 0 0 0 0 0 0 0 0 0 0 0 0 2 0 0 0 0 0 0 0 0 0 0 0 0 0 0 0 0 0 0 0 0 0 0 0 0 0 0 0 0 0 0 0 0 0 0 0 0 0 0 0 0 0 0 0 0 0 0 0 0 0 0 0 0 0 0 0 0 0 0 0 0 0 0 0 0 0 0 0 0 0 0 0 0 0 0 0 0 0 0 0 0 0 0 0 0 0 0 0 0 0 0 0 0 0 0 0 0 0
0 0 0 0 0 0 0 0 0 0 0 0 0 0 0 0 0 0 0 0 0 0 0 0 0 0 0 0 0 0 0 0 0 0 0 0 0 0 0 0 0 0 0 0 0 0 0 0 0 0 0 0 0 0 0 0 0 0 0 0 0 0 0 0 0 0 0 0 0 0 0 0 0 0 0 0 0 0 0 0 0 0 0 0 0 0 0 0 0 0 0 0 0 0 0 0 0 0 0 0 0 0 0 0 0 0 0 0 0 0 0 0 0 0 0 0 0 0 0 0 0 0 0 0 0 0 0 0 0 0 0 0 0 0 0 0 0 0 0 0 0 0 0 0 0 0 0 0 0 0
0 0 0 0 0 0 0 0 0 0 0 0 0 0 0 0 0 0 0 0 0 0 0 0 0 0 0 0 0 0 0 3 0 0 0 0 0 0 0 0 0 0 0 0 0 0 0 0 0 0 0 0 0 0 0 0 0 0 0 0 0 0 0 0 0 0 0 0 0 0 0 0 0 0 0 0 0 0 0 0 0 0 0 0 0 0 0 0 0 0 0 0 0 0 0 0 0 0 0 0 0 0 0 0 0 0 0 0 0 0 0 0 0 0 0 0 0 0 0 0 0 0 0 0 0 0 0 0 0 0 0 0 0 0 0 0 0 0 0 0 0 0 0 0 0 0 0 0 0 0
0 0 0 0 0 0 0 0 0 0 0 0 0 0 0 0 0 0 0 0 0 0 0 0 0 0 0 0 0 0 1 1 0 0 0 0 2 0 0 0 0 0 0 0 0 0 0 0 0 0 0 0 0 0 0 0 0 0 0 0 0 0 0 0 0 0 0 0 0 0 0 0 0 0 0 0 0 0 0 0 0 0 0 0 0 0 0 0 0 0 0 0 0 0 0 0 0 0 0 0 0 0 0 0 0 0 0 0 0 0 0 0 0 0 0 0 0 0 0 0 0 0 0 0 0 0 0 0 0 0 0 0 0 0 0 0 0 0 0 0 0 0 0 0 0 0 0 0 0 0
0 0 0 0 0 0 0 0 0 0 0 0 0 0 0 0 0 0 0 0 0 0 0 0 0 0 0 0 0 0 0 0 0 0 0 0 0 0 0 0 0 0 0 0 0 0 0 0 0 0 0 0 0 0 0 0 0 0 0 0 0 0 0 0 0 0 0 0 0 0 0 0 0 0 0 0 0 0 0 0 0 0 0 0 0 0 0 0 0 0 0 0 0 0 0 0 0 0 0 0 0 0 0 0 0 0 0 0 0 0 0 0 0 0 0 0 0 0 0 0 0 0 0 0 0 0 0 0 0 0 0 0 0 0 0 0 0 0 0 0 0 0 0 0 0 0 0 0 0 0
0 0 0 0 0 0 0 0 0 0 0 0 0 0 0 0 0 0 0 0 0 0 0 0 0 0 0 0 0 25 3 0 0 0 0 0 0 0 0 0 0 0 0 0 0 0 0 0 0 0 0 0 0 0 0 0 0 0 0 0 0 0 0 0 0 0 0 0 0 0 0 0 0 0 0 0 0 0 0 0 0 0 0 0 0 0 0 0 0 0 0 0 0 0 0 0 0 0 0 0 0 0 0 0 0 0 0 0 0 0 0 0 0 0 0 0 0 0 0 0 0 0 0 0 0 0 0 0 0 0 0 0 0 0 0 0 0 0 0 0 0 0 0 0 0 0 0 0 0 0
0 0 0 0 0 0 0 0 0 0 0 0 0 0 0 0 0 0 0 0 0 0 0 0 0 0 1 0 0 0 0 0 0 0 0 0 0 0 0 0 0 0 0 0 0 0 0 0 0 17 0 0 0 0 0 0 0 0 0 0 0 0 0 0 0 0 0 0 0 0 0 0 0 0 0 0 0 0 0 0 0 0 0 0 0 0 0 0 0 0 0 0 0 0 0 0 0 0 0 0 0 0 0 0 0 0 0 0 0 0 0 0 0 0 0 0 0 0 0 0 0 0 0 0 0 0 0 0 0 0 0 0 0 0 0 0 0 0 0 0 0 0 0 0 0 0 0 0 0 0
0 0 0 0 0 0 0 0 0 0 0 0 0 0 0 0 0 0 0 0 0 0 0 0 0 0 2 0 0 0 0 0 0 0 0 0 0 0 0 0 0 0 0 0 0 0 0 0 0 0 0 0 0 0 0 0 0 0 0 0 0 0 0 0 0 0 0 0 0 0 0 0 0 0 0 0 0 0 0 0 0 0 0 0 0 0 0 0 0 0 0 0 0 0 0 0 0 0 0 0 0 0 0 0 0 0 0 0 0 0 0 0 0 0 0 0 0 0 0 0 0 0 0 0 0 0 0 0 0 0 0 0 0 0 0 0 0 0 0 0 0 0 0 0 0 0 0 0 0 0
0 0 0 0 0 0 0 0 0 0 0 0 0 0 0 0 0 0 0 0 0 0 0 0 0 0 0 3 0 0 0 0 0 0 0 0 0 0 0 0 0 0 0 0 0 0 0 0 0 0 0 0 0 0 0 0 0 0 0 0 0 0 0 0 0 0 0 0 0 0 0 0 0 0 0 0 0 0 0 0 0 0 0 0 0 0 0 0 0 0 0 0 0 0 0 0 0 0 0 0 0 0 0 0 0 0 0 0 0 0 0 0 0 0 0 0 0 0 0 0 0 0 0 0 0 0 0 0 0 0 0 0 0 0 0 0 0 0 0 0 0 0 0 0 0 0 0 0 0 0
0 0 0 0 0 0 0 0 0 0 0 0 0 0 0 0 0 0 0 0 0 0 0 0 0 0 0 0 0 0 0 0 0 0 0 0 0 0 0 0 0 0 0 0 0 0 0 0 0 0 0 0 0 0 0 0 0 0 0 0 0 0 0 0 0 0 0 0 0 0 0 0 0 0 0 0 0 0 0 0 0 0 0 0 0 0 0 0 0 0 0 0 0 0 0 0 0 0 0 0 0 0 0 0 0 0 0 0 0 0 0 0 0 0 0 0 0 0 0 0 0 0 0 0 0 0 0 0 0 0 0 0 0 0 0 0 0 0 0 0 0 0 0 0 0 0 0 0 0 0
0 0 0 0 0 0 0 0 0 0 0 0 0 0 0 0 0 0 0 0 0 0 0 0 0 0 0 0 0 0 0 0 0 0 0 0 0 0 0 0 0 0 0 0 0 0 0 0 0 0 0 0 0 0 0 0 0 0 0 0 0 0 0 0 0 0 0 0 0 0 0 0 0 0 0 0 0 0 0 0 0 0 0 0 0 0 0 0 0 0 0 0 0 0 0 0 0 0 0 0 0 0 0 0 0 0 0 0 0 0 0 0 0 0 0 0 0 0 0 0 0 0 0 0 0 0 0 0 0 0 0 0 0 0 0 0 0 0 0 0 0 0 0 0 0 0 0 0 0 0
0 0 0 0 0 0 0 0 0 0 0 0 0 0 0 0 0 0 0 0 0 0 0 0 0 0 0 0 0 0 0 0 0 0 0 0 0 0 0 0 0 0 0 0 0 0 0 0 0 0 0 0 0 0 0 0 0 0 0 0 0 0 0 0 0 0 0 0 0 0 0 0 0 0 0 0 0 0 0 0 0 0 0 0 0 0 0 0 0 0 0 0 0 0 0 0 0 0 0 0 0 0 0 0 0 0 0 0 0 0 0 0 0 0 0 0 0 0 0 0 0 0 0 0 0 0 0 0 0 0 0 0 0 0 0 0 0 0 0 0 0 0 0 0 0 0 0 0 0 0
0 0 0 0 0 0 0 0 0 0 0 0 0 0 0 0 0 0 0 0 0 0 0 0 0 0 0 0 0 0 0 0 0 0 0 0 0 0 0 0 0 0 0 0 0 0 0 0 0 0 0 0 0 0 0 0 0 0 0 0 0 0 0 0 0 0 0 0 0 0 0 0 0 0 0 0 0 0 0 0 0 0 0 0 0 0 0 0 0 0 0 0 0 0 0 0 0 0 0 0 0 0 0 0 0 0 0 0 0 0 0 0 0 0 0 0 0 0 0 0 0 0 0 0 0 0 0 0 0 0 0 0 0 0 0 0 0 0 0 0 0 0 0 0 0 0 0 0 0 0
0 0 0 0 0 0 0 0 0 0 0 0 0 0 0 0 0 0 0 0 0 0 0 0 0 0 0 0 0 0 0 0 0 0 0 0 0 0 0 0 0 0 0 0 0 0 0 0 0 0 0 0 0 0 0 0 0 0 0 0 0 0 0 0 0 0 0 0 0 0 0 0 0 0 0 0 0 0 0 0 0 0 0 0 0 0 0 0 0 0 0 0 0 0 0 0 0 0 0 0 0 0 0 0 0 0 0 0 0 0 0 0 0 0 0 0 0 0 0 0 0 0 0 0 0 0 0 0 0 0 0 0 0 0 0 0 0 0 0 0 0 0 0 0 0 0 0 0 0 0
