0 0 1 1 0 0 0 0 15 101 2 3 0 4 0 0 0 0 3 0 0 1 0 0 2 17 0 0 0 0 0 0 0 4 2 0 0 0 0 0 0 0 0 1 0 0 0 0 0 0 0 0 0 0 1 1 0 0 0 2 47 8 1 1 1 3 3 0 0 0 0 14 13 169 84 218 191 34 75 16 21 124 43 71 75 174 131 158 56 131 768 600 99 520 294 492 716 621 623 137 163 77 10 25 21 40 46 234 180 12 13 3 13 43 43 32 13 19 5 1 1 46 13 6 1 11 0 2 16 10 0 18 2 6 2 0 1 2 0 0 3 0 0 0 0 0 0 0 0 16
0 1 0 16 0 0 0 0 0 18 11 21 1 1 0 0 0 3 15 0 0 0 38 1 8 19 0 0 0 0 0 0 0 0 0 0 1 1 3 0 0 0 0 0 0 0 0 0 0 0 0 0 0 1 5 0 0 0 0 24 103 12 3 7 5 1 0 0 2 0 0 4 60 49 35 2 17 56 16 58 123 47 13 5 118 190 231 143 246 263 51 32 309 358 201 331 609 314 633 453 231 54 28 15 7 10 3 24 56 94 1 5 1 10 40 7 2 15 1 6 1 1 7 4 0 0 0 2 24 39 17 7 51 30 2 3 0 0 0 80 4 0 0 0 0 0 0 0 0 0
0 0 0 0 0 0 0 0 0 7 1 12 8 6 0 0 0 0 1 0 1 16 97 33 10 0 0 14 0 0 0 0 0 0 0 4 1 5 0 4 0 0 0 0 0 0 0 0 0 0 0 0 0 0 12 0 1 0 0 12 9 15 7 6 0 0 0 0 0 0 0 5 0 0 1 1 5 53 103 262 98 45 30 25 27 122 593 114 4 8 115 14 116 375 405 430 269 252 200 353 440 255 8 52 16 3 0 9 138 116 19 7 0 1 11 5 6 54 12 4 68 11 2 4 2 0 1 4 1 16 10 1 59 79 1 0 10 0 7 101 3 6 0 0 0 0 0 0 0 0
25 0 0 0 0 0 0 0 0 2 1 0 0 0 0 1 0 0 3 0 0 0 4 7 119 0 2 4 6 0 2 0 0 0 0 1 0 0 0 0 0 1 0 0 0 0 0 0 0 0 2 0 0 0 51 58 1 20 49 0 0 1 3 5 0 0 0 0 0 1 3 112 10 0 0 6 14 95 188 340 66 103 81 213 91 24 68 180 13 278 965 699 967 516 631 333 106 196 465 431 434 440 95 13 38 83 58 7 220 69 22 17 51 20 0 7 7 82 27 20 30 70 18 1 1 7 0 0 18 1 6 3 8 0 20 2 33 0 0 8 57 3 0 0 0 0 0 0 0 0
2 0 0 0 0 0 0 0 2 1 1 0 0 0 0 7 6 3 0 1 0 0 1 0 0 0 2 1 1 1 2 0 0 2 9 4 11 0 0 0 1 0 0 0 0 0 0 0 0 8 0 0 0 2 80 216 25 36 3 0 0 1 0 11 0 0 0 0 0 15 78 42 119 123 25 50 30 223 298 251 210 202 277 312 129 78 59 65 35 303 796 495 271 783 275 153 51 396 311 636 427 631 508 365 248 165 61 53 8 5 6 6 24 48 7 11 1 25 43 60 147 436 100 54 14 1 2 1 0 4 1 2 0 1 4 5 0 0 0 1 34 9 0 0 0 0 0 0 0 0
1 3 0 0 0 0 0 0 4 0 2 0 0 0 0 2 0 1 3 59 3 0 1 0 0 0 0 0 1 1 0 2 0 0 115 89 37 31 2 0 0 0 0 0 0 0 0 0 0 8 41 4 0 1 15 28 87 9 6 1 0 0 2 1 0 0 0 0 3 53 63 152 142 165 89 95 17 61 54 548 383 582 374 32 3 145 95 28 9 188 1062 581 103 306 666 660 137 1008 461 373 330 303 799 437 28 134 28 104 4 2 1 2 2 53 1 9 30 3 0 11 213 172 3 2 3 3 2 0 3 0 2 0 0 0 1 0 12 0 3 0 2 15 0 0 0 0 0 0 0 0
0 0 0 1 0 0 0 0 1 9 1 0 0 0 1 0 0 1 1 0 0 3 1 0 0 0 0 0 0 0 0 1 2 1 0 9 2 1 0 0 0 0 0 0 0 0 0 0 0 1 3 3 1 6 1 26 13 1 54 20 2 4 0 0 12 0 0 0 0 77 69 50 174 264 200 139 327 124 276 466 863 939 842 572 269 29 24 102 61 83 927 833 118 455 780 310 214 367 309 30 17 305 149 188 35 51 74 16 14 17 28 128 179 65 37 20 2 5 12 9 84 61 4 0 0 1 3 4 0 0 0 0 0 0 0 0 0 6 0 0 0 0 2 0 0 0 0 0 0 0
1 0 0 0 0 0 0 0 1 0 0 0 0 0 0 0 0 0 0 0 0 0 0 0 0 0 0 0 0 3 7 0 0 0 3 2 1 1 11 7 0 0 0 0 0 0 0 0 0 0 0 0 3 13 1 12 0 27 56 47 48 63 30 2 11 26 0 0 2 92 1 2 19 34 62 45 54 99 631 790 1014 588 755 146 115 150 187 413 204 51 478 109 62 408 368 350 182 540 561 211 106 313 306 454 119 145 35 35 124 27 198 284 77 55 23 59 11 5 6 23 15 8 3 3 4 2 15 0 4 0 0 0 0 0 0 0 0 0 0 0 0 0 0 0 0 0 0 0 0 0
0 0 0 0 0 0 2 0 0 5 0 0 1 5 10 0 0 0 0 0 0 0 0 0 0 0 0 0 0 0 0 0 0 0 0 0 0 2 3 3 0 0 0 0 0 0 0 0 0 0 0 0 1 6 0 0 2 16 12 35 253 164 13 0 3 16 1 5 1 47 0 0 0 9 0 15 3 25 131 453 823 893 506 59 10 30 414 225 206 69 9 14 262 720 803 782 123 363 358 233 388 255 73 226 537 134 264 279 25 32 551 116 151 19 62 8 3 9 10 16 12 3 6 10 8 2 0 0 0 1 3 0 0 0 0 0 1 0 0 0 0 0 0 0 0 0 0 0 0 0
0 0 0 0 0 0 0 1 16 5 0 0 0 0 0 0 0 0 1 0 0 0 0 0 0 0 0 0 0 0 0 0 0 0 0 0 0 0 0 0 1 0 0 0 0 0 2 0 1 1 4 0 18 4 0 0 1 0 2 12 23 92 83 8 0 2 0 0 3 15 0 0 0 0 0 29 6 76 371 500 800 442 454 277 635 506 324 172 256 149 88 2 18 465 765 906 396 125 94 7 50 232 24 11 87 407 252 213 81 22 400 415 124 78 9 214 234 448 198 44 43 31 26 43 48 12 16 1 3 16 49 12 0 0 0 0 0 0 0 0 0 0 0 0 0 0 0 0 0 0
0 0 5 0 0 0 0 0 0 3 1 2 0 0 2 5 1 0 1 0 0 0 0 0 0 1 0 0 0 0 0 4 0 0 0 2 0 1 1 0 0 3 0 0 0 0 2 7 14 2 11 2 6 3 0 0 0 11 19 12 1 148 6 13 0 0 2 0 0 10 0 0 0 0 0 0 2 37 153 291 320 260 432 301 167 404 193 305 510 340 55 0 2 197 465 627 651 35 15 54 18 19 3 9 94 269 677 282 171 171 404 233 154 45 0 152 309 770 363 310 336 176 275 160 99 282 89 55 60 20 5 146 33 17 53 0 0 0 0 0 0 0 0 0 0 0 0 0 0 0
0 0 4 0 0 0 0 0 4 1 0 0 0 0 0 0 7 5 1 2 0 0 0 0 0 0 0 0 0 0 0 0 0 2 7 0 0 0 3 1 0 54 4 7 1 0 0 1 1 2 0 0 0 1 3 2 1 1 1 0 1 4 0 1 0 10 1 3 1 0 0 0 0 0 0 3 92 13 108 360 440 144 95 51 129 115 25 23 168 491 90 0 0 5 11 86 869 349 231 26 0 10 11 36 62 64 505 289 43 101 298 200 78 218 49 107 337 200 651 497 298 314 165 45 116 124 1 0 0 32 8 0 92 34 15 3 0 0 0 0 0 0 0 0 0 0 0 0 0 0
0 0 0 0 0 0 3 0 3 0 0 0 0 0 0 0 0 11 3 6 0 1 0 0 0 0 0 0 0 0 1 0 0 0 0 0 0 0 0 0 0 2 49 2 18 0 1 13 0 0 0 0 5 2 2 0 0 0 2 3 2 0 0 0 0 0 3 1 3 1 16 0 0 0 18 41 120 69 168 70 106 151 76 1 23 15 3 0 0 4 7 0 0 23 42 17 653 373 561 391 9 6 68 21 34 20 37 327 363 273 644 513 102 394 140 50 39 73 812 753 199 235 92 3 16 90 6 0 33 17 0 0 15 11 9 0 0 0 0 0 0 0 0 0 0 0 0 0 0 0
0 0 0 0 0 0 0 2 0 0 0 0 0 0 0 0 0 0 65 9 2 3 0 0 0 0 0 0 0 0 2 0 0 0 0 0 2 0 0 0 0 0 2 47 17 0 0 0 4 0 1 22 4 0 0 0 0 0 7 0 11 4 3 2 0 0 91 26 11 16 67 0 1 8 5 259 452 334 226 38 34 193 63 12 33 92 7 0 1 17 12 0 0 30 10 29 73 318 187 185 0 20 356 121 299 78 91 390 206 518 902 986 533 198 149 227 147 376 521 352 161 84 1 3 0 20 8 0 3 0 1 0 2 3 0 0 1 0 0 0 0 0 0 0 0 0 0 0 0 0
0 0 0 0 0 0 0 1 5 0 0 0 0 0 0 0 0 0 0 1 5 0 0 0 0 0 0 0 0 0 0 0 0 0 0 0 0 0 0 0 0 0 0 7 34 1 0 1 1 18 11 41 6 0 1 0 7 1 6 13 65 19 8 9 17 20 87 85 159 98 48 3 6 2 74 456 923 739 233 39 1 112 29 2 4 10 27 10 0 28 10 11 1 0 0 2 46 255 141 146 17 48 458 390 1119 833 1456 823 732 608 951 820 491 484 465 238 140 96 74 88 102 84 44 21 0 10 59 4 11 14 9 0 0 0 0 0 0 0 0 0 0 0 0 0 0 0 0 0 0 0
0 0 0 0 0 0 0 20 17 1 1 0 0 0 0 0 2 0 0 2 0 12 5 3 0 0 0 0 0 0 0 0 0 0 0 0 0 0 0 0 0 0 0 0 1 12 0 0 0 17 48 72 2 1 0 22 21 56 1 82 8 20 3 24 16 44 86 72 58 64 118 62 61 159 334 597 985 533 168 16 1 5 0 0 0 0 8 35 8 70 2 3 1 2 3 23 26 5 10 9 10 0 832 496 615 632 765 420 555 857 1093 898 1092 373 371 161 32 155 199 77 32 5 111 216 47 87 3 1 3 0 0 0 0 0 21 6 0 0 0 0 0 0 0 0 0 0 0 0 0 0
0 0 0 0 0 0 0 0 0 0 0 0 1 0 0 0 3 0 0 0 0 0 3 27 25 14 2 0 0 0 0 0 0 0 0 0 0 0 0 0 0 0 0 0 0 9 1 0 0 14 16 3 6 5 6 46 30 85 30 29 0 5 0 0 0 1 0 0 0 0 1 2 63 90 232 283 291 217 164 0 0 0 0 0 0 0 0 58 89 8 0 9 2 0 1 16 29 1 1 90 14 121 603 677 377 197 263 208 335 630 654 374 717 417 372 183 39 71 127 8 0 1 21 27 19 267 2 8 0 0 0 0 0 0 0 0 0 0 0 0 0 0 0 0 0 0 0 0 0 0
0 0 0 0 5 2 1 0 0 0 0 0 1 0 0 0 0 3 0 1 1 0 0 0 19 1 4 16 2 0 0 0 0 0 0 0 2 0 0 0 0 0 5 0 0 28 35 0 0 25 57 19 6 29 17 19 17 50 262 8 0 1 0 0 4 0 26 53 7 30 130 17 69 11 93 137 145 86 11 5 11 0 2 2 0 1 0 7 70 5 1 16 61 29 4 2 11 0 31 269 132 64 156 107 106 334 204 234 406 363 123 303 88 137 207 61 88 138 22 4 0 0 2 10 85 467 127 18 1 0 0 0 0 0 0 0 0 0 0 0 0 0 0 0 0 0 0 0 0 0
0 0 2 2 2 5 0 0 0 0 0 0 1 1 0 1 12 0 1 2 0 4 2 0 2 0 29 45 9 0 0 0 0 0 1 3 3 0 0 0 0 0 0 8 14 19 10 0 12 315 109 8 5 13 6 26 103 55 30 25 40 10 0 0 2 1 5 5 3 13 23 20 32 14 0 111 108 22 1 31 18 0 1 12 0 9 5 9 7 1 2 36 71 163 12 2 0 24 98 25 85 184 88 15 62 100 143 411 282 1 1 42 10 323 63 0 4 1 0 0 0 0 0 7 45 168 158 276 40 2 0 0 0 0 0 0 0 0 0 0 0 0 0 0 0 0 0 0 0 0
0 0 0 0 0 0 0 0 0 0 0 0 2 0 0 0 1 0 0 1 3 6 54 5 3 1 3 21 80 8 0 1 0 0 0 0 0 0 0 0 0 0 5 19 4 67 88 3 1 121 48 10 0 7 51 5 13 33 2 1 3 0 2 1 1 12 1 0 11 15 37 25 15 0 0 57 8 0 2 15 6 0 0 1 0 7 17 3 2 4 3 21 0 5 1 13 1 7 20 0 491 524 326 102 47 146 90 160 168 2 0 0 4 222 27 0 0 0 0 0 0 0 1 0 7 5 12 78 11 0 0 0 0 0 0 0 0 0 0 0 0 0 0 0 0 0 0 0 0 0
0 0 0 0 0 0 1 0 0 0 0 1 0 1 0 0 1 0 0 0 0 0 6 7 0 7 2 8 1 2 0 6 5 0 0 0 0 0 0 0 1 2 3 9 3 6 4 15 57 189 225 58 10 29 8 8 3 0 2 0 0 2 10 22 96 96 3 0 10 13 54 17 1 0 7 74 113 51 9 21 0 8 3 8 0 0 5 2 25 10 14 0 0 2 2 0 0 4 237 231 1001 645 389 99 0 18 79 228 5 0 0 0 0 19 0 0 0 0 0 0 0 0 3 7 0 0 24 34 0 0 0 0 0 0 0 0 0 0 0 0 0 0 0 0 0 0 0 1 0 0
0 0 0 0 0 0 0 0 0 0 0 0 0 4 0 1 0 0 0 0 1 2 10 8 2 0 1 0 0 0 8 13 1 5 0 0 0 4 2 0 35 4 0 0 0 0 7 10 150 672 200 189 11 3 0 3 0 3 0 0 1 3 1 0 9 13 20 2 7 52 30 24 21 0 0 19 107 108 89 50 16 30 11 20 11 7 18 7 132 33 15 4 0 8 1 6 3 1 82 271 243 68 39 2 19 23 119 95 9 0 0 0 13 134 0 0 0 0 0 0 0 0 0 0 0 40 42 4 1 3 2 0 0 0 0 0 0 0 0 0 0 0 0 0 0 0 0 0 0 0
0 0 0 0 0 0 0 0 0 0 0 0 0 0 0 0 0 0 0 0 0 1 7 0 1 0 0 0 0 0 0 1 6 1 1 0 27 80 12 8 0 0 0 0 0 0 5 14 17 235 160 80 4 0 0 2 0 2 3 3 0 0 0 0 14 2 4 3 0 4 18 27 66 7 0 3 17 9 30 31 3 41 34 0 0 13 8 0 0 0 3 4 1 3 0 1 7 0 1 0 6 0 12 32 41 77 39 46 57 80 38 18 36 0 0 0 0 0 0 0 0 0 0 3 36 42 64 0 0 0 1 0 0 0 0 0 0 0 0 0 0 0 0 0 0 0 0 0 0 0
0 0 2 0 0 0 0 0 0 0 0 0 0 0 19 0 1 3 0 0 3 0 1 0 0 1 0 0 0 1 2 0 1 0 2 2 5 21 5 0 0 0 0 0 9 59 91 43 2 95 121 52 4 6 0 3 5 16 3 1 0 0 0 1 0 0 0 0 0 0 1 4 121 56 7 17 0 0 0 1 0 12 64 59 0 0 1 1 0 0 0 5 1 2 0 0 1 1 1 0 5 0 2 69 46 18 18 3 4 26 2 371 25 0 0 0 0 0 0 0 0 0 1 11 7 15 42 84 0 0 0 0 0 0 0 0 0 0 0 0 0 0 0 0 0 0 0 0 0 0
0 0 0 0 0 0 0 0 0 0 0 0 0 0 0 0 0 0 0 0 2 0 0 0 0 0 0 1 0 0 0 0 0 0 47 0 0 78 0 0 0 0 0 23 26 32 57 3 5 10 37 39 16 15 23 3 2 2 0 0 0 0 0 0 0 0 0 7 7 3 3 1 15 17 24 11 0 0 0 0 1 0 11 40 31 8 0 0 0 3 0 4 2 1 0 0 0 0 0 5 7 3 7 18 320 0 0 1 0 0 2 85 5 0 0 0 12 0 0 0 0 1 1 0 0 24 31 8 0 0 13 0 0 0 0 0 0 0 0 0 0 0 0 0 0 0 0 0 0 0
0 0 0 0 0 0 0 0 0 0 0 0 0 0 3 0 0 0 0 0 0 2 0 2 0 0 0 0 0 0 0 0 0 16 23 1 0 18 1 0 0 0 0 5 72 12 0 0 6 1 44 6 0 1 0 0 0 1 0 0 1 0 0 0 13 1 0 2 4 2 1 16 0 1 0 2 2 0 0 0 0 0 0 5 0 14 4 4 0 8 0 1 1 0 0 2 1 3 1 7 4 17 15 46 163 145 0 0 0 0 0 3 4 4 6 7 0 0 0 1 2 0 0 0 0 33 24 13 0 0 0 0 0 0 0 0 2 21 0 0 0 1 0 0 0 0 0 0 1 0
0 0 0 0 0 0 0 0 0 0 0 0 0 0 2 0 6 3 0 0 1 2 2 0 0 0 0 13 2 0 0 1 0 11 14 2 1 0 1 3 3 1 0 9 93 3 3 0 0 0 22 28 0 1 0 0 0 0 0 0 0 0 0 1 6 0 0 0 0 4 8 2 0 1 0 0 13 0 0 0 0 0 15 1 0 6 11 14 1 3 22 0 0 0 0 6 1 1 0 1 5 11 10 3 57 193 15 0 0 0 0 0 0 12 6 15 0 0 0 0 0 0 0 0 37 114 16 13 0 0 0 0 0 0 2 0 2 12 0 0 0 0 0 0 0 0 0 0 0 0
0 0 0 0 0 0 0 0 1 0 0 1 0 0 0 0 9 19 0 0 1 17 3 19 0 0 0 0 1 1 2 0 0 43 5 0 1 8 9 15 35 41 19 146 135 2 7 2 7 0 0 53 46 0 4 1 0 0 0 0 0 0 0 0 0 0 0 0 9 24 72 11 2 0 0 1 0 1 0 0 0 0 0 0 0 0 1 3 9 8 5 0 2 1 0 2 0 0 0 0 0 1 8 10 9 603 499 19 1 0 0 0 0 0 0 0 8 87 17 1 0 0 0 27 117 30 47 220 197 15 0 0 0 0 0 5 8 1 0 0 0 0 0 0 0 0 0 0 0 0
0 0 0 0 0 0 1 0 0 0 0 1 7 9 1 2 28 56 1 6 0 3 0 1 0 0 0 1 5 1 0 7 2 1 6 4 2 13 85 107 250 478 267 198 99 19 0 0 0 0 0 0 35 8 1 0 0 0 0 0 0 0 0 0 0 0 0 0 0 0 10 28 2 0 12 10 2 11 6 0 0 0 5 0 1 0 0 0 4 2 3 1 7 2 41 16 3 0 0 0 0 144 9 21 271 339 227 230 8 0 0 0 0 0 0 1 165 65 11 0 0 0 12 71 104 119 499 452 111 60 0 0 2 51 0 3 0 0 0 0 0 0 0 0 0 0 0 0 0 0
0 0 0 0 0 0 0 1 2 8 11 49 29 0 0 0 1 7 0 1 0 0 6 14 1 1 1 1 1 0 0 0 0 1 24 30 1 3 82 282 390 621 462 433 51 4 1 1 1 0 2 1 40 72 12 6 0 0 0 0 0 0 0 0 0 0 0 0 0 0 0 2 1 0 0 0 1 16 25 0 1 0 2 1 22 0 0 0 2 3 0 1 5 23 2 12 0 0 0 2 0 1 9 7 13 21 3 89 22 0 0 0 0 0 111 72 330 214 42 30 14 14 5 130 174 101 308 324 408 448 91 104 15 123 14 0 0 0 0 0 0 0 0 0 0 0 0 0 0 0
0 0 0 0 0 0 3 0 2 7 1 6 1 0 1 2 0 0 9 3 0 7 115 22 0 0 0 0 0 1 3 2 0 2 5 16 29 34 19 69 311 250 261 141 15 22 6 1 3 0 2 0 17 3 2 0 0 0 0 0 0 0 0 0 0 0 0 0 5 0 0 0 0 0 0 6 0 3 6 0 8 9 6 2 28 0 0 0 9 17 1 0 2 9 0 0 5 3 3 1 0 0 1 8 1 1 0 6 68 5 4 5 3 0 38 677 557 405 154 154 115 65 53 2 2 9 250 224 5 54 32 158 438 83 39 16 0 0 0 0 0 0 0 0 0 0 0 0 0 0
0 0 0 0 0 0 0 0 1 1 2 5 0 0 0 0 0 0 10 11 161 61 7 0 0 0 0 0 0 24 2 8 13 26 12 9 0 6 0 59 290 249 239 105 64 27 1 0 2 8 2 0 16 2 5 2 0 0 0 0 0 0 0 0 0 0 0 0 0 0 4 0 0 0 0 0 0 0 4 1 41 15 16 115 10 1 0 0 0 0 0 0 4 1 0 2 1 1 0 0 0 0 0 0 5 1 1 15 152 117 199 267 76 145 363 587 488 185 63 259 50 129 5 3 72 163 245 115 9 0 102 269 374 45 61 4 0 0 0 0 0 0 0 0 0 0 0 0 0 0
0 0 0 0 0 0 0 0 0 0 0 25 2 10 0 1 1 0 2 8 59 0 0 0 0 0 0 0 0 3 3 24 9 1 2 6 5 0 2 7 35 123 42 50 4 0 1 0 0 2 2 1 39 0 1 1 2 8 0 0 0 0 0 0 0 0 0 0 0 0 0 0 0 0 0 4 0 7 3 0 1 6 26 2 0 0 0 0 2 3 0 2 0 6 1 3 6 0 0 0 1 1 0 2 0 4 1 9 176 49 124 87 30 332 681 324 196 323 77 321 62 14 0 33 13 24 98 1 0 0 68 316 1 0 3 0 0 0 0 0 0 1 0 0 0 0 0 0 0 0
0 0 1 0 0 2 9 4 2 0 0 0 0 1 10 0 1 2 14 27 32 0 0 0 0 0 0 0 1 1 68 2 16 0 6 0 0 1 6 0 4 18 23 0 1 0 0 0 0 4 0 2 151 12 24 39 73 0 1 1 0 0 0 0 0 0 0 0 0 0 0 0 0 0 0 0 0 3 0 2 0 1 2 0 0 0 0 0 1 0 0 1 6 21 11 0 5 0 0 1 2 0 0 0 0 13 3 67 38 3 1 7 84 254 139 271 126 197 135 172 175 2 0 0 0 0 1 0 0 0 0 95 45 0 0 0 0 0 0 0 0 0 0 0 0 0 0 0 0 0
0 0 0 0 0 0 5 6 0 0 0 0 1 3 1 3 33 17 2 0 1 6 2 0 1 0 0 12 21 10 35 27 15 1 5 2 2 2 0 7 5 26 3 1 2 0 1 0 0 0 1 18 115 105 5 31 0 0 0 0 0 0 0 0 0 0 0 0 0 0 0 0 0 0 0 0 8 3 1 0 0 0 0 0 0 0 0 0 3 1 11 3 25 14 9 22 2 1 0 1 2 0 0 0 0 0 6 37 407 4 0 0 0 0 0 1 0 34 271 539 33 0 0 0 0 0 4 0 0 0 0 2 82 1 0 0 0 0 0 0 0 0 0 0 0 0 0 0 0 0
2 1 0 1 0 0 9 41 2 0 8 0 2 0 2 109 53 16 1 3 0 0 0 0 1 5 6 17 0 2 7 20 0 2 0 2 0 0 4 0 13 6 0 1 2 0 1 0 0 0 0 44 2 38 35 1 0 0 0 0 0 0 0 0 0 0 0 0 0 0 0 0 0 0 0 0 3 15 0 0 0 0 1 0 0 0 0 0 10 0 2 0 1 24 2 1 0 1 12 0 0 0 0 2 0 14 44 29 109 0 0 0 0 0 3 3 0 3 144 264 253 94 0 0 2 30 0 0 0 34 92 38 42 4 0 0 0 0 0 0 0 0 0 0 0 0 0 0 0 0
0 0 0 0 0 2 2 0 0 0 48 1 0 4 13 29 49 12 5 0 2 0 3 3 3 6 7 0 1 2 0 0 0 2 9 0 0 0 0 4 0 32 7 1 0 0 0 1 0 0 0 52 43 34 20 13 0 0 0 0 0 0 0 0 0 0 0 0 0 0 0 1 0 1 0 0 0 31 62 1 1 9 0 0 0 0 1 50 3 1 3 7 1 1 0 6 0 3 2 4 25 13 15 3 1 16 29 6 45 4 0 0 0 6 58 87 162 443 94 140 716 197 0 22 339 24 0 0 0 128 201 0 0 0 0 0 0 0 0 0 0 0 0 0 0 0 0 0 0 0
0 1 4 0 0 0 2 1 0 2 6 62 7 25 0 1 0 7 0 0 1 0 0 2 3 1 2 0 18 1 0 0 0 0 3 0 0 1 2 0 0 7 21 12 0 0 2 0 0 0 2 56 31 11 0 3 0 0 0 0 0 0 0 0 0 0 0 0 0 0 0 0 0 0 0 0 0 12 33 8 0 2 0 0 0 0 0 12 0 1 0 0 0 5 0 0 0 0 2 2 1 0 1 1 11 0 4 24 28 6 0 0 1 0 107 430 530 447 43 38 106 179 285 408 177 2 0 1 3 530 170 0 0 0 0 0 0 0 0 0 0 0 0 0 0 0 0 0 0 0
0 0 3 0 0 0 3 0 0 0 10 40 1 0 0 0 0 0 0 4 0 0 0 3 0 0 4 0 0 0 0 0 0 0 0 0 0 0 3 0 0 2 0 0 2 2 0 0 0 0 2 73 2 6 1 1 0 0 2 1 0 0 0 0 0 0 0 0 0 0 0 0 0 0 0 0 0 2 60 75 17 14 31 1 0 0 1 0 1 0 0 0 5 15 0 0 1 0 0 9 2 0 2 5 2 5 6 3 23 0 0 6 22 14 52 30 1 47 454 181 13 230 941 521 418 266 235 246 1050 1276 808 12 0 0 0 0 0 0 0 0 0 0 0 0 0 0 0 0 0 0
0 0 2 0 0 1 0 6 1 9 35 0 0 22 5 1 0 0 0 0 0 0 0 0 0 35 28 1 0 0 1 0 0 0 1 0 0 0 0 29 0 1 4 0 0 0 11 1 0 8 8 241 40 11 0 17 0 1 0 0 0 0 0 6 0 0 0 0 0 0 0 0 0 0 0 0 2 9 39 0 1 14 12 0 0 0 0 0 0 3 0 5 2 5 4 22 7 0 0 1 6 0 0 5 10 9 14 6 78 34 3 8 11 1 1 5 0 133 238 492 403 591 942 710 1327 904 876 1098 1399 814 747 3 0 0 0 0 0 0 0 0 0 0 0 1 0 0 0 0 0 0
0 0 0 0 1 0 0 0 17 3 2 1 0 2 1 11 1 1 0 2 0 0 0 0 0 7 5 1 0 0 0 0 1 0 1 1 2 0 3 0 1 0 1 0 0 0 2 0 18 31 458 350 43 105 3 3 10 1 2 3 1 4 0 0 0 0 0 0 0 0 0 0 0 0 0 0 0 0 5 0 0 0 3 0 0 0 0 0 3 3 0 0 6 0 0 0 0 0 2 2 13 7 11 1 21 17 32 36 7 4 5 1 3 4 4 13 5 69 361 920 1045 656 290 895 1585 1125 239 728 496 12 131 29 0 0 0 0 1 0 0 0 0 0 0 0 0 0 0 0 0 0
0 2 0 0 0 0 6 0 16 1 1 0 3 1 1 0 0 1 0 0 0 0 0 0 2 3 0 1 1 1 0 35 25 0 0 1 1 0 2 1 0 0 0 1 0 0 0 0 10 33 467 583 511 545 48 18 1 9 2 7 0 0 0 3 0 0 0 0 0 0 0 0 0 0 0 0 0 0 0 15 0 0 1 0 0 0 0 15 44 0 0 11 1 0 0 0 0 0 0 6 5 0 11 17 8 113 364 34 6 0 8 1 1 10 0 6 12 9 77 505 402 455 327 2114 1773 745 376 203 10 524 1363 538 0 1 0 0 0 0 0 0 0 0 0 0 0 0 0 0 0 0
0 1 2 8 0 0 10 26 14 0 7 29 0 0 1 0 0 0 0 0 0 0 0 0 1 0 0 0 0 0 0 5 5 0 0 1 2 0 0 0 0 0 0 1 0 0 0 0 0 10 171 305 476 353 89 119 5 0 4 2 2 0 0 0 0 0 0 0 0 0 0 0 0 0 1 1 0 0 3 34 1 5 1 0 0 0 0 8 39 0 1 31 66 0 0 0 0 0 0 7 4 21 26 44 23 10 3 17 0 0 0 0 0 0 0 7 5 5 10 52 337 314 390 805 1241 1085 312 421 474 942 473 363 4 0 0 0 0 0 0 0 0 0 0 0 0 0 0 0 0 0
3 1 0 2 2 3 13 13 0 8 0 6 0 0 0 0 0 0 0 0 0 0 1 0 0 0 0 0 0 0 0 0 0 0 0 0 0 1 0 0 0 0 0 0 0 4 6 7 1 2 80 102 281 57 32 55 4 0 2 1 0 0 0 0 0 2 0 0 0 0 0 0 0 0 0 0 0 0 1 0 6 4 0 0 0 2 35 60 14 4 0 163 171 7 3 0 0 0 0 28 62 2 29 176 25 1 5 1 4 1 1 0 0 1 2 2 2 17 23 51 140 831 857 383 415 721 1016 1009 162 162 114 98 0 0 0 0 0 0 0 0 0 0 0 0 0 0 0 0 0 0
0 0 6 0 0 2 10 30 4 4 3 6 0 0 0 0 0 0 0 0 0 0 0 1 1 0 0 0 4 0 0 0 0 0 0 8 0 0 0 2 0 0 0 0 0 2 0 0 1 4 6 14 114 21 6 1 0 60 39 1 0 0 0 0 0 0 0 0 0 0 0 0 0 0 0 0 0 0 0 0 0 6 13 20 10 45 3 1 4 29 146 86 120 11 3 0 0 5 20 24 49 258 200 341 366 57 22 8 4 7 0 0 2 0 1 7 2 41 26 316 698 870 1592 1667 717 271 1205 1362 817 0 0 4 0 2 0 0 0 0 0 0 0 0 0 0 0 0 0 0 0 0
2 5 8 0 24 15 7 36 9 3 0 0 0 0 0 0 0 0 0 0 0 1 0 0 0 0 2 0 1 0 0 0 0 2 0 1 0 0 0 0 2 0 0 0 0 0 0 0 5 6 0 5 49 4 6 0 0 8 74 15 1 0 0 0 0 0 0 0 0 0 0 0 0 0 0 0 0 0 0 0 2 2 9 0 0 4 5 9 11 52 182 133 72 3 40 29 11 0 0 5 84 221 440 173 156 88 1 2 3 1 9 0 0 1 2 0 1 359 373 845 720 27 8 127 339 382 350 842 303 7 86 15 0 0 0 0 0 0 0 0 0 0 0 0 0 0 0 0 0 0
4 4 58 12 64 121 77 7 1 0 0 0 2 4 0 0 1 0 0 0 0 1 0 0 0 0 0 0 0 0 0 0 0 0 0 0 0 0 0 0 0 0 4 0 0 3 0 0 5 0 0 61 27 0 1 3 1 2 2 14 1 0 0 0 0 0 0 0 0 0 0 0 0 0 0 0 0 0 0 0 19 37 0 0 49 1 79 28 0 0 1 2 7 7 0 2 0 0 0 4 9 115 548 195 130 155 8 8 5 0 9 3 0 0 0 12 311 492 132 33 0 0 0 0 43 346 162 529 474 18 41 32 0 0 0 0 0 0 0 0 0 0 0 0 0 0 0 0 0 0
1 22 59 128 212 254 111 62 7 0 0 0 0 0 0 0 0 1 0 0 1 14 0 0 0 0 0 0 0 1 0 0 0 0 0 0 0 0 0 0 0 0 0 6 2 3 0 13 3 1 0 23 5 0 0 3 0 0 20 3 0 7 0 0 0 0 0 0 0 0 0 0 0 0 0 0 0 0 3 11 2 0 0 8 10 12 23 123 31 0 0 0 0 0 0 0 0 0 0 0 0 107 524 140 207 150 2 5 0 11 2 2 1 0 13 67 170 2 19 41 0 0 0 0 7 395 201 597 265 13 49 0 0 0 0 0 0 0 0 0 0 0 0 0 0 0 0 0 0 0
0 46 254 550 233 165 65 28 0 1 1 6 2 0 0 0 0 0 2 1 0 2 0 0 2 0 0 1 0 0 0 0 0 0 0 0 0 0 0 0 0 2 0 0 4 0 0 27 24 0 0 1 9 0 0 7 1 0 0 0 0 1 0 0 0 0 0 0 0 0 0 0 0 0 0 0 0 18 1 0 0 0 0 3 0 0 50 21 1 0 3 0 0 0 0 1 0 0 0 0 18 35 14 44 157 137 0 0 2 1 4 3 14 25 20 11 2 9 6 33 16 56 4 0 4 69 73 133 50 7 0 0 0 0 0 0 0 0 0 0 0 0 0 0 0 0 0 0 0 0
0 6 126 123 111 124 36 36 4 1 2 1 2 0 0 0 0 0 0 0 10 3 0 0 2 0 0 0 0 1 0 0 0 0 2 1 0 0 0 0 0 0 0 0 1 0 0 0 1 8 0 0 0 0 0 9 0 0 0 0 0 0 0 0 0 0 0 0 0 0 0 0 0 0 0 0 1 0 0 0 0 0 0 2 0 0 71 4 4 11 22 0 0 0 3 5 0 0 0 429 898 94 254 123 5 142 32 0 0 1 1 49 17 0 0 0 0 0 14 45 101 68 241 258 72 74 3 1 0 3 0 0 0 0 0 0 0 0 0 0 0 0 0 0 0 0 0 0 0 0
15 34 46 105 78 44 5 0 1 0 12 0 0 0 1 0 1 0 0 0 4 64 0 0 0 0 0 1 0 3 2 0 0 2 0 0 0 0 0 0 0 0 0 0 0 31 3 0 0 0 0 0 0 0 4 15 0 0 0 0 0 0 0 0 0 0 0 0 0 0 0 0 0 0 0 0 3 2 0 0 0 0 0 2 2 3 26 0 0 23 15 0 0 0 17 83 74 14 186 1368 477 410 231 43 2 20 102 103 0 3 33 0 0 0 0 0 2 0 37 40 128 41 28 76 19 57 24 19 76 43 14 0 0 0 0 0 0 0 0 0 0 0 0 0 0 0 0 0 0 0
64 11 17 10 0 0 1 1 0 0 0 0 0 0 0 0 0 0 2 0 2 4 1 0 0 0 0 0 0 0 0 0 0 6 8 0 0 0 0 0 0 0 0 0 0 4 4 1 0 0 0 0 0 2 64 18 0 0 0 0 0 0 0 0 0 0 0 0 0 0 0 0 0 0 12 7 0 0 0 0 0 0 0 0 6 0 38 5 0 0 106 15 7 11 57 193 109 14 58 139 6 33 23 12 5 2 0 134 482 75 2 0 0 0 9 0 0 2 3 0 32 0 1 1 22 55 78 57 397 110 122 0 0 0 0 0 0 0 0 0 0 0 0 0 0 0 0 0 0 0
14 0 3 1 0 2 3 0 0 0 0 1 0 0 0 1 0 0 0 0 0 0 0 0 0 0 0 0 0 0 7 74 5 0 0 0 0 0 0 0 1 0 0 0 0 1 0 0 0 0 0 0 1 2 11 1 0 0 0 0 0 0 0 0 0 0 0 0 0 0 0 0 0 0 4 2 0 0 0 0 0 0 0 0 0 0 79 47 180 45 72 19 22 16 0 133 6 2 0 2 3 3 1 1 1 4 133 360 177 47 0 0 1 1 0 0 0 1 1 0 29 8 7 7 14 144 112 138 73 155 43 0 0 0 0 0 0 0 0 0 0 0 0 0 0 0 0 0 0 0
2 0 0 2 1 0 0 0 0 0 0 0 0 0 0 0 0 0 0 0 0 0 1 1 0 0 0 0 0 1 2 0 1 0 0 0 0 0 0 0 0 0 0 0 0 6 0 1 0 0 0 2 5 26 6 2 0 0 0 0 0 0 0 0 0 0 0 0 0 0 0 3 5 3 1 0 0 0 0 0 0 0 0 0 0 0 1 1 58 3 0 0 0 0 4 33 0 1 1 1 0 1 1 5 4 194 510 286 298 121 0 0 0 0 0 0 0 0 61 22 3 32 1 30 4 12 72 85 3 6 2 12 0 0 0 0 0 0 0 0 0 0 0 0 0 0 0 0 0 0
0 0 0 0 0 0 0 0 0 0 0 0 0 0 0 0 0 0 0 0 0 0 0 2 0 0 1 0 0 0 1 0 0 0 0 0 0 0 0 0 0 0 0 0 0 1 0 0 0 0 4 2 0 56 9 0 2 0 0 0 0 0 0 0 0 0 0 0 0 0 4 1 1 0 1 0 0 0 0 0 0 0 0 0 0 0 8 0 1 1 0 0 2 30 0 0 3 0 10 0 0 1 0 0 29 46 180 23 87 156 0 0 0 0 0 0 0 0 2 13 1 13 5 68 74 24 166 59 36 35 2 0 0 0 0 0 0 0 0 0 0 0 0 0 0 0 0 0 0 0
0 0 0 0 2 43 1 0 0 0 0 0 0 0 0 0 0 0 0 0 0 0 0 0 0 0 1 0 0 0 2 0 0 1 0 0 0 0 0 0 0 0 1 1 9 0 0 0 0 0 0 0 0 0 7 2 1 2 0 0 0 0 0 0 0 0 0 16 0 4 0 0 0 0 0 0 0 0 0 0 0 0 0 0 0 0 0 0 5 0 0 32 89 12 0 0 2 0 5 1 3 2 10 22 111 34 0 7 8 13 8 0 0 0 0 0 0 0 0 0 2 2 4 15 0 0 0 145 1 5 0 0 0 0 0 0 0 0 0 0 0 0 0 0 0 0 0 0 0 0
0 0 0 0 50 26 1 0 0 0 0 0 0 0 0 0 0 0 0 0 0 0 0 0 0 0 0 1 1 0 1 0 0 0 0 0 0 0 0 0 0 0 0 1 1 1 0 0 0 1 0 0 0 10 0 1 2 0 0 0 0 0 0 0 0 0 1 0 3 9 0 0 0 0 0 1 0 0 0 0 0 0 0 0 0 0 0 0 49 23 147 221 109 20 0 0 0 0 0 28 68 311 261 76 21 12 5 0 0 21 13 0 0 0 0 0 0 0 0 0 0 0 0 0 0 2 87 66 0 0 0 0 0 0 0 0 0 0 0 0 0 0 0 0 0 1 0 0 0 0
0 0 0 0 1 1 0 0 0 0 0 0 0 1 0 0 0 0 0 0 0 0 0 0 0 0 0 0 1 4 1 0 0 0 0 3 0 0 0 0 0 0 0 0 1 1 0 0 0 1 2 0 0 2 1 0 0 0 0 0 0 0 0 0 0 0 0 0 5 1 0 0 0 0 0 0 0 0 0 0 0 0 0 0 0 0 6 3 25 86 181 71 80 24 0 3 3 0 2 84 105 104 79 9 0 52 5 0 0 4 8 0 0 0 0 0 0 0 0 0 1 25 37 0 0 19 3 3 0 0 0 0 0 0 0 0 0 0 0 0 0 0 0 0 0 0 0 0 0 0
0 0 0 0 0 0 0 0 0 0 0 1 23 5 0 0 1 0 2 0 0 0 0 0 0 2 1 0 0 27 0 0 0 0 10 8 0 0 0 0 0 0 0 0 0 14 7 0 0 0 0 0 0 6 5 2 0 0 0 0 0 0 0 0 0 0 0 9 29 0 0 0 0 0 0 0 0 0 0 0 0 0 0 0 3 5 43 3 1 2 0 0 10 0 9 1 0 2 10 29 77 0 0 1 0 0 0 3 1 40 14 54 0 0 0 0 0 0 0 0 0 0 0 0 0 0 0 9 0 0 0 0 0 0 0 0 0 0 0 0 0 0 0 0 0 0 0 0 0 0
0 0 0 0 1 0 0 0 0 1 0 0 0 0 1 1 0 0 0 0 0 0 0 0 0 0 0 0 1 0 0 0 0 0 1 0 0 0 0 0 0 0 0 0 0 0 1 8 0 1 0 0 1 2 1 1 1 2 1 0 0 0 0 0 0 0 2 24 10 0 0 0 0 0 0 0 0 0 0 0 0 0 0 2 20 2 0 5 3 12 15 1 4 0 4 8 6 22 27 19 35 11 3 1 0 0 0 35 83 127 177 409 33 16 5 1 1 5 0 0 0 0 1 0 0 0 0 0 0 0 0 0 0 0 0 0 0 0 0 0 0 0 0 0 0 0 0 0 0 0
0 0 0 0 0 4 0 0 0 0 0 0 0 0 0 0 0 0 0 0 0 0 0 0 0 0 0 1 0 0 0 0 0 0 0 0 0 0 0 0 0 0 0 0 0 0 0 6 13 0 0 0 0 1 0 36 66 3 4 0 0 0 0 0 0 4 58 64 28 0 0 0 0 0 0 0 0 0 0 0 0 0 0 17 51 1 1 2 12 1 7 3 0 0 1 5 30 18 2 0 0 0 9 11 10 0 34 3 55 31 168 31 267 47 7 2 0 0 0 0 0 0 0 0 0 0 0 0 0 0 0 0 0 0 0 0 0 0 0 0 0 0 0 0 0 0 1 0 0 0
0 0 0 0 0 0 0 0 0 0 0 1 19 0 0 1 1 0 0 0 0 0 0 0 0 0 0 0 0 1 0 0 0 0 0 0 0 0 0 0 0 0 0 0 20 3 1 3 105 3 0 0 0 0 6 1 0 3 7 12 2 1 4 8 6 1 0 0 0 2 0 1 0 0 0 0 0 0 0 0 0 0 0 0 0 7 0 10 1 1 4 0 0 0 12 158 10 0 0 0 0 1 0 0 47 44 200 653 261 43 32 0 250 121 0 0 0 0 0 0 0 0 0 0 0 0 0 0 0 0 0 0 0 0 0 0 0 0 0 0 0 0 0 0 0 0 0 0 0 0
0 0 0 0 1 25 2 1 0 0 1 0 0 0 0 0 0 0 0 0 0 0 0 0 0 0 0 0 0 0 0 0 0 0 0 0 0 0 4 0 0 1 0 0 0 8 8 13 0 0 0 0 1 2 9 2 0 0 0 2 0 0 0 0 0 0 3 2 1 5 0 2 0 0 0 0 0 0 0 0 0 0 0 0 0 0 0 1 5 1 8 7 0 0 77 6 0 0 0 0 0 3 0 23 109 88 153 283 391 189 136 108 196 9 0 0 0 0 0 0 0 0 0 0 0 0 0 0 0 0 0 0 0 0 0 0 0 0 0 0 0 0 0 0 0 0 0 0 0 0
0 0 0 0 11 43 0 0 2 0 0 0 0 1 0 0 2 0 0 0 0 0 0 0 0 0 0 0 0 0 0 0 0 0 1 0 0 0 0 0 1 2 0 0 4 0 1 4 0 1 0 0 2 2 1 0 2 3 1 3 0 0 2 0 0 0 1 1 1 0 0 0 1 2 0 0 0 0 0 0 0 0 0 0 0 2 0 0 3 0 0 0 14 29 2 26 176 1 0 0 0 0 0 58 141 247 0 0 11 26 0 5 8 0 0 0 0 0 0 0 0 0 0 0 0 0 0 0 0 0 0 0 0 0 0 0 0 0 0 0 0 0 0 0 0 0 0 0 0 0
0 0 0 0 0 1 0 0 8 1 0 0 0 0 0 0 0 0 3 0 0 0 0 0 0 0 0 0 0 0 0 0 0 0 0 0 0 0 0 0 0 0 0 0 0 0 0 0 1 4 0 0 0 0 0 3 0 0 4 2 1 0 0 0 0 0 0 0 0 0 0 1 0 0 0 0 0 0 0 0 0 0 0 0 0 0 0 0 0 1 0 10 60 27 22 148 201 0 0 0 0 0 0 3 3 0 0 0 0 0 27 68 0 0 0 0 0 0 0 0 0 0 0 0 0 0 0 0 0 0 0 0 0 0 0 0 0 0 0 0 0 0 15 11 4 0 0 0 0 0
0 0 1 0 3 0 0 0 0 1 0 0 1 0 1 0 0 0 0 0 0 0 0 0 0 0 0 0 0 0 0 2 0 0 0 0 0 0 0 0 0 0 0 0 0 0 0 0 0 0 0 1 3 2 0 0 0 0 2 1 0 0 0 0 0 0 0 0 0 0 0 3 0 0 0 0 0 0 0 0 0 0 0 0 0 0 0 0 33 6 4 31 159 154 39 0 0 0 0 0 0 0 1 2 0 0 0 4 0 133 167 1 0 0 0 0 0 0 0 0 0 0 0 0 0 0 0 0 0 0 0 0 0 0 0 0 0 0 0 0 0 0 0 4 0 0 0 0 0 0
1 0 0 0 0 0 0 0 0 0 0 0 0 1 2 0 0 0 0 0 0 0 0 0 0 0 0 0 0 0 0 0 0 0 0 0 0 0 0 0 0 0 0 0 0 0 0 0 0 0 1 0 2 0 0 0 0 0 0 3 1 0 0 0 0 0 0 0 0 0 0 0 0 0 0 0 0 0 0 0 0 0 0 0 0 0 0 1 0 9 7 93 386 0 2 6 2 0 0 0 0 0 0 4 2 1 0 4 5 40 68 0 0 0 0 0 0 0 0 0 0 0 0 0 0 0 0 0 0 1 0 0 0 0 0 0 0 0 0 0 0 0 0 0 0 0 0 0 0 0
0 0 0 0 0 0 0 0 0 0 0 0 6 1 0 0 0 0 0 0 0 0 0 0 0 0 0 0 0 0 0 0 0 0 0 0 1 0 0 0 0 0 2 0 0 0 0 0 0 0 1 10 0 0 0 1 5 0 1 5 1 1 0 0 0 0 0 0 0 0 3 49 5 0 0 0 0 0 0 0 0 0 0 0 0 0 0 0 5 2 15 19 12 27 7 1 0 0 0 0 0 0 0 0 0 0 0 0 0 0 0 0 0 0 0 0 0 0 0 0 0 0 0 0 0 0 0 0 0 0 0 0 0 0 0 0 0 0 0 0 0 0 0 0 0 0 0 0 0 0
0 0 0 0 0 0 0 0 0 0 0 1 0 0 0 0 0 0 0 0 0 0 4 49 0 0 0 0 0 0 0 0 0 0 0 0 0 0 0 0 0 0 0 0 0 0 0 0 0 0 5 6 1 1 0 3 0 0 0 0 3 4 6 0 0 0 0 0 0 0 0 10 8 3 9 0 0 0 0 0 0 0 0 0 0 0 0 0 0 12 13 19 20 35 35 1 1 1 0 0 0 0 0 0 0 0 0 0 0 0 0 0 0 0 0 0 0 0 0 0 0 0 0 0 0 0 0 0 0 0 0 0 0 0 0 0 0 0 0 0 0 0 0 0 0 0 0 0 0 0
0 0 0 0 0 0 0 0 0 0 0 0 1 0 0 0 1 0 0 0 0 0 0 0 0 0 0 0 0 1 0 0 0 0 0 0 0 0 0 0 0 0 0 0 0 0 0 0 0 2 1 32 32 5 3 0 16 1 0 0 0 21 47 0 0 0 0 0 0 0 0 0 1 2 13 0 0 0 0 0 0 0 0 0 0 0 0 0 0 1 24 8 1 21 24 13 0 0 2 0 0 0 0 0 0 0 0 0 0 0 0 0 0 0 0 0 0 0 0 0 0 0 0 0 0 0 0 0 0 0 0 0 0 0 0 0 0 0 0 0 0 0 0 0 0 0 0 0 0 0
0 0 0 0 0 0 0 0 0 0 0 1 1 1 0 0 0 0 0 0 0 0 0 0 0 0 0 0 0 0 0 0 0 0 0 0 0 0 0 0 0 0 0 0 0 0 0 0 2 0 4 32 97 9 16 7 0 0 0 0 0 6 0 0 0 0 0 0 0 0 0 0 0 1 1 0 0 0 0 0 0 0 0 0 0 0 0 0 0 0 0 16 25 17 12 4 0 0 0 0 0 0 0 0 0 0 0 0 0 0 0 0 0 0 0 0 0 0 0 0 0 0 0 0 0 0 0 0 0 0 0 0 0 0 0 0 0 0 0 0 0 0 0 0 0 0 0 0 0 0
0 0 0 0 0 0 0 0 2 0 0 0 31 0 0 0 0 1 1 0 0 1 0 0 0 2 0 0 0 0 0 0 0 0 0 0 0 0 0 0 0 0 0 0 0 0 0 0 1 2 0 15 97 0 10 0 0 1 0 0 0 1 0 0 0 0 0 0 0 0 0 0 0 0 0 0 0 0 0 0 0 0 0 0 0 0 0 0 0 0 0 0 13 18 1 5 8 1 0 14 0 0 0 0 0 0 0 0 0 0 0 0 0 0 0 0 0 0 0 0 1 0 0 0 0 0 0 0 0 0 0 0 0 0 0 0 0 0 0 0 0 0 0 0 0 0 0 0 0 0
0 0 0 0 0 0 0 0 0 2 1 0 0 0 2 3 2 1 2 0 0 0 0 11 0 5 0 0 0 0 0 0 0 0 0 0 0 0 0 0 0 0 0 0 0 0 0 5 0 1 0 1 11 0 0 1 0 0 2 1 4 0 0 0 0 0 0 0 0 0 0 0 0 0 0 0 0 0 0 0 0 0 0 0 0 0 0 0 0 0 0 0 0 0 0 0 3 0 0 0 0 0 0 0 0 0 0 0 0 0 0 0 0 0 0 0 0 0 0 0 0 0 0 0 0 0 0 0 0 0 0 0 0 0 0 0 0 0 0 0 0 0 0 0 0 2 0 0 0 0
0 0 0 0 0 0 0 0 0 0 5 0 0 0 0 0 0 0 1 0 0 0 0 1 2 0 0 0 0 0 0 0 1 1 10 6 0 0 0 0 0 0 0 0 0 0 7 12 0 0 0 0 0 0 0 0 0 0 0 0 9 0 0 0 0 0 0 0 0 0 0 0 0 0 0 0 0 0 0 0 0 0 0 0 0 0 0 0 0 0 0 0 0 0 0 13 22 9 0 0 0 0 0 0 0 0 0 0 0 0 0 0 0 0 0 0 0 0 0 0 0 0 0 0 0 0 0 0 0 0 0 0 0 0 0 0 0 0 0 0 0 0 0 1 6 4 0 0 0 0
4 0 0 0 0 0 0 0 0 0 0 1 0 0 0 0 0 0 0 1 2 0 0 0 0 0 0 0 0 0 0 0 0 1 0 0 0 0 0 0 0 0 0 0 2 2 5 0 0 0 0 0 0 0 0 0 0 0 0 0 0 0 0 0 0 0 0 0 0 0 0 6 6 0 0 0 0 0 0 0 0 0 0 0 0 0 0 0 0 0 0 0 0 0 3 0 11 1 0 0 3 0 0 0 0 0 0 0 0 0 0 0 0 0 0 0 0 0 0 0 0 0 0 0 0 0 0 0 0 0 0 0 0 0 0 0 0 0 0 0 0 0 0 0 0 0 0 0 0 0
0 0 0 0 0 0 0 0 0 0 0 1 0 0 0 0 0 0 0 3 0 0 0 0 0 0 0 0 0 0 0 0 0 0 0 0 0 0 0 0 0 0 0 0 1 0 0 0 0 0 0 0 0 0 0 0 0 0 0 0 4 0 0 0 0 0 0 0 0 0 28 22 0 0 0 0 0 0 0 0 0 0 0 0 0 0 0 0 0 0 0 0 0 0 0 0 1 0 0 2 2 7 0 0 0 0 0 0 0 0 0 0 0 0 0 0 0 0 0 0 0 0 0 0 0 0 0 0 0 0 0 0 0 0 0 0 0 0 0 0 0 0 0 0 0 0 0 0 0 0
0 0 0 0 0 0 0 0 0 0 1 1 1 0 0 2 1 0 0 0 0 0 0 0 0 0 0 0 0 0 0 0 0 0 0 0 0 0 0 0 0 0 0 0 1 0 0 0 0 0 0 0 0 0 0 0 0 0 0 1 1 0 0 0 0 0 0 0 0 0 17 1 0 0 0 0 0 0 0 0 0 0 0 0 0 0 0 0 0 0 0 0 0 0 0 4 8 0 0 0 0 0 0 0 0 0 0 0 0 0 0 0 0 0 0 0 0 0 0 0 0 0 0 0 0 0 0 0 0 0 0 0 0 0 0 0 0 0 0 0 0 0 0 0 0 0 0 0 0 0
0 0 1 0 0 0 0 0 0 0 0 0 15 0 0 0 11 0 0 0 0 0 0 0 0 0 0 0 0 0 0 0 0 0 0 0 0 0 0 0 0 0 0 1 0 0 0 0 0 0 0 0 0 0 0 0 0 0 0 6 0 0 0 0 0 0 0 0 6 1 0 0 0 0 0 0 0 0 0 0 0 0 0 0 0 0 0 0 0 0 0 0 0 0 0 0 2 0 1 1 0 0 0 0 0 0 0 0 0 0 0 0 0 0 0 0 0 0 0 0 0 0 0 0 0 0 0 0 0 0 0 0 0 0 0 0 0 0 0 0 0 0 0 0 0 0 0 0 0 0
0 0 0 0 0 0 0 0 0 1 0 0 1 0 0 0 1 4 4 0 0 0 0 0 0 0 0 0 0 0 0 0 0 0 0 0 1 0 2 0 0 0 9 0 0 0 0 0 0 0 0 0 0 0 0 0 0 0 0 0 6 3 1 0 0 0 0 8 33 52 0 0 0 0 0 0 0 0 0 0 0 0 0 0 0 0 0 0 0 0 0 0 0 0 0 0 1 1 0 0 0 0 0 0 0 0 0 0 0 0 0 0 0 0 0 0 0 0 0 0 0 0 0 0 0 0 0 0 0 0 0 0 0 0 0 0 0 0 0 0 0 0 0 0 0 0 0 0 0 0
0 0 0 0 0 0 0 0 0 0 0 0 35 2 0 0 13 0 2 3 0 0 0 15 6 2 0 0 0 0 0 3 0 0 0 2 0 5 2 2 0 1 6 0 0 0 0 0 0 0 0 0 0 0 0 0 0 0 0 0 0 2 0 5 58 26 8 0 0 0 0 0 0 0 0 0 0 0 0 0 0 0 0 0 0 0 0 0 0 0 0 0 0 0 0 0 0 0 0 0 0 0 0 0 0 0 0 0 0 0 0 0 0 0 0 0 0 0 0 0 0 0 0 0 0 0 0 0 0 0 0 0 0 0 0 0 0 0 0 0 0 0 0 0 0 0 0 0 0 0
3 31 4 0 0 0 0 0 0 0 0 1 3 0 0 0 1 1 0 4 7 51 27 8 0 0 0 0 0 1 0 0 0 0 1 4 20 0 0 0 0 5 0 0 0 0 0 0 0 0 0 0 0 0 0 0 0 0 0 0 0 0 0 0 15 10 0 0 0 0 0 0 0 0 0 0 0 0 0 0 0 0 0 0 0 0 0 0 0 0 0 0 0 0 0 0 0 0 0 0 0 0 0 0 0 0 0 0 0 0 0 0 0 0 0 0 0 0 0 0 0 0 0 0 0 0 0 0 0 0 0 0 0 0 0 0 0 0 0 0 0 0 0 0 0 0 0 0 0 0
33 3 1 0 0 0 0 0 0 0 0 0 2 0 0 0 5 1 0 2 2 28 27 0 6 3 0 0 3 9 2 0 0 0 0 0 2 1 0 0 6 19 0 0 0 0 0 0 0 0 0 0 0 0 0 0 0 0 0 0 0 0 0 0 2 0 0 0 0 0 0 0 0 0 0 0 0 0 0 0 0 0 0 0 0 0 0 0 0 0 0 0 0 0 0 0 0 0 0 0 0 0 0 0 0 0 0 0 0 0 0 0 0 0 0 0 0 0 0 0 0 0 0 0 0 0 0 0 0 0 0 0 0 0 0 0 0 0 0 0 0 0 0 0 0 0 0 0 0 0
1 0 0 2 0 0 0 0 0 0 0 2 2 0 0 0 0 0 0 0 0 4 7 1 0 6 0 2 0 4 0 0 0 0 0 0 2 0 0 0 0 0 0 0 0 0 0 0 0 0 0 0 0 0 0 0 0 0 0 0 0 0 0 0 1 0 0 0 0 0 0 0 0 0 0 0 0 0 0 0 0 0 0 0 0 0 0 0 0 0 0 0 0 0 0 0 0 0 0 0 0 0 0 0 0 0 0 0 0 0 0 0 0 0 0 0 0 0 0 0 0 0 0 0 0 0 0 0 0 0 0 0 0 0 0 0 0 0 0 0 0 0 0 0 0 0 0 0 0 0
0 0 1 0 0 0 0 0 0 0 0 0 0 0 0 0 0 1 2 1 0 0 0 2 0 4 0 4 13 0 5 1 0 8 4 0 0 0 0 0 0 0 0 0 0 0 0 0 0 0 0 0 0 0 0 0 0 0 0 0 0 0 0 0 0 0 0 0 0 0 0 0 0 0 0 0 0 0 0 0 0 0 0 0 0 0 0 0 0 0 0 0 0 0 0 0 0 0 0 0 0 0 0 0 0 0 0 0 0 0 0 0 0 0 0 0 0 0 0 0 0 0 0 0 0 0 0 0 0 0 0 0 0 0 0 0 0 0 0 0 0 0 0 0 0 0 0 0 0 0
0 0 0 0 0 0 0 0 0 0 0 0 0 0 0 0 0 0 0 0 0 0 0 0 0 0 0 2 134 46 3 5 6 24 1 0 2 0 0 0 0 0 0 0 0 0 0 0 0 0 0 0 0 0 0 0 0 0 0 0 0 0 0 0 0 0 0 0 0 0 0 0 0 0 0 0 0 0 0 0 0 0 0 0 0 0 0 0 0 0 0 0 0 0 0 0 0 0 0 0 0 0 0 0 0 0 0 0 0 0 0 0 0 0 0 0 0 0 0 0 0 0 0 0 0 0 0 0 0 0 0 0 0 0 0 0 0 0 0 0 0 0 0 0 0 0 0 0 0 0
0 0 0 0 0 0 0 0 0 0 0 0 0 0 0 0 0 0 0 0 0 0 0 0 5 5 2 1 0 0 2 1 2 0 0 0 3 0 0 0 0 0 0 0 0 0 0 0 0 0 0 0 0 0 0 0 0 0 0 0 0 0 0 0 0 0 0 0 0 0 0 0 0 0 0 0 0 0 0 0 0 0 0 0 0 0 0 0 0 0 0 0 0 0 0 0 0 0 0 0 0 0 0 0 0 0 0 0 0 0 0 0 0 0 0 0 0 0 0 0 0 0 0 0 0 0 0 0 0 0 0 0 0 0 0 0 0 0 0 0 0 0 0 0 0 0 0 0 0 0
0 0 0 0 0 0 0 0 0 0 0 0 0 0 0 0 0 0 0 0 0 0 0 0 2 3 5 1 0 0 5 25 1 1 0 0 2 3 0 0 0 0 0 0 0 0 0 0 0 0 0 0 0 0 0 0 0 0 0 0 0 0 0 0 0 0 0 0 0 0 0 0 0 0 0 0 0 0 0 0 0 0 0 0 0 0 0 0 0 0 0 0 0 0 0 0 0 0 0 0 0 0 0 0 0 0 0 0 0 0 0 0 0 0 0 0 0 0 0 0 0 0 0 0 0 0 0 0 0 0 0 0 0 0 0 0 0 0 0 0 0 0 0 0 0 0 0 0 0 0
0 0 0 0 0 0 0 0 0 0 0 0 0 3 0 0 0 0 0 0 0 0 0 0 0 0 0 0 0 0 0 0 5 1 0 0 4 0 0 0 0 0 0 0 0 0 0 0 0 0 0 0 0 0 0 0 0 0 0 0 0 0 0 0 0 0 0 0 0 0 0 0 0 0 0 0 0 0 0 0 0 0 0 0 0 0 0 0 0 0 0 0 0 0 0 0 0 0 0 0 0 0 0 0 0 0 0 0 0 0 0 0 0 0 0 0 0 0 0 0 0 0 0 0 0 0 0 0 0 0 0 0 0 0 0 0 0 0 0 0 0 0 0 0 0 0 0 0 0 0
0 0 0 0 0 0 0 0 0 0 2 1 1 4 0 0 0 0 0 0 0 0 0 0 0 0 0 14 0 0 1 0 0 0 0 0 0 1 0 0 0 0 0 0 0 0 0 0 0 0 0 0 0 0 0 0 0 0 0 0 0 0 0 0 0 0 0 0 0 0 0 0 0 0 0 0 0 0 0 0 0 0 0 0 0 0 0 0 0 0 0 0 0 0 0 0 0 0 0 0 0 0 0 0 0 0 0 0 0 0 0 0 0 0 0 0 0 0 0 0 0 0 0 0 0 0 0 0 0 0 0 0 0 0 0 0 0 0 0 0 0 0 0 0 0 0 0 0 0 0
0 0 0 0 0 0 0 0 0 0 0 0 0 0 0 0 0 0 0 0 0 0 0 0 0 0 0 20 1 0 0 0 2 1 0 0 0 0 0 0 0 0 0 0 0 0 0 0 0 0 0 0 0 0 0 0 0 0 0 0 0 0 0 0 0 0 0 0 0 0 0 0 0 0 0 0 0 0 0 0 0 0 0 0 0 0 0 0 0 0 0 0 0 0 0 0 0 0 0 0 0 0 0 0 0 0 0 0 0 0 0 0 0 0 0 0 0 0 0 0 0 0 0 0 0 0 0 0 0 0 0 0 0 0 0 0 0 0 0 0 0 0 0 0 0 0 0 0 0 0
0 0 0 0 0 0 0 0 0 0 0 0 0 0 0 0 0 0 0 0 0 0 0 0 0 0 0 0 0 0 0 0 0 1 0 0 0 0 0 0 0 0 0 0 0 0 1 0 0 0 0 0 0 0 0 0 0 0 0 0 0 0 0 0 0 0 0 0 0 0 0 0 0 0 0 0 0 0 0 0 0 0 0 0 0 0 0 0 0 0 0 0 0 0 0 0 0 0 0 0 0 0 0 0 0 0 0 0 0 0 0 0 0 0 0 0 0 0 0 0 0 0 0 0 0 0 0 0 0 0 0 0 0 0 0 0 0 0 0 0 0 0 0 0 0 0 0 0 0 0
0 0 0 0 0 0 0 0 0 0 0 0 0 0 0 0 0 0 0 0 0 0 0 0 0 0 0 0 0 0 0 0 1 0 0 0 0 0 0 0 0 0 0 0 0 0 0 0 0 0 0 0 0 0 0 0 0 0 0 0 0 0 0 0 0 0 0 0 0 0 0 0 0 0 0 0 0 0 0 0 0 0 0 0 0 0 0 0 0 0 0 0 0 0 0 0 0 0 0 0 0 0 0 0 0 0 0 0 0 0 0 0 0 0 0 0 0 0 0 0 0 0 0 0 0 0 0 0 0 0 0 0 0 0 0 0 0 0 0 0 0 0 0 0 0 0 0 0 0 0
0 0 0 0 0 0 0 0 0 0 1 0 0 0 0 0 0 0 0 0 0 0 0 0 0 0 0 0 0 0 0 0 0 0 0 0 0 0 0 0 0 0 0 0 0 0 0 0 0 0 0 0 0 0 0 2 0 0 0 0 0 0 0 0 0 0 0 0 0 0 0 0 0 0 0 0 0 0 0 0 0 0 0 0 0 0 0 0 0 0 0 0 0 0 0 0 0 0 0 0 0 0 0 0 0 0 0 0 0 0 0 0 0 0 0 0 0 0 0 0 0 0 0 0 0 0 0 0 0 0 0 0 0 0 0 0 0 0 0 0 0 0 0 0 0 0 0 0 0 0
0 0 0 0 0 0 0 0 4 33 0 0 0 0 0 0 0 0 0 0 0 0 0 0 0 0 0 0 0 0 0 0 0 0 0 0 0 0 0 0 0 0 0 0 0 0 0 0 1 0 2 0 0 0 0 0 0 0 0 0 0 0 0 0 0 0 0 0 0 0 0 0 0 0 0 0 0 0 0 0 0 0 0 0 0 0 0 0 0 0 0 0 0 0 0 0 0 0 0 0 0 0 0 0 0 0 0 0 0 0 0 0 0 0 0 0 0 0 0 0 0 0 0 0 0 0 0 0 0 0 0 0 0 0 0 0 0 0 0 0 0 0 0 0 0 0 0 0 0 0
0 0 0 0 0 3 12 7 4 0 0 0 0 0 0 0 0 0 0 0 0 0 0 0 0 0 0 0 0 0 0 0 0 0 0 0 0 0 0 0 0 0 0 0 0 0 0 0 0 15 28 0 0 0 0 0 0 0 0 0 0 0 0 0 0 0 0 0 0 0 0 0 0 0 0 0 0 0 0 0 0 0 0 0 0 0 0 0 0 0 0 0 0 0 0 0 0 0 0 0 0 0 0 0 0 0 0 0 0 0 0 0 0 0 0 0 0 0 0 0 0 0 0 0 0 0 0 0 0 0 0 0 0 0 0 0 0 0 0 0 0 0 0 0 0 0 0 0 0 0
11 0 0 0 0 0 4 2 0 0 0 0 0 0 0 0 0 0 0 0 0 0 0 0 0 0 0 0 0 0 0 0 0 0 0 0 0 0 0 0 0 0 0 0 0 0 0 0 0 0 0 0 0 0 0 0 0 0 0 0 0 0 0 0 0 0 0 0 0 0 0 0 0 0 0 0 0 0 0 0 0 0 0 0 0 0 0 0 0 0 0 0 0 0 0 0 0 0 0 0 0 0 0 0 0 0 0 0 0 0 0 0 0 0 0 0 0 0 0 0 0 0 0 0 0 0 0 0 0 0 0 0 0 0 0 0 0 0 0 0 0 0 0 0 0 0 0 0 0 0
0 0 0 0 0 0 0 0 0 0 0 0 0 0 0 0 0 0 0 0 0 0 0 0 0 0 0 0 0 0 0 0 0 0 0 0 0 0 0 0 0 0 0 0 0 0 0 0 1 0 0 0 7 13 0 0 0 0 0 0 0 0 0 0 0 0 0 0 0 0 0 0 0 0 0 0 0 0 0 0 0 0 0 0 0 0 0 0 0 0 0 0 0 0 0 0 0 0 0 0 0 0 0 0 0 0 0 0 0 0 0 0 0 0 0 0 0 0 0 0 0 0 0 0 0 0 0 0 0 0 0 0 0 0 0 0 0 0 0 0 0 0 0 0 0 0 0 0 0 0
0 0 0 0 0 0 0 0 0 0 0 0 0 0 0 0 0 0 0 0 0 0 0 0 0 0 0 0 0 0 0 0 0 0 0 0 0 0 0 0 0 0 0 0 0 0 0 0 0 0 0 0 0 1 0 0 0 0 0 0 0 0 0 0 0 0 0 0 0 0 0 0 0 0 0 0 0 0 0 0 0 0 0 0 0 0 0 0 0 0 0 0 0 0 0 0 0 0 0 0 0 0 0 0 0 0 0 0 0 0 0 0 0 0 0 0 0 0 0 0 0 0 0 0 0 0 0 0 0 0 0 0 0 0 0 0 0 0 0 0 0 0 0 0 0 0 0 0 0 0
0 0 0 0 0 0 0 0 0 0 0 0 0 0 0 0 0 0 0 0 0 0 0 0 0 0 0 0 0 0 0 0 0 0 0 0 0 2 0 0 0 0 0 0 0 0 0 0 0 0 0 0 0 0 0 0 0 0 0 0 0 0 0 0 0 0 0 0 0 0 0 0 0 0 0 0 0 0 0 0 0 0 0 0 0 0 0 0 0 0 0 0 0 0 0 0 0 0 0 0 0 0 0 0 0 0 0 0 0 0 0 0 0 0 0 0 0 0 0 0 0 0 0 0 0 0 0 0 0 0 0 0 0 0 0 0 0 0 0 0 0 0 0 0 0 0 0 0 0 0
0 0 0 0 0 0 0 0 0 0 0 0 0 0 0 0 0 0 0 0 0 0 0 0 0 0 0 0 0 0 0 0 0 0 0 0 0 0 0 0 0 0 0 0 0 0 0 0 0 0 0 0 1 0 0 0 0 0 0 0 0 0 0 0 0 0 0 0 0 0 0 0 0 0 0 0 0 0 0 0 0 0 0 0 0 0 0 0 0 0 0 0 0 0 0 0 0 0 0 0 0 0 0 0 0 0 0 0 0 0 0 0 0 0 0 0 0 0 0 0 0 0 0 0 0 0 0 0 0 0 0 0 0 0 0 0 0 0 0 0 0 0 0 0 0 0 0 0 0 0
0 0 0 0 0 0 0 0 0 0 0 0 0 0 0 0 0 0 0 0 0 0 0 0 0 0 0 0 0 0 0 0 0 0 1 0 1 0 0 0 0 0 0 0 0 0 0 0 0 0 0 0 0 1 0 0 0 0 0 0 0 0 0 0 0 0 0 0 0 0 0 0 0 0 0 0 0 0 0 0 0 0 0 0 0 0 0 0 0 0 0 0 0 0 0 0 0 0 0 0 0 0 0 0 0 0 0 0 0 0 0 0 0 0 0 0 0 0 0 0 0 0 0 0 0 0 0 0 0 0 0 0 0 0 0 0 0 0 0 0 0 0 0 0 0 0 0 0 0 0
0 0 0 0 0 0 0 0 0 0 0 0 0 0 0 0 0 0 0 0 0 0 0 0 0 0 0 0 0 0 0 11 0 0 0 0 0 0 0 0 0 0 0 0 0 0 0 0 0 0 0 0 0 0 0 0 0 0 0 0 0 0 0 0 0 0 0 0 0 0 0 0 0 0 0 0 0 0 0 0 0 0 0 0 0 0 0 0 0 0 0 0 0 0 0 0 0 0 0 0 0 0 0 0 0 0 0 0 0 0 0 0 0 0 0 0 0 0 0 0 0 0 0 0 0 0 0 0 0 0 0 0 0 0 0 0 0 0 0 0 0 0 0 0 0 0 0 0 0 0
0 0 0 0 0 0 0 0 0 0 0 0 0 0 0 0 0 0 0 0 0 0 0 0 0 0 0 0 0 0 0 12 0 0 0 0 1 0 0 0 0 0 0 0 0 0 0 0 0 0 0 0 0 0 0 0 0 0 0 0 0 0 0 0 0 0 0 0 0 0 0 0 0 0 0 0 0 0 0 0 0 0 0 0 0 0 0 0 0 0 0 0 0 0 0 0 0 0 0 0 0 0 0 0 0 0 0 0 0 0 0 0 0 0 0 0 0 0 0 0 0 0 0 0 0 0 0 0 0 0 0 0 0 0 0 0 0 0 0 0 0 0 0 0 0 0 0 0 0 0
0 0 0 0 0 0 0 0 0 0 0 0 0 0 0 0 0 0 0 0 0 0 0 0 0 0 0 0 0 0 0 0 0 0 0 0 0 0 0 0 0 0 0 0 0 0 0 0 0 0 0 0 0 0 0 0 0 0 0 0 0 0 0 0 0 0 0 0 0 0 0 0 0 0 0 0 0 0 0 0 0 0 0 0 0 0 0 0 0 0 0 0 0 0 0 0 0 0 0 0 0 0 0 0 0 0 0 0 0 0 0 0 0 0 0 0 0 0 0 0 0 0 0 0 0 0 0 0 0 0 0 0 0 0 0 0 0 0 0 0 0 0 0 0 0 0 0 0 0 0
0 0 0 0 0 0 0 0 0 0 0 0 0 0 0 0 0 0 0 0 0 0 0 0 0 0 0 0 0 47 18 0 0 0 0 0 0 0 0 0 0 0 0 0 0 0 0 0 0 0 0 0 0 0 0 0 0 0 0 0 0 0 0 0 0 0 0 0 0 0 0 0 0 0 0 0 0 0 0 0 0 0 0 0 0 0 0 0 0 0 0 0 0 0 0 0 0 0 0 0 0 0 0 0 0 0 0 0 0 0 0 0 0 0 0 0 0 0 0 0 0 0 0 0 0 0 0 0 0 0 0 0 0 0 0 0 0 0 0 0 0 0 0 0 0 0 0 0 0 0
0 0 0 0 0 0 0 0 0 0 0 0 0 0 0 0 0 0 0 0 0 0 0 0 0 0 2 0 0 0 0 0 0 0 0 0 0 0 0 0 0 0 0 0 0 0 0 0 0 17 0 0 0 0 0 0 0 0 0 0 0 0 0 0 0 0 0 0 0 0 0 0 0 0 0 0 0 0 0 0 0 0 0 0 0 0 0 0 0 0 0 0 0 0 0 0 0 0 0 0 0 0 0 0 0 0 0 0 0 0 0 0 0 0 0 0 0 0 0 0 0 0 0 0 0 0 0 0 0 0 0 0 0 0 0 0 0 0 0 0 0 0 0 0 0 0 0 0 0 0
0 0 0 0 0 0 0 0 0 0 0 0 0 0 0 0 0 0 0 0 0 0 0 0 0 0 9 0 0 0 0 0 0 0 0 0 0 0 0 0 0 0 0 0 0 0 0 0 1 0 0 0 0 0 0 0 0 0 0 0 0 0 0 0 0 0 0 0 0 0 0 0 0 0 0 0 0 0 0 0 0 0 0 0 0 0 0 0 0 0 0 0 0 0 0 0 0 0 0 0 0 0 0 0 0 0 0 0 0 0 0 0 0 0 0 0 0 0 0 0 0 0 0 0 0 0 0 0 0 0 0 0 0 0 0 0 0 0 0 0 0 0 0 0 0 0 0 0 0 0
0 0 0 0 0 0 0 0 0 0 0 0 0 0 0 0 0 0 0 0 0 0 0 0 0 0 0 2 3 0 0 0 0 0 0 0 0 0 0 0 0 0 0 0 0 0 0 0 0 0 0 0 0 0 0 0 0 0 0 0 0 0 0 0 0 0 0 0 0 0 0 0 0 0 0 0 0 0 0 0 0 0 0 0 0 0 0 0 0 0 0 0 0 0 0 0 0 0 0 0 0 0 0 0 0 0 0 0 0 0 0 0 0 0 0 0 0 0 0 0 0 0 0 0 0 0 0 0 0 0 0 0 0 0 0 0 0 0 0 0 0 0 0 0 0 0 0 0 0 0
0 0 0 0 0 0 0 0 0 0 0 0 0 0 0 0 0 0 0 0 0 0 0 0 0 0 0 0 0 0 0 0 0 0 0 0 0 0 0 0 0 0 0 0 0 0 0 0 0 0 0 0 0 0 0 0 0 0 0 0 0 0 0 0 0 0 0 0 0 0 0 0 0 0 0 0 0 0 0 0 0 0 0 0 0 0 0 0 0 0 0 0 0 0 0 0 0 0 0 0 0 0 0 0 0 0 0 0 0 0 0 0 0 0 0 0 0 0 0 0 0 0 0 0 0 0 0 0 0 0 0 0 0 0 0 0 0 0 0 0 0 0 0 0 0 0 0 0 0 0
0 0 0 0 0 0 0 0 0 0 0 0 0 0 0 0 0 0 0 0 0 0 0 0 0 0 0 0 0 0 0 0 0 0 0 0 0 0 0 0 0 0 0 0 0 0 0 0 0 0 0 0 0 0 0 0 0 0 0 0 0 0 0 0 0 0 0 0 0 0 0 0 0 0 0 0 0 0 0 0 0 0 0 0 0 0 0 0 0 0 0 0 0 0 0 0 0 0 0 0 0 0 0 0 0 0 0 0 0 0 0 0 0 0 0 0 0 0 0 0 0 0 0 0 0 0 0 0 0 0 0 0 0 0 0 0 0 0 0 0 0 0 0 0 0 0 0 0 0 0
0 0 0 0 0 0 0 0 0 0 0 0 0 0 0 0 0 0 0 0 0 0 0 0 0 0 0 0 0 0 0 0 0 0 0 0 0 0 0 0 0 0 0 0 0 0 0 0 0 0 0 0 0 0 0 0 0 0 0 0 0 0 0 0 0 0 0 0 0 0 0 0 0 0 0 0 0 0 0 0 0 0 0 0 0 0 0 0 0 0 0 0 0 0 0 0 0 0 0 0 0 0 0 0 0 0 0 0 0 0 0 0 0 0 0 0 0 0 0 0 0 0 0 0 0 0 0 0 0 0 0 0 0 0 0 0 0 0 0 0 0 0 0 0 0 0 0 0 0 0
0 0 0 0 0 0 0 0 0 0 0 0 0 0 0 0 0 0 0 0 0 0 0 0 0 0 0 0 0 0 0 0 0 0 0 0 0 0 0 0 0 0 0 0 0 0 0 0 0 0 0 0 0 0 0 0 0 0 0 0 0 0 0 0 0 0 0 0 0 0 0 0 0 0 0 0 0 0 0 0 0 0 0 0 0 0 0 0 0 0 0 0 0 0 0 0 0 0 0 0 0 0 0 0 0 0 0 0 0 0 0 0 0 0 0 0 0 0 0 0 0 0 0 0 0 0 0 0 0 0 0 0 0 0 0 0 0 0 0 0 0 0 0 0 0 0 0 0 0 0
0 0 0 0 0 0 0 0 0 0 0 0 0 0 0 0 0 0 0 0 0 0 0 0 0 0 0 0 0 0 0 0 0 0 0 0 0 0 0 0 0 0 0 0 0 0 0 0 0 0 0 0 0 0 0 0 0 0 0 0 0 0 0 0 0 0 0 0 0 0 0 0 0 0 0 0 0 0 0 0 0 0 0 0 0 0 0 0 0 0 0 0 0 0 0 0 0 0 0 0 0 0 0 0 0 0 0 0 0 0 0 0 0 0 0 0 0 0 0 0 0 0 0 0 0 0 0 0 0 0 0 0 0 0 0 0 0 0 0 0 0 0 0 0 0 0 0 0 0 0
