0 0 16 2 0 0 4 2 12 111 30 8 0 6 0 0 0 1 3 0 1 4 0 0 0 12 0 5 0 0 0 0 0 0 3 3 0 0 0 6 0 0 0 1 2 0 0 0 0 0 0 0 3 10 10 7 0 0 0 0 40 21 6 5 0 12 12 0 1 0 0 7 12 268 192 367 116 47 44 17 56 296 85 55 92 222 233 222 39 253 1274 759 84 744 446 776 1065 657 1128 224 212 130 18 89 41 28 43 522 294 24 28 13 15 126 59 48 40 33 1 0 2 49 21 15 1 10 0 1 14 13 5 44 3 8 9 0 0 1 1 1 4 0 0 0 0 0 0 0 0 28
0 6 12 3 1 0 0 0 0 29 15 15 10 1 0 0 0 1 14 0 0 0 22 0 18 24 0 2 0 0 0 0 0 0 0 0 1 2 2 0 0 0 0 0 0 0 0 0 0 0 0 0 6 8 11 0 0 0 0 32 137 25 18 46 14 0 0 5 2 1 0 2 134 44 28 5 48 65 25 42 120 92 36 12 122 313 344 232 255 379 93 20 385 343 253 278 849 781 1150 1330 285 182 70 90 39 3 4 30 61 97 11 14 0 24 58 274 6 37 8 61 5 8 35 7 5 1 2 4 13 29 18 10 173 41 1 0 0 0 0 72 4 1 0 0 0 0 0 0 0 0
0 0 0 1 9 0 0 0 1 11 1 6 20 3 0 0 0 2 1 0 1 13 106 27 9 0 1 8 0 0 0 0 0 1 0 3 1 3 0 8 2 0 0 6 0 0 0 0 0 0 0 0 0 0 12 0 0 1 1 11 20 16 4 8 1 0 0 0 0 2 0 5 2 0 2 13 10 65 199 335 74 37 11 21 52 190 612 193 3 24 238 39 142 904 810 856 304 500 351 738 841 493 18 71 30 28 12 20 309 181 39 8 4 10 14 7 11 103 29 10 63 16 18 18 1 6 3 9 2 19 20 3 80 274 3 0 3 0 2 16 5 4 0 0 0 0 0 0 0 0
32 8 1 0 0 0 0 0 0 4 4 1 0 0 1 2 0 0 1 4 0 0 3 1 14 0 2 15 19 0 1 0 0 0 0 3 0 4 0 9 4 0 0 0 0 0 0 0 0 0 4 0 2 1 73 25 0 23 49 10 0 1 3 27 0 0 0 0 0 1 11 248 13 0 14 5 39 105 292 523 179 77 46 132 279 31 68 300 6 272 1036 1057 1434 800 981 460 168 380 592 460 695 677 171 63 22 154 27 31 312 58 17 40 48 22 1 14 25 104 96 25 60 95 23 29 3 9 8 5 21 1 10 13 40 0 15 2 6 1 1 8 57 13 0 0 0 0 0 0 0 0
7 14 1 0 0 0 0 0 4 4 4 1 0 0 0 1 4 2 0 2 5 1 8 0 2 0 0 1 0 0 1 0 2 0 1 21 3 0 0 0 3 0 0 0 0 0 0 0 4 1 1 0 0 1 49 184 67 63 16 0 0 3 0 22 0 0 0 0 2 13 153 70 118 134 30 53 83 229 619 345 726 279 326 11 255 127 88 67 25 700 1616 980 458 894 621 289 139 659 406 859 759 1156 860 676 361 143 121 18 2 10 14 29 47 50 23 2 0 44 106 92 345 894 157 36 4 9 5 0 22 6 0 1 0 0 19 0 0 0 0 0 35 7 0 1 0 0 0 0 0 0
15 2 0 0 0 0 0 0 1 0 8 1 0 0 0 1 0 3 8 58 12 8 1 0 0 0 0 0 0 1 1 36 0 0 7 117 65 15 1 0 0 0 0 0 0 0 0 0 0 7 37 5 0 4 10 42 32 7 15 5 1 0 16 2 0 0 0 0 1 49 118 322 174 147 145 78 44 60 72 393 1192 837 466 66 0 186 68 26 11 292 1622 1375 171 499 1081 490 203 1793 585 647 492 635 1277 560 41 124 14 77 7 13 1 3 8 33 11 15 40 7 0 37 147 273 4 5 15 10 6 2 6 0 8 0 1 0 0 1 3 3 0 0 2 10 0 0 0 0 1 0 0 0
2 0 2 2 0 0 0 0 2 3 8 0 0 2 0 0 0 0 0 0 1 0 1 0 0 0 0 0 0 1 2 0 0 1 0 14 2 2 2 0 0 0 0 0 0 0 0 0 0 3 4 3 5 6 3 21 10 3 51 39 5 11 3 0 13 1 0 0 7 85 53 83 401 455 364 119 405 187 361 474 1202 781 1074 649 187 18 6 251 101 172 1406 1281 142 571 945 553 349 590 718 45 51 396 155 230 36 63 104 16 20 18 64 250 220 47 59 55 3 1 25 19 86 228 6 4 1 6 4 6 0 0 0 0 0 0 0 0 0 52 0 0 0 1 0 0 0 0 0 0 0 0
2 0 0 1 0 0 0 0 6 0 2 0 0 0 0 0 0 0 0 0 0 0 0 0 0 0 0 0 0 1 12 0 0 0 7 5 0 0 13 6 0 0 0 0 0 0 0 0 0 0 0 0 9 19 6 7 1 46 45 83 67 43 60 1 24 46 0 0 8 154 9 7 62 55 73 52 100 171 656 1206 916 675 1026 285 215 148 194 964 417 142 536 120 104 852 474 386 256 770 1046 216 174 385 402 662 193 154 33 38 112 43 375 469 108 103 14 76 5 4 7 27 471 23 4 18 13 5 13 8 9 2 0 0 0 0 0 0 0 0 0 0 0 0 0 1 0 0 0 0 0 0
7 2 0 0 0 0 0 0 3 9 0 0 1 3 21 0 0 0 0 0 0 0 0 0 0 0 0 0 0 0 2 0 0 0 6 0 0 1 0 2 0 0 0 0 0 0 0 0 0 0 0 0 2 10 0 1 6 12 25 59 372 274 22 4 5 31 6 16 13 70 8 2 0 15 5 27 32 46 84 479 913 1178 727 42 20 11 187 619 343 75 12 20 469 967 1477 1284 116 665 486 334 316 160 81 435 681 127 198 287 58 270 1126 279 204 20 64 16 0 4 10 25 11 2 15 21 8 2 2 7 1 0 25 0 0 0 0 0 0 0 0 0 0 0 0 0 0 0 0 0 0 0
0 0 0 0 0 0 0 2 5 11 0 1 0 0 0 0 0 0 0 0 0 0 0 0 0 0 0 0 0 0 0 0 0 0 0 0 0 3 3 0 0 0 0 0 0 0 3 2 8 0 3 0 12 9 0 0 8 0 3 43 48 169 14 10 2 3 2 0 2 9 0 1 0 0 0 47 39 67 314 717 1204 1127 768 365 1171 764 346 86 244 192 110 13 35 680 1152 1684 727 242 103 19 75 95 18 4 107 480 334 253 106 37 435 568 212 38 10 367 256 577 322 45 85 14 32 42 63 38 9 3 1 23 91 6 3 0 1 0 0 0 0 0 0 0 0 0 0 0 0 0 0 1
0 1 13 0 0 0 2 0 8 3 3 3 0 0 8 8 0 1 0 0 0 0 0 0 0 0 0 0 0 0 0 1 0 0 1 5 0 0 0 3 0 3 0 1 0 0 4 23 39 22 19 4 14 7 0 0 2 10 33 35 0 135 11 10 0 0 0 0 1 9 0 0 0 0 0 0 76 86 178 287 560 248 613 339 219 426 314 598 504 300 34 5 17 180 462 747 895 81 42 68 28 23 2 18 163 399 898 354 232 147 583 180 141 44 1 183 372 664 602 298 389 188 214 124 100 419 90 42 65 78 13 70 30 39 10 0 0 0 0 0 0 0 0 0 0 0 0 0 0 0
3 0 2 0 0 0 0 0 15 4 0 0 0 0 0 0 13 12 5 0 2 0 0 0 0 0 0 0 0 0 0 0 0 2 4 1 0 0 0 5 2 9 11 11 7 1 0 2 1 0 0 0 3 3 9 1 1 0 1 12 1 3 0 1 5 3 0 1 0 0 3 3 0 0 0 5 28 17 180 436 623 249 49 145 316 215 156 27 119 498 29 2 1 4 12 109 1256 521 401 8 0 8 20 99 36 54 547 346 34 89 428 321 151 130 46 247 642 265 522 979 557 506 166 284 401 169 0 0 0 29 3 0 113 27 186 1 0 0 0 0 0 0 0 0 0 0 0 0 0 0
3 0 2 0 0 0 4 0 1 4 0 0 0 0 0 0 4 7 7 2 2 3 0 1 0 0 0 0 0 0 0 1 1 0 0 0 1 1 0 0 0 13 52 6 17 0 0 34 0 0 0 0 6 4 1 0 0 0 14 5 2 10 13 0 0 6 7 1 0 3 21 0 0 0 5 75 143 99 163 66 127 252 31 12 40 9 11 1 2 2 0 0 6 42 130 13 653 426 713 432 16 7 101 58 62 25 59 273 880 317 829 762 187 1100 217 89 43 73 1282 1182 162 258 108 1 62 123 9 0 23 27 5 0 27 10 2 0 1 0 0 0 0 0 0 0 0 0 0 0 0 0
0 0 0 0 0 0 3 7 0 2 0 0 0 0 0 0 0 0 61 18 19 14 0 0 0 0 0 0 0 3 10 2 0 0 0 0 0 0 0 0 0 0 3 99 39 0 0 0 4 2 2 32 2 0 0 1 0 0 26 0 10 11 2 28 0 0 41 23 18 19 93 0 0 15 0 384 710 545 313 51 106 418 70 6 34 122 5 2 4 61 6 6 5 66 15 39 118 612 238 276 8 28 317 110 379 99 123 601 273 753 1320 1413 1111 486 351 270 322 263 1053 413 240 101 0 0 1 20 14 0 30 4 8 0 3 4 0 0 1 0 0 0 0 0 0 0 0 0 0 0 0 0
0 0 0 0 0 1 2 1 8 2 0 0 0 0 0 0 0 0 3 6 15 0 0 2 0 0 0 0 0 0 6 0 0 0 0 0 0 0 0 0 0 0 0 14 23 0 0 0 5 15 14 34 0 0 2 6 3 10 22 43 123 44 18 20 13 158 201 151 213 247 70 1 7 1 52 852 2150 1227 564 69 3 187 104 20 6 48 30 19 0 43 14 42 3 6 0 9 35 468 291 236 12 135 491 688 1816 1390 2137 1638 1355 1494 986 606 663 645 846 216 119 124 113 153 229 193 32 21 1 20 32 19 32 30 55 0 1 0 0 0 0 0 0 0 0 0 0 0 0 0 0 0 0 0
0 0 0 0 0 0 1 34 19 5 5 0 0 0 0 0 0 0 9 2 0 16 20 2 0 0 0 0 1 7 0 0 0 0 0 0 0 0 0 0 0 0 0 0 0 34 0 0 0 25 78 105 0 3 0 48 46 93 17 99 30 26 4 48 71 109 127 91 80 168 295 100 166 217 790 1040 1732 904 246 41 13 14 13 1 1 0 16 33 5 44 7 10 0 0 11 29 39 19 25 20 10 3 1319 990 738 929 1079 445 731 968 1728 979 1490 454 432 74 30 179 156 97 45 9 154 318 57 110 27 6 7 5 0 0 0 0 13 6 0 0 0 0 0 0 0 0 0 0 0 0 0 0
0 0 0 0 0 0 1 3 3 0 0 0 2 0 0 2 3 3 2 2 3 0 27 18 18 17 1 0 1 1 0 0 0 0 0 0 0 1 0 0 0 0 1 0 0 17 5 4 2 22 41 6 2 24 17 43 110 190 90 48 5 8 0 1 0 2 0 0 0 0 4 2 91 76 358 483 558 654 158 0 2 1 14 0 0 0 1 33 54 6 0 0 14 0 9 79 40 0 116 102 29 301 845 799 415 220 445 346 403 899 970 423 843 366 427 126 52 84 164 16 0 8 43 25 48 411 2 64 6 0 0 0 0 0 0 0 0 0 0 0 0 0 0 0 0 0 0 0 0 0
0 1 0 1 1 4 0 4 0 0 0 0 0 0 0 0 0 5 1 7 1 2 1 2 5 1 13 31 0 0 0 0 0 0 0 0 0 1 1 2 3 0 2 2 0 18 63 12 4 21 45 36 10 102 19 40 43 84 479 11 3 1 0 0 2 86 29 89 5 30 75 7 112 16 47 127 31 220 30 11 9 0 8 3 0 0 0 9 98 2 0 35 64 70 15 11 5 1 127 569 228 164 224 91 157 906 258 316 567 697 146 129 89 135 266 48 116 171 26 5 0 2 3 28 176 932 238 21 2 9 0 0 0 0 0 0 0 0 0 0 0 0 0 0 0 0 0 0 0 0
0 0 1 3 5 6 1 0 0 0 0 0 0 0 0 2 2 0 0 5 3 4 8 0 3 4 63 47 105 0 0 0 1 0 1 29 4 0 0 0 0 1 2 21 31 33 13 2 23 385 132 39 27 20 10 112 185 106 44 40 90 88 1 4 0 2 8 0 4 18 17 16 27 32 1 89 111 33 8 11 10 0 5 31 0 9 30 34 7 4 23 70 83 256 31 0 0 22 290 94 84 318 110 28 97 162 191 424 586 1 1 200 12 537 40 0 39 62 0 0 0 0 13 67 72 227 223 282 3 4 0 0 0 0 0 0 0 0 0 0 0 0 0 0 0 0 0 0 0 0
0 0 0 0 0 1 0 0 0 0 0 0 1 0 1 0 3 0 1 1 2 17 92 7 5 6 7 22 159 5 0 133 2 1 0 0 0 0 0 0 0 0 8 107 27 112 99 5 6 205 49 3 10 10 79 10 28 107 6 1 4 1 1 0 0 5 0 3 12 24 63 45 13 1 5 57 31 0 5 2 7 0 0 2 0 31 29 2 6 17 4 23 15 2 2 22 1 36 15 3 805 1183 600 143 68 255 187 470 211 12 1 0 0 105 5 0 0 0 0 0 0 0 0 13 28 20 25 119 3 0 0 0 0 0 0 0 0 0 0 0 0 0 0 0 0 0 0 0 0 0
0 0 0 0 0 2 0 0 0 0 0 0 0 0 0 1 0 4 1 2 1 3 10 5 0 27 7 6 0 2 1 13 14 0 1 0 0 0 0 2 12 7 23 61 14 21 33 94 86 286 375 127 30 49 26 6 20 1 0 0 0 9 15 26 257 97 10 0 6 32 76 30 8 0 24 98 342 122 7 35 7 11 16 5 0 0 5 9 63 15 7 1 0 4 0 1 0 2 338 437 1082 845 492 170 9 22 122 156 1 0 0 0 0 24 0 0 0 0 0 0 0 1 6 6 0 0 76 452 0 0 0 0 0 0 0 0 0 0 0 0 0 0 0 0 0 0 0 0 0 0
0 0 0 0 0 0 0 0 0 0 0 0 0 4 4 1 0 0 0 1 0 2 19 3 3 6 1 0 0 0 18 157 25 1 1 1 0 16 0 0 77 26 1 0 0 0 2 10 434 1099 436 242 33 1 1 7 4 7 0 4 5 4 12 0 12 19 26 6 0 101 26 44 21 0 3 18 200 91 57 165 34 50 11 29 8 0 15 30 244 75 29 9 3 146 8 17 3 0 219 331 258 83 53 2 17 31 67 84 9 0 1 0 12 70 0 0 0 0 0 0 0 0 0 0 1 47 49 3 0 20 13 0 0 0 0 0 0 0 0 0 0 0 0 0 0 0 0 0 0 0
0 0 0 1 0 0 0 0 0 0 0 0 0 1 4 1 1 0 0 0 3 3 16 0 1 0 0 0 0 0 0 3 35 4 4 0 6 133 10 17 3 0 0 0 3 0 23 54 46 598 270 180 14 2 1 5 1 10 16 2 0 0 0 1 8 0 24 13 0 21 37 40 35 0 2 1 12 3 28 25 1 34 22 0 0 12 15 0 0 0 1 1 13 13 0 2 4 0 2 1 7 0 12 42 63 100 51 52 127 133 46 9 74 0 0 0 0 0 0 0 0 0 0 12 46 130 106 0 0 0 14 0 0 0 0 0 0 0 0 0 0 0 0 0 0 0 0 0 0 0
0 0 0 0 0 0 0 0 0 0 0 0 0 1 0 0 2 2 0 1 3 1 0 0 1 1 0 0 0 6 2 8 8 20 2 8 9 32 9 4 0 0 0 0 15 63 57 82 14 160 135 20 3 4 5 3 12 24 5 0 0 0 0 2 0 1 1 4 0 0 0 7 134 93 0 6 0 0 0 1 0 4 92 293 8 2 1 0 0 0 0 2 0 1 1 2 0 0 1 4 6 1 3 110 52 25 18 8 6 13 0 74 41 0 0 0 0 0 0 0 0 0 0 23 11 15 36 90 5 0 0 0 0 0 0 0 0 0 0 0 0 0 0 0 0 0 0 0 0 0
0 0 0 0 0 0 0 0 0 0 0 0 0 0 2 0 0 1 0 0 0 0 1 0 0 0 1 0 0 0 0 5 3 17 72 0 0 170 0 0 0 0 0 43 11 77 50 3 4 30 68 24 31 15 53 5 1 1 0 0 0 0 0 0 2 0 0 20 15 14 9 8 6 11 46 19 0 0 0 0 0 1 25 72 38 2 0 0 0 5 3 2 0 0 1 0 8 1 2 6 12 5 10 16 544 0 0 4 0 0 0 4 19 0 0 2 123 0 1 0 0 0 4 0 0 45 72 17 0 0 2 0 0 0 0 0 2 0 0 0 0 0 0 0 0 0 0 0 0 0
0 0 0 0 0 0 0 0 0 0 0 0 0 0 9 1 0 1 6 0 0 3 0 0 0 0 0 0 0 0 0 0 4 35 39 0 0 43 1 2 0 1 1 13 82 17 4 0 12 3 66 9 0 7 0 0 3 1 0 0 2 1 1 0 12 5 0 37 11 23 6 52 4 6 0 9 18 1 0 0 4 0 1 3 0 13 6 13 1 5 0 4 3 0 10 1 1 7 9 4 22 26 7 125 306 247 0 11 0 0 0 1 14 10 27 28 0 0 0 2 3 6 0 0 0 91 8 65 5 0 0 0 0 0 0 0 15 93 0 0 0 0 0 0 0 0 0 0 0 0
0 0 0 0 0 0 0 0 0 0 3 0 0 0 9 0 0 3 1 0 1 9 0 2 0 0 0 14 1 0 1 3 2 12 11 3 1 0 3 2 5 11 7 19 81 5 10 1 2 1 8 8 2 6 0 1 0 0 0 0 0 3 0 0 9 0 0 2 1 3 14 14 0 1 3 1 22 3 0 0 0 0 31 4 1 11 15 13 2 4 71 2 3 0 0 29 0 0 0 3 11 29 8 12 61 187 23 3 0 0 0 0 0 4 18 27 1 0 1 7 0 0 0 0 18 168 14 52 0 0 0 0 0 0 3 0 13 13 0 0 0 0 0 0 0 0 0 0 0 0
0 0 0 0 0 0 0 0 3 0 2 0 0 1 6 4 7 28 17 1 4 16 15 0 0 0 0 1 2 1 4 1 0 29 2 0 2 12 13 18 57 105 10 148 282 6 6 2 4 2 2 46 36 4 3 3 0 0 0 0 0 0 2 0 2 0 0 2 5 49 87 20 9 10 2 4 0 7 1 0 0 0 0 0 0 0 3 10 14 23 5 0 4 1 1 0 0 1 0 0 0 8 13 7 35 886 615 27 4 0 0 0 0 0 0 0 17 164 89 2 0 0 0 32 70 43 81 222 138 29 0 0 0 0 1 27 11 24 0 0 0 0 0 0 0 0 0 0 0 0
0 0 0 0 0 0 0 0 0 3 1 0 12 10 6 6 34 88 0 12 1 3 1 1 0 0 0 5 14 1 0 5 12 1 7 31 7 25 142 203 445 857 349 332 135 7 0 1 1 1 0 1 33 31 4 0 0 0 0 0 0 1 0 0 0 0 0 0 0 1 12 38 23 0 21 10 1 16 5 0 0 7 2 1 11 0 0 0 18 13 9 4 6 3 10 44 10 0 0 0 0 66 18 21 274 354 175 505 20 0 0 0 0 0 0 4 283 75 14 0 0 0 27 105 171 447 1101 646 35 45 0 1 3 12 2 9 0 0 0 0 0 0 0 0 0 0 0 0 0 0
0 0 0 0 0 0 0 2 1 10 31 63 36 2 0 3 7 7 0 1 0 4 2 32 3 3 4 1 1 0 6 2 0 1 78 14 1 11 289 530 593 1325 688 602 39 4 7 12 36 0 4 1 107 78 33 8 0 0 0 0 0 2 0 0 0 0 2 0 0 0 5 4 2 0 0 0 0 11 6 0 0 0 3 3 8 0 0 0 3 5 1 3 14 11 4 22 1 0 0 5 0 1 13 17 47 67 5 126 42 0 0 0 3 0 59 64 601 407 66 65 21 19 22 131 123 70 436 591 375 372 46 76 18 112 16 0 0 0 0 0 0 0 0 0 0 0 0 0 0 0
0 0 0 0 0 0 0 4 5 4 3 2 11 0 2 6 0 1 16 10 0 12 82 27 0 0 0 0 1 0 19 12 0 2 3 13 92 36 56 106 494 394 474 173 38 5 3 4 3 7 2 2 11 13 7 2 1 0 0 0 0 0 0 0 0 0 0 0 1 0 0 1 0 0 0 1 0 8 5 0 0 18 11 42 49 4 4 2 56 25 1 0 10 18 2 0 6 4 1 2 2 3 3 6 2 3 0 8 146 1 12 5 7 0 111 887 1228 494 139 218 115 116 91 9 8 8 28 188 0 118 13 356 742 57 50 21 0 0 0 0 0 0 0 0 0 0 0 0 0 0
0 0 0 0 0 0 2 0 0 6 1 18 4 0 0 4 0 2 13 11 332 162 31 0 0 0 0 0 4 30 0 2 13 24 16 6 0 0 0 94 511 363 408 173 151 22 8 0 6 5 1 1 5 8 17 3 1 0 0 0 0 0 0 0 0 0 0 0 0 4 0 0 0 0 0 0 0 0 12 8 8 25 35 170 25 0 0 0 0 0 0 1 14 8 2 0 11 3 0 0 0 0 0 1 6 3 4 18 346 159 282 699 109 117 580 1090 626 407 93 436 76 180 22 5 106 24 43 93 0 0 23 232 353 84 107 18 0 0 0 0 0 0 0 0 0 0 0 0 0 0
0 0 1 0 0 0 0 4 0 0 1 5 6 18 0 7 5 8 11 11 124 0 0 0 0 0 0 1 0 16 3 12 9 6 2 51 4 2 5 6 56 128 33 17 5 0 0 0 1 5 0 1 23 7 4 2 5 2 0 0 0 0 0 0 0 0 0 0 0 1 0 0 0 0 0 6 0 36 3 1 0 33 22 13 0 0 0 0 2 3 12 0 0 9 13 6 7 1 1 0 4 1 1 0 0 3 21 16 137 80 102 78 108 480 1236 544 291 422 93 423 66 22 0 40 4 15 22 0 0 0 37 363 3 0 8 0 0 0 0 0 0 0 0 0 0 0 0 0 0 0
0 0 0 0 0 7 23 9 9 5 2 2 0 3 9 4 5 8 45 40 19 0 0 0 0 0 0 0 0 4 68 1 5 1 10 2 0 2 5 1 17 22 3 0 0 1 0 0 3 4 0 6 332 23 10 29 19 1 2 0 0 0 0 0 0 0 0 0 0 0 0 0 0 0 0 0 2 2 2 10 0 1 5 0 0 0 0 0 1 0 1 0 2 13 2 4 18 21 1 0 13 0 0 2 0 18 8 53 81 13 2 16 192 280 213 480 174 241 124 281 390 8 0 0 0 0 2 0 0 0 7 117 33 0 0 0 0 0 0 0 0 0 0 0 0 0 0 0 0 0
0 0 1 0 0 1 10 65 0 2 6 0 6 21 18 7 37 7 3 2 2 9 7 0 3 0 0 26 30 20 28 57 9 2 1 8 5 5 2 0 15 44 8 0 0 0 0 1 0 1 1 43 205 115 2 21 3 0 0 0 0 0 0 0 0 0 0 0 0 0 0 0 0 0 0 0 9 14 5 0 0 0 1 0 0 0 0 0 10 2 14 5 16 51 4 18 3 3 0 3 5 0 0 1 0 2 7 98 768 10 0 0 10 0 3 0 0 69 437 808 98 0 0 0 0 2 9 0 0 0 0 10 120 19 0 0 0 0 0 0 0 0 0 0 0 0 0 0 0 5
0 1 3 1 2 1 10 55 7 3 21 4 10 2 7 172 59 32 2 11 1 2 8 2 1 1 4 20 1 7 9 6 5 0 2 2 3 2 1 6 10 3 2 0 2 0 1 0 0 0 0 85 32 47 32 0 3 0 0 0 0 0 0 0 0 0 0 0 0 0 0 0 0 0 0 1 14 27 0 0 0 0 2 0 0 0 0 2 19 0 5 0 5 34 1 0 0 0 16 3 0 0 8 3 11 29 41 24 188 0 0 0 0 0 17 0 0 9 142 484 391 134 0 0 5 86 0 0 0 66 167 177 93 15 0 0 0 0 0 0 0 0 0 0 0 0 0 0 5 2
1 2 0 0 0 4 4 0 1 1 66 5 1 3 24 47 31 17 11 1 0 0 4 1 1 10 3 2 9 1 1 0 0 5 8 0 0 0 0 3 0 29 7 0 0 1 0 1 1 0 0 109 67 52 38 8 2 0 0 1 0 0 0 0 0 0 0 0 0 0 0 0 0 0 0 0 0 22 136 1 0 10 1 0 0 0 2 68 10 2 1 4 6 5 3 4 0 3 9 5 27 13 70 18 3 10 37 32 242 6 0 0 0 14 79 68 250 500 162 228 1068 210 0 5 368 45 0 0 0 116 240 0 0 0 0 0 0 0 0 0 0 0 0 0 0 0 0 5 1 0
0 3 4 10 0 0 3 2 3 2 7 215 10 8 0 1 5 18 3 0 0 0 2 9 14 3 2 0 37 1 0 0 0 0 0 0 0 0 4 1 1 14 77 6 6 2 7 2 0 0 0 137 48 6 0 2 0 0 1 0 0 0 0 0 0 0 0 0 0 0 0 0 0 0 0 0 0 16 45 9 0 0 0 0 0 0 5 15 0 1 8 0 3 9 0 0 1 0 14 6 3 0 4 3 16 0 39 35 45 11 0 0 26 0 180 539 1044 638 47 51 62 233 173 380 257 1 0 0 42 685 311 4 0 0 0 0 0 0 0 0 0 0 0 0 0 0 3 0 0 0
0 0 0 0 0 0 8 2 2 3 12 36 1 1 0 0 0 3 6 7 0 0 0 3 1 1 1 11 2 3 0 0 1 0 0 0 0 0 9 3 0 3 1 1 67 3 0 1 0 1 0 121 1 13 2 0 3 0 3 6 0 0 0 0 0 0 0 0 0 0 0 0 0 0 0 0 1 3 87 38 11 33 29 0 0 0 1 0 1 3 0 0 6 20 0 0 0 1 0 10 22 5 3 11 5 15 8 6 59 0 0 2 124 36 58 41 13 66 696 345 36 321 998 539 595 307 122 242 1069 1966 908 325 0 0 0 0 0 0 0 0 0 0 0 0 0 0 5 0 0 0
0 2 2 0 0 6 7 3 0 14 22 7 0 20 5 2 1 1 0 0 0 0 0 0 0 16 38 0 0 0 1 4 3 0 1 0 0 0 2 13 0 0 2 0 0 2 11 7 1 0 9 452 40 25 0 11 0 1 0 7 0 0 0 0 0 0 0 0 0 0 0 0 0 0 0 0 3 22 63 0 4 178 30 0 0 0 0 0 10 4 0 4 2 12 1 22 18 2 1 4 12 0 0 16 18 4 10 0 180 56 9 32 82 7 2 17 4 200 544 521 568 967 1011 962 1572 1659 938 847 1068 823 1300 26 0 0 0 0 0 0 0 0 0 0 0 0 0 3 1 0 0 0
0 0 0 0 5 1 0 5 8 9 0 2 1 3 4 17 2 0 2 1 0 0 0 0 1 8 10 1 1 1 1 5 3 1 5 1 2 5 4 0 0 0 2 0 0 0 0 0 5 35 662 611 41 147 5 3 1 8 4 2 1 1 0 0 0 0 0 0 0 0 0 0 0 0 0 1 0 0 7 1 0 0 1 0 0 0 0 0 2 3 0 1 109 0 0 36 1 0 1 19 32 8 11 2 30 22 27 71 18 27 24 14 8 5 42 9 10 48 536 1909 1826 983 395 1234 1973 1088 195 730 806 31 458 442 0 0 0 0 0 0 0 0 0 0 0 0 0 2 0 0 0 0
18 7 0 4 3 0 1 1 8 1 1 2 8 4 14 0 2 3 0 0 0 0 0 0 8 1 0 1 0 0 0 47 24 1 0 4 1 0 4 0 0 0 2 0 0 0 0 0 1 87 900 1040 654 847 46 25 10 8 10 13 5 0 0 0 0 0 0 0 0 0 0 0 0 0 1 2 0 0 0 12 0 0 0 0 0 0 0 15 102 0 0 17 21 0 0 0 0 0 0 15 21 1 39 27 9 151 438 49 13 0 7 10 1 2 8 15 14 8 134 824 415 848 363 2931 2167 797 310 394 46 479 1724 1462 0 0 0 0 0 0 0 0 0 0 0 3 5 0 0 0 0 0
6 5 4 25 0 0 37 21 20 4 14 140 0 30 1 0 0 0 0 0 0 0 0 0 1 0 1 0 0 0 0 15 7 1 1 3 3 0 0 0 0 0 0 0 0 0 0 0 0 2 176 313 600 403 54 116 6 5 3 4 1 1 3 0 0 0 0 0 0 0 0 0 0 0 3 0 0 1 0 32 8 17 27 0 0 0 0 25 40 3 2 35 94 1 0 0 0 0 0 8 7 46 35 32 45 20 13 17 0 0 0 0 5 3 5 9 10 20 11 41 398 482 424 819 1921 1197 741 572 489 1048 441 453 4 1 1 0 0 0 0 0 0 0 0 1 0 0 0 0 0 0
4 6 5 13 3 1 17 17 2 1 1 3 0 0 0 0 0 0 0 0 0 0 2 0 0 0 0 0 1 0 2 0 3 2 0 0 1 0 1 0 0 0 0 0 0 4 8 2 2 6 25 232 434 37 14 17 5 2 6 3 1 1 0 0 0 0 0 0 0 0 0 0 0 0 0 0 0 0 0 2 2 8 0 0 0 0 41 64 32 15 6 244 192 26 4 0 0 0 0 113 61 10 61 215 41 2 7 2 30 0 0 0 2 10 8 13 5 22 140 55 176 1081 978 567 489 904 1173 1566 223 200 207 159 0 0 0 0 0 0 0 0 0 3 3 0 0 0 0 0 0 0
1 2 16 0 8 2 36 88 14 14 4 5 1 1 0 0 0 0 0 0 0 0 1 1 0 0 0 1 2 1 0 0 0 0 0 0 0 0 0 0 0 0 0 0 0 1 0 5 1 38 5 32 159 25 23 2 22 79 70 3 0 2 0 0 0 0 0 0 0 0 0 0 0 0 0 0 0 0 0 0 0 3 25 24 18 19 2 0 12 50 212 197 104 4 26 4 0 10 31 45 60 435 321 455 413 35 36 5 19 6 0 0 1 1 5 4 8 55 43 442 356 838 2012 2560 1020 257 1773 3303 1639 0 2 1 0 0 0 0 0 0 0 0 0 1 0 0 0 0 0 0 0 0
1 12 26 0 20 30 23 47 8 3 0 0 2 3 0 0 0 0 0 0 0 1 9 0 0 0 0 1 4 0 0 0 2 1 0 1 0 0 0 0 1 0 0 0 3 3 0 0 5 0 0 15 63 7 27 2 0 5 100 16 4 0 0 0 0 0 0 0 0 0 0 0 0 0 0 0 0 0 0 0 8 6 9 1 0 4 8 14 20 39 62 121 154 11 54 175 20 1 0 28 230 380 812 490 250 33 6 8 1 36 3 2 0 4 13 2 12 384 391 838 702 21 17 182 190 314 593 1905 410 4 240 6 1 0 0 0 0 0 0 1 0 0 0 0 0 0 0 0 0 0
14 10 129 11 44 117 76 7 1 7 0 1 0 4 0 4 1 0 0 2 1 1 0 0 0 0 0 0 0 0 0 0 0 0 0 0 0 0 0 0 0 1 2 0 15 0 0 0 0 0 0 6 22 1 0 2 0 0 2 24 4 0 0 0 0 0 0 0 0 0 0 0 0 0 0 0 0 0 0 0 16 59 0 1 28 2 139 14 1 1 1 12 39 7 0 1 0 0 0 6 18 137 1064 330 117 257 27 11 13 6 19 8 0 0 0 26 307 494 147 37 1 0 0 0 50 492 104 491 630 17 77 64 0 0 0 0 0 0 0 3 0 0 0 0 0 0 0 0 0 0
6 39 210 201 365 521 343 65 19 0 0 0 0 0 1 0 1 0 1 2 1 8 0 0 0 1 0 0 0 0 1 0 0 0 0 0 0 0 0 0 1 1 0 4 13 2 1 36 2 0 0 33 36 1 0 1 5 0 18 1 0 4 0 0 0 0 0 0 0 0 0 0 0 0 0 0 0 0 3 44 6 1 0 3 7 10 48 227 70 3 0 0 0 0 0 0 0 0 0 0 0 200 564 278 130 241 5 5 2 20 10 2 6 0 8 100 195 21 26 58 0 0 0 0 9 661 320 562 230 24 110 11 0 0 0 0 0 0 0 0 0 0 0 0 0 0 0 0 0 2
4 72 375 918 545 281 157 40 3 0 3 1 2 0 0 0 1 0 0 1 2 3 0 0 2 0 0 3 1 2 0 0 0 0 1 0 0 0 0 1 4 4 1 1 10 0 2 9 87 0 0 1 53 0 1 3 3 4 1 0 0 1 0 0 0 0 0 0 0 0 0 0 0 0 0 0 0 56 1 0 0 1 0 0 0 0 65 34 3 0 3 0 0 0 0 4 0 0 0 0 18 70 20 38 135 190 0 0 14 1 15 9 22 37 36 0 2 2 9 46 29 56 31 0 28 133 76 134 29 1 0 0 0 0 2 0 0 0 0 0 0 0 0 0 0 0 0 0 0 0
2 9 310 207 184 265 49 17 4 10 0 10 0 0 0 0 0 2 2 1 4 2 0 2 1 0 0 2 1 2 0 0 0 0 1 1 2 2 0 0 0 1 1 0 0 0 16 1 2 9 0 0 0 0 2 2 1 0 0 0 1 0 0 0 0 0 0 0 0 0 0 0 0 0 0 0 5 4 0 0 0 0 0 0 0 0 114 21 6 15 24 3 0 0 5 28 0 0 2 492 1038 167 256 222 14 144 91 6 3 2 13 63 26 1 0 0 0 0 26 82 107 79 308 372 116 207 5 0 0 4 0 0 0 0 0 0 0 0 0 0 0 0 0 0 0 0 0 0 0 0
13 43 50 90 50 31 1 0 1 2 46 0 0 0 0 0 1 2 0 0 4 59 2 0 0 0 0 0 1 0 0 0 0 2 5 0 0 0 0 0 0 0 0 0 1 37 1 0 0 0 3 0 0 0 2 23 4 0 0 0 0 0 0 0 0 0 0 0 0 0 0 0 0 0 0 0 5 9 0 0 0 0 0 0 0 1 25 0 0 29 31 0 0 0 26 204 100 5 261 1844 472 449 108 25 0 37 78 88 1 3 97 0 2 0 0 0 0 0 26 45 124 31 75 66 32 171 55 5 51 46 10 2 1 0 0 0 0 0 0 0 0 0 0 0 0 0 0 0 0 0
50 30 17 3 1 0 0 4 0 0 0 1 0 0 0 0 0 0 1 2 0 9 3 1 0 0 0 0 0 5 1 0 0 6 60 0 0 0 0 0 0 0 0 0 1 9 1 2 0 0 0 0 0 4 71 28 5 0 0 0 0 0 0 0 0 0 0 0 0 0 0 0 0 0 109 20 1 0 0 0 1 0 0 0 0 0 16 1 0 0 80 24 4 8 155 358 96 10 147 206 24 17 58 18 11 2 0 167 692 305 1 0 0 2 18 0 0 2 8 4 22 0 26 11 60 129 83 39 307 46 65 1 0 0 0 0 0 0 0 0 0 0 0 0 0 0 0 0 0 0
34 1 3 10 0 0 5 0 0 0 0 0 0 0 0 1 0 0 0 0 1 4 0 0 0 0 0 0 0 0 13 39 1 0 0 0 0 0 0 0 0 0 0 0 3 2 1 0 0 0 0 1 3 5 30 0 0 0 0 0 0 0 0 0 0 0 0 0 0 0 0 0 0 0 27 55 3 0 0 0 0 0 0 0 0 0 84 78 159 32 123 22 12 13 1 56 11 7 0 8 33 2 1 0 5 12 172 274 182 70 2 0 2 0 3 0 0 8 4 0 5 26 9 5 15 212 169 228 238 360 33 0 0 0 0 0 0 0 0 0 0 0 0 0 0 0 0 0 0 0
2 1 0 4 1 0 0 0 0 0 0 0 0 0 0 0 0 0 0 1 0 0 0 0 0 0 0 0 4 0 3 0 0 2 0 1 0 0 0 0 0 1 0 0 0 1 1 0 0 0 0 0 12 38 9 1 2 0 0 0 0 0 0 0 0 0 0 0 0 0 0 2 3 3 2 0 0 0 0 0 0 0 0 0 0 0 1 0 111 4 0 0 1 2 4 43 1 7 4 0 1 5 0 4 4 370 964 573 69 99 0 0 0 0 0 0 0 1 176 14 3 90 5 26 11 23 103 65 5 38 1 3 0 0 0 0 0 0 0 0 0 0 0 0 0 0 0 0 0 0
3 0 0 0 3 0 0 0 0 0 0 0 0 0 0 0 1 0 0 1 0 0 0 1 0 0 0 1 1 1 0 0 0 0 0 0 0 0 0 0 0 0 0 1 0 2 0 0 0 0 0 2 4 69 7 5 4 0 0 0 0 0 0 0 0 0 0 0 0 0 5 2 2 0 0 0 0 0 0 0 0 0 0 0 0 0 2 0 0 0 0 0 5 31 0 1 2 0 10 4 9 5 1 1 48 123 121 21 82 214 1 0 0 0 0 0 0 0 3 37 1 54 2 101 138 27 232 58 20 33 2 0 0 0 0 0 0 0 0 0 0 0 0 0 0 0 0 0 0 0
0 0 0 0 2 32 1 0 0 0 0 0 0 0 0 0 0 0 0 0 0 0 0 1 0 0 2 0 0 0 0 1 1 0 1 0 0 0 0 1 1 0 6 2 0 0 0 0 0 0 5 0 10 1 6 1 6 8 0 0 0 0 0 0 0 0 0 0 1 2 5 0 0 0 0 0 0 0 1 0 0 0 0 0 0 0 1 0 4 5 0 71 153 13 0 0 0 0 4 8 1 1 22 28 53 40 1 17 40 11 7 0 0 0 0 0 0 0 0 0 9 46 3 22 0 0 0 315 5 2 1 0 0 0 0 0 0 0 0 0 0 0 0 0 0 0 0 0 0 0
0 0 0 0 36 17 0 0 0 0 0 0 0 0 5 1 1 1 0 0 0 0 0 0 0 0 0 0 7 0 6 0 2 0 0 2 0 0 0 1 0 0 0 6 1 4 0 0 1 2 2 0 0 8 2 5 6 1 0 0 0 0 0 0 0 0 1 0 8 4 1 1 0 0 0 0 0 0 0 0 0 0 0 0 0 0 0 2 53 89 128 388 188 11 0 0 0 0 1 32 47 522 307 62 10 31 13 0 0 86 29 0 0 0 0 0 0 0 0 0 4 0 0 0 0 89 757 109 0 0 0 0 0 0 0 0 0 0 0 0 0 0 0 0 0 0 0 0 0 0
0 0 0 0 2 1 1 0 0 0 0 0 1 7 0 1 0 0 6 0 0 0 0 0 0 0 0 0 0 17 0 0 0 0 0 6 0 0 0 0 0 0 0 0 6 10 0 0 1 0 0 0 0 5 3 0 0 1 0 0 0 0 0 0 0 0 0 0 12 4 1 0 0 0 0 0 0 0 0 0 0 0 0 0 1 0 5 5 34 107 228 201 82 30 0 0 2 2 2 59 113 109 73 5 4 0 7 0 4 2 17 0 0 0 0 0 0 0 0 0 2 102 58 0 0 241 202 2 0 0 0 0 0 0 0 0 0 0 0 0 0 0 0 0 0 0 0 0 0 0
0 0 0 0 0 2 0 0 0 0 0 5 19 14 1 0 1 1 0 0 0 0 0 0 0 5 1 2 1 14 0 0 0 0 1 2 0 0 1 0 0 0 0 1 4 5 7 0 0 3 1 0 0 13 9 0 0 0 0 0 0 0 0 0 0 0 0 8 267 0 0 0 0 0 0 0 0 0 0 0 0 0 0 1 10 19 52 7 8 15 0 1 24 6 23 1 0 2 11 28 85 0 1 11 0 0 0 19 1 41 65 48 1 0 0 0 0 0 0 0 1 1 0 0 0 0 0 8 0 0 0 0 0 0 0 0 0 0 0 0 0 0 0 0 0 0 0 0 0 0
0 0 0 0 2 1 0 0 0 0 0 0 0 0 1 0 1 0 0 0 0 0 0 0 0 0 0 0 0 2 0 0 0 0 4 3 0 0 0 0 0 0 0 0 0 3 0 8 0 0 0 1 0 8 3 4 2 0 0 0 0 0 0 0 0 0 102 56 17 0 0 1 0 0 0 0 0 0 0 0 0 1 0 74 125 0 0 1 2 17 2 6 9 2 3 25 2 21 17 75 52 17 7 4 62 0 1 70 102 123 213 371 38 9 1 0 0 0 0 0 0 0 0 0 0 0 0 0 0 0 0 0 0 0 0 0 0 0 0 0 0 0 0 0 0 0 0 1 0 0
0 0 0 1 0 2 0 3 0 0 0 1 0 0 0 2 0 0 0 0 0 0 0 0 1 0 0 4 0 0 0 0 0 0 1 0 0 0 1 0 0 0 0 0 0 0 1 2 20 1 0 0 0 0 2 74 67 1 2 0 0 2 0 0 0 9 92 82 1 0 0 0 0 0 0 0 0 0 0 0 0 1 0 86 75 1 2 5 7 139 20 3 7 0 2 16 76 31 179 1 2 3 22 38 3 1 18 2 80 36 228 146 18 0 8 0 0 0 0 0 0 0 0 0 0 0 0 0 0 0 0 0 0 0 0 0 0 0 0 0 0 0 0 0 0 0 0 0 0 0
0 0 2 0 0 0 0 0 0 0 1 1 0 0 0 1 1 0 0 0 0 0 0 0 0 0 0 0 1 1 0 0 0 0 0 1 3 0 8 0 0 0 0 1 0 0 3 5 67 0 1 0 0 0 12 6 4 11 19 16 5 3 5 18 4 5 1 0 2 2 0 0 0 0 0 0 0 0 0 0 0 1 0 0 0 0 0 21 3 2 3 1 2 0 11 245 4 0 0 0 0 0 8 0 18 62 370 1119 459 62 16 2 7 18 0 0 0 0 0 0 0 0 0 0 0 0 0 0 0 0 0 0 0 0 0 0 0 0 0 0 0 0 0 0 0 0 0 0 0 0
0 0 19 0 1 70 1 6 1 0 7 4 0 0 0 0 0 0 0 0 0 0 0 0 0 0 0 0 0 0 0 0 0 0 0 3 0 0 9 1 1 0 0 0 2 10 14 23 6 6 2 0 3 3 20 4 1 0 1 10 0 0 0 3 2 0 3 5 1 23 4 5 0 0 0 0 0 0 0 0 0 1 0 0 0 0 1 5 5 9 22 12 0 4 102 20 1 0 0 0 2 12 0 13 45 77 158 380 190 210 118 220 53 16 0 0 0 0 0 0 0 0 0 0 0 0 0 0 0 0 0 0 0 0 0 0 0 0 0 0 0 0 0 0 0 0 0 0 0 0
0 0 0 0 19 45 2 0 0 2 0 0 0 1 0 0 1 1 1 0 1 0 0 0 0 0 0 0 0 0 0 0 4 0 0 0 0 1 0 1 0 0 3 0 0 0 3 2 4 3 2 1 1 2 0 1 0 3 5 7 0 17 1 5 0 7 2 3 5 0 0 0 6 0 0 0 0 0 0 0 0 1 0 0 0 1 0 0 2 3 0 0 9 50 2 22 217 0 0 0 0 0 0 61 165 236 6 1 175 45 0 5 15 0 0 0 0 0 0 0 0 0 0 0 0 0 0 0 0 0 0 0 0 0 0 0 0 0 0 0 0 0 0 0 0 0 0 0 0 0
0 0 0 0 0 5 0 0 5 0 0 0 0 0 0 0 0 0 3 0 0 0 0 0 0 0 0 0 0 0 0 4 2 0 0 0 0 0 0 0 0 0 0 13 0 0 1 0 2 7 0 0 3 1 0 0 0 0 8 10 4 6 1 0 0 0 0 0 0 0 2 1 8 1 0 0 0 0 0 0 0 2 0 0 0 0 0 0 1 1 0 22 69 22 28 144 360 0 0 0 0 0 3 12 15 0 1 0 0 0 26 126 9 0 0 0 0 0 0 0 0 0 0 0 0 0 0 0 0 0 0 0 0 0 0 0 0 0 0 0 0 0 12 19 4 0 0 0 0 0
0 0 0 1 0 0 0 0 0 8 0 0 1 0 0 2 0 0 0 0 0 0 0 0 0 0 0 0 0 0 0 0 0 0 0 0 0 0 0 0 0 1 1 0 0 1 0 0 0 0 3 3 3 2 0 0 0 0 6 8 5 0 0 0 0 0 0 0 0 0 9 2 0 0 0 0 0 0 0 0 0 0 0 0 0 0 0 0 23 6 5 25 173 154 53 0 1 0 0 0 0 0 0 6 0 0 7 3 0 111 189 12 7 2 0 0 0 0 0 0 0 0 0 0 0 0 0 0 0 0 0 0 0 0 0 0 0 0 0 0 0 0 0 9 1 0 0 0 0 0
0 1 0 0 1 2 0 0 0 0 0 0 0 3 1 0 0 0 0 0 0 0 0 0 0 0 0 0 0 0 0 0 0 0 0 0 0 0 0 0 0 0 0 0 0 0 0 0 0 0 7 4 18 0 0 0 0 0 0 9 11 0 0 0 0 0 0 0 0 0 0 1 0 0 0 0 0 0 0 0 0 0 1 0 0 0 0 0 0 2 14 39 637 0 2 7 4 0 0 0 0 0 0 16 10 21 0 28 17 17 66 158 1 0 0 0 0 0 0 0 0 0 0 0 0 0 0 0 0 0 0 0 0 0 0 0 0 0 0 0 0 0 0 0 0 0 0 0 0 0
0 0 0 0 0 0 0 0 0 0 1 2 7 0 0 0 0 0 0 0 0 0 0 0 1 0 0 0 0 0 0 0 0 0 0 0 2 0 0 0 0 0 1 0 0 0 0 0 0 0 2 18 1 1 0 4 5 6 1 13 0 0 0 0 0 0 0 0 0 0 2 75 4 0 0 0 0 0 0 0 0 0 0 2 0 0 0 0 0 0 10 9 16 4 15 0 0 0 0 0 0 0 0 0 0 0 0 0 0 1 0 0 0 0 0 0 0 0 0 0 0 0 0 0 0 0 0 0 0 0 0 0 0 0 0 0 0 0 0 0 0 0 0 0 0 0 0 0 0 0
0 0 0 0 0 0 0 0 0 0 2 0 0 0 1 0 0 0 0 0 0 1 3 49 0 0 0 0 0 0 0 0 0 0 0 0 2 0 0 0 0 0 0 0 0 0 0 0 0 0 0 39 4 2 5 3 0 2 0 0 0 9 17 0 0 0 0 0 0 0 0 4 1 0 2 0 0 0 0 0 0 0 0 0 3 0 0 0 0 1 7 30 31 10 27 1 0 0 0 0 0 0 0 0 0 0 0 0 0 0 0 0 0 0 0 0 0 0 0 0 0 0 0 0 0 0 0 0 0 0 0 0 0 0 0 0 0 0 0 0 0 0 0 0 0 0 0 0 0 0
0 0 0 0 0 0 0 0 0 0 0 0 1 1 0 0 0 0 0 0 1 0 1 6 0 0 0 0 0 0 0 0 0 0 0 0 0 0 1 0 0 0 0 0 0 0 0 0 0 0 5 56 37 2 5 0 2 0 0 0 8 45 125 0 0 0 0 0 0 0 0 0 1 0 7 0 0 0 0 0 0 0 0 0 0 1 0 0 0 5 10 0 2 31 28 3 0 0 0 0 0 0 0 0 0 0 0 0 0 0 0 0 0 0 0 0 0 0 0 0 0 0 0 0 0 0 0 0 0 0 0 0 0 0 0 0 0 0 0 0 0 0 0 0 0 0 0 0 0 0
0 0 0 0 0 0 0 0 2 0 0 0 2 0 0 0 0 0 0 0 0 0 0 0 0 0 0 0 0 0 0 0 0 0 0 0 0 0 0 0 0 0 0 0 0 0 0 0 0 3 11 51 112 9 25 9 0 0 1 2 0 28 0 0 0 0 0 0 0 0 0 0 0 1 0 0 0 0 0 0 0 0 0 0 0 0 3 0 0 0 0 1 11 11 12 6 0 0 0 0 0 0 0 0 0 0 0 0 0 0 0 0 0 0 0 0 0 0 0 0 0 0 0 0 0 0 0 0 0 0 0 0 0 0 0 0 0 0 0 0 0 0 0 0 0 0 0 0 0 0
0 0 0 0 0 0 0 2 0 0 1 0 5 2 0 2 0 0 2 1 0 1 0 0 2 3 2 0 0 0 0 0 1 0 0 0 0 0 0 0 0 0 0 0 0 0 0 0 4 5 3 10 155 2 31 0 0 0 0 0 4 11 3 0 0 0 0 0 0 0 0 0 0 0 0 0 0 0 0 0 0 0 0 0 0 0 0 1 0 0 0 3 6 5 0 3 21 3 0 18 0 0 0 0 0 0 0 0 0 0 0 0 0 0 0 0 0 0 0 0 0 0 0 0 0 0 0 0 0 0 0 0 0 0 0 0 0 0 0 0 0 0 0 0 0 0 0 0 0 0
0 0 0 0 0 0 0 0 0 5 0 0 0 0 3 0 5 0 2 0 0 0 0 5 0 5 0 0 0 0 0 0 0 0 0 0 0 1 0 0 0 0 0 0 0 0 0 4 0 0 1 51 53 0 0 0 0 0 1 0 13 4 0 1 0 0 0 0 0 0 0 0 0 0 0 0 0 0 0 0 0 0 0 0 0 0 0 1 1 0 0 0 0 1 1 2 25 3 13 1 10 0 0 0 0 0 0 0 0 0 0 0 0 0 0 0 0 0 0 0 0 0 0 0 0 0 0 0 0 0 0 0 0 0 0 0 0 0 0 0 0 0 0 1 0 4 0 0 0 0
0 0 2 0 0 0 0 0 0 0 1 0 0 0 0 0 0 0 0 0 0 0 0 0 0 0 1 0 0 0 0 0 0 2 16 0 1 0 0 0 0 0 0 0 0 0 33 9 0 0 0 0 0 0 0 0 0 0 0 0 14 0 0 0 0 0 0 0 0 0 0 0 0 0 0 0 0 0 0 0 0 0 0 0 0 0 0 0 1 0 0 0 0 0 0 6 14 15 0 2 16 0 0 0 0 0 0 0 0 0 0 0 0 0 0 0 0 0 0 0 0 0 0 0 0 0 0 0 0 0 0 0 0 0 0 0 0 0 0 0 0 0 0 1 2 13 0 0 0 0
0 0 0 0 0 0 0 0 0 0 0 2 0 0 0 0 0 1 0 2 0 2 0 1 0 0 0 0 0 0 0 3 0 0 0 1 0 1 0 0 0 0 0 0 1 3 0 0 0 0 0 0 0 0 0 0 0 0 0 0 2 1 0 0 0 0 0 0 0 0 0 0 1 0 0 0 0 0 0 0 0 0 0 0 0 0 0 0 0 2 0 0 0 0 8 2 6 1 0 8 68 6 1 0 0 0 0 0 0 0 0 0 0 0 0 0 0 0 0 0 0 0 0 0 0 0 0 0 0 0 0 0 0 0 0 0 0 0 0 0 0 0 0 0 0 0 0 0 0 0
0 0 0 0 0 0 0 0 0 0 0 3 0 0 0 0 0 0 0 1 0 0 0 0 0 0 0 0 0 0 0 0 0 0 0 0 0 0 0 0 0 0 0 0 0 0 0 0 0 0 0 0 0 0 0 0 0 0 0 0 1 0 0 0 0 0 0 0 0 0 4 2 0 0 0 0 0 0 0 0 0 0 0 0 0 0 0 0 0 0 0 0 0 0 4 0 2 0 0 0 0 63 0 0 0 0 0 0 0 0 0 0 0 0 0 0 0 0 0 0 0 0 0 0 0 0 0 0 0 0 0 0 0 0 0 0 0 0 0 0 0 0 0 0 0 0 0 0 0 0
0 0 0 0 0 0 0 0 0 1 2 0 5 0 0 8 0 0 0 0 0 0 0 0 0 0 0 0 0 0 0 0 0 0 0 0 0 0 0 0 0 0 0 1 3 2 0 0 0 0 0 0 0 0 0 0 0 0 0 1 8 0 0 0 0 0 0 0 0 0 0 2 0 0 0 0 0 0 0 0 0 0 0 0 0 0 0 0 0 0 0 0 0 0 3 1 2 0 0 0 0 0 0 0 0 0 0 0 0 0 0 0 0 0 0 0 0 0 0 0 0 0 0 0 0 0 0 0 0 0 0 0 0 0 0 0 0 0 0 0 0 0 0 0 0 0 0 0 0 0
1 0 1 0 0 1 1 0 1 0 1 4 12 1 2 17 5 1 0 0 0 0 0 0 0 0 0 0 0 0 0 0 0 0 0 0 1 0 0 0 0 0 0 5 0 0 0 0 0 0 0 0 0 0 0 0 0 0 0 21 4 0 0 0 0 0 0 0 43 0 0 1 0 0 0 0 0 0 0 0 0 0 0 0 0 0 0 0 0 0 0 0 0 0 0 0 3 1 0 1 0 0 0 0 0 0 0 0 0 0 0 0 0 0 0 0 0 0 0 0 0 0 0 0 0 0 0 0 0 0 0 0 0 0 0 0 0 0 0 0 0 0 0 0 0 0 0 0 0 0
1 0 0 0 2 0 0 0 0 0 0 0 6 0 0 0 12 9 6 0 0 0 0 0 0 0 0 0 0 0 0 0 0 0 0 0 0 1 4 1 0 0 3 3 0 0 0 0 0 0 0 0 0 0 0 0 0 0 0 0 44 45 8 0 2 0 0 0 197 54 1 0 0 0 0 0 0 0 0 0 0 0 0 0 0 0 0 0 0 0 0 0 0 0 0 0 0 0 0 0 0 0 0 0 0 0 0 0 0 0 0 0 0 0 0 0 0 0 0 0 0 0 0 0 0 0 0 0 0 0 0 0 0 0 0 0 0 0 0 0 0 0 0 0 0 0 0 0 0 0
0 1 7 1 0 0 0 0 0 0 0 0 76 22 0 0 27 0 1 8 1 0 0 17 11 2 0 0 0 0 2 2 0 0 4 0 7 2 10 4 0 0 25 0 0 0 0 0 0 0 0 0 0 0 0 0 0 0 0 0 0 0 2 1 204 60 45 0 0 0 0 0 0 0 0 0 0 0 0 0 0 0 0 0 0 0 0 0 0 0 0 0 0 0 0 0 0 0 0 0 0 0 0 0 0 0 0 0 0 0 0 0 0 0 0 0 0 0 0 0 0 0 0 0 0 0 0 0 0 0 0 0 0 0 0 0 0 0 0 0 0 0 0 0 0 0 0 0 0 0
5 44 8 1 0 0 0 0 0 0 1 3 7 0 0 2 1 0 0 7 13 141 86 19 1 0 0 0 0 0 0 0 0 0 4 13 25 1 0 4 0 2 1 0 0 0 0 0 0 0 0 0 0 0 0 0 0 0 0 0 0 0 0 0 5 3 0 0 0 0 0 0 0 0 0 0 0 0 0 0 0 0 0 0 0 1 0 0 0 0 0 0 0 0 0 0 0 0 0 0 0 0 0 0 0 0 0 0 0 0 0 0 0 0 0 0 0 0 0 0 0 0 0 0 0 0 0 0 0 0 0 0 0 0 0 0 0 0 0 0 0 0 0 0 0 0 0 0 0 0
20 15 12 0 1 10 0 0 0 0 0 0 7 0 0 2 10 2 3 7 1 88 13 5 15 2 1 0 5 8 16 0 0 0 0 0 4 2 0 2 2 29 0 0 0 0 0 0 0 0 0 0 0 0 0 0 0 0 0 0 0 0 0 0 0 0 0 0 0 0 0 0 0 0 0 0 0 0 0 0 0 0 0 0 0 0 0 0 0 8 0 0 0 0 0 0 0 0 0 0 0 0 0 0 0 0 0 0 0 0 0 0 0 0 0 0 0 0 0 0 0 0 0 0 0 0 0 0 0 0 0 0 0 0 0 0 0 0 0 0 0 0 0 0 0 0 0 0 0 0
0 0 0 0 2 0 0 0 0 0 0 2 6 0 0 0 2 2 0 6 0 4 9 10 1 6 3 0 2 1 0 0 0 0 4 2 1 0 0 0 0 0 0 0 0 0 0 0 0 0 0 0 0 0 0 0 0 0 0 0 0 0 0 0 0 0 0 0 0 0 0 0 0 0 0 0 0 0 0 0 0 0 0 0 0 0 0 0 0 0 0 0 0 0 0 0 0 0 0 0 0 0 0 0 0 0 0 0 0 0 0 0 0 0 0 0 0 0 0 0 0 0 0 0 0 0 0 0 0 0 0 0 0 0 0 0 0 0 0 0 0 0 0 0 0 0 0 0 0 0
0 0 0 0 0 0 0 0 0 0 0 0 0 5 0 0 0 0 0 1 0 0 0 1 5 9 4 10 21 4 4 4 0 11 3 3 1 0 0 0 0 0 0 0 0 0 0 0 0 0 0 0 0 0 0 0 0 0 0 0 0 0 0 0 0 0 0 0 0 0 0 0 0 0 0 0 0 0 0 0 0 0 0 0 0 0 0 0 0 0 0 0 0 0 0 0 0 0 0 0 0 0 0 0 0 0 0 0 0 0 0 0 0 0 0 0 0 0 0 0 0 0 0 0 0 0 0 0 0 0 0 0 0 0 0 0 0 0 0 0 0 0 0 0 0 0 0 0 0 0
0 0 0 0 0 0 0 0 0 0 0 0 0 2 0 0 0 0 0 0 1 2 0 0 0 0 1 4 123 59 3 9 6 39 2 0 5 0 1 0 0 0 0 0 0 0 0 0 0 0 0 0 0 0 0 0 0 0 0 0 0 0 0 0 0 0 0 0 0 0 0 0 0 0 0 0 0 0 0 0 0 0 0 0 0 0 0 0 0 0 0 0 0 0 0 0 0 0 0 0 0 0 0 0 0 0 0 0 0 0 0 0 0 0 0 0 0 0 0 0 0 0 0 0 0 0 0 0 0 0 0 0 0 0 0 0 0 0 0 0 0 0 0 0 0 0 0 0 0 0
0 0 0 0 0 0 0 0 0 0 0 0 0 2 0 0 0 0 0 0 0 0 0 0 0 1 7 4 0 0 4 2 1 1 1 1 7 1 0 0 0 0 0 0 0 0 0 0 0 0 0 0 0 0 0 0 0 0 0 0 0 0 0 0 0 0 0 0 0 0 0 0 0 0 0 0 0 0 0 0 0 0 0 0 0 0 0 0 0 0 0 0 0 0 0 0 0 0 0 0 0 0 0 0 0 0 0 0 0 0 0 0 0 0 0 0 0 0 0 0 0 0 0 0 0 0 0 0 0 0 0 0 0 0 0 0 0 0 0 0 0 0 0 0 0 0 0 0 0 0
0 0 0 0 0 0 0 2 0 0 1 0 1 3 0 0 0 0 0 0 0 0 0 0 6 10 7 0 0 0 20 2 4 6 7 4 0 1 0 0 0 0 0 0 0 0 0 0 0 0 0 0 0 0 0 0 0 0 0 0 0 0 0 0 0 0 0 0 0 0 0 0 0 0 0 0 0 0 0 0 0 0 0 0 0 0 0 0 0 0 0 0 0 0 0 0 0 0 0 0 0 0 0 0 0 0 0 0 0 0 0 0 0 0 0 0 0 0 0 0 0 0 0 0 0 0 0 0 0 0 0 0 0 0 0 0 0 0 0 0 0 0 0 0 0 0 0 0 0 0
0 0 0 0 0 0 0 0 0 0 0 1 5 6 0 0 0 0 0 0 0 0 0 0 0 0 0 0 0 0 0 0 9 0 0 1 12 3 0 0 0 0 0 0 0 0 0 0 0 0 0 0 0 0 0 0 0 0 0 0 0 0 0 0 0 0 0 0 0 0 0 0 0 0 0 0 0 0 0 0 0 0 0 0 0 0 0 0 0 0 0 0 0 0 0 0 0 0 0 0 0 0 0 0 0 0 0 0 0 0 0 0 0 0 0 0 0 0 0 0 0 0 0 0 0 0 0 0 0 0 0 0 0 0 0 0 0 0 0 0 0 0 0 0 0 0 0 0 0 0
0 0 0 0 0 0 0 0 0 1 3 3 3 0 0 0 0 0 0 0 0 0 0 0 0 0 0 16 1 11 1 0 0 0 0 0 0 0 0 0 0 0 0 0 0 0 0 0 0 0 0 0 0 0 0 0 0 0 0 0 0 0 0 0 0 0 0 0 0 0 0 0 0 0 0 0 0 0 0 0 0 0 0 0 0 0 0 0 0 0 0 0 0 0 0 0 0 0 0 0 0 0 0 0 0 0 0 0 0 0 0 0 0 0 0 0 0 0 0 0 0 0 0 0 0 0 0 0 0 0 0 0 0 0 0 0 0 0 0 0 0 0 0 0 0 0 0 0 0 0
0 0 0 0 0 0 0 0 0 1 2 1 0 0 0 0 0 0 0 0 0 0 0 0 0 0 0 14 0 0 0 0 5 14 0 1 0 0 0 0 0 0 0 0 0 0 0 0 0 0 0 0 0 0 0 0 0 1 0 0 0 0 0 0 0 0 0 0 0 0 0 0 0 0 0 0 0 0 0 0 0 0 0 0 0 0 0 0 0 0 0 0 0 0 0 0 0 0 0 0 0 0 0 0 0 0 0 0 0 0 0 0 0 0 0 0 0 0 0 0 0 0 0 0 0 0 0 0 0 0 0 0 0 0 0 0 0 0 0 0 0 0 0 0 0 0 0 0 0 0
0 0 0 0 0 0 0 0 0 0 3 2 0 0 0 0 0 0 0 0 0 0 0 0 0 0 0 0 0 0 0 1 1 1 0 0 0 0 0 0 0 0 0 0 0 0 0 0 0 0 0 0 0 0 0 0 0 0 0 0 0 0 0 0 0 0 0 0 0 0 0 0 0 0 0 0 0 0 0 0 0 0 0 0 0 0 0 0 0 0 0 0 0 0 0 0 0 0 0 0 0 0 0 0 0 0 0 0 0 0 0 0 0 0 0 0 0 0 0 0 0 0 0 0 0 0 0 0 0 0 0 0 0 0 0 0 0 0 0 0 0 0 0 0 0 0 0 0 0 0
0 0 0 0 0 0 0 0 0 0 8 0 0 1 0 0 0 0 0 0 0 0 0 0 0 0 0 0 0 0 0 0 0 0 0 0 0 0 0 0 2 0 0 0 0 0 0 0 0 0 0 0 0 0 0 0 0 0 0 0 0 0 0 0 0 0 0 0 0 0 0 0 0 0 0 0 0 0 0 0 0 0 0 0 0 0 0 0 0 0 0 0 0 0 0 0 0 0 0 0 0 0 0 0 0 0 0 0 0 0 0 0 0 0 0 0 0 0 0 0 0 0 0 0 0 0 0 0 0 0 0 0 0 0 0 0 0 0 0 0 0 0 0 0 0 0 0 0 0 0
0 0 0 0 0 0 0 0 0 3 5 0 0 0 0 0 0 0 0 0 0 0 0 0 0 0 0 0 0 0 0 0 0 0 0 0 0 0 0 0 2 0 0 0 0 0 0 0 0 0 0 6 0 0 0 0 0 0 0 0 0 0 0 0 0 0 0 0 0 0 0 0 0 0 0 0 0 0 0 0 0 0 0 0 0 0 0 0 0 0 0 0 0 0 0 0 0 0 0 0 0 0 0 0 0 0 0 0 0 0 0 0 0 0 0 0 0 0 0 0 0 0 0 0 0 0 0 0 0 0 0 0 0 0 0 0 0 0 0 0 0 0 0 0 0 0 0 0 0 0
0 0 1 0 0 0 0 0 64 165 0 0 0 0 0 0 0 0 0 0 0 0 0 0 0 0 0 0 0 0 0 0 0 0 0 0 0 0 0 0 0 0 0 0 0 0 0 0 2 4 4 1 0 0 0 0 0 0 0 0 0 0 0 0 0 0 0 0 0 0 0 0 0 0 0 0 0 0 0 0 0 0 0 0 0 0 0 0 0 0 0 0 0 0 0 0 0 0 0 0 0 0 0 0 0 0 0 0 0 0 0 0 0 0 0 0 0 0 0 0 0 0 0 0 0 0 0 0 0 0 0 0 0 0 0 0 0 0 0 0 0 0 0 0 0 0 0 0 0 0
0 0 0 0 0 6 32 62 91 2 0 0 0 0 0 0 0 0 0 0 0 0 0 0 0 0 0 0 0 0 0 0 0 0 0 0 0 0 0 0 0 0 0 0 0 0 0 0 1 42 38 0 0 0 0 0 0 0 0 0 0 0 0 0 0 0 0 0 0 0 0 0 0 0 0 0 0 0 0 0 0 0 0 0 0 0 0 0 0 0 0 0 0 0 0 0 0 0 0 0 0 0 0 0 0 0 0 0 0 0 0 0 0 0 0 0 0 0 0 0 0 0 0 0 0 0 0 0 0 0 0 0 0 0 0 0 0 0 0 0 0 0 0 0 0 0 0 0 0 0
3 0 0 0 0 0 83 75 0 0 0 0 0 0 0 0 0 0 0 0 0 0 0 0 0 0 0 0 0 0 0 0 0 0 0 0 0 0 0 0 0 0 0 0 0 0 0 0 2 0 0 0 0 0 0 0 0 0 0 0 0 0 0 0 0 0 0 0 0 0 0 0 0 0 0 0 0 0 0 0 0 0 0 0 0 0 0 0 0 0 0 0 0 0 0 0 0 0 0 0 0 0 0 0 0 0 0 0 0 0 0 0 0 0 0 0 0 0 0 0 0 0 0 0 0 0 0 0 0 0 0 0 0 0 0 0 0 0 0 0 0 0 0 0 0 0 0 0 0 0
0 0 0 0 0 0 0 0 0 0 0 0 0 0 0 0 0 0 0 0 0 0 0 0 0 0 0 0 0 0 0 0 0 0 0 0 0 0 0 0 0 0 0 0 0 0 0 0 4 0 0 0 31 133 0 0 0 0 0 0 0 0 0 0 0 0 0 0 0 0 0 0 0 0 0 0 0 0 0 0 0 0 0 0 0 0 0 0 0 0 0 0 0 0 0 0 0 0 0 0 0 0 0 0 0 0 0 0 0 0 0 0 0 0 0 0 0 0 0 0 0 0 0 0 0 0 0 0 0 0 0 0 0 0 0 0 0 0 0 0 0 0 0 0 0 0 0 0 0 0
0 0 0 0 0 0 0 0 0 0 0 0 0 0 0 0 0 0 0 0 0 0 0 0 0 0 0 0 0 0 0 0 0 0 0 1 0 0 0 0 0 0 0 0 0 0 0 0 0 0 0 0 4 7 0 0 0 0 0 0 0 0 0 0 0 0 0 0 0 0 0 0 0 0 0 0 0 0 0 0 0 0 0 0 0 0 0 0 0 0 0 0 0 0 0 0 0 0 0 0 0 0 0 0 0 0 0 0 0 0 0 0 0 0 0 0 0 0 0 0 0 0 0 0 0 0 0 0 0 0 0 0 0 0 0 0 0 0 0 0 0 0 0 0 0 0 0 0 0 0
0 0 0 0 0 0 0 0 0 0 0 0 0 0 0 0 0 0 0 0 0 0 0 0 0 0 0 0 0 0 0 0 0 0 0 0 0 2 0 0 0 0 0 0 0 0 0 0 1 0 0 0 0 0 0 0 0 0 0 0 0 0 0 0 0 0 0 0 0 0 0 0 0 0 0 0 0 0 0 0 0 0 0 0 0 0 0 0 0 0 0 0 0 0 0 0 0 0 0 0 0 0 0 0 0 0 0 0 0 0 0 0 0 0 0 0 0 0 0 0 0 0 0 0 0 0 0 0 0 0 0 0 0 0 0 0 0 0 0 0 0 0 0 0 0 0 0 0 0 0
0 0 0 0 0 0 0 0 0 0 0 0 0 0 0 0 0 0 0 0 0 0 0 0 0 0 0 0 0 0 0 0 1 0 0 0 0 0 0 0 0 0 0 0 0 0 0 0 0 0 0 0 3 0 0 0 0 0 0 0 0 0 0 0 0 0 0 0 0 0 0 0 0 0 0 0 0 0 0 0 0 0 0 0 0 0 0 0 0 0 0 0 0 0 0 0 0 0 0 0 0 0 0 0 0 0 0 0 0 0 0 0 0 0 0 0 0 0 0 0 0 0 0 0 0 0 0 0 0 0 0 0 0 0 0 0 0 0 0 0 0 0 0 0 0 0 0 0 0 0
0 0 0 0 0 0 0 0 0 0 0 0 0 0 0 0 0 0 0 0 0 0 0 0 0 0 0 0 0 1 0 0 0 0 2 1 0 0 0 0 0 0 0 0 0 0 0 0 0 0 0 0 0 1 0 0 0 0 0 0 0 0 0 0 0 0 0 0 0 0 0 0 0 0 0 0 0 0 0 0 0 0 0 0 0 0 0 0 0 0 0 0 0 0 0 0 0 0 0 0 0 0 0 0 0 0 0 0 0 0 0 0 0 0 0 0 0 0 0 0 0 0 0 0 0 0 0 0 0 0 0 0 0 0 0 0 0 0 0 0 0 0 0 0 0 0 0 0 0 0
0 0 0 0 0 0 0 0 0 0 0 0 0 0 0 0 0 0 0 0 0 0 0 0 0 0 0 0 0 0 2 16 0 0 0 0 1 0 0 0 0 0 0 0 0 0 0 0 0 0 0 0 0 0 0 0 0 0 0 0 0 0 0 0 0 0 0 0 0 0 0 0 0 0 0 0 0 0 0 0 0 0 0 0 0 0 0 0 0 0 0 0 0 0 0 0 0 0 0 0 0 0 0 0 0 0 0 0 0 0 0 0 0 0 0 0 0 0 0 0 0 0 0 0 0 0 0 0 0 0 0 0 0 0 0 0 0 0 0 0 0 0 0 0 0 0 0 0 0 0
0 0 0 0 0 0 0 0 0 0 0 0 0 0 0 0 0 0 0 0 0 0 0 0 0 0 0 0 0 0 1 5 0 0 0 0 1 0 0 0 0 0 0 0 0 0 0 0 0 0 0 0 0 0 0 0 0 0 0 0 0 0 0 0 0 0 0 0 0 0 0 0 0 0 0 0 0 0 0 0 0 0 0 0 0 0 0 0 0 0 0 0 0 0 0 0 0 0 0 0 0 0 0 0 0 0 0 0 0 0 0 0 0 0 0 0 0 0 0 0 0 0 0 0 0 0 0 0 0 0 0 0 0 0 0 0 0 0 0 0 0 0 0 0 0 0 0 0 0 0
0 0 0 0 0 0 0 0 0 0 0 0 0 0 0 0 0 0 0 0 0 0 0 0 0 0 1 0 0 1 0 0 0 0 0 0 0 0 0 0 0 0 0 0 0 0 0 3 0 0 0 0 0 0 0 0 0 0 0 0 0 0 0 0 0 0 0 0 0 0 0 0 0 0 0 0 0 0 0 0 0 0 0 0 0 0 0 0 0 0 0 0 0 0 0 0 0 0 0 0 0 0 0 0 0 0 0 0 0 0 0 0 0 0 0 0 0 0 0 0 0 0 0 0 0 0 0 0 0 0 0 0 0 0 0 0 0 0 0 0 0 0 0 0 0 0 0 0 0 0
0 0 0 0 0 0 0 0 0 0 0 0 0 0 0 0 0 0 0 0 0 0 0 0 0 0 0 0 0 259 108 0 0 0 0 0 0 0 0 0 0 0 0 0 0 0 0 0 5 0 0 0 0 0 0 0 0 0 0 0 0 0 0 0 0 0 0 0 0 0 0 0 0 0 0 0 0 0 0 0 0 0 0 0 0 0 0 0 0 0 0 0 0 0 0 0 0 0 0 0 0 0 0 0 0 0 0 0 0 0 0 0 0 0 0 0 0 0 0 0 0 0 0 0 0 0 0 0 0 0 0 0 0 0 0 0 0 0 0 0 0 0 0 0 0 0 0 0 0 0
0 0 0 0 0 0 0 0 0 0 0 0 0 0 0 0 0 0 0 0 0 0 0 0 0 0 34 0 0 0 0 0 0 2 0 0 0 0 0 0 0 0 0 0 0 0 0 0 0 51 0 0 0 0 0 0 0 0 0 0 0 0 0 0 0 0 0 0 0 0 0 0 0 0 0 0 0 0 0 0 0 0 0 0 0 0 0 0 0 0 0 0 0 0 0 0 0 0 0 0 0 0 0 0 0 0 0 0 0 0 0 0 0 0 0 0 0 0 0 0 0 0 0 0 0 0 0 0 0 0 0 0 0 0 0 0 0 0 0 0 0 0 0 1 0 0 0 0 0 0
0 0 0 0 0 0 0 0 0 0 0 0 0 0 0 0 0 0 0 0 0 0 0 0 0 0 27 0 0 0 0 0 0 0 0 0 0 0 0 0 0 0 0 0 0 0 0 3 1 0 0 0 0 0 0 0 0 0 0 0 0 0 0 0 0 0 0 0 0 0 0 0 0 0 0 0 0 0 0 0 0 0 0 0 0 0 0 0 0 0 0 0 0 0 0 0 0 0 0 0 0 0 0 0 0 0 0 0 0 0 0 0 0 0 0 0 0 0 0 0 0 0 0 0 0 0 0 0 0 0 0 0 0 0 0 0 0 0 0 0 0 0 0 0 0 0 0 0 0 0
0 0 0 0 0 0 0 0 0 0 0 0 0 0 0 0 0 0 0 0 0 0 0 0 0 0 0 2 2 0 0 0 0 0 0 0 0 0 0 0 0 0 0 0 0 0 0 0 0 0 0 0 0 0 0 0 0 0 0 0 0 0 0 0 0 0 0 0 0 0 0 0 0 0 0 0 0 0 0 0 0 0 0 0 0 0 0 0 0 0 0 0 0 0 0 0 0 0 0 0 0 0 0 0 0 0 0 0 0 0 0 0 0 0 0 0 0 0 0 0 0 0 0 0 0 0 0 0 0 0 0 0 0 0 0 0 0 0 0 0 0 0 0 0 0 0 0 0 0 0
0 0 0 0 0 0 0 0 0 0 0 0 0 0 0 0 0 0 0 0 0 0 0 0 0 0 0 0 0 0 0 0 0 0 0 0 0 0 0 0 0 0 0 0 0 0 0 0 0 0 0 0 0 0 0 0 0 0 0 0 0 0 0 0 0 0 0 0 0 0 0 0 0 0 0 0 0 0 0 0 0 0 0 0 0 0 0 0 0 0 0 0 0 0 0 0 0 0 0 0 0 0 0 0 0 0 0 0 0 0 0 0 0 0 0 0 0 0 0 0 0 0 0 0 0 0 0 0 0 0 0 0 0 0 0 0 0 0 1 0 0 0 0 0 0 0 0 0 0 0
0 0 0 0 0 0 0 0 0 0 0 0 0 0 0 0 0 0 0 0 0 0 0 0 0 0 0 0 0 0 0 0 0 0 0 0 0 0 0 0 0 0 0 0 0 0 0 0 0 0 0 0 0 0 0 0 0 0 0 0 0 0 0 0 0 0 0 0 0 0 0 0 0 0 0 0 0 0 0 0 0 0 0 0 0 0 0 0 0 0 0 0 0 0 0 0 0 0 0 0 0 0 0 0 0 0 0 0 0 0 0 0 0 0 0 0 0 0 0 0 0 0 0 0 0 0 0 0 0 0 0 0 0 0 0 0 0 0 0 0 0 0 0 0 0 0 0 0 0 0
0 0 0 0 0 0 0 0 0 0 0 0 0 0 0 0 0 0 0 0 0 0 0 0 0 0 0 0 0 0 0 0 0 0 0 0 0 0 0 0 0 0 0 0 0 0 0 0 0 0 0 0 0 0 0 0 0 0 0 0 0 0 0 0 0 0 0 0 0 0 0 0 0 0 0 0 0 0 0 0 0 0 0 0 0 0 0 0 0 0 0 0 0 0 0 0 0 0 0 0 0 0 0 0 0 0 0 0 0 0 0 0 0 0 0 0 0 0 0 0 0 0 0 0 0 0 0 0 0 0 0 0 0 0 0 0 0 0 0 0 0 0 0 0 0 0 0 0 0 0
0 0 0 0 0 0 0 0 0 0 0 0 0 0 0 0 0 0 0 0 0 0 0 0 0 0 0 0 0 0 0 0 0 0 0 0 0 0 0 0 0 0 0 0 0 0 0 0 0 0 0 0 0 0 0 0 0 0 0 0 0 0 0 0 0 0 0 0 0 0 0 0 0 0 0 0 0 0 0 0 0 0 0 0 0 0 0 0 0 0 0 0 0 0 0 0 0 0 0 0 0 0 0 0 0 0 0 0 0 0 0 0 0 0 0 0 0 0 0 0 0 0 0 0 0 0 0 0 0 0 0 0 0 0 0 0 0 0 0 0 0 0 0 0 0 0 0 0 0 0
0 0 0 0 0 0 0 0 0 0 0 0 0 0 0 0 0 0 0 0 0 0 0 0 0 0 0 0 0 0 0 0 0 0 0 0 0 0 0 0 0 0 0 0 0 0 0 0 0 0 0 0 0 0 0 0 0 0 0 0 0 0 0 0 0 0 0 0 0 0 0 0 0 0 0 0 0 0 0 0 0 0 0 0 0 0 0 0 0 0 0 0 0 0 0 0 0 0 0 0 0 0 0 0 0 0 0 0 0 0 0 0 0 0 0 0 0 0 0 0 0 0 0 0 0 0 0 0 0 0 0 0 0 0 0 0 0 0 0 0 0 0 0 0 0 0 0 0 0 0
