0 0 27 11 0 0 2 1 28 81 4 14 0 13 0 0 0 2 1 0 3 2 0 0 3 15 0 1 0 0 0 0 1 11 6 5 0 0 1 2 0 0 0 7 4 0 0 0 0 0 0 0 0 7 6 2 0 0 1 8 50 34 7 4 0 15 8 1 0 0 0 7 16 168 135 320 140 33 56 14 22 392 58 53 96 148 166 149 25 243 713 558 113 661 291 562 1025 604 857 170 178 94 17 41 29 49 68 479 251 27 19 10 22 103 46 57 29 18 1 1 2 45 12 18 2 46 0 1 7 19 0 22 3 4 5 0 1 0 0 0 0 0 0 0 0 0 0 0 0 30
0 9 6 14 0 0 0 0 0 36 9 11 9 1 0 1 0 1 16 0 0 8 20 0 15 30 0 6 0 0 0 0 0 0 1 0 0 0 6 0 0 0 1 0 0 0 0 0 0 0 0 0 0 0 7 0 0 0 3 32 85 51 7 103 18 0 0 0 0 0 0 2 88 51 53 14 33 86 10 34 114 42 20 5 138 250 260 115 300 267 106 43 347 296 271 357 934 620 844 695 265 130 29 29 14 2 3 72 46 10 12 14 6 8 58 38 2 19 3 16 2 5 17 17 1 0 3 3 30 50 18 13 54 60 0 0 0 0 5 102 0 0 0 0 0 0 0 0 0 0
0 0 0 1 9 0 0 0 0 22 2 0 23 4 1 1 0 0 3 0 3 36 64 22 3 0 1 21 0 0 0 0 0 1 0 3 3 5 0 14 3 0 0 1 0 0 0 0 0 0 0 0 0 0 2 0 0 2 1 16 17 13 4 8 0 0 0 0 0 0 0 8 2 0 1 0 1 45 149 228 104 57 5 40 28 155 583 103 3 9 93 61 125 432 547 545 242 401 322 477 564 321 17 116 24 17 7 19 186 122 24 5 4 9 5 8 16 89 29 9 63 12 10 5 5 8 3 12 1 37 43 7 94 195 0 0 5 1 4 106 2 0 0 0 0 0 0 0 0 0
41 3 0 0 0 0 0 0 0 5 8 1 0 0 0 2 0 0 7 1 0 0 73 14 4 0 0 26 22 0 1 0 0 0 0 0 0 0 0 11 6 1 0 0 0 0 0 0 0 0 1 0 0 0 72 34 2 21 27 9 0 3 15 19 0 0 0 0 0 3 19 119 15 1 0 9 21 81 226 665 164 99 30 120 139 38 90 169 4 194 827 1107 1378 874 787 359 147 257 432 478 462 533 114 15 45 78 40 14 281 111 28 24 59 18 0 11 16 89 54 30 47 77 23 6 3 4 5 3 12 1 16 16 15 0 44 0 27 2 1 21 91 0 0 0 0 0 0 2 0 0
0 5 0 0 0 0 0 0 1 1 0 0 0 0 0 20 15 2 0 1 2 0 3 0 1 0 0 2 1 0 2 0 0 1 1 11 8 0 0 0 3 1 0 0 0 0 0 0 1 14 4 0 0 3 48 204 39 65 5 0 4 5 0 20 0 0 0 0 0 20 144 64 121 120 43 47 71 243 358 323 268 213 248 23 128 68 64 91 15 299 869 1411 384 992 439 204 119 654 321 861 662 957 779 411 298 163 59 26 5 5 19 26 30 98 137 0 4 36 90 64 305 579 155 28 3 3 4 0 4 9 6 0 0 0 5 0 0 1 0 0 72 0 0 0 0 0 0 0 0 0
8 2 0 0 0 0 0 0 1 2 3 0 0 0 0 3 3 1 9 51 8 4 0 0 0 0 0 0 0 4 2 3 0 1 7 99 47 16 0 0 0 0 0 0 0 0 0 0 0 7 41 13 2 0 10 28 50 5 11 3 0 0 11 4 0 0 0 0 7 80 60 149 175 102 169 70 47 54 51 501 719 748 457 56 2 144 70 25 13 241 1339 1201 171 436 817 651 113 1286 404 500 459 511 875 446 31 120 49 48 7 4 0 0 0 28 9 11 58 5 5 20 253 146 14 6 6 11 1 2 7 1 4 1 3 0 0 0 4 0 0 0 0 0 0 0 0 0 0 0 0 0
3 0 0 0 1 0 0 0 1 2 11 0 0 2 0 1 0 2 0 0 0 2 0 0 0 0 0 0 0 0 6 4 1 1 0 20 28 2 3 0 0 0 0 0 0 0 0 0 0 1 2 1 1 2 1 20 16 0 44 49 4 6 0 0 2 0 0 0 3 56 102 158 218 344 310 204 320 183 454 601 1262 557 1215 863 309 19 7 124 43 95 1434 1242 129 522 736 370 261 571 473 46 23 338 207 204 40 82 112 15 27 20 60 137 246 47 48 46 5 2 22 12 114 120 9 1 3 7 4 5 0 0 6 0 0 0 0 0 0 7 0 0 0 0 0 0 0 0 0 0 0 0
1 0 0 0 0 0 0 0 1 1 4 0 0 0 0 0 0 0 0 0 0 0 0 0 0 0 0 0 0 1 16 0 0 0 2 3 0 1 6 24 0 0 0 0 0 0 0 0 0 0 0 1 7 68 5 15 1 26 55 50 165 53 18 3 69 27 0 0 5 82 6 5 31 70 68 52 63 150 502 799 963 631 963 160 177 117 235 686 274 83 512 96 66 349 336 329 250 543 660 281 186 356 355 567 162 82 40 39 165 39 280 411 139 70 21 86 3 4 3 30 23 15 8 9 11 0 7 1 9 0 0 0 10 0 0 0 0 0 0 0 0 0 0 0 0 0 0 0 0 0
3 0 0 0 0 0 0 0 10 5 0 0 0 1 16 1 0 0 0 0 0 0 0 0 0 0 0 0 0 0 7 0 0 0 2 0 0 1 0 3 0 0 0 0 0 0 0 0 0 0 0 0 1 7 0 0 2 21 3 78 288 270 20 1 5 42 3 5 5 34 0 0 1 9 2 28 16 36 188 574 1084 1129 740 26 16 30 261 279 245 47 30 21 299 706 1233 1120 114 391 386 404 282 215 77 365 581 132 195 270 43 141 872 200 173 28 55 14 3 9 2 4 12 2 12 22 16 1 4 3 2 0 4 0 0 0 0 0 0 0 0 0 0 0 0 0 0 0 0 0 0 0
1 0 0 0 0 0 0 2 18 12 0 0 0 0 0 0 0 0 1 0 0 0 0 0 0 0 0 0 0 0 0 0 0 0 0 0 0 0 0 0 0 0 0 0 0 0 2 1 3 0 1 0 10 6 0 0 1 0 0 37 65 105 25 6 1 5 1 3 2 12 0 0 0 0 0 60 12 92 183 768 1035 701 697 332 760 711 232 185 240 155 103 1 17 746 859 1134 673 144 119 9 29 159 18 3 129 437 268 207 99 23 540 499 271 117 11 263 219 517 137 52 68 31 27 50 51 27 25 6 5 12 67 26 0 0 0 0 0 0 0 0 0 0 0 0 0 0 0 0 0 0
0 1 6 0 0 0 5 0 7 2 3 0 0 0 7 9 1 3 2 0 0 0 0 0 0 0 0 0 0 0 1 0 0 0 0 1 0 2 5 0 0 6 2 1 0 0 7 28 16 16 9 2 8 5 0 0 5 17 20 45 0 116 4 8 0 0 0 0 2 10 0 0 0 0 0 0 7 39 184 359 483 228 566 249 362 368 239 425 491 310 39 2 8 237 557 604 610 42 16 77 14 19 3 22 182 242 883 432 211 181 442 265 229 50 16 186 327 727 461 301 411 270 279 160 159 371 124 84 58 90 8 99 27 42 11 0 0 0 0 0 0 0 0 0 0 0 0 0 0 0
0 0 7 0 0 0 0 0 10 8 0 0 0 0 0 0 9 20 2 0 0 0 0 0 0 0 0 0 0 0 0 0 1 0 8 1 1 1 9 0 5 11 15 4 2 0 2 0 0 0 0 0 3 4 20 2 0 2 2 12 3 4 0 0 3 8 1 1 2 0 2 1 0 0 0 0 26 17 132 402 611 248 61 76 132 151 66 17 158 506 50 0 1 2 79 73 812 401 372 19 0 7 12 57 31 42 447 263 22 88 405 206 97 184 47 231 694 243 517 726 449 418 182 85 136 130 0 0 0 26 6 0 131 41 10 1 0 0 0 0 0 0 0 0 0 0 0 0 0 0
0 0 0 0 0 1 0 0 10 2 0 0 0 0 0 0 0 14 0 16 7 3 0 1 0 0 0 0 0 0 0 0 0 0 0 0 3 1 0 0 0 7 38 2 29 0 3 13 0 0 0 0 13 5 2 0 0 0 4 8 1 5 0 0 0 2 1 3 0 0 32 0 0 0 0 60 183 135 151 98 207 271 68 3 12 22 4 0 0 2 1 0 8 53 73 19 550 390 605 569 8 12 60 16 25 15 41 757 710 323 995 705 94 654 177 76 35 147 1198 912 221 372 88 1 21 64 4 0 26 22 0 0 33 21 0 0 0 0 0 0 0 0 0 0 0 0 0 0 0 0
0 0 0 0 0 0 3 4 0 1 0 0 0 0 0 0 0 0 74 11 2 8 1 0 0 0 0 0 0 1 7 0 0 0 0 0 0 0 0 0 0 1 4 40 30 0 0 0 8 0 11 21 4 0 0 0 1 0 14 0 13 19 2 5 0 0 28 31 16 16 93 2 0 1 5 475 691 667 287 43 103 320 89 10 54 125 5 2 0 22 0 0 0 37 4 32 91 545 185 181 0 26 252 117 293 42 176 501 296 633 1202 864 953 277 409 233 302 445 926 494 203 130 2 0 0 25 13 0 6 0 0 0 0 3 0 0 0 0 0 0 0 0 0 0 0 0 0 0 0 0
0 0 0 0 0 0 1 2 6 1 0 0 0 0 0 0 0 0 0 0 10 0 0 0 1 0 0 0 0 0 0 0 0 0 0 0 0 0 0 0 0 0 0 12 23 0 0 2 2 7 22 43 1 0 1 8 7 3 20 18 63 24 7 12 5 129 146 280 162 121 34 4 8 2 107 717 1689 1189 416 108 0 200 44 2 11 28 22 12 0 46 4 20 2 2 0 1 64 299 219 186 11 76 528 455 1014 1006 2462 1277 1123 814 1285 912 743 778 501 286 197 100 67 100 141 130 19 19 0 17 62 6 11 16 2 0 1 0 0 0 0 0 0 0 0 0 0 0 0 0 0 0 0 0
0 0 0 0 0 0 0 40 38 3 2 0 0 0 0 2 4 0 0 2 0 10 7 0 0 0 0 0 0 0 0 0 0 0 0 0 0 0 0 0 0 0 0 0 1 16 0 0 0 16 68 79 1 1 0 7 38 142 14 80 14 34 4 25 31 112 141 216 96 63 188 130 87 136 700 884 1479 867 490 36 5 11 0 0 0 0 19 49 5 39 2 11 0 0 4 37 53 26 16 12 12 0 949 605 666 688 904 337 598 1189 1655 1237 1458 519 426 119 63 295 95 163 38 6 142 301 43 96 4 1 5 2 1 1 0 0 22 1 0 0 0 0 0 0 0 0 0 0 0 0 0 0
0 0 0 0 0 0 0 4 1 0 0 0 5 0 0 1 11 5 3 1 3 0 25 29 14 9 2 0 0 1 0 0 0 0 0 0 0 0 0 0 0 0 1 1 1 13 7 2 0 19 32 4 3 11 10 35 60 141 66 24 5 5 0 0 0 2 0 0 2 0 3 2 83 115 225 478 652 271 203 0 0 0 21 0 0 0 0 55 135 5 0 0 9 0 2 129 60 0 11 114 24 272 705 954 375 191 328 259 466 890 865 590 851 483 578 102 38 155 212 5 0 4 30 40 16 457 1 17 2 0 0 0 0 0 0 2 0 0 0 0 0 0 0 0 0 0 0 0 0 0
0 0 0 0 1 1 2 7 0 0 0 2 1 0 0 1 0 5 1 1 2 2 1 1 36 5 5 32 6 1 1 0 0 0 0 0 2 0 0 1 0 0 14 3 0 32 49 103 3 50 57 24 13 85 31 22 51 84 350 17 4 1 0 0 0 101 39 38 1 16 190 25 126 14 82 127 44 518 22 9 2 0 4 2 0 0 0 4 85 0 0 29 72 50 9 0 1 0 72 239 117 157 132 75 122 386 192 252 572 607 84 649 83 128 204 52 141 240 41 4 0 2 7 12 90 736 157 37 3 4 0 0 0 0 0 0 0 0 0 0 0 0 0 0 0 0 0 0 0 0
0 0 4 0 4 8 0 0 0 0 0 0 1 0 0 1 0 0 1 4 3 1 7 0 3 7 56 31 19 0 0 0 0 0 0 14 2 0 0 0 0 0 2 15 19 21 19 0 22 270 105 15 29 20 7 57 184 114 28 19 47 20 3 0 0 1 7 8 4 39 20 22 15 15 2 113 129 51 10 36 19 0 8 31 0 12 7 14 6 0 3 121 84 302 32 0 0 24 281 37 105 185 87 22 158 145 178 489 312 0 4 119 7 413 47 0 7 16 0 0 0 0 5 10 43 183 203 235 31 5 0 0 0 0 0 0 0 0 0 0 0 0 0 0 0 0 0 0 0 0
0 0 0 0 0 0 0 0 0 0 0 0 3 0 0 0 0 1 0 9 1 8 64 6 2 1 4 37 162 6 0 2 4 1 1 0 0 2 0 0 0 0 6 63 74 111 104 16 7 261 56 7 3 5 113 17 28 61 53 0 1 8 0 0 0 5 0 1 15 19 57 61 19 0 0 68 23 0 8 9 14 0 2 2 0 17 32 1 1 22 2 28 14 0 1 26 0 10 17 0 514 809 462 139 61 185 90 315 133 4 0 0 0 103 10 0 0 0 0 0 0 0 0 2 11 4 10 126 9 0 0 0 0 0 0 0 0 0 0 0 0 0 0 0 0 0 0 0 0 0
0 0 0 0 1 9 21 0 0 0 0 0 0 0 2 0 0 0 4 3 1 11 7 6 0 22 3 7 0 11 9 17 6 0 0 0 0 0 0 2 8 23 16 11 16 9 21 39 103 329 269 61 26 59 16 10 12 3 2 0 0 7 16 18 207 105 11 0 8 39 78 23 11 0 4 150 157 91 14 48 5 18 5 6 0 0 3 4 42 11 10 0 0 4 1 12 1 0 199 309 924 613 397 93 1 32 153 207 2 0 0 0 0 6 0 0 0 0 0 0 0 0 1 6 0 0 43 127 0 0 0 0 0 0 0 0 0 0 0 0 0 0 0 0 0 0 0 0 0 0
0 0 0 0 0 0 0 0 0 0 0 0 0 5 2 2 0 0 0 1 2 4 9 2 0 4 0 0 0 0 9 102 6 5 0 0 0 6 0 0 69 16 0 0 1 0 5 8 176 669 369 250 19 4 1 3 2 3 0 0 4 4 0 0 17 32 30 4 2 94 45 23 18 0 3 24 108 69 85 50 11 24 7 32 11 17 8 46 190 59 30 2 1 5 2 7 10 1 64 255 224 65 37 2 14 28 97 113 9 0 0 0 7 85 0 0 0 0 0 0 0 0 0 0 0 42 45 9 1 0 0 0 0 0 0 0 0 0 0 0 0 0 0 0 0 0 0 0 0 0
0 0 0 0 0 0 0 0 0 0 0 0 0 0 2 0 0 0 0 0 1 0 13 1 3 0 0 0 0 0 0 2 31 15 1 0 180 126 27 9 1 0 0 0 0 0 14 29 51 380 179 95 9 4 0 1 0 6 4 3 0 0 0 0 6 1 22 4 0 7 32 45 65 10 0 1 14 20 28 27 0 48 19 0 1 9 8 0 0 0 2 6 4 4 0 2 10 0 0 1 18 1 17 57 110 48 38 204 60 100 46 15 46 0 0 0 0 0 0 0 0 0 0 5 21 79 86 0 0 0 0 0 0 0 0 0 0 0 0 0 0 0 0 0 0 0 0 0 0 0
0 0 1 0 0 0 0 0 0 0 0 0 0 1 2 0 0 3 0 0 6 2 0 0 1 1 0 0 0 1 3 5 13 16 4 9 17 60 11 1 0 0 0 0 11 96 32 52 5 117 113 22 3 4 7 2 10 28 1 0 0 0 0 0 0 0 1 2 0 0 1 3 131 57 8 22 0 0 0 2 0 20 114 203 3 1 3 2 0 0 1 1 1 1 0 4 1 0 0 0 5 0 1 70 75 22 31 10 3 13 1 206 28 0 0 0 0 0 0 0 0 0 1 26 4 10 48 199 1 0 0 0 0 0 0 0 0 0 0 0 0 0 0 0 0 0 0 0 0 0
0 0 0 0 0 0 0 0 0 0 0 0 0 0 0 0 0 0 0 0 1 0 1 0 0 0 5 0 0 0 0 1 7 3 37 0 1 83 1 0 0 0 0 14 33 30 66 4 7 21 56 39 26 12 25 6 5 2 1 3 0 0 0 0 0 0 0 33 11 6 2 2 16 8 61 7 0 0 0 0 0 0 15 53 26 4 0 0 0 2 10 0 0 2 0 3 5 6 0 5 3 2 3 32 473 0 0 6 0 0 0 4 32 0 0 17 1 0 0 0 0 0 0 0 0 44 47 7 0 0 4 0 0 0 0 0 1 0 0 0 0 0 0 0 0 0 0 0 0 0
0 0 0 0 0 0 0 0 0 0 0 0 0 0 6 0 1 3 6 0 0 5 0 4 0 0 0 1 0 0 0 0 9 38 30 0 0 65 2 0 0 0 1 10 109 24 0 3 17 1 43 12 0 3 0 2 1 0 0 0 2 0 0 0 22 1 0 11 5 4 5 18 11 5 1 16 13 0 0 0 1 0 0 8 5 22 3 4 0 12 0 3 11 3 19 3 1 6 0 2 11 13 23 105 211 159 0 5 0 0 0 3 8 8 5 15 0 0 0 0 0 0 0 0 0 94 14 3 0 1 0 0 0 0 0 0 3 37 0 0 0 0 0 0 0 0 0 0 0 0
0 0 0 0 0 0 0 0 0 0 1 0 0 0 16 0 1 3 1 0 2 5 3 6 0 0 0 12 1 0 0 2 3 10 16 2 0 0 2 12 5 0 2 26 114 13 3 0 0 5 23 22 1 14 0 1 1 0 0 0 0 0 0 0 10 1 0 1 3 1 9 13 0 1 0 0 37 0 0 0 0 0 23 1 12 7 7 23 1 0 5 2 1 0 0 11 0 0 0 2 22 36 1 5 41 248 29 2 0 0 0 0 0 5 16 19 0 0 2 1 0 0 0 0 67 168 24 37 1 0 0 0 0 0 15 0 8 23 0 0 0 0 0 0 0 0 0 0 0 0
0 0 0 0 0 0 0 0 0 0 0 1 0 21 1 3 8 32 2 0 6 12 2 0 0 0 0 1 0 5 9 2 0 44 0 0 2 24 17 22 45 89 10 109 275 11 7 1 5 0 0 32 48 6 0 0 0 0 0 0 0 0 0 0 1 0 0 0 15 31 66 26 7 8 0 0 2 9 0 0 0 0 0 0 0 0 0 3 9 4 4 0 7 1 0 1 0 1 0 1 0 10 26 8 22 650 471 16 5 0 0 0 0 0 0 1 15 138 41 7 0 0 0 40 99 38 124 260 263 12 0 0 0 0 0 3 5 18 0 0 0 0 0 0 0 0 0 0 0 0
0 0 0 0 0 0 0 2 0 1 2 2 7 10 6 12 18 90 0 6 2 2 1 3 0 1 2 4 14 5 1 8 23 2 4 105 8 22 101 105 349 645 474 277 116 12 0 1 13 0 1 14 45 15 3 0 0 0 0 0 0 0 0 0 0 0 0 0 0 4 8 38 13 2 11 13 0 62 6 0 0 4 3 0 9 0 0 0 44 7 12 9 3 3 11 27 7 0 1 0 1 11 12 33 208 320 175 274 17 0 0 0 0 1 0 2 214 82 25 0 0 0 3 133 207 196 994 517 162 16 0 0 0 4 0 0 0 0 0 0 0 0 0 0 0 0 0 0 0 0
0 0 0 0 0 0 0 1 3 12 16 50 84 0 0 0 0 3 0 1 0 7 5 24 9 6 7 0 0 3 6 7 0 10 45 27 1 12 248 576 541 826 724 683 77 10 1 10 4 0 2 4 94 78 6 3 0 0 0 0 0 0 0 0 0 0 0 0 1 0 3 2 1 0 0 0 0 7 14 0 0 0 3 0 36 0 0 0 2 3 1 13 9 26 4 12 3 0 0 1 0 1 8 5 13 37 13 115 21 0 0 0 2 0 78 72 365 417 59 149 21 15 14 125 229 147 323 480 475 426 54 67 12 209 3 0 0 0 0 0 0 0 0 0 0 0 0 0 0 0
0 0 0 0 0 0 1 0 1 6 6 6 4 0 1 2 0 1 8 4 0 15 94 24 0 0 0 1 0 0 18 14 1 0 4 37 29 34 39 97 461 411 426 304 25 9 7 5 4 4 3 2 8 2 2 1 2 0 0 0 0 0 0 0 0 0 0 0 13 0 4 1 0 0 0 2 5 12 21 1 3 31 10 12 27 0 0 5 26 21 6 0 7 15 0 0 5 9 0 3 1 4 1 6 4 2 0 4 27 2 1 2 2 0 42 838 769 642 113 166 96 87 22 8 1 4 16 150 12 167 7 577 525 72 45 2 0 0 0 0 0 0 0 0 0 0 0 0 0 0
0 0 0 0 0 0 1 7 0 4 4 7 10 1 0 3 0 2 12 17 171 142 17 2 0 0 0 1 9 59 0 4 4 25 8 4 0 3 1 78 417 369 329 183 166 53 25 0 4 16 3 2 6 7 24 3 0 0 0 0 0 0 0 0 0 0 0 0 0 1 0 0 0 0 0 0 0 3 5 0 32 32 37 160 48 0 0 0 0 1 0 3 3 8 2 1 7 1 0 0 3 0 0 0 5 10 4 9 196 160 231 372 119 104 455 866 546 420 84 414 66 168 10 1 55 83 61 98 3 0 30 219 277 80 72 17 0 0 0 0 0 0 0 0 0 0 0 0 0 0
0 0 1 0 0 0 1 1 0 1 0 18 15 18 2 10 3 9 21 10 84 0 0 0 0 0 0 0 3 8 9 14 2 5 1 15 5 2 3 9 35 130 14 16 0 0 1 0 1 3 4 2 38 2 4 4 2 3 0 0 0 0 0 0 0 0 0 0 0 0 0 0 0 0 0 16 2 22 8 1 3 9 19 6 0 0 0 0 2 4 8 2 0 14 9 12 3 0 0 0 5 0 0 1 0 10 14 7 137 120 127 70 72 366 818 596 416 299 102 385 116 7 0 18 1 20 25 0 0 0 62 221 0 0 2 0 0 0 0 0 0 0 0 0 0 0 0 0 0 0
0 0 1 1 0 19 11 3 0 7 1 0 0 4 13 9 4 9 32 33 27 0 0 0 0 0 0 0 2 3 48 4 8 1 2 1 1 3 7 0 12 19 2 0 2 0 0 0 4 4 0 3 243 4 28 46 19 2 1 4 0 0 0 0 0 0 0 0 0 0 0 0 0 0 0 0 1 6 2 1 1 0 6 0 0 0 0 0 1 0 1 1 1 38 17 0 9 7 0 6 6 0 0 2 0 0 6 74 100 8 1 9 255 321 334 463 126 241 155 118 424 5 0 0 0 0 0 0 0 0 2 107 20 0 0 0 0 0 0 0 0 0 0 0 0 0 0 0 0 0
0 0 0 0 2 0 3 10 2 1 0 0 1 21 6 12 24 13 4 1 3 2 4 0 0 0 0 33 37 16 27 52 16 3 2 4 1 2 4 0 12 20 8 0 24 0 1 0 0 1 0 26 122 43 3 20 1 0 0 0 0 0 0 0 0 0 0 0 0 0 0 0 0 0 0 1 8 17 2 1 0 0 0 0 0 0 0 0 5 1 20 1 25 33 6 15 7 0 0 19 5 0 0 0 0 3 5 78 402 5 0 0 2 1 3 5 3 19 287 675 53 0 0 0 0 1 2 0 0 0 0 2 60 2 0 0 0 0 0 0 0 0 0 0 0 0 0 0 0 0
0 1 2 4 3 4 9 31 9 3 12 17 10 4 3 133 46 16 5 6 0 1 8 1 2 0 11 20 6 2 12 13 8 0 2 0 2 0 1 0 17 1 1 0 1 0 2 0 0 0 0 53 6 205 20 4 4 0 0 0 0 0 0 0 0 0 0 0 0 0 0 0 0 0 0 0 5 19 0 0 0 0 3 0 0 0 1 1 16 0 7 0 5 34 1 0 0 1 11 7 0 1 3 4 108 7 62 50 164 0 0 0 0 0 6 0 0 3 141 388 217 105 0 0 2 82 0 0 0 94 124 27 62 20 0 0 0 0 0 0 0 0 0 0 0 0 0 0 0 0
0 0 0 0 0 1 2 1 0 9 64 8 4 2 31 48 22 22 11 0 0 1 5 9 1 5 19 0 0 1 4 1 1 2 5 0 0 0 0 14 1 24 6 1 0 1 0 0 0 0 3 42 38 18 17 8 7 1 0 0 0 0 0 0 0 0 0 0 0 0 0 0 0 0 0 0 1 44 104 2 1 15 0 0 0 0 0 148 33 3 2 3 13 6 1 12 0 4 6 15 29 16 167 20 4 18 33 29 475 84 0 0 0 6 74 78 403 538 104 164 697 384 10 12 361 46 0 0 0 293 163 0 0 0 0 0 0 0 0 0 0 0 0 0 0 0 0 0 0 0
0 0 0 3 0 1 2 2 9 5 8 107 13 12 0 1 1 7 2 0 0 0 2 15 9 2 4 2 13 1 0 0 0 0 2 0 0 2 8 0 0 14 20 19 5 3 2 4 0 0 0 68 44 2 0 1 0 0 4 0 0 0 0 0 0 0 0 0 0 0 0 0 0 0 0 0 0 18 63 6 1 1 0 0 0 0 0 32 0 0 2 0 4 8 0 0 0 0 2 5 0 1 2 2 14 0 208 22 33 11 0 0 0 0 137 513 723 449 59 27 94 257 248 450 148 0 0 5 6 413 146 0 0 0 0 0 0 0 0 0 0 0 0 0 0 0 0 0 0 0
0 0 1 0 0 1 13 7 22 3 9 27 1 2 3 1 0 0 4 10 0 0 0 3 0 3 4 8 6 0 0 0 0 0 0 0 0 0 21 1 0 0 0 0 1 2 0 1 0 0 0 74 8 2 2 3 0 0 6 0 0 0 0 0 0 0 0 0 0 0 0 0 0 0 0 0 0 3 97 102 12 25 15 1 0 1 1 0 4 4 0 0 2 14 0 0 0 0 0 8 4 2 5 13 2 5 21 6 76 0 0 1 38 35 38 34 8 77 645 317 51 277 637 612 535 279 146 184 1050 1962 736 9 0 0 0 0 0 0 0 0 0 0 0 0 0 0 0 0 0 0
0 1 1 0 2 4 12 1 0 35 17 7 0 2 11 6 1 1 0 0 0 0 0 0 1 6 21 1 0 0 0 3 1 3 1 0 0 0 0 16 2 7 4 1 0 6 10 0 0 4 12 354 46 3 0 17 2 8 1 0 0 0 0 1 0 0 0 0 0 0 0 0 0 0 0 0 0 13 54 1 4 47 26 0 0 0 0 0 8 8 2 7 3 16 6 41 14 0 1 4 8 0 5 17 10 16 12 6 113 18 5 14 34 6 2 18 64 197 432 633 645 1094 817 701 1702 1085 877 1152 1394 1083 994 1 0 3 0 0 0 0 0 0 0 0 0 0 0 0 0 0 0 0
0 0 0 0 6 5 0 0 13 8 1 1 2 1 2 23 5 2 0 0 0 0 0 0 7 16 12 0 5 0 0 1 4 0 5 3 1 7 1 2 1 0 1 0 0 0 0 0 10 79 779 577 8 88 8 4 3 0 1 6 2 0 0 0 0 0 0 0 0 0 0 0 0 0 0 0 0 0 9 1 0 5 9 0 0 0 0 0 6 2 0 2 15 0 0 1 0 0 6 11 60 8 13 1 29 10 45 45 3 16 20 5 15 8 11 18 9 96 489 1538 1584 979 409 1277 1989 949 213 701 587 47 67 3 0 0 0 0 0 0 0 0 0 0 0 0 0 0 0 0 0 0
0 4 0 8 5 1 1 1 23 5 2 1 12 7 4 0 3 4 0 0 0 0 0 0 7 8 0 0 0 0 0 50 32 0 0 4 0 1 24 4 0 0 0 0 0 0 0 0 5 36 1030 875 585 720 84 35 3 1 36 7 9 0 0 0 0 0 0 0 0 0 0 0 0 0 6 0 0 0 0 36 0 1 0 0 0 0 0 34 81 0 0 27 14 0 0 0 0 0 0 13 10 0 14 17 8 174 539 85 6 0 9 10 0 8 7 14 12 22 128 724 599 877 405 2755 1601 707 249 308 5 592 1710 1020 1 0 0 0 0 0 0 0 0 0 0 0 0 0 0 0 0 0
4 3 3 17 0 0 15 12 32 4 12 44 2 1 1 0 0 0 0 0 0 1 0 0 0 0 2 0 0 0 0 23 13 3 2 1 3 0 0 0 0 0 0 0 1 0 0 0 0 13 194 394 593 467 240 55 3 7 1 3 5 1 0 0 0 0 0 0 0 0 0 0 0 0 0 0 0 0 0 220 1 10 5 0 0 0 0 17 50 1 10 36 115 1 0 0 0 0 0 49 16 32 41 102 42 17 12 16 0 0 0 0 3 1 4 8 11 22 8 98 302 333 374 841 1363 1076 648 458 434 828 538 312 1 0 0 0 0 0 0 0 0 0 0 0 0 0 0 0 0 0
5 4 4 12 4 6 11 21 14 7 2 1 3 0 0 0 0 0 0 0 0 0 1 0 0 0 0 0 1 1 5 0 0 1 0 1 3 1 0 0 0 0 0 0 0 1 13 4 6 5 480 197 458 82 29 26 8 2 4 2 5 1 0 0 0 0 0 0 0 0 0 0 0 0 0 0 0 0 0 0 5 2 0 0 0 2 33 54 52 4 0 296 196 29 5 0 0 0 0 27 71 12 74 465 15 0 12 1 28 7 0 0 1 19 2 15 2 5 49 28 81 888 709 393 325 1025 1207 1638 357 240 93 139 1 0 0 0 0 0 0 0 0 0 0 0 0 0 0 0 0 0
1 0 23 0 3 0 26 69 8 35 15 3 6 0 0 0 0 0 0 0 0 0 1 0 0 0 0 0 0 0 0 0 0 0 0 0 0 0 0 0 1 0 0 0 0 0 0 2 1 18 4 56 194 64 13 2 1 76 63 4 0 0 3 0 0 0 0 0 0 0 0 0 0 0 0 0 0 0 0 0 0 7 25 39 18 12 0 0 14 57 213 172 211 7 1 0 0 5 11 61 85 405 285 553 359 105 20 4 8 7 3 0 0 0 4 5 1 46 29 421 740 1025 2818 1670 806 210 1895 3006 2009 2 0 0 0 0 0 0 0 0 0 0 0 0 0 0 0 0 0 0 0 0
5 15 16 0 15 9 17 34 8 10 0 0 2 0 0 0 0 0 0 0 0 0 7 0 0 0 0 0 2 0 0 0 0 6 0 1 0 0 0 0 0 0 0 0 1 1 0 0 5 3 0 4 63 2 1 0 0 1 102 10 4 2 0 0 0 0 0 0 0 0 0 0 0 0 0 0 0 0 0 0 5 14 11 1 0 15 8 6 17 41 59 129 194 8 29 13 6 2 0 24 239 381 1018 277 238 66 0 6 0 13 12 4 0 2 2 3 4 419 347 499 551 6 25 195 159 114 479 1167 401 0 29 0 0 0 0 0 0 0 0 0 0 0 0 0 0 0 0 0 0 0
15 12 166 3 24 294 63 6 0 1 0 1 9 6 0 0 49 0 0 0 3 0 0 0 0 0 1 0 0 0 0 0 0 0 0 1 0 0 0 0 0 3 1 0 1 2 0 0 3 1 0 2 19 0 2 1 0 0 5 19 4 1 1 0 0 0 0 0 0 0 0 0 0 0 0 0 0 0 0 7 37 72 0 0 47 3 270 11 1 1 0 6 19 3 0 0 0 0 0 16 14 109 942 290 253 310 17 15 10 2 17 0 0 0 0 26 259 693 279 51 0 0 0 0 45 495 186 715 543 29 2 0 0 0 0 0 0 0 0 0 0 0 0 0 0 0 0 0 0 0
2 36 107 187 397 540 181 62 2 0 0 0 0 0 1 0 3 0 0 0 1 6 0 0 0 0 0 0 0 2 0 1 0 0 2 0 0 0 1 0 0 5 0 16 6 10 3 29 6 0 0 20 12 0 0 4 3 0 21 6 0 1 0 0 0 0 0 0 0 0 0 0 0 0 0 0 0 0 1 23 11 0 0 1 26 5 21 182 70 0 0 0 0 0 0 0 0 0 0 0 0 253 753 150 210 235 30 3 7 22 2 2 0 0 6 73 192 31 24 63 0 0 0 0 16 583 309 458 373 3 0 0 0 0 0 0 0 0 0 0 0 0 0 0 0 0 0 0 0 0
0 62 345 844 423 308 191 47 0 5 0 3 3 0 2 0 1 4 0 3 0 4 0 0 1 0 0 2 1 0 0 0 0 0 0 0 0 0 1 1 0 3 0 3 5 0 0 8 65 4 0 0 9 0 0 2 3 0 0 0 0 2 0 0 0 0 0 0 0 0 0 0 0 0 0 0 0 13 1 0 0 0 0 0 0 0 39 46 11 0 3 0 0 0 0 0 0 0 0 0 11 53 22 25 138 75 3 0 1 1 5 19 2 13 9 0 3 5 38 75 28 81 11 0 47 132 127 181 90 0 0 0 0 0 0 0 0 0 0 0 0 0 0 0 0 0 0 0 0 0
1 7 294 243 124 124 33 29 0 1 2 2 1 0 0 0 0 0 1 1 7 3 0 0 1 1 0 1 2 7 1 1 4 0 6 2 0 0 0 0 0 1 0 0 0 0 0 2 8 8 0 0 0 0 0 15 0 0 0 0 0 0 0 0 0 0 0 0 0 0 0 0 0 0 0 0 0 2 0 0 0 0 0 0 0 0 92 17 13 17 24 9 0 0 9 22 1 0 0 672 1334 185 385 217 2 158 55 2 1 3 22 17 5 1 0 0 0 0 5 93 116 34 219 325 340 170 2 0 0 0 0 0 0 0 0 0 0 0 0 0 0 0 0 0 0 0 0 0 0 0
15 36 27 89 85 22 0 1 0 0 23 0 0 0 0 0 1 0 0 0 3 77 3 0 0 0 0 0 0 3 0 0 0 1 4 0 2 0 0 0 0 0 0 0 1 16 0 3 0 0 0 0 1 0 3 22 0 0 0 0 0 0 0 0 0 0 0 0 0 0 0 0 0 0 0 0 46 9 0 0 0 0 0 0 0 2 10 0 0 42 29 0 0 0 49 136 67 7 369 1906 580 715 268 56 1 33 55 128 0 6 29 0 0 0 0 0 0 0 28 25 117 18 14 89 2 7 11 16 87 26 2 3 0 0 0 0 0 0 0 0 0 0 0 0 0 0 0 0 0 0
57 8 29 18 0 0 1 0 0 0 0 0 0 0 0 0 0 0 0 1 1 12 2 0 0 0 0 2 0 1 0 0 0 6 9 0 0 0 0 0 0 0 0 0 0 8 1 2 0 0 0 0 0 2 71 39 4 0 0 0 0 0 0 0 0 0 0 0 0 0 0 0 0 0 25 41 14 0 0 0 0 0 0 0 0 0 9 3 0 0 124 20 9 5 197 396 109 11 213 253 21 17 53 9 1 3 0 202 565 126 0 0 0 0 0 0 0 0 0 0 40 0 2 0 38 188 59 32 255 51 46 0 0 0 0 0 0 0 0 0 0 0 0 0 0 0 0 0 0 0
15 0 5 3 0 1 1 0 0 0 0 0 0 0 0 0 0 0 0 0 1 2 0 0 0 0 1 0 0 0 5 36 2 0 0 0 0 0 0 0 6 0 0 0 0 2 0 0 0 0 0 2 1 2 22 1 0 0 0 0 0 0 0 0 0 0 0 0 0 0 0 0 0 0 65 52 0 0 0 0 0 0 0 0 0 0 113 69 238 51 108 22 16 54 7 56 14 12 1 2 11 45 3 5 2 14 238 553 252 58 1 0 0 0 0 0 0 0 0 0 0 24 0 37 13 257 43 212 99 266 20 0 0 0 0 0 0 0 0 0 0 0 0 0 0 0 0 0 0 0
0 0 0 2 1 0 0 0 0 0 0 0 0 0 0 0 0 0 0 0 0 1 1 1 0 0 0 0 1 0 0 0 0 2 2 0 1 0 0 0 0 0 0 0 0 1 1 0 0 0 0 2 53 62 23 1 0 1 0 0 0 0 0 0 0 0 0 0 0 0 0 5 10 7 5 4 0 0 0 0 0 0 0 0 0 0 3 0 230 4 0 0 2 3 4 64 0 0 4 0 2 2 0 10 4 369 959 519 45 84 0 0 0 0 0 0 0 0 41 14 7 88 1 17 6 1 155 31 0 57 1 39 0 0 0 0 0 0 0 0 0 0 0 0 0 0 0 0 0 0
2 0 0 3 1 0 0 0 0 0 0 0 0 0 0 0 0 0 0 3 0 0 0 9 0 0 0 0 1 0 1 1 0 0 1 0 0 0 0 0 0 0 0 0 0 1 0 1 0 1 0 3 7 111 12 0 2 0 0 0 0 0 0 0 0 0 0 0 0 0 7 7 6 0 0 0 0 0 0 0 0 0 0 0 0 0 3 1 0 2 0 0 4 29 0 0 0 0 15 2 5 5 4 0 39 118 125 10 55 251 0 0 0 0 0 0 0 0 3 17 1 1 5 96 129 8 588 44 36 39 5 0 0 0 0 0 0 0 0 0 0 0 0 0 0 0 0 0 0 0
1 0 0 0 1 21 20 0 0 0 0 0 0 0 0 0 0 0 1 0 0 0 0 0 0 0 1 0 0 0 0 19 0 0 1 1 0 0 0 0 0 0 4 0 0 0 0 0 0 0 5 0 5 1 2 0 0 3 0 0 0 0 0 0 0 0 0 1 2 8 4 0 0 0 0 0 0 0 0 0 0 0 0 0 0 0 2 0 8 4 0 68 160 21 1 0 0 0 1 4 3 11 31 32 244 31 0 2 0 2 2 3 0 0 0 0 0 0 0 0 6 4 0 34 0 0 0 344 8 5 1 0 0 0 0 0 0 0 0 0 0 0 0 0 0 0 0 0 0 0
1 0 0 0 61 34 0 0 0 0 0 0 0 0 6 0 0 0 1 3 0 0 0 0 0 0 0 0 1 0 3 0 0 0 0 0 0 0 0 0 0 0 0 4 2 10 0 0 0 5 2 0 0 28 2 2 2 3 0 0 0 0 0 0 0 0 0 0 6 3 0 0 6 0 0 0 0 0 0 0 0 0 0 0 0 0 0 4 48 46 267 471 207 21 0 1 0 2 1 22 40 579 408 69 9 14 3 0 0 10 1 0 0 0 0 0 0 0 0 0 0 0 0 0 0 2 264 111 0 0 0 0 0 0 0 0 0 0 0 0 0 0 0 0 0 0 0 0 0 0
0 0 0 0 0 2 0 0 0 0 0 0 0 0 0 3 1 0 2 0 0 0 0 0 0 0 0 0 0 3 0 0 0 0 0 15 0 0 0 0 0 0 0 0 1 6 0 0 0 0 2 0 0 9 5 1 1 1 0 0 0 0 0 0 0 0 0 0 12 3 0 0 0 0 0 0 0 0 0 0 0 0 0 0 0 0 0 3 80 128 377 356 49 35 0 1 8 9 1 66 214 145 72 18 1 1 2 0 0 1 0 0 0 0 0 0 1 0 0 0 0 99 163 53 0 4 1 4 0 0 0 0 0 0 0 0 0 0 0 0 0 0 0 0 0 0 0 0 0 0
0 0 0 0 2 3 0 0 0 0 0 0 24 13 1 1 0 1 2 0 0 0 0 0 0 4 1 1 2 15 0 0 0 0 2 3 0 0 2 0 0 0 0 0 1 15 7 0 0 0 9 0 2 26 14 0 0 1 0 0 0 0 0 0 0 0 0 19 186 0 0 0 0 0 0 0 0 0 0 0 0 0 0 0 7 33 62 2 1 25 0 14 36 3 59 2 0 2 6 17 111 0 0 1 0 0 0 1 2 81 8 24 0 0 0 0 0 0 0 0 0 0 0 0 0 0 0 8 0 0 0 0 0 0 0 0 0 0 0 0 0 0 0 0 0 0 0 0 0 0
0 0 0 0 0 0 1 0 0 2 0 0 0 0 4 2 0 1 0 0 0 0 0 0 0 1 0 0 0 4 0 0 0 0 3 1 0 0 0 0 0 0 2 0 0 0 14 7 0 6 1 0 0 6 10 5 1 1 0 0 0 0 0 0 0 1 5 34 13 0 0 0 0 0 0 0 0 0 0 0 0 0 0 0 47 3 0 2 2 34 0 4 15 2 2 13 8 30 19 37 54 12 8 2 62 0 0 9 100 138 192 665 22 11 0 0 0 0 0 0 0 0 0 0 0 0 0 0 0 0 0 0 0 0 0 0 0 0 0 0 0 0 0 0 0 0 0 0 0 0
0 0 0 1 1 1 2 0 0 0 0 0 0 0 0 1 0 0 0 0 0 0 0 0 0 0 0 0 0 0 0 0 0 0 0 0 0 0 0 1 0 0 0 0 0 0 0 1 20 0 0 1 0 2 0 134 137 2 0 0 0 0 0 0 0 5 63 98 6 0 0 4 0 0 0 0 0 0 0 0 0 0 0 13 19 1 3 10 29 24 8 13 2 0 0 28 50 31 17 3 3 0 10 11 1 0 28 2 47 79 223 47 40 5 2 0 0 0 0 0 0 0 0 0 0 0 0 0 0 0 0 0 0 0 0 0 0 0 0 0 0 0 0 0 0 0 0 0 0 0
0 0 2 0 0 1 0 0 0 0 0 5 0 0 0 1 2 0 0 0 0 0 0 1 0 0 0 0 0 0 0 0 0 0 1 1 2 0 1 0 0 0 4 1 0 4 2 11 119 3 7 0 2 0 16 1 4 12 32 14 2 11 7 17 8 5 1 2 0 3 0 0 0 0 0 0 0 0 0 0 0 0 0 0 0 0 0 0 11 3 1 0 0 0 6 208 7 0 0 0 0 1 3 0 18 73 525 987 406 111 24 0 4 9 0 0 0 0 0 0 0 0 0 0 0 0 0 0 0 0 0 0 0 0 0 0 0 0 0 0 0 0 0 0 0 0 0 0 0 0
0 0 9 0 6 35 3 6 3 0 6 2 0 1 2 0 0 0 0 0 0 0 0 0 0 0 0 0 0 0 2 0 0 0 0 1 0 1 5 2 0 0 0 0 2 2 12 19 6 2 1 1 3 3 20 2 0 0 0 3 0 0 0 24 0 0 4 19 4 12 2 10 0 0 0 0 0 0 0 0 0 0 0 0 0 0 0 0 2 1 21 10 0 0 115 18 0 0 0 0 0 3 0 20 222 48 176 608 287 134 174 175 73 0 0 0 0 0 0 0 0 0 0 0 0 0 0 0 0 0 0 0 0 0 0 0 0 0 0 0 0 0 0 0 0 0 0 0 0 0
0 0 1 0 32 61 1 0 4 5 3 0 0 0 0 0 2 0 0 0 0 0 0 0 0 0 0 0 0 0 0 0 1 0 0 0 0 0 0 0 1 3 0 1 2 0 2 7 4 2 4 0 2 2 2 0 1 1 11 2 0 0 0 1 1 7 1 1 2 0 0 0 1 2 0 0 0 0 0 0 0 0 0 0 0 0 0 0 1 0 0 1 27 42 3 29 274 0 0 0 0 0 0 67 170 341 2 0 4 8 0 12 7 0 0 0 0 0 0 0 0 0 0 0 0 0 0 0 0 0 0 0 0 0 0 0 0 0 0 0 0 0 0 0 0 0 0 0 0 0
0 1 0 1 0 1 0 0 7 0 0 0 0 0 0 0 0 0 0 0 0 0 0 0 0 0 0 0 0 0 0 7 1 0 0 0 0 0 0 0 0 0 0 0 0 0 4 0 2 1 0 1 1 1 0 0 0 0 12 2 3 5 0 0 0 0 0 0 0 0 2 5 5 2 0 0 0 0 0 0 0 0 0 0 0 0 0 0 1 0 0 20 95 88 11 304 567 0 0 0 0 0 0 0 22 0 0 0 0 0 62 81 0 0 0 0 0 0 0 0 0 0 0 0 0 0 0 0 0 0 0 0 0 0 0 0 0 0 0 0 0 0 7 7 1 0 0 0 0 0
0 0 8 0 0 0 0 0 0 15 1 0 4 0 0 1 0 0 2 0 0 0 0 0 0 0 0 0 0 0 0 1 0 0 0 0 0 0 0 0 0 1 1 0 0 0 0 0 0 0 7 6 3 3 0 0 0 0 8 12 5 1 0 0 0 0 0 0 0 0 2 1 0 0 0 0 0 0 0 0 0 0 0 0 0 0 0 0 32 6 7 29 458 180 54 0 5 0 0 0 0 0 1 0 3 0 0 3 0 107 101 0 0 0 0 0 0 0 0 0 0 0 0 0 0 0 0 0 0 0 0 0 0 0 0 0 0 0 0 0 0 0 0 2 0 0 0 0 0 0
0 1 0 0 1 1 0 0 0 0 0 0 0 2 1 0 0 0 1 0 0 0 0 0 0 0 0 0 0 0 0 0 0 0 0 0 0 0 0 0 0 0 0 0 0 0 0 0 0 0 6 4 5 1 0 0 0 0 0 4 2 1 0 0 0 0 0 0 0 0 0 0 0 0 0 0 0 0 0 0 0 0 0 0 0 0 0 0 0 0 13 83 877 0 0 18 11 0 0 0 0 0 0 4 1 0 0 3 18 9 14 0 0 0 0 0 0 0 0 0 0 0 0 0 0 0 0 0 0 0 0 0 0 0 0 0 0 0 0 0 0 0 0 0 0 0 0 0 0 0
1 0 0 0 0 0 0 0 0 0 0 0 6 0 0 0 0 0 1 4 0 0 0 0 0 0 0 0 0 0 0 0 0 0 0 0 0 0 0 0 0 0 0 0 0 0 0 0 0 0 2 17 0 0 0 0 1 0 1 3 9 4 0 0 0 0 0 0 0 0 1 40 1 0 0 0 0 0 0 0 0 0 0 0 0 0 0 0 0 0 1 25 17 5 13 2 0 0 0 0 0 0 0 0 0 0 0 0 0 0 0 0 0 0 0 0 0 0 0 0 0 0 0 0 0 0 0 0 0 0 0 0 0 0 0 0 0 0 0 0 0 0 0 0 0 0 0 0 0 0
0 0 0 0 0 0 0 0 0 0 0 1 0 0 0 0 0 1 0 0 0 3 8 39 0 0 0 0 0 0 0 0 0 0 0 0 15 0 0 0 0 0 0 0 0 0 0 0 0 0 0 16 6 3 1 0 0 0 0 0 1 8 32 0 0 0 0 0 0 0 0 4 1 0 3 0 0 0 0 0 0 0 0 0 0 0 0 0 0 0 0 34 21 18 22 0 0 0 0 0 0 0 0 0 0 0 0 0 0 0 0 0 0 0 0 0 0 0 0 0 0 0 0 0 0 0 0 0 0 0 0 0 0 0 0 0 0 0 0 0 0 0 0 0 0 0 0 0 0 0
0 0 0 0 0 0 0 0 1 6 0 1 0 2 1 0 0 0 0 2 0 1 2 0 1 0 0 0 2 0 0 0 0 0 0 0 0 1 1 0 0 0 0 0 0 0 0 0 1 0 0 36 20 2 4 1 0 0 0 0 4 26 82 0 0 0 0 0 0 0 0 0 0 2 1 0 0 0 0 0 0 0 0 0 0 0 0 0 0 1 8 1 0 62 16 57 0 0 0 0 0 0 0 0 0 0 0 0 0 0 0 0 0 0 0 0 0 0 0 0 0 0 0 0 0 0 0 0 0 0 0 0 0 0 0 0 0 0 0 0 0 0 0 0 0 0 0 0 0 0
0 0 0 0 0 0 0 0 1 0 0 0 0 4 0 0 0 0 0 0 0 1 0 0 1 0 0 0 0 0 1 0 0 0 0 0 0 0 0 0 0 0 0 0 0 0 0 0 0 18 9 55 173 32 23 7 0 1 0 0 0 12 0 0 0 0 0 0 0 0 0 0 0 1 0 0 0 0 0 0 0 0 0 0 0 0 0 0 0 0 0 9 20 3 8 3 0 0 0 0 0 0 0 0 0 0 0 0 0 0 0 0 0 0 0 0 0 0 0 0 0 0 0 0 0 0 0 0 0 0 0 0 0 0 0 0 0 0 0 0 0 0 0 0 0 0 0 0 0 0
0 0 0 0 0 0 0 2 0 0 0 0 3 3 0 3 0 1 4 0 0 3 0 0 0 5 0 0 0 0 0 0 0 0 0 0 0 0 0 1 0 0 0 0 0 0 0 0 1 9 0 23 219 0 11 1 0 0 0 1 1 7 4 0 0 0 0 0 0 0 0 0 0 0 0 0 0 0 0 0 0 0 0 0 0 0 0 0 0 0 0 4 11 4 10 0 4 0 0 0 0 0 0 0 0 0 0 0 0 0 0 0 0 0 0 0 0 0 0 0 0 0 0 0 0 0 0 0 0 0 0 0 0 0 0 0 0 0 0 0 0 0 0 0 0 0 0 0 0 0
0 0 0 1 0 0 0 0 2 13 34 0 0 0 2 0 1 0 2 0 0 0 0 2 6 1 0 0 0 0 0 0 0 0 0 2 0 0 1 0 0 0 0 0 0 0 0 7 0 2 0 5 18 0 0 0 0 0 0 9 11 2 0 1 0 0 0 0 0 0 0 0 0 0 0 0 0 0 0 0 0 0 0 0 0 0 0 0 0 0 0 0 0 0 0 0 3 0 0 0 0 0 0 0 0 0 0 0 0 0 0 0 0 0 0 0 0 0 0 0 0 0 0 0 0 0 0 0 0 0 0 0 0 0 0 0 0 0 0 0 0 0 0 0 0 1 0 0 0 0
1 1 5 0 0 0 0 0 0 0 2 0 0 0 0 0 0 0 0 0 0 0 2 1 0 1 1 0 0 0 0 0 0 2 24 3 0 1 0 0 0 0 0 0 0 0 22 13 0 0 0 0 0 0 0 0 0 0 0 1 6 0 1 0 0 0 0 0 0 0 0 0 0 0 0 0 0 0 0 0 0 0 0 0 0 0 0 0 0 0 0 0 0 0 0 0 18 32 0 0 0 0 0 0 0 0 0 0 0 0 0 0 0 0 0 0 0 0 0 0 0 0 0 0 0 0 0 0 0 0 0 0 0 0 0 0 0 0 0 0 0 0 0 1 1 10 0 0 0 0
1 0 0 0 0 0 0 0 0 0 0 1 0 0 0 0 0 0 0 3 1 0 0 0 0 1 0 1 0 0 1 1 0 0 0 0 0 0 0 0 0 0 0 0 2 1 6 0 0 0 0 0 0 0 0 0 0 0 0 0 0 1 0 0 0 0 0 0 0 0 0 0 1 0 0 0 0 0 0 0 0 0 0 0 0 0 0 0 0 0 0 0 0 0 0 1 8 2 0 1 2 0 0 0 0 0 0 0 0 0 0 0 0 0 0 0 0 0 0 0 0 0 0 0 0 0 0 0 0 0 0 0 0 0 0 0 0 0 0 0 0 0 0 0 0 0 0 0 0 0
0 0 0 0 0 0 0 0 0 0 0 3 0 0 0 0 1 0 0 0 0 0 0 0 0 0 0 0 0 0 0 0 0 0 0 0 0 0 0 0 0 0 0 0 0 0 0 0 0 0 0 0 0 0 0 0 0 0 0 0 3 0 0 0 0 0 0 0 0 0 2 1 0 0 0 0 0 0 0 0 0 0 0 0 0 0 0 0 0 0 0 0 0 0 8 0 2 0 0 0 0 3 0 0 0 0 0 0 0 0 0 0 0 0 0 0 0 0 0 0 0 0 0 0 0 0 0 0 0 0 0 0 0 0 0 0 0 0 0 0 0 0 0 0 0 0 0 0 0 0
0 0 0 0 0 0 0 0 0 2 12 0 2 0 0 3 4 0 0 0 0 0 0 0 0 0 0 0 0 0 0 0 0 0 0 0 0 0 0 0 0 0 0 0 1 0 0 0 0 0 0 0 0 0 0 0 0 0 0 0 4 0 0 0 0 0 0 0 0 0 4 2 0 0 0 0 0 0 0 0 0 0 0 0 0 0 0 0 0 0 0 0 0 0 6 0 20 0 0 0 0 0 0 0 0 0 0 0 0 0 0 0 0 0 0 0 0 0 0 0 0 0 0 0 0 0 0 0 0 0 0 0 0 0 0 0 0 0 0 0 0 0 0 0 0 0 0 0 0 0
1 0 0 0 0 0 0 1 1 2 0 1 27 4 3 3 3 3 0 0 0 0 0 0 0 0 0 0 0 0 0 0 0 0 0 0 0 0 0 0 0 0 0 5 0 0 0 2 0 0 0 0 0 0 0 0 0 0 0 7 3 0 0 0 0 0 0 0 60 1 0 1 0 0 0 0 0 0 0 0 0 0 0 0 0 0 0 0 0 0 0 0 0 0 0 0 0 0 1 5 0 0 0 0 0 0 0 0 0 0 0 0 0 0 0 0 0 0 0 0 0 0 0 0 0 0 0 0 0 0 0 0 0 0 0 0 0 0 0 0 0 0 0 0 0 0 0 0 0 0
1 0 0 0 2 2 0 3 1 1 0 0 1 1 0 0 1 10 3 0 0 0 0 0 0 1 0 0 0 0 0 0 0 0 0 0 0 4 1 2 0 0 2 6 0 0 0 0 0 0 0 0 0 0 0 0 0 0 0 0 11 6 1 0 1 0 0 3 146 157 2 0 0 0 0 0 0 0 0 0 0 0 0 0 0 0 0 0 0 0 0 0 0 0 0 0 0 0 0 0 0 0 0 0 0 0 0 0 0 0 0 0 0 0 0 0 0 0 0 0 0 0 0 0 0 0 0 0 0 0 0 0 0 0 0 0 0 0 0 0 0 0 0 0 0 0 0 0 0 0
1 0 2 1 1 0 0 0 0 0 1 3 70 9 0 4 24 0 1 22 0 0 0 19 2 2 0 0 0 0 2 0 0 0 4 5 13 7 3 4 0 1 9 0 0 0 0 0 0 0 0 0 0 0 0 0 0 0 0 0 0 0 2 1 164 79 26 0 0 0 0 0 0 0 0 0 0 0 0 0 0 0 0 0 0 0 0 0 0 0 0 0 0 0 0 0 0 0 0 0 0 0 0 0 0 0 0 0 0 0 0 0 0 0 0 0 0 0 0 0 0 0 0 0 0 0 0 0 0 0 0 0 0 0 0 0 0 0 0 0 0 0 0 0 0 0 0 0 0 0
9 69 4 0 0 0 0 0 0 0 0 0 7 0 0 0 7 0 1 6 23 174 47 11 6 0 0 0 0 3 0 0 0 0 2 11 37 2 0 5 1 0 0 0 0 0 0 0 0 0 0 0 0 0 0 0 0 0 0 0 0 0 0 0 10 3 0 0 0 0 0 0 0 0 0 0 0 0 0 0 0 0 0 0 0 0 0 0 0 0 0 0 0 0 0 0 0 0 0 0 0 0 0 0 0 0 0 0 0 0 0 0 0 0 0 0 0 0 0 0 0 0 0 0 0 0 0 0 0 0 0 0 0 0 0 0 0 0 0 0 0 0 0 0 0 0 0 0 0 0
9 5 4 3 1 8 0 0 0 0 0 0 3 0 0 3 12 8 1 4 0 34 275 4 15 8 0 0 1 10 5 0 0 0 0 0 3 0 3 3 6 13 0 0 0 0 0 0 0 0 0 0 0 0 0 0 0 0 0 0 0 0 0 0 5 0 0 0 0 0 0 0 0 0 0 0 0 0 0 0 0 0 0 0 0 0 0 0 0 5 0 0 0 0 0 0 0 0 0 0 0 0 0 0 0 0 0 0 0 0 0 0 0 0 0 0 0 0 0 0 0 0 0 0 0 0 0 0 0 0 0 0 0 0 0 0 0 0 0 0 0 0 0 0 0 0 0 0 0 0
0 0 0 0 0 0 0 0 0 0 0 2 0 0 0 0 1 2 0 5 0 2 10 8 1 19 2 1 7 5 0 0 0 0 0 0 0 0 0 0 0 0 0 0 0 0 0 0 0 0 0 0 0 0 0 0 0 0 0 0 0 0 0 0 0 0 0 0 0 0 0 0 0 0 0 0 0 0 0 0 0 0 0 0 0 0 0 0 0 0 0 0 0 0 0 0 0 0 0 0 0 0 0 0 0 0 0 0 0 0 0 0 0 0 0 0 0 0 0 0 0 0 0 0 0 0 0 0 0 0 0 0 0 0 0 0 0 0 0 0 0 0 0 0 0 0 0 0 0 0
0 0 0 0 0 0 0 0 0 0 0 0 0 0 0 0 0 0 1 4 0 1 0 0 5 8 12 12 16 0 1 0 1 169 3 0 2 0 0 0 0 0 0 0 0 0 0 0 0 0 0 0 0 0 0 0 0 0 0 0 0 0 0 0 0 0 0 0 0 0 0 0 0 0 0 0 0 0 0 0 0 0 0 0 0 0 0 0 0 0 0 0 0 0 0 0 0 0 0 0 0 0 0 0 0 0 0 0 0 0 0 0 0 0 0 0 0 0 0 0 0 0 0 0 0 0 0 0 0 0 0 0 0 0 0 0 0 0 0 0 0 0 0 0 0 0 0 0 0 0
0 0 0 0 0 0 0 0 0 0 0 0 0 2 0 0 0 0 0 0 0 0 0 0 0 0 0 2 246 97 3 7 1 38 0 0 5 0 0 0 0 0 0 0 0 0 0 0 0 0 0 0 0 0 0 0 0 0 0 0 0 0 0 0 0 0 0 0 0 0 0 0 0 0 0 0 0 0 0 0 0 0 0 0 0 0 0 0 0 0 0 0 0 0 0 0 0 0 0 0 0 0 0 0 0 0 0 0 0 0 0 0 0 0 0 0 0 0 0 0 0 0 0 0 0 0 0 0 0 0 0 0 0 0 0 0 0 0 0 0 0 0 0 0 0 0 0 0 0 0
0 0 0 0 0 0 0 0 0 0 0 0 0 0 0 0 0 0 0 0 0 0 0 0 0 0 4 5 0 0 1 0 5 3 0 0 1 0 0 0 0 0 0 0 0 0 0 0 0 0 0 0 0 0 0 0 0 0 0 0 0 0 0 0 0 0 0 0 0 0 0 0 0 0 0 0 0 0 0 0 0 0 0 0 0 0 0 0 0 0 0 0 0 0 0 0 0 0 0 0 0 0 0 0 0 0 0 0 0 0 0 0 0 0 0 0 0 0 0 0 0 0 0 0 0 0 0 0 0 0 0 0 0 0 0 0 0 0 0 0 0 0 0 0 0 0 0 0 0 0
0 0 0 0 0 0 0 2 0 0 0 0 3 1 0 0 0 0 0 0 0 0 0 0 5 0 17 0 1 0 14 1 5 0 0 0 0 1 0 0 0 0 0 0 0 0 0 0 0 0 0 0 0 0 0 0 0 0 0 0 0 0 0 0 0 0 0 0 0 0 0 0 0 0 0 0 0 0 0 0 0 0 0 0 0 0 0 0 0 0 0 0 0 0 0 0 0 0 0 0 0 0 0 0 0 0 0 0 0 0 0 0 0 0 0 0 0 0 0 0 0 0 0 0 0 0 0 0 0 0 0 0 0 0 0 0 0 0 0 0 0 0 0 0 0 0 0 0 0 0
0 0 0 0 0 0 0 0 0 0 0 0 6 5 0 0 0 0 0 0 0 0 0 0 0 0 0 0 0 0 0 0 1 0 1 0 4 5 0 0 0 0 0 0 0 0 0 0 0 0 0 0 0 0 0 0 0 0 0 0 0 0 0 0 0 0 0 0 0 0 0 0 0 0 0 0 0 0 0 0 0 0 0 0 0 0 0 0 0 0 0 0 0 0 0 0 0 0 0 0 0 0 0 0 0 0 0 0 0 0 0 0 0 0 0 0 0 0 0 0 0 0 0 0 0 0 0 0 0 0 0 0 0 0 0 0 0 0 0 0 0 0 0 0 0 0 0 0 0 0
0 0 0 0 0 0 0 0 0 0 2 3 3 0 0 0 0 0 0 0 0 0 0 0 0 0 0 15 5 2 4 0 0 0 0 0 0 0 0 0 0 0 0 0 0 0 0 0 0 0 0 0 0 0 0 0 0 0 0 0 0 0 0 0 0 0 0 0 0 0 0 0 0 0 0 0 0 0 0 0 0 0 0 0 0 0 0 0 0 0 0 0 0 0 0 0 0 0 0 0 0 0 0 0 0 0 0 0 0 0 0 0 0 0 0 0 0 0 0 0 0 0 0 0 0 0 0 0 0 0 0 0 0 0 0 0 0 0 0 0 0 0 0 0 0 0 0 0 0 0
0 0 0 0 0 0 0 0 0 0 1 0 0 0 0 0 0 0 0 0 0 0 0 0 0 0 0 14 17 0 0 0 0 6 0 0 0 0 0 0 0 0 0 0 0 0 0 0 0 0 0 0 0 0 0 0 0 0 0 0 0 0 0 0 0 0 0 0 0 0 0 0 0 0 0 0 0 0 0 0 0 0 0 0 0 0 0 0 0 0 0 0 0 0 0 0 0 0 0 0 0 0 0 0 0 0 0 0 0 0 0 0 0 0 0 0 0 0 0 0 0 0 0 0 0 0 0 0 0 0 0 0 0 0 0 0 0 0 0 0 0 0 0 0 0 0 0 0 0 0
0 0 0 0 0 0 0 0 0 1 10 0 0 3 0 0 0 0 0 0 0 0 0 0 0 0 0 0 0 0 0 0 3 1 0 0 0 0 0 0 0 0 0 0 0 0 0 0 0 0 0 0 0 0 0 0 0 0 0 0 0 0 0 0 0 0 0 0 0 0 0 0 0 0 0 0 0 0 0 0 0 0 0 0 0 0 0 0 0 0 0 0 0 0 0 0 0 0 0 0 0 0 0 0 0 0 0 0 0 0 0 0 0 0 0 0 0 0 0 0 0 0 0 0 0 0 0 0 0 0 0 0 0 0 0 0 0 0 0 0 0 0 0 0 0 0 0 0 0 0
0 0 0 0 0 0 0 0 0 2 5 0 0 0 0 0 0 0 0 0 0 0 0 0 0 0 0 0 0 0 0 0 0 0 0 0 0 0 0 0 0 0 0 0 0 0 0 0 0 0 0 0 0 0 0 0 0 0 0 0 0 0 0 0 0 0 0 0 0 0 0 0 0 0 0 0 0 0 0 0 0 0 0 0 0 0 0 0 0 0 0 0 0 0 0 0 0 0 0 0 0 0 0 0 0 0 0 0 0 0 0 0 0 0 0 0 0 0 0 0 0 0 0 0 0 0 0 0 0 0 0 0 0 0 0 0 0 0 0 0 0 0 0 0 0 0 0 0 0 0
0 0 0 0 0 0 0 0 0 0 2 0 0 0 0 0 0 0 0 0 0 0 0 0 0 0 0 0 0 0 0 0 0 0 0 0 0 0 0 0 0 0 0 0 0 0 0 0 0 0 0 5 0 0 0 0 0 0 0 0 0 0 0 0 0 0 0 0 0 0 0 0 0 0 0 0 0 0 0 0 0 0 0 0 0 0 0 0 0 0 0 0 0 0 0 0 0 0 0 0 0 0 0 0 0 0 0 0 0 0 0 0 0 0 0 0 0 0 0 0 0 0 0 0 0 0 0 0 0 0 0 0 0 0 0 0 0 0 0 0 0 0 0 0 0 0 0 0 0 0
0 0 1 0 0 0 0 0 4 27 0 0 0 0 0 0 0 0 0 0 0 0 0 0 0 0 0 0 0 0 0 0 0 0 0 0 0 0 0 0 0 0 0 0 0 0 0 0 0 1 0 0 0 0 0 0 0 0 0 0 0 0 0 0 0 0 0 0 0 0 0 0 0 0 0 0 0 0 0 0 0 0 0 0 0 0 0 0 0 0 0 0 0 0 0 0 0 0 0 0 0 0 0 0 0 0 0 0 0 0 0 0 0 0 0 0 0 0 0 0 0 0 0 0 0 0 0 0 0 0 0 0 0 0 0 0 0 0 0 0 0 0 0 0 0 0 0 0 0 0
3 0 0 0 0 7 15 35 32 1 0 0 0 0 0 0 0 0 0 0 0 0 0 0 0 0 0 0 0 0 0 0 0 0 0 0 0 0 0 0 0 0 0 0 0 0 0 0 0 31 39 0 0 0 0 0 0 0 0 0 0 0 0 0 0 0 0 0 0 0 0 0 0 0 0 0 0 0 0 0 0 0 0 0 0 0 0 0 0 0 0 0 0 0 0 0 0 0 0 0 0 0 0 0 0 0 0 0 0 0 0 0 0 0 0 0 0 0 0 0 0 0 0 0 0 0 0 0 0 0 0 0 0 0 0 0 0 0 0 0 0 0 0 0 0 0 0 0 0 0
4 0 0 0 0 0 33 21 0 0 0 0 0 0 0 0 0 0 0 0 0 0 0 0 0 0 0 0 0 0 0 0 0 0 0 0 0 0 0 0 0 0 0 0 0 0 0 0 0 0 0 1 1 0 0 0 0 0 0 0 0 0 0 0 0 0 0 0 0 0 0 0 0 0 0 0 0 0 0 0 0 0 0 0 0 0 0 0 0 0 0 0 0 0 0 0 0 0 0 0 0 0 0 0 0 0 0 0 0 0 0 0 0 0 0 0 0 0 0 0 0 0 0 0 0 0 0 0 0 0 0 0 0 0 0 0 0 0 0 0 0 0 0 0 0 0 0 0 0 0
0 0 0 0 0 0 0 0 0 0 0 0 0 0 0 0 0 0 0 0 0 0 0 0 0 0 0 0 0 0 0 0 0 0 0 0 0 0 0 0 0 0 0 0 0 0 0 0 0 0 0 0 6 35 0 0 0 0 0 0 0 0 0 0 0 0 0 0 0 0 0 0 0 0 0 0 0 0 0 0 0 0 0 0 0 0 0 0 0 0 0 0 0 0 0 0 0 0 0 0 0 0 0 0 0 0 0 0 0 0 0 0 0 0 0 0 0 0 0 0 0 0 0 0 0 0 0 0 0 0 0 0 0 0 0 0 0 0 0 0 0 0 0 0 0 0 0 0 0 0
0 0 0 0 0 0 0 0 0 0 0 0 0 0 0 0 0 0 0 0 0 0 0 0 0 0 0 0 0 0 0 0 0 0 0 0 0 0 0 0 0 0 0 0 0 0 0 0 0 0 0 0 0 1 0 0 0 0 0 0 0 0 0 0 0 0 0 0 0 0 0 0 0 0 0 0 0 0 0 0 0 0 0 0 0 0 0 0 0 0 0 0 0 0 0 0 0 0 0 0 0 0 0 0 0 0 0 0 0 0 0 0 0 0 0 0 0 0 0 0 0 0 0 0 0 0 0 0 0 0 0 0 0 0 0 0 0 0 0 0 0 0 0 0 0 0 0 0 0 0
0 0 0 0 0 0 0 0 0 0 0 0 0 0 0 0 0 0 0 0 0 0 0 0 0 0 0 0 0 0 0 0 0 0 0 0 0 0 0 0 0 0 0 0 0 0 0 0 0 0 0 1 0 0 0 0 0 0 0 0 0 0 0 0 0 0 0 0 0 0 0 0 0 0 0 0 0 0 0 0 0 0 0 0 0 0 0 0 0 0 0 0 0 0 0 0 0 0 0 0 0 0 0 0 0 0 0 0 0 0 0 0 0 0 0 0 0 0 0 0 0 0 0 0 0 0 0 0 0 0 0 0 0 0 0 0 0 0 0 0 0 0 0 0 0 0 0 0 0 0
0 0 0 0 0 0 0 0 0 0 0 0 0 0 0 0 0 0 0 0 0 0 0 0 0 0 0 0 0 0 0 1 2 0 0 0 0 0 0 0 0 0 0 0 0 0 0 0 0 0 0 0 17 0 0 0 0 0 0 0 0 0 0 0 0 0 0 0 0 0 0 0 0 0 0 0 0 0 0 0 0 0 0 0 0 0 0 0 0 0 0 0 0 0 0 0 0 0 0 0 0 0 0 0 0 0 0 0 0 0 0 0 0 0 0 0 0 0 0 0 0 0 0 0 0 0 0 0 0 0 0 0 0 0 0 0 0 0 0 0 0 0 0 0 0 0 0 0 0 0
0 0 0 0 0 0 0 0 0 0 0 0 0 0 0 0 0 0 0 0 0 0 0 0 0 0 0 0 0 0 1 16 0 0 3 0 0 0 0 0 0 0 0 0 0 0 0 0 0 0 0 0 0 2 0 0 0 0 0 0 0 0 0 0 0 0 0 0 0 0 0 0 0 0 0 0 0 0 0 0 0 0 0 0 0 0 0 0 0 0 0 0 0 0 0 0 0 0 0 0 0 0 0 0 0 0 0 0 0 0 0 0 0 0 0 0 0 0 0 0 0 0 0 0 0 0 0 0 0 0 0 0 0 0 0 0 0 0 0 0 0 0 0 0 0 0 0 0 0 0
0 0 0 0 0 0 0 0 0 0 0 0 0 0 0 0 0 0 0 0 0 0 0 0 0 0 0 0 0 0 1 27 0 0 0 0 0 0 0 0 0 0 0 0 0 0 0 0 0 0 0 0 0 0 0 0 0 0 0 0 0 0 0 0 0 0 0 0 0 0 0 0 0 0 0 0 0 0 0 0 0 0 0 0 0 0 0 0 0 0 0 0 0 0 0 0 0 0 0 0 0 0 0 0 0 0 0 0 0 0 0 0 0 0 0 0 0 0 0 0 0 0 0 0 0 0 0 0 0 0 0 0 0 0 0 0 0 0 0 0 0 0 0 0 0 0 0 0 0 0
0 0 0 0 0 0 0 0 0 0 0 0 0 0 0 0 0 0 0 0 0 0 0 0 0 0 0 0 0 0 5 10 0 0 0 0 3 0 0 0 0 0 0 0 0 0 0 0 0 0 0 0 0 0 0 0 0 0 0 0 0 0 0 0 0 0 0 0 0 0 0 0 0 0 0 0 0 0 0 0 0 0 0 0 0 0 0 0 0 0 0 0 0 0 0 0 0 0 0 0 0 0 0 0 0 0 0 0 0 0 0 0 0 0 0 0 0 0 0 0 0 0 0 0 0 0 0 0 0 0 0 0 0 0 0 0 0 0 0 0 0 0 0 0 0 0 0 0 0 0
0 0 0 0 0 0 0 0 0 0 0 0 0 0 0 0 0 0 0 0 0 0 0 0 0 0 1 0 0 2 0 0 0 0 0 0 1 0 0 0 0 0 0 0 0 0 0 0 0 0 0 0 0 0 0 0 0 0 0 0 0 0 0 0 0 0 0 0 0 0 0 0 0 0 0 0 0 0 0 0 0 0 0 0 0 0 0 0 0 0 0 0 0 0 0 0 0 0 0 0 0 0 0 0 0 0 0 0 0 0 0 0 0 0 0 0 0 0 0 0 0 0 0 0 0 0 0 0 0 0 0 0 0 0 0 0 0 0 0 0 0 0 0 0 0 0 0 0 0 0
0 0 0 0 0 0 0 0 0 0 0 0 0 0 0 0 0 0 0 0 0 0 0 0 0 0 0 0 0 93 38 0 0 0 0 0 0 0 0 0 0 0 0 0 0 0 0 0 0 0 0 0 0 0 0 0 0 0 0 0 0 0 0 0 0 0 0 0 0 0 0 0 0 0 0 0 0 0 0 0 0 0 0 0 0 0 0 0 0 0 0 0 0 0 0 0 0 0 0 0 0 0 0 0 0 0 0 0 0 0 0 0 0 0 0 0 0 0 0 0 0 0 0 0 0 0 0 0 0 0 0 0 0 0 0 0 0 0 0 0 0 0 0 0 0 0 0 0 0 0
0 0 0 0 0 0 0 0 0 0 0 0 0 0 0 0 0 0 0 0 0 0 0 0 0 0 6 0 0 0 0 0 0 1 0 0 0 0 0 0 0 0 0 0 0 0 0 0 1 58 0 0 0 0 0 0 0 0 0 0 0 0 0 0 0 0 0 0 0 0 0 0 0 0 0 0 0 0 0 0 0 0 0 0 0 0 0 0 0 0 0 0 0 0 0 0 0 0 0 0 0 0 0 0 0 0 0 0 0 0 0 0 0 0 0 0 0 0 0 0 0 0 0 0 0 0 0 0 0 0 0 0 0 0 0 0 0 0 0 0 0 0 0 0 0 0 0 0 0 0
0 0 0 0 0 0 0 0 0 0 0 0 0 0 0 0 0 0 0 0 0 0 0 0 0 0 17 0 0 0 0 0 0 0 0 0 0 0 0 0 0 0 0 0 0 0 0 0 0 0 0 0 0 0 0 0 0 0 0 0 0 0 0 0 0 0 0 0 0 0 0 0 0 0 0 0 0 0 0 0 0 0 0 0 0 0 0 0 0 0 0 0 0 0 0 0 0 0 0 0 0 0 0 0 0 0 0 0 0 0 0 0 0 0 0 0 0 0 0 0 0 0 0 0 0 0 0 0 0 0 0 0 0 0 0 0 0 0 0 0 0 0 0 0 0 0 0 0 0 0
0 0 0 0 0 0 0 0 0 0 0 0 0 0 0 0 0 0 0 0 0 0 0 0 0 0 0 1 4 0 0 0 0 0 0 0 0 0 0 0 0 0 0 0 0 0 0 0 0 0 0 0 0 0 0 0 0 0 0 0 0 0 0 0 0 0 0 0 0 0 0 0 0 0 0 0 0 0 0 0 0 0 0 0 0 0 0 0 0 0 0 0 0 0 0 0 0 0 0 0 0 0 0 0 0 0 0 0 0 0 0 0 0 0 0 0 0 0 0 0 0 0 0 0 0 0 0 0 0 0 0 0 0 0 0 0 0 0 0 0 0 0 0 0 0 0 0 0 0 3
0 0 0 0 0 0 0 0 0 0 0 0 0 0 0 0 0 0 0 0 0 0 0 0 0 0 0 0 0 0 0 0 0 0 0 0 0 0 0 0 0 0 0 0 0 0 0 0 0 0 0 0 0 0 0 0 0 0 0 0 0 0 0 0 0 0 0 0 0 0 0 0 0 0 0 0 0 0 0 0 0 0 0 0 0 0 0 0 0 0 0 0 0 0 0 0 0 0 0 0 0 0 0 0 0 0 0 0 0 0 0 0 0 0 0 0 0 0 0 0 0 0 0 0 0 0 0 0 0 0 0 0 0 0 0 0 0 0 0 0 0 0 0 0 0 0 0 0 0 0
0 0 0 0 0 0 0 0 0 0 0 0 0 0 0 0 0 0 0 0 0 0 0 0 0 0 0 0 0 0 0 0 0 0 0 0 0 0 0 0 0 0 0 0 0 0 0 0 0 0 1 0 0 0 0 0 0 0 0 0 0 0 0 0 0 0 0 0 0 0 0 0 0 0 0 0 0 0 0 0 0 0 0 0 0 0 0 0 0 0 0 0 0 0 0 0 0 0 0 0 0 0 0 0 0 0 0 0 0 0 0 0 0 0 0 0 0 0 0 0 0 0 0 0 0 0 0 0 0 0 0 0 0 0 0 0 0 0 0 0 0 0 0 0 0 0 0 0 0 0
0 0 0 0 0 0 0 0 0 0 0 0 0 0 0 0 0 0 0 0 0 0 0 0 0 0 0 0 0 0 0 0 0 0 0 0 0 0 0 0 0 0 0 0 0 0 0 0 0 0 0 0 0 0 0 0 0 0 0 0 0 0 0 0 0 0 0 0 0 0 0 0 0 0 0 0 0 0 0 0 0 0 0 0 0 0 0 0 0 0 0 0 0 0 0 0 0 0 0 0 0 0 0 0 0 0 0 0 0 0 0 0 0 0 0 0 0 0 0 0 0 0 0 0 0 0 0 0 0 0 0 0 0 0 0 0 0 0 0 0 0 0 0 0 0 0 0 0 0 0
0 0 0 0 0 0 0 0 0 0 0 0 0 0 0 0 0 0 0 0 0 0 0 0 0 0 0 0 0 0 0 0 0 0 0 0 0 0 0 0 0 0 0 0 0 0 0 0 0 0 0 0 0 0 0 0 0 0 0 0 0 0 0 0 0 0 0 0 0 0 0 0 0 0 0 0 0 0 0 0 0 0 0 0 0 0 0 0 0 0 0 0 0 0 0 0 0 0 0 0 0 0 0 0 0 0 0 0 0 0 0 0 0 0 0 0 0 0 0 0 0 0 0 0 0 0 0 0 0 0 0 0 0 0 0 0 0 0 0 0 0 0 0 0 0 0 0 0 0 0
0 0 0 0 0 0 0 0 0 0 0 0 0 0 0 0 0 0 0 0 0 0 0 0 0 0 0 0 0 0 0 0 0 0 0 0 0 0 0 0 0 0 0 0 0 0 0 0 0 0 0 0 0 0 0 0 0 0 0 0 0 0 0 0 0 0 0 0 0 0 0 0 0 0 0 0 0 0 0 0 0 0 0 0 0 0 0 0 0 0 0 0 0 0 0 0 0 0 0 0 0 0 0 0 0 0 0 0 0 0 0 0 0 0 0 0 0 0 0 0 0 0 0 0 0 0 0 0 0 0 0 0 0 0 0 0 0 0 0 0 0 0 0 0 0 0 0 0 0 0
