0 0 41 3 0 0 7 0 19 89 10 18 0 3 0 0 0 3 7 0 8 1 1 0 1 10 0 1 0 0 0 0 0 1 4 3 0 0 0 5 0 0 0 0 1 0 0 0 0 0 0 0 0 0 3 1 0 0 0 7 18 22 5 6 1 20 13 0 0 0 0 4 20 132 117 231 133 27 47 10 18 382 66 82 98 313 208 136 43 200 769 625 100 494 350 493 804 776 875 151 149 68 13 34 22 44 90 346 192 39 15 23 21 75 100 30 19 20 5 0 5 41 18 12 6 22 0 1 10 8 6 39 1 21 2 1 0 0 0 0 1 1 0 0 0 0 0 0 0 13
0 2 10 2 1 0 0 0 0 30 6 29 16 0 0 0 0 4 14 0 0 2 23 0 6 38 2 4 0 0 0 0 0 0 0 1 0 0 4 0 0 0 0 0 0 0 0 0 0 0 0 0 0 3 9 0 0 0 0 24 85 35 12 15 17 1 0 1 1 0 0 9 39 53 28 2 31 67 12 30 133 54 31 5 125 326 206 139 282 295 100 39 336 315 208 339 701 559 825 725 229 46 32 25 4 3 12 13 28 5 12 18 1 11 75 23 7 36 13 17 4 12 16 15 2 3 0 12 10 24 25 8 99 41 0 0 0 0 0 71 7 0 0 0 0 0 0 0 0 0
4 0 0 1 9 0 0 0 2 7 1 1 6 5 0 0 0 2 2 0 0 9 63 18 10 0 1 24 0 0 0 0 0 1 0 3 1 0 0 7 5 0 0 0 0 0 0 0 0 0 0 0 0 1 10 1 0 2 1 13 12 8 3 25 0 0 1 0 0 0 1 10 6 0 0 0 1 45 110 246 69 71 2 36 21 120 459 162 3 3 152 38 152 756 661 738 297 370 298 707 578 282 19 50 25 4 2 16 320 79 42 24 6 11 6 21 6 127 17 3 115 218 8 7 3 4 2 12 0 15 7 3 73 202 0 0 6 0 3 48 5 2 0 0 1 0 0 0 0 0
34 7 0 0 0 0 0 0 0 6 2 1 0 0 2 10 0 0 9 4 0 0 2 20 7 0 0 6 32 0 4 0 0 0 0 1 0 0 0 9 3 0 3 1 0 0 0 0 0 0 1 0 3 0 65 20 1 14 32 4 1 2 6 19 0 0 0 0 0 1 11 57 22 1 6 5 21 71 252 444 117 120 28 95 132 12 54 107 4 176 808 1023 1458 603 760 367 138 172 599 426 521 486 103 16 55 90 51 12 198 96 7 27 35 9 2 7 18 184 187 23 33 71 18 9 11 8 2 5 12 2 5 14 19 2 120 11 16 2 3 34 45 5 0 0 0 0 0 0 0 0
4 20 0 0 0 0 0 0 1 0 0 0 0 0 0 6 12 1 0 1 2 1 2 0 6 0 0 1 0 2 1 0 1 0 3 18 5 0 0 0 2 1 0 0 0 0 0 0 3 9 2 0 0 5 30 149 35 45 5 0 1 2 0 26 0 0 0 0 0 12 94 65 114 61 38 67 56 147 371 378 392 266 327 17 123 102 47 119 27 254 1072 1549 504 817 356 312 133 597 366 618 946 906 567 427 272 170 42 47 6 7 8 16 17 46 16 0 4 50 109 68 231 603 115 47 5 2 4 0 3 12 5 5 0 0 26 2 0 1 0 3 18 7 0 0 0 0 0 0 0 0
27 2 0 1 0 0 0 0 2 2 3 0 0 0 0 8 0 0 8 89 12 7 0 0 0 0 0 0 1 3 2 0 0 0 19 89 33 24 4 0 0 0 1 0 0 0 0 0 0 3 34 18 1 4 3 33 31 7 32 5 0 0 15 1 0 0 0 0 1 95 58 147 141 79 86 55 22 35 66 525 1054 945 388 47 1 95 140 25 7 240 1432 939 159 432 742 558 188 1307 438 518 443 484 1114 380 35 138 111 60 9 1 0 2 6 60 6 8 49 2 2 21 166 144 7 5 2 5 1 4 3 0 4 0 1 0 0 1 9 6 3 0 1 8 0 0 0 0 0 0 0 0
1 0 0 0 0 1 0 0 1 9 6 0 0 1 1 0 0 0 0 3 0 3 0 0 0 0 0 0 0 7 2 2 1 0 0 17 3 2 1 0 0 0 0 0 0 0 0 0 0 1 0 11 2 6 1 21 17 0 32 32 3 13 5 0 3 0 0 0 0 72 141 49 172 310 197 120 249 144 403 387 1232 868 983 638 209 65 5 146 87 110 1183 1114 136 572 792 358 195 315 419 42 49 311 185 304 42 106 93 23 28 25 22 114 160 37 53 57 1 1 25 18 78 85 11 1 4 2 49 1 0 0 3 0 1 0 0 0 0 47 0 0 1 0 0 0 0 0 0 0 0 0
2 0 0 2 0 0 0 0 2 0 1 0 0 0 0 0 0 0 0 0 0 0 0 0 0 0 0 0 0 2 13 0 0 0 0 4 1 3 9 3 0 0 0 0 0 0 0 0 0 0 0 4 6 11 5 13 1 27 37 47 160 80 33 3 115 20 0 0 5 51 4 9 47 58 78 41 55 208 634 891 730 678 1030 300 136 127 184 415 295 56 504 110 93 566 415 371 193 541 487 194 126 182 343 522 318 163 24 25 110 10 299 520 124 59 19 74 2 7 5 12 18 4 6 4 9 1 29 9 3 0 0 0 0 0 0 0 0 0 0 0 0 0 0 0 0 0 0 0 0 0
8 1 0 0 0 0 1 0 6 60 0 3 3 2 7 0 0 0 0 0 0 0 0 0 0 0 0 0 0 0 4 0 0 0 0 1 0 4 0 1 0 0 0 0 0 0 0 0 0 0 0 0 24 8 0 1 1 10 8 71 254 209 28 8 5 29 6 10 7 29 1 0 1 10 3 46 23 43 183 462 984 1553 728 34 15 26 233 263 162 110 25 61 343 677 1133 1046 155 343 272 237 289 145 91 423 713 155 191 195 39 23 801 203 219 18 90 12 5 18 8 6 9 3 12 15 4 3 5 7 0 0 8 3 0 0 0 0 1 0 0 0 0 0 0 0 0 0 0 0 0 0
0 0 0 0 0 0 0 6 8 8 0 0 0 2 0 0 0 0 0 0 0 0 0 0 0 0 0 0 0 0 0 0 0 0 0 0 0 0 4 1 0 1 0 0 0 0 1 1 8 2 2 0 22 9 0 0 3 2 2 40 40 165 25 4 6 3 0 0 0 37 0 0 0 0 0 38 28 73 336 612 1140 890 577 275 689 737 354 157 216 165 88 6 24 486 1187 1089 678 182 54 3 53 144 16 4 135 484 232 178 55 13 511 560 432 36 9 165 228 353 126 44 78 38 27 24 37 13 18 2 3 14 48 10 2 0 0 0 2 0 0 0 0 0 0 0 0 0 0 0 0 1
0 0 4 0 0 0 2 0 11 8 4 1 0 0 0 4 1 3 10 0 0 0 0 0 0 0 0 0 0 0 0 0 0 0 0 0 0 1 1 1 0 8 1 1 0 0 4 9 39 25 16 7 49 6 2 0 1 12 26 43 0 62 13 4 0 0 0 0 1 14 0 0 0 0 0 0 35 43 183 247 639 208 485 316 264 304 198 406 400 263 36 0 4 190 510 598 723 35 21 46 29 13 3 27 127 321 794 335 204 130 439 281 119 61 6 96 272 527 419 268 249 169 167 103 118 314 79 46 50 35 8 93 16 22 34 1 0 0 0 0 0 0 0 0 0 0 0 0 0 0
0 0 2 0 0 0 0 0 5 5 0 0 0 0 0 0 17 6 0 0 1 0 0 0 0 0 0 0 0 0 0 0 0 3 2 2 0 1 1 0 0 7 0 1 0 1 0 0 3 0 0 0 7 6 9 4 3 1 17 54 1 6 0 1 2 4 9 1 3 0 3 0 0 0 0 4 34 20 139 462 612 194 74 145 141 83 19 16 110 388 67 1 5 7 11 74 750 397 276 19 0 3 25 37 57 47 380 269 30 73 383 231 87 245 56 165 440 196 428 641 456 449 116 184 125 245 0 0 0 36 4 0 96 27 19 1 0 0 0 0 0 0 0 0 0 0 0 0 0 2
0 0 3 0 0 0 6 0 18 14 0 0 0 0 0 0 0 20 5 7 0 7 0 2 0 0 0 0 0 1 0 0 0 0 0 0 2 0 1 0 0 5 55 6 0 0 4 14 0 0 0 0 21 14 5 0 0 0 26 32 0 7 0 0 0 2 2 0 1 0 40 0 0 0 0 33 269 159 195 109 159 357 55 2 26 17 3 0 0 6 1 0 3 134 70 24 507 370 500 391 18 28 71 50 39 29 73 275 640 379 744 903 124 625 118 117 57 75 987 998 179 209 79 0 61 117 1 2 26 27 0 0 27 16 1 0 0 0 0 0 0 0 0 0 0 0 0 0 0 0
0 0 0 0 0 0 1 1 0 11 0 0 0 0 0 0 0 1 77 22 21 6 0 0 0 0 0 0 0 3 9 2 0 0 0 0 1 0 0 0 0 0 0 72 25 0 0 0 8 0 0 37 12 0 0 0 0 0 39 0 5 9 3 0 0 0 26 63 28 10 58 0 0 2 6 343 719 541 336 42 53 269 69 17 23 146 8 1 1 26 4 2 5 49 3 46 93 443 187 177 8 26 284 156 291 83 112 458 274 542 1365 1165 1041 321 271 251 247 298 793 357 139 96 0 23 0 27 16 0 3 3 0 1 1 0 0 0 0 0 0 0 0 0 0 0 0 0 0 0 0 0
0 0 0 0 0 0 0 6 6 6 0 0 0 0 0 0 0 0 1 6 10 0 0 4 6 1 0 0 0 1 1 0 0 0 0 0 0 0 0 0 0 0 0 10 37 0 0 0 0 15 11 117 4 2 3 8 8 3 53 28 60 10 11 9 6 131 158 114 167 91 35 5 6 9 70 706 1848 1276 405 138 1 121 45 2 15 21 40 25 0 25 15 12 0 4 1 6 50 305 187 190 26 71 382 490 1215 1187 2240 1304 1219 1301 913 744 701 569 554 320 115 84 74 176 226 107 21 17 1 5 38 5 9 28 6 0 0 0 0 0 0 0 0 0 0 0 0 0 0 0 0 0 0 0
0 0 0 0 0 0 0 34 119 0 6 0 0 0 0 0 2 0 4 1 0 19 12 5 1 0 0 0 1 6 0 0 0 0 0 0 0 0 0 0 0 0 0 0 0 11 0 0 0 16 113 158 4 1 0 11 32 129 8 94 37 26 0 14 49 42 162 39 55 126 145 108 132 164 668 942 1640 924 306 31 5 4 1 0 0 0 29 42 2 66 2 13 4 0 7 13 23 10 28 12 13 3 1246 661 486 501 1087 373 671 1024 1624 973 1225 381 434 116 42 197 180 143 52 9 111 340 63 91 66 3 8 0 0 0 0 0 22 6 0 0 0 0 0 0 0 0 0 0 0 0 0 0
0 0 0 0 0 0 1 2 1 0 0 1 4 0 1 0 6 1 1 1 0 0 20 41 12 12 2 0 0 0 0 0 0 0 0 0 0 0 0 1 0 0 0 0 0 14 0 0 2 18 34 3 2 11 24 68 89 112 180 33 2 4 0 4 0 1 0 0 2 0 0 1 59 113 220 420 818 580 107 0 0 0 24 4 0 0 0 51 108 11 2 0 4 0 16 145 26 0 2 72 33 181 613 1164 310 260 341 237 520 997 838 498 959 404 566 109 31 79 135 8 0 2 22 25 31 458 1 12 3 1 0 0 0 0 0 0 0 0 0 0 0 0 0 0 0 0 0 0 0 0
0 1 0 2 0 2 0 0 1 0 0 0 0 0 0 0 0 2 1 2 6 0 2 2 8 7 4 26 11 1 0 0 0 0 0 0 2 0 0 0 0 0 1 0 0 23 39 7 2 54 43 30 6 134 32 18 51 69 364 13 4 3 0 0 1 15 19 44 4 49 71 2 108 13 80 120 28 140 23 11 1 0 1 3 0 0 2 19 63 6 1 16 67 58 15 6 2 0 43 345 145 90 108 79 117 359 276 180 512 440 129 185 90 141 178 42 87 118 27 12 0 2 3 20 137 666 106 16 2 9 0 0 0 0 0 0 0 0 0 0 0 0 0 0 0 0 0 0 0 0
0 0 0 2 5 9 0 0 0 0 0 0 0 1 0 6 1 1 1 2 0 7 17 1 17 10 33 24 22 0 0 0 1 0 1 33 1 0 0 0 0 0 0 0 9 27 36 3 10 344 99 19 27 24 4 53 80 55 9 28 52 7 0 0 0 0 4 8 0 47 29 14 30 10 6 76 55 42 5 29 26 0 6 16 0 9 12 11 8 2 3 197 58 187 23 0 0 38 264 68 84 240 111 55 75 171 113 349 387 5 5 126 15 422 45 0 9 8 0 0 0 0 5 14 61 394 158 139 6 0 0 0 0 0 0 0 0 0 0 0 0 0 0 0 0 0 0 0 1 0
0 0 0 0 0 1 0 0 0 0 0 0 1 2 1 0 0 0 0 0 2 27 77 6 4 6 2 21 147 6 0 3 2 0 1 0 0 0 0 0 0 1 2 37 23 111 84 2 8 308 51 1 1 7 75 6 7 7 0 0 1 0 0 0 0 9 0 0 2 11 46 34 14 0 1 76 20 0 2 1 5 0 2 0 0 15 15 2 9 19 25 14 9 5 1 25 1 17 16 1 560 767 663 237 55 164 155 385 142 2 0 0 6 137 6 0 0 0 0 0 0 0 0 18 11 5 22 116 9 0 0 0 0 0 0 0 0 0 0 0 0 0 0 0 0 0 0 0 0 0
0 0 0 0 1 2 0 0 0 0 0 0 0 1 0 0 1 1 7 3 1 7 11 11 0 27 2 7 0 7 1 14 22 0 0 0 0 0 0 2 4 15 44 39 29 21 25 56 118 312 235 121 15 32 8 6 33 0 0 0 0 10 8 7 244 100 0 0 3 15 89 15 3 0 8 105 170 66 4 22 9 13 2 5 0 0 3 23 25 15 14 1 0 0 1 0 0 2 202 242 900 679 353 77 2 31 73 168 4 0 0 0 0 5 0 0 0 0 0 0 0 0 7 5 0 0 48 160 0 0 0 0 0 0 0 0 0 0 0 0 0 0 0 0 0 0 0 0 1 0
0 0 0 0 0 0 0 0 0 0 0 0 0 3 1 1 1 0 0 2 0 5 4 4 2 2 1 0 0 0 55 111 7 0 2 0 0 21 0 0 156 53 0 0 2 0 6 8 266 822 308 208 6 1 0 3 3 8 0 0 1 2 0 0 10 16 15 4 1 48 21 20 22 0 3 17 153 103 70 104 15 39 7 23 12 14 62 7 159 41 35 14 0 3 4 15 4 0 113 192 165 55 44 1 14 48 81 102 9 0 0 0 4 57 0 0 0 0 0 0 0 0 0 0 0 39 74 4 1 8 8 0 0 0 0 0 0 0 0 0 0 0 0 0 0 0 0 0 0 0
0 1 0 0 1 0 0 0 0 0 0 0 0 3 1 4 0 2 0 0 0 2 13 2 1 0 0 0 0 0 0 3 39 11 1 0 6 107 39 41 5 0 0 0 0 0 5 20 34 455 276 134 0 0 0 2 0 1 0 2 1 0 0 0 11 0 14 5 0 0 1 20 42 6 2 3 12 16 25 29 3 18 12 0 0 13 9 1 0 0 3 8 3 2 0 0 1 0 0 1 3 0 19 30 105 54 55 36 73 132 82 10 20 0 0 0 0 0 0 0 0 0 0 12 24 193 95 0 0 0 2 0 0 0 0 0 0 0 0 0 0 0 0 0 0 0 0 0 0 0
0 0 0 0 0 0 0 0 0 0 0 0 0 2 5 0 1 3 0 0 4 2 0 0 0 0 0 0 0 3 0 3 7 14 15 21 21 70 18 1 0 0 0 0 7 82 26 43 2 129 134 35 15 1 3 0 1 0 0 0 0 0 0 2 0 0 1 5 0 0 0 2 172 69 6 10 0 0 0 2 0 2 36 127 10 0 0 0 0 0 0 4 0 1 1 2 0 1 0 8 7 4 6 56 60 30 23 8 8 17 0 52 37 0 0 0 0 0 0 0 0 0 1 23 4 39 24 86 4 0 0 0 0 0 0 0 0 0 0 0 0 0 0 0 0 0 0 0 0 0
0 0 0 0 0 0 0 0 0 0 0 0 0 0 0 0 0 0 0 0 1 0 1 2 0 1 2 0 0 0 0 0 10 41 177 0 1 85 0 0 0 0 0 22 9 14 33 5 1 18 81 45 10 12 31 2 0 0 0 0 0 0 0 0 2 0 0 5 1 2 1 0 13 3 37 14 0 0 0 0 0 0 22 86 14 1 0 0 0 0 4 8 0 0 1 1 3 7 0 10 14 10 4 18 486 0 0 12 0 0 0 3 4 0 0 6 21 0 0 0 0 0 0 1 0 40 73 27 0 0 1 0 0 0 0 0 2 0 0 0 1 0 0 0 0 0 0 0 0 0
0 0 0 0 0 0 0 0 0 0 0 0 0 0 1 1 0 1 9 0 0 2 1 1 0 0 1 2 0 0 0 0 33 14 20 3 0 17 0 1 1 1 0 4 50 11 0 0 7 0 17 2 0 2 0 0 0 0 0 0 0 0 0 0 15 3 0 2 0 0 1 12 0 2 0 8 18 0 0 0 0 0 0 4 0 22 2 5 0 10 0 4 2 1 10 0 0 4 0 3 11 15 17 70 184 191 0 8 0 0 2 1 11 8 28 19 0 0 0 2 3 0 0 0 0 67 30 33 1 0 0 0 0 0 0 0 6 37 0 0 0 0 0 0 0 0 0 0 0 0
0 0 0 0 0 0 0 0 0 0 0 0 2 0 11 2 0 1 1 0 0 14 3 4 0 0 1 15 3 0 0 10 7 0 7 7 0 0 3 4 0 2 0 16 74 3 1 0 0 9 22 4 0 2 1 0 0 0 0 0 0 0 0 0 8 0 0 0 3 0 32 5 0 0 0 0 19 9 0 0 0 0 2 0 20 19 12 12 11 0 12 4 1 0 0 3 0 0 0 3 13 15 4 4 37 336 23 3 0 0 0 0 0 3 3 15 1 0 3 1 0 0 0 0 40 118 9 19 0 4 0 0 0 0 1 0 4 10 0 0 0 0 0 0 0 0 0 0 0 0
0 0 0 0 0 0 0 0 2 0 0 1 0 1 1 6 13 52 9 0 5 16 3 0 0 0 0 3 0 12 18 7 0 7 0 0 0 1 10 13 33 59 37 170 158 3 2 0 4 2 0 16 55 3 3 0 0 0 0 0 0 0 1 24 5 0 0 0 1 2 14 3 1 1 0 0 0 20 0 0 0 0 0 0 1 0 0 11 8 1 0 0 1 0 0 0 0 0 0 1 0 1 9 12 37 640 479 38 6 0 0 0 0 0 0 14 20 148 41 4 0 0 1 52 127 29 68 207 188 4 0 0 0 0 1 13 3 4 0 0 0 0 0 0 0 0 0 0 0 0
0 0 0 0 0 0 0 2 0 0 2 1 8 2 5 6 23 77 0 16 0 1 1 0 0 0 0 23 32 12 1 13 9 3 12 13 13 3 26 164 469 791 334 277 71 5 0 1 1 0 1 1 50 15 4 1 0 0 0 0 0 0 0 0 0 0 0 0 0 0 1 15 0 0 3 6 1 21 2 0 0 4 4 0 8 0 0 0 5 8 10 0 6 6 8 52 0 0 0 0 0 0 10 32 198 372 158 276 16 0 0 0 0 2 0 1 185 79 23 0 0 0 6 128 126 124 800 526 285 49 0 0 1 15 0 5 0 0 0 0 0 0 0 0 0 0 0 0 0 0
0 0 0 0 0 0 0 0 1 7 28 48 22 0 0 2 6 4 0 2 2 5 2 51 17 18 15 6 3 7 59 2 0 7 31 8 2 9 317 346 827 1314 558 761 43 2 3 2 4 0 2 1 55 109 29 9 0 0 0 0 0 0 0 0 0 0 0 0 0 0 0 0 0 0 0 0 0 4 38 0 0 0 4 3 16 0 0 0 1 0 7 0 9 13 0 34 0 0 0 0 0 2 9 16 9 29 18 71 22 0 0 0 2 0 80 54 340 235 64 35 18 18 7 65 110 64 295 338 412 311 66 92 17 90 3 0 0 0 0 0 0 0 0 0 0 0 0 0 0 0
0 0 0 0 0 0 0 2 3 8 1 2 2 0 1 11 0 2 11 12 0 26 72 28 0 0 0 1 3 7 2 1 0 6 7 25 12 19 56 105 443 459 584 234 43 9 5 0 0 13 0 6 16 0 5 2 1 0 0 0 0 0 0 0 0 0 0 0 0 0 0 0 0 0 0 0 1 4 2 0 0 17 11 4 24 0 0 0 9 6 1 0 13 2 0 0 1 0 1 0 0 0 1 12 1 1 0 2 36 0 1 2 5 0 55 739 936 448 123 122 113 85 39 2 1 7 21 154 4 105 11 256 584 46 27 4 0 0 0 0 0 0 0 0 0 0 0 0 0 0
0 0 0 0 0 1 2 2 3 1 3 14 0 1 0 0 0 0 29 30 164 49 20 0 0 0 0 1 3 21 2 8 7 27 19 3 1 11 1 112 469 371 391 199 106 13 7 0 1 1 2 0 6 7 6 6 1 0 0 0 0 0 0 0 0 0 0 0 0 0 0 0 0 0 0 1 0 2 3 0 20 5 60 166 30 1 0 0 0 0 0 0 6 6 1 0 9 1 0 0 0 0 0 0 0 4 5 6 203 74 209 312 106 98 324 876 499 222 77 281 43 121 7 4 98 46 66 82 5 0 20 149 287 50 63 12 0 0 0 0 0 0 0 0 0 0 0 0 0 0
0 0 2 0 0 0 0 14 9 0 1 4 7 7 0 18 16 24 37 15 46 0 0 0 0 0 0 1 0 34 6 33 0 2 2 25 4 2 3 12 25 95 16 8 0 0 0 0 0 0 1 1 43 2 1 1 3 1 0 0 0 0 0 0 0 0 0 0 0 0 0 0 0 0 0 1 0 15 5 1 0 10 23 2 0 0 0 0 1 0 1 0 0 13 6 24 0 0 0 0 0 0 0 0 0 10 23 14 133 112 74 71 21 294 1033 433 296 450 98 260 66 19 0 14 2 26 23 0 0 0 34 192 0 0 0 0 0 0 0 0 0 0 0 0 0 0 0 0 0 0
0 0 2 0 0 8 7 10 7 2 0 0 0 6 30 0 1 4 17 49 23 0 0 0 0 0 0 1 2 1 49 1 8 2 6 1 1 5 5 0 16 23 5 2 0 0 0 0 1 0 0 3 262 12 10 28 23 10 0 0 0 0 0 0 0 0 0 0 0 0 0 0 0 0 0 0 2 7 3 0 0 0 2 0 0 0 0 0 0 0 0 1 1 22 5 2 5 0 0 0 0 0 0 0 0 1 14 62 40 4 0 12 137 237 227 332 115 167 125 112 236 0 0 0 0 0 0 0 0 0 0 83 43 0 0 0 0 0 0 0 0 0 0 0 0 0 0 0 0 0
0 0 0 0 1 0 11 11 8 0 1 1 9 61 4 8 15 10 2 0 0 4 9 0 0 0 0 34 7 12 31 52 8 2 4 6 2 2 1 1 10 14 4 0 0 0 2 0 0 0 1 17 103 43 2 11 0 4 0 0 0 0 0 0 0 0 0 0 0 0 0 0 0 0 0 0 14 13 3 1 0 0 0 0 0 0 0 0 0 1 1 0 27 43 1 9 3 5 0 0 3 0 0 1 1 13 5 66 467 11 0 0 4 0 0 1 0 35 334 585 59 0 0 0 0 2 2 0 0 0 0 2 79 3 0 0 0 0 0 0 0 0 0 0 0 0 0 0 0 0
1 0 6 4 1 1 13 23 1 4 20 37 23 1 0 153 44 34 4 7 1 0 3 3 0 0 1 5 1 2 12 17 3 1 0 2 2 0 1 3 18 2 0 0 1 0 2 0 0 0 0 49 2 47 26 1 5 0 0 0 0 0 0 0 0 0 0 0 0 0 0 0 0 0 0 0 9 61 1 0 1 0 1 0 0 0 0 0 17 0 2 0 1 28 0 0 0 2 9 0 0 0 0 0 0 17 28 36 161 0 0 0 0 0 11 1 1 17 97 336 123 12 3 0 5 73 0 0 0 55 99 38 87 16 0 0 0 0 0 0 0 0 0 0 0 0 0 0 0 0
0 0 0 0 0 2 7 1 0 29 232 19 1 1 92 31 39 20 9 0 0 0 1 0 0 7 27 0 2 1 0 0 1 3 20 2 0 0 0 6 0 24 16 0 0 1 0 0 0 0 7 45 23 26 32 4 1 2 0 0 0 0 0 0 0 0 0 0 0 0 0 0 0 0 0 0 0 55 125 6 0 7 0 0 0 0 0 75 7 0 0 3 3 2 0 0 1 0 6 1 1 0 0 4 1 16 21 23 170 5 0 0 0 1 51 93 165 470 105 167 466 134 5 11 256 35 0 0 0 140 204 0 0 0 0 0 0 0 0 0 0 0 0 0 0 0 0 0 0 0
0 2 0 4 0 1 5 8 19 2 7 95 9 10 0 0 1 8 1 0 1 0 1 2 5 0 3 0 17 2 0 0 2 2 0 0 1 0 2 0 1 8 33 14 2 0 4 1 0 0 1 78 20 1 0 2 0 0 8 0 0 0 0 0 0 0 0 0 0 0 0 0 0 0 0 1 0 6 40 7 0 0 0 0 0 0 0 20 0 0 0 0 8 8 0 0 0 0 0 6 0 0 0 0 8 0 2 20 62 9 0 0 0 0 60 389 545 395 64 50 85 198 160 319 149 5 0 0 5 504 167 0 0 0 0 0 0 0 0 0 0 0 0 0 0 0 0 0 0 0
0 0 1 0 0 0 12 9 8 0 10 25 1 2 0 0 1 3 0 4 0 0 0 0 0 0 2 9 4 1 0 0 0 0 0 0 0 0 10 3 0 1 0 1 4 1 0 1 0 0 2 101 1 1 1 2 0 0 1 1 0 0 0 0 0 0 0 0 0 0 0 0 0 0 0 0 1 0 55 52 19 7 10 0 0 0 0 0 2 0 0 0 1 1 2 0 0 0 0 7 0 0 1 11 0 6 10 2 91 0 0 1 51 1 3 16 1 40 549 210 20 324 870 434 440 343 164 293 914 2031 762 10 0 0 0 0 0 0 0 0 0 0 0 0 0 0 0 0 0 0
0 1 3 0 0 6 11 2 0 6 34 5 0 29 2 2 2 1 0 0 0 0 0 0 0 0 1 0 0 0 0 2 0 0 2 0 0 0 0 22 0 4 1 0 0 0 7 5 1 2 7 304 36 15 2 19 0 4 0 3 0 0 0 0 0 0 0 0 0 0 0 0 0 0 0 0 0 2 87 1 0 21 13 0 0 0 0 0 0 0 0 0 1 1 1 2 0 0 2 3 2 0 1 3 4 11 12 2 102 28 0 12 16 0 1 6 0 221 370 379 482 627 679 838 1509 1382 884 955 1163 786 1049 3 0 0 0 0 0 0 0 0 0 0 0 0 0 0 0 0 0 0
0 0 0 0 13 10 0 1 11 9 6 2 2 0 10 55 6 2 2 1 0 0 0 0 3 8 0 1 0 0 0 1 0 1 0 5 0 4 0 0 0 0 0 0 0 4 0 0 5 45 673 587 12 115 9 5 3 0 0 8 1 0 0 0 0 0 0 0 0 0 0 0 0 0 0 0 0 0 6 0 0 3 0 0 0 0 0 0 3 1 0 0 0 0 0 0 0 0 0 1 1 3 85 1 3 1 35 37 4 3 4 2 9 1 0 5 3 38 419 1315 1439 838 237 699 1479 1133 347 766 642 14 183 88 0 0 0 0 0 0 0 0 0 0 0 0 0 0 0 0 0 0
4 1 0 13 14 0 1 0 10 1 5 1 5 1 2 0 2 0 0 0 0 0 0 0 2 3 0 0 0 0 2 49 24 2 1 1 0 0 0 0 0 0 0 2 0 0 0 0 1 33 811 947 752 710 83 28 2 8 3 5 0 0 0 0 0 0 0 0 0 0 0 0 0 0 0 0 0 0 0 15 0 0 0 0 0 0 0 0 75 0 0 7 0 0 0 0 0 0 0 3 2 0 32 75 4 33 231 40 4 0 4 0 0 0 0 11 5 5 126 521 442 467 276 1799 1477 1000 257 269 46 549 1532 653 0 0 0 0 0 0 0 0 0 0 0 0 0 0 0 0 0 0
7 2 3 41 2 0 14 5 23 13 4 45 0 5 0 0 0 1 0 0 0 0 0 0 0 0 4 1 0 0 0 14 12 3 0 0 1 0 0 0 0 0 0 0 0 0 0 0 0 19 357 441 591 420 80 103 24 1 2 3 1 0 0 0 0 0 0 0 0 0 0 0 0 0 0 0 0 1 0 34 59 4 2 0 0 0 0 2 14 0 2 11 78 0 0 0 0 1 0 9 6 38 48 119 16 7 3 4 0 0 0 0 0 1 0 0 4 9 13 30 264 245 257 568 1350 1006 562 515 437 994 476 550 3 0 0 0 0 0 0 0 0 0 0 0 0 0 0 0 0 0
24 7 9 18 9 5 10 6 1 1 4 4 1 0 0 0 0 0 0 0 0 0 0 0 0 0 0 1 0 0 3 1 0 0 0 1 0 0 0 0 0 0 0 0 0 1 5 2 0 4 35 332 286 49 23 19 6 3 1 2 3 0 0 0 0 0 0 0 0 0 0 0 0 0 0 0 0 0 0 0 1 4 0 0 0 1 31 63 15 0 2 104 123 5 0 0 0 0 0 17 50 11 39 270 72 2 0 0 3 0 0 0 0 0 1 2 0 4 21 30 192 602 417 357 387 818 920 1526 184 156 128 133 0 0 0 0 0 0 0 0 0 0 0 0 0 0 0 0 0 0
0 0 37 0 23 1 14 88 7 7 13 2 1 2 0 0 0 0 0 1 0 0 0 0 0 0 0 0 4 0 0 0 0 0 0 0 0 0 2 0 0 0 0 0 0 1 0 0 2 7 5 29 94 18 4 5 0 57 77 1 0 0 1 0 0 0 0 0 0 0 0 0 0 0 0 0 0 0 0 0 0 2 30 15 6 23 0 0 1 0 71 103 104 2 1 0 0 3 10 10 33 309 203 484 327 19 13 4 1 0 0 1 0 1 1 1 0 26 31 323 371 531 1516 2065 918 226 1866 2451 1346 0 0 0 0 0 0 0 0 0 0 0 0 0 0 0 0 0 0 0 0 0
1 35 26 0 21 20 4 59 12 12 1 0 2 1 0 0 0 0 0 0 0 0 0 1 0 0 0 4 4 0 0 1 0 0 0 0 0 0 0 0 1 1 0 0 0 0 0 0 3 5 0 25 71 3 22 0 0 8 109 17 3 0 0 0 0 0 0 0 0 0 0 0 0 0 0 0 0 0 0 0 8 9 4 0 0 5 18 17 16 33 69 135 87 20 111 32 18 4 0 8 71 338 821 268 322 73 2 5 3 0 1 0 0 0 1 0 3 60 324 461 532 16 38 171 212 197 582 783 288 7 89 5 0 0 0 0 0 0 0 0 0 1 0 0 0 0 0 0 0 0
28 7 166 1 55 146 71 3 7 3 2 1 0 14 0 0 1 0 0 0 15 2 0 0 0 0 0 0 0 0 0 0 0 0 0 0 0 0 0 0 2 0 1 0 0 1 0 0 6 0 0 9 26 0 1 3 0 1 2 24 1 0 0 0 0 0 0 0 0 0 0 0 0 0 0 0 0 0 0 8 1 37 0 0 17 0 1 0 0 1 2 6 107 7 1 1 0 0 0 4 5 83 911 250 143 274 10 15 9 2 7 0 0 0 0 7 75 305 56 19 0 0 0 0 41 297 124 473 260 12 0 6 0 0 0 0 0 0 0 0 0 0 0 0 0 0 0 0 0 0
11 38 116 261 405 635 248 28 3 0 0 0 0 0 3 0 0 0 1 0 0 2 0 0 0 0 0 0 0 0 0 0 0 0 0 1 0 1 0 0 0 1 0 14 7 8 0 20 3 0 0 18 5 1 0 11 1 0 11 1 0 1 0 0 0 0 0 0 0 0 0 0 0 0 0 0 0 0 6 51 1 0 0 0 2 0 1 27 4 0 0 0 0 0 0 0 0 0 0 0 0 120 500 269 185 95 0 1 0 1 1 0 0 0 10 106 98 3 13 54 1 0 0 0 18 403 184 477 156 10 7 0 0 0 0 0 0 0 0 0 0 0 0 0 0 0 0 0 0 0
3 82 385 1004 418 363 187 46 0 3 0 3 1 0 0 0 0 0 2 0 0 0 0 0 2 0 2 1 1 1 0 0 0 0 0 0 0 0 0 2 0 5 1 6 7 0 0 13 38 1 0 0 22 0 2 6 2 1 0 0 0 1 0 0 0 0 0 0 0 0 0 0 0 0 0 0 0 18 3 0 0 0 0 0 0 0 10 5 2 2 0 0 0 0 0 1 0 0 0 0 2 30 36 45 212 60 2 0 0 0 6 0 7 12 11 0 0 1 2 27 21 89 3 0 6 82 58 248 56 1 0 0 0 0 0 0 0 0 0 0 0 0 0 0 0 0 0 0 0 0
0 4 293 247 145 151 42 16 22 1 1 3 0 0 0 0 0 0 1 4 2 1 0 0 0 1 0 0 4 7 0 0 0 0 2 3 0 0 0 0 0 1 1 0 0 1 0 0 5 11 0 0 0 0 1 3 0 0 0 0 0 0 0 0 0 0 0 0 0 0 0 0 0 0 0 0 2 1 0 0 0 0 0 0 0 0 20 0 1 13 28 0 0 0 3 10 0 0 0 349 829 141 201 154 3 121 36 0 0 2 3 34 9 0 0 0 0 0 11 41 140 69 200 104 87 40 6 0 0 2 0 0 0 0 0 0 0 0 0 0 0 0 0 0 0 0 0 0 0 0
15 27 97 79 82 36 6 1 0 1 12 0 0 0 0 0 0 0 0 0 1 48 0 0 0 0 0 0 0 3 0 0 0 6 4 0 0 0 0 0 0 0 0 1 3 28 1 0 0 0 0 0 2 0 6 8 0 0 0 0 0 0 0 0 0 0 0 0 0 0 0 0 0 0 0 0 3 1 0 0 0 0 0 0 0 7 11 1 0 32 33 0 0 0 31 181 73 12 186 1219 434 347 149 33 0 11 49 95 0 3 28 0 0 0 0 0 1 0 48 26 115 35 30 84 13 21 32 16 52 18 8 0 0 0 0 0 0 0 0 0 0 0 0 0 0 0 0 0 0 0
138 11 16 8 0 0 1 0 0 0 0 1 1 1 0 1 0 0 3 2 1 8 0 2 0 0 0 3 1 7 1 0 0 6 12 0 0 0 0 0 0 0 0 1 0 21 0 15 1 0 1 0 3 4 56 206 8 0 0 0 0 0 0 0 0 0 0 0 0 0 0 0 0 0 16 9 0 0 0 0 0 0 1 0 0 0 23 15 0 0 83 13 5 15 90 240 81 8 71 93 6 4 12 33 3 0 1 155 577 154 0 0 2 0 1 0 0 1 2 1 56 1 3 4 24 70 74 53 244 56 39 0 0 0 0 0 0 0 0 0 0 0 0 0 0 0 0 0 0 0
11 2 4 0 0 1 5 0 0 0 0 1 0 1 0 0 0 0 0 0 0 1 0 0 0 0 1 1 0 0 15 67 33 0 0 0 0 0 0 0 0 0 0 0 1 2 0 0 0 0 0 1 2 1 19 3 0 0 0 0 0 0 0 0 0 0 0 0 0 0 0 0 0 0 6 19 0 0 0 0 0 0 0 0 0 0 32 31 196 29 60 22 11 91 2 49 10 4 0 1 14 2 0 1 0 0 165 302 154 58 0 0 1 0 0 0 0 4 0 0 8 15 6 24 8 152 94 254 168 174 43 0 0 0 0 0 0 0 0 0 0 0 0 0 0 0 0 0 0 0
0 1 0 2 0 0 0 0 0 0 0 0 0 0 0 0 0 0 0 0 1 0 0 0 0 0 0 0 4 0 0 0 1 1 1 1 0 0 0 0 0 0 0 0 0 4 1 0 0 0 0 7 10 86 8 2 4 0 0 0 0 0 0 0 0 0 0 0 0 0 0 1 8 3 2 0 0 0 0 0 0 0 0 0 0 0 6 0 117 2 0 0 0 0 2 17 1 3 7 0 0 3 0 3 3 207 809 389 120 69 0 0 0 0 0 0 0 0 37 3 13 23 0 11 1 7 90 94 8 20 4 1 0 0 0 0 0 0 0 0 0 0 0 0 0 0 0 0 0 0
1 0 0 0 0 2 0 0 0 0 0 0 0 0 0 0 0 0 1 1 0 0 0 4 0 4 0 0 0 0 0 0 0 0 2 0 0 0 1 0 0 0 1 0 0 2 0 0 0 0 0 2 5 69 6 0 9 0 0 0 0 0 0 0 0 0 0 0 0 0 7 6 11 0 0 0 0 0 0 0 0 0 0 0 0 0 1 0 0 0 0 0 10 16 5 0 3 0 5 3 16 1 0 0 80 80 124 39 44 174 0 0 0 0 0 0 0 0 0 6 0 0 5 106 104 20 216 53 21 14 2 0 0 0 0 0 0 0 0 0 0 0 0 0 0 0 0 0 0 0
0 0 0 0 0 28 0 0 0 0 0 0 0 0 0 0 0 0 0 0 0 0 0 0 1 0 7 0 0 0 1 6 0 0 1 0 0 0 0 0 0 0 5 1 1 1 0 0 0 0 6 0 4 0 10 0 31 4 0 0 0 0 0 0 0 0 0 2 6 8 3 0 0 0 0 0 0 0 0 0 0 0 0 0 0 0 1 1 1 0 0 20 159 11 0 1 2 0 3 6 3 4 2 22 57 13 0 1 4 4 1 0 0 0 0 0 0 0 0 0 3 4 0 22 0 0 0 281 7 4 0 0 0 0 0 0 0 0 0 0 0 0 0 0 0 0 0 0 0 0
0 0 0 0 59 18 0 0 0 0 0 0 0 0 7 0 0 0 0 0 0 0 0 0 0 0 0 2 5 0 0 0 1 0 0 0 0 0 1 0 0 0 0 6 0 1 0 0 0 2 6 0 0 25 5 0 8 7 0 0 0 0 0 0 0 0 2 0 22 2 0 0 0 0 0 0 0 0 0 0 0 0 0 0 0 0 0 3 30 46 111 281 147 13 0 0 0 0 0 19 24 507 192 30 14 17 2 0 0 9 10 0 0 0 0 0 0 0 0 0 1 0 0 0 0 82 235 55 0 0 0 0 0 0 0 0 0 0 0 0 0 0 0 0 0 0 0 0 0 0
0 0 0 0 4 1 1 0 0 0 0 0 3 3 0 0 0 0 0 0 0 0 0 0 0 0 0 0 0 7 0 0 0 0 0 6 2 0 0 0 0 0 0 0 1 2 0 0 0 0 3 0 0 5 42 2 0 0 0 0 0 0 0 0 0 0 0 0 19 5 0 0 0 0 0 0 0 0 0 0 0 0 0 0 0 1 0 1 10 80 236 126 61 25 1 0 0 3 3 19 62 159 61 8 0 0 2 1 0 0 4 0 0 0 0 0 0 0 0 1 0 27 54 1 0 121 98 0 0 0 0 0 0 1 0 0 0 0 0 0 0 0 0 0 0 0 0 0 0 0
1 0 0 0 0 0 0 0 0 0 0 0 20 19 0 0 1 2 1 0 0 0 0 0 0 9 1 1 0 13 0 0 0 0 1 1 0 0 0 0 0 0 0 0 2 9 6 0 0 0 14 0 3 21 13 1 0 0 0 0 0 0 0 0 0 0 0 19 99 0 0 0 0 0 0 0 0 0 0 0 0 0 0 0 0 11 16 0 0 10 0 2 18 1 25 0 0 0 18 11 22 0 2 3 0 0 0 4 3 23 12 37 0 0 0 0 0 0 0 0 0 0 0 0 0 0 0 2 1 0 0 0 0 0 0 0 0 0 0 0 0 0 0 0 0 0 0 0 0 0
0 0 0 0 3 0 0 0 0 0 0 0 0 1 0 1 0 0 0 0 0 0 0 0 0 0 3 1 0 1 0 0 0 0 0 1 0 0 0 0 0 0 0 0 0 1 0 14 0 17 0 0 0 4 10 13 2 1 2 0 0 0 0 0 0 0 14 24 14 0 0 0 0 0 0 0 0 0 0 0 0 0 0 3 78 2 0 0 6 17 1 3 9 1 4 9 14 21 16 21 10 3 0 1 3 0 0 12 47 107 143 310 47 15 0 0 0 0 0 0 0 0 0 0 0 0 0 0 0 0 0 0 0 0 0 0 0 0 0 0 0 0 0 0 0 0 0 0 0 0
0 0 0 0 1 2 2 0 0 0 0 1 1 0 0 0 0 0 0 0 0 0 0 0 0 0 0 0 1 0 0 0 0 0 0 0 1 0 0 0 0 0 0 0 0 0 0 2 8 0 0 0 0 0 0 122 104 1 2 0 0 0 0 0 1 12 71 75 2 0 2 0 0 0 0 0 0 0 0 0 0 0 0 25 23 0 1 2 4 6 6 1 1 0 0 9 45 20 3 6 6 0 0 0 2 0 15 1 41 45 130 28 15 1 3 0 0 0 0 0 0 0 0 0 0 0 0 0 0 0 0 0 0 0 0 0 0 0 0 0 0 0 0 0 0 0 0 0 0 0
0 2 3 0 0 1 0 0 0 0 0 0 0 0 0 3 2 0 0 0 0 0 0 0 0 0 0 0 0 0 0 0 0 0 0 0 1 0 0 0 0 0 0 0 0 0 10 6 59 2 0 0 0 0 8 6 5 9 14 17 9 8 3 12 13 8 1 1 1 2 0 0 0 0 0 0 0 0 0 0 0 0 0 0 0 0 0 5 0 3 0 0 1 0 5 149 8 0 0 0 0 0 1 0 31 65 342 857 356 54 18 0 9 29 0 0 0 0 0 0 0 0 0 0 0 0 0 0 0 0 0 0 0 0 0 0 0 0 0 0 0 0 0 0 0 0 0 0 0 0
0 0 1 0 3 27 5 5 1 0 1 3 0 1 0 0 1 0 0 0 0 0 0 0 0 0 0 0 0 0 3 0 0 0 0 0 0 0 1 0 0 0 0 1 0 1 20 16 0 0 0 0 2 5 8 3 0 0 1 8 0 0 0 8 5 0 0 53 0 8 0 5 0 0 0 0 0 0 0 0 0 0 0 1 0 0 0 0 0 0 19 18 0 1 74 14 2 0 0 0 2 3 0 9 42 80 135 362 194 172 85 117 73 2 0 0 0 0 0 0 0 0 0 0 0 0 0 0 0 0 0 0 0 0 0 0 0 0 0 0 0 0 0 0 0 0 0 0 0 0
0 0 0 0 20 37 2 0 0 0 0 0 0 0 0 0 0 2 0 0 0 0 0 0 0 0 0 0 0 0 0 0 1 0 0 0 0 0 0 0 0 4 1 1 0 0 7 0 2 0 6 0 3 1 5 0 2 6 2 3 0 1 1 3 1 2 1 2 4 0 0 0 2 1 0 0 0 0 0 0 0 0 0 0 0 0 0 0 0 0 0 1 5 16 0 34 165 0 0 0 0 0 0 32 131 168 1 0 6 17 0 3 10 0 0 0 0 0 0 0 0 0 0 0 0 0 0 0 0 0 0 0 0 0 0 0 0 0 0 0 0 0 0 0 0 0 0 0 0 0
2 0 1 1 0 1 1 0 3 0 0 0 0 1 0 0 0 0 0 1 0 0 0 0 0 0 0 0 0 0 0 1 0 0 0 0 1 0 0 0 0 0 0 1 0 0 6 1 5 2 1 0 4 0 0 0 0 0 1 3 2 4 1 0 0 0 0 0 0 0 2 1 4 0 0 0 0 0 0 0 0 0 0 0 0 0 0 0 1 0 0 22 103 7 15 143 245 0 0 0 0 0 0 2 26 0 0 0 0 0 43 7 0 0 0 0 0 0 0 0 0 0 0 0 0 0 0 0 0 0 0 0 0 0 0 0 0 0 0 0 0 0 0 0 5 0 0 0 0 0
0 0 0 1 0 1 1 0 0 6 0 0 0 0 4 0 0 0 1 0 0 0 0 0 0 0 0 0 0 0 0 1 0 0 0 0 0 0 0 0 0 1 0 0 0 0 0 0 0 0 4 2 8 2 1 0 0 0 9 3 5 2 0 0 0 0 0 0 0 0 0 2 1 0 0 0 0 0 0 0 0 0 0 1 0 0 0 1 25 5 5 41 143 147 24 0 1 0 0 0 0 0 2 0 2 0 0 3 0 58 145 3 1 0 0 0 0 0 0 0 0 0 0 0 0 0 0 0 0 0 0 0 0 0 0 0 0 0 0 0 0 0 0 0 0 0 0 0 0 0
0 1 0 0 1 1 0 0 0 0 0 0 0 5 0 0 0 0 0 0 0 0 0 0 0 0 0 0 0 0 0 0 0 0 0 0 0 0 0 0 0 0 0 0 0 0 0 0 0 0 16 4 3 0 0 0 0 0 1 7 2 0 0 0 0 0 0 0 0 0 0 0 0 0 0 0 0 0 0 0 0 0 0 0 0 0 0 1 0 2 14 52 420 0 0 8 7 0 0 0 0 0 0 2 2 0 0 4 18 7 44 17 0 0 0 0 0 0 0 0 0 0 0 0 0 0 0 0 0 0 0 0 0 0 0 0 0 0 0 0 0 0 0 0 0 0 0 0 0 0
0 0 0 0 0 0 0 0 0 1 0 2 1 0 0 1 0 0 0 0 0 0 0 0 1 0 0 0 0 0 0 0 0 0 0 0 0 0 0 0 0 0 0 2 0 0 0 0 0 0 1 8 0 0 0 0 5 9 2 8 5 0 0 0 0 0 0 0 0 0 2 71 2 0 0 0 0 0 0 0 0 0 0 0 0 0 0 0 0 1 21 18 3 3 33 1 0 0 0 0 0 0 0 0 0 0 0 0 0 0 0 0 0 0 0 0 0 0 0 0 0 0 0 0 0 0 0 0 0 0 0 0 0 0 0 0 0 0 0 0 0 0 0 0 0 0 0 0 0 0
0 0 0 0 0 0 0 0 0 0 0 0 0 0 0 0 0 0 0 0 0 2 3 31 0 0 0 0 0 0 0 0 0 0 0 0 1 0 0 0 0 0 0 0 0 0 0 0 0 0 0 25 4 3 5 3 0 0 0 0 2 12 6 0 0 0 0 0 0 0 0 4 14 0 1 0 0 0 0 0 0 0 0 0 0 0 0 0 0 2 0 22 28 14 10 2 0 0 0 0 0 0 0 0 0 0 0 0 0 0 0 0 0 0 0 0 0 0 0 0 0 0 0 0 0 0 0 0 0 0 0 0 0 0 0 0 0 0 0 0 0 0 0 0 0 0 0 0 0 0
0 0 0 0 0 0 0 0 0 0 0 1 0 1 0 0 0 0 0 0 0 1 0 2 3 0 0 0 0 0 0 0 0 0 0 0 0 0 0 0 0 1 0 0 0 0 0 0 0 0 1 31 19 4 3 1 0 0 0 0 2 22 84 0 0 0 0 0 0 0 0 0 0 0 9 1 0 0 0 0 0 0 0 0 0 0 2 0 0 2 19 2 0 45 34 20 0 0 0 0 0 0 0 0 0 0 0 0 0 0 0 0 0 0 0 0 0 0 0 0 0 0 0 0 0 0 0 0 0 0 0 0 0 0 0 0 0 0 0 0 0 0 0 0 0 0 0 0 0 0
0 0 0 0 0 0 0 0 0 0 0 0 4 13 0 0 0 2 2 0 0 0 0 0 2 0 0 0 0 0 0 0 0 0 0 0 0 0 0 0 0 0 0 0 0 0 0 0 0 10 7 42 126 12 16 4 0 0 1 0 0 14 0 0 0 0 0 0 0 0 0 0 0 6 0 0 0 0 0 0 0 0 0 0 0 0 0 0 0 0 0 8 18 4 4 4 0 0 0 0 0 0 0 0 0 0 0 0 0 0 0 0 0 0 0 0 0 0 0 0 0 0 0 0 0 0 0 0 0 0 0 0 0 0 0 0 0 0 0 0 0 0 0 0 0 0 0 0 0 0
0 0 0 0 0 0 0 2 0 0 0 0 8 91 1 1 0 2 3 1 0 1 0 0 0 1 2 0 0 0 0 0 0 0 0 0 0 0 0 0 1 0 0 0 0 0 0 0 4 0 1 24 253 1 19 0 0 0 0 0 3 9 3 0 0 0 0 0 0 0 0 0 0 0 0 0 0 0 0 0 0 0 0 0 0 0 0 0 0 0 0 5 4 3 3 4 8 0 8 12 0 0 0 0 0 0 0 0 0 0 0 0 0 0 0 0 0 0 0 0 0 0 0 0 0 0 0 0 0 0 0 0 0 0 0 0 0 0 0 0 0 0 0 0 0 0 0 0 0 0
0 0 0 0 1 0 0 0 0 1 0 0 0 0 0 0 0 0 2 0 0 0 0 2 0 0 0 0 0 0 0 0 0 0 0 1 0 0 0 0 0 0 0 0 0 0 0 9 0 3 0 15 31 0 0 2 0 0 0 0 17 2 0 1 0 0 0 0 0 0 0 0 0 0 0 0 0 0 0 0 0 0 0 0 0 0 0 0 0 0 0 0 0 0 0 0 6 0 23 0 0 0 0 0 0 0 0 0 0 0 0 0 0 0 0 0 0 0 0 0 0 0 0 0 0 0 0 0 0 0 0 0 0 0 0 0 0 0 0 0 0 0 0 0 0 1 0 0 0 0
0 1 0 0 0 0 0 0 0 1 1 0 0 0 0 0 0 0 0 0 0 3 0 0 0 0 0 0 0 0 0 1 1 1 14 2 0 0 0 0 0 0 0 0 0 4 10 9 0 0 0 0 0 0 0 0 0 0 0 1 9 0 0 0 0 0 0 0 0 0 0 0 0 0 0 0 0 0 0 0 0 0 0 0 0 0 0 0 0 0 0 0 0 0 0 3 30 17 0 0 1 0 0 0 0 0 0 0 0 0 0 0 0 0 0 0 0 0 0 0 0 0 0 0 0 0 0 0 0 0 0 0 0 0 0 0 0 0 0 0 0 0 0 3 0 2 0 0 0 0
2 0 0 0 0 0 0 0 0 0 0 1 0 0 0 0 0 0 0 2 4 0 0 0 3 1 0 0 0 0 0 4 0 0 0 1 0 0 0 0 0 0 0 0 0 3 1 0 0 0 0 0 0 0 0 1 0 0 0 1 0 3 0 0 0 0 0 0 0 0 0 3 4 0 0 0 0 0 0 0 0 0 0 0 0 0 0 0 0 0 0 0 0 0 2 0 6 6 0 2 4 4 0 0 0 0 0 0 0 0 0 0 0 0 0 0 0 0 0 0 0 0 0 0 0 0 0 0 0 0 0 0 0 0 0 0 0 0 0 0 0 0 0 0 0 0 0 0 0 0
0 0 0 0 1 0 0 0 0 0 0 5 0 0 0 0 1 0 0 0 0 0 0 0 0 0 0 0 0 0 0 0 0 0 0 0 0 0 0 0 0 0 0 0 2 0 0 0 0 0 0 0 0 0 0 0 0 0 0 0 3 0 0 0 0 0 0 0 0 0 6 14 0 0 0 0 0 0 0 0 0 0 0 0 0 0 0 0 0 0 0 0 0 0 18 0 0 0 0 1 0 0 0 0 0 0 0 0 0 0 0 0 0 0 0 0 0 0 0 0 0 0 0 0 0 0 0 0 0 0 0 0 0 0 0 0 0 0 0 0 0 0 0 0 0 0 0 0 0 0
0 0 0 0 0 0 0 0 0 2 1 0 9 0 0 1 1 0 0 0 0 0 0 0 0 0 0 0 0 0 0 0 0 0 0 0 0 0 0 0 0 0 0 6 1 0 0 0 0 0 0 0 0 0 0 0 0 0 0 1 3 0 0 0 0 0 0 0 0 0 11 0 0 0 0 0 0 0 0 0 0 0 0 0 0 0 0 0 0 0 0 0 0 0 1 0 7 0 0 0 1 0 0 0 0 0 0 0 0 0 0 0 0 0 0 0 0 0 0 0 0 0 0 0 0 0 0 0 0 0 0 0 0 0 0 0 0 0 0 0 0 0 0 0 0 0 0 0 0 0
0 0 0 0 0 3 1 0 1 2 0 2 7 5 5 8 15 2 0 0 0 0 0 0 0 0 0 0 0 0 0 0 0 0 0 0 0 0 0 0 0 0 0 4 0 0 0 0 0 0 0 0 0 0 0 0 0 0 0 7 7 0 0 0 0 0 0 0 8 0 0 0 0 0 0 0 0 0 0 0 0 0 0 0 0 0 0 0 0 0 0 0 0 0 0 0 2 1 1 1 0 0 0 0 0 0 0 0 0 0 0 0 0 0 0 0 0 0 0 0 0 0 0 0 0 0 0 0 0 0 0 0 0 0 0 0 0 0 0 0 0 0 0 0 0 0 0 0 0 0
0 0 0 0 0 1 0 0 0 1 0 0 4 0 0 0 1 4 7 0 0 0 0 0 0 0 0 0 0 0 0 0 0 0 0 2 1 0 2 0 0 0 10 6 0 0 0 0 0 0 0 0 0 0 0 0 0 0 0 0 20 34 5 0 0 0 0 1 68 25 0 0 0 0 0 0 0 0 0 0 0 0 0 0 0 0 0 0 0 1 0 0 0 0 0 0 0 0 1 0 0 0 0 0 0 0 0 0 0 0 0 0 0 0 0 0 0 0 0 0 0 0 0 0 0 0 0 0 0 0 0 0 0 0 0 0 0 0 0 0 0 0 0 0 0 0 0 0 0 0
1 2 2 0 2 0 0 0 0 0 3 9 88 14 0 2 27 0 3 12 1 1 0 9 0 3 0 0 0 0 0 0 0 0 3 3 14 7 6 1 0 1 66 0 0 0 0 0 0 0 0 0 0 0 0 0 0 0 0 0 0 0 0 0 74 37 17 0 0 0 0 0 0 0 0 0 0 0 0 0 0 0 0 0 0 0 0 0 0 0 0 0 0 0 0 0 0 0 0 0 0 0 0 0 0 0 0 0 0 0 0 0 0 0 0 0 0 0 0 0 0 0 0 0 0 0 0 0 0 0 0 0 0 0 0 0 0 0 0 0 0 0 0 0 0 0 0 0 0 0
4 59 14 2 0 0 0 0 0 0 2 0 13 0 0 0 3 0 1 1 34 155 36 16 6 0 0 0 0 0 0 0 0 0 3 2 34 1 0 1 2 15 4 0 0 0 0 0 0 0 0 0 0 0 0 0 0 0 0 0 0 0 0 0 14 6 0 0 0 0 0 0 0 0 0 0 0 0 0 0 0 0 0 0 0 0 0 0 0 0 0 0 0 0 0 0 0 0 0 0 0 0 0 0 0 0 0 0 0 0 0 0 0 0 0 0 0 0 0 0 0 0 0 0 0 0 0 0 0 0 0 0 0 0 0 0 0 0 0 0 0 0 0 0 0 0 0 0 0 0
20 12 21 0 0 0 0 0 0 0 0 3 3 0 0 4 7 2 0 1 5 205 25 5 23 6 0 0 3 11 6 0 0 0 0 0 4 2 2 5 13 23 0 0 0 0 0 0 0 0 0 0 0 0 0 0 0 0 0 0 0 0 0 0 0 0 0 0 0 0 0 0 0 0 0 0 0 0 0 0 0 0 0 0 0 0 0 0 0 0 0 0 0 0 0 0 0 0 0 0 0 0 0 0 0 0 0 0 0 0 0 0 0 0 0 0 0 0 0 0 0 0 0 0 0 0 0 0 0 0 0 0 0 0 0 0 0 0 0 0 0 0 0 0 0 0 0 0 0 0
0 0 0 0 1 0 0 0 0 0 0 6 3 0 0 0 2 5 0 7 0 3 1 10 1 19 4 3 7 2 0 0 0 0 0 1 5 0 0 0 0 2 0 0 0 0 0 0 0 0 0 0 0 0 0 0 0 0 0 0 0 0 0 0 0 0 0 0 0 0 0 0 0 0 0 0 0 0 0 0 0 0 0 0 0 0 0 0 0 0 0 0 0 0 0 0 0 0 0 0 0 0 0 0 0 0 0 0 0 0 0 0 0 0 0 0 0 0 0 0 0 0 0 0 0 0 0 0 0 0 0 0 0 0 0 0 0 0 0 0 0 0 0 0 0 0 0 0 0 0
0 0 0 0 0 0 0 0 0 0 0 0 0 1 0 0 0 0 0 4 0 0 0 2 2 10 16 11 34 5 0 5 7 16 6 2 0 0 0 0 0 0 0 0 0 0 0 0 0 0 0 0 0 0 0 0 0 0 0 0 0 0 0 0 0 0 0 0 0 0 0 0 0 0 0 0 0 0 0 0 0 0 0 0 0 0 0 0 0 0 0 0 0 0 0 0 0 0 0 0 0 0 0 0 0 0 0 0 0 0 0 0 0 0 0 0 0 0 0 0 0 0 0 0 0 0 0 0 0 0 0 0 0 0 0 0 0 0 0 0 0 0 0 0 0 0 0 0 0 0
0 0 0 0 0 0 0 0 0 0 0 0 0 0 0 0 0 0 0 0 0 0 0 0 2 0 1 3 145 38 3 7 7 31 1 0 5 0 0 0 0 0 0 0 0 0 0 0 0 0 0 0 0 0 0 0 0 0 0 0 0 0 0 0 0 0 0 0 0 0 0 0 0 0 0 0 0 0 0 0 0 0 0 0 0 0 0 0 0 0 0 0 0 0 0 0 0 0 0 0 0 0 0 0 0 0 0 0 0 0 0 0 0 0 0 0 0 0 0 0 0 0 0 0 0 0 0 0 0 0 0 0 0 0 0 0 0 0 0 0 0 0 0 0 0 0 0 0 0 0
0 0 0 0 0 0 0 0 0 0 0 0 0 0 0 0 0 0 0 0 0 0 0 0 0 1 5 11 0 1 1 0 2 1 0 1 3 0 0 0 0 0 0 0 0 0 0 0 0 0 0 0 0 0 0 0 0 0 0 0 0 0 0 0 0 0 0 0 0 0 0 0 0 0 0 0 0 0 0 0 0 0 0 0 0 0 0 0 0 0 0 0 0 0 0 0 0 0 0 0 0 0 0 0 0 0 0 0 0 0 0 0 0 0 0 0 0 0 0 0 0 0 0 0 0 0 0 0 0 0 0 0 0 0 0 0 0 0 0 0 0 0 0 0 0 0 0 0 0 0
0 0 0 0 0 0 0 6 0 0 1 0 0 1 0 0 0 0 0 0 0 0 0 0 6 1 10 0 0 0 5 1 0 0 0 0 0 0 0 0 0 0 0 0 0 0 0 0 0 0 0 0 0 0 0 0 0 0 0 0 0 0 0 0 0 0 0 0 0 0 0 0 0 0 0 0 0 0 0 0 0 0 0 0 0 0 0 0 0 0 0 0 0 0 0 0 0 0 0 0 0 0 0 0 0 0 0 0 0 0 0 0 0 0 0 0 0 0 0 0 0 0 0 0 0 0 0 0 0 0 0 0 0 0 0 0 0 0 0 0 0 0 0 0 0 0 0 0 0 0
0 0 0 0 0 0 0 0 0 0 0 0 2 6 0 0 0 0 0 0 0 0 0 0 0 0 0 0 0 0 0 0 22 0 0 0 3 2 0 0 0 0 0 0 0 0 0 0 0 0 0 0 0 0 0 0 0 0 0 0 0 0 0 0 0 0 0 0 0 0 0 0 0 0 0 0 0 0 0 0 0 0 0 0 0 0 0 0 0 0 0 0 0 0 0 0 0 0 0 0 0 0 0 0 0 0 0 0 0 0 0 0 0 0 0 0 0 0 0 0 0 0 0 0 0 0 0 0 0 0 0 0 0 0 0 0 0 0 0 0 0 0 0 0 0 0 0 0 0 0
0 0 0 0 0 0 0 0 0 0 0 4 5 0 0 0 0 0 0 0 0 0 0 0 0 0 0 17 1 7 7 0 0 0 0 0 0 0 0 0 0 0 0 0 0 0 0 0 0 0 0 0 0 0 0 0 0 0 0 0 0 0 0 0 0 0 0 0 0 0 0 0 0 0 0 0 0 0 0 0 0 0 0 0 0 0 0 0 0 0 0 0 0 0 0 0 0 0 0 0 0 0 0 0 0 0 0 0 0 0 0 0 0 0 0 0 0 0 0 0 0 0 0 0 0 0 0 0 0 0 0 0 0 0 0 0 0 0 0 0 0 0 0 0 0 0 0 0 0 0
0 0 0 0 0 0 0 0 0 0 0 0 0 0 0 0 0 0 0 0 0 0 0 0 0 0 0 4 3 0 0 0 1 10 1 0 0 0 0 0 0 0 0 0 0 0 0 0 0 0 0 0 0 0 0 0 0 0 0 0 0 0 0 0 0 0 0 0 0 0 0 0 0 0 0 0 0 0 0 0 0 0 0 0 0 0 0 0 0 0 0 0 0 0 0 0 0 0 0 0 0 0 0 0 0 0 0 0 0 0 0 0 0 0 0 0 0 0 0 0 0 0 0 0 0 0 0 0 0 0 0 0 0 0 0 0 0 0 0 0 0 0 0 0 0 0 0 0 0 0
0 0 0 0 0 0 0 0 0 0 2 9 0 1 0 0 0 0 0 0 0 0 0 0 0 0 0 0 0 0 0 0 0 0 0 0 0 0 0 0 0 0 0 0 0 0 0 0 0 0 0 0 0 0 0 0 0 0 0 0 0 0 0 0 0 0 0 0 0 0 0 0 0 0 0 0 0 0 0 0 0 0 0 0 0 0 0 0 0 0 0 0 0 0 0 0 0 0 0 0 0 0 0 0 0 0 0 0 0 0 0 0 0 0 0 0 0 0 0 0 0 0 0 0 0 0 0 0 0 0 0 0 0 0 0 0 0 0 0 0 0 0 0 0 0 0 0 0 0 0
0 0 0 0 0 0 0 0 0 3 7 0 0 0 0 0 0 0 0 0 0 0 0 0 0 0 0 0 0 0 0 0 0 0 0 0 0 0 0 0 0 0 0 0 0 0 0 0 0 0 0 0 0 0 0 0 0 0 0 0 0 0 0 0 0 0 0 0 0 0 0 0 0 0 0 0 0 0 0 0 0 0 0 0 0 0 0 0 0 0 0 0 0 0 0 0 0 0 0 0 0 0 0 0 0 0 0 0 0 0 0 0 0 0 0 0 0 0 0 0 0 0 0 0 0 0 0 0 0 0 0 0 0 0 0 0 0 0 0 0 0 0 0 0 0 0 0 0 0 0
0 0 0 0 0 0 0 0 0 0 6 0 0 0 0 0 0 0 0 0 0 0 0 0 0 0 0 0 0 0 0 0 0 0 0 0 0 0 0 0 0 0 0 0 0 0 0 0 0 0 0 4 0 0 0 0 0 0 0 0 0 0 0 0 0 0 0 0 0 0 0 0 0 0 0 0 0 0 0 0 0 0 0 0 0 0 0 0 0 0 0 0 0 0 0 0 0 0 0 0 0 0 0 0 0 0 0 0 0 0 0 0 0 0 0 0 0 0 0 0 0 0 0 0 0 0 0 0 0 0 0 0 0 0 0 0 0 0 0 0 0 0 0 0 0 0 0 0 0 0
0 0 0 0 0 0 0 0 15 41 0 0 0 0 0 0 0 0 0 0 0 0 0 0 0 0 0 0 0 0 0 0 0 0 0 0 0 0 0 0 0 0 0 0 0 0 0 0 1 0 0 0 0 0 0 0 0 0 0 0 0 0 0 0 0 0 0 0 0 0 0 0 0 0 0 0 0 0 0 0 0 0 0 0 0 0 0 0 0 0 0 0 0 0 0 0 0 0 0 0 0 0 0 0 0 0 0 0 0 0 0 0 0 0 0 0 0 0 0 0 0 0 0 0 0 0 0 0 0 0 0 0 0 0 0 0 0 0 0 0 0 0 0 0 0 0 0 0 0 0
0 0 0 0 0 3 14 10 51 1 0 0 0 0 0 0 0 0 0 0 0 0 0 0 0 0 0 0 0 0 0 0 0 0 0 0 0 0 0 0 0 0 0 0 0 0 0 0 0 22 28 0 0 0 0 0 0 0 0 0 0 0 0 0 0 0 0 0 0 0 0 0 0 0 0 0 0 0 0 0 0 0 0 0 0 0 0 0 0 0 0 0 0 0 0 0 0 0 0 0 0 0 0 0 0 0 0 0 0 0 0 0 0 0 0 0 0 0 0 0 0 0 0 0 0 0 0 0 0 0 0 0 0 0 0 0 0 0 0 0 0 0 0 0 0 0 0 0 0 0
0 0 0 0 0 0 21 52 0 0 0 0 0 0 0 0 0 0 0 0 0 0 0 0 0 0 0 0 0 0 0 0 0 0 0 0 0 0 0 0 0 0 0 0 0 0 0 0 0 0 0 0 3 0 0 0 0 0 0 0 0 0 0 0 0 0 0 0 0 0 0 0 0 0 0 0 0 0 0 0 0 0 0 0 0 0 0 0 0 0 0 0 0 0 0 0 0 0 0 0 0 0 0 0 0 0 0 0 0 0 0 0 0 0 0 0 0 0 0 0 0 0 0 0 0 0 0 0 0 0 0 0 0 0 0 0 0 0 0 0 0 0 0 0 0 0 0 0 0 0
0 0 0 0 0 0 0 0 0 0 0 0 0 0 0 0 0 0 0 0 0 0 0 0 0 0 0 0 0 0 0 0 0 0 0 0 0 0 0 0 0 0 0 0 0 0 0 0 1 0 1 0 68 6 0 0 0 0 0 0 0 0 0 0 0 0 0 0 0 0 0 0 0 0 0 0 0 0 0 0 0 0 0 0 0 0 0 0 0 0 0 0 0 0 0 0 0 0 0 0 0 0 0 0 0 0 0 0 0 0 0 0 0 0 0 0 0 0 0 0 0 0 0 0 0 0 0 0 0 0 0 0 0 0 0 0 0 0 0 0 0 0 0 0 0 0 0 0 0 0
0 0 0 0 0 0 0 0 0 0 0 0 0 0 0 0 0 0 0 0 0 0 0 0 0 0 0 0 0 0 0 0 0 0 0 0 0 0 0 0 0 0 0 0 0 0 0 0 0 0 0 0 3 1 0 0 0 0 0 0 0 0 0 0 0 0 0 0 0 0 0 0 0 0 0 0 0 0 0 0 0 0 0 0 0 0 0 0 0 0 0 0 0 0 0 0 0 0 0 0 0 0 0 0 0 0 0 0 0 0 0 0 0 0 0 0 0 0 0 0 0 0 0 0 0 0 0 0 0 0 0 0 0 0 0 0 0 0 0 0 0 0 0 0 0 0 0 0 0 0
0 0 0 0 0 0 0 0 0 0 0 0 0 0 0 0 0 0 0 0 0 0 0 0 0 0 0 0 0 0 0 0 0 0 0 0 0 3 0 0 0 0 0 0 0 0 0 0 0 0 0 4 4 0 0 0 0 0 0 0 0 0 0 0 0 0 0 0 0 0 0 0 0 0 0 0 0 0 0 0 0 0 0 0 0 0 0 0 0 0 0 0 0 0 0 0 0 0 0 0 0 0 0 0 0 0 0 0 0 0 0 0 0 0 0 0 0 0 0 0 0 0 0 0 0 0 0 0 0 0 0 0 0 0 0 0 0 0 0 0 0 0 0 0 0 0 0 0 0 0
0 0 0 0 0 0 0 0 0 0 0 0 0 0 0 0 0 0 0 0 0 0 0 0 0 0 0 0 0 0 0 0 1 0 0 0 0 0 0 0 0 0 0 0 0 0 0 0 0 0 0 0 1 0 0 0 0 0 0 0 0 0 0 0 0 0 0 0 0 0 0 0 0 0 0 0 0 0 0 0 0 0 0 0 0 0 0 0 0 0 0 0 0 0 0 0 0 0 0 0 0 0 0 0 0 0 0 0 0 0 0 0 0 0 0 0 0 0 0 0 0 0 0 0 0 0 0 0 0 0 0 0 0 0 0 0 0 0 0 0 0 0 0 0 0 0 0 0 0 0
0 0 0 0 0 0 0 0 0 0 0 0 0 0 0 0 0 0 0 0 0 0 0 0 0 0 0 0 0 1 1 0 0 0 1 0 1 0 0 0 0 0 0 0 0 0 0 0 0 0 0 0 0 0 0 0 0 0 0 0 0 0 0 0 0 0 0 0 0 0 0 0 0 0 0 0 0 0 0 0 0 0 0 0 0 0 0 0 0 0 0 0 0 0 0 0 0 0 0 0 0 0 0 0 0 0 0 0 0 0 0 0 0 0 0 0 0 0 0 0 0 0 0 0 0 0 0 0 0 0 0 0 0 0 0 0 0 0 0 0 0 0 0 0 0 0 0 0 0 0
0 0 0 0 0 0 0 0 0 0 0 0 0 0 0 0 0 0 0 0 0 0 0 0 0 0 0 0 0 0 2 12 1 0 0 0 1 0 0 0 0 0 0 0 0 0 0 0 0 0 0 0 0 0 0 0 0 0 0 0 0 0 0 0 0 0 0 0 0 0 0 0 0 0 0 0 0 0 0 0 0 0 0 0 0 0 0 0 0 0 0 0 0 0 0 0 0 0 0 0 0 0 0 0 0 0 0 0 0 0 0 0 0 0 0 0 0 0 0 0 0 0 0 0 0 0 0 0 0 0 0 0 0 0 0 0 0 0 0 0 0 0 0 0 0 0 0 0 0 0
0 0 0 0 0 0 0 0 0 0 0 0 0 0 0 0 0 0 0 0 0 0 0 0 0 0 0 0 0 0 0 6 0 0 0 0 4 0 0 0 0 0 0 0 0 0 0 0 0 0 0 0 0 0 0 0 0 0 0 0 0 0 0 0 0 0 0 0 0 0 0 0 0 0 0 0 0 0 0 0 0 0 0 0 0 0 0 0 0 0 0 0 0 0 0 0 0 0 0 0 0 0 0 0 0 0 0 0 0 0 0 0 0 0 0 0 0 0 0 0 0 0 0 0 0 0 0 0 0 0 0 0 0 0 0 0 0 0 0 0 0 0 0 0 0 0 0 0 0 0
0 0 0 0 0 0 0 0 0 0 0 0 0 0 0 0 0 0 0 0 0 0 0 0 0 0 0 0 0 4 0 0 0 0 0 0 1 0 0 0 0 0 0 0 0 0 0 0 0 0 0 0 0 0 0 0 0 0 0 0 0 0 0 0 0 0 0 0 0 0 0 0 0 0 0 0 0 0 0 0 0 0 0 0 0 0 0 0 0 0 0 0 0 0 0 0 0 0 0 0 0 0 0 0 0 0 0 0 0 0 0 0 0 0 0 0 0 0 0 0 0 0 0 0 0 0 0 0 0 0 0 0 0 0 0 0 0 0 0 0 0 0 0 0 0 0 0 0 0 0
0 0 0 0 0 0 0 0 0 0 0 0 0 0 0 0 0 0 0 0 0 0 0 0 0 0 0 0 0 31 16 0 0 0 0 0 0 0 0 0 0 0 0 0 0 0 0 0 0 0 0 0 0 0 0 0 0 0 0 0 0 0 0 0 0 0 0 0 0 0 0 0 0 0 0 0 0 0 0 0 0 0 0 0 0 0 0 0 0 0 0 0 0 0 0 0 0 0 0 0 0 0 0 0 0 0 0 0 0 0 0 0 0 0 0 0 0 0 0 0 0 0 0 0 0 0 0 0 0 0 0 0 0 0 0 0 0 0 0 0 0 0 0 0 0 0 0 0 0 0
0 0 0 0 0 0 0 0 0 0 0 0 0 0 0 0 0 0 0 0 0 0 0 0 0 0 2 0 0 0 0 0 0 0 0 0 0 0 0 0 0 0 0 0 0 0 0 0 0 18 0 0 0 0 0 0 0 0 0 0 0 0 0 0 0 0 0 0 0 0 0 0 0 0 0 0 0 0 0 0 0 0 0 0 0 0 0 0 0 0 0 0 0 0 0 0 0 0 0 0 0 0 0 0 0 0 0 0 0 0 0 0 0 0 0 0 0 0 0 0 0 0 0 0 0 0 0 0 0 0 0 0 0 0 0 0 0 0 0 0 0 0 0 0 0 0 0 0 0 0
0 0 0 0 0 0 0 0 0 0 0 0 0 0 0 0 0 0 0 0 0 0 0 0 0 0 14 0 0 0 0 0 0 0 0 0 0 0 0 0 0 0 0 0 0 0 0 0 14 0 0 0 0 0 0 0 0 0 0 0 0 0 0 0 0 0 0 0 0 0 0 0 0 0 0 0 0 0 0 0 0 0 0 0 0 0 0 0 0 0 0 0 0 0 0 0 0 0 0 0 0 0 0 0 0 0 0 0 0 0 0 0 0 0 0 0 0 0 0 0 0 0 0 0 0 0 0 0 0 0 0 0 0 0 0 0 0 0 0 0 0 0 0 0 0 0 0 0 0 0
0 0 0 0 0 0 0 0 0 0 0 0 0 0 0 0 0 0 0 0 0 0 0 0 0 0 0 0 3 0 0 0 0 0 0 0 0 0 0 0 0 0 0 0 0 0 0 0 0 0 0 0 0 0 0 0 0 0 0 0 0 0 0 0 0 0 0 0 0 0 0 0 0 0 0 0 0 0 0 0 0 0 0 0 0 0 0 0 0 0 0 0 0 0 0 0 0 0 0 0 0 0 0 0 0 0 0 0 0 0 0 0 0 0 0 0 0 0 0 0 0 0 0 0 0 0 0 0 0 0 0 0 0 0 0 0 0 0 0 0 0 0 0 1 0 0 0 0 0 0
0 0 0 0 0 0 0 0 0 0 0 0 0 0 0 0 0 0 0 0 0 0 0 0 0 0 0 0 0 0 0 0 0 0 0 0 0 0 0 0 0 0 0 0 0 0 0 0 0 0 0 0 0 0 0 0 0 0 0 0 0 0 0 0 0 0 0 0 0 0 0 0 0 0 0 0 0 0 0 0 0 0 0 0 0 0 0 0 0 0 0 0 0 0 0 0 0 0 0 0 0 0 0 0 0 0 0 0 0 0 0 0 0 0 0 0 0 0 0 0 0 0 0 0 0 0 0 0 0 0 0 0 0 0 0 0 0 0 0 0 0 0 0 0 0 0 0 0 0 0
0 0 0 0 0 0 0 0 0 0 0 0 0 0 0 0 0 0 0 0 0 0 0 0 0 0 0 0 0 0 0 0 0 0 0 0 0 0 0 0 0 0 0 0 0 0 0 0 0 0 0 0 0 0 0 0 0 0 0 0 0 0 0 0 0 0 0 0 0 0 0 0 0 0 0 0 0 0 0 0 0 0 0 0 0 0 0 0 0 0 0 0 0 0 0 0 0 0 0 0 0 0 0 0 0 0 0 0 0 0 0 0 0 0 0 0 0 0 0 0 0 0 0 0 0 0 0 0 0 0 0 0 0 0 0 0 0 0 0 0 0 0 0 0 0 0 0 0 0 0
0 0 0 0 0 0 0 0 0 0 0 0 0 0 0 0 0 0 0 0 0 0 0 0 0 0 0 0 0 0 0 0 0 0 0 0 0 0 0 0 0 0 0 0 0 0 0 0 0 0 0 0 0 0 0 0 0 0 0 0 0 0 0 0 0 0 0 0 0 0 0 0 0 0 0 0 0 0 0 0 0 0 0 0 0 0 0 0 0 0 0 0 0 0 0 0 0 0 0 0 0 0 0 0 0 0 0 0 0 0 0 0 0 0 0 0 0 0 0 0 0 0 0 0 0 0 0 0 0 0 0 0 0 0 0 0 0 0 1 0 0 0 0 0 0 0 0 0 0 0
0 0 0 0 0 0 0 0 0 0 0 0 0 0 0 0 0 0 0 0 0 0 0 0 0 0 0 0 0 0 0 0 0 0 0 0 0 0 0 0 0 0 0 0 0 0 0 0 0 0 0 0 0 0 0 0 0 0 0 0 0 0 0 0 0 0 0 0 0 0 0 0 0 0 0 0 0 0 0 0 0 0 0 0 0 0 0 0 0 0 0 0 0 0 0 0 0 0 0 0 0 0 0 0 0 0 0 0 0 0 0 0 0 0 0 0 0 0 0 0 0 0 0 0 0 0 0 0 0 0 0 0 0 0 0 0 0 0 0 0 0 0 0 0 0 0 0 0 0 0
0 0 0 0 0 0 0 0 0 0 0 0 0 0 0 0 0 0 0 0 0 0 0 0 0 0 0 0 0 0 0 0 0 0 0 0 0 0 0 0 0 0 0 0 0 0 0 0 0 0 0 0 0 0 0 0 0 0 0 0 0 0 0 0 0 0 0 0 0 0 0 0 0 0 0 0 0 0 0 0 0 0 0 0 0 0 0 0 0 0 0 0 0 0 0 0 0 0 0 0 0 0 0 0 0 0 0 0 0 0 0 0 0 0 0 0 0 0 0 0 0 0 0 0 0 0 0 0 0 0 0 0 0 0 0 0 0 0 0 0 0 0 0 0 0 0 0 0 0 0
