0 0 5 2 0 0 0 0 20 90 4 4 0 13 0 0 0 3 2 0 1 1 0 0 1 23 0 0 0 0 0 0 0 1 4 2 0 0 2 2 0 0 0 0 0 0 0 0 0 0 0 0 0 0 2 2 0 0 0 2 44 33 3 3 0 9 3 0 0 0 0 1 24 173 156 308 158 43 32 18 36 186 49 50 83 162 160 192 35 169 705 656 89 519 301 508 945 744 735 155 172 78 14 41 23 24 60 315 167 12 9 2 7 94 54 20 45 10 8 0 1 56 14 3 2 16 0 1 45 6 1 20 2 8 6 0 0 4 0 0 4 0 0 0 2 0 1 0 0 16
0 1 3 4 1 0 0 0 0 34 21 9 4 1 0 0 0 0 20 0 0 4 17 0 13 14 0 1 0 0 0 0 0 0 1 0 0 1 5 0 0 0 0 0 0 0 0 0 0 0 0 0 0 4 3 0 0 0 0 27 96 13 3 9 14 1 0 0 0 0 0 5 38 44 39 7 17 95 11 65 138 63 15 4 101 162 231 130 247 247 104 51 362 368 306 332 830 437 782 571 282 66 23 16 5 8 3 46 53 5 3 5 4 24 54 69 0 9 2 26 6 4 12 18 5 3 2 1 13 45 32 5 35 30 0 0 0 0 1 112 8 0 0 0 0 2 0 0 0 0
0 0 0 0 5 0 0 0 2 8 4 0 12 10 1 0 0 3 4 0 1 8 82 23 5 0 1 7 0 0 0 0 0 1 0 3 8 0 0 10 0 0 0 0 0 0 0 0 0 0 0 0 0 1 12 3 0 1 0 1 6 14 0 4 0 0 0 0 0 0 0 7 5 0 0 1 5 89 154 169 101 64 8 28 41 134 359 166 5 2 124 31 124 353 508 541 401 352 260 431 564 371 8 35 29 3 7 30 219 114 38 11 0 8 9 2 12 41 9 7 60 6 3 3 3 1 4 11 1 40 4 4 42 135 0 0 4 0 4 52 44 37 0 0 0 0 0 0 0 0
33 8 0 0 0 0 0 0 0 3 5 0 0 2 0 0 0 1 3 1 0 0 7 13 2 0 3 4 13 0 5 0 0 0 0 0 0 2 0 2 2 0 0 0 0 0 0 0 0 0 2 0 0 1 70 43 0 11 19 1 1 0 8 19 0 0 0 0 0 3 10 127 25 2 0 7 22 98 208 367 154 104 86 357 76 30 63 161 4 196 891 794 1116 591 523 388 111 191 527 449 439 609 130 9 36 84 50 8 287 130 12 26 42 14 0 6 6 58 50 28 22 100 9 12 2 2 2 1 17 1 4 10 27 0 7 1 12 9 0 18 77 14 0 0 0 0 2 0 0 1
2 15 2 0 0 0 0 1 1 2 0 0 0 0 0 8 11 2 1 1 3 0 0 0 3 0 1 0 0 2 0 0 0 0 1 2 3 0 0 0 0 0 0 0 0 0 0 0 0 7 0 0 0 1 32 195 24 34 3 0 18 0 0 6 0 0 0 0 0 16 99 52 170 112 31 47 70 146 269 289 263 221 284 425 153 79 55 64 21 319 997 626 291 845 364 217 68 668 361 708 488 769 624 459 346 190 59 29 21 2 10 15 17 28 1 7 2 17 50 50 224 765 105 14 1 0 3 1 1 3 0 0 0 0 5 0 0 0 0 0 53 23 0 0 0 0 0 0 0 0
16 3 0 3 0 0 0 0 1 1 1 0 0 0 0 5 0 1 6 65 7 15 4 0 0 0 0 0 0 2 1 1 0 0 20 81 45 22 0 0 0 0 0 0 0 0 0 0 0 3 27 10 0 4 8 21 49 16 14 0 0 0 4 1 2 0 0 0 3 88 63 121 187 103 93 56 39 103 61 469 537 651 381 128 10 82 84 17 5 305 1155 606 82 273 653 463 118 1088 420 493 301 357 828 416 55 85 45 67 9 0 0 2 3 40 7 4 22 7 9 21 183 167 3 1 7 4 1 2 2 0 2 0 0 12 0 1 2 0 0 0 4 7 0 0 0 0 0 0 0 0
1 0 0 1 0 0 0 1 0 2 2 0 0 1 1 0 0 0 0 0 2 2 6 0 0 0 0 0 0 1 1 0 0 0 0 5 1 10 4 0 0 0 0 0 0 0 0 0 0 7 1 4 4 3 1 23 17 2 54 36 3 6 3 0 10 2 0 0 2 76 56 126 156 270 191 113 305 161 389 584 900 1068 957 535 235 34 16 103 60 114 1079 863 105 523 847 416 288 412 394 49 26 239 190 209 18 68 104 12 10 20 23 150 201 84 54 26 1 3 23 29 58 85 14 3 0 9 6 2 1 0 1 0 0 0 0 0 0 6 0 0 0 0 4 0 0 0 0 0 0 0
1 0 0 1 0 0 0 0 3 2 2 0 0 0 0 0 0 0 0 0 0 0 0 0 0 0 0 0 0 0 7 0 0 0 5 2 0 0 15 12 0 0 0 0 0 0 0 0 0 0 0 0 2 10 2 8 0 26 55 130 68 42 60 7 14 32 0 0 6 67 4 5 26 46 62 68 57 78 676 716 989 637 783 192 142 190 173 488 241 99 527 122 56 413 400 403 293 610 614 211 98 249 335 559 275 181 36 23 100 26 194 330 98 48 18 57 1 0 7 22 13 7 12 3 5 2 10 1 7 0 0 0 0 0 0 0 0 0 0 0 0 0 0 0 0 0 0 0 0 0
5 0 0 0 0 0 0 0 4 6 0 9 0 1 13 0 0 0 0 0 0 0 0 0 0 0 0 0 0 0 3 0 0 0 0 1 1 1 1 1 0 0 0 0 0 0 0 0 0 0 0 0 1 15 0 0 1 11 4 58 312 214 26 3 7 16 4 10 4 43 4 0 0 5 0 19 9 25 111 642 863 822 601 34 35 40 435 245 217 64 11 24 327 709 934 972 102 304 350 251 270 197 73 323 835 182 280 234 29 28 684 202 195 6 55 6 2 4 25 6 10 6 9 12 24 0 0 3 0 0 14 0 0 0 0 0 0 1 0 0 0 0 0 0 0 0 0 0 0 0
0 0 0 0 0 0 0 0 11 6 0 0 0 0 0 0 0 0 1 0 0 0 0 0 0 0 0 0 0 0 0 1 0 0 0 0 0 1 0 0 3 0 0 0 0 0 6 0 3 2 0 0 20 9 0 0 0 0 0 23 32 78 37 15 2 3 0 3 0 13 1 0 0 0 0 11 15 71 485 544 816 610 573 267 605 679 394 111 221 188 62 2 18 590 1001 1200 443 127 78 17 25 143 17 9 133 463 311 239 89 7 430 467 318 62 4 284 415 549 230 32 62 27 49 28 74 5 17 4 2 23 84 31 0 0 0 0 0 0 0 0 0 0 0 0 0 0 0 0 0 0
0 4 10 0 0 0 2 0 7 0 2 1 0 0 12 9 2 35 3 0 0 0 0 0 0 2 0 0 0 0 0 3 0 1 1 1 1 0 1 1 0 2 4 2 0 0 2 4 13 22 10 8 16 3 0 0 0 6 15 22 1 115 2 12 0 0 0 0 0 7 0 0 0 0 0 0 9 41 224 273 454 164 628 383 353 374 252 392 553 458 32 0 6 204 378 674 683 37 20 41 18 14 1 13 162 311 731 354 164 133 528 279 161 74 4 199 426 1104 507 270 288 203 270 156 158 320 93 62 73 20 13 152 29 35 41 0 0 0 0 0 0 0 0 0 0 0 0 0 0 0
0 0 7 0 0 0 0 0 8 1 0 0 0 0 0 0 8 10 1 0 1 0 0 0 0 0 0 0 0 0 0 0 0 4 2 0 0 2 0 26 0 15 4 9 1 0 4 2 0 1 0 2 2 2 5 0 2 0 3 13 0 3 0 1 1 3 2 0 0 0 2 0 0 0 0 3 113 26 92 393 387 164 83 107 189 112 48 65 154 508 44 0 1 1 13 81 902 376 349 9 0 0 5 57 67 58 426 309 24 81 319 231 113 194 70 159 461 228 785 632 406 413 267 110 132 224 4 0 0 55 10 0 77 43 25 1 0 0 0 0 0 0 0 0 0 0 0 0 0 0
0 0 6 0 0 0 1 0 1 3 0 0 0 0 0 0 0 11 6 1 1 0 0 0 0 0 0 0 0 1 0 0 0 0 0 0 1 1 0 0 0 4 36 0 25 0 1 19 0 0 0 0 9 1 5 0 0 0 8 12 1 5 0 0 0 4 5 10 1 4 23 0 0 0 4 35 95 64 159 97 107 221 49 7 32 21 2 0 0 3 3 0 37 30 84 36 703 470 639 532 14 10 57 108 35 26 61 394 522 347 856 722 146 600 193 113 36 88 1086 1150 227 210 107 6 22 117 9 0 35 24 0 0 24 11 15 1 0 0 0 0 0 0 0 0 0 0 0 0 0 0
0 0 0 0 0 0 2 0 0 0 0 0 0 0 0 0 0 1 59 5 1 3 0 0 0 0 0 0 0 0 1 0 0 0 0 0 0 0 0 0 0 0 0 68 30 0 0 0 6 0 1 17 0 0 0 0 0 0 6 0 6 5 0 6 0 0 30 40 17 32 65 0 2 3 8 313 618 404 236 31 53 197 98 8 63 145 17 2 2 24 3 1 0 46 7 60 81 478 172 201 0 16 296 100 301 171 144 484 276 630 1022 1363 773 319 207 306 268 399 859 486 229 67 1 3 0 29 14 0 12 2 1 0 0 0 0 0 0 0 0 0 0 0 0 0 0 0 0 0 0 0
0 0 0 0 0 0 0 0 7 1 0 0 0 0 0 0 0 0 8 4 12 2 0 0 1 0 0 0 0 0 0 0 0 0 0 0 0 0 0 0 0 0 0 6 25 0 0 1 0 10 5 61 8 0 2 0 1 2 22 16 96 23 2 6 8 25 95 108 159 135 52 8 8 3 73 612 982 820 331 52 3 87 24 2 10 23 32 8 0 30 8 9 3 0 0 7 35 276 230 195 18 70 533 381 1289 1181 1719 1048 987 908 1190 869 786 642 684 333 238 92 69 102 147 183 35 16 7 15 73 6 7 24 3 0 1 0 0 1 0 0 0 0 0 0 0 0 0 0 0 0 0 0
0 0 0 0 0 0 0 37 27 1 0 0 0 0 0 2 2 0 2 2 0 11 7 2 0 0 0 0 0 0 0 0 0 0 0 0 0 0 0 0 0 0 0 0 10 8 0 0 0 26 73 61 0 0 0 10 30 70 13 113 10 26 13 37 54 55 106 54 80 86 126 44 112 103 364 641 1152 635 190 25 7 8 0 0 0 0 13 54 22 82 1 13 0 0 13 62 37 8 17 22 5 1 933 505 515 598 1107 438 712 1021 1257 987 1275 475 401 480 69 206 136 115 45 22 146 250 47 76 9 2 1 1 0 0 0 11 20 5 0 0 0 0 0 0 0 0 0 0 0 0 0 0
0 0 0 0 0 0 0 2 0 0 0 0 0 0 0 0 8 0 2 0 3 0 14 20 17 16 3 0 0 0 0 0 0 0 0 0 0 0 0 0 4 0 1 0 0 7 3 1 0 18 28 4 3 10 13 46 53 103 40 44 3 7 0 0 0 0 0 0 0 0 3 5 65 147 268 432 359 217 87 0 0 0 4 0 0 0 0 58 117 13 14 0 8 2 0 12 61 0 2 113 21 189 653 741 448 251 411 286 476 879 1116 538 761 451 436 135 28 171 171 35 0 3 42 43 33 247 15 9 2 0 0 0 0 0 0 0 4 0 0 0 0 0 0 0 0 0 0 0 0 0
0 0 0 0 0 1 0 0 0 0 0 1 1 0 0 3 0 7 0 1 0 0 0 3 25 4 0 24 1 0 0 0 0 0 0 0 0 0 0 0 0 0 2 0 0 38 34 7 3 46 48 16 11 52 27 26 51 49 292 7 0 2 0 0 0 1 21 42 12 44 84 12 87 16 67 132 147 174 17 6 1 0 3 0 0 1 0 7 44 12 0 14 44 39 14 1 2 0 35 405 148 100 127 119 120 448 144 180 572 465 166 437 95 154 185 51 78 148 9 8 0 4 3 4 129 509 185 37 4 0 0 0 0 0 0 0 0 0 0 0 0 0 0 0 0 0 0 0 0 0
0 0 6 0 0 7 0 0 0 0 0 1 3 2 0 1 0 0 0 1 0 2 4 1 1 0 77 49 39 0 0 0 0 0 1 19 0 0 0 0 0 2 0 2 18 13 15 1 12 287 107 14 17 13 9 39 111 77 24 40 40 18 3 0 1 0 6 1 2 13 43 45 40 13 5 88 113 37 4 60 31 0 5 11 0 6 6 9 7 3 3 86 86 225 21 2 0 33 89 22 112 169 66 21 81 159 163 403 445 1 0 77 11 372 50 0 10 8 0 0 0 0 0 8 51 134 157 369 16 0 0 0 0 0 0 0 0 0 0 0 0 0 0 0 0 0 0 0 0 0
0 0 1 0 0 0 0 0 0 0 0 0 0 0 1 0 0 0 1 3 1 10 67 4 0 1 1 12 146 4 0 1 2 2 1 0 0 0 0 0 0 2 15 23 5 95 76 6 3 179 72 6 7 25 57 20 32 20 4 1 0 2 1 0 0 11 0 0 6 12 54 20 15 0 0 58 13 0 16 7 7 0 1 1 0 7 14 0 8 11 2 23 5 3 1 19 0 11 25 5 461 642 473 137 71 151 115 225 225 16 0 0 5 285 61 0 0 0 0 0 0 0 2 5 18 7 13 114 63 0 0 0 0 0 0 0 0 0 0 0 0 0 0 0 0 0 0 0 0 0
0 0 0 0 0 0 0 0 0 0 0 0 0 0 3 1 1 1 0 0 0 1 11 4 0 5 5 8 3 4 0 4 8 0 3 0 0 0 0 0 1 8 7 11 10 14 21 29 53 306 202 65 19 50 10 9 2 0 1 0 0 2 21 6 101 77 1 0 7 6 62 30 4 0 4 92 146 65 4 28 4 12 1 2 1 0 11 13 15 21 6 0 0 0 0 0 0 0 333 294 1085 702 457 97 1 20 104 236 3 0 0 0 0 11 0 0 0 0 0 0 0 0 1 3 0 0 32 37 0 0 1 0 0 0 0 0 0 0 0 0 0 0 0 0 0 0 0 0 0 0
0 0 0 0 0 0 0 0 0 0 0 0 0 2 0 1 0 0 0 0 0 1 9 6 4 0 0 0 0 0 10 53 6 3 1 0 0 2 0 0 77 8 0 0 0 0 2 10 125 540 317 239 8 5 0 5 0 0 0 0 1 3 0 0 9 21 19 0 5 30 36 14 23 0 5 22 155 101 75 50 23 39 4 32 6 6 8 9 194 33 32 1 0 8 1 7 6 0 56 327 194 80 33 3 24 19 92 96 18 0 0 0 6 106 0 0 0 0 0 0 0 0 0 0 0 46 29 1 0 3 4 0 0 0 0 0 0 0 0 0 0 0 0 0 0 0 0 0 0 0
0 0 0 0 0 0 0 0 0 0 0 0 0 1 1 0 0 0 0 0 0 2 7 0 1 0 0 0 0 0 0 5 37 11 0 0 12 71 10 8 1 0 0 0 0 0 5 33 34 297 221 104 7 2 0 7 0 1 4 3 0 0 0 0 8 0 24 1 0 11 17 33 42 1 10 0 15 18 29 33 4 46 19 0 1 5 7 0 0 0 3 3 17 1 0 1 4 0 1 1 2 1 13 43 71 35 38 45 73 87 32 13 57 0 0 0 0 0 0 0 0 0 0 2 31 68 62 0 0 0 0 0 0 0 0 0 0 0 0 0 0 0 0 0 0 0 0 0 0 0
0 0 2 0 0 0 0 0 0 0 0 0 0 2 0 0 2 1 0 0 9 4 0 1 1 1 0 0 0 2 0 2 5 7 2 5 9 54 7 3 0 0 0 0 14 89 32 43 0 111 116 29 3 2 7 4 8 23 0 0 0 0 0 0 0 0 1 1 0 0 3 5 116 67 7 34 0 0 0 8 0 12 82 64 0 4 1 2 1 0 0 3 1 3 0 0 1 1 2 0 2 0 2 83 48 15 39 5 10 34 1 492 15 0 0 0 1 0 0 0 0 0 0 14 10 36 25 123 2 0 0 0 0 0 0 0 0 0 0 0 0 0 0 0 0 0 0 0 0 0
0 0 0 0 0 0 0 0 0 0 0 0 0 0 0 0 0 1 0 0 0 0 0 0 0 1 0 0 0 0 0 5 10 4 9 0 2 69 0 0 0 0 0 29 50 23 60 2 0 21 61 48 46 7 38 5 0 9 0 2 0 0 0 0 0 0 6 8 14 9 1 1 9 4 53 6 0 0 0 0 0 2 16 42 34 3 0 0 0 0 0 3 0 0 0 0 3 2 0 10 13 3 2 24 464 0 0 5 0 0 0 76 9 0 0 2 4 0 1 0 0 0 1 0 0 28 54 22 0 0 1 0 0 0 0 0 0 0 0 0 0 0 0 0 0 0 0 0 0 0
0 0 0 0 0 0 0 0 0 0 0 0 0 0 7 3 0 1 0 0 0 1 1 0 0 0 1 0 0 0 0 0 7 26 91 0 0 12 4 0 0 0 0 2 25 13 1 1 8 5 16 3 0 3 0 0 1 0 0 0 1 0 0 0 12 2 0 9 22 0 5 18 0 5 0 8 10 0 0 0 2 1 0 1 0 14 1 9 0 5 0 5 1 0 3 0 1 5 1 2 10 9 11 77 159 143 0 1 0 0 0 2 4 8 19 9 0 0 0 0 4 0 0 0 0 54 24 31 0 0 0 0 0 0 0 8 12 28 0 0 0 0 0 0 0 0 0 0 0 0
0 0 0 0 0 0 0 0 0 0 0 0 0 0 3 0 0 0 0 0 1 8 1 3 0 0 0 23 1 0 0 3 1 6 31 3 0 0 1 3 4 2 0 10 120 5 6 1 1 0 21 31 1 6 1 0 1 0 0 0 0 0 0 0 13 0 0 1 3 0 4 5 0 0 1 6 15 1 0 0 0 0 12 1 9 4 4 16 1 0 5 2 2 1 0 3 0 0 0 0 13 8 3 0 48 191 20 0 0 0 0 0 0 6 6 16 1 0 3 0 0 0 0 0 23 119 10 14 0 0 0 0 0 0 0 0 2 8 0 0 0 0 0 0 0 0 0 0 0 0
0 0 0 0 0 0 0 0 1 0 0 4 0 2 1 6 17 34 5 2 6 7 7 1 0 0 0 0 0 0 1 4 24 29 0 0 0 8 7 20 39 78 4 107 121 1 18 1 0 1 0 10 30 1 3 0 0 0 0 0 0 0 0 0 0 0 0 9 25 28 93 11 4 3 0 0 0 5 0 0 0 0 0 0 0 0 1 8 3 1 5 0 3 2 0 2 0 0 0 1 0 3 17 1 7 531 566 16 0 0 0 0 0 0 0 0 21 125 53 2 0 0 0 23 148 28 50 265 275 9 0 0 1 0 0 6 2 2 0 0 0 0 0 0 0 0 0 0 0 0
0 0 0 0 0 0 0 2 0 1 1 6 19 13 4 6 34 65 2 6 0 0 3 2 0 0 0 0 16 2 1 1 6 2 1 33 7 29 60 173 271 458 291 225 71 6 0 2 0 0 2 1 31 15 10 0 0 0 0 0 0 0 0 0 0 0 1 0 0 1 5 13 4 0 5 5 1 11 1 0 0 1 8 0 7 0 0 0 8 5 5 1 8 3 4 21 7 7 0 0 0 0 6 29 273 353 280 253 8 0 0 0 0 0 0 3 200 57 18 0 0 0 13 128 168 183 659 508 107 23 0 0 0 21 0 5 0 0 0 0 0 0 0 0 0 0 0 0 0 0
0 0 0 0 0 0 0 1 7 4 6 68 41 0 0 0 4 8 1 2 0 2 10 23 0 2 2 0 0 0 0 6 7 9 43 37 0 5 106 219 431 694 574 598 73 4 0 4 7 0 1 2 43 87 21 6 0 0 0 0 0 0 0 0 0 0 0 0 1 0 3 0 0 0 0 0 0 11 9 0 0 0 0 0 14 0 0 0 2 2 2 1 20 19 0 29 0 2 0 1 0 3 5 5 8 23 8 109 9 0 0 0 0 0 89 85 430 226 31 27 20 22 7 90 226 149 313 469 465 335 79 79 11 99 10 1 0 0 0 0 0 0 0 0 0 0 0 0 0 0
0 0 0 0 0 0 6 5 2 9 4 2 8 0 0 2 0 1 9 2 0 5 85 14 0 0 0 0 0 0 10 7 0 0 5 16 19 60 27 101 383 460 418 186 27 4 17 2 3 0 3 0 17 5 8 2 0 0 0 0 0 0 0 0 0 0 0 0 5 0 0 0 0 0 0 3 1 22 11 0 13 11 8 5 50 0 0 1 10 16 2 0 12 7 0 0 4 4 0 4 3 0 1 14 1 4 0 9 56 2 9 3 0 0 68 663 552 402 112 151 132 66 50 8 2 24 307 288 2 53 17 226 523 51 21 2 0 0 0 0 0 0 0 0 0 0 0 0 0 0
0 0 0 0 0 0 1 1 2 0 1 7 2 0 0 0 0 1 14 10 199 125 11 0 0 0 0 1 2 14 2 3 13 29 13 0 0 2 1 66 353 248 290 171 74 37 4 0 4 13 2 0 8 10 6 1 1 0 0 0 0 0 0 0 0 0 0 0 0 0 2 0 0 0 0 0 0 2 11 0 23 21 17 88 38 3 0 0 6 0 0 3 4 1 5 0 11 1 1 0 2 0 0 0 4 7 1 40 228 125 272 413 92 166 359 568 504 318 148 359 75 158 10 4 87 180 276 116 9 0 59 293 294 42 59 6 0 0 0 0 0 0 0 0 0 0 0 0 0 0
0 0 0 0 0 3 1 8 1 7 0 19 2 3 0 1 3 1 14 8 58 1 0 0 0 0 0 1 0 9 10 22 5 4 1 2 0 6 2 18 33 98 101 51 2 0 0 0 1 1 1 4 49 2 1 14 3 1 1 0 0 0 0 0 0 0 0 0 0 0 0 0 0 0 0 12 2 19 10 2 1 11 8 2 0 0 0 0 6 0 8 0 0 6 8 8 2 3 0 0 3 0 0 0 0 3 1 21 117 29 99 124 39 307 1216 475 252 314 76 388 65 16 0 24 11 93 147 1 0 0 73 411 1 0 1 0 0 0 0 0 0 0 0 0 0 0 0 0 0 0
0 0 0 0 0 4 24 12 2 0 0 0 0 7 3 2 1 1 25 15 16 0 0 0 0 0 1 0 0 6 44 0 14 0 11 0 0 3 8 1 10 11 1 0 0 0 0 0 0 0 0 6 142 20 32 33 14 2 1 0 0 0 0 0 0 0 0 0 0 0 0 0 0 0 0 0 2 10 0 2 0 0 1 0 0 0 0 0 1 0 0 0 1 16 5 1 15 0 0 0 4 0 0 0 0 1 7 98 56 5 2 18 95 225 178 349 147 260 150 155 173 4 0 0 0 0 0 0 0 0 2 102 31 0 0 0 0 0 0 0 0 0 0 0 0 0 0 0 0 0
0 0 0 1 0 0 9 6 2 1 0 0 2 8 3 6 26 14 3 0 1 7 6 0 0 2 1 4 17 13 25 46 19 0 0 0 1 6 0 6 2 13 4 1 1 0 11 1 0 0 0 55 180 46 0 19 2 0 1 0 0 0 0 0 0 0 0 0 0 0 0 0 0 0 0 0 3 8 2 2 0 0 0 0 0 0 0 0 2 1 7 0 10 42 2 9 5 1 0 5 3 0 0 4 0 0 6 56 371 5 0 0 0 0 4 0 9 23 329 575 46 0 0 0 0 1 3 0 0 0 0 1 119 0 0 0 0 0 0 0 0 0 0 0 0 0 0 0 0 0
0 0 2 1 2 1 8 46 4 0 0 1 4 0 0 124 38 26 3 6 0 0 7 1 3 6 14 11 1 2 10 4 6 1 0 0 2 0 0 1 17 3 1 0 2 0 1 0 0 0 0 41 8 32 19 7 3 0 1 0 0 0 0 0 0 0 0 0 0 0 0 0 0 0 0 1 4 31 2 0 0 0 1 0 0 0 0 0 16 0 7 0 3 34 1 3 0 0 8 0 0 2 2 2 2 10 26 79 155 0 0 0 0 0 7 0 0 2 145 307 296 98 1 0 6 55 0 0 0 64 135 25 58 6 0 0 0 0 0 0 0 0 0 0 0 0 0 0 0 0
0 0 0 0 0 0 7 1 0 1 8 5 1 2 12 45 18 19 4 0 0 1 1 1 1 6 18 0 1 12 0 0 0 4 12 3 0 0 0 1 1 22 9 2 1 0 0 0 0 0 0 44 52 24 19 40 2 0 0 0 0 0 0 0 0 0 0 0 0 0 0 0 0 2 0 0 0 33 86 6 5 2 0 0 0 0 5 74 9 0 0 14 14 0 6 4 0 3 9 6 28 26 5 17 8 12 25 18 78 9 0 0 0 8 109 100 181 426 124 205 963 269 1 11 292 35 0 0 0 146 200 0 0 0 0 0 0 0 0 0 0 0 0 0 0 0 0 0 0 0
0 3 0 1 0 0 1 1 5 0 4 94 3 6 0 0 0 8 1 1 0 0 0 8 6 0 1 0 31 1 0 1 0 1 0 0 1 0 5 0 0 19 26 18 2 0 5 0 0 0 1 80 28 17 0 2 0 0 0 0 0 0 0 0 0 0 0 0 0 0 0 0 0 0 0 0 0 7 29 14 0 3 0 0 0 0 0 8 0 0 3 0 3 0 0 0 0 1 2 5 0 0 16 1 18 0 8 29 46 9 0 0 1 0 101 474 609 504 78 26 67 176 366 378 207 0 0 2 11 509 210 0 0 0 0 0 0 0 0 0 0 0 0 0 0 0 0 0 0 0
0 0 0 0 0 0 2 2 0 1 10 25 0 0 2 1 5 0 0 3 1 0 0 0 0 0 2 1 2 0 0 0 0 0 0 0 0 0 9 4 0 1 0 1 0 0 0 1 0 0 0 71 4 22 4 1 0 0 2 0 0 0 0 0 0 0 0 0 0 0 0 0 0 0 0 0 0 10 63 76 19 18 12 0 0 0 1 0 1 0 0 0 3 12 0 0 0 1 0 12 0 2 2 3 2 5 5 12 52 0 0 6 37 22 38 28 7 81 432 240 24 270 1197 688 474 352 213 185 970 1318 638 16 0 0 0 0 0 0 0 0 0 0 0 0 1 0 0 0 0 0
0 1 39 0 1 7 1 0 0 16 17 5 0 1 3 9 1 0 0 0 0 0 0 0 0 32 27 0 0 0 0 1 1 0 2 0 0 0 7 13 0 1 1 1 0 1 11 2 2 2 2 241 48 10 2 4 0 6 1 0 0 0 0 1 0 0 0 0 0 0 0 0 0 0 0 0 4 21 30 1 1 12 20 0 0 0 0 0 2 3 2 1 1 10 4 14 11 0 2 4 5 0 0 5 6 13 11 0 105 60 2 33 33 3 6 19 3 200 426 426 523 641 804 1021 1466 1065 905 981 1264 853 796 2 0 0 0 0 0 0 0 0 0 0 0 0 0 0 0 0 0 0
0 0 0 0 1 2 0 1 125 3 1 3 0 2 5 15 9 1 0 0 0 0 0 0 2 13 8 0 3 0 0 0 0 1 5 0 29 5 2 0 1 0 0 0 0 0 1 0 9 34 576 440 44 98 7 4 26 0 0 3 0 5 0 0 0 0 0 0 0 0 0 0 0 0 0 0 2 0 2 1 0 4 1 0 0 0 0 0 1 4 1 1 15 0 0 0 0 0 3 3 12 10 19 4 14 15 29 58 14 15 15 1 1 3 8 11 7 63 419 1022 1120 660 319 1088 1874 1251 226 866 542 12 112 47 0 0 0 0 0 0 0 0 0 0 0 0 0 0 0 0 0 0
0 3 0 1 0 1 0 0 15 1 1 0 2 2 2 3 0 1 0 0 0 0 0 0 6 3 0 0 0 0 0 33 24 0 0 1 0 0 2 0 0 1 0 0 0 0 0 0 6 10 493 740 633 625 61 26 2 7 1 5 0 0 0 0 0 0 0 0 0 0 0 0 0 0 0 0 0 0 0 19 0 1 1 0 0 0 0 16 58 1 0 46 10 0 0 0 0 0 0 7 10 0 34 26 7 109 386 57 4 0 16 0 0 3 1 20 13 11 79 564 419 545 353 2163 1759 1029 371 270 12 542 1485 561 16 0 0 0 0 0 0 0 0 0 0 0 0 0 0 0 0 0
2 1 0 10 8 0 21 5 22 2 15 35 0 2 0 0 0 0 0 0 0 0 0 0 0 0 0 0 0 0 0 9 50 19 1 0 1 0 0 0 0 0 0 0 1 1 0 0 0 15 145 345 808 389 110 124 10 2 1 1 1 0 0 0 0 0 0 0 0 0 0 0 0 0 0 0 0 0 0 21 1 5 8 0 0 0 0 11 35 5 1 9 83 0 0 0 0 0 0 4 9 44 18 21 35 10 14 15 0 0 0 0 2 0 1 6 2 2 15 73 367 301 399 863 1454 1195 413 475 393 1026 434 443 2 1 0 0 0 0 0 0 0 0 0 0 0 0 0 0 0 0
10 0 2 5 4 4 4 6 2 0 4 0 0 1 0 0 0 0 0 0 0 0 0 0 0 0 0 0 0 0 3 0 0 2 0 1 0 1 0 0 0 0 0 0 0 1 3 0 1 2 69 169 326 36 31 22 3 2 5 2 0 0 0 0 0 0 0 0 0 0 0 0 0 0 0 0 0 0 1 0 2 3 0 0 0 0 33 64 13 3 6 153 255 20 2 0 0 0 0 18 51 39 68 402 13 2 8 3 16 0 0 0 0 0 2 4 3 12 17 34 137 921 940 466 520 791 1092 1160 175 177 101 98 0 0 0 0 0 0 0 0 0 0 0 0 0 0 0 0 0 0
0 2 40 0 2 0 12 47 4 4 3 3 6 0 0 0 0 0 0 0 0 0 1 1 0 0 0 1 66 0 0 0 0 0 0 0 0 0 0 1 0 0 0 0 0 1 0 3 2 21 1 51 204 20 21 1 1 53 45 4 0 0 4 0 0 0 0 0 0 0 0 0 0 0 0 0 0 0 0 0 0 4 15 22 9 9 3 0 10 68 180 160 123 3 0 2 0 7 37 28 49 215 232 469 397 51 22 3 12 9 1 0 13 0 1 6 1 35 27 475 726 946 1714 1826 875 253 1496 1840 870 0 2 0 0 0 0 0 0 0 0 0 0 0 0 0 0 0 0 0 0 0
0 9 22 0 20 9 23 29 15 5 0 0 4 0 0 0 0 0 0 0 0 0 0 0 0 0 0 6 4 0 0 0 0 1 0 1 0 0 0 0 4 0 0 0 2 1 0 0 8 9 0 21 71 5 17 2 0 5 87 7 0 0 0 0 0 0 0 0 0 0 0 0 0 0 0 0 0 0 0 0 4 8 12 0 0 6 9 10 12 66 144 215 91 17 51 21 9 0 0 4 137 261 430 438 238 63 1 2 3 21 2 2 0 0 4 5 6 308 413 964 663 41 13 257 332 214 485 766 398 3 107 12 0 0 0 0 0 0 0 0 0 0 0 0 0 0 0 0 0 0
4 8 92 16 59 111 81 2 1 1 2 1 2 4 2 1 0 0 0 0 0 0 0 0 0 0 0 0 0 0 0 0 0 0 0 1 0 0 0 0 1 4 0 0 0 0 0 0 8 0 0 8 37 0 1 2 3 1 4 17 5 1 0 0 0 0 0 0 0 0 0 0 0 0 0 0 0 0 0 2 13 33 0 0 21 0 89 33 1 2 7 48 12 6 1 0 0 0 0 7 6 87 625 228 166 335 6 4 8 3 17 1 0 0 0 11 310 541 114 22 0 0 0 0 56 382 233 576 446 30 35 26 0 0 0 0 0 0 0 0 0 0 0 0 0 0 0 0 0 0
3 18 102 127 321 338 149 66 10 0 0 0 0 0 0 0 0 1 0 2 3 3 0 0 0 0 0 0 0 0 0 0 0 0 0 0 0 0 0 0 0 1 0 6 6 10 0 21 2 0 0 29 21 0 0 1 2 2 25 3 1 0 0 0 0 0 0 0 0 0 0 0 0 0 0 0 0 0 2 20 5 1 0 1 9 11 30 142 38 0 0 0 0 0 0 0 0 0 0 0 0 117 540 148 159 232 8 7 0 11 5 3 0 0 21 94 266 4 31 70 0 0 0 0 9 436 302 471 292 6 53 1 0 0 0 0 0 0 0 0 0 0 0 0 0 0 0 0 0 0
2 66 287 665 291 218 182 34 2 2 0 1 8 0 1 0 0 0 0 1 0 4 0 0 1 0 0 0 0 0 0 0 0 0 0 0 0 0 0 0 0 0 0 1 8 0 0 7 31 0 0 0 13 0 0 3 2 0 1 0 0 0 0 0 0 0 0 0 0 0 0 0 0 0 0 0 0 16 4 0 0 0 0 0 0 0 88 10 1 0 0 4 0 0 0 2 0 0 0 0 14 45 19 46 188 165 0 0 4 2 8 18 12 34 22 5 1 0 1 46 26 53 6 0 11 132 99 169 59 0 0 0 0 0 0 0 0 0 0 0 0 0 0 0 0 0 0 0 0 0
0 3 204 229 170 148 33 29 3 1 2 2 0 0 0 0 0 1 3 0 3 4 0 0 0 0 0 0 0 1 1 0 0 0 3 0 0 0 0 0 0 0 0 0 0 0 0 1 5 12 1 0 0 9 1 10 0 0 0 0 0 0 0 0 0 0 0 0 0 0 0 0 0 0 0 0 0 8 0 0 0 0 0 0 0 0 74 11 4 20 33 6 0 0 5 13 0 0 0 452 831 158 188 177 7 117 49 3 1 1 5 55 19 7 0 1 1 1 23 63 113 100 222 282 91 83 1 0 0 0 0 0 0 0 0 0 0 0 0 0 0 0 0 0 0 0 0 0 0 0
6 32 42 90 97 40 1 1 1 0 21 0 0 0 0 0 0 0 0 0 1 56 1 0 0 0 0 0 0 1 0 0 0 0 1 0 0 0 0 0 0 0 0 0 1 24 4 0 0 0 0 0 0 0 7 18 0 0 0 0 0 0 0 0 0 0 0 0 0 0 0 0 0 0 0 0 11 4 0 0 0 0 0 0 0 1 22 4 0 20 24 0 0 0 24 218 79 5 176 1480 537 549 209 51 2 26 67 102 0 2 55 0 0 0 0 0 1 1 59 47 143 18 46 67 6 35 53 25 97 37 66 0 0 0 0 0 0 0 0 0 0 0 0 0 0 0 0 0 0 0
67 9 13 8 0 1 1 1 0 0 0 0 1 0 0 0 0 0 0 1 0 9 9 0 0 0 0 0 1 1 0 0 0 1 8 0 0 0 0 0 0 0 0 0 0 7 1 2 0 0 1 0 1 9 69 23 2 0 0 0 0 0 0 0 0 0 0 0 0 0 0 0 0 0 20 13 4 0 0 0 0 0 0 0 0 0 22 3 0 0 118 10 4 10 95 331 105 10 74 124 10 6 18 22 4 3 4 286 494 89 6 0 0 0 9 0 0 2 2 0 78 7 8 3 48 83 43 65 326 121 20 0 0 0 0 0 0 0 0 0 0 0 0 0 0 0 0 0 0 0
17 0 2 1 0 1 5 0 0 0 0 0 0 0 0 0 0 0 0 0 0 0 0 0 0 0 0 0 0 0 6 46 3 0 0 0 0 0 0 0 0 0 0 0 0 0 0 0 0 0 0 1 29 3 27 1 0 0 0 0 0 0 0 0 0 0 0 0 0 0 0 0 0 0 15 17 0 0 0 0 0 0 0 0 0 0 76 89 211 79 122 18 11 12 0 61 9 2 0 2 7 2 2 0 7 0 172 391 454 90 5 0 2 0 0 0 1 11 0 0 5 12 2 16 1 150 74 172 77 126 33 1 0 0 0 0 0 0 0 0 0 0 0 0 0 0 0 0 0 0
1 1 0 1 0 0 0 0 0 0 0 0 0 0 0 0 0 0 0 0 0 0 0 0 0 0 0 0 1 0 3 2 0 15 1 0 0 0 0 0 0 225 0 0 0 1 0 0 0 0 0 2 2 22 13 1 0 0 0 0 0 0 0 0 0 0 0 0 0 0 0 3 1 3 1 0 0 0 0 0 0 0 0 0 0 0 2 0 80 4 0 0 0 2 2 13 0 3 2 1 0 1 0 5 5 193 690 498 447 83 0 0 0 0 0 0 0 0 35 14 1 32 0 31 6 5 135 43 8 21 9 18 0 0 0 0 0 0 0 0 0 0 0 0 0 0 0 0 0 0
0 0 0 0 0 2 0 0 0 0 0 0 0 0 0 0 1 0 0 0 0 0 0 28 0 0 0 3 0 1 1 0 0 0 2 1 0 0 0 0 0 0 0 0 0 0 0 0 0 0 5 1 7 98 30 2 1 0 0 0 0 0 0 0 0 0 0 0 0 0 1 0 6 1 0 0 0 0 0 0 0 0 0 0 0 0 19 0 0 0 0 0 6 43 2 0 5 0 9 13 5 5 17 0 29 75 164 71 70 174 0 0 0 0 0 0 0 0 1 22 0 14 1 79 95 21 215 63 29 33 6 0 0 0 0 0 0 0 0 0 0 0 0 0 0 0 0 0 0 0
0 0 0 0 1 41 0 0 0 0 0 0 0 0 0 0 0 0 0 7 0 0 0 0 0 1 0 0 0 0 0 0 0 0 0 2 0 0 0 1 0 0 6 0 0 0 0 0 0 0 3 0 2 0 3 3 3 4 0 0 0 0 0 0 0 0 0 0 0 5 2 0 2 0 0 0 0 0 0 0 0 0 0 0 0 0 1 0 1 1 0 24 119 28 1 0 0 0 3 5 7 6 25 17 101 73 0 2 3 7 11 0 0 0 0 0 0 0 0 0 8 5 4 11 0 0 0 231 19 5 0 0 0 0 0 0 0 0 0 0 0 0 0 0 0 0 0 0 0 0
0 0 0 0 60 25 0 0 0 0 0 0 0 0 0 1 0 0 1 0 0 0 0 0 0 0 0 0 1 0 0 0 0 0 0 0 0 0 0 0 0 0 0 2 0 0 3 0 0 1 1 0 0 4 1 0 0 0 0 1 0 0 0 0 0 0 0 0 11 0 0 0 0 0 0 2 0 0 0 0 0 0 0 0 1 0 0 1 25 35 112 326 123 8 0 0 0 0 0 46 44 289 231 44 19 25 10 0 0 14 8 0 0 0 0 0 0 0 0 0 0 0 0 0 0 2 104 41 0 0 0 0 0 0 0 0 0 0 0 0 0 0 0 0 0 0 0 0 0 0
0 0 0 0 2 1 1 0 0 0 0 0 20 3 0 0 0 0 0 0 0 0 0 0 0 0 0 0 0 3 0 0 0 0 0 4 0 0 0 0 0 0 0 0 5 8 0 0 0 2 1 0 0 2 1 0 0 2 0 0 0 0 0 0 0 0 0 0 16 2 0 0 0 0 0 0 0 0 0 0 0 0 0 0 1 0 0 0 99 109 209 124 85 14 0 3 2 1 5 94 160 111 86 11 0 3 2 0 0 14 4 0 0 0 0 0 0 0 1 2 2 64 86 0 0 24 5 2 0 0 0 0 0 0 0 0 0 0 0 0 0 0 0 0 0 0 0 0 0 0
0 0 0 0 0 2 0 0 0 0 0 0 20 22 2 0 0 0 0 0 0 0 0 0 0 3 4 1 0 18 0 0 0 0 0 2 0 0 0 0 0 0 0 2 0 14 6 0 0 0 0 0 1 13 5 2 0 0 0 0 0 0 0 0 0 0 0 11 11 0 0 0 0 0 0 0 0 0 0 0 0 0 0 0 1 16 36 6 4 7 0 0 8 3 20 0 0 1 8 20 82 0 0 2 0 1 0 3 1 23 14 34 0 0 0 0 0 0 0 2 0 0 0 0 0 0 0 5 0 0 0 0 0 0 0 0 0 0 0 0 0 0 0 0 0 0 0 0 0 0
0 0 0 1 1 0 1 1 0 0 0 0 0 0 1 2 0 1 0 0 0 0 0 0 0 0 1 0 0 0 0 0 0 0 0 1 0 0 0 0 0 0 2 0 0 0 0 14 0 1 0 0 0 2 10 6 0 2 0 0 0 0 0 0 0 0 7 21 11 0 0 0 0 0 0 0 0 0 0 0 0 0 0 0 40 0 1 1 2 19 4 2 7 1 3 5 4 21 26 19 41 16 7 1 7 0 0 44 123 142 149 422 62 21 1 0 0 15 0 1 2 0 3 0 0 0 0 0 0 0 0 0 0 0 0 0 0 0 0 0 0 0 0 0 0 0 0 0 0 0
0 0 0 1 0 0 0 0 0 0 0 0 0 0 0 1 0 0 0 0 0 0 0 0 0 0 0 0 0 0 0 0 0 0 0 0 0 0 0 3 0 0 0 0 0 0 0 2 27 0 0 0 0 0 3 54 91 2 0 0 0 0 0 0 0 2 55 105 4 0 1 1 0 0 0 0 0 0 0 0 0 0 0 9 33 1 0 6 7 0 12 7 4 1 0 6 51 17 2 0 2 0 21 4 1 0 12 1 93 44 274 39 211 83 8 0 0 0 0 0 0 0 0 0 0 0 0 0 0 0 0 0 0 0 0 0 0 0 0 0 0 0 0 0 0 0 0 0 0 0
0 1 1 0 1 0 0 0 0 0 0 0 5 0 0 14 0 0 0 0 0 0 0 2 0 0 0 0 0 0 0 0 0 0 0 0 0 0 0 0 0 0 0 0 0 0 2 6 49 3 0 0 0 1 5 0 0 9 10 10 6 5 3 6 7 2 0 0 0 1 0 0 0 0 0 0 0 0 0 0 0 0 0 0 0 0 0 8 1 9 1 0 0 2 17 138 6 0 0 0 0 0 1 3 49 60 310 694 397 78 31 0 275 111 0 0 0 0 0 0 0 0 0 0 0 0 0 0 0 0 0 0 0 0 0 0 0 0 0 0 0 0 0 0 0 0 0 0 0 0
0 0 0 2 1 33 1 5 3 0 1 0 0 1 0 0 4 0 0 0 0 0 0 0 0 0 0 0 0 0 2 0 0 0 0 0 0 0 18 1 3 0 0 0 0 4 24 14 0 1 0 0 3 0 5 2 0 0 0 3 0 0 0 0 9 0 3 11 0 9 0 1 0 0 0 0 0 0 0 0 0 0 0 0 0 0 0 0 1 0 4 16 0 3 106 9 1 0 0 0 0 0 2 36 61 112 157 271 255 198 130 146 300 2 0 0 0 0 0 0 0 0 0 0 0 0 0 0 0 0 0 0 0 0 0 0 0 0 0 0 0 0 0 0 0 0 0 0 0 0
0 0 0 0 17 57 0 0 0 0 0 0 0 0 0 0 0 0 0 0 0 0 0 0 0 0 0 0 0 0 0 0 2 0 0 0 0 2 0 0 1 1 2 0 0 0 3 7 2 0 4 1 0 0 1 0 9 1 1 0 0 2 0 0 0 3 5 5 0 0 0 0 2 2 0 0 0 0 0 0 0 0 0 0 0 2 0 0 2 0 0 6 16 21 2 34 169 0 0 0 0 0 0 64 224 301 2 0 9 50 0 7 10 0 0 0 0 0 0 0 0 0 0 0 0 0 0 0 0 0 0 0 0 0 0 0 0 0 0 0 0 0 0 0 0 0 0 0 0 0
0 0 0 0 1 0 0 0 9 3 0 0 0 0 0 0 0 0 2 6 0 0 0 0 0 0 0 0 0 0 0 6 0 0 0 0 0 0 0 0 0 0 0 0 0 0 0 0 8 9 0 0 1 1 0 0 0 0 6 0 3 0 0 0 0 0 0 0 0 0 2 0 2 0 0 0 0 0 0 0 0 0 0 0 0 0 0 0 0 2 0 16 71 13 17 129 286 0 0 0 0 0 0 5 6 0 0 0 0 0 22 102 0 0 0 0 0 0 0 0 0 0 0 0 0 0 0 0 0 0 0 0 0 0 0 0 0 0 0 0 0 0 12 8 2 0 0 0 0 0
0 0 0 0 0 0 0 0 0 1 0 0 0 0 1 0 0 0 0 0 0 0 0 0 0 0 0 0 0 0 1 0 0 0 0 0 0 0 0 0 0 0 0 0 0 0 0 0 0 0 2 0 4 2 0 0 0 0 1 0 2 0 0 0 0 0 0 0 0 2 3 1 0 0 0 0 0 0 0 0 0 0 0 0 0 0 0 4 66 5 5 47 183 152 45 0 1 0 0 0 0 0 3 1 3 0 0 1 0 122 152 1 0 1 0 0 0 0 0 0 0 0 0 0 0 0 0 0 0 0 0 0 0 0 0 0 0 0 0 0 0 0 0 3 1 0 0 0 0 0
0 0 0 0 0 1 0 0 0 0 0 0 0 1 0 0 3 1 0 0 0 0 0 0 0 0 0 0 0 0 0 0 0 0 0 0 0 0 0 0 0 0 0 0 1 0 0 0 0 1 4 1 1 0 0 0 0 0 0 5 4 0 0 0 0 0 0 0 0 0 0 1 1 0 0 0 0 0 0 0 0 0 0 0 0 0 0 0 0 3 13 86 316 0 0 29 0 0 0 0 0 0 0 0 1 1 0 1 6 21 54 2 0 0 0 0 0 0 0 0 0 0 0 0 0 0 0 0 0 0 0 0 0 0 0 0 0 0 0 0 0 0 0 0 0 0 0 0 0 0
0 0 0 0 0 0 0 0 0 0 0 0 1 0 0 0 0 0 0 0 0 0 0 1 0 0 0 0 0 0 0 0 0 0 0 0 0 0 0 0 0 0 3 0 0 0 0 0 0 0 0 11 3 0 0 2 2 0 0 4 0 0 0 0 0 0 0 0 0 0 0 37 1 0 0 0 0 0 0 0 0 0 0 0 0 0 0 0 0 2 30 35 9 9 12 0 0 0 0 1 0 0 0 0 0 0 0 0 0 0 0 0 0 0 0 0 0 0 0 0 0 0 0 0 0 0 0 0 0 0 0 0 0 0 0 0 0 0 0 0 0 0 0 0 0 0 0 0 0 0
0 0 0 0 0 0 0 0 0 0 0 0 0 0 0 0 0 0 0 0 0 3 4 45 0 0 0 0 0 0 0 0 0 0 0 0 5 0 0 0 0 0 0 0 0 0 0 0 0 0 0 6 2 0 0 1 0 0 0 0 1 4 8 1 0 0 0 0 0 0 0 2 15 1 3 0 0 0 0 0 0 0 0 0 0 0 0 0 0 4 6 62 35 32 17 3 2 0 0 0 0 0 0 0 0 0 0 0 0 0 0 0 0 0 0 0 0 0 0 0 0 0 0 0 0 0 0 0 0 0 0 0 0 0 0 0 0 0 0 0 0 0 0 0 0 0 0 0 0 0
0 0 0 0 0 0 0 0 0 0 0 0 1 0 0 0 0 0 0 0 0 0 1 0 7 0 0 0 0 0 0 0 0 0 0 0 0 0 0 0 0 0 0 0 0 0 0 0 0 0 1 17 21 2 3 0 0 0 0 0 0 20 67 2 0 0 0 0 0 0 0 0 1 0 8 0 0 0 0 0 0 0 0 0 1 4 0 0 0 1 17 77 0 42 26 48 0 0 1 0 0 0 0 0 0 0 0 0 0 0 0 0 0 0 0 0 0 0 0 0 0 0 0 0 0 0 0 0 0 0 0 0 0 0 0 0 0 0 0 0 0 0 0 0 0 0 0 0 0 0
0 0 0 0 0 0 0 0 0 0 0 0 1 1 0 0 0 0 0 0 0 0 0 0 2 0 0 0 0 0 1 0 0 0 0 0 0 0 0 0 0 0 0 0 0 0 0 0 0 27 13 20 106 25 23 4 1 0 0 0 1 16 0 0 0 0 0 0 0 0 0 0 0 0 0 0 0 0 0 0 0 0 0 0 0 0 1 0 0 0 0 13 54 23 4 6 0 0 0 0 0 0 0 0 0 0 0 0 0 0 0 0 0 0 0 0 0 0 0 0 0 0 0 0 0 0 0 0 0 0 0 0 0 0 0 0 0 0 0 0 0 0 1 0 0 0 0 0 0 0
0 0 0 0 0 0 0 6 3 0 0 0 8 3 1 0 0 0 3 0 0 0 0 0 0 1 0 0 0 0 0 0 1 0 0 0 0 0 0 0 0 0 0 0 0 0 0 0 3 4 0 13 83 2 19 0 1 0 0 0 0 7 4 0 0 0 0 0 0 0 0 0 0 0 0 0 0 0 0 0 0 0 0 0 0 0 0 0 0 0 0 2 4 8 7 12 6 2 0 8 0 0 0 0 0 0 0 0 0 0 0 0 0 0 0 0 0 0 0 0 0 0 0 0 0 0 0 0 0 0 0 0 0 0 0 0 0 0 0 0 0 0 0 0 0 0 0 0 0 0
0 0 0 0 0 0 0 0 0 10 0 0 0 0 0 0 0 0 1 0 0 0 0 2 0 3 0 0 0 0 0 0 0 0 0 0 0 0 0 0 0 0 0 0 0 0 0 0 0 0 0 8 12 0 0 0 0 0 0 1 9 3 0 0 0 0 0 0 0 0 0 0 0 0 0 0 0 0 0 0 0 0 0 0 1 0 0 0 0 0 0 0 0 1 0 2 12 0 4 0 0 0 0 0 0 0 0 0 0 0 0 0 0 0 0 0 0 0 0 0 0 0 0 0 0 0 0 0 0 0 0 0 0 0 0 0 0 0 0 0 0 0 0 0 0 2 0 0 0 0
0 0 2 0 0 0 0 0 0 0 3 1 0 0 0 0 0 2 1 0 0 3 0 0 1 0 0 0 0 0 0 0 0 0 16 13 1 0 0 0 0 0 0 0 0 0 3 3 0 0 0 0 0 0 0 0 0 0 0 1 1 0 0 0 0 0 0 0 0 0 0 0 0 0 0 0 0 0 0 0 0 0 0 0 0 0 0 0 0 0 0 0 0 0 0 7 17 6 0 0 0 0 0 0 0 0 0 0 0 0 0 0 0 0 0 0 0 0 0 0 0 0 0 0 0 0 0 0 0 0 0 0 0 0 0 0 0 0 0 0 0 0 0 2 2 6 0 0 0 0
3 0 0 0 0 1 0 0 0 0 0 0 0 0 0 0 0 0 0 2 0 2 3 2 0 3 0 0 0 0 0 2 0 0 0 0 0 0 0 0 0 0 0 0 0 1 1 0 0 0 0 0 0 0 0 0 0 0 0 0 0 1 0 0 0 0 0 0 0 0 0 15 68 0 0 0 0 0 0 0 0 0 0 0 0 0 0 0 0 0 0 0 0 0 3 1 1 1 0 2 2 0 0 0 0 0 0 0 0 0 0 0 0 0 0 0 0 0 0 0 0 0 0 0 0 0 0 0 0 0 0 0 0 0 0 0 0 0 0 0 0 0 0 0 0 0 0 0 0 0
0 0 0 0 0 0 0 0 0 0 0 3 1 0 0 0 0 0 2 0 0 0 0 0 0 0 0 0 0 0 0 0 0 0 0 0 0 0 0 0 0 0 0 0 1 0 0 0 0 0 0 0 0 0 0 0 0 0 0 0 0 0 0 0 0 0 0 0 0 0 20 50 0 0 0 0 0 0 0 0 0 0 0 0 0 0 0 0 0 0 0 0 0 0 10 0 1 0 0 2 0 12 0 0 0 0 0 0 0 0 0 0 0 0 0 0 0 0 0 0 0 0 0 0 0 0 0 0 0 0 0 0 0 0 0 0 0 0 0 0 0 0 0 0 0 0 0 0 0 0
0 0 0 0 0 0 0 0 0 0 5 1 3 0 0 2 0 0 0 0 0 0 0 0 0 0 0 0 0 0 0 0 0 0 0 0 0 0 0 0 0 0 0 1 2 0 0 0 0 0 0 0 0 0 0 0 0 0 0 1 2 0 0 0 0 0 0 0 0 0 21 1 0 0 0 0 0 0 0 0 0 0 0 0 0 0 0 0 0 0 0 0 0 0 5 2 11 0 0 0 0 0 0 0 0 0 0 0 0 0 0 0 0 0 0 0 0 0 0 0 0 0 0 0 0 0 0 0 0 0 0 0 0 0 0 0 0 0 0 0 0 0 0 0 0 0 0 0 0 0
1 0 0 0 0 0 2 1 1 1 0 1 8 1 0 1 6 1 0 0 0 0 0 0 0 0 0 0 0 0 0 0 0 0 0 0 0 0 0 0 0 0 0 2 0 0 0 2 0 0 0 0 0 0 0 0 0 0 0 5 0 0 0 0 0 0 0 0 3 0 0 0 0 0 0 0 0 0 0 0 0 0 0 0 0 0 0 0 0 0 0 0 0 0 0 0 7 3 1 6 0 0 0 0 0 0 0 0 0 0 0 0 0 0 0 0 0 0 0 0 0 0 0 0 0 0 0 0 0 0 0 0 0 0 0 0 0 0 0 0 0 0 0 0 0 0 0 0 0 0
0 0 0 0 0 1 0 0 0 0 0 0 3 0 0 0 0 13 5 0 0 0 0 0 0 0 0 0 0 0 0 0 0 0 0 0 0 0 1 3 0 0 2 0 0 0 0 0 1 0 0 0 0 0 0 0 0 0 0 0 2 7 0 0 1 0 0 1 44 40 3 0 0 0 0 0 0 0 0 0 0 0 0 0 0 0 0 0 0 0 0 0 0 0 0 0 1 0 0 0 0 0 0 0 0 0 0 0 0 0 0 0 0 0 0 0 0 0 0 0 0 0 0 0 0 0 0 0 0 0 0 0 0 0 0 0 0 0 0 0 0 0 0 0 0 0 0 0 0 0
1 1 14 1 1 0 0 0 0 0 0 0 33 10 0 0 18 0 1 8 0 0 0 13 1 0 0 0 0 0 1 0 0 0 4 1 2 3 1 2 0 0 5 0 0 0 0 0 0 0 0 0 0 0 0 0 0 0 0 0 1 0 1 4 61 48 8 0 0 0 0 0 0 0 0 0 0 0 0 0 0 0 0 0 0 0 0 0 0 0 0 0 0 0 0 0 0 0 0 0 0 0 0 0 0 0 0 0 0 0 0 0 0 0 0 0 0 0 0 0 0 0 0 0 0 0 0 0 0 0 0 0 0 0 0 0 0 0 0 0 0 0 0 0 0 0 0 0 0 0
6 131 28 0 0 0 0 0 0 0 1 1 1 0 0 0 1 1 0 2 10 84 36 5 0 0 0 0 0 1 0 0 0 0 0 5 37 2 0 5 0 4 0 0 0 0 0 0 0 0 0 0 0 0 0 0 0 0 0 0 0 0 0 0 17 5 0 0 0 0 0 0 0 0 0 0 0 0 0 0 0 0 0 0 0 0 0 0 0 0 0 0 0 0 0 0 0 0 0 0 0 0 0 0 0 0 0 0 0 0 0 0 0 0 0 0 0 0 0 0 0 0 0 0 0 0 0 0 0 0 0 0 0 0 0 0 0 0 0 0 0 0 0 0 0 0 0 0 0 0
27 2 11 1 1 0 0 0 0 0 0 0 1 0 0 1 8 0 1 1 3 50 32 6 4 0 0 0 5 45 2 0 0 0 0 0 0 2 0 6 4 22 0 0 0 0 0 0 0 0 0 0 0 0 0 0 0 0 0 0 0 0 0 0 3 0 0 0 0 0 0 0 0 0 0 0 0 0 0 0 0 0 0 0 0 0 0 0 0 6 0 0 0 0 0 0 0 0 0 0 0 0 0 0 0 0 0 0 0 0 0 0 0 0 0 0 0 0 0 0 0 0 0 0 0 0 0 0 0 0 0 0 0 0 0 0 0 0 0 0 0 0 0 0 0 0 0 0 0 0
0 0 0 0 3 0 0 0 0 0 0 1 3 0 0 0 2 1 1 1 0 1 4 2 1 1 2 1 6 1 0 0 0 0 0 1 1 0 1 0 0 0 0 0 0 0 0 0 0 0 0 0 0 0 0 0 0 0 0 0 0 0 0 0 0 0 0 0 0 0 0 0 0 0 0 0 0 0 0 0 0 0 0 0 0 0 0 0 0 0 0 0 0 0 0 0 0 0 0 0 0 0 0 0 0 0 0 0 0 0 0 0 0 0 0 0 0 0 0 0 0 0 0 0 0 0 0 0 0 0 0 0 0 0 0 0 0 0 0 0 0 0 0 0 0 0 0 0 0 0
0 0 0 0 0 0 0 0 0 0 0 0 0 0 0 0 0 0 0 0 0 0 0 1 1 5 3 7 36 2 1 2 0 7 5 0 1 0 0 0 0 0 0 0 0 0 0 0 0 0 0 0 0 0 0 0 0 0 0 0 0 0 0 0 0 0 0 0 0 0 0 0 0 0 0 0 0 0 0 0 0 0 0 0 0 0 0 0 0 0 0 0 0 0 0 0 0 0 0 0 0 0 0 0 0 0 0 0 0 0 0 0 0 0 0 0 0 0 0 0 0 0 0 0 0 0 0 0 0 0 0 0 0 0 0 0 0 0 0 0 0 0 0 0 0 0 0 0 0 0
0 0 0 0 0 0 0 0 0 0 0 0 0 0 0 0 0 0 0 0 0 0 1 0 0 0 1 2 136 51 1 4 6 27 0 0 3 2 0 0 0 0 0 0 0 0 0 0 0 0 0 0 0 0 0 0 0 0 0 0 0 0 0 0 0 0 0 0 0 0 0 0 0 0 0 0 0 0 0 0 0 0 0 0 0 0 0 0 0 0 0 0 0 0 0 0 0 0 0 0 0 0 0 0 0 0 0 0 0 0 0 0 0 0 0 0 0 0 0 0 0 0 0 0 0 0 0 0 0 0 0 0 0 0 0 0 0 0 0 0 0 0 0 0 0 0 0 0 0 0
0 0 0 0 0 0 0 0 0 0 0 0 0 0 0 0 0 0 0 0 0 0 0 0 0 0 1 3 0 1 3 0 6 4 0 0 2 0 0 0 0 0 0 0 0 0 0 0 0 0 0 0 0 0 0 0 0 0 0 0 0 0 0 0 0 0 0 0 0 0 0 0 0 0 0 0 0 0 0 0 0 0 0 0 0 0 0 0 1 0 0 0 0 0 0 0 0 0 0 0 0 0 0 0 0 0 0 0 0 0 0 0 0 0 0 0 0 0 0 0 0 0 0 0 0 0 0 0 0 0 0 0 0 0 0 0 0 0 0 0 0 0 0 0 0 0 0 0 0 0
0 0 0 0 0 0 0 2 0 0 0 0 0 1 0 0 0 0 0 0 0 0 0 0 19 1 7 0 0 0 5 8 2 4 1 0 1 2 0 0 0 0 0 0 0 0 0 0 0 0 0 0 0 0 0 0 0 0 0 0 0 0 0 0 0 0 0 0 0 0 0 0 0 0 0 0 0 0 0 0 0 0 0 0 0 0 0 0 0 0 0 0 0 0 0 0 0 0 0 0 0 0 0 0 0 0 0 0 0 0 0 0 0 0 0 0 0 0 0 0 0 0 0 0 0 0 0 0 0 0 0 0 0 0 0 0 0 0 0 0 0 0 0 0 0 0 0 0 0 0
0 0 0 0 0 0 0 0 0 0 0 0 2 1 0 0 0 0 0 0 0 0 0 0 0 0 3 0 0 0 0 0 5 0 0 0 1 1 0 0 0 0 0 0 0 0 0 0 0 0 0 0 0 0 0 0 0 0 0 0 0 0 0 0 0 0 0 0 0 0 0 0 0 0 0 0 0 0 0 0 0 0 0 0 0 0 0 0 0 0 0 0 0 0 0 0 0 0 0 0 0 0 0 0 0 0 0 0 0 0 0 0 0 0 0 0 0 0 0 0 0 0 0 0 0 0 0 0 0 0 0 0 0 0 0 0 0 0 0 0 0 0 0 0 0 0 0 0 0 0
0 0 0 0 0 0 0 0 0 0 1 2 2 0 0 0 0 0 0 0 0 0 0 0 0 0 0 14 1 1 0 0 0 0 0 0 0 0 0 0 0 0 0 0 0 0 0 0 0 0 0 0 0 0 0 0 0 0 0 0 0 0 0 0 0 0 0 0 0 0 0 0 0 0 0 0 0 0 0 0 0 0 0 0 0 0 0 0 0 0 0 0 0 0 0 0 0 0 0 0 0 0 0 0 0 0 0 0 0 0 0 0 0 0 0 0 0 0 0 0 0 0 0 0 0 0 0 0 0 0 0 0 0 0 0 0 0 0 0 0 0 0 0 0 0 0 0 0 0 0
0 0 0 0 0 0 0 0 0 0 0 0 0 0 0 0 0 0 0 0 0 0 0 0 0 0 0 2 1 0 0 0 2 3 0 0 0 0 0 0 0 0 0 0 0 0 0 0 0 0 0 0 0 0 0 0 0 0 0 0 0 0 0 0 0 0 0 0 0 0 0 0 0 0 0 0 0 0 0 0 0 0 0 0 0 0 0 0 0 0 0 0 0 0 0 0 0 0 0 0 0 0 0 0 0 0 0 0 0 0 0 0 0 0 0 0 0 0 0 0 0 0 0 0 0 0 0 0 0 0 0 0 0 0 0 0 0 0 0 0 0 0 0 0 0 0 0 0 0 0
0 0 0 0 0 0 0 0 0 0 0 0 0 1 0 0 0 0 0 0 0 0 0 0 0 0 0 0 0 0 0 0 3 1 0 0 0 0 0 0 0 0 0 0 0 0 0 0 0 0 0 0 0 0 0 0 0 0 0 0 0 0 0 0 0 0 0 0 0 0 0 0 0 0 0 0 0 0 0 0 0 0 0 0 0 0 0 0 0 0 0 0 0 0 0 0 0 0 0 0 0 0 0 0 0 0 0 0 0 0 0 0 0 0 0 0 0 0 0 0 0 0 0 0 0 0 0 0 0 0 0 0 0 0 0 0 0 0 0 0 0 0 0 0 0 0 0 0 0 0
0 0 0 0 0 0 0 0 0 0 1 0 0 0 0 0 0 0 0 0 0 0 0 1 0 0 0 0 0 0 0 0 0 0 0 0 0 0 0 0 0 0 0 0 0 0 0 0 0 0 0 1 0 0 0 0 0 0 0 0 0 0 0 0 0 0 0 0 0 0 0 0 0 0 0 0 0 0 0 0 0 0 0 0 0 0 0 0 0 0 0 0 0 0 0 0 0 0 0 0 0 0 0 0 0 0 0 0 0 0 0 0 0 0 0 0 0 0 0 0 0 0 0 0 0 0 0 0 0 0 0 0 0 0 0 0 0 0 0 0 0 0 0 0 0 0 0 0 0 0
0 0 0 0 0 0 0 0 1 0 1 0 0 0 0 0 0 0 0 0 0 0 0 0 0 0 0 0 0 0 0 0 0 0 0 0 0 0 0 0 0 0 0 0 0 0 0 0 0 0 0 2 0 0 0 0 0 0 0 0 0 0 0 0 0 0 0 0 0 0 0 0 0 0 0 0 0 0 0 0 0 0 0 0 0 0 0 0 0 0 0 0 0 0 0 0 0 0 0 0 0 0 0 0 0 0 0 0 0 0 0 0 0 0 0 0 0 0 0 0 0 0 0 0 0 0 0 0 0 0 0 0 0 0 0 0 0 0 0 0 0 0 0 0 0 0 0 0 0 0
0 0 0 0 0 0 0 0 2 6 0 0 0 0 0 0 0 0 0 0 0 0 0 0 0 0 0 0 0 0 0 0 0 0 0 0 0 0 0 0 0 0 0 0 0 0 0 0 0 0 0 0 0 0 0 0 0 0 0 0 0 0 0 0 0 0 0 0 0 0 0 0 0 0 0 0 0 0 0 0 0 0 0 0 0 0 0 0 0 0 0 0 0 0 0 0 0 0 0 0 0 0 0 0 0 0 0 0 0 0 0 0 0 0 0 0 0 0 0 0 0 0 0 0 0 0 0 0 0 0 0 0 0 0 0 0 0 0 0 0 0 0 0 0 0 0 0 0 0 0
0 0 0 0 0 2 5 2 2 0 0 0 0 0 0 0 0 0 0 0 0 0 0 0 0 0 0 0 0 0 0 0 0 0 0 0 0 0 0 0 0 0 0 0 0 0 0 0 0 10 31 0 0 0 0 0 0 0 0 0 0 0 0 0 0 0 0 0 0 0 0 0 0 0 0 0 0 0 0 0 0 0 0 0 0 0 0 0 0 0 0 0 0 0 0 0 0 0 0 0 0 0 0 0 0 0 0 0 0 0 0 0 0 0 0 0 0 0 0 0 0 0 0 0 0 0 0 0 0 0 0 0 0 0 0 0 0 0 0 0 0 0 0 0 0 0 0 0 0 0
0 0 0 0 0 0 19 29 0 0 0 0 0 0 0 0 0 0 0 0 0 0 0 0 0 0 0 0 0 0 0 0 0 0 0 0 0 0 0 0 0 0 0 0 0 0 0 0 1 0 0 0 0 0 0 0 0 0 0 0 0 0 0 0 0 0 0 0 0 0 0 0 0 0 0 0 0 0 0 0 0 0 0 0 0 0 0 0 0 0 0 0 0 0 0 0 0 0 0 0 0 0 0 0 0 0 0 0 0 0 0 0 0 0 0 0 0 0 0 0 0 0 0 0 0 0 0 0 0 0 0 0 0 0 0 0 0 0 0 0 0 0 0 0 0 0 0 0 0 0
0 0 0 0 0 0 0 0 0 0 0 0 0 0 0 0 0 0 0 0 0 0 0 0 0 0 0 0 0 0 0 0 0 0 0 0 0 0 0 0 0 0 0 0 0 0 0 0 0 0 0 0 5 11 0 0 0 0 0 0 0 0 0 0 0 0 0 0 0 0 0 0 0 0 0 0 0 0 0 0 0 0 0 0 0 0 0 0 0 0 0 0 0 0 0 0 0 0 0 0 0 0 0 0 0 0 0 0 0 0 0 0 0 0 0 0 0 0 0 0 0 0 0 0 0 0 0 0 0 0 0 0 0 0 0 0 0 0 0 0 0 0 0 0 0 0 0 0 0 0
0 0 0 0 0 0 0 0 0 0 0 0 0 0 0 0 0 0 0 0 0 0 0 0 0 0 0 0 0 0 0 0 0 0 0 0 0 0 0 0 0 0 0 0 0 0 0 0 0 0 0 0 0 0 0 0 0 0 0 0 0 0 0 0 0 0 0 0 0 0 0 0 0 0 0 0 0 0 0 0 0 0 0 0 0 0 0 0 0 0 0 0 0 0 0 0 0 0 0 0 0 0 0 0 0 0 0 0 0 0 0 0 0 0 0 0 0 0 0 0 0 0 0 0 0 0 0 0 0 0 0 0 0 0 0 0 0 0 0 0 0 0 0 0 0 0 0 0 0 0
0 0 0 0 0 0 0 0 0 0 0 0 0 0 0 0 0 0 0 0 0 0 0 0 0 0 0 0 0 0 0 0 0 0 0 0 0 0 0 0 0 0 0 0 0 0 0 0 0 0 0 0 0 0 0 0 0 0 0 0 0 0 0 0 0 0 0 0 0 0 0 0 0 0 0 0 0 0 0 0 0 0 0 0 0 0 0 0 0 0 0 0 0 0 0 0 0 0 0 0 0 0 0 0 0 0 0 0 0 0 0 0 0 0 0 0 0 0 0 0 0 0 0 0 0 0 0 0 0 0 0 0 0 0 0 0 0 0 0 0 0 0 0 0 0 0 0 0 0 0
0 0 0 0 0 0 0 0 0 0 0 0 0 0 0 0 0 0 0 0 0 0 0 0 0 0 0 0 0 0 0 0 3 0 0 0 0 0 0 0 0 0 0 0 0 0 0 0 0 0 0 0 1 0 0 0 0 0 0 0 0 0 0 0 0 0 0 0 0 0 0 0 0 0 0 0 0 0 0 0 0 0 0 0 0 0 0 0 0 0 0 0 0 0 0 0 0 0 0 0 0 0 0 0 0 0 0 0 0 0 0 0 0 0 0 0 0 0 0 0 0 0 0 0 0 0 0 0 0 0 0 0 0 0 0 0 0 0 0 0 0 0 0 0 0 0 0 0 0 0
0 0 0 0 0 0 0 0 0 0 0 0 0 0 0 0 0 0 0 0 0 0 0 0 0 0 0 0 0 0 0 0 0 0 2 0 0 0 0 0 0 0 0 0 0 0 0 0 0 0 0 0 0 2 0 0 0 0 0 0 0 0 0 0 0 0 0 0 0 0 0 0 0 0 0 0 0 0 0 0 0 0 0 0 0 0 0 0 0 0 0 0 0 0 0 0 0 0 0 0 0 0 0 0 0 0 0 0 0 0 0 0 0 0 0 0 0 0 0 0 0 0 0 0 0 0 0 0 0 0 0 0 0 0 0 0 0 0 0 0 0 0 0 0 0 0 0 0 0 0
0 0 0 0 0 0 0 0 0 0 0 0 0 0 0 0 0 0 0 0 0 0 0 0 0 0 0 0 0 0 2 7 0 0 0 0 0 0 0 0 0 0 0 0 0 0 0 0 0 0 0 0 0 0 0 0 0 0 0 0 0 0 0 0 0 0 0 0 0 0 0 0 0 0 0 0 0 0 0 0 0 0 0 0 0 0 0 0 0 0 0 0 0 0 0 0 0 0 0 0 0 0 0 0 0 0 0 0 0 0 0 0 0 0 0 0 0 0 0 0 0 0 0 0 0 0 0 0 0 0 0 0 0 0 0 0 0 0 0 0 0 0 0 0 0 0 0 0 0 0
0 0 0 0 0 0 0 0 0 0 0 0 0 0 0 0 0 0 0 0 0 0 0 0 0 0 0 0 0 0 4 6 0 0 0 0 1 0 0 0 0 0 0 0 0 0 0 0 0 0 0 0 0 0 0 0 0 0 0 0 0 0 0 0 0 0 0 0 0 0 0 0 0 0 0 0 0 0 0 0 0 0 0 0 0 0 0 0 0 0 0 0 0 0 0 0 0 0 0 0 0 0 0 0 0 0 0 0 0 0 0 0 0 0 0 0 0 0 0 0 0 0 0 0 0 0 0 0 0 0 0 0 0 0 0 0 0 0 0 0 0 0 0 0 0 0 0 0 0 0
0 0 0 0 0 0 0 0 0 0 0 0 0 0 0 0 0 0 0 0 0 0 0 0 0 0 1 0 0 8 0 0 0 0 0 0 0 0 0 0 0 0 0 0 0 0 0 0 0 0 0 0 0 0 0 0 0 0 0 0 0 0 0 0 0 0 0 0 0 0 0 0 0 0 0 0 0 0 0 0 0 0 0 0 0 0 0 0 0 0 0 0 0 0 0 0 0 0 0 0 0 0 0 0 0 0 0 0 0 0 0 0 0 0 0 0 0 0 0 0 0 0 0 0 0 0 0 0 0 0 0 0 0 0 0 0 0 0 0 0 0 0 0 0 0 0 0 0 0 0
0 0 0 0 0 0 0 0 0 0 0 0 0 0 0 0 0 0 0 0 0 0 0 0 0 0 0 0 0 34 13 0 0 0 0 0 0 0 0 0 0 0 0 0 0 0 0 0 1 0 1 0 0 0 0 0 0 0 0 0 0 0 0 0 0 0 0 0 0 0 0 0 0 0 0 0 0 0 0 0 0 0 0 0 0 0 0 0 0 0 0 0 0 0 0 0 0 0 0 0 0 0 0 0 0 0 0 0 0 0 0 0 0 0 0 0 0 0 0 0 0 0 0 0 0 0 0 0 0 0 0 0 0 0 0 0 0 0 0 0 0 0 0 0 0 0 0 0 0 0
0 0 0 0 0 0 0 0 0 0 0 0 0 0 0 0 0 0 0 0 0 0 0 0 0 0 1 0 0 0 0 0 0 0 0 0 0 0 0 0 0 0 0 0 0 0 0 0 0 28 0 0 0 0 0 0 0 0 0 0 0 0 0 0 0 0 0 0 0 0 0 0 0 0 0 0 0 0 0 0 0 0 0 0 0 0 0 0 0 0 0 0 0 0 0 0 0 0 0 0 0 0 0 0 0 0 0 0 0 0 0 0 0 0 0 0 0 0 0 0 0 0 0 0 0 0 0 0 0 0 0 0 0 0 0 0 0 0 0 0 0 0 0 0 0 0 0 0 0 0
0 0 0 0 0 0 0 0 0 0 0 0 0 0 0 0 0 0 0 0 0 0 0 0 0 0 10 0 0 0 0 0 0 0 0 0 0 0 0 0 0 0 0 0 0 0 0 0 6 0 0 0 0 0 0 0 0 0 0 0 0 0 0 0 0 0 0 0 0 0 0 0 0 0 0 0 0 0 0 0 0 0 0 0 0 0 0 0 0 0 0 0 0 0 0 0 0 0 0 0 0 0 0 0 0 0 0 0 0 0 0 0 0 0 0 0 0 0 0 0 0 0 0 0 0 0 0 0 0 0 0 0 0 0 0 0 0 0 0 0 0 0 0 0 0 0 0 0 0 0
0 0 0 0 0 0 0 0 0 0 0 0 0 0 0 0 0 0 0 0 0 0 0 0 0 0 0 1 1 0 0 0 0 0 0 0 0 0 0 0 0 0 0 0 0 0 0 0 0 0 0 0 0 0 0 0 0 0 0 0 0 0 0 0 0 0 0 0 0 0 0 0 0 0 0 0 0 0 0 0 0 0 0 0 0 0 0 0 0 0 0 0 0 0 0 0 0 0 0 0 0 0 0 0 0 0 0 0 0 0 0 0 0 0 0 0 0 0 0 0 0 0 0 0 0 0 0 0 0 0 0 0 0 0 0 0 0 0 0 0 0 0 0 0 0 0 0 0 0 0
0 0 0 0 0 0 0 0 0 0 0 0 0 0 0 0 0 0 0 0 0 0 0 0 0 0 0 0 0 0 0 0 0 0 0 0 0 0 0 0 0 0 0 0 0 0 0 0 0 0 0 0 0 0 0 0 0 0 0 0 0 0 0 0 0 0 0 0 0 0 0 0 0 0 0 0 0 0 0 0 0 0 0 0 0 0 0 0 0 0 0 0 0 0 0 0 0 0 0 0 0 0 0 0 0 0 0 0 0 0 0 0 0 0 0 0 0 0 0 0 0 0 0 0 0 0 0 0 0 0 0 0 0 0 0 0 0 0 0 0 0 0 0 0 0 0 0 1 0 0
0 0 0 0 0 0 0 0 0 0 0 0 0 0 0 0 0 0 0 0 0 0 0 0 0 0 0 0 0 0 0 0 0 0 0 0 0 0 0 0 0 0 0 0 0 0 0 0 0 0 3 0 0 0 0 0 0 0 0 0 0 0 0 0 0 0 0 0 0 0 0 0 0 0 0 0 0 0 0 0 0 0 0 0 0 0 0 0 0 0 0 0 0 0 0 0 0 0 0 0 0 0 0 0 0 0 0 0 0 0 0 0 0 0 0 0 0 0 0 0 0 0 0 0 0 0 0 0 0 0 0 0 0 0 0 0 0 0 0 0 0 0 0 0 0 0 0 0 0 0
0 0 0 0 0 0 0 0 0 0 0 0 0 0 0 0 0 0 0 0 0 0 0 0 0 0 0 0 0 0 0 0 0 0 0 0 0 0 0 0 0 0 0 0 0 0 0 0 0 0 0 0 0 0 0 0 0 0 0 0 0 0 0 0 0 0 0 0 0 0 0 0 0 0 0 0 0 0 0 0 0 0 0 0 0 0 0 0 0 0 0 0 0 0 0 0 0 0 0 0 0 0 0 0 0 0 0 0 0 0 0 0 0 0 0 0 0 0 0 0 0 0 0 0 0 0 0 0 0 0 0 0 0 0 0 0 0 0 0 0 0 0 0 0 0 0 0 0 0 0
0 0 0 0 0 0 0 0 0 0 0 0 0 0 0 0 0 0 0 0 0 0 0 0 0 0 0 0 0 0 0 0 0 0 0 0 0 0 0 0 0 0 0 0 0 0 0 0 0 0 0 0 0 0 0 0 0 0 0 0 0 0 0 0 0 0 0 0 0 0 0 0 0 0 0 0 0 0 0 0 0 0 0 0 0 0 0 0 0 0 0 0 0 0 0 0 0 0 0 0 0 0 0 0 0 0 0 0 0 0 0 0 0 0 0 0 0 0 0 0 0 0 0 0 0 0 0 0 0 0 0 0 0 0 0 0 0 0 0 0 0 0 0 0 0 0 0 0 0 0
0 0 0 0 0 0 0 0 0 0 0 0 0 0 0 0 0 0 0 0 0 0 0 0 0 0 0 0 0 0 0 0 0 0 0 0 0 0 0 0 0 0 0 0 0 0 0 0 0 0 0 0 0 0 0 0 0 0 0 0 0 0 0 0 0 0 0 0 0 0 0 0 0 0 0 0 0 0 0 0 0 0 0 0 0 0 0 0 0 0 0 0 0 0 0 0 0 0 0 0 0 0 0 0 0 0 0 0 0 0 0 0 0 0 0 0 0 0 0 0 0 0 0 0 0 0 0 0 0 0 0 0 0 0 0 0 0 0 0 0 0 0 0 0 0 0 0 0 0 0
