0 0 11 2 0 0 0 0 15 91 3 6 0 8 0 0 0 1 5 0 2 3 0 0 4 26 0 1 0 0 0 0 1 6 3 2 0 0 13 6 0 0 0 2 2 0 0 0 0 0 0 0 4 2 1 2 0 0 0 3 61 30 11 2 0 17 44 1 0 0 0 7 10 166 115 204 165 73 44 16 32 236 50 55 85 163 219 211 33 147 643 758 167 451 351 508 961 740 807 229 135 130 17 59 26 51 67 406 188 8 5 19 7 265 42 28 35 13 1 1 4 35 12 15 0 27 0 1 20 2 9 20 1 9 7 0 0 0 0 0 5 0 1 1 0 0 0 0 0 31
1 8 4 0 0 0 0 0 0 36 13 45 9 0 0 0 0 0 2 0 0 1 22 3 12 22 0 5 0 0 0 0 0 0 0 0 0 0 2 0 0 0 0 0 0 0 0 0 0 0 0 0 2 4 26 0 0 0 0 22 78 26 4 13 15 0 0 0 1 0 0 12 70 113 26 2 23 74 18 63 89 63 12 7 96 452 224 106 243 356 370 36 368 350 303 381 1073 569 720 896 211 73 31 36 6 1 2 17 45 8 3 4 7 15 44 25 2 14 1 27 3 10 15 13 1 1 7 4 11 17 15 14 52 40 0 0 0 0 1 82 49 0 0 0 0 0 0 0 0 0
1 0 0 0 7 0 0 0 0 7 2 8 8 2 0 0 0 4 4 1 1 15 118 23 16 0 7 2 0 0 0 0 0 1 0 7 2 1 1 8 4 0 0 4 0 0 0 0 0 0 0 0 0 0 4 0 0 0 11 14 7 16 2 17 0 0 0 0 0 0 0 4 9 0 0 2 3 75 156 205 131 35 12 22 25 162 431 156 7 13 91 31 205 455 531 518 391 457 238 464 610 345 9 66 18 13 7 23 174 139 62 5 2 3 3 9 8 87 23 12 81 12 7 3 6 2 2 3 4 13 12 3 55 155 0 0 4 0 7 80 10 4 0 0 2 0 0 0 0 0
21 2 1 0 0 0 0 0 0 2 2 1 0 0 0 5 2 0 11 0 0 0 11 12 23 0 0 4 12 0 1 0 0 0 0 7 0 0 0 5 2 0 0 0 0 0 0 0 0 0 2 1 1 1 103 38 0 82 46 9 2 1 3 22 0 0 0 0 0 2 10 109 114 2 3 7 17 207 266 674 135 87 38 142 144 16 42 293 13 203 706 1079 1064 850 919 384 117 251 492 456 456 530 144 85 31 85 48 17 262 105 16 22 39 13 1 2 14 90 143 39 37 81 19 3 4 9 33 2 27 2 8 15 15 1 44 7 20 2 0 13 63 2 0 0 0 0 0 0 0 0
7 16 0 1 0 0 0 0 0 0 0 0 0 0 0 2 13 5 2 2 3 1 2 0 8 0 1 0 0 0 1 0 2 0 0 18 7 0 0 1 0 0 0 0 0 0 0 0 0 7 0 0 0 1 35 157 40 60 7 0 5 2 0 27 0 0 0 0 0 12 127 80 120 86 40 73 91 124 255 433 278 384 341 32 131 102 56 90 53 283 1088 1289 367 740 361 278 167 809 340 878 736 917 492 376 212 204 67 36 6 5 4 26 22 33 7 0 6 34 124 41 195 549 142 12 4 2 3 1 1 20 1 2 0 0 17 1 0 0 0 3 38 6 0 0 0 0 0 0 0 0
6 7 0 0 0 0 0 0 0 2 2 1 0 0 0 3 4 0 13 67 9 4 0 0 0 0 0 0 0 1 0 141 0 0 18 109 40 13 1 0 0 0 1 0 0 0 0 0 0 25 13 9 0 6 34 84 75 42 16 7 0 0 17 1 0 0 0 0 3 124 90 125 79 83 105 61 35 56 38 453 821 702 366 55 1 187 99 45 28 211 1346 984 152 397 778 538 321 1058 501 576 377 542 905 455 21 113 10 66 8 10 0 2 9 21 5 20 53 10 18 15 168 109 2 3 4 9 1 2 3 1 6 0 0 0 0 1 3 0 0 0 2 3 0 0 0 0 0 1 0 0
0 0 0 0 0 1 0 0 0 8 7 0 0 1 0 0 0 0 0 0 1 3 0 0 0 0 0 0 0 1 4 0 2 0 0 11 0 3 3 0 0 0 0 0 0 0 0 0 0 1 4 3 10 7 2 22 8 5 33 24 10 11 1 0 0 6 0 0 4 78 56 104 167 368 313 170 332 142 344 416 1260 609 911 1001 315 68 25 114 83 90 1095 1055 174 521 763 405 239 565 397 123 53 275 217 205 39 69 146 15 17 20 39 151 183 42 63 46 2 4 22 20 76 89 10 4 3 8 9 1 0 0 4 0 0 0 0 0 0 17 0 0 0 0 0 0 0 0 0 0 0 0
4 0 0 0 0 0 0 0 0 1 1 0 0 0 0 1 0 0 0 0 0 0 0 0 0 0 0 0 0 1 2 0 0 0 5 2 0 1 8 26 0 0 0 0 0 0 0 0 0 0 0 0 5 9 0 8 0 20 50 48 126 89 47 3 18 42 0 0 10 60 7 10 25 120 60 44 59 173 514 770 795 570 1067 350 179 128 174 536 247 59 410 179 85 462 376 465 227 511 510 203 175 327 424 523 124 94 19 44 287 26 214 346 83 55 23 68 7 1 3 23 20 12 6 5 3 2 7 0 14 1 0 0 0 0 0 0 0 1 0 0 0 0 0 0 0 0 0 0 0 0
3 1 0 0 0 0 0 0 6 7 0 1 0 4 7 0 0 0 1 0 0 0 0 0 0 0 0 0 0 0 1 0 0 0 5 3 0 5 1 3 0 0 0 0 0 0 0 0 0 0 0 0 2 8 0 0 3 13 203 55 271 239 27 4 4 19 8 7 3 30 1 0 0 2 6 27 15 51 137 456 932 1230 629 24 25 25 139 245 216 69 51 68 275 612 1117 857 118 334 380 535 286 238 86 285 546 128 238 203 45 32 727 209 183 13 50 8 0 2 1 1 16 1 8 25 8 0 2 3 0 1 7 1 0 1 1 0 0 1 0 0 0 0 0 0 0 0 0 0 0 0
0 0 0 0 0 0 0 1 18 6 0 0 0 3 0 0 0 0 0 0 0 0 0 0 0 0 0 0 0 0 0 0 0 0 0 0 0 2 1 0 2 2 0 0 0 0 3 1 9 0 1 0 16 4 0 0 1 0 0 31 21 140 24 2 1 1 0 0 1 48 0 0 0 1 0 129 10 124 337 681 1010 632 610 291 814 594 267 187 281 156 68 0 40 548 907 969 591 180 54 5 33 184 58 4 111 435 211 197 78 33 468 484 403 89 16 150 216 578 115 24 131 47 34 38 44 34 9 13 3 23 28 24 0 1 0 0 0 0 0 0 0 0 0 0 0 0 0 0 0 0
0 1 9 0 0 0 4 0 2 7 7 1 0 0 0 13 1 1 0 0 0 0 0 0 0 0 0 0 0 0 0 2 0 0 0 9 0 0 5 1 0 5 7 0 0 0 6 10 19 27 8 1 67 20 0 0 0 6 21 22 0 138 2 3 0 0 1 0 2 18 0 0 0 0 1 0 22 31 176 301 463 234 497 335 229 383 204 371 438 279 19 5 11 199 539 588 532 39 19 64 19 16 1 14 149 305 844 476 149 105 508 282 117 41 2 151 286 812 661 208 329 206 177 109 107 293 121 36 65 27 17 90 27 34 37 0 0 0 0 0 0 0 0 0 0 0 0 0 0 0
1 0 2 0 0 0 0 0 6 2 0 0 0 0 0 0 8 9 3 2 0 0 0 0 0 0 0 0 0 0 0 0 4 1 5 3 0 1 3 1 1 17 8 7 6 1 1 0 1 1 0 0 5 1 11 0 4 1 5 67 2 4 4 0 0 4 0 0 2 0 2 3 0 0 0 5 22 31 131 429 438 203 67 99 119 113 68 31 129 443 28 0 0 6 8 80 1191 360 254 31 0 5 15 30 41 36 456 290 28 62 407 255 96 284 56 227 421 275 458 599 374 311 163 100 111 93 1 0 0 27 2 0 53 34 167 0 0 0 0 0 0 0 0 0 0 0 0 0 0 0
0 0 0 0 0 0 0 2 2 5 0 0 0 0 0 0 3 7 6 5 5 10 0 0 0 0 0 0 0 0 0 0 0 0 0 0 2 0 0 0 0 7 45 2 21 0 1 7 0 0 0 0 19 10 2 0 0 0 20 78 3 2 2 0 1 3 1 4 0 2 15 0 0 0 5 61 289 108 143 109 179 286 60 1 27 29 8 2 1 12 1 0 8 28 74 14 549 412 503 505 25 17 50 21 42 9 53 524 779 280 740 970 136 602 147 69 54 179 1164 959 186 190 110 2 20 132 17 1 27 18 0 0 19 28 7 0 0 0 0 0 0 0 0 0 0 3 0 0 0 0
0 0 0 0 0 0 6 7 0 1 0 0 0 0 0 0 0 0 90 15 43 9 0 0 0 0 0 0 0 2 4 0 0 0 0 0 0 0 0 0 0 1 1 111 41 0 0 0 7 0 2 26 6 0 0 0 0 0 36 0 9 4 4 1 0 0 15 39 32 11 174 0 0 50 7 310 438 458 214 155 43 262 92 4 21 132 5 1 0 36 5 5 1 41 16 31 190 492 184 301 0 42 346 102 288 62 134 573 353 627 1244 808 1075 860 182 193 269 469 697 434 211 210 10 5 0 21 27 0 13 4 0 2 2 1 0 0 0 0 0 0 0 0 0 0 0 0 0 0 0 0
0 0 0 0 0 0 6 3 6 2 0 0 0 0 0 0 0 0 1 3 7 0 0 1 1 0 0 0 0 0 0 0 0 0 0 0 0 0 0 0 0 0 0 5 33 0 0 2 0 21 21 153 2 0 3 1 7 5 19 20 90 25 12 16 6 55 136 103 539 322 43 7 6 12 89 669 1572 1079 462 78 3 107 49 10 15 65 181 20 0 34 7 8 1 2 0 4 51 353 164 321 17 52 437 364 1189 1026 1659 1087 942 910 967 719 618 473 492 217 142 110 54 97 135 114 38 20 1 12 60 1 8 29 25 1 0 0 0 0 0 0 0 0 0 0 0 0 0 0 1 0 0 0
0 0 0 0 0 0 48 36 13 0 1 0 0 0 0 0 1 1 0 3 0 34 8 5 0 0 0 1 0 6 0 0 0 0 0 0 0 0 0 0 0 0 0 0 1 16 0 0 0 23 70 97 1 0 0 7 40 98 11 88 20 46 3 28 31 48 109 49 122 98 99 106 96 162 627 694 1225 635 317 36 16 18 1 0 0 0 65 93 12 122 2 16 0 0 7 36 43 14 13 7 13 0 966 733 510 511 990 419 513 952 1417 1041 1389 410 310 95 70 233 113 84 74 11 142 251 58 64 18 13 3 1 0 0 28 0 24 9 0 0 0 0 0 0 0 0 0 0 0 0 0 0
0 0 0 0 0 0 0 3 1 1 0 0 4 0 0 3 3 3 1 4 5 0 42 38 15 4 1 0 0 0 0 0 0 0 0 0 0 1 0 0 4 0 0 3 0 6 3 17 0 16 35 0 2 19 16 72 112 162 57 29 0 4 0 3 2 0 0 0 0 0 7 2 47 101 194 252 438 307 145 0 1 0 6 0 0 0 0 38 114 17 0 0 4 0 5 21 62 0 8 95 47 284 585 771 333 169 354 290 380 680 732 480 844 539 547 175 48 71 223 19 0 12 23 52 27 408 0 4 1 0 0 0 0 1 0 0 0 0 0 0 0 0 0 0 0 0 0 0 0 0
0 0 0 1 0 4 1 5 0 0 0 0 0 0 2 6 1 4 2 2 1 1 1 1 19 1 8 42 3 0 0 0 0 0 0 0 0 0 0 0 1 0 13 2 0 43 53 2 0 47 50 23 21 88 37 30 66 69 367 13 3 4 0 0 1 6 17 35 1 14 213 29 82 13 78 178 51 171 34 18 1 0 7 2 0 0 0 9 27 8 1 35 41 64 16 37 4 0 102 289 127 126 313 79 101 332 185 151 675 512 137 414 124 94 225 31 139 122 21 5 0 3 3 17 67 611 242 18 4 1 0 0 0 0 0 0 0 0 0 0 0 0 0 0 0 0 2 0 0 0
0 0 2 1 2 2 0 0 0 0 0 0 1 0 0 2 0 1 0 5 0 2 11 0 5 2 49 33 21 0 0 0 0 0 3 11 1 0 0 0 0 2 0 11 17 13 13 1 30 307 256 29 36 19 3 64 122 90 34 26 62 19 0 0 0 3 1 1 0 113 50 25 51 11 3 171 143 43 22 26 16 0 8 33 0 2 5 6 10 4 5 150 63 205 19 0 0 19 188 17 126 283 86 42 95 114 135 354 461 33 3 259 6 302 29 0 27 22 0 0 0 0 1 12 50 177 172 173 34 2 0 0 0 0 0 0 0 0 0 0 0 0 0 0 0 0 0 0 0 0
0 0 0 1 1 1 0 0 0 0 0 0 2 4 3 0 1 0 0 1 1 12 45 11 5 5 4 16 160 8 0 4 0 1 1 0 0 0 0 0 0 6 14 31 65 82 83 9 6 253 70 7 2 11 73 26 27 66 11 1 0 2 1 0 0 9 0 0 7 15 34 47 17 0 0 53 11 0 6 2 2 0 0 0 0 14 12 0 13 14 11 25 15 2 2 23 1 11 23 3 603 720 461 133 57 175 84 215 124 17 0 0 3 122 6 0 0 0 0 0 0 0 13 10 9 10 23 128 12 0 0 0 0 0 0 0 0 0 0 0 0 0 0 0 0 0 0 0 0 0
0 0 0 0 5 0 57 0 0 0 0 1 0 0 0 0 0 2 4 1 0 1 20 6 0 16 3 5 0 6 3 11 4 0 0 0 0 0 0 2 2 14 26 25 26 19 17 50 117 679 264 112 20 47 21 9 11 1 3 0 0 20 23 9 185 77 2 0 5 8 73 27 2 0 5 245 119 76 14 19 11 12 4 1 1 1 3 10 35 13 14 0 0 3 0 0 0 1 161 276 912 711 303 86 3 25 153 161 3 0 0 0 0 15 0 0 0 0 0 0 0 0 3 2 0 0 57 135 0 0 0 0 0 0 0 0 0 0 0 0 0 0 0 0 0 0 0 0 0 0
0 0 0 0 0 0 0 0 0 0 0 0 0 9 5 0 0 0 0 0 0 1 10 2 4 1 0 0 0 0 12 82 7 1 1 0 0 15 0 0 111 25 0 0 1 0 1 4 155 793 350 302 21 3 0 6 0 2 0 1 1 4 6 0 11 20 27 3 10 39 45 28 30 0 4 20 113 75 56 144 19 66 11 45 13 8 6 6 162 55 31 12 2 8 3 12 6 4 71 245 182 46 40 5 13 41 111 60 16 0 0 0 6 92 0 0 0 0 0 0 0 0 0 0 0 60 49 6 1 4 1 0 0 0 0 0 0 0 0 0 0 0 0 0 0 0 0 0 0 0
0 0 0 2 0 0 0 0 0 0 0 0 0 0 8 2 0 0 0 0 1 3 16 0 0 0 0 0 0 0 0 9 41 8 10 0 16 92 33 24 5 0 0 0 0 0 15 22 33 378 225 141 10 0 0 8 0 2 5 3 1 0 0 0 3 2 17 8 0 13 7 31 46 5 5 2 19 76 16 50 35 72 33 0 1 26 5 1 1 1 14 4 10 2 0 0 1 0 1 3 10 2 13 51 58 96 62 57 77 95 34 13 68 0 0 0 0 0 0 0 0 0 0 6 25 163 86 0 0 0 9 0 0 0 0 0 0 0 0 0 0 0 0 0 0 0 0 0 0 0
0 0 2 1 0 0 0 0 0 0 0 0 0 2 1 0 2 7 0 0 6 0 0 0 1 0 0 0 0 4 1 3 3 8 11 14 14 35 17 2 0 0 0 0 16 52 50 76 2 196 105 38 3 5 8 10 29 14 3 0 0 0 0 0 1 0 0 3 0 3 0 7 130 67 4 22 0 0 0 5 0 10 118 111 4 0 3 1 0 0 0 7 1 5 1 0 0 0 0 3 9 3 4 110 58 29 26 8 31 50 0 53 30 0 0 0 0 0 0 0 0 0 0 15 5 32 30 99 6 0 0 0 0 0 0 0 0 0 0 0 0 0 0 0 0 0 0 0 0 0
0 0 0 0 0 0 0 0 0 0 0 0 0 0 0 0 0 0 0 0 0 0 1 0 0 0 1 0 0 0 0 6 10 23 51 0 0 151 0 0 0 0 0 33 37 28 46 4 6 23 71 34 34 8 47 3 2 4 0 3 0 0 0 0 1 0 0 10 10 7 4 4 7 243 50 53 0 0 0 0 0 2 24 59 18 10 0 0 0 6 3 7 0 4 1 0 7 1 0 9 9 2 1 64 609 0 0 11 0 0 0 8 8 0 0 0 4 0 0 0 0 0 2 1 0 36 49 56 0 0 1 0 0 0 0 0 0 0 0 0 0 0 0 0 0 0 0 0 0 0
0 0 0 0 0 0 0 0 0 0 0 0 0 0 5 0 0 1 18 0 0 9 1 1 0 0 0 0 0 0 0 0 14 17 27 0 0 25 0 0 1 0 0 10 85 12 3 0 19 24 51 29 0 6 0 0 2 0 0 0 3 0 0 0 15 1 0 4 4 4 8 26 3 16 0 6 9 1 0 0 1 0 0 7 0 20 4 5 0 8 0 4 8 3 18 5 0 3 0 1 2 17 7 88 218 119 0 12 0 0 0 2 16 1 31 4 0 0 0 1 0 0 0 0 0 51 12 59 1 1 0 0 0 0 0 0 7 39 0 0 0 1 0 0 0 0 0 0 0 0
0 0 0 0 0 0 0 0 0 0 0 0 0 0 2 0 0 5 2 0 2 4 2 5 0 0 0 19 1 1 0 26 4 10 20 8 0 0 6 29 2 1 1 21 85 8 1 0 0 6 20 44 1 5 0 1 0 5 0 0 0 0 0 0 5 0 0 2 14 1 6 12 1 0 0 1 18 0 0 0 0 2 18 3 2 9 12 9 0 0 5 1 0 1 0 9 0 0 0 2 11 13 5 30 51 198 24 9 0 0 0 0 0 13 14 20 0 0 2 1 0 0 0 0 80 262 12 23 0 0 0 0 0 0 1 0 2 17 0 0 0 0 0 0 0 0 0 0 0 0
0 0 0 0 0 0 0 1 0 0 0 0 0 1 3 3 12 20 14 1 4 22 16 0 0 0 1 1 5 15 52 9 0 26 6 1 2 18 12 8 44 68 11 102 349 10 4 0 1 1 0 41 38 3 2 0 0 0 0 0 0 0 0 1 3 0 0 1 2 33 67 49 3 6 0 0 3 12 0 0 0 0 0 0 5 0 1 5 9 6 8 0 4 1 1 0 0 0 0 0 0 4 25 10 26 555 448 37 3 0 0 0 0 0 0 1 22 81 68 3 0 0 0 19 70 25 115 281 346 14 0 0 0 0 0 4 8 24 0 0 0 0 0 0 0 0 0 0 0 0
0 0 0 0 0 0 0 0 0 6 1 1 12 4 6 8 32 63 3 4 1 0 1 1 0 0 1 7 73 8 1 9 7 0 6 18 5 21 76 280 326 619 273 238 88 14 0 1 0 0 0 4 28 23 10 0 0 0 0 0 0 0 1 0 0 0 0 1 0 3 12 19 17 0 12 13 1 39 5 0 1 2 3 0 18 0 0 0 6 18 4 4 5 23 7 53 8 0 0 1 0 75 3 25 202 327 463 300 18 0 0 0 0 0 0 0 149 84 32 0 0 0 16 30 131 109 718 408 56 92 0 0 1 11 0 9 0 0 0 0 0 0 0 0 0 0 0 0 0 0
0 0 0 0 0 0 0 2 16 6 4 71 77 0 0 2 2 9 2 1 0 2 6 44 9 5 11 1 2 3 5 1 0 3 77 35 2 7 227 294 578 817 547 481 50 4 0 7 9 0 4 4 59 78 23 10 0 0 0 0 0 0 0 0 0 0 1 0 1 0 3 1 0 0 0 0 0 8 35 0 0 0 0 2 14 0 0 0 0 3 0 3 7 24 4 11 0 0 0 2 0 0 4 4 9 22 11 92 41 0 0 0 0 0 77 73 417 373 30 31 20 50 20 105 214 41 229 401 390 495 91 46 30 108 4 0 0 0 0 0 0 0 0 0 0 0 0 0 0 0
0 0 0 0 0 0 2 4 2 1 4 1 1 0 2 3 0 1 8 7 0 32 157 21 0 0 0 0 2 4 8 9 1 1 17 20 17 17 38 84 628 308 398 269 25 1 0 10 4 5 1 5 16 1 8 1 0 0 0 0 0 0 0 0 0 0 0 0 3 0 1 1 0 0 0 1 6 6 7 1 37 11 13 1 24 0 0 0 52 124 1 0 3 6 0 2 3 3 1 5 3 2 1 10 6 0 0 7 39 1 3 0 2 0 67 657 800 594 118 157 113 132 40 2 0 2 21 131 9 28 14 141 465 61 51 0 0 0 0 0 0 0 0 0 0 0 0 0 0 0
0 0 0 0 0 0 1 3 0 3 0 5 2 2 0 2 0 1 23 55 208 234 11 0 0 0 0 1 9 22 5 6 34 37 17 3 24 84 0 82 380 267 291 263 176 49 16 0 3 16 0 3 3 4 20 2 0 0 0 0 0 0 0 0 0 0 0 0 0 0 0 0 0 0 0 0 1 1 3 0 10 19 39 147 29 1 0 0 0 0 0 1 9 4 1 2 21 3 0 0 1 1 0 0 6 4 3 12 205 143 238 546 194 153 553 808 532 314 122 463 52 127 7 2 37 33 61 97 6 0 16 141 362 113 114 1 0 0 0 0 0 0 0 0 0 0 0 0 0 0
0 0 17 0 0 0 0 5 1 2 0 7 5 18 1 11 11 7 24 8 34 0 0 0 0 1 0 1 0 14 11 3 4 4 2 6 5 4 3 7 36 66 29 12 3 0 1 0 0 0 4 11 52 4 12 3 1 5 0 2 0 0 0 0 0 0 0 0 0 0 2 0 0 0 0 14 0 23 3 0 0 7 13 4 0 0 0 0 3 0 7 1 0 19 12 10 5 0 0 0 6 1 0 0 0 4 6 26 124 41 125 90 92 486 732 413 240 210 129 288 79 13 0 7 8 31 83 0 0 0 155 320 0 1 8 0 0 0 0 0 0 0 0 0 0 0 0 0 0 0
0 0 0 0 0 11 14 6 3 5 0 0 0 10 44 1 1 8 35 34 22 0 0 0 0 0 0 2 0 6 60 0 4 3 3 12 1 3 4 0 17 12 4 0 3 1 0 0 1 4 0 11 171 15 10 29 27 3 1 0 0 0 0 0 0 0 0 0 0 0 0 0 0 0 0 0 2 5 14 1 0 1 1 0 0 0 0 0 1 0 0 1 2 10 8 0 9 13 0 1 3 0 0 1 0 4 6 51 120 19 11 12 234 412 195 285 175 209 153 162 245 10 0 0 0 0 0 0 0 0 1 95 116 0 0 0 0 0 0 0 0 0 0 0 0 0 0 0 0 0
0 0 0 0 0 1 4 13 0 0 2 0 7 42 5 9 19 11 2 0 0 5 2 0 0 1 0 25 21 17 34 51 12 1 1 3 3 3 2 0 17 20 14 0 2 0 0 1 0 0 1 32 145 38 0 27 3 0 0 0 0 0 0 0 0 0 0 0 0 0 0 0 0 0 0 0 14 6 2 1 0 0 1 0 0 0 0 0 3 1 9 1 12 38 4 3 3 3 0 11 4 0 0 3 0 3 7 85 429 5 0 0 3 3 3 1 4 27 310 917 43 0 0 0 0 1 12 0 0 0 0 19 46 6 0 0 0 0 0 0 0 0 0 0 0 0 0 0 0 0
5 2 1 15 5 1 12 32 2 4 8 15 17 0 3 96 50 19 2 9 0 0 6 2 0 43 8 6 3 1 13 11 4 0 2 1 0 0 0 1 6 5 0 1 1 0 0 0 0 0 0 85 1 39 19 11 2 0 1 0 0 0 0 0 0 0 0 0 0 0 0 0 0 0 0 0 4 34 2 0 0 0 4 0 0 0 0 0 12 1 6 0 1 40 0 0 0 0 3 0 0 1 1 1 1 42 38 150 123 0 0 0 0 0 19 0 0 7 199 348 225 94 0 0 8 46 4 0 0 50 118 34 41 5 0 0 0 0 0 0 0 0 0 0 1 0 0 0 0 0
0 1 0 0 0 1 2 0 0 8 73 2 0 5 25 36 39 16 16 1 0 1 2 6 3 19 20 2 1 22 0 0 6 4 2 0 2 0 0 2 0 21 5 1 0 0 0 0 0 0 9 66 26 21 20 9 0 0 0 0 0 0 0 0 0 0 0 0 0 0 0 0 0 1 0 0 9 25 134 7 0 8 0 0 0 0 3 88 14 1 0 1 3 9 1 0 0 6 4 7 33 16 15 11 3 17 31 14 135 88 0 0 0 6 173 53 163 384 161 180 611 250 0 9 286 54 0 0 0 220 180 0 0 0 0 0 0 0 0 0 0 0 0 0 0 0 0 0 0 0
0 0 1 1 0 0 3 10 6 2 13 87 9 9 0 0 2 2 1 0 1 0 3 10 9 4 3 1 49 4 0 0 0 3 1 0 1 0 3 0 0 10 17 16 2 5 3 2 0 0 1 49 42 2 0 2 0 0 0 0 0 0 0 0 0 0 0 0 0 0 0 0 0 0 0 1 0 6 43 11 1 3 0 0 0 0 0 18 0 0 5 0 2 3 0 2 0 0 2 6 0 0 3 5 15 0 10 45 66 14 0 0 0 0 104 530 950 628 42 35 106 202 309 330 204 3 0 2 3 452 328 0 0 0 0 0 0 0 0 0 0 0 0 0 0 0 0 0 0 0
0 0 2 0 0 0 19 6 5 1 9 44 1 0 0 1 0 1 0 3 1 0 0 1 0 0 4 6 3 5 0 0 0 0 0 0 0 0 14 3 0 1 0 0 0 0 0 2 0 0 1 92 1 3 3 2 0 1 1 6 0 0 0 0 0 0 0 0 0 0 0 0 0 0 0 0 1 9 100 117 8 12 13 2 0 0 2 0 1 0 0 0 3 10 0 0 0 0 0 14 0 1 2 11 0 3 9 3 71 1 0 1 28 30 32 93 11 70 628 190 44 146 809 545 557 240 462 256 972 1569 936 139 0 0 0 0 0 0 0 0 0 0 0 0 0 0 0 0 0 0
0 2 1 0 0 10 12 3 0 20 18 6 0 24 6 2 1 3 0 0 0 0 0 0 0 3 13 0 0 0 0 4 5 0 0 0 0 0 2 12 0 3 2 0 0 0 3 2 0 2 19 320 52 15 1 47 2 3 1 7 0 0 0 2 0 0 0 0 0 0 0 0 0 0 0 0 1 37 57 8 0 22 68 0 0 0 0 0 6 8 0 51 12 11 6 20 11 1 1 9 14 0 1 10 15 18 9 7 103 34 7 23 26 4 5 22 11 326 606 440 537 612 826 858 1364 1212 888 940 1232 905 1026 9 0 0 0 0 0 0 0 0 0 0 0 0 0 0 0 0 0 0
0 1 0 0 8 12 0 3 2 10 1 4 0 2 5 16 1 2 0 0 0 0 1 0 1 5 10 0 2 0 1 1 0 0 4 2 1 1 0 0 0 0 6 0 0 2 2 0 5 15 520 522 14 82 5 6 8 6 3 5 0 2 0 0 0 0 0 0 0 0 0 0 0 0 0 3 0 0 6 9 0 3 0 0 0 0 0 0 8 2 0 1 56 0 0 6 0 0 4 7 27 3 63 4 26 10 52 39 6 26 34 4 10 13 13 27 8 47 341 1163 1311 595 267 590 1391 1065 248 589 734 16 200 183 0 0 0 0 0 0 0 0 0 0 0 0 0 0 0 0 0 0
3 5 0 7 6 2 1 1 15 1 3 1 8 4 1 0 0 2 1 0 0 0 0 0 3 2 0 8 0 0 0 33 13 0 0 0 0 0 2 0 0 0 0 0 0 0 2 0 3 25 607 765 702 584 60 18 7 1 5 3 2 1 0 0 0 0 0 0 0 0 0 0 0 2 2 0 0 0 0 19 0 1 4 0 0 0 0 17 95 0 0 16 17 0 0 0 0 0 1 3 6 0 34 58 18 137 398 64 4 0 11 8 0 8 3 28 31 13 88 527 402 570 184 1683 1509 940 183 215 21 481 1959 829 0 0 0 0 0 0 0 0 0 0 0 0 0 0 0 0 0 0
7 1 1 23 2 0 14 8 13 3 7 29 1 2 0 1 0 0 0 0 0 0 0 0 1 0 2 0 0 0 0 8 6 1 0 1 1 1 0 0 0 0 0 0 1 0 0 0 0 16 157 339 485 487 153 80 4 2 3 5 0 0 0 0 0 0 0 0 0 0 0 0 0 0 1 0 0 0 0 64 2 3 9 0 0 0 0 16 71 1 11 7 70 0 0 0 0 0 0 3 11 56 33 163 32 15 17 7 0 0 0 0 5 8 3 9 9 29 4 35 350 207 283 526 1314 1027 706 391 426 1150 466 421 2 0 10 0 0 0 0 0 0 0 0 0 0 0 0 0 0 0
3 4 13 14 3 8 5 20 2 0 1 8 0 0 0 0 0 0 0 0 0 0 0 0 0 0 0 0 0 0 5 0 0 0 0 2 7 1 0 0 0 0 0 0 0 3 17 7 5 1 37 165 230 59 41 19 3 1 3 2 0 4 0 0 0 0 0 0 0 0 0 0 0 0 0 0 0 0 0 0 7 1 0 0 0 1 31 52 28 3 7 177 152 126 0 0 0 0 0 23 154 13 43 261 60 1 17 2 24 14 0 0 7 5 2 3 12 21 81 55 103 427 504 351 314 654 1153 1399 291 162 115 147 0 0 0 0 0 0 0 0 0 0 0 0 0 0 0 0 0 0
1 0 38 0 2 0 13 71 5 6 5 0 7 2 0 0 0 0 0 0 0 0 2 1 1 0 0 0 2 0 0 0 0 0 0 0 0 0 3 1 0 0 0 0 0 2 0 0 4 4 3 50 140 34 17 4 0 64 64 5 1 0 2 0 0 0 0 0 0 0 0 0 0 0 0 0 0 0 0 0 0 8 36 22 10 23 2 0 9 23 95 95 100 7 8 3 0 4 26 30 50 255 347 517 326 58 22 4 0 1 0 0 1 2 4 3 10 68 113 280 597 543 1321 1467 845 223 1615 2278 1403 1 0 1 0 0 0 0 0 0 0 0 0 0 0 0 0 0 0 0 0 0
1 17 17 0 10 12 8 34 8 9 1 0 1 0 0 0 0 0 0 0 0 0 0 0 0 0 0 0 7 0 0 0 2 1 0 0 0 0 0 0 2 0 0 0 0 1 0 0 6 5 0 9 57 2 37 3 0 2 95 17 0 0 0 0 0 0 0 0 0 0 0 0 0 0 0 0 0 0 0 0 4 14 34 4 0 7 19 14 11 26 86 106 97 8 35 121 11 0 0 2 119 258 652 216 197 99 2 13 9 12 23 1 0 3 14 5 3 260 487 459 604 13 10 139 250 301 622 683 387 8 148 13 1 0 0 0 0 0 0 0 0 0 0 0 0 0 0 0 0 0
23 6 130 0 40 125 51 2 3 0 0 1 1 9 0 0 2 0 0 0 1 1 0 0 0 0 1 0 0 0 0 0 0 0 0 0 0 0 0 0 1 3 0 0 0 2 0 0 2 0 0 4 21 0 3 4 1 0 3 36 3 2 0 0 0 0 0 0 0 0 0 0 0 0 0 0 0 0 0 2 57 42 0 0 17 2 150 61 2 3 6 11 48 5 1 0 0 0 0 9 12 72 1034 218 120 186 49 11 6 9 34 5 0 0 1 23 254 433 78 25 0 0 0 0 78 450 163 363 425 28 33 30 0 0 0 0 0 0 0 0 0 0 0 0 0 0 0 0 0 0
15 26 75 124 325 481 239 53 3 0 0 3 0 0 2 0 3 0 0 0 3 5 0 0 0 0 0 0 0 1 0 0 0 0 0 1 0 0 0 0 0 0 0 23 10 10 1 12 2 0 0 8 13 0 0 7 0 1 15 5 1 11 0 0 0 0 0 0 0 0 0 0 0 0 0 0 0 0 9 50 2 0 0 3 6 2 27 111 24 0 0 0 0 0 0 0 0 0 0 0 0 127 555 172 149 313 3 4 2 21 1 3 0 0 10 182 205 4 11 69 0 0 0 0 11 395 370 525 268 10 113 8 0 0 0 0 0 0 0 0 0 0 0 0 0 0 0 0 0 0
1 193 350 668 459 262 158 73 1 1 1 2 0 0 0 1 1 3 0 0 0 2 0 0 0 0 0 2 0 0 0 0 0 0 0 0 0 0 0 0 5 16 1 5 4 0 0 11 36 0 0 0 14 0 0 3 3 0 0 0 0 3 0 0 0 0 0 0 0 0 0 0 0 0 0 0 0 18 4 0 0 0 0 0 0 0 37 13 1 0 1 1 0 0 0 1 0 2 0 0 10 63 21 30 81 168 12 1 0 3 19 10 23 45 30 4 8 5 16 41 26 31 8 0 6 60 69 255 49 0 2 0 0 0 0 0 0 0 0 1 0 0 0 0 0 0 0 0 0 0
0 8 195 196 139 156 40 24 3 0 2 0 0 0 0 0 0 0 0 0 18 94 0 0 1 0 0 0 1 1 6 0 0 0 0 0 0 1 0 0 0 0 0 1 1 1 0 1 3 2 1 0 0 0 0 3 0 0 0 0 0 0 0 0 0 0 0 0 0 0 0 1 0 0 0 0 20 3 0 0 0 0 0 0 0 0 107 9 3 15 29 4 0 0 3 13 3 0 0 488 991 105 197 226 17 114 90 5 4 4 15 57 25 1 0 0 0 0 36 48 95 131 170 315 147 40 1 5 0 1 2 0 0 0 0 0 0 0 0 0 0 0 0 0 0 0 0 0 0 0
9 24 30 128 104 27 7 1 0 0 27 1 0 0 0 0 1 1 0 0 1 84 1 0 0 0 0 0 9 0 0 0 0 0 5 0 0 0 0 0 0 0 0 0 0 23 8 1 0 0 0 0 1 0 1 17 0 0 0 0 0 0 0 0 0 0 0 0 0 0 0 0 0 0 0 1 11 7 0 0 0 0 0 0 0 4 32 0 0 13 23 0 0 0 35 102 90 3 184 1457 449 491 278 21 3 30 45 111 1 13 48 0 0 0 0 0 2 4 82 28 142 38 62 122 50 73 48 3 62 28 23 0 0 0 0 0 0 0 0 0 0 0 0 0 0 0 1 0 0 0
37 5 111 14 2 0 0 1 0 0 0 0 0 0 0 1 0 0 2 2 1 27 0 1 0 0 0 0 0 9 1 0 1 4 17 0 0 0 0 0 1 0 0 7 1 7 1 0 1 0 1 0 1 0 53 24 5 0 0 0 0 0 0 0 0 0 0 0 0 0 0 0 0 0 48 8 2 0 0 0 0 0 0 0 0 0 107 4 0 0 47 13 12 9 102 264 138 10 90 172 14 3 31 19 11 6 0 202 485 157 5 0 1 8 15 0 0 4 6 10 36 0 13 11 63 69 147 50 306 48 77 0 0 0 0 0 0 0 0 0 0 0 0 0 0 0 0 0 0 0
22 0 5 4 0 2 3 0 0 0 0 1 0 0 0 0 0 0 0 0 0 2 0 0 0 0 2 5 0 0 8 69 3 0 0 0 0 0 0 0 0 0 0 0 1 0 0 0 0 0 0 22 2 1 11 5 0 0 0 0 0 0 0 0 0 0 0 0 0 0 0 0 0 0 8 36 1 0 0 0 0 0 0 0 1 0 78 38 163 45 119 9 9 9 1 73 13 7 0 0 5 3 2 1 3 0 137 269 144 45 69 0 0 0 3 0 0 16 1 0 3 20 1 8 6 154 220 197 171 249 61 0 0 0 0 0 0 0 0 0 0 0 0 0 0 0 0 0 0 0
1 0 0 2 0 0 0 0 0 0 0 0 0 0 0 0 0 1 0 1 1 0 0 0 0 0 0 0 1 0 1 1 0 4 1 0 0 0 0 0 0 0 0 0 0 3 1 0 0 0 0 1 6 22 4 9 2 0 0 0 0 0 0 0 0 0 0 0 0 0 0 2 3 1 0 0 0 0 0 0 0 0 0 0 0 0 0 0 77 6 0 0 0 1 9 43 3 4 3 0 0 5 0 8 1 182 563 279 76 115 0 0 0 0 0 0 0 0 107 28 4 22 1 30 5 22 171 107 14 86 5 25 0 0 0 0 0 0 0 0 0 0 0 0 0 0 0 0 0 0
6 0 0 0 1 0 0 0 0 0 0 0 0 0 0 0 0 0 0 1 0 0 0 6 0 0 0 4 1 0 0 1 0 2 0 0 0 0 0 0 0 0 0 0 0 0 0 0 0 0 2 6 3 107 3 1 107 0 0 0 0 0 0 0 0 0 0 0 0 0 1 8 4 0 1 0 0 0 0 0 0 0 0 0 0 0 12 0 4 1 0 0 8 46 1 0 5 0 4 0 3 5 0 0 24 59 119 53 63 252 0 0 0 0 0 0 0 0 2 10 1 45 4 114 106 38 327 77 40 25 4 0 0 0 0 0 0 0 0 0 0 0 0 0 0 0 0 0 0 0
0 0 0 0 20 30 1 0 0 0 0 0 0 0 0 0 1 1 0 1 0 0 0 0 0 0 5 0 0 0 0 0 0 0 0 0 0 0 0 1 0 0 8 0 1 1 0 0 0 0 4 0 1 0 3 1 12 0 0 0 0 0 0 0 0 0 0 1 2 9 2 0 0 0 0 0 0 0 0 0 0 0 0 0 0 0 0 0 1 1 0 19 111 15 2 0 0 0 1 3 4 5 13 6 102 16 0 15 16 12 8 0 0 0 0 0 0 0 0 0 7 10 4 14 0 0 0 313 1 5 1 0 0 0 0 0 0 0 0 0 0 0 0 0 0 0 0 0 0 0
0 0 0 0 43 28 1 0 0 0 0 0 0 0 3 0 0 5 2 0 0 0 0 0 0 0 0 0 4 0 5 0 0 0 0 0 0 0 1 0 1 0 0 0 3 1 0 0 0 1 4 0 0 3 6 3 15 1 0 0 0 0 0 0 0 0 0 0 3 2 0 0 0 0 0 0 0 0 0 0 0 0 0 0 0 0 0 0 32 40 190 298 116 11 1 0 1 2 1 42 37 270 335 78 10 21 8 0 0 45 23 0 0 0 0 0 0 0 0 0 2 0 0 0 0 61 576 111 0 0 0 0 0 0 0 0 0 0 0 0 0 0 0 0 0 0 0 0 0 0
0 0 0 0 0 1 0 0 0 0 0 0 0 3 0 1 1 0 1 0 0 0 0 0 0 0 1 0 0 10 0 0 0 0 0 2 0 0 0 0 0 1 0 0 3 15 0 0 0 2 0 0 0 6 4 0 0 2 0 0 0 0 0 0 0 0 0 0 28 1 0 0 0 0 0 0 0 0 0 0 0 0 0 0 0 0 4 0 27 79 189 113 89 19 0 1 4 4 2 66 103 79 101 16 0 1 6 0 0 1 12 1 0 0 0 0 0 0 0 0 17 31 97 3 0 63 92 1 0 0 0 0 0 0 0 0 0 0 0 0 0 0 0 0 0 0 0 0 0 0
0 0 0 0 0 3 1 0 0 0 0 0 21 11 1 0 0 1 3 0 0 0 0 0 0 3 1 0 0 15 0 0 0 0 0 1 0 0 1 0 0 0 0 0 0 8 6 0 0 1 2 0 2 9 21 1 0 3 0 0 0 0 0 0 0 0 0 11 160 0 0 1 0 0 0 0 0 0 0 0 0 0 0 0 4 10 58 3 3 0 0 0 16 0 58 0 0 4 125 16 98 0 2 3 2 0 0 5 0 59 29 36 2 0 0 0 0 0 0 0 0 0 0 0 0 11 0 0 0 0 0 0 0 0 0 0 0 0 0 0 0 0 0 0 0 0 0 0 0 0
0 0 0 0 0 0 4 1 0 1 0 1 0 0 2 0 0 0 0 0 0 0 0 0 0 1 0 0 0 2 0 0 0 0 0 0 0 0 0 0 0 0 0 0 0 1 2 15 2 1 0 0 0 6 2 3 0 6 3 0 0 0 0 0 0 1 5 40 15 0 0 0 0 0 0 0 0 0 0 0 0 0 0 4 37 0 0 1 6 12 3 1 116 0 3 2 10 31 30 29 32 11 3 1 13 0 0 22 113 151 183 322 25 7 0 0 0 0 0 0 0 0 1 0 0 0 0 0 0 0 0 0 0 0 0 0 0 0 0 0 0 0 0 0 0 0 0 0 0 0
0 0 0 0 1 3 2 0 0 0 0 0 0 0 0 1 0 0 0 0 0 0 0 0 0 0 0 0 0 0 0 0 0 0 1 0 0 0 1 0 0 0 0 0 0 0 0 2 9 2 0 0 0 1 0 87 55 2 62 0 0 0 0 0 0 8 70 88 3 0 1 1 0 0 0 0 0 0 0 0 0 0 0 42 32 2 0 4 9 90 6 1 3 0 2 8 71 15 3 1 1 0 5 3 3 5 11 4 80 99 141 43 55 3 12 0 0 0 0 0 0 0 0 0 0 0 0 0 0 0 0 0 0 0 0 0 0 0 0 0 0 0 0 0 0 0 0 0 0 0
0 0 0 0 0 0 0 0 0 0 1 2 0 0 1 2 3 0 0 0 0 0 0 3 0 0 0 1 0 1 0 0 0 0 1 0 0 0 0 0 0 0 0 0 0 4 2 7 81 2 0 0 0 1 8 4 2 7 27 40 5 5 3 22 49 9 6 2 0 2 0 0 0 0 0 0 0 0 0 0 0 0 0 0 0 0 1 20 1 2 2 0 0 0 8 147 8 0 0 0 0 1 2 0 18 35 251 766 272 85 11 0 3 43 0 0 0 0 0 0 0 0 0 0 0 0 0 0 0 0 0 0 0 0 0 0 0 0 0 0 0 0 0 0 0 0 0 0 0 0
0 0 0 2 1 36 0 3 0 1 7 0 0 1 0 0 0 0 0 0 0 0 0 0 0 0 0 0 0 0 1 0 0 0 0 1 0 2 7 1 0 1 0 0 2 3 14 13 3 3 0 0 1 3 5 2 0 0 0 16 0 0 0 1 3 0 1 8 3 17 1 3 0 0 0 0 0 0 0 0 0 0 0 0 0 1 0 1 2 0 13 12 0 0 86 11 3 0 0 0 0 7 1 26 68 72 215 272 163 174 75 310 30 4 0 0 0 0 0 0 0 0 0 0 0 0 0 0 0 0 0 0 0 0 0 0 0 0 0 0 0 0 0 0 0 0 0 0 0 0
1 0 0 0 7 43 0 0 3 4 3 0 0 0 0 0 4 0 0 1 0 0 0 0 0 0 0 0 0 0 0 0 2 0 1 0 0 0 0 0 0 1 4 0 2 0 0 2 17 0 4 0 7 15 4 0 1 4 7 8 0 2 1 3 0 1 2 1 2 0 0 0 0 2 0 0 0 0 0 0 0 0 0 0 0 1 0 0 3 0 0 1 18 21 1 25 161 0 0 0 0 0 0 65 152 175 1 1 8 25 0 6 9 0 0 0 0 0 0 0 0 0 0 0 1 0 0 0 0 0 0 0 0 0 0 0 0 0 0 0 0 0 0 0 0 0 0 0 0 0
0 0 0 0 0 1 0 0 4 0 0 0 0 0 0 0 0 0 3 0 0 0 0 0 0 0 0 0 0 0 0 3 0 1 0 0 0 0 0 0 0 1 0 0 0 0 1 0 2 6 0 0 0 3 0 0 0 0 2 8 8 7 1 0 0 0 0 0 0 0 3 8 3 1 0 0 0 0 0 0 0 0 0 0 0 0 0 0 1 1 1 15 35 17 42 91 271 0 0 0 0 0 0 33 11 0 0 0 0 0 33 46 1 0 0 0 0 0 0 0 0 0 0 0 0 0 0 0 0 0 0 0 0 0 0 0 0 0 0 0 0 0 19 19 11 0 0 0 0 0
0 0 1 0 0 1 0 0 0 6 1 0 1 0 1 1 0 0 2 0 0 0 0 0 0 0 0 0 0 0 0 0 0 1 0 0 0 0 0 0 0 0 0 1 0 2 0 0 0 0 7 2 5 1 1 0 0 0 2 5 6 2 0 0 0 0 0 0 0 0 3 1 0 0 0 0 0 0 0 0 0 0 0 0 0 0 0 0 29 5 4 47 128 170 31 1 0 0 0 0 0 0 1 2 6 0 1 2 0 114 152 3 3 0 0 0 0 0 0 0 0 0 0 0 0 0 0 0 0 0 0 0 0 0 0 0 0 0 0 0 0 0 0 3 1 0 0 0 0 0
0 1 0 0 2 1 0 0 0 0 0 0 0 0 0 0 0 0 0 0 0 0 0 0 0 0 0 0 0 0 0 0 0 0 0 0 0 0 0 0 0 0 0 0 0 0 0 0 0 0 6 2 4 0 0 0 0 0 0 9 8 0 0 0 0 0 0 0 0 0 2 0 0 0 0 0 0 0 0 0 0 0 0 0 0 0 0 1 0 4 42 76 226 0 1 3 0 0 0 0 0 0 0 4 2 0 0 1 6 22 45 14 0 0 0 0 0 0 0 0 0 0 0 0 0 0 0 0 0 0 0 0 0 0 0 0 0 0 0 0 0 0 0 0 0 0 0 0 0 0
0 0 0 0 0 0 0 0 0 0 0 1 0 1 0 0 0 0 3 0 0 0 0 0 0 0 0 0 0 0 0 0 0 0 0 0 0 0 0 0 0 0 5 0 0 0 0 0 0 0 0 22 0 1 0 4 9 4 1 12 3 1 0 0 0 0 0 0 0 0 3 35 0 0 0 0 0 0 0 0 0 0 0 0 0 0 0 0 0 1 18 40 9 11 9 0 0 0 0 0 0 0 0 0 0 0 0 0 0 0 0 0 0 0 0 0 0 0 0 0 0 0 0 0 0 0 0 0 0 0 0 0 0 0 0 0 0 0 0 0 0 0 0 0 0 0 0 0 0 0
0 0 0 0 0 0 0 0 0 0 0 0 0 0 0 0 0 0 0 0 0 3 3 27 1 0 0 0 0 0 0 0 0 0 0 0 0 0 0 0 0 0 0 0 0 0 0 0 0 0 0 9 4 5 10 2 0 1 0 0 4 15 8 0 0 0 0 0 0 0 0 6 7 1 6 0 0 0 0 0 0 0 0 0 0 0 0 0 1 12 0 37 27 24 15 2 0 0 0 0 0 0 0 0 0 0 0 0 0 0 0 0 0 0 0 0 0 0 0 0 0 0 0 0 0 0 0 0 0 0 0 0 0 0 0 0 0 0 0 0 0 0 0 0 0 0 0 0 0 0
0 0 0 0 0 0 0 0 0 0 0 0 0 0 0 0 0 0 0 0 0 0 3 13 1 0 0 0 0 0 0 0 0 0 0 0 0 1 2 0 0 0 0 0 0 0 0 0 0 1 7 46 32 1 2 0 0 0 0 0 6 18 62 0 0 0 0 0 0 0 0 0 2 1 3 0 0 0 0 0 0 0 0 0 0 0 0 0 0 0 34 16 0 44 43 19 0 0 3 0 0 0 0 0 0 0 0 0 0 0 0 0 0 0 0 0 0 0 0 0 0 0 0 0 0 0 0 0 0 0 0 0 0 0 0 0 0 0 0 0 0 0 0 0 0 0 0 0 0 0
0 0 0 0 0 0 0 0 0 0 0 0 6 0 0 0 0 0 0 0 0 1 0 0 1 3 0 1 0 1 1 0 0 0 0 0 0 0 0 0 0 0 0 0 0 0 0 0 2 9 8 39 116 20 18 1 0 3 0 0 0 21 0 0 0 0 0 0 0 0 0 0 0 0 3 0 0 0 0 0 0 0 0 0 0 0 0 0 0 0 0 13 23 20 50 2 0 0 0 0 0 0 0 0 0 0 0 0 0 0 0 0 0 0 0 0 0 0 0 0 0 0 0 0 0 0 0 0 0 0 0 0 0 0 0 0 0 0 0 0 0 0 0 0 0 0 0 0 0 0
0 0 0 0 0 0 0 0 0 0 0 0 7 21 0 0 0 0 6 0 0 0 0 0 0 2 0 0 0 0 0 0 0 0 0 0 0 0 0 0 0 0 0 0 0 0 0 0 15 5 1 13 86 0 18 1 0 0 0 0 2 5 3 0 0 0 0 0 0 0 0 0 0 0 0 0 0 0 0 0 0 0 0 0 0 0 0 0 0 0 0 2 8 3 6 2 10 4 0 9 0 0 0 0 0 0 0 0 0 0 0 0 0 0 0 0 0 0 0 0 0 0 0 0 0 0 0 0 0 0 0 0 0 0 0 0 0 0 0 0 0 0 0 0 0 0 0 0 0 0
0 0 0 0 0 0 0 0 0 5 0 0 0 1 0 0 1 0 0 0 0 0 0 2 1 8 0 0 0 0 0 0 0 1 0 0 0 0 0 0 1 0 0 0 0 0 0 20 0 0 1 26 129 0 0 0 0 0 0 3 12 6 1 2 0 0 0 0 0 0 0 0 0 0 0 0 0 0 0 0 0 0 0 0 0 0 0 0 0 0 0 0 0 0 0 2 9 2 9 0 0 0 0 0 0 0 0 0 0 0 0 0 0 0 0 0 0 0 0 0 0 0 0 0 0 0 0 0 0 0 0 0 0 0 0 0 0 0 0 0 0 0 0 0 0 0 0 0 0 0
0 0 3 0 0 0 0 0 0 0 14 2 0 0 0 0 0 0 0 0 1 0 0 0 0 0 0 0 0 0 0 1 0 0 21 0 2 1 0 0 0 0 0 0 0 1 22 4 0 0 0 0 0 0 0 0 0 0 0 0 13 0 0 0 0 0 0 0 0 0 0 0 0 0 0 0 0 0 0 0 0 0 0 0 0 0 0 0 0 0 0 0 0 0 0 7 12 14 0 0 0 0 0 0 0 0 0 0 0 0 0 0 0 0 0 0 0 0 0 0 0 0 0 0 0 0 0 0 0 0 0 0 0 0 0 0 0 0 0 0 0 0 0 2 11 35 0 0 0 0
2 0 0 0 0 0 0 0 0 0 0 2 0 0 0 0 0 0 0 1 2 0 0 0 2 2 0 0 0 0 0 2 0 0 1 0 0 1 0 0 0 0 0 0 3 4 1 0 0 0 0 0 0 0 0 0 0 0 0 0 2 1 0 0 0 0 0 0 0 0 0 9 13 0 0 0 0 0 0 0 0 0 0 0 0 0 0 0 0 0 0 0 0 0 25 8 0 5 0 1 2 0 0 0 0 0 0 0 0 1 0 0 0 0 0 0 0 0 0 0 0 0 0 0 0 0 0 0 0 0 0 0 0 0 0 0 0 0 0 0 0 0 0 0 0 0 0 0 0 0
0 0 0 0 0 0 0 0 0 0 0 3 0 0 0 0 0 0 0 0 0 0 0 0 0 0 0 0 0 0 0 0 0 0 0 0 0 0 0 0 0 0 0 0 6 0 0 0 0 0 0 0 0 0 0 0 0 0 0 0 5 1 0 0 0 0 0 0 0 0 12 380 0 0 0 0 0 0 0 0 0 0 0 0 0 0 0 0 0 0 0 0 0 0 6 0 0 0 0 0 0 6 0 0 0 0 0 0 0 0 0 0 0 0 0 0 0 0 0 0 0 0 0 0 0 0 0 0 0 0 0 0 0 0 0 0 0 0 0 0 0 0 0 0 0 0 0 0 0 0
0 0 0 0 0 0 0 0 0 1 5 0 9 0 0 1 0 0 0 0 0 0 0 0 0 0 0 0 0 0 0 0 0 0 0 0 0 0 0 0 0 0 0 12 2 1 0 0 0 0 0 0 0 0 0 0 0 0 0 4 4 0 0 0 0 0 0 0 0 0 24 1 0 0 0 0 0 0 0 0 0 0 0 0 0 0 0 0 0 0 0 0 0 0 2 4 2 0 0 0 0 0 0 0 0 0 0 0 0 0 0 0 0 0 0 0 0 0 0 0 0 0 0 0 0 0 0 0 0 0 0 0 0 0 0 0 0 0 0 0 0 0 0 0 0 0 0 0 0 0
4 0 0 0 0 0 0 1 0 1 0 3 27 2 8 21 3 3 0 0 0 0 0 0 0 0 0 0 0 0 0 0 0 0 0 0 0 0 0 0 0 0 0 13 0 0 0 0 0 0 0 0 0 0 0 0 0 0 0 11 2 0 0 0 0 0 0 0 19 0 0 0 0 0 0 0 0 0 0 0 0 0 0 0 0 0 0 0 0 0 0 0 0 0 0 0 5 1 5 2 0 0 0 0 0 0 0 0 0 0 0 0 0 0 0 0 0 0 0 0 0 0 0 0 0 0 0 0 0 0 0 0 0 0 0 0 0 0 0 0 0 0 0 0 0 0 0 0 0 0
2 0 0 0 0 1 0 0 1 0 0 0 9 3 0 0 3 6 4 0 0 0 0 0 0 0 0 0 0 0 0 0 0 0 0 2 0 1 1 0 0 0 71 1 0 0 0 0 0 0 0 0 0 0 0 0 0 0 0 0 17 22 3 0 1 0 0 1 56 42 0 0 0 0 0 0 0 0 0 0 0 0 0 0 0 0 0 0 0 0 0 0 0 0 0 0 0 0 0 0 0 0 0 0 0 0 0 0 0 0 0 0 1 0 0 0 0 0 0 0 0 0 0 0 0 0 0 0 0 0 0 0 0 0 0 0 0 0 0 0 0 0 0 0 0 0 0 0 0 0
1 0 1 0 0 0 0 0 0 0 0 3 66 10 0 0 16 0 4 10 1 0 3 17 0 2 0 0 0 0 0 4 0 0 5 1 9 9 7 7 0 2 74 0 0 0 0 0 0 0 0 0 0 0 0 0 0 0 0 0 0 0 1 1 89 36 24 0 0 0 0 0 0 0 0 0 0 0 0 0 0 0 0 0 0 0 0 0 0 0 0 1 0 0 0 0 0 0 0 0 0 0 0 0 0 0 0 0 0 0 0 0 0 0 0 0 0 0 0 0 0 0 0 0 0 0 0 0 0 0 0 0 0 0 0 0 0 0 0 0 0 0 0 0 0 0 0 0 0 0
4 33 7 1 0 0 0 0 0 0 0 3 9 0 0 2 6 0 0 2 7 181 51 17 2 0 0 0 0 1 0 0 0 0 0 2 99 1 0 1 3 37 0 0 0 0 0 0 0 0 0 0 0 0 0 0 0 0 0 0 0 0 0 0 6 4 2 0 0 0 0 0 0 0 0 0 0 0 0 0 0 0 0 0 0 0 0 0 0 0 0 0 0 0 0 0 0 0 0 0 0 0 0 0 0 0 0 0 0 0 0 0 0 0 0 0 0 0 0 0 0 0 0 0 0 0 0 0 0 0 0 0 0 0 0 0 0 0 0 0 0 0 0 0 0 0 0 0 0 0
12 8 10 0 0 1 0 0 0 0 0 0 9 0 0 0 3 0 0 2 3 370 12 7 15 0 0 0 12 8 0 0 0 0 0 0 9 2 3 2 3 94 0 0 0 0 0 0 0 0 0 0 0 0 0 0 0 0 0 0 0 0 0 0 1 0 0 0 0 0 0 0 0 0 0 0 0 0 0 0 0 0 0 0 0 0 0 0 0 5 0 0 0 0 0 0 0 0 0 0 0 0 0 0 0 0 0 0 0 0 0 0 0 0 0 0 0 0 0 0 0 0 0 0 0 0 0 0 0 0 0 0 0 0 0 0 0 0 0 0 0 0 0 0 0 0 0 0 0 0
0 0 0 0 2 0 0 0 0 0 0 3 12 0 0 0 0 0 1 9 0 6 2 3 3 17 5 3 1 29 0 0 0 0 2 4 3 2 0 0 0 4 0 0 0 0 0 0 0 0 0 0 0 0 0 0 0 0 0 0 0 0 0 0 0 0 0 0 0 0 0 0 0 0 0 0 0 0 0 0 0 0 0 0 0 0 0 0 0 0 0 0 0 0 0 0 0 0 0 0 0 0 0 0 0 0 0 0 0 0 0 0 0 0 0 0 0 0 0 0 0 0 0 0 0 0 0 0 0 0 0 0 0 0 0 0 0 0 0 0 0 0 0 0 0 0 0 0 0 0
0 0 0 0 0 0 0 0 0 0 0 0 0 9 0 0 0 1 0 4 0 0 95 3 0 8 8 15 24 1 4 4 8 109 16 0 0 0 0 0 0 1 0 0 0 0 0 0 0 0 0 0 0 0 0 0 0 0 0 0 0 0 0 0 0 0 0 0 0 0 0 0 0 0 0 0 0 0 0 0 0 0 0 0 0 0 0 0 0 0 0 0 0 0 0 0 0 0 0 0 0 0 0 0 0 0 0 0 0 0 0 0 0 0 0 0 0 0 0 0 0 0 0 0 0 0 0 0 0 0 0 0 0 0 0 0 0 0 0 0 0 0 0 0 0 0 0 0 0 0
0 0 1 0 0 0 0 0 0 0 0 0 0 2 0 0 0 0 0 0 2 0 0 0 1 0 0 1 109 46 4 6 4 61 1 1 2 0 0 0 0 1 0 0 0 0 0 0 0 0 0 0 0 0 0 0 0 0 0 0 0 0 0 0 0 0 0 0 0 0 0 0 0 0 0 0 0 0 0 0 0 0 0 0 0 0 0 0 0 0 0 0 0 0 0 0 0 0 0 0 0 0 0 0 0 0 0 0 0 0 0 0 0 0 0 0 0 0 0 0 0 0 0 0 0 0 0 0 0 0 0 0 0 0 0 0 0 0 0 0 0 0 0 0 0 0 0 0 0 0
0 0 0 0 0 0 0 0 0 0 0 0 0 1 0 0 0 0 0 0 0 0 0 0 0 1 4 2 0 1 3 1 0 1 0 3 1 0 0 0 0 0 0 1 1 0 0 0 0 0 0 0 0 0 0 0 0 0 0 0 0 0 0 0 0 0 0 0 0 0 0 0 0 0 0 0 0 0 0 0 0 0 0 0 0 0 0 0 0 0 0 0 0 0 0 0 0 0 0 0 0 0 0 0 0 0 0 0 0 0 0 0 0 0 0 0 0 0 0 0 0 0 0 0 0 0 0 0 0 0 0 0 0 0 0 0 0 0 0 0 0 0 0 0 0 0 0 0 0 0
0 0 0 0 0 0 0 0 0 0 0 0 0 4 0 0 0 0 0 0 0 0 0 0 0 2 4 1 0 0 8 1 0 0 0 1 1 2 0 0 0 0 0 0 3 0 0 0 0 0 0 0 0 0 0 0 0 0 0 0 0 0 0 0 0 0 0 0 0 0 0 0 0 0 0 0 0 0 0 0 0 0 0 0 0 0 0 0 0 0 0 0 0 0 0 0 0 0 0 0 0 0 0 0 0 0 0 0 0 0 0 0 0 0 0 0 0 0 0 0 0 0 0 0 0 0 0 0 0 0 0 0 0 0 0 0 0 0 0 0 0 0 0 0 0 0 0 0 0 0
0 0 0 0 0 0 0 1 1 0 0 0 2 6 0 0 0 0 0 0 0 0 0 0 0 0 0 0 0 0 0 0 0 0 0 4 2 5 0 0 0 0 0 0 0 0 0 0 0 0 0 0 0 0 0 0 0 0 0 0 0 0 0 0 0 0 0 0 0 0 0 0 0 0 0 0 0 0 0 0 0 0 0 0 0 0 0 0 0 0 0 0 0 0 0 0 0 0 0 0 0 0 0 0 0 0 0 0 0 0 0 0 0 0 0 0 0 0 0 0 0 0 0 0 0 0 0 0 0 0 0 0 0 0 0 0 0 0 0 0 0 0 0 0 0 0 0 0 0 0
1 0 0 0 0 0 0 0 0 0 0 3 5 0 0 0 0 0 0 0 0 0 0 0 0 0 0 13 1 1 8 0 0 0 0 0 0 0 0 0 0 0 0 0 0 0 0 0 0 0 0 0 0 0 0 0 0 0 0 0 0 0 0 0 0 0 0 0 0 0 0 0 0 0 0 0 0 0 0 0 0 0 0 0 0 0 0 0 0 0 0 0 0 0 0 0 0 0 0 0 0 0 0 0 0 0 0 0 0 0 0 0 0 0 0 0 0 0 0 0 0 0 0 0 0 0 0 0 0 0 0 0 0 0 0 0 0 0 0 0 0 0 0 0 0 0 0 0 0 0
0 0 0 0 0 0 0 0 0 0 0 0 0 0 0 0 0 0 0 0 0 0 0 0 0 0 0 7 3 0 0 0 2 0 0 0 0 0 0 0 0 0 0 0 0 0 0 0 0 0 0 0 0 0 0 0 0 0 0 0 0 0 0 0 0 0 0 0 0 0 0 0 0 0 0 0 0 0 0 0 0 0 0 0 0 0 0 0 0 0 0 0 0 0 0 0 0 0 0 0 0 0 0 0 0 0 0 0 0 0 0 0 0 0 0 0 0 0 0 0 0 0 0 0 0 0 0 0 0 0 0 0 0 0 0 0 0 0 0 0 0 0 0 0 0 0 0 0 0 0
0 0 0 0 0 0 0 0 0 0 4 0 0 0 0 0 0 0 0 0 0 0 0 0 0 0 0 0 0 0 0 0 0 0 0 0 0 0 0 0 0 0 0 0 0 0 0 0 0 0 0 0 0 0 0 0 0 0 0 0 0 0 0 0 0 0 0 0 0 0 0 0 0 0 0 0 0 0 0 0 0 0 0 0 0 0 0 0 0 0 0 0 0 0 0 0 0 0 0 0 0 0 0 0 0 0 0 0 0 0 0 0 0 0 0 0 0 0 0 0 0 0 0 0 0 0 0 0 0 0 0 0 0 0 0 0 0 0 0 0 0 0 0 0 0 0 0 0 0 0
0 0 0 0 0 0 0 0 0 2 3 0 0 0 0 0 0 0 0 1 0 0 0 0 0 0 0 0 0 0 0 0 0 0 0 0 0 0 0 0 0 0 0 0 0 0 0 0 0 0 0 0 0 0 0 0 0 0 0 0 0 0 0 0 0 0 0 0 0 0 0 0 0 0 0 0 0 0 0 0 0 0 0 0 0 0 0 0 0 0 0 0 0 0 0 0 0 0 0 0 0 0 0 0 0 0 0 0 0 0 0 0 0 0 0 0 0 0 0 0 0 0 0 0 0 0 0 0 0 0 0 0 0 0 0 0 0 0 0 0 0 0 0 0 0 0 0 0 0 0
0 0 0 0 0 0 0 0 0 0 1 0 0 0 0 0 0 0 0 0 0 0 0 0 0 0 0 0 0 0 0 0 0 0 0 0 0 0 0 0 0 0 0 0 0 0 0 0 0 0 0 1 0 0 0 1 0 0 1 0 0 0 0 0 0 0 0 0 0 0 0 0 0 0 0 0 0 0 0 0 0 0 0 0 0 0 0 0 0 0 0 0 0 0 0 0 0 0 0 0 0 0 0 0 0 0 0 0 0 0 0 0 0 0 0 0 0 0 0 0 0 0 0 0 0 0 0 0 0 0 0 0 0 0 0 0 0 0 0 0 0 0 0 0 0 0 0 0 0 0
0 0 0 1 0 0 0 0 5 17 0 0 0 0 0 0 0 0 0 0 0 0 0 0 1 0 0 0 0 0 0 0 0 0 0 0 0 0 0 0 0 0 0 0 0 0 0 0 2 2 1 0 0 0 0 0 0 0 0 0 0 0 0 0 0 0 0 0 0 0 0 0 0 0 0 0 0 0 0 0 0 0 0 0 0 0 0 0 0 0 0 0 0 0 0 0 0 0 0 0 0 0 0 0 0 0 0 0 0 0 0 0 0 0 0 0 0 0 0 0 0 0 0 0 0 0 0 0 0 0 0 0 0 0 0 0 0 0 0 0 0 0 0 0 0 0 0 0 0 0
0 0 0 0 0 1 22 32 21 2 0 0 0 0 0 0 0 0 0 0 0 0 0 0 0 0 0 0 0 0 0 0 0 0 0 0 0 0 0 0 0 0 0 0 0 0 0 0 0 32 31 0 0 0 2 0 0 0 0 0 0 0 0 0 0 0 0 0 0 0 0 0 0 0 0 0 0 0 0 0 0 0 0 0 0 0 0 0 0 0 0 0 0 0 0 0 0 0 0 0 0 0 0 0 0 0 0 0 0 0 0 0 0 0 0 0 0 0 0 0 0 0 0 0 0 0 0 0 0 0 0 0 0 0 0 0 0 0 0 0 0 0 0 0 0 0 0 0 0 0
1 0 0 0 0 0 21 29 0 0 0 0 0 0 0 0 0 0 0 0 0 0 0 0 0 0 0 0 0 0 0 0 0 0 0 0 0 0 0 0 0 0 0 0 0 0 0 0 0 1 0 1 2 0 0 0 0 0 0 0 0 0 0 0 0 0 0 0 0 0 0 0 0 0 0 0 0 0 0 0 0 0 0 0 0 0 0 0 0 0 0 0 0 0 0 0 0 0 0 0 0 0 0 0 0 0 0 0 0 0 0 0 0 0 0 0 0 0 0 0 0 0 0 0 0 0 0 0 0 0 0 0 0 0 0 0 0 0 0 0 0 0 0 0 0 0 0 0 0 0
0 0 0 0 0 0 0 0 0 0 0 0 0 0 0 0 0 0 0 0 0 0 0 0 0 0 0 0 0 0 0 0 0 0 0 0 0 0 0 2 0 0 0 0 0 0 0 0 0 0 0 0 14 46 0 0 0 0 0 0 0 0 0 0 0 0 0 0 0 0 0 0 0 0 0 0 0 0 0 0 0 0 0 0 0 0 0 0 0 0 0 0 0 0 0 0 0 0 0 0 0 0 0 0 0 0 0 0 0 0 0 0 0 0 0 0 0 0 0 0 0 0 0 0 0 0 0 0 0 0 0 0 0 0 0 0 0 0 0 0 0 0 0 0 0 0 0 0 0 0
0 0 0 0 0 0 0 0 0 0 0 0 0 0 0 0 0 0 0 0 0 0 0 0 0 0 0 0 0 0 0 0 0 0 0 0 0 0 0 0 0 0 0 0 0 0 0 0 0 0 0 0 1 2 0 0 0 0 0 0 0 0 0 0 0 0 0 0 0 0 0 0 0 0 0 0 0 0 0 0 0 0 0 0 0 0 0 0 0 0 0 0 0 0 0 0 0 0 0 0 0 0 0 0 0 0 0 0 0 0 0 0 0 0 0 0 0 0 0 0 0 0 0 0 0 0 0 0 0 0 0 0 0 0 0 0 0 0 0 0 0 0 0 0 0 0 0 0 0 0
0 0 0 0 0 0 0 0 0 0 0 0 0 0 0 0 0 0 0 0 0 0 0 0 0 0 0 0 0 0 0 0 0 0 0 0 0 10 2 1 0 0 0 0 0 0 0 0 7 0 0 0 1 0 0 0 0 0 0 0 0 0 0 0 0 0 0 0 0 0 0 0 0 0 0 0 0 0 0 0 0 0 0 0 0 0 0 0 0 0 0 0 0 0 0 0 0 0 0 0 0 0 0 0 0 0 0 0 0 0 0 0 0 0 0 0 0 0 0 0 0 0 0 0 0 0 0 0 0 0 0 0 0 0 0 0 0 0 0 0 0 0 0 0 0 0 0 0 0 0
0 0 0 0 0 0 0 0 0 0 0 0 0 0 0 0 0 0 0 0 0 0 0 0 0 0 0 0 0 0 0 0 0 0 0 0 0 0 0 0 0 0 0 0 0 0 0 0 0 0 0 0 0 0 0 0 0 0 0 0 0 0 0 0 0 0 0 0 0 0 0 0 0 0 0 0 0 0 0 0 0 0 0 0 0 0 0 0 0 0 0 0 0 0 0 0 0 0 0 0 0 0 0 0 0 0 0 0 0 0 0 0 0 0 0 0 0 0 0 0 0 0 0 0 0 0 0 0 0 0 0 0 0 0 0 0 0 0 0 0 0 0 0 0 0 0 0 0 0 0
0 0 0 0 0 0 0 0 0 0 0 0 0 0 0 0 0 0 0 0 0 0 0 0 0 0 0 0 0 0 2 0 0 2 0 1 0 0 0 0 0 0 0 0 0 0 0 0 0 0 0 0 0 11 1 0 0 0 0 0 0 0 0 0 0 0 0 0 0 0 0 0 0 0 0 0 0 0 0 0 0 0 0 0 0 0 0 0 0 0 0 0 0 0 0 0 0 0 0 0 0 0 0 0 0 0 0 0 0 0 0 0 0 0 0 0 0 0 0 0 0 0 0 0 0 0 0 0 0 0 0 0 0 0 0 0 0 0 0 0 0 0 0 0 0 0 0 0 0 0
0 0 0 0 0 0 0 0 0 0 0 0 0 0 0 0 0 0 0 0 0 0 0 0 0 0 0 0 0 0 3 22 0 0 0 0 1 0 0 0 0 0 0 0 0 0 0 0 0 0 0 0 0 0 0 0 0 0 0 0 0 0 0 0 0 0 0 0 0 0 0 0 0 0 0 0 0 0 0 0 0 0 0 0 0 0 0 0 0 0 0 0 0 0 0 0 0 0 0 0 0 0 0 0 0 0 0 0 0 0 0 0 0 0 0 0 0 0 0 0 0 0 0 0 0 0 0 0 0 0 0 0 0 0 0 0 0 0 0 0 0 0 0 0 0 0 0 0 0 0
0 0 0 0 0 0 0 0 0 0 0 0 0 0 0 0 0 0 0 0 0 0 0 0 0 0 0 0 0 0 2 7 0 0 0 0 5 0 0 0 0 0 0 0 0 0 0 0 0 0 0 0 0 0 0 0 0 0 0 0 0 0 0 0 0 0 0 0 0 0 0 0 0 0 0 0 0 0 0 0 0 0 0 0 0 0 0 0 0 0 0 0 0 0 0 0 0 0 0 0 0 0 0 0 0 0 0 0 0 0 0 0 0 0 0 0 0 0 0 0 0 0 0 0 0 0 0 0 0 0 0 0 0 0 0 0 0 0 0 0 0 0 0 0 0 0 0 0 0 0
0 0 0 0 0 0 0 0 0 0 0 0 0 0 0 0 0 0 0 0 0 0 0 0 0 0 4 0 0 2 0 0 0 0 0 0 0 0 0 0 0 0 0 0 0 0 0 0 0 0 0 0 0 0 0 0 0 0 0 0 0 0 0 0 0 0 0 0 0 0 0 0 0 0 0 0 0 0 0 0 0 0 0 0 0 0 0 0 0 0 0 0 0 0 0 0 0 0 0 0 0 0 0 0 0 0 0 0 0 0 0 0 0 0 0 0 0 0 0 0 0 0 0 0 0 0 0 0 0 0 0 0 0 0 0 0 0 0 0 0 0 0 0 0 0 2 0 2 0 2
0 0 0 0 0 0 0 0 0 0 0 0 0 0 0 0 0 0 0 0 0 0 0 0 0 0 0 0 0 197 78 0 0 0 0 0 0 0 0 0 0 0 0 0 0 0 0 0 0 0 1 0 0 0 0 0 0 0 0 0 0 0 0 0 0 0 0 0 0 0 0 0 0 0 0 0 0 0 0 0 0 0 0 0 0 0 0 0 0 0 0 0 0 0 0 0 0 0 0 0 0 0 0 0 0 0 0 0 0 0 0 0 0 0 0 0 0 0 0 0 0 0 0 0 0 0 0 0 0 0 0 0 0 0 0 0 0 0 0 0 0 0 0 0 0 0 0 0 0 0
0 0 0 0 0 0 0 0 0 0 0 0 0 0 0 0 0 0 0 0 0 0 0 0 0 0 5 0 0 0 0 0 0 0 0 0 0 0 0 0 0 0 0 0 0 0 0 0 1 54 0 0 0 0 0 0 0 0 0 0 0 0 0 0 0 0 0 0 0 0 0 0 0 0 0 0 0 0 0 0 0 0 0 0 0 0 0 0 0 0 0 0 0 0 0 0 0 0 0 0 0 0 0 0 0 0 0 0 0 0 0 0 0 0 0 0 0 0 0 0 0 0 0 0 0 0 0 0 0 0 0 0 0 0 0 0 0 0 0 2 0 2 0 2 0 2 0 2 0 2
0 0 0 0 0 0 0 0 0 0 0 0 0 0 0 0 0 0 0 0 0 0 0 0 0 0 23 4 0 0 0 0 0 0 0 0 0 0 0 0 0 0 0 0 0 0 0 0 3 0 0 0 0 0 0 0 0 0 0 0 0 0 0 0 0 0 0 0 0 0 0 0 0 0 0 0 0 0 0 0 0 0 0 0 0 0 0 0 0 0 0 0 0 0 0 0 0 0 0 0 0 0 0 0 0 0 0 0 0 0 0 0 0 0 0 0 0 0 0 0 0 0 0 0 0 0 0 0 0 0 0 0 0 0 0 0 0 0 0 0 0 0 0 0 0 0 0 0 0 0
0 0 0 0 0 0 0 0 0 0 0 0 0 0 0 0 0 0 0 0 0 0 0 0 0 0 0 5 4 0 0 0 0 0 0 0 0 0 0 0 0 0 0 0 0 0 0 0 0 0 0 0 0 0 0 0 0 0 0 0 0 0 0 0 0 0 0 0 0 0 0 0 0 0 0 0 0 0 0 0 0 0 0 0 0 0 0 0 0 0 0 0 0 0 0 0 0 0 0 0 0 0 0 0 0 0 0 0 0 0 0 0 0 0 0 0 0 0 0 0 0 0 0 0 0 0 0 0 0 0 0 0 0 0 0 0 0 0 0 0 0 0 0 0 0 0 0 0 0 0
0 0 0 0 0 0 0 0 0 0 0 0 0 0 0 0 0 0 0 0 0 0 0 0 0 0 0 0 0 0 0 0 0 0 0 0 0 0 0 0 0 0 0 0 0 0 0 0 0 0 0 0 0 0 0 0 0 0 0 0 0 0 0 0 0 0 0 0 0 0 0 0 0 0 0 0 0 0 0 0 0 0 0 0 0 0 0 0 0 0 0 0 0 0 0 0 0 0 0 0 0 0 0 0 0 0 0 0 0 0 0 0 0 0 0 0 0 0 0 0 0 0 0 0 0 0 0 0 0 0 0 2 0 2 0 2 0 2 0 2 0 2 0 2 0 2 0 2 0 2
0 0 0 0 0 0 0 0 0 0 0 0 0 0 0 0 0 0 0 0 0 0 0 0 0 0 0 0 0 0 0 0 0 0 0 0 0 0 0 0 0 0 0 0 0 0 0 0 0 0 0 0 0 0 0 0 0 0 0 0 0 0 0 0 0 0 0 0 0 0 0 0 0 0 0 0 0 0 0 0 0 0 0 0 0 0 0 0 0 0 0 0 0 0 0 0 0 0 0 0 0 0 0 0 0 0 0 0 0 0 0 0 0 0 0 0 0 0 0 0 0 0 0 0 0 0 0 0 0 0 0 1 0 0 0 0 0 0 0 0 1 0 0 0 0 0 0 0 0 0
0 0 0 0 0 0 0 0 0 0 0 0 0 0 0 0 0 0 0 0 0 0 0 0 0 0 0 0 0 0 0 0 0 0 0 0 0 0 0 0 0 0 0 0 0 0 0 0 0 0 0 0 0 0 0 0 0 0 0 0 0 0 0 0 0 0 0 0 0 0 0 0 0 0 0 0 0 0 0 0 0 0 0 0 0 0 0 0 0 0 0 0 0 0 0 0 0 0 0 0 0 0 0 0 0 0 0 0 0 0 0 0 0 0 0 0 0 0 0 0 0 0 0 0 0 0 0 0 0 0 0 0 0 0 0 0 0 0 0 0 0 0 0 0 0 0 0 0 0 0
0 0 0 0 0 0 0 0 0 0 0 0 0 0 0 0 0 0 0 0 0 0 0 0 0 0 0 0 0 0 0 0 0 0 0 0 0 0 0 0 0 0 0 0 0 0 0 0 0 0 0 0 0 0 0 0 0 0 0 0 0 0 0 0 0 0 0 0 0 0 0 0 0 0 0 0 0 0 0 0 0 0 0 0 0 0 0 0 0 0 0 0 0 0 0 0 0 0 0 0 0 0 0 0 0 0 0 0 0 0 0 0 0 0 0 0 0 0 0 0 0 0 0 0 0 2 0 2 0 2 0 2 1 2 0 2 0 2 0 2 0 2 0 2 0 2 0 2 0 2
0 0 0 0 0 0 0 0 0 0 0 0 0 0 0 0 0 0 0 0 0 0 0 0 0 0 0 0 0 0 0 0 0 0 0 0 0 0 0 0 0 0 0 0 0 0 0 0 0 0 0 0 0 0 0 0 0 0 0 0 0 0 0 0 0 0 0 0 0 0 0 0 0 0 0 0 0 0 0 0 0 0 0 0 0 0 0 0 0 0 0 0 0 0 0 0 0 0 0 0 0 0 0 0 0 0 0 0 0 0 0 0 0 0 0 0 0 0 0 0 0 0 0 0 0 0 0 0 0 0 0 0 0 0 0 1 0 0 0 0 0 0 0 0 0 0 0 0 0 0
