0 0 12 2 0 0 0 0 3 62 4 6 0 6 0 0 0 3 0 0 0 7 0 0 0 3 0 0 0 0 0 0 2 4 7 4 0 0 1 0 0 0 0 0 0 0 0 0 0 0 0 0 1 0 1 0 0 0 2 3 19 3 3 1 0 0 0 0 0 0 0 0 1 60 67 146 34 8 9 10 6 76 11 9 48 112 88 111 21 331 716 334 29 266 291 403 940 293 588 58 85 32 4 7 11 26 15 361 90 22 2 4 9 45 36 15 7 2 0 0 2 22 5 3 1 1 0 4 3 3 0 6 0 2 1 0 0 0 0 0 0 0 1 0 0 0 0 0 0 4
0 0 1 4 0 0 0 0 0 12 6 1 2 1 0 0 0 13 3 0 0 1 7 0 5 6 0 1 0 0 0 0 0 0 0 0 0 0 7 1 0 0 0 0 0 0 0 0 0 0 0 0 0 1 0 0 0 0 0 17 49 5 2 4 0 0 0 0 2 10 0 1 31 12 6 2 69 50 3 7 49 23 0 1 81 93 153 30 129 213 35 13 101 159 83 139 175 249 517 266 156 27 11 16 8 0 1 114 15 2 5 2 0 4 15 5 0 6 0 12 0 1 3 4 2 0 0 4 3 16 4 5 101 18 0 0 0 0 0 22 10 0 0 0 0 0 0 0 0 0
1 0 0 1 2 0 0 0 1 10 2 2 3 0 0 0 0 3 2 1 0 11 37 11 5 0 0 3 0 0 0 0 0 0 0 4 1 1 0 8 0 0 0 1 0 0 0 0 0 0 0 0 0 0 0 0 0 10 1 6 3 2 3 2 0 0 0 0 0 3 0 0 2 0 0 0 0 11 74 258 38 15 3 8 13 86 606 85 2 0 32 11 44 122 311 342 54 177 212 195 229 157 10 19 8 6 4 36 77 161 17 4 1 1 1 1 3 18 5 10 23 7 1 7 1 9 2 1 1 5 3 0 34 37 0 0 5 0 2 5 3 0 0 0 0 0 0 0 0 1
14 1 0 0 0 0 0 0 0 1 2 0 0 0 0 0 0 0 0 1 0 0 8 3 5 0 0 3 5 0 0 0 0 0 0 0 0 0 0 1 5 0 0 0 0 0 0 0 0 0 0 0 0 0 13 7 0 12 6 1 0 1 1 2 0 0 0 0 0 0 3 27 14 0 0 0 8 19 74 58 50 17 13 86 69 5 15 71 0 69 348 396 643 266 380 170 35 61 235 400 200 255 61 9 7 49 5 10 140 23 11 12 9 9 8 3 4 23 28 8 7 32 11 2 4 4 0 0 3 1 4 5 18 0 3 0 2 0 1 3 38 7 0 0 0 0 0 0 0 0
0 16 5 0 0 0 0 1 0 2 2 0 0 0 0 2 4 2 0 0 1 2 1 0 0 0 0 0 0 0 1 0 1 0 1 6 8 0 0 0 0 0 0 0 0 0 0 0 0 2 0 0 0 0 21 115 14 5 0 0 0 0 0 0 0 0 0 0 1 10 169 14 34 76 13 24 36 36 100 107 81 73 133 18 59 35 20 11 9 148 603 296 253 380 153 100 24 384 175 319 302 446 399 228 239 25 65 18 5 1 9 7 10 8 2 0 1 7 70 20 67 323 75 6 5 0 4 0 0 1 0 0 0 0 0 0 0 0 0 0 16 1 0 0 0 0 0 0 0 0
7 1 0 0 1 0 0 0 1 0 1 0 0 0 0 0 0 2 5 14 1 0 0 0 0 0 0 0 0 0 0 0 0 0 5 51 30 12 0 0 0 0 0 0 0 0 0 0 0 2 13 6 0 0 1 19 3 4 6 2 0 0 1 2 0 0 0 0 0 14 56 45 68 68 32 24 11 10 39 147 231 194 326 21 0 96 32 13 0 75 957 278 38 156 281 249 117 900 213 210 328 197 504 307 8 35 6 38 11 1 1 0 0 6 6 5 15 2 0 2 45 52 2 1 0 2 1 0 1 0 1 0 2 0 0 0 0 0 0 0 0 4 0 0 0 0 0 0 0 0
0 0 0 0 0 0 0 0 0 2 2 0 0 1 0 0 0 0 0 0 1 0 0 0 0 0 0 0 0 1 0 0 0 0 0 1 0 1 1 0 0 0 0 0 0 0 0 0 0 0 0 3 0 2 1 7 21 1 12 14 3 0 0 0 1 0 0 0 2 15 12 32 90 135 129 61 198 51 92 132 360 233 364 204 36 3 1 71 123 31 880 419 24 219 341 165 134 185 184 30 11 110 37 35 7 9 36 2 7 0 12 60 51 4 5 10 1 1 2 9 33 43 2 1 2 0 3 1 0 0 3 0 0 0 0 0 0 0 0 0 0 0 1 0 0 0 0 0 0 0
0 0 0 0 0 0 0 0 0 1 1 0 0 0 0 0 0 0 0 0 0 0 0 0 0 0 0 0 0 0 6 0 0 6 2 2 0 0 1 0 0 0 0 0 0 0 0 0 0 0 0 0 1 7 2 3 0 15 19 20 15 7 25 2 3 16 0 0 1 22 3 2 13 16 33 13 43 59 279 507 353 195 446 90 56 69 68 286 83 26 171 26 4 126 346 165 113 461 366 73 55 186 155 200 77 81 6 31 55 11 243 282 19 49 16 33 0 0 8 4 13 5 2 0 3 3 9 4 7 0 0 0 0 0 0 0 0 1 0 0 0 0 0 0 0 1 0 0 0 0
1 0 0 0 0 0 0 0 1 0 0 0 0 1 14 0 0 0 0 0 0 0 0 0 0 0 0 0 0 0 2 0 0 0 0 1 1 0 0 0 0 0 0 0 0 0 0 0 0 1 0 0 2 9 0 0 0 5 17 49 146 94 6 4 3 5 1 3 0 16 0 0 1 4 2 3 0 8 19 181 294 323 426 11 4 3 179 120 139 13 1 1 156 456 697 616 49 170 121 52 86 39 37 213 315 49 86 83 16 15 589 81 89 8 10 8 0 2 0 4 1 0 0 6 3 0 0 0 0 0 0 0 0 0 0 0 0 0 0 0 0 0 0 0 0 0 0 0 0 0
0 0 0 0 0 0 0 1 3 3 0 0 0 0 0 0 0 0 0 0 0 0 0 0 0 0 0 0 0 0 0 0 0 0 0 0 0 0 2 0 0 0 0 0 0 0 1 0 1 0 2 0 0 8 0 1 0 1 0 5 17 75 9 4 2 1 0 2 0 4 0 0 0 0 0 18 2 23 253 301 441 363 254 135 706 308 122 30 82 81 27 2 3 272 453 647 324 35 44 6 23 35 15 3 38 124 155 64 27 12 200 225 92 1 1 72 185 244 86 95 311 7 23 4 15 2 2 2 0 9 24 0 0 0 0 0 0 0 0 0 0 0 0 0 0 0 0 0 0 0
0 0 2 0 0 0 1 0 0 1 1 0 0 0 0 2 0 7 0 0 0 0 0 0 0 0 0 0 0 0 0 0 0 0 0 2 0 0 0 0 0 3 3 1 0 0 1 4 6 6 7 3 3 0 0 0 0 4 5 2 2 53 5 2 0 1 0 0 0 0 0 0 0 0 0 0 2 15 57 264 166 137 160 70 109 109 60 144 150 97 19 0 3 85 231 276 348 13 15 244 16 5 2 4 35 147 300 141 97 121 178 40 77 5 3 45 156 309 148 72 127 44 80 29 52 195 38 21 11 14 2 39 5 11 2 0 0 0 0 0 0 0 0 0 0 0 0 0 0 0
0 0 0 0 0 0 0 0 3 1 0 0 0 0 0 0 13 9 2 0 0 0 0 0 0 0 0 0 0 0 0 0 1 0 0 1 0 0 0 0 0 6 4 0 0 0 1 0 1 0 0 0 1 2 17 0 0 1 0 1 0 1 0 0 0 1 0 2 2 0 2 4 0 0 0 0 12 4 162 136 244 114 11 24 35 47 14 12 38 289 12 0 0 0 3 29 302 221 117 5 0 5 10 21 8 48 244 105 13 18 56 59 23 22 8 63 307 78 168 377 171 139 63 26 39 93 0 0 0 22 0 0 42 8 5 0 0 0 0 0 0 0 0 0 0 0 0 0 0 0
2 0 0 0 0 0 1 0 1 1 0 0 0 0 0 0 1 0 0 0 0 5 0 0 0 0 0 0 0 0 0 0 0 0 0 0 1 1 0 0 0 1 15 0 3 0 0 4 0 0 0 0 1 0 2 0 0 0 0 0 0 0 0 0 0 3 2 0 0 1 4 0 0 0 0 7 87 27 86 34 62 66 4 1 6 5 1 0 7 1 0 0 1 18 80 6 276 156 289 171 3 0 30 7 6 3 4 38 108 226 465 199 35 314 69 12 8 62 444 506 39 108 199 0 20 25 3 0 11 15 0 0 10 6 0 0 0 0 0 0 0 0 0 0 0 0 0 0 0 0
0 0 0 0 0 0 1 2 0 1 0 0 0 0 0 0 0 0 16 8 2 11 0 0 0 0 0 0 0 1 2 0 0 0 0 0 0 0 0 0 0 0 1 21 20 0 0 0 2 0 0 12 0 0 0 0 0 0 0 0 4 5 3 0 0 0 134 7 3 2 30 0 0 0 0 125 298 169 68 5 80 184 15 0 3 46 2 0 1 10 1 0 0 16 2 9 35 365 64 119 0 4 119 57 192 37 41 189 116 225 541 461 433 208 96 146 88 64 449 188 50 11 0 0 0 4 6 0 2 0 0 0 0 0 0 0 0 0 0 0 0 0 0 0 0 0 0 0 0 0
0 0 0 0 0 0 0 1 4 1 0 0 0 0 0 0 0 0 1 2 1 0 0 0 1 0 0 0 0 0 0 0 0 0 0 0 0 0 0 0 0 0 0 8 10 0 0 0 0 1 1 8 0 0 2 0 0 6 2 9 39 4 10 7 4 113 30 24 104 59 35 0 4 1 18 198 486 547 208 38 1 79 9 0 0 7 2 8 0 11 6 7 0 1 0 1 24 104 138 107 17 23 196 288 815 433 669 573 527 421 431 278 148 290 157 108 49 36 61 19 36 31 6 7 0 2 14 3 1 5 0 0 0 0 0 0 0 0 0 0 0 0 0 0 0 0 0 0 0 0
0 0 0 0 0 0 0 15 4 0 0 0 0 0 0 0 0 0 0 0 0 3 17 0 0 0 0 0 1 0 0 0 0 0 0 0 0 0 0 0 0 0 0 0 0 12 0 0 0 10 35 30 2 0 2 1 15 13 1 34 7 3 1 9 17 14 151 29 23 51 82 24 31 92 266 598 611 421 57 2 1 0 0 0 0 0 5 11 5 11 1 5 0 0 1 17 8 2 16 6 6 0 658 329 282 291 434 154 292 411 391 289 317 125 92 22 13 36 73 30 7 2 52 147 78 40 1 0 9 0 0 0 0 0 12 4 0 0 0 0 0 0 0 0 0 0 0 0 0 0
0 0 0 0 0 0 0 2 0 0 0 0 0 0 0 0 2 0 0 0 2 0 2 13 12 8 2 0 0 0 0 0 0 0 0 0 0 0 0 0 0 0 0 0 0 8 1 1 0 2 30 2 2 4 3 8 13 58 26 17 2 1 0 0 0 0 0 0 0 0 0 0 20 7 109 218 252 91 29 0 0 0 0 0 0 5 0 11 19 2 0 0 2 0 0 1 17 0 0 23 7 82 507 354 206 87 130 49 129 350 403 230 224 199 86 63 15 58 36 1 0 1 13 14 12 115 0 7 0 0 0 0 0 0 0 0 0 0 0 0 0 0 0 0 0 0 0 0 0 0
0 0 0 0 2 2 0 0 0 0 0 0 0 0 0 1 0 0 0 0 1 1 1 0 13 1 0 5 0 0 0 0 0 0 0 0 0 0 0 0 0 0 0 0 0 10 24 5 0 26 11 8 2 63 14 5 19 20 152 5 1 1 0 0 2 0 4 17 1 33 16 1 62 13 16 19 8 50 11 3 0 0 0 0 0 0 1 0 31 1 0 15 66 17 7 1 0 0 8 247 65 80 88 39 62 191 166 77 225 112 89 32 113 42 49 6 70 51 3 3 0 1 1 5 42 279 96 3 0 0 0 0 0 0 0 0 1 0 0 0 0 0 0 0 0 0 0 0 0 0
0 0 0 0 0 0 0 0 0 0 0 0 1 0 0 0 0 0 0 0 0 1 1 0 1 0 26 16 5 0 0 0 0 0 0 5 6 0 0 0 0 1 1 6 6 11 18 23 11 102 33 5 3 9 0 9 59 21 32 7 9 25 1 0 0 1 5 2 1 5 9 4 7 6 2 27 23 1 2 10 0 0 0 7 0 1 8 6 0 0 0 22 22 121 6 0 0 6 178 1 81 126 28 3 22 44 77 134 296 0 0 36 1 235 7 0 0 0 0 0 0 0 3 0 10 58 123 80 1 2 0 0 0 0 0 0 0 0 0 0 0 0 0 0 0 0 0 0 0 0
0 0 0 0 0 0 0 0 0 0 0 0 0 0 1 0 0 0 1 0 0 3 36 3 12 0 2 2 59 1 0 5 3 0 0 0 0 0 0 0 0 2 1 82 4 37 39 5 3 39 15 4 0 4 20 1 29 24 0 0 0 0 0 0 0 4 2 1 3 3 17 15 1 0 1 70 4 0 4 0 2 0 0 0 0 19 3 0 22 0 0 8 0 0 0 8 1 3 4 0 410 430 257 49 42 37 54 179 41 4 0 0 0 46 9 0 0 0 0 0 0 0 0 0 6 0 3 44 33 0 0 0 0 0 0 0 0 0 0 0 0 0 0 0 0 0 0 0 0 0
0 0 0 0 0 0 0 0 0 0 0 0 0 2 0 0 0 1 0 0 0 0 5 0 0 6 4 0 0 3 0 5 2 0 0 0 0 0 0 0 3 0 2 3 1 1 9 7 63 80 100 33 7 8 0 4 4 1 0 0 0 6 3 5 32 20 1 0 0 3 14 11 1 0 5 20 82 43 1 6 7 13 0 6 0 0 0 0 9 4 3 0 0 0 1 0 0 0 166 208 668 722 247 48 0 4 42 24 3 0 0 0 0 3 0 0 0 0 0 0 0 0 1 1 0 0 5 67 0 0 0 0 0 0 0 0 0 0 0 0 0 0 0 0 0 0 0 0 0 0
0 0 0 0 0 0 0 0 0 0 0 0 0 2 0 0 0 0 0 0 0 0 4 1 0 3 0 0 0 0 7 25 0 2 0 0 0 1 0 0 18 16 0 0 0 0 0 6 213 322 83 76 18 0 0 0 1 0 0 0 2 1 0 0 17 19 5 0 1 10 6 8 5 0 0 0 26 23 9 25 7 9 10 5 14 1 19 2 194 41 2 1 0 5 0 5 1 0 43 155 120 40 13 1 22 0 24 38 3 0 0 0 0 18 0 0 0 0 0 0 0 0 0 0 0 13 10 0 0 3 1 0 0 0 0 0 0 0 0 0 0 0 0 0 0 0 0 0 0 0
0 0 0 0 0 0 0 0 0 0 0 0 0 0 2 0 0 0 0 0 0 0 2 1 0 0 0 0 0 0 1 1 15 7 1 0 4 41 4 4 0 0 0 0 0 0 4 9 17 190 254 126 1 0 0 0 0 0 1 0 0 0 0 0 5 7 9 0 0 2 2 9 28 0 1 0 1 1 8 2 0 12 8 0 1 6 4 0 0 0 0 3 2 0 0 0 2 0 0 0 2 0 1 11 14 17 13 15 40 34 18 6 13 0 0 0 0 0 0 0 0 0 0 1 4 17 34 0 0 0 1 0 0 0 0 0 0 0 0 0 0 0 0 0 0 0 0 0 0 0
0 0 0 0 0 0 0 0 0 0 0 0 0 0 0 0 0 3 0 0 3 0 0 1 0 0 0 0 0 0 0 3 3 0 1 0 1 7 1 0 0 0 0 0 1 46 6 33 2 70 35 6 0 0 0 1 1 3 2 0 0 0 0 0 2 0 0 0 0 0 1 4 42 39 0 2 0 0 0 0 0 2 31 29 0 1 0 2 0 0 0 0 0 1 0 0 0 0 1 0 0 0 1 23 11 5 7 0 2 5 0 48 6 0 0 0 0 0 0 0 0 0 0 5 7 1 15 19 0 0 0 0 0 0 0 0 0 0 0 0 0 0 0 0 0 0 0 0 0 0
0 0 0 0 0 0 0 0 0 0 0 0 0 0 0 0 0 1 0 0 1 0 0 0 0 0 0 0 0 0 0 2 5 11 45 0 0 23 0 0 0 0 0 12 8 8 19 1 0 16 15 8 5 3 5 0 0 0 0 0 0 0 0 0 0 0 0 18 3 0 1 0 2 0 15 1 0 0 0 0 0 0 4 34 13 5 0 0 0 14 0 0 1 0 0 0 0 0 0 9 1 3 2 7 171 0 0 1 1 0 0 4 0 0 0 0 1 0 0 0 0 0 1 0 0 3 17 2 0 0 2 0 0 0 0 0 0 0 0 0 0 0 0 0 0 0 0 0 0 0
0 0 0 0 0 0 0 0 0 0 0 0 0 2 6 1 1 0 6 0 0 0 2 1 0 0 0 0 0 0 0 0 0 15 12 0 0 4 1 0 0 0 0 2 32 3 0 5 7 0 21 5 0 0 0 0 0 0 0 0 1 0 0 0 3 5 0 0 2 0 0 14 0 1 2 2 28 0 0 0 0 0 0 1 0 10 1 4 0 3 0 1 0 1 1 0 0 0 0 1 3 3 10 40 103 65 0 0 0 0 0 0 1 0 4 4 0 0 0 0 0 0 0 0 0 4 2 17 0 1 0 0 0 0 0 0 1 14 0 0 0 0 0 0 0 0 0 0 0 0
0 0 0 0 0 0 0 0 0 0 0 0 0 0 5 0 1 1 0 0 0 7 2 3 0 0 1 0 1 0 0 0 1 3 6 0 0 0 0 0 0 1 0 5 32 3 0 0 0 0 9 2 0 0 0 1 0 0 0 0 0 0 0 0 1 0 0 2 0 0 0 0 0 0 0 0 2 1 0 0 0 0 8 1 0 2 5 3 1 1 9 1 0 0 0 3 0 1 0 0 3 9 2 3 7 445 13 0 0 0 0 0 0 2 3 2 0 0 1 0 0 0 0 0 4 51 3 2 0 0 0 0 0 0 0 0 0 3 0 0 0 0 0 0 0 0 0 0 0 0
0 0 0 0 0 0 0 0 0 0 0 0 0 1 2 1 6 4 2 0 0 13 5 0 0 0 1 0 2 0 0 0 0 20 0 0 0 8 0 3 6 10 5 52 66 2 8 0 1 1 0 10 14 1 2 2 0 0 0 0 0 0 0 0 0 0 0 0 6 22 40 8 2 0 0 0 0 4 1 0 0 0 0 0 0 0 0 2 9 0 1 0 0 0 0 0 0 0 0 0 0 2 6 2 5 382 203 13 0 0 0 0 0 0 0 0 5 132 23 2 0 0 0 43 48 14 121 76 38 23 0 0 0 0 0 0 1 1 0 0 0 0 0 0 0 0 0 0 0 0
0 0 0 0 0 0 0 0 0 1 0 1 9 0 2 4 3 9 1 0 0 4 1 0 0 0 0 0 1 2 4 0 3 2 2 8 1 7 13 39 98 205 100 121 29 12 0 3 1 1 0 1 8 10 0 0 0 0 0 0 0 0 0 0 0 0 1 0 0 2 5 15 6 0 4 3 0 4 5 0 0 2 0 0 3 0 0 0 5 1 1 3 1 1 7 7 3 0 0 0 0 0 3 6 87 237 83 134 7 0 0 0 0 0 0 2 73 24 6 0 0 0 0 47 42 60 321 163 7 1 0 0 0 2 0 4 0 0 0 0 0 0 0 0 0 0 0 0 0 0
0 0 0 0 0 0 0 0 1 6 4 13 15 0 0 0 1 4 0 0 0 1 8 6 1 0 1 0 0 3 0 0 0 0 13 4 2 1 37 82 260 465 240 329 28 2 3 3 0 1 0 0 35 27 2 2 0 0 0 0 0 0 0 0 0 0 0 0 0 0 0 0 0 0 0 0 0 1 1 0 0 0 0 0 2 0 0 0 0 5 9 0 2 6 1 4 0 0 0 0 0 0 1 3 2 37 0 23 31 0 0 0 0 0 23 29 181 110 9 23 2 7 0 32 29 11 123 194 129 264 0 19 9 52 3 0 0 0 0 0 0 0 0 0 0 0 0 0 0 0
0 0 0 0 0 0 0 0 3 8 3 2 1 0 2 2 0 6 6 6 0 1 98 13 0 0 0 1 0 0 0 1 0 0 5 5 4 30 22 26 364 140 169 82 13 3 4 1 2 2 0 1 8 2 1 0 1 0 0 0 0 0 0 0 0 0 0 0 0 0 0 2 0 0 0 0 1 1 1 0 0 3 3 0 8 0 0 0 3 7 1 0 0 2 1 0 0 2 1 2 0 1 1 2 1 1 0 0 23 0 0 0 2 0 21 375 189 152 60 38 34 18 12 0 0 1 15 42 0 16 2 76 244 9 9 0 0 0 0 0 0 0 0 0 0 0 0 0 0 0
0 0 0 0 0 0 0 14 0 2 5 0 1 2 0 1 0 0 5 5 193 35 5 0 0 0 0 0 1 5 0 0 2 15 18 3 0 1 0 39 138 156 149 73 35 3 2 0 0 1 0 0 0 1 6 0 0 0 0 0 0 0 0 0 0 0 0 0 0 0 0 0 0 0 0 0 0 1 2 0 1 4 9 38 12 0 0 0 0 0 0 0 2 0 0 0 0 2 0 0 0 0 0 0 5 1 1 9 57 41 191 215 48 29 177 481 163 68 19 158 27 59 2 0 10 12 31 97 0 0 13 54 102 19 27 0 0 0 0 0 0 0 0 0 0 0 0 0 0 0
0 0 0 0 0 0 0 2 0 0 0 6 3 3 1 0 0 0 1 8 29 0 0 0 0 0 0 0 1 1 68 3 4 0 0 18 0 1 6 7 13 44 9 8 1 0 0 0 0 1 0 1 18 0 0 0 0 1 1 0 0 0 0 0 0 0 0 0 0 0 0 0 0 0 0 0 1 10 4 1 0 2 5 2 0 0 0 0 1 0 1 0 0 3 0 0 0 0 0 0 0 0 0 0 0 1 2 2 60 35 50 42 14 99 625 186 115 97 53 162 34 0 0 21 1 10 8 0 0 0 10 48 1 0 0 0 0 0 0 0 0 0 0 0 0 0 0 0 0 0
0 0 0 0 0 5 6 1 0 0 0 0 0 3 0 1 0 4 6 13 6 0 0 0 0 0 0 0 1 6 20 0 0 1 0 0 0 3 2 0 7 8 4 0 1 0 0 0 1 2 0 3 208 10 66 11 7 0 0 0 0 0 0 0 0 0 0 0 0 0 0 0 0 0 0 0 0 4 5 1 0 1 0 0 0 0 0 0 0 0 0 0 0 9 6 2 0 0 0 0 0 0 0 0 0 1 20 28 30 0 0 18 35 62 55 250 30 83 36 40 99 0 0 0 0 0 0 0 0 0 0 39 2 0 0 0 0 0 0 0 0 0 0 0 0 0 0 0 0 0
0 0 0 0 0 1 10 0 4 0 2 0 0 1 2 4 11 2 1 2 2 2 1 0 0 0 0 8 2 2 9 7 1 0 0 1 0 1 1 2 2 43 4 1 1 0 1 0 0 0 1 2 70 42 0 12 3 0 0 0 0 0 0 0 0 0 0 0 0 0 0 0 0 0 0 0 11 0 1 0 0 0 0 0 0 0 0 0 2 0 9 0 2 9 1 9 0 0 0 2 24 0 0 0 0 0 2 33 386 11 0 0 0 0 0 7 0 12 200 317 31 0 0 0 0 0 0 0 0 0 0 0 18 0 0 0 0 0 0 0 0 0 0 0 0 0 0 0 0 0
0 0 0 0 0 0 1 28 6 2 2 0 0 0 2 46 17 10 1 2 0 0 1 1 1 1 0 2 0 2 3 3 1 0 0 0 1 0 0 0 5 1 3 1 1 0 1 0 0 0 0 18 0 10 6 2 1 0 0 0 0 0 0 0 0 0 0 0 0 0 0 0 0 0 0 1 3 3 0 0 0 0 0 0 0 0 0 0 6 0 1 0 0 10 0 0 0 0 4 2 0 1 2 0 0 6 8 8 68 0 0 0 0 0 1 0 0 8 49 129 156 346 0 0 1 10 0 0 0 26 32 3 12 3 0 0 0 0 0 0 0 0 0 0 0 0 0 0 0 0
0 0 0 0 0 3 2 0 0 0 13 1 0 1 9 24 19 3 1 1 0 0 2 1 0 2 1 1 1 3 1 0 0 1 0 1 0 0 0 10 0 6 21 0 2 2 2 13 1 0 2 13 9 11 10 1 1 0 0 0 0 0 0 0 0 0 0 0 0 0 0 0 0 0 0 0 0 15 39 2 0 1 0 0 0 0 0 29 9 1 0 0 2 2 0 3 0 0 1 5 8 2 4 0 3 2 4 4 33 6 0 0 0 1 7 29 67 175 26 80 301 63 0 2 118 19 0 0 0 30 89 0 0 0 0 0 0 0 0 0 0 0 0 0 0 2 0 0 0 0
0 3 1 0 0 0 1 0 0 0 2 30 2 14 0 2 1 1 0 0 0 0 0 3 8 1 8 1 5 0 0 0 0 0 0 0 0 0 0 0 4 1 10 0 3 3 1 1 0 0 0 23 4 1 0 0 0 0 0 0 0 0 0 0 0 0 0 0 0 0 0 0 0 0 0 0 0 4 8 3 0 3 0 0 0 0 2 3 0 0 0 0 0 2 0 0 0 0 5 0 0 0 0 0 4 0 3 7 18 25 0 0 0 0 148 319 436 161 18 13 21 27 44 122 49 2 0 0 0 186 39 0 0 0 0 0 0 0 0 0 0 0 0 0 0 0 0 0 0 0
0 1 1 0 0 0 0 0 0 0 3 15 0 2 1 0 0 0 0 3 2 0 0 0 0 0 2 0 2 0 0 0 0 0 0 0 0 1 7 2 0 0 0 0 2 1 0 0 0 0 0 33 0 1 3 0 0 0 7 1 0 0 0 0 0 0 0 0 0 0 0 0 0 0 0 0 0 3 61 13 1 6 5 0 0 0 0 0 0 0 0 0 1 1 0 0 0 0 0 1 2 2 1 1 1 0 2 1 8 0 0 1 11 6 3 2 0 16 154 102 7 150 190 246 172 100 12 84 262 513 208 0 0 0 0 0 0 0 0 0 0 0 0 0 0 0 0 0 0 0
0 1 0 0 2 0 0 0 0 6 10 1 0 6 28 1 0 1 0 0 0 0 0 0 0 24 16 3 0 0 0 0 2 0 2 1 0 0 0 6 0 0 1 0 0 1 9 0 0 1 4 171 17 2 0 3 5 0 0 0 0 0 0 0 0 0 0 0 0 0 0 0 0 0 0 0 3 3 62 0 0 9 6 0 0 0 0 0 4 1 0 1 1 3 0 4 4 0 0 0 1 0 1 1 13 5 1 0 47 18 1 2 1 0 0 1 1 231 112 210 183 415 332 350 634 295 332 261 354 331 172 0 0 0 0 0 0 0 0 0 0 0 0 0 0 0 0 0 0 0
0 0 0 0 0 0 0 0 1 2 0 0 3 0 7 3 3 2 0 0 0 0 0 0 2 3 1 0 1 0 0 0 0 0 2 0 0 1 1 0 4 0 1 0 0 0 0 0 0 10 455 241 1 40 2 1 1 0 1 0 7 32 0 0 0 0 0 0 0 0 0 0 0 0 0 0 0 0 5 0 0 0 0 0 0 0 0 0 3 1 0 0 21 0 0 2 0 0 3 1 10 1 3 2 6 4 8 13 0 2 1 0 1 0 2 1 3 22 214 714 805 378 170 599 488 251 77 345 212 7 58 0 0 0 0 0 0 0 0 0 0 0 0 0 0 0 0 0 0 0
0 7 1 0 0 0 0 1 6 2 1 2 4 4 0 1 2 4 0 0 0 0 0 0 1 2 0 0 0 0 0 17 11 1 0 1 0 0 0 0 0 0 0 1 0 0 0 0 0 11 288 283 211 340 15 12 0 0 2 1 0 0 0 0 0 0 0 0 0 0 0 0 0 0 1 0 0 0 0 4 0 0 0 0 0 0 0 10 44 0 0 9 4 0 0 0 0 0 0 1 4 0 4 2 0 40 145 3 0 0 1 0 0 0 2 4 4 10 59 271 129 231 98 1132 611 246 59 272 5 220 507 354 0 0 0 0 0 0 0 0 0 0 0 0 0 0 0 0 0 0
0 1 0 3 0 2 5 8 8 2 8 36 0 0 0 0 0 0 0 0 0 0 0 1 1 0 0 2 0 0 0 6 3 0 0 0 0 0 0 0 0 0 0 2 0 4 0 0 0 1 201 150 216 177 173 18 1 0 0 0 0 0 0 0 0 0 0 0 0 0 0 0 0 0 0 0 0 0 0 16 1 0 0 0 0 0 0 4 11 0 4 6 31 0 0 0 0 0 0 0 0 12 5 68 2 9 1 1 0 0 0 0 1 1 0 3 0 1 2 48 67 204 126 326 387 319 172 198 162 197 170 119 0 0 0 0 0 0 0 0 0 0 0 0 0 0 0 0 0 0
3 0 0 5 0 3 4 8 2 0 0 0 0 0 0 0 0 0 0 0 0 0 1 0 0 0 0 0 1 0 3 0 0 0 0 0 0 1 0 0 0 0 0 0 0 1 2 2 0 1 14 67 101 5 18 16 1 0 1 0 0 0 0 0 0 0 0 0 0 0 0 0 0 0 0 0 0 0 1 0 0 6 0 0 0 0 16 19 1 0 5 77 23 33 5 0 0 0 0 15 13 2 15 39 4 0 0 2 4 1 0 0 0 1 2 2 0 7 4 1 31 351 210 149 55 225 343 636 97 59 30 48 0 0 0 0 0 0 0 0 0 0 0 0 0 0 0 0 0 0
0 1 7 0 0 1 18 55 5 5 2 3 0 1 0 0 0 0 0 0 0 0 0 0 0 0 0 0 1 0 0 0 0 0 0 0 0 0 1 0 0 0 0 0 0 0 0 0 1 1 2 10 19 5 5 0 1 23 27 2 0 0 0 0 0 0 0 0 0 0 0 0 0 0 0 0 0 0 0 0 0 1 5 10 5 2 0 0 17 17 61 50 94 1 0 0 0 0 265 12 23 100 75 206 148 5 7 2 9 3 0 0 0 0 1 0 0 15 8 139 112 271 1064 773 332 87 1074 972 591 0 0 0 0 0 0 0 0 0 0 0 0 0 0 0 0 0 0 0 0 0
2 1 5 0 7 4 3 19 4 2 0 0 0 0 0 0 0 0 0 0 2 0 0 0 0 0 0 1 2 0 0 0 1 0 0 0 0 0 1 0 2 0 0 0 0 0 0 0 0 4 0 1 17 0 3 0 0 1 41 4 1 3 0 0 0 0 0 0 0 0 0 0 0 0 0 0 0 0 0 0 0 1 2 1 0 0 0 8 4 10 55 36 66 1 4 2 0 0 0 1 53 125 172 71 58 6 0 0 0 1 4 0 0 1 1 1 0 171 162 284 187 0 1 125 72 124 336 332 159 0 112 0 0 0 0 0 0 0 0 0 0 0 0 0 0 0 0 0 0 0
1 2 79 2 19 115 38 2 0 0 0 0 0 0 0 2 0 0 0 0 0 0 0 0 0 0 0 2 0 0 0 0 1 0 0 0 0 0 0 0 3 1 0 0 0 0 0 0 1 0 0 3 2 0 0 0 0 2 2 6 1 0 1 0 0 0 0 0 0 0 0 0 0 0 0 0 0 0 0 0 7 20 0 0 8 0 68 1 0 0 0 0 15 0 1 0 0 0 0 2 2 31 357 137 56 63 4 3 18 0 6 0 0 0 0 8 101 243 44 9 0 0 0 0 42 268 49 703 292 0 8 4 0 0 0 0 0 0 0 0 0 0 0 0 0 0 0 0 0 0
2 15 37 76 219 233 119 8 4 0 0 0 0 0 1 0 0 0 0 1 0 4 0 0 0 0 0 0 0 0 0 0 0 0 0 0 0 0 0 0 0 0 0 1 0 8 0 4 1 0 0 2 8 0 0 0 1 0 7 3 0 0 0 0 0 0 0 0 0 0 0 0 0 0 0 0 0 0 2 8 0 0 0 0 4 0 0 76 85 1 0 0 0 0 0 0 0 0 0 0 0 122 183 124 47 90 12 1 1 6 2 1 0 0 0 29 39 2 14 13 0 0 0 0 37 206 131 345 156 2 4 0 0 0 0 0 0 0 0 0 0 0 0 0 0 0 0 0 0 0
1 191 157 419 254 199 92 13 1 0 0 0 2 0 0 1 0 0 0 0 0 0 0 0 1 0 0 0 0 0 0 0 0 0 0 0 0 0 0 0 0 0 0 2 1 0 0 4 16 0 0 0 15 0 0 0 2 2 1 0 0 21 0 0 0 0 0 0 0 0 0 0 0 0 0 0 0 3 1 0 0 0 0 0 0 0 19 10 0 0 0 1 0 0 0 0 0 0 0 1 5 9 8 6 27 106 0 0 0 0 1 1 2 0 3 0 15 4 5 32 19 24 1 0 3 38 50 106 26 0 0 0 0 0 0 0 0 0 0 0 0 0 0 0 0 0 0 0 0 0
0 3 153 136 98 169 114 15 1 0 0 0 0 0 0 1 0 0 1 3 1 1 0 0 0 0 0 0 0 0 1 0 2 0 3 0 0 0 0 0 0 0 0 0 0 0 0 0 1 1 0 0 0 0 0 0 0 1 0 0 0 0 0 0 0 0 0 0 0 0 0 0 0 0 0 0 0 0 0 0 0 0 0 0 0 0 34 15 0 3 7 0 0 0 2 6 0 0 0 205 358 56 83 42 1 30 5 1 1 3 0 1 0 0 0 0 0 0 5 26 47 12 68 103 4 4 0 1 0 0 0 0 0 0 0 0 0 0 0 0 0 0 0 0 0 0 0 0 0 0
6 7 15 23 12 7 3 0 1 9 9 0 0 0 0 0 0 0 0 0 0 22 0 0 0 0 0 0 4 2 0 0 0 0 0 0 0 0 0 0 0 0 1 2 0 8 0 0 0 1 0 0 0 0 0 6 0 0 0 0 0 0 0 0 0 0 0 0 0 0 0 0 0 0 0 0 6 1 0 0 0 0 0 0 0 0 5 1 0 15 24 0 0 1 13 51 62 2 74 677 187 246 25 10 1 5 14 54 0 1 2 0 0 0 0 0 0 0 8 7 29 11 4 6 1 17 4 7 31 17 1 0 0 0 0 0 0 0 0 0 0 0 0 0 0 0 0 0 0 0
17 4 5 3 0 0 0 0 0 0 0 0 0 0 0 0 0 0 0 0 1 6 0 0 0 0 0 3 0 0 0 0 0 9 5 0 0 0 0 0 0 0 0 0 0 4 1 1 0 1 0 0 2 1 34 3 0 0 0 0 0 0 0 0 0 0 0 0 0 0 0 0 0 0 12 8 0 0 0 0 0 0 0 0 0 0 4 1 0 0 65 6 0 2 54 144 29 0 28 79 4 4 3 1 0 0 0 30 318 103 0 0 0 0 0 0 0 1 0 0 8 0 0 0 5 34 14 104 338 124 32 0 0 0 0 0 0 0 0 0 0 0 0 0 0 0 0 0 0 0
15 1 2 0 0 0 1 0 0 0 0 0 0 0 0 0 0 0 0 0 0 0 0 0 0 0 0 0 0 0 0 22 0 0 0 0 0 0 0 0 0 0 0 3 0 0 1 0 0 0 0 1 3 0 6 1 0 0 0 0 0 0 0 0 0 0 0 0 0 0 0 0 0 0 3 28 0 0 0 0 0 0 0 0 0 0 15 31 146 11 26 6 7 5 2 21 2 1 0 0 2 1 0 0 0 4 113 98 34 19 0 0 0 0 0 0 0 0 0 0 2 7 3 3 6 60 25 96 46 99 13 0 0 0 0 0 0 0 0 0 0 0 0 0 0 0 0 0 0 0
2 0 0 0 0 0 0 0 0 0 0 0 0 0 0 0 0 0 0 0 0 0 0 0 0 0 0 0 1 0 0 0 0 0 0 0 0 0 0 0 0 0 0 0 0 1 69 0 0 0 0 0 0 11 6 1 0 0 0 0 0 0 0 0 0 0 0 0 0 0 0 2 0 0 1 0 0 0 0 0 0 0 0 0 0 0 0 0 50 0 0 0 0 2 0 12 0 0 1 0 0 3 0 1 0 75 201 130 20 17 0 0 0 0 0 0 0 0 7 15 0 27 0 3 2 1 17 33 1 14 0 0 0 0 0 0 0 0 0 0 0 0 0 0 0 0 0 0 0 0
2 0 0 0 0 1 0 0 0 0 0 0 0 0 0 0 0 0 2 0 0 0 0 1 0 0 0 0 0 0 0 0 0 0 1 0 0 0 1 0 0 0 0 0 0 0 0 0 0 0 0 0 1 21 2 0 0 0 0 0 0 0 0 0 0 0 0 0 0 0 3 0 1 0 0 0 0 0 0 0 0 0 0 0 0 0 0 0 0 0 0 0 1 2 0 0 1 0 0 1 1 0 1 0 18 50 28 3 21 77 0 0 0 0 0 0 0 0 0 2 0 12 1 42 49 5 71 14 17 7 3 0 0 0 0 0 0 0 0 0 0 0 0 0 0 0 0 0 0 0
0 0 0 0 2 17 2 0 0 0 0 0 0 0 0 0 0 0 0 1 0 0 0 0 0 0 0 0 0 0 0 0 0 0 0 0 0 0 0 0 0 0 0 1 0 0 0 0 0 0 0 0 7 9 0 0 2 3 0 0 0 0 0 0 0 0 0 1 0 6 0 3 0 0 0 0 0 0 0 0 0 0 0 0 0 0 0 1 1 0 0 17 24 1 1 0 0 0 0 0 1 5 12 1 11 2 0 0 0 2 0 0 0 0 0 0 0 0 0 0 0 1 0 14 0 0 0 104 4 1 0 0 0 0 0 0 0 0 0 0 0 0 0 0 0 0 0 0 0 0
0 0 0 0 40 12 0 0 0 0 0 0 0 0 1 0 0 0 0 0 0 0 0 0 0 0 0 0 2 0 5 0 0 0 0 0 0 0 1 0 0 0 0 2 0 0 0 0 0 1 0 0 0 5 4 4 2 0 0 0 0 0 0 0 0 0 0 1 0 2 0 0 0 0 0 0 0 0 0 0 0 0 0 0 0 0 0 0 14 18 29 120 29 6 0 0 0 0 0 7 21 258 202 11 0 3 2 0 0 1 1 0 0 0 0 0 0 0 0 0 0 0 0 0 0 2 8 2 0 0 0 0 0 0 0 0 0 0 0 0 0 0 0 0 0 0 0 0 0 0
0 0 0 0 0 0 2 0 0 0 0 0 0 0 0 0 0 0 0 0 0 0 0 0 0 0 0 0 0 0 0 0 0 0 0 1 0 0 0 0 0 0 0 0 0 4 0 0 0 2 0 0 0 7 2 0 0 0 0 0 0 0 0 0 0 0 0 0 4 0 0 0 0 0 0 0 0 0 0 0 0 0 0 0 0 0 0 1 4 47 94 62 29 7 8 6 1 1 1 24 44 32 31 5 1 0 0 0 0 0 0 0 0 0 0 0 0 0 0 0 0 17 62 0 0 3 0 0 0 0 0 0 0 0 0 0 0 0 0 0 0 0 0 0 0 0 0 0 0 0
0 0 0 0 0 0 0 0 0 0 0 0 12 6 0 0 0 0 0 0 0 0 0 0 0 0 2 0 0 3 0 0 0 0 0 2 0 0 0 0 1 0 0 0 0 0 6 0 0 0 1 0 0 3 2 2 0 0 0 0 0 0 0 0 0 0 1 10 67 0 0 0 0 0 0 0 0 0 0 0 0 0 0 0 1 4 14 0 0 8 0 1 4 0 9 1 0 0 0 5 48 0 0 0 0 0 0 2 0 5 1 12 0 0 0 0 0 0 0 0 0 0 0 0 0 0 0 1 0 0 0 0 0 0 0 0 0 0 0 0 0 0 0 0 0 0 0 0 0 0
0 0 0 0 4 0 0 0 0 0 0 0 0 1 1 0 0 0 0 0 0 0 0 0 0 0 0 0 0 0 0 0 0 0 0 0 0 0 0 0 0 0 0 0 0 1 0 0 0 1 0 0 0 1 3 2 1 0 0 0 0 0 0 0 0 0 2 2 9 0 0 0 0 0 0 0 0 0 0 0 0 0 0 0 19 0 1 0 2 23 0 3 6 1 1 1 1 13 2 11 18 7 1 0 0 0 0 0 41 37 52 225 2 1 0 0 0 0 0 0 0 0 0 0 0 0 0 0 0 0 0 0 0 0 0 0 0 0 0 0 0 0 0 0 0 0 0 0 0 0
0 0 0 0 0 0 0 1 0 0 0 0 0 0 0 0 1 0 0 0 0 0 0 0 0 0 0 0 0 0 0 0 0 0 0 0 0 0 0 0 0 0 0 0 0 0 0 0 8 1 0 0 0 0 2 17 110 0 0 0 0 0 0 0 0 5 9 33 2 0 0 1 0 0 0 0 0 0 0 0 0 0 0 5 8 0 0 1 0 0 0 0 0 0 0 4 30 10 85 0 1 0 3 1 0 0 20 0 8 8 75 37 29 6 1 0 0 0 0 0 0 0 0 0 0 0 0 0 0 0 0 0 0 0 0 0 0 0 0 0 0 0 0 0 0 0 0 0 0 0
0 0 0 0 0 0 0 0 0 0 0 1 0 0 0 0 1 0 0 0 0 0 0 0 0 0 0 0 0 0 0 0 0 0 1 0 0 0 1 0 0 0 0 0 0 3 1 1 39 1 0 3 0 0 3 0 1 0 2 8 2 0 1 1 1 0 0 0 0 0 0 0 0 0 0 0 0 0 0 0 0 0 0 0 0 0 0 0 0 1 0 0 0 0 8 64 0 0 0 0 0 0 0 0 11 35 325 352 177 16 23 0 14 3 0 0 0 0 0 0 0 0 0 0 0 0 0 0 0 0 0 0 0 0 0 0 0 0 0 0 0 0 0 0 0 0 0 0 0 0
0 0 0 3 1 24 0 4 0 0 0 0 0 0 1 0 0 0 0 0 0 0 0 0 0 0 0 0 0 0 1 0 0 0 0 0 0 0 0 0 2 1 0 0 0 1 9 14 1 0 0 0 0 0 0 2 0 0 0 0 0 0 0 0 0 0 1 0 0 1 0 1 0 0 0 0 0 0 0 0 0 0 0 0 0 0 0 1 0 0 0 14 0 0 42 13 0 0 0 0 0 1 0 0 11 23 80 128 71 64 23 74 27 0 0 0 0 0 0 0 0 0 0 0 0 0 0 0 0 0 0 0 0 0 0 0 0 0 0 0 0 0 0 0 0 0 0 0 0 0
0 0 0 0 29 17 0 0 0 0 0 0 0 1 0 0 0 0 0 0 0 0 0 0 0 0 0 0 0 0 0 0 0 1 0 0 0 0 0 0 1 1 0 0 0 0 1 0 0 1 3 0 1 0 3 0 0 4 1 0 0 0 1 0 0 5 1 0 0 0 0 0 0 1 0 0 0 0 0 0 0 0 0 0 0 0 0 0 0 0 0 0 1 7 3 28 113 0 0 0 0 0 0 12 45 136 0 0 13 13 0 1 2 0 0 0 0 0 0 0 0 0 0 0 0 0 0 0 0 0 0 0 0 0 0 0 0 0 0 0 0 0 0 0 0 0 0 0 0 0
0 0 0 0 0 3 0 0 4 1 0 0 0 1 0 0 0 0 0 0 0 0 0 0 0 0 0 0 0 0 0 0 0 0 0 0 0 0 0 0 0 0 0 0 0 0 2 0 1 1 0 0 0 0 2 0 0 0 4 1 1 3 0 0 0 0 0 0 0 0 0 0 4 0 0 0 0 0 0 0 0 0 0 0 0 0 0 0 0 0 0 4 20 1 3 97 149 0 0 0 0 0 0 1 2 0 0 0 0 0 5 91 0 0 0 0 0 0 0 0 0 0 0 0 0 0 0 0 0 0 0 0 0 0 0 0 0 0 0 0 0 0 6 1 0 0 0 0 0 0
0 0 0 0 0 0 0 0 0 2 0 0 0 0 0 0 0 0 0 0 0 0 0 0 0 0 0 0 0 0 0 0 0 0 0 0 0 0 0 0 0 1 0 0 0 0 0 0 0 0 2 0 1 0 0 0 0 0 2 3 0 0 0 0 0 0 0 0 0 0 1 0 0 0 0 0 0 0 0 0 0 0 0 0 0 0 0 0 4 1 0 4 37 87 38 0 0 0 0 0 0 0 0 1 1 0 0 0 0 26 54 0 0 0 0 0 0 0 0 0 0 0 0 0 0 0 0 0 0 0 0 0 0 0 0 0 0 0 0 0 0 0 0 0 0 0 0 0 0 0
0 0 0 0 6 0 0 0 0 0 0 0 0 0 0 0 0 0 0 0 0 0 0 0 0 0 0 0 0 0 0 0 0 0 0 0 0 0 0 0 0 0 0 0 0 0 0 0 0 0 1 1 6 0 0 0 0 0 0 0 0 0 0 0 0 0 0 0 0 0 0 0 0 0 0 0 0 0 0 0 0 0 0 0 0 0 0 0 0 5 1 23 233 0 0 0 0 0 0 0 0 0 0 0 0 0 0 4 7 1 3 1 0 0 0 0 0 0 0 0 0 0 0 0 0 0 0 0 0 0 0 0 0 0 0 0 0 0 0 0 0 0 0 0 0 0 1 0 0 0
0 0 0 0 0 0 0 0 0 0 0 0 0 0 0 0 0 0 0 0 0 0 0 0 0 0 0 0 0 0 0 0 0 0 0 0 0 0 0 0 0 0 0 0 0 0 0 0 0 0 0 5 0 0 0 0 0 0 0 1 2 0 0 0 0 0 0 0 0 0 1 24 1 0 0 0 0 0 0 0 0 0 0 0 0 0 0 0 0 0 0 4 2 2 2 1 0 0 0 0 0 0 0 0 0 0 0 0 0 0 0 0 0 0 0 0 0 0 0 0 0 0 0 0 0 0 0 0 0 0 0 0 0 0 0 0 0 0 0 0 0 0 0 0 0 0 0 0 0 0
0 0 0 0 0 0 0 0 0 0 0 0 0 0 0 0 0 0 0 0 0 0 3 10 0 0 0 0 0 0 0 0 0 0 0 0 1 0 0 0 0 0 0 0 0 0 0 0 0 0 0 2 0 0 0 0 0 0 0 0 0 4 3 0 0 0 0 0 0 0 0 1 2 0 2 0 0 0 0 0 0 0 0 0 0 0 0 0 0 0 0 7 6 3 7 0 0 0 0 0 0 0 0 0 0 0 0 0 0 0 0 0 0 0 0 0 0 0 0 0 0 0 0 0 0 0 0 0 0 0 0 0 0 0 0 0 0 0 0 0 0 0 0 0 0 0 0 0 0 0
0 0 0 0 0 0 0 0 0 0 0 1 0 0 0 0 0 0 0 0 0 0 0 0 7 0 0 0 0 0 0 0 0 0 0 0 0 0 0 0 0 0 0 0 0 0 0 0 0 0 0 8 11 1 0 0 0 0 0 0 0 6 26 1 0 0 0 0 0 0 0 0 0 0 0 0 0 0 0 0 0 0 0 0 0 0 0 0 0 0 3 1 0 2 9 13 0 0 1 0 0 0 0 0 0 0 0 0 0 0 0 0 0 0 0 0 0 0 0 0 0 0 0 0 0 0 0 0 0 0 0 0 0 0 0 0 0 0 0 0 0 0 0 0 0 0 0 0 0 0
0 0 0 0 0 0 0 0 0 0 0 0 1 0 0 0 0 10 0 0 0 0 1 0 4 0 0 0 0 0 0 0 0 0 0 0 0 0 0 0 0 0 0 0 0 0 0 0 0 0 2 18 59 9 4 0 0 0 0 0 0 4 0 0 0 0 0 0 0 0 0 0 0 0 0 0 0 0 0 0 0 0 0 0 0 0 0 0 0 0 0 2 8 9 2 5 0 0 1 0 0 0 0 0 0 0 0 0 0 0 0 0 0 0 0 0 0 0 0 0 0 0 0 0 0 0 0 0 0 0 0 0 0 0 0 0 0 0 0 0 0 0 0 0 0 0 0 0 0 0
0 0 0 0 0 0 0 0 0 0 0 0 1 1 1 1 0 10 0 0 0 0 0 0 0 1 0 0 0 0 0 0 0 0 0 0 0 0 0 0 4 0 0 0 0 0 0 0 0 2 0 25 52 4 13 1 0 0 0 0 0 4 5 0 0 0 0 0 0 0 0 0 0 0 0 0 0 0 0 0 0 0 0 0 0 0 0 0 0 0 0 0 1 1 1 0 4 0 0 3 0 0 0 0 0 0 0 0 0 0 0 0 0 0 0 0 0 0 0 0 0 0 0 0 0 0 0 0 0 0 0 0 0 0 0 0 0 0 0 0 0 0 0 0 0 0 0 0 0 0
0 0 0 0 0 0 0 0 3 3 0 0 0 0 0 0 0 0 0 0 0 0 0 3 0 1 0 0 0 0 0 0 0 0 0 0 0 0 0 0 0 0 0 0 0 0 0 2 0 0 0 3 1 0 0 2 0 0 0 1 2 0 0 0 0 0 0 0 0 0 0 0 0 0 0 0 0 0 0 0 0 0 0 0 0 0 0 0 0 0 0 0 0 0 0 7 5 0 0 0 0 0 0 0 0 0 0 0 0 0 0 0 0 0 0 0 0 0 0 0 0 0 0 0 0 0 0 0 0 0 0 0 0 0 0 0 0 0 0 0 0 0 0 0 0 0 0 0 0 0
0 0 0 0 0 0 0 0 0 0 1 0 0 0 0 0 0 0 0 0 0 0 0 1 0 1 0 0 0 0 0 0 1 0 9 1 1 0 0 0 0 0 0 0 0 0 4 92 0 0 0 0 0 0 0 0 0 0 0 1 7 0 0 0 0 0 0 0 0 0 0 0 0 0 0 0 0 0 0 0 0 0 0 0 0 0 0 0 0 0 0 0 0 0 0 1 2 5 0 0 1 0 0 0 0 0 0 0 0 0 0 0 0 0 0 0 0 0 0 0 0 0 0 0 0 0 0 0 0 0 0 0 0 0 0 0 0 0 0 0 0 0 0 1 2 5 0 0 0 0
0 0 0 0 0 0 0 0 0 0 0 1 0 0 0 0 1 0 0 13 0 2 0 0 0 0 0 0 0 0 0 0 0 0 0 1 0 1 2 0 0 0 0 0 0 0 1 0 0 0 0 0 0 0 0 0 0 0 0 0 0 1 0 0 0 0 0 0 0 0 0 0 0 0 0 0 0 0 0 0 0 0 0 0 0 0 0 0 0 0 0 0 0 0 0 1 8 0 0 0 0 0 0 0 0 0 0 0 0 0 0 0 0 0 0 0 0 0 0 0 0 0 0 0 0 0 0 0 0 0 0 0 0 0 0 0 0 0 0 0 0 0 0 0 0 0 0 0 0 0
0 0 0 0 0 0 0 0 0 0 0 7 0 0 0 0 0 0 0 0 0 0 0 0 0 0 0 0 0 0 0 0 0 0 0 0 0 0 0 0 0 0 0 0 0 0 0 0 0 0 0 0 0 0 0 0 0 0 0 0 1 0 0 0 0 0 0 0 0 0 0 0 0 0 0 0 0 0 0 0 0 0 0 0 0 0 0 0 0 0 0 0 0 0 6 0 0 0 0 0 0 0 0 0 0 0 0 0 0 0 0 0 0 0 0 0 0 0 0 0 0 0 0 0 0 0 0 0 0 0 0 0 0 0 0 0 0 0 0 0 0 0 0 0 0 0 0 0 0 0
0 0 0 0 0 0 0 0 0 0 1 0 10 0 0 0 0 0 0 0 0 0 0 0 0 0 0 0 0 0 0 0 0 0 0 0 0 0 0 0 0 0 0 0 1 0 0 0 0 0 0 0 0 0 0 0 0 0 0 0 1 0 0 0 0 0 0 0 0 0 1 0 0 0 0 0 0 0 0 0 0 0 0 0 0 0 0 0 0 0 0 0 0 0 0 0 1 0 0 0 0 0 0 0 0 0 0 0 0 0 0 0 0 0 0 0 0 0 0 0 0 0 0 0 0 0 0 0 0 0 0 0 0 0 0 0 0 0 0 0 0 0 0 0 0 0 0 0 0 0
0 0 0 0 0 0 0 0 0 1 0 0 6 1 0 1 2 0 0 0 0 0 0 0 0 0 0 0 0 0 0 0 0 0 0 0 0 0 0 0 0 0 0 1 0 0 0 0 0 0 0 0 0 0 0 0 0 0 0 8 0 0 0 0 0 0 0 0 12 0 0 0 0 0 0 0 0 0 0 0 0 0 0 0 0 0 0 0 0 0 0 0 0 0 0 0 0 0 5 1 0 0 0 0 0 0 0 0 0 0 0 0 0 0 0 0 0 0 0 0 0 0 0 0 0 0 0 0 0 0 0 0 0 0 0 0 0 0 0 0 0 0 0 0 0 0 0 0 0 0
3 0 0 0 0 0 0 1 0 0 0 0 0 0 0 0 0 5 4 0 0 0 0 0 0 0 0 0 0 0 0 0 0 0 0 0 3 4 1 0 0 0 0 0 0 0 0 0 0 0 0 0 0 0 0 0 0 0 0 0 0 2 0 0 1 0 0 1 55 27 0 0 0 0 0 0 0 0 0 0 0 0 0 0 0 0 0 0 0 0 0 0 0 0 0 0 0 0 0 0 0 0 0 0 0 0 0 0 0 0 0 0 0 0 0 0 0 0 0 0 0 0 0 0 0 0 0 0 0 0 0 0 0 0 0 0 0 0 0 0 0 0 0 0 0 0 0 0 0 0
0 0 2 0 0 0 0 0 0 0 1 2 12 4 0 0 7 0 0 3 0 0 0 13 12 1 0 0 0 1 0 0 0 0 2 0 3 1 1 3 0 0 4 0 0 0 0 0 0 0 0 0 0 0 0 0 0 0 0 0 0 0 0 0 43 8 2 0 0 0 0 0 0 0 0 0 0 0 0 0 0 0 0 0 0 0 0 0 0 0 0 0 0 0 0 0 0 0 0 0 0 0 0 0 0 0 0 0 0 0 0 0 0 0 0 0 0 0 0 0 0 0 0 0 0 0 0 0 0 0 0 0 0 0 0 0 0 0 0 0 0 0 0 0 0 0 0 0 0 0
0 15 5 0 0 0 0 0 0 0 0 1 1 0 0 0 0 0 2 1 4 24 15 4 1 0 0 0 0 0 0 0 0 0 0 1 11 1 0 3 0 0 0 0 0 0 0 0 0 0 0 0 0 0 0 0 0 0 0 0 0 0 0 0 0 0 0 0 0 0 0 0 0 0 0 0 0 0 0 0 0 0 0 0 0 0 0 0 0 0 0 0 0 0 0 0 0 0 0 0 0 0 0 0 0 0 0 0 0 0 0 0 0 0 0 0 0 0 0 0 0 0 0 0 0 0 0 0 0 0 0 0 0 0 0 0 0 0 0 0 0 0 0 0 0 0 0 0 0 0
8 0 4 1 0 0 0 0 0 0 0 0 0 0 0 0 1 1 0 0 0 33 7 1 4 0 0 0 2 6 1 0 0 0 0 0 0 0 0 0 2 0 0 0 0 0 0 0 0 0 0 0 0 0 0 0 0 0 0 0 0 0 0 0 0 0 0 0 0 0 0 0 0 0 0 0 0 0 0 0 0 0 0 0 0 0 0 0 0 0 0 0 0 0 0 0 0 0 0 0 0 0 0 0 0 0 0 0 0 0 0 0 0 0 0 0 0 0 0 0 0 0 0 0 0 0 0 0 0 0 0 0 0 0 0 0 0 0 0 0 0 0 0 0 0 0 0 0 0 0
0 0 0 0 0 0 0 0 0 0 0 0 0 0 0 0 0 0 0 0 0 3 2 14 1 4 1 1 3 0 0 0 0 0 0 0 0 0 0 0 0 0 0 0 0 0 0 0 0 0 0 0 0 0 0 0 0 0 0 0 0 0 0 0 0 0 0 0 0 0 0 0 0 0 0 0 0 0 0 0 0 0 0 0 0 0 0 0 0 0 0 0 0 0 0 0 0 0 0 0 0 0 0 0 0 0 0 0 0 0 0 0 0 0 0 0 0 0 0 0 0 0 0 0 0 0 0 0 0 0 0 0 0 0 0 0 0 0 0 0 0 0 0 0 0 0 0 0 0 0
0 0 1 0 0 0 0 0 0 0 0 0 0 0 0 0 0 0 0 0 0 0 0 1 0 3 2 5 8 0 0 0 0 0 3 0 0 0 0 0 0 0 0 0 0 0 0 0 0 0 0 0 0 0 0 0 0 0 0 0 0 0 0 0 0 0 0 0 0 0 0 0 0 0 0 0 0 0 0 0 0 0 0 0 0 0 0 0 0 0 0 0 0 0 0 0 0 0 0 0 0 0 0 0 0 0 0 0 0 0 0 0 0 0 0 0 0 0 0 0 0 0 0 0 0 0 0 0 0 0 0 0 0 0 0 0 0 0 0 0 0 0 0 0 0 0 0 0 0 0
0 0 0 0 0 0 0 0 0 0 0 0 0 0 0 0 0 0 0 0 0 0 0 0 2 0 0 0 66 28 0 1 6 10 0 0 3 0 0 0 0 0 0 0 0 0 0 0 0 0 0 0 0 0 0 0 0 0 0 0 0 0 0 0 0 0 0 0 0 0 0 0 0 0 0 0 0 0 0 0 0 0 0 0 0 0 0 0 0 0 0 0 0 0 0 0 0 0 0 0 0 0 0 0 0 0 0 0 0 0 0 0 0 0 0 0 0 0 0 0 0 0 0 0 0 0 0 0 0 0 0 0 0 0 0 0 0 0 0 0 0 0 0 0 0 0 0 0 0 0
0 0 0 0 0 0 0 0 0 0 0 0 0 0 0 0 0 0 0 0 0 0 0 0 0 1 1 2 0 0 2 0 3 1 0 0 4 0 0 0 0 0 0 0 0 0 0 0 0 0 0 0 0 0 0 0 0 0 0 0 0 0 0 0 0 0 0 0 0 0 0 0 0 0 0 0 0 0 0 0 0 0 0 0 0 0 0 0 0 0 0 0 0 0 0 0 0 0 0 0 0 0 0 0 0 0 0 0 0 0 0 0 0 0 0 0 0 0 0 0 0 0 0 0 0 0 0 0 0 0 0 0 0 0 0 0 0 0 0 0 0 0 0 0 0 0 0 0 0 0
0 0 0 0 0 0 0 1 0 0 0 0 0 0 0 0 0 0 0 0 0 0 0 0 3 1 2 0 0 0 1 0 0 0 0 1 1 0 0 0 0 0 0 0 0 0 0 0 0 0 0 0 0 0 0 0 0 0 0 0 0 0 0 0 0 0 0 0 0 0 0 0 0 0 0 0 0 0 0 0 0 0 0 0 0 0 0 0 0 0 0 0 0 0 0 0 0 0 0 0 0 0 0 0 0 0 0 0 0 0 0 0 0 0 0 0 0 0 0 0 0 0 0 0 0 0 0 0 0 0 0 0 0 0 0 0 0 0 0 0 0 0 0 0 0 0 0 0 0 0
0 0 0 0 0 0 0 0 0 0 0 5 0 0 0 0 0 0 0 0 0 0 0 0 0 0 0 0 0 0 0 0 1 0 0 0 1 1 0 0 0 0 0 0 0 0 0 0 0 0 0 0 0 0 0 0 0 0 0 0 0 0 0 0 0 0 0 0 0 0 0 0 0 0 0 0 0 0 0 0 0 0 0 0 0 0 0 0 0 0 0 0 0 0 0 0 0 0 0 0 0 0 0 0 0 0 0 0 0 0 0 0 0 0 0 0 0 0 0 0 0 0 0 0 0 0 0 0 0 0 0 0 0 0 0 0 0 0 0 0 0 0 0 0 0 0 0 0 0 0
0 0 0 0 0 0 0 0 0 0 0 0 0 0 0 0 0 0 0 0 0 0 0 0 0 0 0 6 6 3 2 0 0 0 0 0 0 0 0 0 0 0 0 0 0 0 0 0 0 0 0 0 0 0 0 0 0 0 0 0 0 0 0 0 0 0 0 0 0 0 0 0 0 0 0 0 0 0 0 0 0 0 0 0 0 0 0 0 0 0 0 0 0 0 0 0 0 0 0 0 0 0 0 0 0 0 0 0 0 0 0 0 0 0 0 0 0 0 0 0 0 0 0 0 0 0 0 0 0 0 0 0 0 0 0 0 0 0 0 0 0 0 0 0 0 0 0 0 0 0
0 0 0 0 0 0 0 0 0 5 4 0 0 0 0 0 0 0 0 0 0 0 0 0 0 0 0 2 2 0 0 0 0 3 0 0 0 0 0 0 0 0 0 0 0 0 0 0 0 0 0 0 0 0 0 0 0 0 0 0 0 0 0 0 0 0 0 0 0 0 0 0 0 0 0 0 0 0 0 0 0 0 0 0 0 0 0 0 0 0 0 0 0 0 0 0 0 0 0 0 0 0 0 0 0 0 0 0 0 0 0 0 0 0 0 0 0 0 0 0 0 0 0 0 0 0 0 0 0 0 0 0 0 0 0 0 0 0 0 0 0 0 0 0 0 0 0 0 0 0
0 0 0 0 0 0 0 0 0 0 1 0 0 0 0 0 0 0 0 0 0 0 0 0 0 0 0 0 0 0 0 0 3 0 0 0 0 0 0 0 0 0 0 0 0 0 0 0 0 0 0 0 0 0 0 0 0 0 0 0 0 0 0 0 0 0 0 0 0 0 0 0 0 0 0 0 0 0 0 0 0 0 0 0 0 0 0 0 0 0 0 0 0 0 0 0 0 0 0 0 0 0 0 0 0 0 0 0 0 0 0 0 0 0 0 0 0 0 0 0 0 0 0 0 0 0 0 0 0 0 0 0 0 0 0 0 0 0 0 0 0 0 0 0 0 0 0 0 0 0
0 0 0 0 0 0 0 0 0 0 0 0 0 0 0 0 0 0 0 0 0 0 0 0 0 0 0 0 0 0 0 0 0 0 0 0 0 0 0 0 0 0 0 0 0 0 0 0 0 0 0 0 0 0 0 0 0 0 0 0 0 0 0 0 0 0 0 0 0 0 0 0 0 0 0 0 0 0 0 0 0 0 0 0 0 0 0 0 0 0 0 0 0 0 0 0 0 0 0 0 0 0 0 0 0 0 0 0 0 0 0 0 0 0 0 0 0 0 0 0 0 0 0 0 0 0 0 0 0 0 0 0 0 0 0 0 0 0 0 0 0 0 0 0 0 0 0 0 0 0
0 0 0 0 0 0 0 0 0 0 0 0 0 0 0 0 0 0 0 0 0 0 0 0 0 0 0 0 0 0 0 0 0 0 0 0 0 0 0 0 0 0 0 0 0 0 0 0 0 0 0 1 0 0 0 0 0 0 0 0 0 0 0 0 0 0 0 0 0 0 0 0 0 0 0 0 0 0 0 0 0 0 0 0 0 0 0 0 0 0 0 0 0 0 0 0 0 0 0 0 0 0 0 0 0 0 0 0 0 0 0 0 0 0 0 0 0 0 0 0 0 0 0 0 0 0 0 0 0 0 0 0 0 0 0 0 0 0 0 0 0 0 0 0 0 0 0 0 0 0
0 0 0 0 0 0 0 0 1 12 0 0 0 0 0 0 0 0 0 0 0 0 0 0 0 0 0 0 0 0 0 0 0 0 0 0 0 0 0 0 0 0 0 0 0 0 0 0 0 0 0 0 0 0 0 0 0 0 0 0 0 0 0 0 0 0 0 0 0 0 0 0 0 0 0 0 0 0 0 0 0 0 0 0 0 0 0 0 0 0 0 0 0 0 0 0 0 0 0 0 0 0 0 0 0 0 0 0 0 0 0 0 0 0 0 0 0 0 0 0 0 0 0 0 0 0 0 0 0 0 0 0 0 0 0 0 0 0 0 0 0 0 0 0 0 0 0 0 0 0
0 0 0 0 0 1 9 7 0 0 0 0 0 0 0 0 0 0 0 0 0 0 0 0 0 0 0 0 0 0 0 0 0 0 0 0 0 0 0 0 0 0 0 0 0 0 0 0 0 7 12 0 0 0 0 0 0 0 0 0 0 0 0 0 0 0 0 0 0 0 0 0 0 0 0 0 0 0 0 0 0 0 0 0 0 0 0 0 0 0 0 0 0 0 0 0 0 0 0 0 0 0 0 0 0 0 0 0 0 0 0 0 0 0 0 0 0 0 0 0 0 0 0 0 0 0 0 0 0 0 0 0 0 0 0 0 0 0 0 0 0 0 0 0 0 0 0 0 0 0
0 0 0 0 0 0 1 2 0 0 0 0 0 0 0 0 0 0 0 0 0 0 0 0 0 0 0 0 0 0 0 0 0 0 0 0 0 0 0 0 0 0 0 0 0 0 0 0 0 0 0 0 0 0 0 0 0 0 0 0 0 0 0 0 0 0 0 0 0 0 0 0 0 0 0 0 0 0 0 0 0 0 0 0 0 0 0 0 0 0 0 0 0 0 0 0 0 0 0 0 0 0 0 0 0 0 0 0 0 0 0 0 0 0 0 0 0 0 0 0 0 0 0 0 0 0 0 0 0 0 0 0 0 0 0 0 0 0 0 0 0 0 0 0 0 0 0 0 0 0
0 0 0 0 0 0 0 0 0 0 0 0 0 0 0 0 0 0 0 0 0 0 0 0 0 0 0 0 0 0 0 0 0 0 0 0 0 0 0 0 0 0 0 0 0 0 0 0 0 0 0 0 1 3 0 0 0 0 0 0 0 0 0 0 0 0 0 0 0 0 0 0 0 0 0 0 0 0 0 0 0 0 0 0 0 0 0 0 0 0 0 0 0 0 0 0 0 0 0 0 0 0 0 0 0 0 0 0 0 0 0 0 0 0 0 0 0 0 0 0 0 0 0 0 0 0 0 0 0 0 0 0 0 0 0 0 0 0 0 0 0 0 0 0 0 0 0 0 0 0
0 0 0 0 0 0 0 0 0 0 0 0 0 0 0 0 0 0 0 0 0 0 0 0 0 0 0 0 0 0 0 0 0 0 0 0 0 0 0 0 0 0 0 0 0 0 0 0 0 0 0 0 0 0 0 0 0 0 0 0 0 0 0 0 0 0 0 0 0 0 0 0 0 0 0 0 0 0 0 0 0 0 0 0 0 0 0 0 0 0 0 0 0 0 0 0 0 0 0 0 0 0 0 0 0 0 0 0 0 0 0 0 0 0 0 0 0 0 0 0 0 0 0 0 0 0 0 0 0 0 0 0 0 0 0 0 0 0 0 0 0 0 0 0 0 0 0 0 0 0
0 0 0 0 0 0 0 0 0 0 0 0 0 0 0 0 0 0 0 0 0 0 0 0 0 0 0 0 0 0 0 0 0 0 0 0 0 0 0 0 0 0 0 0 0 0 0 0 0 0 0 0 0 0 0 0 0 0 0 0 0 0 0 0 0 0 0 0 0 0 0 0 0 0 0 0 0 0 0 0 0 0 0 0 0 0 0 0 0 0 0 0 0 0 0 0 0 0 0 0 0 0 0 0 0 0 0 0 0 0 0 0 0 0 0 0 0 0 0 0 0 0 0 0 0 0 0 0 0 0 0 0 0 0 0 0 0 0 0 0 0 0 0 0 0 0 0 0 0 0
0 0 0 0 0 0 0 0 0 0 0 0 0 0 0 0 0 0 0 0 0 0 0 0 0 0 0 0 0 0 0 0 0 0 0 0 0 0 0 0 0 0 0 0 0 0 0 0 0 0 0 0 0 0 0 0 0 0 0 0 0 0 0 0 0 0 0 0 0 0 0 0 0 0 0 0 0 0 0 0 0 0 0 0 0 0 0 0 0 0 0 0 0 0 0 0 0 0 0 0 0 0 0 0 0 0 0 0 0 0 0 0 0 0 0 0 0 0 0 0 0 0 0 0 0 0 0 0 0 0 0 0 0 0 0 0 0 0 0 0 0 0 0 0 0 0 0 0 0 0
0 0 0 0 0 0 0 0 0 0 0 0 0 0 0 0 0 0 0 0 0 0 0 0 0 0 0 0 0 0 1 5 0 0 0 0 0 0 0 0 0 0 0 0 0 0 0 0 0 0 0 0 0 0 0 0 0 0 0 0 0 0 0 0 0 0 0 0 0 0 0 0 0 0 0 0 0 0 0 0 0 0 0 0 0 0 0 0 0 0 0 0 0 0 0 0 0 0 0 0 0 0 0 0 0 0 0 0 0 0 0 0 0 0 0 0 0 0 0 0 0 0 0 0 0 0 0 0 0 0 0 0 0 0 0 0 0 0 0 0 0 0 0 0 0 0 0 0 0 0
0 0 0 0 0 0 0 0 0 0 0 0 0 0 0 0 0 0 0 0 0 0 0 0 0 0 0 0 0 0 0 7 4 0 0 0 0 0 0 0 0 0 0 0 0 0 0 0 0 0 0 0 0 0 0 0 0 0 0 0 0 0 0 0 0 0 0 0 0 0 0 0 0 0 0 0 0 0 0 0 0 0 0 0 0 0 0 0 0 0 0 0 0 0 0 0 0 0 0 0 0 0 0 0 0 0 0 0 0 0 0 0 0 0 0 0 0 0 0 0 0 0 0 0 0 0 0 0 0 0 0 0 0 0 0 0 0 0 0 0 0 0 0 0 0 0 0 0 0 0
0 0 0 0 0 0 0 0 0 0 0 0 0 0 0 0 0 0 0 0 0 0 0 0 0 0 0 0 0 0 4 3 0 0 0 0 0 0 0 0 0 0 0 0 0 0 0 0 0 0 0 0 0 0 0 0 0 0 0 0 0 0 0 0 0 0 0 0 0 0 0 0 0 0 0 0 0 0 0 0 0 0 0 0 0 0 0 0 0 0 0 0 0 0 0 0 0 0 0 0 0 0 0 0 0 0 0 0 0 0 0 0 0 0 0 0 0 0 0 0 0 0 0 0 0 0 0 0 0 0 0 0 0 0 0 0 0 0 0 0 0 0 0 0 0 0 0 0 0 0
0 0 0 0 0 0 0 0 0 0 0 0 0 0 0 0 0 0 0 0 0 0 0 0 0 0 0 0 0 1 0 0 0 0 0 0 0 0 0 0 0 0 0 0 0 0 0 0 0 0 0 0 0 0 0 0 0 0 0 0 0 0 0 0 0 0 0 0 0 0 0 0 0 0 0 0 0 0 0 0 0 0 0 0 0 0 0 0 0 0 0 0 0 0 0 0 0 0 0 0 0 0 0 0 0 0 0 0 0 0 0 0 0 0 0 0 0 0 0 0 0 0 0 0 0 0 0 0 0 0 0 0 0 0 0 0 0 0 0 0 0 0 0 0 0 0 0 0 0 0
0 0 0 0 0 0 0 0 0 0 0 0 0 0 0 0 0 0 0 0 0 0 0 0 0 0 0 0 0 24 5 0 0 0 0 0 0 0 0 0 0 0 0 0 0 0 0 0 0 0 0 0 0 0 0 0 0 0 0 0 0 0 0 0 0 0 0 0 0 0 0 0 0 0 0 0 0 0 0 0 0 0 0 0 0 0 0 0 0 0 0 0 0 0 0 0 0 0 0 0 0 0 0 0 0 0 0 0 0 0 0 0 0 0 0 0 0 0 0 0 0 0 0 0 0 0 0 0 0 0 0 0 0 0 0 0 0 0 0 0 0 0 0 0 1 0 0 0 0 0
0 0 0 0 0 0 0 0 0 0 0 0 0 0 0 0 0 0 0 0 0 0 0 0 0 0 3 0 0 0 0 0 0 0 0 0 0 0 0 0 0 0 0 0 0 0 0 0 0 22 0 0 0 0 0 0 0 0 0 0 0 0 0 0 0 0 0 0 0 0 0 0 0 0 0 0 0 0 0 0 0 0 0 0 0 0 0 0 0 0 0 0 0 0 0 0 0 0 0 0 0 0 0 0 0 0 0 0 0 0 0 0 0 0 0 0 0 0 0 0 0 0 0 0 0 0 0 0 0 0 0 0 0 0 0 0 0 0 0 0 0 0 0 0 0 0 0 0 0 0
0 0 0 0 0 0 0 0 0 0 0 0 0 0 0 0 0 0 0 0 0 0 0 0 0 0 3 0 0 0 0 0 0 0 0 0 0 0 0 0 0 0 0 0 0 0 0 0 0 0 0 0 0 0 0 0 0 0 0 0 0 0 0 0 0 0 0 0 0 0 0 0 0 0 0 0 0 0 0 0 0 0 0 0 0 0 0 0 0 0 0 0 0 0 0 0 0 0 0 0 0 0 0 0 0 0 0 0 0 0 0 0 0 0 0 0 0 0 0 0 0 0 0 0 0 0 0 0 0 0 0 0 0 0 0 0 0 0 0 0 0 0 0 0 0 0 0 0 0 0
0 0 0 0 0 0 0 0 0 0 0 0 0 0 0 0 0 0 0 0 0 0 0 0 0 0 0 0 1 0 0 0 0 0 0 0 0 0 0 0 0 0 0 0 0 0 0 0 0 0 0 0 0 0 0 0 0 0 0 0 0 0 0 0 0 0 0 0 0 0 0 0 0 0 0 0 0 0 0 0 0 0 0 0 0 0 0 0 0 0 0 0 0 0 0 0 0 0 0 0 0 0 0 0 0 0 0 0 0 0 0 0 0 0 0 0 0 0 0 0 0 0 0 0 0 0 0 0 0 0 0 0 0 0 0 0 0 0 0 0 0 0 0 0 0 0 0 0 0 0
0 0 0 0 0 0 0 0 0 0 0 0 0 0 0 0 0 0 0 0 0 0 0 0 0 0 0 0 0 0 0 0 0 0 0 0 0 0 0 0 0 0 0 0 0 0 0 0 0 0 0 0 0 0 0 0 0 0 0 0 0 0 0 0 0 0 0 0 0 0 0 0 0 0 0 0 0 0 0 0 0 0 0 0 0 0 0 0 0 0 0 0 0 0 0 0 0 0 0 0 0 0 0 0 0 0 0 0 0 0 0 0 0 0 0 0 0 0 0 0 0 0 0 0 0 0 0 0 0 0 0 0 0 0 0 0 0 0 0 0 0 0 0 0 0 0 0 0 0 0
0 0 0 0 0 0 0 0 0 0 0 0 0 0 0 0 0 0 0 0 0 0 0 0 0 0 0 0 0 0 0 0 0 0 0 0 0 0 0 0 0 0 0 0 0 0 0 0 0 0 0 0 0 0 0 0 0 0 0 0 0 0 0 0 0 0 0 0 0 0 0 0 0 0 0 0 0 0 0 0 0 0 0 0 0 0 0 0 0 0 0 0 0 0 0 0 0 0 0 0 0 0 0 0 0 0 0 0 0 0 0 0 0 0 0 0 0 0 0 0 0 0 0 0 0 0 0 0 0 0 0 0 0 0 0 0 0 0 0 0 0 0 0 0 0 0 0 0 0 0
0 0 0 0 0 0 0 0 0 0 0 0 0 0 0 0 0 0 0 0 0 0 0 0 0 0 0 0 0 0 0 0 0 0 0 0 0 0 0 0 0 0 0 0 0 0 0 0 0 0 0 0 0 0 0 0 0 0 0 0 0 0 0 0 0 0 0 0 0 0 0 0 0 0 0 0 0 0 0 0 0 0 0 0 0 0 0 0 0 0 0 0 0 0 0 0 0 0 0 0 0 0 0 0 0 0 0 0 0 0 0 0 0 0 0 0 0 0 0 0 0 0 0 0 0 0 0 0 0 0 0 0 0 0 0 0 0 0 0 0 0 0 0 0 0 0 0 0 0 0
0 0 0 0 0 0 0 0 0 0 0 0 0 0 0 0 0 0 0 0 0 0 0 0 0 0 0 0 0 0 0 0 0 0 0 0 0 0 0 0 0 0 0 0 0 0 0 0 0 0 0 0 0 0 0 0 0 0 0 0 0 0 0 0 0 0 0 0 0 0 0 0 0 0 0 0 0 0 0 0 0 0 0 0 0 0 0 0 0 0 0 0 0 0 0 0 0 0 0 0 0 0 0 0 0 0 0 0 0 0 0 0 0 0 0 0 0 0 0 0 0 0 0 0 0 0 0 0 0 0 0 0 0 0 0 0 0 0 0 0 0 0 0 0 0 0 0 0 0 0
0 0 0 0 0 0 0 0 0 0 0 0 0 0 0 0 0 0 0 0 0 0 0 0 0 0 0 0 0 0 0 0 0 0 0 0 0 0 0 0 0 0 0 0 0 0 0 0 0 0 0 0 0 0 0 0 0 0 0 0 0 0 0 0 0 0 0 0 0 0 0 0 0 0 0 0 0 0 0 0 0 0 0 0 0 0 0 0 0 0 0 0 0 0 0 0 0 0 0 0 0 0 0 0 0 0 0 0 0 0 0 0 0 0 0 0 0 0 0 0 0 0 0 0 0 0 0 0 0 0 0 0 0 0 0 0 0 0 0 0 0 0 0 0 0 0 0 0 0 0
