0 0 25 5 1 0 0 0 14 72 7 2 0 5 0 0 0 1 2 0 0 0 2 0 2 11 0 1 0 0 0 0 0 0 34 0 0 0 2 4 0 0 0 0 3 0 0 0 0 0 0 0 0 0 1 1 0 0 0 4 51 22 4 0 0 1 1 0 0 0 0 4 5 144 139 268 113 23 35 5 37 238 62 34 74 169 157 166 25 294 797 424 50 496 385 557 751 422 894 200 198 113 14 25 20 31 47 291 203 12 9 12 17 96 37 36 13 7 3 0 2 32 19 24 5 6 0 7 11 23 1 22 0 3 3 0 0 3 0 0 1 0 0 0 0 0 0 0 0 8
0 12 3 4 1 0 0 0 0 43 7 6 2 2 0 0 0 2 8 0 0 0 27 1 8 12 0 0 0 0 0 0 0 0 0 0 0 0 0 0 0 0 0 0 0 0 0 0 0 0 0 0 0 0 7 0 0 0 0 58 108 35 5 16 3 0 0 0 1 0 0 8 39 55 24 2 93 38 10 45 108 64 5 1 92 149 272 122 230 222 55 21 230 332 206 207 376 439 723 505 283 67 25 14 8 0 0 33 44 5 5 7 0 10 35 26 1 4 2 245 0 4 9 9 1 2 3 3 15 42 11 8 40 40 1 0 0 0 1 34 17 0 0 0 0 0 0 0 0 0
0 0 0 0 3 0 0 0 1 11 1 2 7 2 0 0 0 0 1 0 5 14 74 22 13 0 1 4 0 0 0 0 0 0 0 4 0 1 0 2 1 0 0 0 0 0 0 0 0 0 0 0 0 0 2 0 0 1 0 12 12 24 3 3 0 0 0 0 0 0 0 4 3 0 0 0 2 63 187 246 71 87 4 35 31 144 310 163 9 3 84 24 40 269 520 514 174 368 267 395 411 246 13 42 15 7 2 8 284 105 27 1 1 1 3 4 20 25 21 2 110 11 2 4 4 3 1 2 0 15 8 1 50 85 0 0 3 0 4 16 7 0 0 0 0 0 0 0 0 0
50 14 0 0 0 0 0 0 0 3 0 6 0 0 1 2 0 0 8 3 0 0 11 4 4 0 2 10 5 0 1 0 0 1 0 1 0 2 0 2 0 0 0 0 0 0 0 0 0 0 3 0 0 0 37 17 1 11 23 3 0 1 1 7 0 0 0 0 0 0 6 106 16 2 0 5 7 81 296 158 73 78 49 283 279 17 47 132 1 132 582 486 934 486 799 400 241 276 608 345 416 520 106 26 11 83 35 75 394 70 22 16 25 7 0 6 27 56 41 21 51 77 20 3 2 1 2 1 12 0 8 16 15 1 4 0 4 0 0 15 40 3 0 0 0 0 0 0 0 0
1 7 2 0 0 0 0 0 1 1 1 0 0 0 0 12 21 3 0 0 1 0 1 0 4 0 0 0 0 0 0 0 0 0 5 8 6 0 0 0 0 0 0 0 0 0 0 0 0 1 1 0 0 1 41 134 58 37 1 7 0 1 0 8 0 0 0 0 0 8 128 53 117 87 38 59 79 154 217 212 155 182 335 200 227 120 57 47 23 256 997 489 325 718 278 213 80 577 449 633 782 574 639 506 492 130 74 19 4 3 8 14 21 39 12 0 2 28 46 46 164 648 103 9 0 6 2 1 0 5 3 0 0 0 2 0 0 0 0 1 42 3 0 0 0 0 0 0 0 0
4 1 0 0 0 0 0 0 8 1 0 1 0 0 0 5 6 2 2 40 2 9 2 0 0 0 0 0 0 1 0 17 0 0 13 56 16 32 0 0 0 0 0 0 0 0 0 0 0 21 51 27 1 3 3 43 41 8 11 1 0 0 1 2 0 0 0 0 4 63 101 102 115 120 119 40 24 24 53 300 421 528 332 88 4 132 70 24 6 170 1049 643 52 292 508 425 92 975 337 771 361 358 701 416 19 142 27 53 4 2 0 1 3 22 13 6 23 0 0 13 119 103 1 3 6 6 0 1 2 0 4 0 1 0 0 0 0 0 0 0 4 4 0 0 0 0 0 0 0 0
0 0 0 0 0 0 0 0 1 6 3 0 0 2 1 0 0 0 0 0 0 0 2 0 0 0 0 0 0 0 1 0 1 0 0 8 0 2 1 0 0 0 0 0 0 0 0 0 0 4 0 2 6 6 0 35 12 0 34 30 1 4 1 0 13 0 0 0 1 68 25 84 174 393 204 144 388 142 304 332 489 557 763 437 161 22 4 176 38 52 923 679 31 395 567 379 285 411 487 38 27 376 115 125 17 38 68 11 17 15 38 112 124 47 27 20 0 3 18 39 87 98 7 0 0 2 5 2 0 0 2 0 0 0 0 0 0 1 0 0 0 1 1 0 0 0 0 0 0 0
0 0 0 0 0 0 0 0 1 0 0 0 0 0 0 0 0 0 0 0 0 0 0 0 0 0 0 0 0 1 3 0 0 0 4 1 0 0 3 2 0 0 0 0 0 0 0 0 0 0 0 0 3 10 2 5 1 21 58 45 44 61 44 4 19 14 0 0 6 72 11 4 17 46 53 44 99 101 566 821 740 421 826 189 146 159 108 430 190 61 359 77 49 420 286 322 176 755 671 211 164 343 305 469 156 140 10 50 81 40 324 392 65 43 10 34 2 3 4 15 25 6 18 6 7 2 15 2 6 0 0 0 0 0 0 0 0 0 0 0 0 0 0 0 0 0 0 0 0 0
5 0 0 0 0 0 0 0 3 7 0 1 0 1 6 0 0 0 0 0 0 0 0 0 0 0 0 0 0 0 0 0 0 0 0 0 0 1 0 0 0 0 0 0 0 0 0 0 0 0 0 0 0 4 0 0 1 14 20 50 192 197 17 7 7 24 5 5 3 44 0 0 0 3 0 18 5 23 58 364 722 631 679 42 18 8 565 222 254 74 7 12 229 805 866 935 103 365 336 151 346 104 88 294 862 117 160 207 44 36 664 179 194 4 22 6 0 3 8 5 9 0 3 3 4 2 2 2 0 0 7 1 0 0 0 0 0 0 0 0 0 0 0 0 0 0 0 0 0 0
0 0 0 0 0 0 0 0 20 4 0 0 0 0 0 0 0 0 1 0 0 0 0 0 0 0 0 0 0 0 0 0 0 0 0 0 0 0 0 5 0 0 0 0 0 0 0 0 3 1 4 0 16 4 0 0 0 0 2 20 39 122 15 19 2 0 0 0 0 13 0 0 0 0 0 4 6 52 208 555 639 483 433 252 714 657 374 183 217 152 63 4 13 453 818 875 519 206 63 14 52 143 26 6 57 336 308 172 68 12 361 465 197 20 5 225 365 510 104 40 54 17 30 19 41 21 11 2 5 14 89 13 0 0 1 0 0 0 0 0 0 0 0 0 0 0 0 0 0 6
0 0 11 0 0 0 1 0 1 0 0 10 0 0 3 11 0 1 0 3 0 0 0 0 0 0 0 0 0 0 0 2 0 0 0 3 0 0 0 0 0 4 1 2 0 0 2 2 18 9 7 4 8 2 0 0 1 6 24 7 1 139 8 12 0 0 0 0 0 5 0 0 0 0 0 0 23 36 135 232 283 238 473 240 229 310 179 310 376 268 17 3 3 123 428 541 720 23 10 46 28 17 3 11 87 249 646 306 149 127 460 147 179 44 2 143 361 675 340 183 316 207 323 148 95 465 87 43 40 27 4 95 7 20 27 0 0 0 0 0 0 0 0 0 0 0 0 0 0 0
1 0 0 0 0 0 0 0 4 0 0 0 0 0 0 0 7 3 2 0 0 0 0 0 0 0 0 0 0 0 0 0 0 4 0 2 0 1 2 1 2 5 7 4 1 0 0 0 1 0 0 0 2 0 8 1 0 0 1 3 0 5 0 0 0 2 0 3 2 0 1 0 0 0 0 1 121 8 336 359 511 125 69 59 135 188 14 18 99 498 17 1 0 5 10 74 755 365 255 16 0 5 5 29 21 71 466 194 30 53 242 188 99 134 49 152 604 176 515 629 273 296 129 91 148 161 0 0 0 34 3 0 93 29 16 0 0 0 0 0 0 0 0 0 0 0 0 0 1 0
0 0 1 0 0 1 0 0 2 3 0 0 0 0 0 0 1 13 2 4 0 2 0 0 0 0 0 0 0 0 0 0 1 0 1 0 0 0 0 0 0 0 41 0 24 0 0 15 0 0 0 0 0 0 0 0 0 0 1 1 2 2 5 0 0 0 2 2 0 3 15 0 0 0 1 27 94 50 130 62 149 164 35 0 22 20 5 0 1 2 0 0 2 50 79 11 576 355 488 376 9 6 51 17 12 9 43 193 347 251 713 655 199 545 496 88 13 52 916 692 159 309 105 4 42 107 0 0 38 25 0 0 28 9 1 8 0 0 0 0 0 0 0 0 0 0 0 1 0 0
0 0 0 0 0 0 2 0 0 1 0 0 0 0 0 0 0 0 59 15 1 2 1 1 0 0 0 0 0 1 6 0 0 0 0 0 0 0 0 0 0 1 1 97 36 0 0 0 4 0 0 26 1 0 0 0 0 0 4 0 5 1 2 3 0 0 23 15 11 14 61 0 0 3 9 272 462 256 159 18 49 338 84 8 17 159 9 1 2 28 0 0 0 32 7 15 62 455 133 205 0 6 315 92 240 43 127 357 144 433 605 649 668 260 216 266 163 166 646 335 197 72 0 3 0 13 28 0 7 3 0 0 2 1 0 0 0 0 0 0 0 0 0 0 0 0 0 0 0 0
0 0 0 0 0 0 2 0 5 1 0 0 0 0 0 0 0 0 1 2 2 0 0 2 0 0 0 0 0 0 0 0 0 0 0 0 0 0 0 0 0 0 0 2 22 0 0 0 0 17 3 29 1 0 0 0 3 8 5 18 65 26 5 13 6 134 75 94 361 215 34 3 2 2 35 592 802 802 342 26 1 330 28 1 6 18 11 10 0 30 7 10 5 0 0 4 53 200 210 188 18 40 338 391 1069 710 996 739 597 420 606 412 436 499 547 176 112 81 35 114 162 99 29 7 0 8 30 8 7 22 4 0 0 0 0 0 0 0 0 0 0 0 0 0 0 0 0 0 0 0
0 0 0 0 0 0 0 36 127 0 1 0 0 0 0 0 0 0 1 7 0 8 3 0 0 0 1 0 0 0 0 0 0 0 0 0 0 0 0 0 0 0 0 0 0 18 0 0 0 34 77 79 0 1 0 6 61 79 4 66 13 9 3 37 16 49 145 62 86 104 230 57 105 157 491 789 901 551 157 10 1 4 2 0 0 0 16 83 5 56 0 9 0 1 29 35 37 16 35 11 10 2 929 477 485 449 635 435 474 505 584 533 485 353 230 135 137 240 180 102 39 6 467 365 40 99 4 2 1 2 0 0 0 0 23 2 0 0 0 0 0 0 0 0 0 0 0 0 0 0
0 0 0 0 0 0 0 0 0 0 0 0 1 0 0 0 7 3 0 1 7 0 15 13 18 10 0 0 0 0 0 0 0 0 0 0 0 0 0 1 0 0 1 2 0 4 7 1 3 19 43 0 0 9 8 33 66 84 56 18 0 5 0 0 1 2 0 0 0 1 3 1 63 104 203 289 538 198 117 0 0 0 2 0 0 0 0 41 39 6 0 0 4 0 2 76 22 0 10 80 9 138 744 535 311 277 314 292 554 526 446 329 640 297 271 107 45 63 186 4 0 1 18 71 25 332 0 6 1 0 0 0 0 0 0 0 0 0 0 0 0 0 0 0 0 0 0 0 0 0
0 0 0 0 0 0 0 1 0 0 0 0 2 0 0 2 0 16 0 0 0 2 0 1 8 1 3 20 0 0 0 0 0 0 0 0 3 1 0 0 0 0 0 0 0 23 44 4 0 32 35 28 6 49 17 23 35 39 197 5 2 3 0 0 1 4 27 58 2 49 73 4 89 16 35 62 111 64 22 15 0 0 3 2 0 0 0 7 70 1 0 10 64 26 4 0 5 1 28 429 125 120 115 91 80 327 161 156 518 340 116 111 54 180 114 13 60 142 6 5 0 0 1 7 97 433 150 24 0 0 0 0 0 0 0 0 0 0 0 0 0 0 0 0 0 0 0 0 0 0
0 0 0 3 0 3 0 0 0 0 0 0 2 1 0 0 4 0 0 3 0 2 4 0 3 1 40 37 7 0 0 0 0 0 0 4 1 0 0 0 1 1 0 4 6 19 6 1 18 295 116 13 8 20 6 49 141 53 40 24 40 17 1 0 0 1 3 3 0 50 26 19 22 21 0 46 174 17 20 30 18 0 3 19 0 11 10 9 8 2 2 63 50 135 14 1 0 47 293 16 130 154 53 8 60 115 170 528 294 0 0 59 2 318 56 0 1 0 0 0 0 0 0 3 26 215 187 238 4 0 0 0 0 0 0 0 0 0 0 0 0 0 0 0 0 0 0 0 0 0
0 0 0 0 3 1 0 0 0 0 0 0 0 4 0 0 0 0 0 1 0 7 52 4 3 2 2 5 118 2 0 3 1 0 1 0 0 0 0 0 0 0 0 202 11 65 53 8 3 83 29 11 1 3 51 4 18 92 2 0 0 1 1 0 0 8 0 0 9 20 48 51 13 0 2 74 7 0 1 3 4 0 0 1 0 10 17 0 14 1 1 39 7 1 1 8 0 6 7 3 443 706 423 115 66 160 103 296 135 4 4 0 2 152 25 0 0 0 0 0 0 0 0 7 6 2 14 85 4 0 0 0 0 0 0 0 0 0 0 0 0 0 0 0 0 0 0 0 0 0
0 0 0 0 1 0 0 0 0 0 0 0 0 6 0 0 0 0 1 0 0 0 6 6 0 5 3 6 1 3 2 6 3 0 0 0 0 0 0 0 5 4 2 6 0 4 14 24 37 177 226 71 10 37 11 5 8 0 2 0 0 4 17 3 111 52 4 0 4 7 58 15 1 0 6 85 163 58 2 13 3 10 7 2 1 0 1 2 7 9 6 0 1 0 0 0 3 3 250 291 971 524 266 149 3 43 81 147 1 0 0 0 0 12 0 0 0 0 0 0 0 0 3 2 0 0 40 192 0 0 0 0 0 0 0 0 0 0 0 0 0 0 0 0 0 0 0 0 0 0
0 0 0 0 0 0 0 0 0 0 0 0 0 2 0 3 0 0 0 0 1 3 15 3 0 4 1 0 0 0 8 66 7 2 1 0 0 5 0 0 27 6 0 0 0 0 4 17 152 680 226 197 25 2 0 4 0 2 0 0 0 2 0 0 4 13 19 8 2 38 21 9 30 0 0 10 100 75 27 50 31 46 3 37 10 7 4 14 206 44 19 7 0 2 0 4 1 0 69 205 147 51 21 2 9 10 75 57 5 0 0 0 6 57 0 0 0 0 0 0 0 0 0 0 0 40 14 0 0 2 2 0 0 0 0 0 0 0 0 0 0 0 0 0 0 0 0 0 0 0
0 0 0 0 0 0 0 0 0 0 0 0 0 1 0 0 0 0 0 0 0 0 7 0 1 0 0 0 0 0 1 3 31 3 1 0 8 105 5 13 0 0 0 0 0 0 20 12 21 298 218 133 4 1 0 6 0 2 6 1 0 0 0 0 9 1 23 0 0 11 19 40 20 3 2 0 2 2 32 19 3 40 21 0 0 14 8 0 0 0 1 1 3 1 0 2 2 0 0 1 3 0 4 31 33 50 63 60 72 119 34 10 29 0 0 0 0 0 0 0 0 0 0 1 22 44 67 0 0 0 0 0 0 0 0 0 0 0 0 0 0 0 0 0 0 0 0 0 0 0
0 0 0 0 0 0 0 0 0 0 0 0 0 1 0 0 1 1 0 0 0 0 0 1 0 0 0 0 0 0 0 0 6 5 3 1 5 13 7 1 0 0 0 0 0 69 15 37 4 94 129 29 0 1 2 5 4 20 0 0 0 0 0 0 0 1 0 0 0 0 0 1 89 50 2 9 0 0 0 0 0 9 100 103 1 0 3 0 0 0 0 0 1 4 0 0 1 0 0 2 5 0 11 90 42 30 10 4 6 33 0 150 26 0 0 0 0 0 0 0 0 0 0 16 3 9 29 76 0 0 0 0 0 0 0 0 0 0 0 0 0 0 0 0 0 0 0 0 0 0
0 0 0 0 0 0 0 0 0 0 0 0 0 0 0 0 0 0 0 0 0 0 0 0 0 1 0 0 0 0 0 0 0 0 34 0 0 87 0 0 0 0 0 25 15 31 38 0 7 28 51 35 11 12 31 1 2 7 0 7 0 0 0 0 0 0 0 11 3 1 0 2 4 8 39 16 0 0 0 0 0 1 29 37 3 6 1 0 0 0 1 1 0 0 1 0 5 0 0 8 18 7 3 27 392 0 0 3 0 0 0 67 7 0 0 0 0 0 0 0 0 0 2 0 0 26 32 28 0 0 1 0 0 0 0 0 0 0 0 0 0 0 0 0 0 0 0 0 1 0
0 0 0 0 0 0 0 0 0 0 0 0 0 0 4 0 0 0 0 0 0 0 0 2 0 0 2 0 0 0 0 0 2 10 27 1 0 17 0 0 3 0 0 4 74 16 1 0 8 0 50 2 0 2 0 0 1 1 0 0 1 0 0 1 6 2 0 2 3 3 1 12 0 8 0 1 3 0 0 0 1 0 0 2 0 13 4 5 0 4 0 0 0 0 4 0 0 1 0 5 7 6 5 78 217 239 0 3 0 0 1 22 8 11 16 2 0 0 0 0 2 0 0 0 0 37 7 17 0 0 0 0 0 0 0 0 2 13 0 0 1 0 0 0 0 0 0 0 0 0
0 0 0 0 0 0 0 0 0 0 0 0 0 0 5 0 0 2 0 0 0 3 3 5 0 0 2 5 0 0 0 1 0 4 8 0 1 0 2 2 1 0 0 4 71 6 5 0 0 3 39 12 1 0 3 0 0 2 0 0 0 0 0 0 11 0 0 0 2 1 9 3 0 0 2 4 6 0 0 0 0 0 9 1 12 2 24 15 3 1 3 1 0 0 0 1 0 0 0 1 7 6 2 7 25 216 36 6 0 0 0 0 0 16 9 12 0 0 4 2 0 0 0 0 11 195 19 4 0 0 0 0 0 0 0 0 3 13 0 0 0 0 0 0 0 0 0 0 0 0
0 0 0 0 0 0 0 0 1 0 0 0 0 1 4 0 7 26 3 2 2 30 4 0 1 1 0 0 0 1 1 1 0 11 4 0 0 9 4 14 40 25 5 158 143 1 5 0 4 4 0 15 23 5 1 1 0 0 0 0 0 0 0 0 0 0 0 0 9 12 76 14 7 1 0 2 0 1 1 0 0 0 0 0 0 0 1 4 10 2 14 0 1 0 0 0 0 0 0 0 0 7 7 2 12 588 526 39 4 0 0 0 0 0 0 0 7 106 32 1 0 0 0 25 58 32 56 142 160 10 0 0 0 0 0 7 11 1 0 0 0 0 0 0 0 0 0 0 0 0
0 0 0 0 0 0 0 1 0 1 3 1 4 3 2 3 10 49 0 7 0 2 2 0 0 0 0 2 5 0 0 5 8 0 3 8 3 19 79 95 184 424 214 187 53 1 0 0 7 0 0 14 22 10 1 0 0 0 0 0 0 0 0 0 0 0 0 0 0 1 4 25 8 0 3 9 0 17 1 0 0 0 4 0 5 0 0 0 4 5 4 5 2 0 1 28 4 0 0 0 0 1 5 64 210 330 260 284 9 0 0 0 0 1 0 1 202 51 10 0 0 0 12 56 138 229 627 478 37 15 0 0 4 6 0 4 0 0 0 0 0 0 0 0 0 0 0 0 0 0
0 0 0 0 0 0 0 2 1 0 6 30 16 2 0 0 3 2 2 0 2 8 12 10 2 0 1 0 0 2 1 0 0 4 25 25 3 4 36 145 396 472 315 409 22 3 2 2 5 0 2 0 39 76 29 5 0 0 0 0 0 0 0 0 0 0 0 0 1 0 0 3 3 0 0 0 0 0 43 0 0 0 1 0 2 0 0 0 0 2 0 0 4 14 0 10 0 2 0 3 0 1 7 9 3 88 0 93 65 0 0 0 0 0 60 34 397 203 76 39 7 11 3 106 127 78 301 453 341 233 29 61 37 95 5 0 0 0 0 0 0 0 0 0 0 0 0 0 0 0
0 0 0 0 0 0 0 0 0 7 2 3 1 0 0 3 0 0 6 4 0 6 69 29 0 0 0 0 0 1 1 1 0 0 4 14 42 27 25 66 328 223 281 146 26 4 4 2 1 0 0 0 11 2 5 1 0 0 0 0 0 0 0 0 0 0 0 0 2 0 1 0 0 0 0 8 1 2 7 0 11 13 1 0 14 0 0 0 12 14 0 0 0 9 0 0 2 2 0 0 1 1 1 6 2 1 0 1 41 2 1 2 3 0 74 828 315 321 125 192 232 67 42 9 2 5 165 255 0 61 10 174 398 23 18 33 0 0 0 0 0 0 0 0 0 0 0 0 0 0
0 0 0 0 0 0 1 1 0 1 6 10 2 2 0 9 3 0 5 7 140 78 12 0 0 0 0 1 3 16 1 1 3 14 18 11 1 4 0 54 342 222 267 193 69 17 8 0 0 1 0 1 1 6 10 5 0 0 0 0 0 0 0 0 0 0 0 0 0 0 0 0 0 0 0 0 0 1 4 0 8 12 26 84 33 1 0 0 0 1 0 0 4 5 1 0 9 2 0 1 4 0 0 0 10 1 0 19 173 136 264 316 79 205 269 496 342 203 26 354 52 164 5 3 76 126 120 58 5 0 56 211 247 63 157 6 0 0 0 0 0 0 0 0 0 0 0 0 0 0
0 0 2 3 0 0 0 3 0 0 0 7 8 6 1 0 0 1 7 17 47 0 0 0 0 0 0 0 1 5 2 7 6 4 0 2 6 0 2 77 22 73 65 24 2 0 1 0 1 7 1 0 35 5 7 2 1 3 0 0 0 0 0 0 0 0 0 0 0 1 0 0 0 0 0 9 2 18 8 1 2 6 24 3 0 0 0 0 0 1 1 0 1 7 6 5 1 0 0 0 2 1 0 0 0 6 7 22 169 56 141 68 67 272 876 410 269 307 71 310 85 8 0 18 7 91 41 0 0 0 38 244 1 0 1 0 0 0 0 0 0 0 0 0 0 0 0 0 0 0
1 0 0 3 0 3 4 6 0 1 3 0 0 3 5 1 0 3 19 17 14 0 0 0 0 0 1 0 0 3 47 1 7 1 3 7 1 1 6 0 6 9 2 1 0 0 0 0 7 1 0 3 159 27 35 28 20 1 0 0 0 0 0 0 0 0 0 0 0 0 0 0 0 0 0 0 2 3 1 0 0 1 0 0 0 0 0 0 4 0 0 0 0 33 3 0 5 2 0 2 1 0 0 0 0 1 5 78 43 6 0 8 82 141 131 512 104 251 183 128 222 2 0 0 0 0 4 0 0 1 0 83 24 0 0 0 0 0 0 0 0 0 0 0 0 0 0 0 0 0
0 0 1 0 1 1 5 3 1 0 0 0 1 5 2 7 16 6 0 0 4 12 1 1 1 1 0 15 16 7 19 28 23 2 1 0 1 5 4 1 7 21 7 1 1 0 3 0 0 0 1 16 96 46 2 14 0 0 1 0 0 0 0 0 0 0 0 0 0 0 0 0 0 0 0 0 22 4 4 2 0 0 1 0 0 0 0 0 0 2 5 3 43 19 1 3 0 0 0 1 1 0 0 0 0 0 9 62 468 8 0 0 0 0 2 1 2 26 425 664 46 0 0 0 0 2 7 0 0 0 0 0 98 0 0 0 0 0 0 0 0 0 0 0 0 0 0 0 0 0
2 0 0 4 0 1 5 29 6 3 1 3 1 0 0 70 28 24 3 8 0 0 3 0 2 7 5 16 0 10 8 10 0 1 0 3 0 0 1 0 7 1 2 1 1 0 1 0 0 0 0 27 16 23 23 1 0 0 0 0 0 0 0 0 0 0 0 0 0 0 0 0 0 0 0 0 5 28 2 0 0 0 1 0 0 0 0 2 11 0 1 0 0 40 0 0 0 1 5 0 0 1 8 2 2 24 46 29 124 0 0 0 0 0 6 0 0 0 88 234 317 126 1 0 5 51 0 0 0 41 75 27 87 1 2 0 0 0 0 0 0 0 0 0 0 0 0 0 0 0
0 0 0 0 0 3 1 0 0 2 16 2 2 4 41 29 26 23 7 0 1 0 2 3 3 3 2 3 2 1 0 0 3 1 6 0 0 0 0 2 0 22 9 0 0 0 0 0 5 0 2 34 41 28 26 13 18 0 0 1 0 0 0 0 0 0 0 0 0 0 0 0 0 0 0 0 0 20 79 1 0 5 0 0 0 0 0 58 7 0 1 2 2 21 0 3 0 4 3 1 21 37 41 5 9 5 9 26 79 6 0 0 0 12 75 52 196 363 89 146 504 121 0 3 307 30 0 0 0 124 166 0 0 0 0 0 0 0 0 0 0 0 0 0 0 0 0 0 0 0
0 0 19 3 0 0 0 1 1 4 7 54 6 16 0 0 1 3 6 1 1 0 1 12 2 1 0 0 20 1 0 0 0 0 0 0 0 0 4 0 1 8 18 4 5 0 1 1 0 0 2 47 12 4 0 0 0 0 0 0 0 0 0 0 0 0 0 0 0 0 0 0 0 0 0 0 0 15 39 10 1 1 0 0 0 1 1 5 1 1 0 0 13 5 0 0 0 0 4 4 0 0 4 7 20 0 19 20 31 7 0 0 0 0 83 529 660 512 42 49 83 97 113 400 231 2 0 0 6 371 110 0 0 0 0 0 0 0 0 0 0 0 0 0 0 0 0 0 0 0
0 0 2 0 0 1 1 2 1 0 6 42 1 0 0 1 1 0 1 5 1 0 0 0 1 0 1 3 2 0 0 0 0 0 0 0 0 0 7 2 0 1 0 0 0 0 0 0 0 0 2 55 4 5 3 2 0 0 2 2 0 0 0 0 0 0 0 0 0 0 0 0 0 0 0 1 2 9 96 45 8 8 16 0 0 0 0 0 0 0 0 0 1 8 0 0 0 0 1 2 0 3 17 1 0 0 3 3 41 1 0 8 36 19 37 32 3 68 388 230 44 180 631 561 370 215 122 203 542 806 443 14 0 0 0 0 0 0 0 0 0 0 0 0 0 0 0 0 0 0
0 2 2 0 0 3 1 0 0 10 27 1 0 12 3 1 0 0 0 0 0 0 0 0 0 12 38 3 0 0 0 1 1 5 0 0 0 0 0 9 1 0 0 0 0 0 4 1 2 1 12 257 38 13 1 4 0 2 0 0 0 0 0 0 0 0 0 0 0 0 0 0 0 0 0 0 1 6 43 0 0 14 9 0 0 0 0 0 2 2 0 1 0 3 9 8 10 0 5 6 3 0 4 1 14 12 7 6 83 36 2 12 20 4 5 9 7 127 213 386 485 839 732 808 1407 846 667 690 957 762 409 1 0 0 0 0 0 0 0 0 0 0 0 0 0 0 0 0 0 0
0 0 0 0 1 3 0 1 8 1 0 1 1 0 0 16 0 0 0 1 0 0 0 0 7 4 6 2 5 0 0 0 0 0 2 2 0 0 1 0 0 0 2 0 1 2 0 0 5 19 493 359 25 60 2 0 7 1 2 1 0 15 0 0 0 0 0 0 0 0 0 0 0 0 0 0 1 0 2 1 0 0 0 0 0 0 0 0 46 1 0 0 89 0 0 1 0 0 6 5 13 4 17 7 17 18 41 34 1 8 5 3 2 3 16 14 6 50 425 1304 975 495 379 925 1867 906 118 623 449 10 74 46 0 0 0 0 0 0 0 0 0 0 0 0 0 0 0 0 0 0
0 0 0 2 0 0 1 0 4 3 3 1 1 0 2 0 2 1 1 0 0 0 0 0 8 3 0 2 0 0 3 25 16 0 2 0 0 0 1 0 0 0 0 0 0 0 0 0 1 10 386 380 460 472 20 21 3 0 2 2 0 0 0 0 0 0 0 0 0 0 0 0 0 0 0 0 0 0 0 17 0 0 0 0 0 0 0 37 48 0 0 16 10 0 0 0 0 0 0 7 2 0 11 15 15 87 374 16 4 0 1 4 0 3 3 14 16 7 153 453 454 451 352 2044 1668 841 401 191 11 458 634 641 0 0 0 0 0 0 0 0 0 0 0 0 0 0 0 0 0 0
0 3 0 8 0 2 7 8 5 4 8 26 0 0 0 0 0 0 0 0 0 0 0 0 0 0 2 0 0 0 0 4 4 3 0 1 0 0 0 0 0 0 0 0 0 2 0 0 0 45 86 259 493 341 88 50 0 0 2 3 1 0 1 0 0 0 0 0 0 0 0 0 0 0 2 0 0 0 0 11 0 1 2 0 0 0 0 195 67 0 1 14 66 0 0 0 0 0 0 2 4 32 28 150 30 6 4 14 0 0 0 0 3 1 0 2 3 6 12 62 252 242 454 778 1117 993 367 475 292 501 210 237 1 0 0 0 0 0 0 0 0 0 0 0 0 0 0 0 0 0
3 3 0 25 1 5 16 9 4 3 2 4 1 1 0 0 0 0 0 0 0 0 0 0 1 0 0 0 0 0 0 0 0 0 0 1 0 0 0 0 0 0 0 0 0 0 2 0 2 2 76 205 224 32 21 18 5 0 6 2 1 0 0 0 0 0 0 0 0 0 0 0 0 0 0 0 0 0 0 0 0 2 0 0 0 2 34 81 80 1 2 211 174 11 2 0 0 0 0 17 45 6 42 284 30 0 3 2 10 0 0 0 11 4 7 5 3 17 30 47 185 971 937 345 303 877 703 772 130 152 60 93 0 0 0 0 0 0 0 0 0 0 0 0 0 0 0 0 0 0
0 0 6 0 5 1 37 29 9 7 10 2 3 3 0 0 0 0 1 0 0 0 0 0 0 0 0 0 0 1 0 0 0 0 0 0 0 0 0 0 0 0 0 0 0 1 0 0 0 1 1 19 88 34 14 0 1 44 42 2 0 2 3 0 0 0 0 0 0 0 0 0 0 0 0 0 0 0 0 0 0 3 15 28 5 22 0 1 9 30 82 146 117 4 1 2 0 1 14 31 52 319 131 350 278 25 6 2 1 4 0 0 2 0 3 0 2 62 18 374 444 663 1781 1493 630 153 1110 1056 633 0 0 0 0 0 0 0 0 0 0 0 0 0 0 0 0 0 0 0 0 0
3 2 4 0 3 4 2 22 10 4 1 0 0 1 0 0 0 0 0 0 0 0 1 1 0 0 0 0 5 0 0 0 0 1 0 0 0 0 1 0 0 0 0 0 0 0 0 0 0 1 0 12 75 11 14 0 0 5 102 6 3 0 0 0 0 0 0 0 0 0 0 0 0 0 0 0 0 0 0 0 0 4 4 2 0 3 6 18 12 54 54 78 89 13 33 19 4 3 0 14 110 388 258 113 129 72 1 5 1 5 0 0 0 2 1 1 1 416 337 668 499 22 22 161 389 215 361 663 304 6 135 6 0 0 0 0 0 0 0 0 0 0 0 0 0 0 0 0 0 0
0 3 67 26 52 62 24 3 1 6 0 0 2 1 0 0 0 0 0 0 2 0 0 0 0 0 0 0 0 0 1 0 0 0 0 0 0 0 0 0 0 0 0 0 0 0 0 0 0 0 0 2 14 0 0 1 1 3 4 23 2 0 0 0 0 0 0 0 0 0 0 0 0 0 0 0 0 0 0 1 8 48 0 0 49 5 291 2 0 0 0 10 10 1 1 0 0 0 0 2 11 66 512 171 109 174 5 5 1 2 35 2 0 0 4 20 239 536 115 31 0 0 0 0 39 369 98 320 212 15 19 9 0 0 0 0 0 0 0 0 0 0 0 0 0 0 0 0 0 0
5 26 80 85 236 241 106 25 7 0 0 0 0 0 0 0 0 0 0 0 0 5 0 0 0 0 0 0 0 0 0 0 0 0 0 0 0 0 0 0 1 0 0 5 0 5 0 3 0 0 0 11 25 0 0 0 1 0 19 1 1 3 0 0 0 0 0 0 0 0 0 0 0 0 0 0 0 0 0 19 1 0 0 0 4 6 13 116 72 0 0 0 0 0 0 0 0 0 0 0 0 131 396 107 121 119 5 0 0 8 4 23 0 0 28 101 233 11 10 34 0 0 0 0 4 353 133 296 174 6 29 0 0 0 0 0 0 0 0 0 0 0 0 0 0 0 0 0 0 0
1 50 240 506 231 205 81 16 0 0 5 1 2 0 0 1 0 0 0 0 0 2 0 0 0 0 0 1 0 0 0 0 0 0 0 0 0 0 0 0 0 1 0 1 2 0 0 17 22 1 0 0 13 0 0 1 2 0 0 0 0 2 0 0 0 0 0 0 0 0 0 0 0 0 0 0 0 10 0 2 0 0 0 0 0 0 37 38 2 0 0 0 0 0 0 1 0 0 0 0 11 53 13 49 103 144 0 0 0 1 6 10 16 43 21 1 0 9 7 38 30 62 9 0 8 61 73 150 19 3 0 0 0 0 0 0 0 0 0 0 0 0 0 0 0 0 0 0 0 0
1 10 198 132 87 226 27 12 0 0 0 1 0 0 0 0 0 0 1 4 0 2 0 0 0 0 0 0 0 1 0 0 1 0 0 0 0 0 0 0 1 0 0 0 0 0 0 2 1 15 0 0 0 0 0 10 0 0 0 0 0 0 0 0 0 0 0 0 0 0 0 0 0 0 0 0 0 0 0 0 0 0 0 0 0 0 114 12 4 13 84 1 0 0 2 8 0 0 0 386 773 122 242 139 6 128 45 0 2 58 6 50 28 2 0 0 0 0 10 49 89 32 194 250 61 112 2 0 0 1 0 0 0 0 0 0 0 0 0 0 0 0 0 0 0 0 0 0 0 0
11 25 26 58 32 17 2 0 0 4 7 0 0 0 0 0 0 0 0 0 1 48 0 0 0 0 0 0 0 0 0 0 0 0 0 0 0 0 0 0 0 0 7 0 0 22 0 0 0 0 0 0 0 0 0 7 0 0 0 0 0 0 0 0 0 0 0 0 0 0 0 0 0 0 0 0 3 2 0 0 0 0 0 0 0 0 12 0 0 38 10 0 0 0 31 80 64 18 210 1185 396 670 147 31 4 36 233 277 0 7 62 0 0 0 0 0 1 0 39 38 109 16 29 34 10 32 16 10 45 28 14 0 0 0 0 0 0 0 0 0 0 0 0 0 0 1 0 0 0 0
52 15 14 3 0 0 0 1 0 0 0 0 0 0 0 0 0 0 0 0 0 4 1 1 0 0 0 0 0 0 2 0 1 1 1 0 0 0 0 0 0 0 0 0 0 2 11 1 1 0 1 0 1 1 48 14 1 0 0 0 0 0 0 0 0 0 0 0 0 0 0 0 0 0 11 7 0 0 0 0 0 0 0 0 0 0 19 2 0 0 132 12 5 17 81 384 111 3 89 180 105 4 7 16 3 4 0 240 445 121 0 0 0 0 0 0 0 0 1 1 21 0 1 1 37 57 42 52 187 85 22 0 0 0 0 0 0 0 0 0 0 0 0 0 0 0 0 0 0 0
9 1 6 1 0 1 0 0 0 0 0 0 0 0 0 0 0 0 0 0 1 0 0 0 0 0 0 0 0 0 1 33 0 0 0 0 0 0 0 0 0 0 0 0 0 1 0 0 0 0 0 0 11 1 22 1 0 0 0 0 0 0 0 0 0 0 0 0 0 0 0 0 0 0 9 13 0 0 0 0 0 0 0 0 0 0 87 62 143 53 102 31 15 17 1 47 19 4 0 1 2 4 4 0 1 3 118 236 279 74 0 0 0 0 1 0 0 2 1 0 4 5 0 11 16 119 84 131 57 124 54 0 0 0 0 0 0 0 0 0 0 0 0 0 0 0 0 0 0 0
5 1 0 1 0 0 0 0 0 0 0 0 0 0 0 0 0 0 0 0 0 0 0 0 0 0 0 0 6 0 0 0 0 0 0 0 0 0 0 0 0 0 0 0 0 3 0 0 0 0 0 1 1 35 7 1 0 0 0 0 0 0 0 0 0 0 0 0 0 0 0 14 2 2 0 0 0 0 0 0 0 0 0 0 0 0 1 1 79 8 0 0 0 9 0 21 3 1 4 0 1 3 0 4 0 246 745 333 156 86 0 0 0 0 0 0 0 0 29 7 0 33 0 8 0 7 77 40 11 11 2 18 0 0 0 0 0 0 0 0 0 0 0 0 0 0 0 1 0 0
0 0 0 0 2 0 0 0 0 0 0 0 0 0 0 0 0 0 0 0 0 0 0 4 0 0 1 0 0 0 1 0 0 0 0 0 0 0 0 0 0 0 0 0 0 2 0 0 0 0 6 2 0 52 4 0 1 0 0 0 0 0 0 0 0 0 0 0 0 0 1 2 3 0 0 0 0 0 0 0 0 0 0 0 0 0 5 0 0 1 0 0 4 7 5 0 0 0 15 0 2 4 2 1 38 152 97 21 33 111 0 0 0 0 0 0 0 0 3 5 0 4 2 34 78 29 175 39 47 24 3 0 0 0 0 0 0 0 0 0 0 0 0 0 0 0 0 0 0 0
0 0 0 0 1 31 1 0 0 0 0 0 0 0 0 0 0 1 0 0 0 0 0 0 0 0 2 0 1 0 0 0 1 0 0 0 0 0 0 0 0 0 0 0 0 0 0 0 0 0 3 0 0 1 5 0 12 3 0 0 0 0 0 0 0 0 0 0 1 2 0 0 0 0 0 0 0 0 0 0 0 0 0 0 0 0 0 0 0 0 0 26 95 10 1 0 1 0 2 7 6 15 6 13 68 25 0 2 3 4 7 0 0 0 0 0 0 0 0 0 2 3 4 14 0 0 0 173 7 0 1 0 0 0 0 0 0 0 0 0 0 0 0 0 0 0 0 0 0 0
0 0 0 0 51 19 1 0 0 0 0 0 0 0 1 0 0 0 1 0 0 0 0 0 0 0 0 2 5 0 1 0 0 0 0 0 0 0 0 1 0 0 0 0 0 2 0 0 0 1 6 0 0 3 1 0 5 2 0 0 0 0 0 0 0 0 0 0 4 0 0 0 1 0 0 0 0 0 0 0 0 0 0 0 0 0 0 0 35 49 93 257 94 25 4 1 1 0 0 12 34 390 275 48 9 15 1 0 0 6 2 0 0 0 0 0 0 0 0 0 0 0 0 0 0 1 77 75 0 0 0 0 0 0 0 0 0 0 0 0 0 0 0 0 0 0 0 0 0 0
0 0 0 0 0 1 0 0 0 0 0 0 3 0 0 0 0 0 1 0 0 0 0 0 0 0 0 0 0 0 0 0 0 0 0 2 0 0 0 0 0 0 0 0 5 2 0 0 0 1 0 1 0 5 1 0 0 1 0 0 0 0 0 0 0 0 0 0 11 0 0 0 0 0 0 0 0 0 0 0 0 0 0 0 0 10 0 0 20 65 130 124 95 18 5 2 5 2 0 64 141 114 97 8 0 8 0 0 0 0 2 0 2 0 0 0 0 0 0 0 1 45 40 0 0 12 7 0 0 0 0 0 0 0 0 0 0 0 0 0 0 0 0 0 0 0 0 0 0 0
0 0 0 0 0 2 0 0 0 0 0 0 14 3 0 1 0 0 0 0 0 0 0 0 0 0 1 0 1 6 0 0 1 0 0 2 0 0 0 0 0 0 0 0 0 7 5 0 0 0 1 0 0 10 5 0 0 0 0 0 0 0 0 0 0 0 1 9 95 0 0 0 0 0 0 0 0 0 0 0 0 0 0 0 2 8 20 1 0 4 0 1 24 3 28 1 0 3 9 10 85 0 2 3 0 10 0 1 0 69 10 29 0 0 0 0 0 0 0 0 0 0 0 0 0 0 0 2 0 0 0 0 0 0 0 0 0 0 0 0 0 0 0 0 0 0 0 0 0 0
0 0 0 0 1 0 0 0 0 0 0 0 0 0 2 0 0 0 0 0 0 0 0 0 0 0 1 0 0 1 0 0 0 0 0 0 0 0 0 0 0 0 0 0 0 0 0 9 0 0 0 0 0 2 1 10 3 0 0 0 0 0 0 0 0 0 3 21 5 0 0 0 0 0 0 0 0 0 0 0 0 0 0 0 18 0 1 0 1 11 3 1 8 3 10 5 11 32 21 16 24 13 4 0 4 0 0 32 50 95 95 205 32 5 0 0 0 0 0 0 0 0 0 0 0 0 0 0 0 0 0 0 0 0 0 0 0 0 0 0 0 0 0 0 0 0 0 0 0 0
0 0 0 0 1 2 0 1 0 0 0 0 0 0 0 0 0 0 0 0 0 0 0 0 0 0 0 0 1 0 0 0 0 0 0 0 0 0 1 0 0 0 0 0 0 0 0 1 11 0 0 0 0 1 0 44 45 2 0 0 0 0 0 0 0 8 38 63 0 0 0 0 0 0 0 0 0 0 0 0 0 0 0 3 42 0 1 1 7 102 1 7 8 0 0 5 46 91 5 1 0 0 5 16 1 0 14 1 40 65 256 45 166 36 6 0 0 0 0 0 0 0 0 0 0 0 0 0 0 0 0 0 0 0 0 0 0 0 0 0 0 0 0 0 0 0 0 0 0 0
0 0 0 0 0 0 0 0 0 0 0 0 0 0 0 0 2 0 0 0 0 0 0 0 0 0 0 0 0 0 0 0 0 0 1 0 0 0 0 1 0 0 0 0 0 3 1 3 66 2 0 0 0 0 18 1 4 17 17 7 0 4 1 13 2 0 0 1 0 0 0 0 0 0 0 0 0 0 0 0 0 0 0 0 0 0 0 7 2 1 0 0 0 0 9 141 7 0 0 0 0 0 0 0 7 54 285 637 371 65 27 0 52 19 0 0 0 0 0 0 0 0 0 0 0 0 0 0 0 0 0 0 0 0 0 0 0 0 0 0 0 0 0 0 0 0 0 0 0 0
0 0 2 0 4 20 2 8 1 0 0 0 0 0 0 0 0 0 0 0 0 0 0 0 0 0 0 0 0 0 1 0 0 0 0 0 0 0 8 0 0 0 0 2 3 2 13 4 9 1 0 0 1 2 5 1 0 0 0 2 0 0 0 2 1 0 0 0 1 22 2 3 0 0 0 0 0 0 0 0 0 0 0 0 0 0 0 1 0 1 3 8 0 0 80 11 3 0 0 0 0 1 0 8 42 79 80 225 152 185 111 90 108 0 0 0 0 0 0 1 0 0 0 0 0 0 0 0 0 0 0 0 0 0 0 0 0 0 0 0 0 0 0 0 0 0 0 0 0 0
0 0 0 0 20 36 0 0 1 0 0 0 0 0 0 0 1 0 0 0 0 0 0 0 0 0 0 0 0 0 0 0 2 0 0 0 0 0 0 0 0 0 1 1 12 0 2 1 1 0 1 0 1 0 0 0 0 2 0 3 0 0 0 0 1 1 0 0 2 0 0 0 0 0 0 0 0 0 0 0 0 0 0 0 0 0 0 0 0 0 0 0 9 28 0 32 146 0 0 0 0 0 0 47 149 258 1 1 7 27 0 7 2 0 0 0 0 0 0 0 0 0 0 0 0 0 0 0 0 0 0 0 0 0 0 0 0 0 0 0 0 0 0 0 0 0 0 0 0 0
0 0 0 0 0 1 0 0 6 0 0 0 0 0 0 0 0 0 0 0 0 0 0 0 0 0 0 0 0 0 0 0 0 0 0 0 0 0 0 0 0 1 0 2 0 0 1 0 2 1 0 0 0 1 0 1 0 0 1 0 1 0 0 0 0 0 0 0 0 0 1 0 0 0 0 0 0 0 0 0 0 0 0 0 0 0 0 0 0 0 0 12 51 13 20 141 250 0 0 0 0 0 0 4 13 0 0 0 0 1 30 54 1 0 0 0 0 0 0 0 0 0 0 0 0 0 0 0 0 0 0 0 0 0 0 0 0 0 0 0 0 0 3 9 4 0 0 0 0 0
0 0 0 0 0 0 0 0 0 1 0 0 0 0 0 0 0 0 0 0 0 0 0 0 0 0 0 0 0 0 0 2 0 0 0 0 0 0 0 0 0 0 0 1 0 0 0 0 0 0 4 3 0 0 0 0 0 0 3 0 1 0 0 0 0 0 0 0 0 0 0 0 0 0 0 0 1 0 0 0 0 0 0 0 0 0 0 0 33 0 0 21 173 118 26 0 0 0 0 0 0 0 1 3 3 0 0 1 0 61 74 2 0 0 0 0 0 0 0 0 0 0 0 0 0 0 0 0 0 0 0 0 0 0 0 0 0 0 0 0 0 0 0 0 0 0 0 0 0 0
0 1 0 0 0 0 0 0 0 1 0 0 0 0 0 0 0 0 0 0 0 0 0 0 0 0 0 0 0 0 0 0 0 0 0 0 0 0 0 0 0 0 5 0 0 0 0 0 0 0 4 1 11 0 0 0 0 0 0 2 0 0 0 0 0 0 0 0 0 0 0 0 0 0 0 0 0 0 0 0 0 0 0 0 0 0 0 0 0 1 9 55 330 0 0 6 0 0 0 0 0 0 0 0 2 0 0 3 21 76 23 0 0 0 0 0 0 0 0 0 0 0 0 0 0 0 0 0 0 0 0 0 0 0 0 0 0 0 0 0 0 0 0 0 0 0 0 0 0 0
0 0 0 0 0 0 0 0 0 0 0 0 0 0 0 0 0 0 0 0 0 0 0 0 0 0 0 0 0 0 0 0 0 0 0 0 5 0 0 0 0 0 1 0 0 0 0 0 0 0 0 5 0 0 0 0 0 0 0 9 4 1 0 0 0 0 0 0 0 0 2 43 7 0 0 0 0 0 0 0 0 0 0 0 0 0 0 0 0 0 13 17 7 6 4 2 0 0 0 0 0 0 0 0 0 0 0 0 0 0 0 0 0 0 0 0 0 0 0 0 0 0 0 0 0 0 0 0 0 0 0 0 0 0 0 0 0 0 0 0 0 0 0 0 0 0 0 0 0 0
0 0 0 0 0 0 0 0 0 0 0 0 0 0 0 0 0 0 0 0 0 1 1 40 0 0 0 0 0 0 0 0 0 0 0 0 2 1 0 0 0 2 0 0 0 0 0 0 0 0 0 40 1 0 1 0 0 1 0 0 0 5 11 0 0 0 0 0 0 0 0 2 7 0 2 0 0 0 0 0 0 0 0 0 0 0 0 0 0 2 0 36 19 15 8 2 0 0 0 0 0 0 0 0 0 0 0 0 0 0 0 0 0 0 0 0 0 0 0 0 0 0 0 0 0 0 0 0 0 0 0 0 0 0 0 0 0 0 0 0 0 0 0 0 0 0 0 0 0 0
0 0 0 0 0 0 0 0 0 0 0 1 0 0 0 0 0 0 0 0 0 1 1 1 0 0 0 0 1 0 0 0 0 0 0 0 0 2 1 0 0 0 0 0 0 0 0 0 0 0 0 21 19 2 0 0 11 0 1 0 2 16 51 0 0 0 0 0 0 0 0 0 1 0 1 0 0 0 0 0 0 0 0 0 0 0 0 0 0 0 5 25 1 11 26 4 0 0 2 0 0 0 0 0 0 0 0 0 0 0 0 0 0 0 0 0 0 0 0 0 0 0 0 0 0 0 0 0 0 0 0 0 0 0 0 0 0 0 0 0 0 0 0 0 0 0 0 0 0 0
1 0 0 0 0 0 0 0 0 0 0 0 1 0 0 0 0 0 0 0 0 0 0 0 0 0 0 0 2 0 0 0 0 0 0 0 0 0 0 4 0 0 0 0 0 0 0 0 1 0 10 24 87 17 10 0 1 0 0 0 0 5 0 0 0 0 0 0 0 0 0 0 0 1 0 0 0 0 0 0 0 0 0 0 0 0 0 0 0 0 2 2 17 15 5 0 0 0 0 0 0 0 0 0 0 0 0 0 0 0 0 0 0 0 0 0 0 0 0 0 0 0 0 0 0 0 0 0 0 0 0 0 0 0 0 0 0 0 0 0 0 0 0 0 0 0 0 0 0 0
0 0 0 0 0 0 0 0 0 0 0 0 8 0 0 1 0 3 1 0 0 1 0 0 0 1 1 0 0 0 0 0 0 0 0 0 0 0 0 0 0 0 0 0 0 0 0 0 0 0 0 7 62 1 23 1 0 0 0 0 0 0 1 0 0 0 0 0 0 0 0 0 0 0 0 0 0 0 0 0 0 0 0 0 0 0 0 0 0 0 0 0 1 1 12 1 10 0 0 2 0 0 0 0 0 0 0 0 0 0 0 0 0 0 0 0 0 0 0 0 0 0 0 0 0 0 0 0 0 0 0 0 0 0 0 0 0 0 0 0 0 0 0 0 0 0 0 0 0 0
0 0 0 0 0 0 0 0 0 1 1 0 0 0 0 1 0 0 0 0 0 0 0 3 0 6 0 0 0 0 0 0 0 0 0 0 0 1 0 0 0 0 0 0 0 0 0 0 0 0 0 1 6 0 0 0 0 0 1 1 6 3 0 0 0 0 0 0 0 0 0 0 0 0 0 0 0 0 0 0 0 0 0 0 0 0 0 0 0 0 0 1 0 1 0 1 4 0 1 0 0 0 0 0 0 0 0 0 0 0 0 0 0 0 0 0 0 0 0 0 0 0 0 0 0 0 0 0 0 0 0 0 0 0 0 0 0 0 0 0 0 0 0 0 0 0 0 0 0 0
2 0 0 0 0 0 0 0 0 0 0 0 0 0 0 0 0 0 0 0 0 1 0 0 0 3 0 0 0 0 0 0 0 0 2 0 0 0 0 0 1 0 0 0 0 0 2 45 0 0 0 0 0 0 0 0 0 0 0 8 6 0 0 0 0 0 0 0 0 0 0 0 0 0 0 0 0 0 0 0 0 0 0 0 0 0 0 0 0 0 0 0 0 1 1 2 4 16 0 0 1 0 0 0 0 0 0 0 0 0 0 0 0 0 0 0 0 0 0 0 0 0 0 0 0 0 0 0 0 0 0 0 0 0 0 0 0 0 0 0 0 0 0 2 2 5 0 0 0 0
1 0 0 0 0 0 0 0 0 0 0 1 0 0 0 0 0 0 0 2 1 0 0 0 0 0 0 0 0 0 0 0 0 1 0 0 0 0 0 0 0 0 0 0 0 0 3 0 0 0 0 0 0 0 0 0 0 0 0 0 1 1 0 0 0 0 0 0 0 0 0 4 1 0 0 0 0 0 0 0 0 0 0 0 0 0 0 0 0 0 0 0 0 0 1 2 5 1 0 0 2 0 0 0 0 0 0 0 0 0 0 0 0 0 0 0 0 0 0 0 0 0 0 0 0 0 0 0 0 0 0 0 0 0 0 0 0 0 0 0 0 0 0 0 0 0 0 0 0 0
0 0 0 0 0 0 0 0 0 0 0 0 2 0 0 0 0 0 1 0 2 0 0 0 0 0 0 0 0 0 0 0 0 0 0 0 0 0 0 0 0 0 0 0 0 0 0 0 0 0 0 0 0 0 0 0 0 0 0 0 2 0 0 0 0 0 0 0 0 0 2 6 0 0 0 0 0 0 0 0 0 0 0 0 0 0 0 0 0 0 0 0 0 0 11 0 0 0 0 1 0 2 0 0 0 0 0 0 0 0 0 0 0 0 0 0 0 0 0 0 0 0 0 0 0 0 0 0 0 0 0 0 0 0 0 0 0 0 0 0 0 0 0 0 0 0 0 0 0 0
0 0 0 0 0 0 0 0 0 0 1 1 2 0 0 6 1 0 0 0 0 0 0 0 0 0 0 0 0 0 0 0 0 0 0 0 0 0 0 0 0 0 0 0 0 0 0 0 0 0 0 0 0 0 0 0 0 0 0 1 2 0 0 0 0 0 0 0 0 0 2 0 0 0 0 0 0 0 0 0 0 0 0 0 0 0 0 0 0 0 0 0 0 0 6 2 1 0 0 0 0 0 0 0 0 0 0 0 0 0 0 0 0 0 0 0 0 0 0 0 0 0 0 0 0 0 0 0 0 0 0 0 0 0 0 0 0 0 0 0 0 0 0 0 0 0 0 0 0 0
0 0 0 0 0 0 0 0 0 0 0 0 4 0 0 9 1 2 0 0 0 0 0 0 0 0 0 0 0 0 0 0 0 0 0 0 0 0 0 0 0 0 0 5 1 0 0 0 0 0 0 0 0 0 0 0 0 0 0 3 3 0 0 0 0 0 0 0 19 0 0 0 0 0 0 0 0 0 0 0 0 0 0 0 0 0 0 0 0 0 0 0 0 0 0 0 3 2 0 2 0 0 0 0 0 0 0 0 0 0 0 0 0 0 0 0 0 0 0 0 0 0 0 0 0 0 0 0 0 0 0 0 0 0 0 0 0 0 0 0 0 0 0 0 0 0 0 0 0 0
0 0 0 0 0 0 0 1 1 1 0 0 2 4 0 0 0 4 1 0 0 0 0 0 0 0 0 0 0 0 0 0 0 0 0 0 1 0 3 0 0 0 2 0 0 0 0 0 0 0 0 0 0 0 0 0 0 0 0 0 7 7 0 0 0 0 0 3 74 27 2 0 0 0 0 0 0 0 0 0 0 0 0 0 0 0 0 0 0 0 0 0 0 0 0 0 0 0 10 0 0 0 0 0 0 0 0 0 0 0 0 0 0 0 0 0 0 0 0 0 0 0 0 0 0 0 0 0 0 0 0 0 0 0 0 0 0 0 0 0 0 0 0 0 0 0 0 0 0 0
2 1 0 0 0 0 0 0 0 0 0 0 39 3 0 1 3 0 1 5 0 0 0 17 0 0 0 0 0 0 2 0 0 0 0 0 2 4 4 4 0 0 3 0 0 0 0 0 0 0 0 0 0 0 0 0 0 0 0 0 0 0 4 0 50 34 10 0 0 0 0 0 0 0 0 0 0 0 0 0 0 0 0 0 0 0 0 0 0 0 0 0 0 0 0 0 0 0 0 0 0 0 0 0 0 0 0 0 0 0 0 0 0 0 0 0 0 0 0 0 0 0 0 0 0 0 0 0 0 0 0 0 0 0 0 0 0 0 0 0 0 0 0 0 0 0 0 0 0 0
1 37 0 1 0 0 0 0 0 0 0 1 0 0 0 0 0 1 0 1 4 52 30 2 8 0 0 0 0 0 1 0 0 0 0 7 20 0 0 1 0 1 0 0 0 0 0 0 0 0 0 0 0 0 0 0 0 0 0 0 0 0 0 0 7 2 0 0 0 0 0 0 0 0 0 0 0 0 0 0 0 0 0 0 0 0 0 0 0 0 0 0 0 0 0 0 0 0 0 0 0 0 0 0 0 0 0 0 0 0 0 0 0 0 0 0 0 0 0 0 0 0 0 0 0 0 0 0 0 0 0 0 0 0 0 0 0 0 0 0 0 0 0 0 0 0 0 0 0 0
15 8 0 0 0 0 0 0 0 0 0 0 2 0 0 0 3 0 0 6 1 104 26 5 2 1 0 0 1 8 2 0 0 0 0 0 0 0 0 0 1 2 0 0 0 0 0 0 0 0 0 0 0 0 0 0 0 0 0 0 0 0 0 0 1 0 0 0 0 0 0 0 0 0 0 0 0 0 0 0 0 0 0 0 0 0 0 0 0 0 0 0 0 0 0 0 0 0 0 0 0 0 0 0 0 0 0 0 0 0 0 0 0 0 0 0 0 0 0 0 0 0 0 0 0 0 0 0 0 0 0 0 0 0 0 0 0 0 0 0 0 0 0 0 0 0 0 0 0 0
0 0 0 0 0 0 0 0 0 0 0 0 1 1 0 0 0 0 0 0 0 5 3 1 0 1 4 2 1 0 0 0 0 0 2 0 1 0 0 0 0 0 0 0 0 0 0 0 0 0 0 0 0 0 0 0 0 0 0 0 0 0 0 0 0 0 0 0 0 0 0 0 0 0 0 0 0 0 0 0 0 0 0 0 0 0 0 0 0 0 0 0 0 0 0 0 0 0 0 0 0 0 0 0 0 0 0 0 0 0 0 0 0 0 0 0 0 0 0 0 0 0 0 0 0 0 0 0 0 0 0 0 0 0 0 0 0 0 0 0 0 0 0 0 0 0 0 0 0 0
0 0 0 0 0 0 0 0 0 0 0 0 0 1 0 0 0 0 0 1 0 0 0 0 2 3 3 6 14 0 0 0 0 31 3 0 0 0 0 0 0 0 0 0 0 0 0 0 0 0 0 0 0 0 0 0 0 0 0 0 0 0 0 0 0 0 0 0 0 0 0 0 0 0 0 0 0 0 0 0 0 0 0 0 0 0 0 0 0 0 0 0 0 0 0 0 0 0 0 0 0 0 0 0 0 0 0 0 0 0 0 0 0 0 0 0 0 0 0 0 0 0 0 0 0 0 0 0 0 0 0 0 0 0 0 0 0 0 0 0 0 0 0 0 0 0 0 0 0 0
0 0 0 0 0 0 0 0 0 0 0 0 0 0 0 0 0 0 0 0 0 0 0 0 0 0 0 0 87 29 3 1 0 15 0 1 0 0 0 0 0 0 0 0 0 0 0 0 0 0 0 0 0 0 0 0 0 0 0 0 0 0 0 0 0 0 0 0 0 0 0 0 0 0 0 0 0 0 0 0 0 0 0 0 0 0 0 0 0 0 0 0 0 0 0 0 0 0 0 0 0 0 0 0 0 0 0 0 0 0 0 0 0 0 0 0 0 0 0 0 0 0 0 0 0 0 0 0 0 0 0 0 0 0 0 0 0 0 0 0 0 0 0 0 0 0 0 0 0 0
0 0 0 0 0 0 0 0 0 0 0 0 0 0 0 0 0 0 0 0 0 0 0 0 0 1 0 1 0 0 0 0 0 0 0 2 1 0 0 0 0 0 0 0 0 0 0 0 0 0 0 0 0 0 0 0 0 0 0 0 0 0 0 0 0 0 0 0 0 0 0 0 0 0 0 0 0 0 0 0 0 0 0 0 0 0 0 0 0 0 0 0 0 0 0 0 0 0 0 0 0 0 0 0 0 0 0 0 0 0 0 0 0 0 0 0 0 0 0 0 0 0 0 0 0 0 0 0 0 0 0 0 0 0 0 0 0 0 0 0 0 0 0 0 0 0 0 0 0 0
0 0 0 0 0 0 0 0 0 0 0 0 0 0 0 0 0 0 0 0 0 0 1 0 4 0 6 0 0 0 6 6 2 1 0 2 3 0 0 0 0 0 0 0 0 0 0 0 0 0 0 0 0 0 0 0 0 0 0 0 0 0 0 0 0 0 0 0 0 0 0 0 0 0 0 0 0 0 0 0 0 0 0 0 0 0 0 0 0 0 0 0 0 0 0 0 0 0 0 0 0 0 0 0 0 0 0 0 0 0 0 0 0 0 0 0 0 0 0 0 0 0 0 0 0 0 0 0 0 0 0 0 0 0 0 0 0 0 0 0 0 0 0 0 0 0 0 0 0 0
0 0 0 0 0 0 0 0 0 0 0 0 0 0 0 0 0 0 0 0 0 0 0 0 0 0 1 0 0 0 0 0 3 0 3 0 0 0 0 0 0 1 0 0 0 0 0 0 0 0 0 0 0 0 0 0 0 0 0 0 0 0 0 0 0 0 0 0 0 0 0 0 0 0 0 0 0 0 0 0 0 0 0 0 0 0 0 0 0 0 0 0 0 0 0 0 0 0 0 0 0 0 0 0 0 0 0 0 0 0 0 0 0 0 0 0 0 0 0 0 0 0 0 0 0 0 0 0 0 0 0 0 0 0 0 0 0 0 0 0 0 0 0 0 0 0 0 0 0 0
1 0 0 0 0 0 0 0 0 0 1 0 1 1 0 0 0 0 0 0 0 0 0 0 0 0 0 5 0 1 14 0 0 0 0 0 0 0 0 0 0 0 0 0 0 0 0 0 0 0 0 0 0 0 0 0 0 0 0 0 0 0 0 0 0 0 0 0 0 0 0 0 0 0 0 0 0 0 0 0 0 0 0 0 0 0 0 0 0 0 0 0 0 0 0 0 0 0 0 0 0 0 0 0 0 0 0 0 0 0 0 0 0 0 0 0 0 0 0 0 0 0 0 0 0 0 0 0 0 0 0 0 0 0 0 0 0 0 0 0 0 0 0 0 0 0 0 0 0 0
0 0 0 0 0 0 0 0 0 0 0 0 0 0 0 0 0 0 0 0 0 0 0 0 0 0 0 2 1 0 0 0 0 2 0 0 0 0 0 0 0 0 0 0 0 0 0 0 0 0 0 0 0 0 0 0 0 0 0 0 0 0 0 0 0 0 0 0 0 0 0 0 0 0 0 1 0 0 0 0 0 0 0 0 0 0 0 0 0 0 0 0 0 0 0 0 0 0 0 0 0 0 0 0 0 0 0 0 0 0 0 0 0 0 0 0 0 0 0 0 0 0 0 0 0 0 0 0 0 0 0 0 0 0 0 0 0 0 0 0 0 0 0 0 0 0 0 0 0 0
0 0 0 0 0 0 0 0 0 0 0 0 0 1 0 0 0 0 0 0 0 0 0 0 0 0 0 0 0 0 0 0 1 0 0 0 0 0 0 0 0 0 0 0 0 0 0 0 0 0 0 0 0 0 0 0 0 0 0 0 0 0 0 0 0 0 0 0 0 0 0 0 0 0 0 0 0 0 0 0 0 0 0 0 0 0 0 0 0 0 0 0 0 0 0 0 0 0 0 0 0 0 0 0 0 0 0 0 0 0 0 0 0 0 0 0 0 0 0 0 0 0 0 0 0 0 0 0 0 0 0 0 0 0 0 0 0 0 0 0 0 0 0 0 0 0 0 0 0 0
0 0 0 0 0 0 0 0 0 1 1 0 0 0 0 0 0 0 0 0 0 0 0 0 0 0 0 0 0 0 0 0 0 0 0 0 0 0 0 0 0 0 0 0 0 0 0 0 0 0 0 0 0 0 0 0 0 0 0 0 0 0 0 0 0 0 0 0 0 0 0 0 0 0 0 0 0 0 0 0 0 0 0 0 0 0 0 0 0 0 0 0 0 0 0 0 0 0 0 0 0 0 0 0 0 0 0 0 0 0 0 0 0 0 0 0 0 0 0 0 0 0 0 0 0 0 0 0 0 0 0 0 0 0 0 0 0 0 0 0 0 0 0 0 0 0 0 0 0 0
0 0 0 0 0 0 0 0 0 0 0 0 0 0 0 0 0 0 0 0 0 0 0 0 0 0 0 0 0 0 0 0 0 0 0 0 0 0 0 0 0 0 0 0 0 0 0 0 0 0 0 0 0 0 0 0 0 0 0 0 0 0 0 0 0 0 0 0 0 0 0 0 0 0 0 0 0 0 0 0 0 0 0 0 0 0 0 0 0 0 0 0 0 0 0 0 0 0 0 0 0 0 0 0 0 0 0 0 0 0 0 0 0 0 0 0 0 0 0 0 0 0 0 0 0 0 0 0 0 0 0 0 0 0 0 0 0 0 0 0 0 0 0 0 0 0 0 0 0 0
0 0 0 1 0 0 0 0 5 10 0 0 0 0 0 0 0 0 0 0 0 0 0 0 0 0 0 0 0 0 0 0 0 0 0 0 0 0 0 0 0 0 0 0 0 0 0 0 0 0 0 0 0 0 0 0 0 0 0 0 0 0 0 0 0 0 0 0 0 0 0 0 0 0 0 0 0 0 0 0 0 0 0 0 0 0 0 0 0 0 0 0 0 0 0 0 0 0 0 0 0 0 0 0 0 0 0 0 0 0 0 0 0 0 0 0 0 0 0 0 0 0 0 0 0 0 0 0 0 0 0 0 0 0 0 0 0 0 0 0 0 0 0 0 0 0 0 0 0 0
0 0 0 0 0 4 4 3 15 0 0 0 0 0 0 0 0 0 0 0 0 0 0 0 0 0 0 0 0 0 0 0 0 0 0 0 0 0 0 0 0 0 0 0 0 0 0 0 0 8 30 0 0 0 0 0 0 0 0 0 0 0 0 0 0 0 0 0 0 0 0 0 0 0 0 0 0 0 0 0 0 0 0 0 0 0 0 0 0 0 0 0 0 0 0 0 0 0 0 0 0 0 0 0 0 0 0 0 0 0 0 0 0 0 0 0 0 0 0 0 0 0 0 0 0 0 0 0 0 0 0 0 0 0 0 0 0 0 0 0 0 0 0 0 0 0 0 0 0 0
1 0 0 0 0 0 10 6 0 0 0 0 0 0 0 0 0 0 0 0 0 0 0 0 0 0 0 0 0 0 0 0 0 0 0 0 0 0 0 0 0 0 0 0 0 0 0 0 0 0 0 0 1 0 0 0 0 0 0 0 0 0 0 0 0 0 0 0 0 0 0 0 0 0 0 0 0 0 0 0 0 0 0 0 0 0 0 0 0 0 0 0 0 0 0 0 0 0 0 0 0 0 0 0 0 0 0 0 0 0 0 0 0 0 0 0 0 0 0 0 0 0 0 0 0 0 0 0 0 0 0 0 0 0 0 0 0 0 0 0 0 0 0 0 0 0 0 0 0 0
0 0 0 0 0 0 0 0 0 0 0 0 0 0 0 0 0 0 0 0 0 0 0 0 0 0 0 0 0 0 0 0 0 0 0 0 0 0 0 0 0 0 0 0 1 0 0 0 0 0 0 0 2 12 0 0 0 0 0 0 0 0 0 0 0 0 0 0 0 0 0 0 0 0 0 0 0 0 0 0 0 0 0 0 0 0 0 0 0 0 0 0 0 0 0 0 0 0 0 0 0 0 0 0 0 0 0 0 0 0 0 0 0 0 0 0 0 0 0 0 0 0 0 0 0 0 0 0 0 0 0 0 0 0 0 0 0 0 0 0 0 0 0 0 0 0 0 0 0 0
0 0 0 0 0 0 0 0 0 0 0 0 0 0 0 0 0 0 0 0 0 0 0 0 0 0 0 0 0 0 0 0 0 0 0 0 0 0 0 0 0 0 0 0 0 0 0 0 0 0 0 0 0 0 0 0 0 0 0 0 0 0 0 0 0 0 0 0 0 0 0 0 0 0 0 0 0 0 0 0 0 0 0 0 0 0 0 0 0 0 0 0 0 0 0 0 0 0 0 0 0 0 0 0 0 0 0 0 0 0 0 0 0 0 0 0 0 0 0 0 0 0 0 0 0 0 0 0 0 0 0 0 0 0 0 0 0 0 0 0 0 0 0 0 0 0 0 0 0 0
0 0 0 0 0 0 0 0 0 0 0 0 0 0 0 0 0 0 0 0 0 0 0 0 0 0 0 0 0 0 0 0 0 0 0 0 0 0 0 0 0 0 0 0 0 0 0 0 0 0 0 0 0 0 0 0 0 0 0 0 0 0 0 0 0 0 0 0 0 0 0 0 0 0 0 0 0 0 0 0 0 0 0 0 0 0 0 0 0 0 0 0 0 0 0 0 0 0 0 0 0 0 0 0 0 0 0 0 0 0 0 0 0 0 0 0 0 0 0 0 0 0 0 0 0 0 0 0 0 0 0 0 0 0 0 0 0 0 0 0 0 0 0 0 0 0 0 0 0 0
0 0 0 0 0 0 0 0 0 0 0 0 0 0 0 0 0 0 0 0 0 0 0 0 0 0 0 0 0 0 0 0 0 0 0 0 0 0 0 0 0 0 0 0 0 0 0 0 0 0 0 0 3 0 0 0 0 0 0 0 0 0 0 0 0 0 0 0 0 0 0 0 0 0 0 0 0 0 0 0 0 0 0 0 0 0 0 0 0 0 0 0 0 0 0 0 0 0 0 0 0 0 0 0 0 0 0 0 0 0 0 0 0 0 0 0 0 0 0 0 0 0 0 0 0 0 0 0 0 0 0 0 0 0 0 0 0 0 0 0 0 0 0 0 0 0 0 0 0 0
0 0 0 0 0 0 0 0 0 0 0 0 0 0 0 0 0 0 0 0 0 0 0 0 0 0 0 0 0 0 4 1 0 0 0 0 0 0 0 0 0 0 0 0 0 0 0 0 0 0 0 0 0 2 0 0 0 0 0 0 0 0 0 0 0 0 0 0 0 0 0 0 0 0 0 0 0 0 0 0 0 0 0 0 0 0 0 0 0 0 0 0 0 0 0 0 0 0 0 0 0 0 0 0 0 0 0 0 0 0 0 0 0 0 0 0 0 0 0 0 0 0 0 0 0 0 0 0 0 0 0 0 0 0 0 0 0 0 0 0 1 0 0 0 0 0 0 0 0 0
0 0 0 0 0 0 0 0 0 0 0 0 0 0 0 0 0 0 0 0 0 0 0 0 0 0 0 0 0 1 4 4 0 0 0 0 0 0 0 0 0 0 0 0 0 0 0 0 0 0 0 0 0 0 0 0 0 0 0 0 0 0 0 0 0 0 0 0 0 0 0 0 0 0 0 0 0 0 0 0 0 0 0 0 0 0 0 0 0 0 0 0 0 0 0 0 0 0 0 0 0 0 0 0 0 0 0 0 0 0 0 0 0 0 0 0 0 0 0 0 0 0 0 0 0 0 0 0 0 0 0 0 0 0 0 0 0 0 0 0 0 0 0 0 0 0 0 0 0 0
0 0 0 0 0 0 0 0 0 0 0 0 0 0 0 0 0 0 0 0 0 0 0 0 0 0 0 0 0 0 1 2 0 0 0 0 0 0 0 0 0 0 0 0 0 0 0 0 1 0 0 0 0 0 0 0 0 0 0 0 0 0 0 0 0 0 0 0 0 0 0 0 0 0 0 0 0 0 0 0 0 0 0 0 0 0 0 0 0 0 0 0 0 0 0 0 0 0 0 0 0 0 0 0 0 0 0 0 0 0 0 0 0 0 0 0 0 0 0 0 0 0 0 0 0 0 0 0 0 0 0 0 0 0 0 0 0 0 0 0 0 0 0 0 0 0 0 0 0 0
0 0 0 0 0 0 0 0 0 0 0 0 0 0 0 0 0 0 0 0 0 0 0 0 0 0 0 0 0 3 0 0 0 0 0 0 0 0 0 0 0 0 0 0 0 0 0 0 0 0 0 0 0 0 0 0 0 0 0 0 0 0 0 0 0 0 0 0 0 0 0 0 0 0 0 0 0 0 0 0 0 0 0 0 0 0 0 0 0 0 0 0 0 0 0 0 0 0 0 0 0 0 0 0 0 0 0 0 0 0 0 0 0 0 0 0 0 0 0 0 0 0 0 0 0 0 0 0 0 0 0 0 0 0 0 0 0 0 0 0 0 0 0 0 0 0 9 0 0 0
0 0 0 0 0 0 0 0 0 0 0 0 0 0 0 0 0 0 0 0 0 0 0 0 0 0 0 0 0 50 16 0 0 0 0 0 0 0 0 0 0 0 0 0 0 0 0 0 0 0 1 0 0 0 0 0 0 0 0 0 0 0 0 0 0 0 0 0 0 0 0 0 0 0 0 0 0 0 0 0 0 0 0 0 0 0 0 0 0 0 0 0 0 0 0 0 0 0 0 0 0 0 0 0 0 0 0 0 0 0 0 0 0 0 0 0 0 0 0 0 0 0 0 0 0 0 0 0 0 0 0 0 0 0 0 0 0 0 0 0 0 0 0 0 0 0 0 0 0 0
0 0 0 0 0 0 0 0 0 0 0 0 0 0 0 0 0 0 0 0 0 0 0 0 0 0 1 0 0 0 0 0 0 0 0 0 0 0 0 0 0 0 0 0 0 0 0 0 0 25 0 0 0 0 0 0 0 0 0 0 0 0 0 0 0 0 0 0 0 0 0 0 0 0 0 0 0 0 0 0 0 0 0 0 0 0 0 0 0 0 0 0 0 0 0 0 0 0 0 0 0 0 0 0 0 0 0 0 0 0 0 0 0 0 0 0 0 0 0 0 0 0 0 0 0 0 0 0 0 0 0 0 0 0 0 0 0 0 0 0 0 0 0 0 0 0 0 0 0 0
0 0 0 0 0 0 0 0 0 0 0 0 0 0 0 0 0 0 0 0 0 0 0 0 0 0 6 0 0 0 0 0 0 0 0 0 0 0 0 0 0 0 0 0 0 0 0 0 3 0 0 0 0 0 0 0 0 0 0 0 0 0 0 0 0 0 0 0 0 0 0 0 0 0 0 0 0 0 0 0 0 0 0 0 0 0 0 0 0 0 0 0 0 0 0 0 0 0 0 0 0 0 0 0 0 0 0 0 0 0 0 0 0 0 0 0 0 0 0 0 0 0 0 0 0 0 0 0 0 0 0 0 0 0 0 0 0 0 0 0 0 0 0 0 0 0 0 0 0 0
0 0 0 0 0 0 0 0 0 0 0 0 0 0 0 0 0 0 0 0 0 0 0 0 0 0 0 5 4 0 0 0 0 0 0 0 0 0 0 0 0 0 0 0 0 0 0 0 0 0 0 0 0 0 0 0 0 0 0 0 0 0 0 0 0 0 0 0 0 0 0 0 0 0 0 0 0 0 0 0 0 0 0 0 0 0 0 0 0 0 0 0 0 0 0 0 0 0 0 0 0 0 0 0 0 0 0 0 0 0 0 0 0 0 0 0 0 0 0 0 0 0 0 0 0 0 0 0 0 0 0 0 0 0 0 0 0 0 0 0 0 0 0 0 0 0 0 0 0 0
0 0 0 0 0 0 0 0 0 0 0 0 0 0 0 0 0 0 0 0 0 0 0 0 0 0 0 0 0 0 0 0 0 0 0 0 0 0 0 0 0 0 0 0 0 0 0 0 0 0 0 0 0 0 0 0 0 0 0 0 0 0 0 0 0 0 0 0 0 0 0 0 0 0 0 0 0 0 0 0 0 0 0 0 0 0 0 0 0 0 0 0 0 0 0 0 0 0 0 0 0 0 0 0 0 0 0 0 0 0 0 0 0 0 0 0 0 0 0 0 0 0 0 0 0 0 0 0 0 0 0 0 0 0 0 0 0 0 0 0 0 0 0 0 0 0 0 0 0 0
0 0 0 0 0 0 0 0 1 0 0 0 0 0 0 0 0 0 0 0 0 0 0 0 0 0 0 0 0 0 0 0 0 0 0 0 0 0 0 0 0 0 0 0 0 0 0 0 0 0 0 0 0 0 0 0 0 0 0 0 0 0 0 0 0 0 0 0 0 0 0 0 0 0 0 0 0 0 0 0 0 0 0 0 0 0 0 0 0 0 0 0 0 0 0 0 0 0 0 0 0 0 0 0 0 0 0 0 0 0 0 0 0 0 0 0 0 0 0 0 0 0 0 0 0 0 0 0 0 0 0 0 0 0 0 0 0 0 0 0 0 0 0 0 0 0 0 0 0 0
0 0 0 0 0 0 0 0 0 0 0 0 0 0 0 0 0 0 0 0 0 0 0 0 0 0 0 0 0 0 0 0 0 0 0 0 0 0 0 0 0 0 0 0 0 0 0 0 0 0 0 0 0 0 0 0 0 0 0 0 0 0 0 0 0 0 0 0 0 0 0 0 0 0 0 0 0 0 0 0 0 0 0 0 0 0 0 0 0 0 0 0 0 0 0 0 0 0 0 0 0 0 0 0 0 0 0 0 0 0 0 0 0 0 0 0 0 0 0 0 0 0 0 0 0 0 0 0 0 0 0 0 0 0 0 0 0 0 0 0 0 0 0 0 0 0 0 0 0 0
0 0 0 0 0 0 0 0 0 0 0 0 0 0 0 0 0 0 0 0 0 0 0 0 0 0 0 0 0 0 0 0 0 0 0 0 0 0 0 0 0 0 0 0 0 0 0 0 0 0 0 0 0 0 0 0 0 0 0 0 0 0 0 0 0 0 0 0 0 0 0 0 0 0 0 0 0 0 0 0 0 0 0 0 0 0 0 0 0 0 0 0 0 0 0 0 0 0 0 0 0 0 0 0 0 0 0 0 0 0 0 0 0 0 0 0 0 0 0 0 0 0 0 0 0 0 0 0 0 0 0 0 0 0 0 0 0 0 0 0 0 0 0 0 0 0 0 0 0 0
0 0 0 0 0 0 0 0 0 0 0 0 0 0 0 0 0 0 0 0 0 0 0 0 0 0 0 0 0 0 0 0 0 0 0 0 0 0 0 0 0 0 0 0 0 0 0 0 0 0 0 0 0 0 0 0 0 0 0 0 0 0 0 0 0 0 0 0 0 0 0 0 0 0 0 0 0 0 0 0 0 0 0 0 0 0 0 0 0 0 0 0 0 0 0 0 0 0 0 0 0 0 0 0 0 0 0 0 0 0 0 0 0 0 0 0 0 0 0 0 0 0 0 0 0 0 0 0 0 0 0 0 0 0 0 0 0 0 0 0 0 0 0 0 0 0 0 0 0 0
