0 0 9 2 0 0 1 1 21 36 1 1 0 6 0 0 0 3 0 0 2 0 0 0 1 16 0 0 0 0 0 0 1 2 1 0 0 0 3 1 0 0 0 1 1 0 0 0 0 0 0 0 0 0 3 1 0 0 0 1 19 4 3 5 0 6 0 0 0 1 0 1 7 78 95 148 44 19 32 14 30 123 15 113 56 133 113 112 10 89 833 186 18 235 217 215 333 159 360 50 74 46 6 27 13 17 11 196 145 5 5 2 16 34 16 11 6 8 1 0 1 5 9 8 1 13 0 4 16 4 1 17 1 0 3 0 0 0 0 0 1 0 0 0 0 0 0 0 0 0
0 0 1 7 0 0 0 0 0 4 1 9 2 0 0 0 0 2 1 0 0 1 10 0 4 7 0 1 0 0 0 0 0 0 0 0 0 0 0 1 0 0 1 0 0 0 0 0 0 0 0 0 0 1 1 0 0 0 0 22 57 7 3 6 5 0 0 0 0 1 0 1 25 20 12 1 73 43 4 55 42 22 2 0 61 279 134 25 188 149 33 11 66 123 74 72 186 169 421 190 105 75 33 28 2 3 1 101 9 11 3 15 1 5 20 9 3 7 3 9 3 6 7 5 2 1 1 3 17 16 19 13 76 24 0 0 0 0 1 32 6 0 0 0 0 0 0 0 0 0
0 0 0 1 0 0 0 0 0 8 0 0 3 2 0 0 0 0 3 0 2 4 40 2 6 1 1 0 0 0 0 0 0 0 0 1 0 1 0 4 1 0 0 0 0 0 0 0 0 0 0 0 0 0 2 0 0 0 0 5 8 13 2 1 0 0 1 0 0 0 0 2 1 0 0 0 1 42 48 143 58 33 1 18 10 84 193 64 4 5 20 5 24 91 269 253 212 231 87 140 213 92 13 12 6 8 8 13 74 61 16 6 0 0 6 1 7 33 13 3 51 3 2 2 1 4 1 5 4 31 4 1 41 73 0 0 2 0 2 10 4 0 0 0 1 0 0 0 0 0
23 1 1 0 0 0 0 0 0 4 1 0 0 2 0 2 0 0 0 0 0 0 1 4 2 0 2 2 6 0 0 0 0 0 0 0 0 0 0 2 2 0 0 0 0 0 0 0 0 0 1 0 0 0 67 29 1 21 38 5 1 0 0 6 0 0 0 0 0 1 4 82 9 1 0 1 7 56 97 84 45 36 4 48 97 15 7 111 1 28 189 169 440 146 307 277 71 71 392 148 412 213 65 8 17 55 33 11 150 12 3 8 12 12 0 7 4 37 27 6 9 22 13 4 1 4 1 0 8 0 3 7 17 0 1 0 5 2 0 8 33 7 0 0 0 0 0 0 0 0
1 5 0 0 0 0 0 0 20 0 1 0 0 0 0 5 1 1 0 1 1 1 0 0 0 0 1 0 0 1 0 1 0 0 0 6 2 0 0 0 1 0 0 0 0 0 0 0 0 5 0 0 1 0 22 135 20 24 4 0 1 1 0 2 0 0 0 0 0 7 58 38 37 61 24 18 26 63 100 47 99 58 99 0 148 43 30 253 5 512 427 160 423 496 158 72 59 239 103 339 209 403 470 362 152 31 57 5 5 6 11 21 23 19 5 1 2 36 30 31 93 318 78 9 2 2 2 0 4 2 1 0 0 0 0 0 0 0 0 0 37 16 0 0 0 0 0 0 0 0
1 4 0 2 0 0 0 0 2 0 1 0 0 0 0 1 1 0 5 13 1 0 0 0 0 0 0 0 0 0 0 34 0 0 5 22 24 11 1 0 0 0 0 0 0 0 0 0 0 4 47 9 0 1 1 20 9 5 5 0 0 0 2 0 0 0 0 0 0 22 26 38 58 35 56 34 12 13 35 99 170 198 195 29 0 89 23 9 2 211 488 913 14 177 359 309 34 630 190 145 241 169 402 184 5 77 15 30 2 1 2 2 3 33 4 11 11 1 1 9 53 57 0 1 1 5 0 0 0 1 1 1 0 1 0 1 2 0 0 0 0 2 0 0 0 0 0 0 0 0
0 0 0 1 0 0 0 0 0 3 2 0 0 1 0 0 0 1 0 0 0 0 1 0 0 0 0 0 0 0 0 0 0 0 0 7 1 4 3 0 0 0 0 0 0 0 0 0 0 0 3 7 1 2 0 15 3 1 20 17 2 5 0 0 4 0 0 0 7 110 28 45 110 200 139 59 155 99 192 296 266 158 376 272 31 3 2 110 21 37 532 530 29 152 255 158 312 149 206 33 6 110 128 125 13 10 47 8 6 9 20 70 77 17 9 18 0 1 9 8 29 150 2 1 1 2 3 4 0 0 1 0 0 0 0 0 0 3 0 0 0 0 0 0 0 0 0 0 0 0
0 0 0 0 0 0 0 0 1 0 0 0 0 0 0 0 0 0 0 0 0 0 0 0 0 0 0 0 0 0 1 0 0 0 2 0 0 0 12 2 0 0 0 0 0 0 0 0 0 0 0 0 4 13 12 2 1 9 41 77 30 12 24 4 4 17 0 0 3 56 0 2 8 14 55 15 146 134 221 289 242 195 362 58 48 128 70 239 69 34 371 27 16 123 123 276 90 451 302 84 98 157 141 148 63 125 13 10 28 9 220 148 30 16 10 35 1 1 3 19 12 19 6 4 3 5 4 0 3 0 0 0 0 0 0 0 0 2 0 0 0 0 0 0 0 0 0 0 0 0
2 0 0 0 0 0 0 0 5 0 0 0 0 1 6 0 0 0 0 0 0 0 0 0 0 0 0 0 0 0 1 0 0 0 1 1 0 0 0 1 0 0 0 0 0 0 0 0 0 0 0 0 0 8 0 0 0 2 16 14 165 68 10 2 3 10 0 4 0 21 2 0 0 2 0 5 4 64 53 304 354 465 241 10 1 5 88 112 100 41 4 0 180 352 509 425 24 182 201 61 70 28 51 168 267 52 86 201 24 33 522 64 136 13 25 3 2 4 1 0 7 2 11 23 3 0 1 3 0 0 3 2 0 0 0 0 0 0 0 0 0 0 0 0 0 0 0 0 0 0
0 0 0 0 0 0 0 0 6 2 0 0 0 0 0 0 0 0 0 0 0 0 0 0 0 0 0 0 0 0 0 0 0 0 0 0 0 1 0 0 0 0 0 0 0 0 1 0 3 0 4 0 18 5 0 0 1 3 0 7 14 50 15 3 1 1 3 0 2 7 0 0 0 0 0 9 2 25 206 402 367 236 261 166 367 292 126 37 104 66 19 0 8 175 232 530 270 39 37 10 10 28 5 4 29 152 174 93 44 12 285 177 63 8 1 83 69 182 61 88 9 15 5 15 12 18 8 0 5 12 22 4 0 0 0 0 0 0 0 0 0 0 0 0 0 0 0 0 0 0
0 0 16 0 0 0 0 0 1 2 1 0 0 0 0 12 0 0 0 0 0 0 1 0 0 0 0 0 0 0 0 0 0 0 0 0 0 0 0 1 0 3 0 0 0 0 3 11 29 8 2 3 8 25 0 0 0 8 9 1 0 43 1 8 0 0 0 0 0 5 0 0 0 0 0 0 1 12 45 100 193 106 177 254 88 128 78 92 160 313 8 0 0 36 144 199 325 12 9 54 13 2 4 6 44 131 266 159 83 185 205 45 56 12 1 53 127 259 131 122 136 63 109 52 34 183 42 121 30 17 5 28 8 12 15 0 0 0 0 0 0 0 0 0 0 0 0 0 0 0
0 0 0 0 0 0 0 0 2 1 0 0 0 0 0 0 6 10 0 0 0 0 0 0 0 0 0 0 0 0 0 0 0 1 3 0 0 0 0 0 0 6 3 2 3 0 1 1 0 0 0 0 2 1 1 0 0 0 0 4 0 5 0 0 0 4 0 1 0 0 0 0 0 0 0 1 13 4 77 109 256 79 25 26 33 108 5 12 52 263 23 0 0 0 1 40 320 204 113 6 0 4 7 20 4 23 166 103 8 17 71 130 17 37 13 90 244 52 177 351 122 139 68 31 100 43 0 0 0 6 0 0 32 18 55 0 0 0 0 0 0 0 0 0 0 0 0 0 0 0
0 0 0 0 0 0 0 1 0 3 0 0 0 0 0 0 1 5 0 1 0 3 0 0 0 0 0 0 0 0 0 0 0 0 0 0 9 0 0 0 0 2 39 3 6 0 1 6 0 0 0 0 2 3 6 0 0 0 1 1 1 0 0 0 0 0 0 2 0 2 7 0 0 0 2 11 60 21 63 21 82 129 5 0 3 25 3 0 0 0 0 0 0 16 32 7 184 175 163 192 7 7 43 5 17 5 9 126 242 165 414 194 34 475 62 3 23 47 342 361 83 124 41 1 13 32 11 1 15 7 0 0 10 17 16 0 0 0 0 0 0 0 0 0 0 0 0 0 0 0
0 0 0 0 0 0 3 2 0 0 0 0 0 0 0 0 0 0 19 7 2 2 0 0 0 0 0 0 0 0 11 0 0 0 0 0 1 0 0 0 0 0 0 34 22 0 0 0 0 0 1 6 1 4 0 0 0 0 1 0 1 11 1 0 0 0 23 7 7 6 33 0 0 0 2 151 300 295 92 23 126 138 22 1 7 384 7 1 0 14 3 0 0 12 43 16 25 256 60 96 0 23 80 28 105 57 23 115 141 413 450 260 244 458 201 128 45 82 253 121 48 23 7 0 0 3 19 0 2 0 1 1 0 1 0 0 0 0 0 0 0 0 0 0 0 0 0 0 0 0
0 0 0 0 0 0 0 1 2 2 0 0 0 0 0 0 0 0 1 1 4 0 3 1 2 0 0 0 0 2 1 0 0 0 0 0 0 0 0 0 0 0 0 26 6 0 0 0 0 24 5 152 0 0 2 1 5 6 2 9 31 17 2 6 3 57 61 53 74 103 25 1 1 0 25 254 462 563 178 21 0 159 11 2 23 5 4 4 0 20 5 8 3 0 1 4 18 98 77 250 7 44 126 260 538 502 471 757 349 282 305 219 147 399 562 120 60 51 36 42 80 36 15 5 0 2 21 3 11 24 4 0 0 0 0 0 0 0 0 0 0 0 0 0 0 0 0 0 0 0
0 0 0 0 0 0 76 10 8 0 0 0 0 0 0 0 1 0 1 0 0 9 2 1 0 0 0 0 0 4 0 0 0 0 0 0 0 0 0 0 0 0 0 0 1 7 0 0 0 13 36 44 7 0 0 3 17 38 5 52 15 5 1 11 9 14 82 51 49 66 91 29 59 68 199 367 554 273 120 8 3 2 0 0 0 0 16 56 7 77 0 5 0 0 6 19 19 13 6 8 4 1 259 246 237 202 246 80 242 235 340 150 202 106 98 21 11 69 19 55 15 5 69 293 28 27 9 2 1 0 0 0 0 0 14 0 0 0 0 0 0 0 0 0 0 0 0 0 0 0
0 0 0 0 0 0 0 3 0 0 0 0 2 0 0 0 2 0 0 0 0 0 12 15 12 2 4 0 0 0 0 0 0 0 0 0 0 0 0 0 0 0 0 1 0 5 0 1 0 6 14 3 1 9 3 19 39 61 45 16 1 3 2 0 1 2 0 0 0 0 0 0 34 5 98 180 429 81 63 0 1 0 0 0 0 0 0 24 22 4 1 1 27 1 0 80 12 2 2 32 11 149 343 266 312 86 239 115 190 251 208 91 299 97 58 52 21 35 36 6 0 1 23 12 19 135 0 2 0 0 0 0 0 0 0 1 0 0 0 0 0 0 0 0 0 0 0 0 0 0
0 0 0 0 0 0 0 5 0 0 0 0 1 0 0 1 0 1 1 0 1 3 0 0 3 0 2 9 1 0 0 0 0 0 0 0 2 0 0 0 0 0 0 0 1 9 44 1 3 16 31 29 7 83 7 10 21 21 141 20 0 0 0 0 0 3 4 38 1 7 26 1 121 14 17 39 19 93 15 7 0 0 1 1 0 0 0 5 45 0 0 12 39 22 5 4 9 0 83 142 57 47 118 24 33 111 42 124 322 154 40 67 18 55 34 2 65 53 9 0 0 1 1 2 41 290 177 8 0 3 0 0 0 0 0 0 0 0 0 0 0 0 0 0 0 0 0 0 0 0
0 0 0 0 2 0 0 0 0 0 0 0 0 0 0 0 0 0 0 0 1 0 4 0 1 1 43 28 7 0 0 0 0 0 0 10 2 0 0 0 0 1 0 1 16 14 4 1 10 100 43 14 5 13 2 20 118 30 18 15 24 22 3 0 0 1 4 1 1 3 10 12 6 3 1 45 34 10 7 9 1 0 2 17 0 21 26 15 2 1 3 20 46 121 17 1 0 2 209 13 34 106 24 7 34 36 43 159 310 0 0 25 1 197 13 0 1 0 0 0 0 0 1 2 23 103 88 148 1 3 0 0 0 0 0 0 0 0 0 0 0 0 0 0 0 0 0 0 0 0
0 0 0 0 0 0 0 0 0 0 0 0 0 0 1 0 1 0 0 0 0 5 27 1 1 0 0 8 71 1 0 3 2 0 0 0 0 1 0 0 0 0 0 59 2 53 33 5 1 109 17 3 0 6 35 4 10 68 1 0 0 3 0 1 0 0 1 0 0 20 28 52 16 1 1 45 10 0 2 8 1 0 0 0 0 13 16 1 4 3 33 40 16 0 0 21 0 0 8 8 593 387 203 55 17 124 76 169 59 8 0 0 0 36 2 0 0 0 0 0 0 0 0 7 20 1 3 49 3 0 0 0 0 0 0 0 0 0 0 0 0 0 0 0 0 0 0 0 0 0
0 0 0 0 0 3 0 0 0 0 0 0 3 0 0 0 0 0 3 1 3 3 4 2 0 4 1 5 0 3 0 3 3 0 0 0 0 0 0 0 3 3 10 3 6 8 8 5 37 75 111 52 11 14 5 0 6 0 1 0 0 2 9 0 115 30 1 0 3 22 28 68 1 0 9 58 104 54 0 6 1 3 2 4 0 0 2 3 12 6 6 0 0 0 0 0 0 0 97 177 371 414 127 94 0 9 56 50 3 0 0 0 0 2 0 0 0 0 0 0 0 0 0 3 0 0 51 156 0 0 0 0 0 0 0 0 0 0 0 0 0 0 0 0 0 0 0 0 0 0
0 0 0 0 0 0 0 0 0 0 0 0 0 0 2 0 0 0 0 0 1 9 3 2 1 2 0 0 0 0 5 40 6 0 0 0 0 4 0 0 25 6 1 0 0 0 0 6 89 296 101 81 27 1 1 1 0 1 0 1 0 0 0 0 1 12 7 16 1 43 23 9 9 0 2 7 43 39 18 93 8 32 5 21 6 1 3 1 51 26 4 3 1 2 1 4 4 0 25 130 71 48 9 0 1 4 96 16 12 0 0 0 1 42 0 0 0 0 0 0 0 0 0 0 0 9 1 0 0 1 0 0 0 0 0 0 0 0 0 0 0 0 0 0 0 0 0 0 0 0
0 0 0 0 0 0 0 0 0 0 0 0 0 0 0 0 0 0 0 0 1 3 4 1 2 0 0 0 0 0 5 1 16 2 1 0 4 345 1 6 1 0 0 0 0 0 35 7 22 132 231 46 7 0 0 0 0 0 3 0 0 0 0 0 2 0 24 0 0 3 12 17 19 0 3 0 8 1 13 53 0 15 26 0 3 6 4 0 0 1 0 3 2 4 0 1 1 0 0 0 2 0 1 22 40 15 28 24 78 31 9 2 24 0 0 0 0 0 0 0 0 0 0 2 14 20 53 2 0 0 0 0 0 0 0 0 0 0 0 0 0 0 0 0 0 0 0 0 0 0
0 0 1 0 0 0 0 0 0 0 0 0 0 1 0 0 2 6 0 0 1 0 0 0 0 0 0 0 0 0 0 2 1 3 0 1 3 6 3 0 0 0 0 0 0 14 9 30 1 64 53 4 3 2 2 1 5 12 0 0 0 0 0 0 0 0 0 1 0 0 0 7 149 39 1 3 0 0 0 0 0 0 55 44 4 0 4 0 0 0 0 0 0 1 0 0 0 0 1 0 4 15 3 28 15 14 3 1 1 29 0 28 10 0 0 0 0 0 0 0 0 0 1 13 7 0 11 48 10 0 0 0 0 0 0 0 0 0 0 0 0 0 0 0 0 0 0 0 0 0
0 0 0 0 0 0 0 0 0 0 0 0 0 0 0 0 0 0 0 0 0 0 0 0 0 0 0 0 0 0 0 1 4 6 5 0 0 44 0 0 0 0 0 5 8 25 5 1 3 6 27 34 15 8 6 1 0 0 0 1 0 0 0 0 0 0 0 9 9 2 8 6 2 171 25 12 0 0 0 0 0 0 4 38 2 5 0 0 0 5 0 0 0 0 2 0 4 1 0 9 5 2 2 6 298 0 0 0 0 0 0 0 2 0 0 0 2 0 0 0 0 0 1 0 0 12 9 8 0 0 0 0 0 0 0 0 0 0 0 0 0 0 0 0 0 0 0 0 0 0
0 0 0 0 0 0 0 0 0 0 0 0 0 0 4 0 0 1 5 0 0 10 0 0 1 0 0 0 0 0 0 0 8 11 11 0 0 1 0 0 0 1 0 2 27 6 2 0 4 1 25 5 0 1 0 1 0 0 0 0 2 0 0 1 4 5 0 8 1 5 1 17 0 1 1 2 7 0 0 0 1 0 0 5 0 3 1 7 1 6 0 0 1 1 18 1 0 0 1 1 4 3 1 65 109 75 0 0 0 0 0 2 0 1 11 1 0 0 0 0 1 0 0 0 0 30 2 38 4 0 0 0 0 0 0 0 5 5 0 0 0 0 0 0 0 0 0 0 0 0
0 0 0 0 0 0 0 0 0 0 2 0 0 0 1 1 0 0 0 0 0 4 1 0 0 0 0 7 0 0 0 12 2 3 8 1 0 2 1 3 2 0 1 4 25 3 2 0 0 0 10 1 1 0 0 0 0 2 0 0 0 0 0 1 3 0 0 0 1 0 4 12 0 1 0 0 16 1 0 0 0 0 15 1 0 6 3 5 2 0 0 0 0 0 1 1 1 0 0 0 2 7 1 2 9 92 37 1 0 0 0 0 0 10 11 3 0 0 1 0 0 0 0 0 5 91 3 2 0 0 0 0 0 0 0 0 1 2 0 0 0 0 0 0 0 0 0 0 0 0
0 0 0 0 0 0 0 0 0 0 0 0 0 1 0 2 3 8 1 0 2 13 2 0 0 0 1 0 1 4 1 0 0 16 3 0 0 10 7 3 15 28 3 47 99 3 2 0 1 0 1 11 14 1 0 0 0 0 0 0 0 0 0 0 1 0 0 1 2 16 33 6 3 8 1 1 1 0 0 0 0 0 0 0 0 0 0 6 2 0 3 0 0 0 2 0 0 0 0 1 0 11 6 0 4 560 210 18 1 0 0 0 0 0 0 0 0 63 14 1 0 0 0 14 33 14 27 40 54 19 0 0 0 0 0 1 7 0 0 0 0 0 0 0 0 0 0 0 0 0
0 0 0 0 0 0 0 0 0 0 0 0 8 0 4 1 6 22 1 2 0 1 2 0 0 0 0 9 6 4 0 2 3 0 0 4 5 6 16 26 147 281 172 101 46 2 0 0 0 4 0 3 8 11 1 0 0 0 0 0 0 0 0 0 0 0 0 0 0 0 6 28 11 0 15 55 0 6 1 0 0 4 2 0 5 0 0 0 4 1 1 3 0 3 5 14 7 0 0 0 0 47 9 7 123 128 126 130 0 0 0 0 0 0 0 0 91 22 6 0 0 0 98 15 72 48 369 201 23 7 0 0 0 18 0 2 0 0 0 0 0 0 0 0 0 0 0 0 0 0
0 0 0 0 0 0 0 2 0 2 4 18 97 0 0 0 3 2 0 0 0 1 1 10 10 7 5 0 0 2 0 1 0 1 198 5 1 6 27 46 296 266 152 194 12 2 0 16 2 0 1 0 37 102 7 2 0 0 0 0 0 0 0 0 0 0 0 0 0 0 1 4 1 0 0 0 0 3 2 0 0 0 1 0 7 0 0 0 0 4 1 0 1 11 0 4 0 0 0 0 0 0 7 4 1 31 0 37 7 0 0 0 0 0 39 9 243 156 29 11 8 12 1 17 35 18 170 159 104 61 8 13 8 37 5 0 0 0 0 0 0 0 0 0 0 0 0 0 0 0
0 0 0 0 0 0 0 0 1 1 4 3 0 0 0 1 0 2 3 4 0 4 69 8 0 0 0 0 0 0 3 1 1 0 7 10 8 18 235 48 254 168 134 82 18 0 4 1 2 0 1 0 5 5 1 0 0 0 0 0 0 0 0 0 0 0 0 0 1 0 0 0 0 0 0 1 1 3 0 0 0 11 10 2 8 0 0 0 5 16 2 0 0 6 0 0 1 2 1 0 0 0 1 1 1 0 0 1 2 0 1 1 3 0 21 460 203 186 38 35 37 17 38 5 4 0 0 71 1 14 2 75 143 18 24 2 0 0 0 0 0 0 0 0 0 0 0 0 0 0
0 0 0 0 0 0 1 2 0 0 1 2 1 1 0 0 0 0 19 8 96 105 3 0 0 0 0 1 2 1 1 0 0 4 5 3 0 1 4 25 196 110 146 108 22 6 3 0 1 2 0 1 2 4 9 1 0 0 0 0 0 0 0 0 0 0 0 0 0 3 0 0 0 0 0 0 0 0 6 1 9 20 8 65 10 0 0 0 0 0 0 0 0 1 0 0 4 0 0 1 1 1 0 1 5 5 5 20 70 50 98 183 34 35 200 580 108 101 21 179 26 71 3 1 22 9 36 53 0 0 3 83 121 62 95 0 0 0 0 0 0 0 0 0 0 0 0 0 0 0
0 0 0 0 0 0 0 2 0 0 0 11 4 1 0 4 9 3 3 4 31 0 0 0 0 0 0 0 1 5 1 8 1 2 3 3 0 1 1 1 10 24 13 3 0 0 0 0 1 3 0 1 15 1 4 12 2 1 1 0 0 0 0 0 0 0 0 0 0 0 0 0 0 0 0 4 0 9 3 1 0 3 8 2 0 0 0 0 0 0 2 0 0 4 2 4 0 0 0 0 2 0 0 0 0 1 1 35 74 19 64 45 38 104 599 201 41 105 23 151 71 9 0 5 1 4 3 0 0 0 24 95 0 4 4 0 0 0 0 0 0 0 0 0 0 0 0 0 0 0
0 0 0 0 0 5 7 1 0 0 0 0 0 4 5 0 1 1 19 6 11 0 0 0 0 0 0 0 1 5 22 0 1 1 30 14 1 2 0 1 2 7 1 0 3 0 0 0 0 0 0 2 84 11 9 13 8 1 1 1 0 0 0 0 0 0 0 0 0 0 0 0 0 0 0 0 3 3 8 0 0 1 0 0 0 0 0 0 0 0 0 0 0 12 3 0 9 4 0 0 0 0 0 0 0 0 2 37 14 1 0 5 118 48 95 190 67 100 68 52 100 2 0 0 0 0 0 0 0 0 1 21 19 0 0 0 0 0 0 0 0 0 0 0 0 0 0 0 0 0
0 0 0 0 0 0 0 0 0 0 0 0 2 2 9 3 20 3 1 0 0 8 0 1 0 1 0 9 5 3 10 26 4 0 0 2 0 1 0 0 2 9 0 2 2 0 1 0 0 0 1 3 119 31 3 5 0 0 0 0 0 0 0 0 0 0 0 0 0 0 0 0 0 0 0 0 16 1 0 0 0 0 0 0 0 0 0 0 2 0 4 4 4 19 7 2 0 1 0 1 1 0 0 1 0 1 1 54 412 2 0 0 3 0 0 0 0 15 231 459 27 0 0 0 0 3 4 0 0 0 0 0 36 0 0 0 0 0 0 0 0 0 0 0 0 0 0 0 0 0
0 1 1 0 0 0 3 65 3 4 5 6 6 0 1 20 7 6 0 3 0 0 2 0 0 1 39 3 0 1 4 0 14 0 0 0 3 1 0 1 0 1 0 0 1 0 1 0 0 0 0 16 3 3 7 0 2 0 0 0 0 0 0 0 0 0 0 0 0 0 0 0 0 0 0 1 1 13 0 0 0 0 1 0 0 0 0 0 8 1 3 0 0 19 0 1 0 0 2 0 0 0 7 2 0 38 21 25 75 0 0 0 0 0 7 0 0 0 52 156 123 82 0 0 2 30 0 0 0 18 35 13 38 2 0 0 0 0 0 0 0 0 0 0 0 0 0 0 0 0
0 0 0 0 0 0 3 0 0 7 8 4 2 2 45 16 12 14 2 0 0 1 3 3 2 1 0 0 0 0 0 0 2 0 1 0 0 0 0 4 1 13 6 1 0 0 1 1 0 0 5 13 12 12 72 0 3 0 0 1 0 0 0 0 0 0 0 0 0 0 0 0 0 0 0 0 6 9 47 0 8 5 0 0 0 0 2 38 8 0 2 4 3 7 0 0 0 2 1 2 23 4 45 8 0 0 15 18 37 0 0 0 0 9 16 25 84 195 22 76 251 75 4 6 168 29 0 0 0 28 63 0 0 0 0 0 0 0 0 0 0 0 0 0 0 0 0 0 0 0
0 0 1 0 0 0 0 10 4 0 3 40 20 42 0 0 1 0 0 1 0 0 1 1 6 1 3 5 11 1 0 0 1 5 0 0 0 0 1 0 0 4 15 0 0 2 3 0 0 0 0 19 13 1 3 1 0 0 2 0 0 0 0 0 0 0 0 0 0 0 0 0 0 0 0 0 0 19 18 7 0 0 0 0 0 0 1 4 0 0 4 0 1 0 0 0 6 0 0 1 0 0 0 1 3 0 2 14 13 9 0 0 0 0 60 175 301 245 15 30 53 47 79 123 68 0 0 0 2 151 38 0 0 0 0 0 0 0 0 0 0 0 0 0 0 0 0 0 0 0
0 0 0 0 0 0 2 11 1 0 20 22 1 2 1 0 0 1 0 2 0 0 1 0 0 0 0 2 3 0 0 0 0 0 0 0 0 0 11 0 0 0 0 0 0 0 0 0 0 0 6 68 9 4 0 0 0 0 2 1 0 0 0 0 0 0 0 0 0 0 0 0 0 0 0 0 0 5 30 14 2 4 7 0 0 0 0 0 0 0 0 0 5 2 0 0 0 0 0 4 1 1 1 3 6 0 5 6 24 0 4 1 19 12 18 5 1 23 389 135 14 137 332 413 117 101 17 36 176 548 202 6 0 0 0 0 0 0 0 0 0 0 0 0 0 0 0 0 0 0
0 0 0 0 0 1 8 1 0 21 10 7 0 13 10 2 1 1 0 0 0 0 0 0 0 0 8 0 0 0 0 0 0 0 1 0 0 0 0 8 0 0 0 1 0 1 1 4 0 0 7 118 10 6 0 1 0 0 1 0 0 0 0 0 0 0 0 0 0 0 0 0 0 0 0 0 4 4 40 0 0 8 6 0 0 0 0 0 4 1 0 2 3 9 0 5 3 0 0 0 2 0 0 2 4 12 0 1 44 20 7 14 21 4 2 4 4 178 132 271 244 218 313 304 609 247 190 293 341 277 293 0 0 0 0 0 0 0 2 0 0 0 0 0 0 0 0 0 0 0
0 0 0 0 4 5 0 0 7 4 1 2 0 2 1 8 1 0 1 0 0 0 0 0 3 2 1 0 0 0 0 4 4 0 1 2 0 1 0 0 1 0 2 0 0 1 0 0 1 22 178 223 7 51 2 0 4 4 1 1 0 0 0 0 0 0 0 0 0 0 0 0 0 0 0 0 0 0 2 1 0 1 0 0 0 0 0 0 4 1 0 0 88 0 0 0 0 0 0 3 6 3 1 3 9 11 7 20 1 12 8 3 4 50 2 4 4 35 196 527 784 328 154 443 772 417 50 212 175 14 14 5 0 0 0 0 0 0 0 0 0 0 0 0 0 0 0 0 0 0
0 0 0 2 6 0 0 0 13 0 2 1 0 1 3 1 0 1 0 0 0 0 0 0 5 0 0 0 0 0 0 17 18 11 0 0 2 0 0 0 0 0 0 0 0 0 0 0 0 8 191 135 155 251 18 8 1 0 5 3 0 0 0 0 0 0 0 0 0 0 0 0 0 0 0 0 0 0 0 12 0 1 1 0 0 0 0 9 32 0 0 13 10 0 0 0 0 0 0 4 13 0 4 7 3 61 190 11 0 0 6 2 0 5 5 26 10 6 44 200 190 300 199 1214 618 282 43 68 3 146 351 164 0 0 0 0 0 0 0 0 0 0 0 0 0 0 0 0 0 0
0 0 0 8 0 1 18 11 12 2 4 14 0 0 1 0 0 0 0 0 0 0 0 0 0 0 0 0 0 0 0 6 1 5 0 2 5 0 0 0 0 0 0 0 0 0 1 0 0 3 42 121 206 126 28 28 0 0 0 1 0 0 0 0 0 0 0 0 0 0 0 0 0 0 0 0 0 1 0 19 1 0 2 0 0 0 0 11 27 3 3 18 21 0 0 0 0 0 0 1 4 23 11 68 12 3 0 14 0 0 0 0 5 1 1 5 1 4 9 34 179 135 219 307 304 303 108 129 83 239 134 71 0 0 0 0 0 0 0 0 0 0 0 0 0 0 0 0 0 0
4 1 4 6 1 1 1 17 1 0 1 7 29 0 0 0 0 0 0 0 0 0 0 0 0 0 0 0 0 0 2 0 0 0 0 0 0 1 0 0 0 0 0 0 0 1 0 2 1 1 7 30 106 7 18 13 1 0 1 0 0 0 0 0 0 0 0 0 0 0 0 0 0 0 0 0 0 0 6 0 9 0 0 0 0 0 23 34 16 1 4 63 65 7 0 0 0 0 0 7 12 2 30 57 11 0 3 1 10 3 0 0 1 1 2 0 10 12 77 11 93 310 242 161 64 207 217 542 82 87 56 97 0 0 0 0 0 0 0 0 0 0 0 0 0 0 0 0 0 0
0 0 13 0 1 0 14 17 4 2 1 4 1 0 0 0 0 0 0 0 0 0 0 1 0 0 0 0 1 0 0 0 0 0 1 1 0 1 0 0 0 0 0 0 0 1 0 0 0 2 0 11 28 5 7 0 0 40 31 3 1 0 1 0 0 0 0 0 0 0 0 0 0 0 0 0 0 0 0 0 0 5 8 8 9 13 0 0 7 29 55 90 53 2 6 0 0 1 5 22 19 119 69 445 192 21 6 5 5 19 0 0 0 1 2 2 15 22 21 271 117 288 933 528 318 241 613 624 475 0 1 1 0 0 0 0 0 0 0 0 0 0 0 0 0 0 0 0 0 0
0 1 14 0 58 3 1 12 18 9 1 0 0 1 0 0 0 0 0 0 0 0 0 0 0 0 0 0 2 0 0 0 4 1 0 0 0 0 0 0 1 0 0 0 0 1 0 0 1 0 0 2 22 2 31 0 0 1 37 6 1 2 0 0 0 0 0 0 0 0 0 0 0 0 0 0 0 0 0 0 0 1 1 0 0 2 3 4 5 24 50 149 36 6 15 33 4 1 0 5 80 124 242 132 91 15 6 0 1 8 0 0 0 0 6 3 2 166 173 254 412 3 4 67 87 120 339 287 99 3 163 9 0 0 0 0 0 0 0 0 0 0 0 0 0 0 0 0 0 0
5 3 27 0 8 103 19 3 0 4 0 1 0 1 0 0 0 0 0 0 2 0 0 0 0 0 0 0 0 0 0 0 0 0 0 0 0 0 0 0 0 0 0 0 0 0 0 0 0 5 0 2 6 0 0 2 0 4 0 17 3 0 0 0 0 0 0 0 0 0 0 0 0 0 0 0 0 0 0 0 24 24 0 0 7 3 66 2 1 0 0 2 15 0 0 0 0 0 0 6 8 26 397 102 59 106 16 6 2 2 12 1 0 0 0 7 105 232 61 13 0 0 0 0 21 183 54 191 165 5 20 12 0 0 0 0 0 0 0 0 0 0 0 0 0 0 0 0 0 0
0 5 53 37 86 137 39 11 5 0 0 0 0 0 2 0 0 0 0 0 0 2 0 0 0 0 0 0 0 0 0 0 0 0 0 1 0 0 0 0 0 0 0 1 1 2 0 10 0 0 0 4 3 0 0 0 0 0 9 1 0 3 0 0 0 0 0 0 0 0 0 0 0 0 0 0 0 0 1 9 14 0 0 0 5 13 26 90 27 0 0 0 0 0 0 0 0 0 0 0 0 125 195 154 36 245 1 0 2 11 2 1 0 0 3 38 112 7 12 21 0 0 0 0 2 171 175 326 99 1 56 7 0 0 0 0 0 0 0 0 0 0 0 0 0 0 0 0 0 0
1 213 95 203 152 138 35 7 1 0 0 0 2 0 0 0 0 0 1 0 0 1 0 0 2 0 0 0 0 0 0 0 0 0 0 0 0 0 2 1 0 1 0 1 3 0 0 5 12 0 0 0 16 0 0 1 0 2 0 0 0 4 0 0 0 0 0 0 0 0 0 0 0 0 0 0 0 6 0 0 0 0 0 0 0 0 26 14 1 0 1 0 0 0 0 3 0 0 0 0 6 16 5 23 22 49 2 0 0 0 1 3 9 5 5 0 4 0 20 12 13 793 4 0 19 62 17 167 10 0 0 0 0 0 0 0 0 0 0 0 0 0 0 0 0 0 0 0 0 0
1 3 52 62 52 36 11 2 2 0 0 2 0 0 0 0 0 0 1 1 1 2 0 0 0 0 0 0 0 1 0 0 0 0 1 0 0 1 0 0 0 0 0 0 0 1 0 1 2 6 1 0 0 0 0 1 0 0 0 0 0 0 0 0 0 0 0 0 0 0 0 0 0 0 0 0 0 0 0 0 0 0 0 0 0 0 90 7 1 16 15 1 0 0 8 17 0 0 0 254 384 108 106 45 14 38 34 14 1 1 3 8 11 1 0 0 0 0 13 33 50 20 145 133 34 37 0 0 0 2 0 0 0 0 0 0 0 0 0 0 0 0 0 0 0 0 0 0 0 0
1 6 23 12 14 5 1 7 0 9 9 0 0 0 0 0 2 0 0 0 1 35 0 0 0 0 0 0 0 1 0 0 0 0 0 0 0 0 0 0 0 0 0 0 2 15 3 0 0 0 1 0 0 0 1 11 0 0 0 0 0 0 0 0 0 0 0 0 0 0 0 0 0 0 0 0 1 10 0 0 0 0 0 0 0 0 5 0 0 8 25 0 0 0 18 50 57 5 138 737 177 344 70 5 0 29 20 73 1 14 8 0 0 0 0 0 0 0 22 31 53 17 22 16 8 69 33 14 27 11 4 0 0 0 0 0 0 0 0 0 0 0 0 0 0 0 0 0 0 0
7 7 7 1 0 0 0 2 0 0 0 0 0 0 0 0 0 1 0 0 0 4 2 0 0 0 0 0 0 0 1 0 0 3 1 0 0 0 0 0 0 0 0 0 1 2 3 1 0 0 0 0 1 0 28 9 1 0 0 0 0 0 0 0 0 0 0 0 0 0 0 0 0 1 4 2 0 0 0 0 0 0 0 0 0 0 7 3 0 0 49 21 3 1 112 129 90 1 27 66 13 123 26 1 2 4 0 127 171 30 0 0 1 2 17 0 0 0 1 0 7 11 13 6 15 37 34 19 162 31 41 0 0 0 0 0 0 0 0 0 0 0 0 0 0 0 0 0 0 0
12 0 5 1 0 0 2 0 0 0 0 1 0 0 0 0 0 0 0 0 0 1 0 2 0 0 0 0 0 0 4 15 0 1 0 0 0 0 0 0 0 0 0 0 0 0 1 0 0 0 0 1 2 1 8 0 0 0 0 0 0 0 0 0 0 0 0 0 0 0 0 0 0 0 7 5 0 0 0 0 0 0 0 0 0 0 28 34 60 17 43 8 2 4 3 31 9 8 0 0 1 2 1 0 0 4 57 146 111 21 0 0 0 0 0 0 0 5 2 0 1 7 2 6 3 78 41 84 46 35 24 0 0 0 0 0 0 0 0 0 0 0 0 0 0 0 0 0 0 0
1 0 0 0 0 0 0 0 0 0 0 0 0 0 0 0 0 0 0 0 0 0 0 0 0 0 0 0 0 0 1 0 1 1 1 1 0 0 0 0 1 0 0 0 0 3 0 0 0 0 0 2 2 18 7 0 1 0 0 0 0 0 0 0 0 0 0 0 0 0 0 1 0 4 0 0 0 0 0 0 0 0 0 0 0 0 1 2 63 8 0 0 0 3 2 8 0 0 0 0 0 12 0 3 0 143 280 145 47 30 0 0 0 0 0 0 0 0 72 11 0 8 2 10 11 3 43 13 0 27 2 13 0 0 0 0 0 0 0 0 0 0 0 0 0 0 0 0 0 0
1 0 0 0 0 0 0 0 0 0 0 0 0 0 0 0 0 0 0 0 0 0 0 3 0 0 0 9 1 0 0 0 0 0 1 0 0 1 0 0 0 0 0 0 0 1 0 0 0 0 4 1 1 20 10 0 22 0 0 0 0 0 0 0 0 0 0 0 0 0 0 0 4 14 0 0 0 0 0 0 0 0 0 0 0 0 2 0 1 2 0 0 0 19 0 0 0 0 0 0 6 2 2 0 15 70 74 2 29 86 0 0 0 0 0 0 0 0 1 9 1 16 2 44 38 19 156 30 9 25 0 0 0 0 0 0 0 0 0 0 0 1 0 0 0 0 0 0 0 0
0 0 0 0 2 19 1 0 0 0 0 0 0 0 0 0 0 0 0 0 0 0 0 1 0 0 3 0 0 0 0 8 0 0 0 1 0 0 0 0 0 0 1 1 0 0 0 0 0 0 1 0 3 0 2 1 3 2 0 0 0 0 0 0 0 0 0 1 0 5 0 0 0 0 0 0 0 0 0 0 0 0 0 0 0 0 0 0 1 0 0 17 43 4 0 0 4 0 0 2 6 11 18 11 58 15 0 12 7 16 5 0 0 0 0 0 0 0 0 0 3 4 4 20 0 0 0 77 5 1 0 0 0 0 0 0 0 0 0 0 0 0 0 0 0 0 0 0 0 0
0 0 0 0 29 12 0 0 0 0 0 0 0 0 2 0 0 0 0 0 0 0 0 0 0 0 0 0 0 0 0 0 0 0 0 0 0 0 1 0 0 0 0 1 0 0 0 0 0 0 3 0 0 3 2 0 3 2 0 5 0 0 0 0 0 0 0 0 3 0 0 0 0 0 0 0 0 0 0 0 0 0 0 0 0 0 0 0 31 21 79 83 65 14 0 0 0 0 0 22 18 249 204 15 3 39 3 0 0 12 4 0 0 0 0 0 0 0 0 0 0 0 0 0 0 1 34 12 0 0 0 0 0 0 0 0 0 0 0 0 0 0 0 0 0 0 0 0 0 0
0 0 0 0 0 0 0 0 0 0 0 0 1 2 0 1 0 0 3 0 0 0 0 0 0 0 0 0 0 6 0 0 0 0 0 0 0 0 0 0 0 0 0 0 0 8 0 0 0 1 0 0 0 1 1 0 0 0 0 0 0 0 0 0 0 0 0 0 19 0 0 0 0 0 0 0 0 0 0 0 0 0 0 0 1 0 0 0 139 45 141 39 44 5 16 0 1 2 2 23 27 33 25 4 1 0 2 0 0 0 4 0 0 0 0 0 0 0 0 1 4 31 31 0 0 4 7 0 0 0 0 0 0 0 0 0 0 0 0 0 0 0 0 0 0 0 0 0 0 0
0 0 0 0 0 1 0 0 0 0 0 0 5 5 1 0 0 0 0 0 0 0 0 0 0 1 1 0 0 8 0 0 0 0 1 1 0 0 1 0 0 0 0 1 1 4 0 0 0 0 0 0 0 4 4 1 0 0 0 0 0 0 0 0 0 0 0 12 277 0 0 0 0 0 0 0 0 0 0 0 0 0 0 0 4 16 16 2 0 3 0 0 5 1 89 0 0 0 7 18 35 0 0 0 1 0 0 3 0 18 30 18 0 0 0 0 0 0 0 0 0 0 0 0 0 0 0 1 0 0 0 0 0 0 0 0 0 0 0 0 0 0 0 0 0 0 0 0 0 0
0 0 0 0 0 0 0 0 0 0 0 0 0 0 0 0 0 0 0 0 0 0 0 0 0 0 0 0 1 0 0 0 0 0 0 1 0 0 0 0 0 0 0 0 0 0 2 11 0 0 0 0 0 1 2 2 1 0 0 0 0 0 0 0 0 0 1 22 3 0 0 0 0 0 0 0 0 0 0 0 0 0 0 0 15 0 0 2 0 23 0 1 1 0 0 1 3 21 7 48 23 6 2 0 4 0 0 12 25 55 39 176 5 2 0 0 0 0 0 0 0 0 0 0 0 0 0 0 0 0 0 0 0 0 0 0 0 0 0 0 0 0 0 0 0 0 0 0 0 0
0 0 0 0 0 0 0 0 0 0 0 0 0 0 1 1 0 0 0 0 0 0 0 0 0 0 0 0 0 0 0 0 0 0 0 0 0 0 0 0 0 0 0 0 0 0 0 1 1 0 0 0 0 1 0 36 45 0 0 0 0 0 0 0 0 1 15 21 0 0 0 1 0 0 0 0 0 0 0 0 0 0 0 12 16 1 0 1 0 88 2 2 0 0 7 11 31 12 7 0 1 0 3 1 1 0 28 2 20 16 97 21 12 1 3 0 0 0 0 0 0 0 0 0 0 0 0 0 0 0 0 0 0 0 0 0 0 0 0 0 0 0 0 0 0 0 0 0 0 0
0 0 0 0 0 0 0 0 0 0 0 0 0 0 0 4 0 0 0 0 0 0 0 1 0 0 0 0 0 0 0 0 0 0 0 0 0 0 0 0 0 0 0 0 0 0 2 2 29 5 0 0 0 0 3 0 5 2 10 4 6 1 2 9 3 1 1 0 0 0 0 0 0 0 0 0 0 0 0 0 0 0 0 0 0 0 1 6 16 0 0 0 0 0 17 48 0 0 0 0 0 0 0 0 12 41 112 335 163 42 13 0 0 2 0 0 0 0 0 0 0 0 0 0 0 0 0 0 0 0 0 0 0 0 0 0 0 0 0 0 0 0 0 0 0 0 0 0 0 0
0 0 0 2 0 9 0 5 0 0 4 0 0 0 0 1 1 0 0 0 0 0 0 0 0 0 0 0 0 0 0 0 0 0 0 1 0 0 4 0 0 0 0 0 0 1 11 2 0 1 0 0 1 2 0 0 0 0 0 0 0 0 0 1 1 0 0 2 0 6 1 2 0 0 0 0 0 0 0 0 0 0 0 0 0 0 0 0 0 0 6 12 0 1 52 8 2 0 0 0 0 1 2 7 26 33 120 133 64 84 27 193 23 2 0 0 0 0 0 0 0 0 0 0 0 0 0 0 0 0 0 0 0 0 0 0 0 0 0 0 0 0 0 0 0 0 0 0 0 0
0 0 0 0 8 19 1 0 0 1 0 0 0 1 0 0 2 0 0 0 0 0 0 0 0 0 0 0 0 0 0 0 1 0 0 0 0 1 0 1 0 1 7 0 1 0 2 0 4 1 2 0 0 0 1 0 1 4 1 0 0 0 1 0 0 0 1 0 1 0 0 0 3 1 0 0 0 0 0 0 0 0 0 0 0 0 0 0 0 0 0 0 4 11 3 25 72 0 0 0 0 0 0 27 45 152 0 0 28 13 0 1 2 0 0 0 0 0 0 0 0 0 0 0 0 0 0 0 0 0 0 0 0 0 0 0 0 0 0 0 0 0 0 0 0 0 0 0 0 0
0 0 0 0 1 2 0 0 2 0 0 0 0 3 0 0 0 0 0 0 0 0 0 0 0 0 0 0 0 0 0 1 1 2 0 0 0 0 0 0 1 0 0 1 0 0 2 0 1 2 0 0 0 1 0 0 0 0 1 3 1 0 0 0 0 0 0 0 0 0 2 0 1 2 0 0 0 0 0 0 0 0 0 0 0 0 0 0 2 0 0 3 30 8 8 92 113 0 0 0 0 0 0 8 5 0 0 0 0 0 8 40 1 1 0 0 0 0 0 0 0 0 0 0 0 0 0 0 0 0 0 0 0 0 0 0 0 0 0 0 0 0 3 8 5 0 0 0 0 0
0 0 0 1 0 0 0 0 0 23 0 0 0 0 0 0 0 0 0 0 0 0 0 0 0 0 0 0 0 0 0 1 0 0 0 0 0 0 0 0 0 0 0 0 0 1 0 0 0 0 2 2 3 3 0 0 0 0 2 4 0 0 1 0 0 0 0 0 0 0 0 0 0 1 0 0 0 0 0 0 0 0 0 0 0 0 0 0 24 6 1 8 107 60 19 0 0 0 0 0 0 0 0 1 1 0 0 2 0 19 31 0 0 0 0 0 0 0 0 0 0 0 0 0 0 0 0 0 0 0 0 0 0 0 0 0 0 0 0 0 0 0 0 4 0 0 0 0 0 0
0 0 0 0 2 0 0 0 0 0 0 0 0 1 0 0 0 0 0 0 0 0 0 0 0 0 0 0 0 0 0 0 0 0 0 0 0 0 0 0 0 0 0 0 1 0 0 0 0 0 3 1 2 0 0 0 0 0 0 3 1 0 0 0 0 0 0 0 0 0 0 0 0 0 0 0 0 0 0 0 0 0 0 0 0 0 0 0 0 4 7 40 187 0 1 12 1 0 0 0 0 0 0 0 3 0 0 1 4 1 11 1 0 0 0 0 0 0 0 0 0 0 0 0 0 0 0 0 0 0 0 0 0 0 0 0 0 0 0 0 0 0 0 0 0 0 0 0 0 0
0 0 0 0 0 0 0 0 0 0 0 0 2 0 0 0 0 0 0 0 0 0 0 0 0 0 0 0 0 0 0 0 0 0 0 0 0 0 0 0 0 0 0 0 0 0 0 0 0 0 1 1 0 0 0 0 0 0 0 2 1 1 0 0 0 0 0 0 0 0 1 20 2 0 0 0 0 0 0 0 0 0 0 0 0 0 0 0 0 5 7 12 1 1 61 1 0 0 0 0 0 0 0 0 0 0 0 0 0 0 0 0 0 0 0 0 0 0 0 0 0 0 0 0 0 0 0 0 0 0 0 0 0 0 0 0 0 0 0 0 0 0 0 0 0 0 0 0 0 0
0 0 0 0 0 0 0 0 0 0 0 0 0 0 0 0 0 0 0 0 0 1 0 10 0 0 0 0 0 0 0 0 0 0 0 0 0 0 0 0 0 0 0 0 0 0 0 0 0 0 1 2 0 0 1 0 0 0 0 0 0 5 5 1 0 0 0 0 0 0 0 5 14 0 5 0 0 0 0 0 0 0 0 0 0 0 0 0 0 2 4 19 6 10 2 0 0 0 0 0 0 0 0 0 0 0 0 0 0 0 0 0 0 0 0 0 0 0 0 0 0 0 0 0 0 0 0 0 0 0 0 0 0 0 0 0 0 0 0 0 0 0 0 0 0 0 0 0 0 0
0 0 0 0 0 0 0 0 1 0 0 0 0 0 0 0 0 0 0 0 0 0 0 6 2 0 0 0 0 0 0 0 0 0 0 0 0 0 0 0 0 0 0 0 0 0 0 0 0 0 0 7 9 2 0 1 0 0 0 0 0 11 37 1 0 0 0 0 0 0 0 0 0 0 4 0 0 0 0 0 0 0 0 0 0 0 0 0 0 18 3 7 2 14 14 2 0 0 0 0 0 0 0 0 0 0 0 0 0 0 0 0 0 0 0 0 0 0 0 0 0 0 0 0 0 0 0 0 0 0 0 0 0 0 0 0 0 0 0 0 0 0 0 0 0 0 0 0 0 0
0 0 0 0 0 0 0 0 0 0 0 0 1 0 0 0 0 0 0 0 0 0 0 0 1 1 0 0 0 0 0 0 0 0 0 0 0 0 0 0 0 0 0 0 0 0 0 0 0 7 5 35 58 5 7 2 0 0 0 0 0 8 0 0 0 0 0 0 0 0 0 0 0 1 1 0 0 0 0 0 0 0 0 0 0 0 0 0 0 0 0 0 7 8 1 5 0 0 0 0 0 0 0 0 0 0 0 0 0 0 0 0 0 0 0 0 0 0 0 0 0 0 0 0 0 0 0 0 0 0 0 0 0 0 0 0 0 0 0 0 0 0 0 0 0 0 0 0 0 0
0 0 0 0 0 0 0 0 0 0 0 0 5 23 0 1 0 0 2 0 0 0 0 0 1 0 0 0 0 0 0 0 0 0 0 0 0 0 0 0 0 0 0 0 0 0 0 0 3 8 0 7 51 0 8 1 0 0 0 0 0 3 2 0 0 0 0 0 0 0 0 0 0 0 0 0 0 0 0 0 0 0 0 0 0 0 0 0 0 0 0 5 9 6 1 0 1 1 0 1 0 0 0 0 0 0 0 0 0 0 0 0 0 0 0 0 0 0 0 0 0 0 0 0 0 0 0 0 0 0 0 0 0 0 0 0 0 0 0 0 0 0 0 0 0 0 0 0 0 0
0 0 0 0 0 0 0 0 0 2 0 0 0 0 0 0 1 0 0 0 0 0 0 1 0 0 0 0 0 0 0 0 0 0 0 0 0 0 0 0 0 0 0 0 0 0 0 0 0 0 1 0 2 0 0 0 0 0 0 1 6 2 0 1 0 0 0 0 0 0 0 0 0 0 0 0 0 0 0 0 0 0 0 0 0 0 0 0 0 0 0 0 0 0 0 1 4 0 2 0 1 0 0 0 0 0 0 0 0 0 0 0 0 0 0 0 0 0 0 0 0 0 0 0 0 0 0 0 0 0 0 0 0 0 0 0 0 0 0 0 0 0 0 0 0 2 0 0 0 0
0 0 0 0 0 0 0 0 0 0 1 0 0 0 0 0 0 0 0 0 0 0 1 0 2 0 0 0 0 0 0 2 0 1 7 0 1 1 0 0 0 0 0 0 0 1 8 1 0 0 0 0 0 0 0 0 0 0 0 0 3 0 0 0 0 0 0 0 0 0 0 0 0 0 0 0 0 0 0 0 0 0 0 0 0 0 0 0 0 0 0 0 0 0 0 0 5 10 0 0 0 0 0 0 0 0 0 0 0 0 0 0 0 0 0 0 0 0 0 0 0 0 0 0 0 0 0 0 0 0 0 0 0 0 0 0 0 0 0 0 0 0 0 0 3 3 0 0 0 0
0 0 0 0 0 0 0 0 0 0 0 0 0 0 0 0 0 0 0 7 1 0 0 0 0 0 0 0 0 0 0 0 0 1 0 0 0 1 2 0 0 0 0 0 0 2 0 0 0 0 0 0 0 0 0 0 0 0 0 0 0 0 0 0 0 0 0 0 0 0 0 1 0 0 0 0 0 0 0 0 0 0 0 0 0 0 0 0 0 0 0 0 0 0 0 4 2 0 0 1 3 0 0 0 0 0 0 0 0 0 0 0 0 0 0 0 0 0 0 0 0 0 0 0 0 0 0 0 0 0 0 0 0 0 0 0 0 0 0 0 0 0 0 0 0 0 0 0 0 0
0 0 0 0 0 0 0 0 0 0 0 0 0 0 0 0 0 0 0 2 0 0 0 0 0 0 0 0 0 0 0 0 0 0 0 0 0 0 0 0 0 0 0 0 0 0 0 0 0 0 0 0 0 0 0 0 0 0 0 0 2 0 0 0 0 0 0 0 0 0 0 0 0 0 0 0 0 0 0 0 0 0 0 0 0 0 0 0 1 0 0 0 0 0 3 0 0 0 0 0 0 2 0 0 0 0 0 0 0 0 0 0 0 0 0 0 0 0 0 0 0 0 0 0 0 0 0 0 0 0 0 0 0 0 0 0 0 0 0 0 0 0 0 0 0 0 0 0 0 0
0 0 0 0 0 0 0 0 0 0 3 0 0 0 0 0 0 0 0 0 0 0 0 0 0 0 0 0 0 0 0 0 0 0 0 0 0 0 0 0 0 0 0 0 2 0 0 0 0 0 0 0 0 0 0 0 0 0 0 0 0 0 0 0 0 0 0 0 0 0 0 0 0 0 0 0 0 0 0 0 0 0 0 0 0 0 0 0 0 0 0 0 0 0 0 2 2 0 0 0 0 0 0 0 0 0 0 0 0 0 0 0 0 0 0 0 0 0 0 0 0 0 0 0 0 0 0 0 0 0 0 0 0 0 0 0 0 0 0 0 0 0 0 0 0 0 0 0 0 0
0 0 0 0 0 0 0 0 0 0 0 0 0 0 0 0 1 0 0 0 0 0 0 0 0 0 0 0 0 0 0 0 0 0 0 0 0 0 0 0 0 0 0 4 2 0 0 0 0 0 0 0 0 0 0 0 0 0 0 7 3 0 0 0 0 0 0 0 30 0 1 0 0 0 0 0 0 0 0 0 0 0 0 0 0 0 0 0 0 0 0 0 0 0 0 0 1 1 0 0 0 0 0 0 0 0 0 0 0 0 0 0 0 0 0 0 0 0 0 0 0 0 0 0 0 0 0 0 0 0 0 0 0 0 0 0 0 0 0 0 0 0 0 0 0 0 0 0 0 0
2 0 0 0 0 0 0 0 0 0 0 0 5 0 0 0 0 3 0 0 0 0 0 0 0 0 0 0 0 0 0 0 0 0 0 0 0 0 0 3 0 0 1 1 0 0 0 0 0 0 0 0 0 0 0 0 0 0 0 0 14 4 1 0 0 0 0 0 67 47 1 0 0 0 0 0 0 0 0 0 0 0 0 0 0 0 0 0 0 0 0 0 0 0 0 0 0 0 1 0 0 0 0 0 0 0 0 0 0 0 0 0 0 0 0 0 0 0 0 0 0 0 0 0 0 0 0 0 0 0 0 0 0 0 0 0 0 0 0 0 0 0 0 0 0 0 0 0 0 0
0 0 0 0 0 0 0 0 0 0 0 0 14 3 0 0 10 0 0 3 0 0 0 10 0 1 0 0 0 0 0 0 0 0 0 0 4 3 14 1 0 0 1 0 0 0 0 0 0 0 0 0 0 0 0 0 0 0 0 0 0 0 0 2 45 17 6 0 0 0 0 0 0 0 0 0 0 0 0 0 0 0 0 0 0 0 0 0 0 0 0 0 0 0 0 0 0 0 1 0 0 0 0 0 0 0 0 0 0 0 0 0 0 0 0 0 0 0 0 0 0 0 0 0 0 0 0 0 0 0 0 0 0 0 0 0 0 0 0 0 0 0 0 0 0 0 0 0 0 0
0 13 1 0 0 0 0 0 0 0 0 0 1 0 0 0 2 0 0 6 2 11 59 3 1 0 0 0 0 0 0 0 0 0 0 2 12 1 0 0 0 2 0 0 0 0 0 0 0 0 0 0 0 0 0 0 0 0 0 0 0 0 0 0 0 0 0 0 0 0 0 0 0 0 0 0 0 0 0 0 0 0 0 0 0 0 0 0 0 0 0 0 0 0 0 0 0 0 0 0 0 0 0 0 0 0 0 0 0 0 0 0 0 0 0 0 0 0 0 0 0 0 0 0 0 0 0 0 0 0 0 0 0 0 0 0 0 0 0 0 0 0 0 0 0 0 0 0 0 0
1 0 3 0 0 0 0 0 0 0 0 0 0 0 0 2 7 0 1 2 0 124 1 5 5 0 0 0 0 2 0 0 0 0 0 0 1 1 0 0 5 0 0 0 0 0 0 0 0 0 0 0 0 0 0 0 0 0 0 0 0 0 0 0 0 0 0 0 0 0 0 0 0 0 0 0 0 0 0 0 0 0 0 0 0 0 0 0 0 0 0 0 0 0 0 0 0 0 0 0 0 0 0 0 0 0 0 0 0 0 0 0 0 0 0 0 0 0 0 0 0 0 0 0 0 0 0 0 0 0 0 0 0 0 0 0 0 0 0 0 0 0 0 0 0 0 0 0 0 0
0 0 0 0 0 0 0 0 0 0 0 0 2 0 0 0 0 0 0 2 0 4 4 0 2 3 1 3 0 17 0 0 0 0 1 1 0 1 0 0 0 0 0 0 0 0 0 0 0 0 0 0 0 0 0 0 0 0 0 0 0 0 0 0 0 0 0 0 0 0 0 0 0 0 0 0 0 0 0 0 0 0 0 0 0 0 0 0 0 0 0 0 0 0 0 0 0 0 0 0 0 0 0 0 0 0 0 0 0 0 0 0 0 0 0 0 0 0 0 0 0 0 0 0 0 0 0 0 0 0 0 0 0 0 0 0 0 0 0 0 0 0 0 0 0 0 0 0 0 0
0 0 0 0 0 0 0 0 0 0 0 0 0 0 0 0 0 0 0 0 0 0 0 1 0 3 0 6 5 0 0 0 0 9 2 0 0 0 0 0 0 0 0 0 0 0 0 0 0 0 0 0 0 0 0 0 0 0 0 0 0 0 0 0 0 0 0 0 0 0 0 0 0 0 0 0 0 0 0 0 0 0 0 0 0 0 0 0 0 0 0 0 0 0 0 0 0 0 0 0 0 0 0 0 0 0 0 0 0 0 0 0 0 0 0 0 0 0 0 0 0 0 0 0 0 0 0 0 0 0 0 0 0 0 0 0 0 0 0 0 0 0 0 0 0 0 0 0 0 0
0 0 0 0 0 0 0 0 0 0 0 0 0 0 0 0 0 0 0 0 0 1 0 0 0 0 0 0 53 21 2 3 3 11 1 0 2 0 2 0 0 0 0 0 0 0 0 0 0 0 0 0 0 0 0 0 0 0 0 0 0 0 0 0 0 0 0 0 0 0 0 0 0 0 0 0 0 0 0 0 0 0 0 0 0 0 0 0 0 0 0 0 0 0 0 0 0 0 0 0 0 0 0 0 0 0 0 0 0 0 0 0 0 0 0 0 0 0 0 0 0 0 0 0 0 0 0 0 0 0 0 0 0 0 0 0 0 0 0 0 0 0 0 0 0 0 0 0 0 0
0 2 0 0 0 0 0 0 0 0 0 0 0 0 0 0 0 0 0 0 0 0 0 0 0 1 5 1 0 1 1 0 1 1 0 0 1 0 0 0 0 0 0 0 0 0 0 0 0 0 0 0 0 0 0 0 0 0 0 0 0 0 0 0 0 0 0 0 0 0 0 0 0 0 0 0 0 0 0 0 0 0 0 0 0 0 0 0 0 0 0 0 0 0 0 0 0 0 0 0 0 0 0 0 0 0 0 0 0 0 0 0 0 0 0 0 0 0 0 0 0 0 0 0 0 0 0 0 0 0 0 0 0 0 0 0 0 0 0 0 0 0 0 0 0 0 0 0 0 0
0 0 0 0 0 0 0 0 0 0 1 0 0 0 0 0 0 0 0 0 0 1 0 0 1 0 2 0 0 0 4 0 0 0 0 0 0 1 0 0 0 0 0 0 0 0 0 0 0 0 0 0 0 0 0 0 0 0 0 0 0 0 0 0 0 0 0 0 0 0 0 0 0 0 0 0 0 0 0 0 0 0 0 0 0 0 0 0 0 0 0 0 0 0 0 0 0 0 0 0 0 0 0 0 0 0 0 0 0 0 0 0 0 0 0 0 0 0 0 0 0 0 0 0 0 0 0 0 0 0 0 0 0 0 0 0 0 0 0 0 0 0 0 0 0 0 0 0 0 0
0 0 0 0 0 0 0 0 0 0 0 0 0 0 0 0 0 0 0 0 0 0 1 0 0 0 0 0 0 0 0 0 0 0 0 0 4 0 1 0 0 0 0 0 0 0 0 0 0 0 0 0 0 0 0 0 0 0 0 0 0 0 0 0 0 0 0 0 0 0 0 0 0 0 0 0 0 0 0 0 0 0 0 0 0 0 0 0 0 0 0 0 0 0 0 0 0 0 0 0 0 0 0 0 0 0 0 0 0 0 0 0 0 0 0 0 0 0 0 0 0 0 0 0 0 0 0 0 0 0 0 0 0 0 0 0 0 0 0 0 0 0 0 0 0 0 0 0 0 0
6 0 0 0 0 0 0 0 0 0 0 2 1 0 0 0 0 0 0 0 0 0 0 0 0 0 0 8 1 1 0 0 0 0 0 0 0 0 0 0 0 0 0 0 0 0 0 0 0 0 0 0 0 0 0 0 0 0 0 0 0 0 0 0 0 0 0 0 0 0 0 0 0 0 0 0 0 0 0 0 0 0 0 0 0 0 0 0 0 0 0 0 0 0 0 0 0 0 0 0 0 0 0 0 0 0 0 0 0 0 0 0 0 0 0 0 0 0 0 0 0 0 0 0 0 0 0 0 0 0 0 0 0 0 0 0 0 0 0 0 0 0 0 0 0 0 0 0 0 0
0 0 0 0 0 0 0 0 0 0 0 0 0 0 0 0 0 0 0 0 0 0 0 0 0 0 0 1 1 0 0 0 0 4 0 0 0 0 0 0 0 0 0 0 0 0 0 0 0 0 0 0 0 0 0 0 0 0 0 0 0 0 0 0 0 0 0 0 0 0 0 0 0 0 0 0 0 0 0 0 0 0 0 0 0 0 0 0 0 0 0 0 0 0 0 0 0 0 0 0 0 0 0 0 0 0 0 0 0 0 0 0 0 0 0 0 0 0 0 0 0 0 0 0 0 0 0 0 0 0 0 0 0 0 0 0 0 0 0 0 0 0 0 0 0 0 0 0 0 0
0 0 0 0 0 0 0 0 0 0 3 0 0 2 0 0 0 0 0 0 0 0 0 0 0 0 0 0 0 0 0 2 0 1 0 0 0 0 0 0 0 0 0 0 0 0 0 0 0 0 0 0 0 0 0 0 0 0 0 0 0 0 0 0 0 0 0 0 0 0 0 0 0 0 0 0 0 0 0 0 0 0 0 0 0 0 0 0 0 0 0 0 0 0 0 0 0 0 0 0 0 0 0 0 0 0 0 0 0 0 0 0 0 0 0 0 0 0 0 0 0 0 0 0 0 0 0 0 0 0 0 0 0 0 0 0 0 0 0 0 0 0 0 0 0 0 0 0 0 0
0 0 0 0 0 0 0 0 0 0 0 0 0 6 0 0 0 0 0 0 0 0 0 0 0 0 0 0 0 0 0 0 0 0 0 0 0 0 0 0 0 0 0 0 0 0 0 0 0 0 0 0 0 0 0 0 0 0 0 0 0 0 0 0 0 0 0 0 0 0 0 0 0 0 0 0 0 0 0 0 0 0 0 0 0 0 0 0 0 0 0 0 0 0 0 0 0 0 0 0 0 0 0 0 0 0 0 0 0 0 0 0 0 0 0 0 0 0 0 0 0 0 0 0 0 0 0 0 0 0 0 0 0 0 0 0 0 0 0 0 0 0 0 0 0 0 0 0 0 0
0 0 0 0 0 0 0 0 0 1 0 0 0 0 0 0 0 0 0 0 0 0 0 0 0 0 0 0 0 0 0 0 0 0 0 0 0 0 0 0 0 0 0 0 0 0 0 0 0 0 0 3 0 0 0 0 0 0 0 0 0 0 0 0 0 0 0 0 0 0 0 0 0 0 0 0 0 0 0 0 0 0 0 0 0 0 0 0 0 0 0 0 0 0 0 0 0 0 0 0 0 0 0 0 0 0 0 0 0 0 0 0 0 0 0 0 0 0 0 0 0 0 0 0 0 0 0 0 0 0 0 0 0 0 0 0 0 0 0 0 0 0 0 0 0 0 0 0 0 0
0 0 0 2 0 0 0 0 5 7 0 0 0 0 0 0 0 0 0 0 0 0 0 0 0 0 0 0 0 0 0 0 0 0 0 0 0 0 0 0 0 0 0 0 0 0 0 0 0 1 0 0 0 0 0 0 0 0 0 0 0 0 0 0 0 0 0 0 0 0 0 0 0 0 0 0 0 0 0 0 0 0 0 0 0 0 0 0 0 0 0 0 0 0 0 0 0 0 0 0 0 0 0 0 0 0 0 0 0 0 0 0 0 0 0 0 0 0 0 0 0 0 0 0 0 0 0 0 0 0 0 0 0 0 0 0 0 0 0 0 0 0 0 0 0 0 0 0 0 0
0 0 0 0 0 2 1 4 7 2 0 0 0 0 0 0 0 0 0 0 0 0 0 0 0 0 0 0 0 0 0 0 0 0 0 0 0 0 0 0 0 0 0 0 0 0 0 0 0 5 8 0 0 0 1 0 0 0 0 0 0 0 0 0 0 0 0 0 0 0 0 0 0 0 0 0 0 0 0 0 0 0 0 0 0 0 0 0 0 0 0 0 0 0 0 0 0 0 0 0 0 0 0 0 0 0 0 0 0 0 0 0 0 0 0 0 0 0 0 0 0 0 0 0 0 0 0 0 0 0 0 0 0 0 0 0 0 0 0 0 0 0 0 0 0 0 0 0 0 0
0 0 0 0 0 0 9 16 0 0 0 0 0 0 0 0 0 0 0 0 0 0 0 0 0 0 0 0 0 0 0 0 0 0 0 0 0 0 0 0 0 0 0 0 0 0 0 0 1 0 0 0 183 0 0 0 0 0 0 0 0 0 0 0 0 0 0 0 0 0 0 0 0 0 0 0 0 0 0 0 0 0 0 0 0 0 0 0 0 0 0 0 0 0 0 0 0 0 0 0 0 0 0 0 0 0 0 0 0 0 0 0 0 0 0 0 0 0 0 0 0 0 0 0 0 0 0 0 0 0 0 0 0 0 0 0 0 0 0 0 0 0 0 0 0 0 0 0 0 0
0 0 0 0 0 0 0 0 0 0 0 0 0 0 0 0 0 0 0 0 0 0 0 0 0 0 0 0 0 0 0 0 0 0 0 0 0 0 0 0 0 0 0 0 0 0 0 0 0 0 0 0 1 50 0 0 0 0 0 0 0 0 0 0 0 0 0 0 0 0 0 0 0 0 0 0 0 0 0 0 0 0 0 0 0 0 0 0 0 0 0 0 0 0 0 0 0 0 0 0 0 0 0 0 0 0 0 0 0 0 0 0 0 0 0 0 0 0 0 0 0 0 0 0 0 0 0 0 0 0 0 0 0 0 0 0 0 0 0 0 0 0 0 0 0 0 0 0 0 0
0 0 0 0 0 0 0 0 0 0 0 0 0 0 0 0 0 0 0 0 0 0 0 0 0 0 0 0 0 0 0 0 0 0 0 0 0 0 0 0 0 0 0 0 0 0 0 0 0 0 0 0 0 1 0 0 0 0 0 0 0 0 0 0 0 0 0 0 0 0 0 0 0 0 0 0 0 0 0 0 0 0 0 0 0 0 0 0 0 0 0 0 0 0 0 0 0 0 0 0 0 0 0 0 0 0 0 0 0 0 0 0 0 0 0 0 0 0 0 0 0 0 0 0 0 0 0 0 0 0 0 0 0 0 0 0 0 0 0 0 0 0 0 0 0 0 0 0 0 0
0 0 0 0 0 0 0 0 0 0 0 0 0 0 0 0 0 0 0 0 0 0 0 0 0 0 0 0 0 0 0 0 0 0 0 0 0 0 0 0 0 0 0 0 0 0 0 0 0 0 0 0 1 0 0 0 0 0 0 0 0 0 0 0 0 0 0 0 0 0 0 0 0 0 0 0 0 0 0 0 0 0 0 0 0 0 0 0 0 0 0 0 0 0 0 0 0 0 0 0 0 0 0 0 0 0 0 0 0 0 0 0 0 0 0 0 0 0 0 0 0 0 0 0 0 0 0 0 0 0 0 0 0 0 0 0 0 0 0 0 0 0 0 0 0 0 0 0 0 0
0 0 0 0 0 0 0 0 0 0 0 0 0 0 0 0 0 0 0 0 0 0 0 0 0 0 0 0 0 0 0 0 0 0 0 0 0 0 0 0 0 0 0 0 0 0 0 0 0 0 0 0 0 0 0 0 0 0 0 0 0 0 0 0 0 0 0 0 0 0 0 0 0 0 0 0 0 0 0 0 0 0 0 0 0 0 0 0 0 0 0 0 0 0 0 0 0 0 0 0 0 0 0 0 0 0 0 0 0 0 0 0 0 0 0 0 0 0 0 0 0 0 0 0 0 0 0 0 0 0 0 0 0 0 0 0 0 0 0 0 0 0 0 0 0 0 0 0 0 0
0 0 0 0 0 0 0 0 0 0 0 0 0 0 0 0 0 0 0 0 0 0 0 0 0 0 0 0 0 0 2 0 0 0 1 0 0 0 0 0 0 0 0 0 0 0 0 0 0 0 0 0 0 5 0 0 0 0 0 0 0 0 0 0 0 0 0 0 0 0 0 0 0 0 0 0 0 0 0 0 0 0 0 0 0 0 0 0 0 0 0 0 0 0 0 0 0 0 0 0 0 0 0 0 0 0 0 0 0 0 0 0 0 0 0 0 0 0 0 0 0 0 0 0 0 0 0 0 0 0 0 0 0 0 0 0 0 0 0 0 0 0 0 0 0 0 0 0 0 0
0 0 0 0 0 0 0 0 0 0 0 0 0 0 0 0 0 0 0 0 0 0 0 0 0 0 0 0 0 0 0 3 0 0 0 0 0 0 0 0 0 0 0 0 0 0 0 0 0 0 0 0 0 0 0 0 0 0 0 0 0 0 0 0 0 0 0 0 0 0 0 0 0 0 0 0 0 0 0 0 0 0 0 0 0 0 0 0 0 0 0 0 0 0 0 0 0 0 0 0 0 0 0 0 0 0 0 0 0 0 0 0 0 0 0 0 0 0 0 0 0 0 0 0 0 0 0 0 0 0 0 0 0 0 0 0 0 0 0 0 0 0 0 0 0 0 0 0 0 0
0 0 0 0 0 0 0 0 0 0 0 0 0 0 0 0 0 0 0 0 0 0 0 0 0 0 0 0 0 0 1 17 0 0 0 0 0 0 0 0 0 0 0 0 0 0 0 0 0 0 0 0 0 0 0 0 0 0 0 0 0 0 0 0 0 0 0 0 0 0 0 0 0 0 0 0 0 0 0 0 0 0 0 0 0 0 0 0 0 0 0 0 0 0 0 0 0 0 0 0 0 0 0 0 0 0 0 0 0 0 0 0 0 0 0 0 0 0 0 0 0 0 0 0 0 0 0 0 0 0 0 0 0 0 0 0 0 0 0 0 0 0 0 0 0 0 0 0 0 0
0 0 0 0 0 0 0 0 0 0 0 0 0 0 0 0 0 0 0 0 0 0 0 0 0 0 2 0 0 2 0 0 0 0 0 0 0 0 0 0 0 0 0 0 0 0 0 0 0 0 0 0 0 0 0 0 0 0 0 0 0 0 0 0 0 0 0 0 0 0 0 0 0 0 0 0 0 0 0 0 0 0 0 0 0 0 0 0 0 0 0 0 0 0 0 0 0 0 0 0 0 0 0 0 0 0 0 0 0 0 0 0 0 0 0 0 0 0 0 0 0 0 0 0 0 0 0 0 0 0 0 0 0 0 0 0 0 0 0 0 0 0 0 0 0 0 0 0 0 0
0 0 0 0 0 0 0 0 0 0 0 0 0 0 0 0 0 0 0 0 0 0 0 0 0 0 0 0 0 62 30 0 0 0 0 0 0 0 0 0 0 0 0 0 0 0 0 0 0 0 0 0 0 0 0 0 0 0 0 0 0 0 0 0 0 0 0 0 0 0 0 0 0 0 0 0 0 0 0 0 0 0 0 0 0 0 0 0 0 0 0 0 0 0 0 0 0 0 0 0 0 0 0 0 0 0 0 0 0 0 0 0 0 0 0 0 0 0 0 0 0 0 0 0 0 0 0 0 0 0 0 0 0 0 0 0 0 0 0 0 0 0 0 0 0 0 0 0 0 0
0 0 0 0 0 0 0 0 0 0 0 0 0 0 0 0 0 0 0 0 0 0 0 0 0 0 0 0 0 0 0 0 0 1 0 0 0 0 0 0 0 0 0 0 0 0 0 0 0 15 0 0 0 0 0 0 0 0 0 0 0 0 0 0 0 0 0 0 0 0 0 0 0 0 0 0 0 0 0 0 0 0 0 0 0 0 0 0 0 0 0 0 0 0 0 0 0 0 0 0 0 0 0 0 0 0 0 0 0 0 0 0 0 0 0 0 0 0 0 0 0 0 0 0 0 0 0 0 0 0 0 0 0 0 0 0 0 0 0 0 0 0 0 0 0 0 0 0 0 0
0 0 0 0 0 0 0 0 0 0 0 0 0 0 0 0 0 0 0 0 0 0 0 0 0 0 17 0 0 0 0 0 0 0 0 0 0 0 0 0 0 0 0 0 0 0 0 0 0 0 0 0 0 0 0 0 0 0 0 0 0 0 0 0 0 0 0 0 0 0 0 0 0 0 0 0 0 0 0 0 0 0 0 0 0 0 0 0 0 0 0 0 0 0 0 0 0 0 0 0 0 0 0 0 0 0 0 0 0 0 0 0 0 0 0 0 0 0 0 0 0 0 0 0 0 0 0 0 0 0 0 0 0 0 0 0 0 0 0 0 0 0 0 0 0 0 0 0 0 0
0 0 0 0 0 0 0 0 0 0 0 0 0 0 0 0 0 0 0 0 0 0 0 0 0 0 0 1 0 0 0 0 0 0 0 0 0 0 0 0 0 0 0 0 0 0 0 0 0 0 0 0 0 0 0 0 0 0 0 0 0 0 0 0 0 0 0 0 0 0 0 0 0 0 0 0 0 0 0 0 0 0 0 0 0 0 0 0 0 0 0 0 0 0 0 0 0 0 0 0 0 0 0 0 0 0 0 0 0 0 0 0 0 0 0 0 0 0 0 0 0 0 0 0 0 0 0 0 0 0 0 0 0 0 0 0 0 0 0 0 0 0 0 0 0 0 0 0 0 0
0 0 0 0 0 0 0 0 0 0 0 0 0 0 0 0 0 0 0 0 0 0 0 0 0 0 0 0 0 0 0 0 0 0 0 0 0 0 0 0 0 0 0 0 0 0 0 0 0 0 0 0 0 0 0 0 0 0 0 0 0 0 0 0 0 0 0 0 0 0 0 0 0 0 0 0 0 0 0 0 0 0 0 0 0 0 0 0 0 0 0 0 0 0 0 0 0 0 0 0 0 0 0 0 0 0 0 0 0 0 0 0 0 0 0 0 0 0 0 0 0 0 0 0 0 0 0 0 0 0 0 0 0 0 0 0 0 0 0 0 0 0 0 0 0 0 0 0 0 0
0 0 0 0 0 0 0 0 0 0 0 0 0 0 0 0 0 0 0 0 0 0 0 0 0 0 0 0 0 0 0 0 0 0 0 0 0 0 0 0 0 0 0 0 0 0 0 0 0 0 0 0 0 0 0 0 0 0 0 0 0 0 0 0 0 0 0 0 0 0 0 0 0 0 0 0 0 0 0 0 0 0 0 0 0 0 0 0 0 0 0 0 0 0 0 0 0 0 0 0 0 0 0 0 0 0 0 0 0 0 0 0 0 0 0 0 0 0 0 0 0 0 0 0 0 0 0 0 0 0 0 0 0 0 0 0 0 0 0 0 0 0 0 0 0 0 0 0 0 0
0 0 0 0 0 0 0 0 0 0 0 0 0 0 0 0 0 0 0 0 0 0 0 0 0 0 0 0 0 0 0 0 0 0 0 0 0 0 0 0 0 0 0 0 0 0 0 0 0 0 0 0 0 0 0 0 0 0 0 0 0 0 0 0 0 0 0 0 0 0 0 0 0 0 0 0 0 0 0 0 0 0 0 0 0 0 0 0 0 0 0 0 0 0 0 0 0 0 0 0 0 0 0 0 0 0 0 0 0 0 0 0 0 0 0 0 0 0 0 0 0 0 0 0 0 0 0 0 0 0 0 0 0 0 0 0 0 0 0 0 0 0 0 0 0 0 0 0 0 0
0 0 0 0 0 0 0 0 0 0 0 0 0 0 0 0 0 0 0 0 0 0 0 0 0 0 0 0 0 0 0 0 0 0 0 0 0 0 0 0 0 0 0 0 0 0 0 0 0 0 0 0 0 0 0 0 0 0 0 0 0 0 0 0 0 0 0 0 0 0 0 0 0 0 0 0 0 0 0 0 0 0 0 0 0 0 0 0 0 0 0 0 0 0 0 0 0 0 0 0 0 0 0 0 0 0 0 0 0 0 0 0 0 0 0 0 0 0 0 0 0 0 0 0 0 0 0 0 0 0 0 0 0 0 0 0 0 0 0 0 0 0 0 0 0 0 0 0 0 0
0 0 0 0 0 0 0 0 0 0 0 0 0 0 0 0 0 0 0 0 0 0 0 0 0 0 0 0 0 0 0 0 0 0 0 0 0 0 0 0 0 0 0 0 0 0 0 0 0 0 0 0 0 0 0 0 0 0 0 0 0 0 0 0 0 0 0 0 0 0 0 0 0 0 0 0 0 0 0 0 0 0 0 0 0 0 0 0 0 0 0 0 0 0 0 0 0 0 0 0 0 0 0 0 0 0 0 0 0 0 0 0 0 0 0 0 0 0 0 0 0 0 0 0 0 0 0 0 0 0 0 0 0 0 0 0 0 0 0 0 0 0 0 0 0 0 0 0 0 0
