0 2 6 0 0 0 3 0 4 52 2 4 0 7 0 0 0 4 1 0 1 0 0 0 0 11 0 0 0 0 0 0 0 1 11 2 0 0 1 4 0 0 0 0 0 0 0 0 0 0 0 0 0 0 0 1 0 0 0 0 22 10 4 1 2 4 0 0 0 1 0 4 5 56 94 185 53 14 28 16 10 76 20 71 46 95 92 120 14 115 399 307 73 271 240 293 487 287 367 62 86 45 18 12 21 43 16 187 115 5 7 3 15 37 46 19 16 3 1 0 4 24 11 5 1 0 0 5 6 6 0 15 0 5 1 0 0 1 3 0 2 0 0 0 0 0 0 0 0 21
0 6 3 5 0 0 0 0 0 16 4 2 5 3 0 0 0 0 4 0 0 1 16 1 11 28 0 0 0 0 0 0 0 0 0 3 0 1 3 3 0 0 0 0 0 0 0 0 0 0 0 0 0 0 9 0 0 0 0 10 67 10 2 11 0 0 0 0 0 0 0 4 49 16 8 1 34 26 5 9 25 15 0 0 43 115 179 63 135 165 36 10 88 374 250 79 174 242 383 291 118 94 37 15 6 4 0 66 24 5 4 6 3 11 23 58 4 3 0 12 4 2 5 5 3 1 1 2 9 15 11 1 26 33 0 0 0 0 0 20 4 0 0 0 0 0 0 0 0 0
0 0 0 1 0 0 0 0 0 6 1 1 19 1 0 0 0 0 8 2 1 9 71 6 13 0 3 3 0 0 0 0 0 1 0 3 0 1 0 20 1 0 0 0 0 0 0 0 0 0 0 0 0 0 1 0 0 0 1 3 7 3 0 3 0 0 0 0 0 0 0 1 2 0 0 1 0 19 43 54 88 19 1 16 17 112 347 80 7 0 33 15 54 151 192 306 114 253 115 201 264 186 16 28 7 6 1 25 100 66 28 5 1 0 9 3 6 70 5 22 18 15 7 6 1 2 0 4 1 20 2 1 39 57 0 0 19 0 5 6 4 2 0 0 0 1 0 0 0 0
7 27 0 0 0 0 5 0 0 0 0 1 0 0 0 1 0 0 2 2 0 1 1 1 1 0 1 1 7 0 1 0 0 0 0 3 0 1 0 0 1 0 0 0 0 0 0 0 0 0 0 0 0 0 119 11 3 19 14 0 0 1 2 3 0 0 0 0 0 2 0 29 15 0 0 4 6 26 101 43 65 18 22 61 74 4 21 77 0 106 320 414 665 258 333 172 42 91 315 170 236 255 61 19 11 117 6 16 146 29 4 7 5 2 0 5 8 71 17 6 8 26 23 2 0 6 1 1 4 0 0 6 10 0 0 1 6 0 0 14 27 3 0 0 0 0 0 0 0 0
3 9 0 0 0 0 1 0 1 0 0 0 0 0 0 5 2 2 0 1 0 0 1 0 2 0 0 1 0 3 1 0 0 1 1 10 2 0 2 0 0 0 0 0 0 0 0 0 2 3 0 0 0 0 32 76 15 8 0 0 43 2 0 3 0 0 0 0 0 2 55 50 60 75 21 34 33 73 118 123 155 113 140 59 134 51 18 33 14 170 641 316 373 404 179 88 15 355 144 346 278 311 363 278 149 46 54 14 5 10 9 11 12 12 6 0 0 14 35 15 127 364 66 17 8 2 3 1 6 2 0 0 0 0 0 7 0 0 0 0 31 8 0 0 0 0 0 0 0 0
38 7 0 0 0 0 0 0 3 1 4 1 0 0 0 0 0 2 2 18 1 5 0 0 0 0 0 0 0 0 0 1 0 0 7 24 12 21 0 0 0 0 0 0 0 0 0 0 0 0 37 11 0 4 1 20 12 3 2 1 0 0 1 2 0 0 0 0 6 22 76 66 80 50 47 42 16 21 26 119 200 324 211 35 0 65 30 5 2 94 896 256 19 125 314 281 41 717 504 194 231 210 407 210 18 79 7 29 4 0 0 2 0 38 4 4 17 6 1 5 38 63 6 3 1 4 3 1 3 0 0 0 0 0 0 0 0 0 0 0 0 0 0 0 0 0 0 0 0 0
0 0 0 0 3 0 0 0 0 0 0 0 0 1 0 0 0 0 0 0 0 1 0 0 0 0 0 1 1 2 0 1 0 0 0 5 4 0 1 0 0 0 0 0 0 0 0 0 0 2 2 2 2 2 0 15 11 0 14 31 1 4 0 2 4 0 0 0 2 27 21 41 99 152 142 63 244 75 173 219 372 334 521 248 44 5 2 69 50 42 643 665 25 208 303 170 171 168 265 114 11 150 70 45 6 21 45 4 1 8 19 94 81 8 9 17 1 3 9 10 28 52 7 0 0 0 7 0 0 0 1 0 0 0 0 0 0 1 0 0 0 0 1 0 0 0 0 0 0 0
1 0 0 0 0 0 0 0 0 0 0 0 0 0 0 0 0 0 0 0 0 0 0 0 0 0 0 1 0 0 3 0 0 0 2 2 0 0 2 10 0 0 0 0 0 0 0 0 0 0 0 0 6 6 0 1 0 16 31 31 42 14 29 2 15 33 0 0 19 168 7 2 14 28 41 16 66 71 325 419 425 259 340 96 41 72 84 187 77 33 171 46 10 193 185 138 73 418 342 96 175 180 164 189 91 74 14 22 37 13 175 168 39 23 0 19 1 5 5 4 8 15 12 0 4 0 6 1 3 0 0 0 0 0 0 0 0 0 0 0 0 0 0 0 0 0 0 0 0 0
5 0 0 0 0 0 0 0 11 2 0 0 0 9 6 0 0 0 0 0 0 0 0 0 0 0 0 0 0 0 3 0 0 0 1 0 0 0 0 2 0 0 0 0 0 0 0 0 0 0 0 0 0 6 0 0 0 4 1 41 172 233 11 1 3 19 5 12 8 22 0 0 0 1 1 10 7 21 21 198 366 349 379 17 2 7 82 106 186 35 1 6 134 426 579 618 58 262 87 62 150 38 37 130 301 39 94 76 24 30 365 53 87 2 23 6 0 0 5 3 4 3 7 7 1 2 0 1 1 1 3 0 0 0 0 0 0 0 0 0 0 0 0 0 0 0 0 3 0 0
0 0 0 0 0 0 0 3 4 2 0 0 0 0 0 0 0 0 0 0 0 0 0 0 0 0 0 0 0 0 0 0 0 0 0 0 0 0 2 2 0 0 0 0 0 0 0 0 1 4 5 0 3 9 0 0 1 2 1 13 24 65 9 2 3 4 2 1 0 3 0 0 0 0 0 5 7 30 84 325 577 269 408 137 415 429 117 53 66 90 34 0 5 283 399 569 302 59 52 18 39 39 17 6 32 176 173 86 30 37 165 182 147 5 1 80 106 224 101 36 2 2 7 16 5 3 5 1 3 9 51 11 0 0 0 0 0 0 0 0 0 0 0 0 0 0 0 1 0 0
0 0 0 0 0 0 1 0 0 0 3 7 0 0 0 3 0 2 0 0 0 0 0 0 0 0 0 0 0 0 0 2 0 0 0 2 0 0 0 0 0 0 3 3 0 0 1 5 38 16 4 0 1 4 0 0 0 3 4 25 1 71 5 14 3 0 0 0 1 1 0 0 0 0 0 0 3 14 50 146 216 141 251 91 83 118 72 150 130 123 11 0 1 64 141 352 363 17 15 44 9 9 5 4 31 137 410 136 78 58 197 51 53 17 1 52 156 279 144 77 159 63 114 67 56 214 31 34 12 21 1 40 7 21 2 1 0 0 0 0 0 0 0 0 0 0 0 0 1 0
0 0 1 0 0 0 0 0 0 1 0 0 0 0 0 5 7 7 2 0 0 0 0 0 0 0 0 0 0 0 0 0 0 1 4 0 0 0 0 1 0 4 13 3 4 0 1 0 0 0 0 0 1 1 30 0 0 1 0 6 1 0 0 0 1 0 3 0 1 0 2 0 0 0 0 0 37 16 52 137 296 87 12 28 60 53 4 6 61 192 27 0 0 0 6 38 397 251 123 4 0 4 20 16 10 32 168 135 8 22 102 70 17 30 11 102 393 102 256 376 192 148 74 43 87 134 0 0 0 25 1 0 43 9 7 0 0 0 0 0 0 0 0 0 0 0 0 0 0 0
0 0 0 0 0 0 1 0 1 0 0 0 0 0 0 0 7 6 0 4 4 5 0 0 0 0 0 0 0 0 0 1 0 0 0 0 0 0 0 0 0 2 16 2 7 0 0 10 0 0 0 0 6 1 4 0 0 0 3 2 1 1 0 0 0 0 1 0 0 3 7 0 0 0 0 19 34 46 51 5 66 68 13 0 10 2 1 0 0 2 0 0 5 75 40 10 233 141 278 228 3 3 46 9 6 2 3 63 173 106 356 255 34 290 62 30 9 44 696 452 59 153 50 0 41 50 0 0 53 10 0 0 9 4 5 0 0 0 0 0 0 0 0 0 0 0 0 0 0 0
0 0 0 0 0 0 1 4 0 1 0 0 0 0 0 0 0 0 26 9 9 5 0 0 0 0 0 0 0 0 3 0 0 0 0 0 1 0 0 0 0 2 0 33 14 0 0 0 2 0 1 14 0 0 0 0 0 0 4 0 5 4 2 1 0 0 18 7 4 21 19 0 0 6 1 153 393 188 125 3 29 183 29 3 8 86 3 2 0 10 1 1 1 28 15 9 43 293 81 109 0 5 136 64 209 62 23 197 93 270 584 458 358 137 104 145 58 77 269 250 65 23 0 3 0 3 26 0 7 0 0 0 0 2 0 0 0 0 0 0 0 0 0 0 0 0 0 0 0 0
0 0 0 0 0 0 1 2 4 1 0 0 0 0 0 0 0 0 1 3 5 0 0 0 0 0 0 0 0 0 1 0 0 0 0 0 0 0 0 0 0 0 0 7 14 0 0 0 0 10 4 35 0 0 3 1 1 4 10 11 19 6 1 10 3 25 52 46 65 56 20 0 1 0 44 322 480 598 246 6 0 66 25 0 1 6 2 4 0 10 9 6 0 0 0 0 18 139 90 135 5 64 264 223 787 644 575 451 515 391 292 248 197 257 263 108 57 53 97 31 52 32 8 9 0 2 16 7 5 9 0 0 0 0 0 0 0 0 0 0 0 0 0 0 0 0 0 0 0 0
0 0 0 0 0 0 0 27 10 1 1 0 0 0 0 1 0 0 0 2 0 6 10 0 0 0 0 0 0 1 0 0 0 0 0 0 0 0 0 0 0 0 0 0 0 8 0 0 0 8 36 34 0 0 0 1 11 32 2 39 7 8 1 17 18 24 65 54 52 57 91 27 37 45 337 448 967 410 45 1 1 2 0 0 0 0 6 56 4 52 1 7 0 0 4 23 20 13 9 10 6 0 608 350 232 290 653 103 253 343 414 250 309 123 142 74 10 41 87 55 12 3 53 148 27 40 2 0 3 2 0 0 0 0 12 0 0 0 0 0 0 0 0 0 0 0 0 0 0 0
0 0 0 0 0 0 0 2 1 0 0 0 2 0 0 0 6 1 0 0 0 0 8 14 13 8 2 0 0 0 0 0 0 0 0 0 0 0 0 0 3 0 0 1 0 5 0 2 0 11 13 3 1 20 7 19 25 61 56 13 3 0 2 0 1 0 0 0 0 0 0 0 26 34 168 198 198 99 31 0 0 0 3 0 0 0 0 9 35 4 0 0 3 0 0 7 15 0 5 69 8 131 442 266 139 92 226 72 224 293 271 131 289 98 83 59 31 28 42 3 0 0 124 20 24 132 1 20 1 0 0 0 0 0 0 0 0 0 0 0 0 0 0 0 0 0 0 0 0 0
0 0 0 1 0 1 0 0 0 0 0 0 2 0 0 1 0 3 0 1 0 1 0 0 4 0 6 21 0 0 0 0 0 0 0 0 0 0 0 0 0 0 0 1 0 10 35 2 3 10 10 21 5 33 13 16 33 27 164 7 2 3 0 0 0 2 30 35 1 15 52 4 31 10 19 34 10 74 11 2 0 0 1 0 0 2 0 1 51 5 0 20 34 24 7 0 5 0 7 339 95 70 106 69 68 198 80 66 170 161 48 23 18 90 39 5 51 48 9 1 0 2 2 4 45 253 93 6 2 3 0 0 0 0 0 0 0 0 0 0 0 0 0 0 0 0 0 0 0 0
0 0 0 8 0 2 0 0 0 0 0 0 7 0 0 0 0 2 0 5 0 2 0 0 7 0 44 21 15 0 0 0 0 1 0 12 0 0 0 0 0 0 0 2 13 20 10 24 34 198 53 27 16 13 4 36 69 38 16 15 42 25 2 0 0 0 2 3 0 23 12 7 15 5 8 24 34 14 1 6 11 0 5 7 0 2 4 13 1 0 3 23 42 128 10 0 0 17 79 13 50 125 23 9 27 34 57 157 207 0 0 29 1 240 14 0 2 0 0 0 0 0 2 2 14 84 143 156 5 4 0 0 0 0 0 0 0 0 0 0 0 0 0 0 0 0 0 0 0 0
0 0 0 0 0 0 0 0 0 0 0 0 0 4 0 0 0 0 0 0 0 7 60 1 1 0 2 16 82 3 0 1 0 0 0 0 0 0 0 0 0 3 4 20 5 42 43 10 8 71 12 2 0 0 24 2 25 37 1 0 1 2 0 0 0 7 0 0 6 2 35 17 3 0 175 15 8 0 2 0 3 0 0 1 0 8 15 0 4 5 2 6 7 0 0 12 0 2 12 1 417 589 293 56 35 49 57 197 86 4 0 0 2 47 16 0 0 0 0 0 0 0 0 3 13 2 11 52 4 0 0 0 0 0 0 0 0 0 0 0 0 0 0 0 0 0 0 0 0 0
0 0 0 0 0 0 0 0 0 0 0 0 0 1 0 0 0 1 1 0 0 5 2 2 0 14 0 9 0 6 0 19 0 0 0 0 0 0 0 2 4 31 73 89 70 54 61 75 61 100 105 45 5 12 11 4 5 2 15 0 0 7 7 13 57 51 4 0 7 8 59 12 0 0 6 54 115 40 0 16 1 2 1 1 0 0 0 1 8 5 3 0 0 3 0 0 0 2 206 256 669 513 263 44 3 10 42 47 3 0 0 0 0 1 0 2 0 0 1 0 0 2 2 1 0 2 6 28 0 0 0 0 0 0 0 0 0 0 0 0 0 0 0 0 0 0 0 0 0 0
0 0 0 0 0 0 0 0 0 0 0 0 0 4 0 1 0 0 0 1 0 1 6 2 4 3 1 0 0 0 8 30 10 2 0 0 0 1 0 0 193 66 0 0 0 0 2 6 113 452 132 74 12 1 1 0 4 4 0 0 1 0 1 0 12 21 12 0 4 23 13 8 16 0 1 6 33 19 20 20 13 15 4 10 7 2 2 5 232 32 10 5 0 1 2 8 4 0 44 174 88 29 29 0 4 0 34 27 1 0 0 0 6 23 0 0 0 0 0 0 0 0 0 0 0 26 15 0 0 5 1 0 0 0 0 0 0 0 0 0 0 0 0 0 0 0 0 0 0 0
0 0 0 0 0 0 0 0 0 0 0 0 0 0 0 0 0 0 0 0 0 0 3 2 0 0 0 0 0 0 0 1 19 2 2 0 3 49 5 4 1 0 0 0 0 0 6 26 17 187 105 38 4 0 0 0 0 1 3 0 0 0 0 0 3 1 13 0 0 1 4 10 11 4 3 0 3 4 14 19 0 6 3 0 1 74 0 0 0 0 0 9 0 2 0 1 5 0 0 0 11 0 9 44 22 22 18 26 30 47 32 9 16 0 0 0 0 0 0 0 0 0 0 7 13 10 25 0 0 0 0 0 0 0 0 0 0 0 0 0 0 0 0 0 0 0 0 0 0 0
0 0 0 0 0 0 0 0 0 0 0 0 0 0 0 0 3 2 0 0 1 0 2 2 0 0 0 0 0 0 0 7 3 2 0 3 6 13 20 1 0 0 0 0 28 22 11 25 1 47 62 8 0 2 0 1 3 6 2 0 0 0 0 0 0 0 1 0 0 0 2 0 95 19 8 1 0 0 0 0 0 0 31 70 0 0 3 0 0 0 0 2 2 3 0 2 0 0 2 2 6 0 3 19 12 12 0 5 3 4 6 137 7 0 0 0 0 0 0 0 0 0 0 23 8 5 10 19 0 0 0 0 0 0 0 0 0 0 0 0 2 0 0 0 0 0 0 0 0 0
0 0 0 0 0 0 0 0 0 0 0 0 0 0 0 0 0 1 0 0 0 0 1 0 0 1 0 0 0 0 0 0 1 16 60 0 0 63 0 0 0 0 0 7 29 13 13 2 0 7 27 14 8 10 11 0 0 0 1 1 0 0 0 0 0 0 0 4 5 1 2 0 12 4 33 1 0 0 0 0 0 2 8 71 5 0 0 0 0 0 1 2 2 1 0 0 2 2 0 6 2 3 6 8 193 0 0 5 0 0 0 6 4 0 0 1 0 0 0 0 0 0 0 0 0 12 18 3 0 0 0 0 0 0 0 0 0 0 0 0 0 0 0 0 0 0 0 0 0 0
0 0 0 0 0 0 0 0 0 0 0 0 0 0 1 0 8 0 1 0 0 0 3 2 0 0 0 1 0 0 0 0 12 105 34 0 0 5 0 0 0 0 0 8 52 27 1 0 6 1 22 5 0 1 0 0 0 0 0 0 1 0 0 0 3 2 1 1 0 2 3 22 10 4 0 3 2 0 0 0 3 0 0 2 1 12 3 2 0 2 0 1 5 0 2 2 0 15 1 4 7 2 4 73 109 73 0 0 0 0 0 0 1 4 7 4 0 0 0 0 0 0 0 0 0 17 7 10 0 0 0 0 0 0 0 0 3 16 0 0 0 0 0 0 0 0 0 0 0 0
0 0 0 0 0 0 0 0 0 0 0 0 0 0 5 0 2 1 1 0 0 3 1 0 0 0 0 2 0 0 0 5 1 11 13 1 0 0 0 0 0 0 0 3 21 1 2 2 0 0 12 9 1 0 0 1 0 0 0 0 0 0 0 0 9 0 0 0 4 0 2 8 0 0 4 0 3 1 0 0 0 0 6 0 0 2 2 1 4 0 5 0 0 1 0 1 0 0 0 0 7 2 5 4 16 130 24 0 0 0 0 0 0 4 0 4 0 0 3 1 0 0 0 0 0 59 9 0 0 0 0 0 0 0 0 0 0 2 0 0 0 0 0 0 0 0 0 0 0 0
0 0 0 0 0 0 0 0 0 0 0 0 0 0 7 0 2 16 2 0 0 9 13 1 2 0 0 0 0 1 8 1 0 16 3 0 0 4 0 2 19 132 6 49 95 0 3 0 1 0 0 13 9 2 0 1 0 0 0 0 0 0 0 0 2 0 0 0 3 9 45 10 0 2 0 1 1 3 0 0 0 0 0 0 1 0 0 2 2 4 0 0 2 3 0 0 0 0 0 0 0 1 4 1 10 402 287 10 0 0 0 0 0 0 0 0 0 74 43 1 0 0 0 16 25 12 42 70 61 17 0 0 0 0 0 2 0 3 0 0 0 0 0 0 0 0 0 0 0 0
0 0 0 0 0 0 0 0 0 2 2 0 6 7 1 2 8 29 2 12 0 0 0 1 0 0 2 6 8 5 0 3 3 1 4 13 1 9 13 67 131 293 112 116 50 1 0 3 2 0 0 3 14 7 1 0 0 0 0 0 0 0 0 0 0 0 0 0 0 1 7 12 4 0 5 8 0 3 1 0 0 4 1 0 2 0 0 0 2 5 0 0 1 1 3 13 3 0 0 0 1 1 13 9 113 174 82 175 3 0 0 0 0 0 0 0 67 14 9 0 0 0 4 61 59 54 382 241 35 2 0 0 2 1 0 7 0 0 0 0 0 0 0 0 0 0 0 0 0 0
0 0 0 0 0 0 0 2 2 4 12 18 17 0 0 1 0 1 1 0 5 3 11 20 4 1 3 1 0 0 1 0 1 2 20 9 1 3 50 149 301 482 316 302 14 2 0 3 2 0 6 1 21 42 4 6 0 0 0 0 0 0 0 0 0 0 0 0 0 0 1 1 0 0 0 1 0 1 2 0 0 0 1 0 2 0 0 0 0 2 0 2 9 10 1 7 0 2 0 2 0 2 16 8 4 27 0 45 7 0 0 0 1 0 16 19 397 180 23 12 6 8 1 32 50 29 181 153 127 71 4 12 9 70 0 1 0 0 0 0 0 0 0 0 0 0 0 0 0 0
0 0 0 0 0 0 1 0 1 1 1 0 4 0 1 4 0 0 3 0 0 7 67 21 0 0 0 0 0 0 4 4 0 1 1 13 24 11 16 40 257 246 208 90 10 5 2 0 3 4 1 0 3 4 1 1 0 0 0 0 0 0 0 0 0 0 0 0 2 0 2 0 0 0 0 1 1 5 1 0 0 10 2 0 12 0 0 0 7 19 2 0 7 10 0 0 1 3 0 5 0 0 0 4 1 1 0 1 11 1 2 3 1 0 8 408 212 166 68 55 49 22 28 1 1 6 19 54 0 18 3 90 242 30 9 0 0 0 0 0 0 0 0 0 0 0 0 0 0 0
0 0 0 0 0 1 0 0 0 2 1 9 4 1 0 0 0 2 8 7 194 45 11 0 0 0 0 2 3 4 0 2 21 8 18 0 0 0 0 57 195 157 178 67 30 7 2 0 2 7 0 4 4 1 2 1 0 1 0 0 0 0 0 0 0 0 0 0 0 0 0 0 0 0 0 0 0 0 6 0 6 3 10 49 31 0 0 0 1 1 0 0 3 1 1 3 3 1 0 0 5 1 0 0 3 2 1 7 91 54 131 152 40 46 217 514 191 95 24 177 55 68 1 0 36 48 28 124 0 0 14 116 61 16 22 0 0 0 0 0 0 0 0 0 0 0 0 0 0 0
0 0 1 0 0 2 0 3 0 0 1 2 2 7 2 5 1 5 22 7 55 0 0 0 0 0 0 0 0 3 7 4 1 1 0 2 0 4 4 3 22 49 67 12 2 0 0 0 0 3 1 3 25 0 0 4 0 4 0 0 0 0 0 0 0 0 0 0 0 0 0 0 0 0 0 2 1 11 3 2 0 5 1 1 0 0 0 0 3 0 4 0 0 3 2 3 0 0 0 1 3 0 0 0 0 7 8 19 89 35 64 48 10 130 944 257 96 145 23 176 42 2 0 27 1 30 30 0 0 0 25 114 0 0 1 0 0 0 0 0 0 0 0 0 0 0 0 0 0 0
0 0 0 0 0 3 6 0 1 0 0 0 0 3 4 0 2 12 16 15 17 0 0 0 0 0 0 0 1 0 13 3 2 1 1 0 1 0 6 0 12 4 4 0 0 0 0 0 1 0 0 9 142 2 9 9 6 0 1 0 0 0 0 0 0 0 0 0 0 0 0 0 0 0 0 0 0 12 15 0 0 0 3 0 0 0 0 0 0 0 0 0 4 17 6 0 3 0 0 2 3 0 0 0 0 0 3 28 8 1 0 9 32 51 105 280 32 125 248 60 135 1 0 0 0 0 0 0 0 0 1 52 4 0 0 0 0 0 0 0 0 0 0 0 0 0 0 0 0 0
0 0 0 0 0 0 2 1 1 0 0 0 4 9 2 3 17 3 0 0 1 2 3 0 0 0 0 9 6 1 12 7 6 0 0 1 0 4 0 5 7 18 0 0 0 0 2 0 0 0 0 4 73 24 1 6 0 1 0 0 0 0 0 0 0 0 0 0 0 0 0 0 0 0 0 0 8 9 1 0 0 0 0 0 0 0 0 0 1 0 8 0 13 37 1 2 1 2 0 1 3 0 0 0 0 1 3 25 305 9 0 0 0 0 0 2 0 15 211 232 42 0 0 0 0 3 0 0 0 0 0 0 23 17 0 0 0 0 0 0 0 0 0 0 0 0 0 0 0 0
1 2 8 0 2 0 6 21 2 0 2 5 2 0 0 73 50 9 2 8 1 0 1 2 5 0 0 4 7 8 5 3 2 0 0 3 2 0 0 0 4 3 0 1 5 0 0 0 0 0 0 26 3 7 11 4 2 0 0 0 0 0 0 0 0 0 0 0 0 0 0 0 0 0 0 1 1 14 0 0 1 0 2 0 0 0 0 0 20 0 3 0 1 7 0 0 0 0 4 0 0 0 4 4 4 5 15 11 65 0 0 0 0 0 4 0 0 0 46 98 129 207 0 0 0 25 0 0 0 30 43 12 13 2 0 0 0 0 0 0 0 0 0 0 0 0 0 0 0 0
0 0 0 0 0 1 3 0 0 3 83 5 2 1 5 29 11 6 6 0 0 1 0 9 1 4 1 2 0 1 0 0 0 5 5 0 0 0 0 0 4 10 5 1 4 0 1 0 0 0 1 24 10 17 7 15 0 0 0 0 0 0 0 0 0 0 0 0 0 0 0 0 0 0 0 0 0 15 35 1 0 3 0 0 0 0 1 47 9 2 2 1 0 0 0 8 0 0 1 6 6 10 5 2 1 3 11 8 33 8 0 0 0 22 15 49 66 173 40 105 208 60 0 8 135 27 0 0 0 70 71 0 0 0 0 0 0 0 0 0 0 0 0 0 0 0 0 0 0 0
0 1 1 0 0 0 0 2 6 1 6 61 11 12 0 0 1 5 0 3 0 0 0 6 0 0 0 0 52 2 0 0 0 0 0 0 0 0 1 0 0 31 20 0 1 0 2 1 0 0 1 18 7 3 2 1 0 0 0 0 0 0 0 0 0 0 0 0 0 0 0 0 0 0 1 0 0 11 15 8 0 2 0 0 0 0 5 4 0 0 2 0 1 1 0 0 0 1 20 1 0 0 9 1 7 0 3 10 20 6 0 0 0 0 44 253 377 269 38 16 36 53 60 135 44 0 0 0 4 168 42 0 0 0 0 0 0 0 0 0 0 0 0 0 0 0 0 0 0 0
0 0 4 0 0 0 6 3 0 0 9 43 0 0 0 0 0 0 2 2 0 0 0 1 1 3 0 0 2 0 0 0 0 0 0 0 0 0 4 1 0 0 1 0 0 0 0 0 0 0 2 73 0 0 3 0 0 0 1 0 1 0 0 0 0 0 0 0 0 0 0 0 0 0 0 0 1 4 36 27 5 2 5 0 0 0 0 0 1 1 0 0 0 6 4 0 0 0 0 4 3 0 2 2 3 2 1 3 23 1 0 0 6 31 16 10 3 40 214 213 13 133 293 226 197 72 19 86 250 635 262 10 0 0 0 0 0 0 0 0 0 0 0 0 0 0 0 0 0 0
0 1 1 0 0 1 2 2 0 8 20 8 0 0 5 4 0 1 0 0 0 0 0 0 0 8 8 1 0 0 1 0 0 4 0 0 0 0 3 10 1 1 0 0 0 1 2 3 1 2 5 160 60 2 0 0 0 4 0 1 0 0 0 0 0 0 0 0 0 0 0 0 0 0 0 0 1 17 14 0 15 17 7 0 0 0 0 0 4 2 2 2 0 0 3 17 18 0 0 0 2 0 2 7 9 2 3 3 46 32 1 4 18 0 1 5 6 86 87 229 265 307 325 173 717 369 265 370 326 307 207 1 0 0 0 0 0 0 0 0 0 0 0 0 0 0 0 0 0 0
0 1 0 0 3 4 0 2 11 2 3 2 0 0 6 7 2 2 0 0 0 0 0 0 1 1 4 2 0 0 0 1 2 2 1 1 1 1 4 0 0 0 2 0 0 0 0 0 0 13 366 299 5 53 10 0 11 7 1 1 0 1 0 0 0 0 0 0 0 0 0 0 0 0 0 1 0 0 2 1 0 0 0 0 0 0 0 0 2 0 0 1 3 0 0 1 0 0 1 0 4 0 1 1 16 7 6 14 0 1 3 2 11 7 3 4 0 25 180 693 803 324 150 504 588 322 122 249 277 12 42 11 3 0 0 0 0 0 0 0 0 0 0 0 0 0 0 0 0 0
0 1 0 8 1 0 0 1 10 2 13 2 1 1 1 0 1 6 1 0 0 0 0 0 4 1 0 1 1 0 1 23 8 1 0 5 1 0 4 0 0 0 0 0 0 0 0 0 1 14 428 272 325 285 16 14 1 1 5 3 1 0 0 0 0 0 0 0 0 0 0 0 0 0 0 0 0 0 0 5 0 0 0 0 0 0 0 21 46 0 1 14 3 0 0 0 0 0 2 5 1 0 4 7 4 96 161 11 3 0 1 1 1 6 2 13 7 6 46 316 122 389 108 1538 745 273 65 79 6 197 340 214 2 0 0 0 0 0 0 0 0 0 0 0 0 0 0 0 0 0
0 0 1 16 0 3 13 6 6 2 13 27 0 3 0 0 0 0 0 0 0 0 0 3 0 0 0 0 0 0 0 9 6 6 0 1 0 4 0 0 0 0 0 1 0 22 0 0 0 1 247 187 263 195 27 34 3 0 2 0 0 0 0 0 0 0 0 0 0 0 0 0 0 0 0 0 0 0 0 13 1 1 3 0 0 0 1 10 15 0 0 11 47 0 0 0 0 0 0 0 2 7 5 3 9 2 2 5 0 0 0 0 6 2 1 2 0 2 1 13 141 122 171 379 409 361 172 193 162 229 174 120 0 0 0 0 0 0 0 0 0 0 0 0 0 0 0 0 0 0
0 4 5 14 1 1 1 5 0 1 0 3 1 0 0 0 0 0 0 0 0 0 1 0 0 0 0 0 0 2 1 0 0 1 0 2 0 0 0 0 0 0 0 0 0 1 2 1 3 2 22 36 128 3 15 13 3 0 3 0 1 2 0 0 1 0 0 0 0 0 0 0 0 0 0 0 0 1 0 0 2 1 0 0 0 0 16 41 8 0 4 230 165 13 2 0 0 0 0 15 16 3 18 119 17 0 2 2 8 0 0 0 3 0 1 2 0 10 7 4 68 313 249 155 81 300 329 759 132 50 44 60 0 0 0 0 0 0 0 0 0 0 0 0 0 0 0 0 0 0
0 3 10 0 4 0 3 15 8 7 10 2 1 2 0 0 0 0 0 0 0 0 0 1 0 0 0 0 1 0 0 0 0 0 0 0 0 1 0 0 0 0 0 0 0 0 0 0 0 0 0 7 30 5 5 0 1 25 37 2 0 1 0 0 0 0 0 0 0 0 0 0 0 0 0 0 0 0 0 0 0 3 14 9 6 4 1 0 5 19 114 66 74 0 2 2 0 1 132 16 21 128 97 137 171 28 7 4 13 7 0 0 0 0 2 20 0 44 5 190 179 320 1102 529 292 108 1090 1066 571 0 0 0 0 0 0 0 0 0 0 0 0 0 0 0 0 0 0 0 0 0
1 14 11 0 2 1 3 10 2 3 0 0 0 1 0 0 0 0 0 0 0 0 0 0 0 0 0 0 0 0 0 0 0 1 1 0 0 0 0 0 8 0 0 0 0 0 0 0 1 1 0 2 26 3 4 0 0 3 53 3 2 0 0 0 0 0 0 0 0 0 0 0 0 0 0 0 0 0 0 0 0 7 4 2 1 2 1 2 5 16 138 49 80 8 8 5 1 1 0 10 47 156 134 137 60 16 0 1 1 13 8 0 0 0 5 0 2 276 130 413 227 2 4 103 49 89 220 334 186 0 95 3 0 0 0 0 0 0 0 0 0 0 0 0 0 0 0 0 0 0
6 5 56 0 13 37 21 3 0 0 0 0 1 0 0 1 0 0 0 2 1 0 0 0 0 0 0 0 0 0 0 0 0 0 0 0 0 0 0 0 0 0 0 0 0 1 0 0 0 0 0 4 9 0 0 1 0 0 2 10 9 0 0 0 0 0 0 0 0 0 0 0 0 0 0 0 0 0 0 0 17 32 0 1 2 1 70 1 0 0 0 3 16 2 0 0 0 0 0 9 3 33 450 106 63 67 5 3 4 1 7 0 0 0 4 12 145 147 104 26 0 0 0 0 53 183 63 368 343 3 7 11 0 0 0 0 0 0 0 0 0 0 0 0 0 0 0 0 0 0
2 15 77 100 190 220 82 23 0 0 0 0 0 0 0 1 0 0 0 0 0 4 0 0 0 0 0 0 0 0 0 0 0 0 0 0 0 0 0 0 0 2 0 6 4 6 0 3 0 0 0 5 2 0 0 0 2 0 13 1 0 6 0 0 0 0 0 0 0 0 0 0 0 0 0 0 0 0 2 9 6 0 0 0 3 5 3 70 40 0 0 0 0 0 0 0 0 0 0 0 0 89 278 91 55 67 6 1 2 3 11 0 2 0 0 13 99 3 7 31 0 0 0 0 12 199 160 325 249 1 37 0 0 0 0 0 0 0 0 0 0 0 0 0 0 0 0 0 0 0
2 52 196 471 265 180 247 12 0 0 0 3 3 0 0 2 1 0 0 0 0 2 0 0 1 0 0 0 0 0 0 0 0 0 0 0 0 0 0 0 0 0 0 2 0 0 0 7 29 0 0 0 14 0 0 0 2 0 0 0 0 2 0 0 0 0 0 0 0 0 0 0 0 0 0 0 0 5 0 0 0 0 0 0 0 0 25 6 2 0 1 1 0 0 0 0 0 0 0 0 15 19 26 1 29 30 0 0 2 1 0 14 4 13 1 0 3 5 10 59 20 31 3 0 11 65 64 130 28 0 0 0 0 0 0 0 0 0 0 0 0 0 0 0 0 0 0 0 0 0
0 3 104 124 69 121 23 12 2 0 0 0 1 0 0 0 0 1 1 4 0 4 0 0 0 0 0 0 0 4 0 0 0 0 0 0 1 0 0 0 0 0 0 1 0 1 0 2 2 6 0 0 0 1 0 2 0 0 0 0 0 0 0 0 0 0 0 0 0 0 0 0 0 0 0 0 1 0 0 0 0 0 0 0 0 0 44 12 5 5 10 1 0 0 0 10 0 0 0 218 377 59 96 45 0 44 15 0 2 3 0 5 1 0 0 0 0 0 2 73 50 24 91 197 11 1 1 0 0 0 0 0 0 0 0 0 0 0 0 0 0 0 0 0 0 0 0 0 0 0
11 7 20 30 24 4 0 2 0 0 3 0 0 0 0 0 0 0 0 0 0 21 0 0 0 0 0 0 0 1 0 5 0 1 0 0 0 0 0 0 0 0 0 0 0 14 1 0 0 0 1 0 0 0 0 20 1 0 0 0 0 0 0 0 0 0 0 0 0 0 0 0 0 0 0 1 4 8 0 0 0 0 0 0 0 1 7 0 1 16 7 0 0 0 42 52 55 5 121 698 145 329 41 20 2 8 230 44 0 4 2 0 0 0 0 0 0 0 9 14 46 12 5 13 3 9 18 2 48 27 1 0 0 0 0 0 0 0 0 0 0 0 0 0 0 0 0 0 0 0
24 4 7 2 0 0 0 0 0 0 0 0 0 0 0 0 0 0 1 0 2 0 0 1 0 0 0 0 0 0 1 0 0 5 1 0 0 0 0 0 10 0 0 0 0 1 0 1 0 0 0 0 1 0 34 9 6 0 0 0 0 0 0 0 0 0 0 0 0 0 0 0 0 0 1 7 0 0 0 0 0 0 0 0 0 0 6 0 0 0 63 11 1 3 54 135 37 3 45 55 17 2 11 11 2 0 0 89 215 41 0 0 0 0 2 0 0 2 0 0 16 2 0 2 7 26 8 18 224 52 9 0 0 0 0 0 0 0 0 0 0 0 0 0 0 0 0 0 0 0
9 0 6 0 0 0 3 0 0 0 0 0 0 0 0 0 0 0 0 0 0 0 0 0 0 0 0 0 0 0 0 18 1 0 0 0 0 0 0 0 3 0 0 0 0 0 3 0 0 0 0 0 1 4 5 1 0 0 0 0 0 0 0 0 0 0 0 0 0 0 0 0 0 0 5 27 0 0 0 0 0 0 0 0 0 0 15 35 99 39 38 8 14 4 1 27 5 0 0 1 3 2 1 0 0 0 113 147 61 22 1 0 0 0 0 0 0 2 0 0 2 14 4 5 4 82 23 147 45 161 22 0 0 0 0 0 0 0 0 0 0 0 0 0 0 0 0 0 0 0
1 5 0 2 0 0 0 0 0 0 0 0 0 0 0 0 0 3 0 0 0 0 0 0 0 0 0 0 0 0 2 0 1 2 0 1 0 0 0 0 0 54 0 0 0 0 3 0 0 0 0 0 0 27 11 2 1 0 0 0 0 0 0 0 0 0 0 0 0 0 0 1 1 1 0 0 0 0 0 0 0 0 0 0 0 0 0 0 86 3 0 0 0 2 0 12 1 1 3 0 0 3 0 4 1 126 335 209 36 45 0 0 0 0 0 0 0 0 56 13 0 15 0 4 3 1 28 10 3 17 0 3 0 0 0 0 0 0 0 0 0 0 0 0 0 0 0 0 0 0
2 0 0 4 0 1 0 0 0 0 0 0 0 0 0 0 0 0 0 0 0 0 0 8 0 0 0 1 0 0 0 0 0 0 0 0 0 0 0 0 0 0 0 0 0 0 0 0 0 0 2 4 1 45 3 1 0 0 0 0 0 0 0 0 0 0 0 0 0 0 4 0 1 0 0 0 0 0 0 0 0 0 0 0 0 0 0 0 1 0 0 0 2 12 0 0 2 3 1 1 0 2 1 1 26 29 24 3 30 68 0 0 0 0 0 0 0 0 1 0 0 1 0 22 65 10 79 8 12 32 1 0 0 0 0 0 0 0 0 0 0 0 0 0 0 0 0 0 0 0
0 0 0 0 1 27 1 0 0 0 0 0 0 0 0 0 0 0 0 0 0 0 0 0 0 0 1 0 0 0 0 1 0 0 0 0 0 0 0 3 0 0 0 0 1 0 0 0 0 0 9 0 3 0 0 0 6 1 0 0 0 0 0 0 0 0 0 0 1 5 0 0 0 0 0 0 0 0 0 0 0 0 0 0 0 0 0 3 1 0 0 28 53 2 3 0 0 0 0 1 3 1 7 6 39 3 0 1 0 1 0 0 0 0 0 0 0 0 0 0 0 12 0 4 0 0 0 59 3 5 1 0 0 0 0 0 0 0 0 0 0 0 0 0 0 0 0 0 0 0
0 0 0 0 41 23 1 0 0 0 0 0 0 0 0 0 0 0 0 0 0 0 0 0 0 0 0 0 4 0 0 0 0 0 0 0 0 0 1 0 1 0 0 6 1 1 1 0 0 2 4 0 0 8 1 2 2 2 0 0 0 0 0 0 0 0 0 0 3 0 0 0 0 0 0 0 0 0 0 0 0 0 0 0 0 0 0 0 22 31 87 120 74 6 0 0 0 0 0 15 13 196 208 7 1 10 2 0 0 13 0 0 0 0 0 0 0 0 0 0 0 0 0 0 0 5 29 10 0 0 0 0 0 0 0 0 0 0 0 0 0 0 0 0 0 0 0 0 0 0
0 0 0 0 0 0 1 0 0 0 0 0 0 5 0 0 0 0 0 0 0 0 0 0 0 0 0 0 0 3 0 0 0 0 0 0 0 0 0 0 0 0 0 0 4 3 0 0 0 0 2 0 0 5 1 0 0 0 0 0 0 0 0 0 0 0 0 0 5 1 0 0 0 0 0 0 0 0 0 0 0 0 0 0 0 0 0 0 6 54 102 68 31 10 0 1 1 0 1 34 55 40 22 10 0 1 0 0 0 14 0 0 0 0 0 0 0 0 0 0 0 24 68 0 0 8 32 1 0 0 0 0 0 0 0 0 0 0 0 0 0 0 0 0 0 0 0 0 0 0
0 0 0 0 0 1 0 0 0 0 0 0 9 1 0 0 0 0 1 0 0 0 0 0 0 4 5 0 0 1 0 0 0 0 2 0 0 0 0 0 0 0 0 0 1 3 0 0 0 0 0 0 0 6 9 2 0 0 0 0 0 0 0 0 0 0 4 1 19 0 0 0 0 0 0 0 0 0 0 0 0 0 0 0 2 6 25 1 2 9 1 2 7 0 10 1 0 1 1 2 38 0 0 0 1 0 0 0 0 19 2 18 1 0 0 0 0 0 0 0 0 0 0 0 0 0 0 0 0 0 0 0 0 0 0 0 0 0 0 0 0 0 0 0 0 0 0 0 0 0
0 0 0 0 0 0 0 1 0 0 0 0 0 0 1 0 0 0 0 0 0 0 0 0 0 0 0 0 0 0 0 0 0 0 0 1 0 0 0 0 0 0 0 0 0 1 0 7 0 4 1 0 0 7 2 1 4 0 0 0 0 0 0 0 0 0 1 26 9 0 0 0 0 0 0 0 0 0 0 0 0 0 0 0 25 0 0 0 3 14 4 1 3 1 2 6 4 9 1 10 17 7 1 0 1 0 0 4 43 34 57 149 11 5 0 0 0 1 0 0 0 0 0 0 0 0 0 0 0 0 0 0 0 0 0 0 0 0 0 0 0 0 0 0 0 0 0 0 0 0
0 0 0 0 1 0 0 0 0 0 0 0 0 0 0 0 0 0 0 0 0 0 0 0 0 0 0 0 0 0 0 0 0 0 0 0 0 0 0 0 0 0 0 0 0 0 0 1 9 1 0 0 0 1 2 33 45 1 0 0 0 0 0 0 0 2 20 55 1 0 0 0 0 0 0 0 0 0 0 0 0 0 0 0 11 1 0 3 12 2 3 0 1 0 0 5 18 9 5 0 0 0 3 3 9 0 20 1 21 11 338 30 66 22 1 0 0 0 0 0 0 0 0 0 0 0 0 0 0 0 0 0 0 0 0 0 0 0 0 0 0 0 0 0 0 0 0 0 0 0
0 0 0 0 0 0 0 0 0 0 0 1 0 0 0 0 0 0 0 0 0 0 0 1 0 0 0 0 1 0 0 0 0 0 0 0 1 0 0 0 0 0 0 0 0 1 1 4 37 0 3 0 0 0 1 0 0 5 9 3 3 0 282 7 5 0 0 1 0 0 0 0 0 0 0 0 0 0 0 0 0 0 0 0 0 0 0 3 1 3 3 0 1 0 7 72 0 0 0 0 0 0 0 0 9 43 176 438 200 41 10 0 47 10 0 0 0 0 0 0 0 0 0 0 0 0 0 0 0 0 0 0 0 0 0 0 0 0 0 0 0 0 0 0 0 0 0 0 0 0
0 0 0 0 3 21 0 5 2 0 4 0 0 0 1 0 0 0 0 0 0 0 0 0 0 0 0 0 0 0 0 0 0 0 0 0 0 0 2 0 2 0 0 0 0 0 8 4 0 1 0 0 1 1 3 1 0 0 1 2 0 0 0 17 0 0 0 8 0 7 1 5 0 0 0 0 0 0 0 0 0 0 0 0 0 0 0 1 0 0 11 10 0 0 49 13 1 0 0 0 0 0 1 4 24 45 60 146 133 118 41 72 71 0 0 0 0 0 0 0 0 0 0 0 0 0 0 0 0 0 0 0 0 0 0 0 0 0 0 0 0 0 0 0 0 0 0 0 0 0
1 0 0 0 7 20 3 0 4 0 1 0 0 0 0 0 0 0 0 0 0 0 0 0 0 0 0 0 0 0 0 0 1 1 0 0 0 0 0 1 1 2 7 0 0 0 1 5 3 0 0 0 1 2 1 0 0 4 0 1 0 1 0 0 0 1 1 1 2 0 0 0 1 0 0 0 0 0 0 0 0 0 0 0 0 0 0 0 0 0 0 0 4 16 0 9 111 1 0 0 0 0 0 15 75 199 0 0 1 26 0 1 0 0 0 0 0 0 0 0 0 0 0 0 0 0 0 0 0 0 0 0 0 0 0 0 0 0 0 0 0 0 0 0 0 0 0 0 0 0
2 0 0 0 1 0 0 0 0 0 0 0 0 1 0 0 0 0 0 0 0 0 0 0 0 0 0 0 0 0 0 0 0 0 0 0 0 0 0 0 0 0 0 0 0 0 2 0 2 5 0 0 2 1 0 0 0 0 1 1 2 0 0 0 0 0 0 0 0 0 3 0 0 0 0 0 0 0 0 0 0 0 0 0 0 0 0 0 0 0 0 8 31 13 11 195 163 0 0 0 0 0 0 1 2 0 0 0 0 0 12 55 0 0 0 0 0 0 0 0 0 0 0 0 0 0 0 0 0 0 0 0 0 0 0 0 0 0 0 0 0 0 5 2 5 0 0 0 0 0
0 0 0 0 0 0 0 0 0 1 0 0 0 0 0 0 0 0 0 0 0 0 0 0 0 0 0 0 0 0 0 1 0 0 0 0 0 0 0 0 0 0 0 0 0 0 0 0 0 0 10 0 0 1 0 0 0 0 0 5 0 0 0 0 0 0 0 0 0 0 2 0 0 0 0 0 0 0 0 0 0 0 0 0 0 0 0 0 25 1 3 11 78 69 19 1 0 0 0 0 0 0 1 1 0 0 0 0 0 26 36 0 0 1 0 0 0 0 0 0 0 0 0 0 0 0 0 0 0 0 0 0 0 0 0 0 0 0 0 0 0 0 6 4 0 0 0 0 0 0
0 0 0 0 2 0 0 0 0 0 0 0 0 2 0 0 0 0 0 0 0 0 0 0 0 0 0 0 0 0 0 0 0 0 0 0 0 0 0 0 0 0 0 0 0 0 0 0 0 3 3 0 3 0 0 0 0 0 0 2 0 0 0 0 0 0 0 0 0 0 0 0 0 0 0 0 0 0 0 0 0 0 0 0 0 0 0 0 0 4 5 30 252 0 0 3 0 0 0 0 0 0 0 1 0 0 0 0 12 0 5 0 0 0 0 0 0 0 0 0 0 0 0 0 0 0 0 0 0 0 0 0 0 0 0 0 0 0 0 0 0 0 0 0 0 0 0 0 0 0
0 0 0 0 0 0 0 0 0 0 0 0 0 0 0 0 0 0 0 0 0 0 0 0 0 0 0 0 0 0 0 0 0 0 0 0 0 0 0 0 0 0 0 0 0 0 0 0 0 0 2 5 0 0 0 0 0 0 0 1 3 0 0 0 0 0 0 0 0 0 0 24 2 0 0 0 0 0 0 0 0 0 0 0 0 0 0 0 0 0 2 11 2 2 0 0 0 0 0 0 0 0 0 0 0 0 0 0 0 0 0 0 0 0 0 0 0 0 0 0 0 0 0 0 0 0 0 0 0 0 0 0 0 0 0 0 0 0 0 0 0 0 0 0 0 0 0 0 0 0
2 0 0 0 0 0 0 0 0 0 0 0 0 0 0 0 0 0 0 0 0 1 3 16 0 0 0 0 0 0 0 0 0 0 0 0 1 0 0 0 0 0 0 0 0 0 0 0 0 0 0 24 1 0 0 0 0 0 0 0 0 5 20 0 0 0 0 0 0 0 0 3 5 0 7 0 0 0 0 0 0 0 0 0 0 0 0 0 0 3 0 15 5 7 11 0 0 0 0 0 0 0 0 0 0 0 0 0 0 0 0 0 0 0 0 0 0 0 0 0 0 0 0 0 0 0 0 0 0 0 0 0 0 0 0 0 0 0 0 0 0 0 0 0 0 0 0 0 0 0
0 0 0 0 0 0 0 0 0 0 0 0 0 0 0 0 0 0 0 0 0 0 0 1 2 0 0 0 0 0 0 0 0 0 0 0 0 0 0 0 0 0 0 0 0 0 0 0 0 0 0 12 14 2 0 1 0 0 0 0 0 10 30 0 0 0 0 0 0 0 0 0 1 0 2 0 0 0 0 0 0 0 0 0 0 0 0 0 0 0 8 4 1 12 3 3 0 0 0 0 0 0 0 0 0 0 0 0 0 0 0 0 0 0 0 0 0 0 0 0 0 0 0 0 0 0 0 0 0 0 0 0 0 0 0 0 0 0 0 0 0 0 0 0 0 0 0 0 0 0
0 0 0 0 0 0 0 0 0 0 0 0 4 1 0 0 0 0 0 0 0 0 0 0 0 0 0 0 0 2 1 1 0 0 0 0 0 0 0 0 0 0 0 0 0 0 0 0 0 1 1 22 48 8 6 0 0 0 0 0 0 8 0 0 0 0 0 0 0 0 0 0 0 1 0 0 0 0 0 0 0 0 0 0 0 0 0 0 0 0 0 1 7 4 2 2 0 0 0 0 0 0 0 0 0 0 0 0 0 0 0 0 0 0 0 0 0 0 0 0 0 0 0 0 0 0 0 0 0 0 0 0 0 0 0 0 0 0 0 0 0 0 0 0 0 0 0 0 0 0
0 0 0 0 0 0 0 0 0 0 0 0 0 0 0 0 0 2 1 0 0 0 0 0 0 1 0 0 0 0 0 0 2 0 0 0 0 0 0 0 0 0 0 0 0 0 0 0 1 11 0 14 86 0 9 0 0 0 0 0 0 8 8 0 0 0 0 0 0 0 0 0 0 0 0 0 0 0 0 0 0 0 0 0 0 0 0 0 0 0 0 0 2 2 4 1 1 0 0 1 0 0 0 0 0 0 0 0 0 0 0 0 0 0 0 0 0 0 0 0 0 0 0 0 0 0 0 0 0 0 0 0 0 0 0 0 0 0 0 0 0 0 0 0 0 0 0 0 0 0
0 0 0 0 0 0 0 0 0 1 0 0 0 0 3 0 0 1 1 0 0 0 0 0 0 1 0 0 0 0 0 0 0 0 0 1 0 1 0 0 0 0 0 0 0 0 0 0 0 1 1 7 10 0 0 0 0 0 0 1 3 3 8 0 0 0 0 0 0 0 0 0 0 0 0 0 0 0 0 0 0 0 0 0 0 0 0 0 0 0 0 0 0 4 0 1 5 1 0 0 0 0 0 0 0 0 0 0 0 0 0 0 0 0 0 0 0 0 0 0 0 0 0 0 0 0 0 0 0 0 0 0 0 0 0 0 0 0 0 0 0 0 0 0 0 0 0 0 0 0
0 0 0 0 0 0 0 0 0 0 0 0 0 0 0 0 0 0 0 0 0 1 0 0 0 0 0 0 0 0 0 0 1 0 3 1 0 0 0 0 0 0 0 0 0 0 1 4 0 0 0 0 0 0 0 0 0 0 0 0 2 0 0 0 0 0 0 0 0 0 0 0 0 0 0 0 0 0 0 0 0 0 0 0 0 0 0 0 0 0 0 0 0 0 0 1 5 10 0 0 1 0 0 0 0 0 0 0 0 0 0 0 0 0 0 0 0 0 0 0 0 0 0 0 0 0 0 0 0 0 0 0 0 0 0 0 0 0 0 0 0 0 0 0 3 1 0 0 0 0
0 0 0 0 0 0 0 0 0 0 0 0 0 0 0 0 0 0 0 1 1 0 1 0 0 0 0 0 0 0 0 0 0 0 0 0 0 1 0 0 0 0 0 0 0 1 1 0 0 0 0 0 0 0 0 0 0 0 0 0 0 1 0 0 0 0 0 0 0 0 0 0 2 0 0 0 0 0 0 0 0 0 0 0 0 0 0 0 0 0 0 0 0 0 2 2 15 1 0 0 2 0 0 0 0 0 0 0 0 0 0 0 0 0 0 0 0 0 0 0 0 0 0 0 0 0 0 0 0 0 0 0 0 0 0 0 0 0 0 0 0 0 0 0 0 0 0 0 0 0
0 0 0 0 0 0 0 0 0 0 0 5 0 0 0 0 0 0 1 0 0 0 0 0 0 0 0 0 0 0 0 0 0 0 0 0 0 0 0 0 0 0 0 0 0 0 0 0 0 0 0 0 0 0 0 0 0 0 0 0 0 0 0 0 0 0 0 0 0 0 0 1 0 0 0 0 0 0 0 0 0 0 0 0 0 0 0 0 0 0 0 0 0 0 5 0 0 0 0 0 0 1 0 0 0 0 0 0 0 0 0 0 0 0 0 0 0 0 0 0 0 0 0 0 0 0 0 0 0 0 0 0 0 0 0 0 0 0 0 0 0 0 0 0 0 0 0 0 0 0
0 0 0 0 0 0 0 0 0 0 6 0 2 0 0 1 1 0 0 0 0 0 0 0 0 0 0 0 0 0 0 0 0 0 0 0 0 0 0 0 0 0 0 0 3 0 0 0 0 0 0 0 0 0 0 0 0 0 0 0 0 0 0 0 0 0 0 0 0 0 2 0 0 0 0 0 0 0 0 0 0 0 0 0 0 0 0 0 0 0 0 0 0 0 1 1 0 0 0 0 0 0 0 0 0 0 0 0 0 0 0 0 0 0 0 0 0 0 0 0 0 0 0 0 0 0 0 0 0 0 0 0 0 0 0 0 0 0 0 0 0 0 0 0 0 0 0 0 0 0
0 0 0 0 0 0 0 2 0 0 0 0 1 0 0 0 1 1 0 0 0 0 0 0 0 0 0 0 0 0 0 0 0 0 0 0 0 0 0 0 0 0 0 0 0 0 0 1 0 0 0 0 0 0 0 0 0 0 0 2 0 0 0 0 0 0 0 0 32 0 0 0 0 0 0 0 0 0 0 0 0 0 0 0 0 0 0 0 0 0 0 0 0 0 0 0 1 0 0 4 0 0 0 0 0 0 0 0 0 0 0 0 0 0 0 0 0 0 0 0 0 0 0 0 0 0 0 0 0 0 0 0 0 0 0 0 0 0 0 0 0 0 0 0 0 0 0 0 0 0
1 0 0 0 0 0 0 0 0 0 0 0 1 0 0 0 0 3 5 0 0 0 0 0 0 0 0 0 0 0 0 0 0 0 0 0 0 2 3 3 0 0 4 0 0 0 0 0 0 0 0 0 0 0 0 0 0 0 0 0 2 4 1 0 1 0 0 0 51 114 1 0 0 0 0 0 0 0 0 0 0 0 0 0 0 0 0 0 0 0 0 0 0 0 0 0 0 0 0 0 0 0 0 0 0 0 0 0 0 0 0 0 0 0 0 0 0 0 0 0 0 0 0 0 0 0 0 0 0 0 0 0 0 0 0 0 0 0 0 0 0 0 0 0 0 0 0 0 0 0
0 0 0 0 0 0 0 0 0 0 0 0 33 4 0 1 10 0 2 3 0 0 0 21 0 1 0 0 0 0 1 3 0 0 0 0 1 5 6 2 0 0 10 0 0 0 0 0 0 0 0 0 0 0 0 0 0 0 0 0 0 1 0 0 93 18 0 0 0 0 0 0 0 0 0 0 0 0 0 0 0 0 0 0 0 0 0 0 0 0 0 0 0 0 0 0 0 0 0 0 0 0 0 0 0 0 0 0 0 0 0 0 0 0 0 0 0 0 0 0 0 0 0 0 0 0 0 0 0 0 0 0 0 0 0 0 0 0 0 0 0 0 0 0 0 0 0 0 0 0
10 35 4 0 0 0 0 0 0 0 0 0 0 0 0 0 3 0 0 2 9 21 15 3 3 0 0 0 0 1 0 0 0 0 0 2 8 1 0 3 0 0 0 0 0 0 0 0 0 0 0 0 0 0 0 0 0 0 0 0 0 0 0 0 1 0 0 0 0 0 0 0 0 0 0 0 0 0 0 0 0 0 0 0 0 0 0 0 0 0 0 0 0 0 0 0 0 0 0 0 0 0 0 0 0 0 0 0 0 0 0 0 0 0 0 0 0 0 0 0 0 0 0 0 0 0 0 0 0 0 0 0 0 0 0 0 0 0 0 0 0 0 0 0 0 0 0 0 0 0
8 12 3 0 0 0 0 0 0 0 0 0 0 0 0 6 1 13 0 0 1 16 17 3 3 3 1 0 1 15 4 0 0 0 0 0 1 0 0 1 3 1 0 0 0 0 0 0 0 0 0 0 0 0 0 0 0 0 0 0 0 0 0 0 0 0 0 0 0 0 0 0 0 0 0 0 0 0 0 0 0 0 0 0 0 0 0 0 0 2 0 0 0 0 0 0 0 0 0 0 0 0 0 0 0 0 0 0 0 0 0 0 0 0 0 0 0 0 0 0 0 0 0 0 0 0 0 0 0 0 0 0 0 0 0 0 0 0 0 0 0 0 0 0 0 0 0 0 0 0
0 0 0 2 1 0 0 0 0 0 0 0 2 1 0 0 1 0 2 3 0 1 9 5 0 4 3 2 1 1 0 0 0 0 3 1 0 0 0 0 0 0 0 0 0 0 0 0 0 0 0 0 0 0 0 0 0 0 0 0 0 0 0 0 0 0 0 0 0 0 0 0 0 0 0 0 0 0 0 0 0 0 0 0 0 0 0 0 0 0 0 0 0 0 0 0 0 0 0 0 0 0 0 0 0 0 0 0 0 0 0 0 0 0 0 0 0 0 0 0 0 0 0 0 0 0 0 0 0 0 0 0 0 0 0 0 0 0 0 0 0 0 0 0 0 0 0 0 0 0
0 0 0 0 0 0 0 0 0 0 0 0 0 0 0 0 0 0 0 0 1 0 0 0 3 2 4 2 12 0 0 0 0 1 1 0 0 0 0 0 0 0 0 0 0 0 0 0 0 0 0 0 0 0 0 0 0 0 0 0 0 0 0 0 0 0 0 0 0 0 0 0 0 0 0 0 0 0 0 0 0 0 0 0 0 0 0 0 0 0 0 0 0 0 0 0 0 0 0 0 0 0 0 0 0 0 0 0 0 0 0 0 0 0 0 0 0 0 0 0 0 0 0 0 0 0 0 0 0 0 0 0 0 0 0 0 0 0 0 0 0 0 0 0 0 0 0 0 0 0
0 0 0 0 0 0 0 0 0 0 0 0 0 0 0 0 0 0 0 0 0 1 0 0 0 0 0 1 77 16 6 0 8 24 0 0 0 0 0 0 0 0 0 0 0 0 0 0 0 0 0 0 0 0 0 0 0 0 0 0 0 0 0 0 0 0 0 0 0 0 0 0 0 0 0 0 0 0 0 0 0 0 0 0 0 0 0 0 0 0 0 0 0 0 0 0 0 0 0 0 0 0 0 0 0 0 0 0 0 0 0 0 0 0 0 0 0 0 0 0 0 0 0 0 0 0 0 0 0 0 0 0 0 0 0 0 0 0 0 0 0 0 0 0 0 0 0 0 0 0
0 0 0 0 0 0 0 0 0 0 0 0 0 0 0 0 0 0 0 0 0 0 0 0 0 3 2 5 2 0 3 0 8 1 0 0 3 0 0 0 0 0 0 0 0 0 0 0 0 0 0 0 0 0 0 0 0 0 0 0 0 0 0 0 0 0 0 0 0 0 0 0 0 0 0 0 0 0 0 0 0 0 0 0 0 0 0 0 0 0 0 0 0 0 0 0 0 0 0 0 0 0 0 0 0 0 0 0 0 0 0 0 0 0 0 0 0 0 0 0 0 0 0 0 0 0 0 0 0 0 0 0 0 0 0 0 0 0 0 0 0 0 0 0 0 0 0 0 0 0
0 0 0 0 0 0 0 0 0 0 0 0 0 0 0 0 0 0 0 0 0 0 0 0 14 1 4 0 0 0 10 0 1 3 2 0 0 2 0 0 0 0 0 0 0 0 0 0 0 0 0 0 0 0 0 0 0 0 0 0 0 0 0 0 0 0 0 0 0 0 0 0 0 0 0 0 0 0 0 0 0 0 0 0 0 0 0 0 0 0 0 0 0 0 0 0 0 0 0 0 0 0 0 0 0 0 0 0 0 0 0 0 0 0 0 0 0 0 0 0 0 0 0 0 0 0 0 0 0 0 0 0 0 0 0 0 0 0 0 0 0 0 0 0 0 0 0 0 0 0
0 0 0 0 0 0 0 0 0 0 0 2 4 0 0 0 0 0 0 0 0 0 0 0 0 0 0 0 0 0 0 0 6 0 0 0 0 3 0 0 0 0 0 0 0 0 0 0 0 0 0 0 0 0 0 0 0 0 0 0 0 0 0 0 0 0 0 0 0 0 0 0 0 0 0 0 0 0 0 0 0 0 0 0 0 0 0 0 0 0 0 0 0 0 0 0 0 0 0 0 0 0 0 0 0 0 0 0 0 0 0 0 0 0 0 0 0 0 0 0 0 0 0 0 0 0 0 0 0 0 0 0 0 0 0 0 0 0 0 0 0 0 0 0 0 0 0 0 0 0
0 0 0 0 0 0 0 0 0 0 0 0 0 0 0 0 0 0 0 0 0 0 0 0 0 0 0 5 1 3 1 0 0 0 0 0 0 0 0 0 0 0 0 0 0 0 0 0 0 0 0 0 0 0 0 0 0 0 0 0 0 0 0 0 0 0 0 0 0 0 0 0 0 0 0 0 0 0 0 0 0 0 0 0 0 0 0 0 0 0 0 0 0 0 0 0 0 0 0 0 0 0 0 0 0 0 0 0 0 0 0 0 0 0 0 0 0 0 0 0 0 0 0 0 0 0 0 0 0 0 0 0 0 0 0 0 0 0 0 0 0 0 0 0 0 0 0 0 0 0
0 0 0 0 0 0 0 0 0 0 0 0 0 0 0 0 0 0 0 0 0 0 0 0 0 0 0 5 0 0 0 0 0 2 0 0 0 0 0 0 0 0 0 0 0 0 0 0 0 0 0 0 0 0 0 0 0 0 0 0 0 0 0 0 0 0 0 0 0 0 0 0 0 0 0 0 0 0 0 0 0 0 0 0 0 0 0 0 0 0 0 0 0 0 0 0 0 0 0 0 0 0 0 0 0 0 0 0 0 0 0 0 0 0 0 0 0 0 0 0 0 0 0 0 0 0 0 0 0 0 0 0 0 0 0 0 0 0 0 0 0 0 0 0 0 0 0 0 0 0
0 0 0 0 0 0 0 0 0 0 1 0 0 0 0 0 0 0 0 0 0 0 0 0 0 0 0 0 0 0 0 0 1 0 0 0 0 0 0 0 0 0 0 0 0 0 0 0 0 0 0 0 0 0 0 0 0 0 0 0 0 0 0 0 0 0 0 0 0 0 0 0 0 0 0 0 0 0 0 0 0 0 0 0 0 0 0 0 0 0 0 0 0 0 0 0 0 0 0 0 0 0 0 0 0 0 0 0 0 0 0 0 0 0 0 0 0 0 0 0 0 0 0 0 0 0 0 0 0 0 0 0 0 0 0 0 0 0 0 0 0 0 0 0 0 0 0 0 0 0
0 0 0 0 0 0 0 0 0 2 1 0 0 0 0 0 0 0 0 0 0 0 0 0 0 0 0 0 0 0 0 0 0 0 0 0 0 0 0 0 0 0 0 0 0 0 0 0 0 0 0 0 0 0 0 0 0 0 0 0 0 0 0 0 0 0 0 0 0 0 0 0 0 0 0 0 0 0 0 0 0 0 0 0 0 0 0 0 0 0 0 0 0 0 0 0 0 0 0 0 0 0 0 0 0 0 0 0 0 0 0 0 0 0 0 0 0 0 0 0 0 0 0 0 0 0 0 0 0 0 0 0 0 0 0 0 0 0 0 0 0 0 0 0 0 0 0 0 0 0
0 0 0 0 0 0 0 0 0 0 2 0 0 0 0 0 0 0 0 0 0 0 0 0 0 0 0 0 0 0 0 0 0 0 0 0 0 0 0 0 0 0 0 0 0 0 0 0 0 0 0 2 0 0 0 0 0 0 0 0 0 0 0 0 0 0 0 0 0 0 0 0 0 0 0 0 0 0 0 0 0 0 0 0 0 0 0 0 0 0 0 0 0 0 0 0 0 0 0 0 0 0 0 0 0 0 0 0 0 0 0 0 0 0 0 0 0 0 0 0 0 0 0 0 0 0 0 0 0 0 0 0 0 0 0 0 0 0 0 0 0 0 0 0 0 0 0 0 0 0
0 0 0 0 0 0 0 0 6 9 0 0 0 0 0 0 0 0 0 0 0 0 0 0 0 0 0 0 0 0 0 0 0 0 0 0 0 0 0 0 0 0 0 0 0 0 0 0 0 0 0 0 0 0 0 0 0 0 0 0 0 0 0 0 0 0 0 0 0 0 0 0 0 0 0 0 0 0 0 0 0 0 0 0 0 0 0 0 0 0 0 0 0 0 0 0 0 0 0 0 0 0 0 0 0 0 0 0 0 0 0 0 0 0 0 0 0 0 0 0 0 0 0 0 0 0 0 0 0 0 0 0 0 0 0 0 0 0 0 0 0 0 0 0 0 0 0 0 0 0
0 0 0 0 0 3 5 4 7 0 0 0 0 0 0 0 0 0 0 0 0 0 0 0 0 0 0 0 0 0 0 0 0 0 0 0 0 0 0 0 0 0 0 0 0 0 0 0 0 9 21 0 0 0 0 0 0 0 0 0 0 0 0 0 0 0 0 0 0 0 0 0 0 0 0 0 0 0 0 0 0 0 0 0 0 0 0 0 0 0 0 0 0 0 0 0 0 0 0 0 0 0 0 0 0 0 0 0 0 0 0 0 0 0 0 0 0 0 0 0 0 0 0 0 0 0 0 0 0 0 0 0 0 0 0 0 0 0 0 0 0 0 0 0 0 0 0 0 0 0
0 0 0 0 0 0 6 14 0 0 0 0 0 0 0 0 0 0 0 0 0 0 0 0 0 0 0 0 0 0 0 0 0 0 0 0 0 0 0 0 0 0 0 0 0 0 0 0 2 0 0 0 0 0 0 0 0 0 0 0 0 0 0 0 0 0 0 0 0 0 0 0 0 0 0 0 0 0 0 0 0 0 0 0 0 0 0 0 0 0 0 0 0 0 0 0 0 0 0 0 0 0 0 0 0 0 0 0 0 0 0 0 0 0 0 0 0 0 0 0 0 0 0 0 0 0 0 0 0 0 0 0 0 0 0 0 0 0 0 0 0 0 0 0 0 0 0 0 0 0
0 0 0 0 0 0 0 0 0 0 0 0 0 0 0 0 0 0 0 0 0 0 0 0 0 0 0 0 0 0 0 0 0 0 0 0 0 0 0 0 0 0 0 0 0 0 0 0 0 0 0 0 0 4 0 0 0 0 0 0 0 0 0 0 0 0 0 0 0 0 0 0 0 0 0 0 0 0 0 0 0 0 0 0 0 0 0 0 0 0 0 0 0 0 0 0 0 0 0 0 0 0 0 0 0 0 0 0 0 0 0 0 0 0 0 0 0 0 0 0 0 0 0 0 0 0 0 0 0 0 0 0 0 0 0 0 0 0 0 0 0 0 0 0 0 0 0 0 0 0
0 0 0 0 0 0 0 0 0 0 0 0 0 0 0 0 0 2 0 0 0 0 0 0 0 0 0 0 0 0 0 0 0 0 0 0 0 0 0 0 0 0 0 0 0 0 0 0 0 0 0 0 0 0 0 0 0 0 0 0 0 0 0 0 0 0 0 0 0 0 0 0 0 0 0 0 0 0 0 0 0 0 0 0 0 0 0 0 0 0 0 0 0 0 0 0 0 0 0 0 0 0 0 0 0 0 0 0 0 0 0 0 0 0 0 0 0 0 0 0 0 0 0 0 0 0 0 0 0 0 0 0 0 0 0 0 0 0 0 0 0 0 0 0 0 0 0 0 0 0
0 0 0 0 0 0 0 0 0 0 0 0 0 0 0 0 0 0 0 0 0 0 0 0 0 0 0 0 0 0 0 0 0 0 0 0 0 0 0 0 0 0 0 0 0 0 0 0 0 0 0 0 0 0 0 0 0 0 0 0 0 0 0 0 0 0 0 0 0 0 0 0 0 0 0 0 0 0 0 0 0 0 0 0 0 0 0 0 0 0 0 0 0 0 0 0 0 0 0 0 0 0 0 0 0 0 0 0 0 0 0 0 0 0 0 0 0 0 0 0 0 0 0 0 0 0 0 0 0 0 0 0 0 0 0 0 0 0 0 0 0 0 0 0 0 0 0 0 0 0
0 0 0 0 0 0 0 0 0 0 0 0 0 0 0 0 0 0 0 0 0 0 0 0 0 0 0 0 0 0 0 0 2 0 0 0 0 0 0 0 0 0 0 0 0 0 0 0 0 0 0 0 0 0 0 0 0 0 0 0 0 0 0 0 0 0 0 0 0 0 0 0 0 0 0 0 0 0 0 0 0 0 0 0 0 0 0 0 0 0 0 0 0 0 0 0 0 0 0 0 0 0 0 0 0 0 0 0 0 0 0 0 0 0 0 0 0 0 0 0 0 0 0 0 0 0 0 0 0 0 0 0 0 0 0 0 0 0 0 0 0 0 0 0 0 0 0 0 0 0
0 0 0 0 0 0 0 0 0 0 0 0 0 0 0 0 0 0 0 0 0 0 0 0 0 0 0 0 0 0 2 0 0 0 0 0 0 0 0 0 0 0 0 0 0 0 0 0 0 0 0 0 0 0 0 0 0 0 0 0 0 0 0 0 0 0 0 0 0 0 0 0 0 0 0 0 0 0 0 0 0 0 0 0 0 0 0 0 0 0 0 0 0 0 0 0 0 0 0 0 0 0 0 0 0 0 0 0 0 0 0 0 0 0 0 0 0 0 0 0 0 0 0 0 0 0 0 0 0 0 0 0 0 0 0 0 0 0 0 0 0 0 0 0 0 0 0 0 0 0
0 0 0 0 0 0 0 0 0 0 0 0 0 0 0 0 0 0 0 0 0 0 0 0 0 0 0 0 0 3 2 4 3 0 0 0 0 0 0 0 0 0 0 0 0 0 0 0 0 0 0 0 0 0 0 0 0 0 0 0 0 0 0 0 0 0 0 0 0 0 0 0 0 0 0 0 0 0 0 0 0 0 0 0 0 0 0 0 0 0 0 0 0 0 0 0 0 0 0 0 0 0 0 0 0 0 0 0 0 0 0 0 0 0 0 0 0 0 0 0 0 0 0 0 0 0 0 0 0 0 0 0 0 0 0 0 0 0 0 0 0 0 0 0 0 0 0 0 0 0
0 0 0 0 0 0 0 0 0 0 0 0 0 0 0 0 0 0 0 0 0 0 0 0 0 0 0 0 0 0 1 3 0 0 0 0 0 0 0 0 0 0 0 0 0 0 0 0 0 0 0 0 0 0 0 0 0 0 0 0 0 0 0 0 0 0 0 0 0 0 0 0 0 0 0 0 0 0 0 0 0 0 0 0 0 0 0 0 0 0 0 0 0 0 0 0 0 0 0 0 0 0 0 0 0 0 0 0 0 0 0 0 0 0 0 0 0 0 0 0 0 0 0 0 0 0 0 0 0 0 0 0 0 0 0 0 0 0 0 0 0 0 0 0 0 0 0 0 0 0
0 0 0 0 0 0 0 0 0 0 0 0 0 0 0 0 0 0 0 0 0 0 0 0 0 0 0 0 0 6 0 0 0 0 0 0 0 0 0 0 0 0 0 0 0 0 0 0 0 0 0 0 0 0 0 0 0 0 0 0 0 0 0 0 0 0 0 0 0 0 0 0 0 0 0 0 0 0 0 0 0 0 0 0 0 0 0 0 0 0 0 0 0 0 0 0 0 0 0 0 0 0 0 0 0 0 0 0 0 0 0 0 0 0 0 0 0 0 0 0 0 0 0 0 0 0 0 0 0 0 0 0 0 0 0 0 0 0 0 0 0 0 0 0 0 0 0 0 0 0
0 0 0 0 0 0 0 0 0 0 0 0 0 0 0 0 0 0 0 0 0 0 0 0 0 0 0 0 0 25 8 0 0 0 0 0 0 0 0 0 0 0 0 0 0 0 0 0 0 0 0 0 0 0 0 0 0 0 0 0 0 0 0 0 0 0 0 0 0 0 0 0 0 0 0 0 0 0 0 0 0 0 0 0 0 0 0 0 0 0 0 0 0 0 0 0 0 0 0 0 0 0 0 0 0 0 0 0 0 0 0 0 0 0 0 0 0 0 0 0 0 0 0 0 0 0 0 0 0 0 0 0 0 0 0 0 0 0 0 0 0 0 0 0 0 0 0 0 0 0
0 0 0 0 0 0 0 0 0 0 0 0 0 0 0 0 0 0 0 0 0 0 0 0 0 0 1 0 0 0 0 0 0 0 0 0 0 0 0 0 0 0 0 0 0 0 0 0 5 24 0 0 0 0 0 0 0 0 0 0 0 0 0 0 0 0 0 0 0 0 0 0 0 0 0 0 0 0 0 0 0 0 0 0 0 0 0 0 0 0 0 0 0 0 0 0 0 0 0 0 0 0 0 0 0 0 0 0 0 0 0 0 0 0 0 0 0 0 0 0 0 0 0 0 0 0 0 0 0 0 0 0 0 0 0 0 0 0 0 0 0 0 0 0 0 0 0 0 0 0
0 0 0 0 0 0 0 0 0 0 0 0 0 0 0 0 0 0 0 0 0 0 0 0 0 0 6 0 0 0 0 0 0 0 0 0 0 0 0 0 0 0 0 0 0 0 0 0 5 0 0 0 0 0 0 0 0 0 0 0 0 0 0 0 0 0 0 0 0 0 0 0 0 0 0 0 0 0 0 0 0 0 0 0 0 0 0 0 0 0 0 0 0 0 0 0 0 0 0 0 0 0 0 0 0 0 0 0 0 0 0 0 0 0 0 0 0 0 0 0 0 0 0 0 0 0 0 0 0 0 0 0 0 0 0 0 0 0 0 0 0 0 0 0 0 0 0 0 0 0
0 0 0 0 0 0 0 0 0 0 0 0 0 0 0 0 0 0 0 0 0 0 0 0 0 0 0 1 0 0 0 0 0 0 0 0 0 0 0 0 0 0 0 0 0 0 0 0 0 0 0 0 0 0 0 0 0 0 0 0 0 0 0 0 0 0 0 0 0 0 0 0 0 0 0 0 0 0 0 0 0 0 0 0 0 0 0 0 0 0 0 0 0 0 0 0 0 0 0 0 0 0 0 0 0 0 0 0 0 0 0 0 0 0 0 0 0 0 0 0 0 0 0 0 0 0 0 0 0 0 0 0 0 0 0 0 0 0 0 0 0 0 0 0 0 0 0 0 0 0
0 0 0 0 0 0 0 0 0 0 0 0 0 0 0 0 0 0 0 0 0 0 0 0 0 0 0 0 0 0 0 0 0 0 0 0 0 0 0 0 0 0 0 0 0 0 0 0 0 0 0 0 0 0 0 0 0 0 0 0 0 0 0 0 0 0 0 0 0 0 0 0 0 0 0 0 0 0 0 0 0 0 0 0 0 0 0 0 0 0 0 0 0 0 0 0 0 0 0 0 0 0 0 0 0 0 0 0 0 0 0 0 0 0 0 0 0 0 0 0 0 0 0 0 0 0 0 0 0 0 0 0 0 0 0 0 0 0 0 0 0 0 0 0 0 0 0 0 0 0
0 0 0 0 0 0 0 0 4 2 0 0 0 0 0 0 0 0 0 0 0 0 0 0 0 0 0 0 0 0 0 0 0 0 0 0 0 0 0 0 0 0 0 0 0 0 0 0 0 0 0 0 0 0 0 0 0 0 0 0 0 0 0 0 0 0 0 0 0 0 0 0 0 0 0 0 0 0 0 0 0 0 0 0 0 0 0 0 0 0 0 0 0 0 0 0 0 0 0 0 0 0 0 0 0 0 0 0 0 0 0 0 0 0 0 0 0 0 0 0 0 0 0 0 0 0 0 0 0 0 0 0 0 0 0 0 0 0 0 0 0 0 0 0 0 0 0 0 0 0
0 0 0 0 0 0 6 3 6 5 0 0 0 0 0 0 0 0 0 0 0 0 0 0 0 0 0 0 0 0 0 0 0 0 0 0 0 0 0 0 0 0 0 0 0 0 0 0 0 0 0 0 0 0 0 0 0 0 0 0 0 0 0 0 0 0 0 0 0 0 0 0 0 0 0 0 0 0 0 0 0 0 0 0 0 0 0 0 0 0 0 0 0 0 0 0 0 0 0 0 0 0 0 0 0 0 0 0 0 0 0 0 0 0 0 0 0 0 0 0 0 0 0 0 0 0 0 0 0 0 0 0 0 0 0 0 0 0 0 0 0 0 0 0 0 0 0 0 0 0
0 0 0 0 0 0 0 0 0 0 0 0 0 0 0 0 0 0 0 0 0 0 0 0 0 0 0 0 0 0 0 0 0 0 0 0 0 0 0 0 0 0 0 0 0 0 0 0 0 0 0 0 0 0 0 0 0 0 0 0 0 0 0 0 0 0 0 0 0 0 0 0 0 0 0 0 0 0 0 0 0 0 0 0 0 0 0 0 0 0 0 0 0 0 0 0 0 0 0 0 0 0 0 0 0 0 0 0 0 0 0 0 0 0 0 0 0 0 0 0 0 0 0 0 0 0 0 0 0 0 0 0 0 0 0 0 0 0 0 0 0 0 0 0 0 0 0 0 0 0
0 0 0 0 0 0 0 0 0 0 0 0 0 0 0 0 0 0 0 0 0 0 0 0 0 0 0 0 0 0 0 0 0 0 0 0 0 0 0 0 0 0 0 0 0 0 0 0 0 0 0 0 0 0 0 0 0 0 0 0 0 0 0 0 0 0 0 0 0 0 0 0 0 0 0 0 0 0 0 0 0 0 0 0 0 0 0 0 0 0 0 0 0 0 0 0 0 0 0 0 0 0 0 0 0 0 0 0 0 0 0 0 0 0 0 0 0 0 0 0 0 0 0 0 0 0 0 0 0 0 0 0 0 0 0 0 0 0 0 0 0 0 0 0 0 0 0 0 0 0
