0 1 21 2 173 0 0 0 10 97 2 7 0 10 0 0 0 1 4 0 2 1 1 0 1 11 0 0 0 0 0 0 0 3 6 2 0 0 1 6 0 0 0 2 4 0 0 0 0 0 0 0 0 0 8 3 0 0 0 5 29 15 2 5 0 16 8 0 0 0 0 6 37 96 201 189 192 42 60 18 18 368 92 53 117 169 160 143 35 216 757 855 194 447 546 610 1124 680 848 111 195 119 26 23 10 29 110 492 158 15 31 5 15 66 46 22 18 21 9 0 1 35 25 19 0 5 0 2 14 8 2 40 0 5 2 0 0 0 4 3 3 0 0 0 0 0 0 0 0 55
0 10 6 9 3 0 0 0 0 29 21 13 6 4 0 0 0 4 9 0 0 2 25 2 7 34 1 10 0 0 0 0 0 0 0 0 0 1 6 1 0 0 0 0 0 0 0 0 0 0 0 0 0 2 8 0 0 0 0 16 65 13 14 83 14 0 0 1 0 0 0 4 68 51 17 19 38 48 29 75 61 41 12 3 148 162 220 144 303 349 83 31 328 319 213 590 678 539 772 668 243 24 84 45 4 3 1 21 38 9 4 10 0 23 58 13 1 40 3 40 4 15 7 5 8 0 3 16 7 21 0 6 54 39 0 0 0 0 6 59 9 0 0 0 0 0 0 0 0 0
0 0 0 1 8 0 0 0 1 7 1 8 5 1 0 0 0 2 1 1 0 14 72 36 12 0 1 9 0 0 0 0 0 3 0 2 0 3 0 7 1 0 0 5 0 0 0 0 0 0 0 0 0 1 5 0 0 4 0 17 14 8 5 14 0 0 1 0 0 2 0 3 1 0 2 6 1 37 111 216 81 33 7 41 44 292 463 166 7 18 175 73 90 688 568 540 292 381 338 665 585 501 10 35 21 8 14 13 201 97 16 7 7 6 15 9 9 115 11 9 28 19 15 7 3 1 4 7 1 13 5 1 121 208 0 0 12 0 9 90 12 3 0 0 0 0 0 0 0 2
48 5 0 0 0 0 0 0 0 5 2 4 0 0 0 2 1 0 9 7 0 0 3 11 23 0 2 8 17 0 1 0 0 0 0 0 0 2 0 2 0 0 0 0 0 0 0 0 0 0 28 0 0 0 106 33 1 13 38 3 1 26 15 11 0 0 0 0 0 0 9 89 25 1 0 19 15 88 271 468 174 125 23 138 107 18 57 212 25 155 1131 954 1054 669 694 437 106 186 426 497 509 519 117 17 35 104 34 16 177 76 24 49 33 9 1 12 13 111 123 26 46 58 23 11 2 2 2 1 13 3 5 7 7 0 36 13 15 3 3 21 70 4 0 0 0 0 0 0 0 0
1 7 0 0 0 0 0 0 2 4 3 0 0 0 0 11 12 1 0 1 0 3 6 0 16 2 3 4 0 1 1 1 3 0 0 11 3 0 0 0 1 0 0 0 0 0 0 0 0 7 1 0 0 3 32 128 31 77 0 0 6 1 0 27 0 0 0 0 0 10 119 85 110 111 44 81 82 245 316 398 354 361 327 23 183 74 325 87 39 314 1234 1219 334 849 284 193 140 685 497 619 635 974 677 402 233 164 46 73 10 1 4 21 22 57 8 0 3 37 119 42 213 592 107 45 5 4 2 0 6 8 2 1 0 0 12 2 0 0 0 1 53 10 0 0 0 0 0 0 0 0
13 1 0 0 2 0 0 0 59 1 1 0 0 0 0 2 0 3 8 54 6 3 0 0 0 0 0 0 1 5 0 1 0 0 17 115 40 35 0 1 0 0 1 0 0 0 0 0 0 14 129 4 0 5 15 150 35 5 18 11 0 0 18 3 0 0 0 0 1 40 67 116 92 83 97 70 32 42 91 581 1005 897 445 68 1 110 96 52 7 204 1542 1154 120 493 696 376 136 1234 408 517 502 560 1109 449 19 124 17 51 5 6 4 0 4 41 8 15 38 2 0 14 185 69 2 1 16 13 7 1 2 0 5 5 0 0 0 0 3 0 0 0 0 1 0 0 0 0 0 0 0 0
7 0 0 6 0 0 0 0 1 7 10 0 0 0 0 0 0 2 0 0 0 3 0 0 0 0 0 0 0 0 3 0 3 2 0 82 2 5 6 0 0 0 0 0 0 0 0 0 0 1 1 4 3 8 0 24 9 3 47 49 9 16 2 0 6 1 0 0 6 73 53 69 347 292 225 140 309 182 421 479 1234 705 996 600 199 42 14 108 63 131 1468 1234 182 687 792 388 196 383 328 102 23 247 121 297 46 89 102 22 27 20 40 377 144 41 51 50 2 1 14 42 63 69 6 2 2 5 11 3 0 0 4 0 0 0 0 0 3 43 0 0 0 0 2 0 0 0 0 0 0 0
1 0 1 0 0 0 0 0 1 0 2 0 0 0 0 0 0 0 0 0 0 0 0 0 0 0 0 0 0 3 7 0 0 0 11 3 0 3 25 13 0 0 0 0 0 0 0 0 0 0 0 2 4 10 0 9 1 48 38 59 112 69 73 4 16 30 0 0 15 108 11 8 36 41 101 60 93 136 655 1033 949 576 1023 292 135 98 169 639 267 83 528 135 88 610 371 351 245 482 645 226 114 198 268 407 128 103 40 18 88 31 292 378 158 68 12 56 5 3 4 33 7 4 5 6 5 7 24 1 6 0 0 0 0 0 0 0 0 7 0 0 0 0 0 0 0 0 0 0 0 0
4 0 0 0 0 0 0 0 6 14 0 5 0 1 7 0 0 0 0 0 0 0 0 0 0 0 0 0 0 0 0 0 0 0 4 0 0 3 1 0 0 0 0 0 0 0 0 0 0 1 0 0 3 14 0 1 2 15 4 62 365 253 15 11 12 31 14 15 8 38 3 1 3 5 10 43 15 22 174 703 811 1438 694 34 20 16 186 240 172 108 14 36 286 762 1197 1010 129 276 286 264 362 145 130 271 620 298 179 206 32 40 621 301 286 12 73 5 0 6 5 4 12 3 7 20 21 1 4 6 0 0 8 0 0 0 0 0 0 0 0 0 0 0 0 0 0 0 0 0 0 0
0 0 0 0 0 0 1 2 12 8 0 0 0 2 0 0 0 0 5 0 0 0 0 0 0 0 0 0 0 0 0 0 0 0 0 0 0 3 1 3 1 1 0 0 0 0 1 0 8 0 6 0 20 2 0 1 0 1 1 46 45 164 41 5 4 2 0 0 4 69 0 0 0 0 0 25 23 75 286 553 1190 866 800 341 786 563 268 210 288 171 76 8 39 528 833 1009 568 195 66 3 31 135 15 7 194 430 268 140 95 17 327 523 344 134 15 128 160 369 119 47 122 34 21 26 40 6 14 3 3 14 99 33 0 1 1 0 0 0 0 0 0 0 0 0 0 0 0 0 0 0
0 1 1 0 0 0 7 0 7 5 2 3 0 0 0 14 14 2 7 0 0 0 0 0 0 0 0 0 0 0 0 1 0 0 0 2 0 0 1 0 0 6 5 4 0 0 2 13 21 20 24 9 12 7 0 0 0 11 16 30 1 94 7 8 0 0 0 0 1 12 0 0 0 0 0 0 44 50 201 290 535 210 625 328 246 276 216 319 396 299 38 1 9 193 502 654 938 47 21 63 22 35 2 20 133 320 648 325 146 103 384 237 101 50 2 132 268 485 417 253 316 272 210 113 138 213 118 66 75 25 8 47 23 14 47 0 0 0 0 0 0 0 0 0 0 0 0 0 0 0
4 0 2 0 0 0 0 0 5 4 0 0 0 0 0 0 8 13 2 4 0 0 0 0 0 0 0 0 0 0 0 0 5 1 8 0 1 0 0 3 10 8 12 7 4 3 5 2 1 0 0 0 7 3 8 4 3 4 6 10 0 2 0 1 2 6 1 3 1 0 2 0 0 0 0 3 74 9 163 500 413 160 61 78 113 76 35 25 89 400 75 4 0 4 11 66 763 439 282 20 0 3 19 54 33 66 458 243 45 67 329 259 82 219 44 93 384 211 585 574 356 438 138 102 111 174 0 0 0 51 3 0 60 26 34 0 0 0 0 0 0 0 0 0 0 0 0 0 0 0
2 0 0 0 0 0 3 0 9 2 0 0 0 0 0 0 2 14 10 6 1 1 0 0 0 0 0 0 0 0 0 0 0 0 1 0 0 0 0 0 0 2 50 4 18 0 0 6 0 0 0 1 5 5 13 0 0 0 4 12 3 2 4 0 0 4 2 1 1 2 32 0 0 0 2 37 126 93 124 115 106 245 56 3 11 10 4 1 1 2 2 3 1 34 78 28 533 334 530 376 16 26 40 34 41 15 46 265 588 261 871 755 140 630 119 79 40 42 957 866 232 256 156 6 23 60 16 1 39 61 0 0 29 6 4 0 6 0 0 0 0 0 0 0 0 0 0 1 1 0
0 0 0 0 0 0 1 5 0 10 0 0 0 0 0 0 0 0 81 17 7 3 0 1 0 0 0 0 0 0 3 2 0 0 0 0 0 0 0 0 0 3 1 64 22 0 0 0 1 0 0 37 7 0 0 0 0 0 20 0 8 8 2 2 0 0 24 40 17 14 41 0 0 47 2 457 517 561 317 57 48 341 74 6 22 116 10 2 3 13 4 0 6 56 4 37 80 463 129 184 2 38 220 128 253 67 101 465 221 668 1314 1151 1049 432 396 255 250 363 927 275 229 100 0 1 0 29 6 0 8 3 2 0 3 0 0 0 0 0 0 0 0 0 0 0 0 0 0 0 0 0
0 0 0 0 0 1 2 4 10 2 0 0 0 0 0 0 0 0 4 0 15 0 2 0 3 0 0 0 0 1 1 0 0 0 0 0 0 0 0 0 0 0 0 3 36 0 1 0 0 14 7 65 1 0 3 4 2 4 29 21 68 12 5 10 7 149 140 114 174 124 38 25 7 4 69 764 1900 1076 475 72 1 93 55 5 10 69 37 11 0 39 13 12 0 5 2 13 40 352 146 165 27 46 442 396 1341 1182 1637 1284 1123 1252 925 827 693 616 497 285 131 88 68 231 343 131 39 46 0 6 78 11 24 26 2 0 0 0 0 0 0 0 0 0 0 0 0 0 0 0 0 0 0 0
0 0 0 0 0 0 0 50 15 1 6 0 0 0 0 0 1 0 1 2 0 7 8 3 1 0 0 0 0 7 0 0 0 0 0 0 0 0 0 0 0 0 0 0 0 18 0 0 1 27 68 86 3 1 4 9 23 107 19 96 16 40 10 25 40 89 174 65 51 93 191 111 112 199 621 739 1408 814 320 28 10 14 0 0 0 0 30 178 41 92 4 5 0 0 9 44 33 11 16 2 25 2 976 486 564 459 1260 377 619 1143 1710 1058 1327 473 471 149 33 285 258 88 49 9 138 212 97 84 9 2 1 0 0 0 0 0 37 2 0 0 0 0 0 0 0 0 0 0 0 0 0 0
0 0 0 0 0 0 0 4 4 0 0 0 0 1 1 0 7 6 1 4 4 0 23 39 10 19 3 0 2 1 0 0 0 0 0 0 0 0 0 0 0 0 0 0 0 14 3 0 1 20 30 5 5 26 43 114 64 100 112 46 2 7 0 0 0 0 0 0 0 0 7 7 63 85 254 305 493 564 94 0 0 0 2 0 0 0 3 30 75 57 0 0 6 1 2 47 19 0 2 103 35 157 564 626 324 194 290 256 417 831 796 322 756 354 524 131 15 77 150 5 0 5 24 20 37 377 3 4 2 0 0 0 0 0 0 1 0 0 0 0 0 0 0 0 0 0 0 0 0 0
0 3 0 0 0 0 1 8 0 0 0 0 0 0 0 0 0 5 5 5 2 5 1 0 23 1 5 19 1 0 0 0 0 0 0 0 0 0 0 0 1 0 0 2 0 18 50 0 4 22 36 27 5 95 32 26 59 45 434 40 0 1 0 0 1 4 38 79 4 26 73 13 137 24 67 171 68 150 35 21 1 0 6 9 0 2 0 5 72 1 0 25 64 44 10 13 1 0 19 309 146 117 130 65 106 488 198 181 556 445 124 211 92 158 226 56 66 193 9 12 0 1 4 14 90 637 166 4 1 8 0 0 0 0 0 0 0 0 0 0 0 0 0 0 0 0 0 0 0 0
0 0 2 0 3 11 1 0 0 0 0 0 2 0 0 2 2 0 0 3 1 1 7 0 1 2 47 31 19 0 0 0 0 0 0 24 7 0 0 0 1 1 0 7 16 35 20 1 42 238 125 28 30 27 4 10 143 54 16 24 39 13 1 0 0 0 17 10 4 21 28 11 26 9 5 98 130 57 12 43 30 1 4 20 0 5 10 12 6 0 2 144 47 209 20 1 0 33 142 6 94 200 67 31 114 167 121 315 436 0 0 72 16 345 38 0 21 18 0 3 0 0 3 14 37 102 129 170 12 1 0 8 1 0 0 0 0 0 0 0 0 0 0 0 0 0 0 0 0 0
0 0 0 0 0 1 0 0 0 0 0 0 1 2 3 0 0 0 0 2 0 12 82 2 3 12 5 9 174 7 0 0 1 0 0 0 0 0 0 0 0 2 1 41 11 97 110 9 2 207 48 5 0 9 71 7 34 42 0 0 1 10 0 0 0 29 0 1 12 16 62 36 7 0 1 90 8 0 4 10 3 0 4 0 0 19 19 0 4 9 1 11 9 1 0 38 0 15 31 0 495 748 650 148 51 119 65 345 156 6 0 0 6 101 17 0 0 0 0 0 0 0 0 5 12 12 7 115 5 0 0 0 0 0 0 0 0 0 0 0 0 0 0 0 0 0 0 0 0 0
0 0 0 0 1 0 0 0 0 0 0 0 0 2 0 0 1 1 10 2 1 0 11 6 0 16 4 3 5 8 2 13 5 0 0 0 0 0 0 0 5 5 25 26 20 23 21 35 75 290 207 83 11 43 8 6 4 0 0 0 2 6 14 9 199 87 3 0 8 30 85 25 5 0 7 95 143 95 4 11 15 17 4 2 1 2 6 13 38 6 7 0 0 2 1 0 1 2 217 281 887 978 381 84 9 30 116 160 27 0 0 0 0 11 0 0 0 0 0 0 0 0 6 6 0 0 39 77 0 0 0 0 0 0 0 0 0 0 0 0 0 0 0 0 0 0 0 0 0 0
0 0 0 0 0 0 0 0 0 0 0 0 0 1 1 3 0 0 0 0 0 4 12 2 4 1 1 0 0 0 22 93 9 7 2 0 0 4 0 1 138 29 0 0 2 0 5 12 254 997 286 217 10 1 1 3 0 1 0 0 2 1 1 0 18 12 29 4 9 45 43 15 15 0 14 21 173 55 59 79 5 44 3 31 4 1 5 12 269 46 9 3 1 8 1 9 4 3 64 276 180 54 58 0 7 38 112 80 39 0 0 0 15 69 0 0 0 0 0 0 0 0 0 0 0 41 33 0 3 25 11 0 0 0 0 0 0 0 0 0 0 0 0 0 0 0 0 0 0 0
0 0 0 1 0 0 0 0 0 0 0 0 0 1 4 3 0 0 0 0 0 6 22 2 3 0 0 0 0 0 1 1 41 11 2 0 30 109 24 18 4 0 0 0 0 0 8 23 36 369 203 97 5 0 0 8 0 3 5 2 0 0 0 0 11 25 19 2 0 10 9 46 34 5 0 2 21 13 31 36 0 70 22 0 0 9 16 0 1 0 3 4 9 2 0 0 6 0 0 1 5 0 22 31 88 32 55 206 67 80 28 14 72 0 0 0 0 0 0 0 0 0 0 8 124 148 61 0 0 0 1 0 0 0 0 0 0 0 0 0 0 0 0 0 0 0 0 0 0 0
0 0 0 0 0 0 0 0 0 0 0 0 0 1 5 0 5 1 0 0 8 1 0 0 1 1 0 0 0 0 0 21 6 9 9 12 13 35 9 8 0 0 0 0 4 49 37 51 1 113 111 17 0 4 16 4 12 15 1 0 0 0 0 0 0 0 1 1 0 0 0 5 115 38 9 13 0 0 0 0 0 6 96 94 2 0 0 2 0 0 0 0 0 2 0 0 2 0 0 6 0 2 5 62 119 21 15 1 3 47 0 86 28 0 0 0 0 0 0 0 1 0 2 22 1 27 25 77 0 0 0 0 0 0 0 0 0 0 0 0 0 0 0 0 0 0 0 0 0 0
0 0 0 0 0 0 0 0 0 0 2 0 0 0 0 0 0 0 0 0 0 0 0 0 0 0 0 0 0 0 0 1 5 15 52 0 2 55 0 0 0 0 0 14 20 19 44 2 5 20 39 36 15 13 40 5 1 8 1 0 0 0 0 0 0 0 0 16 11 2 2 5 7 6 45 3 0 0 0 0 0 0 9 47 15 7 0 0 0 0 3 3 0 1 2 1 4 3 0 7 7 16 8 33 528 0 0 1 0 0 0 4 5 0 0 2 8 0 0 0 0 0 0 0 0 36 93 37 0 0 3 0 0 0 0 0 0 0 0 0 0 0 0 0 0 0 0 0 0 0
0 0 0 0 0 0 0 0 0 0 0 0 0 0 6 0 0 0 2 0 0 5 3 0 0 0 0 5 0 0 0 0 9 29 29 1 0 23 0 0 0 0 0 8 78 26 3 2 5 2 59 6 0 4 0 1 0 0 0 0 2 1 0 0 26 1 0 7 10 7 0 31 1 3 0 6 9 0 0 0 5 0 0 6 2 13 5 7 2 4 0 1 3 1 10 0 0 4 2 9 4 21 6 93 239 104 0 7 0 0 0 0 11 13 23 5 0 0 0 0 3 0 0 0 0 66 27 39 1 1 0 0 0 0 0 0 7 32 0 0 0 0 0 0 0 0 0 0 0 0
0 0 0 0 0 0 0 0 0 0 0 0 0 1 4 0 0 0 0 0 1 4 1 0 0 0 0 13 0 0 0 10 2 9 19 2 1 0 6 5 2 1 0 22 90 7 3 0 1 3 17 16 2 1 0 0 0 1 0 0 0 0 0 0 17 0 0 0 3 1 7 8 0 0 0 0 21 0 0 0 0 0 12 2 11 0 23 4 2 0 6 2 2 2 0 3 1 0 0 2 14 13 11 7 27 159 30 2 0 0 0 0 0 9 4 17 0 0 4 1 0 0 0 0 38 119 20 16 0 0 0 0 0 0 0 0 2 13 0 0 0 0 0 0 0 0 0 0 0 0
0 0 0 0 0 0 0 0 1 0 0 0 0 33 1 1 42 29 6 0 1 22 9 1 0 0 0 1 2 6 14 2 0 25 6 0 1 14 15 9 27 117 18 146 207 4 1 11 4 0 1 24 20 3 2 2 0 0 0 0 0 0 0 0 1 0 0 0 1 2 80 18 2 1 0 0 0 11 0 0 0 0 0 0 2 0 0 6 7 8 8 0 1 3 0 0 0 0 0 0 0 2 10 12 15 666 413 51 0 0 0 0 0 0 0 0 12 135 75 4 0 0 0 14 85 26 32 244 182 7 0 0 0 0 0 7 15 3 0 0 0 0 0 0 0 0 0 0 0 0
0 0 0 0 0 0 2 0 0 0 1 2 13 6 8 32 34 72 1 3 0 6 1 1 0 0 0 13 40 5 1 22 5 2 9 13 27 12 89 157 430 733 409 291 75 11 0 2 2 3 1 1 47 22 2 1 0 0 0 0 0 0 0 0 0 0 1 0 0 0 7 30 14 0 7 6 1 50 18 0 1 3 0 0 11 0 0 0 16 4 1 2 2 6 13 14 6 0 0 0 2 120 4 24 196 259 148 277 8 0 0 0 0 0 0 3 215 40 14 0 0 0 9 93 127 127 484 433 114 31 0 0 0 16 1 6 0 0 0 0 0 0 0 0 0 0 0 0 0 0
0 0 0 0 0 0 0 1 3 8 8 49 30 2 0 4 15 4 0 0 0 0 2 40 14 16 12 3 0 5 6 1 1 2 46 39 13 6 233 323 522 1149 677 666 54 3 2 11 6 0 0 0 30 108 12 5 0 0 0 0 0 0 0 0 0 0 0 1 0 0 1 4 0 0 0 2 0 7 9 0 0 0 1 0 8 0 0 0 0 1 0 1 5 38 6 17 0 1 0 0 0 3 15 7 13 23 5 124 22 0 0 0 0 0 67 35 410 396 51 35 15 15 13 51 166 119 311 270 353 394 90 59 16 67 0 0 0 0 0 0 0 0 0 0 0 0 0 0 0 0
0 0 0 0 0 0 0 3 3 3 2 4 2 0 2 2 0 3 12 9 0 15 107 13 0 0 0 0 0 1 9 6 0 0 12 24 25 37 53 90 499 455 487 209 22 4 6 6 3 5 2 3 13 0 6 0 1 0 0 0 0 0 0 0 0 0 0 0 1 0 0 1 0 0 0 0 3 6 22 6 13 8 9 4 25 0 0 0 16 16 2 0 4 24 1 0 3 3 3 1 1 3 1 3 6 5 0 4 33 1 4 3 4 0 74 756 1313 546 148 125 96 152 62 7 4 4 21 139 2 50 17 204 453 19 19 2 0 0 0 0 0 0 0 0 0 0 0 0 0 0
0 0 0 0 2 0 1 2 0 1 4 13 3 0 2 4 1 2 23 15 180 59 27 0 0 0 0 0 15 33 3 6 53 56 10 6 0 17 1 59 535 314 317 171 80 30 1 0 6 2 1 0 14 6 9 1 0 0 0 0 0 0 0 0 0 0 0 0 0 0 0 0 0 0 0 0 0 0 5 0 11 5 19 130 34 1 0 0 1 0 0 0 5 2 0 4 33 2 0 0 0 0 0 0 2 3 4 16 233 118 179 286 103 104 442 1035 653 209 94 295 36 175 8 4 47 46 91 66 13 0 55 273 253 24 85 2 0 0 0 0 0 0 0 0 0 0 0 0 0 0
0 0 2 0 0 0 2 3 1 2 1 10 3 13 1 6 6 10 22 17 62 0 0 0 0 0 0 0 1 14 5 65 5 2 4 65 4 4 7 19 42 114 36 15 2 0 0 0 1 0 2 2 58 14 2 3 1 0 3 0 0 0 0 0 0 0 0 0 0 0 0 0 0 0 0 3 0 31 19 1 4 13 13 4 0 0 0 0 2 0 4 3 2 10 12 15 0 0 0 0 5 0 0 0 0 2 8 12 113 46 82 89 23 427 629 477 426 326 58 322 57 23 0 13 8 18 25 0 0 0 63 221 0 0 0 0 0 0 0 0 0 0 0 0 0 0 0 0 0 0
0 0 1 0 0 6 8 3 3 1 0 0 0 5 54 11 3 4 51 31 12 0 0 0 0 0 1 0 0 3 73 1 8 4 4 2 0 11 13 0 30 28 8 2 1 1 0 0 2 2 0 11 203 20 16 32 16 0 1 0 0 0 0 0 0 0 0 0 0 0 0 0 0 0 0 0 0 11 6 1 0 0 3 0 0 0 0 0 2 0 0 0 2 15 66 0 6 15 0 0 8 0 0 0 2 1 5 69 53 11 1 15 165 311 242 327 100 283 177 134 205 1 0 0 0 0 2 0 0 0 0 116 37 0 0 0 0 0 0 0 0 0 0 0 0 0 0 0 0 0
0 0 1 0 3 1 7 12 1 5 4 0 5 25 6 7 32 11 11 0 2 4 12 0 3 0 0 24 31 6 52 48 16 0 1 25 0 2 1 0 5 16 11 0 0 0 3 0 0 0 6 14 129 48 8 19 2 0 1 0 0 0 0 0 0 0 0 0 0 0 0 0 0 0 0 0 9 6 1 0 0 0 0 0 0 0 0 0 1 1 17 4 19 30 2 14 8 5 0 3 3 0 0 3 0 2 5 61 423 11 0 0 5 0 1 5 3 5 364 668 51 0 0 0 0 1 3 0 0 0 0 2 60 3 0 0 0 0 0 0 0 0 0 0 0 0 0 0 0 0
2 0 4 4 1 0 14 46 3 0 13 21 22 2 1 145 63 23 8 10 0 0 13 5 4 2 6 7 3 3 22 13 6 1 0 1 1 0 0 5 8 2 1 12 4 0 3 0 0 0 0 29 12 33 12 2 3 0 0 0 0 0 0 0 0 0 0 0 0 0 0 0 0 0 0 0 11 18 1 0 0 0 4 0 0 0 0 2 6 0 12 0 2 29 0 0 0 0 19 0 0 1 6 3 5 19 17 100 149 0 0 0 0 0 5 0 0 0 103 290 278 55 0 0 3 68 0 0 0 41 93 14 36 12 0 0 0 0 0 0 0 0 0 0 0 0 0 0 0 0
0 0 0 0 0 2 1 2 0 8 104 9 2 1 66 30 49 20 10 1 4 2 8 5 1 10 3 1 0 1 2 0 3 5 20 0 0 0 1 7 1 46 6 1 1 1 2 0 0 0 4 51 45 29 10 18 1 0 0 0 0 0 0 0 0 0 0 0 0 0 0 0 0 1 0 0 0 32 71 0 0 4 2 0 0 0 1 85 12 0 2 5 1 3 0 9 0 4 5 1 28 185 7 9 4 11 19 16 99 0 0 0 0 5 69 70 144 363 83 189 640 168 0 7 205 24 0 0 0 181 159 0 0 0 0 0 0 0 0 0 0 0 0 0 0 0 0 0 0 0
1 3 1 1 0 1 3 5 12 1 10 146 9 9 0 0 3 5 1 0 0 0 0 16 8 0 4 3 22 5 0 0 0 0 0 0 0 1 3 0 0 16 19 10 8 2 1 0 0 0 1 65 42 7 1 2 0 0 1 0 0 0 0 0 0 0 0 0 0 0 0 0 0 0 0 1 0 7 41 10 0 1 0 0 0 0 0 23 0 0 0 0 7 4 0 0 0 0 1 4 0 0 16 4 9 0 15 24 32 6 0 1 0 0 130 369 566 415 27 21 75 182 246 239 212 0 0 4 12 461 169 0 0 0 0 0 0 0 0 0 0 0 0 0 0 0 0 0 0 0
0 0 2 0 0 0 11 6 5 0 11 24 2 1 0 1 0 3 0 10 4 0 0 1 2 1 2 6 6 1 0 0 0 0 0 0 0 0 10 0 1 1 0 1 1 0 0 0 0 0 1 80 0 7 3 5 1 0 4 3 1 0 0 0 0 0 0 0 0 0 0 0 0 0 0 0 0 4 42 57 11 12 15 0 0 0 1 0 0 0 0 0 0 23 2 0 0 0 0 2 0 0 0 4 5 1 9 2 48 0 0 2 40 14 50 32 4 49 516 363 6 170 726 394 467 296 262 319 934 1893 892 10 0 0 0 0 0 0 0 0 0 0 0 0 0 0 0 0 0 0
0 0 1 0 1 12 10 2 1 11 119 2 0 21 27 3 0 3 0 0 0 0 0 0 0 8 7 18 0 0 2 5 5 1 2 0 0 0 0 13 2 0 2 1 0 0 9 2 0 7 16 356 38 12 2 9 0 3 1 11 0 0 0 0 0 0 0 0 0 0 0 0 0 0 1 0 0 11 38 0 0 12 30 0 0 0 0 0 10 2 2 2 5 10 15 17 15 0 2 1 5 0 5 13 7 21 6 2 82 18 6 19 16 2 1 16 8 175 346 480 398 744 662 1038 1313 1267 895 926 1095 719 1118 0 0 0 0 0 0 1 0 0 0 0 0 0 0 0 0 0 0 0
0 0 0 0 2 6 0 0 9 11 0 5 1 3 6 40 3 1 1 3 0 0 0 0 0 8 13 1 1 0 0 0 1 0 2 1 1 1 1 2 0 0 0 0 0 1 0 0 5 55 640 569 16 98 8 0 5 1 0 4 0 4 1 0 0 0 0 0 0 0 0 0 0 0 0 0 0 0 0 0 0 4 2 0 0 0 0 0 2 1 0 1 7 0 0 2 1 0 2 6 14 7 11 3 26 8 21 37 10 10 9 1 3 14 17 15 4 71 425 1300 1324 940 261 772 1344 1085 266 790 521 21 260 61 1 0 0 0 0 0 0 0 0 0 0 0 0 0 0 0 0 0
6 3 0 31 5 0 0 1 20 5 6 3 4 3 0 0 3 16 0 0 0 0 0 0 4 2 0 2 0 0 0 41 35 0 1 5 1 0 2 1 0 0 1 0 0 0 0 0 1 54 1037 1194 851 877 69 35 4 3 7 5 1 0 0 0 0 0 0 0 0 0 0 0 0 0 0 0 0 0 0 13 0 9 2 0 0 0 0 27 111 0 2 22 7 0 0 0 0 0 0 11 4 0 31 50 21 82 344 80 7 0 1 2 0 2 3 16 18 10 119 464 403 551 281 1853 1409 800 365 284 73 435 1833 636 0 0 0 0 0 0 0 0 0 0 0 0 0 0 0 0 0 0
3 6 1 76 1 0 14 7 27 3 5 54 2 2 0 1 0 0 0 0 0 1 0 1 0 0 0 1 0 0 0 30 5 8 1 1 2 0 0 0 0 0 0 0 0 0 0 0 0 15 389 493 807 561 103 78 10 1 1 1 0 0 0 0 0 0 0 0 0 0 0 0 0 0 0 0 0 0 0 117 0 11 3 0 0 0 0 9 30 0 10 19 61 0 0 0 0 0 0 6 3 45 37 67 31 19 6 12 0 0 0 0 3 1 0 3 3 11 10 20 280 317 294 591 1353 1205 531 530 351 1381 444 592 1 0 0 0 0 0 0 0 0 0 0 0 0 0 0 0 0 0
3 6 14 25 1 4 4 25 3 0 13 22 1 0 0 0 0 0 0 0 0 0 0 0 0 0 0 1 0 0 8 0 1 0 0 0 0 1 0 0 0 0 0 0 0 3 8 5 30 9 85 278 311 68 43 35 7 0 7 1 0 3 0 0 0 1 0 0 0 0 0 0 0 0 0 0 0 0 0 0 5 0 0 0 0 1 28 30 19 1 24 119 229 6 0 0 0 0 0 76 89 7 67 232 15 1 6 2 9 2 0 0 4 2 5 1 9 17 51 78 52 584 476 407 515 900 1098 1588 254 183 101 101 0 0 0 0 0 0 0 0 0 0 0 0 0 0 0 0 0 0
0 2 27 0 8 0 11 61 10 12 10 5 2 3 0 0 0 0 0 0 0 0 1 1 0 0 0 0 0 0 0 0 1 0 0 0 0 1 2 0 3 0 0 0 0 0 0 1 4 5 3 18 127 43 21 0 0 70 31 1 0 0 2 0 0 0 0 0 0 0 0 0 0 0 0 0 0 0 0 0 0 7 20 26 7 15 0 0 24 34 102 102 90 4 0 1 0 1 19 20 52 250 232 469 381 18 15 13 3 7 0 0 3 0 3 1 13 45 54 244 435 604 1512 1769 704 230 1861 2595 1452 0 0 0 0 0 0 0 0 0 0 0 0 0 0 0 0 0 0 0 0 0
0 22 31 0 11 17 5 46 6 3 1 0 0 0 0 0 0 0 1 0 2 0 2 0 0 0 3 5 1 0 0 0 2 1 0 0 0 0 0 4 5 1 0 0 3 1 0 0 3 0 0 23 77 4 15 1 0 4 98 13 2 0 0 0 0 0 0 0 0 0 0 0 0 0 0 0 0 0 0 0 0 4 7 1 0 3 3 10 12 58 89 81 74 13 34 38 2 0 0 15 113 318 814 219 150 70 0 0 0 12 4 0 0 0 7 0 7 204 506 632 497 35 33 171 228 219 455 1180 330 5 36 9 0 0 0 0 0 0 0 0 0 0 0 0 0 0 0 0 0 0
14 2 174 1 33 108 53 2 1 2 1 1 0 6 0 2 0 0 0 0 3 0 0 0 0 0 0 0 0 0 0 0 0 0 0 1 0 0 0 0 0 3 9 0 2 3 0 0 2 4 0 3 11 0 0 3 0 1 4 19 6 4 1 0 0 0 0 0 0 0 0 0 0 0 0 0 0 0 0 4 18 57 0 2 12 1 83 22 1 3 0 5 9 1 0 0 0 0 0 4 4 86 831 261 347 200 22 9 9 1 12 0 0 0 0 8 191 428 94 36 0 0 0 0 34 279 158 965 400 40 9 9 0 0 0 0 0 0 0 0 0 0 0 0 0 0 0 0 0 0
13 16 111 161 534 858 204 16 3 0 0 0 0 0 3 0 2 0 1 0 1 10 0 0 0 0 0 0 0 0 0 0 0 0 0 0 0 0 0 0 1 2 0 14 5 4 0 49 1 1 0 23 11 3 0 2 1 2 15 2 0 1 0 0 0 0 0 0 0 0 0 0 0 0 0 0 0 0 4 21 7 0 0 1 4 0 14 98 46 0 0 0 0 0 0 1 0 0 0 0 0 101 553 215 205 211 8 0 10 15 3 6 0 0 15 98 126 19 8 78 0 0 0 0 8 624 213 602 294 5 19 1 0 0 0 0 0 0 0 0 0 0 0 0 0 0 0 0 0 0
8 83 432 1231 459 342 161 39 0 6 1 4 1 0 0 0 0 2 3 1 0 4 0 0 1 1 0 1 2 0 0 0 0 0 0 0 0 0 0 0 0 3 1 7 4 0 1 11 40 0 0 3 5 0 0 3 1 0 0 0 0 6 0 0 0 0 0 0 0 0 0 0 0 0 0 0 0 12 1 0 0 0 0 0 0 0 35 59 0 0 1 0 0 0 4 3 0 0 0 0 7 61 70 36 196 119 0 0 1 0 21 7 25 60 29 1 1 3 5 35 45 40 8 0 8 81 78 207 81 3 0 0 0 0 0 0 0 0 0 0 0 0 0 0 0 0 0 0 0 0
1 18 350 263 146 164 88 15 4 0 0 1 0 0 0 0 0 0 2 5 2 3 0 1 0 1 0 0 3 1 0 0 0 0 6 0 3 0 0 0 0 1 0 1 2 0 0 5 0 3 0 0 0 1 1 3 1 0 0 0 0 0 0 0 0 0 0 0 0 0 0 0 0 0 0 0 2 2 0 0 0 0 0 0 0 0 69 10 2 15 45 1 0 0 3 8 0 0 0 334 700 125 196 243 35 243 59 2 0 2 3 85 23 0 0 0 0 0 16 22 107 58 190 194 90 44 15 0 0 1 0 0 0 0 0 0 0 0 0 0 0 0 0 0 0 0 0 0 0 0
16 19 39 84 66 70 3 1 0 2 18 1 0 0 0 0 1 0 1 0 3 93 1 3 0 0 0 1 0 2 0 0 0 3 1 0 0 1 0 0 0 0 0 1 2 36 1 0 0 0 0 0 0 0 1 8 1 0 0 0 0 0 0 0 0 0 0 0 0 0 0 0 0 0 0 0 3 11 0 0 0 0 0 0 0 0 51 0 0 32 37 0 0 0 57 111 50 4 221 1130 411 335 206 44 1 26 72 106 0 16 35 0 0 0 0 0 0 3 69 39 121 35 19 66 17 21 13 12 60 17 10 0 0 0 0 0 0 0 0 0 0 0 0 0 0 0 0 0 0 0
34 42 30 7 0 0 1 3 2 0 1 1 0 0 0 0 0 0 3 2 1 16 3 0 0 0 0 6 0 2 2 0 0 5 3 0 0 0 0 0 1 0 0 9 3 7 1 2 2 1 0 0 0 2 33 17 6 0 0 0 0 0 0 0 0 0 0 0 0 0 0 0 0 0 24 7 0 0 0 0 0 0 0 0 0 0 12 3 0 0 51 24 11 17 108 573 123 11 66 82 221 9 14 9 10 4 0 217 839 168 0 0 0 0 2 0 0 0 0 6 62 0 2 1 41 77 93 37 346 106 60 0 0 0 0 0 0 0 0 0 0 0 0 0 0 0 0 0 0 0
12 0 4 0 0 0 1 0 0 0 0 2 0 0 0 1 0 0 0 0 0 2 1 0 0 0 0 0 0 0 10 56 4 1 0 0 0 0 0 0 0 0 0 0 0 0 0 0 0 0 0 1 6 0 21 1 0 0 0 0 0 0 0 0 0 0 0 0 0 0 0 0 0 0 1 13 0 0 0 0 0 0 0 0 0 0 49 33 159 49 66 22 2 22 1 57 8 5 0 0 4 99 8 0 3 1 107 293 220 56 0 0 0 0 0 0 0 2 3 0 8 14 8 7 2 121 98 175 180 202 142 0 0 0 0 0 0 0 0 0 0 0 0 0 0 0 0 0 0 0
1 0 0 0 3 0 0 0 0 0 0 0 0 0 0 0 0 0 0 1 0 0 2 0 0 0 1 0 1 0 2 0 0 1 1 0 0 0 0 0 0 0 0 0 0 4 12 0 0 0 0 3 2 38 4 2 1 0 0 0 0 0 0 0 0 0 0 0 0 0 0 1 5 2 0 0 0 0 0 0 0 0 0 0 0 0 7 2 92 1 0 0 1 3 4 31 0 1 2 0 0 7 0 3 9 114 732 369 118 109 0 0 0 0 0 0 0 0 37 8 17 21 1 10 1 7 111 88 10 36 2 15 0 0 0 0 0 0 0 0 0 0 0 0 0 0 0 0 0 0
0 0 0 0 0 1 0 0 0 0 0 0 0 0 0 0 0 0 0 0 0 0 0 2 0 0 0 2 1 0 1 1 0 0 0 0 0 1 0 0 0 0 0 0 0 0 0 0 0 0 4 5 2 61 25 0 8 0 0 0 0 0 0 0 0 0 0 0 0 0 1 0 5 1 0 0 0 0 0 0 0 0 0 0 0 0 1 0 5 0 0 0 3 32 0 0 1 0 7 5 3 1 0 0 30 54 161 37 57 130 0 0 0 0 0 0 0 0 2 4 1 1 3 39 85 31 359 71 43 165 6 0 0 0 0 0 0 0 0 0 0 0 0 0 0 0 0 0 0 0
0 0 0 0 2 46 0 0 0 0 0 0 0 0 0 0 0 0 0 0 0 0 0 0 0 0 1 0 0 0 0 2 0 0 0 0 0 0 0 1 0 0 0 5 1 0 0 0 0 0 2 0 2 1 5 0 6 0 0 0 0 0 0 0 0 0 0 0 6 7 6 0 0 0 0 0 0 0 0 0 0 0 0 0 0 0 0 0 0 0 0 28 130 6 0 0 0 0 0 6 11 6 15 20 101 30 0 0 0 1 3 0 0 0 0 0 0 0 0 0 5 18 2 31 0 0 0 245 3 33 0 0 0 0 0 0 0 0 0 0 0 0 0 0 0 0 0 0 0 0
0 0 0 0 31 34 0 0 0 0 0 0 0 0 1 0 0 0 0 0 0 0 0 0 0 0 0 1 8 0 9 1 0 0 0 1 0 0 0 0 0 0 0 4 1 0 0 0 0 4 3 0 0 12 1 6 5 2 0 0 0 0 0 0 0 0 1 0 3 0 0 0 0 0 0 0 0 0 0 0 0 0 0 0 0 0 0 0 22 34 134 375 111 9 0 0 0 0 1 34 43 340 212 49 14 26 7 0 0 8 15 0 0 0 0 0 0 0 0 0 0 0 0 0 0 22 154 42 0 0 0 0 0 0 0 0 0 0 0 0 0 0 0 0 0 0 0 0 0 0
0 0 0 0 6 3 0 0 0 0 0 0 1 5 0 0 0 0 2 0 0 0 0 0 0 0 0 0 0 10 0 0 0 0 24 4 0 0 0 0 0 0 0 0 4 4 0 0 0 1 1 0 2 7 6 2 0 2 0 0 0 0 0 0 0 0 0 0 8 0 0 0 0 0 0 0 0 0 0 0 0 0 0 0 1 0 0 0 19 74 203 147 56 16 0 0 3 5 1 53 108 86 62 91 0 0 4 0 0 1 7 0 0 0 0 0 0 0 0 0 2 79 53 0 0 126 45 1 0 0 0 0 0 0 0 0 0 0 0 0 0 0 0 0 0 0 0 0 0 0
1 0 0 0 0 4 0 0 0 0 0 1 45 18 1 1 0 0 1 1 0 0 0 0 0 5 6 0 1 14 0 0 0 0 1 1 0 0 0 0 0 0 0 0 0 15 9 0 0 0 0 0 0 28 10 0 0 0 0 0 0 0 0 0 0 0 0 4 112 0 0 0 0 0 0 0 0 0 0 0 0 0 0 0 3 12 23 4 2 9 0 4 19 3 16 0 0 1 12 17 67 0 6 10 0 0 0 6 0 41 48 41 0 0 0 0 0 0 0 0 0 0 0 0 0 24 0 2 0 0 0 0 0 0 0 0 0 0 0 0 0 0 0 0 0 0 0 0 0 0
0 0 0 0 0 0 0 0 0 0 0 0 0 0 0 2 1 1 0 0 0 0 0 0 0 1 3 0 0 1 0 0 0 0 0 1 0 0 0 0 0 0 4 0 0 1 1 13 1 3 0 0 0 9 6 4 0 4 2 0 0 0 0 0 0 1 1 51 18 0 0 0 0 0 0 0 0 0 0 0 0 0 0 7 30 0 0 2 3 16 1 1 14 1 4 5 4 12 14 14 51 3 1 2 6 0 0 26 108 128 190 278 40 10 1 0 0 0 0 0 0 0 0 0 0 0 0 0 0 0 0 0 0 0 0 0 0 0 0 0 0 0 0 0 0 0 0 0 0 0
0 0 0 0 0 3 2 0 0 0 0 2 0 0 0 0 0 0 0 0 0 0 0 0 1 0 0 0 2 0 0 0 0 0 0 0 0 0 1 2 0 0 0 0 0 0 0 2 23 0 0 0 0 4 0 63 103 1 2 0 0 0 0 0 1 9 49 86 1 0 0 2 0 0 0 0 0 0 0 0 0 0 0 25 69 0 2 15 6 3 5 6 0 0 0 9 31 22 10 0 7 1 4 2 13 3 20 1 55 39 270 12 90 3 2 0 0 0 0 0 0 0 0 0 0 0 0 0 0 0 0 0 0 0 0 0 0 0 0 0 0 0 0 0 0 0 0 0 0 0
0 0 0 0 0 2 0 0 0 0 0 0 0 0 0 2 0 0 0 0 0 0 0 0 0 0 0 0 0 0 1 0 0 0 0 1 1 0 2 0 0 0 0 0 0 7 4 14 84 4 1 0 0 2 5 1 3 12 21 18 0 0 4 7 6 3 0 0 0 1 0 0 0 0 0 0 0 0 0 0 0 0 0 0 0 0 0 4 7 4 0 0 1 0 3 93 4 0 0 0 0 0 1 0 7 64 218 689 341 54 31 0 8 12 0 0 0 0 0 0 0 0 0 0 0 0 0 0 0 0 0 0 0 0 0 0 0 0 0 0 0 0 0 0 0 0 0 0 0 0
0 0 4 1 2 40 2 2 2 1 0 2 0 0 0 0 0 0 0 0 0 0 0 0 0 0 0 0 0 0 3 0 0 0 0 0 0 0 9 2 0 0 0 1 4 4 16 124 2 2 2 0 0 1 5 3 1 0 0 5 0 0 0 2 2 0 0 5 1 10 1 12 0 0 0 0 0 0 0 0 0 0 0 0 0 0 0 0 0 8 13 6 1 2 88 4 1 0 0 0 0 6 0 12 240 85 160 310 122 145 80 133 81 0 0 0 0 0 0 0 0 0 0 0 0 0 0 0 0 0 0 0 0 0 0 0 0 0 0 0 0 0 0 0 0 0 0 0 0 0
0 0 0 0 48 69 1 0 1 1 0 0 0 1 0 0 0 0 0 0 0 0 0 0 0 0 0 0 0 0 1 0 1 0 0 0 0 0 0 0 0 0 1 1 0 0 2 1 4 0 8 1 5 0 0 0 4 0 3 6 0 1 2 2 0 0 0 7 2 0 0 0 14 1 0 0 0 0 0 0 0 0 0 0 0 0 0 0 1 0 0 0 10 18 3 23 148 0 0 0 0 0 0 42 85 214 1 1 6 44 1 5 5 0 0 0 0 0 0 0 0 0 0 0 0 0 0 0 0 0 0 0 0 0 0 0 0 0 0 0 0 0 0 0 0 0 0 0 0 0
0 1 0 1 1 1 1 0 4 1 1 0 0 0 0 0 0 0 1 1 0 0 0 0 0 0 0 0 0 0 0 5 0 2 0 0 0 0 0 0 0 1 0 0 0 0 1 3 4 4 0 0 0 2 0 0 0 0 19 4 4 5 0 0 0 0 0 0 0 0 2 2 5 1 0 0 0 0 0 0 0 0 0 0 0 0 0 0 4 0 0 34 58 7 23 184 180 0 0 0 0 0 0 7 10 0 0 0 0 2 23 51 2 0 0 0 0 0 0 0 0 0 0 0 0 0 0 0 0 0 0 0 0 0 0 0 0 0 0 0 0 0 8 1 0 1 0 0 0 0
0 0 1 1 0 0 0 0 2 7 0 0 1 0 1 0 0 0 1 0 0 0 0 0 0 0 0 0 0 0 0 0 0 0 0 0 0 0 0 0 0 0 0 0 0 0 0 0 0 0 1 0 1 2 4 0 0 0 4 3 8 2 0 0 0 0 0 0 0 0 2 1 0 1 0 0 0 0 0 0 0 0 0 0 0 0 0 0 37 2 3 18 107 80 27 0 3 1 0 0 0 0 1 4 1 0 0 9 0 47 212 1 0 0 0 0 0 0 0 0 0 0 0 0 0 0 0 0 0 0 0 0 0 0 0 0 0 0 0 0 0 0 0 2 0 0 0 0 0 0
0 1 0 0 0 0 0 0 0 1 0 0 1 5 0 0 0 0 0 0 0 0 0 0 0 0 0 0 0 0 0 0 0 0 0 0 0 0 0 0 0 0 0 0 0 0 0 0 0 0 5 1 8 0 0 0 0 1 0 7 0 0 0 0 0 0 0 0 0 0 0 0 0 0 0 0 0 0 0 0 0 0 0 0 0 0 0 0 0 6 11 75 361 0 0 11 3 0 0 0 0 0 0 1 0 0 0 3 7 29 34 3 0 0 0 0 0 0 0 0 0 0 0 0 0 0 0 0 0 0 0 0 0 0 0 0 0 0 0 0 0 0 0 0 0 0 0 0 0 0
0 0 0 0 0 0 0 0 0 0 0 1 0 1 0 0 0 0 2 0 0 0 0 1 2 0 0 0 0 0 0 0 0 0 0 0 1 0 0 0 0 0 1 0 0 0 0 0 0 0 11 16 0 0 0 3 8 2 3 5 5 0 0 0 0 0 0 0 0 0 1 59 10 0 0 0 0 0 0 0 0 0 0 0 0 0 0 0 2 6 35 30 9 14 3 1 0 0 0 0 0 0 0 0 0 0 0 0 0 0 0 0 0 0 0 0 0 0 0 0 0 0 0 0 0 0 0 0 0 0 0 0 0 0 0 0 0 0 0 0 0 0 0 0 0 0 0 0 0 0
0 0 0 0 0 0 0 0 0 0 0 0 0 0 0 0 0 1 0 0 0 4 0 28 0 0 0 0 0 0 0 0 0 0 0 0 0 0 0 0 0 0 0 0 0 0 0 0 0 0 0 15 1 3 4 4 0 0 0 0 1 10 10 0 0 0 0 0 0 0 0 8 3 0 3 0 0 0 0 0 0 0 0 0 0 0 0 0 0 8 1 29 27 58 54 1 0 0 0 0 0 0 0 0 0 0 0 0 0 0 0 0 0 0 0 0 0 0 0 0 0 0 0 0 0 0 0 0 0 0 0 0 0 0 0 0 0 0 0 0 0 0 0 0 0 0 0 0 0 0
0 0 0 0 0 0 0 0 0 1 0 0 0 0 0 0 0 0 0 1 0 0 0 2 2 0 0 0 0 0 0 0 0 0 0 0 0 0 0 0 0 0 0 0 0 0 0 0 0 1 2 38 30 5 4 0 0 1 1 0 0 21 53 0 0 0 0 0 0 0 2 0 0 2 5 0 0 0 0 0 0 0 0 0 0 0 0 0 0 1 7 1 0 39 28 16 0 0 0 0 0 0 0 0 0 0 0 0 0 0 0 0 0 0 0 0 0 0 0 0 0 0 0 0 0 0 0 0 0 0 0 0 0 0 0 0 0 0 0 0 0 0 0 0 0 0 0 0 0 0
0 0 0 0 0 0 0 0 0 0 0 0 2 0 0 0 0 0 0 0 0 0 0 0 1 1 0 0 0 0 0 1 0 0 0 0 0 0 0 0 0 0 0 0 0 0 0 0 1 2 9 29 156 15 10 20 1 0 0 0 0 11 0 0 0 0 0 0 0 0 0 0 0 1 0 0 0 0 0 0 0 0 0 0 0 0 0 0 0 0 1 9 15 14 11 13 0 0 0 0 0 0 0 0 0 0 0 0 0 0 0 0 0 0 0 0 0 0 0 0 0 0 0 0 0 0 0 0 0 0 0 0 0 0 0 0 0 0 0 0 0 0 0 0 0 0 0 0 0 0
0 0 0 0 0 0 0 0 0 0 0 0 9 2 1 3 0 1 2 0 0 2 0 0 1 6 0 0 0 0 0 0 0 0 0 0 0 0 1 0 1 0 0 0 0 0 0 0 4 6 0 12 88 0 20 0 0 0 0 0 2 4 0 0 0 0 0 0 0 0 0 0 0 0 0 0 0 0 0 0 0 0 0 22 0 0 0 1 0 0 0 0 7 7 9 2 11 0 0 6 0 0 0 0 0 0 0 0 0 0 0 0 0 0 0 0 0 0 0 0 0 0 0 0 0 0 0 0 0 0 0 0 0 0 0 0 0 0 0 0 0 0 0 0 0 0 0 0 0 0
0 0 0 0 2 0 0 0 0 4 0 0 0 3 3 0 1 0 0 0 0 0 0 4 1 1 0 0 0 0 0 0 0 0 0 0 0 0 0 0 0 0 0 0 0 0 0 8 0 0 0 5 30 0 0 0 0 0 0 1 27 5 1 0 0 0 0 0 0 0 0 0 0 0 0 0 0 0 0 0 0 0 0 0 0 0 0 0 0 0 0 0 0 1 0 1 17 3 2 1 0 0 0 0 0 0 0 0 0 0 0 0 0 0 0 0 0 0 0 0 0 0 0 0 0 0 0 0 0 0 0 0 0 0 0 0 0 0 0 0 0 0 0 0 0 0 0 0 0 0
0 0 0 0 0 0 0 0 0 0 1 0 0 0 0 0 0 1 0 0 0 0 0 0 1 0 0 0 0 0 0 0 2 3 18 2 0 0 0 0 0 0 0 0 0 2 6 15 0 0 0 0 0 0 0 0 0 0 0 4 4 0 0 0 0 0 0 0 0 0 0 0 0 0 0 0 0 0 0 0 0 0 0 0 0 2 0 0 0 0 0 0 0 0 0 2 8 16 0 0 1 0 0 0 0 0 0 0 0 0 0 0 0 0 0 0 0 0 0 0 0 0 0 0 0 0 0 0 0 0 0 0 0 0 0 0 0 0 0 0 0 0 0 1 2 5 0 0 0 0
1 0 0 0 0 0 0 0 0 0 0 0 0 0 0 0 0 1 0 3 3 1 0 0 0 1 0 0 0 0 0 0 0 0 0 0 0 1 0 0 0 0 0 0 0 2 1 0 0 0 0 0 0 0 0 0 0 0 0 1 0 1 0 0 0 0 0 0 0 0 0 12 9 0 0 0 0 0 0 0 0 0 0 0 0 0 0 0 0 0 0 0 0 0 5 2 18 7 0 0 13 1 0 0 0 0 0 0 0 0 0 0 0 0 0 0 0 0 0 0 0 0 0 0 0 0 0 0 0 0 0 0 0 0 0 0 0 0 0 0 0 0 0 0 0 0 0 0 0 0
0 0 0 0 0 0 0 0 0 0 0 3 0 0 0 0 2 0 0 0 0 0 0 0 0 0 0 0 0 0 0 1 0 0 0 0 0 0 0 0 0 0 0 0 4 0 0 0 0 0 0 0 0 0 0 0 0 0 0 0 2 0 0 0 0 0 0 0 0 0 13 24 0 0 0 0 0 0 0 0 0 0 0 0 0 0 0 0 0 0 0 0 0 0 12 0 0 0 0 5 0 1 0 0 0 0 0 0 0 0 0 0 0 0 0 0 0 0 0 0 0 0 0 0 0 0 0 0 0 0 0 0 0 0 0 0 0 0 0 0 0 0 0 0 0 0 0 0 0 0
0 0 0 0 0 0 0 0 0 0 5 0 6 0 0 2 4 0 0 0 0 0 0 0 0 0 0 0 0 0 0 0 0 0 0 0 0 0 0 0 0 0 0 3 2 0 0 0 0 0 0 0 0 0 0 0 0 0 0 0 0 0 0 0 0 0 0 0 0 0 5 0 0 0 0 0 0 0 0 0 0 0 0 0 0 0 0 0 0 0 0 0 0 0 1 0 15 0 0 0 0 0 0 0 0 0 0 0 0 0 0 0 0 0 0 0 0 0 0 0 0 0 0 0 0 0 0 0 0 0 0 0 0 0 0 0 0 0 0 0 0 0 0 0 0 0 0 0 0 0
4 0 0 0 0 0 2 1 1 1 2 2 13 0 3 15 16 1 0 0 0 0 0 0 0 0 0 0 0 0 0 0 0 0 0 0 0 0 0 0 0 0 0 10 0 0 0 0 0 0 0 0 0 0 0 0 0 0 0 2 1 0 0 0 0 0 0 0 2 2 0 0 0 0 0 0 0 0 0 0 0 0 0 0 0 0 0 0 0 0 0 0 0 0 0 0 1 6 6 0 0 0 0 0 0 0 0 0 0 0 0 0 0 0 0 0 0 0 0 0 0 0 0 0 0 0 0 0 0 0 0 0 0 0 0 0 0 0 0 0 0 0 0 0 0 0 0 0 0 0
0 0 0 0 2 1 0 0 0 0 0 0 4 1 0 0 0 3 9 0 0 0 0 0 0 1 0 0 0 0 0 0 0 0 0 1 38 12 0 0 0 0 10 6 0 0 0 0 0 0 0 0 0 0 0 0 0 0 0 0 11 3 2 0 1 0 0 1 40 48 0 0 0 0 0 0 0 0 0 0 0 0 0 0 0 0 0 0 1 0 0 0 0 0 0 0 2 0 1 0 0 0 0 0 0 0 0 0 0 0 0 0 0 0 0 0 0 0 0 0 0 0 0 0 0 0 0 0 0 0 0 0 0 0 0 0 0 0 0 0 0 0 0 0 0 0 0 0 0 0
0 1 3 1 0 0 0 0 0 0 2 2 36 14 0 1 31 0 9 11 0 0 0 9 1 1 0 0 0 0 1 0 0 0 2 3 11 4 4 0 0 2 30 0 0 0 0 0 0 0 0 0 0 0 0 0 0 0 0 0 0 0 0 1 86 65 18 0 0 0 0 0 0 0 0 0 0 0 0 0 0 0 0 0 0 0 0 0 0 0 0 0 0 0 0 0 0 0 0 0 0 0 0 0 0 0 0 0 0 0 0 0 0 0 0 0 0 0 0 0 0 0 0 0 0 0 0 0 0 0 0 0 0 0 0 0 0 0 0 0 0 0 0 0 0 0 0 0 0 0
5 64 11 0 0 0 0 0 0 0 0 1 3 0 0 1 1 0 0 8 21 76 35 23 0 0 0 0 0 3 2 0 0 0 5 4 27 3 0 2 2 4 2 0 0 0 0 0 0 0 0 0 0 0 0 0 0 0 0 0 0 0 0 0 25 8 0 0 0 0 0 0 0 0 0 0 0 0 0 0 0 0 0 0 0 0 0 0 0 0 0 0 0 0 0 0 0 0 0 0 0 0 0 0 0 0 0 0 0 0 0 0 0 0 0 0 0 0 0 0 0 0 0 0 0 0 0 0 0 0 0 0 0 0 0 0 0 0 0 0 0 0 0 0 0 0 0 0 0 0
26 9 6 0 1 1 0 0 0 0 0 0 4 0 0 1 12 2 0 5 10 301 23 5 9 3 0 0 7 13 3 0 0 0 0 0 4 2 1 3 0 46 0 0 0 0 0 0 0 0 0 0 0 0 0 0 0 0 0 0 0 0 0 0 5 0 0 0 0 0 0 0 0 0 0 0 0 0 0 0 0 0 0 0 0 0 0 0 0 0 0 0 0 0 0 0 0 0 0 0 0 0 0 0 0 0 0 0 0 0 0 0 0 0 0 0 0 0 0 0 0 0 0 0 0 0 0 0 0 0 0 0 0 0 0 0 0 0 0 0 0 0 0 0 0 0 0 0 0 0
0 0 0 2 0 0 0 0 0 0 0 1 7 3 0 0 2 1 0 4 0 2 5 2 3 16 17 0 2 13 0 0 0 0 1 6 3 0 0 0 0 4 0 0 0 0 0 0 0 0 0 0 0 0 0 0 0 0 0 0 0 0 0 0 0 0 0 0 0 0 0 0 0 0 0 0 0 0 0 0 0 0 0 0 0 0 0 0 0 0 0 0 0 0 0 0 0 0 0 0 0 0 0 0 0 0 0 0 0 0 0 0 0 0 0 0 0 0 0 0 0 0 0 0 0 0 0 0 0 0 0 0 0 0 0 0 0 0 0 0 0 0 0 0 0 0 0 0 0 0
0 0 0 0 0 0 0 0 0 0 0 0 0 1 0 0 0 1 0 4 0 0 0 0 1 5 6 8 34 6 6 5 7 23 8 1 0 0 0 0 0 0 0 0 0 0 0 0 0 0 0 0 0 0 0 0 0 0 0 0 0 0 0 0 0 0 0 0 0 0 0 0 0 0 0 0 0 0 0 0 0 0 0 0 0 0 0 0 0 0 0 0 0 0 0 0 0 0 0 0 0 0 0 0 0 0 0 0 0 0 0 0 0 0 0 0 0 0 0 0 0 0 0 0 0 0 0 0 0 0 0 0 0 0 0 0 0 0 0 0 0 0 0 0 0 0 0 0 0 0
4 0 0 0 0 0 0 0 0 0 0 0 0 4 0 0 0 0 0 0 0 0 0 0 1 0 0 7 309 64 17 20 12 54 1 0 8 0 0 0 0 0 0 0 0 0 0 0 0 0 0 0 0 0 0 0 0 0 0 0 0 0 0 0 0 0 0 0 0 0 0 0 0 0 0 0 0 0 0 0 0 0 0 0 0 0 0 0 0 0 0 0 0 0 0 0 0 0 0 0 0 0 0 0 0 0 0 0 0 0 0 0 0 0 0 0 0 0 0 0 0 0 0 0 0 0 0 0 0 0 0 0 0 0 0 0 0 0 0 0 0 0 0 0 0 0 0 0 0 0
0 0 0 0 0 0 0 0 0 0 0 0 0 2 0 0 0 0 0 0 0 0 0 0 0 4 3 20 2 3 9 2 0 13 0 0 4 0 0 0 0 0 0 0 0 0 0 0 0 0 0 0 0 0 0 0 0 0 0 0 0 0 0 0 0 0 0 0 0 0 0 0 0 0 0 0 0 0 0 0 0 0 0 0 0 0 0 0 0 0 0 0 0 0 0 0 0 0 0 0 0 0 0 0 0 0 0 0 0 0 0 0 0 0 0 0 0 0 0 0 0 0 0 0 0 0 0 0 0 0 0 0 0 0 0 0 0 0 0 0 0 0 0 0 0 0 0 0 0 0
0 0 0 0 0 0 0 0 0 0 0 0 0 3 0 0 0 0 0 0 0 0 0 0 4 1 10 2 0 0 8 2 10 1 0 1 0 1 0 0 0 0 0 0 0 0 0 0 0 0 0 0 0 0 0 0 0 0 0 0 0 0 0 0 0 0 0 0 0 0 0 0 0 0 0 0 0 0 0 0 0 0 0 0 0 0 0 0 0 0 0 0 0 0 0 0 0 0 0 0 0 0 0 0 0 0 0 0 0 0 0 0 0 0 0 0 0 0 0 0 0 0 0 0 0 0 0 0 0 0 0 0 0 0 0 0 0 0 0 0 0 0 0 0 0 0 0 0 0 0
0 0 0 0 0 0 0 0 0 0 0 0 4 8 0 0 0 0 0 0 0 0 0 0 0 0 0 7 0 0 0 0 14 0 0 0 2 3 0 0 0 0 0 0 0 0 0 0 0 0 0 0 0 0 0 0 0 0 0 0 0 0 0 0 0 0 0 0 0 0 0 0 0 0 0 0 0 0 0 0 0 0 0 0 0 0 0 0 0 0 0 0 0 0 0 0 0 0 0 0 0 0 0 0 0 0 0 0 0 0 0 0 0 0 0 0 0 0 0 0 0 0 0 0 0 0 0 0 0 0 0 0 0 0 0 0 0 0 0 0 0 0 0 0 0 0 0 0 0 0
0 0 0 0 0 0 0 0 1 3 3 2 3 0 0 0 0 0 0 0 0 0 0 0 0 0 0 19 2 9 7 0 3 0 0 0 1 0 0 0 0 0 0 0 0 0 0 0 0 0 0 0 0 0 0 0 0 0 0 0 0 0 0 0 0 0 0 0 0 0 0 0 0 0 0 0 0 0 0 0 0 0 0 0 0 0 0 0 0 0 0 0 0 0 0 0 0 0 0 0 0 0 0 0 0 0 0 0 0 0 0 0 0 0 0 0 0 0 0 0 0 0 0 0 0 0 0 0 0 0 0 0 0 0 0 0 0 0 0 0 0 0 0 0 0 0 0 0 0 0
0 0 0 0 0 0 0 0 0 1 1 0 0 0 0 0 0 0 0 0 0 0 0 0 0 0 0 20 23 0 0 0 21 8 0 0 0 0 0 0 0 0 0 0 0 0 0 0 0 0 0 0 0 0 0 0 0 0 0 0 0 0 0 0 0 0 0 0 0 0 0 0 0 0 0 0 0 0 0 0 0 0 0 0 0 0 0 0 0 0 0 0 0 0 0 0 0 0 0 0 0 0 0 0 0 0 0 0 0 0 0 0 0 0 0 0 0 0 0 0 0 0 0 0 0 0 0 0 0 0 0 0 0 0 0 0 0 0 0 0 0 0 0 0 0 0 0 0 0 0
0 0 0 0 0 0 0 0 0 0 4 0 0 4 0 0 0 0 0 0 0 0 0 0 0 0 0 0 0 0 0 15 7 0 0 0 0 0 0 0 1 0 0 0 0 0 0 0 0 0 0 0 0 0 0 0 0 0 0 0 0 0 0 0 0 0 0 0 0 0 0 0 0 0 0 0 0 0 0 0 0 0 0 0 0 0 0 0 0 0 0 0 0 0 0 0 0 0 0 0 0 0 0 0 0 0 0 0 0 0 0 0 0 0 0 0 0 0 0 0 0 0 0 0 0 0 0 0 0 0 0 0 0 0 0 0 0 0 0 0 0 0 0 0 0 0 0 0 0 0
0 0 0 0 0 0 0 0 0 2 3 0 0 0 0 0 0 0 0 0 0 0 0 0 0 0 0 0 0 0 0 0 0 0 0 0 0 0 0 0 1 0 0 0 0 0 0 0 0 0 0 0 0 0 0 0 0 0 0 0 0 0 0 0 0 0 0 0 0 0 0 0 0 0 0 0 0 0 0 0 0 0 0 0 0 0 0 0 0 0 0 0 0 0 0 0 0 0 0 0 0 0 0 0 0 0 0 0 0 0 0 0 0 0 0 0 0 0 0 0 0 0 0 0 0 0 0 0 0 0 0 0 0 0 0 0 0 0 0 0 0 0 0 0 0 0 0 0 0 0
0 0 0 0 0 0 0 0 1 1 2 0 0 0 0 0 0 0 0 0 0 0 0 0 0 0 0 0 0 0 0 0 0 0 0 0 0 0 0 0 0 0 0 0 0 0 0 0 0 0 0 1 0 0 0 0 0 0 0 0 0 0 0 0 0 0 0 0 0 0 0 0 0 0 0 0 0 0 0 0 0 0 0 0 0 0 0 0 0 0 0 0 0 0 0 0 0 0 0 0 0 0 0 0 0 0 0 0 0 0 0 0 0 0 0 0 0 0 0 0 0 0 0 0 0 0 0 0 0 0 0 0 0 0 0 0 0 0 0 0 0 0 0 0 0 0 0 0 0 0
0 0 0 0 0 0 0 0 14 26 0 0 0 0 0 0 0 0 0 0 0 0 0 0 0 0 0 0 0 0 0 0 0 0 0 0 0 0 0 0 0 0 0 0 0 0 0 0 2 0 1 0 0 0 0 0 0 0 0 0 0 0 0 0 0 0 0 0 0 0 0 0 0 0 0 0 0 0 0 0 0 0 0 0 0 0 0 0 0 0 0 0 0 0 0 0 0 0 0 0 0 0 0 0 0 0 0 0 0 0 0 0 0 0 0 0 0 0 0 0 0 0 0 0 0 0 0 0 0 0 0 0 0 0 0 0 0 0 0 0 0 0 0 0 0 0 0 0 0 0
0 0 0 0 0 3 14 30 22 0 0 0 0 0 0 0 0 0 0 0 0 0 0 0 0 0 0 0 0 0 0 0 0 0 0 0 0 0 0 0 0 0 0 0 0 0 0 0 0 31 26 0 0 0 0 0 0 0 0 0 0 0 0 0 0 0 0 0 0 0 0 0 0 0 0 0 0 0 0 0 0 0 0 0 0 0 0 0 0 0 0 0 0 0 0 0 0 0 0 0 0 0 0 0 0 0 0 0 0 0 0 0 0 0 0 0 0 0 0 0 0 0 0 0 0 0 0 0 0 0 0 0 0 0 0 0 0 0 0 0 0 0 0 0 0 0 0 0 0 0
3 0 0 0 0 0 8 32 0 0 0 0 0 0 0 0 0 0 0 0 0 0 0 0 0 0 0 0 0 0 0 0 0 0 0 0 0 0 0 0 0 0 0 0 0 0 0 0 0 0 0 0 0 0 0 0 0 0 0 0 0 0 0 0 0 0 0 0 0 0 0 0 0 0 0 0 0 0 0 0 0 0 0 0 0 0 0 0 0 0 0 0 0 0 0 0 0 0 0 0 0 0 0 0 0 0 0 0 0 0 0 0 0 0 0 0 0 0 0 0 0 0 0 0 0 0 0 0 0 0 0 0 0 0 0 0 0 0 0 0 0 0 0 0 0 0 0 0 0 0
0 0 0 0 0 0 0 0 0 0 0 0 0 0 0 0 0 0 0 0 0 0 0 0 0 0 0 0 0 0 0 0 0 0 0 0 0 0 0 0 0 0 0 0 0 0 0 0 0 0 0 0 4 11 0 0 0 0 0 0 0 0 0 0 0 0 0 0 0 0 0 0 0 0 0 0 0 0 0 0 0 0 0 0 0 0 0 0 0 0 0 0 0 0 0 0 0 0 0 0 0 0 0 0 0 0 0 0 0 0 0 0 0 0 0 0 0 0 0 0 0 0 0 0 0 0 0 0 0 0 0 0 0 0 0 0 0 0 0 0 0 0 0 0 0 0 0 0 0 0
0 0 0 0 0 0 0 0 0 0 0 0 0 0 0 0 0 0 0 0 0 0 0 0 0 0 0 0 0 0 0 0 0 0 0 0 0 0 0 0 0 0 0 0 0 0 0 0 0 0 0 0 1 2 0 0 0 0 0 0 0 0 0 0 0 0 0 0 0 0 0 0 0 0 0 0 0 0 0 0 0 0 0 0 0 0 0 0 0 0 0 0 0 0 0 0 0 0 0 0 0 0 0 0 0 0 0 0 0 0 0 0 0 0 0 0 0 0 0 0 0 0 0 0 0 0 0 0 0 0 0 0 0 0 0 0 0 0 0 0 0 0 0 0 0 0 0 0 0 0
0 0 0 0 0 0 0 0 0 0 0 0 0 0 0 0 0 0 0 0 0 0 0 0 0 0 0 0 0 0 0 0 0 0 0 0 0 5 0 0 0 0 0 0 0 0 0 0 0 0 0 0 2 0 0 0 0 0 0 0 0 0 0 0 0 0 0 0 0 0 0 0 0 0 0 0 0 0 0 0 0 0 0 0 0 0 0 0 0 0 0 0 0 0 0 0 0 0 0 0 0 0 0 0 0 0 0 0 0 0 0 0 0 0 0 0 0 0 0 0 0 0 0 0 0 0 0 0 0 0 0 0 0 0 0 0 0 0 0 0 0 0 0 0 0 0 0 0 0 0
0 0 0 0 0 0 0 0 0 0 0 0 0 0 0 0 0 0 0 0 0 0 0 0 0 0 0 0 0 0 0 0 1 0 0 0 0 0 0 0 0 0 0 0 0 0 0 0 0 0 0 0 0 0 0 0 0 0 0 0 0 0 0 0 0 0 0 0 0 0 0 0 0 0 0 0 0 0 0 0 0 0 0 0 0 0 0 0 0 0 0 0 0 0 0 0 0 0 0 0 0 0 0 0 0 0 0 0 0 0 0 0 0 0 0 0 0 0 0 0 0 0 0 0 0 0 0 0 0 0 0 0 0 0 0 0 0 0 0 0 0 0 0 0 0 0 0 0 0 0
0 0 0 0 0 0 0 0 0 0 0 0 0 0 0 0 0 0 0 0 0 0 0 0 0 0 0 0 0 0 2 0 0 0 1 0 0 0 0 0 0 0 0 0 0 0 0 0 0 0 0 0 0 2 0 0 0 0 0 0 0 0 0 0 0 0 0 0 0 0 0 0 0 0 0 0 0 0 0 0 0 0 0 0 0 0 0 0 0 0 0 0 0 0 0 0 0 0 0 0 0 0 0 0 0 0 0 0 0 0 0 0 0 0 0 0 0 0 0 0 0 0 0 0 0 0 0 0 0 0 0 0 0 0 0 0 0 0 0 0 0 0 0 0 0 0 0 0 0 0
0 0 0 0 0 0 0 0 0 0 0 0 0 0 0 0 0 0 0 0 0 0 0 0 0 0 0 0 0 1 7 17 0 0 0 0 2 0 0 0 0 0 0 0 0 0 0 0 0 0 0 0 0 0 0 0 0 0 0 0 0 0 0 0 0 0 0 0 0 0 0 0 0 0 0 0 0 0 0 0 0 0 0 0 0 0 0 0 0 0 0 0 0 0 0 0 0 0 0 0 0 0 0 0 0 0 0 0 0 0 0 0 0 0 0 0 0 0 0 0 0 0 0 0 0 0 0 0 0 0 0 0 0 0 0 0 0 0 0 0 0 0 0 0 0 0 0 0 0 0
0 0 0 0 0 0 0 0 0 0 0 0 0 0 0 0 0 0 0 0 0 0 0 0 0 0 0 0 0 0 0 2 0 0 0 0 2 0 0 0 0 0 0 0 0 0 0 0 0 0 0 0 0 0 0 0 0 0 0 0 0 0 0 0 0 0 0 0 0 0 0 0 0 0 0 0 0 0 0 0 0 0 0 0 0 0 0 0 0 0 0 0 0 0 0 0 0 0 0 0 0 0 0 0 0 0 0 0 0 0 0 0 0 0 0 0 0 0 0 0 0 0 0 0 0 0 0 0 0 0 0 0 0 0 0 0 0 0 0 0 0 0 0 0 0 0 0 0 0 0
0 0 0 0 0 0 0 0 0 0 0 0 0 0 0 0 0 0 0 0 0 0 0 0 0 0 0 0 0 10 0 0 0 0 1 0 0 0 0 0 0 0 0 0 0 0 0 0 0 0 0 0 0 0 0 0 0 0 0 0 0 0 0 0 0 0 0 0 0 0 0 0 0 0 0 0 0 0 0 0 0 0 0 0 0 0 0 0 0 0 0 0 0 0 0 0 0 0 0 0 0 0 0 0 0 0 0 0 0 0 0 0 0 0 0 0 0 0 0 0 0 0 0 0 0 0 0 0 0 0 0 0 0 0 0 0 0 0 0 0 0 0 0 0 0 0 0 0 0 0
0 0 0 0 0 0 0 0 0 0 0 0 0 0 0 0 0 0 0 0 0 0 0 0 0 0 0 0 0 66 29 0 0 0 0 0 0 0 0 0 0 0 0 0 0 0 0 0 1 0 0 0 0 0 0 0 0 0 0 0 0 0 0 0 0 0 0 0 0 0 0 0 0 0 0 0 0 0 0 0 0 0 0 0 0 0 0 0 0 0 0 0 0 0 0 0 0 0 0 0 0 0 0 0 0 0 0 0 0 0 0 0 0 0 0 0 0 0 0 0 0 0 0 0 0 0 0 0 0 0 0 0 0 0 0 0 0 0 0 0 0 0 0 0 0 0 0 0 0 0
0 0 0 0 0 0 0 0 0 0 0 0 0 0 0 0 0 0 0 0 0 0 0 0 0 0 4 0 0 0 0 0 0 1 0 0 0 0 0 0 0 0 0 0 0 0 0 0 3 26 0 0 0 0 0 0 0 0 0 0 0 0 0 0 0 0 0 0 0 0 0 0 0 0 0 0 0 0 0 0 0 0 0 0 0 0 0 0 0 0 0 0 0 0 0 0 0 0 0 0 0 0 0 0 0 0 0 0 0 0 0 0 0 0 0 0 0 0 0 0 0 0 0 0 0 0 0 0 0 0 0 0 0 0 0 0 0 0 0 0 0 0 0 0 0 0 0 0 0 0
0 0 0 0 0 0 0 0 0 0 0 0 0 0 0 0 0 0 0 0 0 0 0 0 0 0 4 0 0 0 0 0 0 0 0 0 0 0 0 0 0 0 0 0 0 0 0 0 4 0 0 0 0 0 0 0 0 0 0 0 0 0 0 0 0 0 0 0 0 0 0 0 0 0 0 0 0 0 0 0 0 0 0 0 0 0 0 0 0 0 0 0 0 0 0 0 0 0 0 0 0 0 0 0 0 0 0 0 0 0 0 0 0 0 0 0 0 0 0 0 0 0 0 0 0 0 0 0 0 0 0 0 0 0 0 0 0 0 0 0 0 0 0 0 0 0 0 0 0 0
0 0 0 0 0 0 0 0 0 0 0 0 0 0 0 0 0 0 0 0 0 0 0 0 0 0 0 2 5 0 0 0 0 0 0 0 0 0 0 0 0 0 0 0 0 0 0 0 0 0 0 0 0 0 0 0 0 0 0 0 0 0 0 0 0 0 0 0 0 0 0 0 0 0 0 0 0 0 0 0 0 0 0 0 0 0 0 0 0 0 0 0 0 0 0 0 0 0 0 0 0 0 0 0 0 0 0 0 0 0 0 0 0 0 0 0 0 0 0 0 0 0 0 0 0 0 0 0 0 0 0 0 0 0 0 0 0 0 0 0 0 0 0 0 0 0 0 0 0 6
0 0 0 0 0 0 0 0 0 0 0 0 0 0 0 0 0 0 0 0 0 0 0 0 0 0 0 0 0 0 0 0 0 0 0 0 0 0 0 0 0 0 0 0 0 0 0 0 0 0 0 0 0 0 0 0 0 0 0 0 0 0 0 0 0 0 0 0 0 0 0 0 0 0 0 0 0 0 0 0 0 0 0 0 0 0 0 0 0 0 0 0 0 0 0 0 0 0 0 0 0 0 0 0 0 0 0 0 0 0 0 0 0 0 0 0 0 0 0 0 0 0 0 0 0 0 0 0 0 0 0 0 0 0 0 0 0 0 0 0 0 0 0 0 0 0 0 0 0 0
0 0 0 0 0 0 0 0 0 0 0 0 0 0 0 0 0 0 0 0 0 0 0 0 0 0 0 0 0 0 0 0 0 0 0 0 0 0 0 0 0 0 0 0 0 0 0 0 0 0 0 0 0 0 0 0 0 0 0 0 0 0 0 0 0 0 0 0 0 0 0 0 0 0 0 0 0 0 0 0 0 0 0 0 0 0 0 0 0 0 0 0 0 0 0 0 0 0 0 0 0 0 0 0 0 0 0 0 0 0 0 0 0 0 0 0 0 0 0 0 0 0 0 0 0 0 0 0 0 0 0 0 0 0 0 1 0 0 0 0 0 0 0 0 0 0 0 0 0 0
0 0 0 0 0 0 0 0 0 0 0 0 0 0 0 0 0 0 0 0 0 0 0 0 0 0 0 0 0 0 0 0 0 0 0 0 0 0 0 0 0 0 0 0 0 0 0 0 0 0 0 0 0 0 0 0 0 0 0 0 0 0 0 0 0 0 0 0 0 0 0 0 0 0 0 0 0 0 0 0 0 0 0 0 0 0 0 0 0 0 0 0 0 0 0 0 0 0 0 0 0 0 0 0 0 0 0 0 0 0 0 0 0 0 0 0 0 0 0 0 0 0 0 0 0 0 0 0 0 0 0 0 0 0 0 0 0 0 0 0 0 0 0 0 0 0 0 0 0 0
0 0 0 0 0 0 0 0 0 0 0 0 0 0 0 0 0 0 0 0 0 0 0 0 0 0 0 0 0 0 0 0 0 0 0 0 0 0 0 0 0 0 0 0 0 0 0 0 0 0 0 0 0 0 0 0 0 0 0 0 0 0 0 0 0 0 0 0 0 0 0 0 0 0 0 0 0 0 0 0 0 0 0 0 0 0 0 0 0 0 0 0 0 0 0 0 0 0 0 0 0 0 0 0 0 0 0 0 0 0 0 0 0 0 0 0 0 0 0 0 0 0 0 0 0 0 0 0 0 0 0 0 0 0 0 0 0 0 0 0 0 0 0 0 0 0 0 0 0 0
0 0 0 0 0 0 0 0 0 0 0 0 0 0 0 0 0 0 0 0 0 0 0 0 0 0 0 0 0 0 0 0 0 0 0 0 0 0 0 0 0 0 0 0 0 0 0 0 0 0 0 0 0 0 0 0 0 0 0 0 0 0 0 0 0 0 0 0 0 0 0 0 0 0 0 0 0 0 0 0 0 0 0 0 0 0 0 0 0 0 0 0 0 0 0 0 0 0 0 0 0 0 0 0 0 0 0 0 0 0 0 0 0 0 0 0 0 0 0 0 0 0 0 0 0 0 0 0 0 0 0 0 0 0 0 0 0 0 0 0 0 0 0 0 0 0 0 0 0 0
