0 0 9 0 0 0 0 0 5 44 2 2 0 5 0 0 0 1 4 0 2 7 0 0 0 14 0 0 0 0 0 0 0 2 2 2 0 0 2 14 0 0 0 1 1 0 0 0 0 0 0 0 0 0 1 0 0 0 1 4 19 18 1 2 0 0 1 0 0 0 0 2 8 50 69 212 56 21 13 3 13 82 18 38 49 103 101 111 33 108 525 324 48 285 315 466 453 258 392 60 90 41 8 4 14 23 17 158 112 3 7 2 2 46 54 11 22 4 2 0 1 21 17 7 2 6 0 1 3 0 1 3 0 3 2 0 1 3 0 0 0 0 0 0 0 0 0 0 0 4
0 2 5 1 0 0 0 0 0 19 1 19 2 4 0 0 0 0 12 0 0 0 64 0 8 15 0 1 0 0 0 0 0 0 0 0 0 0 3 1 0 0 0 0 0 0 0 0 0 0 0 0 0 0 4 0 0 0 0 34 51 7 1 4 1 0 2 1 1 0 0 0 25 16 14 3 20 25 2 5 30 18 1 1 58 101 207 61 123 155 43 15 171 136 88 121 212 222 453 295 146 111 19 10 10 13 0 37 95 2 4 4 3 7 21 10 2 3 1 9 2 2 11 2 3 2 0 2 7 22 29 7 40 40 0 0 0 0 1 28 11 0 0 0 0 0 0 0 0 0
0 0 0 0 1 0 0 0 0 12 1 17 6 6 0 0 0 0 3 0 9 15 56 21 2 0 1 3 0 0 0 0 0 0 0 0 1 3 0 39 1 0 0 0 0 0 0 0 0 0 0 0 0 0 19 0 0 1 0 10 12 2 4 1 0 0 0 0 0 0 0 0 1 0 0 0 2 12 37 75 64 22 7 8 22 79 364 98 0 3 33 17 43 150 214 340 72 169 120 191 320 136 8 33 10 6 3 12 118 78 12 5 3 1 12 4 5 14 9 5 78 12 0 3 1 4 13 2 0 5 10 1 51 45 1 0 8 0 1 230 0 2 0 0 0 0 0 0 0 0
13 3 0 0 0 0 0 0 0 2 1 1 0 0 0 0 0 0 1 3 0 0 4 9 80 0 1 2 7 0 1 0 0 0 0 1 0 1 0 0 1 0 0 0 0 0 0 0 0 0 2 0 0 1 33 9 0 7 5 0 0 0 11 1 0 0 0 0 0 0 2 40 9 0 0 2 6 52 109 58 47 11 26 89 260 9 19 87 2 101 440 511 695 252 464 227 63 72 271 216 206 232 58 9 4 69 4 11 128 24 19 9 9 67 1 2 15 29 34 29 11 46 11 2 1 0 0 2 1 1 3 5 16 0 3 0 28 0 0 9 26 3 0 0 0 0 0 0 0 0
1 4 0 0 0 0 0 0 0 0 0 0 0 0 0 6 1 1 1 1 0 0 1 0 0 0 1 0 0 0 1 0 2 0 0 11 4 0 1 0 0 0 0 0 0 0 0 0 0 7 3 0 1 0 43 125 21 34 0 0 2 0 0 3 0 0 0 0 1 2 46 31 65 39 10 30 19 44 132 103 159 76 139 60 132 47 21 13 6 184 755 232 255 391 235 86 15 275 124 351 236 331 448 269 393 45 46 30 3 3 8 17 13 10 1 0 0 1 13 31 85 357 47 8 4 1 2 1 1 0 0 0 0 0 0 0 0 0 0 0 24 3 0 0 0 0 0 0 0 0
7 1 0 0 0 0 0 0 2 1 3 0 0 0 0 1 1 0 3 22 1 1 0 0 0 0 0 0 0 1 0 0 0 0 9 34 20 19 0 0 0 0 1 0 0 0 0 0 0 6 23 11 0 1 23 165 21 14 4 0 0 0 0 1 2 0 0 0 1 31 42 48 84 68 46 24 8 11 42 126 143 246 152 22 0 90 24 6 2 143 825 650 30 157 328 250 55 750 237 244 158 181 519 193 4 58 23 28 5 0 2 0 3 10 9 10 3 2 1 4 53 82 2 3 0 0 1 0 0 0 0 0 1 0 0 0 1 0 0 0 0 4 0 0 0 0 0 0 0 0
0 0 1 1 0 0 0 0 0 3 3 0 0 0 1 0 0 0 0 0 0 1 0 0 0 0 0 0 0 0 2 1 0 0 0 5 0 2 0 0 0 0 0 0 0 0 0 0 0 1 2 0 4 10 1 11 5 0 23 19 2 0 0 3 3 0 0 0 12 23 18 26 107 174 163 51 218 62 138 240 404 356 458 552 41 4 1 59 35 42 663 479 19 176 420 216 146 225 258 25 31 191 44 31 6 13 30 0 2 4 8 60 91 4 14 13 2 3 13 11 25 45 3 1 0 0 4 0 0 0 0 0 0 0 0 0 0 2 0 0 0 0 0 0 0 0 0 0 0 0
0 0 0 1 0 0 0 0 0 0 0 0 0 0 0 0 0 0 0 0 0 0 0 0 0 0 0 0 0 1 0 0 0 0 6 0 0 0 2 6 0 0 0 0 0 0 0 0 0 0 0 0 0 3 1 2 0 4 27 27 15 11 16 0 8 15 0 0 4 28 2 0 3 26 32 24 33 74 266 355 495 239 363 125 66 119 79 191 152 40 217 56 17 163 161 145 107 401 431 158 87 172 180 238 67 62 8 34 68 19 140 201 33 10 6 29 0 0 2 4 10 4 1 2 3 0 11 1 1 0 0 0 0 0 0 0 0 0 0 0 0 0 0 0 0 0 0 0 0 0
1 0 0 0 0 0 0 0 0 0 0 2 0 2 7 0 0 0 0 0 0 0 0 0 0 0 0 0 0 0 1 0 0 0 2 0 0 0 0 3 0 0 0 0 0 0 0 0 0 0 0 0 0 7 0 0 1 6 8 21 126 134 27 0 0 12 1 6 0 14 0 0 0 0 0 1 2 19 58 204 281 419 312 13 2 5 134 97 162 26 1 0 173 413 598 576 56 242 128 41 123 47 35 162 367 52 97 117 39 17 389 38 181 58 9 1 1 2 4 2 5 2 2 4 5 0 2 3 1 0 3 0 0 0 0 0 0 0 0 0 0 0 0 0 0 0 0 0 0 0
0 0 0 0 0 0 0 0 4 1 0 0 0 0 0 0 0 0 2 0 0 0 0 0 0 0 0 0 0 0 0 0 0 0 0 0 0 0 2 0 0 0 0 0 0 0 4 0 2 2 4 0 3 4 0 0 1 0 0 10 17 65 8 6 2 2 0 0 0 7 0 0 0 0 0 3 5 17 78 266 678 386 291 133 464 340 127 28 82 82 21 1 4 316 425 700 365 50 53 6 18 34 45 3 34 227 176 107 47 7 173 215 298 146 0 152 160 227 126 20 11 7 23 18 23 17 8 0 1 15 67 4 0 0 0 0 0 0 0 0 0 0 0 0 0 0 0 0 0 0
0 0 2 0 0 0 2 0 1 0 0 3 0 0 0 17 1 0 1 0 0 0 0 0 0 3 0 0 0 0 0 2 0 0 0 7 0 1 0 0 3 1 0 0 0 0 1 5 10 2 12 4 3 4 0 0 0 4 8 3 0 60 7 4 0 0 4 0 0 2 0 0 0 0 0 0 2 7 30 160 223 128 235 90 107 125 56 163 165 116 25 0 2 63 165 423 464 37 14 48 33 8 0 7 40 140 387 124 52 60 249 42 69 10 0 42 179 271 127 127 115 77 115 43 60 230 53 37 23 16 3 44 2 20 3 0 0 0 0 0 0 0 0 0 0 0 0 0 0 0
0 0 0 0 0 0 0 0 4 0 0 0 0 0 0 0 10 6 2 0 0 0 0 0 0 0 0 0 0 0 0 0 0 0 14 0 0 1 2 0 1 55 4 0 0 0 0 0 0 1 0 0 2 2 3 1 0 0 0 0 2 4 0 0 1 2 0 3 1 0 0 1 0 0 0 0 19 8 33 186 209 61 6 25 41 35 4 12 89 192 28 0 0 0 5 40 291 190 115 3 0 3 12 12 7 23 182 103 6 22 103 52 24 34 6 78 349 76 202 417 203 127 53 15 63 96 1 0 0 15 1 0 28 17 10 1 0 0 0 0 0 0 0 0 0 0 0 0 0 0
1 0 0 0 0 0 0 0 2 1 0 0 0 0 0 0 1 5 1 1 0 31 0 1 0 0 0 0 0 0 0 0 0 0 0 0 0 0 0 0 0 4 19 1 5 0 1 15 1 0 0 0 1 0 0 0 0 0 2 0 0 0 1 0 0 0 2 0 0 0 4 0 0 0 1 10 108 18 63 22 83 93 7 0 7 6 1 0 1 0 0 0 1 54 48 8 257 195 287 208 9 2 30 5 3 1 5 33 167 87 413 240 44 314 75 17 25 40 513 491 60 78 38 0 14 35 19 0 13 11 0 0 15 2 1 0 0 0 0 0 0 0 0 0 0 0 0 0 0 0
0 0 0 0 0 0 3 0 0 2 0 0 0 0 0 0 0 3 36 8 11 4 0 0 0 0 0 0 0 0 3 0 0 0 0 0 0 0 0 0 0 0 0 34 14 0 0 0 2 0 2 20 0 0 0 0 0 0 1 0 10 1 4 0 0 0 125 9 8 24 27 0 0 1 2 145 312 190 45 5 26 138 15 1 11 75 3 2 0 7 0 0 0 22 3 5 56 294 52 139 1 2 163 46 222 50 65 130 164 359 583 555 281 105 179 102 62 68 286 294 63 33 0 2 0 6 5 0 3 0 0 0 0 0 0 0 0 0 0 0 0 0 0 0 0 0 0 0 0 0
0 0 0 0 0 0 0 0 4 0 0 0 0 0 0 0 0 0 3 4 6 0 0 0 0 0 0 0 0 0 6 0 0 0 0 0 0 0 0 0 0 0 0 4 13 0 0 2 0 13 21 10 1 0 0 0 4 2 2 6 39 11 2 8 4 4 60 53 54 157 51 0 1 0 34 269 476 459 205 1 0 45 13 9 0 8 3 2 0 25 7 10 2 0 0 2 24 178 91 124 5 32 280 231 849 434 704 365 499 396 360 238 206 280 213 79 44 32 38 26 30 52 12 14 0 2 18 4 3 8 1 0 0 0 0 0 0 0 0 0 0 0 0 0 0 0 0 0 0 0
0 0 0 0 0 0 0 12 17 1 1 0 0 0 0 0 0 0 0 3 0 15 7 0 0 0 0 0 0 0 0 0 0 0 0 0 0 0 0 0 0 0 0 0 0 11 0 0 0 9 26 63 0 1 1 14 16 41 189 56 19 3 2 12 8 22 88 29 37 56 113 36 48 80 329 386 673 299 29 3 1 2 0 0 0 0 6 19 4 25 1 3 0 0 0 10 14 3 15 14 10 1 616 321 334 345 356 192 377 353 433 192 343 144 109 47 6 41 39 18 15 2 42 117 27 34 0 3 1 0 0 0 0 0 12 2 0 0 0 0 0 0 0 0 0 0 0 1 0 0
0 0 0 0 0 0 0 1 1 0 0 0 0 0 0 0 1 1 1 0 3 0 7 23 8 8 2 0 0 0 0 0 0 0 0 0 0 0 0 0 0 0 2 0 0 4 1 2 0 3 10 2 3 6 1 15 11 65 17 19 0 1 0 0 0 0 1 0 0 0 0 0 60 20 122 162 206 164 32 0 0 0 0 0 0 0 0 12 11 6 0 0 2 0 6 2 11 0 1 43 7 100 520 364 207 101 152 66 297 273 301 138 381 247 224 63 13 18 45 3 0 0 3 22 10 121 1 3 1 0 0 0 0 0 0 0 0 0 0 0 0 0 0 0 0 0 0 0 0 0
0 0 0 0 0 1 0 1 0 0 0 0 1 0 1 0 0 0 0 3 1 0 2 1 21 0 6 6 0 19 0 0 0 0 0 0 1 0 0 0 0 0 0 0 1 14 28 1 0 19 12 21 6 21 6 12 14 33 163 4 1 2 1 0 1 0 5 16 0 15 34 3 45 10 11 23 11 51 5 13 0 0 2 1 0 0 0 2 22 0 0 9 32 23 4 0 2 0 30 220 110 80 53 57 44 232 75 118 218 126 50 35 24 69 32 8 35 93 7 1 0 0 2 4 42 219 63 6 0 0 0 0 0 0 0 0 0 0 0 0 0 0 0 0 0 0 0 0 0 0
0 0 0 1 1 2 0 0 0 0 0 0 0 0 0 5 0 0 0 7 0 3 4 0 1 0 33 25 16 0 0 0 0 0 1 1 0 0 0 0 0 0 1 5 14 14 5 4 20 283 33 0 1 8 2 16 206 47 22 13 37 12 0 0 0 0 0 1 0 7 8 9 11 4 3 26 42 9 0 4 27 0 7 17 0 5 5 14 0 1 1 10 57 144 21 3 0 18 90 6 59 108 29 4 36 206 51 145 187 0 0 52 1 218 17 0 0 0 0 0 0 0 3 1 52 87 82 169 5 1 0 0 0 0 0 0 0 0 0 0 0 0 0 0 0 0 0 0 0 0
0 0 0 0 0 0 0 0 0 0 0 0 0 0 0 0 0 0 1 1 0 28 22 4 2 2 0 16 56 2 0 0 0 0 0 0 0 0 0 0 0 1 1 10 6 41 51 13 2 46 14 0 0 2 17 4 9 24 7 0 3 1 0 0 0 1 1 0 1 7 18 13 2 0 0 80 13 0 0 0 6 0 0 0 0 22 9 0 3 3 3 7 4 0 0 7 0 4 4 0 469 593 367 57 22 71 62 198 59 5 0 0 0 48 12 0 0 0 0 0 0 0 0 1 2 1 8 42 2 0 0 0 0 0 0 0 0 0 0 0 0 0 0 0 0 0 0 0 0 0
0 0 0 0 0 0 0 0 0 0 0 0 0 0 0 0 0 0 2 0 0 1 4 5 0 9 0 1 0 1 0 9 2 0 0 0 0 0 0 1 3 1 2 10 1 5 2 7 28 87 121 28 4 14 12 7 8 0 0 0 0 3 3 15 54 36 1 0 3 2 30 7 1 0 1 41 72 37 1 8 3 7 1 0 0 0 0 0 19 7 4 0 0 0 9 0 0 2 194 150 770 642 280 60 0 2 53 30 1 0 0 0 0 3 0 0 0 0 0 0 0 0 1 4 0 0 2 9 0 0 0 0 0 0 0 0 0 0 0 0 0 0 0 0 0 0 0 0 0 0
0 0 0 0 0 0 0 0 0 0 0 0 0 2 11 1 0 0 0 0 0 8 6 1 0 2 0 0 0 0 8 24 11 1 0 0 0 2 0 0 26 3 0 0 0 0 1 9 116 358 149 106 19 0 0 1 0 1 0 0 0 3 0 0 6 3 8 3 1 30 10 6 17 0 4 5 52 26 15 16 31 11 3 21 15 1 1 3 316 16 0 2 1 1 0 10 2 0 38 199 122 128 18 2 4 1 36 15 2 0 0 0 1 14 0 0 0 0 0 0 0 0 0 0 0 12 8 0 0 4 1 0 0 0 0 0 0 0 0 0 0 0 0 0 0 0 0 0 0 0
0 0 0 0 0 0 0 0 0 0 0 0 0 0 0 0 0 0 0 0 0 0 2 0 0 0 0 0 0 0 0 3 33 4 0 0 5 40 3 6 0 0 0 0 0 0 8 8 8 189 131 46 0 0 0 1 0 1 0 1 0 0 0 0 3 4 9 1 0 1 3 7 18 1 0 1 3 0 6 28 0 2 6 0 0 6 3 0 0 0 0 2 1 1 0 0 9 0 0 0 8 0 14 11 13 17 16 16 40 64 26 5 12 0 0 0 0 0 0 0 0 0 0 1 6 13 31 0 0 0 4 0 0 0 0 0 0 0 0 0 0 0 0 0 0 0 0 0 0 0
0 0 0 0 0 0 0 0 0 0 0 0 0 1 1 0 1 2 0 1 1 0 0 0 0 0 0 0 0 0 0 0 4 3 0 2 2 5 0 0 0 0 0 0 1 52 10 33 4 40 44 8 2 4 5 0 2 12 2 0 0 0 0 0 0 0 0 0 0 0 2 0 73 66 3 9 0 0 0 0 0 4 31 64 0 0 3 0 0 0 0 0 0 0 0 1 0 0 1 2 3 2 4 85 13 15 18 1 0 8 0 58 7 0 0 0 0 0 0 0 0 0 4 5 8 10 9 27 0 0 0 0 0 0 0 0 0 0 0 0 0 0 0 0 0 0 0 0 0 0
0 0 0 0 0 0 0 0 0 0 0 0 0 0 0 0 0 0 0 0 2 0 0 0 0 1 0 0 0 0 0 0 0 2 48 0 3 40 0 0 0 0 0 12 16 10 21 1 5 9 35 29 7 9 10 2 0 3 0 1 0 0 0 0 1 0 0 1 7 2 2 0 0 2 17 4 0 0 0 0 0 1 6 38 12 2 0 0 0 0 5 0 0 0 1 0 1 0 0 2 6 2 3 8 223 0 0 1 0 0 0 3 0 0 0 1 0 0 0 0 0 0 0 0 0 13 14 1 0 0 24 0 0 0 0 0 0 0 0 0 0 0 0 0 0 0 0 0 0 0
0 0 0 0 0 0 0 0 0 0 0 0 0 0 5 2 1 0 2 0 0 4 0 3 0 0 0 1 0 0 1 0 0 10 20 0 0 4 1 0 0 0 0 0 35 5 1 0 4 0 19 2 0 2 0 0 1 1 0 0 0 0 0 0 5 5 0 2 4 1 2 8 0 3 1 4 3 0 0 0 0 0 0 1 1 10 1 5 0 3 0 0 2 0 1 0 0 0 0 1 3 1 3 57 116 98 0 2 0 0 0 0 3 1 8 4 0 0 0 0 0 0 0 0 0 9 4 15 0 0 0 0 0 0 0 0 12 8 0 0 0 0 0 0 0 0 0 0 0 0
0 0 0 0 0 0 0 0 0 0 0 0 0 0 4 1 0 0 0 0 1 12 1 1 0 0 1 5 1 1 0 1 0 4 9 3 0 0 0 2 0 3 0 2 30 3 2 1 0 3 5 3 0 1 1 0 0 0 0 0 0 0 0 0 0 0 0 0 2 2 7 7 0 1 1 1 4 1 0 0 0 0 4 0 1 1 6 4 2 2 3 1 0 0 0 4 0 0 0 1 35 5 6 5 12 132 16 0 0 0 0 0 0 3 5 12 0 0 2 0 0 0 0 0 1 54 4 0 0 0 0 0 0 0 0 0 0 3 0 0 0 0 0 0 0 0 0 0 0 0
0 0 0 0 0 0 0 0 0 0 0 0 0 0 1 2 8 24 3 0 0 6 6 0 0 0 0 0 0 0 2 0 0 17 2 0 1 6 2 2 9 33 4 58 76 2 1 0 5 0 0 12 8 3 0 1 0 0 0 0 0 0 0 0 0 0 0 0 4 13 35 11 1 0 0 0 0 3 0 0 0 0 0 0 0 0 0 4 2 3 0 0 0 0 1 0 0 0 0 0 0 0 5 7 5 415 227 12 0 0 0 0 0 0 0 0 2 78 12 2 0 0 0 12 29 12 56 61 58 17 0 0 0 1 0 0 2 0 0 0 0 0 0 0 0 0 0 0 0 0
0 0 0 0 0 2 0 2 0 0 0 2 8 0 4 4 11 24 0 5 1 5 0 2 0 0 0 0 1 3 5 1 0 0 1 4 2 10 26 50 96 254 80 107 47 3 0 0 2 1 0 2 15 11 0 0 0 0 0 0 0 0 0 0 0 0 0 0 0 1 3 15 1 0 2 2 0 16 3 0 0 2 0 0 3 0 0 0 3 4 1 0 0 2 5 25 0 0 0 0 1 19 3 7 92 155 75 173 1 0 0 0 0 0 0 0 98 9 3 0 0 0 2 62 83 74 365 188 15 3 0 0 1 3 0 19 0 0 0 0 0 0 0 0 0 0 0 0 0 0
0 0 0 0 0 0 0 0 4 4 21 23 13 0 0 3 3 3 0 0 1 1 4 17 0 0 0 0 0 0 1 0 0 1 15 10 0 7 46 97 268 391 241 327 13 2 1 2 2 0 1 0 18 33 4 1 0 0 0 0 2 1 0 0 0 0 0 0 0 1 0 0 0 0 0 0 0 15 22 0 0 0 1 0 2 0 0 0 0 0 0 0 1 5 0 15 0 0 2 1 1 1 9 3 2 42 0 42 8 0 0 0 0 0 20 18 228 146 24 17 3 3 0 24 34 18 146 196 147 180 3 10 15 30 2 1 0 0 0 0 0 0 0 0 0 0 0 0 0 0
0 0 0 0 0 0 2 0 1 1 3 2 1 0 0 1 0 0 26 3 0 7 57 16 0 0 0 0 0 0 0 1 0 0 2 3 10 10 20 21 398 194 172 77 34 3 5 1 2 3 1 0 9 3 3 0 0 0 0 0 0 0 0 0 0 0 0 0 33 0 0 0 0 0 0 0 1 2 3 0 0 2 2 1 22 0 0 1 3 10 0 0 0 1 1 1 2 0 4 0 0 4 3 4 1 0 0 0 5 0 1 1 1 0 18 445 238 153 80 69 45 28 20 0 1 5 43 82 0 26 6 133 250 23 24 0 0 0 0 0 0 0 0 0 0 0 0 0 0 0
0 0 0 0 0 0 2 1 0 0 0 7 2 1 0 1 0 0 6 14 139 52 18 0 0 0 0 1 1 6 0 0 6 15 3 2 0 0 1 65 206 177 220 75 29 9 0 0 0 0 19 0 4 0 1 3 0 0 0 0 0 0 0 0 0 0 0 0 0 0 0 0 0 0 0 0 0 2 11 0 8 16 17 49 10 0 0 0 0 0 0 0 1 3 0 3 0 3 0 1 0 0 0 0 4 2 0 11 125 69 132 181 57 54 226 319 197 117 24 198 36 59 4 0 50 35 20 68 0 0 21 74 88 6 69 0 0 0 0 0 0 0 0 0 0 0 0 0 0 0
0 0 2 0 0 1 0 4 0 0 0 1 1 3 6 2 2 2 7 7 60 0 0 0 0 0 0 0 1 4 0 5 3 2 1 1 1 1 1 5 14 39 18 6 1 0 0 0 1 1 0 1 23 1 0 3 3 1 0 0 0 0 0 0 0 0 0 0 0 0 0 0 0 0 0 9 0 9 2 0 0 11 15 2 0 0 0 0 2 0 2 0 0 4 2 0 1 0 0 0 6 0 0 0 0 0 3 4 87 40 77 38 17 176 641 232 77 123 21 242 52 1 0 40 9 30 17 0 0 0 24 114 0 0 0 0 0 0 0 0 0 0 0 0 0 0 0 0 0 0
0 0 0 0 0 4 3 9 0 0 2 0 0 3 3 0 2 1 14 19 22 0 0 0 0 0 0 0 1 0 21 2 4 3 1 0 0 0 3 0 11 6 0 0 1 0 0 0 1 6 0 2 109 0 10 7 7 0 0 1 0 0 0 0 0 0 0 0 0 0 0 0 0 0 0 0 1 1 17 0 0 0 1 0 0 0 0 0 2 0 0 1 6 8 5 0 0 0 0 0 3 0 0 0 0 1 1 36 12 0 0 4 27 80 75 246 43 109 72 46 234 0 0 0 0 0 0 0 0 0 0 49 1 0 0 0 0 0 0 0 0 0 0 0 0 0 0 0 0 0
0 0 0 0 2 0 4 0 3 1 0 0 5 4 4 3 11 13 2 0 0 1 1 0 0 4 0 13 10 1 6 12 6 1 0 1 1 2 1 2 14 4 5 1 0 0 0 3 0 0 0 24 70 25 1 18 1 0 0 0 0 0 0 0 0 0 0 0 0 0 0 0 0 0 0 0 6 1 0 0 0 0 0 0 0 0 0 0 6 0 6 0 9 20 0 5 1 0 0 5 0 0 0 2 0 0 2 27 249 3 0 0 1 0 1 1 2 27 153 403 34 0 2 0 6 0 0 0 0 0 0 1 15 0 0 0 0 0 0 0 0 0 0 0 0 0 0 0 0 0
1 0 1 0 1 0 5 13 3 1 4 4 2 1 0 51 22 12 0 6 0 0 0 0 1 2 0 3 1 2 9 1 4 0 0 0 0 0 0 2 7 0 1 0 2 0 2 0 0 0 0 19 2 6 25 6 0 0 1 0 0 0 0 0 0 0 0 0 0 0 0 0 0 0 0 0 3 5 0 0 0 0 0 0 0 0 0 0 6 0 6 0 0 13 0 1 0 0 2 2 0 0 0 2 0 5 21 30 74 0 0 0 0 0 2 0 0 1 36 103 137 92 0 0 4 21 0 0 0 18 22 16 20 10 0 0 0 0 0 0 0 0 0 0 0 0 0 0 0 0
0 2 0 0 0 0 0 0 0 0 44 1 0 23 7 21 14 7 3 1 0 0 2 5 0 5 0 1 2 0 0 0 1 3 1 1 0 0 0 4 0 5 7 1 1 1 0 1 0 0 0 12 9 13 13 3 0 0 0 0 0 0 0 0 0 0 0 0 0 0 0 0 0 1 0 0 0 16 59 0 0 1 0 0 0 0 4 35 5 0 0 1 2 0 0 5 0 1 0 0 13 5 1 5 0 0 7 5 26 1 0 0 0 7 22 56 84 260 31 78 244 74 0 0 116 14 0 0 0 50 55 0 0 0 0 0 0 0 0 0 0 0 0 0 0 0 0 0 0 0
0 0 1 0 0 0 1 0 1 0 2 45 6 2 0 1 1 2 2 0 0 0 0 2 3 0 1 1 15 0 0 0 0 0 0 0 0 0 1 0 1 10 9 0 2 2 3 1 0 0 0 22 36 2 2 1 0 0 0 0 0 0 0 0 0 0 0 0 0 0 0 0 0 0 0 3 0 4 13 1 0 0 0 0 0 0 1 4 0 2 0 0 1 1 0 0 0 0 0 0 0 0 0 0 29 0 3 15 12 7 0 0 1 0 52 240 297 273 26 13 24 63 62 153 115 0 0 0 2 278 59 0 0 0 0 0 0 0 0 0 0 0 0 0 0 0 0 0 0 0
0 0 1 0 0 1 0 1 1 0 2 7 1 1 1 0 1 0 2 5 2 0 0 0 0 3 0 0 1 1 0 0 0 0 0 0 0 0 2 1 0 0 0 0 1 2 0 0 0 1 2 30 1 2 1 2 0 0 0 0 0 0 0 0 0 0 0 0 0 0 0 0 0 0 0 0 0 3 41 38 14 11 6 0 0 0 1 0 0 0 0 0 0 6 0 0 0 0 0 2 0 0 0 2 0 4 1 1 24 1 0 2 15 6 26 17 0 34 211 139 14 168 309 232 180 58 20 75 272 498 273 3 0 0 0 0 0 0 0 0 0 0 0 0 0 0 0 0 0 0
0 2 0 0 0 2 0 0 0 8 17 3 0 23 1 1 0 8 0 0 0 0 0 0 0 1 7 0 0 0 0 8 6 0 0 0 0 0 1 2 0 3 0 0 0 0 0 5 2 1 2 203 14 8 1 1 0 3 0 0 2 0 0 0 0 0 0 0 0 0 0 0 0 0 0 0 0 6 17 0 0 3 21 0 0 0 0 0 4 1 1 1 0 4 0 2 17 4 5 0 1 0 0 1 7 1 2 0 33 15 0 2 10 1 2 5 0 109 140 331 266 316 429 268 676 331 239 252 442 335 168 1 0 0 0 0 0 0 0 0 0 0 0 0 0 0 0 0 0 0
0 0 0 0 0 0 0 1 2 2 4 3 0 0 1 9 4 5 0 0 0 0 0 0 19 1 2 0 0 0 1 0 1 1 4 0 1 3 1 0 0 0 1 0 1 0 0 0 1 20 289 357 3 96 8 2 2 0 1 2 0 3 0 0 0 0 0 0 0 0 0 0 0 0 0 0 0 0 1 0 0 6 0 0 0 0 0 0 8 0 0 1 5 0 0 2 1 0 2 2 14 2 1 0 4 5 26 14 1 2 3 6 1 2 1 6 2 19 234 813 989 458 168 406 719 230 75 222 214 9 13 1 0 0 0 0 0 0 0 0 0 0 0 0 0 0 0 0 0 0
0 1 0 0 0 1 0 0 9 1 0 0 2 4 0 3 2 0 0 0 0 0 0 0 1 1 0 0 1 0 0 12 5 1 0 3 0 0 1 1 0 0 0 0 0 0 0 0 0 47 281 304 267 275 20 9 3 0 7 3 0 0 0 0 0 0 0 0 0 0 0 0 0 0 0 0 0 0 0 7 0 1 0 0 0 0 0 11 33 0 0 14 5 0 0 0 0 0 0 1 23 0 6 3 0 62 110 10 0 0 0 2 1 13 2 14 11 8 60 352 169 285 133 1385 841 336 77 66 9 286 322 371 0 0 0 0 0 0 0 0 0 0 0 0 0 0 0 0 0 0
2 0 0 6 1 1 4 5 14 1 8 42 0 0 0 0 0 0 0 0 0 0 0 0 0 0 1 0 0 0 0 11 0 2 0 0 0 1 0 0 0 0 0 0 0 0 0 0 0 5 124 183 268 168 29 12 0 2 1 1 1 0 0 0 0 0 0 0 0 0 0 0 0 0 2 1 0 0 0 10 1 2 0 0 0 0 0 17 42 0 1 18 42 0 0 0 0 0 0 3 1 28 9 38 18 5 0 3 0 0 0 0 1 11 0 5 1 1 1 11 109 101 151 278 380 441 241 224 136 179 161 143 0 0 0 0 0 0 0 0 0 0 0 0 0 0 0 0 0 0
0 1 1 6 1 2 2 2 11 0 1 0 0 0 0 0 0 0 0 0 0 0 1 0 1 0 0 0 0 0 0 0 0 0 0 0 1 0 0 0 0 0 0 0 0 0 0 0 0 1 15 48 101 7 13 4 3 0 4 0 0 0 0 0 0 0 0 0 0 0 0 0 0 0 0 0 0 0 0 0 2 1 0 0 0 0 24 17 14 2 3 120 65 16 2 0 0 0 0 9 18 2 9 125 28 1 2 0 9 1 0 0 0 4 2 4 4 8 6 2 43 255 193 187 91 253 295 646 132 90 21 27 0 0 0 0 0 0 0 0 0 0 0 0 0 0 0 0 0 0
0 2 6 0 0 1 3 13 0 1 2 4 1 0 0 0 0 0 0 0 0 0 0 0 0 0 0 0 4 0 0 0 0 0 0 0 0 0 0 0 0 0 0 0 0 0 0 0 0 2 1 10 83 1 10 0 0 23 35 0 0 10 0 0 0 0 0 0 0 0 0 0 0 0 0 0 0 0 0 0 0 0 5 22 5 5 1 0 4 15 64 54 99 1 0 0 0 0 16 20 24 116 93 218 186 11 1 2 0 4 1 0 1 0 1 0 0 71 13 160 151 326 1216 700 246 67 1037 970 593 0 0 1 0 0 0 0 0 0 0 0 0 0 0 0 0 0 0 0 0 0
2 3 4 0 6 4 0 26 1 1 0 0 25 0 0 0 0 0 0 0 1 1 2 0 0 0 0 0 0 0 0 0 0 2 0 1 0 0 2 0 0 0 0 0 0 0 0 0 3 10 0 1 25 1 3 0 0 8 49 5 0 0 0 0 0 0 0 0 0 0 0 0 0 0 0 0 0 0 0 0 0 3 7 0 0 3 1 4 5 20 45 60 77 6 10 3 0 1 0 17 59 87 324 104 111 24 0 2 2 3 2 0 0 0 0 0 14 354 130 535 297 5 3 69 94 250 152 301 174 2 118 4 0 0 0 0 0 0 0 0 0 0 0 0 0 0 0 0 0 0
6 5 69 0 23 26 10 5 0 3 0 0 20 0 0 3 0 0 0 0 0 0 0 0 0 0 0 0 0 0 0 0 0 0 0 0 0 0 0 0 0 0 0 0 0 0 0 0 0 0 0 3 7 0 0 0 0 0 1 23 4 0 0 0 0 0 0 0 0 0 0 0 0 0 0 0 0 0 0 0 14 26 0 2 5 0 30 12 0 0 0 1 3 0 0 0 0 0 0 1 5 34 419 102 31 108 11 1 1 2 6 1 0 0 0 2 126 205 68 23 0 0 0 0 60 227 70 351 249 2 17 26 0 0 0 0 0 0 0 0 0 0 0 0 0 0 0 0 0 0
1 47 54 46 192 174 76 19 5 0 0 0 0 0 2 0 0 0 0 0 1 19 0 0 0 0 0 0 0 0 0 0 0 0 0 0 0 0 0 0 0 0 0 4 0 3 0 3 1 1 0 2 3 0 0 0 0 0 9 0 1 1 0 0 0 0 0 0 0 0 0 0 0 0 0 0 0 0 1 14 3 0 0 0 5 2 10 90 22 0 0 0 0 0 0 0 0 0 0 0 0 94 244 125 83 60 1 0 3 6 2 0 0 0 3 16 51 10 17 18 0 0 0 0 15 203 167 370 169 2 58 0 0 0 0 0 0 0 0 0 0 0 0 0 0 0 0 0 0 0
0 70 170 434 254 232 55 11 0 0 0 4 2 0 0 0 0 2 0 0 0 0 0 0 0 0 0 1 0 0 0 0 0 0 0 0 0 0 0 0 0 0 0 2 0 0 0 7 10 0 0 2 8 0 0 0 1 0 0 0 0 11 0 0 0 0 0 0 0 0 0 0 0 0 0 0 0 12 2 0 0 0 0 0 0 0 12 18 0 0 1 0 0 0 0 0 0 0 0 0 8 23 4 4 40 44 0 0 1 0 2 0 0 3 0 0 2 7 4 20 14 28 5 0 3 109 50 111 18 0 0 0 0 0 0 0 0 0 0 0 0 0 0 0 0 0 0 0 0 0
1 3 110 73 64 69 24 5 1 0 0 5 1 0 0 0 0 1 0 2 0 2 0 1 0 0 0 0 0 1 2 0 0 0 2 0 0 0 0 0 0 0 0 0 0 0 0 0 0 3 0 0 0 0 0 0 0 0 0 0 0 0 0 0 0 0 0 0 0 0 0 0 0 0 0 0 0 0 0 0 0 0 0 0 0 0 46 6 0 9 7 1 0 0 0 12 0 0 1 228 458 52 102 36 9 41 44 12 1 0 1 1 0 1 0 0 0 0 20 20 92 14 84 120 60 9 0 0 0 0 0 0 0 0 0 0 0 0 0 0 0 0 0 0 0 0 0 0 0 0
5 5 24 16 17 15 1 0 0 0 1 0 0 0 0 0 0 0 0 0 1 54 1 0 0 0 0 0 0 0 0 0 0 0 2 0 2 0 0 0 0 0 0 0 1 4 0 0 0 0 0 0 0 0 0 8 0 0 0 0 0 0 0 0 0 0 0 0 0 0 0 0 0 0 0 0 4 5 0 0 0 0 0 0 0 0 23 0 0 11 2 0 0 0 13 46 40 3 81 713 161 238 45 12 0 11 14 46 0 2 12 0 0 0 0 0 0 0 25 21 23 12 7 6 1 199 7 10 61 26 0 0 0 0 0 0 0 0 0 0 0 0 0 0 0 0 0 0 0 0
37 11 13 30 0 0 0 1 0 0 0 0 1 0 0 0 0 1 0 0 16 18 0 0 0 0 0 0 0 0 3 0 0 0 2 0 0 0 0 0 0 0 0 0 0 0 0 3 0 0 0 0 0 1 34 5 2 0 0 0 0 0 0 0 0 0 0 0 0 0 0 0 0 0 2 2 0 0 0 0 0 0 0 0 0 0 9 0 0 0 42 17 0 2 106 121 32 1 54 69 7 9 9 1 5 3 0 63 365 44 0 0 0 0 7 0 0 0 3 0 11 0 1 0 9 40 37 33 336 40 271 0 0 0 0 0 0 0 0 0 0 0 0 0 0 0 0 0 0 0
6 0 1 0 0 0 0 0 0 0 0 0 0 0 0 0 0 0 0 0 0 0 0 0 0 0 0 0 0 0 3 18 1 0 0 1 0 0 0 0 1 0 0 0 0 1 0 0 0 0 0 0 1 2 13 0 0 0 0 0 0 0 0 0 0 0 0 0 0 0 0 0 0 0 10 31 0 0 0 0 0 0 0 0 0 0 26 15 95 26 37 10 9 11 4 6 0 0 0 1 1 2 0 4 0 1 89 140 67 18 4 0 0 0 0 0 0 0 0 0 0 16 7 9 2 124 38 105 42 114 17 0 0 0 0 0 0 0 0 0 0 0 0 0 0 0 0 0 0 0
1 0 1 0 0 0 0 0 0 0 0 0 0 0 0 0 0 0 0 0 1 0 0 0 0 0 0 0 1 0 1 1 1 0 0 0 0 0 0 0 0 0 0 0 0 2 0 0 0 0 0 1 2 18 3 2 0 0 0 0 0 0 0 0 0 0 0 0 0 0 0 0 2 1 0 0 0 0 0 0 0 0 0 0 0 0 1 15 55 0 0 0 0 2 1 36 0 1 10 0 2 8 0 1 0 146 353 162 94 25 0 0 0 0 0 0 0 0 31 5 0 14 0 5 0 12 16 33 2 9 0 0 0 0 0 0 0 0 0 0 0 0 0 0 0 0 0 0 0 0
0 0 0 3 0 0 0 0 0 0 0 0 0 0 0 0 0 0 0 2 0 0 0 5 0 0 0 0 1 1 1 1 0 0 0 0 0 0 0 0 0 0 2 0 0 0 0 0 0 0 3 2 1 16 2 3 0 0 0 0 0 0 0 0 0 0 0 0 0 0 0 4 3 0 0 0 0 0 0 0 0 0 0 0 0 0 4 0 0 0 0 0 3 4 0 0 4 0 6 3 1 0 2 0 11 15 33 7 27 54 0 0 0 0 0 0 0 0 6 0 0 3 1 45 64 12 101 14 32 11 3 0 0 0 0 0 0 0 0 0 0 0 0 0 0 0 0 0 0 0
0 0 0 0 4 35 0 0 0 0 0 0 0 0 0 0 1 0 0 0 0 0 0 0 0 0 13 0 0 0 0 1 0 1 0 0 0 0 0 0 0 0 2 0 0 0 0 0 0 0 0 0 1 0 0 0 3 0 0 0 0 0 0 0 0 0 0 0 3 5 1 0 0 0 0 0 0 0 0 0 0 0 0 0 0 0 0 1 1 0 0 20 66 5 0 0 0 0 0 0 1 0 5 8 36 6 0 2 0 5 1 0 0 0 0 0 0 0 0 0 0 1 4 12 0 0 0 79 5 2 0 0 0 0 0 0 0 0 0 0 0 0 0 0 0 0 0 0 0 0
0 0 0 0 72 19 0 0 0 0 0 0 0 0 0 0 0 0 0 0 0 0 0 0 0 0 0 0 1 0 4 0 0 0 0 0 0 0 1 0 0 0 0 0 0 0 0 0 0 1 0 0 0 3 1 0 0 22 0 0 0 0 0 0 0 0 5 0 2 1 0 0 0 0 0 0 0 0 0 0 0 0 0 0 0 0 0 0 20 21 55 142 44 12 0 0 0 0 0 10 23 250 148 42 1 12 4 0 0 1 8 0 0 0 0 0 0 0 0 0 0 0 0 0 0 0 15 8 0 0 0 0 0 0 0 0 0 0 0 0 0 0 0 0 0 0 0 0 0 0
0 0 0 0 0 0 0 0 0 0 0 0 1 2 0 0 0 0 0 0 0 0 0 0 0 0 0 0 0 1 0 0 0 0 1 0 1 0 0 0 0 0 0 0 68 4 0 0 0 0 0 0 0 5 0 0 0 0 0 0 0 0 0 0 0 0 0 0 4 0 0 0 0 0 0 0 0 0 0 0 0 0 0 0 0 0 0 0 2 40 125 55 39 4 2 2 1 2 1 56 52 61 42 3 5 2 1 0 0 0 5 0 0 0 0 0 0 0 0 0 0 19 37 0 0 6 0 1 0 0 0 0 0 0 0 0 0 0 0 0 0 0 0 0 0 0 0 0 0 0
0 0 0 0 0 0 0 0 0 0 0 0 7 4 0 2 0 0 0 0 0 0 0 0 0 1 0 3 0 7 0 0 0 0 0 1 0 0 0 0 0 0 0 1 7 3 0 0 0 0 0 0 0 14 2 0 0 0 0 0 0 0 0 0 0 0 0 14 5 0 0 0 0 0 0 0 0 0 0 0 0 0 0 0 0 10 7 2 3 10 4 0 12 0 11 0 0 0 0 2 31 0 1 0 0 0 0 0 1 12 0 7 1 0 0 0 0 0 0 0 0 0 0 0 0 1 0 1 0 0 0 0 0 0 0 0 0 0 0 0 0 0 0 0 0 0 0 0 0 0
0 0 0 0 1 0 1 0 0 1 0 0 0 2 0 1 0 0 0 0 0 0 0 0 0 0 1 0 0 0 0 0 0 0 0 0 0 0 0 0 0 0 4 0 0 0 2 3 0 3 0 0 0 2 1 2 1 0 0 0 0 0 0 0 0 0 0 41 9 0 0 0 0 0 0 0 0 0 0 0 0 0 0 0 33 1 3 10 1 10 5 3 5 3 1 1 4 11 2 6 15 3 0 0 0 0 0 6 25 38 59 177 8 1 0 0 0 0 0 0 0 0 0 0 0 0 0 0 0 0 0 0 0 0 0 0 0 0 0 0 0 0 0 0 0 0 0 0 1 0
0 0 0 0 0 1 2 0 0 0 0 0 0 0 0 0 0 0 0 0 0 0 0 0 0 0 0 0 3 0 0 0 0 0 0 0 0 0 0 0 0 0 0 0 0 0 1 2 5 0 0 0 0 2 1 30 26 0 0 0 0 0 0 0 2 5 15 37 8 0 1 0 0 0 0 0 0 0 0 0 0 0 0 5 9 0 0 0 3 0 2 10 1 0 0 0 18 11 6 0 1 0 3 3 1 0 14 1 15 11 95 14 48 27 3 0 0 0 0 0 0 0 0 0 0 0 0 0 0 0 0 0 0 0 0 0 0 0 0 0 0 0 0 0 0 0 0 0 0 0
0 0 0 1 0 0 0 0 0 0 0 0 0 0 0 5 0 0 0 0 0 0 0 0 0 0 0 0 0 0 0 0 0 0 0 0 0 0 11 0 0 0 1 0 9 1 0 3 97 0 1 0 0 0 1 5 0 11 5 4 3 31 0 22 3 0 0 0 0 0 0 0 0 0 0 0 0 0 0 0 0 0 0 0 0 0 0 6 1 2 1 0 0 0 5 95 1 0 0 0 0 0 0 0 26 36 203 525 233 42 17 0 40 20 0 0 0 0 0 0 0 0 0 0 0 0 0 0 0 0 0 0 0 0 0 0 0 0 0 0 0 0 0 0 0 0 0 0 0 0
0 0 1 1 3 54 0 14 0 0 0 1 0 0 0 0 0 0 0 0 0 0 0 0 0 0 0 0 0 0 0 0 0 0 0 0 0 0 0 0 5 17 0 3 1 2 11 1 0 0 0 0 2 0 5 3 0 0 0 1 0 0 0 2 1 0 0 2 0 8 0 5 0 0 0 0 0 0 0 0 0 0 0 0 0 0 0 0 2 0 2 1 0 0 51 5 0 0 0 0 0 3 0 2 15 14 143 147 96 76 36 81 77 1 0 0 0 0 0 0 0 0 0 0 0 0 0 0 0 0 0 0 0 0 0 0 0 0 0 0 0 0 0 0 0 0 0 0 0 0
0 0 0 0 13 17 0 0 0 0 0 0 0 1 0 0 0 0 0 0 0 0 0 0 0 0 0 0 0 0 0 0 2 0 1 0 0 4 0 2 1 0 0 0 9 0 0 0 1 1 2 0 0 0 3 0 1 4 0 0 0 0 0 1 0 0 0 0 6 0 0 0 0 0 0 0 0 0 0 0 0 0 0 0 0 0 0 0 0 0 0 0 7 4 0 9 108 0 0 0 0 0 0 50 50 141 0 0 3 23 0 6 0 0 0 0 0 0 0 0 0 0 0 0 0 0 0 0 0 0 0 0 0 0 0 0 0 0 0 0 0 0 0 0 0 0 0 0 0 0
1 0 0 0 1 1 0 0 2 2 0 0 0 1 0 0 0 0 0 0 0 0 0 0 0 0 0 0 0 0 0 0 0 2 0 0 0 0 0 0 0 0 0 0 0 0 0 0 1 0 0 1 1 3 0 0 0 0 0 0 3 0 0 0 0 0 0 0 0 0 1 3 3 1 0 0 0 0 0 0 0 0 0 0 0 0 0 0 0 2 0 10 22 6 5 79 177 0 0 0 0 0 0 2 3 0 0 0 0 0 9 30 0 0 0 0 0 0 0 0 0 0 0 0 0 0 0 0 0 0 0 0 0 0 0 0 0 0 0 0 0 0 2 11 1 0 0 0 0 0
0 0 0 0 0 0 0 0 0 1 0 0 1 0 0 2 0 0 0 0 0 0 0 0 0 0 0 0 0 0 0 1 0 0 0 0 0 0 0 0 0 1 1 0 0 0 0 0 0 0 3 0 0 0 0 0 0 0 0 1 0 0 0 0 0 0 0 0 0 0 0 0 0 0 0 0 0 0 0 0 0 0 0 0 0 0 0 0 13 0 1 15 78 94 40 0 0 0 0 0 0 0 1 2 0 0 0 0 0 74 33 0 0 0 0 0 0 0 0 0 0 0 0 0 0 0 0 0 0 0 0 0 0 0 0 0 0 0 0 0 0 0 0 1 0 0 0 0 0 0
0 0 0 0 4 0 0 0 0 0 0 0 0 0 0 0 0 0 0 0 0 0 0 0 0 0 0 0 0 0 0 0 0 0 0 0 0 0 0 0 0 0 0 0 0 0 0 0 0 0 1 6 1 0 0 0 0 0 1 14 1 0 0 0 0 0 0 0 0 0 1 0 0 0 0 0 0 0 0 0 0 0 0 0 0 0 0 0 0 0 3 23 265 0 0 3 0 0 0 0 0 0 0 1 0 0 0 0 6 0 2 1 0 0 0 0 0 0 0 0 0 0 0 0 0 0 0 0 0 0 0 0 0 0 0 0 0 0 0 0 0 0 0 0 0 0 0 0 0 0
0 0 0 0 0 0 0 0 0 0 0 0 0 0 0 1 0 0 0 0 0 0 0 0 0 0 0 0 0 0 0 0 0 0 0 0 0 0 0 0 0 0 0 0 0 0 0 0 0 0 0 3 0 1 0 0 0 0 0 2 1 0 0 0 0 0 0 0 0 0 1 30 0 0 0 0 0 0 0 0 0 0 0 0 0 0 0 0 0 1 4 6 3 6 5 0 0 0 0 0 0 0 0 0 0 0 0 0 0 2 0 0 0 0 0 0 0 0 0 0 0 0 0 0 0 0 0 0 0 0 0 0 0 0 0 0 0 0 0 0 0 0 0 0 0 0 0 0 0 0
2 0 0 0 0 0 0 0 0 0 0 0 0 0 0 0 0 0 0 0 0 0 6 13 0 0 0 0 0 0 0 0 0 0 0 0 0 0 0 0 0 0 0 0 0 0 0 0 0 0 0 2 1 0 0 1 0 1 0 0 0 3 7 0 0 0 0 0 0 0 0 5 1 0 1 0 0 0 0 0 0 0 0 0 0 0 0 0 0 2 0 10 1 5 2 1 0 0 0 0 0 0 0 0 0 0 0 0 0 0 0 0 0 0 0 0 0 0 0 0 0 0 0 0 0 0 0 0 0 0 0 0 0 0 0 0 0 0 0 0 0 0 0 0 0 0 0 0 0 0
0 0 0 0 0 0 0 0 0 0 0 0 0 0 0 0 0 0 0 0 0 1 2 0 0 0 0 0 0 0 0 0 0 0 0 0 0 0 0 0 0 0 0 0 0 0 0 0 0 0 0 12 13 0 1 0 0 0 8 0 0 33 30 0 0 0 0 0 0 0 0 0 1 0 2 0 0 0 0 0 0 0 0 0 0 0 0 0 0 0 11 5 0 9 15 0 0 0 0 0 0 0 0 0 0 0 0 0 0 0 0 0 0 0 0 0 0 0 0 0 0 0 0 0 0 0 0 0 0 0 0 0 0 0 0 0 0 0 0 0 0 0 0 0 0 0 0 0 0 0
0 0 0 0 0 0 0 0 0 0 2 1 4 1 0 0 1 0 0 0 0 1 0 1 0 0 0 0 0 0 0 0 0 0 0 0 0 0 0 0 0 0 0 0 0 0 0 0 0 1 2 21 56 4 5 1 0 0 0 0 0 4 0 0 0 0 0 0 0 0 0 0 0 0 0 0 0 0 0 0 0 0 0 0 0 0 0 0 0 0 0 3 22 21 0 1 0 0 0 0 0 0 0 0 0 0 0 0 0 0 0 0 0 0 0 0 0 0 0 0 0 0 0 0 0 0 0 0 0 0 0 0 0 0 0 0 0 0 0 0 0 0 0 0 0 0 0 0 0 0
0 0 0 0 0 0 0 0 0 0 0 0 0 3 0 0 0 2 3 0 0 14 0 0 0 0 0 0 0 0 0 0 1 0 0 0 0 0 0 0 0 0 0 0 0 0 0 0 1 0 0 6 48 0 5 0 0 0 0 0 1 4 4 0 0 0 0 0 0 0 0 0 0 0 0 0 0 0 0 0 0 0 0 0 0 0 0 0 0 0 0 0 0 2 1 4 0 0 0 1 0 0 0 0 0 0 0 0 0 0 0 0 0 0 0 0 0 0 0 0 0 0 0 0 0 0 0 0 0 0 0 0 0 0 0 0 0 0 0 0 0 0 0 0 0 0 0 0 0 0
0 0 0 0 0 0 0 0 0 0 0 1 0 0 1 0 0 0 0 0 0 0 0 4 0 0 0 0 0 0 0 0 0 0 0 0 0 0 0 0 0 0 0 0 0 0 0 2 0 0 0 0 7 0 0 0 0 0 0 0 6 1 0 0 0 0 0 0 0 0 0 0 0 0 0 0 0 0 0 0 0 0 0 0 0 0 0 0 0 0 0 0 0 0 0 0 3 0 0 0 0 0 0 0 0 0 0 0 0 0 0 0 0 0 0 0 0 0 0 0 0 0 0 0 0 0 0 0 0 0 0 0 0 0 0 0 0 0 0 0 0 0 0 0 0 0 0 0 0 0
0 0 8 0 0 0 0 0 0 0 0 0 0 0 0 0 0 0 0 0 0 0 0 0 1 0 1 0 0 0 0 0 0 0 1 1 0 1 0 0 0 0 0 0 0 0 1 5 0 0 0 0 0 0 0 0 0 0 0 0 1 0 0 0 0 0 0 0 0 0 0 0 0 0 0 0 0 0 0 0 0 0 0 0 0 0 0 0 0 0 0 0 0 0 0 1 8 7 0 0 0 0 0 0 0 0 0 0 0 0 0 0 0 0 0 0 0 0 0 0 0 0 0 0 0 0 0 0 0 0 0 0 0 0 0 0 0 0 0 0 0 0 0 0 2 6 0 0 0 0
0 0 0 0 0 0 0 0 0 0 0 1 0 0 0 0 3 0 0 0 2 0 0 4 0 0 0 0 0 0 0 0 0 1 0 0 0 0 0 0 0 0 0 0 0 0 1 0 0 0 0 0 0 0 0 0 0 0 0 0 0 1 0 0 0 0 0 0 0 0 0 0 0 0 0 0 0 0 0 0 0 0 0 0 0 0 0 0 0 0 0 0 0 0 1 4 1 3 0 0 3 0 0 0 0 0 0 0 0 0 0 0 0 0 0 0 0 0 0 0 0 0 0 0 0 0 0 0 0 0 0 0 0 0 0 0 0 0 0 0 0 0 0 0 0 0 0 0 0 0
0 0 0 0 0 0 0 0 0 0 0 1 0 0 0 0 0 0 0 2 0 0 0 0 0 0 0 0 0 0 0 0 0 0 0 0 0 0 0 0 0 0 0 0 0 0 0 0 0 0 0 0 0 0 0 0 0 0 0 0 1 0 0 0 0 0 0 0 0 0 0 0 0 0 0 0 0 0 0 0 0 0 0 0 0 0 0 0 0 0 0 0 0 0 17 0 0 0 0 0 0 0 0 0 0 0 0 0 0 0 0 0 0 0 0 0 0 0 0 0 0 0 0 0 0 0 0 0 0 0 0 0 0 0 0 0 0 0 0 0 0 0 0 0 0 0 0 0 0 0
0 0 0 0 0 0 0 0 0 0 2 0 1 0 0 0 0 0 0 0 0 0 0 0 0 0 0 0 0 0 0 0 0 0 0 0 0 0 0 0 0 0 0 0 1 0 0 0 0 0 0 0 0 0 0 0 0 0 0 1 0 0 0 0 0 0 0 0 0 0 2 0 0 0 0 0 0 0 0 0 0 0 0 0 0 0 0 0 0 0 0 0 0 0 0 0 5 0 0 0 0 0 0 0 0 0 0 0 0 0 0 0 0 0 0 0 0 0 0 0 0 0 0 0 0 0 0 0 0 0 0 0 0 0 0 0 0 0 0 0 0 0 0 0 0 0 0 0 0 0
0 0 0 0 0 0 0 0 0 2 0 0 5 0 0 1 1 1 0 0 0 0 0 0 0 0 0 0 0 0 0 0 0 0 0 0 0 0 0 0 0 0 0 2 0 0 0 0 0 0 0 0 0 0 0 0 0 0 0 2 0 0 0 0 0 0 0 0 25 0 0 0 0 0 0 0 0 0 0 0 0 0 0 0 0 0 0 0 0 0 0 0 0 0 0 0 1 2 0 3 0 0 0 0 0 0 0 0 0 0 0 0 0 0 0 0 0 0 0 0 0 0 0 0 0 0 0 0 0 0 0 0 0 0 0 0 0 0 0 0 0 0 0 0 0 0 0 0 0 0
0 0 0 0 0 0 0 0 0 1 0 0 1 0 0 0 0 6 0 0 0 0 0 0 0 0 0 0 0 0 0 0 0 0 0 0 0 3 0 0 0 0 0 0 0 0 0 0 0 0 0 0 0 0 0 0 0 0 0 0 0 6 0 0 1 0 0 1 71 33 1 0 0 0 0 0 0 0 0 0 0 0 0 0 0 0 0 0 0 0 0 0 0 0 0 0 0 0 0 0 0 0 0 0 0 0 0 0 0 0 0 0 0 0 0 0 0 0 0 0 0 0 0 0 0 0 0 0 0 0 0 0 0 0 0 0 0 0 0 0 0 0 0 0 0 0 0 0 0 0
3 0 1 0 0 0 0 0 0 0 0 2 17 1 0 2 12 0 0 4 0 0 0 10 1 0 0 0 0 0 0 1 0 0 1 2 3 2 2 0 0 0 8 0 0 0 0 0 0 0 0 0 0 0 0 0 0 0 0 0 0 0 3 2 94 12 4 0 0 0 0 0 0 0 0 0 0 0 0 0 0 0 0 0 0 0 0 0 0 0 0 0 0 0 0 0 0 0 0 0 0 0 0 0 0 0 0 0 0 0 0 0 0 0 0 0 0 0 0 0 0 0 0 0 0 0 0 0 0 0 0 0 0 0 0 0 0 0 0 0 0 0 0 0 0 0 0 0 0 0
2 32 2 0 0 0 0 0 0 0 0 0 4 0 0 0 1 0 1 1 10 24 23 4 1 0 0 0 0 2 0 0 0 0 0 5 11 0 0 2 0 0 0 0 0 0 0 0 0 0 0 0 0 0 0 0 0 0 0 0 0 0 0 0 0 1 0 0 0 0 0 0 0 0 0 0 0 0 0 0 0 0 0 0 0 0 0 0 0 0 0 0 0 0 0 0 0 0 0 0 0 0 0 0 0 0 0 0 0 0 0 0 0 0 0 0 0 0 0 0 0 0 0 0 0 0 0 0 0 0 0 0 0 0 0 0 0 0 0 0 0 0 0 0 0 0 0 0 0 0
7 3 3 0 0 2 0 0 0 0 0 0 0 0 0 1 2 0 0 3 0 21 3 2 5 3 0 0 9 5 5 0 0 0 0 0 0 0 0 0 0 2 0 0 0 0 0 0 0 0 0 0 0 0 0 0 0 0 0 0 0 0 0 0 0 0 0 0 0 0 0 0 0 0 0 0 0 0 0 0 0 0 0 0 0 0 0 0 0 1 0 0 0 0 0 0 0 0 0 0 0 0 0 0 0 0 0 0 0 0 0 0 0 0 0 0 0 0 0 0 0 0 0 0 0 0 0 0 0 0 0 0 0 0 0 0 0 0 0 0 0 0 0 0 0 0 0 0 0 0
0 0 0 1 0 0 0 0 0 0 0 1 4 0 0 0 0 3 0 1 0 0 3 5 4 6 0 2 1 0 0 0 0 0 3 0 0 3 0 0 0 0 0 0 0 0 0 0 0 0 0 0 0 0 0 0 0 0 0 0 0 0 0 0 0 0 0 0 0 0 0 0 0 0 0 0 0 0 0 0 0 0 0 0 0 0 0 0 0 0 0 0 0 0 0 0 0 0 0 0 0 0 0 0 0 0 0 0 0 0 0 0 0 0 0 0 0 0 0 0 0 0 0 0 0 0 0 0 0 0 0 0 0 0 0 0 0 0 0 0 0 0 0 0 0 0 0 0 0 0
0 0 0 0 0 0 0 0 0 0 0 0 0 0 0 0 0 0 1 2 0 0 0 1 0 6 2 2 19 0 1 0 0 6 2 0 0 0 0 0 0 0 0 0 0 0 0 0 0 0 0 0 0 0 0 0 0 0 0 0 0 0 0 0 0 0 0 0 0 0 0 0 0 0 0 0 0 0 0 0 0 0 0 0 0 0 0 0 0 0 0 0 0 0 0 0 0 0 0 0 0 0 0 0 0 0 0 0 0 0 0 0 0 0 0 0 0 0 0 0 0 0 0 0 0 0 0 0 0 0 0 0 0 0 0 0 0 0 0 0 0 0 0 0 0 0 0 0 0 0
0 0 0 0 0 0 0 0 0 0 0 0 0 0 0 0 0 0 0 0 0 3 0 0 1 0 0 1 64 21 2 0 2 4 0 0 1 0 0 0 0 0 0 0 0 0 0 0 0 0 0 0 0 0 0 0 0 0 0 0 0 0 0 0 0 0 0 0 0 0 0 0 0 0 0 0 0 0 0 0 0 0 0 0 0 0 0 0 0 0 0 0 0 0 0 0 0 0 0 0 0 0 0 0 0 0 0 0 0 0 0 0 0 0 0 0 0 0 0 0 0 0 0 0 0 0 0 0 0 0 0 0 0 0 0 0 0 0 0 0 0 0 0 0 0 0 0 0 0 0
0 0 0 0 0 0 0 0 0 0 0 0 0 0 0 0 0 0 0 0 0 0 0 0 0 0 1 9 0 1 3 0 4 2 0 0 1 0 0 0 0 0 0 0 0 0 0 0 0 0 0 0 0 0 0 0 0 0 0 0 0 0 0 0 0 0 0 0 0 0 0 0 0 0 0 0 0 0 0 0 0 0 0 0 0 0 0 0 0 0 0 0 0 0 0 0 0 0 0 0 0 0 0 0 0 0 0 0 0 0 0 0 0 0 0 0 0 0 0 0 0 0 0 0 0 0 0 0 0 0 0 0 0 0 0 0 0 0 0 0 0 0 0 0 0 0 0 0 0 0
0 0 0 0 0 0 0 0 0 0 0 0 0 0 0 0 0 0 0 0 0 0 0 0 1 0 1 0 0 0 7 18 4 0 1 3 0 0 0 0 0 0 0 0 0 0 0 0 0 0 0 0 0 0 0 0 0 0 0 0 0 0 0 0 0 0 0 0 0 0 0 0 0 0 0 0 0 0 0 0 0 0 0 0 0 0 0 0 0 0 0 0 0 0 0 0 0 0 0 0 0 0 0 0 0 0 0 0 0 0 0 0 0 0 0 0 0 0 0 0 0 0 0 0 0 0 0 0 0 0 0 0 0 0 0 0 0 0 0 0 0 0 0 0 0 0 0 0 0 0
0 0 0 0 0 0 0 0 0 0 0 5 1 0 0 0 0 0 0 0 0 0 0 0 0 0 0 0 0 0 0 0 3 0 0 1 0 0 0 0 0 0 0 0 0 0 0 0 0 0 0 0 0 0 0 0 0 0 0 0 0 0 0 0 0 0 0 0 0 0 0 0 0 0 0 0 0 0 0 0 0 0 0 0 0 0 0 0 0 0 0 0 0 0 0 0 0 0 0 0 0 0 0 0 0 0 0 0 0 0 0 0 0 0 0 0 0 0 0 0 0 0 0 0 0 0 0 0 0 0 0 0 0 0 0 0 0 0 0 0 0 0 0 0 0 0 0 0 0 0
0 0 0 0 0 0 0 0 0 0 0 0 0 0 0 0 0 0 0 0 0 0 0 0 0 0 0 7 0 0 3 0 0 0 0 0 0 0 0 0 0 0 0 0 0 0 0 0 0 0 0 0 0 0 0 0 0 0 0 0 0 0 0 0 0 0 0 0 0 0 0 0 0 0 0 0 0 0 0 0 0 0 0 0 0 0 0 0 0 0 0 0 0 0 0 0 0 0 0 0 0 0 0 0 0 0 0 0 0 0 0 0 0 0 0 0 0 0 0 0 0 0 0 0 0 0 0 0 0 0 0 0 0 0 0 0 0 0 0 0 0 0 0 0 0 0 0 0 0 0
0 0 0 0 0 0 0 0 0 0 0 0 0 0 0 0 0 0 0 0 0 0 0 0 0 0 0 2 2 0 0 0 0 5 0 0 0 0 0 0 0 0 0 0 0 0 0 0 0 0 0 0 0 0 0 0 0 0 0 0 0 0 0 0 0 0 0 0 0 0 0 0 0 0 0 0 0 0 0 0 0 0 0 0 0 0 0 0 0 0 0 0 0 0 0 0 0 0 0 0 0 0 0 0 0 0 0 0 0 0 0 0 0 0 0 0 0 0 0 0 0 0 0 0 0 0 0 0 0 0 0 0 0 0 0 0 0 0 0 0 0 0 0 0 0 0 0 0 0 0
0 0 0 0 0 0 0 0 0 0 0 1 0 0 0 0 0 0 0 0 0 0 0 0 0 0 0 0 0 0 0 0 0 0 0 0 0 0 0 0 0 0 0 0 0 0 0 0 0 0 0 0 0 0 0 0 0 0 0 0 0 0 0 0 0 0 0 0 0 0 0 0 0 0 0 0 0 0 0 0 0 0 0 0 0 0 0 0 0 0 0 0 0 0 0 0 0 0 0 0 0 0 0 0 0 0 0 0 0 0 0 0 0 0 0 0 0 0 0 0 0 0 0 0 0 0 0 0 0 0 0 0 0 0 0 0 0 0 0 0 0 0 0 0 0 0 0 0 0 0
0 0 0 0 0 0 0 0 0 2 0 0 0 0 0 0 0 0 0 0 0 0 0 0 0 0 0 0 0 0 0 0 0 0 0 0 0 0 0 0 0 0 0 0 0 0 0 0 0 0 0 1 0 0 0 0 0 0 0 0 0 0 0 0 0 0 0 0 0 0 0 0 0 0 0 0 0 0 0 0 0 0 0 0 0 0 0 0 0 0 0 0 0 0 0 0 0 0 0 0 0 0 0 0 0 0 0 0 0 0 0 0 0 0 0 0 0 0 0 0 0 0 0 0 0 0 0 0 0 0 0 0 0 0 0 0 0 0 0 0 0 0 0 0 0 0 0 0 0 0
0 0 0 0 0 0 0 0 0 0 0 0 0 0 0 0 0 0 0 0 0 0 0 0 0 0 0 0 0 0 0 0 0 0 0 0 0 0 0 0 0 0 0 0 0 0 0 0 0 0 0 0 0 0 0 1 0 0 0 0 0 0 0 0 0 0 0 0 0 0 0 0 0 0 0 0 0 0 0 0 0 0 0 0 0 0 0 0 0 0 0 0 0 0 0 0 0 0 0 0 0 0 0 0 0 0 0 0 0 0 0 0 0 0 0 0 0 0 0 0 0 0 0 0 0 0 0 0 0 0 0 0 0 0 0 0 0 0 0 0 0 0 0 0 0 0 0 0 0 0
0 0 0 0 0 0 0 0 3 6 0 0 0 0 0 0 0 0 0 0 0 0 0 0 0 0 0 0 0 0 0 0 0 0 0 0 0 0 0 0 0 0 0 0 0 0 0 0 0 0 3 0 0 0 0 0 0 0 0 0 0 0 0 0 0 0 0 0 0 0 0 0 0 0 0 0 0 0 0 0 0 0 0 0 0 0 0 0 0 0 0 0 0 0 0 0 0 0 0 0 0 0 0 0 0 0 0 0 0 0 0 0 0 0 0 0 0 0 0 0 0 0 0 0 0 0 0 0 0 0 0 0 0 0 0 0 0 0 0 0 0 0 0 0 0 0 0 0 0 0
0 0 0 0 0 5 5 13 1 0 0 0 0 0 0 0 0 0 0 0 0 0 0 0 0 0 0 0 0 0 0 0 0 0 0 0 0 0 0 0 0 0 0 0 0 0 0 0 0 11 23 0 0 0 0 0 0 0 0 0 0 0 0 0 0 0 0 0 0 0 0 0 0 0 0 0 0 0 0 0 0 0 0 0 0 0 0 0 0 0 0 0 0 0 0 0 0 0 0 0 0 0 0 0 0 0 0 0 0 0 0 0 0 0 0 0 0 0 0 0 0 0 0 0 0 0 0 0 0 0 0 0 0 0 0 0 0 0 0 0 0 0 0 0 0 0 0 0 0 0
0 0 0 0 0 0 2 3 0 0 0 0 0 0 0 0 0 0 0 0 0 0 0 0 0 0 0 0 0 0 0 0 0 0 0 0 0 0 0 0 0 0 0 0 0 0 0 0 1 0 0 0 0 0 0 0 0 0 0 0 0 0 0 0 0 0 0 0 0 0 0 0 0 0 0 0 0 0 0 0 0 0 0 0 0 0 0 0 0 0 0 0 0 0 0 0 0 0 0 0 0 0 0 0 0 0 0 0 0 0 0 0 0 0 0 0 0 0 0 0 0 0 0 0 0 0 0 0 0 0 0 0 0 0 0 0 0 0 0 0 0 0 0 0 0 0 0 0 0 0
0 0 0 0 0 0 0 0 0 0 0 0 0 0 0 0 0 0 0 0 0 0 0 0 0 0 0 0 0 0 0 0 0 0 0 0 0 0 0 0 0 0 0 0 0 0 0 0 1 0 0 0 2 4 0 0 0 0 0 0 0 0 0 0 0 0 0 0 0 0 0 0 0 0 0 0 0 0 0 0 0 0 0 0 0 0 0 0 0 0 0 0 0 0 0 0 0 0 0 0 0 0 0 0 0 0 0 0 0 0 0 0 0 0 0 0 0 0 0 0 0 0 0 0 0 0 0 0 0 0 0 0 0 0 0 0 0 0 0 0 0 0 0 0 0 0 0 0 0 0
0 0 0 0 0 0 0 0 0 0 0 0 0 0 0 0 0 0 0 0 0 0 0 0 0 0 0 0 0 0 0 0 0 0 0 1 0 0 0 0 0 0 0 0 0 0 0 0 0 0 0 0 1 0 0 0 0 0 0 0 0 0 0 0 0 0 0 0 0 0 0 0 0 0 0 0 0 0 0 0 0 0 0 0 0 0 0 0 0 0 0 0 0 0 0 0 0 0 0 0 0 0 0 0 0 0 0 0 0 0 0 0 0 0 0 0 0 0 0 0 0 0 0 0 0 0 0 0 0 0 0 0 0 0 0 0 0 0 0 0 0 0 0 0 0 0 0 0 0 0
0 0 0 0 0 0 0 0 0 0 0 0 0 0 0 0 0 0 0 0 0 0 0 0 0 0 0 0 0 0 0 0 0 0 0 0 0 0 0 0 0 0 0 0 0 0 0 0 0 0 0 0 4 0 0 0 0 0 0 0 0 0 0 0 0 0 0 0 0 0 0 0 0 0 0 0 0 0 0 0 0 0 0 0 0 0 0 0 0 0 0 0 0 0 0 0 0 0 0 0 0 0 0 0 0 0 0 0 0 0 0 0 0 0 0 0 0 0 0 0 0 0 0 0 0 0 0 0 0 0 0 0 0 0 0 0 0 0 0 0 0 0 0 0 0 0 0 0 0 0
0 0 0 0 0 0 0 0 0 0 0 0 0 0 0 0 0 0 0 0 0 0 0 0 0 0 0 0 0 0 0 0 1 0 0 0 0 0 0 0 0 0 0 0 0 0 0 0 0 0 0 0 0 0 0 0 0 0 0 0 0 0 0 0 0 0 0 0 0 0 0 0 0 0 0 0 0 0 0 0 0 0 0 0 0 0 0 0 0 0 0 0 0 0 0 0 0 0 0 0 0 0 0 0 0 0 0 0 0 0 0 0 0 0 0 0 0 0 0 0 0 0 0 0 0 0 0 0 0 0 0 0 0 0 0 0 0 0 0 0 0 0 0 0 0 0 0 0 0 0
0 0 0 0 0 0 0 0 0 0 0 0 0 0 0 0 0 0 0 0 0 0 0 0 0 0 0 0 0 0 1 1 0 0 0 0 0 0 0 0 0 0 0 0 0 0 0 0 0 0 0 0 0 1 0 0 0 0 0 0 0 0 0 0 0 0 0 0 0 0 0 0 0 0 0 0 0 0 0 0 0 0 0 0 0 0 0 0 0 0 0 0 0 0 0 0 0 0 0 0 0 0 0 0 0 0 0 0 0 0 0 0 0 0 0 0 0 0 0 0 0 0 0 0 0 0 0 0 0 0 0 0 0 0 0 0 0 0 0 0 0 0 0 0 0 0 0 0 0 0
0 0 0 0 0 0 0 0 0 0 0 0 0 0 0 0 0 0 0 0 0 0 0 0 0 0 0 0 0 0 1 3 1 0 0 0 0 0 0 0 0 0 0 0 0 0 0 0 0 0 0 0 0 0 0 0 0 0 0 0 0 0 0 0 0 0 0 0 0 0 0 0 0 0 0 0 0 0 0 0 0 0 0 0 0 0 0 0 0 0 0 0 0 0 0 0 0 0 0 0 0 0 0 0 0 0 0 0 0 0 0 0 0 0 0 0 0 0 0 0 0 0 0 0 0 0 0 0 0 0 0 0 0 0 0 0 0 0 0 0 0 0 0 0 0 0 0 0 0 0
0 0 0 0 0 0 0 0 0 0 0 0 0 0 0 0 0 0 0 0 0 0 0 0 0 0 0 0 0 0 3 2 0 0 0 0 0 0 0 0 0 0 0 0 0 0 0 0 0 0 0 0 0 0 0 0 0 0 0 0 0 0 0 0 0 0 0 0 0 0 0 0 0 0 0 0 0 0 0 0 0 0 0 0 0 0 0 0 0 0 0 0 0 0 0 0 0 0 0 0 0 0 0 0 0 0 0 0 0 0 0 0 0 0 0 0 0 0 0 0 0 0 0 0 0 0 0 0 0 0 0 0 0 0 0 0 0 0 0 0 0 0 0 0 0 0 0 0 0 0
0 0 0 0 0 0 0 0 0 0 0 0 0 0 0 0 0 0 0 0 0 0 0 0 0 0 1 0 0 5 0 0 0 0 0 0 0 0 0 0 0 0 0 0 0 0 0 0 0 0 0 0 0 0 0 0 0 0 0 0 0 0 0 0 0 0 0 0 0 0 0 0 0 0 0 0 0 0 0 0 0 0 0 0 0 0 0 0 0 0 0 0 0 0 0 0 0 0 0 0 0 0 0 0 0 0 0 0 0 0 0 0 0 0 0 0 0 0 0 0 0 0 0 0 0 0 0 0 0 0 0 0 0 0 0 0 0 0 0 0 0 0 0 0 0 0 0 0 0 0
0 0 0 0 0 0 0 0 0 0 0 0 0 0 0 0 0 0 0 0 0 0 0 0 0 0 0 0 0 38 3 0 0 0 0 0 0 0 0 0 0 0 0 0 0 0 0 0 2 0 0 0 0 0 0 0 0 0 0 0 0 0 0 0 0 0 0 0 0 0 0 0 0 0 0 0 0 0 0 0 0 0 0 0 0 0 0 0 0 0 0 0 0 0 0 0 0 0 0 0 0 0 0 0 0 0 0 0 0 0 0 0 0 0 0 0 0 0 0 0 0 0 0 0 0 0 0 0 0 0 0 0 0 0 0 0 0 0 0 0 0 0 0 0 0 0 0 0 0 0
0 0 0 0 0 0 0 0 0 0 0 0 0 0 0 0 0 0 0 0 0 0 0 0 0 0 2 0 0 0 0 0 0 0 0 0 0 0 0 0 0 0 0 0 0 0 0 0 0 21 0 0 0 0 0 0 0 0 0 0 0 0 0 0 0 0 0 0 0 0 0 0 0 0 0 0 0 0 0 0 0 0 0 0 0 0 0 0 0 0 0 0 0 0 0 0 0 0 0 0 0 0 0 0 0 0 0 0 0 0 0 0 0 0 0 0 0 0 0 0 0 0 0 0 0 0 0 0 0 0 0 0 0 0 0 0 0 0 0 0 0 0 0 0 0 0 0 0 0 0
0 0 0 0 0 0 0 0 0 0 0 0 0 0 0 0 0 0 0 0 0 0 0 0 0 0 10 0 0 0 0 0 0 0 0 0 0 0 0 0 0 0 0 0 0 0 0 0 0 0 0 0 0 0 0 0 0 0 0 0 0 0 0 0 0 0 0 0 0 0 0 0 0 0 0 0 0 0 0 0 0 0 0 0 0 0 0 0 0 0 0 0 0 0 0 0 0 0 0 0 0 0 0 0 0 0 0 0 0 0 0 0 0 0 0 0 0 0 0 0 0 0 0 0 0 0 0 0 0 0 0 0 0 0 0 0 0 0 0 0 0 0 0 0 0 0 0 0 0 0
0 0 0 0 0 0 0 0 0 0 0 0 0 0 0 0 0 0 0 0 0 0 0 0 0 0 0 1 0 0 0 0 0 0 0 0 0 0 0 0 0 0 0 0 0 0 0 0 0 0 0 0 0 0 0 0 0 0 0 0 0 0 0 0 0 0 0 0 0 0 0 0 0 0 0 0 0 0 0 0 0 0 0 0 0 0 0 0 0 0 0 0 0 0 0 0 0 0 0 0 0 0 0 0 0 0 0 0 0 0 0 0 0 0 0 0 0 0 0 0 0 0 0 0 0 0 0 0 0 0 0 0 0 0 0 0 0 0 0 0 0 0 0 0 0 0 0 0 0 0
0 0 0 0 0 0 0 0 0 0 0 0 0 0 0 0 0 0 0 0 0 0 0 0 0 0 0 0 0 0 0 0 0 0 0 0 0 0 0 0 0 0 0 0 0 0 0 0 0 0 0 0 0 0 0 0 0 0 0 0 0 0 0 0 0 0 0 0 0 0 0 0 0 0 0 0 0 0 0 0 0 0 0 0 0 0 0 0 0 0 0 0 0 0 0 0 0 0 0 0 0 0 0 0 0 0 0 0 0 0 0 0 0 0 0 0 0 0 0 0 0 0 0 0 0 0 0 0 0 0 0 0 0 0 0 0 0 0 0 0 0 0 0 0 0 0 0 0 0 0
0 0 0 0 0 0 0 0 0 0 0 0 0 0 0 0 0 0 0 0 0 0 0 0 0 0 0 0 0 0 0 0 0 0 0 0 0 0 0 0 0 0 0 0 0 0 0 0 0 0 0 0 0 0 0 0 0 0 0 0 0 0 0 0 0 0 0 0 0 0 0 0 0 0 0 0 0 0 0 0 0 0 0 0 0 0 0 0 0 0 0 0 0 0 0 0 0 0 0 0 0 0 0 0 0 0 0 0 0 0 0 0 0 0 0 0 0 0 0 0 0 0 0 0 0 0 0 0 0 0 0 0 0 0 0 0 0 0 0 0 0 0 1 0 0 0 0 0 0 0
0 0 0 0 0 0 0 0 0 0 0 0 0 0 0 0 0 0 0 0 0 0 0 0 0 0 0 0 0 0 0 0 0 0 0 0 0 0 0 0 0 0 0 0 0 0 0 0 0 0 0 0 0 0 0 0 0 0 0 0 0 0 0 0 0 0 0 0 0 0 0 0 0 0 0 0 0 0 0 0 0 0 0 0 0 0 0 0 0 0 0 0 0 0 0 0 0 0 0 0 0 0 0 0 0 0 0 0 0 0 0 0 0 0 0 0 0 0 0 0 0 0 0 0 0 0 0 0 0 0 0 0 0 0 0 0 0 0 0 0 0 0 0 0 0 0 0 0 0 0
0 0 0 0 0 0 0 0 0 0 0 0 0 0 0 0 0 0 0 0 0 0 0 0 0 0 0 0 0 0 0 0 0 0 0 0 0 0 0 0 0 0 0 0 0 0 0 0 0 0 0 0 0 0 0 0 0 0 0 0 0 0 0 0 0 0 0 0 0 0 0 0 0 0 0 0 0 0 0 0 0 0 0 0 0 0 0 0 0 0 0 0 0 0 0 0 0 0 0 0 0 0 0 0 0 0 0 0 0 0 0 0 0 0 0 0 0 0 0 0 0 0 0 0 0 0 0 0 0 0 0 0 0 0 0 0 0 0 0 0 0 0 0 0 0 0 0 0 0 0
0 0 0 0 0 0 0 0 0 0 0 0 0 0 0 0 0 0 0 0 0 0 0 0 0 0 0 0 0 0 0 0 0 0 0 0 0 0 0 0 0 0 0 0 0 0 0 0 0 0 0 0 0 0 0 0 0 0 0 0 0 0 0 0 0 0 0 0 0 0 0 0 0 0 0 0 0 0 0 0 0 0 0 0 0 0 0 0 0 0 0 0 0 0 0 0 0 0 0 0 0 0 0 0 0 0 0 0 0 0 0 0 0 0 0 0 0 0 0 0 0 0 0 0 0 0 0 0 0 0 0 0 0 0 0 0 0 0 0 0 0 0 0 0 0 0 0 0 0 0
