0 4 16 5 5 0 2 0 16 69 10 5 0 6 0 0 0 10 0 0 1 9 1 0 2 19 0 0 0 0 0 0 0 0 9 1 0 0 2 0 0 0 0 2 1 0 0 0 0 0 0 0 1 0 4 4 0 0 0 7 59 29 6 0 1 7 4 0 2 1 0 4 24 147 121 285 180 66 43 34 13 137 70 81 96 160 181 137 30 177 827 634 130 594 323 425 850 915 753 121 210 87 16 50 15 68 67 457 180 13 4 1 14 78 35 22 28 14 7 1 0 35 14 8 0 19 0 1 18 32 0 26 0 17 5 0 0 9 0 0 5 0 0 0 0 0 0 0 0 20
0 2 18 3 1 0 0 0 0 32 9 7 9 2 0 1 0 0 13 0 0 1 26 0 19 27 0 3 0 0 0 0 0 0 0 0 0 0 7 0 0 0 1 0 0 0 0 0 0 0 0 0 0 1 2 0 0 0 0 36 97 19 9 15 11 0 0 1 0 1 0 6 45 71 22 2 21 46 12 119 111 59 8 2 82 189 263 166 319 309 135 43 428 373 307 410 942 435 808 633 245 86 22 35 4 1 5 35 82 13 5 7 4 16 52 21 0 29 2 12 0 6 13 7 0 1 0 3 7 40 19 12 70 51 0 0 0 0 1 72 8 0 0 0 0 0 0 0 0 0
0 0 0 0 2 0 0 0 0 6 3 0 16 2 0 0 0 0 2 2 0 21 109 50 7 0 1 5 0 0 0 0 0 0 0 7 1 1 0 47 0 0 0 2 0 0 0 0 0 0 0 0 0 0 4 0 0 1 3 21 26 17 2 8 0 0 0 0 0 0 0 4 25 0 4 1 1 69 170 195 125 43 8 52 28 162 476 183 5 16 107 27 307 478 711 545 297 315 258 487 509 310 5 56 44 2 2 8 183 183 45 9 7 10 13 9 16 64 15 4 74 14 11 6 2 5 3 5 1 18 9 3 56 128 0 0 14 0 7 102 11 4 0 0 0 0 0 0 0 0
18 1 0 0 0 0 0 0 0 0 2 4 0 0 0 0 3 0 4 2 0 2 7 9 25 0 0 6 14 0 9 0 0 0 0 2 0 11 0 4 5 0 0 3 0 0 0 0 0 0 5 0 0 0 224 31 1 36 41 5 0 3 14 16 0 0 0 0 0 1 22 125 24 4 4 12 13 102 281 371 170 109 88 325 139 20 78 168 11 225 913 1260 1212 676 607 445 134 215 494 421 616 609 126 13 58 93 58 22 270 99 19 55 64 20 1 11 22 90 41 15 41 89 19 8 1 2 2 1 22 0 7 7 6 0 20 8 36 3 0 17 86 3 0 0 0 0 0 0 0 0
4 15 2 0 0 0 0 0 1 2 2 0 0 0 0 4 4 8 0 0 0 1 1 0 2 0 0 1 0 2 0 0 0 0 2 6 7 0 3 0 4 2 0 0 0 0 0 0 0 3 2 0 0 2 37 214 23 44 6 0 11 1 0 29 0 0 0 0 0 51 80 33 142 160 38 44 56 199 294 366 248 269 310 456 191 113 66 95 26 379 1065 1377 378 816 378 231 97 578 452 650 464 841 626 465 295 246 60 21 11 1 4 24 21 27 3 0 4 34 87 50 215 667 146 18 3 1 0 0 0 1 0 0 0 0 10 3 0 3 0 0 112 8 0 0 0 0 0 0 0 0
11 7 0 0 0 0 0 0 1 1 11 0 0 0 0 0 2 0 15 46 7 3 0 0 0 0 0 0 1 0 2 3 0 0 51 95 40 33 0 2 1 0 0 0 0 0 0 0 0 6 40 5 2 3 34 37 41 3 12 4 0 0 9 2 3 0 0 0 8 66 88 254 116 112 159 89 33 85 77 546 741 592 355 84 3 99 119 35 21 245 1217 1106 264 492 685 673 136 1141 425 399 398 410 956 453 62 112 27 90 7 0 2 0 0 31 6 6 25 10 3 22 270 125 2 3 5 6 2 0 1 9 1 1 0 0 0 0 27 0 1 0 9 4 0 0 0 0 0 0 0 0
0 0 0 2 0 0 0 0 0 2 4 0 0 1 3 0 0 0 0 0 1 1 0 0 0 0 0 0 0 1 0 1 1 1 0 19 0 4 4 0 0 0 0 0 0 0 0 0 0 0 2 6 4 3 0 30 27 11 42 32 3 8 1 0 8 1 0 0 5 69 110 97 202 557 210 132 272 136 382 583 1079 1323 878 615 293 27 11 162 48 147 1160 1094 229 520 869 370 249 422 369 33 55 287 152 259 36 84 104 7 28 20 38 156 235 58 23 26 1 3 18 22 81 76 7 2 4 6 5 4 0 0 3 0 0 0 0 0 2 17 0 0 0 0 8 0 0 0 0 0 0 0
0 0 0 1 0 0 0 0 0 0 2 0 0 0 0 0 0 0 0 0 0 0 0 0 0 0 0 0 0 1 4 0 0 0 2 4 1 0 5 18 0 0 0 0 0 0 0 0 0 0 0 0 2 19 2 6 2 27 76 83 52 90 35 7 15 27 0 0 5 62 1 4 21 52 96 67 76 115 489 692 1317 749 957 183 268 161 219 526 198 89 571 130 113 487 508 467 246 599 547 226 155 319 429 654 183 150 23 47 89 29 203 342 93 58 25 63 2 4 12 33 29 2 5 4 6 1 7 0 2 0 0 0 0 0 0 0 0 0 0 0 0 0 0 0 0 0 0 0 0 0
8 0 0 0 0 0 0 0 7 5 0 1 0 2 20 0 0 0 0 0 0 0 0 0 0 0 0 0 0 0 2 0 0 0 3 1 0 0 1 1 0 0 0 0 0 0 0 0 0 0 0 0 3 9 1 0 2 18 18 49 334 204 25 4 7 25 5 6 5 67 4 0 0 7 4 36 21 42 183 606 890 1016 638 31 30 53 608 289 234 80 14 27 384 858 881 1012 169 438 398 283 380 278 86 289 652 172 252 408 25 31 557 332 151 16 58 6 2 2 1 10 20 6 5 6 7 3 0 0 0 6 5 2 0 0 2 0 0 0 0 0 0 0 0 0 0 0 0 0 0 0
0 0 0 0 0 0 0 2 30 3 0 0 0 0 0 0 0 0 1 0 0 0 0 0 0 0 0 0 0 0 0 0 0 0 0 0 1 0 1 1 1 0 0 0 0 0 1 0 0 2 4 0 9 3 0 0 2 2 2 20 54 157 32 5 0 7 0 6 0 102 0 1 0 0 0 27 13 88 527 573 837 604 616 284 582 637 405 208 221 171 106 3 24 536 890 1318 487 215 53 12 27 159 21 4 138 507 311 212 113 9 466 431 228 74 8 231 349 619 153 26 95 51 48 38 55 6 25 2 12 15 60 18 3 2 0 0 0 0 0 0 0 0 0 0 0 0 0 0 0 3
0 0 6 0 0 0 0 0 2 2 3 2 0 0 7 29 0 3 1 0 0 0 0 0 0 3 0 0 0 0 0 2 0 0 0 4 0 0 2 0 0 6 3 0 0 0 2 7 17 18 8 6 12 3 0 0 2 10 29 16 0 157 4 11 0 0 3 0 0 16 0 0 0 0 0 0 14 57 217 294 367 171 525 334 187 421 287 359 462 373 31 5 15 245 438 610 728 29 33 43 17 20 3 10 179 405 829 252 133 125 400 303 215 70 4 175 348 909 474 297 515 260 309 145 168 309 153 80 103 35 12 124 36 15 50 0 0 0 0 0 0 0 0 0 0 0 0 0 0 0
8 0 4 0 0 0 0 0 9 1 0 0 0 0 0 0 14 1 2 0 0 0 0 1 0 0 0 0 0 0 0 0 1 3 5 0 1 0 2 0 3 15 11 4 3 3 2 2 2 1 0 1 4 2 3 0 1 0 4 6 2 2 0 1 6 13 3 2 0 0 3 0 0 0 0 19 124 13 184 451 569 247 101 111 164 168 57 61 205 463 35 0 0 6 12 82 956 462 338 32 0 5 18 51 69 29 397 322 43 115 299 293 93 261 60 195 509 318 738 630 371 391 199 92 162 189 2 0 0 28 3 0 88 51 33 1 0 0 0 0 0 0 0 0 0 0 0 0 0 0
2 0 0 0 0 0 1 0 5 6 0 0 0 0 0 0 0 22 5 6 1 2 0 0 0 0 0 0 0 1 0 0 0 0 0 0 1 2 0 0 0 0 30 0 26 0 0 13 0 0 0 0 6 8 16 0 0 0 4 4 1 1 1 0 0 2 4 2 1 2 8 0 0 0 8 57 113 96 137 89 143 200 75 1 37 15 13 0 5 41 3 0 2 23 90 27 698 444 724 522 25 17 106 27 60 32 72 569 624 291 887 759 200 511 179 50 27 55 1009 991 191 168 115 1 31 108 6 0 33 29 0 0 27 12 5 2 1 0 0 0 0 0 0 0 0 0 0 0 0 0
0 0 0 0 0 0 1 0 0 1 0 0 0 0 0 0 0 1 79 11 13 4 0 0 0 0 0 0 0 0 5 0 0 0 0 0 0 0 0 0 0 0 1 88 24 0 0 1 12 3 1 8 3 0 0 0 0 0 7 0 11 15 4 1 1 0 33 63 43 16 82 0 0 12 11 360 546 400 294 63 40 259 84 9 22 124 18 2 5 38 4 2 0 53 10 40 120 521 169 228 0 32 334 94 245 53 173 407 241 615 1218 1564 769 342 168 240 265 429 629 449 250 78 4 2 0 31 6 0 11 0 0 2 0 2 2 0 0 0 0 0 0 0 0 0 0 0 0 0 0 0
0 0 0 0 0 0 0 0 8 0 0 0 0 0 0 0 0 0 2 4 2 0 0 0 1 2 0 0 0 1 0 0 0 0 0 0 0 0 0 0 0 0 0 10 38 0 0 0 0 1 5 24 16 0 3 0 7 0 10 16 88 16 11 15 5 7 83 111 174 128 84 6 15 2 86 681 1372 850 348 57 0 71 24 10 4 49 34 21 0 38 6 15 4 3 0 6 41 295 199 185 27 44 507 454 1255 1072 1767 1408 940 986 1218 1049 663 527 500 346 163 134 73 88 126 132 47 20 1 26 60 1 11 17 10 0 0 2 1 0 0 0 0 0 0 0 0 0 0 0 0 0 0 0
0 0 0 0 0 0 1 27 27 1 2 0 0 0 0 1 5 0 4 9 0 11 3 0 0 0 0 0 0 2 0 0 0 0 0 0 0 0 0 0 0 2 0 2 4 13 0 0 0 36 96 82 2 2 0 3 43 112 10 114 13 25 2 32 27 40 84 54 75 80 231 109 100 178 364 758 1202 525 226 38 7 6 1 0 0 0 17 273 18 82 0 6 0 0 2 21 31 20 35 7 10 2 1106 621 729 546 1100 465 575 1536 1596 1169 1349 364 469 328 53 208 140 146 33 7 144 263 49 72 12 3 3 2 0 0 0 0 12 9 0 0 0 0 0 0 0 0 0 0 0 0 0 0
0 0 0 0 0 0 0 0 1 0 0 0 2 0 0 0 3 2 0 1 1 0 53 51 24 2 2 0 1 3 0 0 0 0 0 0 0 0 0 0 2 0 3 0 1 13 1 0 0 25 8 0 1 10 8 58 70 115 63 29 3 6 0 0 0 3 1 1 1 0 4 1 47 75 262 346 335 317 115 0 0 0 7 0 1 0 1 57 91 12 0 0 1 0 6 25 33 0 9 88 37 215 772 681 441 329 353 488 433 883 994 429 850 594 553 201 27 97 182 12 0 3 28 35 29 372 5 9 2 0 0 0 0 0 0 0 0 0 0 0 0 0 0 0 0 0 0 0 0 0
0 2 0 1 0 2 0 1 0 0 0 0 0 0 0 1 3 1 0 4 1 0 0 2 27 1 2 16 1 2 0 0 0 0 0 0 1 0 0 0 0 0 0 3 0 26 37 1 0 42 42 29 12 72 28 16 43 60 319 11 0 1 0 0 1 2 21 23 5 39 141 13 64 6 65 214 148 174 21 10 2 1 3 4 0 0 0 13 77 5 0 35 64 44 25 3 3 0 28 328 172 126 154 96 128 432 182 288 622 368 151 510 126 144 249 50 70 131 20 2 0 1 5 16 73 646 138 28 1 4 0 0 0 0 0 0 0 0 0 0 0 0 0 0 0 0 0 0 0 0
0 0 1 1 4 6 1 0 0 0 0 0 0 0 0 0 0 0 1 1 0 0 3 3 5 0 66 29 13 0 0 0 0 0 0 23 3 0 0 0 1 2 0 5 14 22 9 0 19 432 80 15 15 24 5 41 139 107 29 25 47 11 1 0 0 0 7 1 1 21 38 22 27 15 10 167 126 43 11 40 20 0 3 14 1 6 10 7 7 0 3 58 86 223 8 3 0 32 138 12 150 244 129 43 89 150 125 480 346 2 4 48 6 467 53 0 10 1 0 0 0 0 1 17 56 164 147 256 20 3 0 0 0 0 0 0 0 0 0 0 0 0 0 0 0 0 0 0 0 0
0 0 0 0 0 0 0 0 0 0 0 0 0 0 0 0 0 0 0 1 1 20 86 2 2 1 1 16 167 9 0 0 1 0 0 0 0 0 0 0 0 1 2 36 4 92 84 16 4 227 46 2 0 11 77 12 26 65 2 0 1 0 1 0 0 16 1 0 8 8 34 33 16 0 12 31 19 0 2 4 7 0 0 1 1 9 25 1 3 15 2 26 6 7 0 19 0 24 16 3 687 742 410 154 87 150 93 237 192 18 0 0 9 295 61 0 0 0 0 0 0 0 1 4 21 7 27 121 8 0 0 0 0 0 0 0 0 0 0 0 0 0 0 0 0 0 0 0 0 0
0 0 0 5 0 0 0 0 0 0 0 0 0 1 0 0 0 1 1 2 2 2 11 3 0 9 10 4 3 8 3 9 5 0 0 0 0 0 0 0 2 4 16 10 7 6 16 25 85 256 228 59 26 33 4 16 15 0 2 0 2 3 16 18 149 164 1 0 4 13 90 46 0 0 2 119 129 52 10 53 3 13 4 2 1 2 10 3 22 14 15 0 2 0 2 1 0 0 280 452 1182 814 405 130 2 27 115 221 2 0 0 0 0 9 0 0 0 0 0 0 0 0 5 3 0 0 28 34 1 0 0 0 0 0 0 0 0 0 0 0 0 0 0 0 0 0 0 0 0 0
0 0 0 0 0 0 0 0 0 0 0 0 0 2 0 5 0 0 0 1 1 0 7 4 1 5 0 0 0 0 7 72 14 2 1 0 0 5 0 1 88 8 0 0 0 0 7 13 169 737 332 240 18 1 0 7 2 1 0 0 1 3 1 0 3 42 24 7 10 89 34 19 36 0 2 18 81 117 90 73 29 32 8 28 8 4 5 9 147 40 25 12 0 7 2 10 4 1 88 383 267 86 54 0 22 17 125 103 14 0 0 0 6 117 0 0 0 0 0 0 0 0 0 0 0 30 78 2 3 5 8 0 0 0 0 0 0 0 0 0 0 0 0 0 0 0 0 0 0 0
0 0 0 0 0 0 0 0 0 0 0 0 0 1 3 0 0 0 0 0 0 2 6 1 0 0 0 0 0 0 3 13 50 14 1 0 25 143 23 14 1 0 0 0 0 0 7 27 63 251 159 111 5 0 0 3 0 1 11 3 0 0 0 0 10 5 12 3 0 6 8 39 55 9 0 21 25 26 39 20 2 61 29 0 0 7 3 0 0 0 1 9 1 3 1 2 1 0 1 5 17 2 6 38 29 35 60 38 81 105 45 11 74 0 0 0 0 0 0 0 0 0 0 4 28 76 67 19 0 1 6 0 0 0 0 0 0 0 0 0 0 0 0 0 0 0 0 0 0 0
0 0 6 0 0 0 0 0 0 0 0 0 0 3 0 0 1 4 0 0 1 0 0 1 1 1 0 0 0 0 1 4 3 10 4 2 13 24 10 5 0 0 0 0 9 68 26 47 8 103 128 44 6 4 3 3 7 13 4 0 0 0 0 0 0 1 0 0 0 0 3 4 100 71 25 22 0 0 0 3 0 5 66 86 2 0 4 1 0 0 1 2 4 5 0 0 0 0 0 2 7 0 5 74 43 23 38 6 6 27 3 590 32 0 0 0 0 1 0 0 0 0 1 24 7 13 55 90 19 0 0 0 0 0 0 0 0 0 0 0 0 0 0 0 0 0 0 0 0 0
0 0 0 0 0 0 0 0 0 0 0 0 0 0 1 0 0 1 0 0 1 0 0 1 1 1 2 0 0 0 0 3 6 9 37 0 1 72 0 0 0 0 0 26 66 23 37 3 10 26 69 54 41 14 68 3 0 11 0 0 0 0 0 0 1 0 0 13 7 7 4 0 13 5 55 20 0 0 0 0 0 2 15 60 19 18 0 0 0 0 6 6 1 0 2 0 5 3 0 4 12 0 5 20 481 0 0 3 1 0 0 133 10 0 0 1 6 0 0 0 0 0 1 0 0 31 71 42 0 0 1 0 0 0 0 1 4 0 0 0 0 1 0 0 0 0 0 0 0 0
0 0 0 0 0 0 0 0 0 0 0 0 0 0 7 0 1 0 0 0 0 0 4 3 1 0 0 2 0 0 0 0 10 29 30 3 0 6 0 1 0 0 0 1 87 16 2 0 7 1 41 8 0 3 0 0 1 0 0 0 2 0 0 0 9 8 0 2 3 4 6 22 3 6 2 6 4 0 0 0 1 3 0 8 0 6 2 3 1 6 2 6 2 2 0 1 1 8 2 6 7 15 8 68 146 182 0 3 0 0 0 9 6 11 15 22 0 0 0 0 2 0 0 0 0 62 23 52 0 0 0 0 0 0 0 0 7 25 0 0 0 0 0 0 0 0 0 0 0 0
0 0 0 0 0 0 0 0 0 0 0 0 0 0 5 0 1 4 0 0 2 7 0 0 0 0 0 17 1 0 0 7 1 2 31 10 0 3 2 7 0 1 1 6 89 3 0 2 0 2 15 22 0 1 8 0 0 0 0 0 0 0 0 0 9 2 0 0 3 3 7 7 2 0 0 1 22 3 0 0 0 1 12 0 8 4 12 12 2 0 4 2 1 0 0 4 0 0 1 0 4 14 12 6 51 226 18 5 0 0 0 0 0 15 4 20 0 0 3 1 0 0 0 0 166 131 26 10 1 0 0 0 0 0 5 0 8 19 0 0 0 0 0 0 0 0 0 0 0 0
0 0 0 0 0 0 0 0 0 0 1 0 0 7 1 5 15 74 6 1 1 9 11 0 0 0 0 0 1 4 11 2 0 46 2 1 0 6 18 17 41 74 5 98 150 5 7 1 3 0 0 38 22 18 0 2 0 0 0 0 0 0 1 0 1 0 0 0 17 21 97 12 5 8 0 1 0 12 2 0 0 0 0 0 2 0 1 3 14 10 6 0 3 0 0 0 0 0 0 0 1 6 17 17 18 504 543 25 7 0 0 0 0 2 0 0 17 125 70 6 0 0 0 28 142 36 40 240 367 8 0 0 0 0 0 7 11 5 0 0 0 0 0 0 0 0 0 0 0 0
0 0 0 0 0 0 0 0 0 0 4 4 20 15 6 12 30 92 1 7 1 1 4 2 0 0 0 3 32 4 2 2 11 4 5 13 1 22 91 161 369 552 509 272 80 6 0 0 2 1 0 1 31 9 2 0 0 0 0 0 0 0 0 0 0 0 0 1 0 1 14 24 6 0 8 3 2 28 2 0 0 3 3 0 8 0 0 0 13 5 8 16 4 5 24 33 3 0 1 0 3 1 6 41 200 334 280 301 16 0 0 0 0 0 0 8 297 93 16 0 0 0 10 104 242 136 671 443 218 36 0 0 6 13 0 4 0 0 0 0 0 0 0 0 0 0 0 0 0 0
0 0 0 0 0 0 0 0 6 2 14 64 35 1 0 2 3 7 0 5 7 1 5 28 8 4 1 0 0 1 5 0 1 4 35 26 2 10 146 310 488 711 501 549 85 4 1 5 12 0 4 0 49 64 34 4 0 0 0 0 0 1 0 0 0 0 0 0 0 0 1 2 1 0 0 0 0 5 12 0 0 0 3 1 8 0 0 0 4 2 0 0 11 17 2 10 1 1 0 0 1 15 5 9 1 42 3 119 11 0 0 0 0 0 100 86 368 208 36 30 12 45 7 121 200 102 376 483 422 314 44 50 31 118 4 1 0 0 0 0 0 0 0 0 0 0 0 0 0 0
0 0 0 0 0 0 1 3 6 3 9 7 1 0 2 8 0 0 4 1 0 10 90 44 0 0 0 1 1 1 9 7 1 1 2 31 22 29 29 87 462 342 378 185 34 9 8 2 2 4 0 1 20 4 7 1 0 0 0 0 0 0 0 0 0 0 0 0 0 0 3 0 0 0 0 0 6 2 21 3 28 19 6 3 22 0 0 0 13 14 0 0 9 17 0 1 18 1 4 0 1 3 0 1 1 1 0 7 28 8 5 10 0 0 77 1011 948 457 117 153 114 141 55 2 1 8 343 437 36 43 8 134 510 66 43 2 0 0 0 0 0 0 0 0 0 0 0 0 0 0
0 0 0 0 0 0 0 1 0 6 2 4 0 1 0 2 1 0 18 14 215 49 15 0 0 0 0 2 2 15 2 7 15 27 34 6 0 17 0 80 363 309 309 106 84 12 7 0 2 27 0 1 2 4 11 3 0 0 1 0 0 0 0 0 0 0 0 0 0 1 0 0 0 0 0 0 0 2 8 1 31 21 38 140 16 0 0 0 0 0 0 2 7 6 3 2 10 4 0 0 0 2 0 0 3 1 3 45 173 89 234 410 88 131 411 888 437 250 86 297 43 118 11 2 235 246 366 135 15 1 86 280 304 64 82 3 0 0 0 0 0 0 0 0 0 0 0 0 0 0
0 0 0 0 0 2 3 3 0 1 0 6 5 7 2 7 3 2 17 10 67 1 0 0 0 0 0 0 0 12 10 41 5 10 1 1 12 1 2 13 48 106 80 72 1 1 2 0 3 16 2 2 47 4 4 2 4 1 0 0 0 0 0 0 0 0 0 0 0 0 0 0 0 0 0 2 2 19 9 1 4 9 24 4 0 0 0 0 1 0 5 1 0 7 9 11 9 0 0 1 2 0 0 0 0 11 3 6 141 36 147 117 47 384 727 410 214 288 115 342 59 6 0 26 12 109 122 0 0 0 51 337 1 0 2 0 0 0 0 0 0 0 0 0 0 0 0 0 0 0
0 0 0 0 0 2 11 6 1 0 0 0 0 11 19 4 4 4 35 39 34 0 0 0 0 0 1 2 0 3 61 3 24 2 18 0 0 3 5 0 14 9 1 2 0 0 0 0 0 0 0 3 158 7 19 86 25 1 2 1 0 0 0 0 0 0 0 0 0 0 0 0 0 0 0 0 2 11 0 4 0 1 0 0 0 0 0 0 2 0 0 0 6 92 9 0 15 1 0 7 4 0 0 0 0 4 1 97 85 10 2 19 87 301 179 351 176 209 121 151 231 3 0 0 0 0 0 0 0 0 0 102 47 0 0 0 0 0 0 0 0 0 0 0 0 0 0 0 0 0
0 0 0 2 1 0 5 13 0 3 4 0 4 19 7 3 26 12 0 0 2 3 2 0 0 0 0 21 16 16 30 52 19 0 0 0 1 0 0 8 24 31 4 0 0 0 2 0 0 0 0 24 107 48 2 25 0 0 0 0 0 0 0 0 0 0 0 0 0 0 0 0 0 0 0 0 7 6 2 1 0 0 1 0 0 0 0 0 4 19 20 3 14 48 2 5 7 4 1 14 5 0 0 3 0 2 13 58 413 24 0 0 5 0 0 4 2 36 318 613 72 0 0 0 0 1 2 0 0 0 0 7 83 0 0 0 0 0 0 0 0 0 0 0 0 0 0 0 0 0
0 1 3 2 2 0 28 25 9 1 6 10 7 2 5 173 59 16 7 10 0 0 6 1 4 8 8 21 1 3 9 8 7 3 1 7 0 0 3 2 39 10 0 0 1 0 0 0 0 0 0 63 2 35 30 11 3 0 0 0 0 0 0 0 0 0 0 0 0 0 0 0 0 0 0 0 6 26 3 0 0 0 4 0 0 0 0 0 23 0 4 0 0 28 1 1 0 0 16 1 0 0 3 3 2 4 37 36 173 0 0 0 0 0 4 2 1 1 138 384 276 129 0 0 1 64 0 0 0 59 81 27 50 2 0 0 0 0 0 0 0 0 0 0 0 0 0 0 0 0
2 0 0 0 0 2 3 0 0 7 29 4 3 2 24 41 42 34 2 0 0 0 2 1 13 18 5 1 1 22 0 0 2 2 5 1 0 0 0 5 0 26 15 3 0 0 2 0 0 0 4 69 68 46 45 4 3 1 0 0 0 0 0 0 0 0 0 0 0 0 0 0 0 0 0 0 0 27 126 0 0 7 1 0 0 0 2 99 3 1 3 4 6 2 1 4 0 7 7 5 33 19 7 11 3 32 46 21 89 7 0 0 0 15 92 141 181 425 113 167 927 226 0 11 169 34 0 0 0 190 205 0 0 0 0 0 0 0 0 0 0 0 0 0 0 0 0 1 0 0
0 2 2 0 0 0 0 4 6 4 7 95 18 15 0 1 1 1 3 1 1 0 6 7 14 7 4 0 23 4 0 1 0 0 0 0 0 1 1 0 2 24 30 20 1 4 9 0 0 0 2 80 49 6 1 1 0 0 8 0 0 0 0 0 0 0 0 0 0 0 0 0 0 0 0 1 0 4 30 20 1 1 0 0 0 0 0 18 0 0 1 0 3 7 0 0 0 0 11 5 0 0 1 1 24 0 6 26 52 20 0 0 0 0 121 517 621 443 41 34 51 298 303 414 324 0 0 1 19 409 175 0 0 0 0 0 0 0 0 0 0 0 0 0 0 0 0 0 0 0
0 0 2 0 0 0 5 4 6 2 14 33 2 0 1 1 0 2 1 6 0 0 0 1 0 0 5 2 5 2 0 0 0 0 0 0 0 2 16 2 0 2 0 2 0 1 1 0 0 0 9 95 0 4 9 0 0 0 1 1 18 0 0 0 0 0 0 0 0 0 0 0 0 0 0 0 4 2 81 97 8 16 16 0 0 3 4 0 0 0 0 0 1 10 0 0 0 0 0 13 5 0 4 2 5 7 18 5 68 1 0 17 34 15 43 27 5 56 544 256 15 284 1123 607 368 339 266 232 1050 1503 806 22 0 0 0 0 0 0 0 0 0 0 0 0 0 1 0 0 0 0
0 2 3 0 16 4 4 3 0 12 32 5 0 5 5 5 0 1 1 0 0 0 0 0 0 47 22 1 0 0 2 0 16 2 1 0 0 0 0 17 2 0 1 0 0 0 19 1 2 3 15 387 61 16 0 15 0 4 0 3 0 0 0 1 0 0 0 0 0 0 0 0 0 0 0 1 1 20 35 2 0 8 22 0 0 0 0 0 3 8 0 5 5 11 2 25 12 0 3 4 12 0 0 6 19 21 9 9 134 33 8 23 17 1 0 19 6 176 428 464 417 714 765 888 1428 888 931 1041 1324 759 897 5 0 0 0 0 0 0 0 0 0 0 0 0 0 0 0 0 0 0
0 0 0 0 3 2 0 3 14 11 1 3 2 1 5 20 2 2 0 0 0 0 0 0 0 10 14 1 1 0 0 1 1 1 7 2 0 3 4 0 0 0 0 0 3 0 1 0 18 47 572 510 21 96 3 6 16 4 3 6 0 5 0 0 0 0 0 0 0 0 0 0 0 0 0 0 0 0 1 1 0 1 1 0 0 0 0 0 4 2 0 2 6 0 0 0 0 0 2 9 17 6 15 6 28 17 37 65 6 40 18 3 3 6 13 14 11 48 464 1351 1209 616 307 799 1670 838 216 728 525 19 134 18 0 0 0 0 0 0 0 0 0 0 0 0 0 0 0 0 0 0
1 6 9 5 1 0 0 0 29 3 0 0 2 1 1 1 3 2 0 0 0 0 0 0 8 4 1 0 0 0 0 45 18 2 1 1 1 0 2 0 0 0 0 0 0 0 0 0 0 21 464 788 618 633 57 26 1 4 0 3 0 0 0 0 0 0 0 0 0 0 0 0 0 0 1 0 0 0 0 17 0 1 16 0 0 0 0 16 92 0 0 17 5 0 0 0 0 0 0 7 1 0 22 56 9 130 324 79 2 0 12 4 0 6 1 7 19 8 88 525 378 454 257 1924 1668 1096 359 227 12 444 1758 615 1 1 0 0 0 0 0 0 0 0 0 0 0 0 0 0 0 0
1 2 0 11 3 0 13 4 10 1 13 67 3 3 0 0 0 0 0 0 0 0 0 0 3 0 3 1 0 0 0 11 20 6 0 3 1 1 0 0 0 0 0 3 0 0 0 0 0 20 164 370 573 273 113 54 2 6 4 1 0 0 0 0 0 0 0 0 0 0 0 0 0 0 0 0 0 0 0 36 0 11 9 0 0 0 0 9 29 2 1 28 108 0 0 0 0 0 0 11 6 43 43 27 34 18 6 22 2 0 0 0 5 1 0 7 6 16 7 32 273 294 320 601 1172 1059 385 411 410 978 395 421 18 0 1 0 0 0 0 0 0 0 0 0 0 0 0 0 0 0
2 5 3 11 3 4 13 35 3 0 3 4 0 2 0 0 0 0 0 0 0 0 0 0 0 0 0 0 0 0 5 0 1 0 0 0 0 0 1 0 0 0 0 0 0 5 7 5 2 3 83 164 304 88 38 29 9 0 6 0 1 0 0 0 0 0 0 0 0 0 0 0 0 0 0 0 0 0 0 0 2 7 0 0 0 0 32 64 29 4 6 157 156 11 3 0 0 0 0 38 73 12 45 165 31 3 14 3 21 4 2 1 2 2 2 4 2 29 18 20 139 739 549 409 441 708 1085 1361 255 171 105 100 0 0 0 0 0 0 0 0 0 0 0 0 0 0 0 0 0 0
1 0 10 0 3 0 10 75 10 15 0 2 1 1 0 0 0 0 0 1 0 0 0 0 1 0 0 0 12 0 0 0 0 0 0 2 0 0 1 0 1 0 0 0 0 1 0 0 5 16 2 23 153 18 16 1 0 47 47 1 0 0 10 0 0 0 0 0 0 0 0 0 0 0 0 0 0 0 0 0 0 6 6 21 10 23 7 0 10 46 158 148 147 5 4 47 0 1 55 61 36 272 274 393 329 49 12 11 2 4 6 1 2 4 1 9 3 33 18 359 713 695 1484 1632 804 199 1309 2011 1232 0 0 0 0 0 0 0 0 0 0 0 0 0 0 0 0 0 0 0 0 0
4 5 16 0 16 17 5 46 7 8 0 0 0 4 0 0 0 0 0 0 0 0 1 1 0 0 0 2 1 0 0 0 0 2 0 1 0 0 0 0 9 1 0 0 0 0 0 0 3 2 0 10 67 2 8 0 0 4 128 23 2 3 0 0 0 0 0 0 0 0 0 0 0 0 0 0 0 0 0 0 4 8 8 3 0 2 22 7 56 59 123 164 161 13 83 31 10 3 0 9 142 293 544 203 205 172 2 41 5 6 7 4 0 1 13 1 2 346 450 812 625 29 25 144 320 326 352 808 340 12 120 9 0 0 0 0 0 0 0 0 0 0 0 0 0 0 0 0 0 0
5 11 84 11 78 133 60 4 1 2 1 1 0 4 0 4 0 0 0 0 0 0 1 0 0 0 0 0 0 0 0 0 0 0 0 0 0 0 0 0 3 0 5 0 1 2 0 0 3 1 0 5 46 0 1 0 0 1 0 27 5 0 0 0 0 0 0 0 0 0 0 0 0 0 0 0 0 0 0 4 12 63 0 9 35 2 90 18 1 4 0 9 14 5 0 0 0 0 0 10 9 141 842 235 180 413 9 8 10 8 17 3 0 0 0 44 436 600 131 41 0 0 0 0 53 333 188 555 521 52 58 30 0 0 0 0 0 0 0 0 0 0 0 0 0 0 0 0 0 0
2 29 95 128 304 360 171 67 6 0 0 0 0 0 2 1 0 0 0 1 0 7 0 0 0 0 0 0 0 0 0 0 0 0 0 0 0 0 1 0 0 1 0 11 11 10 1 24 0 0 0 10 15 3 0 4 6 0 13 6 2 2 0 0 0 0 0 0 0 0 0 0 0 0 0 0 0 0 2 37 9 0 0 3 2 3 22 136 29 0 0 0 0 0 0 0 0 0 0 0 0 185 578 153 179 153 10 2 0 31 6 12 1 0 15 145 212 4 44 41 0 0 0 0 7 534 308 882 364 6 66 0 0 0 0 1 0 0 0 0 0 0 0 0 0 0 0 0 0 0
1 44 418 872 389 240 167 62 0 2 2 3 1 0 0 0 2 3 0 3 1 2 0 0 0 0 0 1 1 0 0 0 0 0 2 0 0 0 0 0 2 1 1 0 4 0 0 17 44 0 0 1 18 0 0 2 2 0 0 0 0 0 0 0 0 0 0 0 0 0 0 0 0 0 0 0 0 10 1 1 0 0 0 0 0 0 67 26 0 1 2 0 0 0 0 2 0 0 0 0 11 80 17 26 128 84 0 0 6 1 26 14 39 54 22 3 1 7 7 22 33 64 8 0 8 110 113 207 107 2 0 0 0 0 0 0 0 0 0 0 0 0 0 0 0 0 0 0 0 0
1 16 216 186 148 164 38 17 1 2 0 2 0 0 0 2 0 1 0 4 2 1 0 1 0 0 0 0 0 8 1 0 6 0 0 0 1 0 0 0 0 0 0 0 1 2 0 8 12 2 0 0 0 0 1 3 1 0 0 0 0 0 0 0 0 0 0 0 0 0 0 0 0 0 0 0 6 4 0 0 0 0 0 0 0 0 96 17 2 22 20 1 0 0 3 18 0 0 0 441 773 215 205 142 5 150 40 1 0 0 11 90 55 0 0 0 0 0 11 69 135 117 233 277 104 95 1 0 0 1 0 0 0 0 0 0 0 0 0 0 0 0 0 0 0 0 0 0 0 0
13 39 60 171 89 49 8 3 0 1 19 3 1 0 0 0 0 0 0 0 2 66 0 0 0 0 0 0 0 1 0 0 0 0 0 0 0 0 0 0 1 0 0 0 0 35 2 1 0 0 0 0 0 0 1 10 0 0 0 0 0 0 0 0 0 0 0 0 0 0 0 0 0 0 0 0 2 14 0 0 0 0 0 0 0 5 46 1 0 41 28 0 0 0 33 91 61 8 237 1585 541 501 316 29 1 34 35 88 0 8 44 0 1 0 0 0 1 2 65 74 168 45 28 151 24 77 27 27 105 49 23 1 0 0 0 0 0 0 0 0 0 0 0 0 0 0 0 0 0 0
42 16 29 3 1 0 0 3 1 0 0 0 0 0 0 0 0 1 1 0 1 5 1 0 0 0 0 0 0 2 2 0 1 3 14 0 0 0 0 0 0 0 0 0 0 5 0 22 0 0 0 0 4 1 52 36 1 0 0 0 0 0 0 0 0 0 0 0 0 0 0 0 0 0 18 16 0 0 0 0 0 0 0 0 0 0 26 1 0 0 86 26 9 13 111 411 90 4 82 134 26 5 64 26 4 2 0 154 487 110 1 0 0 1 3 0 1 8 10 2 50 5 2 4 96 78 154 101 437 193 42 0 0 0 0 0 0 0 0 0 0 0 0 0 0 0 0 0 0 0
7 0 8 1 0 1 1 0 0 0 0 2 0 0 0 2 0 0 0 0 0 0 0 2 0 0 1 0 4 0 13 66 1 0 0 0 0 0 0 0 0 0 0 0 0 0 0 0 0 0 0 0 5 1 30 0 0 0 0 1 0 0 0 0 0 0 0 0 0 0 0 0 0 0 23 25 0 0 0 0 0 0 0 0 0 0 54 58 204 52 100 17 7 17 3 61 27 1 0 1 5 1 0 0 4 5 175 355 186 27 3 0 0 0 4 0 0 16 2 0 5 18 6 33 1 167 146 209 111 182 109 1 0 0 0 0 0 0 0 0 0 0 0 0 0 0 0 0 0 0
0 1 0 1 3 0 0 0 0 0 0 0 0 0 0 0 0 0 0 0 0 0 0 0 0 0 0 0 0 1 1 4 1 2 1 0 0 0 0 0 0 0 0 0 0 1 0 0 0 0 0 1 6 56 12 1 0 0 0 0 0 0 0 0 0 0 0 0 0 0 0 4 5 4 4 0 0 0 0 0 0 0 0 0 0 0 0 0 123 4 0 0 0 2 1 24 2 4 3 0 0 14 1 8 0 188 705 412 421 84 0 0 0 0 0 0 0 0 87 34 1 39 1 31 3 35 122 89 23 22 8 38 0 0 0 0 0 0 0 0 0 0 0 0 0 0 0 0 0 0
0 0 0 0 1 0 0 0 0 0 0 0 0 0 0 0 0 0 0 0 0 0 0 6 0 0 0 1 0 3 0 2 0 0 0 1 0 0 0 0 0 0 0 0 0 1 0 0 0 0 2 4 0 112 6 0 0 0 0 0 0 0 0 0 0 0 0 0 0 0 1 3 4 0 0 0 0 0 0 0 0 0 0 0 0 0 0 0 0 0 0 0 4 25 3 0 0 0 16 2 1 4 1 1 44 75 232 41 83 157 0 0 0 0 0 0 0 0 1 20 3 33 2 80 111 62 180 67 62 35 2 1 0 0 0 0 0 0 0 0 0 0 0 0 0 0 0 0 0 0
0 0 0 0 2 18 0 0 0 0 0 0 0 0 0 1 0 0 1 15 0 0 0 0 0 0 2 0 0 0 0 0 0 0 0 1 0 0 1 0 0 0 2 0 0 0 0 0 0 0 1 0 0 0 5 0 5 8 0 0 0 0 0 0 0 0 0 0 2 2 0 1 0 0 0 0 0 0 0 0 0 0 0 0 0 0 1 0 6 1 0 27 132 28 0 2 1 0 3 8 3 3 27 23 131 28 0 2 3 49 6 0 0 0 0 0 0 0 0 0 6 11 5 48 0 0 0 289 24 2 0 0 0 0 0 0 0 0 0 0 0 0 0 0 0 0 0 0 0 0
0 0 0 0 80 33 0 0 0 0 0 0 0 0 1 0 0 0 0 0 0 0 0 0 0 0 0 0 4 0 4 0 0 0 0 0 0 0 0 0 1 0 0 3 3 2 10 0 0 1 0 0 0 4 2 1 1 2 0 0 0 0 0 0 0 0 0 0 13 4 0 0 0 1 4 0 0 0 0 0 0 0 0 0 0 0 0 0 34 53 135 341 136 14 0 0 3 1 0 47 50 313 312 73 15 26 7 0 0 12 11 0 0 0 0 0 0 0 0 0 0 0 0 0 0 6 156 67 0 0 0 0 0 0 0 0 0 0 0 0 0 0 0 0 0 0 0 0 0 0
0 0 0 0 1 5 0 0 0 0 0 0 7 1 0 1 0 0 1 0 0 0 0 0 0 0 0 0 0 3 0 0 0 0 0 8 0 0 0 0 0 0 0 0 3 5 0 0 0 0 2 0 0 3 1 0 0 0 0 0 0 0 0 0 0 0 0 0 15 3 0 0 0 0 0 0 0 0 0 0 0 0 0 0 0 3 4 1 20 102 164 126 110 27 1 1 11 2 2 101 151 115 82 19 1 1 1 0 0 7 4 0 0 0 0 0 0 0 0 0 3 68 72 0 0 28 37 3 0 0 0 0 0 0 0 0 0 0 0 0 0 0 0 0 0 0 0 0 0 0
0 0 0 0 0 1 1 0 0 0 0 0 18 13 0 0 0 0 1 0 0 0 0 0 0 3 12 1 0 18 0 0 0 0 1 4 0 0 0 0 0 0 0 0 1 21 7 0 0 2 4 0 1 11 9 1 0 1 0 0 0 0 0 0 0 0 0 12 89 0 0 0 0 0 0 0 0 0 0 0 0 0 0 2 12 9 41 4 1 6 0 4 17 0 20 0 0 1 18 20 73 0 1 4 0 0 0 2 3 53 9 48 7 0 0 0 0 0 0 0 0 0 0 0 0 0 0 0 1 0 0 0 0 0 0 0 0 0 0 0 0 0 0 0 0 0 0 0 0 0
0 0 0 0 3 0 3 0 0 0 0 0 0 0 3 1 0 0 0 0 0 0 0 0 0 0 0 0 0 0 0 0 0 0 0 0 0 0 0 0 0 0 2 0 0 1 0 5 3 3 1 0 0 5 3 3 4 0 0 0 0 0 0 0 0 0 3 24 15 0 0 0 0 0 0 0 0 0 0 0 0 0 0 6 44 0 0 1 1 18 2 0 7 2 3 12 7 28 20 24 22 20 4 0 4 0 0 25 125 197 134 399 59 17 0 0 0 0 0 0 0 0 0 0 0 0 0 0 0 0 0 0 0 0 0 0 0 0 0 0 0 0 0 0 0 0 0 0 0 0
0 0 0 1 0 2 1 0 0 0 0 0 0 0 0 0 0 0 0 0 0 0 0 0 0 1 0 1 1 0 0 0 0 0 0 0 0 0 0 2 0 0 0 0 0 0 0 5 22 0 0 0 0 1 1 49 100 0 0 1 0 0 0 0 0 9 50 119 0 0 1 0 0 0 0 0 0 0 0 0 0 0 0 17 65 0 0 4 10 4 4 5 3 0 0 8 60 23 4 1 3 0 4 6 6 0 19 2 81 38 142 28 203 106 21 0 0 0 0 0 0 0 0 0 0 0 0 0 0 0 0 0 0 0 0 0 0 0 0 0 0 0 0 0 0 0 0 0 0 0
0 0 0 0 1 0 0 3 0 0 0 0 0 0 1 0 2 0 0 0 0 0 0 0 0 0 0 1 0 0 0 0 0 0 0 0 1 0 1 0 0 0 0 0 0 2 0 6 74 4 2 0 0 1 8 2 7 3 26 6 1 2 0 19 5 5 1 1 0 2 0 0 0 0 0 0 0 0 0 0 0 0 0 0 0 0 0 11 13 2 0 0 0 0 7 105 14 0 0 0 0 0 0 0 17 34 228 866 403 108 8 0 350 185 0 0 0 0 0 0 0 0 0 0 0 0 0 0 0 0 0 0 0 0 0 0 0 0 0 0 0 0 0 0 0 0 0 0 0 0
0 0 3 0 0 50 3 5 2 1 0 1 0 0 0 0 1 0 0 0 0 0 0 0 0 0 0 0 0 0 0 0 0 0 0 0 0 0 16 0 1 1 0 4 1 5 21 6 7 1 0 0 4 3 4 3 0 0 1 4 0 0 0 1 4 0 0 6 0 8 2 3 0 0 0 0 0 0 0 0 0 0 0 0 0 0 0 3 2 10 14 10 0 0 90 6 2 2 0 0 0 1 0 19 71 90 220 390 225 160 112 168 403 24 0 0 0 0 0 0 0 0 0 0 0 0 0 0 0 0 0 0 0 0 0 0 0 0 0 0 0 0 0 0 0 0 0 0 0 0
0 0 0 0 16 40 0 0 0 0 0 0 0 1 0 0 0 0 0 0 0 0 0 0 0 0 0 0 0 0 1 0 0 3 0 0 0 0 0 0 0 0 1 0 4 0 0 3 6 0 2 0 4 1 4 0 0 0 6 0 0 0 2 0 0 2 1 6 6 0 0 0 1 4 0 0 0 0 0 0 0 0 0 0 0 0 0 0 0 0 0 0 15 58 0 53 215 1 0 0 0 0 0 71 145 231 1 0 9 28 0 10 8 0 0 0 0 0 0 0 0 0 0 0 0 0 0 0 0 0 0 0 0 0 0 0 0 0 0 0 0 0 0 0 0 0 0 0 0 0
0 0 0 0 1 2 2 0 12 1 1 0 0 0 0 0 0 0 0 0 0 0 0 0 0 1 0 0 0 0 0 2 8 0 1 0 0 0 0 0 0 0 0 0 0 0 1 1 4 7 0 0 0 2 0 2 0 0 5 3 1 2 0 0 0 0 0 0 0 0 3 2 9 0 0 0 0 0 0 0 0 0 0 0 0 0 0 0 0 0 0 23 76 15 20 146 339 0 0 0 0 0 0 11 7 0 0 0 0 0 19 82 0 0 0 0 0 0 0 0 0 0 0 0 0 0 0 0 0 0 0 0 0 0 0 0 0 0 0 0 0 0 8 8 7 0 0 0 0 0
0 0 0 2 1 0 0 0 1 5 1 0 2 0 1 1 0 0 4 1 0 0 0 0 0 0 0 0 0 0 0 1 0 0 0 0 0 0 0 0 0 0 0 0 0 0 0 0 0 0 9 3 7 2 0 0 0 0 1 4 1 0 0 0 0 0 0 0 0 0 4 0 0 0 0 0 0 0 0 0 0 0 0 0 0 0 0 2 65 2 7 46 187 170 37 0 0 0 0 0 0 0 4 5 0 0 2 0 0 128 316 4 0 0 0 0 0 0 0 0 0 0 0 0 0 0 0 0 0 0 0 0 0 0 0 0 0 0 0 0 0 0 0 2 0 0 0 0 0 0
0 0 0 0 0 0 0 0 0 1 0 0 0 3 0 0 0 0 0 0 0 0 0 0 0 0 0 0 0 0 0 0 1 0 0 0 0 0 0 0 0 0 0 0 0 0 0 0 0 0 6 0 5 0 0 0 0 0 1 4 3 0 0 0 0 0 0 0 0 0 2 0 1 0 0 0 0 0 0 0 0 0 0 0 0 0 0 0 0 8 19 105 421 1 1 18 0 0 0 0 0 0 0 3 0 0 0 4 13 30 153 1 0 0 0 0 0 0 0 0 0 0 0 0 0 0 0 0 0 1 0 0 0 0 0 0 0 0 0 0 0 0 0 0 0 0 0 0 0 0
0 0 0 0 0 0 0 0 0 0 0 1 2 1 0 1 0 0 1 0 0 0 1 0 0 0 0 0 0 0 0 0 0 0 0 0 1 0 0 0 0 0 0 0 0 0 0 0 0 0 6 32 0 0 1 0 3 2 1 9 3 0 0 0 0 0 0 0 0 0 2 54 3 0 0 0 0 0 0 0 0 0 0 0 0 0 0 0 0 3 28 24 9 9 56 3 0 0 0 0 0 0 0 0 0 0 0 0 0 0 0 0 0 0 0 0 0 0 0 0 0 0 0 0 0 0 0 0 0 0 0 0 0 0 0 0 0 0 0 0 0 0 0 0 0 0 0 0 0 0
0 0 0 0 0 0 0 0 0 0 0 2 0 0 0 0 0 0 0 0 0 1 5 69 0 0 0 0 0 0 0 0 0 0 0 0 0 0 0 0 0 0 0 0 0 0 0 0 0 0 0 30 4 4 2 1 0 0 0 0 0 13 12 1 0 0 0 0 0 0 0 2 6 3 7 0 0 0 0 0 0 0 0 0 0 0 0 0 0 8 31 38 28 31 45 9 0 1 0 0 0 0 0 0 0 0 0 0 0 0 0 0 0 0 0 0 0 0 0 0 0 0 0 0 0 0 0 0 0 0 0 0 0 0 0 0 0 0 0 0 0 0 0 0 0 0 0 0 0 0
0 0 0 0 0 0 0 0 0 0 0 0 0 0 0 0 0 0 0 0 0 0 0 1 5 0 0 0 0 0 0 0 0 0 0 0 0 0 0 0 0 1 0 0 0 0 0 0 0 0 1 35 17 5 2 1 0 0 0 0 2 40 87 0 0 0 0 0 0 0 0 0 1 0 12 0 0 0 0 0 0 0 0 0 0 0 0 0 0 3 12 3 0 129 60 20 0 0 1 0 0 0 0 0 0 0 0 0 0 0 0 0 0 0 0 0 0 0 0 0 0 0 0 0 0 0 0 0 0 0 0 0 0 0 0 0 0 0 0 0 0 0 0 0 0 0 0 0 0 0
0 0 0 0 0 0 0 0 0 0 0 0 6 0 0 0 0 0 0 0 0 0 0 0 0 1 0 0 1 0 0 0 0 0 0 0 0 0 0 0 0 0 0 0 0 0 0 0 0 4 14 38 122 21 12 15 0 1 0 0 0 6 0 0 0 0 0 0 0 0 0 0 0 1 0 0 0 0 0 0 0 0 0 0 0 0 0 0 0 0 0 11 35 21 31 4 0 0 0 0 0 0 0 0 0 0 0 0 0 0 0 0 0 0 0 0 0 0 0 0 0 0 0 0 0 0 0 0 0 0 0 0 0 0 0 0 0 0 0 0 0 0 0 0 0 0 0 0 0 0
0 0 0 0 0 0 0 1 0 0 0 0 15 3 0 1 0 1 7 0 0 0 0 0 1 0 1 0 0 0 0 0 12 0 0 0 0 0 0 0 0 0 0 0 0 0 0 0 6 4 1 10 142 2 25 0 0 0 0 0 0 2 2 0 0 0 0 0 0 0 0 0 0 0 0 0 0 0 0 0 0 0 0 0 0 0 0 0 0 0 0 0 2 29 7 3 10 0 0 11 0 0 0 0 0 0 0 0 0 0 0 0 0 0 0 0 0 0 0 0 0 0 0 0 0 0 0 0 0 0 0 0 0 0 0 0 0 0 0 0 0 0 0 0 0 0 0 0 0 0
0 0 0 0 2 0 0 0 1 2 0 0 0 0 4 0 1 0 1 0 0 0 0 6 0 4 0 0 0 0 0 0 0 0 0 0 0 0 0 0 0 0 0 0 0 0 0 5 0 0 1 7 19 0 0 1 0 1 1 6 14 2 0 2 0 0 0 0 0 0 0 0 0 0 0 0 0 0 0 0 0 0 0 0 0 0 0 0 0 0 0 0 0 1 1 0 34 0 5 0 1 0 0 0 0 0 0 0 0 0 0 0 0 0 0 0 0 0 0 0 0 0 0 0 0 0 0 0 0 0 0 0 0 0 0 0 0 0 0 0 0 0 0 0 0 0 0 0 0 0
0 0 2 0 0 0 0 0 0 0 0 0 0 0 0 0 0 0 0 0 0 0 1 0 2 0 0 0 0 0 0 0 0 0 8 2 0 1 0 0 0 0 0 0 0 0 5 11 0 0 0 0 0 0 0 0 0 0 0 2 11 0 0 0 0 0 0 0 0 0 0 0 0 0 0 0 0 0 0 0 0 0 0 0 0 0 0 0 0 0 0 1 0 0 0 13 27 20 0 0 0 0 0 0 0 0 0 0 0 0 0 0 0 0 0 0 0 0 0 0 0 0 0 0 0 0 0 0 0 0 0 0 0 0 0 0 0 0 0 0 0 0 0 1 6 23 0 0 0 0
1 0 0 0 0 0 0 0 0 0 0 0 0 0 0 0 0 0 0 2 3 1 0 2 0 1 0 0 0 0 1 1 0 1 0 0 0 0 0 0 0 0 0 0 0 3 0 0 0 0 0 0 0 0 0 0 0 0 0 0 0 0 0 0 0 0 0 0 0 0 0 15 15 0 1 0 0 0 0 0 0 0 0 0 0 0 0 0 0 0 0 0 0 0 6 16 1 3 0 0 6 0 0 0 0 0 0 0 0 0 0 0 0 0 0 0 0 0 0 0 0 0 0 0 0 0 0 0 0 0 0 0 0 0 0 0 0 0 0 0 0 0 0 0 0 0 0 0 0 0
0 0 0 0 0 0 0 0 0 0 0 1 2 0 0 0 0 0 1 0 0 0 0 0 0 0 0 0 0 0 0 0 0 0 0 0 0 0 0 0 0 0 0 0 2 0 0 0 0 0 0 0 0 0 0 0 0 0 0 0 2 0 0 0 0 0 0 0 0 0 15 79 0 0 0 0 0 0 0 0 0 0 0 0 0 0 0 0 0 0 0 0 0 0 11 0 1 0 0 3 0 4 0 0 0 0 0 0 0 0 0 0 0 0 0 0 0 0 0 0 0 0 0 0 0 0 0 0 0 0 0 0 0 0 0 0 0 0 0 0 0 0 0 0 0 0 0 0 0 0
0 0 0 0 0 0 0 0 0 0 7 0 5 0 0 5 0 0 0 0 0 0 0 0 0 0 0 0 0 0 0 0 0 0 0 0 0 0 0 0 0 0 0 1 3 0 0 0 0 0 0 0 0 0 0 0 0 0 0 1 3 0 0 0 0 0 0 0 0 0 23 0 0 0 0 0 0 0 0 0 0 0 0 0 0 0 0 0 0 0 0 0 0 0 3 20 10 0 0 0 0 0 0 0 0 0 0 0 0 0 0 0 0 0 0 0 0 0 0 0 0 0 0 0 0 0 0 0 0 0 0 0 0 0 0 0 0 0 0 0 0 0 0 0 0 0 0 0 0 0
0 0 0 0 0 0 0 0 1 0 0 0 11 0 0 0 9 0 0 0 0 0 0 0 0 0 0 0 0 0 0 0 0 0 0 0 0 0 0 0 0 0 0 4 0 0 0 0 0 0 0 0 0 0 0 0 0 0 0 12 1 0 0 0 0 0 0 0 11 0 0 0 0 0 0 0 0 0 0 0 0 0 0 0 0 0 0 0 0 0 0 0 0 0 0 0 3 11 14 3 0 0 0 0 0 0 0 0 0 0 0 0 0 0 0 0 0 0 0 0 0 0 0 0 0 0 0 0 0 0 0 0 0 0 0 0 0 0 0 0 0 0 0 0 0 0 0 0 0 0
3 0 0 0 0 1 0 0 0 0 0 0 1 0 0 0 1 3 0 0 0 0 0 0 0 0 0 0 0 0 0 0 3 0 0 0 3 1 0 0 0 0 3 2 0 0 0 0 0 0 0 0 0 0 0 0 0 0 0 0 5 10 0 0 0 0 0 1 53 47 2 0 0 0 0 0 0 0 0 0 0 0 0 0 0 0 0 0 0 0 0 0 0 0 0 0 14 0 3 0 0 0 0 0 0 0 0 0 0 0 0 0 0 0 0 0 0 0 0 0 0 0 0 0 0 0 0 0 0 0 0 0 0 0 0 0 0 0 0 0 0 0 0 0 0 0 0 0 0 0
1 3 1 0 0 0 1 0 0 0 0 0 55 15 4 10 14 0 3 5 0 0 0 11 10 1 0 0 0 0 0 0 0 0 0 1 5 2 4 4 0 1 15 0 0 0 0 0 0 0 0 0 0 0 0 0 0 0 0 0 0 0 4 1 74 38 12 0 0 0 0 0 0 0 0 0 0 0 0 0 0 0 0 0 0 0 0 0 0 0 0 0 0 0 0 0 0 0 0 0 0 0 0 0 0 0 0 0 0 0 0 0 0 0 0 0 0 0 0 0 0 0 0 0 0 0 0 0 0 0 0 0 0 0 0 0 0 0 0 0 0 0 0 0 0 0 0 0 0 0
5 50 2 0 0 0 0 0 0 0 0 2 6 0 0 0 0 0 1 9 10 99 98 10 2 0 0 0 0 1 0 0 0 1 0 4 34 3 0 5 0 4 0 0 0 0 0 0 0 0 0 0 0 0 0 0 0 0 0 0 0 0 0 0 10 14 0 0 0 0 0 0 0 0 0 0 0 0 0 0 0 0 0 0 0 0 0 0 0 0 0 0 0 0 0 0 0 0 0 0 0 0 0 0 0 0 0 0 0 0 0 0 0 0 0 0 0 0 0 0 0 0 0 0 0 0 0 0 0 0 0 0 0 0 0 0 0 0 0 0 0 0 0 0 0 0 0 0 0 0
46 17 3 0 3 1 0 0 0 0 0 0 1 0 0 1 8 2 1 6 6 35 12 4 7 5 0 0 1 21 7 0 0 0 0 0 2 1 10 1 3 13 0 0 0 0 0 0 0 0 0 0 0 0 0 0 0 0 0 0 0 0 0 0 6 0 0 0 0 0 0 0 0 0 0 0 0 0 0 0 0 0 0 0 0 0 0 0 0 5 0 0 0 0 0 0 0 0 0 0 0 0 0 0 0 0 0 0 0 0 0 0 0 0 0 0 0 0 0 0 0 0 0 0 0 0 0 0 0 0 0 0 0 0 0 0 0 0 0 0 0 0 0 0 0 0 0 0 0 0
0 0 0 0 0 0 0 0 0 0 0 1 0 0 0 0 0 0 0 1 0 1 3 1 2 10 4 1 3 0 0 0 0 0 5 2 0 0 1 0 0 2 0 0 1 0 0 0 0 0 0 0 0 0 0 0 0 0 0 0 0 0 0 0 0 1 0 0 0 0 0 0 0 0 0 0 0 0 0 0 0 0 0 0 0 0 0 0 0 0 0 0 0 0 0 0 0 0 0 0 0 0 0 0 0 0 0 0 0 0 0 0 0 0 0 0 0 0 0 0 0 0 0 0 0 0 0 0 0 0 0 0 0 0 0 0 0 0 0 0 0 0 0 0 0 0 0 0 0 0
0 0 0 0 0 0 0 0 0 0 0 0 0 2 0 1 0 0 0 5 1 0 0 0 3 3 3 6 17 0 1 0 1 6 7 0 0 0 0 0 0 0 0 0 0 0 0 0 0 0 0 0 0 0 0 0 0 0 0 0 0 0 0 0 0 0 0 0 0 0 0 0 0 0 0 0 0 0 0 0 0 0 0 0 0 0 0 0 0 0 0 0 0 0 0 0 0 0 0 0 0 0 0 0 0 0 0 0 0 0 0 0 0 0 0 0 0 0 0 0 0 0 0 0 0 0 0 0 0 0 0 0 0 0 0 0 0 0 0 0 0 0 0 0 0 0 0 0 0 0
1 0 0 0 0 0 0 0 0 0 0 0 0 0 0 0 0 0 0 0 0 0 0 0 0 0 0 3 182 89 6 5 7 36 1 0 1 0 0 0 0 0 0 0 0 0 0 0 0 0 0 0 0 0 0 0 0 0 0 0 0 0 0 0 0 0 0 0 0 0 0 0 0 0 0 0 0 0 0 0 0 0 0 0 0 0 0 0 0 0 0 0 0 0 0 0 0 0 0 0 0 0 0 0 0 0 0 0 0 0 0 0 0 0 0 0 0 0 0 0 0 0 0 0 0 0 0 0 0 0 0 0 0 0 0 0 0 0 0 0 0 0 0 0 0 0 0 0 0 0
0 0 0 0 0 0 0 0 0 0 0 0 0 0 0 0 0 0 0 1 0 0 0 0 1 0 1 4 0 0 7 0 0 5 0 0 2 0 0 0 0 0 0 0 0 0 0 0 0 0 0 0 0 0 0 0 0 0 0 0 0 0 0 0 0 0 0 0 0 0 0 0 0 0 0 0 0 0 0 0 0 0 0 0 0 0 0 0 0 0 0 0 0 0 0 0 0 0 0 0 0 0 0 0 0 0 0 0 0 0 0 0 0 0 0 0 0 0 0 0 0 0 0 0 0 0 0 0 0 0 0 0 0 0 0 0 0 0 0 0 0 0 0 0 0 0 0 0 0 0
0 0 0 0 0 0 0 1 0 0 0 0 0 0 0 0 0 0 0 0 0 0 0 0 7 1 6 0 0 0 21 0 2 1 1 0 3 0 0 0 0 0 0 0 0 0 0 0 0 0 0 0 0 0 0 0 0 0 0 0 0 0 0 0 0 0 0 0 0 0 0 0 0 0 0 0 0 0 0 0 0 0 0 0 0 0 0 0 0 0 0 0 0 0 0 0 0 0 0 0 0 0 0 0 0 1 0 0 0 0 0 0 0 0 0 0 0 0 0 0 0 0 0 0 0 0 0 0 0 0 0 0 0 0 0 0 0 0 0 0 0 0 0 0 0 0 0 0 0 0
0 0 0 0 0 0 0 0 0 0 0 0 1 8 0 0 0 0 0 0 0 0 0 0 0 0 0 0 0 0 0 0 9 0 0 1 1 0 0 0 0 0 0 0 0 0 0 0 0 0 0 0 0 0 0 0 0 0 0 0 0 0 0 0 0 0 0 0 0 0 0 0 0 0 0 0 0 0 0 0 0 0 0 0 0 0 0 0 0 0 0 0 0 0 0 0 0 0 0 0 0 0 0 0 0 0 0 0 0 0 0 0 0 0 0 0 0 0 0 0 0 0 0 0 0 0 0 0 0 0 0 0 0 0 0 0 0 0 0 0 0 0 0 0 0 0 0 0 0 0
0 0 0 0 0 0 0 0 0 0 0 2 0 2 0 0 0 0 0 0 0 0 0 0 0 0 0 15 3 2 2 0 0 0 0 0 0 0 0 0 0 0 0 0 0 0 0 0 0 0 0 0 0 0 0 0 0 0 0 0 0 0 0 0 0 0 0 0 0 0 0 0 0 0 0 0 0 0 0 0 0 0 0 0 0 0 0 0 0 0 0 0 0 0 0 0 0 0 0 0 0 0 0 0 0 0 0 0 0 0 0 0 0 0 0 0 0 0 0 0 0 0 0 0 0 0 0 0 0 0 0 0 0 0 0 0 0 0 0 0 0 0 0 0 0 0 0 0 0 0
0 0 0 0 0 0 0 0 0 2 0 0 0 0 0 0 0 0 0 0 0 0 0 0 0 0 0 18 5 0 0 0 2 3 0 0 0 0 0 0 0 0 0 0 0 0 0 0 0 0 0 0 0 0 0 0 0 0 0 0 0 0 0 0 0 0 0 0 0 0 0 0 0 0 0 0 0 0 0 0 0 0 0 0 0 0 0 0 0 0 0 0 0 0 0 0 0 0 0 0 0 0 0 0 0 0 0 0 0 0 0 0 0 0 0 0 0 0 0 0 0 0 0 0 0 0 0 0 0 0 0 0 0 0 0 0 0 0 0 0 0 0 0 0 0 0 0 0 0 0
0 0 0 0 0 0 0 0 0 0 4 0 0 0 0 0 0 0 0 0 0 0 0 0 0 0 0 0 0 0 0 0 2 0 0 0 0 0 0 0 0 0 0 0 0 0 0 0 0 0 0 0 0 0 0 0 0 0 0 0 0 0 0 0 0 0 0 0 0 0 0 0 0 0 0 0 0 0 0 0 0 0 0 0 0 0 0 0 0 0 0 0 0 0 0 0 0 0 0 0 0 0 0 0 0 0 0 0 0 0 0 0 0 0 0 0 0 0 0 0 0 0 0 0 0 0 0 0 0 0 0 0 0 0 0 0 0 0 0 0 0 0 0 0 0 0 0 0 0 0
0 0 0 0 0 0 0 0 0 2 0 0 0 0 0 0 0 0 0 0 0 0 0 0 0 0 0 0 0 0 0 0 0 0 0 0 0 0 0 0 0 0 0 0 0 0 0 0 0 0 0 1 0 0 0 0 0 0 0 0 0 0 0 0 0 0 0 0 0 0 0 0 0 0 0 0 0 0 0 0 0 0 0 0 0 0 0 0 0 0 0 0 0 0 0 0 0 0 0 0 0 0 0 0 0 0 0 0 0 0 0 0 0 0 0 0 0 0 0 0 0 0 0 0 0 0 0 0 0 0 0 0 0 0 0 0 0 0 0 0 0 0 0 0 0 0 0 0 0 0
0 0 0 0 0 0 0 0 0 0 4 0 0 0 0 0 0 0 0 0 0 0 0 0 0 0 0 0 0 0 0 0 0 0 0 0 0 0 0 0 0 0 0 0 0 1 0 0 1 0 0 4 0 0 0 2 0 0 0 0 0 0 0 0 0 0 0 0 0 0 0 0 0 0 0 0 0 0 0 0 0 0 0 0 0 0 0 0 0 0 0 0 0 0 0 0 0 0 0 0 0 0 0 0 0 0 0 0 0 0 0 0 0 0 0 0 0 0 0 0 0 0 0 0 0 0 0 0 0 0 0 0 0 0 0 0 0 0 0 0 0 0 0 0 0 0 0 0 0 0
0 0 0 0 0 0 0 0 6 23 0 0 0 0 0 0 0 0 0 0 0 0 0 0 0 0 0 0 0 0 0 0 0 0 0 0 0 0 0 0 0 0 0 0 0 0 0 0 0 2 0 0 0 0 0 0 0 0 0 0 0 0 0 0 0 0 0 0 0 0 0 0 0 0 0 0 0 0 0 0 0 0 0 0 0 0 0 0 0 0 0 0 0 0 0 0 0 0 0 0 0 0 0 0 0 0 0 0 0 0 0 0 0 0 0 0 0 0 0 0 0 0 0 0 0 0 0 0 0 0 0 0 0 0 0 0 0 0 0 0 0 0 0 0 0 0 0 0 0 0
0 0 0 0 1 1 12 13 8 0 0 0 0 0 0 0 0 0 0 0 0 0 0 0 0 0 0 0 0 0 0 0 0 0 0 0 0 0 0 0 0 0 0 0 0 0 0 0 0 29 33 0 0 0 1 0 0 0 0 0 0 0 0 0 0 0 0 0 0 0 0 0 0 0 0 0 0 0 0 0 0 0 0 0 0 0 0 0 0 0 0 0 0 0 0 0 0 0 0 0 0 0 0 0 0 0 0 0 0 0 0 0 0 0 0 0 0 0 0 0 0 0 0 0 0 0 0 0 0 0 0 0 0 0 0 0 0 0 0 0 0 0 0 0 0 0 0 0 0 0
7 0 0 0 0 0 3 18 0 0 0 0 0 0 0 0 0 0 0 0 0 0 0 0 0 0 0 0 0 0 0 0 0 0 0 0 0 0 0 0 0 0 0 0 0 0 0 0 0 0 0 2 0 0 0 0 0 0 0 0 0 0 0 0 0 0 0 0 0 0 0 0 0 0 0 0 0 0 0 0 0 0 0 0 0 0 0 0 0 0 0 0 0 0 0 0 0 0 0 0 0 0 0 0 0 0 0 0 0 0 0 0 0 0 0 0 0 0 0 0 0 0 0 0 0 0 0 0 0 0 0 0 0 0 0 0 0 0 0 0 0 0 0 0 0 0 0 0 0 0
0 0 0 0 0 0 0 0 0 0 0 0 0 0 0 0 0 0 0 0 0 0 0 0 0 0 0 0 0 0 0 0 0 0 0 0 0 0 0 0 0 0 0 0 0 0 0 0 1 0 0 0 7 12 0 0 0 0 0 0 0 0 0 0 0 0 0 0 0 0 0 0 0 0 0 0 0 0 0 0 0 0 0 0 0 0 0 0 0 0 0 0 0 0 0 0 0 0 0 0 0 0 0 0 0 0 0 0 0 0 0 0 0 0 0 0 0 0 0 0 0 0 0 0 0 0 0 0 0 0 0 0 0 0 0 0 0 0 0 0 0 0 0 0 0 0 0 0 0 0
0 0 0 0 0 0 0 0 0 0 0 0 0 0 0 0 0 0 0 0 0 0 0 0 0 0 0 0 0 0 0 0 0 0 0 2 0 0 0 0 0 0 0 0 0 0 1 0 0 0 0 0 1 0 0 0 0 0 0 0 0 0 0 0 0 0 0 0 0 0 0 0 0 0 0 0 0 0 0 0 0 0 0 0 0 0 0 0 0 0 0 0 0 0 0 0 0 0 0 0 0 0 0 0 0 0 0 0 0 0 0 0 0 0 0 0 0 0 0 0 0 0 0 0 0 0 0 0 0 0 0 0 0 0 0 0 0 0 0 0 0 0 0 0 0 0 0 0 0 0
0 0 0 0 0 0 0 0 0 0 0 0 0 0 0 0 0 0 0 0 0 0 0 0 0 0 0 0 0 0 0 0 0 0 0 0 0 2 0 0 0 0 0 0 0 0 0 0 0 0 0 5 0 0 0 0 0 0 0 0 0 0 0 0 0 0 0 0 0 0 0 0 0 0 0 0 0 0 0 0 0 0 0 0 0 0 0 0 0 0 0 0 0 0 0 0 0 0 0 0 0 0 0 0 0 0 0 0 0 0 0 0 0 0 0 0 0 0 0 0 0 0 0 0 0 0 0 0 0 0 0 0 0 0 0 0 0 0 0 0 0 0 0 0 0 0 0 0 0 0
0 0 0 0 0 0 0 0 0 0 0 0 0 0 0 0 0 0 0 0 0 0 0 0 0 0 0 0 0 0 0 0 1 0 0 0 0 0 0 0 0 0 0 0 0 0 0 0 0 0 0 0 0 0 0 0 0 0 0 0 0 0 0 0 0 0 0 0 0 0 0 0 0 0 0 0 0 0 0 0 0 0 0 0 0 0 0 0 0 0 0 0 0 0 0 0 0 0 0 0 0 0 0 0 0 0 0 0 0 0 0 0 0 0 0 0 0 0 0 0 0 0 0 0 0 0 0 0 0 0 0 0 0 0 0 0 0 0 0 0 0 0 0 0 0 0 0 0 0 0
0 0 0 0 0 0 0 0 0 0 0 0 0 0 0 0 0 0 0 0 0 0 0 0 0 0 0 0 0 0 0 0 0 0 0 0 1 0 0 0 0 0 0 0 0 0 0 0 0 0 0 0 0 2 0 0 0 0 0 0 0 0 0 0 0 0 0 0 0 0 0 0 0 0 0 0 0 0 0 0 0 0 0 0 0 0 0 0 0 0 0 0 0 0 0 0 0 0 0 0 0 0 0 0 0 0 0 0 0 0 0 0 0 0 0 0 0 0 0 0 0 0 0 0 0 0 0 0 0 0 0 0 0 0 0 0 0 0 0 0 0 0 0 0 0 0 0 0 0 0
0 0 0 0 0 0 0 0 0 0 0 0 0 0 0 0 0 0 0 0 0 0 0 0 0 0 0 0 0 0 1 16 1 0 0 0 0 0 0 0 0 0 0 0 0 0 0 0 0 0 0 0 0 0 0 0 0 0 0 0 0 0 0 0 0 0 0 0 0 0 0 0 0 0 0 0 0 0 0 0 0 0 0 0 0 0 0 0 0 0 0 0 0 0 0 0 0 0 0 0 0 0 0 0 0 0 0 0 0 0 0 0 0 0 0 0 0 0 0 0 0 0 0 0 0 0 0 0 0 0 0 0 0 0 0 0 0 0 0 0 0 0 0 0 0 0 0 0 0 0
0 0 0 0 0 0 0 0 0 0 0 0 0 0 0 0 0 0 0 0 0 0 0 0 0 0 0 0 0 0 6 2 0 0 0 0 3 0 0 0 0 0 0 0 0 0 0 0 0 0 0 0 0 0 0 0 0 0 0 0 0 0 0 0 0 0 0 0 0 0 0 0 0 0 0 0 0 0 0 0 0 0 0 0 0 0 0 0 0 0 0 0 0 0 0 0 0 0 0 0 0 0 0 0 0 0 0 0 0 0 0 0 0 0 0 0 0 0 0 0 0 0 0 0 0 0 0 0 0 0 0 0 0 0 0 0 0 0 0 0 0 0 0 0 0 0 0 0 0 0
0 0 0 0 0 0 0 0 0 0 0 0 0 0 0 0 0 0 0 0 0 0 0 0 0 0 0 0 0 1 0 0 0 0 0 0 3 0 0 0 0 0 0 0 0 0 0 0 0 0 0 0 0 0 0 0 0 0 0 0 0 0 0 0 0 0 0 0 0 0 0 0 0 0 0 0 0 0 0 0 0 0 0 0 0 0 0 0 0 0 0 0 0 0 0 0 0 0 0 0 0 0 0 0 0 0 0 0 0 0 0 0 0 0 0 0 0 0 0 0 0 0 0 0 0 0 0 0 0 0 0 0 0 0 0 0 0 0 0 0 0 0 0 0 0 0 0 0 0 0
0 0 0 0 0 0 0 0 0 0 0 0 0 0 0 0 0 0 0 0 0 0 0 0 0 0 0 0 0 101 29 0 0 0 0 0 0 0 0 0 0 0 0 0 0 0 0 0 0 0 0 0 0 0 0 0 0 0 0 0 0 0 0 0 0 0 0 0 0 0 0 0 0 0 0 0 0 0 0 0 0 0 0 0 0 0 0 0 0 0 0 0 0 0 0 0 0 0 0 0 0 0 0 0 0 0 0 0 0 0 0 0 0 0 0 0 0 0 0 0 0 0 0 0 0 0 0 0 0 0 0 0 0 0 0 0 0 0 0 0 0 0 0 0 0 0 0 0 0 0
0 0 0 0 0 0 0 0 0 0 0 0 0 0 0 0 0 0 0 0 0 0 0 0 0 0 3 0 0 0 0 0 0 1 0 0 0 0 0 0 0 0 0 0 0 0 0 0 0 25 0 0 0 0 0 0 0 0 0 0 1 0 0 0 0 0 0 0 0 0 0 0 0 0 0 0 0 0 0 0 0 0 0 0 0 0 0 0 0 0 0 0 0 0 0 0 0 0 0 0 0 0 0 0 0 0 0 0 0 0 0 0 0 0 0 0 0 0 0 0 0 0 0 0 0 0 0 0 0 0 0 0 0 0 0 0 0 0 0 0 0 0 0 1 0 0 0 0 0 0
0 0 0 0 0 0 0 0 0 0 0 0 0 0 0 0 0 0 0 0 0 0 0 0 0 0 14 0 0 0 0 0 0 0 0 0 0 0 0 0 0 0 0 0 0 0 0 0 0 0 0 0 0 0 0 0 0 0 0 0 0 0 0 0 0 0 0 0 0 0 0 0 0 0 0 0 0 0 0 0 0 0 0 0 0 0 0 0 0 0 0 0 0 0 0 0 0 0 0 0 0 0 0 0 0 0 0 0 0 0 0 0 0 0 0 0 0 0 0 0 0 0 0 0 0 0 0 0 0 0 0 0 0 0 0 0 0 2 0 0 0 0 0 0 0 0 0 0 0 0
0 0 0 0 0 0 0 0 0 0 0 0 0 0 0 0 0 0 0 0 0 0 0 0 0 0 0 0 1 0 0 0 0 0 0 0 0 0 0 0 0 0 0 0 0 0 0 0 0 0 0 0 0 0 0 0 0 0 0 0 0 0 0 0 0 0 0 0 0 0 0 0 0 0 0 0 0 0 0 0 0 0 0 0 0 0 0 0 0 0 0 0 0 0 0 0 0 0 0 0 0 0 0 0 0 0 0 0 0 0 0 0 0 0 0 0 0 0 0 0 0 0 0 0 0 0 0 0 0 0 0 0 0 0 0 0 0 0 0 0 0 0 0 0 0 0 0 0 0 0
0 0 0 0 0 0 0 0 0 0 0 0 0 0 0 0 0 0 0 0 0 0 0 0 0 0 0 0 0 0 0 0 0 0 0 0 0 0 0 0 0 0 0 0 0 0 0 0 0 0 0 0 0 0 0 0 0 0 0 0 0 0 0 0 0 0 0 0 0 0 0 0 0 0 0 0 0 0 0 0 0 0 0 0 0 0 0 0 0 0 0 0 0 0 0 0 0 0 0 0 0 0 0 0 0 0 0 0 0 0 0 0 0 0 0 0 0 0 0 0 0 0 0 0 0 0 0 0 0 0 0 0 0 0 0 0 0 0 0 0 0 0 0 0 0 0 0 0 0 0
0 0 0 0 0 0 0 0 0 0 0 0 0 0 0 0 0 0 0 0 0 0 0 0 0 0 0 0 0 0 0 0 0 0 0 0 0 0 0 0 0 0 0 0 0 0 0 0 0 0 0 0 0 0 0 0 0 0 0 0 0 0 0 0 0 0 0 0 0 0 0 0 0 0 0 0 0 0 0 0 0 0 0 0 0 0 0 0 0 0 0 0 0 0 0 0 0 0 0 0 0 0 0 0 0 0 0 0 0 0 0 0 0 0 0 0 0 0 0 0 0 0 0 0 0 0 0 0 0 0 0 0 0 0 0 0 0 0 0 0 0 0 0 0 0 0 0 0 0 0
0 0 0 0 0 0 0 0 0 0 0 0 0 0 0 0 0 0 0 0 0 0 0 0 0 0 0 0 0 0 0 0 0 0 0 0 0 0 0 0 0 0 0 0 0 0 0 0 0 0 0 0 0 0 0 0 0 0 0 0 0 0 0 0 0 0 0 0 0 0 0 0 0 0 0 0 0 0 0 0 0 0 0 0 0 0 0 0 0 0 0 0 0 0 0 0 0 0 0 0 0 0 0 0 0 0 0 0 0 0 0 0 0 0 0 0 0 0 0 0 0 0 0 0 0 0 0 0 0 0 0 0 0 0 0 0 0 0 0 0 0 0 0 0 0 0 0 0 0 0
0 0 0 0 0 0 0 0 0 0 0 0 0 0 0 0 0 0 0 0 0 0 0 0 0 0 0 0 0 0 0 0 0 0 0 0 0 0 0 0 0 0 0 0 0 0 0 0 0 0 0 0 0 0 0 0 0 0 0 0 0 0 0 0 0 0 0 0 0 0 0 0 0 0 0 0 0 0 0 0 0 0 0 0 0 0 0 0 0 0 0 0 0 0 0 0 0 0 0 0 0 0 0 0 0 0 0 0 0 0 0 0 0 0 0 0 0 0 0 0 0 0 0 0 0 0 0 0 0 0 0 0 0 0 0 0 0 0 0 0 0 0 0 0 0 0 0 0 0 0
0 0 0 0 0 0 0 0 0 0 0 0 0 0 0 0 0 0 0 0 0 0 0 0 0 0 0 0 0 0 0 0 0 0 0 0 0 0 0 0 0 0 0 0 0 0 0 0 0 0 0 0 0 0 0 0 0 0 0 0 0 0 0 0 0 0 0 0 0 0 0 0 0 0 0 0 0 0 0 0 0 0 0 0 0 0 0 0 0 0 0 0 0 0 0 0 0 0 0 0 0 0 0 0 0 0 0 0 0 0 0 0 0 0 0 0 0 0 0 0 0 0 1 0 0 0 0 0 0 0 0 0 0 0 0 0 0 0 0 0 0 0 0 0 0 0 0 0 0 0
