0 0 22 10 0 0 2 0 9 131 12 6 0 41 0 0 0 2 6 0 1 1 2 0 2 32 0 0 0 0 0 0 0 2 0 3 0 0 2 8 0 2 0 0 1 0 0 0 0 0 0 0 0 1 5 2 0 0 0 10 57 34 10 4 0 6 6 1 1 0 0 3 19 260 273 530 134 33 69 6 33 315 79 105 139 391 329 407 68 353 1597 868 115 945 764 1041 1315 768 1459 218 331 148 19 22 42 81 48 535 407 40 22 3 26 79 63 65 44 11 3 1 5 38 23 22 2 2 2 3 11 7 0 23 6 9 8 0 0 6 0 0 2 0 0 0 0 0 0 0 0 16
0 9 5 8 0 0 0 0 0 33 20 8 6 4 0 0 0 1 18 0 0 3 37 1 18 34 0 3 0 0 0 0 0 0 0 3 0 0 9 1 0 0 0 0 0 0 0 0 0 0 0 0 0 1 8 0 0 0 0 36 166 14 7 16 11 0 0 2 1 3 0 3 99 61 35 3 85 90 12 25 172 93 16 8 156 401 509 184 503 511 166 24 434 577 300 465 577 786 1458 987 335 84 53 30 21 14 1 79 34 23 14 15 10 10 59 32 7 11 4 19 5 10 22 10 3 1 0 3 11 37 29 11 70 413 0 0 0 0 0 77 7 0 0 0 0 0 0 0 0 0
1 0 0 0 9 0 0 0 1 19 5 2 29 5 1 0 0 4 1 1 0 14 102 33 14 1 0 16 0 0 0 0 0 1 0 4 37 2 0 15 2 0 0 0 0 0 0 0 0 0 0 0 0 0 8 0 0 3 2 20 24 12 0 5 0 0 0 0 0 0 0 3 10 0 0 0 0 102 192 238 130 74 6 15 60 315 817 267 20 9 131 24 164 670 818 1083 383 659 445 662 816 484 21 110 26 7 14 39 383 272 55 13 17 13 5 9 14 33 29 8 124 24 5 10 2 10 1 6 0 20 14 3 76 140 0 0 4 0 7 27 6 4 0 0 0 0 0 0 0 0
33 11 0 0 0 0 2 0 0 2 2 1 0 0 1 12 0 0 2 5 0 0 6 8 10 0 3 15 7 0 0 0 0 0 0 3 0 0 0 1 4 0 0 0 0 0 0 0 0 0 3 0 0 0 115 65 1 20 49 3 0 3 8 7 0 0 0 0 0 2 1 155 31 3 1 10 23 149 387 206 117 63 181 218 197 19 75 273 4 309 1252 1160 2108 853 1181 652 136 339 868 606 653 667 281 17 17 193 25 32 518 73 38 36 36 14 0 17 42 80 92 23 40 121 28 7 9 4 2 0 11 1 5 24 34 0 7 0 30 2 1 35 75 7 0 0 0 0 0 0 0 3
6 16 0 0 0 0 0 0 4 1 1 0 0 0 0 26 6 7 0 0 1 1 6 0 1 1 0 0 1 4 0 0 1 0 1 24 5 0 1 0 0 0 0 0 0 0 0 0 0 13 0 0 0 3 58 300 53 41 4 0 12 2 0 13 0 0 0 0 0 20 171 98 155 187 46 100 80 240 380 270 332 296 345 528 437 175 47 63 25 577 2095 701 853 1205 682 290 97 1092 513 1190 838 1013 989 1089 698 114 127 24 13 11 21 26 48 39 17 1 6 16 105 95 368 1240 222 31 0 2 2 0 5 11 6 3 0 0 2 2 0 0 0 2 58 9 0 0 0 0 0 0 0 0
11 4 1 0 0 0 0 0 12 0 4 0 0 0 0 6 0 3 13 63 13 28 1 0 0 0 0 0 0 1 1 0 0 0 15 122 31 26 0 0 0 0 0 0 0 0 0 0 0 8 26 15 2 3 4 172 33 12 16 9 0 0 4 0 1 0 0 0 4 60 114 183 298 154 126 64 34 37 56 376 671 791 415 63 1 215 59 42 4 387 2447 821 108 389 1136 648 233 2453 701 611 525 549 1269 544 51 210 50 107 17 0 4 11 24 40 18 23 17 8 1 17 169 170 9 3 7 17 1 3 1 0 5 0 2 0 0 0 3 0 1 0 1 3 1 0 0 0 0 0 1 0
1 0 0 5 0 0 0 0 1 3 14 0 0 4 0 0 0 0 0 0 1 1 3 0 0 0 0 0 0 0 3 1 1 0 0 11 2 2 3 0 0 0 0 0 0 0 0 0 0 2 1 3 4 2 1 33 19 0 59 66 13 6 0 1 11 2 0 0 10 119 108 96 500 514 395 189 441 194 544 767 936 1303 1133 747 199 19 10 271 115 136 1984 1288 76 688 1227 656 499 643 1018 115 40 451 153 155 24 54 103 14 17 7 70 275 274 15 38 26 6 2 37 32 99 131 4 11 6 4 28 3 0 0 13 0 0 0 0 0 0 10 0 0 0 0 2 0 0 0 0 0 0 0
0 0 0 1 0 0 0 0 1 1 2 0 0 0 0 0 0 0 0 0 0 0 0 0 0 0 0 0 0 7 14 0 0 0 13 2 0 0 20 7 0 0 0 0 0 0 0 0 0 0 0 1 9 7 4 5 2 39 81 83 100 50 97 5 35 41 0 0 7 101 1 4 31 62 187 99 120 227 807 1059 1426 902 1150 279 265 293 274 919 326 105 774 116 49 500 541 467 310 1184 1193 311 327 641 517 598 216 201 29 90 152 31 438 496 65 60 51 59 6 23 5 17 7 18 8 26 11 10 19 7 3 1 0 0 0 0 0 0 0 0 0 0 0 0 0 0 0 0 0 0 0 0
2 0 0 0 0 0 2 0 1 8 0 3 0 2 7 0 0 0 0 0 0 0 0 0 0 0 0 0 0 0 4 0 0 0 1 0 0 0 0 2 0 0 0 0 0 0 0 0 0 0 0 0 4 12 0 0 3 7 26 47 393 441 15 1 7 21 7 6 2 56 3 0 0 8 0 13 19 35 77 615 1246 935 799 32 16 21 570 312 471 54 3 11 513 1427 1697 1988 155 611 283 144 443 111 145 495 1002 209 303 352 92 72 1065 182 307 10 37 10 7 9 17 16 12 12 18 27 7 1 0 5 0 0 5 2 0 0 0 0 0 0 0 0 0 0 0 0 0 0 0 0 0 0
0 0 0 0 0 0 0 1 21 10 0 0 0 1 0 0 0 0 0 0 0 0 0 0 0 0 0 0 0 0 0 0 0 0 0 0 0 0 1 1 0 0 0 0 0 0 9 0 3 1 1 0 8 7 0 0 2 0 2 34 55 259 29 34 3 7 2 2 1 16 0 1 0 0 0 17 7 87 829 903 1339 842 851 377 1400 1099 405 179 326 177 82 0 12 886 1486 2042 991 159 137 58 112 141 60 21 91 445 344 362 161 29 535 640 351 49 3 323 448 847 318 65 27 21 20 36 46 53 21 4 14 45 104 15 0 1 0 0 0 0 0 0 0 0 0 0 0 0 0 0 0 0
0 1 20 0 0 0 9 0 5 2 2 14 0 0 1 5 0 3 1 0 0 0 0 0 0 0 0 0 0 0 0 4 0 0 0 8 0 0 0 1 0 12 1 2 0 0 6 4 57 37 20 1 18 10 0 0 1 9 50 18 3 146 4 20 0 0 1 0 1 6 0 0 0 0 1 0 11 43 139 417 571 348 623 324 330 427 278 538 700 454 62 2 1 222 511 1273 1231 81 22 130 35 20 3 28 111 340 1123 564 212 227 541 164 329 27 2 145 479 979 410 309 512 245 444 171 183 623 177 78 91 63 5 180 21 73 10 1 0 0 0 0 0 0 0 0 0 0 0 0 0 0
3 0 1 0 0 0 0 0 8 0 0 0 0 0 0 1 16 28 3 0 0 0 1 0 0 0 0 0 0 0 0 0 0 5 7 2 0 1 1 2 2 11 6 8 3 1 0 1 0 0 0 0 4 4 6 0 0 0 0 7 2 5 0 6 5 5 5 3 9 0 3 4 0 0 0 1 158 20 109 338 1041 291 36 78 286 145 18 56 140 913 73 0 0 2 35 166 1289 605 386 34 0 4 16 52 37 83 539 293 44 81 263 244 67 151 21 389 1127 276 1026 1110 425 447 271 97 250 257 2 0 0 50 16 0 134 40 64 0 0 0 0 0 0 0 0 0 0 0 0 0 0 0
0 0 2 0 0 0 1 1 8 4 0 0 0 0 0 0 1 14 4 21 2 5 0 3 0 0 2 0 0 1 0 0 0 0 0 2 2 0 0 0 0 4 49 1 25 0 0 27 0 0 0 0 7 1 6 0 0 0 2 5 2 3 0 0 0 2 0 0 0 5 40 0 0 0 0 61 231 65 227 75 262 357 17 0 15 13 3 0 0 2 0 0 4 93 123 45 993 657 1015 817 11 2 91 17 43 5 13 144 463 418 1290 766 135 1149 286 23 19 139 1782 1418 160 300 123 0 73 190 19 0 64 20 0 0 43 17 5 0 1 0 0 0 0 0 0 0 4 0 0 0 0 0
0 0 0 0 0 0 1 7 0 1 0 0 0 0 0 0 0 0 80 15 15 2 0 0 0 0 0 0 0 0 13 4 0 0 0 0 1 0 0 0 0 0 0 100 75 0 0 1 4 3 2 41 2 0 0 0 0 0 11 0 53 8 3 1 0 0 35 26 6 30 78 0 1 0 4 428 997 667 217 12 89 473 63 5 35 211 35 3 2 32 0 0 1 91 17 28 165 679 240 450 0 18 493 157 568 93 147 495 269 785 1441 1780 884 455 337 389 307 243 927 588 169 69 0 4 0 17 51 0 16 2 1 0 3 3 0 0 0 0 0 0 0 0 0 0 0 0 0 0 0 0
0 0 0 0 0 0 0 10 11 3 0 0 0 0 0 0 0 0 3 2 4 0 0 0 0 3 0 0 0 0 0 0 0 0 0 0 0 0 0 0 0 0 0 15 32 0 0 0 0 22 6 52 6 0 4 1 5 24 16 29 134 26 8 25 11 28 181 139 246 221 71 1 1 0 91 868 1502 1487 518 11 2 209 47 2 4 15 22 18 0 36 40 24 3 0 0 1 75 584 347 422 13 89 651 776 2146 1768 1880 1207 1346 1084 1056 894 795 723 594 283 238 125 191 106 190 119 23 19 1 22 46 18 29 18 3 0 0 0 0 0 0 0 0 0 0 0 0 0 0 0 0 0 0 0
0 0 0 0 0 0 0 53 17 4 1 0 0 0 0 1 0 0 11 6 0 12 16 2 0 0 0 0 0 4 0 0 0 0 0 0 0 0 0 1 0 0 0 0 3 20 0 0 0 55 104 138 0 8 0 29 45 103 13 93 19 17 9 47 73 84 201 81 85 275 296 89 158 209 975 1126 1937 1441 119 19 3 6 0 0 0 0 27 73 20 69 2 11 0 0 27 101 67 41 55 22 15 0 1514 907 702 924 1254 365 822 1111 1295 878 1003 519 423 527 77 186 112 132 43 1 192 565 99 109 6 5 3 8 0 0 0 0 25 2 0 0 0 0 0 0 0 0 0 0 0 0 0 0
0 0 0 0 0 0 0 2 1 0 0 0 0 0 0 3 18 9 1 0 6 0 21 34 27 13 2 0 0 0 0 0 0 0 0 0 0 0 0 1 3 0 0 2 0 11 1 11 1 29 27 4 5 29 11 61 77 193 83 66 16 6 2 1 2 3 0 0 0 0 0 4 74 43 467 515 725 349 121 2 0 0 1 0 1 0 0 47 79 27 0 0 18 2 2 16 31 0 16 120 21 356 1123 1244 646 272 548 234 590 866 858 348 946 292 461 159 42 88 166 11 0 12 50 54 46 415 0 20 6 0 0 0 0 0 0 0 0 0 0 0 0 0 0 0 0 0 0 0 0 0
0 0 1 0 0 4 0 0 0 0 0 0 0 0 0 11 0 0 0 6 3 2 3 0 13 0 6 33 2 3 0 0 0 0 0 0 2 1 0 2 0 0 14 1 0 22 78 8 2 53 37 87 6 82 41 70 44 99 441 11 2 12 2 1 4 4 28 97 4 37 88 7 128 28 59 87 92 153 17 17 1 0 1 0 0 2 0 13 171 16 0 30 98 88 5 0 3 0 58 763 275 208 180 252 165 599 161 207 699 447 175 108 85 262 138 34 112 214 42 5 0 1 14 10 172 886 340 10 3 2 0 0 0 0 0 0 0 0 0 0 0 0 0 0 0 0 0 0 0 0
0 0 0 2 2 7 0 0 0 0 0 0 2 0 0 1 1 2 0 2 0 8 3 1 6 3 57 57 42 0 0 0 0 1 3 15 1 0 0 0 0 0 1 9 33 42 14 21 46 476 116 30 35 17 11 54 175 121 71 56 94 45 4 14 1 0 2 6 4 18 26 17 39 18 3 97 198 29 13 15 24 0 23 26 0 13 14 20 4 0 0 38 113 238 33 0 0 32 268 14 157 341 96 19 108 109 279 443 493 1 0 169 7 757 114 0 9 0 0 0 0 0 5 1 54 241 269 531 6 5 0 0 0 0 0 0 0 0 0 0 0 0 0 0 0 0 0 0 0 0
0 0 0 0 0 0 0 0 0 0 0 2 1 0 2 0 0 0 1 1 7 13 113 12 2 22 6 40 206 2 0 1 0 0 0 0 0 0 0 0 0 3 14 119 22 115 156 34 9 185 60 15 5 13 98 16 45 85 28 0 2 1 0 0 0 3 0 2 3 23 89 54 4 1 0 65 30 0 10 0 9 0 1 1 0 25 19 13 18 10 1 14 6 2 0 28 1 3 5 2 946 1410 977 157 156 199 232 508 255 4 0 0 1 252 66 0 0 0 0 0 0 0 0 11 16 5 13 169 5 0 0 0 0 0 0 0 0 0 0 0 0 0 0 0 0 0 0 0 0 0
0 0 0 0 0 0 0 0 0 0 0 0 0 1 0 0 0 2 1 2 0 7 14 2 0 23 9 11 5 2 0 30 4 0 1 0 0 0 0 2 4 6 37 20 10 22 23 27 121 311 378 133 14 45 28 1 13 2 6 0 0 12 25 10 179 110 4 0 8 6 92 25 1 1 10 108 304 144 8 49 10 41 4 4 1 2 0 1 29 10 5 0 0 0 0 2 1 1 490 519 1742 1238 744 175 2 27 155 181 0 0 0 0 0 17 0 0 0 0 0 0 0 0 4 10 0 0 40 61 0 0 0 1 0 0 0 0 0 0 0 0 0 0 0 0 0 0 0 0 0 0
0 0 0 0 0 0 0 0 0 0 0 0 0 5 2 2 0 0 0 0 2 1 13 8 3 2 2 0 0 0 17 52 18 5 0 0 0 27 0 0 55 48 0 0 2 0 7 8 349 1014 402 304 34 6 2 2 5 7 0 0 3 5 3 0 10 15 36 3 6 91 21 30 14 0 0 19 205 118 40 71 43 36 12 35 12 3 5 5 272 112 14 5 0 5 1 15 2 1 82 468 235 109 49 1 4 17 145 64 11 0 0 0 5 101 0 0 0 0 0 0 0 0 0 0 0 58 31 0 2 10 3 1 0 0 0 0 0 0 0 0 0 0 0 0 0 0 0 0 0 0
0 0 0 0 0 0 0 0 0 0 0 0 0 1 1 1 1 0 0 0 1 4 8 0 3 0 0 0 0 0 0 10 54 10 2 0 21 195 12 8 1 0 0 0 0 0 14 44 33 512 309 145 18 0 0 0 0 3 8 0 0 0 0 0 16 1 44 8 0 7 19 37 45 3 2 1 9 4 37 42 8 31 14 0 1 30 6 0 0 2 1 0 2 4 0 0 9 0 0 0 8 0 9 59 112 79 76 88 153 162 62 18 84 0 0 0 0 0 0 0 0 0 0 9 53 60 94 1 0 0 0 0 0 0 0 0 0 0 0 0 0 0 0 0 0 0 0 0 0 0
0 0 3 0 0 0 0 0 0 0 0 0 0 2 4 0 3 10 1 1 7 0 2 1 0 0 0 0 0 1 1 3 12 9 3 1 7 26 6 1 0 0 0 0 3 110 22 68 6 238 163 31 6 4 5 5 13 24 2 0 0 0 1 0 1 0 2 7 0 0 0 8 163 91 16 5 0 0 0 1 0 8 91 194 2 1 0 0 0 0 0 3 0 3 0 0 1 0 4 4 12 1 5 114 63 31 21 7 8 39 8 672 22 0 0 0 0 0 0 0 0 0 6 21 12 13 28 90 2 0 0 0 0 0 0 0 0 0 0 0 0 0 0 0 0 0 0 0 0 0
0 0 0 0 0 0 0 0 0 0 0 0 0 1 0 0 0 1 0 0 2 0 0 0 0 0 0 0 0 0 0 4 6 7 40 0 0 99 0 0 0 0 0 44 23 40 60 1 5 18 122 38 31 17 20 5 2 2 0 3 0 0 0 0 1 0 0 10 9 11 7 4 2 5 59 11 0 0 0 0 0 18 11 94 63 9 0 0 0 1 1 1 0 1 6 3 2 4 0 14 6 10 5 21 605 0 0 7 3 0 0 41 0 0 0 0 0 0 0 0 0 0 0 0 0 20 60 13 0 0 0 0 0 0 0 0 0 0 0 0 0 0 0 0 0 0 0 0 0 0
0 0 0 0 0 0 0 0 0 0 0 0 0 0 22 0 0 2 5 0 0 4 2 12 0 0 3 0 0 0 0 0 5 95 69 0 0 30 0 0 0 1 0 9 149 19 0 0 19 4 79 10 0 0 0 0 2 2 0 0 2 0 0 0 19 11 0 5 6 6 4 51 0 4 4 5 3 0 0 0 5 1 0 0 0 25 1 11 3 3 0 5 4 0 4 3 0 3 4 9 12 13 14 198 305 316 0 4 0 0 2 24 1 5 33 4 0 0 0 0 0 0 0 0 0 51 8 71 4 1 0 1 0 0 0 4 12 47 0 0 0 1 0 0 0 0 0 0 0 0
0 0 0 0 0 0 0 0 0 0 2 0 0 0 5 0 0 6 1 0 1 5 2 4 0 0 0 15 2 0 0 3 0 2 16 6 3 3 0 0 0 4 7 22 93 7 9 3 0 3 26 22 1 0 0 0 0 1 0 0 0 0 0 0 17 0 0 1 6 0 4 8 0 5 2 1 13 1 0 0 0 0 29 3 3 4 6 8 1 0 7 5 0 2 0 7 1 0 0 0 43 7 4 11 41 426 66 0 0 0 0 0 0 4 7 19 0 0 3 0 0 0 0 2 5 275 18 15 0 0 0 0 0 0 0 0 2 5 0 0 0 0 0 0 0 0 0 0 0 0
0 0 0 0 0 0 0 0 2 0 0 0 0 0 3 4 4 30 9 4 4 18 9 0 0 0 0 2 0 9 9 2 0 39 5 0 1 23 9 8 44 200 25 125 183 1 2 2 4 0 5 32 19 5 1 3 0 0 0 0 0 1 1 0 0 0 0 1 3 47 142 27 10 22 0 1 1 3 1 0 0 0 0 0 1 0 2 3 5 6 8 0 15 0 0 1 0 0 0 0 0 6 6 2 22 1502 1027 44 1 0 0 0 0 0 0 0 8 188 75 6 0 0 0 51 119 64 170 254 218 46 0 0 0 1 0 20 24 10 0 0 0 0 0 0 0 0 0 0 0 0
0 0 0 0 0 0 0 1 1 5 0 2 10 29 12 6 26 62 2 3 0 5 2 8 0 0 1 2 11 5 19 22 11 7 7 13 8 19 64 187 337 788 297 376 117 13 0 0 2 0 0 8 35 13 0 0 0 0 0 0 0 0 0 0 0 0 4 0 0 4 7 24 14 0 7 15 1 13 1 0 0 0 3 0 5 0 0 0 6 22 7 1 7 4 39 29 9 1 0 0 0 2 18 15 387 598 427 584 9 0 0 0 0 1 0 0 200 70 14 0 0 0 8 194 266 345 1138 757 79 21 0 0 4 25 0 14 0 0 0 0 0 0 0 0 0 0 0 0 0 0
0 0 0 0 0 0 0 0 2 7 9 58 83 3 0 1 3 10 0 1 10 4 8 22 3 4 2 1 0 6 4 4 3 5 43 44 2 18 101 328 829 1228 849 998 58 4 0 10 3 0 4 2 53 84 6 9 0 0 0 0 0 0 0 0 0 0 0 0 1 0 1 5 6 0 0 1 0 7 10 0 0 0 2 0 21 0 0 0 1 5 0 2 5 17 1 28 1 1 0 3 0 1 23 9 16 118 1 133 54 0 0 0 0 0 72 103 873 619 59 69 24 34 11 228 184 76 677 703 607 248 21 56 72 111 4 1 0 0 0 0 0 0 0 0 0 0 0 0 0 0
0 0 0 0 0 0 0 1 17 6 6 2 3 0 2 4 0 2 12 3 0 15 157 29 0 0 0 0 1 1 8 5 0 4 6 28 26 21 37 165 584 433 549 291 43 7 30 2 8 2 2 3 12 2 1 2 0 0 0 0 0 0 0 0 0 0 0 0 3 0 3 3 0 0 0 4 2 9 2 4 0 11 9 4 38 0 0 2 31 27 27 0 6 15 1 1 2 3 1 5 0 2 6 13 6 3 0 5 39 0 3 7 5 0 66 1233 663 444 228 178 161 108 69 4 2 20 391 499 6 101 11 323 576 67 33 2 0 0 0 0 0 0 0 0 0 0 0 0 0 0
0 0 0 0 0 0 2 7 0 0 5 17 4 5 1 14 3 0 12 17 339 89 12 0 0 0 0 1 0 35 2 2 19 31 28 2 0 9 0 106 676 407 470 244 95 13 8 0 5 12 1 3 17 9 11 3 0 0 0 0 0 0 0 0 0 0 0 0 0 4 2 0 0 0 0 0 0 2 8 0 12 23 42 187 34 0 0 0 4 0 0 1 10 0 0 1 5 1 0 0 0 0 0 0 9 2 3 14 239 249 435 593 145 188 680 974 530 360 72 763 188 221 15 0 129 264 133 174 4 0 107 390 374 81 69 30 0 0 0 0 0 0 0 0 0 0 0 0 0 0
0 0 1 2 0 2 0 4 0 1 2 8 15 11 3 12 1 4 9 15 131 0 0 0 0 0 0 6 0 12 19 13 5 3 2 2 20 8 17 10 41 170 75 23 8 0 1 0 0 3 4 16 38 22 2 1 7 2 0 0 0 0 0 0 0 0 0 0 0 0 0 0 0 0 0 13 0 25 3 4 8 14 21 10 0 0 0 0 7 7 7 0 0 15 2 2 4 0 0 2 1 0 0 0 0 4 14 28 240 108 189 135 83 364 1932 679 327 400 71 628 100 5 0 44 22 204 139 0 0 0 132 368 1 0 2 0 0 0 0 0 0 0 0 0 0 0 0 0 0 0
0 0 1 0 0 9 31 13 3 1 1 0 0 9 14 7 1 8 24 55 13 0 0 0 0 0 0 0 1 6 80 4 56 2 26 0 0 3 5 1 28 45 11 3 2 1 0 0 13 0 0 8 280 24 18 35 20 2 1 0 0 0 0 0 0 0 0 0 0 0 0 0 0 0 0 0 4 8 3 1 0 0 3 0 0 0 0 0 5 0 0 0 3 28 6 1 8 1 0 0 4 0 0 0 0 0 1 89 65 0 0 26 154 212 352 636 140 288 144 179 505 0 0 0 0 0 0 0 0 0 1 146 6 0 0 0 0 0 0 0 0 0 0 0 0 0 0 0 0 0
0 0 0 0 1 0 7 3 2 3 3 0 2 27 7 9 25 28 1 0 2 9 3 0 0 0 0 35 17 20 36 28 15 0 6 5 3 5 3 7 12 17 2 2 0 0 3 0 0 0 0 43 196 76 2 39 2 0 0 0 0 0 0 0 0 0 0 0 0 0 0 0 0 0 0 0 35 9 5 3 0 0 0 0 0 0 0 0 9 1 15 1 23 73 3 13 2 3 1 18 1 0 0 0 0 2 9 109 1236 15 0 0 0 0 1 0 4 76 503 843 124 0 0 0 0 0 2 0 0 0 0 5 75 4 0 0 0 0 0 0 0 0 0 0 0 0 0 0 0 0
1 2 8 4 3 4 30 47 21 3 15 8 6 1 2 118 65 22 2 19 0 0 5 0 2 9 6 12 2 3 17 21 8 3 0 4 0 0 0 3 9 6 6 1 14 0 3 0 0 0 0 60 19 22 27 8 3 0 0 0 0 0 0 0 0 0 0 0 0 0 0 0 0 0 2 1 6 21 2 0 0 0 3 0 0 0 0 0 16 2 6 0 10 28 0 0 0 0 9 8 0 1 12 3 7 39 41 73 260 0 0 0 0 0 10 0 0 1 163 378 469 525 0 0 9 91 0 0 0 84 190 26 74 12 0 0 0 0 0 0 0 0 0 0 0 0 0 0 0 0
0 0 0 0 0 1 3 2 2 3 67 8 10 8 15 65 70 27 15 0 0 0 3 4 14 11 6 4 2 27 0 0 10 8 6 1 0 0 0 6 2 17 8 8 3 1 1 5 0 0 3 56 31 30 47 5 2 0 0 0 0 0 0 0 0 0 0 0 0 0 0 0 0 0 0 0 0 34 121 3 0 8 0 0 0 0 5 103 25 0 2 11 1 9 3 9 0 17 3 12 35 20 33 12 3 5 29 50 88 8 0 0 0 18 71 84 231 796 129 295 741 164 1 9 457 99 0 0 0 131 193 0 0 0 0 0 0 0 0 0 0 0 0 0 0 0 0 0 0 0
0 1 2 0 0 0 5 1 6 6 13 138 11 10 0 1 1 10 3 20 7 0 6 3 7 1 2 0 72 3 0 1 0 1 0 0 0 0 8 0 3 34 22 7 8 0 5 2 0 0 3 79 43 6 0 0 0 0 4 0 0 0 0 0 0 0 0 0 0 0 0 0 0 0 0 2 0 33 68 5 0 2 0 0 0 2 2 23 0 0 1 0 1 7 0 0 0 0 6 3 0 1 13 21 9 0 16 32 41 39 0 0 1 0 154 838 1303 803 79 90 141 140 202 466 146 2 0 0 10 474 194 0 0 0 0 0 0 0 0 0 0 0 0 0 0 0 0 0 0 0
0 0 0 0 0 0 2 4 1 1 9 51 1 3 2 0 0 1 2 3 2 0 0 0 4 1 6 7 20 1 0 0 0 0 0 0 0 0 10 2 0 0 1 0 0 1 0 1 0 0 3 146 18 2 7 0 0 0 4 2 0 0 0 0 0 0 0 0 0 0 0 0 0 0 0 0 4 8 120 22 27 18 21 0 0 0 3 0 0 0 0 0 2 33 1 0 0 0 0 16 0 7 1 9 13 3 16 9 42 0 0 3 45 27 65 31 16 99 584 374 57 368 785 705 668 311 105 393 1068 1764 889 25 0 0 0 0 0 0 0 0 0 0 0 0 0 0 0 0 0 0
0 3 0 0 0 7 2 3 6 14 37 6 0 4 5 2 0 7 0 0 0 0 0 0 0 44 26 1 0 0 1 10 7 1 3 0 0 0 1 20 5 0 3 2 1 3 7 0 2 5 15 462 42 8 0 1 1 7 2 1 0 0 0 1 0 0 0 0 0 0 0 0 0 0 0 0 10 39 64 0 2 42 7 0 0 0 0 0 11 11 1 8 0 25 1 44 21 0 0 3 13 2 2 5 20 5 4 0 110 52 19 8 22 9 1 17 7 305 424 723 687 964 1017 729 1893 1181 756 817 1222 1030 651 5 0 0 0 0 0 0 0 0 0 0 0 0 0 0 0 0 0 0
0 12 0 0 4 2 0 2 145 14 3 2 3 0 10 18 4 2 0 1 1 0 5 0 2 5 3 0 3 0 2 6 1 2 6 1 0 2 3 0 0 2 2 0 3 0 1 0 9 66 845 686 23 128 12 3 1 0 4 2 3 4 0 0 0 0 0 0 0 0 0 0 0 0 0 2 0 0 5 1 0 4 0 0 0 0 0 0 5 0 0 2 16 0 0 2 0 0 3 5 27 15 8 6 28 19 32 52 0 5 6 6 5 19 9 6 8 108 675 2113 1945 906 383 1697 1925 978 224 885 703 65 89 48 0 0 0 0 0 0 0 0 0 0 0 0 0 0 0 0 0 0
0 4 0 5 3 2 6 0 27 3 0 4 6 11 3 1 3 3 1 0 0 0 0 0 16 2 0 1 1 1 0 64 50 6 0 2 2 0 1 0 0 0 0 2 0 0 0 0 0 42 640 854 857 777 67 17 3 13 11 7 3 0 0 0 0 0 0 0 0 0 0 0 0 0 1 0 0 0 0 35 0 0 0 0 0 0 0 28 140 0 1 26 11 0 0 0 0 0 0 18 14 0 9 29 4 155 529 22 0 0 11 24 3 25 3 16 11 15 144 734 450 769 363 3410 1941 841 440 245 16 846 1066 795 14 0 0 0 0 0 0 0 0 0 0 0 0 0 0 0 0 0
6 1 1 26 2 0 20 22 14 4 17 39 0 0 0 0 0 0 0 0 0 0 0 0 3 0 3 0 0 0 0 21 34 9 0 0 2 0 0 0 0 0 0 1 1 1 0 0 0 9 199 449 756 503 97 88 2 2 1 3 0 0 0 0 0 0 0 0 0 0 0 0 0 0 0 0 0 0 0 27 0 5 3 0 0 0 0 47 77 2 8 31 102 0 0 0 0 0 0 1 5 70 27 24 40 24 7 18 0 0 0 0 6 7 1 7 14 12 8 49 320 419 451 1029 1327 901 507 607 404 940 428 407 1 0 0 0 0 0 0 0 0 0 0 0 0 0 0 0 0 0
6 6 5 17 2 14 12 12 2 2 2 4 0 0 0 0 0 0 0 0 0 0 0 0 0 0 0 0 3 0 0 0 0 0 0 0 1 0 0 0 0 0 0 0 0 10 4 3 1 3 103 155 398 22 17 44 7 0 3 2 0 2 0 0 0 1 0 0 0 0 0 0 0 0 0 0 0 0 1 0 3 5 0 0 0 0 43 69 17 3 4 215 234 47 9 0 0 0 0 39 24 10 44 213 31 1 5 3 23 3 1 0 8 4 13 17 4 29 21 16 236 980 545 474 360 886 985 1800 344 236 94 119 0 0 0 0 0 0 0 0 0 0 0 0 0 0 0 0 0 0
0 10 23 0 12 3 15 71 14 16 8 2 2 3 0 0 0 0 0 0 0 0 0 1 0 0 0 0 5 0 0 0 0 0 0 3 0 0 0 1 0 0 0 0 0 0 0 1 1 9 2 27 145 15 27 0 0 53 83 3 0 0 5 0 0 0 0 0 0 0 0 0 0 0 0 0 0 0 0 0 0 3 21 22 16 14 0 0 36 70 135 268 164 8 8 3 0 2 36 39 88 362 270 536 434 71 4 7 7 9 0 0 1 0 3 5 4 65 16 628 346 925 2757 1794 930 308 2200 2866 1610 0 0 5 0 0 0 0 0 0 0 0 0 0 0 0 0 0 0 0 0 0
2 14 36 0 48 21 14 54 3 14 1 0 5 1 0 0 0 0 0 0 0 1 2 1 0 0 0 0 5 0 0 0 0 5 0 0 0 0 0 0 3 1 0 0 0 0 0 0 3 4 0 5 65 13 8 0 0 17 93 24 2 3 0 0 0 0 0 0 0 0 0 0 0 0 0 0 0 0 0 0 1 6 21 1 0 4 1 8 10 47 137 164 140 8 41 10 1 0 0 10 223 363 470 296 251 140 2 8 3 16 3 0 0 0 3 2 5 988 488 912 792 7 14 284 178 184 398 907 522 4 307 7 0 0 0 0 0 0 0 0 0 0 0 0 0 0 0 0 0 0
7 21 128 14 89 131 47 22 1 9 1 1 5 3 0 1 0 0 0 3 1 0 0 4 0 0 0 0 0 0 0 0 1 0 0 0 0 0 0 0 2 0 2 0 0 2 0 0 10 1 0 14 24 0 0 0 3 2 2 36 17 4 0 0 0 0 0 0 0 0 0 0 0 0 0 0 0 0 0 3 34 52 0 0 19 6 127 6 0 0 1 6 12 3 1 0 0 0 0 17 18 95 1077 428 161 331 21 7 1 3 35 1 0 0 0 17 340 585 251 30 0 0 0 0 111 596 216 965 615 18 58 69 0 0 0 0 0 0 0 0 0 0 0 0 0 0 0 0 0 0
5 42 115 257 593 596 207 41 11 0 0 0 0 0 11 0 0 0 0 1 0 7 0 0 0 0 0 0 0 0 0 0 0 0 0 0 0 0 5 0 0 0 0 4 4 14 0 10 3 0 0 19 16 0 0 0 7 1 16 0 0 5 0 0 0 0 0 0 0 0 0 0 0 0 0 0 0 0 4 31 3 0 0 0 8 8 18 237 87 2 0 0 0 0 0 0 0 0 0 0 0 263 739 250 184 147 9 1 0 13 6 4 2 0 3 45 258 15 29 56 0 0 0 0 14 559 440 703 331 12 106 7 0 0 0 0 0 0 0 0 0 0 0 0 0 0 0 0 0 0
3 128 579 1242 570 480 357 37 0 0 0 12 6 0 0 2 0 5 0 3 0 5 0 0 2 0 0 3 2 1 0 0 0 0 8 0 0 0 1 0 0 5 0 4 2 0 0 13 53 0 0 0 50 0 0 0 6 0 0 0 0 2 0 0 0 0 0 0 0 0 0 0 0 0 0 0 0 16 0 0 0 0 0 0 0 0 58 59 4 0 1 0 0 0 0 0 0 0 0 0 31 125 23 26 111 104 0 0 0 2 12 26 2 6 7 2 3 1 23 68 53 103 19 0 57 165 149 253 64 0 0 0 0 0 0 0 0 0 0 0 0 0 0 0 0 0 0 0 0 0
4 17 338 295 245 319 65 16 6 0 2 4 5 0 0 0 0 1 0 11 0 7 0 0 0 1 0 0 0 2 9 0 0 0 3 2 0 3 0 0 0 0 1 0 1 0 0 5 4 11 0 0 0 0 0 5 0 0 0 0 0 0 0 0 0 0 0 0 0 0 0 0 0 0 0 0 1 0 0 0 0 0 0 0 0 0 125 43 6 31 40 5 0 0 11 12 0 0 0 695 1355 234 361 228 5 136 44 7 0 4 1 14 5 1 0 1 0 0 17 86 139 64 443 492 63 32 154 0 0 0 0 0 0 0 0 1 0 0 0 0 0 0 0 0 0 0 0 0 0 0
25 26 41 85 94 32 0 1 1 0 35 2 0 0 0 0 0 0 0 0 1 82 2 0 0 0 1 0 0 3 0 0 0 0 0 0 2 0 0 0 0 0 3 0 0 14 3 0 0 0 1 0 13 0 1 17 0 0 0 0 0 0 0 0 0 0 0 0 0 0 0 0 0 0 0 0 6 13 0 0 0 0 0 0 0 0 19 0 0 35 34 0 0 0 54 250 114 18 270 2092 572 770 186 42 3 29 76 139 0 5 13 0 0 0 0 0 0 0 56 66 156 48 18 50 6 91 55 20 89 67 27 0 0 0 0 0 0 0 0 0 0 0 0 0 0 0 0 0 0 0
101 21 12 9 1 0 2 5 0 0 0 0 0 0 0 0 0 0 5 1 2 20 6 2 0 0 0 2 0 8 0 0 0 7 4 0 0 0 0 0 0 0 0 3 1 18 2 2 0 0 0 0 1 0 83 7 8 0 0 0 0 0 0 0 0 0 0 0 0 0 0 0 0 0 28 21 0 0 0 0 0 0 0 0 0 0 28 6 0 0 179 31 8 20 160 445 83 6 159 283 42 5 67 32 5 8 3 202 609 148 2 0 0 1 8 0 0 3 5 0 84 0 1 10 24 92 47 66 507 184 34 0 0 0 0 0 0 0 0 0 0 0 0 0 0 0 0 0 0 0
16 0 5 4 0 0 2 2 0 0 0 0 0 0 0 0 0 0 0 0 0 0 0 0 0 0 0 2 0 0 5 51 3 0 0 0 0 0 0 0 1 0 0 0 3 1 0 0 0 0 0 1 26 5 13 2 0 0 0 0 0 0 0 0 0 0 0 0 0 0 0 0 0 0 0 34 1 0 0 0 0 0 0 0 0 0 48 81 211 93 138 17 9 36 5 71 24 6 0 0 15 3 0 0 7 7 238 378 142 44 7 0 0 0 1 0 0 11 0 0 3 18 10 35 8 245 101 289 146 210 32 0 1 0 0 0 0 0 0 0 0 0 0 0 0 0 0 0 0 0
6 0 0 6 0 0 0 0 0 0 0 0 0 0 0 0 0 1 0 2 3 1 0 0 0 0 0 0 10 0 3 0 0 0 0 1 0 0 0 0 0 166 0 0 3 1 0 0 0 0 0 1 9 43 15 2 0 0 0 0 0 0 0 0 0 0 0 0 0 0 0 2 0 0 2 0 0 0 0 0 0 0 0 0 0 0 0 1 193 8 0 0 0 2 1 67 1 1 8 0 1 8 0 10 19 308 984 720 403 125 0 1 0 0 0 0 0 0 120 9 0 47 0 13 7 15 125 31 8 25 1 9 2 0 0 0 0 0 0 0 0 0 0 0 0 0 0 0 0 0
2 0 0 2 1 0 0 0 0 0 0 0 0 0 0 0 0 0 0 0 0 0 0 19 0 0 0 1 1 0 0 2 0 12 1 1 0 0 0 1 0 0 0 0 0 0 0 0 0 0 13 3 8 79 9 6 0 0 0 0 0 0 0 0 0 0 0 0 0 0 1 1 4 0 0 0 0 0 0 0 0 0 0 0 0 0 5 0 0 0 0 0 9 22 0 0 0 0 2 5 5 5 9 3 25 59 138 46 84 214 0 0 0 0 0 0 0 0 10 5 0 8 1 125 170 61 279 83 35 66 4 0 0 0 0 0 0 0 0 0 0 0 0 0 0 0 0 0 0 0
0 0 0 0 3 37 2 0 0 0 0 0 0 0 0 0 0 2 0 1 0 0 0 0 0 0 0 0 1 0 0 0 0 0 2 0 0 0 0 0 0 0 3 0 3 0 0 0 0 0 1 0 2 2 5 1 5 2 0 0 0 0 0 0 0 0 0 0 1 14 1 0 0 0 0 0 0 0 0 0 0 0 0 0 0 0 0 2 0 0 0 59 167 24 0 0 0 0 10 8 13 19 34 26 88 12 0 21 15 15 1 0 0 0 0 0 0 0 0 0 7 6 0 30 0 0 0 280 9 22 2 0 0 0 0 0 0 0 0 0 0 0 0 0 0 0 0 0 0 0
0 0 0 0 65 17 3 0 0 0 0 0 0 0 3 0 0 10 0 0 0 0 0 0 0 0 0 1 4 0 1 1 0 0 0 0 0 0 2 3 0 0 0 1 0 0 0 0 0 7 0 0 0 3 0 3 1 18 0 5 0 0 0 0 0 0 2 0 10 3 0 0 0 0 0 0 0 0 0 0 0 0 0 0 0 0 0 0 64 77 181 493 178 25 0 0 3 0 0 42 54 829 450 61 9 18 6 0 0 14 8 0 0 0 0 0 0 0 0 0 1 0 0 0 0 2 55 71 0 0 0 0 0 0 0 0 0 0 0 0 0 0 0 0 0 0 0 0 0 0
0 0 0 0 0 1 1 0 0 0 0 0 1 1 0 1 0 0 23 0 0 0 0 0 0 0 0 0 0 11 0 0 0 0 1 1 0 0 0 0 0 0 0 0 2 9 0 0 0 2 0 0 0 6 6 2 0 1 0 0 0 0 0 0 0 0 0 0 12 2 0 0 0 0 0 0 0 0 0 0 0 0 0 0 0 1 6 0 62 121 335 249 108 23 1 2 6 6 0 45 162 153 145 42 0 1 3 0 0 19 1 0 0 0 0 0 0 0 0 0 3 115 140 0 0 15 6 4 0 0 0 0 0 0 0 0 0 0 0 0 0 0 0 0 0 0 0 0 0 0
0 0 0 0 3 3 0 0 0 0 0 1 17 17 0 2 0 0 1 0 0 0 0 0 0 6 7 0 0 10 0 0 0 0 1 0 0 0 0 0 0 0 0 0 5 12 4 0 0 3 8 0 0 12 8 0 0 0 0 0 0 0 0 0 0 0 2 7 42 0 0 0 0 0 0 0 0 0 0 0 0 0 0 0 4 27 43 4 9 16 1 1 38 0 35 5 0 1 2 10 80 0 2 9 0 0 0 0 2 52 19 67 3 0 0 0 0 0 0 0 0 0 1 0 0 0 0 4 0 0 0 0 0 0 0 0 0 0 0 0 0 0 0 0 0 0 0 0 0 0
0 0 0 1 0 0 0 2 0 0 0 0 0 0 1 0 1 0 0 0 0 0 0 0 0 0 1 2 1 0 0 0 0 0 0 0 0 0 0 0 0 0 0 0 0 0 0 6 0 0 1 0 0 8 11 4 6 0 0 0 0 0 0 0 0 0 2 29 13 0 0 0 0 0 0 0 0 0 0 0 0 0 0 0 81 2 0 12 8 17 10 8 5 1 1 26 7 44 18 18 44 34 7 1 4 0 0 43 108 156 173 414 69 26 0 0 0 0 0 0 0 0 1 0 0 0 0 0 0 0 0 0 0 0 0 0 0 0 0 0 0 0 0 0 0 0 0 0 0 0
0 0 0 1 0 2 0 0 0 0 0 0 0 0 0 2 0 0 0 0 0 0 0 0 0 0 0 0 0 0 0 0 0 0 1 0 3 0 3 0 0 0 0 0 0 0 0 4 18 1 0 0 0 0 1 88 105 2 0 0 0 0 0 0 1 7 51 117 6 0 0 1 1 0 0 0 0 0 0 0 0 0 0 14 76 1 3 10 5 6 13 3 5 3 1 13 75 17 5 2 0 1 11 9 0 0 40 5 29 57 314 92 438 179 2 0 0 0 0 0 0 0 0 0 0 0 0 0 0 0 0 0 0 0 0 0 0 0 0 0 0 0 0 0 0 0 0 0 0 0
0 0 0 0 0 0 0 0 0 0 0 1 0 0 0 1 1 0 0 0 0 0 0 0 0 0 0 0 0 0 1 0 0 0 0 0 1 0 0 0 0 0 0 0 0 1 1 4 63 7 2 0 0 1 5 4 3 7 21 5 9 1 3 13 4 3 2 2 0 6 1 0 0 0 0 0 0 0 0 0 0 0 0 0 0 0 0 52 1 30 1 0 11 0 14 203 8 0 0 0 0 4 1 0 34 105 556 1338 545 155 54 0 483 106 0 0 0 0 0 0 0 0 0 0 0 0 0 0 0 0 0 0 0 0 0 0 0 0 0 0 0 0 0 0 0 0 0 0 0 0
0 0 1 0 5 61 1 6 1 0 0 1 0 4 0 0 1 0 0 0 0 0 0 0 0 0 0 0 0 1 1 0 0 0 0 0 0 0 11 1 1 0 0 0 3 5 30 9 1 7 4 0 15 1 16 3 0 1 0 4 0 0 0 2 0 0 1 7 4 7 3 10 0 0 0 0 0 0 0 0 0 0 0 0 0 0 0 2 0 5 8 12 0 1 129 31 3 0 0 0 0 1 0 20 68 138 176 523 279 299 169 233 530 0 0 0 0 0 0 0 0 0 0 0 0 0 0 0 0 0 0 0 0 0 0 0 0 0 0 0 0 0 0 0 0 0 0 0 0 0
0 0 10 0 24 61 1 0 0 0 0 0 0 3 0 0 0 0 0 0 0 0 0 0 0 0 0 0 0 0 0 1 0 1 3 0 0 1 0 0 0 2 2 0 0 0 5 7 6 1 0 0 1 5 2 0 0 5 2 2 0 0 0 0 0 0 1 1 3 0 0 0 2 4 0 0 0 0 0 0 0 0 0 0 0 1 0 0 0 0 0 2 15 41 4 42 242 0 0 0 0 0 0 178 173 430 2 0 12 85 0 6 6 0 0 0 0 0 0 0 0 0 0 0 0 0 0 0 0 0 0 0 0 0 0 0 0 0 0 0 0 0 0 0 0 0 0 0 0 0
0 0 0 0 0 2 0 0 4 0 0 0 0 0 0 0 0 0 0 0 0 0 0 0 0 0 0 0 0 0 0 14 1 0 0 0 0 0 0 0 0 0 1 0 0 0 1 0 6 5 0 0 1 0 0 0 0 0 0 1 1 8 0 0 0 0 0 0 0 0 3 6 2 1 0 0 0 0 0 0 0 0 0 0 0 0 0 0 0 0 0 24 53 34 35 193 459 0 0 0 0 0 0 6 11 0 0 0 0 0 58 88 0 0 0 0 0 0 0 0 0 0 0 0 0 0 0 0 0 0 0 0 0 0 0 0 0 0 0 0 0 0 3 12 5 0 0 0 0 0
0 0 1 0 0 0 0 0 0 3 0 0 0 0 1 0 0 0 0 0 0 0 0 0 0 0 0 0 0 0 0 2 0 0 0 0 0 0 0 0 0 1 0 0 0 1 0 0 0 0 4 2 4 1 2 0 0 0 1 6 0 0 0 0 0 0 0 0 0 0 1 0 0 0 0 0 0 0 0 0 0 0 0 0 0 0 0 0 34 4 3 19 216 368 56 0 0 0 0 0 0 0 1 2 3 0 0 5 0 217 168 10 0 0 0 0 0 0 0 0 0 0 0 0 0 0 0 0 0 0 0 0 0 0 0 0 0 0 0 0 0 0 0 1 0 0 0 0 0 0
0 5 0 0 0 0 0 0 0 0 0 0 0 1 0 0 0 0 0 0 0 0 0 0 0 0 0 0 0 0 0 0 0 0 0 0 0 0 0 0 0 0 0 0 0 0 0 0 0 0 10 4 18 0 0 0 0 0 0 3 6 0 0 0 0 0 0 0 0 0 6 0 0 0 0 0 0 0 0 0 0 0 0 0 0 0 0 0 0 1 20 125 807 0 0 23 3 0 0 0 0 0 0 3 1 4 0 7 28 5 35 2 0 0 0 0 0 0 0 0 0 0 0 0 0 0 0 0 0 0 0 0 0 0 0 0 0 0 0 0 0 0 0 0 0 0 0 0 0 0
0 0 0 0 0 0 0 0 0 8 0 0 8 0 0 0 0 0 4 0 1 1 0 1 0 0 0 0 0 0 0 0 0 0 0 0 1 0 0 0 0 0 0 0 0 0 0 0 0 0 2 26 0 1 0 1 1 0 2 6 7 0 0 0 0 0 0 0 0 0 0 87 7 0 0 0 0 0 0 0 0 0 0 0 0 0 0 0 0 2 10 19 4 7 9 3 0 0 0 0 0 0 0 0 0 0 0 0 0 2 0 0 0 0 0 0 0 0 0 0 0 0 0 0 0 0 0 0 0 0 0 0 0 0 0 0 0 0 0 0 0 0 0 0 0 0 0 0 0 0
3 0 0 0 0 0 0 0 0 0 0 1 0 0 0 0 0 0 0 0 0 0 3 51 0 0 0 0 0 0 0 0 0 0 0 0 4 0 0 0 0 0 0 0 0 0 0 0 0 0 0 29 0 1 0 0 1 0 0 0 0 18 21 1 0 0 0 0 0 0 0 6 8 0 6 0 0 0 0 0 0 0 0 0 0 0 0 0 0 1 1 37 11 14 11 3 1 0 0 0 0 0 0 0 0 0 0 0 0 0 0 0 0 0 0 0 0 0 0 0 0 0 0 0 0 0 0 0 0 0 0 0 0 0 0 0 0 0 0 0 0 0 0 0 0 0 0 0 0 0
0 0 0 0 0 0 0 0 1 2 0 0 0 0 0 0 0 0 0 0 0 1 1 2 4 0 0 0 0 0 0 0 0 0 0 0 0 0 0 0 0 0 0 0 0 0 0 0 0 0 2 53 25 2 3 1 2 0 4 0 0 25 109 0 0 0 0 0 0 0 0 0 0 3 13 0 0 0 0 0 0 0 0 0 0 0 0 0 0 0 10 10 0 23 23 1 0 0 2 0 0 0 0 0 0 0 0 0 0 0 0 0 0 0 0 0 0 0 0 0 0 0 0 0 0 0 0 0 0 0 0 0 0 0 0 0 0 0 0 0 0 0 0 0 0 0 0 0 0 0
0 0 0 0 0 0 0 0 0 0 0 0 4 0 0 0 0 1 0 0 0 0 0 0 0 0 0 0 0 3 0 0 0 0 0 0 0 0 0 1 0 0 0 0 0 0 0 0 0 4 14 75 164 9 22 0 1 0 0 0 0 10 0 0 0 0 0 0 0 0 0 0 0 6 0 0 0 0 0 0 0 0 0 0 0 0 0 0 0 0 1 0 7 28 5 0 0 0 2 0 0 0 0 0 0 0 0 0 0 0 0 0 0 0 0 0 0 0 0 0 0 0 0 0 0 0 0 0 0 0 0 0 0 0 0 0 0 0 0 0 0 0 0 0 0 0 0 0 0 0
0 0 0 0 0 0 0 2 0 0 0 0 1 7 5 0 0 3 0 0 0 0 0 0 0 4 0 0 0 0 0 0 0 0 0 0 0 0 0 0 0 0 0 0 0 0 0 0 3 8 0 11 162 0 27 0 0 0 0 0 1 10 11 0 0 0 0 0 0 0 0 0 0 0 0 0 0 0 0 0 0 0 0 0 0 0 0 0 0 0 0 1 3 6 9 1 6 1 0 8 0 0 0 0 0 0 0 0 0 0 0 0 0 0 0 0 0 0 0 0 0 0 0 0 0 0 0 0 0 0 0 0 0 0 0 0 0 0 0 0 0 0 0 0 0 0 0 0 0 0
0 0 0 0 0 0 0 0 2 6 0 0 0 0 0 0 3 0 0 0 0 0 0 1 2 0 0 0 0 0 0 0 0 0 0 1 0 0 0 0 0 0 0 0 0 0 0 3 0 2 0 23 24 0 0 0 0 0 0 3 8 7 0 2 0 0 0 0 0 0 0 0 0 0 0 0 0 0 0 0 0 0 0 0 0 0 0 0 0 0 0 0 0 0 0 2 7 1 1 0 0 0 0 0 0 0 0 0 0 0 0 0 0 0 0 0 0 0 0 0 0 0 0 0 0 0 0 0 0 0 0 0 0 0 0 0 0 0 0 0 0 0 0 0 0 0 0 0 0 0
1 0 0 0 0 0 0 0 0 2 1 5 0 0 0 0 0 4 0 0 0 0 0 1 2 0 1 0 0 0 1 1 1 0 11 5 0 0 0 0 0 0 0 0 0 0 1 9 0 0 0 0 0 0 0 0 0 0 0 7 3 0 0 0 0 0 0 0 0 0 0 0 0 0 0 0 0 0 0 0 0 0 0 0 0 0 0 0 0 0 0 0 0 0 0 4 7 35 0 0 0 0 0 0 0 0 0 0 0 0 0 0 0 0 0 0 0 0 0 0 0 0 0 0 0 0 0 0 0 0 0 0 0 0 0 0 0 0 0 0 0 0 0 0 3 16 0 0 0 0
0 0 0 0 0 0 0 0 0 0 0 0 0 0 0 0 5 0 0 9 1 1 0 0 4 2 0 0 0 0 0 1 0 0 0 0 0 0 8 0 0 0 0 0 0 2 5 0 0 0 0 0 0 0 0 0 0 0 0 0 0 3 0 0 0 0 0 0 0 0 0 2 4 0 0 0 0 0 0 0 0 0 0 0 0 0 0 0 0 0 0 0 0 0 8 7 5 3 0 6 5 0 0 0 0 0 0 0 0 0 0 0 0 0 0 0 0 0 0 0 0 0 0 0 0 0 0 0 0 0 0 0 0 0 0 0 0 0 0 0 0 0 0 0 0 0 0 0 0 0
0 0 0 0 0 0 0 0 0 0 0 3 3 0 0 0 0 0 0 4 0 0 0 0 0 0 0 0 0 0 0 0 0 0 0 0 0 0 0 0 0 0 0 0 0 0 0 0 0 0 0 0 0 0 0 0 0 0 0 0 1 0 0 0 0 0 0 0 0 0 0 6 0 0 0 0 0 0 0 0 0 0 0 0 0 0 0 0 0 0 0 0 0 0 7 0 0 0 0 3 0 0 0 0 0 0 0 0 0 0 0 0 0 0 0 0 0 0 0 0 0 0 0 0 0 0 0 0 0 0 0 0 0 0 0 0 0 0 0 0 0 0 0 0 0 0 0 0 0 0
0 0 0 0 0 0 0 0 0 0 6 0 8 0 0 4 0 0 0 0 0 0 0 0 0 0 0 0 0 0 0 0 0 0 0 0 0 0 0 0 0 0 0 0 1 0 0 0 0 0 0 0 0 0 0 0 0 0 0 1 1 0 0 0 0 0 0 0 0 0 3 0 0 0 0 0 0 0 0 0 0 0 0 0 0 0 0 0 0 0 0 0 0 0 2 7 3 0 0 0 0 0 0 0 0 0 0 0 0 0 0 0 0 0 0 0 0 0 0 0 0 0 0 0 0 0 0 0 0 0 0 0 0 0 0 0 0 0 0 0 0 0 0 0 0 0 0 0 0 0
0 0 0 0 0 0 0 0 0 2 0 0 11 1 0 6 1 3 0 0 0 0 0 0 0 0 0 0 0 0 0 0 0 0 0 0 0 0 0 0 0 0 0 3 0 0 0 0 0 0 0 0 0 0 0 0 0 0 0 19 3 0 0 0 0 0 0 0 56 0 0 0 0 0 0 0 0 0 0 0 0 0 0 0 0 0 0 0 0 0 0 0 0 0 0 0 2 1 4 12 0 0 0 0 0 0 0 0 0 0 0 0 0 0 0 0 0 0 0 0 0 0 0 0 0 0 0 0 0 0 0 0 0 0 0 0 0 0 0 0 0 0 0 0 0 0 0 0 0 0
0 0 0 0 0 0 0 0 0 0 0 0 1 0 0 0 1 9 12 0 0 0 0 0 0 0 0 0 0 0 0 0 0 0 0 2 0 14 1 1 0 0 0 2 0 0 0 0 0 0 0 0 0 0 0 0 0 0 0 0 16 8 3 0 9 0 0 2 206 87 2 0 0 0 0 0 0 0 0 0 0 0 0 0 0 0 0 0 0 0 0 0 0 0 0 0 0 0 0 0 0 0 0 0 0 0 0 0 0 0 0 0 0 0 0 0 0 0 0 0 0 0 0 0 0 0 0 0 0 0 0 0 0 0 0 0 0 0 0 0 0 0 0 0 0 0 0 0 0 0
0 2 2 0 0 0 0 0 0 2 0 1 58 10 1 3 26 0 20 15 0 0 0 20 13 2 0 0 0 0 0 2 0 0 4 0 4 7 5 4 0 0 5 0 0 0 0 0 0 0 0 0 0 0 0 0 0 0 0 0 0 2 1 1 109 112 13 2 0 0 0 0 0 0 0 0 0 0 0 0 0 0 0 0 0 0 0 0 0 0 0 0 0 0 0 0 0 0 0 0 0 0 0 0 0 0 0 0 0 0 0 0 0 0 0 0 0 0 0 0 0 0 0 0 0 0 0 0 0 0 0 0 0 0 0 0 0 0 0 0 0 0 0 0 0 0 0 0 0 0
18 53 37 0 0 0 0 0 0 0 0 0 1 0 0 0 1 0 0 5 14 73 49 16 2 0 0 0 0 3 1 0 0 1 0 9 26 3 0 3 0 0 0 0 0 0 0 0 0 0 0 0 0 0 0 0 0 0 0 0 0 0 0 0 1 0 0 0 0 0 0 0 0 0 0 0 0 0 0 0 0 0 0 0 0 0 0 0 0 0 0 0 0 0 0 0 0 0 0 0 0 0 0 0 0 0 0 0 0 0 0 0 0 0 0 0 0 0 0 0 0 0 0 0 0 0 0 0 0 0 0 0 0 0 0 0 0 0 0 0 0 0 0 0 0 0 0 0 0 0
44 11 15 0 9 0 0 0 0 0 0 0 0 0 0 0 7 6 0 8 2 68 25 10 23 1 0 0 2 16 15 0 0 0 0 0 0 2 1 0 1 5 0 0 0 0 0 0 0 0 0 0 0 0 0 0 0 0 0 0 0 0 0 0 1 0 0 0 0 0 0 0 0 0 0 0 0 0 0 0 0 0 0 0 0 0 0 0 0 7 0 0 0 0 0 0 0 0 0 0 0 0 0 0 0 0 0 0 0 0 0 0 0 0 0 0 0 0 0 0 0 0 0 0 0 0 0 0 0 0 0 0 0 0 0 0 0 0 0 0 0 0 0 0 0 0 0 0 0 0
0 0 0 0 0 0 0 0 0 0 0 6 3 1 0 0 0 3 1 2 0 3 11 14 2 14 9 4 1 1 0 0 0 0 6 0 1 1 2 0 0 0 0 0 0 0 0 0 0 0 0 0 0 0 0 0 0 0 0 0 0 0 0 0 0 0 0 0 0 0 0 0 0 0 0 0 0 0 0 0 0 0 0 0 0 0 0 0 0 0 0 0 0 0 0 0 0 0 0 0 0 0 0 0 0 0 0 0 0 0 0 0 0 0 0 0 0 0 0 0 0 0 0 0 0 0 0 0 0 0 0 0 0 0 0 0 0 0 0 0 0 0 0 0 0 0 0 0 0 0
0 0 1 0 0 0 0 0 0 0 0 0 0 0 0 1 0 0 0 8 0 0 0 0 3 14 4 9 28 0 0 0 0 11 4 1 1 0 0 0 0 0 0 0 0 0 0 0 0 0 0 0 0 0 0 0 0 0 0 0 0 0 0 0 0 0 0 0 0 0 0 0 0 0 0 0 0 0 0 0 0 0 0 0 0 0 0 0 0 0 0 0 0 0 0 0 0 0 0 0 0 0 0 0 0 0 0 0 0 0 0 0 0 0 0 0 0 0 0 0 0 0 0 0 0 0 0 0 0 0 0 0 0 0 0 0 0 0 0 0 0 0 0 0 0 0 0 0 0 0
0 0 0 0 0 0 0 0 0 0 0 0 0 0 0 0 0 0 0 0 0 0 0 0 0 0 1 3 228 51 5 3 7 25 0 0 3 0 0 0 0 0 0 0 0 0 0 0 0 0 0 0 0 0 0 0 0 0 0 0 0 0 0 0 0 0 0 0 0 0 0 0 0 0 0 0 0 0 0 0 0 0 0 0 0 0 0 0 1 0 0 0 0 0 0 0 0 0 0 0 0 0 0 0 0 0 0 0 0 0 0 0 0 0 0 0 0 0 0 0 0 0 0 0 0 0 0 0 0 0 0 0 0 0 0 0 0 0 0 0 0 0 0 0 0 0 0 0 0 0
0 0 0 0 0 0 0 0 0 0 0 0 0 0 0 0 0 0 0 0 0 0 1 0 0 0 1 9 2 0 1 0 3 2 0 0 6 0 0 0 0 0 0 0 0 0 0 0 0 0 0 0 0 0 0 0 0 0 0 0 0 0 0 0 0 0 0 0 0 0 0 0 0 0 0 0 0 0 0 0 0 0 0 0 0 0 0 0 0 0 0 0 0 0 0 0 0 0 0 0 0 0 0 0 0 0 0 0 0 0 0 0 0 0 0 0 0 0 0 0 0 0 0 0 0 0 0 0 0 0 0 0 0 0 0 0 0 0 0 0 0 0 0 0 0 0 0 0 0 0
0 0 0 0 0 0 0 0 0 0 0 0 0 0 0 0 0 0 0 0 0 0 0 0 14 3 19 0 0 0 14 2 2 1 4 1 2 0 0 0 0 0 0 0 0 0 0 0 0 0 0 0 0 0 0 0 0 0 0 0 0 0 0 0 0 0 0 0 0 0 0 0 0 0 0 0 0 0 0 0 0 0 0 0 0 0 0 0 0 0 0 0 0 0 0 0 0 0 0 0 0 0 0 0 0 0 0 0 0 0 0 0 0 0 0 0 0 0 0 0 0 0 0 0 0 0 0 0 0 0 0 0 0 0 0 0 0 0 0 0 0 0 0 0 0 0 0 0 0 0
0 0 0 0 0 0 0 0 0 0 0 0 4 5 0 0 0 0 0 0 0 0 0 0 0 0 0 0 0 0 0 0 16 0 0 0 0 5 0 0 0 0 0 0 0 0 0 0 0 0 0 0 0 0 0 0 0 0 0 0 0 0 0 0 0 0 0 0 0 0 0 0 0 0 0 0 0 0 0 0 0 0 0 0 0 0 0 0 0 0 0 0 0 0 0 0 0 0 0 0 0 0 0 0 0 0 0 0 0 0 0 0 0 0 0 0 0 0 0 0 0 0 0 0 0 0 0 0 0 0 0 0 0 0 0 0 0 0 0 0 0 0 0 0 0 0 0 0 0 0
9 0 1 0 0 0 0 0 0 0 1 1 2 0 0 0 0 0 0 0 0 0 0 0 0 0 0 26 1 0 5 0 0 0 0 0 0 0 0 0 0 0 0 0 0 0 0 0 0 0 0 0 0 0 0 0 0 0 0 0 0 0 0 0 0 0 0 0 0 0 0 0 0 0 0 0 0 0 0 0 0 0 0 0 0 0 0 0 0 0 0 0 0 0 0 0 0 0 0 0 0 0 0 0 0 0 0 0 0 0 0 0 0 0 0 0 0 0 0 0 0 0 0 0 0 0 0 0 0 0 0 0 0 0 0 0 0 0 0 0 0 0 0 0 0 0 0 0 0 0
0 0 0 0 0 0 0 0 0 0 1 0 0 0 0 0 0 0 0 0 0 0 0 0 0 0 0 7 5 0 0 0 1 1 0 0 0 0 0 0 0 0 0 0 0 0 0 0 0 0 0 0 0 0 0 0 0 0 0 0 0 0 0 0 0 0 0 0 0 0 0 0 0 0 0 0 0 0 0 0 0 0 0 0 0 0 0 0 0 0 0 0 0 0 0 0 0 0 0 0 0 0 0 0 0 0 0 0 0 0 0 0 0 0 0 0 0 0 0 0 0 0 0 0 0 0 0 0 0 0 0 0 0 0 0 0 0 0 0 0 0 0 0 0 0 0 0 0 0 0
0 0 0 0 0 0 0 0 0 0 4 1 0 2 0 0 0 0 0 0 0 0 0 0 0 0 0 0 0 0 0 0 2 3 0 0 0 0 0 0 0 0 0 0 0 0 0 0 0 0 0 0 0 0 0 0 0 0 0 0 0 0 0 0 0 0 0 0 0 0 0 0 0 0 0 0 0 0 0 0 0 0 0 0 0 0 0 0 0 0 0 0 0 0 0 0 0 0 0 0 0 0 0 0 0 0 0 0 0 0 0 0 0 0 0 0 0 0 0 0 0 0 0 0 0 0 0 0 0 0 0 0 0 0 0 0 0 0 0 0 0 0 0 0 0 0 0 0 0 0
0 0 0 0 0 0 0 0 0 4 1 0 0 0 0 0 0 0 0 0 0 0 0 0 0 0 0 0 0 0 0 0 0 0 0 0 0 0 0 0 0 0 0 0 0 0 0 0 0 0 0 0 0 0 0 0 0 0 0 0 0 0 0 0 0 0 0 0 0 0 0 0 0 0 0 0 0 0 0 0 0 0 0 0 0 0 0 0 0 0 0 0 0 0 0 0 0 0 0 0 0 0 0 0 0 0 0 0 0 0 0 0 0 0 0 0 0 0 0 0 0 0 0 0 0 0 0 0 0 0 0 0 0 0 0 0 0 0 0 0 0 0 0 0 0 0 0 0 0 0
0 0 0 0 0 0 0 0 0 0 5 0 0 0 0 0 0 0 0 0 0 0 0 0 0 0 0 0 0 0 0 0 0 0 0 0 0 0 0 0 0 0 0 0 0 0 0 0 0 0 0 19 0 0 0 1 0 0 0 0 0 0 0 0 0 0 0 0 0 0 0 0 0 0 0 0 0 0 0 0 0 0 0 0 0 0 0 0 0 0 0 0 0 0 0 0 0 0 0 0 0 0 0 0 0 0 0 0 0 0 0 0 0 0 0 0 0 0 0 0 0 0 0 0 0 0 0 0 0 0 0 0 0 0 0 0 0 0 0 0 0 0 0 0 0 0 0 0 0 0
0 0 0 0 0 0 0 0 4 37 0 0 0 0 0 0 0 0 0 0 0 0 0 0 0 0 0 0 0 0 0 0 0 0 0 0 0 0 0 0 0 0 0 0 0 0 0 0 0 0 2 0 0 0 0 0 0 0 0 0 0 0 0 0 0 0 0 0 0 0 0 0 0 0 0 0 0 0 0 0 0 0 0 0 0 0 0 0 0 0 0 0 0 0 0 0 0 0 0 0 0 0 0 0 0 0 0 0 0 0 0 0 0 0 0 0 0 0 0 0 0 0 0 0 0 0 0 0 0 0 0 0 0 0 0 0 0 0 0 0 0 0 0 0 0 0 0 0 0 0
0 0 0 0 5 6 20 9 7 0 0 0 0 0 0 0 0 0 0 0 0 0 0 0 0 0 0 0 0 0 0 0 0 0 0 0 0 0 0 0 0 0 0 0 0 0 0 0 0 43 42 1 0 0 0 0 0 0 0 0 0 0 0 0 0 0 0 0 0 0 0 0 0 0 0 0 0 0 0 0 0 0 0 0 0 0 0 0 0 0 0 0 0 0 0 0 0 0 0 0 0 0 0 0 0 0 0 0 0 0 0 0 0 0 0 0 0 0 0 0 0 0 0 0 0 0 0 0 0 0 0 0 0 0 0 0 0 0 0 0 0 0 0 0 0 0 0 0 0 0
0 0 0 0 0 0 15 34 0 0 0 0 0 0 0 0 0 0 0 0 0 0 0 0 0 0 0 0 0 0 0 0 0 0 0 0 0 0 0 0 0 0 0 0 0 0 0 0 3 0 0 0 0 0 0 0 0 0 0 0 0 0 0 0 0 0 0 0 0 0 0 0 0 0 0 0 0 0 0 0 0 0 0 0 0 0 0 0 0 0 0 0 0 0 0 0 0 0 0 0 0 0 0 0 0 0 0 0 0 0 0 0 0 0 0 0 0 0 0 0 0 0 0 0 0 0 0 0 0 0 0 0 0 0 0 0 0 0 0 0 0 0 0 0 0 0 0 0 0 0
0 0 0 0 0 0 0 0 0 0 0 0 0 0 0 0 0 0 0 0 0 0 0 0 0 0 0 0 0 0 0 0 0 0 0 0 0 0 0 0 0 0 0 0 0 0 0 0 1 0 0 0 6 11 0 0 0 0 0 0 0 0 0 0 0 0 0 0 0 0 0 0 0 0 0 0 0 0 0 0 0 0 0 0 0 0 0 0 0 0 0 0 0 0 0 0 0 0 0 0 0 0 0 0 0 0 0 0 0 0 0 0 0 0 0 0 0 0 0 0 0 0 0 0 0 0 0 0 0 0 0 0 0 0 0 0 0 0 0 0 0 0 0 0 0 0 0 0 0 0
0 0 0 0 0 0 0 0 0 0 0 0 0 0 0 0 0 0 0 0 0 0 0 0 0 0 0 0 0 0 0 0 0 0 0 0 0 0 0 0 0 0 0 0 0 0 0 0 0 0 0 0 0 0 0 0 0 0 0 0 0 0 0 0 0 0 0 0 0 0 0 0 0 0 0 0 0 0 0 0 0 0 0 0 0 0 0 0 0 0 0 0 0 0 0 0 0 0 0 0 0 0 0 0 0 0 0 0 0 0 0 0 0 0 0 0 0 0 0 0 0 0 0 0 0 0 0 0 0 0 0 0 0 0 0 0 0 0 0 0 0 0 0 0 0 0 0 0 0 0
0 0 0 0 0 0 0 0 0 0 0 0 0 0 0 0 0 0 0 0 0 0 0 0 0 0 0 0 0 0 0 0 0 0 0 0 0 0 0 0 0 0 0 0 0 0 0 0 0 0 0 7 0 0 0 0 0 0 0 0 0 0 0 0 0 0 0 0 0 0 0 0 0 0 0 0 0 0 0 0 0 0 0 0 0 0 0 0 0 0 0 0 0 0 0 0 0 0 0 0 0 0 0 0 0 0 0 0 0 0 0 0 0 0 0 0 0 0 0 0 0 0 0 0 0 0 0 0 0 0 0 0 0 0 0 0 0 0 0 0 0 0 0 0 0 0 0 0 0 0
0 0 0 0 0 0 0 0 0 0 0 0 0 0 0 0 0 0 0 0 0 0 0 0 0 0 0 0 0 0 0 0 0 0 0 0 0 0 0 0 0 0 0 0 0 0 0 0 0 0 0 0 7 0 0 0 0 0 0 0 0 0 0 0 0 0 0 0 0 0 0 0 0 0 0 0 0 0 0 0 0 0 0 0 0 0 0 0 0 0 0 0 0 0 0 0 0 0 0 0 0 0 0 0 0 0 0 0 0 0 0 0 0 0 0 0 0 0 0 0 0 0 0 0 0 0 0 0 0 0 0 0 0 0 0 0 0 0 0 0 0 0 0 0 0 0 0 0 0 0
0 0 0 0 0 0 0 0 0 0 0 0 0 0 0 0 0 0 0 0 0 0 0 0 0 0 0 0 0 4 2 1 0 0 3 0 0 0 0 0 0 0 0 0 0 0 0 0 0 0 0 0 0 0 0 0 0 0 0 0 0 0 0 0 0 0 0 0 0 0 0 0 0 0 0 0 0 0 0 0 0 0 0 0 0 0 0 0 0 0 0 0 0 0 0 0 0 0 0 0 0 0 0 0 0 0 0 0 0 0 0 0 0 0 0 0 0 0 0 0 0 0 0 0 0 0 0 0 0 0 0 0 0 0 0 0 0 0 0 0 0 0 0 0 0 0 0 0 0 0
0 0 0 0 0 0 0 0 0 0 0 0 0 0 0 0 0 0 0 0 0 0 0 0 0 0 0 0 0 0 1 29 1 0 0 0 0 0 0 0 0 0 0 0 0 0 0 0 0 0 0 0 0 0 0 0 0 0 0 0 0 0 0 0 0 0 0 0 0 0 0 0 0 0 0 0 0 0 0 0 0 0 0 0 0 0 0 0 0 0 0 0 0 0 0 0 0 0 0 0 0 0 0 0 0 0 0 0 0 0 0 0 0 0 0 0 0 0 0 0 0 0 0 0 0 0 0 0 0 0 0 0 0 0 0 0 0 0 0 0 0 0 0 0 0 0 0 0 0 0
0 0 0 0 0 0 0 0 0 0 0 0 0 0 0 0 0 0 0 0 0 0 0 0 0 0 0 0 0 0 3 8 0 0 0 0 0 0 0 0 0 0 0 0 0 0 0 0 0 0 0 0 0 0 0 0 0 0 0 0 0 0 0 0 0 0 0 0 0 0 0 0 0 0 0 0 0 0 0 0 0 0 0 0 0 0 0 0 0 0 0 0 0 0 0 0 0 0 0 0 0 0 0 0 0 0 0 0 0 0 0 0 0 0 0 0 0 0 0 0 0 0 0 0 0 0 0 0 0 0 0 0 0 0 0 0 0 0 0 0 0 0 0 0 0 0 0 0 0 0
0 0 0 0 0 0 0 0 0 0 0 0 0 0 0 0 0 0 0 0 0 0 0 0 0 0 1 0 0 1 0 0 0 0 0 0 0 0 0 0 0 0 0 0 0 0 0 0 0 0 0 0 0 0 0 0 0 0 0 0 0 0 0 0 0 0 0 0 0 0 0 0 0 0 0 0 0 0 0 0 0 0 0 0 0 0 0 0 0 0 0 0 0 0 0 0 0 0 0 0 0 0 0 0 0 0 0 0 0 0 0 0 0 0 0 0 0 0 0 0 0 0 0 0 0 0 0 0 0 0 0 0 0 0 0 0 0 0 0 0 0 0 0 0 0 0 0 0 0 0
0 0 0 0 0 0 0 0 0 0 0 0 0 0 0 0 0 0 0 0 0 0 0 0 0 0 0 0 0 51 30 0 0 0 0 0 0 0 0 0 0 0 0 0 0 0 0 0 0 0 0 0 0 0 0 0 0 0 0 0 0 0 0 0 0 0 0 0 0 0 0 0 0 0 0 0 0 0 0 0 0 0 0 0 0 0 0 0 0 0 0 0 0 0 0 0 0 0 0 0 0 0 0 0 0 0 0 0 0 0 0 0 0 0 0 0 0 0 0 0 0 0 0 0 0 0 0 0 0 0 0 0 0 0 0 0 0 0 0 0 0 0 0 0 0 0 0 0 0 0
0 0 0 0 0 0 0 0 0 0 0 0 0 0 0 0 0 0 0 0 0 0 0 0 0 0 4 0 0 0 0 0 0 0 0 0 0 0 0 0 0 0 0 0 0 0 0 0 0 63 0 0 0 0 0 0 0 0 0 0 0 0 0 0 0 0 0 0 0 0 0 0 0 0 0 0 0 0 0 0 0 0 0 0 0 0 0 0 0 0 0 0 0 0 0 0 0 0 0 0 0 0 0 0 0 0 0 0 0 0 0 0 0 0 0 0 0 0 0 0 0 0 0 0 0 0 0 0 0 0 0 0 0 0 0 0 0 0 0 0 0 0 0 0 0 0 0 0 0 0
0 0 0 0 0 0 0 0 0 0 0 0 0 0 0 0 0 0 0 0 0 0 0 0 0 0 9 0 0 0 0 0 0 0 0 0 0 0 0 0 0 0 0 0 0 0 0 0 0 0 0 0 0 0 0 0 0 0 0 0 0 0 0 0 0 0 0 0 0 0 0 0 0 0 0 0 0 0 0 0 0 0 0 0 0 0 0 0 0 0 0 0 0 0 0 0 0 0 0 0 0 0 0 0 0 0 0 0 0 0 0 0 0 0 0 0 0 0 0 0 0 0 0 0 0 0 0 0 0 0 0 0 0 0 0 0 0 0 0 0 0 0 0 0 0 0 0 0 0 0
0 0 0 0 0 0 0 0 0 0 0 0 0 0 0 0 0 0 0 0 0 0 0 0 0 0 0 3 17 0 0 0 0 0 0 0 0 0 0 0 0 0 0 0 0 0 0 0 0 0 0 0 0 0 0 0 0 0 0 0 0 0 0 0 0 0 0 0 0 0 0 0 0 0 0 0 0 0 0 0 0 0 0 0 0 0 0 0 0 0 0 0 0 0 0 0 0 0 0 0 0 0 0 0 0 0 0 0 0 0 0 0 0 0 0 0 0 0 0 0 0 0 0 0 0 0 0 0 0 0 0 0 0 0 0 0 0 0 0 0 0 0 0 0 0 0 0 0 0 0
0 0 0 0 0 0 0 0 0 0 0 0 0 0 0 0 0 0 0 0 0 0 0 0 0 0 0 0 0 0 0 0 0 0 0 0 0 0 0 0 0 0 0 0 0 0 0 0 0 0 0 0 0 0 0 0 0 0 0 0 0 0 0 0 0 0 0 0 0 0 0 0 0 0 0 0 0 0 0 0 0 0 0 0 0 0 0 0 0 0 0 0 0 0 0 0 0 0 0 0 0 0 0 0 0 0 0 0 0 0 0 0 0 0 0 0 0 0 0 0 0 0 0 0 0 0 0 0 0 0 0 0 0 0 0 0 0 0 0 0 0 0 0 0 0 0 0 0 0 0
0 0 0 0 0 0 0 0 0 0 0 0 0 0 0 0 0 0 0 0 0 0 0 0 0 0 0 0 0 0 0 0 0 0 0 0 0 0 0 0 0 0 0 0 0 0 0 0 0 0 2 0 0 0 0 0 0 0 0 0 0 0 0 0 0 0 0 0 0 0 0 0 0 0 0 0 0 0 0 0 0 0 0 0 0 0 0 0 0 0 0 0 0 0 0 0 0 0 0 0 0 0 0 0 0 0 0 0 0 0 0 0 0 0 0 0 0 0 0 0 0 0 0 0 0 0 0 0 0 0 0 0 0 0 0 0 0 0 0 0 0 0 0 0 0 0 0 0 0 0
0 0 0 0 0 0 0 0 0 0 0 0 0 0 0 0 0 0 0 0 0 0 0 0 0 0 0 0 0 0 0 0 0 0 0 0 0 0 0 0 0 0 0 0 0 0 0 0 0 0 0 0 0 0 0 0 0 0 0 0 0 0 0 0 0 0 0 0 0 0 0 0 0 0 0 0 0 0 0 0 0 0 0 0 0 0 0 0 0 0 0 0 0 0 0 0 0 0 0 0 0 0 0 0 0 0 0 0 0 0 0 0 0 0 0 0 0 0 0 0 0 0 0 0 0 0 0 0 0 0 0 0 0 0 0 0 0 0 0 0 0 0 0 0 0 0 0 0 0 0
0 0 0 0 0 0 0 0 0 0 0 0 0 0 0 0 0 0 0 0 0 0 0 0 0 0 0 0 0 0 0 0 0 0 0 0 0 0 0 0 0 0 0 0 0 0 0 0 0 0 0 0 0 0 0 0 0 0 0 0 0 0 0 0 0 0 0 0 0 0 0 0 0 0 0 0 0 0 0 0 0 0 0 0 0 0 0 0 0 0 0 0 0 0 0 0 0 0 0 0 0 0 0 0 0 0 0 0 0 0 0 0 0 0 0 0 0 0 0 0 0 0 0 0 0 0 0 0 0 0 0 0 0 0 0 0 0 0 0 0 0 0 0 0 0 0 0 0 0 0
0 0 0 0 0 0 0 0 0 0 0 1 0 0 0 0 0 0 0 0 0 0 0 0 0 0 0 0 0 0 0 0 0 0 0 0 0 0 0 0 0 0 0 0 0 0 0 0 0 0 0 0 0 0 0 0 0 0 0 0 0 0 0 0 0 0 0 0 0 0 0 0 0 0 0 0 0 0 0 0 0 0 0 0 0 0 0 0 0 0 0 0 0 0 0 0 0 0 0 0 0 0 0 0 0 0 0 0 0 0 0 0 0 0 0 0 0 0 0 0 0 0 0 0 0 0 0 0 0 0 0 0 0 0 0 0 0 0 0 0 0 0 0 0 0 0 0 0 0 0
