0 0 21 0 0 0 0 0 2 82 10 11 0 3 0 0 0 2 13 0 0 0 0 0 0 7 0 1 0 0 0 0 0 2 1 7 0 0 0 7 0 0 0 2 3 0 0 0 0 0 0 0 0 0 0 7 0 0 0 8 38 14 7 4 0 1 3 0 0 0 0 1 6 149 187 293 65 14 24 8 17 164 30 40 53 136 212 117 58 289 988 709 47 605 401 441 815 528 887 142 143 83 19 6 48 16 122 331 234 17 6 9 13 83 37 36 15 2 1 0 3 33 13 6 0 6 0 1 4 6 0 14 1 3 6 0 0 0 0 0 2 0 0 0 0 0 0 0 0 7
0 4 5 7 1 0 0 0 0 25 4 10 7 10 0 0 0 1 12 0 0 1 38 0 3 11 0 5 0 0 0 0 0 0 0 1 0 0 6 0 1 0 0 1 0 0 0 0 0 0 0 0 0 0 6 0 0 0 0 17 68 9 5 8 5 1 0 1 1 0 0 4 44 24 24 2 172 47 7 3 108 107 1 3 86 192 211 129 230 251 76 19 242 271 159 306 323 449 898 592 228 92 32 10 10 0 1 160 24 15 0 9 2 10 116 17 4 5 2 7 6 1 3 4 1 2 7 2 10 19 16 57 62 35 0 0 0 0 2 67 10 0 0 0 0 0 0 0 0 0
0 0 0 0 3 0 0 0 0 7 6 0 7 0 0 0 0 1 4 0 0 25 44 9 5 1 1 1 0 0 0 0 0 1 0 2 0 0 0 8 0 0 0 0 0 0 0 0 0 0 0 0 0 0 2 0 0 0 0 10 20 13 0 8 0 0 0 0 0 0 0 0 1 0 3 0 0 50 84 228 54 41 1 28 184 218 565 136 9 23 82 19 74 320 490 641 168 406 311 346 465 250 10 92 25 6 11 36 202 83 12 3 0 0 5 4 9 26 27 5 68 14 4 16 3 3 3 7 2 25 9 2 142 87 0 0 5 0 2 12 6 5 0 0 0 0 0 0 0 0
50 0 0 0 0 0 0 0 0 5 1 1 0 0 0 0 0 0 1 1 0 1 3 5 13 0 0 10 10 0 1 0 0 0 0 0 0 8 0 3 1 0 0 0 0 0 0 0 0 0 4 0 0 0 45 14 1 11 20 1 2 1 2 11 0 0 0 0 0 2 2 102 7 1 3 15 13 41 167 76 111 44 8 90 222 16 38 159 22 143 667 626 1649 707 973 445 105 207 477 444 706 366 137 13 10 112 2 28 276 69 19 9 21 11 0 8 10 55 29 66 34 180 14 3 4 4 4 1 4 0 2 5 32 0 2 0 4 0 0 9 31 13 0 0 0 0 0 0 0 0
1 16 0 0 0 0 0 0 6 2 1 0 0 0 0 20 7 0 2 1 0 0 6 0 1 0 0 0 0 0 0 0 0 0 0 19 9 0 2 1 1 0 0 0 0 0 0 0 1 3 1 0 0 2 33 208 15 20 2 0 1 2 0 8 0 0 0 0 0 7 225 130 72 102 15 38 186 109 201 131 250 189 265 11 163 54 38 22 31 361 1300 461 835 752 456 187 90 623 347 1318 987 1039 683 556 296 56 91 65 2 3 24 18 19 18 6 0 1 6 46 42 167 611 98 10 7 1 3 1 4 0 0 1 0 0 3 0 0 0 0 1 27 13 0 0 0 0 0 0 0 0
11 4 0 2 0 0 0 0 11 1 7 0 0 0 0 2 1 1 3 59 1 0 1 0 0 0 0 0 0 1 0 56 0 0 2 52 44 12 0 0 0 0 2 0 0 0 0 0 0 3 10 2 2 1 11 18 47 3 6 4 0 0 2 0 0 0 0 0 3 44 55 130 103 65 46 39 27 14 46 224 499 546 248 47 0 99 25 18 1 205 1489 577 50 405 842 435 83 1751 336 548 420 577 714 283 9 188 62 76 11 2 0 2 2 20 8 20 9 10 2 25 102 105 6 4 4 1 1 4 2 0 2 0 0 0 0 0 1 0 0 0 0 3 0 0 0 0 0 0 0 0
4 0 0 3 0 0 0 0 0 4 6 0 0 0 0 0 0 0 0 0 0 2 0 0 0 0 0 0 0 1 1 0 0 0 0 9 1 1 2 0 0 0 0 0 0 0 0 0 0 1 1 8 3 5 2 23 5 0 35 30 4 6 2 0 5 0 0 0 4 79 40 39 179 264 227 105 268 95 283 397 717 428 815 409 130 4 2 209 111 72 1136 1139 111 383 687 360 260 455 534 49 123 634 105 117 13 24 58 4 4 2 34 89 192 15 87 12 0 0 8 12 41 181 3 6 0 4 3 4 0 0 3 0 0 0 0 0 0 3 0 0 0 0 0 0 0 0 0 0 1 0
2 0 0 0 0 0 0 0 0 0 0 33 0 0 0 0 0 0 0 0 0 0 0 0 0 0 0 0 0 0 14 0 0 0 3 3 0 0 43 3 0 0 0 0 0 0 0 0 0 0 0 0 5 5 1 8 0 25 34 58 42 19 32 1 14 39 0 0 2 49 2 2 18 22 41 44 63 113 557 643 632 459 689 131 116 137 208 385 230 175 531 78 42 526 339 271 171 753 684 187 76 296 231 405 153 76 11 45 76 14 234 395 25 36 22 59 0 2 4 22 19 9 8 3 5 7 36 1 2 0 0 0 0 0 0 0 0 2 0 0 0 0 0 0 0 0 0 0 0 0
3 0 0 0 0 0 0 0 5 9 0 0 0 2 8 0 0 0 0 0 0 0 0 0 0 0 0 0 0 0 0 0 0 0 1 1 0 0 0 0 0 0 0 0 0 0 0 0 0 0 0 0 1 11 2 0 1 7 16 51 264 172 10 1 1 16 2 2 1 31 0 0 1 1 1 10 7 34 45 498 934 792 504 24 8 4 152 281 296 42 10 6 227 800 1146 1110 71 377 303 106 159 94 57 297 559 104 257 171 34 27 633 95 135 3 24 3 1 1 5 8 13 9 14 31 2 1 2 3 6 0 0 0 0 0 0 0 0 0 0 0 0 0 0 0 0 0 0 0 0 0
0 0 0 0 0 0 0 3 15 4 0 0 0 0 0 0 0 0 0 0 0 0 0 0 0 0 0 0 0 0 0 0 0 0 0 0 0 35 0 0 0 0 0 0 0 0 1 0 5 1 3 0 17 10 0 1 0 1 1 18 46 119 13 11 0 1 0 0 2 5 0 1 0 0 0 14 7 20 163 456 826 531 567 264 827 582 220 63 131 117 43 5 9 546 1086 1212 637 70 72 12 31 146 15 4 35 317 198 162 49 19 326 477 112 11 3 186 160 401 254 221 38 19 11 27 21 6 11 6 1 8 52 7 0 0 1 0 0 0 0 0 0 0 0 0 0 0 0 0 0 1
0 4 1 0 0 0 2 0 6 1 2 3 0 0 0 3 3 0 0 0 0 0 1 0 0 0 0 0 0 0 0 0 0 0 0 4 0 0 1 0 0 3 0 0 0 0 0 5 11 4 11 0 4 4 0 1 0 2 17 13 1 145 7 4 0 0 1 0 0 1 0 0 0 0 0 0 3 16 216 149 367 239 346 162 164 219 247 386 463 239 35 0 0 195 505 617 821 44 16 40 11 5 7 11 117 161 500 318 118 235 467 61 131 14 1 75 211 507 288 132 231 145 226 99 50 344 44 23 79 17 3 66 10 31 0 0 0 0 0 0 0 0 0 0 0 0 0 0 0 0
0 0 0 0 0 0 0 0 10 1 0 0 0 0 0 0 10 4 0 0 0 0 0 0 0 0 0 0 0 0 0 0 0 4 3 1 0 0 1 0 1 11 4 4 4 0 0 0 0 0 0 0 1 0 3 0 0 0 1 3 2 6 0 0 0 4 0 1 1 0 2 0 0 0 0 0 12 12 62 210 533 118 26 48 76 152 9 17 101 367 21 0 0 4 1 101 758 335 237 10 0 10 7 19 20 25 423 209 13 65 300 127 63 65 28 210 454 116 278 645 310 295 129 58 79 111 0 0 0 34 2 1 55 41 116 0 0 0 0 0 0 0 0 0 0 0 0 0 1 0
1 0 0 0 0 1 1 0 6 0 0 0 0 0 0 0 1 12 2 7 2 1 0 1 0 0 0 0 0 0 1 0 1 0 0 1 1 0 0 0 0 2 33 2 15 0 1 10 0 0 0 0 4 0 10 0 0 0 2 2 4 3 0 0 0 1 0 0 0 6 16 0 0 0 0 21 97 39 105 40 209 160 14 1 20 10 5 0 2 3 0 0 10 112 47 16 570 374 530 560 17 1 46 13 13 8 17 80 218 289 1128 573 43 567 210 1 84 70 989 983 119 222 63 0 44 111 3 1 17 14 0 0 51 4 1 0 0 0 0 0 0 0 0 0 0 0 0 0 0 0
0 0 0 0 0 0 2 6 0 3 0 0 0 0 0 0 0 0 101 24 3 5 0 1 0 0 0 0 0 1 20 0 0 0 0 0 1 0 0 0 0 0 2 53 35 0 0 0 0 1 0 40 0 0 0 0 0 0 7 0 18 14 4 0 0 0 37 11 7 7 29 0 0 0 2 294 581 402 96 14 217 249 48 2 19 117 13 1 2 22 2 0 0 53 7 9 71 583 148 172 0 6 294 73 408 83 101 347 277 423 1243 875 649 251 136 246 217 138 885 400 83 41 0 0 0 16 22 0 3 2 0 0 3 1 0 0 0 0 0 0 0 0 0 0 0 0 0 0 0 0
0 0 0 0 0 0 1 2 5 2 0 0 0 0 0 0 0 0 0 3 8 0 0 0 2 0 0 0 0 0 0 0 0 0 0 0 0 0 0 0 0 0 0 6 6 0 0 0 0 11 9 85 1 0 3 0 3 23 15 19 71 20 11 6 12 27 96 138 137 107 28 2 2 0 42 563 879 834 427 8 2 441 50 3 7 9 5 11 0 45 7 12 1 1 0 0 21 282 208 208 6 62 457 736 1063 1049 1233 745 888 1287 985 496 452 512 435 143 94 71 51 46 106 98 25 6 0 14 41 1 11 13 1 0 0 0 0 0 0 0 0 0 0 0 0 0 0 0 0 0 0 0
0 0 0 0 0 0 0 25 11 0 3 0 0 0 0 0 16 0 0 0 0 11 8 2 1 0 0 0 2 2 0 0 0 0 0 0 0 0 0 0 0 0 0 0 0 18 0 0 0 28 41 59 1 1 1 2 19 61 9 94 19 7 2 27 24 26 208 59 35 135 197 29 122 142 542 648 1183 654 95 6 2 0 0 0 0 0 5 91 8 49 4 11 0 0 5 22 41 14 19 13 11 2 1094 499 392 503 711 285 553 748 813 458 636 264 238 50 13 89 32 35 11 1 65 243 43 48 14 3 4 5 0 0 0 0 11 2 0 0 0 0 0 0 0 0 0 0 0 0 0 0
0 0 0 0 0 0 0 0 0 0 0 0 2 0 0 1 5 3 0 5 2 0 10 57 20 15 1 0 0 0 0 0 0 0 0 0 0 0 0 0 0 0 0 1 1 8 2 2 4 19 65 3 2 11 13 45 39 180 79 25 3 3 0 0 0 0 1 0 0 0 0 0 83 21 177 295 762 203 81 0 0 0 0 0 0 0 0 18 25 10 0 0 38 0 1 183 22 0 75 74 9 242 890 722 321 298 302 208 436 533 534 267 532 212 209 87 33 93 164 2 0 0 18 23 22 372 11 4 1 0 0 0 0 0 0 0 0 0 0 0 0 0 0 0 0 0 0 0 0 0
0 0 0 0 0 1 0 0 0 0 0 1 0 0 0 1 0 2 0 1 0 3 2 2 14 1 2 9 0 0 0 0 0 0 0 0 3 0 0 0 0 0 2 0 0 44 62 4 1 33 23 32 15 148 220 21 57 53 270 17 5 1 0 0 2 1 45 130 5 124 57 1 70 23 36 56 20 85 17 5 14 0 4 0 0 0 0 2 114 0 0 34 64 56 13 0 0 0 58 449 127 129 138 123 121 295 291 181 911 412 136 64 29 115 117 14 63 112 10 2 0 2 4 3 99 563 172 6 3 2 0 0 0 0 0 0 0 0 0 0 0 0 0 0 0 0 0 0 0 0
0 0 0 1 4 3 0 0 0 0 0 1 0 1 0 2 0 0 0 5 2 4 2 1 2 1 27 24 21 0 0 0 0 0 0 8 28 0 0 0 0 1 2 1 17 18 7 19 19 259 71 16 12 13 11 39 168 89 29 52 57 13 0 0 0 2 9 33 3 12 7 8 44 5 1 86 55 18 5 11 6 0 5 23 0 18 12 1 4 0 2 71 28 158 23 1 0 16 166 32 106 201 44 17 67 406 133 270 353 0 0 36 2 335 46 0 6 0 0 0 0 0 2 14 30 129 193 336 1 1 0 0 0 0 0 0 0 0 0 0 0 0 0 0 0 0 0 0 0 0
0 0 0 0 1 0 0 0 0 0 0 0 0 0 0 0 2 0 1 2 1 24 55 1 1 0 1 9 101 4 0 122 1 0 0 0 0 0 0 0 0 1 2 97 8 94 60 20 1 260 21 7 2 4 37 5 12 127 4 0 2 2 9 0 0 9 1 0 17 15 40 16 4 0 0 95 16 0 4 2 5 0 0 0 0 14 6 0 9 5 1 15 3 0 0 11 0 27 9 1 811 1002 572 92 46 154 107 336 123 9 0 0 2 69 6 0 0 0 0 0 0 0 0 7 16 6 4 88 1 0 0 0 0 0 0 0 0 0 0 0 0 0 0 1 0 0 0 0 0 0
0 0 0 0 2 0 1 0 0 0 0 0 0 0 0 0 0 0 6 0 3 4 9 1 0 11 2 5 1 1 5 15 3 0 0 0 0 0 0 3 6 4 12 18 5 20 11 41 66 201 269 112 12 23 18 2 40 0 0 0 0 10 7 23 179 64 0 0 2 4 85 22 1 1 3 94 162 49 0 15 3 1 2 4 1 0 2 2 19 1 4 0 0 0 2 0 0 1 287 328 1062 1144 381 97 1 13 105 104 6 0 0 0 0 11 0 0 0 0 0 0 0 0 1 6 0 0 38 163 0 0 3 0 0 0 0 0 0 0 0 0 0 0 0 0 0 0 0 0 0 0
0 0 0 0 0 0 0 0 0 0 0 0 0 2 2 4 2 0 0 1 1 3 6 4 1 2 2 0 0 0 25 205 4 4 0 0 0 11 0 0 48 8 0 0 1 0 0 8 300 736 192 196 10 0 0 4 0 3 0 0 1 1 0 0 4 9 14 1 1 36 35 13 5 0 1 14 71 46 21 40 5 12 5 14 4 1 5 5 134 32 10 11 2 92 0 7 2 0 67 323 150 74 23 0 5 5 133 31 4 0 0 0 6 55 0 0 0 0 0 0 0 0 0 0 0 23 14 0 0 4 4 0 0 0 0 0 0 0 0 0 0 0 0 0 0 0 0 0 0 0
0 0 0 0 0 0 0 0 0 0 0 0 0 0 1 0 0 0 0 0 0 4 12 16 1 0 0 0 0 0 0 1 13 2 6 0 8 521 10 10 0 0 0 0 0 0 12 15 20 342 213 98 9 0 0 1 0 2 8 0 0 0 0 0 9 3 16 8 0 2 9 25 21 0 0 0 4 1 23 50 2 12 4 0 0 10 97 0 0 1 1 0 2 5 0 1 3 0 0 0 3 0 3 15 52 36 25 41 80 246 37 7 31 0 0 0 0 0 0 0 0 0 0 4 23 62 33 1 0 0 1 2 0 0 0 0 0 0 0 0 0 0 0 0 0 0 0 0 0 0
0 0 0 0 0 0 0 0 0 0 0 0 0 2 5 0 2 0 0 1 18 1 0 0 1 1 0 0 0 0 1 2 4 2 3 1 3 17 1 0 0 0 0 0 4 69 13 42 5 89 86 18 4 3 3 1 9 30 0 0 0 0 0 0 0 0 2 2 0 0 0 1 123 29 12 2 0 0 0 0 0 4 57 102 5 1 12 0 0 0 0 3 1 0 0 0 0 1 0 0 1 1 0 55 30 15 11 1 9 19 0 73 10 0 0 0 0 0 0 0 0 0 25 64 12 2 16 35 0 0 0 0 0 0 0 0 0 0 0 0 0 0 0 0 0 0 0 0 0 0
2 0 0 0 0 0 0 0 0 0 0 0 0 0 0 0 0 0 0 0 1 0 0 0 0 0 0 0 0 0 0 2 7 4 11 0 0 91 0 0 0 0 0 19 9 14 74 1 14 19 80 18 16 13 13 0 1 1 1 0 0 0 0 0 13 0 0 6 5 1 4 0 8 197 19 8 0 0 0 0 1 4 14 74 13 4 1 0 0 1 1 1 0 0 0 0 1 2 0 9 8 9 1 14 520 0 0 3 0 0 0 1 2 0 0 0 2 0 5 0 0 0 1 0 0 15 12 0 0 0 1 0 0 0 0 0 0 0 0 0 0 0 0 0 0 0 0 0 0 0
0 0 0 0 0 0 0 0 0 0 0 0 0 0 16 0 0 1 0 0 0 16 0 1 0 0 0 0 0 0 0 0 5 15 22 0 0 23 0 0 0 0 0 3 47 16 3 0 11 2 45 7 0 2 0 0 1 1 0 1 2 0 2 0 17 9 0 1 6 2 5 14 0 1 1 1 10 0 0 0 0 0 0 1 0 12 0 5 0 3 0 1 1 0 9 1 0 1 0 3 14 13 9 88 235 172 0 2 0 0 0 0 10 7 10 4 0 0 0 0 0 0 0 0 0 20 3 43 0 0 0 0 0 0 0 0 0 16 0 0 0 0 0 0 0 0 0 0 0 0
0 0 0 0 0 0 0 0 0 0 0 0 0 0 4 0 0 2 2 0 0 21 0 1 0 0 0 9 2 0 0 1 0 6 9 1 0 1 0 0 0 5 0 4 52 6 4 0 0 1 17 11 1 0 0 1 0 0 0 0 0 0 0 1 4 0 0 1 0 0 3 7 1 0 0 4 8 3 0 0 0 49 36 0 0 14 4 8 1 1 6 0 0 0 0 5 0 0 0 0 10 12 8 1 27 267 35 0 0 0 0 0 0 4 12 13 0 0 6 0 0 0 0 0 5 89 9 2 0 0 0 0 0 0 1 0 4 7 0 0 0 0 0 0 0 0 0 0 0 0
0 0 0 0 0 0 0 0 0 0 0 0 0 1 1 2 5 10 4 1 0 8 6 0 0 0 0 0 0 1 6 0 0 32 12 0 0 14 8 16 36 34 77 79 77 2 1 1 4 1 4 11 20 2 1 1 0 0 0 0 0 0 1 0 0 0 0 0 5 22 54 14 2 6 0 1 0 4 0 0 0 0 0 0 0 0 0 8 10 1 1 0 0 0 0 0 0 0 0 0 0 18 17 5 40 786 692 17 1 0 0 0 0 0 0 0 5 259 46 1 0 0 0 20 70 28 41 91 99 20 0 0 0 0 0 8 28 0 0 0 0 0 0 0 0 0 0 0 0 0
0 0 0 0 0 0 0 2 0 6 1 0 8 3 9 5 14 28 2 2 1 2 4 0 0 0 0 2 5 1 2 1 4 1 5 9 47 14 32 84 204 509 291 265 73 8 0 2 0 0 0 6 48 14 1 0 0 0 0 0 0 0 0 0 0 0 0 0 0 1 11 19 1 0 112 10 0 20 3 0 0 5 2 0 4 0 0 0 4 17 2 11 0 0 5 15 2 0 0 0 0 36 14 9 206 302 341 288 6 0 0 0 0 0 0 1 177 33 6 0 0 0 135 29 183 112 614 368 11 60 0 0 2 12 0 2 0 0 0 0 0 0 0 0 0 0 0 0 0 0
0 0 0 0 0 0 0 0 4 9 4 25 23 0 0 1 4 2 1 0 21 2 5 13 4 2 0 0 0 0 1 0 0 5 18 9 2 6 73 227 705 780 526 509 39 3 1 3 0 0 3 2 36 64 5 1 0 0 0 0 0 0 0 0 0 0 0 0 4 0 1 0 0 0 0 1 1 2 2 0 0 0 1 1 11 0 0 0 1 3 5 0 4 12 10 17 0 0 0 1 0 1 26 6 3 76 0 59 15 0 0 0 1 0 25 40 317 430 37 43 17 14 12 80 36 56 280 345 269 188 15 27 14 62 4 0 0 0 0 0 0 0 0 0 0 0 0 0 0 0
0 0 0 0 0 0 0 1 0 0 1 1 2 0 1 2 0 1 2 4 0 2 68 15 0 0 0 3 1 1 6 2 0 0 3 19 7 11 24 64 455 297 383 236 18 3 4 5 0 2 1 2 20 10 4 8 4 0 0 0 0 0 0 0 0 0 0 0 3 0 0 1 0 0 0 2 2 3 0 0 2 11 12 5 28 0 0 0 22 11 1 0 5 5 0 0 1 4 1 1 0 0 0 3 3 7 0 1 19 0 0 6 1 0 31 824 439 520 139 133 165 45 38 4 0 3 7 55 1 65 7 202 443 26 17 0 0 0 0 0 0 0 0 0 0 0 0 0 0 0
0 0 0 0 0 0 0 2 0 0 2 10 2 1 0 7 0 1 12 9 177 53 5 0 0 0 0 2 1 4 0 4 7 39 9 3 0 3 0 190 305 286 198 151 103 8 9 0 73 4 0 0 2 6 8 1 1 0 0 0 0 0 0 0 0 0 0 0 0 0 0 0 0 0 0 0 0 1 15 0 14 4 47 115 27 0 0 0 0 0 0 0 4 1 0 0 4 4 0 0 1 0 0 3 2 0 2 3 144 125 179 357 104 68 335 660 297 287 83 277 44 118 3 0 42 10 21 80 0 0 26 124 301 42 71 1 0 0 0 0 0 0 0 0 0 0 0 0 0 0
0 0 0 0 0 0 0 1 1 0 1 1 1 9 0 4 2 2 2 12 60 0 0 0 0 0 0 0 0 6 3 22 1 5 11 2 3 7 4 5 33 80 21 22 2 0 0 0 4 0 1 4 26 3 3 6 2 0 5 0 0 0 0 0 0 0 0 0 0 1 0 0 0 0 0 2 2 14 6 1 17 7 5 6 0 2 0 0 1 1 6 0 0 4 7 3 0 0 0 0 0 0 0 0 0 2 9 5 122 49 77 65 121 219 1016 338 244 250 77 350 56 14 0 6 4 13 9 3 0 0 41 152 0 0 1 0 0 0 0 0 0 0 0 0 0 0 0 0 0 0
0 0 1 0 0 4 8 3 2 3 0 0 0 1 4 2 3 4 7 26 12 0 0 0 0 0 6 2 2 1 42 3 4 1 6 0 0 1 9 1 5 5 4 3 3 0 0 0 1 2 0 15 307 11 4 22 19 1 3 0 0 0 0 0 0 0 0 0 0 0 0 0 0 0 0 0 4 7 2 2 0 0 3 0 0 0 0 0 0 0 0 0 0 17 1 0 4 0 0 0 1 0 0 0 0 1 6 48 28 1 1 13 198 122 126 358 108 153 90 67 190 1 0 0 0 0 0 0 0 0 1 65 9 0 0 0 0 0 0 0 0 0 0 0 0 0 0 0 0 0
0 0 0 1 3 0 4 3 0 5 1 0 2 9 4 5 41 6 3 0 1 0 8 0 0 1 0 28 24 7 21 66 6 1 0 0 1 0 3 0 4 9 9 2 3 0 4 0 0 0 0 9 91 70 2 21 1 0 0 0 0 0 0 0 0 0 0 0 0 0 0 0 0 0 0 0 5 3 1 0 0 0 0 0 0 0 0 0 2 0 3 2 12 29 3 2 7 3 1 5 2 0 0 0 1 0 1 57 432 3 0 0 0 1 1 0 2 38 265 513 61 0 0 0 0 1 0 0 0 0 0 0 74 1 0 0 0 0 0 0 0 0 0 0 0 0 0 0 0 0
0 1 0 3 6 0 6 54 3 1 5 5 7 0 0 57 34 8 1 3 0 1 0 3 0 1 1 2 3 8 11 2 4 2 0 0 1 0 1 0 14 3 0 1 1 0 1 0 0 0 0 19 3 19 15 1 4 0 1 0 0 0 0 0 0 0 0 0 0 0 0 0 0 0 0 0 4 9 0 0 0 0 1 0 0 0 0 1 21 0 8 0 0 12 0 0 0 0 7 0 0 1 12 3 5 34 48 41 123 0 0 0 0 0 1 1 0 0 83 210 185 143 0 0 11 34 0 0 0 38 103 25 24 16 0 0 0 0 0 0 0 0 0 0 0 0 0 0 0 0
0 2 0 0 0 0 2 0 0 3 16 3 0 1 26 27 29 21 8 0 1 0 0 7 1 1 0 0 1 2 0 0 0 2 2 2 0 0 0 4 0 5 3 1 4 0 2 0 0 0 5 33 19 22 24 10 3 0 0 1 0 0 0 0 0 0 0 0 0 0 0 0 0 0 0 0 0 15 98 4 0 2 0 0 0 0 2 46 9 0 0 0 2 1 0 43 0 1 2 3 22 4 31 22 1 5 24 7 50 69 0 0 0 7 17 45 207 462 95 119 459 95 0 15 252 49 0 0 0 64 110 0 0 0 0 0 0 0 0 0 0 0 0 0 0 0 0 0 0 0
0 0 1 1 0 0 9 3 5 2 5 36 7 20 1 0 1 3 0 1 0 0 1 1 3 0 3 1 19 0 0 0 1 0 0 0 0 0 1 0 1 8 15 9 4 1 2 1 0 0 2 53 10 3 0 0 0 0 1 0 0 0 0 0 0 0 0 0 0 0 0 0 0 0 0 0 0 39 30 1 0 0 0 0 0 0 2 11 0 0 1 0 1 3 0 0 1 0 2 3 0 2 1 2 4 2 7 37 23 19 0 0 0 0 106 481 698 444 34 31 44 72 118 229 76 0 0 3 3 361 172 1 0 0 0 0 0 0 0 0 0 0 0 0 0 0 0 0 0 0
0 0 1 0 0 0 3 7 1 0 3 13 0 0 0 0 0 0 0 3 0 0 0 0 0 0 1 2 2 0 0 0 0 5 0 0 0 0 68 0 0 6 1 1 2 2 0 1 0 0 3 56 0 1 1 0 0 1 4 1 0 0 0 0 0 0 0 0 0 0 0 0 0 0 0 3 2 4 58 12 3 14 6 1 0 0 0 0 0 0 0 0 3 6 0 0 0 0 0 8 2 16 1 5 3 2 5 6 12 0 0 2 34 26 36 23 2 45 278 247 13 232 403 350 285 187 106 112 605 1261 499 8 1 0 0 0 0 0 0 0 0 0 0 0 0 0 0 0 0 0
0 5 3 0 0 2 10 1 0 3 59 4 0 5 4 1 1 1 0 0 0 0 0 0 0 12 32 5 0 0 0 4 2 2 1 0 0 0 1 8 8 2 3 1 0 4 3 1 1 1 15 257 31 1 1 2 0 0 1 0 0 0 0 0 0 0 0 0 0 0 0 0 0 0 0 0 12 9 38 2 1 9 10 0 0 0 0 0 2 3 1 2 1 6 0 7 5 0 0 1 5 0 1 4 13 4 4 2 88 42 3 12 11 10 3 3 3 143 157 337 499 672 823 384 1318 1126 618 442 719 600 365 1 0 0 0 0 0 0 0 0 0 0 0 0 0 0 0 0 0 0
0 0 0 0 0 1 0 0 12 4 0 2 1 1 1 4 4 2 0 0 0 0 0 0 4 3 7 0 1 0 0 0 0 1 4 2 1 0 5 0 0 0 0 0 0 2 0 0 14 25 576 474 11 90 34 2 0 2 4 14 1 0 0 0 0 0 0 0 0 0 0 0 0 0 0 0 1 0 3 5 0 5 0 0 0 0 0 0 4 0 0 0 26 0 0 0 0 0 0 1 11 3 5 1 11 9 46 28 4 4 6 0 3 6 2 1 3 60 528 1316 1151 717 245 1120 1639 729 158 509 525 14 64 57 0 0 0 0 0 0 0 0 0 0 0 0 0 0 0 0 0 0
6 13 0 4 4 0 2 1 9 7 2 1 1 4 0 1 2 1 0 0 0 0 0 1 8 2 0 0 0 0 0 30 19 0 2 3 5 0 1 1 0 1 0 0 0 0 0 0 1 24 640 525 429 470 32 15 9 0 1 1 1 0 0 0 0 0 0 0 0 0 0 0 0 0 2 0 0 0 0 4 0 24 1 0 0 0 0 16 61 0 1 11 13 0 0 0 0 0 0 2 10 1 10 8 4 92 337 9 8 1 4 2 5 15 4 8 6 6 84 590 323 419 222 2016 1321 417 184 188 8 441 658 579 1 0 0 0 0 0 0 0 0 0 0 0 0 0 0 0 0 0
0 0 0 10 1 2 6 6 9 2 5 80 3 5 0 1 0 0 0 0 0 0 0 1 0 0 0 0 0 0 0 14 9 6 0 0 0 1 0 0 0 0 0 1 0 0 1 0 0 1 207 328 627 342 125 41 0 4 1 3 0 0 0 0 0 0 0 0 0 0 0 0 0 0 0 0 0 0 0 7 0 3 4 0 0 0 1 37 27 2 1 23 203 0 0 0 0 0 0 2 8 47 15 90 24 7 6 4 0 0 0 0 2 9 2 5 3 5 0 47 311 201 323 583 753 550 292 424 222 470 345 230 0 0 0 0 0 0 0 0 0 0 0 0 0 0 0 0 0 0
5 2 4 3 0 8 6 4 4 0 1 3 0 0 0 0 0 0 0 0 0 0 0 0 0 0 0 0 0 0 0 0 0 0 0 1 1 0 0 0 0 0 0 0 0 19 2 2 3 0 8 130 219 58 11 11 3 1 3 1 1 0 0 0 0 1 0 0 0 0 0 0 0 0 0 0 0 0 0 0 1 1 0 0 0 0 20 41 10 3 1 157 122 19 5 0 0 0 0 15 17 3 33 77 23 0 5 0 54 4 0 0 6 19 12 4 1 8 13 28 133 599 387 236 185 702 659 1242 203 117 75 117 0 0 0 0 0 0 0 0 0 0 0 0 0 0 0 0 0 0
1 0 17 0 2 0 24 40 4 7 3 4 0 4 0 0 0 0 0 0 0 0 0 0 0 0 0 0 4 3 0 0 0 0 0 0 0 1 0 0 1 0 0 0 0 1 0 1 0 22 0 18 72 13 15 0 0 89 32 7 1 0 0 0 0 0 0 0 0 0 0 0 0 0 0 0 0 0 0 0 0 0 9 14 6 139 1 2 12 43 87 134 128 3 6 0 0 0 15 62 28 255 125 375 467 54 14 2 9 6 0 0 3 3 0 1 6 57 63 444 361 448 1693 1130 563 175 1825 1720 1091 0 0 1 0 0 0 0 0 0 0 0 0 0 0 0 0 0 0 0 0 0
1 3 11 0 9 8 7 23 5 11 2 0 0 1 0 0 0 0 0 0 0 0 0 0 0 0 0 0 0 0 0 0 0 1 0 0 0 0 0 0 2 0 0 0 0 0 0 0 0 3 0 7 37 2 8 0 0 5 74 9 0 0 0 0 0 0 0 0 0 0 0 0 0 0 0 0 0 0 0 0 0 1 9 0 0 1 1 8 3 27 114 77 102 5 22 2 1 0 0 184 306 368 471 168 152 20 1 5 0 10 2 0 0 0 2 1 4 508 196 404 417 2 6 121 119 150 208 754 304 2 171 3 0 0 0 0 0 0 0 0 0 0 0 0 0 0 0 0 0 0
1 0 171 0 24 126 91 7 0 0 1 0 0 0 0 0 0 1 0 0 0 0 0 0 0 0 0 0 0 0 0 0 0 0 0 0 0 0 0 0 0 1 0 0 0 1 0 0 1 0 0 6 15 0 0 1 1 3 4 23 1 0 0 0 0 0 0 0 0 0 0 0 0 0 0 0 0 0 0 0 20 29 0 0 11 0 137 6 0 0 1 6 1 0 0 0 0 0 0 9 13 46 991 203 107 184 9 11 4 1 217 2 0 0 0 13 302 277 103 11 0 0 0 0 84 449 130 391 268 7 25 30 0 0 0 0 0 0 0 0 0 0 0 0 0 0 0 0 0 0
2 27 87 158 356 532 266 22 4 0 0 0 0 0 1 0 0 0 0 1 1 5 0 0 0 0 0 0 0 0 0 0 0 0 0 0 0 0 0 0 0 0 0 6 3 0 0 2 4 2 0 16 13 4 0 0 1 0 7 1 2 1 0 0 0 0 0 0 0 0 0 0 0 0 0 0 0 0 2 7 3 0 0 0 11 1 9 145 41 0 0 0 0 0 0 0 0 0 0 0 0 167 436 129 158 172 4 3 0 10 5 7 0 0 1 28 125 17 16 58 0 0 0 0 9 355 290 510 186 6 64 5 0 0 0 0 0 0 0 0 0 0 0 0 0 0 0 0 0 0
1 75 301 885 623 311 184 25 1 0 0 1 7 0 0 0 0 0 0 0 0 1 0 0 0 0 0 0 0 1 0 0 0 0 0 0 0 0 0 1 0 4 0 1 4 0 0 16 30 0 0 0 9 0 0 0 1 1 1 0 0 13 0 0 0 0 0 0 0 0 0 0 0 0 0 0 0 11 0 0 0 0 0 0 0 0 37 33 1 0 1 0 0 0 0 0 0 0 0 0 17 41 11 13 114 89 0 0 2 0 11 15 8 7 16 2 4 4 6 27 17 458 12 0 10 58 72 213 48 0 0 0 0 0 0 0 0 0 0 0 0 0 0 0 0 0 0 0 0 0
1 4 181 262 98 125 17 20 1 4 2 1 1 0 0 0 0 0 0 1 0 3 0 0 0 0 1 0 2 5 2 0 0 0 1 0 0 1 0 0 1 0 0 0 0 1 0 0 4 16 0 0 0 0 0 2 0 0 0 0 0 0 0 0 0 0 0 0 0 0 0 0 0 0 0 0 0 0 0 0 0 0 0 0 0 0 110 21 1 6 19 0 0 0 1 19 0 0 0 327 825 121 163 129 7 87 33 0 4 0 3 4 5 0 0 0 1 1 8 44 62 24 114 244 47 18 0 2 0 2 0 0 0 0 0 0 0 0 0 0 0 0 0 0 0 0 0 0 0 0
10 20 34 37 21 8 0 1 1 0 20 0 0 0 0 0 0 0 1 0 2 64 0 0 0 0 0 0 0 0 0 0 0 1 1 0 1 0 0 0 0 0 0 0 0 16 1 0 0 0 0 0 1 0 1 14 0 0 0 0 0 0 0 0 0 0 0 0 0 0 0 0 0 0 0 0 5 3 0 0 0 0 0 0 0 0 18 0 0 88 30 0 0 0 84 83 47 5 168 1301 441 483 47 17 2 24 31 55 5 17 20 0 2 0 0 0 0 2 14 42 80 10 31 20 6 54 45 14 78 25 17 0 0 0 0 0 0 0 0 0 0 0 0 0 0 0 0 0 0 0
15 24 9 4 1 0 0 0 7 0 0 0 0 0 0 0 0 0 2 4 1 4 1 1 0 0 0 0 0 4 0 0 0 2 0 0 0 0 0 0 1 0 0 1 8 3 0 4 0 0 0 0 1 0 99 12 11 0 0 0 0 0 0 0 0 0 0 0 0 0 0 0 0 0 21 8 0 0 0 0 0 0 0 0 0 0 12 0 0 0 104 8 4 5 102 240 52 3 93 129 19 16 15 5 19 1 0 100 483 91 0 0 0 0 13 0 0 2 0 1 30 1 2 4 15 51 41 58 282 34 37 0 0 0 0 0 0 0 0 0 0 0 0 0 0 0 0 0 0 0
24 1 4 0 0 0 0 0 0 0 0 0 0 0 0 0 0 0 0 0 0 0 0 0 0 0 0 1 0 0 11 35 2 0 0 0 0 0 0 0 0 0 0 0 0 0 0 0 0 0 0 0 4 2 22 1 0 0 0 0 0 0 0 0 0 0 0 0 0 0 0 0 0 0 4 56 0 0 0 0 0 0 0 0 0 0 36 96 115 75 80 19 15 8 5 26 3 1 0 2 7 6 0 1 3 0 111 358 103 7 0 0 0 0 5 0 0 3 0 0 1 0 7 20 17 154 25 141 75 212 36 1 0 0 0 0 0 0 0 0 0 0 0 0 0 0 0 0 0 0
1 1 0 2 0 0 0 0 0 0 0 0 0 0 0 0 0 0 0 0 0 0 0 0 0 0 0 1 6 0 0 0 9 0 0 0 0 0 0 0 0 0 0 0 0 0 0 0 0 0 0 1 2 26 9 1 0 0 0 0 0 0 0 0 0 0 0 0 0 0 0 16 2 2 0 0 0 0 0 0 0 0 0 0 0 0 0 1 136 10 0 0 0 4 1 25 0 0 8 0 0 8 2 5 2 152 485 287 24 38 0 0 0 0 0 0 0 0 50 8 0 31 0 9 7 3 74 39 3 15 0 0 0 0 0 0 0 0 0 0 0 0 0 0 0 0 0 0 0 0
8 0 0 0 1 0 1 0 0 0 0 0 0 0 0 0 1 0 0 2 0 0 0 3 0 0 0 0 0 0 0 0 0 0 0 0 0 0 0 0 0 0 0 0 0 2 0 0 0 0 1 0 1 32 4 0 94 1 0 0 0 0 0 0 0 0 0 0 0 0 0 0 7 0 1 0 0 0 0 0 0 0 0 0 0 0 6 0 0 0 0 0 0 23 0 0 1 0 5 0 1 7 2 1 45 123 72 4 44 679 0 0 0 0 0 0 0 0 1 8 0 24 2 67 64 25 192 32 11 29 3 0 0 0 0 0 0 0 0 0 0 0 0 0 0 0 0 0 0 0
0 0 0 0 2 15 0 0 0 0 0 0 0 0 0 0 0 2 0 0 0 0 0 0 0 0 3 0 0 0 0 13 0 0 1 0 0 0 0 0 0 0 1 1 0 0 0 0 0 0 6 0 2 3 2 0 3 0 0 0 0 0 0 0 0 0 0 0 2 3 1 0 0 0 0 0 0 0 0 0 0 0 0 0 1 0 0 1 0 0 0 30 97 12 0 0 1 0 1 1 4 10 13 9 23 20 0 8 2 3 3 0 0 0 0 0 0 0 0 0 4 2 2 35 0 0 0 194 14 2 0 0 0 0 0 0 0 0 0 0 0 0 0 0 0 0 0 0 0 0
0 0 0 0 39 31 0 0 0 0 0 0 0 0 2 0 0 4 0 0 0 0 0 0 0 0 1 0 7 0 1 0 0 0 0 0 0 0 0 1 0 0 0 8 1 0 0 0 0 33 0 0 0 4 2 0 1 13 0 0 0 0 0 0 0 0 0 0 2 1 0 0 1 0 0 0 0 0 0 0 0 0 0 0 0 0 0 0 22 37 145 236 90 6 0 0 0 0 0 10 46 438 315 27 2 38 3 0 0 18 0 0 0 0 0 0 0 0 0 0 0 0 0 0 0 0 84 38 0 0 0 0 0 0 0 0 0 0 0 0 0 0 0 0 0 0 0 0 0 0
0 0 0 0 2 1 0 0 0 0 0 0 0 3 0 0 0 0 0 0 0 0 0 0 0 0 0 0 0 1 0 0 0 0 0 1 0 0 0 0 0 0 0 0 10 1 0 0 0 0 0 0 0 0 0 0 0 0 0 0 0 0 0 0 0 0 0 0 6 0 0 0 0 0 0 0 0 0 0 0 0 0 0 0 0 0 1 1 108 68 217 131 74 10 51 1 0 2 0 27 100 81 58 12 0 0 2 0 0 0 2 0 0 0 0 0 0 0 0 0 0 48 101 0 0 9 11 0 0 0 0 0 0 0 0 0 0 0 0 0 0 0 0 0 0 0 0 0 0 0
0 0 0 0 2 1 1 0 0 0 0 0 9 10 0 0 1 1 0 0 0 0 0 0 0 6 3 0 0 8 0 0 0 0 0 0 0 0 0 0 0 0 0 1 1 8 1 0 0 1 47 0 0 14 6 0 0 0 0 0 0 0 0 0 0 0 1 14 122 0 0 0 0 0 0 0 0 0 0 0 0 0 0 0 1 11 9 2 1 5 0 3 13 4 27 0 0 2 3 9 36 0 0 1 0 0 0 0 0 17 33 13 0 0 0 0 0 0 0 0 0 0 0 0 44 0 0 1 0 0 0 0 0 0 0 0 0 0 0 0 0 0 0 0 0 0 0 0 0 0
0 0 0 0 2 1 1 0 0 0 0 0 0 0 1 0 0 1 0 0 0 0 0 0 0 0 3 0 0 0 0 0 0 0 1 0 0 0 0 0 0 0 0 0 1 0 2 0 0 2 0 0 0 7 1 4 2 1 0 0 0 0 0 0 0 0 2 24 14 0 0 0 0 0 0 0 0 0 0 0 0 0 0 0 50 1 0 1 2 9 8 2 5 1 35 1 4 20 5 3 9 3 3 0 2 0 0 2 31 139 83 240 8 19 0 0 0 0 0 0 0 0 1 0 0 0 0 0 0 0 0 0 0 0 0 0 0 0 0 0 0 0 0 0 0 0 0 0 0 0
0 0 0 0 0 1 5 1 0 0 0 0 0 0 0 1 0 0 0 0 0 0 0 0 1 1 0 0 0 0 0 0 0 0 0 0 0 0 0 0 0 0 0 0 0 0 0 2 15 1 0 0 0 2 1 41 38 0 15 0 0 0 0 0 1 1 18 117 0 0 0 2 0 0 0 0 0 0 0 0 0 0 0 22 51 0 0 5 4 0 16 1 7 0 2 10 34 16 6 2 0 0 4 7 3 1 22 5 15 17 99 65 10 1 3 0 0 0 0 0 0 0 0 0 0 0 0 0 0 0 0 0 0 0 0 0 0 0 0 0 0 0 0 0 0 0 0 0 0 0
0 0 0 0 0 0 0 0 0 0 0 7 0 0 1 2 0 0 0 0 0 0 0 0 0 0 0 0 1 1 0 0 0 0 0 4 0 0 1 0 0 0 0 0 0 1 0 9 25 1 3 0 0 0 4 2 1 0 15 5 4 1 0 4 3 3 1 0 0 0 0 0 0 0 0 0 0 0 0 0 0 0 0 0 0 0 2 9 0 1 2 0 0 0 5 206 5 0 0 0 0 0 0 0 16 39 332 706 340 69 29 0 5 2 0 0 0 0 0 0 0 0 0 0 0 0 0 0 0 0 0 0 0 0 0 0 0 0 0 0 0 0 0 0 0 0 0 0 0 0
0 0 0 1 0 23 0 5 0 2 1 0 1 0 5 7 0 0 0 0 0 0 0 0 0 0 0 0 0 0 1 0 0 0 0 0 0 0 20 0 0 2 0 1 0 1 7 8 3 0 0 0 4 1 5 2 0 0 0 0 0 0 0 4 1 0 0 2 0 14 0 13 0 0 0 0 0 0 0 0 0 0 0 0 0 0 0 1 0 0 6 4 0 3 95 10 1 0 0 0 0 1 0 25 39 38 123 313 162 166 79 115 14 0 0 0 0 0 0 0 0 0 0 0 0 0 0 0 0 0 0 0 0 0 0 0 0 0 0 0 0 0 0 0 0 0 0 0 0 0
0 0 0 0 8 59 4 0 0 0 0 0 0 1 0 0 0 0 0 0 0 0 0 0 0 0 0 0 0 0 0 0 1 0 0 0 0 0 0 3 0 1 1 0 0 0 21 0 4 4 1 0 2 0 2 0 0 1 1 0 0 1 0 1 1 2 3 2 1 0 0 0 0 1 0 0 0 0 0 0 0 0 0 0 0 4 0 0 0 1 0 0 8 13 2 15 157 0 0 0 0 0 0 36 106 198 1 0 83 32 0 3 6 0 0 0 0 0 0 0 0 0 0 0 0 0 0 0 0 0 0 0 0 0 0 0 0 0 0 0 0 0 0 0 0 0 0 0 0 0
0 0 0 0 5 0 0 0 6 1 3 0 0 0 0 0 0 0 1 0 0 0 0 0 0 0 0 0 0 0 0 0 0 0 0 0 0 0 0 0 0 0 0 0 0 0 0 3 2 1 1 0 0 0 1 0 0 0 5 0 1 6 0 0 0 0 0 0 0 0 3 4 6 0 0 0 0 0 0 0 0 0 0 0 0 0 0 0 0 0 0 10 49 25 12 134 208 0 0 0 0 0 0 7 8 0 0 0 0 0 25 70 0 0 0 0 0 0 0 0 0 0 0 0 0 0 0 0 0 0 0 0 0 0 0 0 0 0 0 0 0 0 4 12 1 0 0 0 0 0
0 0 0 4 0 1 0 0 0 1 0 0 10 0 1 2 0 0 0 0 0 0 0 0 0 0 0 0 0 0 0 0 0 0 0 0 0 0 0 0 0 0 0 0 0 0 0 0 0 1 3 3 3 2 0 0 0 0 1 0 0 0 0 0 0 0 0 0 0 0 0 1 0 0 0 0 0 0 0 0 0 0 0 0 0 0 0 0 42 1 4 15 134 151 61 0 1 1 0 0 0 0 1 0 1 0 0 6 0 37 77 0 0 0 0 0 0 0 0 0 0 0 0 0 0 0 0 0 0 0 0 0 0 0 0 0 0 0 0 0 0 0 0 1 0 0 0 0 0 0
0 0 0 0 1 0 0 0 0 0 0 0 0 3 0 0 0 0 0 0 0 0 0 0 0 0 0 0 0 0 0 0 0 0 0 0 0 0 0 0 0 0 0 0 0 0 0 0 0 0 0 10 17 0 0 0 0 0 0 0 0 0 0 0 0 0 0 0 0 0 0 0 2 0 0 0 0 0 0 0 0 0 0 0 0 0 0 0 0 1 5 25 443 0 0 3 8 0 0 0 0 0 0 0 1 0 0 0 6 1 16 0 0 0 0 0 0 0 0 0 0 0 0 0 0 0 0 0 0 0 0 0 0 0 0 0 0 0 0 0 0 0 0 0 0 0 0 0 0 0
0 0 0 0 0 0 0 0 0 0 0 0 1 0 0 1 0 0 0 0 0 0 0 0 0 0 0 0 0 0 0 0 0 0 0 0 0 0 0 0 0 0 0 0 0 0 0 0 0 0 0 6 1 0 0 0 2 0 1 5 1 1 0 0 0 0 0 0 0 0 0 30 3 0 0 0 0 0 0 0 0 0 0 0 0 0 0 0 0 0 3 9 1 6 6 0 0 0 0 0 0 0 0 0 2 0 0 0 0 0 0 0 0 0 0 0 0 0 0 0 0 0 0 0 0 0 0 0 0 0 0 0 0 0 0 0 0 0 0 0 0 0 0 0 0 0 0 0 0 0
0 0 0 0 0 0 0 0 0 0 0 0 0 0 0 0 0 0 0 0 0 0 3 25 0 0 0 0 0 0 0 0 0 0 0 0 0 0 0 0 0 0 0 0 0 0 0 0 0 0 0 27 3 0 0 0 6 4 0 0 0 1 6 0 0 0 0 0 0 0 0 2 6 5 2 0 0 0 0 0 0 0 0 0 0 0 0 0 0 2 1 8 11 22 18 0 0 0 0 0 0 0 0 0 0 0 0 0 0 0 0 0 0 0 0 0 0 0 0 0 0 0 0 0 0 0 0 0 0 0 0 0 0 0 0 0 0 0 0 0 0 0 0 0 0 0 0 0 0 0
0 0 0 0 0 0 0 0 0 0 0 0 0 0 0 0 0 0 0 0 0 2 1 0 3 0 0 0 0 1 0 0 0 0 0 0 0 0 0 0 0 0 0 0 0 0 0 0 0 0 0 17 19 1 2 0 6 0 0 0 0 8 42 0 0 0 0 0 0 0 0 0 0 0 3 0 0 0 0 0 0 0 0 0 0 0 0 0 0 0 6 4 1 16 17 2 0 0 0 0 0 0 0 0 0 0 0 0 0 0 0 0 0 0 0 0 0 0 0 0 0 0 0 0 0 0 0 0 0 0 0 0 0 0 0 0 0 0 0 0 0 0 0 0 0 0 0 0 0 0
0 0 0 0 0 0 0 0 0 0 0 0 0 1 0 0 2 0 0 0 0 0 0 0 0 0 0 0 0 1 0 0 0 0 0 0 0 0 0 0 0 0 0 0 0 0 0 0 0 2 3 24 133 1 9 1 0 0 0 0 0 15 0 0 0 0 0 0 0 0 0 0 0 2 0 0 0 0 0 0 0 0 0 0 0 0 0 0 0 0 0 0 5 9 3 3 0 1 0 0 0 0 0 0 0 0 0 0 0 0 0 0 0 0 0 0 0 0 0 0 0 0 0 0 0 0 0 0 0 0 0 0 0 0 0 0 0 0 0 0 0 0 0 0 0 0 0 0 0 0
0 0 0 0 0 0 0 1 0 0 0 1 6 93 0 0 0 1 0 0 0 0 0 0 1 0 0 0 0 0 0 0 0 0 0 0 0 0 0 0 0 0 0 0 0 0 0 0 1 2 0 10 107 0 8 1 0 0 0 0 1 1 1 0 0 0 0 0 0 0 0 0 0 0 0 0 0 0 0 0 0 0 0 0 0 0 0 0 0 0 0 1 2 6 2 0 3 3 0 7 0 0 0 0 0 0 0 0 0 0 0 0 0 0 0 0 0 0 0 0 0 0 0 0 0 0 0 0 0 0 0 0 0 0 0 0 0 0 0 0 0 0 0 0 0 0 0 0 0 0
0 0 0 0 0 0 0 0 0 1 0 0 0 1 0 0 0 1 0 0 0 0 0 2 0 0 0 0 0 0 0 0 0 0 0 0 0 0 0 0 0 0 0 0 0 0 0 3 0 1 2 10 7 0 0 0 0 0 1 0 3 2 0 0 0 0 0 0 0 0 0 0 0 0 0 0 0 0 0 0 0 0 0 0 0 0 0 0 0 0 0 0 0 0 0 0 14 0 0 0 0 0 0 0 0 0 0 0 0 0 0 0 0 0 0 0 0 0 0 0 0 0 0 0 0 0 0 0 0 0 0 0 0 0 0 0 0 0 0 0 0 0 0 0 0 0 0 0 0 0
0 0 0 0 0 0 0 0 0 0 1 0 0 0 0 0 0 0 0 0 0 0 1 0 0 0 0 0 0 0 0 0 2 1 11 0 1 0 0 0 0 0 0 0 0 0 6 3 0 0 0 0 0 0 0 0 0 0 0 0 4 0 1 0 0 0 0 0 0 0 0 0 0 0 0 0 0 0 0 0 0 0 0 0 0 0 0 0 1 0 0 0 0 0 0 4 6 39 0 0 0 0 0 0 0 0 0 0 0 0 0 0 0 0 0 0 0 0 0 0 0 0 0 0 0 0 0 0 0 0 0 0 0 0 0 0 0 0 0 0 0 0 0 0 2 7 0 0 0 0
0 0 0 0 0 0 0 0 0 0 0 1 0 0 0 0 0 0 0 1 0 0 0 0 0 0 0 0 0 0 0 0 0 1 1 0 0 0 0 0 0 0 0 0 0 0 4 0 0 0 0 0 0 0 0 0 0 0 0 0 0 5 0 0 0 0 0 0 0 0 0 0 1 0 0 0 0 0 0 0 0 0 0 0 0 0 0 0 0 0 0 1 0 0 1 5 5 2 0 3 3 0 0 0 0 0 0 0 0 0 0 0 0 0 0 0 0 0 0 0 0 0 0 0 0 0 0 0 0 0 0 0 0 0 0 0 0 0 0 0 0 0 0 0 0 0 0 0 0 0
0 0 0 0 0 0 0 0 0 0 0 2 0 0 0 0 0 0 2 0 0 0 0 0 0 0 0 0 0 0 0 0 0 0 0 0 0 0 0 0 0 0 0 0 0 0 0 0 0 0 0 0 0 0 0 0 0 0 0 0 1 0 0 0 0 0 0 0 0 0 0 0 0 0 0 0 0 0 0 0 0 0 0 0 0 0 0 0 0 0 0 0 0 0 5 0 0 0 0 0 0 1 0 0 0 0 0 0 0 0 0 0 0 0 0 0 0 0 0 0 0 0 0 0 0 0 0 0 0 0 0 0 0 0 0 0 0 0 0 0 0 0 0 0 0 0 0 0 0 0
0 0 0 0 0 0 0 0 0 0 3 0 4 0 0 1 1 0 0 0 0 0 0 0 0 0 0 0 0 0 0 0 0 0 0 0 0 0 0 0 0 0 0 0 6 0 0 0 0 0 0 0 0 0 0 0 0 0 0 0 2 0 0 0 0 0 0 0 0 0 4 0 0 0 0 0 0 0 0 0 0 0 0 0 0 0 0 0 0 0 0 0 0 0 2 0 1 0 0 0 0 0 0 0 0 0 0 0 0 0 0 0 0 0 0 0 0 0 0 0 0 0 0 0 0 0 0 0 0 0 0 0 0 0 0 0 0 0 0 0 0 0 0 0 0 0 0 0 0 0
7 0 0 0 0 0 0 0 0 3 0 0 6 1 1 3 0 1 0 0 0 0 0 0 0 0 0 0 0 0 0 0 0 0 0 0 0 0 0 0 0 0 0 0 0 0 0 0 0 0 0 0 0 0 0 0 0 0 0 11 1 0 0 0 0 0 0 0 16 0 0 0 0 0 0 0 0 0 0 0 0 0 0 0 0 0 0 0 0 0 0 0 0 0 0 0 1 1 2 1 0 0 0 0 0 0 0 0 0 0 0 0 0 0 0 0 0 0 0 0 0 0 0 0 0 0 0 0 0 0 0 0 0 0 0 0 0 0 0 0 0 0 0 0 0 0 0 0 0 0
0 0 0 0 1 0 0 0 0 0 0 0 2 0 0 0 0 3 6 0 0 0 0 0 0 0 0 0 0 0 0 0 0 0 0 3 2 0 2 0 0 0 2 0 0 0 0 0 0 0 0 0 0 0 0 0 0 0 0 0 10 3 0 0 0 0 0 0 69 33 0 0 0 0 0 0 0 0 0 0 0 0 0 0 0 0 0 0 0 0 0 0 0 0 0 0 0 0 0 0 0 0 0 0 0 0 0 0 0 0 0 0 0 0 0 0 0 0 0 0 0 0 0 0 0 0 0 0 0 0 0 0 0 0 0 0 0 0 0 0 0 0 0 0 0 0 0 0 0 0
0 0 2 0 0 0 0 0 0 0 0 1 104 10 0 1 26 0 2 5 0 1 0 9 17 1 0 0 0 0 1 1 0 0 1 1 37 7 1 21 0 0 1 0 0 0 0 0 0 0 0 0 0 0 0 0 0 0 0 0 0 0 0 1 93 18 11 0 0 0 0 0 0 0 0 0 0 0 0 0 0 0 0 0 0 0 0 0 0 0 0 0 0 0 0 0 0 0 0 0 0 0 0 0 0 0 0 0 0 0 0 0 0 0 0 0 0 0 0 0 0 0 0 0 0 0 0 0 0 0 0 0 0 0 0 0 0 0 0 0 0 0 0 0 0 0 0 0 0 0
1 46 4 0 0 0 0 0 0 0 0 1 1 0 0 1 2 2 0 3 14 50 32 3 0 0 0 0 17 1 0 0 0 0 1 5 16 1 0 1 0 1 0 0 0 0 0 0 0 0 0 0 0 0 0 0 0 0 0 0 0 0 0 0 0 0 0 0 0 0 0 0 0 0 0 0 0 0 0 0 0 0 0 0 0 0 0 0 0 0 0 0 0 0 0 0 0 0 0 0 0 0 0 0 0 0 0 0 0 0 0 0 0 0 0 0 0 0 0 0 0 0 0 0 0 0 0 0 0 0 0 0 0 0 0 0 0 0 0 0 0 0 0 0 0 0 0 0 0 0
20 4 9 1 0 0 0 0 0 0 0 0 1 0 0 0 0 0 0 4 0 31 5 3 2 3 0 0 1 11 0 0 0 0 0 0 0 0 0 1 2 5 0 0 0 0 0 0 0 0 0 0 0 0 0 0 0 0 0 0 0 0 0 0 0 0 0 0 0 0 0 0 0 0 0 0 0 0 0 0 0 0 0 0 0 0 0 0 0 2 0 0 0 0 0 0 0 0 0 0 0 0 0 0 0 0 0 0 0 0 0 0 0 0 0 0 0 0 0 0 0 0 0 0 0 0 0 0 0 0 0 0 0 0 0 0 0 0 0 0 0 0 0 0 0 0 0 0 0 0
0 0 0 0 3 0 0 0 0 0 0 2 2 0 0 0 0 0 0 2 0 2 17 2 0 2 5 1 0 9 0 0 0 0 0 0 0 2 0 0 0 0 0 0 0 0 0 0 0 0 0 0 0 0 0 0 0 0 0 0 0 0 0 0 0 0 0 0 0 0 0 0 0 0 0 0 0 0 0 0 0 0 0 0 0 0 0 0 0 0 0 0 0 0 0 0 0 0 0 0 0 0 0 0 0 0 0 0 0 0 0 0 0 0 0 0 0 0 0 0 0 0 0 0 0 0 0 0 0 0 0 0 0 0 0 0 0 0 0 0 0 0 0 0 0 0 0 0 0 0
0 0 0 0 0 0 0 0 0 0 0 0 0 5 0 0 0 0 0 4 0 0 0 0 0 1 3 3 14 1 1 0 0 5 9 0 0 0 0 0 0 0 0 0 0 0 0 0 0 0 0 0 0 0 0 0 0 0 0 0 0 0 0 0 0 0 0 0 0 0 0 0 0 0 0 0 0 0 0 0 0 0 0 0 0 0 0 0 0 0 0 0 0 0 0 0 0 0 0 0 0 0 0 0 0 0 0 0 0 0 0 0 0 0 0 0 0 0 0 0 0 0 0 0 0 0 0 0 0 0 0 0 0 0 0 0 0 0 0 0 0 0 0 0 0 0 0 0 0 0
0 0 0 0 0 0 0 0 0 0 0 0 0 0 0 0 0 0 0 0 0 0 0 0 0 1 0 2 168 27 3 3 2 5 0 0 1 0 0 0 0 0 0 0 0 0 0 0 0 0 0 0 0 0 0 0 0 0 0 0 0 0 0 0 0 0 0 0 0 0 0 0 0 0 0 0 0 0 0 0 0 0 0 0 0 0 0 0 0 0 0 0 0 0 0 0 0 0 0 0 0 0 0 0 0 0 0 0 0 0 0 0 0 0 0 0 0 0 0 0 0 0 0 0 0 0 0 0 0 0 0 0 0 0 0 0 0 0 0 0 0 0 0 0 0 0 0 0 0 0
0 0 0 0 0 0 0 0 0 0 0 0 0 0 0 0 0 0 0 0 0 0 0 0 0 0 1 5 0 0 0 0 1 5 0 0 5 0 0 0 0 0 0 0 0 0 0 0 0 0 0 0 0 0 0 0 0 0 0 0 0 0 0 0 0 0 0 0 0 0 0 0 0 0 0 0 0 0 0 0 0 0 0 0 0 0 0 0 0 0 0 0 0 0 0 0 0 0 0 0 0 0 0 0 0 0 0 0 0 0 0 0 0 0 0 0 0 0 0 0 0 0 0 0 0 0 0 0 0 0 0 0 0 0 0 0 0 0 0 0 0 0 0 0 0 0 0 0 0 0
0 0 0 0 0 0 0 0 0 0 0 0 0 0 0 0 0 0 0 0 0 0 0 0 0 2 2 0 0 0 7 3 0 0 0 0 0 1 0 0 0 0 0 0 0 0 0 0 0 0 0 0 0 0 0 0 0 0 0 0 0 0 0 0 0 0 0 0 0 0 0 0 0 0 0 0 0 0 0 0 0 0 0 0 0 0 0 0 0 0 0 0 0 0 0 0 0 0 0 0 0 0 0 0 0 0 0 0 0 0 0 0 0 0 0 0 0 0 0 0 0 0 0 0 0 0 0 0 0 0 0 0 0 0 0 0 0 0 0 0 0 0 0 0 0 0 0 0 0 0
0 0 0 0 0 0 0 0 0 0 0 0 0 5 0 0 0 0 0 0 0 0 0 0 0 0 0 0 0 0 0 0 3 0 0 0 2 0 0 0 0 0 0 0 0 0 0 0 0 0 0 0 0 0 0 0 0 0 0 0 0 0 0 0 0 0 0 0 0 0 0 0 0 0 0 0 0 0 0 0 0 0 0 0 0 0 0 0 0 0 0 0 0 0 0 0 0 0 0 0 0 0 0 0 0 0 0 0 0 0 0 0 0 0 0 0 0 0 0 0 0 0 0 0 0 0 0 0 0 0 0 0 0 0 0 0 0 0 0 0 0 0 0 0 0 0 0 0 0 0
0 0 0 0 0 0 0 0 0 0 1 3 1 0 0 0 0 0 0 0 0 0 0 0 0 0 0 15 4 3 4 0 0 0 0 0 0 0 0 0 0 0 0 0 0 0 0 0 0 0 0 0 0 0 0 0 0 0 0 0 0 0 0 0 0 0 0 0 0 0 0 0 0 0 0 0 0 0 0 0 0 0 0 0 0 0 0 0 0 0 0 0 0 0 0 0 0 0 0 0 0 0 0 0 0 0 0 0 0 0 0 0 0 0 0 0 0 0 0 0 0 0 0 0 0 0 0 0 0 0 0 0 0 0 0 0 0 0 0 0 0 0 0 0 0 0 0 0 0 0
0 0 0 0 0 0 0 0 0 0 0 0 0 0 0 0 0 0 0 0 0 0 0 0 0 0 0 10 2 0 0 0 1 3 1 0 0 0 0 0 0 0 0 0 0 0 0 0 0 0 0 0 0 0 0 0 0 0 0 0 0 0 0 0 0 0 0 0 0 0 0 0 0 0 0 0 0 0 0 0 0 0 0 0 0 0 0 0 0 0 0 0 0 0 0 0 0 0 0 0 0 0 0 0 0 0 0 0 0 0 0 0 0 0 0 0 0 0 0 0 0 0 0 0 0 0 0 0 0 0 0 0 0 0 0 0 0 0 0 0 0 0 0 0 0 0 0 0 0 0
0 0 0 0 0 0 0 0 0 0 1 0 0 2 0 0 0 0 0 0 0 0 0 0 0 0 0 0 0 0 0 0 0 0 0 0 0 0 0 0 0 0 0 0 0 0 0 0 0 0 0 0 0 0 0 0 0 0 0 0 0 0 0 0 0 0 0 0 0 0 0 0 0 0 0 0 0 0 0 0 0 0 0 0 0 0 0 0 0 0 0 0 0 0 0 0 0 0 0 0 0 0 0 0 0 0 0 0 0 0 0 0 0 0 0 0 0 0 0 0 0 0 0 0 0 0 0 0 0 0 0 0 0 0 0 0 0 0 0 0 0 0 0 0 0 0 0 0 0 0
0 0 0 0 0 0 0 0 0 0 0 0 0 3 0 0 0 0 0 0 0 0 0 0 0 0 0 0 0 0 0 0 0 0 0 0 0 0 0 0 0 0 0 0 0 0 0 0 0 0 0 0 0 0 0 0 0 0 0 0 0 0 0 0 0 0 0 0 0 0 0 0 0 0 0 0 0 0 0 0 0 0 0 0 0 0 0 0 0 0 0 0 0 0 0 0 0 0 0 0 0 0 0 0 0 0 0 0 0 0 0 0 0 0 0 0 0 0 0 0 0 0 0 0 0 0 0 0 0 0 0 0 0 0 0 0 0 0 0 0 0 0 0 0 0 0 0 0 0 0
0 0 0 0 0 0 0 0 0 0 2 0 0 0 0 0 0 0 0 0 0 0 0 0 0 0 0 0 0 0 0 0 0 0 0 0 0 0 0 0 0 0 0 0 0 0 0 0 0 0 0 1 0 0 0 0 0 0 0 0 0 0 0 0 0 0 0 0 0 0 0 0 0 0 0 0 0 0 0 0 0 0 0 0 0 0 0 0 0 0 0 0 0 0 0 0 0 0 0 0 0 0 0 0 0 0 0 0 0 0 0 0 0 0 0 0 0 0 0 0 0 0 0 0 0 0 0 0 0 0 0 0 0 0 0 0 0 0 0 0 0 0 0 0 0 0 0 0 0 0
0 0 0 0 0 0 0 0 17 24 0 0 0 0 0 0 0 0 0 0 0 0 0 0 0 0 0 0 0 0 0 0 0 0 0 0 0 0 0 0 0 0 0 0 0 0 0 0 0 0 0 0 0 0 0 0 0 0 0 0 0 0 0 0 0 0 0 0 0 0 0 0 0 0 0 0 0 0 0 0 0 0 0 0 0 0 0 0 0 0 0 0 0 0 0 0 0 0 0 0 0 0 0 0 0 0 0 0 0 0 0 0 0 0 0 0 0 0 0 0 0 0 0 0 0 0 0 0 0 0 0 0 0 0 0 0 0 0 0 0 0 0 0 0 0 0 0 0 0 0
0 0 0 0 0 1 17 12 3 2 0 0 0 0 0 0 0 0 0 0 0 0 0 0 0 0 0 0 0 0 0 0 0 0 0 0 0 0 0 0 0 0 0 0 0 0 0 0 0 55 32 0 0 0 3 0 0 0 0 0 0 0 0 0 0 0 0 0 0 0 0 0 0 0 0 0 0 0 0 0 0 0 0 0 0 0 0 0 0 0 0 0 0 0 0 0 0 0 0 0 0 0 0 0 0 0 0 0 0 0 0 0 0 0 0 0 0 0 0 0 0 0 0 0 0 0 0 0 0 0 0 0 0 0 0 0 0 0 0 0 0 0 0 0 0 0 0 0 0 0
1 0 0 0 0 0 25 44 0 0 0 0 0 0 0 0 0 0 0 0 0 0 0 0 0 0 0 0 0 0 0 0 0 0 0 0 0 0 0 0 0 0 0 0 0 0 0 0 0 0 0 1 0 0 0 0 0 0 0 0 0 0 0 0 0 0 0 0 0 0 0 0 0 0 0 0 0 0 0 0 0 0 0 0 0 0 0 0 0 0 0 0 0 0 0 0 0 0 0 0 0 0 0 0 0 0 0 0 0 0 0 0 0 0 0 0 0 0 0 0 0 0 0 0 0 0 0 0 0 0 0 0 0 0 0 0 0 0 0 0 0 0 0 0 0 0 0 0 0 0
0 0 0 0 0 0 0 0 0 0 0 0 0 0 0 0 0 0 0 0 0 0 0 0 0 0 0 0 0 0 0 0 0 0 0 0 0 0 0 0 0 0 0 0 0 0 0 0 0 0 0 0 10 40 0 0 0 0 0 0 0 0 0 0 0 0 0 0 0 0 0 0 0 0 0 0 0 0 0 0 0 0 0 0 0 0 0 0 0 0 0 0 0 0 0 0 0 0 0 0 0 0 0 0 0 0 0 0 0 0 0 0 0 0 0 0 0 0 0 0 0 0 0 0 0 0 0 0 0 0 0 0 0 0 0 0 0 0 0 0 0 0 0 0 0 0 0 0 0 0
0 0 0 0 0 0 0 0 0 0 0 0 0 0 0 0 0 0 0 0 0 0 0 0 0 0 0 0 0 0 0 0 0 0 0 0 0 0 0 0 0 0 0 0 0 0 0 0 0 0 0 0 0 0 0 0 0 0 0 0 0 0 0 0 0 0 0 0 0 0 0 0 0 0 0 0 0 0 0 0 0 0 0 0 0 0 0 0 0 0 0 0 0 0 0 0 0 0 0 0 0 0 0 0 0 0 0 0 0 0 0 0 0 0 0 0 0 0 0 0 0 0 0 0 0 0 0 0 0 0 0 0 0 0 0 0 0 0 0 0 0 0 0 0 0 0 0 0 0 0
0 0 0 0 0 0 0 0 0 0 0 0 0 0 0 0 0 0 0 0 0 0 0 0 0 0 0 0 0 0 0 0 0 0 0 0 0 0 0 0 0 0 0 0 0 0 0 0 0 0 0 0 0 0 0 0 0 0 0 0 0 0 0 0 0 0 0 0 0 0 0 0 0 0 0 0 0 0 0 0 0 0 0 0 0 0 0 0 0 0 0 0 0 0 0 0 0 0 0 0 0 0 0 0 0 0 0 0 0 0 0 0 0 0 0 0 0 0 0 0 0 0 0 0 0 0 0 0 0 0 0 0 0 0 0 0 0 0 0 0 0 0 0 0 0 0 0 0 0 0
0 0 0 0 0 0 0 0 0 0 0 0 0 0 0 0 0 0 0 0 0 0 0 0 0 0 0 0 0 0 0 0 1 0 0 0 0 0 0 0 0 0 0 0 0 0 0 0 0 0 0 0 4 0 0 0 0 0 0 0 0 0 0 0 0 0 0 0 0 0 0 0 0 0 0 0 0 0 0 0 0 0 0 0 0 0 0 0 0 0 0 0 0 0 0 0 0 0 0 0 0 0 0 0 0 0 0 0 0 0 0 0 0 0 0 0 0 0 0 0 0 0 0 0 0 0 0 0 0 0 0 0 0 0 0 0 0 0 0 0 0 0 0 0 0 0 0 0 0 0
0 0 0 0 0 0 0 0 0 0 0 0 0 0 0 0 0 0 0 0 0 0 0 0 0 0 0 0 0 0 0 0 0 0 0 0 0 0 0 0 0 0 0 0 0 0 0 0 0 0 0 0 0 2 0 0 0 0 0 0 0 0 0 0 0 0 0 0 0 0 0 0 0 0 0 0 0 0 0 0 0 0 0 0 0 0 0 0 0 0 0 0 0 0 0 0 0 0 0 0 0 0 0 0 0 0 0 0 0 0 0 0 0 0 0 0 0 0 0 0 0 0 0 0 0 0 0 0 0 0 0 0 0 0 0 0 0 0 0 0 0 0 0 0 0 0 0 0 0 0
0 0 0 0 0 0 0 0 0 0 0 0 0 0 0 0 0 0 0 0 0 0 0 0 0 0 0 0 0 0 0 10 1 0 0 0 0 0 0 0 0 0 0 0 0 0 0 0 0 0 0 0 0 0 0 0 0 0 0 0 0 0 0 0 0 0 0 0 0 0 0 0 0 0 0 0 0 0 0 0 0 0 0 0 0 0 0 0 0 0 0 0 0 0 0 0 0 0 0 0 0 0 0 0 0 0 0 0 0 0 0 0 0 0 0 0 0 0 0 0 0 0 0 0 0 0 0 0 0 0 0 0 0 0 0 0 0 0 0 0 0 0 0 0 0 0 0 0 0 0
0 0 0 0 0 0 0 0 0 0 0 0 0 0 0 0 0 0 0 0 0 0 0 0 0 0 0 0 0 0 1 7 0 0 0 0 0 0 0 0 0 0 0 0 0 0 0 0 0 0 0 0 0 0 0 0 0 0 0 0 0 0 0 0 0 0 0 0 0 0 0 0 0 0 0 0 0 0 0 0 0 0 0 0 0 0 0 0 0 0 0 0 0 0 0 0 0 0 0 0 0 0 0 0 0 0 0 0 0 0 0 0 0 0 0 0 0 0 0 0 0 0 0 0 0 0 0 0 0 0 0 0 0 0 0 0 0 0 0 0 0 0 0 0 0 0 0 0 0 0
0 0 0 0 0 0 0 0 0 0 0 0 0 0 0 0 0 0 0 0 0 0 0 0 0 0 3 0 0 5 0 0 0 0 0 0 0 0 0 0 0 0 0 0 0 0 0 0 0 0 0 0 0 0 0 0 0 0 0 0 0 0 0 0 0 0 0 0 0 0 0 0 0 0 0 0 0 0 0 0 0 0 0 0 0 0 0 0 0 0 0 0 0 0 0 0 0 0 0 0 0 0 0 0 0 0 0 0 0 0 0 0 0 0 0 0 0 0 0 0 0 0 0 0 0 0 0 0 0 0 0 0 0 0 0 0 0 0 0 0 0 0 0 0 0 0 0 0 0 0
0 0 0 0 0 0 0 0 0 0 0 0 0 0 0 0 0 0 0 0 0 0 0 0 0 0 0 0 0 186 72 0 0 0 0 0 0 0 0 0 0 0 0 0 0 0 0 0 3 0 0 0 0 0 0 0 0 0 0 0 0 0 0 0 0 0 0 0 0 0 0 0 0 0 0 0 0 0 0 0 0 0 0 0 0 0 0 0 0 0 0 0 0 0 0 0 0 0 0 0 0 0 0 0 0 0 0 0 0 0 0 0 0 0 0 0 0 0 0 0 0 0 0 0 0 0 0 0 0 0 0 0 0 0 0 0 0 0 0 0 0 0 0 0 0 0 0 1 0 0
0 0 0 0 0 0 0 0 0 0 0 0 0 0 0 0 0 0 0 0 0 0 0 0 0 0 3 0 0 0 0 0 0 0 0 0 0 0 0 0 0 0 0 0 0 0 0 0 2 47 0 0 0 0 0 0 0 0 0 0 0 0 0 0 0 0 0 0 0 0 0 0 0 0 0 0 0 0 0 0 0 0 0 0 0 0 0 0 0 0 0 0 0 0 0 0 0 0 0 0 0 0 0 0 0 0 0 0 0 0 0 0 0 0 0 0 0 0 0 0 0 0 0 0 0 0 0 0 0 0 0 0 0 0 0 0 0 0 0 0 0 0 0 0 0 0 0 0 0 0
0 0 0 0 0 0 0 0 0 0 0 0 0 0 0 0 0 0 0 0 0 0 0 0 0 0 8 0 0 0 0 0 0 0 0 0 0 0 0 0 0 0 0 0 0 0 0 0 1 0 0 0 0 0 0 0 0 0 0 0 0 0 0 0 0 0 0 0 0 0 0 0 0 0 0 0 0 0 0 0 0 0 0 0 0 0 0 0 0 0 0 0 0 0 0 0 0 0 0 0 0 0 0 0 0 0 0 0 0 0 0 0 0 0 0 0 0 0 0 0 0 0 0 0 0 0 0 0 0 0 0 0 0 0 0 0 0 0 0 0 0 0 0 0 0 0 0 0 0 0
0 0 0 0 0 0 0 0 0 0 0 0 0 0 0 0 0 0 0 0 0 0 0 0 0 0 0 0 6 0 0 0 0 0 0 0 0 0 0 0 0 0 0 0 0 0 0 0 0 0 0 0 0 0 0 0 0 0 0 0 0 0 0 0 0 0 0 0 0 0 0 0 0 0 0 0 0 0 0 0 0 0 0 0 0 0 0 0 0 0 0 0 0 0 0 0 0 0 0 0 0 0 0 0 0 0 0 0 0 0 0 0 0 0 0 0 0 0 0 0 0 0 0 0 0 0 0 0 0 0 0 0 0 0 0 0 0 0 0 0 0 0 0 0 0 0 0 0 0 0
0 0 0 0 0 0 0 0 0 0 0 0 0 0 0 0 0 0 0 0 0 0 0 0 0 0 0 0 0 0 0 0 0 0 0 0 0 0 0 0 0 0 0 0 0 0 0 0 0 0 0 0 0 0 0 0 0 0 0 0 0 0 0 0 0 0 0 0 0 0 0 0 0 0 0 0 0 0 0 0 0 0 0 0 0 0 0 0 0 0 0 0 0 0 0 0 0 0 0 0 0 0 0 0 0 0 0 0 0 0 0 0 0 0 0 0 0 0 0 0 0 0 0 0 0 0 0 0 0 0 0 0 0 0 0 0 0 0 0 0 0 0 0 0 0 0 0 0 0 0
0 0 0 0 0 0 0 0 0 0 0 0 0 0 0 0 0 0 0 0 0 0 0 0 0 0 0 0 0 0 0 0 0 0 0 0 0 0 0 0 0 0 0 0 0 0 0 0 0 0 0 0 0 0 0 0 0 0 0 0 0 0 0 0 0 0 0 0 0 0 0 0 0 0 0 0 0 0 0 0 0 0 0 0 0 0 0 0 0 0 0 0 0 0 0 0 0 0 0 0 0 0 0 0 0 0 0 0 0 0 0 0 0 0 0 0 0 0 0 0 0 0 0 0 0 0 0 0 0 0 0 0 0 0 0 0 0 0 0 0 0 0 0 0 0 0 0 0 0 0
0 0 0 0 0 0 0 0 0 0 0 0 0 0 0 0 0 0 0 0 0 0 0 0 0 0 0 0 0 0 0 0 0 0 0 0 0 0 0 0 0 0 0 0 0 0 0 0 0 0 0 0 0 0 0 0 0 0 0 0 0 0 0 0 0 0 0 0 0 0 0 0 0 0 0 0 0 0 0 0 0 0 0 0 0 0 0 0 0 0 0 0 0 0 0 0 0 0 0 0 0 0 0 0 0 0 0 0 0 0 0 0 0 0 0 0 0 0 0 0 0 0 0 0 0 0 0 0 0 0 0 0 0 0 0 0 0 0 0 0 0 0 0 0 0 0 0 0 0 0
0 0 0 0 0 0 0 0 0 0 0 0 0 0 0 0 0 0 0 0 0 0 0 0 0 0 0 0 0 0 0 0 0 0 0 0 0 0 0 0 0 0 0 0 0 0 0 0 0 0 0 0 0 0 0 0 0 0 0 0 0 0 0 0 0 0 0 0 0 0 0 0 0 0 0 0 0 0 0 0 0 0 0 0 0 0 0 0 0 0 0 0 0 0 0 0 0 0 0 0 0 0 0 0 0 0 0 0 0 0 0 0 0 0 0 0 0 0 0 0 0 0 0 0 0 0 0 0 0 0 0 0 0 0 0 0 0 0 0 0 0 0 0 0 1 0 0 0 0 0
0 0 0 0 0 0 0 0 0 0 0 0 0 0 0 0 0 0 0 0 0 0 0 0 0 0 0 0 0 0 0 0 0 0 0 0 0 0 0 0 0 0 0 0 0 0 0 0 0 0 0 0 0 0 0 0 0 0 0 0 0 0 0 0 0 0 0 0 0 0 0 0 0 0 0 0 0 0 0 0 0 0 0 0 0 0 0 0 0 0 0 0 0 0 0 0 0 0 0 0 0 0 0 0 0 0 0 0 0 0 0 0 0 0 0 0 0 0 0 0 0 0 0 0 0 0 0 0 0 0 0 0 0 0 0 0 0 0 0 0 0 0 0 0 0 0 0 0 0 0
