0 0 8 0 0 0 0 0 5 33 5 8 0 17 0 0 0 0 1 0 0 0 0 0 1 6 0 0 0 0 0 0 1 0 17 0 0 0 1 6 0 0 0 0 4 0 0 0 0 0 0 0 1 0 0 2 0 0 0 5 30 6 14 2 0 0 1 0 0 0 0 0 9 74 78 203 64 12 23 20 6 80 18 23 53 147 175 173 20 420 704 431 30 313 449 275 951 475 577 80 92 35 11 6 21 20 7 357 105 28 4 21 9 40 50 8 33 3 0 0 3 32 5 8 2 0 0 1 4 2 1 6 1 0 1 0 0 1 0 0 0 0 0 0 0 0 0 0 0 6
0 0 0 1 2 0 0 0 0 4 0 3 6 2 0 0 0 32 10 0 0 0 9 0 2 21 0 1 0 0 0 0 0 0 0 0 0 0 2 0 0 0 0 0 0 0 0 0 0 0 0 0 0 0 2 0 0 0 0 17 40 5 0 7 1 0 0 0 2 5 0 0 35 26 5 1 80 41 3 11 52 10 0 1 99 132 194 80 145 244 90 22 146 190 181 126 251 392 665 395 251 27 16 13 11 1 0 93 21 11 5 4 2 4 21 8 2 8 1 9 0 14 4 4 1 0 0 4 11 13 9 2 84 19 1 0 0 0 0 21 4 0 0 0 0 0 0 0 0 0
0 0 0 0 9 0 0 0 0 6 1 1 3 7 0 0 0 0 1 0 1 11 33 5 8 0 0 2 0 0 0 0 0 0 0 4 0 1 0 8 2 0 0 0 0 0 0 0 0 0 0 0 0 0 0 0 0 1 2 5 9 1 0 1 0 0 0 0 0 0 0 1 1 0 1 0 0 32 61 343 31 46 3 13 63 102 636 134 3 2 60 14 39 178 341 370 111 232 151 244 453 181 7 23 4 7 12 65 75 207 10 8 2 3 0 0 7 15 7 4 30 7 6 3 2 18 0 4 0 10 3 2 33 76 0 0 5 0 1 4 4 3 0 0 0 0 0 0 0 0
14 1 0 0 0 0 0 0 0 0 2 0 0 0 0 5 0 0 3 0 0 0 1 5 2 0 1 6 5 0 0 0 0 0 0 0 0 0 0 1 1 0 0 0 0 0 0 0 0 0 1 0 0 0 14 16 0 11 8 0 0 1 5 2 0 0 0 0 0 1 1 26 13 0 0 3 7 39 104 90 95 27 29 71 84 19 29 90 1 98 565 524 724 351 586 297 41 103 327 410 287 245 75 11 6 72 5 7 170 33 5 4 15 28 5 6 9 25 30 5 18 44 9 5 3 5 4 1 2 0 2 5 29 0 3 0 11 0 0 0 30 5 0 0 0 0 0 0 0 0
1 5 0 0 0 0 0 0 0 1 0 0 0 0 0 11 2 4 0 0 0 1 0 0 0 0 0 0 0 0 0 0 0 1 1 2 6 0 0 1 0 0 0 0 0 0 0 0 0 3 0 0 0 0 43 183 17 10 1 0 1 2 0 2 0 0 0 0 0 19 142 35 34 61 4 34 41 51 149 82 130 200 151 47 80 49 28 19 7 235 902 323 371 560 245 128 32 521 248 443 330 488 403 313 263 67 90 24 6 3 6 23 29 10 2 1 0 8 70 25 92 329 58 3 6 2 4 0 1 3 0 1 1 0 0 0 0 0 0 0 6 6 0 0 0 0 0 0 0 0
8 1 0 2 0 0 0 0 4 0 1 0 0 0 0 2 0 2 6 22 2 2 0 0 0 0 0 0 0 2 1 1 0 0 9 42 20 10 0 0 0 0 0 0 0 0 0 0 0 1 16 37 0 1 2 33 8 3 2 1 0 0 3 0 0 0 0 0 1 30 54 68 94 62 60 25 31 12 46 189 288 322 292 17 0 140 30 16 1 136 1242 368 35 254 372 353 87 1245 175 345 447 319 710 364 22 60 22 24 9 1 0 1 1 10 2 16 13 3 1 8 58 49 3 3 1 0 0 0 0 0 2 0 1 0 0 0 1 0 0 0 2 1 0 0 0 0 0 0 0 0
1 0 0 0 0 0 0 0 1 2 5 0 0 1 0 1 0 0 0 0 1 0 1 0 0 0 0 0 0 0 0 0 0 0 0 8 0 0 0 0 0 0 0 0 0 0 0 0 0 1 0 2 0 1 2 16 5 0 22 18 2 1 0 0 0 3 0 0 5 23 16 16 93 163 183 58 174 140 150 238 540 353 491 256 47 7 5 76 143 45 1001 619 23 300 541 270 232 264 342 50 2 125 74 63 7 9 50 6 3 6 30 62 112 6 15 14 1 4 10 11 47 69 7 1 0 1 3 1 0 0 3 0 0 0 0 0 0 2 0 0 0 0 0 0 0 0 0 0 0 0
0 0 0 0 0 0 0 0 0 0 0 0 0 0 0 0 0 0 0 0 0 0 0 0 0 0 0 0 0 0 4 0 0 5 4 1 0 0 3 3 0 0 0 0 0 0 0 0 0 0 0 0 3 9 1 7 0 10 20 37 13 16 21 1 3 17 0 0 1 30 1 4 5 24 44 15 37 76 268 394 568 285 649 111 100 105 80 349 98 26 232 47 21 353 229 238 141 415 517 130 80 267 249 265 75 75 4 32 105 11 244 263 28 49 13 24 4 0 7 12 11 3 4 5 3 6 14 5 2 0 0 0 0 0 0 0 0 0 0 0 0 0 0 0 0 0 0 0 0 0
0 0 0 0 0 0 2 0 4 0 0 0 0 0 8 0 0 0 0 0 0 0 0 0 0 0 0 0 0 0 0 0 0 0 0 0 0 0 0 1 0 0 0 0 0 0 0 0 0 1 0 0 0 1 0 2 0 4 17 25 175 137 9 0 1 11 3 1 2 26 1 0 0 3 0 5 7 12 36 228 358 404 472 8 1 7 205 186 188 53 1 4 258 561 798 1002 38 244 211 69 153 46 57 240 375 60 90 108 13 16 700 67 89 10 12 1 1 0 0 7 8 6 4 4 10 0 1 1 0 0 1 0 0 0 0 0 0 0 0 0 0 0 0 0 0 0 0 0 0 0
0 0 0 0 0 0 0 0 2 2 0 0 0 0 0 0 0 0 0 0 0 0 0 0 0 0 0 0 0 0 0 0 0 0 0 0 0 0 0 0 1 0 0 0 0 0 0 2 2 0 2 0 9 3 0 0 0 0 3 4 22 74 7 7 2 0 0 1 0 4 0 0 0 0 0 5 1 31 178 350 588 348 357 222 858 427 138 43 119 90 43 8 1 442 587 926 499 50 59 9 41 46 11 2 48 166 184 80 26 6 256 221 99 8 3 101 215 229 97 45 278 9 44 11 16 9 6 2 2 15 38 6 0 0 1 0 0 0 0 0 0 0 0 0 0 0 0 0 0 0
0 1 4 0 0 0 1 0 1 1 1 4 0 0 0 1 0 1 1 0 0 0 0 0 0 2 0 0 0 0 0 1 0 0 0 1 0 0 1 0 0 2 1 0 0 0 4 2 8 3 7 2 3 4 0 0 0 11 10 5 2 72 1 6 0 1 0 0 0 5 0 0 0 0 0 0 5 6 63 280 187 174 228 103 145 119 71 167 250 145 16 0 1 140 314 409 463 34 11 309 7 3 2 6 44 141 582 192 99 137 292 30 82 14 1 62 163 312 142 80 149 71 142 99 29 203 40 43 10 19 0 39 5 14 2 0 0 0 0 0 0 0 0 0 0 0 0 0 0 0
0 0 0 0 0 0 0 0 3 0 0 0 0 0 0 4 8 4 1 0 1 0 0 0 0 0 0 0 0 0 0 0 0 1 0 0 0 1 2 2 1 5 1 13 1 0 1 0 0 0 0 0 0 0 6 1 0 0 0 0 0 0 0 1 0 1 15 0 0 0 0 1 0 0 0 1 31 5 164 193 302 83 8 43 79 31 5 18 53 319 37 0 0 1 3 53 395 253 158 6 0 1 13 23 6 46 224 96 8 32 98 61 46 19 8 107 327 79 225 397 157 162 68 36 83 70 0 0 0 16 1 0 35 32 10 1 0 0 0 0 0 0 0 0 0 0 0 0 0 0
1 0 0 0 0 0 0 0 1 0 0 0 0 0 0 0 1 7 1 2 0 1 0 0 0 0 0 0 0 0 0 0 0 0 0 0 0 0 0 0 0 4 25 0 10 0 0 5 0 0 0 0 1 0 3 0 0 0 0 0 1 2 0 0 0 2 4 10 0 0 66 0 0 0 0 23 82 33 122 23 70 98 4 1 6 6 3 0 4 1 0 0 1 19 47 2 319 214 370 323 3 2 28 18 3 1 5 39 142 266 493 286 40 447 89 9 11 64 687 545 79 118 219 1 29 94 16 0 15 18 0 0 16 6 0 0 0 0 0 0 0 0 0 0 0 0 0 0 0 0
0 0 0 0 0 0 0 0 0 1 1 0 0 0 0 0 0 0 28 5 0 3 0 0 0 0 0 0 0 0 6 2 0 0 0 0 0 0 0 0 0 1 0 29 24 0 0 0 0 0 2 16 1 0 0 0 0 0 1 0 3 3 9 0 0 0 111 6 1 3 23 0 0 0 0 128 343 257 56 3 81 266 14 7 5 81 2 0 0 20 2 0 0 19 4 14 55 519 100 143 1 2 186 72 267 56 175 229 124 313 615 650 535 313 132 103 80 87 582 234 50 30 0 0 0 6 4 0 25 0 0 0 0 0 0 0 0 0 0 0 0 0 0 0 0 0 0 0 0 0
0 0 0 0 0 0 0 3 9 0 0 0 0 0 0 0 0 0 1 1 4 0 0 0 0 0 0 0 0 0 0 0 0 0 0 0 0 0 0 0 0 0 0 7 11 0 0 0 0 9 2 15 0 0 0 0 0 8 1 6 52 8 11 6 3 116 48 28 82 57 24 0 0 0 24 311 639 671 212 14 0 97 16 0 4 6 2 8 0 19 3 9 2 0 0 0 16 121 153 159 8 30 235 265 806 662 738 781 828 564 563 352 285 368 239 115 59 44 74 26 59 42 8 5 0 5 18 0 13 5 2 0 1 0 0 0 0 0 0 0 0 0 0 0 0 0 0 0 0 1
0 0 0 0 0 0 0 10 4 0 2 0 0 0 0 0 0 0 1 0 0 14 7 0 0 0 0 0 4 0 0 0 0 0 0 0 0 0 0 0 0 0 0 0 0 16 0 0 0 9 35 40 0 0 0 4 19 34 3 46 8 5 2 12 16 24 138 25 23 81 161 28 65 87 303 711 820 464 55 5 0 0 0 0 0 0 11 33 3 72 2 5 0 0 4 14 12 4 18 11 7 2 823 421 434 423 528 247 356 465 590 397 476 188 118 38 23 33 95 52 4 1 61 215 89 23 0 0 1 1 0 0 0 0 8 9 0 0 0 0 0 0 0 0 0 0 0 0 0 0
0 0 0 0 0 0 1 1 0 0 0 0 0 1 0 0 3 3 1 0 0 0 8 16 8 7 1 0 0 3 0 0 0 0 0 0 0 0 0 0 0 0 0 3 0 5 0 0 0 27 42 6 1 8 4 8 34 46 33 6 2 0 0 0 0 1 0 0 0 0 10 0 32 23 111 199 287 218 33 0 0 0 0 0 0 0 0 27 27 5 0 0 1 0 1 1 10 0 0 61 3 144 568 536 276 100 204 80 225 467 502 207 355 226 181 80 22 52 58 4 0 0 16 21 12 134 1 7 1 0 0 0 0 0 0 0 0 0 0 0 0 0 0 0 0 0 0 0 0 0
0 0 0 0 0 0 0 0 0 0 0 1 1 0 0 0 1 0 0 2 1 0 0 0 5 0 1 12 0 0 0 0 0 0 0 0 0 0 0 0 0 0 0 0 0 5 27 3 0 32 30 21 8 85 11 11 12 41 177 13 1 1 0 0 4 2 3 33 1 110 39 2 61 10 16 50 11 54 14 3 0 0 3 1 0 0 0 2 66 0 0 10 28 25 1 0 0 0 11 491 117 74 86 83 85 261 135 73 291 160 87 33 119 66 44 14 68 82 5 2 0 1 1 2 49 349 105 7 0 1 0 0 0 0 0 0 0 0 0 0 0 0 0 0 0 0 0 0 0 0
0 0 0 0 0 1 0 0 0 0 0 0 0 0 0 0 0 0 0 1 1 1 2 1 1 1 20 11 11 0 0 0 0 0 0 2 1 0 0 0 0 0 0 7 9 6 7 24 14 215 39 9 4 26 6 11 41 33 29 14 15 15 2 0 0 0 18 2 2 13 15 9 23 5 1 30 39 7 4 1 1 0 7 7 0 6 7 6 1 0 1 16 55 155 15 1 0 26 251 5 54 140 16 7 28 43 84 165 297 0 0 39 0 296 5 0 1 0 0 0 0 0 0 1 16 69 99 141 0 2 0 0 0 0 0 0 0 0 0 0 0 0 0 0 0 0 0 0 0 0
0 0 0 0 0 0 0 0 0 0 0 0 2 0 1 0 0 0 0 1 5 4 63 1 2 3 4 10 68 4 0 0 1 0 1 0 0 0 0 0 0 0 3 39 6 62 46 4 2 46 19 3 0 1 38 2 23 32 0 0 0 0 0 0 0 0 0 1 6 2 17 23 3 0 1 75 12 0 1 0 1 0 0 0 0 33 5 0 4 4 1 9 2 1 0 9 0 5 1 1 548 658 448 56 49 67 63 171 82 9 0 0 0 82 18 0 0 0 0 0 0 0 0 3 5 0 6 54 25 0 0 0 0 0 0 0 0 0 0 0 0 0 0 0 0 0 0 0 0 0
0 0 0 0 5 0 0 0 0 0 0 0 0 0 0 0 0 2 1 1 1 2 12 1 0 8 2 0 0 1 0 10 1 0 0 0 0 0 0 1 4 4 2 11 1 3 5 8 79 123 151 36 9 17 7 4 12 0 0 0 1 0 1 5 69 31 1 0 0 1 62 24 2 0 2 41 119 35 1 11 12 2 1 0 0 0 0 0 10 0 4 0 0 0 0 0 1 2 231 257 856 878 252 90 0 7 54 20 3 0 0 0 0 2 0 0 0 0 0 0 0 0 0 29 0 0 7 76 0 0 0 0 0 0 0 0 0 0 0 0 0 0 0 0 0 0 0 0 0 0
0 0 0 0 0 0 0 0 0 0 0 0 0 1 2 0 0 0 0 0 1 0 9 0 2 1 0 0 0 0 26 46 1 4 0 0 0 2 0 0 19 2 0 0 1 0 1 5 232 448 124 86 13 2 0 0 2 2 0 0 1 3 1 0 4 29 12 1 3 17 6 8 7 0 0 2 28 27 22 24 6 11 16 15 8 2 18 2 208 26 14 1 0 16 2 3 0 0 35 243 187 37 20 2 15 1 37 48 1 0 0 0 2 12 0 0 0 0 0 0 0 0 0 0 0 20 15 0 0 3 0 0 0 0 0 0 0 0 0 0 0 0 0 0 0 0 0 0 0 0
0 0 0 0 0 0 0 0 0 0 0 0 0 0 2 0 0 0 0 0 0 0 2 1 1 0 0 0 0 0 0 9 23 23 0 0 4 44 10 2 0 0 0 0 0 0 5 10 15 234 251 134 1 0 0 1 0 0 2 0 0 0 0 0 3 0 13 1 0 0 6 14 16 0 0 1 1 0 7 6 1 13 8 0 0 6 10 0 0 0 0 2 1 1 0 0 1 0 0 0 3 0 1 14 32 21 9 29 44 55 26 7 50 0 0 0 0 0 0 0 0 0 0 1 8 22 51 0 0 0 0 0 0 0 0 0 0 0 0 0 0 0 0 0 0 0 0 0 0 0
0 0 2 0 0 0 0 0 0 0 0 0 0 0 1 0 0 0 0 1 1 0 0 1 0 0 0 0 0 0 0 1 5 5 0 2 2 8 2 0 0 0 0 0 1 56 14 46 2 77 52 14 1 0 2 2 1 4 1 0 0 0 0 0 0 0 0 0 0 0 0 3 49 28 3 1 0 0 0 0 0 1 27 38 10 0 0 0 0 0 0 1 0 1 0 0 0 0 2 0 0 0 1 27 22 7 6 1 5 3 1 78 16 0 0 0 0 0 0 0 0 0 0 6 5 3 10 26 0 0 0 0 0 0 0 0 0 0 0 0 0 0 0 0 0 0 0 0 0 0
0 0 0 0 0 0 0 0 0 0 0 0 0 21 0 0 0 0 0 0 1 0 1 0 0 0 1 0 0 0 0 1 3 10 44 0 0 129 0 0 0 0 0 13 9 18 22 2 1 13 28 4 5 7 10 0 1 0 1 0 0 0 0 0 0 0 0 7 4 2 1 0 1 4 31 1 1 0 0 0 0 0 10 27 9 2 0 0 0 5 3 0 0 0 0 0 4 2 0 8 6 3 1 10 223 0 0 0 0 0 0 5 0 0 0 2 0 0 0 0 0 0 0 0 0 11 19 1 0 0 0 0 0 0 0 0 0 0 0 0 0 0 0 0 0 0 0 0 0 0
0 0 0 0 0 0 0 0 0 0 0 0 0 0 5 0 0 0 3 0 0 3 0 1 1 0 0 0 0 0 0 0 1 18 16 1 0 5 0 0 0 0 0 5 41 3 0 0 5 2 22 5 0 0 0 0 0 0 0 0 1 0 0 0 3 3 0 4 1 0 0 21 0 1 0 1 10 0 0 0 0 0 0 3 9 8 2 5 1 5 0 0 0 0 2 0 0 3 0 2 6 5 3 44 142 72 0 1 0 0 1 0 1 0 2 6 0 0 0 0 0 0 0 0 0 6 14 23 0 0 0 0 0 0 0 0 2 22 0 0 0 0 0 0 0 0 0 0 0 0
0 0 0 0 0 0 0 0 0 0 0 0 0 0 8 0 0 0 0 0 0 8 1 4 0 0 0 2 1 0 1 0 0 4 3 1 0 2 0 1 0 0 0 2 28 1 0 0 0 1 11 6 1 0 0 0 0 0 0 0 0 0 0 0 2 0 0 0 0 1 7 6 0 0 0 0 7 0 0 0 0 0 10 2 0 2 4 6 1 2 1 1 0 0 0 4 0 1 0 0 9 3 2 6 9 276 42 0 0 0 0 0 0 2 0 3 0 0 2 0 0 0 0 0 4 80 7 1 0 0 0 0 0 0 0 0 0 12 0 0 0 0 0 0 0 0 0 0 0 0
0 0 0 0 0 0 0 0 0 0 0 0 0 3 0 0 7 17 2 1 0 12 6 0 0 0 0 0 0 1 1 0 0 12 0 0 0 3 3 1 12 19 7 41 77 0 2 1 4 1 0 12 6 0 1 2 0 0 0 0 0 0 0 0 0 0 0 0 11 23 30 9 6 2 0 0 0 1 0 0 0 0 0 0 0 0 0 7 4 0 0 0 0 0 0 0 0 0 0 0 0 0 6 3 9 449 310 15 1 0 0 0 0 0 0 0 0 146 47 4 0 0 0 42 33 14 154 96 48 11 0 0 0 0 0 0 7 0 0 0 0 0 0 0 0 0 0 0 0 0
0 0 0 0 0 0 1 0 0 2 0 1 18 7 1 1 6 24 1 6 0 8 1 1 0 0 0 0 6 4 8 1 0 1 0 3 2 13 33 34 122 302 179 138 40 0 0 0 3 1 0 1 7 8 3 0 0 0 0 0 0 0 0 0 0 0 0 0 0 0 7 13 3 0 2 4 1 4 0 0 0 2 1 0 2 0 0 0 5 0 1 3 0 10 6 11 4 0 0 0 1 0 8 12 112 237 117 183 3 0 0 0 0 0 0 7 111 44 2 0 0 0 2 52 63 92 345 252 3 5 0 0 0 12 0 2 0 0 0 0 0 0 0 0 0 0 0 0 0 0
0 0 0 0 0 0 0 0 4 5 7 13 9 2 0 0 1 4 0 0 0 2 3 7 0 1 2 0 0 1 0 0 1 0 12 5 0 3 35 171 345 564 308 353 37 3 1 0 0 2 1 1 37 30 3 4 0 0 0 0 0 0 0 0 0 0 0 0 0 0 9 0 0 0 0 0 0 4 2 0 0 0 1 0 3 0 0 0 1 3 0 0 3 11 3 5 0 0 0 0 0 0 9 2 4 42 0 65 43 0 0 0 0 0 16 25 209 146 25 22 9 5 0 63 32 21 180 193 202 319 4 8 15 72 0 0 0 0 0 0 0 0 0 0 0 0 0 0 0 0
0 0 0 0 0 0 1 1 5 2 2 1 2 0 0 1 0 0 5 4 0 3 92 13 0 0 0 0 0 0 4 0 0 0 4 11 16 31 8 33 354 275 197 116 27 0 2 2 10 2 1 2 2 6 1 0 0 0 0 0 0 0 0 0 0 0 0 0 0 0 0 1 0 0 0 0 1 0 2 0 12 6 1 0 21 0 0 0 8 17 1 0 5 2 0 0 0 6 0 0 0 2 2 3 2 0 0 3 15 0 1 1 4 0 13 544 293 268 75 67 44 34 16 4 0 1 12 83 2 31 3 93 330 19 11 1 0 0 0 0 0 0 0 0 0 0 0 0 0 0
0 0 0 0 0 0 1 1 1 0 3 2 1 0 0 1 0 1 7 5 195 27 7 0 0 0 0 0 1 13 0 1 3 10 50 5 0 2 0 69 203 183 149 98 31 11 6 0 0 2 0 0 0 2 1 1 0 0 0 0 0 0 0 0 0 0 0 0 0 0 0 0 0 0 0 0 0 0 7 0 2 32 28 51 31 0 0 0 0 0 0 1 0 6 0 0 4 3 0 0 0 0 0 0 8 0 3 10 79 62 212 215 41 40 213 575 184 126 9 187 40 67 2 0 24 18 32 125 2 0 15 77 119 15 52 0 0 0 0 0 0 0 0 0 0 0 0 0 0 0
0 0 1 1 0 0 0 4 1 0 0 5 2 0 0 1 0 2 7 5 53 0 0 0 0 0 0 0 1 19 77 6 3 1 5 0 2 2 4 6 7 42 9 12 1 0 2 0 0 0 0 0 16 0 0 2 0 4 0 0 0 0 0 0 0 0 0 0 0 0 0 0 0 0 0 1 1 8 6 5 0 4 2 2 0 0 0 0 2 3 1 0 0 4 3 3 0 0 0 0 0 0 0 0 0 0 6 11 72 65 63 53 14 125 720 287 142 130 41 185 53 2 1 16 5 17 9 0 0 0 20 102 1 0 2 0 0 0 0 0 0 0 0 0 0 0 0 0 0 0
0 0 0 0 0 2 14 2 2 2 0 0 0 2 2 1 1 5 13 14 17 0 0 0 0 0 1 1 1 3 20 1 42 0 1 1 0 2 4 0 3 6 4 0 1 0 0 0 0 2 0 2 197 2 74 14 5 0 0 0 0 0 0 0 0 0 0 0 0 0 0 0 0 0 0 0 0 2 6 0 0 1 0 0 0 0 0 0 1 0 0 0 1 13 7 0 2 0 0 0 1 0 0 0 0 3 33 36 36 1 0 8 29 88 94 334 61 100 45 40 150 0 0 0 0 0 0 0 0 0 0 36 8 0 0 0 0 0 0 0 0 0 0 0 0 0 0 0 0 0
0 0 0 0 1 0 1 0 0 1 0 0 1 6 3 0 16 3 1 1 0 0 0 0 0 0 0 16 3 1 17 22 4 0 0 1 0 3 2 3 8 36 3 0 1 0 0 0 0 0 0 8 73 37 0 20 0 0 0 0 0 0 0 0 0 0 0 0 0 0 0 0 0 0 0 0 7 1 1 0 0 0 0 0 0 0 0 0 2 0 6 0 13 18 1 6 1 0 0 2 17 0 0 0 0 0 0 55 516 25 0 0 0 1 0 3 2 24 260 377 35 0 1 0 0 0 0 0 0 0 0 1 20 0 0 0 0 0 0 0 0 0 0 0 0 0 0 0 0 0
0 1 2 0 0 0 6 16 0 0 6 3 3 2 0 65 23 15 1 4 1 0 1 1 0 2 1 4 0 2 5 2 2 0 0 0 0 0 0 0 6 0 0 0 5 0 1 0 0 0 0 10 1 9 5 1 2 0 0 0 0 0 0 0 0 0 0 0 0 0 0 0 0 0 0 0 5 15 0 0 0 0 0 0 0 0 0 0 6 0 2 0 0 21 0 0 0 0 2 0 0 0 2 0 0 13 33 13 115 0 0 0 0 0 4 0 0 0 55 169 223 313 0 0 1 27 0 0 0 19 33 7 20 9 0 0 0 0 0 0 0 0 0 0 0 0 0 0 0 0
0 0 0 0 0 0 5 0 0 0 4 3 1 1 8 17 22 6 3 1 0 1 3 0 1 5 0 0 1 0 0 0 2 1 0 0 0 0 0 18 0 3 7 2 0 1 1 0 0 0 3 81 10 11 10 3 9 0 0 0 0 0 0 0 0 0 0 0 0 0 0 0 0 0 0 0 0 23 50 0 0 2 0 0 0 0 1 28 7 0 1 0 2 0 0 2 0 0 1 1 7 4 7 1 0 15 16 9 37 4 0 0 0 2 27 39 46 295 59 134 364 65 0 0 163 47 0 0 0 54 59 0 0 0 0 0 0 0 0 0 0 0 0 0 0 0 0 0 0 0
0 1 1 0 0 0 2 0 1 0 3 52 11 21 0 0 0 8 0 0 0 0 2 4 5 0 0 0 11 1 0 0 2 0 0 0 0 0 1 0 1 9 13 0 1 1 0 1 0 0 0 47 4 9 0 0 0 0 0 0 0 0 0 0 0 0 0 0 0 0 0 0 0 0 0 0 0 3 14 0 0 1 0 0 0 0 4 11 0 0 0 0 1 2 0 0 0 0 1 0 0 0 2 0 18 0 6 13 34 9 0 0 0 0 124 320 553 249 18 14 29 46 55 166 45 1 0 3 0 266 66 0 0 0 0 0 0 0 0 0 0 0 0 0 0 0 0 0 0 0
0 0 0 0 0 0 0 0 0 0 3 10 0 1 0 0 0 0 0 0 1 0 0 0 0 1 2 0 3 0 0 0 0 0 0 0 0 0 5 1 0 0 0 0 0 0 0 0 0 0 1 23 1 4 1 0 0 0 1 0 0 0 0 0 0 0 0 0 0 0 0 0 0 0 0 0 2 2 32 14 14 10 3 0 0 0 0 0 0 0 0 0 1 3 0 1 0 0 0 4 1 2 0 7 5 2 2 4 20 0 0 0 6 7 8 3 2 16 225 161 9 159 309 323 247 117 18 137 347 840 356 1 0 0 0 0 0 0 0 0 0 0 0 0 0 0 0 0 0 0
0 0 0 0 0 2 0 3 0 19 11 3 0 17 7 0 1 1 0 0 0 0 0 0 0 23 13 0 0 0 0 1 1 0 0 0 0 0 1 3 0 0 1 1 0 1 1 1 0 4 6 136 16 1 0 2 0 0 0 0 0 0 0 0 0 0 0 0 0 0 0 0 0 0 1 0 1 3 63 0 0 21 3 0 0 0 0 0 3 0 0 0 1 1 0 8 4 0 1 3 7 0 0 0 12 4 4 0 53 24 1 1 10 0 1 1 1 235 175 264 273 477 417 392 868 475 440 312 427 485 287 1 0 0 0 0 0 0 0 0 0 0 0 0 0 0 0 0 0 0
0 1 0 0 0 0 0 0 2 3 0 9 1 0 8 4 1 2 0 0 0 0 0 0 0 5 6 1 1 0 0 1 0 0 2 0 0 0 2 0 1 0 9 0 1 0 1 0 4 22 502 336 8 87 6 0 1 2 1 0 0 13 0 0 0 0 0 0 0 0 0 0 0 0 0 0 0 0 2 0 0 0 1 0 0 0 0 0 2 0 0 0 18 0 0 0 0 0 1 6 4 1 3 0 20 3 13 48 0 3 0 2 1 2 4 0 3 31 277 1003 982 453 152 646 799 350 83 344 335 13 64 0 0 0 0 0 0 0 0 0 0 0 0 0 0 0 0 0 0 0
0 0 0 0 0 0 0 0 10 4 2 0 2 3 0 4 1 6 0 0 0 0 0 0 2 5 1 1 0 1 1 14 10 1 0 1 1 0 0 0 0 0 0 1 0 0 0 0 1 31 441 405 321 438 24 13 3 2 2 1 0 0 0 0 0 0 0 0 0 0 0 0 0 0 1 0 0 0 0 12 0 0 0 0 0 0 0 9 59 0 0 14 7 0 0 0 0 0 0 1 2 0 2 3 0 56 235 0 1 0 0 0 0 0 2 0 2 9 66 431 156 246 175 1574 628 318 96 218 11 262 630 456 0 0 0 0 0 0 0 0 0 0 0 0 0 0 0 0 0 0
0 1 0 10 0 1 6 15 12 0 14 20 1 2 0 0 0 0 0 0 0 0 0 0 0 0 1 0 0 0 0 2 7 3 0 1 1 0 0 0 0 0 0 0 0 1 0 0 0 3 213 247 297 240 144 17 0 0 1 0 0 0 0 0 0 0 0 0 0 0 0 0 0 0 0 0 0 0 0 12 7 1 0 0 0 0 0 8 13 0 3 11 35 0 0 0 0 0 0 1 0 21 5 190 2 10 3 12 0 0 0 0 0 7 0 8 0 1 3 46 113 217 177 576 571 386 174 281 266 291 226 127 0 0 0 0 0 0 0 0 0 0 0 0 0 0 0 0 0 0
5 1 0 1 1 10 2 3 2 0 0 4 1 0 0 0 0 0 0 0 0 0 0 0 0 0 0 0 1 0 0 0 0 0 0 0 0 10 0 0 0 0 0 0 0 1 0 0 1 1 12 127 162 6 13 22 2 0 0 0 1 0 0 0 1 0 0 0 0 0 0 0 0 0 0 0 0 0 2 0 2 48 0 0 0 0 22 34 14 0 1 92 59 17 4 0 0 0 2 8 10 0 20 49 20 0 0 2 3 1 0 0 0 1 0 0 2 7 7 6 54 420 254 162 109 279 528 909 139 89 13 49 0 0 0 0 0 0 0 0 0 0 0 0 0 0 0 0 0 0
2 1 8 0 0 1 9 45 4 6 7 8 0 0 0 0 0 0 0 0 0 0 0 0 0 0 0 0 0 0 0 0 0 0 0 0 0 0 0 0 1 0 0 0 0 0 0 0 1 1 2 6 36 5 11 0 2 26 24 1 0 0 0 0 0 0 0 0 0 0 0 0 0 0 0 0 0 0 0 0 0 2 7 13 6 3 1 0 8 27 58 104 90 0 4 0 0 1 40 15 25 163 104 220 151 14 13 1 4 1 0 0 0 0 1 0 0 7 11 147 116 341 1441 958 380 71 1229 1387 856 1 0 0 0 0 0 0 0 0 0 0 0 0 0 0 0 0 0 0 0 0
1 3 7 0 25 4 3 25 3 0 1 0 0 0 0 0 0 0 0 0 3 0 0 1 0 0 1 0 0 0 0 0 0 0 1 0 0 0 1 0 0 0 0 0 0 0 0 0 0 0 0 0 20 3 5 0 0 1 44 7 1 3 0 0 0 0 0 0 0 0 0 0 0 0 0 0 0 0 0 0 0 0 7 0 0 8 0 17 6 11 49 91 73 3 9 1 0 0 0 9 64 153 248 223 78 16 0 0 0 2 1 0 0 0 1 0 3 219 195 270 313 2 1 133 122 411 327 542 244 0 161 4 0 0 0 0 0 0 0 0 0 0 0 0 0 0 0 0 0 0
3 4 69 3 17 191 66 4 0 3 0 0 2 1 0 0 0 0 0 0 0 0 0 0 0 0 0 0 0 0 0 0 0 0 0 0 0 0 0 0 1 4 0 0 1 2 0 0 1 0 0 10 6 0 0 0 7 2 1 11 1 0 0 0 0 0 0 0 0 0 0 0 0 0 0 0 0 0 0 0 5 19 0 0 9 2 76 4 1 0 0 2 1 1 0 0 0 0 0 1 6 46 410 166 64 119 2 5 12 2 9 1 0 0 0 8 143 265 63 23 0 0 0 0 92 344 68 509 323 11 20 7 0 0 0 0 0 0 0 0 0 0 0 0 0 0 0 0 0 0
0 21 46 101 250 262 123 29 6 0 0 0 0 0 1 0 0 0 0 0 1 5 0 0 0 0 0 0 0 0 0 0 0 0 0 0 0 0 0 0 0 0 0 8 1 2 0 3 1 0 0 5 2 0 0 0 3 0 5 4 1 1 0 0 0 0 0 0 0 0 0 0 0 0 0 0 0 0 0 9 4 0 0 0 4 0 14 76 28 5 0 0 0 0 0 0 0 0 0 0 0 82 280 117 52 60 1 2 1 3 2 0 0 0 2 22 61 4 1 20 0 0 0 0 3 241 220 425 149 3 5 0 0 0 0 0 0 0 0 0 0 0 0 0 0 0 0 0 0 0
2 153 162 535 278 251 117 6 3 0 0 4 1 0 0 1 0 0 0 0 0 1 0 0 1 0 0 5 0 0 0 0 0 0 0 0 0 0 1 0 0 0 0 1 0 0 0 1 16 0 0 0 8 0 0 0 0 0 0 0 0 17 0 0 0 0 0 0 0 0 0 0 0 0 0 0 0 13 0 0 0 0 0 0 0 0 48 7 0 0 1 0 0 0 0 0 0 0 0 1 5 18 8 8 57 119 0 0 0 0 0 4 0 1 6 0 1 2 5 26 20 41 1 0 6 70 69 152 52 0 0 0 0 0 0 0 0 0 0 0 0 0 0 0 0 0 0 0 0 0
0 4 192 112 119 174 49 8 2 1 0 1 0 0 0 0 0 0 3 3 5 1 0 0 0 0 0 0 0 0 1 0 0 0 1 0 0 0 0 0 0 0 1 0 0 1 0 3 1 2 0 0 0 0 0 0 0 0 0 0 0 0 0 0 0 0 0 0 0 0 0 0 0 0 0 0 0 0 0 0 0 0 0 0 0 0 33 15 2 17 14 1 0 0 1 15 0 0 0 199 415 52 134 50 1 46 4 1 0 0 1 6 1 0 0 0 0 0 3 32 74 20 85 181 18 5 2 0 0 0 0 0 0 0 0 0 0 0 0 0 0 0 0 0 0 0 0 0 0 0
6 14 20 25 22 19 0 2 0 1 5 0 0 0 0 0 0 0 0 0 2 36 0 0 0 0 0 0 0 1 0 0 0 0 0 0 0 0 0 0 1 0 0 0 0 13 1 0 0 0 0 0 0 0 0 8 1 0 0 0 0 0 0 0 0 0 0 0 0 0 0 0 0 0 0 0 2 8 0 0 0 0 0 0 0 0 14 0 0 13 8 0 0 0 19 63 44 11 109 843 216 298 38 10 0 9 12 48 0 2 10 0 0 0 0 0 0 0 21 16 40 9 9 3 0 38 6 11 59 28 2 0 0 0 0 0 0 0 0 0 0 0 0 0 0 0 0 0 0 0
22 4 10 8 0 0 0 0 0 0 0 0 1 0 0 1 0 0 1 1 0 4 0 0 0 0 0 3 0 0 1 0 0 2 4 0 0 0 0 0 0 0 0 0 1 5 2 0 0 0 0 0 1 6 34 4 7 0 0 0 0 0 0 0 0 0 0 0 0 0 0 0 0 0 35 4 0 0 0 0 0 0 0 0 0 0 4 0 0 0 41 13 1 4 50 151 45 0 49 116 5 4 6 3 0 0 0 63 336 128 0 0 0 1 0 0 0 2 0 0 19 1 0 0 0 25 15 27 319 129 10 0 0 0 0 0 0 0 0 0 0 0 0 0 0 0 0 0 0 0
17 0 2 1 0 0 0 0 0 0 0 0 0 0 0 0 0 0 0 0 0 0 0 0 0 0 0 0 0 1 1 15 3 0 1 0 0 0 0 0 0 0 0 1 0 1 0 0 0 0 0 0 0 1 57 0 0 0 0 0 0 0 0 0 0 0 0 0 0 0 0 0 0 0 6 28 0 0 0 0 0 0 0 0 0 0 20 39 127 21 45 2 14 17 3 16 8 1 0 0 0 2 1 0 1 5 105 114 35 10 2 0 0 0 0 0 0 0 0 0 6 10 3 5 8 93 20 84 71 120 18 0 0 0 0 0 0 0 0 0 0 0 0 0 0 0 0 0 0 0
0 0 0 0 1 0 0 0 0 0 0 0 0 0 0 0 0 0 0 0 1 0 0 0 0 0 0 0 1 0 2 0 0 0 0 0 0 0 0 0 0 0 0 0 0 3 79 0 0 0 0 0 6 19 4 2 0 0 0 0 0 0 0 0 0 0 0 0 0 0 0 0 0 1 1 0 0 0 0 0 0 0 0 0 0 0 0 0 55 7 0 0 0 1 0 18 0 0 0 0 0 3 0 1 0 107 311 164 34 18 0 0 0 0 0 0 0 0 11 2 1 24 0 8 0 2 30 47 1 15 0 1 0 0 0 0 0 0 0 0 0 0 0 0 0 0 0 0 0 0
1 0 0 0 0 0 0 0 0 0 0 0 0 0 0 0 0 0 0 2 0 0 0 9 0 0 0 0 0 1 0 0 0 0 2 0 0 0 0 0 0 0 0 0 0 0 0 0 0 0 0 0 4 28 3 1 0 0 0 0 0 0 0 0 0 0 0 0 0 0 1 0 2 0 1 0 0 0 0 0 0 0 0 0 0 0 0 0 0 0 0 0 1 25 2 0 0 0 0 3 0 2 6 0 16 54 55 0 10 249 0 0 0 0 0 0 0 0 0 2 0 2 0 28 48 19 104 22 3 27 0 0 0 0 0 0 0 0 0 0 0 0 0 0 0 0 0 0 0 0
0 0 0 0 2 15 0 0 0 0 0 0 0 0 0 0 0 0 0 2 0 0 0 0 0 0 1 0 0 0 0 1 0 0 0 0 0 0 0 0 0 0 0 3 0 0 0 0 0 0 5 0 8 1 0 0 3 1 0 0 0 0 0 0 0 0 0 0 1 4 0 0 0 0 0 0 0 0 0 0 0 0 0 0 0 0 0 0 0 0 0 21 42 1 1 0 0 0 0 0 0 0 3 3 24 6 0 0 0 2 1 0 0 0 0 0 0 0 0 0 0 1 0 11 0 0 0 130 3 2 0 0 0 0 0 0 0 0 0 0 0 0 0 0 0 0 0 0 0 0
0 0 0 0 38 20 0 0 0 0 0 0 0 0 0 0 0 0 0 0 0 0 0 0 0 0 0 0 3 0 4 0 0 0 0 0 0 0 1 0 0 0 0 1 0 1 0 0 0 2 0 0 0 8 2 3 1 1 0 0 0 0 0 0 0 0 0 0 0 2 0 0 1 0 0 0 0 0 0 0 0 0 0 0 0 0 0 0 11 26 67 131 59 3 0 0 0 0 0 7 7 299 299 22 1 5 1 0 0 3 0 0 0 0 0 0 0 0 0 0 0 0 0 0 0 1 6 2 0 0 0 0 0 0 0 0 0 0 0 0 0 0 0 0 0 0 0 0 0 0
0 0 0 0 0 2 0 0 0 0 0 0 2 25 0 0 0 0 0 0 0 0 0 0 0 0 0 0 0 2 0 0 0 0 0 1 0 0 0 0 0 0 0 0 0 1 0 0 0 0 0 0 0 6 0 0 0 0 0 0 0 0 0 0 0 0 0 0 1 1 0 0 0 0 0 0 0 0 0 0 0 0 0 0 0 0 0 0 8 36 81 105 33 6 11 0 0 3 2 13 52 40 47 5 1 0 0 0 0 0 0 0 0 0 0 0 0 0 0 0 1 49 64 0 0 3 0 0 0 0 0 0 0 0 0 0 0 0 0 0 0 0 0 0 0 0 0 0 0 0
0 0 0 0 2 1 1 0 0 0 0 0 10 9 0 1 0 0 0 0 0 0 0 0 0 5 0 0 0 8 0 0 0 0 1 1 0 0 0 0 0 0 0 0 2 1 1 0 0 0 2 0 0 9 1 0 0 0 0 0 0 0 0 0 0 0 0 5 78 0 0 0 0 0 0 0 0 0 0 0 0 0 0 0 1 12 45 3 0 6 0 0 7 0 13 0 0 1 1 3 29 0 2 1 0 0 0 1 1 5 1 7 2 0 0 0 0 0 0 0 0 0 0 0 0 0 0 2 0 0 0 0 0 0 0 0 0 0 0 0 0 0 0 0 0 0 0 0 0 0
0 0 0 1 6 0 0 0 0 0 0 0 0 0 0 1 0 0 0 0 0 0 0 0 0 0 0 0 0 0 0 0 0 0 0 1 0 0 0 0 0 0 0 0 0 0 0 2 0 1 0 0 0 1 2 3 0 0 0 0 0 0 0 0 0 0 0 11 12 0 0 0 0 0 0 0 0 0 0 0 0 0 0 0 25 0 2 0 1 12 0 1 4 1 0 2 9 4 3 5 8 5 1 0 0 0 0 6 21 45 65 188 9 2 0 0 0 0 0 0 0 0 0 0 0 0 0 0 0 0 0 0 0 0 0 0 0 0 0 0 0 0 0 0 0 0 0 0 0 0
0 0 0 0 0 0 0 0 0 0 0 0 0 0 0 0 0 0 0 0 0 0 0 0 0 0 0 0 0 0 0 0 0 0 0 0 0 0 0 1 0 0 0 0 0 0 0 2 6 0 0 0 0 0 0 46 83 0 0 0 0 0 0 0 0 2 11 37 1 0 0 9 0 0 0 0 0 0 0 0 0 0 0 15 13 0 2 2 1 0 0 4 3 0 0 0 16 7 70 1 0 0 1 2 0 0 23 2 12 10 98 16 43 24 1 0 0 0 0 0 0 0 0 0 0 0 0 0 0 0 0 0 0 0 0 0 0 0 0 0 0 0 0 0 0 0 0 0 0 0
0 0 0 0 0 0 0 0 0 0 0 2 0 0 0 0 0 0 0 0 0 0 0 0 0 0 0 0 0 0 0 0 0 0 0 0 0 0 6 1 0 0 0 0 0 4 1 1 37 1 0 0 0 0 2 1 3 2 14 2 0 0 0 1 1 2 0 1 0 1 0 0 0 0 0 0 0 0 0 0 0 0 0 0 0 0 0 3 0 1 0 0 2 0 10 73 1 0 0 0 0 0 0 0 3 37 322 386 245 42 24 0 46 6 0 0 0 0 0 0 0 0 0 0 0 0 0 0 0 0 0 0 0 0 0 0 0 0 0 0 0 0 0 0 0 0 0 0 0 0
0 0 1 0 0 24 2 5 0 1 0 0 0 0 2 0 0 0 0 0 0 0 0 0 0 0 0 0 0 0 0 0 0 0 0 0 0 0 1 0 0 1 0 1 0 0 17 17 0 0 0 0 0 1 9 0 0 0 0 0 0 0 0 1 1 0 0 2 0 4 0 7 0 0 0 0 0 0 0 0 0 0 0 0 0 0 0 6 0 1 7 10 0 2 61 4 0 0 0 0 0 0 0 3 21 18 105 176 135 89 26 81 74 0 0 0 0 0 0 0 0 0 0 0 0 0 0 0 0 0 0 0 0 0 0 0 0 0 0 0 0 0 0 0 0 0 0 0 0 0
0 0 1 0 42 29 0 0 0 0 0 0 0 1 0 0 0 0 0 0 0 0 0 0 0 0 0 0 0 0 0 0 1 1 0 0 0 0 0 0 2 0 0 2 1 0 4 0 2 0 21 2 2 1 0 0 0 1 0 0 0 1 0 3 0 0 0 0 2 0 0 0 0 1 0 0 0 0 0 0 0 0 0 0 0 0 0 0 0 0 0 0 3 6 1 10 167 0 0 0 0 0 0 16 72 141 0 0 4 24 0 3 1 0 0 0 0 0 0 0 0 0 0 0 0 0 0 0 0 0 0 0 0 0 0 0 0 0 0 0 0 0 0 0 0 0 0 0 0 0
0 0 0 0 0 4 0 0 2 1 0 0 0 0 0 0 0 0 0 1 0 0 0 0 0 0 0 0 0 0 0 0 0 7 0 0 0 0 0 0 0 0 0 0 0 0 0 0 3 0 0 0 0 1 0 0 0 0 3 0 0 6 0 0 0 0 0 0 0 0 3 0 19 3 0 0 0 0 0 0 0 0 0 0 0 0 0 0 1 0 0 19 43 10 14 126 198 0 0 0 0 0 0 0 2 0 0 0 0 0 10 128 0 0 0 0 0 0 0 0 0 0 0 0 0 0 0 0 0 0 0 0 0 0 0 0 0 0 0 0 0 0 5 3 0 0 0 0 0 0
0 0 6 0 0 0 0 0 0 4 0 0 2 0 1 0 0 0 1 0 0 0 0 0 0 0 0 0 0 0 0 0 1 0 0 0 0 0 0 0 0 0 0 0 0 0 0 0 0 5 4 0 1 0 0 0 0 0 0 1 0 0 0 0 0 0 0 0 0 0 0 0 0 0 0 0 0 0 0 0 0 0 0 0 0 0 0 0 2 0 1 9 139 95 46 0 0 0 0 0 0 0 0 1 0 0 0 0 0 41 78 0 0 0 0 0 0 0 0 0 0 0 0 0 0 0 0 0 0 0 0 0 0 0 0 0 0 0 0 0 0 0 0 0 0 0 0 0 0 0
0 0 0 0 0 1 0 0 0 0 0 0 0 1 0 0 0 0 0 0 0 0 0 0 0 0 0 0 0 0 0 0 0 0 0 0 0 0 0 0 0 0 0 0 0 0 0 0 0 0 1 1 4 0 0 0 0 0 0 0 0 1 0 0 0 0 0 0 0 0 0 0 0 0 0 0 0 0 0 0 0 0 0 0 0 0 0 0 0 0 4 19 337 0 0 0 1 0 0 0 0 0 0 0 0 0 0 2 7 9 21 0 0 0 0 0 0 0 0 0 0 0 0 0 0 0 0 0 0 0 0 0 0 0 0 0 0 0 0 0 0 0 0 0 0 0 0 0 0 0
0 0 0 0 0 0 0 0 0 0 0 1 1 0 0 0 0 0 0 0 0 0 0 0 0 0 0 0 0 0 0 0 0 0 1 0 0 0 0 0 0 0 0 0 0 0 0 0 0 0 0 8 1 0 0 0 0 0 0 7 2 0 0 0 0 0 0 0 0 0 0 24 1 0 0 0 0 0 0 0 0 0 0 0 0 0 0 0 0 1 1 9 2 9 0 0 0 0 0 0 0 0 0 0 0 0 0 0 0 0 0 0 0 0 0 0 0 0 0 0 0 0 0 0 0 0 0 0 0 0 0 0 0 0 0 0 0 0 0 0 0 0 0 0 0 0 0 0 0 0
2 0 0 0 0 0 0 0 0 0 0 0 0 0 0 0 0 0 0 0 0 2 2 12 0 0 0 0 0 0 0 0 0 0 0 0 0 0 0 0 0 0 0 0 0 0 0 0 0 0 0 5 2 0 0 0 0 0 0 0 0 4 10 0 0 0 0 0 0 0 0 2 5 0 1 0 0 0 0 0 0 0 0 0 0 0 0 0 0 2 0 12 4 10 30 0 0 0 0 0 0 0 0 0 0 0 0 0 0 0 0 0 0 0 0 0 0 0 0 0 0 0 0 0 0 0 0 0 0 0 0 0 0 0 0 0 0 0 0 0 0 0 0 0 0 0 0 0 0 0
0 0 0 0 0 0 0 0 0 0 0 0 0 0 0 0 0 0 0 0 0 0 0 1 0 0 0 0 0 0 0 0 0 0 0 0 0 1 0 0 0 0 0 0 0 0 0 0 0 0 1 14 11 3 2 1 6 0 0 0 0 5 27 0 0 0 0 0 0 0 0 0 0 0 2 0 0 0 0 0 0 0 0 0 0 0 0 0 0 0 3 3 0 6 17 7 0 0 0 0 0 0 0 0 0 0 0 0 0 0 0 0 0 0 0 0 0 0 0 0 0 0 0 0 0 0 0 0 0 0 0 0 0 0 0 0 0 0 0 0 0 0 0 0 0 0 0 0 0 0
0 0 0 0 0 0 0 0 0 0 0 0 0 2 0 0 0 0 0 0 0 0 0 0 0 0 0 0 0 0 1 3 0 0 0 0 0 0 0 0 0 0 0 0 0 0 0 0 0 0 5 19 51 3 6 0 1 0 0 0 0 24 0 0 0 0 0 0 0 0 0 0 0 0 0 0 0 0 0 0 0 0 0 0 0 0 0 0 0 0 0 5 15 4 1 0 0 0 0 0 0 0 0 0 0 0 0 0 0 0 0 0 0 0 0 0 0 0 0 0 0 0 0 0 0 0 0 0 0 0 0 0 0 0 0 0 0 0 0 0 0 0 0 0 0 0 0 0 0 0
0 0 0 0 0 0 0 0 0 0 0 0 0 2 0 0 0 3 0 0 0 0 0 0 0 0 0 0 0 0 0 0 0 0 0 0 0 0 0 0 0 0 0 0 0 0 0 0 0 3 0 9 85 7 8 5 0 0 0 0 0 4 3 0 0 0 0 0 0 0 0 0 0 0 0 0 0 0 0 0 0 0 0 0 0 0 0 0 0 0 0 0 1 0 0 2 8 0 0 6 0 0 0 0 0 0 0 0 0 0 0 0 0 0 0 0 0 0 0 0 0 0 0 0 0 0 0 0 0 0 0 0 0 0 0 1 0 0 0 0 0 0 0 0 0 0 0 0 0 0
0 0 0 0 1 0 0 0 0 3 0 0 0 0 0 0 0 1 0 0 0 0 0 0 0 4 0 0 0 0 0 0 0 0 0 0 0 0 0 0 0 0 0 0 0 0 0 4 0 1 0 5 8 0 0 2 0 0 0 0 8 1 0 2 0 0 0 0 0 0 0 0 0 0 0 0 0 0 0 0 0 0 0 0 0 0 0 0 0 0 0 0 0 1 0 0 3 0 0 0 0 0 0 0 0 0 0 0 0 0 0 0 0 0 0 0 0 0 0 0 0 0 0 0 0 0 0 0 0 0 0 0 0 0 0 0 0 0 0 0 0 0 0 0 0 0 0 0 0 0
0 0 1 0 0 0 0 0 0 0 1 0 0 0 0 0 0 0 0 0 0 2 0 0 0 0 0 0 0 0 0 0 0 1 7 0 0 0 0 0 0 0 0 0 0 0 4 47 0 0 0 0 0 0 0 0 0 0 0 11 1 0 0 0 0 0 0 0 0 0 0 0 0 0 0 0 0 0 0 0 0 0 0 0 0 0 0 0 0 0 0 0 0 0 0 8 4 14 0 0 0 0 0 0 0 0 0 0 0 0 0 0 0 0 0 0 0 0 0 0 0 0 0 0 0 0 0 0 0 0 0 0 0 0 0 0 0 0 0 0 0 0 0 0 1 2 0 0 0 0
0 0 0 0 0 0 0 0 0 0 0 0 0 0 0 0 0 0 0 5 1 0 0 0 0 0 0 0 0 0 0 0 1 0 0 0 0 0 0 0 0 0 0 0 0 0 0 0 0 0 0 0 0 0 0 0 0 0 0 0 0 1 0 0 0 0 0 0 0 0 0 0 1 0 0 0 0 0 0 0 0 0 0 0 0 0 0 0 0 0 0 0 0 0 1 0 5 1 0 0 4 0 0 0 0 0 0 0 0 0 0 0 0 0 0 0 0 0 0 0 0 0 0 0 0 0 0 0 0 0 0 0 0 0 0 0 0 0 0 0 0 0 0 0 0 0 0 0 0 0
0 0 0 0 0 0 0 0 0 0 0 1 0 0 0 0 1 0 0 0 2 0 0 0 0 0 0 0 0 0 0 0 0 0 0 0 0 0 0 0 0 0 0 0 0 0 0 0 0 0 0 0 0 0 0 0 0 0 0 0 0 0 0 0 0 0 0 0 0 0 0 1 0 0 0 0 0 0 0 0 0 0 0 0 0 0 0 0 0 0 0 0 0 0 3 0 0 0 0 0 0 0 0 0 0 0 0 0 0 0 0 0 0 0 0 0 0 0 0 0 0 0 0 0 0 0 0 0 0 0 0 0 0 0 0 0 0 0 0 0 0 0 0 0 0 0 0 0 0 0
0 0 0 0 0 0 0 0 0 0 4 1 14 0 0 2 1 0 0 0 0 0 0 0 0 0 0 0 0 0 0 0 0 0 0 0 0 0 0 0 0 0 0 0 1 0 0 0 0 0 0 0 0 0 0 0 0 0 0 0 0 0 0 0 0 0 0 0 0 0 0 0 0 0 0 0 0 0 0 0 0 0 0 0 0 0 0 0 0 0 0 0 0 0 3 0 5 0 0 0 0 0 0 0 0 0 0 0 0 0 0 0 0 0 0 0 0 0 0 0 0 0 0 0 0 0 0 0 0 0 0 0 0 0 0 0 0 0 0 0 0 0 0 0 0 0 0 0 0 0
0 0 0 0 0 0 0 0 0 4 0 0 2 0 0 1 6 3 0 0 0 0 0 0 0 0 0 0 0 0 0 0 0 0 0 0 0 0 0 0 0 0 0 3 0 0 0 0 0 0 0 0 0 0 0 0 0 0 0 14 0 0 0 0 0 0 0 0 15 0 0 0 0 0 0 0 0 0 0 0 0 0 0 0 0 0 0 0 0 0 0 0 0 0 0 0 0 0 0 2 0 0 0 0 0 0 0 0 0 0 0 0 0 0 0 0 0 0 0 0 0 0 0 0 0 0 0 0 0 0 0 0 0 0 0 0 0 0 0 0 0 0 0 0 0 0 0 0 0 0
0 0 0 0 0 0 0 1 0 0 0 0 4 2 0 0 0 1 0 0 0 0 0 0 0 0 0 0 0 0 0 0 0 0 0 0 0 4 1 0 0 0 0 0 0 0 0 0 0 0 0 0 0 0 0 0 0 0 0 0 2 8 0 0 0 0 0 0 83 48 0 0 0 0 0 0 0 0 0 0 0 0 0 0 0 0 0 0 0 0 0 0 0 0 0 0 0 0 0 0 0 0 0 0 0 0 0 0 0 0 0 0 0 0 0 0 0 0 0 0 0 0 0 0 0 0 0 0 0 0 0 0 0 0 0 0 0 0 0 0 0 0 0 0 0 0 0 0 0 0
0 0 1 0 0 0 0 0 0 0 0 2 30 3 0 3 9 0 0 7 0 0 0 7 3 0 0 0 0 0 0 1 0 0 1 1 16 1 2 2 0 0 3 0 0 0 0 0 0 0 0 0 0 0 0 0 0 0 0 0 0 2 1 1 69 7 3 0 0 0 0 0 0 0 0 0 0 0 0 0 0 0 0 0 0 0 0 0 0 0 0 0 0 0 0 0 0 0 0 0 0 0 0 0 0 0 0 0 0 0 0 0 0 0 0 0 0 0 0 0 0 0 0 0 0 0 0 0 0 0 0 0 0 0 0 0 0 0 0 0 0 0 0 0 0 0 0 0 0 0
4 28 2 0 0 0 0 0 0 0 1 0 3 0 0 0 0 1 0 1 4 23 25 0 2 0 0 0 0 0 1 0 0 0 0 1 8 0 0 2 0 0 0 0 0 0 0 0 0 0 0 0 0 0 0 0 0 0 0 0 0 0 0 0 1 2 0 0 0 0 0 0 0 0 0 0 0 0 0 0 0 0 0 0 0 0 0 0 0 0 0 0 0 0 0 0 0 0 0 0 0 0 0 0 0 0 0 0 0 0 0 0 0 0 0 0 0 0 0 0 0 0 0 0 0 0 0 0 0 0 0 0 0 0 0 0 0 0 0 0 0 0 0 0 0 0 0 0 0 0
20 3 7 0 0 1 0 0 0 0 0 0 0 0 0 0 0 0 0 0 0 76 7 1 2 1 0 0 1 2 8 0 0 0 0 0 0 0 1 0 2 4 0 0 0 0 0 0 0 0 0 0 0 0 0 0 0 0 0 0 0 0 0 0 1 0 0 0 0 0 0 0 0 0 0 0 0 0 0 0 0 0 0 0 0 0 0 0 0 0 0 0 0 0 0 0 0 0 0 0 0 0 0 0 0 0 0 0 0 0 0 0 0 0 0 0 0 0 0 0 0 0 0 0 0 0 0 0 0 0 0 0 0 0 0 0 0 0 0 0 0 0 0 0 0 0 0 0 0 0
0 0 0 0 0 0 0 0 0 0 0 5 2 0 0 0 0 0 0 0 0 2 1 5 0 2 0 0 0 0 0 0 0 0 2 0 1 0 0 0 0 0 0 0 0 0 0 0 0 0 0 0 0 0 0 0 0 0 0 0 0 0 0 0 0 0 0 0 0 0 0 0 0 0 0 0 0 0 0 0 0 0 0 0 0 0 0 0 0 0 0 0 0 0 0 0 0 0 0 0 0 0 0 0 0 0 0 0 0 0 0 0 0 0 0 0 0 0 0 0 0 0 0 0 0 0 0 0 0 0 0 0 0 0 0 0 0 0 0 0 0 0 0 0 0 0 0 0 0 0
0 0 0 0 0 0 0 0 0 0 0 0 0 0 0 0 0 0 1 2 0 0 0 0 2 3 2 6 12 0 0 0 0 5 6 0 0 0 0 0 0 0 0 0 0 0 0 0 0 0 0 0 0 0 0 0 0 0 0 0 0 0 0 0 0 0 0 0 0 0 0 0 0 0 0 0 0 0 0 0 0 0 0 0 0 0 0 0 0 0 0 0 0 0 0 0 0 0 0 0 0 0 0 0 0 0 0 0 0 0 0 0 0 0 0 0 0 0 0 0 0 0 0 0 0 0 0 0 0 0 0 0 0 0 0 0 0 0 0 0 0 0 0 0 0 0 0 0 0 0
0 1 0 0 0 0 0 0 0 0 0 0 0 0 0 0 0 0 0 0 0 0 0 0 0 0 0 2 91 20 4 1 2 4 0 0 0 0 0 0 0 0 0 0 0 0 0 0 0 0 0 0 0 0 0 0 0 0 0 0 0 0 0 0 0 0 0 0 0 0 0 0 0 0 0 0 0 0 0 0 0 0 0 0 0 0 0 0 0 0 0 0 0 0 0 0 0 0 0 0 0 0 0 0 0 0 0 0 0 0 0 0 0 0 0 0 0 0 0 0 0 0 0 0 0 0 0 0 0 0 0 0 0 0 0 0 0 0 0 0 0 0 0 0 0 0 0 0 0 0
0 0 0 0 0 0 0 0 0 0 0 0 0 0 0 0 0 0 0 0 0 0 0 0 0 1 1 3 0 0 1 0 2 3 0 0 1 0 0 0 0 0 0 0 0 0 0 0 0 0 0 0 0 0 0 0 0 0 0 0 0 0 0 0 0 0 0 0 0 0 0 0 0 0 0 0 0 0 0 0 0 0 0 0 0 0 0 0 0 0 0 0 0 0 0 0 0 0 0 0 0 0 0 0 0 0 0 0 0 0 0 0 0 0 0 0 0 0 0 0 0 0 0 0 0 0 0 0 0 0 0 0 0 0 0 0 0 0 0 0 0 0 0 0 0 0 0 0 0 0
0 0 0 0 0 0 0 0 0 0 0 0 0 0 0 0 0 0 0 0 0 0 0 0 2 2 3 0 0 0 8 0 1 0 0 0 0 0 0 0 0 0 0 0 0 0 0 0 0 0 0 0 0 0 0 0 0 0 0 0 0 0 0 0 0 0 0 0 0 0 0 0 0 0 0 0 0 0 0 0 0 0 0 0 0 0 0 0 0 0 0 0 0 0 0 0 0 0 0 0 0 0 0 0 0 0 0 0 0 0 0 0 0 0 0 0 0 0 0 0 0 0 0 0 0 0 0 0 0 0 0 0 0 0 0 0 0 0 0 0 0 0 0 0 0 0 0 0 0 0
0 0 0 0 0 0 0 0 0 0 0 0 1 2 0 0 0 0 0 0 0 0 0 0 0 0 0 0 0 0 0 0 4 0 0 0 4 2 0 0 0 0 0 0 0 0 0 0 0 0 0 0 0 0 0 0 0 0 0 0 0 0 0 0 0 0 0 0 0 0 0 0 0 0 0 0 0 0 0 0 0 0 0 0 0 0 0 0 0 0 0 0 0 0 0 0 0 0 0 0 0 0 0 0 0 0 0 0 0 0 0 0 0 0 0 0 0 0 0 0 0 0 0 0 0 0 0 0 0 0 0 0 0 0 0 0 0 0 0 0 0 0 0 0 0 0 0 0 0 0
1 0 0 0 0 0 0 0 0 0 0 5 3 0 0 0 0 0 0 0 0 0 0 0 0 0 0 9 3 1 4 0 0 0 0 0 0 0 0 0 0 0 0 0 0 0 0 0 0 0 0 0 0 0 0 0 0 0 0 0 0 0 0 0 0 0 0 0 0 0 0 0 0 0 0 0 0 0 0 0 0 0 0 0 0 0 0 0 0 0 0 0 0 0 0 0 0 0 0 0 0 0 0 0 0 0 0 0 0 0 0 0 0 0 0 0 0 0 0 0 0 0 0 0 0 0 0 0 0 0 0 0 0 0 0 0 0 0 0 0 0 0 0 0 0 0 0 0 0 0
0 0 0 0 0 0 0 0 0 5 0 0 0 0 0 0 0 0 0 0 0 0 0 0 0 0 0 3 0 0 0 0 3 4 0 0 0 0 0 0 0 0 0 0 0 0 0 0 0 0 0 0 0 0 0 0 0 0 0 0 0 0 0 0 0 0 0 0 0 0 0 0 0 0 0 0 0 0 0 0 0 0 0 0 0 0 0 0 0 0 0 0 0 0 0 0 0 0 0 0 0 0 0 0 0 0 0 0 0 0 0 0 0 0 0 0 0 0 0 0 0 0 0 0 0 0 0 0 0 0 0 0 0 0 0 0 0 0 0 0 0 0 0 0 0 0 0 0 0 0
0 0 0 0 0 0 0 0 0 0 0 0 0 0 0 0 0 0 0 0 0 0 0 0 0 0 0 0 0 0 0 0 2 0 0 0 0 0 0 0 0 0 0 0 0 0 0 0 0 0 0 0 0 0 0 0 0 0 0 0 0 0 0 0 0 0 0 0 0 0 0 0 0 0 0 0 0 0 0 0 0 0 0 0 0 0 0 0 0 0 0 0 0 0 0 0 0 0 0 0 0 0 0 0 0 0 0 0 0 0 0 0 0 0 0 0 0 0 0 0 0 0 0 0 0 0 0 0 0 0 0 0 0 0 0 0 0 0 0 0 0 0 0 0 0 0 0 0 0 0
0 0 0 0 0 0 0 0 0 1 0 0 0 0 0 0 0 0 0 0 0 0 0 0 0 0 0 0 0 0 0 0 0 0 0 0 0 0 0 0 0 0 0 0 0 0 0 0 0 0 0 0 0 0 0 0 0 0 0 0 0 0 0 0 0 0 0 0 0 0 0 0 0 0 0 0 0 0 0 0 0 0 0 0 0 0 0 0 0 0 0 0 0 0 0 0 0 0 0 0 0 0 0 0 0 0 0 0 0 0 0 0 0 0 0 0 0 0 0 0 0 0 0 0 0 0 0 0 0 0 0 0 0 0 0 0 0 0 0 0 0 0 0 0 0 0 0 0 0 0
0 0 0 0 0 0 0 0 1 0 0 0 0 0 0 0 0 0 0 0 0 0 0 0 0 0 0 0 0 0 0 0 0 0 0 0 0 0 0 0 0 0 0 0 0 0 0 0 0 0 0 1 0 0 0 0 0 0 0 0 0 0 0 0 0 0 0 0 0 0 0 0 0 0 0 0 0 0 0 0 0 0 0 0 0 0 0 0 0 0 0 0 0 0 0 0 0 0 0 0 0 0 0 0 0 0 0 0 0 0 0 0 0 0 0 0 0 0 0 0 0 0 0 0 0 0 0 0 0 0 0 0 0 0 0 0 0 0 0 0 0 0 0 0 0 0 0 0 0 0
0 0 0 0 0 0 0 0 1 9 0 0 0 0 0 0 0 0 0 0 0 0 0 0 0 0 0 0 0 0 0 0 0 0 0 0 0 0 0 0 0 0 0 0 0 0 0 0 0 0 0 0 0 0 0 0 0 0 0 0 0 0 0 0 0 0 0 0 0 0 0 0 0 0 0 0 0 0 0 0 0 0 0 0 0 0 0 0 0 0 0 0 0 0 0 0 0 0 0 0 0 0 0 0 0 0 0 0 0 0 0 0 0 0 0 0 0 0 0 0 0 0 0 0 0 0 0 0 0 0 0 0 0 0 0 0 0 0 0 0 0 0 0 0 0 0 0 0 0 0
0 0 0 0 0 1 6 9 0 0 0 0 0 0 0 0 0 0 0 0 0 0 0 0 0 0 0 0 0 0 0 0 0 0 0 0 0 0 0 0 0 0 0 0 0 0 0 0 0 13 28 1 0 0 1 0 0 0 0 0 0 0 0 0 0 0 0 0 0 0 0 0 0 0 0 0 0 0 0 0 0 0 0 0 0 0 0 0 0 0 0 0 0 0 0 0 0 0 0 0 0 0 0 0 0 0 0 0 0 0 0 0 0 0 0 0 0 0 0 0 0 0 0 0 0 0 0 0 0 0 0 0 0 0 0 0 0 0 0 0 0 0 0 0 0 0 0 0 0 0
0 0 0 0 0 0 2 3 0 0 0 0 0 0 0 0 0 0 0 0 0 0 0 0 0 0 0 0 0 0 0 0 0 0 0 0 0 0 0 0 0 0 0 0 0 0 0 0 0 0 0 0 0 0 0 0 0 0 0 0 0 0 0 0 0 0 0 0 0 0 0 0 0 0 0 0 0 0 0 0 0 0 0 0 0 0 0 0 0 0 0 0 0 0 0 0 0 0 0 0 0 0 0 0 0 0 0 0 0 0 0 0 0 0 0 0 0 0 0 0 0 0 0 0 0 0 0 0 0 0 0 0 0 0 0 0 0 0 0 0 0 0 0 0 0 0 0 0 0 0
0 0 0 0 0 0 0 0 0 0 0 0 0 0 0 0 0 0 0 0 0 0 0 0 0 0 0 0 0 0 0 0 0 0 0 0 0 0 0 0 0 0 0 0 0 0 0 0 0 0 0 0 2 1 0 0 0 0 0 0 0 0 0 0 0 0 0 0 0 0 0 0 0 0 0 0 0 0 0 0 0 0 0 0 0 0 0 0 0 0 0 0 0 0 0 0 0 0 0 0 0 0 0 0 0 0 0 0 0 0 0 0 0 0 0 0 0 0 0 0 0 0 0 0 0 0 0 0 0 0 0 0 0 0 0 0 0 0 0 0 0 0 0 0 0 0 0 0 0 0
0 0 0 0 0 0 0 0 0 0 0 0 0 0 0 0 0 0 0 0 0 0 0 0 0 0 0 0 0 0 0 0 0 0 0 0 0 0 0 0 0 0 0 0 0 0 0 0 0 0 0 0 0 0 0 0 0 0 0 0 0 0 0 0 0 0 0 0 0 0 0 0 0 0 0 0 0 0 0 0 0 0 0 0 0 0 0 0 0 0 0 0 0 0 0 0 0 0 0 0 0 0 0 0 0 0 0 0 0 0 0 0 0 0 0 0 0 0 0 0 0 0 0 0 0 0 0 0 0 0 0 0 0 0 0 0 0 0 0 0 0 0 0 0 0 0 0 0 0 0
0 0 0 0 0 0 0 0 0 0 0 0 0 0 0 0 0 0 0 0 0 0 0 0 0 0 0 0 0 0 0 0 0 0 0 0 0 0 0 0 0 0 0 0 0 0 0 0 0 0 0 0 1 0 0 0 0 0 0 0 0 0 0 0 0 0 0 0 0 0 0 0 0 0 0 0 0 0 0 0 0 0 0 0 0 0 0 0 0 0 0 0 0 0 0 0 0 0 0 0 0 0 0 0 0 0 0 0 0 0 0 0 0 0 0 0 0 0 0 0 0 0 0 0 0 0 0 0 0 0 0 0 0 0 0 0 0 0 0 0 0 0 0 0 0 0 0 0 0 0
0 0 0 0 0 0 0 0 0 0 0 0 0 0 0 0 0 0 0 0 0 0 0 0 0 0 0 0 0 0 0 1 1 0 0 0 0 0 0 0 0 0 0 0 0 0 0 0 0 0 0 0 2 0 0 0 0 0 0 0 0 0 0 0 0 0 0 0 0 0 0 0 0 0 0 0 0 0 0 0 0 0 0 0 0 0 0 0 0 0 0 0 0 0 0 0 0 0 0 0 0 0 0 0 0 0 0 0 0 0 0 0 0 0 0 0 0 0 0 0 0 0 0 0 0 0 0 0 0 0 0 0 0 0 0 0 0 0 0 0 0 0 0 0 0 0 0 0 0 0
0 0 0 0 0 0 0 0 0 0 0 0 0 0 0 0 0 0 0 0 0 0 0 0 0 0 0 0 0 0 0 0 0 0 1 0 0 0 0 0 0 0 0 0 0 0 0 0 0 0 0 0 0 5 0 0 0 0 0 0 0 0 0 0 0 0 0 0 0 0 0 0 0 0 0 0 0 0 0 0 0 0 0 0 0 0 0 0 0 0 0 0 0 0 0 0 0 0 0 0 0 0 0 0 0 0 0 0 0 0 0 0 0 0 0 0 0 0 0 0 0 0 0 0 0 0 0 0 0 0 0 0 0 0 0 0 0 0 0 0 0 0 0 0 0 0 0 0 0 0
0 0 0 0 0 0 0 0 0 0 0 0 0 0 0 0 0 0 0 0 0 0 0 0 0 0 0 0 0 0 0 6 0 0 0 0 0 0 0 0 0 0 0 0 0 0 0 0 0 0 0 0 0 0 0 0 0 0 0 0 0 0 0 0 0 0 0 0 0 0 0 0 0 0 0 0 0 0 0 0 0 0 0 0 0 0 0 0 0 0 0 0 0 0 0 0 0 0 0 0 0 0 0 0 0 0 0 0 0 0 0 0 0 0 0 0 0 0 0 0 0 0 0 0 0 0 0 0 0 0 0 0 0 0 0 0 0 0 0 0 0 0 0 0 0 0 0 0 0 0
0 0 0 0 0 0 0 0 0 0 0 0 0 0 0 0 0 0 0 0 0 0 0 0 0 0 0 0 0 0 2 3 0 0 0 0 0 0 0 0 0 0 0 0 0 0 0 0 0 0 0 0 0 0 0 0 0 0 0 0 0 0 0 0 0 0 0 0 0 0 0 0 0 0 0 0 0 0 0 0 0 0 0 0 0 0 0 0 0 0 0 0 0 0 0 0 0 0 0 0 0 0 0 0 0 0 0 0 0 0 0 0 0 0 0 0 0 0 0 0 0 0 0 0 0 0 0 0 0 0 0 0 0 0 0 0 0 0 0 0 0 0 0 0 0 0 0 0 0 0
0 0 0 0 0 0 0 0 0 0 0 0 0 0 0 0 0 0 0 0 0 0 0 0 0 0 12 0 0 1 0 0 0 0 0 0 0 0 0 0 0 0 0 0 0 0 0 0 0 0 0 0 0 0 0 0 0 0 0 0 0 0 0 0 0 0 0 0 0 0 0 0 0 0 0 0 0 0 0 0 0 0 0 0 0 0 0 0 0 0 0 0 0 0 0 0 0 0 0 0 0 0 0 0 0 0 0 0 0 0 0 0 0 0 0 0 0 0 0 0 0 0 0 0 0 0 0 0 0 0 0 0 0 0 0 0 0 0 0 0 0 0 0 0 0 0 0 0 0 0
0 0 0 0 0 0 0 0 0 0 0 0 0 0 0 0 0 0 0 0 0 0 0 0 0 0 0 0 0 24 3 0 0 0 0 0 0 0 0 0 0 0 0 0 0 0 0 0 0 0 0 0 0 0 0 0 0 0 0 0 0 0 0 0 0 0 0 0 0 0 0 0 0 0 0 0 0 0 0 0 0 0 0 0 0 0 0 0 0 0 0 0 0 0 0 0 0 0 0 0 0 0 0 0 0 0 0 0 0 0 0 0 0 0 0 0 0 0 0 0 0 0 0 0 0 0 0 0 0 0 0 0 0 0 0 0 0 0 0 0 0 0 0 0 0 0 0 0 0 0
0 0 0 0 0 0 0 0 0 0 0 0 0 0 0 0 0 0 0 0 0 0 0 0 0 0 0 0 0 0 0 0 0 0 0 0 0 0 0 0 0 0 0 0 0 0 0 0 0 21 0 0 0 0 0 0 0 0 0 0 0 0 0 0 0 0 0 0 0 0 0 0 0 0 0 0 0 0 0 0 0 0 0 0 0 0 0 0 0 0 0 0 0 0 0 0 0 0 0 0 0 0 0 0 0 0 0 0 0 0 0 0 0 0 0 0 0 0 0 0 0 0 0 0 0 0 0 0 0 0 0 0 0 0 0 0 0 0 0 0 0 0 0 0 0 0 0 0 0 0
0 0 0 0 0 0 0 0 0 0 0 0 0 0 0 0 0 0 0 0 0 0 0 0 0 0 5 0 0 0 0 0 0 0 0 0 0 0 0 0 0 0 0 0 0 0 0 0 0 0 0 0 0 0 0 0 0 0 0 0 0 0 0 0 0 0 0 0 0 0 0 0 0 0 0 0 0 0 0 0 0 0 0 0 0 0 0 0 0 0 0 0 0 0 0 0 0 0 0 0 0 0 0 0 0 0 0 0 0 0 0 0 0 0 0 0 0 0 0 0 0 0 0 0 0 0 0 0 0 0 0 0 0 0 0 0 0 0 0 0 0 0 0 0 0 0 0 0 0 0
0 0 0 0 0 0 0 0 0 0 0 0 0 0 0 0 0 0 0 0 0 0 0 0 0 0 0 0 1 0 0 0 0 0 0 0 0 0 0 0 0 0 0 0 0 0 0 0 0 0 0 0 0 0 0 0 0 0 0 0 0 0 0 0 0 0 0 0 0 0 0 0 0 0 0 0 0 0 0 0 0 0 0 0 0 0 0 0 0 0 0 0 0 0 0 0 0 0 0 0 0 0 0 0 0 0 0 0 0 0 0 0 0 0 0 0 0 0 0 0 0 0 0 0 0 0 0 0 0 0 0 0 0 0 0 0 0 0 0 0 0 0 0 0 0 0 0 0 0 0
0 0 0 0 0 0 0 0 0 0 0 0 0 0 0 0 0 0 0 0 0 0 0 0 0 0 0 0 0 0 0 0 0 0 0 0 0 0 0 0 0 0 0 0 0 0 0 0 0 0 0 0 0 0 0 0 0 0 0 0 0 0 0 0 0 0 0 0 0 0 0 0 0 0 0 0 0 0 0 0 0 0 0 0 0 0 0 0 0 0 0 0 0 0 0 0 0 0 0 0 0 0 0 0 0 0 0 0 0 0 0 0 0 0 0 0 0 0 0 0 0 0 0 0 0 0 0 0 0 0 0 0 0 0 0 0 0 0 0 0 0 0 0 0 0 0 0 0 0 0
0 0 0 0 0 0 0 0 0 0 0 0 0 0 0 0 0 0 0 0 0 0 0 0 0 0 0 0 0 0 0 0 0 0 0 0 0 0 0 0 0 0 0 0 0 0 0 0 0 0 0 0 0 0 0 0 0 0 0 0 0 0 0 0 0 0 0 0 0 0 0 0 0 0 0 0 0 0 0 0 0 0 0 0 0 0 0 0 0 0 0 0 0 0 0 0 0 0 0 0 0 0 0 0 0 0 0 0 0 0 0 0 0 0 0 0 0 0 0 0 0 0 0 0 0 0 0 0 0 0 0 0 0 0 0 0 0 0 0 0 0 0 0 0 0 0 0 0 0 0
0 0 0 0 0 0 0 0 0 0 0 0 0 0 0 0 0 0 0 0 0 0 0 0 0 0 0 0 0 0 0 0 0 0 0 0 0 0 0 0 0 0 0 0 0 0 0 0 0 0 0 0 0 0 0 0 0 0 0 0 0 0 0 0 0 0 0 0 0 0 0 0 0 0 0 0 0 0 0 0 0 0 0 0 0 0 0 0 0 0 0 0 0 0 0 0 0 0 0 0 0 0 0 0 0 0 0 0 0 0 0 0 0 0 0 0 0 0 0 0 0 0 0 0 0 0 0 0 0 0 0 0 0 0 0 0 0 0 0 0 0 0 0 0 0 0 0 0 0 0
0 0 0 0 0 0 0 0 0 0 0 0 0 0 0 0 0 0 0 0 0 0 0 0 0 0 0 0 0 0 0 0 0 0 0 0 0 0 0 0 0 0 0 0 0 0 0 0 0 0 0 0 0 0 0 0 0 0 0 0 0 0 0 0 0 0 0 0 0 0 0 0 0 0 0 0 0 0 0 0 0 0 0 0 0 0 0 0 0 0 0 0 0 0 0 0 0 0 0 0 0 0 0 0 0 0 0 0 0 0 0 0 0 0 0 0 0 0 0 0 0 0 0 0 0 0 0 0 0 0 0 0 0 0 0 0 0 0 0 0 0 0 0 0 0 0 0 0 0 0
0 0 0 0 0 0 0 0 0 0 0 0 0 0 0 0 0 0 0 0 0 0 0 0 0 0 0 0 0 0 0 0 0 0 0 0 0 0 0 0 0 0 0 0 0 0 0 0 0 0 0 0 0 0 0 0 0 0 0 0 0 0 0 0 0 0 0 0 0 0 0 0 0 0 0 0 0 0 0 0 0 0 0 0 0 0 0 0 0 0 0 0 0 0 0 0 0 0 0 0 0 0 0 0 0 0 0 0 0 0 0 0 0 0 0 0 0 0 0 0 0 0 0 0 0 0 0 0 0 0 0 0 0 0 0 0 0 0 0 0 0 0 0 0 0 0 0 0 0 0
