0 0 4 0 0 0 0 0 2 25 2 4 0 0 0 0 0 0 0 0 0 0 0 0 0 6 0 0 0 0 0 0 0 1 4 0 0 0 3 0 0 0 0 0 1 0 0 0 0 0 0 0 0 0 1 0 0 0 0 1 23 6 6 0 0 1 0 0 0 0 0 4 5 47 63 112 54 10 7 8 3 48 7 38 29 84 219 66 14 119 554 135 15 186 157 481 374 107 307 37 56 33 10 3 12 11 12 192 94 6 7 1 7 30 21 15 13 2 0 0 0 20 3 6 0 1 0 1 3 5 0 8 7 1 1 0 0 2 0 0 1 0 0 0 0 0 0 0 0 7
0 0 3 2 0 0 0 0 0 6 2 4 3 4 0 0 0 0 0 0 0 0 8 0 10 10 0 0 0 0 0 0 0 0 0 0 0 0 2 0 0 0 0 0 0 0 0 0 0 0 0 0 0 0 1 0 0 0 0 13 51 6 0 6 6 1 0 0 0 0 0 1 19 15 6 4 42 24 2 7 24 12 0 1 36 92 119 42 85 110 27 6 75 120 53 87 129 149 374 127 112 34 27 8 1 1 1 19 12 4 12 4 7 2 14 4 2 4 8 3 0 1 4 4 0 1 1 0 9 20 5 3 13 44 1 0 0 0 0 15 3 0 0 0 0 0 0 0 0 0
0 0 0 0 0 0 0 0 0 2 1 0 2 0 0 0 0 0 4 1 0 4 25 2 4 0 1 8 0 0 0 0 0 0 0 1 3 1 0 7 11 0 0 0 0 0 0 0 0 0 0 0 0 0 5 0 0 0 0 3 10 4 0 2 0 0 0 0 0 0 0 1 3 0 0 0 0 12 46 85 87 5 1 5 73 83 172 51 8 0 70 8 52 114 154 344 45 149 48 158 249 94 6 21 5 3 8 12 84 68 27 4 3 0 2 0 5 5 13 1 22 7 2 2 1 2 0 3 0 25 3 21 104 25 0 0 18 0 1 10 2 4 0 0 0 0 0 0 0 0
9 0 0 0 0 0 0 0 0 1 1 0 0 0 0 2 0 0 0 0 0 1 2 1 45 0 0 5 5 0 3 0 0 0 0 0 0 0 0 1 1 0 0 0 0 0 0 0 0 0 1 0 1 0 49 19 2 8 10 2 0 1 6 3 0 0 0 0 0 1 0 32 4 1 1 1 6 20 104 53 43 18 12 54 54 3 26 74 0 55 272 235 750 155 356 184 29 40 217 148 157 165 72 74 6 56 6 4 128 26 6 6 7 7 5 1 5 28 26 10 10 29 9 2 1 4 0 1 13 0 3 11 11 0 0 0 3 1 1 9 14 2 0 0 0 0 0 0 0 0
0 3 0 0 0 0 0 0 1 2 1 0 0 0 0 5 9 2 0 0 0 2 1 0 0 0 1 0 0 0 1 0 0 0 1 4 4 0 0 0 0 0 0 0 0 0 0 0 0 0 1 0 0 0 31 66 11 8 0 0 8 3 0 1 0 0 0 0 0 3 69 20 39 45 7 14 20 44 60 60 85 65 139 50 111 42 19 24 10 102 480 320 197 276 122 91 32 200 105 210 204 372 229 214 506 34 42 11 9 6 4 15 9 8 4 0 0 4 13 17 78 205 41 7 2 1 4 0 0 2 0 0 0 0 0 0 0 0 0 0 47 3 0 0 0 0 0 0 0 0
2 0 0 1 0 0 0 0 1 0 1 0 0 0 0 1 0 0 6 4 0 2 0 0 0 0 0 0 0 0 0 0 0 0 6 15 25 7 0 0 0 0 0 0 0 0 0 0 0 0 19 6 0 0 20 38 9 5 5 1 0 0 1 4 0 0 0 0 1 15 22 43 90 25 33 8 11 6 34 175 155 159 139 27 3 50 12 21 0 68 1026 167 13 64 260 150 37 525 95 477 114 249 248 145 6 40 8 37 5 0 1 0 2 13 7 1 3 0 0 2 27 46 3 2 0 4 0 0 0 0 0 0 0 3 1 0 0 0 0 0 0 0 0 0 0 0 0 0 0 0
0 0 0 1 1 0 0 1 1 6 0 0 0 0 0 0 0 0 0 0 0 0 0 0 0 0 0 0 0 0 0 0 0 1 0 1 2 1 2 0 0 0 0 0 0 0 0 0 0 0 2 4 1 4 1 7 0 0 14 15 1 3 0 0 0 0 0 0 1 57 12 21 111 131 127 31 269 57 56 159 279 180 338 117 50 3 1 48 34 28 618 401 18 98 167 250 180 92 193 16 4 158 60 24 2 5 25 0 2 3 11 45 59 5 10 3 0 0 11 33 20 40 0 1 1 2 3 0 0 0 9 0 0 0 0 2 0 1 0 0 2 0 0 1 0 0 0 0 0 0
1 0 0 0 0 0 0 0 1 0 0 0 0 0 0 0 0 0 0 0 0 0 0 0 0 0 0 0 0 0 2 0 0 0 0 1 0 1 3 6 0 0 0 0 0 0 0 0 0 0 0 0 2 5 1 3 0 3 19 25 36 14 50 0 3 13 0 0 6 45 8 3 19 21 23 34 42 75 307 362 299 107 348 54 48 48 52 108 51 64 96 22 13 321 171 110 48 312 354 181 54 114 217 165 54 53 12 11 47 7 141 232 16 6 3 16 0 0 1 3 10 1 1 1 4 2 4 1 2 0 0 0 0 0 0 0 0 1 0 0 0 0 0 0 0 0 0 0 0 0
2 0 0 0 0 0 1 0 0 3 0 0 0 2 9 2 0 0 0 0 0 0 0 0 0 0 0 0 0 0 1 0 0 0 0 0 0 0 1 0 0 0 0 0 0 0 0 0 0 0 0 0 3 7 0 0 0 2 4 12 94 96 18 1 1 5 0 3 2 14 0 0 0 2 2 8 5 5 15 177 230 293 253 33 1 5 162 103 147 25 6 2 63 272 325 429 43 130 90 20 66 25 28 100 238 79 71 93 36 24 323 27 408 3 11 0 0 1 0 3 16 2 0 10 1 0 0 0 0 0 3 0 0 0 0 0 0 0 0 0 0 0 2 0 0 2 0 0 0 0
0 0 0 0 0 0 0 0 5 1 0 0 0 0 0 0 0 0 3 0 0 0 0 0 0 0 0 0 0 0 0 0 0 0 3 0 0 0 2 0 0 0 0 0 0 0 0 0 1 1 7 0 7 3 0 1 0 0 0 4 36 140 5 2 1 0 1 0 0 5 0 0 0 0 0 0 14 11 67 219 333 225 154 65 429 235 98 22 52 51 13 0 1 176 266 395 189 34 26 8 52 21 0 5 21 108 79 54 31 9 172 116 149 7 1 86 97 148 74 46 7 3 8 5 35 7 29 0 1 8 24 3 0 0 0 0 0 0 0 0 0 0 0 0 0 0 0 2 0 0
0 0 1 0 0 0 2 0 0 0 2 2 0 0 7 6 3 1 0 0 0 0 0 0 0 0 0 0 0 0 0 0 0 0 0 5 0 0 0 0 1 1 0 0 0 0 0 3 1 8 6 0 3 0 0 0 0 2 8 3 0 91 2 0 0 0 0 0 0 1 0 0 0 0 0 0 3 5 45 105 126 161 146 71 89 76 35 96 140 61 12 0 1 98 69 174 285 19 2 34 18 1 3 7 56 98 241 125 28 36 176 42 29 6 0 37 112 263 97 66 85 34 59 50 51 100 90 8 11 10 7 44 5 13 2 0 0 0 0 0 0 0 0 0 0 0 0 0 0 0
2 0 0 0 0 0 0 0 3 0 0 0 0 0 0 0 8 2 0 0 0 0 0 0 0 0 0 0 0 0 0 0 0 1 0 1 0 0 1 0 1 2 8 1 0 0 0 0 0 0 0 0 23 0 12 0 0 0 0 0 1 2 0 0 0 1 1 2 0 0 0 0 0 0 0 0 10 8 256 154 233 50 4 13 26 38 9 3 59 250 4 0 0 2 3 14 325 115 50 1 0 0 3 7 4 17 114 71 9 9 68 49 17 28 3 57 231 52 109 254 82 111 38 36 91 103 1 0 0 19 1 0 34 8 21 0 0 0 0 0 0 0 0 0 0 0 0 0 0 0
0 0 0 0 0 0 1 0 0 0 0 0 0 0 0 0 0 11 7 3 6 1 0 0 0 0 0 0 0 1 0 0 0 0 0 0 0 0 0 0 0 3 45 0 11 0 2 3 0 0 0 0 1 0 4 0 0 0 0 1 0 1 1 0 0 0 1 0 0 2 3 0 0 0 0 50 32 14 52 22 50 104 5 0 2 2 2 0 0 4 2 0 0 30 23 2 252 123 201 127 1 1 7 6 3 1 0 35 120 57 302 146 25 223 101 7 2 46 289 302 53 48 43 0 16 59 1 0 16 9 0 0 2 5 1 0 1 0 0 0 0 0 0 0 0 0 0 0 0 0
0 0 0 0 0 0 1 2 0 0 0 0 0 0 0 0 0 0 28 6 1 0 1 0 0 0 0 0 0 1 3 0 0 0 0 0 0 0 0 0 0 0 0 37 28 0 0 0 0 0 0 7 1 0 0 0 0 0 0 0 2 7 0 1 0 0 7 7 1 17 20 0 0 0 1 112 198 111 37 8 18 268 27 2 17 25 7 0 0 16 0 0 0 26 4 7 26 282 43 74 0 5 107 35 136 18 23 209 45 242 399 185 217 123 154 65 70 49 310 141 24 12 0 1 0 9 7 0 4 0 0 0 0 5 0 0 0 0 0 0 0 0 0 0 0 0 0 0 0 0
0 0 0 0 0 0 0 0 7 0 0 0 0 0 0 0 0 0 0 0 5 0 0 0 1 0 0 0 0 0 0 0 0 0 0 0 0 0 0 0 0 0 0 4 10 0 0 0 0 5 1 10 1 0 0 0 3 3 1 6 44 7 2 6 2 117 45 34 40 138 11 2 0 0 8 201 238 544 143 10 0 77 23 0 5 13 4 9 0 12 4 4 0 0 0 5 21 97 48 53 1 8 138 206 449 328 425 262 353 300 170 114 135 172 386 79 78 24 32 11 48 49 11 7 0 1 15 2 1 10 0 1 0 0 0 0 0 0 0 0 0 0 0 0 0 0 0 0 0 0
0 0 0 0 0 0 0 11 3 2 0 0 0 0 0 0 0 0 0 3 0 8 2 0 0 0 0 0 0 3 0 0 0 0 0 0 0 0 0 0 0 0 0 0 0 17 0 0 0 8 18 32 1 0 0 1 22 23 2 28 10 2 2 10 9 20 96 43 30 45 258 24 29 51 213 227 438 305 38 0 1 0 0 0 0 0 18 73 3 11 0 6 0 0 4 7 11 6 8 12 6 2 359 176 244 180 218 83 206 264 282 134 119 103 95 24 111 48 114 43 7 0 35 71 9 40 9 0 3 1 0 0 0 1 13 0 0 0 0 0 0 0 0 0 0 0 0 0 0 0
0 0 0 0 0 0 0 3 0 0 0 0 0 0 0 0 2 3 3 1 0 0 4 16 5 6 0 0 0 0 0 0 0 0 0 0 0 0 0 0 0 0 0 1 0 5 0 1 1 4 7 3 1 18 5 17 24 55 56 14 2 7 0 0 0 0 0 0 0 0 0 0 18 33 74 123 242 58 41 0 0 0 0 0 0 0 0 8 29 7 0 0 1 0 0 5 16 0 0 25 10 65 359 214 116 59 102 50 196 212 187 339 202 154 202 31 10 110 27 0 0 0 11 12 8 89 1 3 1 0 0 0 0 0 0 0 0 0 0 0 0 0 0 0 0 0 0 0 0 0
0 0 0 0 0 0 0 0 0 0 0 0 1 0 0 0 0 1 0 0 1 1 0 0 1 0 5 10 1 0 0 0 0 0 0 0 0 0 0 0 0 0 0 0 2 4 42 2 2 8 8 9 0 24 7 4 20 55 89 3 2 0 0 0 1 1 7 15 0 6 28 4 23 8 28 32 5 75 16 7 0 0 1 0 0 0 0 3 22 0 0 21 26 20 3 0 0 0 10 216 62 48 36 24 48 104 52 73 114 100 33 23 11 45 21 1 47 60 11 2 0 0 0 0 45 216 56 3 1 1 0 0 0 0 0 0 0 0 0 0 0 0 0 0 0 0 0 0 0 0
0 0 0 0 0 1 0 0 0 0 0 0 3 1 0 2 0 0 0 4 0 2 4 0 3 0 15 13 9 0 0 0 0 0 0 1 0 0 0 0 0 0 1 4 6 5 3 1 6 114 43 6 2 4 0 20 129 14 18 4 11 5 0 0 0 0 1 1 4 4 5 10 7 6 0 21 13 7 11 5 2 0 2 5 0 5 2 3 2 0 0 5 23 64 4 0 0 9 153 15 35 88 23 3 30 40 79 102 97 2 0 31 0 132 5 0 0 0 0 0 0 0 6 0 9 122 62 119 1 0 0 0 0 0 0 0 0 0 0 0 0 0 0 0 0 0 0 0 0 0
0 0 0 0 0 0 0 0 0 0 0 3 2 3 0 0 0 0 0 0 0 6 23 6 0 0 4 12 67 4 0 0 0 0 0 0 0 0 0 0 0 1 2 9 9 32 34 7 1 90 10 2 0 1 20 2 8 111 0 0 0 3 0 0 0 0 1 0 6 24 18 12 6 0 0 15 3 0 5 1 2 0 0 0 0 22 4 0 2 2 4 10 0 0 0 7 0 2 4 1 319 426 199 56 18 41 36 115 33 2 0 0 0 47 11 0 0 0 0 0 0 0 0 1 6 0 2 206 2 0 0 0 0 0 0 0 0 0 0 0 0 0 0 0 0 0 0 0 0 0
0 0 0 0 1 0 0 0 0 0 0 0 0 6 0 0 4 0 5 0 0 2 5 1 0 5 0 2 1 0 0 7 1 0 0 0 0 0 0 0 1 2 1 3 7 4 8 8 20 79 72 39 6 14 3 3 6 3 2 0 0 1 3 2 29 27 1 0 0 5 17 10 0 0 1 35 67 32 6 6 0 1 1 1 0 0 0 0 3 2 0 0 0 0 0 0 0 0 157 129 499 271 151 41 0 2 20 23 0 0 0 0 0 9 0 0 0 0 0 0 0 0 3 1 0 0 225 76 0 0 0 0 0 0 0 0 0 0 0 0 0 0 0 0 0 0 0 0 0 0
0 0 0 0 0 0 0 0 0 0 0 0 0 2 1 1 2 0 0 0 0 0 8 1 1 3 0 0 0 0 3 28 12 4 0 0 0 2 0 0 20 3 2 0 0 0 2 2 62 305 148 63 5 0 0 2 1 4 0 0 3 1 0 0 4 12 18 2 2 30 14 6 10 0 0 0 49 10 14 26 18 11 0 10 2 0 1 0 263 23 2 0 0 1 1 4 2 1 35 145 86 35 36 4 10 5 69 21 2 0 0 0 0 29 0 0 0 0 0 0 0 0 0 0 0 15 7 0 0 2 4 0 0 0 0 0 0 0 0 0 0 0 0 0 0 0 0 0 0 0
0 0 0 0 0 0 0 0 0 0 0 0 0 0 0 0 0 0 0 0 0 1 4 0 1 0 0 0 0 0 0 0 11 2 0 0 3 34 2 4 0 0 0 0 0 0 8 2 5 138 205 38 0 0 0 1 0 0 1 0 0 0 0 0 2 1 17 1 0 2 6 13 6 6 0 0 2 0 14 9 2 26 11 0 0 5 2 0 0 0 0 3 2 1 0 0 1 0 1 0 0 0 2 16 26 7 15 15 25 28 7 5 10 0 0 0 0 0 0 0 0 0 0 0 15 17 21 0 0 0 1 0 0 0 0 0 0 0 0 0 0 0 0 0 0 0 0 0 0 0
0 0 0 0 0 0 0 0 0 0 0 0 0 1 0 0 0 1 0 0 0 1 0 0 0 2 0 0 0 0 0 1 0 2 1 0 5 5 2 0 0 0 0 0 0 17 5 17 4 44 38 8 0 1 1 1 2 10 0 0 0 0 0 0 0 0 0 0 0 0 1 1 34 19 0 18 0 0 0 0 0 0 15 33 0 0 0 0 0 0 0 0 0 4 0 0 0 0 0 1 3 0 1 18 8 4 1 1 2 4 0 27 3 0 0 0 0 0 0 0 0 0 1 4 3 5 6 16 0 0 0 0 0 0 0 0 0 0 0 1 0 0 0 0 0 0 0 0 0 0
0 0 0 0 0 0 0 0 0 0 0 0 0 0 0 0 0 0 0 0 0 0 0 0 0 0 0 0 0 0 0 0 0 0 9 0 0 9 0 0 0 0 0 4 5 13 15 1 3 8 12 14 6 7 14 1 0 3 0 2 0 0 0 0 0 0 0 1 8 0 8 3 0 8 14 4 0 0 0 0 0 3 6 16 20 3 0 0 0 0 1 0 0 0 2 0 1 1 0 2 6 3 1 6 133 0 0 0 0 0 0 9 0 0 0 0 0 0 0 0 0 0 0 0 0 5 13 0 0 0 36 0 0 0 0 0 0 0 0 0 0 0 0 0 0 0 0 0 0 0
0 0 0 0 0 0 0 0 0 0 0 0 0 0 6 0 2 0 0 0 0 6 0 1 0 0 0 1 0 0 0 0 2 7 18 0 0 3 0 0 0 0 0 1 37 6 0 0 7 0 22 7 0 0 0 0 1 0 0 0 1 0 0 0 2 5 0 0 0 1 2 10 1 1 9 0 0 0 0 0 0 0 1 15 0 7 4 11 2 5 0 0 0 1 2 0 0 0 0 3 19 5 2 38 70 106 0 0 0 0 0 0 1 0 3 2 0 0 0 0 1 0 0 0 0 4 7 19 0 0 0 0 0 0 0 0 1 7 0 0 0 0 0 0 0 0 0 0 0 0
0 0 0 0 0 0 0 0 0 0 0 0 0 0 1 1 0 3 0 0 0 4 3 1 0 0 1 1 0 0 0 0 1 4 4 0 0 0 0 1 1 0 0 4 33 6 3 1 1 1 8 0 3 0 6 0 0 1 0 0 0 0 0 0 1 2 0 0 0 0 4 5 0 1 0 1 7 0 0 0 1 1 9 0 9 0 2 4 0 1 5 0 0 0 0 0 0 0 0 0 4 4 2 0 21 109 12 0 0 0 0 0 0 3 4 1 0 0 2 3 0 0 0 0 1 48 5 0 0 0 0 0 0 0 1 0 0 6 0 0 0 0 0 0 0 0 0 0 0 0
0 0 0 0 0 0 0 0 0 0 0 0 0 0 5 0 3 9 2 0 7 8 5 0 0 0 0 0 0 2 1 0 0 7 2 0 2 5 1 3 5 8 12 39 83 0 1 0 3 0 0 13 18 1 0 1 0 0 0 0 0 0 0 0 0 0 0 0 7 20 22 13 1 1 0 3 1 2 0 0 0 0 0 0 1 0 0 2 1 3 0 0 1 0 1 0 0 0 0 0 0 2 10 0 8 247 234 8 0 0 0 0 0 0 0 0 5 55 14 1 0 0 0 10 26 12 18 37 30 2 0 0 0 0 0 0 2 0 0 0 0 0 0 0 0 0 0 0 0 0
0 0 0 0 0 1 0 0 0 2 0 0 6 1 0 3 3 30 0 3 0 2 0 0 0 0 0 2 20 0 0 1 3 0 0 3 1 11 19 49 67 176 86 108 14 5 0 0 0 0 0 2 14 4 1 0 0 0 0 0 0 0 0 0 0 0 0 0 0 0 0 10 2 0 0 0 0 2 0 0 0 0 1 0 2 0 0 0 4 7 0 0 1 0 1 7 0 0 0 0 0 28 4 3 82 122 72 117 4 0 0 0 0 0 0 0 49 19 5 0 0 0 2 62 46 32 253 127 22 1 0 0 0 1 0 11 0 0 0 0 0 0 0 0 0 0 0 0 0 0
0 0 0 0 0 0 0 1 16 2 8 15 13 0 0 1 0 6 0 1 2 0 3 10 1 1 0 0 0 0 2 0 1 1 14 4 2 3 21 97 165 263 165 163 7 3 0 5 3 0 3 1 12 22 2 4 0 0 0 0 0 0 0 0 0 0 0 0 0 0 0 1 2 0 0 1 0 3 3 0 0 0 0 7 5 0 0 0 0 3 0 0 2 9 0 3 0 0 0 0 0 3 3 2 1 71 0 29 11 0 0 0 0 0 21 8 164 250 10 16 2 5 1 34 34 12 130 129 97 84 4 17 13 32 0 0 0 0 0 0 0 0 0 0 0 0 0 0 0 0
0 0 0 0 0 0 0 0 5 1 0 3 1 0 21 0 0 1 3 11 0 4 46 16 0 0 0 0 0 0 1 1 0 0 4 5 5 2 18 16 248 98 110 61 19 1 2 0 1 1 1 0 3 1 0 0 0 0 0 0 0 0 0 0 0 0 0 0 0 0 0 0 0 0 0 0 0 1 0 0 0 44 6 3 8 0 0 0 18 8 0 0 1 7 2 0 1 0 1 0 0 1 0 7 2 0 0 0 5 1 1 2 2 0 7 287 156 142 40 89 23 75 15 9 0 1 4 32 0 14 3 77 160 12 15 3 0 0 0 0 0 0 0 0 0 0 0 0 0 0
0 0 0 0 0 0 0 0 0 0 0 4 1 0 1 2 0 0 8 8 107 102 7 0 0 0 0 1 2 21 0 1 3 25 7 0 0 1 0 27 173 85 86 61 25 10 1 0 0 8 0 0 5 3 4 1 0 0 0 0 0 0 0 0 0 0 0 0 0 0 0 0 0 0 0 0 0 7 6 0 2 9 13 49 11 0 0 0 0 0 0 1 0 6 0 0 5 1 0 0 0 0 1 0 2 2 2 5 83 46 118 170 44 46 145 209 145 163 10 123 28 43 0 1 24 21 4 62 2 0 7 52 53 40 30 1 0 0 0 0 0 0 0 0 0 0 0 0 0 0
0 0 1 0 0 1 1 0 0 1 0 2 4 10 0 2 1 0 0 4 19 0 0 0 0 0 0 0 1 2 187 4 3 1 0 1 0 2 2 51 10 33 73 2 0 0 0 0 0 1 1 2 14 0 0 0 1 3 1 0 0 0 0 0 0 0 0 0 0 0 0 0 0 0 0 7 1 10 4 0 0 3 2 4 0 0 0 0 0 0 2 0 0 2 3 0 1 0 0 0 2 0 0 0 0 1 4 4 60 73 42 35 13 137 403 180 114 73 22 121 33 4 0 3 0 8 7 0 0 0 16 67 5 0 4 0 0 0 0 0 0 0 0 0 0 0 0 0 0 2
0 0 0 0 0 7 6 1 0 0 9 0 0 0 2 0 1 2 6 8 12 0 0 0 0 0 0 0 0 1 19 0 4 1 1 0 0 0 10 1 14 4 1 0 0 0 0 0 0 1 0 0 59 1 53 8 3 0 4 0 0 0 0 0 0 0 0 0 0 0 0 0 0 0 0 0 0 4 0 0 0 0 3 0 0 0 0 0 1 0 0 0 3 5 3 1 3 1 0 0 0 0 0 0 0 0 21 25 14 1 0 9 24 76 83 258 28 66 47 39 95 0 0 0 0 0 0 0 0 0 0 16 0 0 0 0 0 0 0 0 0 0 0 0 0 0 0 0 0 0
0 0 0 0 1 12 2 0 1 0 1 0 0 5 3 4 7 3 5 0 1 0 2 0 0 0 0 8 1 0 12 13 4 1 0 2 1 5 1 0 1 10 2 2 0 0 3 0 0 0 1 4 38 18 0 9 1 0 0 0 0 0 0 0 0 0 0 0 0 0 0 0 0 0 0 0 9 2 0 0 0 0 0 0 0 0 0 0 3 0 5 0 4 4 2 2 3 0 0 15 2 0 0 0 0 1 2 48 196 6 0 0 0 0 0 0 1 5 124 214 39 0 0 0 0 0 0 0 0 0 0 0 13 2 0 0 0 0 0 0 0 0 0 0 0 0 0 0 0 0
0 2 1 1 1 0 4 8 0 0 7 18 1 1 0 55 23 3 2 4 0 0 0 1 0 0 0 2 3 0 6 2 1 1 0 2 0 0 0 0 8 4 0 0 0 0 0 0 0 0 0 20 0 1 5 0 0 0 0 0 0 0 0 0 0 0 0 0 0 0 0 0 0 0 0 0 2 3 1 0 0 0 0 0 0 0 0 0 5 0 2 0 0 10 0 0 0 0 139 0 0 0 0 1 2 6 16 6 76 0 0 0 0 0 0 0 0 38 16 70 136 46 0 0 0 19 0 0 0 18 21 0 24 0 0 0 0 0 0 0 0 0 0 0 0 0 0 0 0 0
0 0 0 0 0 1 2 0 0 1 3 0 1 0 3 20 9 7 3 2 0 0 1 1 0 2 0 0 2 0 0 0 0 2 1 0 0 0 0 16 1 5 9 0 0 1 0 0 0 0 1 12 14 8 10 4 1 0 0 0 0 0 0 0 0 0 0 0 0 0 0 0 0 1 0 0 0 17 33 3 0 6 0 0 0 0 0 18 11 0 0 0 4 14 0 0 0 0 0 2 6 5 2 1 0 0 9 13 17 2 0 0 0 4 13 87 49 132 26 68 190 31 0 5 184 19 0 0 0 36 38 0 0 0 0 0 0 0 0 0 0 0 0 0 0 0 0 0 0 0
0 0 0 0 0 0 0 0 0 1 2 43 2 1 0 0 5 2 2 1 0 0 0 2 8 0 0 0 2 1 0 0 0 1 0 0 0 0 4 1 0 4 7 2 3 1 0 0 0 0 1 25 5 0 0 0 0 0 1 0 0 0 0 0 0 0 0 0 0 0 0 0 0 0 0 0 0 3 6 10 0 0 0 0 0 0 1 5 0 1 1 0 4 2 0 0 0 1 0 2 0 2 0 2 6 0 1 10 17 4 0 0 0 0 53 192 265 174 9 27 45 58 79 114 73 0 0 0 0 140 35 0 0 0 0 0 0 0 0 0 0 0 0 0 0 0 0 0 0 0
0 0 2 0 0 0 1 0 0 0 3 17 0 0 0 0 0 0 0 2 0 0 0 2 0 2 0 1 0 0 0 0 0 0 0 0 0 1 5 0 0 0 0 0 0 2 0 0 0 0 0 75 0 4 0 0 0 0 0 2 0 0 0 0 0 0 0 0 0 0 0 0 0 0 0 0 1 1 39 14 1 6 10 0 0 0 2 0 0 0 0 0 0 3 0 0 0 0 0 1 1 0 0 0 0 6 2 4 17 0 0 1 8 5 21 3 1 39 105 58 5 93 388 180 143 65 74 26 215 421 148 1 0 0 0 0 0 0 0 0 0 0 0 0 0 0 0 0 0 0
0 2 2 0 0 0 2 0 0 4 5 3 0 3 1 3 1 3 0 0 1 0 0 0 0 1 4 0 0 0 0 0 5 1 0 0 0 1 0 4 1 0 0 0 0 0 6 4 0 0 6 121 17 5 1 0 1 11 0 0 0 0 0 0 0 0 0 0 0 0 0 0 0 0 0 0 0 3 19 2 0 8 6 0 0 0 0 0 2 2 1 2 6 4 0 8 4 0 0 0 1 0 0 1 6 3 1 0 38 12 0 3 0 1 0 2 5 36 53 183 176 258 209 245 444 193 140 167 235 199 92 0 0 0 0 0 0 0 0 0 0 0 0 0 0 0 0 0 0 0
0 0 0 0 0 0 0 0 26 3 1 2 1 0 1 6 0 3 0 0 0 0 0 0 0 8 2 1 1 0 0 0 0 0 3 1 1 0 2 0 0 0 0 0 0 0 0 0 2 11 136 162 1 28 5 0 1 1 1 1 0 0 0 0 0 0 0 0 0 0 0 0 0 0 0 0 1 0 4 0 0 1 0 0 0 0 0 0 0 0 0 0 14 0 0 0 0 0 0 1 3 2 1 1 18 5 24 10 7 11 7 0 1 5 2 1 0 23 162 528 515 359 157 474 801 156 130 111 217 6 10 8 0 0 0 0 0 0 0 0 0 0 0 0 0 0 0 0 0 0
0 0 0 2 0 0 0 0 7 2 0 0 0 0 0 1 2 0 0 0 0 0 0 0 2 1 0 0 0 0 0 10 10 0 0 2 1 0 4 0 0 0 0 0 0 0 0 0 0 9 158 149 111 201 20 1 1 0 0 2 0 0 0 0 0 0 0 0 0 0 0 0 0 0 0 0 0 0 0 3 0 1 0 0 0 0 0 16 28 0 0 4 9 0 0 0 0 0 1 3 4 0 2 2 2 30 109 8 1 0 0 2 1 0 0 2 4 3 17 192 127 177 189 1122 580 191 80 32 3 86 303 163 1 0 0 0 0 0 0 0 0 0 0 0 0 0 0 0 0 0
0 0 2 4 1 0 11 1 2 1 3 21 2 1 0 0 0 0 0 0 0 0 0 0 0 0 3 1 0 0 0 1 2 0 0 0 1 0 0 0 0 0 0 2 0 17 0 0 0 2 86 99 227 201 62 5 1 1 3 0 1 0 0 0 0 0 0 0 0 0 0 0 0 0 0 0 0 0 0 32 0 3 0 0 0 0 0 10 13 0 0 4 23 0 0 0 0 0 0 2 0 5 1 45 3 3 0 3 0 0 0 0 2 1 0 1 0 1 2 14 71 115 427 214 419 263 105 99 78 153 152 83 0 0 0 0 0 0 0 0 0 0 0 0 0 0 0 0 0 0
0 1 0 9 0 1 0 2 1 0 0 0 0 0 0 0 0 0 0 0 0 0 1 0 0 0 0 0 0 0 0 0 0 0 0 0 0 1 0 0 0 0 0 0 0 0 0 0 0 1 5 36 77 30 18 25 1 15 4 0 0 0 0 0 0 0 0 0 0 0 0 0 0 0 0 0 0 0 2 0 0 2 0 0 0 2 13 27 10 0 2 72 40 8 4 0 0 0 0 6 9 1 6 62 7 0 1 0 9 1 0 0 1 0 0 2 0 7 2 2 49 484 306 136 81 137 170 456 84 49 29 25 0 0 0 0 0 0 0 0 0 0 0 0 0 0 0 0 0 0
0 1 3 0 4 0 4 14 4 2 2 2 0 0 0 0 0 0 0 0 0 0 0 0 0 0 0 0 0 0 0 1 0 0 0 0 0 0 0 0 0 0 0 0 0 0 0 0 1 0 0 3 162 5 5 0 0 12 25 1 1 0 0 0 0 0 0 0 0 0 0 0 0 0 0 0 0 0 0 0 0 0 2 11 2 6 1 0 8 20 134 48 55 2 0 0 0 0 5 6 20 154 36 242 113 4 6 4 5 1 0 0 0 0 0 3 1 6 6 155 121 212 809 382 278 76 686 551 474 0 0 0 0 0 0 0 0 0 0 0 0 0 0 0 0 0 0 0 0 0
7 2 7 0 18 0 1 9 1 2 0 0 0 0 0 0 0 0 0 0 0 0 0 0 0 0 1 0 2 0 0 0 0 1 0 3 0 0 0 1 0 0 0 0 0 0 0 0 1 5 0 2 21 0 0 1 0 3 26 10 0 0 0 0 0 0 0 0 0 0 0 0 0 0 0 0 0 0 0 0 0 0 7 2 0 1 2 5 5 7 55 57 39 1 9 0 1 0 0 3 31 70 92 159 62 11 0 1 1 2 1 1 0 0 1 0 3 199 79 216 176 2 31 35 49 254 204 190 86 7 34 0 0 0 0 0 0 0 0 0 0 0 0 0 0 0 0 0 0 0
0 0 17 3 24 28 9 5 0 0 0 0 1 2 0 2 0 0 0 0 0 0 0 0 0 0 0 0 0 0 0 0 1 0 0 0 0 0 0 0 2 0 1 0 0 0 0 0 0 0 0 2 19 0 0 0 0 0 0 9 0 0 0 0 0 0 0 0 0 0 0 0 0 0 0 0 0 0 0 0 13 21 0 6 3 1 57 8 0 0 0 1 1 0 0 0 0 0 0 1 4 30 131 102 36 75 5 5 3 3 6 0 0 0 0 4 68 133 54 15 0 0 0 0 41 160 33 254 184 6 10 4 0 0 0 0 0 0 0 0 0 0 0 0 0 0 0 0 0 0
0 6 54 35 109 120 46 8 3 0 0 0 0 0 0 0 0 0 0 0 0 0 0 0 0 0 0 0 0 0 0 0 0 0 0 0 0 0 0 0 0 0 0 1 1 1 0 9 0 1 0 5 3 0 0 0 0 1 4 2 1 0 0 0 0 0 0 0 0 0 0 0 0 0 0 0 0 0 2 5 11 0 0 0 6 0 5 56 57 0 0 0 0 0 0 0 0 0 0 0 0 77 145 38 28 28 1 2 1 9 8 1 0 0 1 12 73 1 5 16 0 0 0 0 0 162 118 183 135 3 30 0 0 0 0 0 0 0 0 0 0 0 0 0 0 0 0 0 0 0
2 45 58 174 115 108 19 15 0 0 0 1 2 0 0 1 0 3 0 0 0 3 0 0 6 0 0 0 0 0 0 0 0 0 0 0 0 0 0 0 0 0 0 0 3 0 0 5 2 0 0 0 21 0 0 5 2 0 0 0 0 1 0 0 0 0 0 0 0 0 0 0 0 0 0 0 0 4 0 0 0 0 0 0 0 0 22 12 0 0 0 0 0 0 0 0 0 0 0 0 1 34 4 7 39 25 0 0 0 1 1 0 0 1 1 0 2 4 10 15 19 17 7 0 6 60 30 244 54 0 0 0 0 0 0 0 0 0 0 0 0 0 0 0 0 0 0 0 0 0
0 3 125 71 35 40 4 1 1 0 0 0 0 0 0 0 0 0 1 1 0 3 0 0 0 0 0 0 0 0 0 0 0 0 0 0 0 0 0 0 0 0 0 0 0 0 0 1 0 2 0 0 0 4 0 2 0 0 0 0 0 0 0 0 0 0 0 0 0 0 0 0 0 0 0 0 1 0 0 0 0 1 0 0 0 0 21 4 1 7 13 1 0 0 1 3 0 0 0 233 336 157 78 20 0 40 10 1 4 0 0 1 2 1 0 0 0 0 13 38 32 16 86 115 8 6 0 0 0 0 0 0 0 0 0 0 0 0 0 0 0 0 0 0 0 0 0 0 0 0
1 8 13 10 26 9 0 0 0 0 2 0 0 0 0 0 1 0 0 0 1 19 0 0 0 0 0 1 0 0 0 0 0 0 0 0 0 0 0 0 0 0 0 5 0 10 0 0 0 0 0 0 0 0 0 5 1 0 0 0 0 0 0 0 0 0 0 0 0 0 0 0 0 0 0 0 2 5 0 0 0 0 0 0 0 0 5 1 0 4 8 0 0 0 7 24 43 3 109 620 194 187 37 13 0 8 10 163 0 0 1 0 0 0 0 0 0 0 24 13 16 36 14 20 9 27 28 3 34 12 2 0 0 0 0 0 0 0 0 0 0 0 0 0 0 0 0 0 0 0
25 2 12 6 0 0 0 0 0 0 0 0 0 0 0 0 0 0 0 2 0 2 0 0 0 0 0 0 0 1 0 0 1 3 0 0 0 0 0 0 0 0 0 0 0 5 1 2 0 0 0 0 0 1 28 6 0 0 0 0 0 0 0 0 0 0 0 0 0 0 0 0 0 0 4 3 0 0 0 0 0 0 0 1 0 0 4 0 0 0 39 5 0 6 19 149 20 0 60 67 8 3 13 3 2 0 0 33 169 25 0 0 0 0 0 0 0 1 0 1 19 0 0 0 23 45 13 25 107 40 7 0 0 0 0 0 0 0 0 0 0 0 0 0 0 0 0 0 0 0
9 3 14 0 0 0 3 0 0 0 0 0 0 0 0 1 0 0 0 0 0 1 0 0 0 0 0 0 0 0 0 19 1 0 0 0 0 0 0 0 0 0 0 2 0 0 0 0 0 0 0 0 0 1 8 0 0 0 0 0 0 0 0 0 0 0 0 0 0 0 0 0 0 0 2 4 0 0 0 0 0 0 0 0 0 0 25 21 86 20 27 3 1 1 1 14 4 1 0 1 2 0 0 0 0 0 53 113 36 17 1 0 0 0 0 0 0 0 0 0 1 5 3 4 5 71 27 92 41 82 6 0 0 0 0 0 0 0 0 0 0 0 0 0 0 0 0 0 0 0
1 0 0 2 0 0 0 0 0 0 0 0 0 0 0 0 0 0 0 0 0 0 0 0 0 0 0 0 0 0 0 1 0 0 0 0 0 0 0 0 0 0 0 0 0 2 0 0 0 0 0 0 0 14 7 0 0 0 0 0 0 0 0 0 0 0 0 0 0 0 0 3 1 0 0 0 0 0 0 0 0 0 0 0 0 0 0 0 71 1 0 0 0 1 0 26 0 1 0 0 0 6 0 0 0 74 345 78 29 22 0 0 0 0 0 0 0 0 18 4 2 15 0 3 1 11 27 36 0 6 0 1 0 0 0 0 0 0 0 0 0 0 0 0 0 0 0 0 0 0
1 0 0 0 0 0 0 0 0 0 0 0 0 0 0 0 0 0 0 0 0 0 0 5 0 1 0 0 1 0 0 0 0 0 0 0 0 0 0 0 0 0 0 0 0 0 0 0 0 0 2 1 1 23 1 1 0 0 0 0 0 0 0 0 0 0 0 0 0 0 1 0 1 1 0 0 0 0 0 0 0 0 0 0 0 0 0 0 0 0 0 0 6 4 0 0 0 0 2 0 2 30 1 0 11 54 29 5 25 44 0 0 0 0 0 0 0 0 1 1 0 7 0 111 44 18 70 20 17 11 4 0 0 0 0 0 0 0 0 0 0 0 0 0 0 0 0 0 0 0
0 0 0 0 0 40 0 0 0 0 0 0 0 0 0 0 0 0 0 0 0 0 0 0 0 0 5 0 0 0 2 3 0 0 0 0 0 0 0 0 0 0 1 0 0 0 0 0 0 0 1 0 1 1 0 0 1 0 0 0 0 0 0 0 0 0 0 0 0 5 0 0 0 0 0 0 0 0 0 0 0 0 0 0 0 0 0 0 1 0 0 17 37 3 0 0 0 0 5 2 0 4 7 7 13 8 0 4 0 3 0 0 0 0 0 0 0 0 0 0 1 4 2 9 0 0 0 61 2 2 0 0 0 0 0 0 0 0 0 0 0 0 0 0 0 0 0 0 0 0
0 0 0 0 43 6 2 0 0 0 0 0 0 0 1 0 0 0 0 0 0 0 0 0 0 0 0 0 0 0 0 0 0 0 0 0 0 0 0 0 0 0 0 0 2 0 0 0 0 1 0 0 0 1 0 2 1 1 0 0 0 0 0 0 0 0 0 0 5 0 0 0 0 0 0 0 0 0 0 0 0 0 0 0 0 0 0 0 24 14 46 76 23 9 0 0 1 0 0 10 11 171 157 8 1 6 6 0 0 1 0 0 0 0 0 0 0 0 0 0 0 0 0 0 0 10 6 3 0 0 0 0 0 0 0 0 0 0 0 0 0 0 0 0 0 0 0 0 0 0
0 0 0 0 0 0 0 0 0 0 0 0 0 0 0 0 0 0 0 0 0 0 0 0 0 0 1 0 0 3 0 0 0 0 0 1 0 0 0 0 0 0 0 0 0 2 0 0 0 0 0 0 0 0 0 0 0 0 0 0 0 0 0 0 0 0 0 0 2 5 0 0 0 0 0 0 0 0 0 0 0 0 0 0 1 0 0 0 6 23 32 32 15 3 20 0 3 1 1 35 42 40 24 3 0 2 0 0 0 0 4 0 0 0 0 0 0 0 0 0 6 15 25 0 0 2 0 0 0 0 0 0 0 0 0 0 0 0 0 0 0 0 0 0 0 0 0 0 0 0
0 0 0 0 0 0 0 0 0 0 0 0 7 1 0 0 0 0 0 0 0 0 0 0 0 0 1 0 0 5 0 0 0 0 0 0 0 0 0 0 0 0 0 3 0 2 1 0 0 1 2 0 0 12 4 1 0 0 0 0 0 0 0 0 0 0 0 5 28 0 0 0 0 0 0 0 0 0 0 0 0 0 0 0 0 5 9 0 0 5 1 1 9 0 6 0 0 1 1 2 13 0 0 0 0 0 0 0 3 7 5 8 0 0 0 0 0 0 0 0 18 0 0 0 0 0 0 0 0 0 0 0 0 0 0 0 0 0 0 0 0 0 0 0 0 0 0 0 0 0
0 0 0 0 1 0 0 0 0 0 0 0 0 3 0 0 0 0 0 0 0 0 0 0 0 0 0 0 1 1 0 0 0 0 0 0 0 0 0 0 0 0 0 0 0 0 1 2 0 1 0 0 0 2 1 2 0 0 0 0 0 0 0 0 0 0 0 9 6 0 0 0 0 0 0 0 0 0 0 0 0 0 0 0 12 0 0 0 1 5 1 0 3 0 0 2 1 16 0 8 7 5 23 0 0 0 0 6 49 29 55 65 4 1 0 0 0 0 0 0 0 0 0 0 0 0 0 0 0 0 0 0 0 0 0 0 0 0 0 0 0 0 0 0 0 0 0 0 0 0
0 0 0 0 0 0 0 0 0 0 0 1 0 0 0 0 0 0 0 0 0 0 0 0 0 0 0 0 0 0 0 0 0 0 0 0 0 0 1 1 0 0 0 0 0 0 0 0 4 1 0 0 0 0 0 8 22 1 1 0 0 0 0 0 0 3 13 25 2 0 0 0 0 0 0 0 0 0 0 0 0 0 0 0 18 2 0 4 10 73 4 2 0 0 0 1 31 15 53 0 0 1 4 7 0 0 3 0 5 10 245 12 24 8 0 0 0 0 0 0 0 0 0 0 0 0 0 0 0 0 0 0 0 0 0 0 0 0 0 0 0 0 0 0 0 0 0 0 0 0
0 0 0 0 0 0 0 0 0 0 0 1 0 0 0 0 0 0 0 0 0 0 0 0 0 0 0 0 0 0 0 0 0 0 0 1 0 0 1 0 0 0 0 0 0 2 1 2 19 4 0 0 0 0 1 3 0 0 7 0 0 2 1 1 2 1 0 0 0 4 0 0 0 0 0 0 0 0 0 0 0 0 0 0 0 0 0 8 0 3 1 0 1 2 4 41 2 0 0 0 0 0 0 0 3 24 86 240 158 29 7 0 22 3 0 0 0 0 0 0 0 0 0 0 0 0 0 0 0 0 0 0 0 0 0 0 0 0 0 0 0 0 0 0 0 0 0 0 0 0
0 0 0 4 1 21 1 2 0 0 0 0 0 0 2 0 0 0 0 0 0 0 0 0 0 0 0 0 0 0 0 0 0 0 0 0 0 0 1 0 0 0 0 0 1 0 8 1 2 2 1 0 0 0 5 0 0 0 0 1 0 0 0 0 1 0 1 1 0 6 3 3 0 0 0 0 0 0 0 0 0 0 0 0 0 0 0 0 0 0 1 6 0 0 23 6 0 0 0 0 0 2 0 2 15 14 41 114 69 107 28 40 35 0 0 0 0 0 0 0 0 0 0 0 0 0 0 0 0 0 0 0 0 0 0 0 0 0 0 0 0 0 0 0 0 0 0 0 0 0
0 0 0 0 5 7 1 0 1 0 0 0 0 3 0 0 0 0 0 0 0 0 0 0 0 0 0 0 0 0 0 0 0 0 0 0 0 0 0 2 2 1 0 0 1 0 2 3 0 0 1 0 1 1 1 0 0 0 0 0 0 1 1 0 0 1 0 0 3 0 0 0 3 4 0 0 0 0 0 0 0 0 0 0 0 0 0 0 0 0 0 0 2 4 0 7 56 1 0 0 0 0 0 16 43 107 1 0 1 13 0 4 0 0 0 0 0 0 0 0 0 0 0 0 0 0 0 0 0 0 0 0 0 0 0 0 0 0 0 0 0 0 0 0 0 0 0 0 0 0
0 0 0 0 0 0 0 0 2 0 0 0 0 0 0 0 0 0 0 0 0 0 0 0 0 0 0 0 0 0 0 0 1 0 0 0 0 0 0 0 0 0 0 0 0 0 1 0 1 2 0 0 0 1 0 0 0 0 0 0 0 0 0 0 0 0 0 0 0 0 1 0 1 0 0 0 0 0 0 0 0 0 0 0 0 0 0 0 0 0 0 7 26 7 7 51 120 0 0 0 0 0 0 2 5 0 0 0 0 0 14 37 0 0 0 0 0 0 0 0 0 0 0 0 0 0 0 0 0 0 0 0 0 0 0 0 0 0 0 0 0 0 0 3 1 0 0 0 0 0
0 0 0 3 0 0 0 0 0 16 0 0 0 0 0 1 0 0 0 0 0 0 0 0 0 0 0 0 0 0 0 1 0 0 0 0 0 0 0 0 0 0 0 0 0 0 0 0 0 3 0 1 3 5 0 0 0 0 1 6 0 0 0 0 0 0 0 0 0 0 0 2 0 0 0 0 0 0 0 0 0 0 0 0 0 0 0 0 11 1 0 12 32 73 14 0 0 0 0 0 0 0 1 2 1 0 0 1 0 18 15 1 0 0 0 0 0 0 0 0 0 0 0 0 0 0 0 0 0 0 0 0 0 0 0 0 0 0 0 0 0 0 0 0 0 0 0 0 0 0
0 0 0 0 1 1 0 0 0 0 0 0 0 1 0 0 0 0 0 0 0 0 0 0 0 0 0 0 0 0 0 0 0 0 0 0 0 0 0 0 0 0 0 0 0 0 0 0 0 0 2 0 4 0 0 0 0 0 0 0 0 0 0 0 0 0 0 0 0 0 0 0 0 0 0 0 0 0 0 0 0 0 0 0 0 0 0 0 0 2 7 76 163 0 0 1 0 0 0 0 0 0 0 0 1 0 0 2 4 4 5 0 0 0 0 0 0 0 0 0 0 0 0 0 0 0 0 0 0 0 0 0 0 0 0 0 0 0 0 0 0 0 0 0 0 0 0 0 0 0
0 0 0 0 0 0 0 0 0 0 0 0 0 0 0 0 0 0 2 0 0 0 0 0 0 0 0 0 0 0 0 0 0 0 0 0 0 0 0 0 0 0 0 0 0 0 0 0 0 0 2 5 2 0 0 0 0 0 0 0 2 0 0 0 0 0 0 0 0 0 0 25 0 0 0 0 0 0 0 0 0 0 0 0 0 0 0 0 0 6 6 3 0 3 4 0 0 0 0 0 0 0 0 0 0 0 0 0 0 0 0 0 0 0 0 0 0 0 0 0 0 0 0 0 0 0 0 0 0 0 0 0 0 0 0 0 0 0 0 0 0 0 0 0 0 0 0 0 0 0
0 0 0 0 0 0 0 0 0 0 0 1 0 0 0 0 0 0 0 0 0 0 0 16 0 0 0 0 0 0 0 0 0 0 0 0 0 0 0 0 0 0 0 0 0 0 0 0 0 0 0 9 0 0 0 0 0 0 0 0 0 5 6 0 0 0 0 0 0 0 0 2 6 0 2 0 0 0 0 0 0 0 0 0 0 0 0 0 0 0 1 10 3 0 4 0 0 0 0 0 0 0 0 0 0 0 0 0 0 0 0 0 0 0 0 0 0 0 0 0 0 0 0 0 0 0 0 0 0 0 0 0 0 0 0 0 0 0 0 0 0 0 0 0 0 0 0 0 0 0
0 0 0 0 0 0 0 0 0 0 0 0 0 0 0 0 0 0 0 0 0 0 0 0 1 0 0 0 0 0 0 0 0 0 0 0 0 0 0 0 0 0 0 0 0 0 0 0 0 0 0 7 2 0 0 0 2 0 0 0 0 15 26 2 0 0 0 0 0 0 0 0 1 0 0 0 0 0 0 0 0 0 0 0 0 0 0 0 0 0 3 7 0 1 18 1 0 0 1 0 0 0 0 0 0 0 0 0 0 0 0 0 0 0 0 0 0 0 0 0 0 0 0 0 0 0 0 0 0 0 0 0 0 0 0 0 0 0 0 0 0 0 0 0 0 0 0 0 0 0
0 0 0 0 0 0 0 0 0 0 0 0 0 0 0 0 0 0 0 0 0 0 0 0 0 0 0 0 0 0 0 0 0 0 0 0 0 0 0 0 0 0 0 0 0 0 0 0 0 0 2 18 31 2 12 1 0 0 0 0 0 3 0 0 0 0 0 0 0 0 0 0 0 0 0 0 0 0 0 0 0 0 0 0 0 0 0 0 0 0 0 0 7 8 2 1 0 0 0 0 0 0 0 0 0 0 0 0 0 0 0 0 0 0 0 0 0 0 0 0 0 0 0 0 0 0 0 0 0 0 0 0 0 0 0 0 0 0 0 0 0 0 0 0 0 0 0 0 0 0
0 0 0 0 0 0 0 0 0 0 0 0 1 0 0 1 0 0 0 0 0 0 0 0 1 0 0 0 0 0 0 0 0 0 0 0 0 0 0 0 0 0 0 0 0 0 0 0 0 0 1 3 57 0 10 0 0 0 0 0 0 1 1 0 0 0 0 0 0 0 0 0 0 0 0 0 0 0 0 0 0 0 0 0 0 0 0 0 0 0 0 4 3 2 10 0 0 0 0 1 0 0 0 0 0 0 0 0 0 0 0 0 0 0 0 0 0 0 0 0 0 0 0 0 0 0 0 0 0 0 0 0 0 0 0 0 0 0 0 0 0 0 0 0 0 0 0 0 0 0
0 0 0 0 0 0 0 0 0 0 0 0 0 0 0 0 0 0 0 0 0 0 0 1 2 1 0 0 0 0 0 0 0 1 0 1 0 0 0 0 0 0 0 0 0 0 0 2 0 0 1 0 7 0 0 0 0 0 0 0 3 0 0 0 0 0 0 0 0 0 0 0 0 0 0 0 0 0 0 0 0 0 0 0 0 0 0 1 0 0 0 0 0 0 0 0 4 0 0 0 0 0 0 0 0 0 0 0 0 0 0 0 0 0 0 0 0 0 0 0 0 0 0 0 0 0 0 0 0 0 0 0 0 0 0 0 0 0 0 0 0 0 0 0 0 0 0 0 0 0
0 0 1 0 0 0 0 0 0 0 0 2 0 0 0 0 0 0 0 0 0 0 1 0 0 2 0 0 0 0 0 0 0 0 5 1 0 0 0 0 0 0 0 0 0 0 2 4 0 0 0 0 0 0 0 0 0 0 0 0 0 0 0 0 0 0 0 0 0 0 0 0 0 0 0 0 0 0 0 0 0 0 0 0 0 0 0 0 0 0 0 0 0 0 0 1 4 11 0 0 0 0 0 0 0 0 0 0 0 0 0 0 0 0 0 0 0 0 0 0 0 0 0 0 0 0 0 0 0 0 0 0 0 0 0 0 0 0 0 0 0 0 0 0 1 5 0 0 0 0
6 0 0 0 0 0 0 0 0 0 0 0 0 0 0 3 0 0 0 1 1 0 0 0 0 0 0 0 0 0 0 2 0 0 0 0 0 1 0 0 0 0 0 0 0 0 0 0 0 0 0 0 0 0 0 0 0 0 0 0 0 0 0 0 0 0 0 0 0 0 0 0 1 0 0 0 0 0 0 0 0 0 0 0 0 0 0 0 0 0 0 0 0 0 0 1 2 7 0 1 1 0 0 0 0 0 0 0 0 0 0 0 0 0 0 0 0 0 0 0 0 0 0 0 0 0 0 0 0 0 0 0 0 0 0 0 0 0 0 0 0 0 0 0 0 0 0 0 0 0
0 0 0 0 0 0 0 0 0 0 0 0 0 0 0 0 0 0 0 0 0 0 0 0 0 0 0 0 0 0 0 0 0 0 0 0 0 0 0 0 0 0 0 0 0 0 0 0 0 0 0 0 0 0 0 0 0 0 0 0 0 0 0 0 0 0 0 0 0 0 0 5 0 0 0 0 0 0 0 0 0 0 0 0 0 0 0 0 0 0 0 0 0 0 0 0 0 0 0 0 0 0 0 0 0 0 0 0 0 0 0 0 0 0 0 0 0 0 0 0 0 0 0 0 0 0 0 0 0 0 0 0 0 0 0 0 0 0 0 0 0 0 0 0 0 0 0 0 0 0
0 0 0 0 0 0 0 0 0 0 4 0 1 0 0 0 0 0 0 0 0 0 0 0 0 0 0 0 0 0 0 0 0 0 0 0 0 0 0 0 0 0 0 0 1 0 0 0 0 0 0 0 0 0 0 0 0 0 0 0 0 0 0 0 0 0 0 0 0 0 1 0 0 0 0 0 0 0 0 0 0 0 0 0 0 0 0 0 0 0 0 0 0 0 0 0 2 0 0 0 0 0 0 0 0 0 0 0 0 0 0 0 0 0 0 0 0 0 0 0 0 0 0 0 0 0 0 0 0 0 0 0 0 0 0 0 0 0 0 0 0 0 0 0 0 0 0 0 0 0
0 0 0 0 0 0 0 0 0 0 0 1 0 1 0 2 3 1 0 0 0 0 0 0 0 0 0 0 0 0 0 0 0 0 0 0 0 0 0 0 0 0 0 0 0 0 0 0 0 0 0 0 0 0 0 0 0 0 0 3 0 0 0 0 0 0 0 0 14 0 0 0 0 0 0 0 0 0 0 0 0 0 0 0 0 0 0 0 0 0 0 0 0 0 0 0 2 0 0 2 0 0 0 0 0 0 0 0 0 0 0 0 0 0 0 0 0 0 0 0 0 0 0 0 0 0 0 0 0 0 0 0 0 0 0 0 0 0 0 0 0 0 0 0 0 0 0 0 0 0
0 0 0 0 1 0 0 0 0 0 0 0 0 0 0 0 0 2 0 0 0 0 0 0 0 0 0 0 0 0 0 0 0 0 0 0 2 1 0 0 0 0 3 0 0 0 0 0 0 0 0 0 0 0 0 0 0 0 0 0 0 0 0 0 0 0 0 0 58 19 1 0 0 0 0 0 0 0 0 0 0 0 0 0 0 0 0 0 0 0 0 0 0 0 0 0 0 0 0 0 0 0 0 0 0 0 0 0 0 0 0 0 0 0 0 0 0 0 0 0 0 0 0 0 0 0 0 0 0 0 0 0 0 0 0 0 0 0 0 0 0 0 0 0 0 0 0 0 0 0
0 1 0 0 1 0 0 0 0 0 0 0 11 6 0 1 12 0 0 6 0 0 0 16 0 0 0 0 0 0 2 0 0 0 1 0 1 0 2 0 0 0 3 0 0 0 0 0 0 0 0 0 0 0 0 0 0 0 0 0 0 0 0 0 28 7 4 0 0 0 0 0 0 0 0 0 0 0 0 0 0 0 0 0 0 0 0 0 0 0 0 0 0 0 0 0 0 0 0 0 0 0 0 0 0 0 0 0 0 0 0 0 0 0 0 0 0 0 0 0 0 0 0 0 0 0 0 0 0 0 0 0 0 0 0 0 0 0 0 0 0 0 0 0 0 0 0 0 0 0
1 9 1 0 0 0 0 0 0 0 0 0 1 0 0 1 0 0 0 0 7 34 17 5 1 0 0 0 0 0 0 0 0 0 1 3 14 1 0 1 1 1 0 0 0 0 0 0 0 0 0 0 0 0 0 0 0 0 0 0 0 0 0 0 1 0 0 0 0 0 0 0 0 0 0 0 0 0 0 0 0 0 0 0 0 0 0 0 0 0 0 0 0 0 0 0 0 0 0 0 0 0 0 0 0 0 0 0 0 0 0 0 0 0 0 0 0 0 0 0 0 0 0 0 0 0 0 0 0 0 0 0 0 0 0 0 0 0 0 0 0 0 0 0 0 0 0 0 0 0
12 3 4 0 0 0 0 0 0 0 0 0 1 0 0 0 0 1 0 0 0 19 4 1 5 1 0 0 1 2 1 0 0 0 0 0 1 0 0 0 0 6 0 0 0 0 0 0 0 0 0 0 0 0 0 0 0 0 0 0 0 0 0 0 0 0 0 0 0 0 0 0 0 0 0 0 0 0 0 0 0 0 0 0 0 0 0 0 0 0 0 0 0 0 0 0 0 0 0 0 0 0 0 0 0 0 0 0 0 0 0 0 0 0 0 0 0 0 0 0 0 0 0 0 0 0 0 0 0 0 0 0 0 0 0 0 0 0 0 0 0 0 0 0 0 0 0 0 0 0
0 2 0 0 0 0 0 0 0 0 0 0 2 0 0 0 0 0 0 3 0 0 10 3 0 3 0 3 0 0 0 0 0 0 1 0 3 0 0 0 0 0 0 0 0 0 0 0 0 0 0 0 0 0 0 0 0 0 0 0 0 0 0 0 0 0 0 0 0 0 0 0 0 0 0 0 0 0 0 0 0 0 0 0 0 0 0 0 0 0 0 0 0 0 0 0 0 0 0 0 0 0 0 0 0 0 0 0 0 0 0 0 0 0 0 0 0 0 0 0 0 0 0 0 0 0 0 0 0 0 0 0 0 0 0 0 0 0 0 0 0 0 0 0 0 0 0 0 0 0
0 0 0 0 0 0 0 0 0 0 0 0 0 0 0 0 0 0 0 0 0 0 0 1 0 1 4 3 3 0 1 0 0 0 1 0 0 0 0 0 0 0 0 0 0 0 0 0 0 0 0 0 0 0 0 0 0 0 0 0 0 0 0 0 0 0 0 0 0 0 0 0 0 0 0 0 0 0 0 0 0 0 0 0 0 0 0 0 0 0 0 0 0 0 0 0 0 0 0 0 0 0 0 0 0 0 0 0 0 0 0 0 0 0 0 0 0 0 0 0 0 0 0 0 0 0 0 0 0 0 0 0 0 0 0 0 0 0 0 0 0 0 0 0 0 0 0 0 0 0
0 0 0 0 0 0 0 0 0 0 0 0 0 0 0 0 0 0 0 0 0 0 0 0 0 0 0 4 78 20 3 0 0 9 0 0 2 0 0 0 0 0 0 0 0 0 0 0 0 0 0 0 0 0 0 0 0 0 0 0 0 0 0 0 0 0 0 0 0 0 0 0 0 0 0 0 0 0 0 0 0 0 0 0 0 0 0 0 0 0 0 0 0 0 0 0 0 0 0 0 0 0 0 0 0 0 0 0 0 0 0 0 0 0 0 0 0 0 0 0 0 0 0 0 0 0 0 0 0 0 0 0 0 0 0 0 0 0 0 0 0 0 0 0 0 0 0 0 0 0
0 0 0 0 0 0 0 0 0 0 0 0 0 0 0 0 0 0 0 0 0 0 0 0 0 3 2 1 0 0 31 0 0 0 0 1 2 0 0 0 0 0 0 0 0 0 0 0 0 0 0 0 0 0 0 0 0 0 0 0 0 0 0 0 0 0 0 0 0 0 0 0 0 0 0 0 0 0 0 0 0 0 0 0 0 0 0 0 0 0 0 0 0 0 0 0 0 0 0 0 0 0 0 0 0 0 0 0 0 0 0 0 0 0 0 0 0 0 0 0 0 0 0 0 0 0 0 0 0 0 0 0 0 0 0 0 0 0 0 0 0 0 0 0 0 0 0 0 0 0
0 0 0 0 0 0 0 0 0 0 0 0 0 0 0 0 0 0 0 0 0 0 0 0 1 1 5 0 0 0 6 1 0 0 1 1 0 0 0 0 0 0 0 0 0 0 0 0 0 0 0 0 0 0 0 0 0 0 0 0 0 0 0 0 0 0 0 0 0 0 0 0 0 0 0 0 0 0 0 0 0 0 0 0 0 0 0 0 0 0 0 0 0 0 0 0 0 0 0 0 0 0 0 0 0 0 0 0 0 0 0 0 0 0 0 0 0 0 0 0 0 0 0 0 0 0 0 0 0 0 0 0 0 0 0 0 0 0 0 0 0 0 0 0 0 0 0 0 0 0
0 0 0 0 0 0 0 0 0 0 0 0 0 3 0 0 0 0 0 0 0 0 0 0 0 0 0 0 0 0 0 0 3 0 0 0 1 3 0 0 0 0 0 0 0 0 0 0 0 0 0 0 0 0 0 0 0 0 0 0 0 0 0 0 0 0 0 0 0 0 0 0 0 0 0 0 0 0 0 0 0 0 0 0 0 0 0 0 0 0 0 0 0 0 0 0 0 0 0 0 0 0 0 0 0 0 0 0 0 0 0 0 0 0 0 0 0 0 0 0 0 0 0 0 0 0 0 0 0 0 0 0 0 0 0 0 0 0 0 0 0 0 0 0 0 0 0 0 0 0
0 0 0 0 0 0 0 0 0 0 1 0 0 0 0 0 0 0 0 0 0 0 0 0 0 0 0 10 0 0 2 0 0 0 0 0 0 0 0 0 0 0 0 0 0 0 0 0 0 0 0 0 0 0 0 0 0 0 0 0 0 0 0 0 0 0 0 0 0 0 0 0 0 0 0 0 0 0 0 0 0 0 0 0 0 0 0 0 0 0 0 0 0 0 0 0 0 0 0 0 0 0 0 0 0 0 0 0 0 0 0 0 0 0 0 0 0 0 0 0 0 0 0 0 0 0 0 0 0 0 0 0 0 0 0 0 0 0 0 0 0 0 0 0 0 0 0 0 0 0
0 0 0 0 0 0 0 0 0 0 0 0 0 0 0 0 0 0 0 0 0 0 0 0 0 0 0 2 2 0 0 0 0 1 0 0 0 0 0 0 0 0 0 0 0 0 0 0 0 0 0 0 0 0 0 0 0 0 0 0 0 0 0 0 0 0 0 0 0 0 0 0 0 0 0 0 0 0 0 0 0 0 0 0 0 0 0 0 0 0 0 0 0 0 0 0 0 0 0 0 0 0 0 0 0 0 0 0 0 0 0 0 0 0 0 0 0 0 0 0 0 0 0 0 0 0 0 0 0 0 0 0 0 0 0 0 0 0 0 0 0 0 0 0 0 0 0 0 0 0
0 0 0 0 0 0 0 0 0 0 0 0 0 0 0 0 0 0 0 0 0 0 0 0 0 0 0 0 0 0 0 0 0 0 0 0 0 0 0 0 0 0 0 0 0 0 0 0 0 0 0 0 0 0 0 0 0 0 0 0 0 0 0 0 0 0 0 0 0 0 0 0 0 0 0 0 0 0 0 0 0 0 0 0 0 0 0 0 0 0 0 0 0 0 0 0 0 0 0 0 0 0 0 0 0 0 0 0 0 0 0 0 0 0 0 0 0 0 0 0 0 0 0 0 0 0 0 0 0 0 0 0 0 0 0 0 0 0 0 0 0 0 0 0 0 0 0 0 0 0
0 0 0 0 0 0 0 0 0 0 0 0 0 0 0 0 0 0 0 0 0 0 0 0 0 0 0 0 0 0 0 0 0 0 0 0 0 0 0 0 0 0 0 0 0 0 0 0 0 0 0 0 0 0 0 0 0 0 0 0 0 0 0 0 0 0 0 0 0 0 0 0 0 0 0 0 0 0 0 0 0 0 0 0 0 0 0 0 0 0 0 0 0 0 0 0 0 0 0 0 0 0 0 0 0 0 0 0 0 0 0 0 0 0 0 0 0 0 0 0 0 0 0 0 0 0 0 0 0 0 0 0 0 0 0 0 0 0 0 0 0 0 0 0 0 0 0 0 0 0
0 0 0 0 0 0 0 0 0 0 0 0 0 0 0 0 0 0 0 0 0 0 0 0 0 0 0 0 0 0 0 0 0 0 0 0 0 0 0 0 0 0 0 0 0 0 0 0 0 0 0 1 0 0 0 0 0 0 0 0 0 0 0 0 0 0 0 0 0 0 0 0 0 0 0 0 0 0 0 0 0 0 0 0 0 0 0 0 0 0 0 0 0 0 0 0 0 0 0 0 0 0 0 0 0 0 0 0 0 0 0 0 0 0 0 0 0 0 0 0 0 0 0 0 0 0 0 0 0 0 0 0 0 0 0 0 0 0 0 0 0 0 0 0 0 0 0 0 0 0
0 0 0 0 0 0 0 0 4 7 0 0 0 0 0 0 0 0 0 0 0 0 0 0 0 0 0 0 0 0 0 0 0 0 0 0 0 0 0 0 0 0 0 0 0 0 0 0 0 0 3 0 0 0 0 0 0 0 0 0 0 0 0 0 0 0 0 0 0 0 0 0 0 0 0 0 0 0 0 0 0 0 0 0 0 0 0 0 0 0 0 0 0 0 0 0 0 0 0 0 0 0 0 0 0 0 0 0 0 0 0 0 0 0 0 0 0 0 0 0 0 0 0 0 0 0 0 0 0 0 0 0 0 0 0 0 0 0 0 0 0 0 0 0 0 0 0 0 0 0
0 0 0 0 0 0 4 8 1 0 0 0 0 0 0 0 0 0 0 0 0 0 0 0 0 0 0 0 0 0 0 0 0 0 0 0 0 0 0 0 0 0 0 0 0 0 0 0 1 12 38 0 0 0 0 0 0 0 0 0 0 0 0 0 0 0 0 0 0 0 0 0 0 0 0 0 0 0 0 0 0 0 0 0 0 0 0 0 0 0 0 0 0 0 0 0 0 0 0 0 0 0 0 0 0 0 0 0 0 0 0 0 0 0 0 0 0 0 0 0 0 0 0 0 0 0 0 0 0 0 0 0 0 0 0 0 0 0 0 0 0 0 0 0 0 0 0 0 0 0
0 0 0 0 0 0 2 3 0 0 0 0 0 0 0 0 0 0 0 0 0 0 0 0 0 0 0 0 0 0 0 0 0 0 0 0 0 0 0 0 0 0 0 0 0 0 0 0 0 1 0 0 0 0 0 0 0 0 0 0 0 0 0 0 0 0 0 0 0 0 0 0 0 0 0 0 0 0 0 0 0 0 0 0 0 0 0 0 0 0 0 0 0 0 0 0 0 0 0 0 0 0 0 0 0 0 0 0 0 0 0 0 0 0 0 0 0 0 0 0 0 0 0 0 0 0 0 0 0 0 0 0 0 0 0 0 0 0 0 0 0 0 0 0 0 0 0 0 0 0
0 0 0 0 0 0 0 0 0 0 0 0 0 0 0 0 0 0 0 0 0 0 0 0 0 0 0 0 0 0 0 0 0 0 0 0 0 0 0 0 0 0 0 0 0 0 0 0 0 0 0 0 1 0 0 0 0 0 0 0 0 0 0 0 0 0 0 0 0 0 0 0 0 0 0 0 0 0 0 0 0 0 0 0 0 0 0 0 0 0 0 0 0 0 0 0 0 0 0 0 0 0 0 0 0 0 0 0 0 0 0 0 0 0 0 0 0 0 0 0 0 0 0 0 0 0 0 0 0 0 0 0 0 0 0 0 0 0 0 0 0 0 0 0 0 0 0 0 0 0
0 0 0 0 0 0 0 0 0 0 0 0 0 0 0 0 0 0 0 0 0 0 0 0 0 0 0 0 0 0 0 0 0 0 0 0 0 0 0 0 0 0 0 0 0 0 0 0 0 0 0 0 0 0 0 0 0 0 0 0 0 0 0 0 0 0 0 0 0 0 0 0 0 0 0 0 0 0 0 0 0 0 0 0 0 0 0 0 0 0 0 0 0 0 0 0 0 0 0 0 0 0 0 0 0 0 0 0 0 0 0 0 0 0 0 0 0 0 0 0 0 0 0 0 0 0 0 0 0 0 0 0 0 0 0 0 0 0 0 0 0 0 0 0 0 0 0 0 0 0
0 0 0 0 0 0 0 0 0 0 0 0 0 0 0 0 0 0 0 0 0 0 0 0 0 0 0 0 0 0 0 0 0 0 0 0 0 0 0 0 0 0 0 0 0 0 0 0 0 0 0 0 0 0 0 0 0 0 0 0 0 0 0 0 0 0 0 0 0 0 0 0 0 0 0 0 0 0 0 0 0 0 0 0 0 0 0 0 0 0 0 0 0 0 0 0 0 0 0 0 0 0 0 0 0 0 0 0 0 0 0 0 0 0 0 0 0 0 0 0 0 0 0 0 0 0 0 0 0 0 0 0 0 0 0 0 0 0 0 0 0 0 0 0 0 0 0 0 0 0
0 0 0 0 0 0 0 0 0 0 0 0 0 0 0 0 0 0 0 0 0 0 0 0 0 0 0 0 0 0 0 15 0 0 0 0 0 0 0 0 0 0 0 0 0 0 0 0 0 0 0 0 0 0 0 0 0 0 0 0 0 0 0 0 0 0 0 0 0 0 0 0 0 0 0 0 0 0 0 0 0 0 0 0 0 0 0 0 0 0 0 0 0 0 0 0 0 0 0 0 0 0 0 0 0 0 0 0 0 0 0 0 0 0 0 0 0 0 0 0 0 0 0 0 0 0 0 0 0 0 0 0 0 0 0 0 0 0 0 0 0 0 0 0 0 0 0 0 0 0
0 0 0 0 0 0 0 0 0 0 0 0 0 0 0 0 0 0 0 0 0 0 0 0 0 0 0 0 0 0 0 0 0 0 1 0 0 0 0 0 0 0 0 0 0 0 0 0 0 0 0 0 0 0 0 0 0 0 0 0 0 0 0 0 0 0 0 0 0 0 0 0 0 0 0 0 0 0 0 0 0 0 0 0 0 0 0 0 0 0 0 0 0 0 0 0 0 0 0 0 0 0 0 0 0 0 0 0 0 0 0 0 0 0 0 0 0 0 0 0 0 0 0 0 0 0 0 0 0 0 0 0 0 0 0 0 0 0 0 0 0 0 0 0 0 0 0 0 0 0
0 0 0 0 0 0 0 0 0 0 0 0 0 0 0 0 0 0 0 0 0 0 0 0 0 0 0 0 0 0 1 5 0 0 0 0 0 0 0 0 0 0 0 0 0 0 0 0 0 0 0 0 0 0 0 0 0 0 0 0 0 0 0 0 0 0 0 0 0 0 0 0 0 0 0 0 0 0 0 0 0 0 0 0 0 0 0 0 0 0 0 0 0 0 0 0 0 0 0 0 0 0 0 0 0 0 0 0 0 0 0 0 0 0 0 0 0 0 0 0 0 0 0 0 0 0 0 0 0 0 0 0 0 0 0 0 0 0 0 0 0 0 0 0 0 0 0 0 0 0
0 0 0 0 0 0 0 0 0 0 0 0 0 0 0 0 0 0 0 0 0 0 0 0 0 0 0 0 0 0 2 2 0 0 0 0 1 0 0 0 0 0 0 0 0 0 0 0 0 0 0 0 0 0 0 0 0 0 0 0 0 0 0 0 0 0 0 0 0 0 0 0 0 0 0 0 0 0 0 0 0 0 0 0 0 0 0 0 0 0 0 0 0 0 0 0 0 0 0 0 0 0 0 0 0 0 0 0 0 0 0 0 0 0 0 0 0 0 0 0 0 0 0 0 0 0 0 0 0 0 0 0 0 0 0 0 0 0 0 0 0 0 0 0 0 0 0 0 0 0
0 0 0 0 0 0 0 0 0 0 0 0 0 0 0 0 0 0 0 0 0 0 0 0 0 0 0 1 0 1 0 0 0 0 0 0 0 0 0 0 0 0 0 0 0 0 0 0 0 0 0 0 0 0 0 0 0 0 0 0 0 0 0 0 0 0 0 0 0 0 0 0 0 0 0 0 0 0 0 0 0 0 0 0 0 0 0 0 0 0 0 0 0 0 0 0 0 0 0 0 0 0 0 0 0 0 0 0 0 0 0 0 0 0 0 0 0 0 0 0 0 0 0 0 0 0 0 0 0 0 0 0 0 0 0 0 0 0 0 0 0 0 0 0 0 0 0 0 0 0
0 0 0 0 0 0 0 0 0 0 0 0 0 0 0 0 0 0 0 0 0 0 0 0 0 0 0 0 0 24 11 0 0 0 0 0 0 0 0 0 0 0 0 0 0 0 0 0 0 0 0 0 0 0 0 0 0 0 0 0 0 0 0 0 0 0 0 0 0 0 0 0 0 0 0 0 0 0 0 0 0 0 0 0 0 0 0 0 0 0 0 0 0 0 0 0 0 0 0 0 0 0 0 0 0 0 0 0 0 0 0 0 0 0 0 0 0 0 0 0 0 0 0 0 0 0 0 0 0 0 0 0 0 0 0 0 0 0 0 0 0 0 0 0 0 0 0 0 0 0
0 0 0 0 0 0 0 0 0 0 0 0 0 0 0 0 0 0 0 0 0 0 0 0 0 0 2 0 0 0 0 0 0 0 0 0 0 0 0 0 0 0 0 0 0 0 0 0 0 14 0 0 0 0 0 0 0 0 0 0 0 0 0 0 0 0 0 0 0 0 0 0 0 0 0 0 0 0 0 0 0 0 0 0 0 0 0 0 0 0 0 0 0 0 0 0 0 0 0 0 0 0 0 0 0 0 0 0 0 0 0 0 0 0 0 0 0 0 0 0 0 0 0 0 0 0 0 0 0 0 0 0 0 0 0 0 0 0 0 0 0 0 0 0 0 0 0 0 0 0
0 0 0 0 0 0 0 0 0 0 0 0 0 0 0 0 0 0 0 0 0 0 0 0 0 0 1 0 0 0 0 0 0 0 0 0 0 0 0 0 0 0 0 0 0 0 0 0 1 0 0 0 0 0 0 0 0 0 0 0 0 0 0 0 0 0 0 0 0 0 0 0 0 0 0 0 0 0 0 0 0 0 0 0 0 0 0 0 0 0 0 0 0 0 0 0 0 0 0 0 0 0 0 0 0 0 0 0 0 0 0 0 0 0 0 0 0 0 0 0 0 0 0 0 0 0 0 0 0 0 0 0 0 0 0 0 0 0 0 0 0 0 0 0 2 0 0 0 0 0
0 0 0 0 0 0 0 0 0 0 0 0 0 0 0 0 0 0 0 0 0 0 0 0 0 0 0 0 1 0 0 0 0 0 0 0 0 0 0 0 0 0 0 0 0 0 0 0 0 0 0 0 0 0 0 0 0 0 0 0 0 0 0 0 0 0 0 0 0 0 0 0 0 0 0 0 0 0 0 0 0 0 0 0 0 0 0 0 0 0 0 0 0 0 0 0 0 0 0 0 0 0 0 0 0 0 0 0 0 0 0 0 0 0 0 0 0 0 0 0 0 0 0 0 0 0 0 0 0 0 0 0 0 0 0 0 0 0 0 0 0 0 0 0 0 0 0 0 0 0
0 0 0 0 0 0 0 0 0 0 0 0 0 0 0 0 0 0 0 0 0 0 0 0 0 0 0 0 0 0 0 0 0 0 0 0 0 0 0 0 0 0 0 0 0 0 0 0 0 0 0 0 0 0 0 0 0 0 0 0 0 0 0 0 0 0 0 0 0 0 0 0 0 0 0 0 0 0 0 0 0 0 0 0 0 0 0 0 0 0 0 0 0 0 0 0 0 0 0 0 0 0 0 0 0 0 0 0 0 0 0 0 0 0 0 0 0 0 0 0 0 0 0 0 0 0 0 0 0 0 0 0 0 0 0 0 0 0 0 0 0 0 0 0 0 0 0 0 0 0
0 0 0 0 0 0 0 0 0 0 0 0 0 0 0 0 0 0 0 0 0 0 0 0 0 0 0 0 0 0 0 0 0 0 0 0 0 0 0 0 0 0 0 0 0 0 0 0 0 0 0 0 0 0 0 0 0 0 0 0 0 0 0 0 0 0 0 0 0 0 0 0 0 0 0 0 0 0 0 0 0 0 0 0 0 0 0 0 0 0 0 0 0 0 0 0 0 0 0 0 0 0 0 0 0 0 0 0 0 0 0 0 0 0 0 0 0 0 0 0 0 0 0 0 0 0 0 0 0 0 0 0 0 0 0 0 0 0 0 0 0 0 0 0 0 0 0 0 0 0
0 0 0 0 0 0 0 0 0 0 0 0 0 0 0 0 0 0 0 0 0 0 0 0 0 0 0 0 0 0 0 0 0 0 0 0 0 0 0 0 0 0 0 0 0 0 0 0 0 0 0 0 0 0 0 0 0 0 0 0 0 0 0 0 0 0 0 0 0 0 0 0 0 0 0 0 0 0 0 0 0 0 0 0 0 0 0 0 0 0 0 0 0 0 0 0 0 0 0 0 0 0 0 0 0 0 0 0 0 0 0 0 0 0 0 0 0 0 0 0 0 0 0 0 0 0 0 0 0 0 0 0 0 0 0 0 0 0 0 0 0 0 0 0 0 0 0 0 0 0
0 0 0 0 0 0 0 0 0 0 0 0 0 0 0 0 0 0 0 0 0 0 0 0 0 0 0 0 0 0 0 0 0 0 0 0 0 0 0 0 0 0 0 0 0 0 0 0 0 0 0 0 0 0 0 0 0 0 0 0 0 0 0 0 0 0 0 0 0 0 0 0 0 0 0 0 0 0 0 0 0 0 0 0 0 0 0 0 0 0 0 0 0 0 0 0 0 0 0 0 0 0 0 0 0 0 0 0 0 0 0 0 0 0 0 0 0 0 0 0 0 0 0 0 0 0 0 0 0 0 0 0 0 0 0 0 0 0 0 0 0 0 0 0 0 0 0 0 0 0
0 0 0 0 0 0 0 0 0 0 0 0 0 0 0 0 0 0 0 0 0 0 0 0 0 0 0 0 0 0 0 0 0 0 0 0 0 0 0 0 0 0 0 0 0 0 0 0 0 0 0 0 0 0 0 0 0 0 0 0 0 0 0 0 0 0 0 0 0 0 0 0 0 0 0 0 0 0 0 0 0 0 0 0 0 0 0 0 0 0 0 0 0 0 0 0 0 0 0 0 0 0 0 0 0 0 0 0 0 0 0 0 0 0 0 0 0 0 0 0 0 0 0 0 0 0 0 0 0 0 0 0 0 0 0 0 0 0 0 0 0 0 0 0 0 0 0 0 0 0
