0 0 19 18 0 0 3 0 21 160 21 6 0 5 0 0 0 2 10 0 3 2 0 0 2 15 0 0 0 0 0 0 0 4 6 3 0 0 0 9 0 0 0 6 6 0 0 0 0 0 0 0 0 5 6 5 0 0 0 8 78 21 1 8 0 2 7 0 0 0 0 4 25 191 271 464 133 36 79 9 44 490 69 80 98 275 316 315 38 302 1421 856 93 796 593 1040 1330 648 1310 270 230 135 29 38 42 34 64 675 323 29 10 27 46 101 198 41 35 19 8 1 3 34 30 32 3 3 0 20 18 16 3 33 4 2 20 0 0 1 0 0 10 0 0 0 0 0 0 0 2 30
0 3 12 5 2 0 0 0 0 54 7 20 4 2 0 0 0 3 30 0 0 1 23 0 20 34 2 5 0 0 0 0 0 0 0 0 0 16 4 0 0 0 0 0 0 0 0 0 0 0 0 0 0 2 13 0 0 0 0 22 166 26 13 121 9 0 0 4 0 1 0 3 72 62 48 7 219 91 14 31 120 46 14 2 129 319 519 166 340 404 123 24 394 454 348 541 599 787 1303 1028 337 113 68 46 29 15 2 95 29 18 7 17 2 10 91 31 33 22 6 31 10 11 29 13 4 9 4 6 8 49 25 20 126 76 0 0 0 0 0 64 19 1 0 0 0 0 0 0 0 0
1 0 0 2 12 0 0 0 0 23 2 1 6 4 0 0 0 2 3 0 0 16 140 28 6 0 3 8 0 0 0 0 0 2 0 1 0 2 0 28 0 0 0 1 0 0 0 0 0 0 0 0 0 0 7 0 0 0 1 14 22 24 2 7 0 0 0 0 0 0 0 4 2 0 0 0 2 49 192 320 254 61 31 37 45 303 863 285 10 6 112 33 170 689 671 1420 202 572 413 733 782 910 24 59 36 17 11 34 328 183 46 15 2 4 16 10 20 78 18 9 101 80 15 24 13 10 1 15 1 26 8 10 125 240 0 0 5 0 14 40 3 2 0 0 0 0 0 0 0 0
73 1 1 0 0 0 0 0 0 0 4 3 0 0 0 0 2 0 3 3 0 0 0 23 8 0 2 12 17 0 4 0 0 0 0 0 0 3 0 10 3 0 0 0 0 0 0 0 0 0 5 0 0 2 83 29 10 30 77 4 3 3 5 19 0 0 0 0 0 0 2 190 24 0 2 8 16 99 307 269 165 88 31 132 262 98 101 248 6 225 1357 941 1594 1002 1174 626 180 223 848 661 559 565 175 82 35 143 15 46 465 73 25 35 44 27 2 17 22 157 116 37 31 94 36 9 3 5 7 4 38 4 3 27 40 0 4 0 8 7 0 11 54 7 0 0 0 0 0 0 0 0
7 46 0 0 0 0 0 0 10 4 1 0 0 0 0 19 7 6 2 2 0 2 9 0 2 0 0 0 0 0 2 0 2 0 2 29 8 0 3 0 1 0 0 0 0 0 0 0 0 8 2 0 0 2 54 376 40 32 4 0 3 2 0 11 0 0 0 0 1 13 166 70 144 225 31 63 95 192 307 321 367 337 323 11 226 147 91 200 36 453 1986 692 712 1157 604 322 104 1106 549 1193 892 1115 931 779 498 162 108 41 10 9 14 33 59 59 21 0 3 35 78 63 315 1036 294 24 9 5 1 0 2 6 2 6 0 0 1 0 0 0 0 1 41 3 0 0 0 0 0 0 0 0
27 4 0 1 3 0 0 0 6 0 7 0 0 0 0 28 0 3 27 65 4 5 1 0 0 0 0 0 3 1 0 1 0 0 17 93 34 15 1 0 0 0 0 0 0 0 0 0 0 8 61 18 1 10 14 68 123 6 20 9 1 0 2 3 0 0 0 0 1 57 106 224 292 107 132 84 35 21 67 328 869 969 515 82 6 258 106 38 4 316 1909 874 107 448 1244 649 175 2000 464 791 702 656 1513 626 26 136 57 62 10 2 0 5 15 46 6 21 41 8 6 25 151 157 7 9 6 16 0 2 6 3 10 3 0 0 0 1 0 0 0 0 7 3 0 0 0 0 0 0 0 0
5 0 0 2 0 0 0 3 2 20 12 0 0 1 0 0 0 1 0 0 2 1 4 0 0 0 0 0 0 1 3 1 0 1 0 20 2 8 7 0 0 0 0 0 0 0 0 0 0 2 2 9 3 1 1 32 1 1 67 30 4 6 1 0 5 0 0 0 18 119 43 112 374 467 344 177 454 200 504 721 1057 775 1279 706 79 19 4 300 177 148 1859 1123 85 607 964 602 513 679 940 73 36 381 306 168 22 48 116 19 33 20 47 222 217 32 137 66 1 2 47 39 115 126 17 1 2 5 79 11 0 0 7 0 0 0 0 0 0 10 0 0 0 1 2 0 0 0 0 0 0 0
4 0 0 3 0 0 0 0 6 1 2 0 0 0 0 0 0 0 0 0 0 0 0 0 0 0 0 0 0 1 17 0 0 0 10 8 0 2 16 8 0 0 0 0 0 0 0 0 0 0 0 0 4 15 4 9 2 24 74 72 72 32 75 3 20 29 0 0 7 116 12 2 32 49 144 52 112 214 747 1237 1006 791 1251 311 240 270 260 667 324 109 551 115 66 555 493 455 294 955 1034 272 178 503 519 628 197 162 27 47 134 37 487 663 120 71 35 59 4 3 8 28 124 7 12 10 19 17 20 3 22 0 0 0 0 0 0 0 0 0 0 0 0 0 0 0 0 0 0 0 0 0
7 0 0 0 0 0 0 0 2 15 0 7 0 1 12 0 0 0 0 0 0 0 0 0 0 0 0 0 0 0 1 0 0 0 1 0 0 0 0 1 0 0 0 0 0 0 0 0 0 0 0 0 7 5 0 0 3 13 39 69 429 416 17 5 10 36 9 10 9 43 1 1 0 5 3 12 20 45 79 575 967 1273 810 62 15 13 272 288 429 226 20 14 429 1335 1556 1569 139 773 252 142 320 110 124 418 932 174 229 361 64 171 993 212 232 17 63 12 0 1 6 15 13 10 12 20 21 3 2 4 2 0 5 2 0 0 0 1 0 0 0 0 0 0 0 0 0 0 0 0 0 0
0 0 0 0 0 0 3 1 12 12 0 0 0 0 0 1 0 0 0 0 0 0 0 0 0 0 0 0 0 0 0 3 0 0 0 0 0 0 0 0 0 1 0 0 0 0 2 3 11 1 8 0 19 6 0 0 7 0 0 28 72 227 17 24 2 3 0 2 2 15 0 0 0 0 0 29 19 40 201 675 1167 892 893 341 1697 1122 364 114 250 189 80 15 12 727 1230 1773 986 172 124 19 97 136 44 4 66 480 378 290 102 31 492 701 285 49 7 319 359 744 225 87 39 17 63 71 70 23 15 3 2 18 213 15 0 0 0 0 0 0 0 0 0 0 0 0 0 0 0 0 0 0
0 3 16 0 0 0 3 0 3 4 2 10 0 0 0 44 7 2 4 0 0 0 0 0 0 0 0 0 0 0 1 2 0 1 0 6 0 0 2 0 0 4 3 2 1 0 10 80 28 26 14 3 10 5 0 1 0 12 22 55 0 158 5 7 0 0 2 0 0 0 0 0 0 0 0 0 15 27 145 444 602 325 678 480 388 387 262 424 585 452 52 0 1 247 580 1012 1068 45 21 174 33 21 3 29 223 395 1049 447 238 164 582 160 253 64 0 194 370 660 409 292 473 200 330 190 169 493 107 63 83 41 7 109 17 41 14 0 0 0 0 0 0 0 0 0 0 0 0 0 0 0
1 0 0 0 0 0 0 0 8 2 0 0 0 0 0 0 14 21 4 0 1 0 0 0 0 0 0 0 0 0 0 0 2 6 12 0 0 0 0 0 0 7 7 23 9 0 4 2 1 0 0 0 7 10 4 1 0 0 1 11 3 3 0 1 0 5 0 2 1 0 2 10 0 0 0 7 99 13 136 368 828 212 41 79 212 131 14 28 144 871 49 1 0 5 11 169 962 571 385 21 1 11 13 38 45 91 478 301 36 85 442 298 65 117 16 352 834 254 742 1057 391 513 257 141 212 236 1 0 0 49 13 0 116 33 96 1 0 0 0 0 0 0 0 0 0 0 0 0 0 0
7 0 1 0 0 0 8 0 8 3 0 0 0 0 0 0 4 13 7 8 9 6 0 0 0 0 0 0 0 0 3 0 4 0 0 1 3 0 0 0 0 2 99 3 20 0 1 16 0 0 0 0 2 2 5 0 0 0 6 3 3 3 4 0 0 5 5 4 0 5 28 0 0 0 0 26 173 79 421 45 205 336 28 0 21 11 8 0 4 2 0 0 6 131 68 20 910 572 793 646 18 9 60 17 38 9 35 158 567 420 1215 901 125 1047 281 123 40 157 1488 1440 201 296 164 1 77 183 5 6 56 25 0 0 22 8 0 0 0 0 0 0 0 0 0 0 0 0 0 0 0 0
0 0 0 0 0 0 4 4 0 13 0 0 0 0 0 0 0 0 108 25 2 39 0 1 0 0 0 0 0 6 10 6 0 0 0 0 0 0 0 0 0 0 1 115 70 0 0 0 7 0 2 49 2 0 0 0 0 0 17 0 11 28 7 8 0 0 21 23 14 21 79 0 0 0 2 431 837 535 207 32 146 461 61 2 28 169 10 4 1 30 3 0 13 89 22 32 118 714 280 303 1 9 360 130 435 104 114 591 269 856 1595 1419 1116 415 457 306 207 187 1075 575 215 110 0 0 0 19 37 0 16 8 2 0 0 0 0 0 0 0 0 0 0 0 0 0 0 0 0 0 0 0
0 0 0 0 0 0 1 4 14 10 0 0 0 0 0 0 0 1 4 7 6 0 0 0 1 1 0 0 0 0 0 0 0 0 0 0 0 0 0 0 0 0 0 13 39 0 0 0 0 11 5 55 1 0 2 3 8 29 16 35 198 34 13 15 15 110 180 185 175 196 123 2 6 0 63 801 1632 1594 572 55 5 405 73 4 11 23 18 9 0 41 27 12 1 1 0 1 63 458 239 287 19 64 615 577 1699 1542 2002 1337 1279 1302 1167 839 714 867 758 288 195 173 104 122 250 121 35 13 0 14 55 12 19 24 11 0 0 0 0 1 0 0 0 0 0 0 0 0 0 0 0 0 0 1
0 0 0 0 0 0 2 50 146 3 3 0 0 0 0 1 3 0 0 8 0 14 16 2 0 0 1 0 0 9 0 0 0 0 0 0 0 0 0 0 0 0 0 1 1 32 0 0 0 70 115 136 2 1 3 18 40 120 11 98 118 54 5 36 41 79 190 94 76 225 334 50 159 125 943 1205 1988 1226 188 40 2 0 1 0 0 0 36 60 6 58 3 10 1 0 4 29 36 27 24 19 19 1 1394 762 711 918 1187 397 817 1008 1286 939 922 443 399 105 30 409 244 97 15 6 219 489 75 137 16 0 2 2 0 0 0 0 53 7 0 0 0 0 0 0 0 0 0 0 0 0 0 0
0 0 0 0 0 0 1 6 2 0 0 0 2 0 0 1 27 1 1 0 3 0 27 57 19 4 5 0 0 0 0 0 0 0 0 0 0 0 0 1 0 0 0 4 0 10 0 6 1 11 19 9 2 17 9 51 73 183 120 56 8 6 0 0 0 4 3 0 4 0 0 1 94 54 310 467 763 527 152 0 0 0 2 0 1 0 2 63 66 10 1 0 16 2 1 57 22 0 9 97 25 278 860 924 446 288 430 318 511 883 900 600 783 301 362 114 49 125 188 12 0 0 55 31 29 418 2 12 3 0 0 0 0 0 0 5 0 0 0 0 0 0 0 0 0 0 0 0 0 0
0 0 0 0 3 3 0 0 0 0 0 0 2 0 0 9 0 10 1 2 0 10 0 0 12 1 6 29 0 0 0 0 0 0 0 0 3 0 0 1 0 0 0 1 2 36 72 4 3 56 31 115 12 87 14 45 85 72 516 32 16 2 0 0 0 4 34 108 6 31 67 8 193 29 27 141 40 192 28 10 0 0 6 0 0 0 0 13 153 0 0 33 108 53 14 0 3 0 45 685 201 194 175 117 171 514 296 252 823 446 144 85 66 143 111 63 159 217 16 7 0 2 6 9 204 878 312 7 8 7 0 0 0 0 0 0 0 0 0 0 0 0 0 0 0 0 0 0 0 1
0 0 0 2 2 4 0 0 0 0 0 0 3 2 0 2 3 2 2 2 0 5 5 0 10 2 73 39 35 0 0 0 0 0 0 7 3 0 0 0 0 0 1 48 56 51 12 26 43 533 100 24 23 32 9 36 215 91 55 71 130 38 6 0 0 0 6 2 4 9 26 16 41 17 3 89 61 17 4 43 14 0 9 39 0 9 29 15 5 1 2 41 113 354 29 1 0 71 392 12 150 298 100 13 91 94 169 462 463 1 0 119 10 537 65 0 5 0 0 0 0 1 6 9 44 314 293 353 4 2 0 0 0 0 0 0 0 0 0 0 0 0 0 0 0 0 0 0 0 0
0 0 0 1 0 2 0 0 0 0 0 0 0 0 5 0 1 0 1 0 2 9 73 3 3 5 5 24 277 7 0 0 0 0 1 0 0 0 0 0 0 7 7 49 22 182 131 30 10 154 40 10 0 18 94 10 74 121 12 0 5 7 3 0 2 12 0 1 22 29 89 70 6 0 1 78 28 0 4 0 4 0 0 0 0 42 23 13 9 6 6 17 4 4 0 34 1 24 22 6 811 1269 886 178 80 170 176 365 221 4 0 0 2 183 31 0 0 0 0 0 0 0 0 5 35 18 11 158 7 0 0 0 0 0 0 0 0 0 0 0 0 0 0 0 0 0 0 0 0 0
0 0 0 0 0 1 0 0 0 0 0 0 1 1 0 0 0 1 5 0 1 3 22 11 1 19 10 32 0 6 6 25 11 0 2 0 0 0 0 5 30 19 18 21 17 24 18 54 150 323 326 86 12 38 18 18 15 1 4 0 6 6 30 22 287 77 0 7 7 22 108 40 2 1 10 169 325 125 3 45 13 28 9 3 1 0 5 4 31 10 7 0 3 2 0 0 2 4 417 432 1340 1022 491 174 1 20 122 152 2 0 0 0 0 50 0 0 0 0 0 0 0 0 3 9 0 0 57 369 0 0 0 0 0 0 0 0 0 0 0 0 0 0 0 0 0 0 0 0 0 0
0 0 0 0 0 0 0 0 0 0 0 0 0 7 1 8 0 0 0 2 2 18 20 3 6 0 3 0 0 0 42 59 10 4 1 0 0 6 0 0 82 13 0 0 0 0 4 17 509 1074 399 232 96 3 0 10 1 4 0 0 8 3 1 0 24 41 38 1 6 46 46 20 27 0 8 15 124 72 36 74 34 19 36 43 15 2 12 31 300 79 16 3 4 9 3 6 26 0 65 359 229 85 46 7 6 7 157 63 2 0 0 0 14 80 0 0 0 0 0 0 0 0 0 0 0 79 79 1 1 3 6 1 0 0 0 0 0 0 0 0 0 0 0 0 0 0 0 0 0 0
0 0 0 1 0 0 0 0 0 0 0 0 0 2 4 0 0 0 0 0 2 4 13 6 0 0 0 0 0 0 3 3 48 5 4 0 18 387 12 19 0 0 0 0 0 0 12 26 28 523 404 178 14 0 0 0 0 7 19 0 0 0 0 0 18 5 78 1 0 11 40 54 34 2 2 3 22 3 22 20 13 31 30 0 0 14 10 0 0 3 1 12 2 7 0 0 4 0 0 3 2 1 120 58 77 58 78 96 125 143 79 17 48 0 0 0 0 0 0 0 0 0 0 11 48 158 131 0 0 0 3 0 0 0 0 0 0 0 0 0 0 0 0 0 0 0 0 0 0 0
0 0 0 1 0 0 0 0 0 0 0 0 0 2 3 3 1 11 0 1 6 0 0 1 0 1 0 0 0 0 0 3 14 8 5 12 10 20 3 0 0 0 0 0 6 88 34 77 3 193 170 45 1 7 6 12 10 29 0 0 0 0 0 1 0 0 0 3 0 0 2 4 156 102 8 19 0 0 0 1 0 6 87 186 9 0 1 1 0 0 0 1 0 3 2 0 5 0 2 4 0 1 3 117 72 26 6 4 5 37 0 103 17 0 0 0 0 0 0 0 0 0 1 72 12 14 46 129 0 0 0 3 0 0 0 0 0 0 0 0 0 0 0 0 0 0 0 0 0 0
0 0 0 0 0 0 0 0 0 0 0 0 0 0 0 0 0 1 0 0 0 0 0 0 0 0 3 0 0 0 0 0 3 20 49 0 1 75 0 0 0 0 0 18 28 44 54 1 4 27 116 44 14 15 36 6 0 1 3 5 0 0 0 0 1 0 0 13 8 3 1 10 8 7 63 7 0 0 0 0 1 0 22 81 22 4 2 0 0 12 11 7 1 0 0 2 4 2 0 15 11 12 3 20 640 0 0 3 0 0 0 6 5 0 0 2 4 0 0 0 0 0 1 0 0 49 37 13 0 0 0 0 0 0 0 0 2 0 0 0 0 0 0 0 0 0 0 0 0 0
0 0 0 0 0 0 0 0 0 0 0 0 0 0 18 0 1 0 9 0 0 1 1 4 0 0 1 1 0 0 0 0 5 144 33 0 0 30 1 0 0 0 0 6 116 11 3 1 17 3 96 11 0 2 0 0 0 0 0 0 0 0 0 1 14 2 0 4 6 2 3 28 0 1 3 7 15 0 0 0 1 0 1 3 0 28 4 13 2 13 0 0 3 0 11 0 0 7 0 1 9 25 6 150 272 278 0 1 0 0 1 2 5 1 23 2 0 0 0 0 0 0 0 0 0 59 9 62 2 2 0 0 0 0 0 0 30 43 0 0 0 0 0 0 0 0 0 0 0 0
0 0 0 0 0 0 0 0 0 0 1 0 0 0 5 1 0 4 1 0 2 10 4 2 0 0 0 18 2 0 0 2 3 10 19 1 0 2 4 1 4 0 2 22 69 6 12 1 2 2 41 11 0 1 1 6 0 0 0 0 0 0 0 1 15 0 0 3 4 1 5 10 0 0 0 0 27 3 0 0 0 0 33 2 2 13 13 16 8 2 1 3 0 0 0 6 5 0 0 0 13 23 7 8 47 345 41 1 0 0 0 0 0 6 20 20 1 0 5 1 0 0 0 0 10 194 20 17 0 0 0 0 0 0 0 0 1 10 0 0 0 0 0 0 0 0 0 0 0 0
0 0 0 0 0 0 0 0 0 0 0 0 0 64 4 4 12 29 10 0 6 17 6 1 0 0 0 0 0 3 11 2 0 29 10 2 1 16 14 12 51 63 14 172 219 10 6 0 12 0 9 28 52 4 1 2 0 0 0 0 0 0 1 0 2 0 0 0 1 34 74 75 2 3 0 2 1 16 0 0 0 0 0 0 1 0 0 18 15 2 4 1 4 0 1 0 0 0 0 1 1 3 14 2 19 905 689 42 1 0 0 0 0 0 0 0 1 141 45 8 0 0 0 31 94 35 78 192 167 38 0 0 0 0 3 7 2 2 0 0 0 0 0 0 0 0 0 0 0 0
0 0 0 0 0 0 0 0 0 1 2 2 15 17 10 10 31 78 0 4 1 1 6 1 0 0 1 7 13 0 4 2 2 1 7 35 23 37 64 284 485 860 347 296 107 13 0 1 1 1 1 3 45 20 2 0 0 0 0 0 0 0 0 0 0 0 0 0 0 3 20 33 1 0 16 23 0 24 6 0 0 12 0 0 31 0 0 0 13 10 8 14 2 1 11 25 7 0 0 0 2 59 16 38 292 440 272 625 7 0 0 0 0 2 0 3 200 87 26 0 0 0 13 112 219 340 1067 782 90 27 0 0 0 33 2 7 0 0 0 0 0 0 0 0 0 0 0 0 0 0
0 0 0 0 0 0 1 3 5 14 28 51 29 5 0 6 2 8 1 2 1 9 7 32 2 3 1 0 0 2 8 4 0 16 26 118 4 15 183 403 729 1281 835 788 48 12 1 8 3 0 6 0 45 106 10 10 0 0 0 0 0 0 0 0 0 0 0 0 0 0 1 1 1 0 0 1 0 6 3 0 1 1 0 3 9 0 0 0 1 6 1 0 4 27 1 13 0 0 0 1 0 1 12 8 23 105 2 106 45 0 0 0 1 0 68 45 851 450 49 44 10 14 4 119 191 72 536 539 746 428 24 71 30 138 10 0 0 0 0 0 0 0 0 0 0 0 0 0 0 0
0 0 0 0 0 0 1 3 3 2 15 16 5 0 2 7 0 0 7 17 0 12 146 44 0 0 0 4 4 0 10 8 4 9 5 31 27 27 85 107 564 426 610 201 52 27 5 3 2 1 4 20 19 5 4 9 0 0 0 0 0 0 0 0 0 0 0 0 1 0 4 1 0 0 0 1 2 7 0 0 2 26 16 10 21 0 0 1 26 27 4 0 3 18 0 2 1 1 0 3 2 2 4 9 1 0 0 1 27 0 4 5 3 0 41 1113 719 592 169 210 100 117 95 4 5 12 33 142 3 83 12 364 762 62 31 2 0 0 0 0 0 0 0 0 0 0 0 0 0 0
0 0 0 0 0 0 2 4 1 1 3 24 4 1 2 2 1 1 25 8 334 64 6 0 0 0 1 2 5 15 4 1 8 33 30 2 0 5 0 129 642 702 416 253 72 23 9 0 17 9 0 2 5 10 8 5 0 0 0 0 0 0 0 0 0 0 0 0 0 0 0 0 0 0 0 0 0 0 9 0 25 33 38 315 50 0 0 0 0 0 0 0 2 1 0 1 4 2 0 0 2 0 0 2 5 9 2 20 460 207 337 567 147 124 522 1269 668 368 88 560 94 214 10 2 65 27 79 134 5 0 57 303 344 73 81 10 0 0 0 0 0 0 0 0 0 0 0 0 0 0
0 0 3 0 0 0 1 3 0 1 3 25 9 15 3 4 4 1 2 31 120 0 0 0 0 0 0 2 1 16 153 51 10 3 5 107 3 7 8 34 45 148 39 22 4 0 1 0 2 7 1 2 52 2 0 7 3 4 2 0 0 0 0 0 0 0 0 0 0 0 0 0 0 0 0 4 3 23 16 0 0 21 14 15 0 0 0 0 2 0 3 0 0 14 7 5 7 0 0 0 2 0 0 0 0 5 9 32 199 102 190 154 34 388 1533 680 363 431 83 564 124 8 0 19 4 25 21 2 0 0 65 333 0 0 22 0 0 0 0 0 0 0 0 0 0 0 0 0 0 0
0 0 1 0 0 14 38 12 2 5 1 0 0 9 17 4 5 4 26 32 13 0 0 0 0 0 1 0 1 3 76 3 23 6 5 8 3 2 7 1 43 24 1 0 0 0 0 0 1 3 0 4 411 12 93 32 32 4 5 0 0 0 0 0 0 0 0 0 0 0 0 0 0 0 0 0 4 9 3 0 0 0 3 0 0 0 0 0 4 0 0 0 2 23 10 0 4 9 0 1 4 0 0 2 0 1 7 69 72 5 1 14 221 162 274 605 154 256 186 131 367 0 0 0 0 0 1 0 0 0 2 121 10 0 0 0 0 0 0 0 0 0 0 0 0 0 0 0 0 0
0 0 0 0 2 2 8 3 1 1 2 2 9 19 14 12 56 13 3 0 4 2 10 0 0 0 0 43 26 21 37 35 13 0 8 3 1 5 9 3 3 39 19 0 0 0 3 0 0 0 5 17 219 73 7 33 1 0 0 0 0 0 0 0 0 0 0 0 0 0 0 0 0 0 0 0 13 6 6 2 5 0 1 0 0 0 0 0 7 0 12 11 25 43 10 13 3 2 1 12 1 0 0 1 0 2 6 116 1020 22 0 0 6 0 1 2 3 34 458 739 70 0 0 0 0 2 5 0 0 0 0 3 58 3 0 0 0 0 0 0 0 0 0 0 0 0 0 0 0 0
2 2 4 6 0 0 8 122 9 6 2 10 10 0 5 174 85 22 5 12 0 2 8 4 2 2 3 15 1 6 29 10 12 5 1 8 0 0 0 3 11 6 11 4 2 0 2 0 0 0 0 38 1 18 16 2 3 0 0 0 0 0 0 0 0 0 0 0 0 0 0 0 0 0 0 1 17 43 2 0 0 0 0 0 0 0 0 1 18 0 5 0 5 34 0 1 0 1 6 5 0 0 4 3 14 20 105 29 189 0 0 0 0 0 15 0 0 1 122 377 319 190 2 0 5 68 0 0 0 68 94 41 92 15 0 0 0 0 0 0 0 0 0 0 0 0 0 0 0 0
0 0 0 0 0 3 1 0 0 6 85 7 9 1 16 40 36 30 13 0 1 0 3 6 7 10 3 1 1 1 0 0 2 7 14 0 0 0 0 11 4 25 1 0 1 0 4 0 1 0 4 113 27 31 47 8 9 0 0 0 0 0 0 0 0 0 0 0 0 0 0 0 0 0 0 0 0 38 129 0 0 4 0 0 0 0 3 105 26 0 3 1 8 3 0 11 0 6 2 9 56 9 177 8 2 6 21 41 88 3 0 0 0 11 44 75 187 746 117 286 759 194 2 6 484 67 0 0 0 99 260 0 0 0 0 0 0 0 0 0 0 0 0 0 0 0 0 0 0 0
0 5 1 0 0 0 2 1 3 10 10 196 7 18 0 2 0 9 1 1 3 0 0 10 14 1 2 1 38 2 0 0 1 1 0 0 0 0 1 2 1 49 40 10 3 2 3 0 3 0 0 90 49 2 2 1 0 0 9 0 0 0 0 0 0 0 0 0 0 0 0 0 0 0 0 0 0 12 40 14 1 0 0 0 0 0 0 28 1 0 6 0 6 4 0 0 0 0 10 4 0 2 1 0 18 0 9 22 38 27 0 0 0 0 189 701 1106 772 84 95 86 100 192 452 192 1 0 0 23 612 407 0 0 0 0 0 0 0 0 0 0 0 0 0 0 0 0 0 0 0
0 0 1 0 0 0 6 2 1 1 10 24 2 2 0 2 1 0 5 8 0 0 0 0 2 1 0 9 0 3 0 0 0 0 0 0 0 0 25 0 3 1 1 0 0 2 0 0 0 0 3 94 2 1 3 0 0 0 0 4 6 0 0 0 0 0 0 0 0 0 0 0 0 0 0 0 1 11 97 29 17 22 23 0 0 0 0 0 8 0 0 0 4 15 1 0 0 0 0 4 0 6 7 16 3 2 7 4 52 0 0 1 39 24 62 24 18 51 590 386 55 401 762 567 517 287 149 379 1022 2186 806 8 0 0 0 0 0 0 0 0 0 0 0 2 0 0 0 0 0 0
0 2 3 0 0 4 4 10 2 19 13 6 0 22 7 10 1 2 0 0 0 0 0 0 0 28 13 1 0 0 1 4 6 3 1 0 0 0 0 3 1 2 2 1 0 0 6 1 7 2 18 411 55 2 0 6 0 3 0 8 0 0 0 0 0 0 0 0 0 0 0 0 0 0 0 0 9 29 106 0 0 34 24 0 0 0 0 0 9 5 0 3 5 12 3 19 27 0 0 0 4 0 1 66 16 9 4 1 135 50 4 15 25 3 2 17 111 297 455 616 706 834 875 807 1968 1450 755 799 1272 1131 661 0 0 0 0 0 0 0 0 0 0 0 0 0 0 0 0 0 0 0
0 0 0 0 4 2 0 2 60 4 1 16 2 0 2 23 6 5 0 0 0 0 0 0 0 20 3 0 7 0 1 2 1 2 3 4 2 5 12 3 1 0 7 0 0 3 2 0 2 57 819 636 21 105 18 1 8 3 3 16 3 1 0 0 0 0 0 0 0 0 0 0 0 0 0 0 0 2 12 5 0 8 1 0 0 0 0 0 10 2 0 0 16 0 0 1 0 0 1 3 26 4 7 1 47 14 22 57 0 17 9 2 3 19 2 10 4 53 676 2109 1903 1065 423 1499 1876 1070 386 721 744 38 96 41 0 0 0 0 0 0 0 0 0 0 0 0 0 0 0 0 0 0
2 3 0 3 4 0 3 1 20 5 1 1 1 3 8 2 2 5 1 0 0 0 0 0 9 3 0 0 0 0 0 47 27 3 0 0 3 0 1 0 0 0 1 0 0 0 1 0 2 27 815 1094 848 728 96 16 0 4 3 6 17 0 0 0 0 0 0 0 0 0 0 0 0 0 0 0 0 0 0 10 0 2 1 0 0 0 0 47 103 0 0 21 8 0 0 0 0 0 0 5 28 1 12 6 8 193 538 6 1 1 0 5 0 3 1 6 22 18 111 787 557 910 414 3304 1868 585 269 298 83 764 1222 1235 0 0 0 0 0 0 0 0 0 0 0 0 0 0 0 0 0 0
1 3 1 29 0 0 27 10 18 10 22 62 0 3 0 0 0 0 0 0 0 0 0 1 1 0 2 0 0 0 1 14 8 2 0 2 0 1 0 0 0 0 0 1 3 2 0 0 0 12 178 540 727 462 52 55 2 2 3 1 4 0 0 0 0 0 0 0 0 0 0 0 0 0 0 0 0 0 0 23 5 14 1 0 0 0 0 42 43 0 2 22 113 0 0 0 0 0 0 7 3 223 22 116 29 23 7 3 2 0 0 0 3 2 4 3 4 0 17 62 343 449 455 924 1481 1088 411 608 345 788 522 391 1 0 0 0 0 0 0 0 0 0 0 0 0 0 0 0 0 0
3 6 3 25 15 8 10 5 2 0 3 9 3 0 0 0 0 0 0 0 0 0 1 0 0 0 0 0 0 0 2 0 0 6 0 0 1 1 0 0 0 0 0 0 0 3 8 3 8 2 26 248 244 11 23 22 5 0 2 0 8 0 0 0 0 0 0 0 0 0 0 0 0 0 0 0 0 2 1 1 3 4 0 0 0 2 50 71 105 2 6 253 193 41 6 0 0 0 0 23 44 2 48 202 26 0 2 1 15 3 0 0 1 1 12 8 5 27 25 31 233 898 599 572 360 932 896 1718 234 337 147 113 0 0 0 0 0 0 0 0 0 0 0 0 0 0 0 0 0 0
0 2 27 1 5 1 42 124 15 13 8 0 11 1 0 0 0 0 2 0 0 1 6 1 0 0 0 0 1 0 0 0 0 0 0 0 0 1 0 0 3 0 0 0 0 0 1 0 4 2 1 32 101 35 18 0 0 63 86 2 0 0 0 0 0 0 0 0 0 0 0 0 0 0 0 0 0 0 0 0 0 4 18 33 7 10 0 0 35 51 138 221 222 5 4 2 0 1 62 30 81 555 311 562 425 33 16 8 5 4 0 0 5 2 4 0 32 76 28 468 343 826 2313 2333 1060 309 1954 2939 1600 0 1 0 0 0 0 0 0 0 0 0 0 0 0 0 0 0 0 0 0 0
4 7 27 0 7 9 4 17 12 12 1 9 0 1 0 0 0 0 0 0 1 0 2 2 0 0 0 0 9 0 1 0 2 0 0 4 0 0 0 0 3 0 0 0 0 3 0 0 6 2 0 11 63 4 22 0 0 14 167 14 0 0 0 0 0 0 0 0 0 0 0 0 0 0 0 0 0 0 0 0 1 10 15 0 1 3 7 11 12 27 60 89 162 6 53 16 2 0 0 12 265 442 566 470 370 22 0 6 1 7 6 0 0 0 6 3 8 510 425 981 752 9 9 314 189 168 498 1074 417 9 69 7 0 0 0 0 0 0 0 0 0 0 0 0 0 0 0 0 0 0
4 10 188 0 61 97 51 4 1 15 2 0 1 2 0 1 0 0 0 0 2 1 0 0 0 0 0 0 0 0 0 0 0 0 0 0 0 0 0 0 0 8 1 0 3 0 0 0 2 2 0 14 18 0 0 4 0 1 4 19 5 0 0 0 0 0 0 0 0 0 0 0 0 0 0 0 0 0 0 5 40 87 0 0 59 2 67 4 0 1 1 6 5 2 0 0 0 0 0 16 5 101 1231 474 170 271 8 9 15 1 220 0 0 0 0 19 242 546 159 45 0 0 0 0 88 478 121 1029 622 51 11 7 0 0 0 0 0 0 0 0 1 0 0 0 0 0 0 0 0 0
5 68 131 195 506 722 231 31 17 0 0 0 0 0 1 1 0 0 0 0 0 12 0 0 0 0 0 0 0 0 0 0 0 0 0 0 0 0 0 0 0 1 1 13 10 8 0 15 3 1 0 33 12 0 0 0 2 3 31 1 1 2 0 0 0 0 0 0 0 0 0 0 0 0 0 0 0 0 11 23 15 0 0 0 38 11 9 255 82 0 0 0 0 0 0 0 0 0 0 0 0 269 602 253 155 143 15 0 1 13 2 2 0 0 4 67 206 19 10 76 0 0 0 0 15 618 294 427 235 13 9 2 0 0 0 0 0 0 0 0 0 0 0 0 0 0 0 0 0 0
3 120 429 1330 649 455 262 24 0 0 0 22 10 0 0 0 0 3 1 1 0 3 0 0 4 0 1 1 1 1 0 0 0 0 1 0 0 0 0 1 0 1 0 10 6 0 0 14 28 1 0 0 37 0 2 0 2 3 0 0 0 3 0 0 0 0 0 0 0 0 0 0 0 0 0 0 0 20 0 0 0 0 0 0 0 0 49 45 1 0 0 0 0 0 0 0 0 0 0 0 12 49 22 16 89 121 0 0 1 1 4 13 5 20 12 0 6 0 3 30 64 114 4 1 23 163 75 201 47 4 0 0 0 0 0 0 0 0 0 0 0 0 0 0 0 0 0 0 0 0
2 9 299 142 218 187 106 17 3 0 1 3 1 0 0 0 0 0 2 7 0 4 0 0 1 0 0 0 2 1 1 0 0 0 1 0 2 0 0 0 2 2 0 0 1 4 0 0 5 5 0 0 0 0 0 0 0 0 0 0 0 0 0 0 0 0 0 0 0 0 0 0 0 0 0 0 3 2 0 0 0 0 0 0 0 0 102 30 5 24 42 1 0 0 10 17 0 0 1 479 1019 250 300 191 2 164 65 0 4 2 1 13 5 0 0 0 0 0 14 78 177 45 196 333 48 17 2 3 0 2 0 0 0 0 0 0 0 0 0 0 0 0 0 0 0 0 0 0 0 0
12 32 50 91 49 31 1 3 3 0 27 1 0 0 0 0 0 0 0 0 5 89 0 1 0 0 0 1 0 0 0 0 0 0 0 0 0 1 0 0 9 0 0 3 1 18 14 0 0 0 0 0 0 0 0 15 2 0 0 0 0 0 0 0 0 0 0 0 0 0 0 0 0 0 0 0 8 15 0 0 0 0 0 0 0 0 22 0 0 37 32 0 0 0 76 128 151 8 271 2066 435 772 170 39 1 28 86 207 0 12 9 0 0 0 0 0 0 6 39 34 123 27 10 48 6 37 20 13 104 47 8 0 0 0 0 0 1 0 0 0 0 0 0 0 0 0 0 0 0 0
34 14 23 14 1 0 0 4 0 0 0 0 0 0 0 0 0 0 3 1 3 13 5 0 0 0 0 0 0 0 2 0 0 4 12 0 0 0 0 0 0 0 0 0 2 16 0 3 0 0 2 0 1 2 144 15 5 0 0 0 0 0 0 0 0 0 0 0 0 0 0 0 0 0 19 11 0 0 0 0 0 0 0 0 0 0 10 3 0 0 135 10 10 12 156 705 82 19 126 141 11 3 60 12 3 4 0 213 755 120 0 0 0 0 0 0 0 0 0 0 33 0 0 0 6 111 41 60 375 89 26 0 0 0 0 0 0 0 0 0 0 0 0 0 0 0 0 0 0 0
28 3 8 0 0 0 9 0 0 0 0 0 0 0 0 0 0 0 0 0 1 1 1 0 1 0 0 0 0 0 6 55 4 0 0 0 0 0 0 0 1 0 0 0 2 1 0 0 0 0 0 5 5 2 24 1 0 0 0 0 0 0 0 0 0 0 0 0 0 0 0 0 0 0 12 11 1 0 0 0 0 0 0 0 0 0 44 66 176 51 122 21 16 43 2 57 12 1 0 1 2 2 9 1 1 1 216 334 175 62 0 0 1 0 0 0 0 5 0 0 2 15 6 27 28 242 81 212 134 178 25 0 0 0 0 0 0 0 0 0 0 0 0 0 0 0 0 0 0 0
0 2 0 2 1 0 0 0 0 0 0 0 0 0 0 0 0 2 0 1 0 0 0 0 0 0 0 0 8 0 1 0 0 1 1 0 0 0 0 0 0 0 0 0 0 5 40 0 0 0 0 5 8 46 15 3 0 0 0 0 0 0 0 0 0 0 0 0 0 0 0 7 4 5 0 0 0 0 0 0 0 0 0 0 0 0 0 0 219 3 0 0 0 3 4 47 2 0 8 0 0 6 1 8 2 277 910 458 112 115 0 0 0 0 0 0 0 0 27 14 0 64 0 18 4 17 85 53 3 8 5 51 0 0 0 0 0 0 0 0 0 0 0 0 0 0 0 0 0 0
3 0 1 1 0 2 0 0 0 0 0 0 0 0 0 0 0 0 1 0 0 0 0 4 0 0 0 2 0 0 0 0 0 0 1 0 0 0 0 0 0 0 0 0 0 0 0 0 0 0 1 1 12 85 4 5 1 0 0 0 0 0 0 0 0 0 0 0 0 0 0 4 5 2 0 0 0 0 0 0 0 0 0 0 0 0 0 0 1 0 0 0 4 26 0 1 0 0 7 2 4 8 4 0 54 141 108 12 69 144 0 0 0 0 0 0 0 0 12 32 0 2 1 84 166 29 420 52 12 35 3 1 0 0 0 0 0 0 0 0 0 0 0 0 0 0 0 0 0 0
0 0 0 0 15 55 1 0 0 0 0 0 0 0 0 0 6 0 0 5 0 0 0 0 0 0 2 0 1 0 0 1 0 0 0 1 0 0 0 1 0 0 4 5 1 0 0 0 0 0 3 0 6 2 2 0 7 4 0 0 0 0 0 0 0 0 0 0 5 4 0 0 0 0 0 0 0 0 0 0 0 0 0 0 0 0 0 0 3 3 0 61 165 13 4 0 0 0 0 0 12 2 35 15 137 2 0 0 0 2 10 0 0 0 0 0 0 0 0 0 1 23 2 35 0 0 0 242 2 3 0 0 0 0 0 0 0 0 0 0 0 0 0 0 0 0 0 0 0 0
0 0 0 0 71 27 0 0 0 0 0 0 0 0 4 0 0 0 0 0 0 0 0 0 0 0 0 0 13 0 3 0 0 0 0 0 0 0 2 2 1 0 0 3 6 0 0 0 0 37 1 0 0 8 0 2 2 6 0 2 0 0 0 0 0 0 0 0 7 4 0 0 0 0 0 0 0 0 0 0 0 0 0 0 0 0 0 0 58 55 215 497 148 155 0 0 2 1 0 16 50 664 459 71 6 18 11 0 0 49 6 0 6 0 0 0 0 0 0 0 0 0 0 0 0 1 101 42 0 0 0 0 0 0 0 0 0 0 0 0 0 0 0 0 0 0 0 0 0 0
0 0 0 0 3 0 1 0 0 0 0 0 0 7 1 0 0 0 1 0 0 0 0 0 0 0 0 0 0 4 0 0 0 0 0 2 1 0 0 0 0 0 0 0 10 2 0 0 1 0 0 0 1 6 4 0 0 0 0 0 0 0 0 0 0 0 0 0 13 0 0 0 0 0 0 0 0 0 0 0 0 0 0 0 1 0 0 0 11 129 267 191 116 31 9 1 2 4 1 32 135 148 79 21 1 1 2 0 0 0 5 0 0 0 0 0 0 0 0 0 1 103 117 0 0 11 0 0 0 0 0 0 0 0 0 0 0 0 0 0 0 0 0 0 0 0 0 0 0 0
0 0 0 0 0 2 0 0 0 0 0 1 28 23 1 0 0 0 1 0 0 0 0 0 0 11 8 0 0 5 0 0 0 0 1 6 0 1 0 0 0 0 0 0 3 8 7 0 0 0 1 0 2 32 7 3 0 0 0 0 0 0 0 0 0 0 0 13 328 0 0 0 0 0 0 0 0 0 0 0 0 0 0 0 6 24 35 2 0 29 0 0 46 0 32 1 0 2 2 9 64 0 0 2 1 0 0 2 0 31 20 35 0 0 0 0 0 0 0 0 0 0 0 0 0 0 0 5 0 0 0 0 0 0 0 0 0 0 0 0 0 0 0 0 0 0 0 0 0 0
0 0 0 0 3 0 1 0 0 0 0 0 0 0 3 1 1 0 0 0 0 0 0 0 0 0 2 1 0 3 0 0 0 0 0 0 0 0 0 0 0 0 6 0 0 0 1 4 1 3 2 0 0 13 4 8 0 1 0 0 0 0 0 0 0 0 5 42 11 0 0 0 0 0 0 0 0 0 0 0 0 0 0 2 65 0 0 1 3 26 4 1 7 0 46 9 15 29 12 18 31 20 4 0 14 0 0 5 87 188 131 406 33 12 0 0 0 0 0 0 0 0 1 0 0 0 0 0 0 0 0 0 0 0 0 0 0 0 0 0 0 0 0 0 0 0 0 0 0 0
0 0 0 0 3 0 1 3 0 0 0 0 0 0 0 0 1 0 0 0 0 0 0 0 1 0 0 0 0 1 0 0 0 4 0 0 0 0 1 1 0 0 0 0 0 2 1 3 14 1 0 0 0 0 1 88 104 1 1 1 0 0 0 0 1 6 65 101 5 0 1 0 0 0 0 0 0 0 0 0 0 0 0 24 75 0 3 9 14 10 4 3 2 0 1 49 50 47 28 2 1 1 9 6 8 0 19 4 31 24 274 40 79 3 0 0 0 0 0 0 0 0 0 0 0 0 0 0 0 0 0 0 0 0 0 0 0 0 0 0 0 0 0 0 0 0 0 0 0 0
0 1 0 1 0 0 0 0 0 0 0 0 0 0 0 1 0 0 0 0 0 0 0 0 0 0 0 0 2 1 0 0 0 0 17 0 1 0 0 0 0 0 2 0 0 1 6 15 109 3 3 0 0 3 6 2 14 13 54 5 13 1 3 7 7 3 0 0 0 2 0 0 0 0 0 0 0 0 0 0 0 0 0 0 0 0 0 12 2 4 10 0 4 0 35 147 7 0 0 0 0 0 0 0 47 71 713 1040 523 127 27 0 2 7 0 0 0 0 0 0 0 0 0 0 0 0 0 0 0 0 0 0 0 0 0 0 0 0 0 0 0 0 0 0 0 0 0 0 0 0
0 0 2 2 5 142 4 6 0 1 4 0 0 0 0 0 0 0 0 0 0 0 0 0 0 0 0 0 0 0 1 0 0 0 0 0 0 1 10 0 1 1 0 0 4 5 36 23 0 4 0 0 14 0 33 9 0 0 0 3 0 0 0 1 0 0 0 7 0 17 1 24 0 0 1 0 0 0 0 0 0 0 0 0 0 0 0 0 0 3 6 13 0 0 122 12 1 0 0 0 0 7 0 10 64 91 350 503 187 272 184 206 56 0 0 0 0 0 0 0 0 0 0 0 0 0 0 0 0 0 0 0 0 0 0 0 0 0 0 0 0 0 0 0 0 0 0 0 0 0
0 0 2 0 19 80 2 0 0 2 2 0 0 0 0 0 0 0 0 0 0 0 0 0 0 0 0 0 0 1 0 0 0 0 0 0 0 0 1 0 2 2 5 0 1 0 8 8 5 2 8 0 1 2 4 1 1 3 4 0 0 0 2 2 0 1 3 1 4 0 0 0 3 1 0 0 0 0 0 0 0 0 0 0 0 1 0 0 0 0 0 5 8 26 4 34 240 0 0 0 0 0 0 48 154 347 2 0 4 93 0 2 9 0 0 0 0 0 0 0 0 0 0 0 0 0 0 0 0 0 0 0 0 0 0 0 0 0 0 0 0 0 0 0 0 0 0 0 0 0
1 0 0 2 0 0 1 0 10 1 5 0 0 0 0 0 0 0 0 1 0 0 0 0 0 0 0 0 0 0 0 3 1 5 0 0 0 0 0 0 0 0 0 1 0 0 5 2 4 8 0 1 2 0 0 0 0 0 8 2 1 5 0 0 0 2 0 0 0 0 5 9 9 0 0 0 0 0 0 0 0 0 0 0 0 0 0 0 3 0 0 16 41 19 47 322 387 0 0 0 0 0 0 15 36 0 0 0 0 0 33 130 0 0 0 0 0 0 0 0 0 0 0 0 0 0 0 0 0 0 0 0 0 0 0 0 0 0 0 0 0 0 3 2 0 0 0 0 0 0
0 0 2 0 0 0 0 0 0 7 0 0 8 0 15 1 0 0 0 0 0 0 0 0 0 0 0 0 0 0 0 0 0 1 0 0 0 0 0 0 0 1 0 0 0 3 0 0 0 0 9 6 3 2 6 0 0 1 7 1 2 0 0 0 0 0 0 0 0 0 4 3 1 1 0 0 0 0 0 0 0 0 0 0 0 0 0 0 33 12 3 13 234 189 105 0 2 0 0 0 0 0 5 0 1 0 0 3 0 133 98 4 0 0 0 0 0 0 0 0 0 0 0 0 0 0 0 0 0 0 0 0 0 0 0 0 0 0 0 0 0 0 0 0 0 0 0 0 0 0
0 0 0 0 2 0 0 0 0 0 0 1 0 3 1 0 0 0 0 0 0 0 0 0 0 0 0 0 0 0 0 0 0 0 0 0 0 0 0 0 0 0 0 0 0 0 0 0 0 0 6 5 4 0 0 0 2 0 0 1 4 0 0 0 0 0 0 0 0 0 0 0 0 0 0 0 0 0 0 0 0 0 0 0 0 0 0 0 0 0 28 60 747 0 1 15 5 0 0 0 0 0 0 2 5 0 0 2 37 37 43 5 0 0 0 0 0 0 0 0 0 0 0 0 0 0 0 0 0 1 0 0 0 0 0 0 0 0 0 0 0 0 0 0 0 0 0 0 0 0
0 0 0 0 0 0 0 0 0 0 0 0 1 0 0 1 0 0 0 0 0 0 1 1 1 0 0 0 0 0 0 0 0 0 0 0 1 0 0 0 0 0 0 0 0 0 0 0 0 0 6 17 4 0 0 2 0 0 0 7 7 1 0 0 0 0 0 0 0 0 1 74 26 0 0 0 0 0 0 0 0 0 0 0 0 0 0 0 0 1 10 17 0 4 1 0 0 0 0 0 0 0 0 0 0 0 0 0 0 0 0 0 0 0 0 0 0 0 0 0 0 0 0 0 0 0 0 0 0 0 0 0 0 0 0 0 0 0 0 0 0 0 0 0 0 0 0 0 0 0
4 0 0 0 0 0 0 0 0 0 0 0 0 0 0 0 0 0 0 0 0 5 4 46 0 0 0 0 0 0 0 0 0 0 0 0 0 0 0 0 0 0 0 0 0 0 0 0 0 0 0 24 7 0 0 0 0 0 0 0 0 11 14 0 0 0 0 0 0 0 0 15 6 0 4 0 0 0 0 0 0 0 0 0 0 0 0 0 0 9 0 30 8 16 25 2 1 0 0 0 0 0 0 0 0 0 0 0 0 0 0 0 0 0 0 0 0 0 0 0 0 0 0 0 0 0 0 0 0 0 0 0 0 0 0 0 0 0 0 0 0 0 0 0 0 0 0 0 0 0
0 0 0 0 0 0 0 0 0 0 0 0 0 0 0 0 0 0 0 0 0 0 1 8 4 0 0 0 1 0 0 0 0 0 0 0 0 0 0 0 0 0 0 0 0 0 0 0 0 0 0 15 32 1 2 4 1 0 0 0 0 31 87 0 0 0 0 0 0 0 0 0 3 6 28 0 0 0 0 0 0 0 0 0 0 0 0 0 0 1 13 0 2 17 26 6 0 0 0 0 0 0 0 0 0 0 0 0 0 0 0 0 0 0 0 0 0 0 0 0 0 0 0 0 0 0 0 0 0 0 0 0 0 0 0 0 0 0 0 0 0 0 0 0 0 0 0 0 0 0
0 0 0 0 0 0 0 0 0 0 0 0 3 2 0 0 0 2 0 0 0 0 1 0 1 2 0 1 0 0 0 0 0 0 0 0 0 0 0 0 0 0 0 0 0 0 0 0 0 2 5 38 183 2 7 0 0 0 0 0 0 20 0 0 0 0 0 0 0 0 0 0 0 1 0 0 0 0 0 1 0 0 0 0 0 0 0 0 0 0 0 2 10 5 3 0 0 0 1 0 0 0 0 0 0 0 0 0 0 0 0 0 0 0 0 0 0 0 0 0 0 0 0 0 0 0 0 0 0 0 0 0 0 0 0 0 0 0 0 0 0 0 0 0 0 0 0 0 0 0
0 0 0 0 0 0 0 1 3 0 0 0 5 3 3 6 1 6 2 0 0 1 0 0 1 0 0 0 0 0 0 0 0 0 0 0 0 0 0 0 0 0 0 0 0 0 0 0 0 7 1 28 153 1 36 1 0 0 0 0 0 11 2 0 0 0 0 0 0 0 0 0 0 0 0 0 0 0 0 0 0 0 0 0 0 0 0 1 0 0 0 1 4 6 6 1 3 8 0 12 0 0 0 0 0 0 0 0 0 0 0 0 0 0 0 0 0 0 0 0 0 0 0 0 0 0 0 0 0 0 0 0 0 0 0 0 0 0 0 0 0 0 0 0 0 0 0 0 0 0
0 0 0 0 0 0 0 0 0 5 0 1 0 2 1 0 3 1 0 0 0 0 0 5 0 1 0 0 0 0 0 0 0 0 0 2 0 5 0 0 0 0 0 0 0 0 0 6 0 1 2 18 26 0 0 1 0 0 0 2 8 8 0 1 0 0 0 0 0 0 0 0 0 0 0 0 0 0 0 0 0 0 0 0 0 0 0 1 0 0 0 0 0 0 0 3 16 2 1 0 0 0 0 0 0 0 0 0 0 0 0 0 0 0 0 0 0 0 0 0 0 0 0 0 0 0 0 0 0 0 0 0 0 0 0 0 0 0 0 0 0 0 0 0 0 1 0 0 0 0
0 0 0 0 0 0 0 0 0 0 6 3 0 0 0 0 0 3 0 0 0 1 0 7 2 0 0 0 0 0 0 0 1 1 24 2 0 1 0 0 0 0 0 0 0 0 5 11 0 0 0 0 0 0 0 0 0 0 0 1 3 0 0 0 0 0 0 0 0 0 0 0 0 0 0 0 0 0 0 0 0 0 0 0 0 0 0 0 0 0 0 0 0 0 0 1 13 50 0 0 0 0 0 0 0 0 0 0 0 0 0 0 0 0 0 0 0 0 0 0 0 0 0 0 0 0 0 0 0 0 0 0 0 0 0 0 0 0 0 0 0 0 0 0 2 8 0 0 0 0
1 0 0 0 0 0 0 0 0 0 1 0 0 0 0 0 0 2 0 0 1 3 0 0 0 3 0 0 0 0 0 3 0 0 0 0 0 0 0 0 0 0 0 0 0 0 20 0 0 0 0 0 0 0 0 0 0 0 0 0 0 0 0 0 0 0 0 0 0 0 0 0 0 0 0 0 0 0 0 0 0 0 0 0 0 0 0 0 0 0 0 0 0 0 0 0 5 1 0 1 7 0 0 0 0 0 0 0 0 0 0 0 0 0 0 0 0 0 0 0 0 0 0 0 0 0 0 0 0 0 0 0 0 0 0 0 0 0 0 0 0 0 0 0 0 0 0 0 0 0
0 0 0 0 1 0 0 0 0 0 0 2 0 0 0 0 0 0 0 0 0 0 0 0 0 0 0 0 0 0 0 0 0 0 0 0 0 0 0 0 0 0 0 0 1 0 0 0 0 0 0 0 0 0 0 0 0 0 0 0 9 0 0 0 0 0 0 0 0 0 0 2 0 0 0 0 0 0 0 0 0 0 0 0 0 0 0 0 0 0 0 0 0 0 3 0 1 0 0 0 0 0 0 0 0 0 0 0 0 0 0 0 0 0 0 0 0 0 0 0 0 0 0 0 0 0 0 0 0 0 0 0 0 0 0 0 0 0 0 0 0 0 0 0 0 0 0 0 0 0
0 0 0 0 0 0 0 0 0 2 6 0 10 0 0 2 0 0 0 0 0 0 0 0 0 0 0 0 0 0 0 0 0 0 0 0 0 0 0 0 0 0 0 0 1 0 0 0 0 0 0 0 0 0 0 0 0 0 0 0 1 0 0 0 0 0 0 0 0 0 1 0 0 0 0 0 0 0 0 0 0 0 0 0 0 0 0 0 0 0 0 0 0 0 1 0 10 0 0 0 0 0 0 0 0 0 0 0 0 0 0 0 0 0 0 0 0 0 0 0 0 0 0 0 0 0 0 0 0 0 0 0 0 0 0 0 0 0 0 0 0 0 0 0 0 0 0 0 0 0
1 0 0 0 0 1 0 0 0 0 0 0 5 3 3 33 5 2 0 0 0 0 0 0 0 0 0 0 0 0 0 0 0 0 0 0 2 0 0 0 0 0 0 3 0 0 0 0 0 0 0 0 0 0 0 0 0 0 0 3 2 0 0 0 0 0 0 0 73 0 0 0 0 0 0 0 0 0 0 0 0 0 0 0 0 0 0 0 0 0 0 0 0 0 0 0 3 11 1 8 0 0 0 0 0 0 0 0 0 0 0 0 0 0 0 0 0 0 0 0 0 0 0 0 0 0 0 0 0 0 0 0 0 0 0 0 0 0 0 0 0 0 0 0 0 0 0 0 0 0
1 0 0 0 0 0 0 0 1 1 0 0 12 0 0 1 1 14 1 0 0 0 0 0 0 0 0 0 0 0 0 0 0 0 0 0 47 21 2 0 0 0 0 0 0 0 0 0 0 0 0 0 0 0 0 0 0 0 0 0 15 12 1 0 0 0 0 2 163 107 1 0 0 0 0 0 0 0 0 0 0 0 0 0 0 0 0 0 0 0 0 0 0 0 0 0 1 0 0 0 0 0 0 0 0 0 0 0 0 0 0 0 0 0 0 0 0 0 0 0 0 0 0 0 0 0 0 0 0 0 0 0 0 0 0 0 0 0 0 0 0 0 0 0 0 0 0 0 0 0
1 1 0 1 0 0 0 0 0 0 0 5 66 11 0 4 25 1 4 14 0 0 0 26 0 8 0 0 0 0 0 1 0 0 4 3 19 2 7 4 0 0 8 0 0 0 0 0 0 0 0 0 0 0 0 0 0 0 0 0 0 0 2 1 172 49 9 0 0 0 0 0 0 0 0 0 0 0 0 0 0 0 0 0 0 0 0 0 0 0 0 0 0 0 0 0 0 0 0 0 0 0 0 0 0 0 0 0 0 0 0 0 0 0 0 0 0 0 0 0 0 0 0 0 0 0 0 0 0 0 0 0 0 0 0 0 0 0 0 0 0 0 0 0 0 0 0 0 0 0
12 55 7 0 0 0 0 0 0 0 1 1 7 0 0 0 5 2 0 5 29 130 42 12 3 0 0 0 0 1 1 0 0 2 0 2 26 0 0 3 1 3 0 0 0 0 0 0 0 0 0 0 0 0 0 0 0 0 0 0 0 0 0 0 1 1 0 0 0 0 0 0 0 0 0 0 0 0 0 0 0 0 0 0 0 0 0 0 0 0 0 0 0 0 0 0 0 0 0 0 0 0 0 0 0 0 0 0 0 0 0 0 0 0 0 0 0 0 0 0 0 0 0 0 0 0 0 0 0 0 0 0 0 0 0 0 0 0 0 0 0 0 0 0 0 0 0 0 0 0
34 26 10 1 2 3 0 0 0 0 0 0 3 0 0 2 8 3 0 3 0 195 32 2 9 5 1 0 8 12 8 0 0 0 0 0 0 2 0 0 5 11 0 0 0 0 0 0 0 0 0 0 0 0 0 0 0 0 0 0 0 0 0 0 4 0 0 0 0 0 0 0 0 0 0 0 0 0 0 0 0 0 0 0 0 0 0 0 0 3 0 0 0 0 0 0 0 0 0 0 0 0 0 0 0 0 0 0 0 0 0 0 0 0 0 0 0 0 0 0 0 0 0 0 0 0 0 0 0 0 0 0 0 0 0 0 0 0 0 0 0 0 0 0 0 0 0 0 0 0
0 0 0 0 2 0 0 0 0 0 0 3 1 0 0 0 1 2 1 6 0 7 4 8 3 21 15 8 12 0 0 0 0 0 0 0 0 0 0 0 0 3 0 0 0 0 0 0 0 0 0 0 0 0 0 0 0 0 0 0 0 0 0 0 0 0 0 0 0 0 0 0 0 0 0 0 0 0 0 0 0 0 0 0 0 0 0 0 0 0 0 0 0 0 0 0 0 0 0 0 0 0 0 0 0 0 0 0 0 0 0 0 0 0 0 0 0 0 0 0 0 0 0 0 0 0 0 0 0 0 0 0 0 0 0 0 0 0 0 0 0 0 0 0 0 0 0 0 0 0
0 0 0 0 0 0 0 0 0 0 0 0 0 1 0 0 0 1 1 10 0 0 0 3 7 17 14 22 19 1 0 1 2 15 7 2 0 1 0 0 0 0 0 0 0 0 0 0 0 0 0 0 0 0 0 0 0 0 0 0 0 0 0 0 0 0 0 0 0 0 0 0 0 0 0 0 0 0 0 0 0 0 0 0 0 0 0 0 0 0 0 0 0 0 0 0 0 0 0 0 0 0 0 0 0 0 0 0 0 0 0 0 0 0 0 0 0 0 0 0 0 0 0 0 0 0 0 0 0 0 0 0 0 0 0 0 0 0 0 0 0 0 0 0 0 0 0 0 0 0
0 0 0 0 0 0 0 0 0 0 0 0 0 0 0 0 0 0 0 0 0 0 0 0 1 0 0 6 251 105 1 2 1 39 6 0 4 0 0 0 0 0 0 0 0 0 0 0 0 0 0 0 0 0 0 0 0 0 0 0 0 0 0 0 0 0 0 0 0 0 0 0 0 0 0 0 0 0 0 0 0 0 0 0 0 0 0 0 0 0 0 0 0 0 0 0 0 0 0 0 0 0 0 0 0 0 0 0 0 0 0 0 0 0 0 0 0 0 0 0 0 0 0 0 0 0 0 0 0 0 0 0 0 0 0 0 0 0 0 0 0 0 0 0 0 0 0 0 0 0
0 0 0 0 0 0 0 0 0 0 0 0 0 0 0 0 0 0 0 4 0 0 0 0 0 4 9 7 0 9 14 1 5 5 0 0 6 0 0 0 0 0 0 0 0 0 0 0 0 0 0 0 0 0 0 0 0 0 0 0 0 0 0 0 0 0 0 0 0 0 0 0 0 0 0 0 0 0 0 0 0 0 0 0 0 0 0 0 0 0 0 0 0 0 0 0 0 0 0 0 0 0 0 0 0 0 0 0 0 0 0 0 0 0 0 0 0 0 0 0 0 0 0 0 0 0 0 0 0 0 0 0 0 0 0 0 0 0 0 0 0 0 0 0 0 0 0 0 0 0
0 0 0 0 0 0 0 0 0 0 0 0 1 0 0 0 0 0 0 0 0 0 0 0 6 5 6 0 0 0 14 0 0 0 0 1 2 5 0 0 0 0 0 0 0 0 0 0 0 0 0 0 0 0 0 0 0 0 0 0 0 0 0 0 0 0 0 0 0 0 0 0 0 0 0 0 0 0 0 0 0 0 0 0 0 0 0 0 0 0 0 0 0 0 0 0 0 0 0 0 0 0 0 0 0 0 0 0 0 0 0 0 0 0 0 0 0 0 0 0 0 0 0 0 0 0 0 0 0 0 0 0 0 0 0 0 0 0 0 0 0 0 0 0 0 0 0 0 0 0
0 0 0 0 0 0 0 0 0 0 0 2 7 10 0 0 0 0 0 0 0 0 0 0 0 0 0 0 0 0 0 0 15 1 0 0 10 0 0 0 0 0 0 0 0 0 0 0 0 0 0 0 0 0 0 0 0 0 0 0 0 0 0 0 0 0 0 0 0 0 0 0 0 0 0 0 0 0 0 0 0 0 0 0 0 0 0 0 0 0 0 0 0 0 0 0 0 0 0 0 0 0 0 0 0 0 0 0 0 0 0 0 0 0 0 0 0 0 0 0 0 0 0 0 0 0 0 0 0 0 0 0 0 0 0 0 0 0 0 0 0 0 0 0 0 0 0 0 0 0
0 0 0 0 0 0 0 0 0 0 1 7 1 1 0 0 0 0 0 0 0 0 0 0 0 0 0 14 5 2 18 0 0 0 1 0 0 0 0 0 0 0 0 0 0 0 0 0 0 0 0 0 0 0 0 0 0 0 0 0 0 0 0 0 0 0 0 0 0 0 0 0 0 0 0 0 0 0 0 0 0 0 0 0 0 0 0 0 0 0 0 0 0 0 0 0 0 0 0 0 0 0 0 0 0 0 0 0 0 0 0 0 0 0 0 0 0 0 0 0 0 0 0 0 0 0 0 0 0 0 0 0 0 0 0 0 0 0 0 0 0 0 0 0 0 0 0 0 0 0
0 0 0 0 0 0 0 0 0 0 0 0 0 0 0 0 0 0 0 0 0 0 0 0 0 0 0 5 11 0 0 0 1 4 0 0 0 0 0 0 0 0 0 0 0 0 0 0 0 0 0 0 0 0 0 0 0 0 0 0 0 0 0 0 0 0 0 0 0 0 0 0 0 0 0 0 0 0 0 0 0 0 0 0 0 0 0 0 0 0 0 0 0 0 0 0 0 0 0 0 0 0 0 0 0 0 0 0 0 0 0 0 0 0 0 0 0 0 0 0 0 0 0 0 0 0 0 0 0 0 0 0 0 0 0 0 0 0 0 0 0 0 0 0 0 0 0 0 0 0
0 0 0 0 0 0 0 0 0 0 0 2 0 0 0 0 0 0 0 0 0 0 0 0 0 0 0 0 0 0 0 0 4 0 0 0 0 0 0 0 0 0 0 0 0 0 0 0 0 0 0 0 0 0 0 0 0 0 0 0 0 0 0 0 0 0 0 0 0 0 0 0 0 0 0 0 0 0 0 0 0 0 0 0 0 0 0 0 0 0 0 0 0 0 0 0 0 0 0 0 0 0 0 0 0 0 0 0 0 0 0 0 0 0 0 0 0 0 0 0 0 0 0 0 0 0 0 0 0 0 0 0 0 0 0 0 0 0 0 0 0 0 0 0 0 0 0 0 0 0
0 0 0 0 0 0 0 0 1 2 2 0 0 0 0 0 0 0 0 0 0 0 0 0 0 0 0 0 0 0 0 0 0 0 0 0 0 0 0 0 0 0 0 0 0 0 0 0 0 0 0 0 0 0 0 0 0 0 0 0 0 0 0 0 0 0 0 0 0 0 0 0 0 0 0 0 0 0 0 0 0 0 0 0 0 0 0 0 0 0 0 0 0 0 0 0 0 0 0 0 0 0 0 0 0 0 0 0 0 0 0 0 0 0 0 0 0 0 0 0 0 0 0 0 0 0 0 0 0 0 0 0 0 0 0 0 0 0 0 0 0 0 0 0 0 0 0 0 0 0
0 0 0 0 0 0 0 0 0 0 3 0 0 0 0 0 0 0 0 0 0 0 0 0 0 0 0 0 0 0 0 0 0 0 0 0 0 0 0 0 0 0 0 0 0 0 0 0 0 0 0 5 0 0 0 0 0 0 0 0 0 0 0 0 0 0 0 0 0 0 0 0 0 0 0 0 0 0 0 0 0 0 0 0 0 0 0 0 0 0 0 0 0 0 0 0 0 0 0 0 0 0 0 0 0 0 0 0 0 0 0 0 0 0 0 0 0 0 0 0 0 0 0 0 0 0 0 0 0 0 0 0 0 0 0 0 0 0 0 0 0 0 0 0 0 0 0 0 0 0
0 0 0 0 0 0 0 0 8 10 0 0 0 0 0 0 0 0 0 0 0 0 0 0 0 0 0 0 0 0 0 0 0 0 0 0 0 0 0 0 0 0 0 0 0 0 0 0 3 2 1 1 0 0 0 0 0 0 0 0 0 0 0 0 0 0 0 0 0 0 0 0 0 0 0 0 0 0 0 0 0 0 0 0 0 0 0 0 0 0 0 0 0 0 0 0 0 0 0 0 0 0 0 0 0 0 0 0 0 0 0 0 0 0 0 0 0 0 0 0 0 0 0 0 0 0 0 0 0 0 0 0 0 0 0 0 0 0 0 0 0 0 0 0 0 0 0 0 0 0
0 0 0 0 0 3 16 12 2 3 0 0 0 0 0 0 0 0 0 0 0 0 0 0 0 0 0 0 0 0 0 0 0 0 0 0 0 0 0 0 0 0 0 0 0 0 0 0 0 37 53 0 0 0 1 0 0 0 0 0 0 0 0 0 0 0 0 0 0 0 0 0 0 0 0 0 0 0 0 0 0 0 0 0 0 0 0 0 0 0 0 0 0 0 0 0 0 0 0 0 0 0 0 0 0 0 0 0 0 0 0 0 0 0 0 0 0 0 0 0 0 0 0 0 0 0 0 0 0 0 0 0 0 0 0 0 0 0 0 0 0 0 0 0 0 0 0 0 0 0
2 0 0 0 0 0 6 22 0 0 0 0 0 0 0 0 0 0 0 0 0 0 0 0 0 0 0 0 0 0 0 0 0 0 0 0 0 0 0 0 0 0 0 0 0 0 0 0 0 1 0 0 0 0 0 0 0 0 0 0 0 0 0 0 0 0 0 0 0 0 0 0 0 0 0 0 0 0 0 0 0 0 0 0 0 0 0 0 0 0 0 0 0 0 0 0 0 0 0 0 0 0 0 0 0 0 0 0 0 0 0 0 0 0 0 0 0 0 0 0 0 0 0 0 0 0 0 0 0 0 0 0 0 0 0 0 0 0 0 0 0 0 0 0 0 0 0 0 0 0
0 0 0 0 0 0 0 0 0 0 0 0 0 0 0 0 0 0 0 0 0 0 0 0 0 0 0 0 0 0 0 0 0 0 0 0 0 0 0 0 0 0 0 0 0 0 0 0 0 0 0 0 1 17 0 0 0 0 0 0 0 0 0 0 0 0 0 0 0 0 0 0 0 0 0 0 0 0 0 0 0 0 0 0 0 0 0 0 0 0 0 0 0 0 0 0 0 0 0 0 0 0 0 0 0 0 0 0 0 0 0 0 0 0 0 0 0 0 0 0 0 0 0 0 0 0 0 0 0 0 0 0 0 0 0 0 0 0 0 0 0 0 0 0 0 0 0 0 0 0
0 0 0 0 0 0 0 0 0 0 0 0 0 0 0 0 0 0 0 0 0 0 0 0 0 0 0 0 0 0 0 0 0 0 0 0 0 0 0 0 0 0 0 0 0 0 0 0 0 0 0 0 0 0 0 0 0 0 0 0 0 0 0 0 0 0 0 0 0 0 0 2 0 0 0 0 0 0 0 0 0 0 0 0 0 0 0 0 0 0 0 0 0 0 0 0 0 0 0 0 0 0 0 0 0 0 0 0 0 0 0 0 0 0 0 0 0 0 0 0 0 0 0 0 0 0 0 0 0 0 0 0 0 0 0 0 0 0 0 0 0 0 0 0 0 0 0 0 0 0
0 0 0 0 0 0 0 0 0 0 0 0 0 0 0 0 0 0 0 0 0 0 0 0 0 0 0 0 0 0 0 0 0 0 0 0 0 1 0 0 0 0 0 0 0 0 0 0 0 0 0 4 1 0 0 0 0 0 0 0 0 0 0 0 0 0 0 0 0 0 0 0 0 0 0 0 0 0 0 0 0 0 0 0 0 0 0 0 0 0 0 0 0 0 0 0 0 0 0 0 0 0 0 0 0 0 0 0 0 0 0 0 0 0 0 0 0 0 0 0 0 0 0 0 0 0 0 0 0 0 0 0 0 0 0 0 0 0 0 0 0 0 0 0 0 0 0 0 0 0
0 0 0 0 0 0 0 0 0 0 0 0 0 0 0 0 0 0 0 0 0 0 0 0 0 0 0 0 0 0 0 0 2 0 0 0 0 0 0 0 0 0 0 0 0 0 0 0 0 0 0 0 14 0 0 0 0 0 0 0 0 0 0 0 0 0 0 0 0 0 0 0 0 0 0 0 0 0 0 0 0 0 0 0 0 0 0 0 0 0 0 0 0 0 0 0 0 0 0 0 0 0 0 0 0 0 0 0 0 0 0 0 0 0 0 0 0 0 0 0 0 0 0 0 0 0 0 0 0 0 0 0 0 0 0 0 0 0 0 0 0 0 0 0 0 0 0 0 0 0
0 0 0 0 0 0 0 0 0 0 0 0 0 0 0 0 0 0 0 0 0 0 0 0 0 0 0 0 0 1 2 0 0 0 1 0 0 0 0 0 0 0 0 0 0 0 0 0 0 0 0 0 0 3 0 0 0 0 0 0 0 0 0 0 0 0 0 0 0 0 0 0 0 0 0 0 0 0 0 0 0 0 0 0 0 0 0 0 0 0 0 0 0 0 0 0 0 0 0 0 0 0 0 0 0 0 0 0 0 0 0 0 0 0 0 0 0 0 0 0 0 0 0 0 0 0 0 0 0 0 0 0 0 0 0 0 0 0 0 0 0 0 0 0 0 0 0 0 0 0
0 0 0 0 0 0 0 0 0 0 0 0 0 0 0 0 0 0 0 0 0 0 0 0 0 0 0 0 0 0 1 10 4 0 0 0 0 0 0 0 0 0 0 0 0 0 0 0 0 0 0 1 0 0 0 0 0 0 0 0 0 0 0 0 0 0 0 0 0 0 0 0 0 0 0 0 0 0 0 0 0 0 0 0 0 0 0 0 0 0 0 0 0 0 0 0 0 0 0 0 0 0 0 0 0 0 0 0 0 0 0 0 0 0 0 0 0 0 0 0 0 0 0 0 0 0 0 0 0 0 0 0 0 0 0 0 0 0 0 0 0 0 0 0 0 0 0 0 0 0
0 0 0 0 0 0 0 0 0 0 0 0 0 0 0 0 0 0 0 0 0 0 0 0 0 0 0 0 0 0 3 14 0 0 0 0 2 0 0 0 0 0 0 0 0 0 0 0 0 0 0 0 0 0 0 0 0 0 0 0 0 0 0 0 0 0 0 0 0 0 0 0 0 0 0 0 0 0 0 0 0 0 0 0 0 0 0 0 0 0 0 0 0 0 0 0 0 0 0 0 0 0 0 0 0 0 0 0 0 0 0 0 0 0 0 0 0 0 0 0 0 0 0 0 0 0 0 0 0 0 0 0 0 0 0 0 0 0 0 0 0 0 0 0 0 0 0 0 0 0
0 0 0 0 0 0 0 0 0 0 0 0 0 0 0 0 0 0 0 0 0 0 0 0 0 0 1 0 0 6 0 0 0 0 0 0 1 0 0 0 0 0 0 0 0 0 0 0 0 0 0 0 0 0 0 0 0 0 0 0 0 0 0 0 0 0 0 0 0 0 0 0 0 0 0 0 0 0 0 0 0 0 0 0 0 0 0 0 0 0 0 0 0 0 0 0 0 0 0 0 0 0 0 0 0 0 0 0 0 0 0 0 0 0 0 0 0 0 0 0 0 0 0 0 0 0 0 0 0 0 0 0 0 0 0 0 0 0 0 0 0 0 0 0 0 0 0 0 0 0
0 0 0 0 0 0 0 0 0 0 0 0 0 0 0 0 0 0 0 0 0 0 0 0 0 0 0 0 0 73 18 0 0 0 0 0 0 0 0 0 0 0 0 0 0 0 0 0 0 0 2 0 0 0 0 0 0 0 0 0 0 0 0 0 0 0 0 0 0 0 0 0 0 0 0 0 0 0 0 0 0 0 0 0 0 0 0 0 0 0 0 0 0 0 0 0 0 0 0 0 0 0 0 0 0 0 0 0 0 0 0 0 0 0 0 0 0 0 0 0 0 0 0 0 0 0 0 0 0 0 0 0 0 0 0 0 0 0 0 0 0 0 0 0 0 0 0 0 0 0
0 0 0 0 0 0 0 0 0 0 0 0 0 0 0 0 0 0 0 0 0 0 0 0 0 0 7 0 0 0 0 0 0 0 0 0 0 0 0 0 0 0 0 0 0 0 0 0 0 70 0 0 0 0 0 0 0 0 0 0 0 0 0 0 0 0 0 0 0 0 0 0 0 0 0 0 0 0 0 0 0 0 0 0 0 0 0 0 0 0 0 0 0 0 0 0 0 0 0 0 0 0 0 0 0 0 0 0 0 0 0 0 0 0 0 0 0 0 0 0 0 0 0 0 0 0 0 0 0 0 0 0 0 0 0 0 0 0 0 0 0 0 0 0 0 0 0 0 0 0
0 0 0 0 0 0 0 0 0 0 0 0 0 0 0 0 0 0 0 0 0 0 0 0 0 0 22 0 0 0 0 0 0 0 0 0 0 0 0 0 0 0 0 0 0 0 0 0 0 0 0 0 0 0 0 0 0 0 0 0 0 0 0 0 0 0 0 0 0 0 0 0 0 0 0 0 0 0 0 0 0 0 0 0 0 0 0 0 0 0 0 0 0 0 0 0 0 0 0 0 0 0 0 0 0 0 0 0 0 0 0 0 0 0 0 0 0 0 0 0 0 0 0 0 0 0 0 0 0 0 0 0 0 0 0 0 0 0 0 0 0 0 0 0 0 0 0 0 0 0
0 0 0 0 0 0 0 0 0 0 0 0 0 0 0 0 0 0 0 0 0 0 0 0 0 0 0 1 8 0 0 0 0 0 0 0 0 0 0 0 0 0 0 0 0 0 0 0 0 0 0 0 0 0 0 0 0 0 0 0 0 0 0 0 0 0 0 0 0 0 0 0 0 0 0 0 0 0 0 0 0 0 0 0 0 0 0 0 0 0 0 0 0 0 0 0 0 0 0 0 0 0 0 0 0 0 0 0 0 0 0 0 0 0 0 0 0 0 0 0 0 0 0 0 0 0 0 0 0 0 0 0 0 0 0 0 0 0 0 0 0 0 0 0 0 0 0 0 0 0
0 0 0 0 0 0 0 0 0 0 0 0 0 0 0 0 0 0 0 0 0 0 0 0 0 0 0 0 0 0 0 0 0 0 0 0 0 0 0 0 0 0 0 0 0 0 0 0 0 0 0 0 0 0 0 0 0 0 0 0 0 0 0 0 0 0 0 0 0 0 0 0 0 0 0 0 0 0 0 0 0 0 0 0 0 0 0 0 0 0 0 0 0 0 0 0 0 0 0 0 0 0 0 0 0 0 0 0 0 0 0 0 0 0 0 0 0 0 0 0 0 0 0 0 0 0 0 0 0 0 0 0 0 0 0 0 0 0 0 0 0 0 0 0 0 0 0 1 0 0
0 0 0 0 0 0 0 0 0 0 0 0 0 0 0 0 0 0 0 0 0 0 0 0 0 0 0 0 0 0 0 0 0 0 0 0 0 0 0 0 0 0 0 0 0 0 0 0 0 0 0 0 0 0 0 0 0 0 0 0 0 0 0 0 0 0 0 0 0 0 0 0 0 0 0 0 0 0 0 0 0 0 0 0 0 0 0 0 0 0 0 0 0 0 0 0 0 0 0 0 0 0 0 0 0 0 0 0 0 0 0 0 0 0 0 0 0 0 0 0 0 0 0 0 0 0 0 0 0 0 0 0 0 0 0 0 0 0 0 0 0 0 0 0 0 0 0 0 0 0
0 0 0 0 0 0 0 0 0 0 0 0 0 0 0 0 0 0 0 0 0 0 0 0 0 0 0 0 0 0 0 0 0 0 0 0 0 0 0 0 0 0 0 0 0 0 0 0 0 0 0 0 0 0 0 0 0 0 0 0 0 0 0 0 0 0 0 0 0 0 0 0 0 0 0 0 0 0 0 0 0 0 0 0 0 0 0 0 0 0 0 0 0 0 0 0 0 0 0 0 0 0 0 0 0 0 0 0 0 0 0 0 0 0 0 0 0 0 0 0 0 0 0 0 0 0 0 0 0 0 0 0 0 0 0 0 0 0 0 0 0 0 0 0 0 0 0 0 0 0
0 0 0 0 0 0 0 0 0 0 0 0 0 0 0 0 0 0 0 0 0 0 0 0 0 0 0 0 0 0 0 0 0 0 0 0 0 0 0 0 0 0 0 0 0 0 0 0 0 0 0 0 0 0 0 0 0 0 0 0 0 0 0 0 0 0 0 0 0 0 0 0 0 0 0 0 0 0 0 0 0 0 0 0 0 0 0 0 0 0 0 0 0 0 0 0 0 0 0 0 0 0 0 0 0 0 0 0 0 0 0 0 0 0 0 0 0 0 0 0 0 0 0 0 0 0 0 0 0 0 0 0 0 1 0 0 0 0 0 0 0 0 0 0 0 1 0 0 0 0
0 0 0 0 0 0 0 0 0 0 0 0 0 0 0 0 0 0 0 0 0 0 0 0 0 0 0 0 0 0 0 0 0 0 0 0 0 0 0 0 0 0 0 0 0 0 0 0 0 0 0 0 0 0 0 0 0 0 0 0 0 0 0 0 0 0 0 0 0 0 0 0 0 0 0 0 0 0 0 0 0 0 0 0 0 0 0 0 0 0 0 0 0 0 0 0 0 0 0 0 0 0 0 0 0 0 0 0 0 0 0 0 0 0 0 0 0 0 0 0 0 0 0 0 0 0 0 0 0 0 0 0 0 0 0 0 0 0 0 0 0 0 0 0 0 0 0 0 0 0
