0 0 14 7 1 0 3 0 9 78 11 11 0 2 0 0 0 1 4 0 1 0 0 0 0 15 0 0 1 0 0 0 1 4 2 14 0 0 2 17 0 0 0 0 1 0 0 0 0 0 0 0 0 0 1 2 0 0 0 11 43 20 13 2 0 3 1 0 0 0 0 1 14 146 254 452 120 31 69 4 22 213 51 69 86 217 269 268 57 301 1264 757 80 754 471 725 1033 625 1139 157 183 113 16 19 32 55 40 671 267 25 13 2 20 155 50 29 32 6 4 1 21 39 13 14 2 5 0 3 13 7 2 15 2 1 4 0 0 7 0 0 3 0 0 0 0 0 0 0 0 15
0 2 5 5 0 0 0 0 0 24 13 11 24 1 0 0 0 0 19 0 0 4 24 0 19 17 0 1 0 0 0 0 0 0 0 1 0 0 5 3 0 0 0 0 0 0 0 0 0 0 0 0 0 0 6 0 0 0 0 30 146 25 2 1 0 2 0 1 2 0 0 1 44 44 13 20 75 56 8 32 118 67 7 2 164 280 357 157 337 406 99 21 325 420 203 278 549 598 972 657 320 100 43 16 12 7 0 71 35 16 3 7 4 12 49 25 6 4 1 10 28 18 21 16 8 1 3 4 14 33 25 10 60 111 0 0 0 0 0 81 6 0 0 0 0 0 0 0 0 0
0 0 0 1 5 0 0 0 2 17 3 45 14 2 0 0 0 1 2 3 5 20 77 31 6 0 11 12 0 0 0 0 0 0 0 2 11 6 0 27 1 0 0 2 0 0 0 0 0 0 0 0 0 0 11 0 0 0 1 6 14 8 3 2 0 0 0 0 0 0 0 1 2 0 0 0 0 71 146 207 107 31 1 17 39 255 639 259 7 7 106 41 111 478 658 821 307 508 236 590 653 375 42 75 11 18 6 18 279 197 25 11 6 4 8 4 5 24 14 33 99 14 5 5 7 4 2 2 0 32 6 6 86 123 0 0 3 0 4 30 2 0 0 0 0 0 0 0 0 0
36 33 0 0 0 0 0 0 0 3 3 1 0 0 2 9 0 0 6 5 0 1 15 5 82 0 4 10 6 0 1 0 0 0 0 1 0 0 0 0 3 0 0 0 0 0 0 0 0 0 4 0 0 0 157 12 1 17 30 7 0 1 12 4 0 0 0 0 0 1 1 177 23 0 1 6 11 45 180 141 104 40 141 184 179 11 58 217 5 218 1077 979 1642 652 1063 452 112 163 667 466 480 566 175 20 13 164 4 38 374 68 10 17 33 17 2 9 18 30 61 15 24 108 29 5 5 2 2 3 19 3 6 16 30 0 4 1 22 0 0 13 88 10 0 0 0 0 0 0 0 0
4 23 1 0 0 0 0 0 3 0 1 0 0 0 0 25 6 3 1 2 0 0 12 0 0 0 0 0 2 0 0 0 1 1 1 11 7 0 0 0 0 0 0 0 0 0 0 0 2 6 3 0 0 7 47 188 47 47 2 0 6 1 0 9 0 0 0 0 1 7 123 71 122 102 29 57 52 145 254 165 259 242 308 366 255 127 58 40 12 489 1637 595 635 1108 562 204 73 591 451 760 717 852 736 682 597 98 106 54 6 17 40 31 20 30 5 2 17 10 77 53 346 730 128 18 1 2 6 3 5 7 1 1 0 0 1 0 0 0 0 1 47 5 0 0 0 0 0 0 0 0
22 0 0 3 0 0 0 0 3 5 3 0 0 0 0 3 0 2 22 96 5 14 1 0 0 0 0 0 0 1 3 1 0 0 11 44 59 31 0 0 0 0 0 0 0 0 0 0 0 7 20 21 0 1 2 99 34 12 15 5 0 0 1 2 1 0 0 0 4 55 97 134 222 119 58 46 21 25 38 266 473 556 326 50 1 158 71 23 3 290 2053 601 79 327 1153 726 173 1989 836 586 502 449 1011 420 12 125 25 37 9 4 3 3 9 23 14 21 12 1 0 19 117 174 3 3 3 8 5 2 2 1 1 0 0 0 0 0 2 0 2 0 2 3 0 0 0 0 0 0 0 0
2 0 0 2 0 1 0 1 0 2 5 0 0 4 1 1 0 0 0 0 0 7 2 0 0 0 0 0 0 1 5 0 0 0 0 14 1 3 4 0 0 0 0 0 0 0 0 0 0 2 2 3 1 11 1 32 11 0 40 58 7 3 1 2 5 2 0 0 2 51 46 151 169 334 295 113 362 157 314 497 956 925 973 458 129 15 4 166 68 137 1737 970 51 517 1075 611 366 390 786 67 24 312 147 101 12 28 85 16 3 5 37 140 212 17 39 17 2 4 33 31 61 113 9 2 4 2 12 1 0 0 1 0 0 0 0 0 0 21 0 0 0 0 0 0 0 0 0 0 0 0
0 0 0 2 0 0 0 0 2 0 1 0 0 0 0 0 0 0 0 0 0 0 0 0 0 0 0 0 0 4 14 0 0 0 4 2 0 0 11 10 0 0 0 0 0 0 0 0 0 0 0 1 4 1 1 7 0 42 51 51 76 47 62 4 11 44 0 0 5 57 2 5 37 37 33 45 116 147 615 810 915 608 813 219 128 189 190 609 222 78 575 102 62 407 446 438 232 867 843 201 140 459 426 567 204 158 19 50 120 28 328 391 59 61 39 33 1 0 9 17 18 6 19 12 8 4 19 1 0 0 0 0 0 0 0 0 0 0 0 0 0 0 0 0 0 0 0 0 0 0
4 0 0 0 0 0 1 0 1 9 0 1 0 11 14 0 0 0 0 0 0 0 0 0 0 0 0 0 0 0 2 0 0 0 5 0 0 0 0 2 0 0 0 0 0 0 0 0 0 0 0 0 3 13 0 0 0 16 30 36 348 191 27 0 3 21 1 5 2 53 1 0 0 5 0 9 5 36 55 486 859 857 596 29 3 26 503 257 395 40 3 7 394 1210 1408 1621 68 453 318 115 280 94 85 367 707 128 202 290 55 38 920 114 251 14 20 17 6 2 4 4 8 6 8 9 6 1 0 1 4 0 1 0 0 0 0 0 0 0 0 0 0 0 0 0 0 0 0 0 0 0
0 0 0 0 0 0 0 2 9 1 0 0 0 0 1 0 0 0 0 0 0 0 0 0 0 0 0 0 0 0 0 0 0 0 0 0 0 0 1 0 0 0 0 0 0 0 2 2 9 3 4 0 12 34 0 0 0 0 0 6 46 203 19 21 5 1 0 2 0 18 0 1 0 0 0 15 9 56 360 594 1026 748 631 255 1181 883 335 91 217 185 48 2 9 678 1217 1811 784 106 136 25 59 91 37 5 79 450 287 178 61 67 373 612 247 8 9 228 280 558 244 33 13 10 50 40 63 41 16 2 2 21 103 13 0 0 3 1 0 0 0 0 0 0 0 0 0 0 0 0 0 1
0 1 13 0 0 0 4 0 1 3 3 4 0 0 0 2 0 1 0 0 0 0 0 0 0 2 0 0 0 0 0 0 0 0 6 14 0 0 0 1 1 6 2 1 0 0 1 12 14 44 6 3 4 6 0 0 0 15 19 17 0 149 9 8 0 0 0 0 0 0 0 0 0 0 0 0 9 19 83 315 470 265 517 248 214 275 214 376 471 366 33 0 83 245 474 1001 956 42 23 116 23 8 0 24 84 344 705 395 239 237 459 93 171 24 2 116 271 648 352 220 255 183 216 124 97 432 117 67 47 24 5 95 14 56 23 2 0 0 0 0 0 0 0 0 0 0 0 0 0 0
4 0 0 0 0 0 0 0 14 0 0 0 0 0 0 0 18 13 0 0 2 0 0 0 0 0 0 0 0 0 0 0 0 5 4 1 0 1 1 1 4 11 7 16 0 0 1 0 0 0 0 0 3 0 1 0 2 0 0 2 2 4 0 3 1 10 7 0 3 0 2 4 0 0 0 2 94 8 91 233 590 169 21 30 146 100 22 23 137 649 47 0 0 2 8 112 1121 502 359 9 0 8 9 33 30 64 375 205 15 39 145 132 61 81 21 220 884 178 681 787 258 375 200 90 103 135 0 0 0 33 4 1 139 26 27 0 0 0 0 0 0 0 0 0 0 0 0 0 0 0
0 0 0 0 0 0 3 0 2 0 0 0 0 0 0 0 3 18 11 4 3 1 0 0 0 0 0 0 0 0 1 1 0 0 0 1 1 4 0 0 0 5 33 4 24 0 0 15 0 0 0 0 5 0 0 0 0 0 0 2 3 3 0 0 0 0 0 1 0 5 24 0 0 0 1 45 134 46 190 35 140 259 48 1 8 17 7 0 2 1 1 0 6 42 92 28 808 525 782 637 6 14 41 15 15 3 6 123 352 226 1077 638 104 757 365 13 25 100 1112 1005 110 237 111 1 76 142 2 0 33 21 0 0 50 19 8 2 0 0 0 0 0 0 0 0 0 0 0 0 0 0
0 0 0 0 0 0 2 1 0 3 0 0 0 0 0 0 0 0 67 14 17 3 0 0 0 0 0 0 0 1 7 4 0 0 0 0 1 0 0 0 0 3 3 80 48 0 0 0 2 0 0 35 1 0 0 0 0 0 5 0 11 8 3 3 0 0 26 15 8 38 47 0 0 1 2 298 664 416 286 23 44 440 60 0 14 269 4 16 0 27 0 0 0 64 4 26 102 582 198 301 1 16 406 168 448 63 73 441 179 553 1065 1265 666 328 245 344 163 193 735 443 104 94 0 3 0 13 20 0 8 0 0 0 0 0 0 0 1 0 0 0 0 0 0 0 0 0 0 0 0 0
0 0 0 0 0 0 0 3 13 0 0 0 0 0 0 0 0 0 5 2 8 2 0 0 0 2 0 0 0 0 0 0 0 0 0 0 0 0 0 0 0 0 0 21 31 0 0 0 1 25 14 31 2 0 4 0 11 9 5 24 85 40 8 25 10 33 141 150 192 161 36 3 0 0 54 642 952 1075 416 22 2 202 40 1 15 9 19 8 0 64 12 23 1 0 0 3 58 316 245 278 7 46 537 611 1775 1230 1575 852 1111 758 761 562 546 642 550 151 186 103 58 87 114 145 22 9 0 5 38 6 17 11 2 0 0 0 0 0 0 0 0 0 0 0 0 0 0 0 0 0 0 0
0 0 0 0 0 0 0 22 24 5 2 0 0 0 0 0 0 0 0 116 0 19 28 3 0 0 0 0 0 3 0 0 0 0 0 0 0 0 0 0 0 2 0 1 1 22 0 0 0 27 55 138 3 2 0 16 28 70 5 58 15 12 3 31 36 56 117 48 58 176 251 51 122 157 650 899 1504 796 92 9 4 3 0 0 0 0 16 67 5 62 2 4 0 0 5 63 52 8 30 17 22 0 1269 839 723 674 840 356 590 808 830 529 652 381 337 225 61 87 94 70 20 6 160 356 54 70 1 1 2 2 0 0 0 0 31 4 0 0 0 0 0 0 0 0 0 0 0 0 0 0
0 0 0 0 0 0 0 3 1 0 0 0 0 0 0 0 18 2 3 2 7 0 16 19 26 2 6 0 0 0 0 0 0 0 0 0 0 11 0 0 0 0 0 1 0 11 3 0 2 28 22 7 6 31 8 34 50 144 70 23 7 1 0 0 0 5 0 0 0 0 3 0 59 35 311 314 386 228 77 0 0 0 28 0 0 0 0 34 43 25 2 0 10 4 0 12 63 0 4 76 24 263 868 788 518 212 366 233 399 602 769 276 691 216 216 94 34 70 127 8 0 1 33 50 119 264 4 10 0 0 0 0 0 0 0 0 0 0 0 0 0 0 0 0 0 0 0 0 0 0
0 0 0 3 0 5 0 1 0 0 0 0 1 0 0 7 0 5 2 2 4 1 0 0 16 1 6 25 1 0 0 0 0 0 0 0 3 0 0 0 1 0 14 0 0 37 76 4 5 22 29 31 3 62 11 32 36 64 352 26 2 8 0 0 7 1 26 54 4 44 75 9 103 22 36 71 35 132 15 5 0 0 1 0 0 0 0 6 82 2 0 19 73 58 13 0 2 0 40 741 211 160 159 161 93 480 135 166 432 334 133 80 78 121 144 33 112 118 9 2 0 0 1 0 112 680 204 10 4 0 0 0 0 0 0 0 0 0 0 0 0 0 0 0 0 0 0 0 0 2
0 0 0 1 1 13 0 0 0 0 0 0 3 2 0 1 0 0 0 3 0 2 4 2 8 9 48 57 31 0 0 0 0 0 0 31 0 0 0 0 0 1 0 11 44 21 4 4 42 407 75 13 14 58 6 41 136 67 33 23 74 30 7 0 0 2 2 4 3 12 13 12 35 15 0 75 117 24 8 19 15 0 6 14 3 10 9 12 1 0 1 29 91 196 21 0 0 29 270 13 128 254 80 16 73 100 200 375 363 1 0 54 4 542 46 0 9 0 0 0 0 0 4 4 48 180 198 365 8 1 0 0 0 0 0 0 0 0 0 0 0 0 0 0 0 0 0 0 0 0
0 0 0 0 0 0 0 1 0 0 0 1 1 0 3 0 1 0 1 9 0 7 270 3 2 11 0 62 144 5 0 1 0 0 1 0 0 0 0 0 0 1 12 30 14 96 89 18 12 126 49 5 190 4 66 23 32 84 10 0 2 6 2 0 0 5 0 0 8 11 56 56 7 0 0 56 19 0 1 0 4 0 0 0 0 17 14 0 11 7 3 16 6 4 1 14 0 8 13 2 840 1296 718 147 96 151 197 298 447 5 0 0 0 219 57 0 0 0 0 0 0 0 0 11 12 2 14 122 4 0 0 0 0 0 0 0 0 0 0 0 0 0 0 0 0 0 0 0 0 0
0 0 0 0 1 0 0 0 0 0 0 0 0 5 0 0 1 0 3 0 1 11 14 15 0 9 1 4 1 8 1 10 3 0 0 0 0 0 0 3 5 4 17 10 9 16 8 15 87 230 301 95 9 44 11 4 8 4 6 0 0 2 7 17 190 95 3 0 9 10 64 38 2 0 7 87 250 116 3 28 3 16 2 5 0 0 1 4 17 9 2 0 0 3 0 0 0 5 347 522 1566 1053 598 113 1 16 124 102 0 0 0 0 0 13 0 0 0 0 0 0 0 0 3 2 0 0 28 32 0 0 0 0 0 0 0 0 0 0 0 0 0 0 0 0 0 0 0 0 0 0
0 0 0 0 0 0 0 0 0 0 0 0 0 3 4 1 2 0 0 0 2 1 17 4 2 0 0 0 0 0 23 60 8 2 0 0 0 3 0 0 66 5 0 0 0 0 0 8 226 855 356 166 29 7 0 2 2 1 0 0 2 3 1 0 4 18 25 10 2 47 27 10 15 0 0 5 113 56 32 52 11 16 9 35 14 3 5 6 214 50 12 1 1 4 5 11 3 2 95 367 190 79 35 8 6 5 128 48 16 0 0 0 12 63 0 0 0 0 0 0 0 0 0 0 0 46 31 0 1 6 3 0 0 0 0 0 0 0 0 0 0 0 0 0 0 0 0 0 0 0
0 0 0 1 0 0 0 0 0 0 0 0 0 0 0 0 0 0 0 0 0 4 2 1 0 0 0 0 0 0 0 1 32 14 1 0 15 114 11 17 0 0 0 0 0 0 16 18 14 351 262 107 5 0 0 3 0 1 15 0 0 0 0 0 14 2 16 4 0 3 12 20 31 5 2 1 9 2 52 15 4 20 14 0 1 9 5 0 0 0 0 7 9 1 0 0 4 0 0 1 2 0 3 65 50 49 52 68 104 138 36 8 52 0 0 0 0 0 0 0 0 0 0 5 25 27 57 10 0 0 0 1 0 0 0 0 0 0 0 0 0 0 0 0 0 0 0 0 0 0
0 0 1 6 0 0 0 0 0 0 0 0 0 2 0 2 1 2 0 1 2 1 1 0 0 7 0 0 0 0 1 6 10 8 0 6 4 19 15 0 0 0 0 0 8 95 32 49 19 150 174 28 2 9 8 3 6 18 3 0 0 0 0 0 0 0 0 0 0 0 1 5 89 57 13 8 0 0 0 2 0 2 99 130 10 0 2 1 0 0 0 0 0 1 0 1 0 0 4 5 5 0 1 99 23 32 7 2 6 14 5 267 21 0 0 0 0 0 0 0 0 0 0 19 14 14 37 70 0 0 0 0 0 0 0 0 0 0 0 0 0 0 0 0 0 0 0 0 0 0
0 0 0 0 0 0 0 0 0 0 0 0 0 0 0 0 0 0 0 0 1 0 1 0 0 1 0 0 0 0 0 0 23 1 9 0 1 44 0 0 0 0 0 34 20 30 38 3 8 25 50 35 17 14 28 2 0 2 0 1 0 0 0 0 0 0 0 7 10 3 1 1 4 1 39 13 0 0 0 0 0 5 6 85 35 6 0 0 0 6 6 2 0 4 1 2 5 2 0 19 9 23 8 25 438 0 0 3 2 0 0 13 1 0 0 1 0 0 0 0 0 0 1 0 0 21 38 7 0 0 1 0 0 0 0 0 0 0 0 0 0 0 0 0 0 0 0 0 0 0
0 0 0 0 0 0 0 0 1 0 0 0 0 1 9 0 5 0 1 0 0 8 0 4 0 0 0 2 0 0 0 0 1 23 62 43 0 7 0 0 0 0 0 13 85 7 1 0 6 3 53 4 0 0 0 0 1 0 0 0 0 1 0 0 4 16 0 2 0 12 4 51 3 11 2 3 3 0 0 0 2 0 1 1 0 22 8 7 1 8 0 0 4 1 11 0 1 23 0 6 16 9 10 130 225 198 0 22 0 0 2 12 4 1 12 4 0 0 0 0 0 0 0 0 0 25 13 37 1 0 0 0 0 0 0 0 3 39 0 0 0 0 0 0 0 0 0 0 0 0
0 0 0 0 0 0 0 0 0 0 0 0 0 0 3 0 2 1 0 0 0 3 7 1 0 0 1 10 0 2 0 1 1 12 19 17 0 1 2 4 0 2 1 13 54 7 3 1 0 7 32 13 2 0 0 0 0 0 0 0 0 1 0 0 17 0 0 1 0 1 4 12 1 0 0 0 11 2 0 0 0 0 19 4 0 2 13 11 2 1 8 1 0 0 1 3 0 0 0 1 2 15 6 5 22 280 50 1 0 0 0 0 0 6 10 10 0 0 0 0 0 0 0 0 4 181 7 16 0 1 0 0 0 0 0 0 2 26 0 0 0 0 0 0 0 0 0 0 2 0
0 0 0 0 0 0 0 0 0 0 0 1 0 0 2 2 4 28 18 0 13 28 12 1 0 0 0 0 0 2 4 0 1 23 0 0 2 10 3 12 43 31 19 125 104 6 1 1 3 2 0 40 13 2 1 0 0 0 0 0 0 5 7 0 1 0 0 0 7 32 70 16 7 1 0 0 1 11 0 0 0 0 0 0 0 0 2 8 2 3 4 0 1 1 0 0 0 0 0 1 0 4 10 2 5 959 681 25 3 0 0 0 0 0 0 0 3 190 49 5 0 0 0 42 95 23 111 128 177 21 0 0 0 0 0 3 5 0 0 0 0 0 0 0 0 0 0 0 0 0
0 0 0 0 0 0 0 2 0 3 0 0 7 10 10 7 13 66 3 7 0 2 6 0 0 0 0 4 7 3 3 5 3 0 3 13 2 28 66 95 224 579 242 207 90 28 0 0 1 9 0 23 45 9 1 0 0 0 0 0 0 0 0 0 0 0 0 0 0 2 14 20 4 0 6 4 1 19 1 0 1 4 6 0 17 0 0 0 7 7 0 3 3 4 5 30 3 0 0 0 1 0 15 22 215 463 248 373 2 0 0 0 0 0 0 1 192 46 9 0 0 0 6 117 185 140 780 520 79 24 0 0 0 16 0 4 0 0 0 0 0 0 0 0 0 0 0 0 0 0
0 0 0 0 0 0 0 2 7 11 10 31 24 0 0 0 4 9 0 0 4 5 9 12 2 4 3 1 0 2 3 4 1 1 32 24 3 3 72 282 550 1023 652 628 57 2 0 8 10 1 5 1 51 55 4 5 0 0 0 0 0 0 0 0 0 0 0 0 2 0 0 5 4 0 0 2 1 7 11 0 0 0 3 0 22 0 0 0 1 6 4 0 1 14 2 29 0 1 0 2 0 4 21 7 11 99 2 95 32 0 0 0 0 0 56 83 687 304 59 38 27 23 1 96 130 35 460 588 409 206 18 62 23 77 11 0 0 0 0 0 0 0 0 0 0 0 0 0 0 1
0 0 0 0 0 0 2 1 10 1 5 2 2 0 0 8 0 3 10 2 0 3 91 26 0 0 0 1 0 1 27 6 1 3 4 20 22 28 45 77 463 376 491 179 45 22 18 1 4 5 0 1 12 6 1 5 4 0 0 0 0 0 0 0 0 0 0 0 6 0 3 0 0 0 0 3 1 9 2 0 1 13 11 3 15 0 0 1 14 21 1 0 1 21 0 1 5 1 4 1 0 2 2 8 8 2 0 0 27 29 4 2 5 0 52 859 579 414 136 114 105 63 66 4 3 15 262 328 2 71 10 250 477 38 18 0 0 0 0 0 0 0 0 0 0 0 0 0 0 0
0 0 0 0 0 0 1 0 0 0 2 18 0 1 1 3 2 1 16 11 263 62 9 0 0 0 0 0 1 10 0 0 4 36 14 5 0 2 0 105 459 349 301 167 113 12 7 0 1 5 3 1 7 7 5 0 0 0 0 0 0 0 0 0 0 0 0 0 0 0 1 0 0 0 0 0 0 3 10 0 15 7 15 127 25 0 0 0 0 0 0 0 3 2 0 1 10 6 0 0 1 0 0 0 3 6 2 12 234 187 332 536 110 106 442 857 487 220 54 484 64 147 11 0 112 174 80 110 7 0 111 328 299 27 53 3 0 0 0 0 0 0 0 0 0 0 0 0 0 0
0 0 1 0 0 0 0 2 2 1 1 9 5 11 1 5 1 7 6 11 72 0 0 0 0 0 0 0 1 9 10 12 6 1 0 1 4 3 7 16 19 98 37 20 2 0 0 0 1 4 0 1 64 12 1 2 0 4 0 0 0 0 0 0 0 0 0 0 0 0 0 0 0 0 0 11 1 26 14 3 2 11 31 5 0 0 0 0 0 1 6 0 0 14 4 3 1 0 0 0 5 0 0 0 0 8 5 16 163 79 187 103 39 238 1472 614 206 301 54 448 92 5 0 56 25 107 99 0 0 0 71 234 0 0 3 0 0 0 0 0 0 0 0 0 0 0 0 0 0 0
0 0 0 0 0 7 13 7 2 1 0 0 0 8 9 6 3 2 19 40 14 0 0 0 0 0 0 1 0 3 38 3 13 1 5 1 2 1 17 2 17 15 5 1 1 0 0 0 0 6 0 8 229 15 17 26 10 2 1 1 0 0 0 0 0 0 0 0 0 0 0 0 0 0 0 0 0 5 2 0 0 0 1 0 0 0 0 0 5 0 1 0 5 11 4 1 4 1 0 0 3 0 0 0 0 0 5 84 42 7 1 18 275 193 255 575 117 232 91 94 319 0 0 0 0 0 0 0 0 0 0 113 5 0 0 0 0 0 0 0 0 0 0 0 0 0 0 0 0 0
0 0 1 0 3 0 11 0 2 1 1 0 3 9 7 5 31 11 6 0 3 15 10 0 1 0 0 12 15 4 16 25 17 0 0 4 2 3 4 9 13 20 9 3 1 0 4 0 0 0 2 16 185 54 2 18 4 0 0 0 0 0 0 0 0 0 0 0 0 0 0 0 0 0 0 0 10 5 4 1 0 0 0 0 0 0 0 0 13 0 15 0 12 71 5 10 3 1 0 2 1 0 0 2 0 0 3 79 872 13 0 0 0 0 0 1 0 34 374 596 66 0 0 0 0 0 0 0 0 0 0 2 41 1 0 0 0 0 0 0 0 0 0 0 0 0 0 0 0 0
2 1 5 2 3 1 11 35 4 7 8 6 5 0 3 106 53 26 4 16 1 0 16 1 3 7 16 6 1 7 7 16 3 2 0 1 2 0 1 2 5 9 0 0 3 0 3 0 1 0 0 38 2 33 17 1 1 0 0 0 0 0 0 0 0 0 0 0 0 0 0 0 0 0 0 0 2 11 0 0 0 0 3 0 0 0 0 0 14 0 10 0 5 28 0 0 0 0 6 8 0 1 0 1 2 16 29 48 292 0 0 0 0 0 5 0 0 1 76 244 371 538 1 0 2 34 0 0 0 86 127 35 39 8 0 0 0 0 0 0 0 0 0 0 0 0 0 0 0 0
0 0 0 0 0 4 7 0 0 0 21 9 3 4 17 50 44 17 7 2 0 2 6 1 1 7 3 0 3 14 0 0 0 6 2 2 0 0 0 7 4 21 7 6 1 2 3 1 0 0 3 36 19 22 18 10 1 0 0 0 0 0 0 0 0 0 0 0 0 0 0 0 0 0 0 0 0 42 120 6 0 7 0 0 0 0 3 86 17 1 6 7 2 4 2 12 0 2 1 7 27 15 16 11 4 17 20 12 67 0 0 0 0 12 58 72 189 531 70 228 550 122 0 13 279 123 0 0 0 84 159 0 0 0 0 0 0 0 0 0 0 0 0 0 0 0 0 0 0 0
0 0 3 0 0 1 0 2 6 6 15 116 18 15 0 2 6 6 1 3 2 0 1 5 4 0 1 4 15 2 0 0 0 1 1 0 2 2 1 0 5 17 44 11 6 1 3 1 0 0 2 58 9 5 3 2 0 0 1 0 0 0 0 0 0 0 0 0 0 0 0 0 0 0 0 0 0 10 45 4 3 6 0 0 0 0 1 11 0 0 9 0 10 8 0 0 0 0 4 3 0 0 9 1 12 0 6 58 34 18 0 0 1 0 149 645 861 607 66 48 71 125 99 264 268 1 0 0 2 264 129 0 0 0 0 0 0 0 0 0 0 0 0 0 0 0 0 0 0 0
0 0 5 0 0 1 1 0 1 1 6 25 1 1 1 0 0 0 0 3 1 0 1 1 0 3 2 4 4 1 0 0 0 0 0 0 0 2 24 3 0 0 0 0 2 3 1 1 0 1 0 104 6 8 6 0 0 0 0 0 2 0 0 0 0 0 0 0 0 0 0 0 0 0 0 0 4 6 94 13 9 24 17 2 0 0 2 0 6 0 0 0 5 4 0 0 0 0 0 4 0 6 2 5 4 3 8 8 31 0 0 3 27 21 63 66 5 47 410 266 23 287 577 507 458 205 53 144 625 1346 581 17 0 0 0 0 0 0 0 0 0 0 0 0 0 0 0 0 0 0
1 1 0 0 0 3 0 2 0 12 20 12 0 1 2 7 0 3 0 0 0 0 0 0 0 20 26 0 0 0 0 3 10 0 1 0 0 0 0 7 3 0 2 3 0 1 15 2 0 2 7 394 31 5 3 3 1 7 0 0 0 0 0 0 0 0 0 0 0 0 0 0 0 0 0 1 1 19 53 1 3 24 6 0 0 0 0 0 14 5 0 6 6 11 0 19 17 0 1 0 7 0 0 6 19 31 5 1 86 49 4 9 17 5 2 18 3 207 276 535 573 748 810 562 1472 900 577 530 866 735 498 3 0 0 0 0 0 0 0 0 0 0 0 0 0 0 0 0 0 0
0 8 0 0 1 0 0 2 124 11 2 2 3 1 0 8 8 1 0 2 0 0 0 0 8 4 8 1 1 0 0 4 1 2 2 0 0 2 1 0 0 0 4 0 3 0 1 0 3 39 592 567 36 113 16 2 5 0 4 4 2 0 0 0 0 0 0 0 0 0 0 0 0 0 0 0 4 0 2 2 0 0 0 0 0 0 0 0 6 0 0 3 11 0 0 4 1 0 2 27 13 3 8 3 11 19 30 35 0 12 7 5 6 20 9 12 6 61 482 1595 1565 732 250 1338 1348 556 150 627 500 22 139 36 0 0 0 0 0 0 0 0 0 0 0 0 0 0 0 0 0 0
0 4 0 2 1 6 0 1 16 2 3 3 7 3 2 2 2 9 3 0 0 0 0 0 7 2 0 1 0 0 0 34 21 1 0 1 4 0 2 0 0 0 1 0 0 0 0 0 0 30 686 643 549 636 29 18 6 0 4 4 1 0 0 0 0 0 0 0 0 0 0 0 0 0 3 0 0 0 0 17 0 0 0 0 0 0 0 22 81 0 0 76 13 0 0 0 0 0 0 13 14 1 15 7 1 174 497 17 2 0 3 16 2 1 2 13 19 22 126 625 424 635 341 2829 1649 465 347 198 7 524 810 547 0 0 0 0 0 0 0 0 0 0 0 0 0 0 0 0 0 0
3 2 3 12 2 1 17 9 2 6 15 67 2 0 0 0 0 0 0 0 0 0 0 0 2 0 1 0 0 0 0 10 7 4 0 4 1 2 0 0 0 0 0 0 0 0 0 0 0 4 188 363 592 436 71 61 1 1 0 0 1 0 0 0 0 0 0 0 0 0 0 0 0 0 1 0 0 0 0 20 4 9 8 0 0 0 0 17 41 2 3 21 75 0 0 0 0 0 0 11 2 33 18 19 30 10 1 5 0 0 0 0 5 3 0 6 4 6 13 69 308 334 421 775 1073 828 516 401 283 618 384 361 3 0 0 0 0 0 0 0 0 0 0 0 0 0 0 0 0 0
3 2 3 9 0 7 11 6 2 0 2 2 1 0 0 0 0 0 0 0 0 0 1 0 0 0 0 0 1 0 0 0 0 0 0 1 0 0 0 0 0 0 0 0 0 3 7 13 0 7 43 215 300 6 43 12 10 1 7 1 1 1 0 0 0 0 0 0 0 0 0 0 0 0 0 0 0 1 7 0 1 2 0 0 0 0 30 70 10 2 17 227 130 40 6 0 0 0 0 25 24 0 36 199 26 0 10 3 20 0 0 0 4 0 3 3 12 20 14 9 145 734 464 321 174 632 818 1545 248 219 126 63 0 0 0 0 0 0 0 0 0 0 0 0 0 0 0 0 0 0
0 3 12 0 4 1 18 46 10 9 12 3 3 3 0 0 0 0 0 2 0 0 0 0 0 0 1 0 1 0 0 0 0 0 0 3 0 0 0 0 0 0 0 0 0 1 0 0 5 1 1 26 89 16 8 2 1 37 54 4 0 2 0 0 0 0 0 0 0 0 0 0 0 0 0 0 0 0 0 0 0 6 26 32 17 37 8 0 16 60 128 171 165 2 8 1 0 1 148 14 59 270 274 401 307 27 7 3 8 8 0 0 1 0 1 3 3 51 22 392 336 725 2277 1418 706 257 2117 1898 1306 0 0 0 0 0 0 0 0 0 0 0 0 0 0 0 0 0 0 0 0 0
1 10 12 0 7 14 6 40 2 6 1 1 3 1 0 0 0 0 0 0 0 0 1 0 0 0 1 0 9 0 0 0 0 6 0 13 0 0 1 1 0 5 0 0 0 0 0 0 0 9 0 2 45 2 8 0 0 10 108 10 3 1 0 0 0 0 0 0 0 0 0 0 0 0 0 0 0 0 0 0 0 2 16 1 2 5 3 30 7 62 91 171 133 14 20 9 4 0 0 11 166 265 351 186 162 59 3 3 0 5 40 0 0 0 4 1 7 562 249 764 633 4 9 151 194 385 324 708 435 3 328 2 0 0 0 0 0 0 0 0 0 0 0 0 0 0 0 0 0 0
4 12 119 9 38 94 38 15 0 3 1 0 0 0 0 3 0 0 0 0 2 0 0 0 0 0 0 0 0 0 0 0 0 0 0 0 0 0 0 0 0 1 0 0 0 4 0 0 0 0 0 6 19 0 1 0 0 2 3 43 7 0 0 0 0 0 0 0 0 0 0 0 0 0 0 0 0 0 0 0 20 56 0 0 40 2 114 4 0 1 2 17 7 0 0 0 0 0 0 7 6 73 878 375 107 163 12 3 8 10 31 0 0 0 0 25 231 492 158 21 0 0 0 0 84 498 144 736 579 11 27 33 0 0 0 0 0 0 0 0 0 0 0 0 0 0 0 0 0 0
0 53 115 129 526 463 177 60 3 0 0 0 0 0 2 0 0 0 0 0 1 6 0 0 0 0 0 0 0 0 0 0 0 0 0 0 0 0 1 0 0 0 0 11 1 5 2 40 1 0 0 14 11 0 1 2 1 0 13 0 0 3 0 0 0 0 0 0 0 0 0 0 0 0 0 0 0 0 5 6 7 0 0 0 8 4 12 180 66 0 0 0 0 0 0 0 0 0 0 0 0 250 492 189 128 151 9 0 2 13 18 3 2 0 4 67 207 21 11 55 0 0 0 0 9 531 417 605 343 3 61 4 0 0 0 0 0 0 0 0 0 0 0 0 0 0 0 0 0 0
8 102 520 892 493 304 218 34 0 1 0 5 3 0 0 1 0 0 0 0 0 2 0 0 3 0 1 0 0 0 0 0 0 0 4 0 0 0 0 1 0 0 0 1 0 0 0 9 20 1 0 2 30 0 0 1 3 2 0 0 0 2 0 0 0 0 0 0 0 0 0 0 0 0 0 0 0 15 0 0 0 0 0 0 0 0 53 41 2 0 4 1 0 0 0 0 0 0 0 0 13 53 14 15 122 81 1 3 1 6 8 8 6 12 3 4 4 17 16 42 44 112 9 0 19 69 120 198 107 1 0 0 0 0 0 0 0 0 0 0 0 0 0 0 0 0 0 0 0 0
1 15 233 241 159 179 43 11 3 1 0 1 1 0 0 0 0 0 0 10 1 5 0 0 0 0 0 0 0 2 0 0 0 0 0 0 0 1 0 0 0 0 1 0 0 0 0 9 4 7 0 0 0 0 0 0 0 0 0 0 0 0 0 0 0 0 0 0 0 0 0 0 0 0 0 0 0 0 0 0 0 0 0 0 0 0 107 26 3 12 47 2 0 0 0 8 0 0 0 493 910 141 248 126 4 99 22 8 1 1 7 11 7 1 0 0 0 0 12 75 103 37 188 271 59 33 1 0 0 0 0 0 0 0 0 0 0 0 0 0 0 0 0 0 0 0 0 0 0 0
21 29 38 75 47 41 3 0 2 0 7 0 0 0 0 0 0 0 0 0 7 44 0 0 0 0 0 1 0 1 1 0 0 0 0 1 0 0 0 0 2 0 1 1 0 10 4 0 0 0 0 0 1 0 0 15 0 0 0 0 0 0 0 0 0 0 0 0 0 0 0 0 0 0 0 0 5 2 0 0 0 0 0 0 0 2 7 0 0 44 26 0 0 0 56 135 147 12 223 1710 450 594 132 29 0 20 39 97 0 10 12 0 2 0 0 0 0 0 80 40 171 24 29 36 13 60 24 20 92 35 7 0 0 0 0 0 0 0 0 0 0 0 0 0 0 0 0 0 0 0
71 10 9 8 0 0 0 3 0 0 0 0 0 0 0 0 0 0 0 0 5 2 1 0 0 0 0 0 0 5 0 0 0 8 4 0 0 0 0 0 0 0 0 0 2 12 3 3 0 0 2 0 1 2 89 13 11 0 0 0 0 0 0 0 0 0 0 0 0 0 0 0 0 0 26 7 0 0 0 0 0 0 0 0 0 0 16 3 1 0 140 23 3 3 149 338 51 5 123 212 10 6 35 4 5 1 0 109 495 97 0 0 0 0 4 0 0 1 2 0 28 10 1 2 19 75 29 68 454 127 35 0 0 0 0 0 0 0 0 0 0 0 0 0 0 0 0 0 0 0
11 2 4 1 0 0 3 0 0 0 0 0 0 0 0 1 0 0 0 0 0 1 0 0 0 0 0 0 1 2 7 47 2 0 0 0 0 0 0 0 0 0 0 0 1 3 0 0 0 0 0 10 2 6 15 0 0 0 0 0 0 0 0 0 0 0 0 0 0 0 0 0 0 0 3 26 0 0 0 0 0 0 0 0 0 0 37 61 180 68 147 18 17 22 4 75 20 2 0 1 4 1 2 11 4 24 178 405 125 35 0 0 2 0 3 0 0 5 0 0 3 8 13 17 9 196 63 192 89 195 22 0 0 0 0 0 0 0 0 0 0 0 0 0 0 0 1 0 0 0
0 2 0 4 1 0 0 0 0 0 0 0 0 0 0 0 0 1 0 0 1 0 0 1 0 0 0 0 4 0 3 1 0 1 0 1 0 0 0 0 0 1 0 0 0 1 0 0 0 0 0 1 5 85 22 3 0 0 0 0 0 0 0 0 0 0 0 0 0 0 0 3 0 1 2 0 0 0 0 0 0 0 0 0 0 0 4 1 159 11 0 0 0 3 2 10 0 1 0 0 1 11 0 4 12 262 733 441 184 73 0 0 0 0 0 0 0 0 56 10 0 46 0 20 0 6 76 51 8 26 0 7 0 0 0 0 0 0 0 0 0 0 0 0 0 0 0 0 0 0
2 0 0 0 0 1 0 0 0 0 0 0 0 0 0 0 0 0 1 0 0 0 0 13 0 0 0 2 0 0 0 0 0 0 2 0 0 0 0 0 0 0 0 0 0 0 0 0 0 0 0 4 7 75 7 10 2 0 0 0 0 0 0 0 0 0 0 0 0 0 2 1 0 0 0 0 0 0 0 0 0 0 0 0 0 0 10 0 0 0 0 0 2 14 0 0 4 0 8 2 2 6 8 1 49 76 86 20 67 162 0 0 0 0 0 0 0 0 4 4 0 6 1 57 85 38 243 70 23 42 4 0 0 0 0 0 0 0 0 0 0 0 0 0 0 0 0 0 0 0
0 0 0 0 3 27 1 0 0 0 0 0 0 0 0 1 1 0 0 2 0 0 0 0 0 0 1 0 0 0 0 1 0 0 1 2 0 0 0 0 0 0 0 5 0 0 0 0 0 0 1 0 5 1 3 2 8 3 0 0 0 0 0 0 0 0 0 5 5 6 0 0 0 0 0 0 0 0 0 0 0 0 0 0 0 0 1 1 3 0 0 34 172 17 0 0 0 0 0 4 5 9 26 20 50 9 0 16 0 17 0 0 0 0 0 0 0 0 0 0 7 4 0 26 0 0 0 157 3 13 0 0 0 0 0 0 0 0 0 0 0 0 0 0 0 0 0 0 0 0
0 0 0 0 48 27 1 0 0 0 0 0 0 0 5 0 0 1 0 0 0 0 0 0 0 0 0 0 6 0 6 1 0 0 0 0 0 0 0 0 0 0 0 2 4 1 0 0 0 0 2 0 1 12 1 3 2 21 0 0 0 0 0 0 0 0 0 0 4 0 0 0 0 0 0 0 0 0 0 0 0 0 0 0 0 0 0 0 62 56 144 289 116 19 0 0 0 0 0 76 22 477 331 47 6 27 5 0 0 18 4 0 0 0 0 0 0 0 0 0 0 0 0 0 0 8 58 28 0 0 0 0 0 0 0 0 0 0 0 0 0 0 0 0 0 0 0 0 0 0
0 0 0 0 1 1 0 0 0 0 0 0 0 0 0 0 0 0 7 0 0 0 0 0 0 0 0 0 0 7 0 0 0 0 0 6 1 0 0 0 0 0 0 0 4 3 0 0 0 3 2 0 1 5 4 2 1 0 0 0 0 0 0 0 0 0 0 0 4 1 0 0 0 0 0 0 0 0 0 0 0 0 0 0 0 0 1 0 15 109 256 187 98 27 0 1 4 3 0 59 118 109 56 13 1 6 0 0 0 2 0 0 0 0 0 0 0 0 0 0 1 80 87 0 0 9 8 0 0 0 0 0 0 0 0 0 0 0 0 0 0 0 0 0 0 0 0 0 0 0
0 0 0 0 0 5 0 0 0 0 0 0 43 12 0 0 0 0 0 0 0 0 0 0 0 5 3 1 1 14 0 0 0 0 1 2 0 1 0 0 0 0 0 0 0 2 6 0 0 0 2 0 8 14 7 4 0 0 0 0 0 0 0 0 0 0 1 10 66 0 0 0 0 0 0 0 0 0 0 0 0 0 0 0 1 20 26 3 5 11 2 4 34 0 18 0 0 0 1 11 82 0 4 3 0 1 0 0 0 25 24 38 5 0 0 0 0 0 0 0 0 0 0 0 0 0 0 7 0 0 0 0 0 0 0 0 0 0 0 0 0 0 0 0 0 0 0 0 0 0
0 0 0 0 5 0 2 0 0 0 0 0 7 0 1 1 0 0 0 0 0 0 0 0 0 2 1 0 0 0 0 0 0 0 0 0 0 0 0 0 0 0 0 0 0 0 0 6 0 0 5 0 0 6 10 16 2 0 1 0 0 0 0 0 0 0 3 25 29 0 0 0 0 0 0 0 0 0 0 0 0 0 0 0 65 2 0 3 10 20 4 3 7 1 4 8 21 28 3 13 15 12 6 0 2 0 0 27 49 122 148 380 32 4 1 0 0 0 0 0 0 0 0 0 0 0 0 0 0 0 0 0 0 0 0 0 0 0 0 0 0 0 0 0 0 0 0 0 0 0
0 0 0 0 0 7 0 0 0 0 0 0 0 0 0 1 0 0 0 0 0 0 0 0 1 0 0 0 0 0 0 0 0 0 0 0 1 0 3 2 0 0 0 0 0 0 0 1 16 1 0 0 0 2 3 52 82 4 0 0 0 0 0 0 2 7 47 94 2 0 0 0 0 0 0 0 0 0 0 0 0 0 0 21 27 0 1 4 4 5 7 4 1 0 0 18 54 23 7 2 0 2 13 6 2 0 18 2 44 20 342 41 288 144 64 0 0 0 0 0 0 0 0 0 0 0 0 0 0 0 0 0 0 0 0 0 0 0 0 0 0 0 0 0 0 0 0 0 0 0
0 0 0 0 0 0 0 0 0 0 0 6 0 0 0 0 1 0 0 0 0 0 0 0 0 0 0 0 2 0 0 0 0 0 0 0 0 0 4 0 0 0 0 0 0 6 2 5 72 2 3 0 0 0 3 4 11 8 22 8 2 6 2 7 6 3 1 1 0 1 0 0 0 0 0 0 0 0 0 0 0 0 0 0 0 0 0 32 3 4 0 3 2 0 7 175 6 0 0 0 0 0 0 0 25 70 431 983 455 136 26 0 343 102 0 0 0 0 0 0 0 0 0 0 0 0 0 0 0 0 0 0 0 0 0 0 0 0 0 0 0 0 0 0 0 0 0 0 0 0
0 0 1 5 5 42 0 10 7 1 1 8 0 0 3 0 0 0 0 0 0 0 0 0 0 0 0 0 0 1 1 0 0 0 0 2 1 1 2 0 2 0 0 1 0 2 15 11 2 2 0 0 5 2 20 1 0 0 1 3 0 0 0 3 1 0 0 8 1 9 0 5 0 0 0 0 0 0 0 0 0 0 0 0 0 0 0 0 0 0 7 40 0 2 80 12 0 0 0 0 0 0 0 13 60 64 144 329 228 202 97 179 383 0 1 0 0 0 0 0 0 0 0 0 0 0 0 0 0 0 0 0 0 0 0 0 0 0 0 0 0 0 0 0 0 0 0 0 0 0
0 0 0 1 18 50 1 0 1 1 0 0 0 1 0 0 1 0 1 0 0 0 0 0 0 0 0 0 0 0 0 0 12 2 1 0 0 5 0 0 0 1 2 1 2 0 3 12 1 1 3 0 0 2 2 0 0 0 2 0 0 2 1 0 0 2 1 2 3 0 0 0 5 1 0 0 0 0 0 0 0 0 0 0 0 1 0 0 1 0 0 1 7 31 4 30 208 0 0 0 0 0 0 88 135 278 2 0 8 55 0 6 1 0 0 0 0 0 0 0 0 0 0 0 0 0 0 0 0 0 0 0 0 0 0 0 1 0 0 0 0 0 0 0 0 0 0 0 0 0
0 0 0 0 0 2 0 0 7 1 0 0 0 0 0 0 0 0 0 0 0 0 0 0 0 0 0 0 0 0 0 3 0 1 0 0 0 0 0 0 0 0 0 0 0 1 0 0 2 0 0 0 3 0 0 0 0 0 1 2 1 1 0 0 0 0 0 0 0 0 0 1 5 0 0 0 0 0 0 0 0 0 0 0 0 0 0 0 0 0 0 16 59 16 23 167 399 0 0 0 0 0 0 3 37 0 1 0 0 0 22 109 0 0 0 0 0 0 0 0 0 0 0 0 0 0 0 0 0 0 0 0 0 0 0 0 0 0 0 0 0 0 5 19 14 0 0 0 0 0
0 0 0 0 0 0 0 0 0 3 0 0 1 0 0 0 0 0 0 0 0 0 0 0 0 0 0 0 0 0 0 0 1 0 0 0 0 0 0 0 0 2 0 0 0 2 0 0 0 0 2 0 0 2 1 0 0 0 2 3 7 0 0 0 0 0 0 0 0 0 2 0 0 0 0 0 0 0 0 0 0 0 0 0 0 0 0 0 19 3 1 19 206 172 38 3 0 0 0 0 0 0 0 1 0 0 0 3 0 78 136 3 0 0 0 0 0 0 0 0 0 0 0 0 0 0 0 0 0 0 0 0 0 0 0 0 0 0 0 0 0 0 0 2 0 0 0 0 0 0
0 0 0 0 1 0 0 0 0 0 0 0 0 0 0 0 0 0 0 0 0 0 0 0 0 0 0 0 0 0 0 0 0 0 0 0 0 0 0 0 0 0 0 0 0 0 0 0 0 0 8 9 3 0 0 0 0 0 3 4 3 0 0 0 0 0 0 0 0 0 0 0 0 0 0 0 0 0 0 0 0 0 0 0 0 0 0 0 0 0 25 55 490 0 0 13 1 0 0 0 0 0 0 3 10 0 0 6 6 1 20 0 0 0 0 0 0 0 0 0 0 0 0 0 0 0 0 0 0 0 0 0 0 0 0 0 0 0 0 0 0 0 0 0 0 0 0 0 0 0
0 0 0 0 0 0 0 0 0 0 0 0 3 0 0 0 0 0 1 0 0 0 0 0 1 0 0 0 0 0 0 0 0 0 0 0 0 0 0 0 0 0 0 0 0 0 0 0 0 0 0 11 0 1 0 0 1 0 0 10 4 1 0 0 0 0 0 0 0 0 0 78 0 0 0 0 0 0 0 0 0 0 0 0 0 0 0 0 1 1 12 17 5 7 16 2 0 0 0 0 0 0 0 0 0 0 0 0 0 0 0 0 0 0 0 0 0 0 0 0 0 0 0 0 0 0 0 0 0 0 0 0 0 0 0 0 0 0 0 0 0 0 0 0 0 0 0 0 0 0
7 0 0 0 0 0 0 0 0 0 0 0 0 0 0 0 0 0 0 0 0 2 11 57 0 0 0 0 0 0 0 0 0 0 0 0 1 0 0 0 0 0 0 0 0 0 0 0 0 0 0 29 0 0 0 0 0 0 0 0 0 11 11 0 0 0 0 0 0 0 0 5 6 0 4 0 0 0 0 0 0 0 0 0 0 0 0 0 0 3 1 25 14 19 10 0 0 0 0 0 0 0 0 0 0 0 0 0 0 0 0 0 0 0 0 0 0 0 0 0 0 0 0 0 0 0 0 0 0 0 0 0 0 0 0 0 0 0 0 0 0 0 0 0 0 0 0 0 0 0
0 0 0 0 0 0 0 0 0 0 0 1 0 0 0 0 0 0 0 0 0 0 0 0 6 0 0 0 0 0 0 0 0 0 0 0 0 1 0 0 0 0 0 0 0 0 0 0 0 1 0 27 22 6 3 1 6 0 0 0 2 21 50 0 0 0 0 0 0 0 0 0 0 0 7 0 0 0 0 0 0 0 0 0 0 0 0 0 0 0 9 4 1 11 14 5 0 0 0 0 0 0 0 0 0 0 0 0 0 0 0 0 0 0 0 0 0 0 0 0 0 0 0 0 0 0 0 0 0 0 0 0 0 0 0 0 0 0 0 0 0 0 0 0 0 0 0 0 0 0
0 0 0 0 0 0 0 0 0 0 0 0 5 0 0 0 0 1 0 0 0 0 0 0 0 0 0 0 0 0 2 0 0 0 0 0 0 0 0 0 0 0 0 0 0 0 0 0 0 3 12 45 153 5 10 1 0 0 0 0 0 9 0 0 0 0 0 0 0 0 0 0 0 1 0 0 0 0 0 0 0 0 0 0 0 0 0 0 0 0 0 0 11 17 6 1 0 0 0 0 0 0 0 0 0 0 0 0 0 0 0 0 0 0 0 0 0 0 0 0 0 0 0 0 0 0 0 0 0 0 0 0 0 0 0 0 0 0 0 0 0 0 0 0 0 0 0 0 0 0
0 0 0 0 1 0 0 0 0 0 0 0 6 4 1 9 1 2 2 2 0 0 0 0 0 1 0 0 0 0 0 0 0 0 0 0 0 0 0 0 0 0 0 0 0 0 0 0 2 7 0 12 137 0 16 0 0 0 0 0 0 12 3 0 0 0 0 0 0 0 0 0 0 0 0 0 0 0 0 0 0 0 0 0 0 0 0 0 0 0 0 0 6 7 12 1 11 0 0 6 0 0 0 0 0 0 0 0 0 0 0 0 0 0 0 0 0 0 0 0 0 0 0 0 0 0 0 0 0 0 0 0 0 0 0 0 0 0 0 0 0 0 0 0 0 0 0 0 0 0
0 0 0 0 0 0 0 0 0 8 0 0 0 0 0 0 0 0 1 0 0 0 0 6 0 3 0 0 0 0 0 0 0 0 0 1 0 0 0 0 0 0 0 0 0 0 0 5 0 3 0 18 34 0 0 0 0 0 0 0 9 0 0 1 0 0 0 0 0 0 0 0 0 0 0 0 0 0 0 0 0 0 0 0 0 0 0 0 0 0 0 0 0 0 0 0 17 0 0 0 0 0 0 0 0 0 0 0 0 0 0 0 0 0 0 0 0 0 0 0 0 0 0 0 0 0 0 0 0 0 0 0 0 0 0 0 0 0 0 0 0 0 0 0 0 3 0 0 0 0
0 0 3 0 0 0 0 0 0 0 0 2 0 0 0 0 0 0 0 0 0 1 0 2 1 0 0 0 0 0 0 1 0 0 3 2 0 0 0 0 0 0 0 0 0 0 6 8 0 0 0 0 0 0 0 0 0 0 0 0 2 0 0 0 0 0 0 0 0 0 0 0 0 0 0 0 0 0 0 0 0 0 0 0 0 0 0 0 0 0 0 0 0 0 0 14 4 8 0 0 0 0 0 0 0 0 0 0 0 0 0 0 0 0 0 0 0 0 0 0 0 0 0 0 0 0 0 0 0 0 0 0 0 0 0 0 0 0 0 0 0 0 0 0 5 26 0 0 0 0
1 0 0 0 0 0 0 0 0 0 0 0 0 0 0 0 0 0 0 1 1 1 0 0 0 0 0 0 0 0 0 0 0 0 0 1 0 0 0 0 0 0 0 0 1 1 2 0 0 0 0 0 0 0 0 0 0 0 0 0 1 0 0 0 0 0 0 0 0 0 0 0 1 0 0 0 0 0 0 0 0 0 0 0 0 0 0 0 0 0 0 0 0 0 1 11 5 0 0 5 3 0 0 0 0 0 0 0 0 0 0 0 0 0 0 0 0 0 0 0 0 0 0 0 0 0 0 0 0 0 0 0 0 0 0 0 0 0 0 0 0 0 0 0 0 0 0 0 0 0
0 0 0 0 0 0 0 0 0 0 0 2 0 0 0 0 1 0 0 1 1 0 0 0 0 0 0 0 0 0 0 0 0 0 0 0 0 0 0 0 0 0 0 0 2 0 0 0 0 0 0 0 0 0 0 0 0 0 0 0 2 0 0 0 0 0 0 0 0 0 0 1 0 0 0 0 0 0 0 0 0 0 0 0 0 0 0 0 0 0 0 0 0 0 8 1 3 0 0 0 0 0 0 0 0 0 0 0 0 0 0 0 0 0 0 0 0 0 0 0 0 0 0 0 0 0 0 0 0 0 0 0 0 0 0 0 0 0 0 0 0 0 0 0 0 0 0 0 0 0
0 0 0 0 0 0 0 0 0 1 13 0 16 0 0 0 0 0 0 0 0 0 0 0 0 0 0 0 0 0 0 0 0 0 0 0 0 0 0 0 0 0 0 0 1 0 0 0 0 0 0 0 0 0 0 0 0 0 0 0 4 0 0 0 0 0 0 0 0 0 4 1 0 0 0 0 0 0 0 0 0 0 0 0 0 0 0 0 0 0 0 0 0 0 1 2 2 0 0 0 0 0 0 0 0 0 0 0 0 0 0 0 0 0 0 0 0 0 0 0 0 0 0 0 0 0 0 0 0 0 0 0 0 0 0 0 0 0 0 0 0 0 0 0 0 0 0 0 0 0
0 0 0 0 0 0 1 2 0 4 0 4 2 5 1 5 1 1 0 0 0 0 0 0 0 0 0 0 0 0 0 0 0 0 0 0 0 0 0 0 0 0 0 2 0 0 0 0 0 0 0 0 0 0 0 0 0 0 0 29 4 0 0 0 0 0 0 0 41 0 0 0 0 0 0 0 0 0 0 0 0 0 0 0 0 0 0 0 0 0 0 0 0 0 0 0 4 2 1 6 0 0 0 0 0 0 0 0 0 0 0 0 0 0 0 0 0 0 0 0 0 0 0 0 0 0 0 0 0 0 0 0 0 0 0 0 0 0 0 0 0 0 0 0 0 0 0 0 0 0
0 0 0 0 1 0 0 1 0 0 0 0 1 0 0 0 1 9 1 0 0 0 0 0 0 0 0 0 0 0 0 0 0 0 0 2 2 3 11 1 0 0 6 2 0 0 0 0 0 0 0 0 0 0 0 0 0 0 0 0 4 1 1 0 0 0 0 0 134 104 0 0 0 0 0 0 0 0 0 0 0 0 0 0 0 0 0 0 0 0 0 0 0 0 0 0 0 1 0 0 0 0 0 0 0 0 0 0 0 0 0 0 0 0 0 0 0 0 0 0 0 0 0 0 0 0 0 0 0 0 0 0 0 0 0 0 0 0 0 0 0 0 0 0 0 0 0 0 0 0
0 1 0 0 0 0 0 0 0 0 0 3 33 12 0 1 13 0 0 13 0 1 0 11 7 4 0 0 0 0 2 3 0 0 4 0 7 7 3 10 0 0 7 0 0 0 0 0 0 0 0 0 0 0 0 0 0 0 0 0 0 11 0 1 115 55 10 0 0 0 0 0 0 0 0 0 0 0 0 0 0 0 0 0 0 0 0 0 0 0 0 0 0 0 0 0 0 0 0 0 0 0 0 0 0 0 0 0 0 0 0 0 0 0 0 0 0 0 0 0 0 0 0 0 0 0 0 0 0 0 0 0 0 0 0 0 0 0 0 0 0 0 0 0 0 0 0 0 0 0
0 60 9 0 0 1 0 0 0 0 0 4 3 0 0 0 1 1 0 10 13 65 34 23 1 0 0 0 1 0 0 0 0 0 2 2 32 0 0 4 0 4 0 0 0 0 0 0 0 0 0 0 0 0 0 0 0 0 0 0 0 0 0 0 2 0 0 0 0 0 0 0 0 0 0 0 0 0 0 0 0 0 0 0 0 0 0 0 0 0 0 0 0 0 0 0 0 0 0 0 0 0 0 0 0 0 0 0 0 0 0 0 0 0 0 0 0 0 0 0 0 0 0 0 0 0 0 0 0 0 0 0 0 0 0 0 0 0 0 0 0 0 0 0 0 0 0 0 0 0
19 5 11 0 0 0 0 0 0 0 0 0 1 0 0 0 4 0 0 5 0 28 20 7 23 1 1 0 10 16 6 0 0 0 0 0 1 0 1 0 3 3 0 0 0 0 0 0 0 0 0 0 0 0 0 0 0 0 0 0 0 0 0 0 0 0 0 0 0 0 0 0 0 0 0 0 0 0 0 0 0 0 0 0 0 0 0 0 0 4 0 0 0 0 0 0 0 0 0 0 0 0 0 0 0 0 0 0 0 0 0 0 0 0 0 0 0 0 0 0 0 0 0 0 0 0 0 0 0 0 0 0 0 0 0 0 0 0 0 0 0 0 0 0 0 0 0 0 0 0
1 0 0 1 0 0 0 0 0 0 0 7 2 0 0 0 1 6 0 2 0 1 22 25 4 8 1 0 2 1 0 0 0 0 5 0 0 0 0 0 0 0 0 0 0 0 0 0 0 0 0 0 0 0 0 0 0 0 0 0 0 0 0 0 0 0 0 0 0 0 0 0 0 0 0 0 0 0 0 0 0 0 0 0 0 0 0 0 0 0 0 0 0 0 0 0 0 0 0 0 0 0 0 0 0 0 0 0 0 0 0 0 0 0 0 0 0 0 0 0 0 0 0 0 0 0 0 0 0 0 0 0 0 0 0 0 0 0 0 0 0 0 0 0 0 0 0 0 0 0
0 0 0 0 0 0 0 0 0 0 0 0 0 0 0 0 0 1 0 2 0 0 0 2 3 7 3 5 23 0 2 0 0 9 11 1 0 0 0 0 0 0 0 0 0 0 0 0 0 0 0 0 0 0 0 0 0 0 0 0 0 0 0 0 0 0 0 0 0 0 0 0 0 0 0 0 0 0 0 0 0 0 0 0 0 0 0 0 0 0 0 0 0 0 0 0 0 0 0 0 0 0 0 0 0 0 0 0 0 0 0 0 0 0 0 0 0 0 0 0 0 0 0 0 0 0 0 0 0 0 0 0 0 0 0 0 0 0 0 0 0 0 0 0 0 0 0 0 0 0
0 0 0 0 0 0 0 0 0 0 0 0 0 0 0 0 0 0 0 0 0 0 0 0 1 0 0 1 133 41 2 4 3 15 0 0 2 0 0 0 0 0 0 0 0 0 0 0 0 0 0 0 0 0 0 0 0 0 0 0 0 0 0 0 0 0 0 0 0 0 0 0 0 0 0 0 0 0 0 0 0 0 0 0 0 0 0 0 0 0 0 0 0 0 0 0 0 0 0 0 0 0 0 0 0 0 0 0 0 0 0 0 0 0 0 0 0 0 0 0 0 0 0 0 0 0 0 0 0 0 0 0 0 0 0 0 0 0 0 0 0 0 0 0 0 0 0 0 0 0
0 0 0 0 0 0 0 0 0 0 0 0 0 0 0 0 0 0 0 0 2 0 0 0 1 2 0 4 0 1 3 2 3 5 0 1 3 0 0 0 0 0 0 0 0 0 0 0 0 0 0 0 0 0 0 0 0 0 0 0 0 0 0 0 0 0 0 0 0 0 0 0 0 0 0 0 0 0 0 0 0 0 0 0 0 0 0 0 0 0 0 0 0 0 0 0 0 0 0 0 0 0 0 0 0 0 4 0 0 0 0 0 0 0 0 0 0 0 0 0 0 0 0 0 0 0 0 0 0 0 0 0 0 0 0 0 0 0 0 0 0 0 0 0 0 0 0 0 0 0
0 0 0 0 0 0 0 0 0 0 0 0 0 0 0 0 0 0 0 0 0 0 0 0 32 1 11 0 0 0 13 5 2 2 2 2 3 0 0 0 0 0 0 0 0 0 0 0 0 0 0 0 0 0 0 0 0 0 0 0 0 0 0 0 0 0 0 0 0 0 0 0 0 0 0 0 0 0 0 0 0 0 0 0 0 0 0 0 0 0 0 0 0 0 0 0 0 0 0 0 0 0 0 0 0 0 0 0 0 0 0 0 0 0 0 0 0 0 0 0 0 0 0 0 0 0 0 0 0 0 0 0 0 0 0 0 0 0 0 0 0 0 0 0 0 0 0 0 0 0
0 0 0 0 0 0 0 0 0 0 0 0 0 1 0 0 0 0 0 0 0 0 0 0 0 0 0 0 0 0 0 0 13 0 2 0 1 4 0 0 0 0 0 0 0 0 0 0 0 0 0 0 0 0 0 0 0 0 0 0 0 0 0 0 0 0 0 0 0 0 0 0 0 0 0 0 0 0 0 0 0 0 0 0 0 0 0 0 0 0 0 0 0 0 0 0 0 0 0 0 0 0 0 0 0 0 0 0 0 0 0 0 0 0 0 0 0 0 0 0 0 0 0 0 0 0 0 0 0 0 0 0 0 0 0 0 0 0 0 0 0 0 0 0 0 0 0 0 0 0
0 0 0 0 0 0 0 0 0 0 1 1 2 0 0 0 0 0 0 0 0 0 0 0 0 0 0 14 3 0 6 0 0 0 0 0 0 0 0 0 0 0 0 0 0 0 0 0 0 0 0 0 0 0 0 0 0 0 0 0 0 0 0 0 0 0 0 0 0 0 0 0 0 0 0 0 0 0 0 0 0 0 0 0 0 0 0 0 0 0 0 0 0 0 0 0 0 0 0 0 0 0 0 0 0 0 0 0 0 0 0 0 0 0 0 0 0 0 0 0 0 0 0 0 0 0 0 0 0 0 0 0 0 0 0 0 0 0 0 0 0 0 0 0 0 0 0 0 0 0
0 0 0 0 0 0 0 0 0 1 1 0 0 0 0 0 0 0 0 0 0 0 0 0 0 0 0 4 1 0 0 0 1 3 26 0 0 0 0 0 0 0 0 0 0 0 0 0 0 0 0 0 0 0 0 0 0 0 0 0 0 0 0 0 0 0 0 0 0 0 0 0 0 0 0 0 0 0 0 0 0 0 0 0 0 0 0 0 0 0 0 0 0 0 0 0 0 0 0 0 0 0 0 0 0 0 0 0 0 0 0 0 0 0 0 0 0 0 0 0 0 0 0 0 0 0 0 0 0 0 0 0 0 0 0 0 0 0 0 0 0 0 0 0 0 0 0 0 0 0
0 0 0 0 0 0 0 0 0 0 0 0 0 0 0 0 0 0 0 0 0 0 0 0 0 0 0 0 0 0 0 0 0 0 0 0 0 0 0 0 0 0 0 0 0 0 0 0 0 0 0 0 0 0 0 0 0 0 0 0 0 0 0 0 0 0 0 0 0 0 0 0 0 0 0 0 0 0 0 0 0 0 0 0 0 0 0 0 0 0 0 0 0 0 0 0 0 0 0 0 0 0 0 0 0 0 0 0 0 0 0 0 0 0 0 0 0 0 0 0 0 0 0 0 0 0 0 0 0 0 0 0 0 0 0 0 0 0 0 0 0 0 0 0 0 0 0 0 0 0
0 0 0 0 0 0 0 0 0 2 0 0 0 0 0 0 0 0 0 0 0 0 0 0 0 0 0 0 0 0 0 0 0 0 0 0 0 0 0 0 0 0 0 0 0 0 0 0 0 0 0 0 0 0 0 0 0 0 0 0 0 0 0 0 0 0 0 0 0 0 0 0 0 0 0 0 0 0 0 0 0 0 0 0 0 0 0 0 0 0 0 0 0 0 0 0 0 0 0 0 0 0 0 0 0 0 0 0 0 0 0 0 0 0 0 0 0 0 0 0 0 0 0 0 0 0 0 0 0 0 0 0 0 0 0 0 0 0 0 0 0 0 0 0 0 0 0 0 0 0
0 0 0 0 0 0 0 0 0 2 4 0 0 0 0 0 0 0 0 0 0 0 0 0 0 0 0 0 0 0 0 0 0 0 0 0 0 0 0 0 0 0 0 0 0 0 0 0 0 0 0 8 0 0 0 0 0 0 0 0 0 0 0 0 0 0 0 0 0 0 0 0 0 0 0 0 0 0 0 0 0 0 0 0 0 0 0 0 0 0 0 0 0 0 0 0 0 0 0 0 0 0 0 0 0 0 0 0 0 0 0 0 0 0 0 0 0 0 0 0 0 0 0 0 0 0 0 0 0 0 0 0 0 0 0 0 0 0 0 0 0 0 0 0 0 0 0 0 0 0
0 0 0 0 0 0 0 0 6 20 0 0 0 0 0 0 0 0 0 0 0 0 0 0 0 0 0 0 0 0 0 0 0 0 0 0 0 0 0 0 0 0 0 0 0 0 0 0 0 0 0 0 0 0 0 0 0 0 0 0 0 0 0 0 0 0 0 0 0 0 0 0 0 0 0 0 0 0 0 0 0 0 0 0 0 0 0 0 0 0 0 0 0 0 0 0 0 0 0 0 0 0 0 0 0 0 0 0 0 0 0 0 0 0 0 0 0 0 0 0 0 0 0 0 0 0 0 0 0 0 0 0 0 0 0 0 0 0 0 0 0 0 0 0 0 0 0 0 0 0
0 0 0 0 0 4 8 11 4 0 0 0 0 0 0 0 0 0 0 0 0 0 0 0 0 0 0 0 0 0 0 0 0 0 0 0 0 0 0 0 0 0 0 0 0 0 0 0 0 23 29 0 0 0 0 0 0 0 0 0 0 0 0 0 0 0 0 0 0 0 0 0 0 0 0 0 0 0 0 0 0 0 0 0 0 0 0 0 0 0 0 0 0 0 0 0 0 0 0 0 0 0 0 0 0 0 0 0 0 0 0 0 0 0 0 0 0 0 0 0 0 0 0 0 0 0 0 0 0 0 0 0 0 0 0 0 0 0 0 0 0 0 0 0 0 0 0 0 0 0
0 0 0 0 0 0 2 14 0 0 0 0 0 0 0 0 0 0 0 0 0 0 0 0 0 0 0 0 0 0 0 0 0 0 0 0 0 0 0 0 0 0 0 0 0 0 0 0 2 0 0 0 0 0 0 0 0 0 0 0 0 0 0 0 0 0 0 0 0 0 0 0 0 0 0 0 0 0 0 0 0 0 0 0 0 0 0 0 0 0 0 0 0 0 0 0 0 0 0 0 0 0 0 0 0 0 0 0 0 0 0 0 0 0 0 0 0 0 0 0 0 0 0 0 0 0 0 0 0 0 0 0 0 0 0 0 0 0 0 0 0 0 0 0 0 0 0 0 0 0
0 0 0 0 0 0 0 0 0 0 0 0 0 0 0 0 0 0 0 0 0 0 0 0 0 0 0 0 0 0 0 0 0 0 0 0 0 0 0 0 0 0 0 0 0 0 0 0 0 0 0 0 7 7 0 0 1 0 0 0 0 0 0 0 0 0 0 0 0 0 0 0 0 0 0 0 0 0 0 0 0 0 0 0 0 0 0 0 0 0 0 0 0 0 0 0 0 0 0 0 0 0 0 0 0 0 0 0 0 0 0 0 0 0 0 0 0 0 0 0 0 0 0 0 0 0 0 0 0 0 0 0 0 0 0 0 0 0 0 0 0 0 0 0 0 0 0 0 0 0
0 0 0 0 0 0 0 0 0 0 0 0 0 0 0 0 0 0 0 0 0 0 0 0 0 0 0 0 0 0 0 0 0 0 0 0 0 0 0 0 0 0 0 0 0 0 0 0 0 0 0 0 1 0 0 0 0 0 0 0 0 0 0 0 0 0 0 0 0 0 0 0 0 0 0 0 0 0 0 0 0 0 0 0 0 0 0 0 0 0 0 0 0 0 0 0 0 0 0 0 0 0 0 0 0 0 0 0 0 0 0 0 0 0 0 0 0 0 0 0 0 0 0 0 0 0 0 0 0 0 0 0 0 0 0 0 0 0 0 0 0 0 0 0 0 0 0 0 0 0
0 0 0 0 0 0 0 0 0 0 0 0 0 0 0 0 0 0 0 0 0 0 0 0 0 0 0 0 0 0 0 0 0 0 0 0 0 2 0 0 0 0 0 0 0 0 0 0 0 0 0 0 0 0 0 0 0 0 0 0 0 0 0 0 0 0 0 0 0 0 0 0 0 0 0 0 0 0 0 0 0 0 0 0 0 0 0 0 0 0 0 0 0 0 0 0 0 0 0 0 0 0 0 0 0 0 0 0 0 0 0 0 0 0 0 0 0 0 0 0 0 0 0 0 0 0 0 0 0 0 0 0 0 0 0 0 0 0 0 0 0 0 0 0 0 0 0 0 0 0
0 0 0 0 0 0 0 0 0 0 0 0 0 0 0 0 0 0 0 0 0 0 0 0 0 0 0 0 0 0 0 0 1 0 0 0 0 0 0 0 0 0 0 0 0 0 0 0 0 0 0 0 0 0 0 0 0 0 0 0 0 0 0 0 0 0 0 0 0 0 0 0 0 0 0 0 0 0 0 0 0 0 0 0 0 0 0 0 0 0 0 0 0 0 0 0 0 0 0 0 0 0 0 0 0 0 0 0 0 0 0 0 0 0 0 0 0 0 0 0 0 0 0 0 0 0 0 0 0 0 0 0 0 0 0 0 0 0 0 0 0 0 0 0 0 0 0 0 0 0
0 0 0 0 0 0 0 0 0 0 0 0 0 0 0 0 0 0 0 0 0 0 0 0 0 0 0 0 0 0 2 0 0 0 0 0 0 0 0 0 0 0 0 0 0 0 0 0 0 0 0 0 0 1 0 0 0 0 0 0 0 0 0 0 0 0 0 0 0 0 0 0 0 0 0 0 0 0 0 0 0 0 0 0 0 0 0 0 0 0 0 0 0 0 0 0 0 0 0 0 0 0 0 0 0 0 0 0 0 0 0 0 0 0 0 0 0 0 0 0 0 0 0 0 0 0 0 0 0 0 0 0 0 0 0 0 0 0 0 0 0 0 0 0 0 0 0 0 0 0
0 0 0 0 0 0 0 0 0 0 0 0 0 0 0 0 0 0 0 0 0 0 0 0 0 0 0 0 0 0 2 11 1 0 0 0 0 0 0 0 0 0 0 0 0 0 0 0 0 0 0 0 0 0 0 0 0 0 0 0 0 0 0 0 0 0 0 0 0 0 0 0 0 0 0 0 0 0 0 0 0 0 0 0 0 0 0 0 0 0 0 0 0 0 0 0 0 0 0 0 0 0 0 0 0 0 0 0 0 0 0 0 0 0 0 0 0 0 0 0 0 0 0 0 0 0 0 0 0 0 0 0 0 0 0 0 0 0 0 0 0 0 0 0 0 0 0 0 0 0
0 0 0 0 0 0 0 0 0 0 0 0 0 0 0 0 0 0 0 0 0 0 0 0 0 0 0 0 0 0 3 7 0 0 0 0 1 0 0 0 0 0 0 0 0 0 0 0 0 0 0 0 0 0 0 0 0 0 0 0 0 0 0 0 0 0 0 0 0 0 0 0 0 0 0 0 0 0 0 0 0 0 0 0 0 0 0 0 0 0 0 0 0 0 0 0 0 0 0 0 0 0 0 0 0 0 0 0 0 0 0 0 0 0 0 0 0 0 0 0 0 0 0 0 0 0 0 0 0 0 0 0 0 0 0 0 0 0 0 0 0 0 0 0 0 0 0 0 0 0
0 0 0 0 0 0 0 0 0 0 0 0 0 0 0 0 0 0 0 0 0 0 0 0 0 0 0 0 0 0 0 0 0 0 0 0 0 0 0 0 0 0 0 0 0 0 0 0 0 0 0 0 0 0 0 0 0 0 0 0 0 0 0 0 0 0 0 0 0 0 0 0 0 0 0 0 0 0 0 0 0 0 0 0 0 0 0 0 0 0 0 0 0 0 0 0 0 0 0 0 0 0 0 0 0 0 0 0 0 0 0 0 0 0 0 0 0 0 0 0 0 0 0 0 0 0 0 0 0 0 0 0 0 0 0 0 0 0 0 0 0 0 0 0 0 0 0 0 0 0
0 0 0 0 0 0 0 0 0 0 0 0 0 0 0 0 0 0 0 0 0 0 0 0 0 0 0 0 0 57 21 0 0 0 0 0 0 0 0 0 0 0 0 0 0 0 0 0 0 0 0 0 0 0 0 0 0 0 0 0 0 0 0 0 0 0 0 0 0 0 0 0 0 0 0 0 0 0 0 0 0 0 0 0 0 0 0 0 0 0 0 0 0 0 0 0 0 0 0 0 0 0 0 0 0 0 0 0 0 0 0 0 0 0 0 0 0 0 0 0 0 0 0 0 0 0 0 0 0 0 0 0 0 0 0 0 0 0 0 0 0 0 0 0 0 0 0 0 0 0
0 0 0 0 0 0 0 0 0 0 0 0 0 0 0 0 0 0 0 0 0 0 0 0 0 0 1 0 0 1 0 0 0 0 0 0 0 0 0 0 0 0 0 0 0 0 0 0 0 53 0 0 0 0 0 0 0 0 0 0 0 0 0 0 0 0 0 0 0 0 0 0 0 0 0 0 0 0 0 0 0 0 0 0 0 0 0 0 0 0 0 0 0 0 0 0 0 0 0 0 0 0 0 0 0 0 0 0 0 0 0 0 0 0 0 0 0 0 0 0 0 0 0 0 0 0 0 0 0 0 0 0 0 0 0 0 0 0 0 0 0 0 0 0 0 0 0 0 0 0
0 0 0 0 0 0 0 0 0 0 0 0 0 0 0 0 0 0 0 0 0 0 0 0 0 0 10 0 0 0 0 0 0 0 0 0 0 0 0 0 0 0 0 0 0 0 0 0 0 0 0 0 0 0 0 0 0 0 0 0 0 0 0 0 0 0 0 0 0 0 0 0 0 0 0 0 0 0 0 0 0 0 0 0 0 0 0 0 0 0 0 0 0 0 0 0 0 0 0 0 0 0 0 0 0 0 0 0 0 0 0 0 0 0 0 0 0 0 0 0 0 0 0 0 0 0 0 0 0 0 0 0 0 0 0 0 0 0 0 0 0 0 0 0 0 0 0 0 0 0
0 0 0 0 0 0 0 0 0 0 0 0 0 0 0 0 0 0 0 0 0 0 0 0 0 0 0 0 9 0 0 0 0 0 0 0 0 0 0 0 0 0 0 0 0 0 0 0 0 0 0 0 0 0 0 0 0 0 0 0 0 0 0 0 0 0 0 0 0 0 0 0 0 0 0 0 0 0 0 0 0 0 0 0 0 0 0 0 0 0 0 0 0 0 0 0 0 0 0 0 0 0 0 0 0 0 0 0 0 0 0 0 0 0 0 0 0 0 0 0 0 0 0 0 0 0 0 0 0 0 0 0 0 0 0 0 0 0 0 0 0 0 0 0 0 0 0 0 0 0
0 0 0 0 0 0 0 0 0 0 0 0 0 0 0 0 0 0 0 0 0 0 0 0 0 0 0 0 0 0 0 0 0 0 0 0 0 0 0 0 0 0 0 0 0 0 0 0 0 0 0 0 0 0 0 0 0 0 0 0 0 0 0 0 0 0 0 0 0 0 0 0 0 0 0 0 0 0 0 0 0 0 0 0 0 0 0 0 0 0 0 0 0 0 0 0 0 0 0 0 0 0 0 0 0 0 0 0 0 0 0 0 0 0 0 0 0 0 0 0 0 0 0 0 0 0 0 0 0 0 0 0 0 0 0 0 0 0 0 0 0 0 0 0 0 0 0 0 0 0
0 0 0 0 0 0 0 0 0 0 0 0 0 0 0 0 0 0 0 0 0 0 0 0 0 0 0 0 0 0 0 0 0 0 0 0 0 0 0 0 0 0 0 0 0 0 0 0 0 0 0 0 0 0 0 0 0 0 0 0 0 0 0 0 0 0 0 0 0 0 0 0 0 0 0 0 0 0 0 0 0 0 0 0 0 0 0 0 0 0 0 0 0 0 0 0 0 0 0 0 0 0 0 0 0 0 0 0 0 0 0 0 0 0 0 0 0 0 0 0 0 0 0 0 0 0 0 0 0 0 0 0 0 0 0 0 0 0 0 0 0 0 0 0 0 0 0 0 0 0
0 0 0 0 0 0 0 0 0 0 0 0 0 0 0 0 0 0 0 0 0 0 0 0 0 0 0 0 0 0 0 0 0 0 0 0 0 0 0 0 0 0 0 0 0 0 0 0 0 0 0 0 0 0 0 0 0 0 0 0 0 0 0 0 0 0 0 0 0 0 0 0 0 0 0 0 0 0 0 0 0 0 0 0 0 0 0 0 0 0 0 0 0 0 0 0 0 0 0 0 0 0 0 0 0 0 0 0 0 0 0 0 0 0 0 0 0 0 0 0 0 0 0 0 0 0 0 0 0 0 0 0 0 0 0 0 0 0 0 0 0 0 0 0 0 0 0 0 0 0
0 0 0 0 0 0 0 0 0 0 0 0 0 0 0 0 0 0 0 0 0 0 0 0 0 0 0 0 0 0 0 0 0 0 0 0 0 0 0 0 0 0 0 0 0 0 0 0 0 0 0 0 0 0 0 0 0 0 0 0 0 0 0 0 0 0 0 0 0 0 0 0 0 0 0 0 0 0 0 0 0 0 0 0 0 0 0 0 0 0 0 0 0 0 0 0 0 0 0 0 0 0 0 0 0 0 0 0 0 0 0 0 0 0 0 0 0 0 0 0 0 0 0 0 0 0 0 0 0 0 0 0 0 0 0 0 0 0 0 0 0 0 0 0 0 0 0 0 0 0
0 0 0 0 0 0 0 0 0 0 0 0 0 0 0 0 0 0 0 0 0 0 0 0 0 0 0 0 0 0 0 0 0 0 0 0 0 0 0 0 0 0 0 0 0 0 0 0 0 0 0 0 0 0 0 0 0 0 0 0 0 0 0 0 0 0 0 0 0 0 0 0 0 0 0 0 0 0 0 0 0 0 0 0 0 0 0 0 0 0 0 0 0 0 0 0 0 0 0 0 0 0 0 0 0 0 0 0 0 0 0 0 0 0 0 0 0 0 0 0 0 0 0 0 0 0 0 0 0 0 0 0 0 0 0 0 0 0 0 0 0 0 0 0 0 0 0 0 0 0
