0 1 17 2 0 0 1 0 7 138 10 7 0 16 0 0 0 2 11 0 1 4 0 0 5 19 0 1 0 0 0 0 0 4 5 0 0 0 4 4 0 2 0 0 2 0 0 0 0 0 0 0 0 0 0 1 0 0 1 9 62 16 14 10 0 14 19 0 0 0 0 5 17 202 179 344 211 45 61 26 31 182 68 57 107 230 264 177 26 222 849 808 116 627 441 628 1067 894 990 155 301 143 31 56 38 53 88 472 235 18 16 3 19 104 52 32 36 21 8 1 3 44 13 21 2 18 0 4 8 22 2 19 1 10 7 0 2 12 0 1 2 0 0 0 0 0 0 0 0 30
0 6 7 6 0 0 0 0 0 35 20 11 6 2 0 0 0 2 12 0 0 0 41 0 11 34 0 2 0 0 0 0 0 0 0 0 0 0 5 0 0 0 0 0 0 0 0 0 0 0 0 0 1 6 3 0 0 0 0 39 116 30 3 25 16 0 0 0 1 4 0 6 61 55 28 6 41 57 10 59 77 66 23 17 107 225 369 192 348 443 154 74 461 465 294 437 909 536 961 768 312 61 55 36 5 5 7 50 63 17 6 1 1 9 73 26 2 18 3 24 1 12 25 9 1 1 0 7 22 35 22 16 56 40 0 0 0 0 4 122 5 0 0 0 0 0 0 0 0 0
0 0 0 1 7 0 0 0 1 13 5 19 16 6 1 0 0 2 5 1 2 25 118 23 9 0 0 15 0 0 0 0 0 1 0 2 2 0 0 17 0 0 0 2 0 0 0 0 0 0 0 0 0 0 15 0 0 0 1 16 18 13 5 13 0 0 1 0 0 0 0 6 6 0 0 0 10 63 194 261 99 50 11 34 56 218 570 194 1 12 172 40 217 767 812 679 343 418 281 562 651 472 21 88 18 7 4 14 304 154 36 15 5 4 2 23 7 130 83 2 125 23 3 10 1 5 0 5 2 29 13 7 56 131 0 0 35 0 11 135 13 1 0 0 0 1 0 0 0 0
49 21 0 0 0 0 0 0 0 8 0 2 0 0 0 3 0 1 5 2 0 0 7 8 2 0 0 10 16 0 0 0 0 0 0 23 0 4 0 0 6 0 0 0 0 0 0 0 0 0 8 1 1 0 139 29 0 38 51 3 2 0 10 15 0 0 0 0 0 0 16 131 29 1 1 9 13 124 253 384 167 121 135 257 130 33 86 144 11 224 1043 1239 1230 845 739 437 123 247 597 574 611 522 211 22 68 147 58 15 453 141 40 37 36 7 0 16 44 137 124 33 67 112 21 2 0 4 1 1 10 2 6 15 21 0 26 4 28 5 1 10 96 9 0 0 0 0 0 0 0 0
0 21 0 0 0 0 0 0 1 5 1 0 0 0 0 12 6 3 2 0 2 0 4 0 3 0 2 0 0 1 1 0 0 0 0 13 6 0 0 0 1 0 0 0 0 0 0 0 2 8 2 0 1 1 37 257 51 40 3 0 10 0 0 24 0 0 0 0 0 15 78 52 188 190 32 94 50 181 407 442 360 397 430 490 415 102 77 90 22 301 1207 1654 512 1129 394 238 121 657 409 818 536 1065 650 606 372 294 54 21 17 8 8 18 21 37 4 1 2 31 181 66 316 808 142 12 4 1 7 1 1 1 1 0 0 0 3 2 0 1 0 2 87 7 0 0 0 0 0 0 0 0
25 2 0 2 0 0 0 0 5 0 8 0 0 0 0 2 1 0 14 56 5 26 0 0 0 0 0 0 1 2 1 0 0 0 11 87 40 17 0 0 0 1 0 0 0 0 0 0 0 12 23 9 2 3 3 53 56 7 16 3 1 0 11 1 0 0 0 0 4 81 117 167 213 221 122 91 46 103 93 604 900 764 483 77 1 127 124 41 7 234 1560 1170 253 632 1185 817 172 1578 655 471 435 463 1159 540 62 139 35 76 5 5 0 1 20 54 11 18 35 6 3 48 277 212 8 2 3 5 3 2 3 0 5 0 0 0 0 0 6 0 1 0 1 3 0 0 0 0 0 0 0 0
1 0 1 1 0 2 0 0 0 3 12 0 0 0 1 0 0 1 0 0 1 6 3 0 0 0 0 0 0 0 0 0 0 1 0 4 2 3 0 0 0 0 0 0 0 0 0 0 0 3 2 3 3 10 3 29 24 5 42 17 5 19 7 0 6 2 0 0 6 86 65 89 254 327 293 154 339 179 502 549 1147 1563 1103 677 290 35 10 163 79 96 1315 1331 270 619 927 530 288 509 564 83 32 250 194 265 47 72 104 15 32 24 48 203 290 51 46 41 7 0 21 23 109 96 14 3 8 4 5 2 0 0 1 0 0 0 0 0 2 20 0 0 0 2 2 0 0 0 0 0 0 0
0 0 0 2 0 0 0 0 4 0 0 0 0 0 1 0 0 0 0 0 0 0 0 0 0 0 0 0 0 0 12 0 0 0 5 1 1 0 9 21 0 0 0 0 0 0 0 0 0 0 0 0 1 18 11 18 0 47 78 89 89 70 54 3 20 57 0 0 4 75 5 2 35 51 124 69 108 118 632 915 1468 1015 1073 267 151 183 238 589 348 98 668 143 117 577 482 507 341 770 654 282 137 326 454 800 176 193 26 79 98 58 302 440 140 68 35 80 4 5 3 30 27 5 4 13 6 8 10 1 4 0 0 0 0 1 0 0 0 0 0 0 0 0 0 0 0 0 0 0 0 0
5 0 0 0 0 0 0 0 8 7 0 0 0 1 8 0 0 0 1 0 0 0 0 0 0 0 0 0 0 0 1 0 0 0 1 0 0 1 0 0 0 0 0 0 0 0 0 0 0 0 0 0 2 19 0 0 4 80 10 82 283 209 31 5 8 16 7 11 4 27 10 1 1 4 3 31 16 21 183 690 1429 1345 792 47 26 38 527 315 283 85 18 28 347 848 1044 1121 146 323 375 408 346 292 105 342 727 229 249 457 38 43 857 348 211 25 60 6 2 9 17 8 17 9 7 13 19 0 1 7 0 0 6 0 0 0 0 0 0 0 0 0 0 0 0 0 0 0 0 0 0 0
0 0 0 0 0 0 0 1 14 6 0 0 0 0 0 0 0 0 0 0 0 0 0 0 0 0 0 0 0 0 0 0 0 0 2 0 0 0 10 1 1 0 0 0 0 0 2 0 2 4 1 0 10 6 0 2 3 1 1 36 29 134 27 18 0 1 0 1 3 12 0 0 0 0 0 46 26 150 732 698 1069 913 668 353 748 747 446 225 352 202 79 15 27 636 994 1488 564 188 79 10 58 200 31 16 170 629 384 281 97 12 532 499 422 98 8 260 503 596 223 25 112 51 60 32 79 15 21 5 9 20 49 24 1 1 4 0 0 0 0 0 0 0 0 0 0 0 0 0 0 0
0 5 5 0 0 0 0 0 1 2 0 2 0 0 0 5 2 2 1 0 0 0 0 0 0 0 0 0 0 0 0 1 0 0 0 4 0 0 3 1 0 7 4 1 0 0 6 7 19 22 13 6 11 2 0 0 2 11 68 19 1 235 11 13 0 1 4 0 0 16 0 0 0 0 0 0 30 68 288 284 468 188 738 369 349 453 396 320 609 458 49 3 13 215 486 820 688 40 23 70 16 23 18 21 162 340 938 392 138 153 524 358 182 99 0 165 446 995 792 344 615 261 292 194 165 425 199 70 93 51 22 159 36 52 63 0 0 0 0 0 0 0 0 0 0 0 0 0 0 0
5 0 3 0 0 0 0 0 8 1 0 0 0 0 0 0 10 6 0 0 0 0 0 0 0 0 0 0 0 0 0 0 2 1 1 0 0 3 3 2 2 19 14 28 2 1 2 1 2 0 0 0 5 4 9 4 0 3 2 16 0 8 0 3 1 8 2 2 4 0 2 1 0 0 0 3 218 15 123 435 647 263 131 121 223 134 70 22 205 472 53 0 1 6 15 91 967 437 328 24 0 4 23 54 57 47 506 293 40 109 434 361 132 281 96 190 476 333 1000 872 388 412 272 106 193 273 2 0 0 50 4 0 107 56 28 0 0 0 0 0 0 0 0 0 0 0 0 0 0 0
1 0 2 0 0 0 2 0 3 2 0 0 0 0 0 0 0 20 4 0 0 1 0 1 0 0 0 0 0 0 0 0 0 0 0 2 2 1 0 0 0 5 48 1 38 0 1 9 0 0 0 0 14 4 3 0 0 0 4 7 1 5 1 0 0 5 0 3 0 6 14 0 0 0 2 36 91 65 196 80 243 260 84 4 38 15 3 0 0 6 3 0 7 35 94 31 785 444 726 585 21 27 52 53 46 19 36 456 680 320 936 781 205 768 188 216 21 77 1132 1119 292 208 161 3 61 254 9 2 38 36 0 0 47 11 7 0 0 0 0 0 0 0 0 0 0 0 0 0 0 0
0 0 0 0 0 0 1 5 0 0 0 0 0 0 0 0 0 0 94 12 2 0 0 0 0 0 0 0 0 2 8 0 0 0 0 0 2 0 0 0 0 1 0 71 32 0 0 0 5 1 1 16 5 0 0 0 0 0 29 0 22 21 2 4 1 0 25 64 26 17 74 0 2 9 9 528 667 452 243 41 30 403 81 14 35 149 23 2 3 33 3 1 0 36 14 34 113 558 226 247 1 23 349 78 312 78 103 565 275 795 1336 1829 954 254 203 331 333 548 903 505 234 95 0 13 0 29 10 0 10 2 0 0 6 0 0 0 0 0 0 0 0 0 0 0 0 0 0 0 0 0
0 0 0 0 0 0 2 0 6 5 0 0 0 0 0 0 0 0 2 8 9 1 0 0 0 0 0 0 0 0 0 0 0 0 0 0 0 0 0 0 0 0 0 16 30 0 0 0 1 8 11 47 1 0 10 0 13 7 29 11 128 27 27 29 10 33 155 147 201 145 45 1 4 4 115 870 1761 867 346 120 0 130 49 7 11 30 42 17 0 23 15 6 5 6 2 6 63 405 254 304 31 56 546 455 1379 1384 2184 1332 1230 1231 1150 1139 835 538 596 354 167 145 94 177 159 197 74 23 0 69 72 11 9 23 7 0 0 0 1 0 0 0 0 0 0 0 0 0 0 0 0 0 0 0
0 0 0 0 0 0 0 63 14 1 1 0 0 0 0 0 3 0 2 3 0 20 17 4 0 0 0 0 1 5 0 0 0 0 0 0 0 0 0 1 0 0 0 0 1 23 0 0 0 33 93 83 0 0 1 12 44 104 11 117 23 29 7 50 44 53 139 57 78 85 168 110 100 171 424 896 1464 805 295 32 7 21 4 1 0 0 27 36 16 88 4 9 1 0 9 36 48 27 47 13 13 2 1234 684 753 598 1152 494 705 1317 1992 1149 1455 480 435 568 46 205 133 105 51 6 193 407 50 95 20 5 1 7 0 0 0 0 35 1 0 0 0 0 0 0 0 0 0 0 0 0 0 0
0 0 0 0 0 0 0 4 1 0 0 0 2 0 1 0 11 2 2 1 2 0 58 30 41 10 1 0 0 0 0 0 0 0 0 0 0 0 0 0 0 0 1 2 0 20 2 1 2 18 26 5 2 11 40 102 112 145 65 71 5 2 0 1 0 3 0 1 0 0 3 3 60 109 300 398 395 310 131 0 1 0 5 0 0 0 0 88 113 15 5 0 7 2 3 23 20 0 5 137 26 251 913 849 394 195 408 577 429 855 887 517 1205 549 785 185 36 103 160 6 0 8 41 76 105 424 7 12 4 0 0 0 0 0 0 0 0 0 0 0 0 0 0 0 0 0 0 0 0 0
0 0 0 0 1 6 1 1 0 0 0 0 2 0 0 2 0 3 1 0 1 2 0 0 17 3 8 39 3 0 0 0 0 0 0 0 1 0 0 3 0 0 0 1 1 27 64 8 3 47 64 16 14 81 40 33 53 83 359 15 0 0 0 0 1 4 8 66 2 27 97 20 101 17 125 203 148 143 20 15 0 0 3 5 1 0 0 17 100 14 0 31 59 40 10 14 2 0 23 551 198 96 142 109 132 546 179 221 555 495 140 315 193 298 274 68 92 137 7 5 2 4 1 23 113 839 148 45 2 1 0 2 0 0 0 0 0 0 0 0 0 0 0 0 0 0 0 0 0 0
0 0 1 2 0 6 1 0 0 0 0 0 2 0 0 0 2 1 2 2 0 4 8 5 3 1 55 66 22 0 0 0 1 0 4 12 4 0 0 0 0 1 0 6 14 15 18 2 13 424 140 18 22 24 7 51 191 124 30 57 75 28 1 0 0 0 15 9 1 21 39 64 50 10 4 99 211 53 13 52 26 0 7 46 0 9 13 28 16 2 3 67 72 340 22 2 0 30 165 12 136 265 97 54 155 201 126 531 356 0 2 115 16 483 129 0 8 4 0 0 1 0 1 8 71 239 229 333 17 1 0 0 0 0 0 0 0 0 0 0 0 0 0 0 0 0 0 0 0 0
0 1 0 0 0 1 0 0 0 0 0 0 0 1 0 0 1 0 0 1 3 12 100 13 6 5 5 32 171 8 0 1 1 0 0 0 0 0 0 0 0 2 13 41 9 119 97 9 4 185 54 4 0 14 65 8 21 100 5 0 1 1 0 0 0 8 0 0 10 9 78 28 20 0 0 56 14 0 19 2 11 0 1 1 0 13 17 0 13 13 6 56 9 6 1 18 0 16 22 1 676 920 642 191 93 294 117 299 235 7 1 0 4 341 61 0 0 0 0 0 0 1 0 8 10 8 13 131 17 0 0 0 0 0 0 0 0 0 0 0 0 0 0 0 0 0 0 0 0 1
0 0 0 0 2 0 0 0 0 0 0 0 1 1 0 2 0 0 3 0 2 5 7 5 0 9 8 3 5 16 1 14 9 1 0 0 0 0 0 2 6 12 19 21 16 20 21 43 90 413 305 89 20 32 14 4 6 2 0 0 0 5 11 14 178 118 0 0 6 15 73 43 3 0 4 131 201 81 7 40 3 18 8 13 1 3 2 5 35 16 10 0 0 2 0 0 0 1 277 401 1437 947 566 137 7 32 99 320 3 0 0 0 0 9 0 0 0 0 0 0 0 0 1 0 0 0 60 28 0 0 0 0 0 0 0 0 0 0 0 0 0 0 0 0 0 0 0 0 0 0
0 0 0 0 0 0 0 0 0 0 0 0 0 18 0 4 1 0 0 0 1 3 16 2 3 1 2 0 0 0 14 73 15 4 1 0 0 16 0 1 79 17 1 0 0 0 4 10 187 892 359 254 18 2 2 2 1 0 0 0 1 3 1 0 16 9 28 9 5 62 58 30 47 0 2 23 144 130 98 73 39 46 1 44 13 11 14 16 203 52 32 7 0 2 5 8 5 0 108 441 241 86 50 0 7 21 144 81 12 0 0 0 17 130 0 0 0 0 0 0 0 0 0 0 0 72 56 2 5 9 6 0 0 0 0 0 0 0 0 0 0 0 0 0 0 0 0 0 1 0
0 1 0 2 0 0 0 0 0 0 0 0 0 5 2 1 0 0 0 0 0 3 13 0 1 0 0 0 0 0 0 8 52 7 1 0 39 124 29 31 2 0 0 0 0 0 7 46 50 399 252 98 4 0 2 0 0 7 9 5 0 0 0 0 8 1 18 1 0 10 14 41 43 40 0 1 7 32 25 34 4 46 37 0 2 15 2 0 0 0 5 2 11 0 0 4 12 0 2 0 8 0 13 41 59 36 68 53 126 150 58 20 65 0 0 0 0 0 0 0 0 0 0 8 35 85 146 0 0 0 8 0 0 0 0 0 0 0 0 0 0 0 0 0 0 0 0 0 0 0
0 0 3 0 0 0 0 0 0 0 0 0 0 0 3 0 1 1 0 1 5 0 0 2 0 1 2 0 0 1 1 3 11 12 12 11 25 50 14 0 0 0 0 1 12 103 34 58 6 105 190 40 3 2 3 6 12 21 3 0 0 0 0 0 0 1 0 3 0 0 1 7 116 105 12 16 0 0 0 0 0 12 76 104 3 1 2 0 0 0 0 6 2 3 0 0 2 0 1 1 3 0 2 149 58 53 53 4 3 51 12 644 29 0 0 0 0 0 0 0 0 0 1 24 15 51 24 158 6 0 0 0 0 0 0 0 0 0 0 0 0 0 0 0 0 0 0 0 0 0
0 0 0 0 0 0 0 0 0 0 0 0 0 2 0 0 0 2 0 0 2 0 1 0 0 0 0 0 0 0 0 1 21 17 124 0 2 58 1 0 0 0 0 46 101 46 85 2 12 27 52 39 20 14 14 7 2 5 1 2 0 0 0 0 0 0 0 14 5 4 2 1 13 22 80 7 0 0 0 0 0 2 24 59 27 3 0 0 0 16 4 2 0 4 5 1 8 2 0 2 13 5 2 27 585 0 0 4 0 0 0 122 3 0 0 3 8 0 2 0 0 0 0 0 0 55 60 42 0 0 4 0 0 0 0 0 22 0 0 0 1 0 0 0 0 0 0 0 0 0
0 0 0 0 0 0 0 0 0 0 0 0 0 0 2 0 2 1 4 0 0 4 0 3 1 0 1 3 0 0 0 0 14 32 69 0 0 9 0 2 0 1 1 15 110 10 2 0 11 1 25 11 0 7 0 2 1 0 0 0 0 1 0 0 18 5 7 5 11 1 6 20 0 3 1 6 7 0 0 0 4 0 0 5 1 15 11 5 0 10 0 2 1 2 10 2 1 1 12 2 11 18 12 109 352 147 0 4 0 0 0 42 11 1 15 5 0 0 0 0 1 0 0 0 0 104 24 22 1 0 0 0 0 0 0 0 14 45 0 0 0 0 0 0 0 0 0 0 0 0
0 0 0 0 0 0 0 0 0 0 6 0 0 2 1 0 0 3 1 0 3 4 7 3 0 0 0 18 4 1 0 8 2 9 14 6 0 1 5 12 20 4 2 22 116 4 3 1 1 7 17 35 0 1 0 5 1 1 0 0 0 0 0 1 13 0 0 2 3 3 4 4 2 1 0 1 11 2 0 0 0 1 13 2 5 5 19 15 4 1 5 2 0 2 2 4 1 0 0 0 13 13 4 4 68 278 16 6 0 0 0 0 0 10 17 27 0 0 2 0 0 0 0 0 20 248 38 28 0 6 0 0 0 0 0 1 5 18 0 0 0 0 0 0 0 0 0 0 0 0
0 0 0 0 0 0 0 0 0 0 0 6 0 3 4 3 8 44 7 0 10 34 6 3 1 0 0 1 2 3 13 3 0 40 3 0 1 13 14 10 46 88 6 133 180 3 4 0 5 4 0 33 26 18 3 4 0 0 0 0 0 0 0 1 0 0 0 4 9 26 137 29 4 12 0 1 0 6 1 0 0 0 0 0 0 0 0 4 9 5 13 1 3 0 0 0 0 0 0 1 0 3 17 8 10 618 808 28 8 0 0 0 0 0 0 0 9 135 39 14 0 0 0 33 204 46 67 336 451 14 0 0 4 0 2 6 6 5 0 0 0 0 0 0 0 0 0 0 0 0
0 0 0 0 0 0 0 1 1 5 1 3 17 16 23 7 50 131 4 4 2 3 0 0 0 0 0 8 17 0 1 3 9 2 8 26 7 15 133 157 456 827 382 243 117 12 0 3 3 1 0 5 62 18 5 0 0 0 0 0 0 0 0 0 0 0 0 0 0 1 13 18 13 0 9 11 0 13 9 0 0 8 4 0 11 0 0 0 4 10 6 0 4 3 15 21 9 1 1 0 2 2 2 25 229 482 382 333 15 0 0 0 0 0 0 7 315 97 16 0 0 0 8 178 299 225 772 698 112 32 0 0 0 22 0 11 0 0 0 0 0 0 0 0 0 0 0 0 0 0
0 0 0 0 0 0 0 2 8 15 20 70 31 7 0 0 7 13 1 4 3 6 19 35 6 7 7 0 0 0 3 4 2 4 39 31 3 10 187 378 636 1203 735 702 82 15 3 6 17 0 5 4 62 84 14 7 0 0 0 0 0 0 0 0 0 0 0 0 2 0 0 3 0 0 0 0 0 12 18 0 0 0 0 0 15 0 0 0 2 1 1 1 10 28 3 31 0 0 0 5 0 8 13 9 38 84 5 98 26 0 0 0 3 0 154 169 555 294 47 62 15 25 9 171 244 210 520 583 549 465 71 70 16 93 4 0 0 0 0 0 0 0 0 0 0 0 0 0 0 0
0 0 0 0 0 0 2 6 7 5 4 6 6 2 3 10 0 0 22 10 3 11 154 32 0 0 0 0 0 1 4 6 0 1 7 27 21 40 58 108 503 463 478 177 25 6 15 3 1 3 1 2 27 5 5 4 0 0 0 0 0 0 0 0 0 0 0 0 5 0 1 1 0 0 0 3 3 6 7 1 16 10 21 11 28 0 0 0 28 19 1 0 7 13 0 0 6 5 3 0 6 0 1 4 1 5 0 7 49 3 7 15 1 0 78 876 866 493 156 223 155 104 86 6 3 8 350 534 12 61 24 239 721 50 35 6 0 0 0 0 0 0 0 0 0 0 0 0 0 0
0 0 0 0 0 0 1 2 0 0 2 13 2 2 0 6 0 0 14 51 316 75 13 0 0 0 0 4 2 12 2 3 14 37 34 9 1 8 0 67 522 379 346 118 165 26 3 0 3 9 0 0 5 17 14 5 0 1 0 0 0 0 0 0 0 0 0 0 0 0 0 0 0 0 0 0 0 1 6 0 19 12 32 123 39 1 0 0 1 0 0 0 8 4 1 1 10 1 0 1 3 0 0 1 9 8 1 31 233 136 331 441 123 260 440 870 686 213 64 400 66 181 13 5 128 311 456 112 8 0 73 368 424 142 113 4 0 0 0 0 0 0 0 0 0 0 0 0 0 0
0 0 0 0 0 1 1 6 1 0 3 4 2 11 1 12 4 9 17 14 92 1 0 0 0 0 0 0 1 6 3 52 13 5 2 11 10 1 2 6 34 136 114 51 4 0 0 0 0 2 0 6 62 4 5 2 3 2 1 0 0 0 0 0 0 0 0 0 0 0 0 0 0 0 0 13 3 33 15 4 5 18 21 1 0 0 0 0 4 2 6 0 0 7 8 11 6 0 0 1 5 2 0 1 0 1 11 11 183 52 140 117 62 483 860 474 297 297 81 426 89 12 2 26 6 117 173 1 0 0 84 395 3 0 3 0 0 0 0 0 0 0 0 0 0 0 0 0 0 0
0 0 1 0 0 7 14 4 2 0 1 0 0 9 19 4 2 4 32 47 35 0 0 0 0 0 3 0 0 6 80 2 41 4 8 0 1 0 6 2 24 8 1 0 2 0 0 0 0 2 0 11 182 17 23 36 31 2 0 3 0 0 0 0 0 0 0 0 0 0 0 0 0 0 0 0 0 6 0 6 0 2 3 0 0 0 0 0 0 0 0 0 3 27 9 1 10 1 0 5 3 0 0 3 0 0 8 107 93 11 0 16 139 413 245 346 216 279 294 180 271 1 0 0 0 0 0 0 0 0 2 114 33 0 0 0 0 0 0 0 0 0 0 0 0 0 0 0 0 0
0 0 0 0 1 5 5 27 1 1 3 0 5 21 4 16 43 13 8 1 2 8 5 0 0 0 0 33 15 8 29 48 17 1 6 8 4 3 2 10 14 19 1 1 0 0 8 0 0 0 1 34 142 68 7 36 2 0 0 0 0 0 0 0 0 0 0 0 0 0 0 0 0 0 0 0 3 14 7 0 0 0 1 0 0 0 0 0 8 1 21 1 25 54 3 9 1 2 0 3 1 0 0 0 0 2 4 97 549 2 0 0 0 0 1 2 13 27 363 623 53 2 0 0 0 6 4 0 0 0 0 3 112 1 0 0 0 0 0 0 0 0 0 0 0 0 0 0 0 0
0 1 0 12 0 1 23 59 8 6 6 9 10 1 1 144 104 33 3 8 0 0 7 5 6 13 5 11 2 2 12 10 7 2 0 2 2 0 1 1 15 9 0 2 1 0 2 0 0 0 0 65 4 51 22 5 2 0 0 0 0 0 0 0 0 0 0 0 0 0 0 0 0 0 0 0 4 19 1 0 0 0 0 0 0 0 0 0 27 0 8 0 8 45 0 0 0 0 5 2 0 1 1 7 15 7 31 49 204 0 0 0 0 0 8 0 0 1 165 367 245 145 0 0 5 59 0 0 0 87 138 66 55 7 0 0 0 0 0 0 0 0 0 0 0 0 0 0 0 0
0 0 0 0 0 1 3 0 0 2 64 6 1 3 20 57 78 38 14 5 1 0 7 6 8 19 15 1 0 2 0 0 0 5 6 1 0 0 0 6 5 15 9 1 1 0 6 1 4 0 11 49 65 58 29 14 2 0 0 0 0 0 0 0 0 0 0 0 0 0 0 0 0 1 0 0 0 19 109 2 2 5 0 0 0 0 1 121 31 0 3 1 1 1 0 7 0 0 2 6 32 25 14 19 9 16 23 26 83 13 0 0 0 10 108 135 235 638 200 306 1063 185 1 14 405 40 0 0 0 187 218 0 0 0 0 0 0 0 0 0 0 0 0 0 0 0 0 0 0 0
0 2 1 3 0 0 8 7 13 3 9 122 15 18 0 1 5 14 4 1 2 0 1 7 10 5 2 1 48 4 0 0 0 0 0 0 0 1 2 0 1 27 31 17 4 1 2 0 0 0 4 112 64 10 2 0 0 0 0 1 0 0 0 0 0 0 0 0 0 0 0 0 0 0 0 3 0 4 43 14 1 3 0 0 0 0 1 17 0 0 1 0 2 13 0 1 0 0 1 3 0 0 5 9 22 0 19 29 41 14 0 0 9 0 164 681 875 548 78 43 85 308 331 360 171 1 0 3 9 521 231 0 0 0 0 0 0 0 0 0 0 0 0 0 0 0 0 0 0 0
0 0 1 0 0 0 6 5 0 0 18 48 0 4 0 1 0 3 1 6 0 0 2 0 0 1 2 3 17 0 0 0 0 0 0 0 0 2 29 1 0 2 0 2 2 0 0 1 0 0 0 163 4 3 3 0 2 1 0 0 4 0 0 0 0 0 0 0 0 0 0 0 0 0 0 0 0 12 98 80 12 21 35 2 0 0 2 0 3 1 0 2 8 47 1 0 0 0 0 5 3 3 2 8 2 6 25 6 31 0 0 2 50 15 34 37 3 56 496 272 29 205 1380 541 501 390 252 289 1234 2215 1049 40 1 0 0 0 0 0 0 0 0 0 0 0 0 0 0 0 0 0
0 2 2 0 0 7 6 3 0 14 41 1 1 1 5 7 0 5 0 0 0 0 0 0 0 47 40 3 1 0 0 2 1 1 0 0 0 0 3 10 0 1 2 1 0 2 16 0 2 7 12 373 61 14 0 2 0 3 2 3 0 0 0 1 0 0 0 0 0 0 0 0 0 0 0 0 4 22 44 3 5 25 21 0 0 0 0 0 7 5 0 4 7 12 6 16 14 1 0 1 6 0 1 3 14 17 13 5 105 54 4 22 33 2 2 11 1 267 498 541 500 690 1092 1135 1624 1304 1238 1212 1458 1062 1268 13 0 0 0 0 0 0 0 0 0 0 0 0 0 0 0 0 0 0
0 9 0 0 3 5 0 0 6 3 0 3 2 0 12 43 3 4 0 1 0 0 0 1 2 10 8 0 7 0 2 1 2 2 5 1 2 3 3 0 0 0 6 0 0 0 1 0 3 60 589 627 13 79 8 1 7 3 7 8 2 0 0 0 0 0 0 0 0 0 0 0 0 0 0 2 0 0 0 3 0 4 0 0 0 0 0 1 1 3 0 1 15 0 0 3 0 0 0 2 10 0 21 2 28 22 58 68 1 10 7 5 3 5 3 9 5 79 590 1551 1434 824 278 1069 2296 1391 297 909 748 46 185 58 0 0 0 0 0 0 0 0 0 0 0 0 0 0 0 0 0 0
2 5 0 9 6 3 1 1 17 2 0 0 3 5 4 4 3 0 2 0 0 0 0 1 9 6 0 1 1 0 0 75 26 1 0 1 1 0 5 0 0 0 0 0 0 0 2 0 5 21 748 1090 771 705 32 28 2 2 4 20 2 0 0 0 0 0 0 0 0 0 0 0 0 0 1 0 0 0 0 17 0 1 0 0 0 0 0 21 100 0 0 19 23 0 0 0 0 0 0 21 14 1 42 45 14 137 453 63 3 0 2 4 3 2 0 11 17 7 124 648 521 467 273 2309 2076 1381 609 274 14 779 2149 963 20 0 0 0 0 0 0 0 0 0 0 0 0 0 0 0 0 0
1 3 0 22 1 0 11 19 33 5 18 65 3 4 1 0 0 0 0 0 0 0 0 0 0 0 0 3 0 0 1 12 34 3 3 0 2 1 0 0 0 0 0 1 0 0 2 0 0 8 177 469 614 444 123 130 8 1 6 1 0 0 1 0 0 0 0 0 0 0 0 0 0 0 0 0 0 0 0 55 4 7 23 0 0 0 0 21 59 4 7 30 115 1 0 0 0 0 0 9 13 60 37 45 43 11 5 19 0 0 0 0 3 0 0 3 7 10 7 58 382 271 313 849 1538 1236 566 676 507 1583 1559 425 1 0 0 0 0 0 0 0 0 0 0 0 0 0 0 0 0 0
2 7 2 15 5 7 11 9 1 1 9 10 2 0 0 0 0 0 0 0 0 0 1 0 0 0 0 1 1 1 3 1 1 1 0 3 0 0 0 0 0 0 0 0 0 1 9 5 2 12 108 192 421 63 41 11 3 1 6 2 0 1 0 0 0 1 0 0 0 0 0 0 0 0 0 0 0 0 0 0 2 4 0 0 0 4 42 76 28 2 2 197 238 26 4 0 0 0 0 25 69 8 56 284 35 2 11 2 41 3 0 0 0 1 1 6 10 16 31 30 54 707 787 527 452 1025 1340 1821 317 210 139 190 0 0 0 0 0 0 0 0 0 0 0 0 0 0 0 0 0 0
1 3 22 0 6 2 6 66 10 10 4 10 2 2 0 0 0 0 0 2 0 0 2 1 0 0 0 0 0 1 0 0 0 0 0 1 0 0 2 0 0 0 0 0 0 1 0 0 3 21 10 20 121 31 26 1 0 58 71 1 0 0 3 0 0 0 0 0 0 0 0 0 0 0 0 0 0 0 0 0 2 7 12 40 14 13 2 0 16 52 257 193 116 7 3 8 0 1 36 67 90 283 349 495 326 57 24 4 3 10 0 0 1 0 3 2 2 69 35 347 744 908 1932 2428 1085 308 1804 2913 1698 0 0 1 0 0 0 0 0 0 0 0 0 0 0 0 0 0 0 0 0 0
1 6 31 0 11 21 20 42 10 18 1 0 7 0 0 0 0 0 0 0 0 2 0 0 0 0 0 0 9 0 0 0 0 2 0 0 0 0 0 0 6 0 0 0 0 0 0 2 8 4 0 4 56 29 21 2 0 16 98 13 3 3 0 0 0 0 0 0 0 0 0 0 0 0 0 0 0 0 0 0 0 9 18 1 4 16 1 51 23 40 201 163 177 20 53 12 7 3 0 2 146 386 885 209 282 149 4 14 1 13 9 0 0 0 3 4 20 565 492 1063 855 27 15 165 425 360 455 1212 440 8 111 6 0 0 0 0 0 0 0 0 0 0 0 0 0 0 0 0 0 0
7 7 98 14 79 147 83 13 1 1 0 2 5 4 0 1 0 0 0 0 1 1 0 0 0 0 0 0 0 0 0 0 0 0 0 0 0 0 0 0 2 2 1 0 1 3 0 0 3 3 1 2 21 0 1 3 0 2 5 31 8 0 0 0 0 0 0 0 0 0 0 0 0 0 0 0 0 0 0 0 27 57 5 1 47 2 147 64 2 1 4 10 14 1 0 1 0 0 0 7 15 101 886 260 263 354 20 19 9 20 14 0 0 0 0 18 272 673 150 17 0 0 0 0 43 421 247 721 538 34 49 36 0 0 0 0 0 0 0 0 0 0 0 0 0 0 0 0 0 0
2 29 148 170 501 565 246 81 3 0 0 0 0 0 2 1 0 0 0 0 4 7 0 0 0 0 0 0 0 0 0 0 0 0 0 0 0 0 0 0 0 2 0 6 3 18 0 24 1 0 0 21 18 1 0 1 2 1 25 8 0 9 0 0 0 0 0 0 0 0 0 0 0 0 0 0 0 0 5 31 3 1 0 0 19 2 56 208 52 1 0 0 0 0 0 0 0 0 0 0 0 163 534 146 303 252 9 4 0 9 10 3 0 0 13 133 227 4 29 66 0 0 0 0 14 402 389 888 351 9 84 4 0 0 0 0 0 0 0 0 0 0 0 0 0 0 0 0 0 0
6 86 433 1254 494 332 183 34 0 2 0 10 1 0 0 0 0 1 0 1 2 3 0 0 0 0 0 1 0 0 0 0 0 0 0 0 0 0 4 0 1 4 0 2 6 0 0 9 59 0 0 0 16 0 0 2 1 1 1 0 0 1 0 0 0 0 0 0 0 0 0 0 0 0 0 0 0 15 0 1 0 0 0 0 0 0 70 68 7 0 1 3 0 0 0 0 0 0 0 0 13 67 26 39 237 151 0 0 2 4 20 30 9 21 12 4 0 2 14 45 34 67 10 0 19 98 151 289 139 2 0 0 0 0 0 0 0 0 0 0 0 0 0 0 0 0 0 0 0 0
0 16 230 185 159 234 67 16 0 1 0 2 0 0 0 2 0 0 2 1 4 4 0 0 1 0 0 0 0 5 0 0 0 0 0 0 0 0 1 0 0 0 1 0 1 0 1 2 10 6 1 0 0 0 0 11 0 0 0 0 0 0 0 0 0 0 0 0 0 0 0 0 0 0 0 0 0 1 0 0 0 0 0 0 0 0 101 32 9 43 37 3 0 0 6 13 0 0 0 556 978 212 257 173 9 130 88 8 1 1 17 50 11 3 0 0 0 0 30 60 82 118 250 314 96 70 5 1 0 0 0 0 0 0 0 0 0 0 0 0 0 0 0 0 0 0 0 0 0 0
20 31 52 144 114 64 1 3 1 1 58 0 11 0 0 0 0 1 0 0 0 73 0 0 0 4 0 2 0 3 0 0 0 1 1 1 1 0 0 0 2 0 0 1 4 37 6 0 0 0 0 0 1 0 1 24 0 0 0 0 0 0 0 0 0 0 0 0 0 0 0 0 0 0 0 0 3 8 0 0 0 0 0 0 0 0 30 1 0 25 41 2 0 0 40 160 87 11 218 1471 679 590 406 36 1 19 73 108 0 7 42 0 0 0 0 0 3 13 77 57 200 43 41 112 30 53 55 15 120 32 25 0 0 1 0 0 0 0 0 0 0 0 0 0 0 0 0 0 0 0
66 16 35 3 0 0 0 1 3 0 0 0 0 0 2 0 0 0 1 0 0 5 2 0 0 0 0 1 0 2 2 0 0 6 9 0 0 0 0 0 0 0 0 1 1 15 0 5 1 0 0 0 0 2 80 25 3 0 0 0 0 0 0 0 0 0 0 0 0 0 0 0 0 0 41 8 0 0 0 0 0 0 0 0 0 0 20 1 0 1 94 8 12 9 111 316 146 17 243 172 18 5 40 42 7 4 0 207 508 116 0 0 0 0 13 0 0 3 5 3 65 0 5 8 52 69 130 58 438 246 87 0 0 0 0 0 0 0 0 0 0 0 0 0 0 0 0 0 0 0
17 0 10 0 0 0 3 1 0 0 0 2 0 0 0 0 0 0 0 0 0 0 2 1 0 0 1 0 1 0 12 54 4 1 0 0 0 0 0 0 0 0 0 2 0 1 0 0 0 0 0 1 6 1 23 1 0 0 0 0 0 0 0 0 0 0 0 0 0 0 0 0 0 0 15 20 1 0 0 0 0 0 0 0 0 0 77 73 218 75 150 18 4 6 3 60 25 5 0 2 3 3 1 1 3 10 182 288 296 47 5 0 5 0 2 0 0 25 2 0 6 22 12 7 8 157 155 251 197 264 43 0 1 0 0 0 0 0 0 0 0 0 0 0 0 0 0 0 0 0
1 4 2 4 3 0 0 0 0 0 0 0 0 0 0 0 0 2 1 0 0 0 1 0 0 0 0 0 1 0 2 2 1 0 0 0 0 0 0 0 0 0 0 0 0 3 0 0 0 0 1 2 15 28 7 2 0 0 0 0 0 0 0 0 0 0 0 0 0 0 0 0 0 3 1 0 0 0 0 0 0 0 0 0 0 0 5 0 140 5 0 0 0 4 4 25 1 4 0 0 0 9 1 6 3 157 936 565 508 177 0 0 0 0 0 0 0 0 99 15 2 44 4 34 9 15 154 84 33 24 13 6 0 0 0 0 0 0 0 0 0 0 0 0 0 0 0 0 0 0
0 0 0 0 1 8 0 0 0 0 0 0 0 0 0 0 1 0 0 0 0 0 0 9 0 0 1 3 0 0 0 0 0 0 0 0 0 0 1 0 0 0 0 0 0 0 0 0 0 0 4 3 5 104 7 5 0 2 0 0 0 0 0 0 0 0 0 0 0 0 3 4 2 1 2 0 0 0 0 3 0 0 0 0 0 0 10 0 3 0 0 0 5 46 3 0 3 0 10 1 5 2 7 0 44 115 202 42 91 236 0 0 0 0 0 0 0 0 2 13 1 24 4 67 100 50 181 67 48 43 9 0 0 0 0 0 0 0 1 0 0 0 0 0 0 0 0 0 0 0
0 0 0 0 1 39 0 0 0 0 0 0 0 0 0 0 1 0 0 0 0 0 0 0 0 0 1 0 0 0 0 0 0 0 0 1 0 0 2 0 0 0 3 0 0 1 0 0 0 1 2 0 8 2 9 0 10 5 0 0 0 0 0 0 0 0 0 3 1 7 2 0 0 0 0 0 0 0 0 0 0 0 0 0 0 0 2 0 8 0 0 30 177 30 0 0 0 0 1 9 6 7 22 10 159 59 3 4 8 12 9 0 0 0 0 0 0 0 0 0 36 9 5 8 0 0 0 220 12 8 1 0 0 0 0 0 0 0 0 0 0 0 0 0 0 0 0 0 0 0
0 0 0 0 66 16 0 0 0 0 0 0 0 1 5 0 0 1 0 0 0 0 0 0 0 0 0 1 1 0 2 1 0 0 0 0 0 0 2 0 1 0 0 0 0 0 0 0 0 1 1 0 0 5 1 6 12 0 0 2 0 0 0 0 0 0 0 0 11 0 0 0 0 0 0 0 0 0 0 0 0 0 0 0 0 0 0 2 48 75 187 360 217 14 0 0 0 0 0 45 98 423 316 111 27 30 5 0 0 20 19 0 0 0 0 0 0 0 0 0 1 0 0 0 0 16 178 68 0 0 0 0 0 0 0 0 0 0 0 0 0 0 0 0 0 0 0 0 0 0
0 0 0 0 0 4 1 0 0 0 0 0 1 1 0 0 0 0 0 0 0 0 0 0 0 0 1 0 0 9 0 0 0 0 0 4 0 0 0 0 0 0 0 0 2 5 0 0 0 1 3 0 0 3 1 1 2 1 0 0 0 0 0 0 0 0 0 0 11 1 0 0 0 0 0 0 0 0 0 0 0 0 0 0 1 0 3 0 204 131 213 136 111 41 0 5 4 4 5 106 240 141 189 32 1 0 0 0 0 23 1 0 0 0 0 0 0 0 0 2 4 36 57 0 0 70 44 10 0 0 0 0 0 0 0 0 0 0 0 0 0 0 0 0 0 0 0 0 0 0
0 0 0 0 1 2 0 0 0 0 0 0 19 27 1 1 0 0 0 0 0 0 0 0 0 8 1 0 0 11 0 0 0 0 2 6 0 0 0 0 0 0 0 2 5 7 7 0 0 0 3 0 2 20 6 0 0 2 0 0 0 0 0 0 0 0 0 11 45 0 0 0 0 0 0 0 0 0 0 0 0 0 0 0 5 19 39 4 5 14 0 1 5 5 30 0 0 3 17 37 141 0 2 0 0 0 0 2 2 58 31 60 3 0 0 0 0 0 0 0 0 0 0 0 0 0 0 5 0 0 0 0 0 0 0 0 0 0 0 0 0 0 0 0 0 0 0 0 0 0
0 0 0 0 3 0 0 0 0 0 0 0 0 0 6 3 0 1 1 0 0 0 0 0 0 0 4 0 0 0 0 0 0 0 0 2 0 0 0 0 0 0 0 0 0 0 1 9 0 4 1 0 0 2 5 4 4 2 0 0 0 0 0 0 0 0 7 26 20 0 0 0 0 0 0 0 0 0 0 0 0 0 0 1 54 2 4 0 5 27 3 2 11 2 5 27 2 41 26 18 60 21 3 5 8 0 0 36 155 176 148 461 113 30 0 0 0 0 0 0 0 0 1 0 0 0 0 0 0 0 0 0 0 0 0 0 0 0 0 0 0 0 0 0 0 0 0 0 0 0
0 0 0 3 3 3 1 0 0 0 0 0 0 0 0 0 1 0 0 0 0 0 0 0 0 0 0 0 1 2 0 0 0 0 0 0 0 0 7 0 0 0 0 0 0 1 0 3 10 1 0 0 0 1 0 74 151 2 6 0 0 0 0 0 2 11 70 88 0 0 1 4 0 0 0 0 0 0 0 0 0 0 0 32 56 0 0 24 12 5 4 6 3 0 0 7 83 26 12 1 3 1 10 5 0 5 8 38 88 61 217 55 303 140 5 0 0 0 0 0 0 0 0 0 0 0 0 0 0 0 0 0 0 0 0 0 0 0 0 0 0 0 0 0 0 0 0 0 0 0
0 0 1 0 0 0 0 0 0 0 0 2 4 0 0 2 4 0 0 0 0 0 0 1 0 0 0 1 0 0 0 0 0 0 0 1 0 0 0 0 0 0 0 0 0 1 3 9 71 1 2 0 0 1 9 3 1 8 37 10 0 9 2 7 6 10 1 1 0 0 0 0 0 0 0 0 0 0 0 0 0 0 0 0 0 0 1 15 1 10 2 0 0 0 8 213 13 0 0 0 0 1 1 0 62 58 264 993 464 56 21 0 372 158 0 0 0 0 0 0 0 0 0 0 0 0 0 0 0 0 0 0 0 0 0 0 0 0 0 0 0 0 0 0 0 0 0 0 0 0
0 0 1 1 5 58 11 6 9 0 1 1 0 2 2 0 2 0 0 1 0 0 0 0 0 0 0 0 0 0 5 0 0 0 0 0 0 0 3 2 1 1 0 0 1 3 22 7 1 3 0 0 0 3 7 6 2 0 0 4 0 0 0 0 2 0 2 9 0 13 0 6 0 0 0 0 0 0 0 0 0 0 0 0 1 0 0 0 0 0 3 13 0 0 129 18 1 0 0 0 1 4 0 51 106 109 246 448 299 286 181 235 473 1 0 0 0 0 0 0 0 0 0 0 0 0 0 0 0 0 0 0 0 0 0 0 0 0 0 0 0 0 0 0 0 0 0 0 0 0
0 0 1 0 22 42 2 0 2 0 0 0 0 1 0 0 1 0 0 0 0 0 0 0 0 0 0 0 0 0 0 0 0 0 2 0 0 1 0 0 0 3 10 0 1 0 6 3 5 0 2 0 1 2 1 0 0 0 1 3 0 0 2 2 1 0 3 2 3 0 0 0 1 18 0 0 0 0 0 0 0 0 0 0 0 0 0 0 1 0 0 0 16 40 9 25 243 1 0 0 0 0 0 77 230 247 3 1 5 32 0 12 9 0 0 0 0 0 0 0 0 0 0 0 0 0 0 0 0 0 0 0 0 0 0 0 0 0 0 0 0 0 0 0 0 0 0 0 0 0
1 2 1 1 1 2 0 0 9 3 0 0 0 0 0 0 0 0 1 2 0 0 0 0 0 0 0 0 0 0 0 1 0 0 1 0 0 0 0 0 0 0 0 1 0 0 0 1 8 7 0 0 1 0 0 0 0 0 3 4 3 4 1 0 0 0 0 0 0 0 0 2 6 0 0 0 0 0 0 0 0 0 0 0 0 0 0 0 1 0 0 24 80 20 29 156 318 0 0 0 0 0 0 5 16 0 0 0 0 1 31 73 0 0 0 0 0 0 0 0 0 0 0 0 0 0 0 0 0 0 0 0 0 0 0 0 0 0 0 0 0 0 5 8 4 0 0 0 0 0
0 0 0 0 1 1 0 0 0 2 0 0 1 0 2 4 0 0 0 0 0 0 0 0 0 0 0 0 0 0 0 0 0 0 0 0 0 0 0 0 0 0 0 0 0 0 0 0 0 7 4 0 0 2 0 0 0 0 2 4 3 0 0 0 0 0 0 0 0 0 4 0 0 0 0 0 0 0 0 0 0 0 0 0 0 0 0 0 43 2 2 33 188 173 14 1 0 0 0 0 0 0 2 3 0 0 1 5 0 130 207 5 0 0 0 0 0 0 0 0 0 0 0 0 0 0 0 0 0 0 0 0 0 0 0 0 0 0 0 0 0 0 0 2 1 0 0 0 0 0
0 1 0 0 2 0 0 0 0 0 0 0 0 4 0 0 1 1 0 0 0 0 0 0 0 0 0 0 0 0 0 0 8 0 0 0 0 0 0 0 0 0 0 0 0 0 0 0 0 0 2 2 7 0 0 0 0 0 3 7 2 1 0 0 0 0 0 0 0 0 0 1 0 0 0 0 0 0 0 0 0 0 0 0 0 0 0 0 0 2 11 125 528 0 0 6 1 0 0 0 0 0 0 2 4 2 0 3 18 17 70 26 0 0 0 0 0 0 0 0 0 0 0 0 0 0 0 0 0 0 0 0 0 0 0 0 0 0 0 0 0 0 0 0 0 0 0 0 0 0
0 0 0 0 1 0 0 0 0 0 0 1 11 0 0 1 0 0 2 0 0 0 0 0 1 0 0 0 0 0 0 0 0 0 0 0 2 0 0 0 0 0 0 0 0 0 0 0 0 0 2 11 0 0 0 1 3 2 1 8 5 0 0 0 0 0 0 0 0 0 3 86 0 0 0 0 0 0 0 0 0 0 0 0 0 0 0 0 11 1 17 36 19 13 11 0 0 0 0 0 0 0 0 0 0 0 0 0 0 0 0 0 0 0 0 0 0 0 0 0 0 0 0 0 0 0 0 0 0 0 0 0 0 0 0 0 0 0 0 0 0 0 0 0 0 0 0 0 0 0
0 0 0 0 0 0 0 0 0 0 1 0 0 0 0 0 0 0 0 0 0 1 8 64 0 0 0 0 0 0 0 0 0 0 0 0 6 0 0 0 0 0 0 0 0 0 0 0 0 0 0 13 1 1 3 1 0 0 1 0 2 29 17 0 0 0 0 0 0 0 0 4 5 0 7 0 0 0 0 0 0 0 0 0 0 0 0 0 0 5 3 64 35 31 28 1 0 0 0 0 0 0 0 0 0 0 0 0 0 0 0 0 0 0 0 0 0 0 0 0 0 0 0 0 0 0 0 0 0 0 0 0 0 0 0 0 0 0 0 0 0 0 0 0 0 0 0 0 0 0
0 0 0 0 0 0 0 0 0 0 0 2 0 0 0 0 0 0 0 0 0 1 1 8 12 0 0 0 0 0 0 0 0 0 0 0 1 1 0 0 0 0 0 0 0 0 0 0 0 0 1 52 27 3 2 2 0 0 0 0 2 23 70 0 0 0 0 0 0 0 0 0 1 0 15 0 0 0 0 0 0 0 0 0 0 0 0 0 0 5 39 48 0 79 75 22 0 0 1 0 0 0 0 0 0 0 0 0 0 0 0 0 0 0 0 0 0 0 0 0 0 0 0 0 0 0 0 0 0 0 0 0 0 0 0 0 0 0 0 0 0 0 0 0 0 0 0 0 0 0
0 0 0 0 0 0 0 0 0 0 0 0 5 18 0 0 0 0 0 0 0 0 0 0 0 1 0 0 0 0 3 0 0 0 0 0 0 0 0 1 1 0 0 0 0 0 0 0 0 6 16 53 150 18 23 4 0 1 0 0 0 4 0 0 0 0 0 0 0 0 0 0 0 0 5 0 0 0 0 0 0 0 0 0 0 0 1 0 0 0 0 16 44 28 28 15 0 0 0 0 0 0 0 0 0 0 0 0 0 0 0 0 0 0 0 0 0 0 0 0 0 0 0 0 0 0 0 0 0 0 0 0 0 0 0 0 0 0 0 0 0 0 0 0 0 0 0 0 0 0
0 0 0 0 0 0 0 0 1 0 0 0 5 4 2 3 3 2 7 0 0 0 0 0 1 1 1 0 0 0 0 0 1 0 0 0 0 0 0 0 0 0 0 0 0 0 0 0 4 4 6 17 198 1 30 0 0 0 0 0 2 1 5 0 0 0 0 0 0 0 0 0 0 0 0 0 0 0 0 0 0 0 0 0 0 0 0 0 0 0 0 3 17 11 5 3 5 1 0 10 0 0 0 0 0 0 0 0 0 0 0 0 0 0 0 0 0 0 0 0 0 0 0 0 0 0 0 0 0 0 0 0 0 0 0 0 0 0 0 0 0 0 0 0 0 0 0 0 0 0
0 0 0 0 3 0 0 0 0 5 0 0 0 0 2 0 1 0 0 0 0 0 0 4 1 4 0 0 0 0 0 0 0 2 0 0 0 0 0 0 0 0 0 0 0 0 0 0 0 1 0 18 24 0 0 0 0 0 0 1 13 2 0 1 0 0 0 0 0 0 0 0 0 0 0 0 0 0 0 0 0 0 0 0 0 0 0 0 0 0 0 0 0 0 0 3 15 3 1 1 2 0 0 0 0 0 0 0 0 0 0 0 0 0 0 0 0 0 0 0 0 0 0 0 0 0 0 0 0 0 0 0 0 0 0 0 0 0 0 0 0 0 0 0 0 0 0 0 0 0
2 0 1 0 0 0 0 0 0 0 0 0 0 0 0 0 0 0 1 0 0 0 0 0 0 0 3 0 0 0 1 2 1 1 18 3 0 0 0 0 0 0 0 0 0 0 5 9 0 0 0 0 0 0 0 0 0 0 0 1 2 0 0 0 0 0 0 0 0 0 0 0 0 0 1 0 0 0 0 0 0 0 0 0 0 0 0 0 0 0 0 0 0 0 0 10 28 10 0 0 0 0 0 0 0 0 0 0 0 0 0 0 0 0 0 0 0 0 0 0 0 0 0 0 0 0 0 0 0 0 0 0 0 0 0 0 0 0 0 0 0 0 0 0 3 14 0 0 0 0
1 0 0 0 0 0 0 0 0 0 0 1 0 0 0 0 2 0 0 5 0 1 0 0 0 0 0 0 0 0 1 1 0 0 0 1 0 2 0 0 0 0 0 0 1 0 16 0 0 0 0 0 0 0 0 0 0 0 0 0 1 1 0 0 0 0 0 0 0 0 0 53 7 0 0 0 0 0 0 0 0 0 0 0 0 0 0 0 0 0 0 0 0 0 5 2 6 5 0 0 5 0 2 0 0 0 0 0 0 0 0 0 0 0 0 0 0 0 0 0 0 0 0 0 0 0 0 0 0 0 0 0 0 0 0 0 0 0 0 0 0 0 0 0 0 0 0 0 0 0
0 0 0 0 1 0 0 0 0 0 0 2 1 0 0 0 2 0 4 0 0 0 0 0 0 0 0 0 0 0 0 0 0 0 0 0 0 0 0 0 0 0 0 0 1 0 0 0 0 0 0 0 0 0 0 0 0 0 0 0 5 0 0 0 0 0 0 0 0 0 29 37 0 0 0 0 0 0 0 0 0 0 0 0 0 0 0 0 0 0 0 0 0 0 6 0 0 0 0 0 0 2 0 0 0 0 0 0 0 0 0 0 0 0 0 0 0 0 0 0 0 0 0 0 0 0 0 0 0 0 0 0 0 0 0 0 0 0 0 0 0 0 0 0 0 0 0 0 0 0
0 0 0 0 0 0 0 0 0 1 4 1 9 0 0 4 0 0 0 0 0 0 0 0 0 0 0 0 0 0 0 0 0 0 0 0 0 0 0 0 0 0 0 0 7 0 0 0 0 0 0 0 0 0 0 0 0 0 0 2 3 0 0 0 0 0 0 0 0 0 20 0 0 0 0 0 0 0 0 0 0 0 0 0 0 0 0 0 0 0 0 0 0 0 2 3 4 0 0 0 0 0 0 0 0 0 0 0 0 0 0 0 0 0 0 0 0 0 0 0 0 0 0 0 0 0 0 0 0 0 0 0 0 0 0 0 0 0 0 0 0 0 0 0 0 0 0 0 0 0
1 0 0 0 0 0 0 0 0 1 2 1 3 1 0 5 2 4 0 0 0 0 0 0 0 0 0 0 0 0 0 0 0 0 0 0 0 0 0 0 0 0 0 3 0 0 0 0 0 0 0 0 0 0 0 0 0 0 0 16 1 0 0 0 0 0 0 0 14 0 0 0 0 0 0 0 0 0 0 0 0 0 0 0 0 0 0 0 0 0 0 1 0 0 0 0 5 1 2 6 0 0 0 0 0 0 0 0 0 0 0 0 0 0 0 0 0 0 0 0 0 0 0 0 0 0 0 0 0 0 0 0 0 0 0 0 0 0 0 0 0 0 0 0 0 0 0 0 0 0
0 0 0 0 0 0 0 1 0 0 0 0 6 0 0 0 2 5 8 0 0 0 0 0 0 0 0 0 0 0 0 0 0 0 0 0 5 1 2 4 0 0 14 3 0 0 0 0 0 0 0 0 0 0 0 0 0 0 0 0 27 10 1 0 2 0 0 2 64 56 0 0 0 0 0 0 0 0 0 0 0 0 0 0 0 0 0 0 0 0 0 0 0 0 0 0 2 0 1 0 0 0 0 0 0 0 0 0 0 0 0 0 0 0 0 0 0 0 0 0 0 0 0 0 0 0 0 0 0 0 0 0 0 0 0 0 0 0 0 0 0 0 0 0 0 0 0 0 0 0
1 1 1 1 1 0 0 0 0 0 0 1 51 9 1 0 35 0 6 20 0 2 0 39 3 2 0 0 0 0 4 1 0 0 7 1 7 10 9 7 0 2 17 0 0 0 0 0 0 0 0 0 0 0 0 0 0 0 0 0 0 2 1 3 78 29 21 2 0 0 0 0 0 0 0 0 0 0 0 0 0 0 0 0 0 0 0 0 0 0 0 0 0 0 0 0 0 0 0 0 0 0 0 0 0 0 0 0 0 0 0 0 0 0 0 0 0 0 0 0 0 0 0 0 0 0 0 0 0 0 0 0 0 0 0 0 0 0 0 0 0 0 0 0 0 0 0 0 0 0
9 86 14 0 0 0 0 0 0 0 0 4 6 0 0 0 14 1 2 5 37 110 62 27 1 0 0 0 0 1 0 1 0 1 0 6 42 2 0 4 0 6 0 0 0 0 0 0 0 0 0 0 0 0 0 0 0 0 0 0 0 0 0 0 16 3 0 0 0 0 0 0 0 0 0 0 0 0 0 0 0 0 0 0 0 0 0 0 0 0 0 0 0 0 0 0 0 0 0 0 0 0 0 0 0 0 0 0 0 0 0 0 0 0 0 0 0 0 0 0 0 0 0 0 0 0 0 0 0 0 0 0 0 0 0 0 0 0 0 0 0 0 0 0 0 0 0 0 0 0
44 12 12 1 1 8 0 0 0 0 0 1 6 0 0 1 13 3 0 4 5 47 31 9 12 7 0 0 6 20 2 0 0 0 0 0 0 2 2 4 7 17 0 0 0 0 0 0 0 0 0 0 0 0 0 0 0 0 0 0 0 0 0 0 0 1 0 0 0 0 0 0 0 0 0 0 0 0 0 0 0 0 0 0 0 0 0 0 0 2 0 0 0 0 0 0 0 0 0 0 0 0 0 0 0 0 0 0 0 0 0 0 0 0 0 0 0 0 0 0 0 0 0 0 0 0 0 0 0 0 0 0 0 0 0 0 0 0 0 0 0 0 0 0 0 0 0 0 0 0
0 0 0 2 1 0 0 0 0 0 0 1 6 2 0 0 1 3 2 6 0 5 16 17 3 8 7 7 1 2 0 0 0 0 2 2 1 0 0 1 0 3 0 0 0 0 0 0 0 0 0 0 0 0 0 0 0 0 0 0 0 0 0 0 0 0 0 0 0 0 0 0 0 0 0 0 0 0 0 0 0 0 0 0 0 0 0 0 0 0 0 0 0 0 0 0 0 0 0 0 0 0 0 0 0 0 0 0 0 0 0 0 0 0 0 0 0 0 0 0 0 0 0 0 0 0 0 0 0 0 0 0 0 0 0 0 0 0 0 0 0 0 0 0 0 0 0 0 0 0
0 0 1 0 0 0 0 0 0 0 0 0 0 3 0 0 0 1 0 2 0 0 0 7 3 12 6 7 37 0 1 1 4 5 5 0 0 0 0 0 0 0 0 0 0 0 0 0 0 0 0 0 0 0 0 0 0 0 0 0 0 0 0 0 1 0 0 0 0 0 0 0 0 0 0 0 0 0 0 0 0 0 0 0 0 0 0 0 0 0 0 0 0 0 0 0 0 0 0 0 0 0 0 0 0 0 0 0 0 0 0 0 0 0 0 0 0 0 0 0 0 0 0 0 0 0 0 0 0 0 0 0 0 0 0 0 0 0 0 0 0 0 0 0 0 0 0 0 0 0
2 0 0 0 0 0 0 0 0 0 0 0 0 0 0 0 0 0 0 0 0 0 1 0 3 0 2 5 165 92 4 3 2 26 7 0 4 0 0 0 0 0 0 0 0 0 0 0 0 0 0 0 0 0 0 0 0 0 0 0 0 0 0 0 0 0 0 0 0 0 0 0 0 0 0 0 0 0 0 0 0 0 0 0 0 0 0 0 0 0 0 0 0 0 0 0 0 0 0 0 0 0 0 0 0 0 0 0 0 0 0 0 0 0 0 0 0 0 0 0 0 0 0 0 0 0 0 0 0 0 0 0 0 0 0 0 0 0 0 0 0 0 0 0 0 0 0 0 0 0
0 0 0 0 0 0 0 0 0 0 0 0 0 3 0 0 0 0 0 0 1 0 0 0 0 1 1 2 0 0 5 0 1 8 0 1 9 0 0 0 0 0 0 0 0 0 0 0 0 0 0 0 0 0 0 0 0 0 0 0 0 0 0 0 0 0 0 0 0 0 0 0 0 0 0 0 0 0 0 0 0 0 0 0 0 0 0 0 0 0 0 0 0 0 0 0 0 0 0 0 0 0 0 0 0 0 0 0 0 0 0 0 0 0 0 0 0 0 0 0 0 0 0 0 0 0 0 0 0 0 0 0 0 0 0 0 0 0 0 0 0 0 0 0 0 0 0 0 0 0
0 0 0 0 0 0 0 0 0 0 0 0 0 0 0 0 0 0 0 0 0 2 0 0 10 6 9 1 0 0 5 8 2 1 0 3 0 3 0 0 0 0 0 0 0 0 0 0 0 0 0 0 0 0 0 0 0 0 0 0 0 0 0 0 0 0 0 0 0 0 0 0 0 0 0 0 0 0 0 0 0 0 0 0 0 0 0 0 0 0 0 0 0 0 0 0 0 0 0 0 0 0 0 0 0 0 0 0 0 0 0 0 0 0 0 0 0 0 0 0 0 0 0 0 0 0 0 0 0 0 0 0 0 0 0 0 0 0 0 0 0 0 0 0 0 0 0 0 0 0
0 0 0 0 0 0 0 0 0 0 0 0 3 5 0 0 0 0 0 0 0 0 0 0 0 0 1 0 0 0 0 0 6 1 0 0 2 3 0 0 0 0 0 0 0 0 0 0 0 0 0 0 0 0 0 0 0 0 0 0 0 0 0 0 0 0 0 0 0 0 0 0 0 0 0 0 0 0 0 0 0 0 0 0 0 0 0 0 0 0 0 0 0 0 0 0 0 0 0 0 0 0 0 0 0 0 0 0 0 0 0 0 0 0 0 0 0 0 0 0 0 0 0 0 0 0 0 0 0 0 0 0 0 0 0 0 0 0 0 0 0 0 0 0 0 0 0 0 0 0
1 0 0 0 0 0 0 0 0 0 2 2 4 0 0 0 0 0 0 0 0 0 0 0 0 0 0 14 3 3 5 0 5 0 1 1 0 0 0 0 0 0 0 0 0 0 0 0 0 0 0 0 0 0 0 0 0 0 0 0 0 0 0 0 0 0 0 0 0 0 0 0 0 0 0 0 0 0 0 0 0 0 0 0 0 0 0 0 0 0 0 0 0 0 0 0 0 0 0 0 0 0 0 0 0 0 0 0 0 0 0 0 0 0 0 0 0 0 0 0 0 0 0 0 0 0 0 0 0 0 0 0 0 0 0 0 0 0 0 0 0 0 0 0 0 0 0 0 0 0
0 0 0 0 0 0 0 0 0 0 1 0 0 0 0 0 0 0 0 0 0 0 0 0 0 0 0 4 3 0 0 0 1 5 0 0 0 0 0 0 0 0 0 0 0 0 0 0 0 0 0 0 0 0 0 0 0 0 0 0 0 0 0 0 0 0 0 0 0 0 0 0 0 0 0 0 0 0 0 0 0 0 0 0 0 0 0 0 0 0 0 0 0 0 0 0 0 0 0 0 0 0 0 0 0 0 0 0 0 0 0 0 0 0 0 0 0 0 0 0 0 0 0 0 0 0 0 0 0 0 0 0 0 0 0 0 0 0 0 0 0 0 0 0 0 0 0 0 0 0
0 0 0 0 0 0 0 0 0 0 5 0 0 3 0 0 0 0 0 0 0 0 0 0 0 0 2 0 1 0 0 0 1 1 0 0 0 0 0 0 0 0 0 0 0 0 0 0 0 0 0 0 0 0 0 0 0 0 0 0 0 0 0 0 0 0 0 0 0 0 0 0 0 0 0 0 0 0 0 0 0 0 0 0 0 0 0 0 0 0 0 0 0 0 0 0 0 0 0 0 0 0 0 0 0 0 0 0 0 0 0 0 0 0 0 0 0 0 0 0 0 0 0 0 0 0 0 0 0 0 0 0 0 0 0 0 0 0 0 0 0 0 0 0 0 0 0 0 0 0
0 0 0 0 0 0 0 0 0 0 4 0 0 1 2 0 0 0 0 0 0 0 0 0 0 0 0 0 0 0 0 0 0 0 0 0 0 0 0 0 0 0 0 0 0 0 0 0 0 0 0 0 0 0 0 0 0 0 0 0 0 0 0 0 0 0 0 0 0 0 0 0 0 0 0 0 0 0 0 0 0 0 0 0 0 0 0 0 0 0 0 0 0 0 0 0 0 0 0 0 0 0 0 0 0 0 0 0 0 0 0 0 0 0 0 0 0 0 0 0 0 0 0 0 0 0 0 0 0 0 0 0 0 0 0 0 0 0 0 0 0 0 0 0 0 0 0 0 0 0
0 0 0 0 0 0 0 0 0 6 5 0 0 0 0 0 0 0 0 0 0 0 0 0 0 0 0 0 0 0 0 0 0 0 0 0 0 0 0 0 0 0 0 0 0 0 0 0 0 0 0 3 0 0 0 0 0 0 0 0 0 0 0 0 0 0 0 0 0 0 0 0 0 0 0 0 0 0 0 0 0 0 0 0 0 0 0 0 0 0 0 0 0 0 0 0 0 0 0 0 0 0 0 0 0 0 0 0 0 0 0 0 0 0 0 0 0 0 0 0 0 0 0 0 0 0 0 0 0 0 0 0 0 0 0 0 0 0 0 0 0 0 0 0 0 0 0 0 0 0
0 0 0 0 0 0 0 0 8 28 0 0 0 0 0 0 0 0 0 0 0 0 0 0 0 0 0 0 0 0 0 0 0 0 0 0 0 0 0 0 0 0 0 0 0 0 0 0 0 0 3 0 0 0 0 0 0 0 0 0 0 0 0 0 0 0 0 0 0 0 0 0 0 0 0 0 0 0 0 0 0 0 0 0 0 0 0 0 0 0 0 0 0 0 0 0 0 0 0 0 0 0 0 0 0 0 0 0 0 0 0 0 0 0 0 0 0 0 0 0 0 0 0 0 0 0 0 0 0 0 0 0 0 0 0 0 0 0 0 0 0 0 0 0 0 0 0 0 0 0
0 0 0 0 1 2 10 12 15 0 0 0 0 0 0 0 0 0 0 0 0 0 0 0 0 0 0 0 0 0 0 0 0 0 0 0 0 0 0 0 0 0 0 0 0 0 0 0 0 30 47 0 0 0 0 0 0 0 0 0 0 0 0 0 0 0 0 0 0 0 0 0 0 0 0 0 0 0 0 0 0 0 0 0 0 0 0 0 0 0 0 0 0 0 0 0 0 0 0 0 0 0 0 0 0 0 0 0 0 0 0 0 0 0 0 0 0 0 0 0 0 0 0 0 0 0 0 0 0 0 0 0 0 0 0 0 0 0 0 0 0 0 0 0 0 0 0 0 0 0
3 0 0 0 0 0 15 52 0 0 0 0 0 0 0 0 0 0 0 0 0 0 0 0 0 0 0 0 0 0 0 0 0 0 0 0 0 0 0 0 0 0 0 0 0 0 0 0 0 0 0 0 0 0 0 0 0 0 0 0 0 0 0 0 0 0 0 0 0 0 0 0 0 0 0 0 0 0 0 0 0 0 0 0 0 0 0 0 0 0 0 0 0 0 0 0 0 0 0 0 0 0 0 0 0 0 0 0 0 0 0 0 0 0 0 0 0 0 0 0 0 0 0 0 0 0 0 0 0 0 0 0 0 0 0 0 0 0 0 0 0 0 0 0 0 0 0 0 0 0
0 2 0 0 0 0 0 0 0 0 0 0 0 0 0 0 0 0 0 0 0 0 0 0 0 0 0 0 0 0 0 0 0 0 0 0 0 0 0 0 0 0 0 0 0 0 0 0 0 0 0 0 5 20 0 0 0 0 0 0 0 0 0 0 0 0 0 0 0 0 0 0 0 0 0 0 0 0 0 0 0 0 0 0 0 0 0 0 0 0 0 0 0 0 0 0 0 0 0 0 0 0 0 0 0 0 0 0 0 0 0 0 0 0 0 0 0 0 0 0 0 0 0 0 0 0 0 0 0 0 0 0 0 0 0 0 0 0 0 0 0 0 0 0 0 0 0 0 0 0
0 0 0 0 0 0 0 0 0 0 0 0 0 0 0 0 0 0 0 0 0 0 0 0 0 0 0 0 0 0 0 0 0 0 0 0 0 0 0 0 0 0 0 0 0 0 0 0 0 0 0 0 0 2 0 0 0 0 0 0 0 0 0 0 0 0 0 0 0 0 0 0 0 0 0 0 0 0 0 0 0 0 0 0 0 0 0 0 0 0 0 0 0 0 0 0 0 0 0 0 0 0 0 0 0 0 0 0 0 0 0 0 0 0 0 0 0 0 0 0 0 0 0 0 0 0 0 0 0 0 0 0 0 0 0 0 0 0 0 0 0 0 0 0 0 0 0 0 0 0
0 0 0 0 0 0 0 0 0 0 0 0 0 0 0 0 0 0 0 0 0 0 0 0 0 0 0 0 0 0 0 0 0 0 0 0 0 2 0 0 0 0 0 0 0 0 0 0 0 0 0 0 0 0 0 0 0 0 0 0 0 0 0 0 0 0 0 0 0 0 0 0 0 0 0 0 0 0 0 0 0 0 0 0 0 0 0 0 0 0 0 0 0 0 0 0 0 0 0 0 0 0 0 0 0 0 0 0 0 0 0 0 0 0 0 0 0 0 0 0 0 0 0 0 0 0 0 0 0 0 0 0 0 0 0 0 0 0 0 0 0 0 0 0 0 0 0 0 0 0
0 0 0 0 0 0 0 0 0 0 0 0 0 0 0 0 0 0 0 0 0 0 0 0 0 0 0 0 0 0 0 0 1 0 0 0 0 0 0 0 0 0 0 0 0 0 0 0 0 0 0 0 0 0 0 0 0 0 0 0 0 0 0 0 0 0 0 0 0 0 0 0 0 0 0 0 0 0 0 0 0 0 0 0 0 0 0 0 0 0 0 0 0 0 0 0 0 0 0 0 0 0 0 0 0 0 0 0 0 0 0 0 0 0 0 0 0 0 0 0 0 0 0 0 0 0 0 0 0 0 0 0 0 0 0 0 0 0 0 0 0 0 0 0 0 0 0 0 0 0
0 0 0 0 0 0 0 0 0 0 0 0 0 0 0 0 0 0 0 0 0 0 0 0 0 0 0 0 0 0 0 1 0 0 2 0 0 0 0 0 0 0 0 0 0 0 0 0 0 0 0 0 0 26 0 0 0 0 0 0 0 0 0 0 0 0 0 0 0 0 0 0 0 0 0 0 0 0 0 0 0 0 0 0 0 0 0 0 0 0 0 0 0 0 0 0 0 0 0 0 0 0 0 0 0 0 0 0 0 0 0 0 0 0 0 0 0 0 0 0 0 0 0 0 0 0 0 0 0 0 0 0 0 0 0 0 0 0 0 0 0 0 0 0 0 0 0 0 0 0
0 0 0 0 0 0 0 0 0 0 0 0 0 0 0 0 0 0 0 0 0 0 0 0 0 0 0 0 0 3 1 9 0 0 0 0 0 0 0 0 0 0 0 0 0 0 0 0 0 0 0 0 0 0 0 0 0 0 0 0 0 0 0 0 0 0 0 0 0 0 0 0 0 0 0 0 0 0 0 0 0 0 0 0 0 0 0 0 0 0 0 0 0 0 0 0 0 0 0 0 0 0 0 0 0 0 0 0 0 0 0 0 0 0 0 0 0 0 0 0 0 0 0 0 0 0 0 0 0 0 0 0 0 0 0 0 0 0 0 0 0 0 0 0 0 0 0 0 0 0
0 0 0 0 0 0 0 0 0 0 0 0 0 0 0 0 0 0 0 0 0 0 0 0 0 0 0 0 0 0 3 13 0 0 0 0 2 0 0 0 0 0 0 0 0 0 0 0 0 0 0 0 0 0 0 0 0 0 0 0 0 0 0 0 0 0 0 0 0 0 0 0 0 0 0 0 0 0 0 0 0 0 0 0 0 0 0 0 0 0 0 0 0 0 0 0 0 0 0 0 0 0 0 0 0 0 0 0 0 0 0 0 0 0 0 0 0 0 0 0 0 0 0 0 0 0 0 0 0 0 0 0 0 0 0 0 0 0 0 0 0 0 0 0 0 0 0 0 0 0
0 0 0 0 0 0 0 0 0 0 0 0 0 0 0 0 0 0 0 0 0 0 0 0 0 0 2 0 0 7 0 0 0 0 0 1 0 0 0 0 0 0 0 0 0 0 0 0 0 0 0 0 0 0 0 0 0 0 0 0 0 0 0 0 0 0 0 0 0 0 0 0 0 0 0 0 0 0 0 0 0 0 0 0 0 0 0 0 0 0 0 0 0 0 0 0 0 0 0 0 0 0 0 0 0 0 0 0 0 0 0 0 0 0 0 0 0 0 0 0 0 0 0 0 0 0 0 0 0 0 0 0 0 0 0 0 0 0 0 0 0 0 0 0 0 0 0 0 0 0
0 0 0 0 0 0 0 0 0 0 0 0 0 0 0 0 0 0 0 0 0 0 0 0 0 0 0 0 0 63 28 0 0 0 0 0 0 0 0 0 0 0 0 0 0 0 0 0 0 0 0 0 0 0 0 0 0 0 0 0 0 0 0 0 0 0 0 0 0 0 0 0 0 0 0 0 0 0 0 0 0 0 0 0 0 0 0 0 0 0 0 0 0 0 0 0 0 0 0 0 0 0 0 0 0 0 0 0 0 0 0 0 0 0 0 0 0 0 0 0 0 0 0 0 0 0 0 0 0 0 0 0 0 0 0 0 0 0 0 0 0 0 0 0 0 0 0 0 0 0
0 0 0 0 0 0 0 0 0 0 0 0 0 0 0 0 0 0 0 0 0 0 0 0 0 0 5 0 0 1 0 0 0 0 0 0 0 0 0 0 0 0 0 0 0 0 0 0 0 35 0 0 0 0 0 0 0 0 0 0 0 0 0 0 0 0 0 0 0 0 0 0 0 0 0 0 0 0 0 0 0 0 0 0 0 0 0 0 0 0 0 0 0 0 0 0 0 0 0 0 0 0 0 0 0 0 0 0 0 0 0 0 0 0 0 0 0 0 0 0 0 0 0 0 0 0 0 0 0 0 0 0 0 0 0 0 0 0 0 0 0 0 0 0 0 0 0 0 0 0
0 0 0 0 0 0 0 0 0 0 0 0 0 0 0 0 0 0 0 0 0 0 0 0 0 0 7 0 0 0 0 0 0 0 0 0 0 0 0 0 0 0 0 0 0 0 0 0 12 0 0 0 0 0 0 0 0 0 0 0 0 0 0 0 0 0 0 0 0 0 0 0 0 0 0 0 0 0 0 0 0 0 0 0 0 0 0 0 0 0 0 0 0 0 0 0 0 0 0 0 0 0 0 0 0 0 0 0 0 0 0 0 0 0 0 0 0 0 0 0 0 0 0 0 0 0 0 0 0 0 0 0 0 0 0 0 0 0 0 0 0 0 0 0 0 0 0 0 0 0
0 0 0 0 0 0 0 0 0 0 0 0 0 0 0 0 0 0 0 0 0 0 0 0 0 0 0 1 12 0 0 0 0 0 0 0 0 0 0 0 0 0 0 0 0 0 0 0 0 0 0 0 0 0 0 0 0 0 0 0 0 0 0 0 0 0 0 0 0 0 0 0 0 0 0 0 0 0 0 0 0 0 0 0 0 0 0 0 0 0 0 0 0 0 0 0 0 0 0 0 0 0 0 0 0 0 0 0 0 0 0 0 0 0 0 0 0 0 0 0 0 0 0 0 0 0 0 0 0 0 0 0 0 0 0 0 0 0 0 0 0 0 0 0 0 0 0 0 0 0
0 0 0 0 0 0 0 0 0 0 0 0 0 0 0 0 0 0 0 0 0 0 0 0 0 0 0 0 0 0 0 0 0 0 0 0 0 0 0 0 0 0 0 0 0 0 0 0 0 0 0 0 0 0 0 0 0 0 0 0 0 0 0 0 0 0 0 0 0 0 0 0 0 0 0 0 0 0 0 0 0 0 0 0 0 0 0 0 0 0 0 0 0 0 0 0 0 0 0 0 0 0 0 0 0 0 0 0 0 0 0 0 0 0 0 0 0 0 0 0 0 0 0 0 0 0 0 0 0 0 0 0 0 0 0 0 0 0 0 0 0 0 0 0 0 0 0 0 0 0
0 0 0 0 0 0 0 0 0 0 0 0 0 0 0 0 0 0 0 0 0 0 0 0 0 0 0 0 0 0 0 0 0 0 0 0 0 0 0 0 0 0 0 0 0 0 0 0 0 0 1 0 0 0 0 0 0 0 0 0 0 0 0 0 0 0 0 0 0 0 0 0 0 0 0 0 0 0 0 0 0 0 0 0 0 0 0 0 0 0 0 0 0 0 0 0 0 0 0 0 0 0 0 0 0 0 0 0 0 0 0 0 0 0 0 0 0 0 0 0 0 0 0 0 0 0 0 0 0 0 0 0 0 0 0 0 0 0 0 0 0 0 0 0 0 0 0 0 0 0
0 0 0 0 0 0 0 0 0 0 0 0 0 0 0 0 0 0 0 0 0 0 0 0 0 0 0 0 0 0 0 0 0 0 0 0 0 0 0 0 0 0 0 0 0 0 0 0 0 0 0 0 0 0 0 0 0 0 0 0 0 0 0 0 0 0 0 0 0 0 0 0 0 0 0 0 0 0 0 0 0 0 0 0 0 0 0 0 0 0 0 0 0 0 0 0 0 0 0 0 0 0 0 0 0 0 0 0 0 0 0 0 0 0 0 0 0 0 0 0 0 0 0 0 0 0 0 0 1 0 0 0 0 0 0 0 0 0 0 0 0 0 0 0 0 0 0 0 0 0
0 0 0 0 0 0 0 0 0 0 0 0 0 0 0 0 0 0 0 0 0 0 0 0 0 0 0 0 0 0 0 0 0 0 0 0 0 0 0 0 0 0 0 0 0 0 0 0 0 0 0 0 0 0 0 0 0 0 0 0 0 0 0 0 0 0 0 0 0 0 0 0 0 0 0 0 0 0 0 0 0 0 0 0 0 0 0 0 0 0 0 0 0 0 0 0 0 0 0 0 0 0 0 0 0 0 0 0 0 0 0 0 0 0 0 0 0 0 0 0 0 0 0 0 0 0 0 0 0 0 0 0 0 0 0 0 0 0 0 0 0 0 0 0 0 0 0 0 0 0
0 0 0 0 0 0 0 0 0 0 0 0 0 0 0 0 0 0 0 0 0 0 0 0 0 0 0 0 0 0 0 0 0 0 0 0 0 0 0 0 0 0 0 0 0 0 0 0 0 0 0 0 0 0 0 0 0 0 0 0 0 0 0 0 0 0 0 0 0 0 0 0 0 0 0 0 0 0 0 0 0 0 0 0 0 0 0 0 0 0 0 0 0 0 0 0 0 0 0 0 0 0 0 0 0 0 0 0 0 0 0 0 0 0 0 0 0 0 0 0 0 0 0 0 0 0 0 0 1 0 0 0 0 0 0 0 0 0 0 0 0 0 0 0 0 0 0 0 0 0
