0 0 40 10 0 0 3 4 20 161 57 11 0 13 0 0 0 2 6 0 7 8 1 0 0 21 0 1 0 0 0 0 0 3 16 6 0 0 2 24 0 0 0 1 1 0 0 0 0 0 0 0 0 0 2 5 0 0 0 5 60 22 15 7 1 19 13 0 1 0 0 21 20 299 405 549 84 46 73 15 31 264 84 144 90 195 283 260 50 248 1404 919 116 897 359 934 1039 541 1061 129 239 151 45 127 44 24 71 771 331 31 23 5 40 70 121 50 50 102 2 0 6 63 62 43 5 1 1 6 16 17 4 32 10 14 7 0 0 3 0 0 0 0 0 0 0 0 0 1 0 44
0 7 14 15 1 0 0 0 0 79 26 24 7 8 0 0 0 2 16 0 0 11 30 4 12 48 1 7 0 0 0 0 0 0 0 8 0 2 26 1 0 0 1 0 0 0 0 0 0 0 0 0 0 3 18 0 0 0 0 45 158 12 12 4 17 4 0 1 0 4 0 21 154 41 8 5 91 157 21 44 120 64 19 22 189 309 627 141 409 352 157 34 366 388 240 580 755 669 981 1149 396 64 89 191 20 24 9 152 42 14 17 23 2 41 58 98 9 86 4 30 14 9 20 11 8 0 4 3 30 31 25 4 117 75 3 0 0 0 0 38 4 0 0 0 1 0 0 0 0 0
1 0 0 4 9 0 1 0 3 18 3 14 10 5 0 0 0 3 6 4 7 26 86 17 12 0 6 6 0 0 0 0 0 5 0 13 11 2 0 20 8 1 0 6 0 0 0 0 0 0 0 0 0 0 8 0 0 7 5 15 23 24 6 9 0 0 0 0 0 0 1 5 6 0 2 1 2 72 246 433 169 90 11 28 65 290 1073 228 11 21 139 51 148 985 1080 1099 289 649 536 906 796 491 47 163 174 23 6 43 248 162 68 19 17 12 19 24 27 245 18 26 101 30 8 18 5 7 6 16 1 20 22 9 116 146 0 0 5 0 6 22 4 6 0 0 0 0 0 0 0 0
101 6 1 0 0 0 0 0 0 9 0 1 0 1 0 45 2 0 12 5 0 2 9 22 15 2 8 32 32 0 1 0 0 0 0 0 0 2 0 21 18 1 0 1 0 0 0 0 0 0 5 0 0 0 166 38 3 96 32 15 6 7 6 40 0 0 0 0 0 13 19 85 38 4 17 31 19 126 365 533 221 154 106 183 195 30 62 185 17 186 1017 877 1805 721 1108 537 168 280 877 634 575 717 131 25 214 155 12 29 577 96 29 48 34 42 0 13 21 297 83 21 30 68 13 18 5 8 4 4 22 4 4 29 57 0 10 0 19 0 0 13 54 4 0 0 0 0 0 0 0 0
2 28 0 0 0 0 0 0 5 6 0 0 0 0 0 23 27 3 1 5 0 0 6 0 6 7 3 0 1 4 0 0 0 1 0 46 14 0 0 0 1 1 0 0 0 0 0 0 1 10 1 0 0 4 68 353 82 87 2 0 5 6 1 30 0 0 0 0 2 18 266 70 108 199 71 111 114 189 399 406 439 281 423 314 298 162 56 38 27 531 1482 942 868 874 633 330 182 1119 587 959 1273 1386 681 363 432 201 124 45 18 26 22 33 36 86 19 2 14 68 94 126 218 670 211 30 6 4 6 3 9 11 5 0 0 0 8 0 0 0 0 0 61 9 0 0 0 0 0 0 0 0
23 3 0 4 0 0 0 0 4 1 6 0 0 0 0 10 1 3 12 26 8 12 1 0 0 0 0 1 3 10 1 3 0 0 11 132 51 7 0 0 0 0 0 0 0 0 0 0 0 23 58 8 0 9 18 73 52 20 25 11 2 0 31 2 1 0 0 0 7 57 208 158 310 130 200 75 36 64 76 286 759 813 793 75 6 295 61 47 15 211 2058 1194 201 512 1099 464 145 2422 842 572 559 727 1644 611 25 250 40 69 12 0 0 5 11 63 14 14 91 28 0 33 128 193 4 9 3 23 3 6 18 1 5 0 4 0 0 0 0 0 1 0 5 7 0 0 0 0 0 0 0 0
0 0 0 3 0 0 0 0 6 7 18 0 0 0 0 0 0 0 0 0 1 0 5 0 0 0 0 0 0 6 11 4 1 5 0 29 9 2 12 0 0 0 0 0 0 0 0 0 0 4 3 7 9 6 3 19 14 2 50 77 8 26 4 1 7 0 0 0 7 107 45 123 324 571 398 223 800 285 615 720 973 1365 1246 676 110 36 19 391 125 142 1848 1521 141 543 1155 498 369 793 629 96 48 292 200 551 31 354 76 26 77 55 62 142 223 31 35 67 4 4 25 35 105 212 11 3 4 14 17 7 0 0 20 0 0 0 0 0 0 13 0 0 0 0 3 0 0 0 0 0 0 0
5 0 0 1 0 0 0 0 7 0 1 0 0 0 0 0 0 0 0 0 0 0 0 0 0 0 0 0 0 9 18 0 0 0 18 20 1 0 13 10 0 0 0 0 0 0 0 0 0 0 0 0 10 23 7 6 2 23 40 84 101 53 60 6 19 21 0 0 12 109 5 8 61 61 100 71 201 292 688 957 1123 580 1071 282 259 314 230 899 379 122 519 106 148 433 490 388 294 955 913 319 260 446 493 803 242 173 21 35 100 30 576 563 159 102 23 109 5 1 9 35 26 10 26 14 14 1 26 8 13 0 0 0 0 0 0 0 0 2 0 0 0 0 0 0 0 0 0 0 0 0
17 1 0 0 0 0 1 0 6 18 0 6 2 4 12 0 0 0 0 0 0 0 0 0 0 0 0 0 0 0 6 0 0 0 5 2 3 7 2 0 0 0 0 0 0 0 0 1 0 0 0 0 5 6 0 0 0 14 17 108 580 298 37 9 9 46 10 21 9 48 5 1 2 3 2 31 36 69 139 619 1224 1523 774 37 24 15 434 389 363 92 30 76 432 1273 1232 1928 321 810 439 226 470 111 149 388 1278 153 288 253 41 73 1666 293 214 27 75 17 5 8 9 37 16 6 13 21 16 4 1 3 2 0 3 0 0 0 1 1 0 0 0 0 0 0 0 0 0 0 0 0 0 0
0 0 0 0 0 0 8 4 27 26 0 0 0 1 0 0 0 0 0 0 0 0 0 0 0 0 0 0 0 0 0 0 0 0 0 0 0 1 2 2 4 4 0 0 0 0 2 4 3 4 9 0 16 16 0 3 0 0 3 201 78 157 21 15 11 7 1 3 1 14 0 7 0 0 0 22 33 86 225 487 1729 1212 1134 427 1571 1179 531 178 237 360 146 24 19 854 1479 1536 921 176 116 45 111 89 22 5 227 545 279 360 97 38 504 866 299 68 6 286 379 764 208 83 29 27 18 26 45 11 6 1 1 27 96 18 0 0 0 0 0 0 0 0 0 0 0 0 0 0 0 0 0 0
0 0 6 0 0 0 8 1 15 7 7 12 0 0 0 6 0 5 7 1 0 0 0 0 0 0 0 0 0 0 0 2 0 0 1 3 0 0 0 0 0 6 18 2 1 0 9 28 17 34 22 6 40 28 0 0 0 61 63 111 3 149 10 14 0 0 2 0 6 9 0 0 0 0 0 10 26 61 338 522 596 539 835 357 299 352 417 771 844 293 26 1 6 168 364 859 690 66 38 121 42 24 9 49 203 287 1181 544 238 245 796 221 145 31 1 131 349 826 635 286 463 253 384 108 120 633 117 104 78 48 14 115 38 30 15 0 0 0 0 0 0 0 0 0 0 0 0 0 0 0
4 0 0 0 0 0 0 2 15 2 0 0 0 0 0 0 12 30 4 2 0 0 0 0 0 0 0 0 0 0 0 0 0 11 4 2 0 2 1 0 5 12 9 8 7 2 7 4 6 2 0 0 6 12 121 6 3 5 42 105 6 11 0 3 3 6 6 3 7 0 6 1 0 0 8 1 51 22 178 375 709 174 70 255 345 241 22 25 179 700 34 0 2 3 18 83 899 446 404 18 0 7 24 51 39 73 550 326 45 97 522 265 76 183 39 373 896 273 849 1040 565 575 153 122 224 201 0 7 0 65 1 0 61 21 25 1 0 0 0 0 0 0 0 0 0 0 0 0 0 0
1 0 0 0 0 2 9 0 8 2 0 0 0 0 0 0 1 24 6 14 9 6 1 4 0 0 0 0 0 0 0 0 0 0 0 0 4 3 0 0 0 14 91 6 27 0 4 30 0 0 0 0 17 18 4 0 0 0 33 70 4 18 1 0 0 7 2 2 0 6 12 0 0 0 2 72 170 86 182 49 190 340 64 16 40 21 20 0 3 4 0 0 5 100 135 28 657 212 806 592 32 18 87 48 68 15 46 277 860 268 1070 772 136 937 260 108 42 76 2618 1693 257 324 134 0 63 176 9 0 35 27 0 0 22 19 3 0 0 0 0 0 0 0 0 0 0 0 0 0 0 0
0 0 0 0 0 0 5 6 0 4 0 0 0 0 0 0 0 0 135 17 10 8 1 0 0 0 0 0 0 6 4 0 0 0 0 0 0 0 0 0 0 0 1 124 79 0 0 0 5 0 3 46 6 0 0 0 0 0 23 0 8 13 4 7 0 0 63 22 8 29 61 0 1 2 1 388 1090 597 262 23 107 531 67 5 20 214 10 7 0 58 2 0 0 62 10 42 130 664 280 271 3 96 389 154 388 80 130 469 299 963 2000 1504 960 367 282 433 193 185 882 736 226 109 2 0 0 28 23 0 7 2 0 0 1 4 0 0 3 0 0 0 0 0 0 0 0 0 0 0 0 0
0 0 0 0 0 0 0 4 4 8 0 0 0 0 0 0 0 0 8 21 33 0 0 1 1 0 0 0 0 0 9 0 0 0 0 0 0 0 0 0 0 0 0 12 42 0 0 0 11 27 16 64 8 2 15 1 6 9 24 37 101 45 11 63 17 25 211 152 240 253 72 2 4 3 116 986 1813 1969 495 217 4 242 51 1 11 50 53 23 0 63 31 33 1 1 0 9 55 555 251 271 29 88 480 386 1255 934 3385 1255 1416 1392 950 554 586 853 566 290 195 212 111 193 202 113 18 16 0 8 38 15 20 24 1 0 0 0 0 1 0 0 0 0 0 0 0 0 0 0 0 0 0 0
0 0 0 0 0 0 0 45 30 5 9 0 0 0 0 0 11 0 3 5 1 33 21 5 0 0 0 0 0 7 0 0 0 0 0 0 0 0 0 0 0 0 0 0 2 42 0 0 0 24 125 165 7 0 1 15 30 130 17 98 29 43 9 57 65 77 211 81 87 243 326 83 201 200 636 1195 1527 1247 347 81 12 6 3 0 0 0 49 87 3 127 9 33 1 0 7 36 67 28 51 33 32 1 1682 959 641 715 1191 494 558 1366 1028 1050 1046 468 375 216 51 106 229 77 62 3 182 242 75 308 6 1 15 14 0 0 0 0 29 13 0 0 0 0 0 0 0 0 0 0 0 0 0 0
0 0 0 0 0 0 4 3 4 0 0 0 2 0 0 6 18 5 1 3 3 0 31 49 18 15 2 0 0 4 0 0 0 0 0 0 0 0 0 1 1 0 0 2 0 27 5 5 4 21 46 8 4 22 12 72 119 203 124 58 8 0 0 0 3 9 0 0 0 0 2 0 102 78 425 469 615 503 215 0 0 0 6 0 0 0 0 28 109 11 5 1 10 6 1 25 56 0 11 123 30 294 937 984 413 234 398 263 555 771 1007 479 743 325 500 111 54 165 274 38 0 2 41 31 37 451 3 11 7 0 2 0 0 0 0 0 0 0 0 0 0 0 0 0 0 0 0 0 0 0
0 0 0 0 0 7 0 0 1 0 0 0 1 0 0 0 2 11 1 17 5 14 3 0 15 4 11 16 1 4 0 0 1 0 1 0 5 1 1 3 0 0 3 0 3 23 73 12 2 46 59 45 13 113 35 32 76 119 639 29 6 6 0 0 4 7 50 113 6 34 67 10 166 36 51 110 36 190 28 4 1 0 4 3 0 0 0 27 268 5 0 59 88 66 14 3 10 0 43 560 256 195 135 149 102 626 246 126 534 487 216 151 94 103 181 86 87 174 22 9 0 0 15 25 161 915 199 20 2 2 0 0 0 0 0 0 0 0 0 0 0 0 0 0 0 0 0 0 0 0
0 0 1 5 15 3 0 0 0 0 0 0 3 2 0 1 0 2 2 6 2 12 5 5 7 5 62 59 51 0 0 0 0 0 0 8 7 0 0 0 0 2 1 18 41 52 18 7 68 360 63 22 54 27 15 73 207 121 76 16 111 48 5 1 1 9 14 19 3 20 21 15 51 36 0 115 78 35 6 32 6 0 14 62 0 36 24 21 8 2 3 40 80 364 48 0 1 31 231 8 104 226 71 34 115 124 291 346 384 0 0 109 15 492 61 0 4 0 0 1 0 0 4 11 52 199 274 410 2 4 0 0 0 0 0 0 0 0 0 0 0 0 0 0 0 0 0 0 0 0
0 0 0 1 1 0 0 0 0 0 0 1 0 2 3 0 1 0 0 0 1 21 122 5 9 7 5 31 205 6 0 9 5 0 1 0 0 1 0 1 0 7 18 63 12 93 111 40 11 231 23 7 0 9 108 20 56 93 3 0 3 6 2 1 0 12 3 1 19 18 90 27 4 0 5 75 14 0 2 1 4 0 0 1 0 36 41 1 11 19 4 13 12 5 0 46 5 25 8 4 779 1332 833 168 121 182 150 458 367 6 0 0 2 226 48 0 0 0 0 0 0 0 0 5 40 18 23 134 9 0 0 0 0 0 0 0 0 0 0 0 0 0 0 0 0 0 0 0 0 0
0 0 0 0 2 0 0 0 0 0 0 1 3 0 0 2 0 2 11 2 1 5 19 21 1 25 7 4 0 4 0 14 8 0 0 0 0 0 0 9 15 31 59 52 50 50 50 82 153 312 368 144 40 63 33 18 6 2 16 0 0 33 23 14 222 76 1 0 39 25 200 29 1 0 25 143 384 130 6 50 19 10 6 0 1 1 4 11 22 15 7 0 0 1 0 0 2 8 238 372 1244 1069 498 174 5 56 97 91 1 0 0 0 1 14 0 0 0 0 0 0 0 0 4 5 0 0 90 50 0 0 1 0 0 0 0 0 0 0 0 0 0 0 0 0 0 0 0 0 0 0
0 0 0 0 0 0 0 0 0 0 0 0 0 6 0 3 14 0 0 4 2 10 33 7 5 2 1 0 0 0 40 100 23 8 0 0 0 4 0 0 151 24 0 0 1 0 4 18 355 1821 348 266 27 4 1 7 4 11 0 0 14 1 0 0 7 21 41 3 7 93 38 29 13 0 0 11 109 70 90 111 16 26 26 24 38 2 16 11 307 112 34 5 8 11 2 13 10 1 72 334 141 41 40 3 2 41 159 100 9 0 0 0 3 119 0 0 0 0 0 0 0 0 0 0 0 75 64 1 19 10 14 0 0 0 0 0 0 0 0 0 0 0 0 0 0 0 0 0 0 0
0 0 0 2 0 0 0 0 0 0 0 0 0 2 5 1 1 0 0 0 5 4 13 4 9 0 0 0 0 0 1 4 59 13 12 0 18 242 30 24 3 0 0 0 0 0 27 29 102 492 331 169 14 1 5 5 0 12 14 1 1 0 0 0 21 0 59 3 0 7 30 29 33 5 0 0 4 0 25 14 3 70 27 0 0 80 7 1 0 2 2 12 3 4 0 1 4 0 2 5 10 1 10 60 43 93 53 72 128 199 55 30 113 0 0 0 0 0 0 0 0 0 0 21 59 103 146 2 0 0 13 2 0 0 0 0 0 0 0 0 0 0 0 0 0 0 0 0 0 0
0 0 3 0 0 0 0 0 0 0 0 0 0 3 4 1 8 8 0 0 7 1 4 3 0 3 0 0 0 5 4 12 17 10 16 10 14 25 35 4 0 0 0 0 3 93 27 84 4 211 132 19 1 6 19 3 26 32 3 0 0 0 0 0 0 0 1 5 0 0 4 14 127 157 6 6 0 0 0 0 0 3 125 195 7 5 1 1 0 0 0 8 0 5 0 0 1 0 2 10 3 0 5 106 106 19 9 21 8 36 4 222 27 0 0 0 0 0 0 0 0 0 1 14 9 6 46 105 3 0 0 0 0 0 0 0 0 0 0 0 0 0 0 0 0 0 0 0 0 0
0 0 0 0 0 0 0 0 0 0 0 0 0 1 0 0 0 4 0 0 0 0 3 0 0 0 3 0 0 0 0 1 9 14 71 0 1 88 0 0 0 0 0 16 17 68 84 3 7 33 159 29 66 36 54 6 4 0 1 5 0 0 0 0 1 0 0 11 22 10 1 7 4 14 97 23 0 0 0 0 0 1 8 86 42 19 3 0 0 0 12 14 0 3 3 0 10 5 0 10 14 6 7 28 665 0 0 16 0 0 1 12 5 0 0 0 0 1 1 0 0 0 0 0 0 36 81 11 0 0 1 0 0 0 0 0 10 0 0 0 0 0 1 0 0 0 0 0 0 0
0 0 0 0 0 0 0 0 0 0 0 0 0 1 21 10 1 3 10 0 1 13 2 2 0 0 2 3 0 0 0 0 15 52 32 0 0 32 0 0 0 0 1 9 116 40 14 4 13 4 88 18 0 6 0 0 4 0 0 0 6 0 0 1 14 4 0 5 12 9 7 87 3 8 4 14 32 0 0 0 2 0 0 2 1 14 8 11 1 28 0 15 7 2 4 3 0 4 6 5 17 15 14 222 444 250 0 12 0 0 0 7 8 9 15 9 0 0 0 0 1 0 0 0 0 107 27 69 1 1 0 0 0 0 0 1 13 44 0 0 0 0 0 0 0 0 0 0 0 0
0 0 0 0 0 0 0 0 0 0 4 0 0 4 13 0 0 6 2 0 5 11 7 11 0 0 2 24 10 2 0 9 6 12 23 7 0 2 4 2 1 5 3 31 130 10 20 2 13 4 29 9 7 0 5 0 0 0 0 0 0 0 0 2 31 0 0 7 3 1 7 23 1 1 3 3 18 9 0 0 0 0 55 2 4 6 21 24 10 1 5 8 2 0 1 16 2 2 0 4 16 20 11 11 53 224 52 13 0 0 0 0 0 4 5 25 0 0 3 0 0 0 0 0 22 244 39 10 0 0 0 0 0 0 0 0 1 15 0 0 0 0 0 0 1 0 0 0 0 0
0 0 0 0 0 0 0 0 1 0 0 3 0 52 2 4 15 34 21 1 5 46 10 4 0 0 2 0 0 6 7 3 0 44 7 0 2 39 24 10 172 74 30 186 178 10 10 0 8 0 5 42 67 7 3 5 0 0 0 0 0 0 0 0 0 0 0 0 14 83 125 28 10 14 0 6 4 11 1 0 0 0 0 0 2 0 0 22 14 4 17 0 5 4 1 0 0 0 0 0 0 13 35 6 27 1106 876 59 9 0 0 0 0 1 2 0 20 132 90 13 0 0 0 42 61 128 86 161 132 9 0 0 0 0 0 6 10 2 0 0 0 0 0 0 0 0 0 0 0 0
0 0 0 0 0 0 0 0 0 0 3 2 18 5 13 15 38 87 1 6 2 9 7 4 0 0 0 9 20 7 4 9 15 5 6 36 38 31 79 251 598 1085 445 441 80 28 0 3 1 2 0 15 76 12 8 0 0 0 0 0 0 0 0 0 0 0 0 0 0 8 25 45 16 0 17 20 2 22 8 0 0 7 0 0 13 0 0 0 29 17 8 5 7 3 22 36 6 2 0 0 1 4 14 25 327 262 226 550 42 0 0 0 0 0 0 0 187 83 18 0 0 0 38 70 205 163 1434 917 38 26 0 0 0 23 0 10 0 0 0 0 0 0 0 0 0 0 0 0 0 0
0 0 0 0 0 0 0 7 11 20 39 78 36 1 0 4 5 23 0 7 4 11 8 29 13 6 13 3 0 2 5 5 1 10 37 47 3 12 203 383 707 1719 512 680 52 8 6 11 6 1 3 5 71 141 22 9 0 0 0 0 0 0 0 0 0 0 0 0 0 0 4 2 0 0 0 1 0 15 8 0 0 0 2 1 26 0 0 0 0 6 1 1 14 35 1 28 0 0 0 5 0 2 22 14 18 60 8 229 36 0 0 0 0 0 44 103 967 422 98 92 34 27 10 69 151 68 765 595 441 339 24 74 22 174 31 0 0 0 0 0 0 0 0 0 0 0 0 0 0 0
0 0 0 0 0 0 2 6 10 4 7 8 7 0 2 14 0 4 17 4 3 14 113 32 0 0 0 1 0 3 10 10 0 3 13 21 39 36 59 104 802 421 521 308 41 18 12 4 5 10 1 5 7 8 2 8 1 0 0 0 0 0 0 0 0 0 0 0 13 0 5 6 0 0 0 1 11 17 1 4 2 21 16 7 67 0 0 5 48 38 2 0 9 29 1 0 14 2 2 5 0 4 2 19 1 0 0 0 47 0 9 1 21 0 53 1257 1367 397 164 154 118 143 90 9 3 12 156 382 0 64 11 193 851 60 19 3 0 0 0 0 0 0 0 0 0 0 0 0 0 0
0 0 0 0 0 0 6 4 2 4 10 15 2 5 0 9 4 0 25 16 253 57 7 0 0 0 0 2 7 13 3 3 10 45 37 16 1 6 1 102 508 586 482 257 85 19 23 0 4 12 26 7 4 7 8 4 1 0 0 0 0 0 0 0 0 0 0 0 0 2 1 0 0 0 0 0 0 2 4 1 10 14 53 197 77 2 0 2 1 0 0 0 12 10 5 5 24 9 0 1 5 0 0 2 14 9 2 24 279 261 400 595 71 147 757 1089 704 333 58 554 89 188 18 2 85 146 138 96 1 0 67 474 257 112 60 4 0 0 0 0 0 0 0 0 0 0 0 0 0 0
0 0 1 0 0 0 0 12 6 2 1 5 12 13 2 19 7 9 22 8 54 0 0 0 0 0 0 0 2 21 14 22 7 6 10 6 2 4 19 12 43 138 35 14 8 0 1 0 3 0 1 12 71 2 2 2 8 11 0 0 0 0 0 0 0 0 0 0 0 1 0 0 0 0 0 6 0 55 24 2 1 19 18 7 0 0 0 0 4 3 6 0 0 12 29 32 5 0 0 0 5 0 0 1 0 14 25 39 249 133 142 130 56 472 1384 831 272 539 90 473 115 18 0 40 21 82 91 1 0 0 83 238 1 0 9 0 0 0 0 0 0 0 0 0 0 0 0 0 0 0
0 0 0 0 0 11 27 11 15 5 5 0 0 11 20 18 3 20 38 37 15 0 0 0 0 0 0 0 0 4 76 8 13 2 7 2 3 4 29 4 17 12 3 0 5 0 0 0 1 5 0 28 316 35 2 34 32 2 1 0 0 0 0 0 0 0 0 0 0 0 0 0 0 0 0 0 4 5 2 0 0 1 7 0 0 0 0 0 7 0 0 0 2 40 7 3 24 7 0 3 8 0 0 3 0 0 26 212 70 4 0 37 145 168 294 477 115 278 196 195 444 5 0 0 0 0 2 0 0 0 4 130 19 0 0 0 0 0 0 0 0 0 0 0 0 0 0 0 0 0
0 0 1 0 1 1 7 5 3 8 1 0 7 17 14 16 46 22 10 17 0 7 23 0 0 0 1 73 36 16 31 59 34 1 9 3 4 4 5 2 9 13 22 4 3 0 3 0 0 1 3 24 166 98 7 76 1 1 7 0 0 0 0 0 0 0 0 0 0 0 0 0 0 0 0 0 20 4 2 0 0 0 2 0 0 0 0 0 12 0 29 3 31 106 16 20 12 6 0 11 17 0 0 3 0 0 16 91 1030 33 0 0 2 0 3 0 7 60 369 582 88 0 0 0 0 3 7 0 0 0 0 2 102 2 0 0 0 0 0 0 0 0 0 0 0 0 2 0 0 0
4 1 6 6 1 2 16 86 5 9 14 21 13 3 10 171 106 24 13 17 0 0 15 9 7 0 3 23 4 14 23 19 10 4 5 2 2 1 1 2 9 4 3 6 16 0 3 0 0 0 0 54 15 29 12 9 7 0 1 0 0 0 0 0 0 0 0 0 0 0 0 0 0 0 0 0 17 33 2 0 0 0 2 0 0 0 0 0 25 1 8 0 9 63 1 0 2 2 11 4 0 2 13 1 2 49 39 34 266 0 0 0 0 0 15 0 0 2 179 408 519 234 0 0 10 91 1 0 0 87 159 37 99 4 0 0 0 0 0 0 0 0 0 1 1 2 0 0 0 0
1 2 0 0 0 12 10 1 0 9 41 22 12 4 36 62 96 38 17 3 2 2 9 8 8 16 6 5 3 5 0 0 0 11 23 3 0 0 0 8 4 27 13 1 4 2 3 2 1 0 1 88 15 51 74 5 4 0 0 0 0 0 0 0 0 0 0 0 0 0 0 0 0 0 0 0 0 54 168 4 1 15 0 0 0 0 0 138 45 0 6 4 2 3 0 13 0 8 7 15 56 36 18 11 3 2 22 44 69 11 0 0 0 4 79 126 159 885 182 156 675 216 0 32 451 66 0 0 0 151 324 0 0 0 0 0 0 0 0 0 0 0 0 0 0 0 0 0 0 0
0 1 4 1 0 0 0 13 10 9 16 200 29 24 1 13 12 13 0 0 4 0 6 13 16 2 1 0 75 2 0 0 3 2 0 0 1 0 7 0 2 28 20 8 16 3 6 3 0 0 1 70 49 7 1 4 0 0 3 0 0 0 0 0 0 0 0 0 0 0 0 0 0 0 0 4 0 10 67 2 0 2 0 0 0 0 11 15 3 0 6 0 10 20 0 0 0 0 5 11 0 0 15 1 5 0 11 65 76 8 0 0 0 0 174 610 1069 801 59 86 121 202 134 433 300 1 0 0 12 704 276 0 0 0 0 0 0 0 0 0 0 0 0 0 0 0 0 0 0 0
0 1 2 0 0 1 12 16 9 1 25 51 1 3 3 3 2 7 8 11 0 0 3 2 0 1 5 4 3 1 0 0 3 1 0 0 0 1 22 7 0 8 0 0 0 1 0 12 0 0 8 113 7 6 8 0 2 0 3 1 0 0 0 0 0 0 0 0 0 0 0 0 0 0 0 1 1 14 86 29 42 26 31 0 0 0 2 0 1 2 0 0 9 18 5 0 0 0 0 15 16 3 7 12 9 7 3 5 20 0 0 3 67 56 88 33 30 101 642 356 41 348 697 809 510 355 118 249 831 1890 958 123 0 0 0 0 0 0 0 0 0 0 0 0 0 0 0 0 0 0
0 1 2 0 1 10 11 7 2 11 22 5 2 7 13 14 1 18 2 0 0 0 0 0 0 17 30 5 0 0 1 13 23 1 1 0 0 0 1 27 7 1 1 2 1 9 20 8 3 0 4 529 24 9 1 7 1 8 3 1 0 0 0 0 0 0 0 0 0 0 0 0 0 0 0 0 10 45 112 0 0 42 35 0 0 0 0 0 20 12 2 8 13 29 22 19 46 1 2 4 12 0 1 9 32 0 3 0 158 53 14 79 36 13 7 36 12 329 493 743 603 942 835 1056 2246 1493 1019 939 639 782 1000 5 0 0 0 0 0 0 0 0 0 0 0 0 0 0 0 0 0 0
0 4 0 0 10 8 0 4 132 12 4 8 6 2 14 36 5 5 1 0 1 0 0 0 2 14 11 0 6 2 1 6 2 3 6 3 2 8 10 1 7 1 3 0 2 0 8 0 12 45 886 483 24 145 14 11 11 5 5 4 2 3 0 0 0 0 0 0 0 0 0 0 0 0 0 1 1 0 11 0 0 7 2 0 0 0 0 0 22 1 4 6 20 0 0 2 3 0 7 21 44 9 37 7 59 21 62 139 3 79 72 21 18 6 15 16 10 189 766 2338 1537 1068 431 1186 1145 1307 252 1075 886 38 145 66 0 0 0 0 0 0 0 0 0 0 0 0 0 0 0 0 0 0
4 7 0 3 5 1 3 0 23 7 16 8 6 6 2 11 3 6 2 0 0 0 0 0 4 0 0 5 1 0 1 62 36 7 1 12 2 0 5 2 0 3 1 0 0 0 1 0 32 74 874 1187 784 970 72 37 3 4 6 11 1 0 0 0 0 0 0 0 0 0 0 0 0 0 0 0 0 0 0 25 0 4 2 0 0 0 0 37 156 0 0 22 10 0 0 0 0 0 0 11 16 4 44 108 15 271 573 34 17 0 4 7 1 33 11 33 21 16 188 996 604 950 416 3596 2387 845 474 275 17 861 1278 756 0 0 0 0 0 0 0 0 0 0 0 0 0 0 0 0 0 0
5 7 4 35 1 3 40 6 59 7 24 98 0 9 0 1 0 0 0 0 0 0 0 3 4 0 2 2 0 0 0 19 31 7 4 1 1 1 0 0 0 0 0 5 0 2 2 0 4 7 280 378 733 530 124 162 11 13 7 6 8 0 0 0 0 0 0 0 0 0 0 0 0 0 0 0 0 1 0 63 2 9 8 0 0 0 0 61 77 2 1 35 149 0 0 0 0 0 0 4 13 59 35 74 36 42 13 26 0 0 0 0 15 3 3 12 3 21 15 71 527 483 614 720 1920 1432 737 620 239 1216 367 722 5 1 1 0 0 0 0 0 0 0 0 0 0 0 0 0 0 0
7 10 4 17 4 23 22 16 4 2 1 10 2 1 0 0 0 0 0 0 0 0 0 0 1 0 0 2 1 5 5 2 2 4 0 0 1 0 1 0 0 0 0 2 0 1 5 5 4 4 52 312 317 61 14 25 8 1 14 1 1 0 0 0 0 0 0 0 0 0 0 0 0 0 0 0 0 0 0 0 1 5 0 0 0 1 67 26 21 48 5 230 259 34 6 0 0 0 0 42 51 18 58 316 65 4 21 9 41 4 0 0 16 9 7 7 14 23 24 61 217 743 384 430 335 820 1180 1649 318 155 103 92 0 0 0 0 0 0 0 0 0 0 0 0 0 0 0 0 0 0
4 5 37 0 18 5 25 71 23 15 15 9 6 9 0 0 0 0 0 0 0 1 0 2 0 0 0 2 5 0 0 0 0 0 0 0 0 1 3 1 3 0 0 0 0 1 0 0 3 9 21 43 126 50 9 1 0 35 126 10 1 1 1 0 0 0 0 1 0 0 0 0 0 0 0 0 0 0 0 0 0 18 43 70 67 84 7 0 38 121 190 182 173 17 7 3 0 4 46 66 65 398 362 406 463 61 25 14 12 24 1 0 16 0 11 9 16 76 41 357 138 1180 2076 3133 982 341 1627 2739 1291 0 0 1 0 0 0 0 0 0 0 0 0 0 0 0 0 0 0 0 0 0
14 21 30 0 11 14 6 47 6 20 3 0 7 4 0 0 0 0 0 0 0 2 7 0 0 0 0 1 1 0 0 0 2 8 0 12 0 0 1 3 6 1 0 0 3 1 0 0 4 10 0 23 105 23 28 1 0 9 150 21 5 3 0 0 0 0 0 0 0 0 0 0 0 0 0 0 0 0 0 0 10 8 9 0 0 38 48 36 57 66 34 110 210 10 69 55 14 0 0 28 197 477 805 370 446 32 2 14 37 13 5 0 0 0 20 5 57 610 292 814 591 25 11 217 213 246 436 1410 372 6 208 6 0 0 0 0 0 0 0 0 0 0 0 0 0 0 0 0 0 0
15 13 212 0 49 132 53 7 3 9 2 0 3 1 0 2 0 0 0 7 7 0 0 0 0 0 1 0 0 0 0 72 0 0 0 0 0 0 0 0 1 3 1 0 1 5 0 0 2 0 0 12 14 0 1 4 5 4 7 17 6 3 0 0 0 0 0 0 0 0 0 0 0 0 0 0 0 0 0 6 41 152 0 0 30 2 76 5 0 6 7 29 72 10 0 0 0 0 0 12 14 104 1341 350 190 294 20 22 7 15 43 1 1 0 0 33 340 644 206 40 0 0 0 0 37 530 291 830 575 17 66 31 0 0 0 0 0 0 0 0 0 0 0 0 0 0 0 0 0 0
6 59 106 161 692 533 256 46 4 0 0 0 0 0 7 1 1 0 1 0 2 9 0 0 0 0 0 0 0 0 0 0 0 0 0 1 0 0 2 0 0 3 0 13 8 7 0 16 3 0 0 10 40 0 0 2 5 5 36 0 0 5 0 0 0 0 0 0 0 0 0 0 0 0 0 0 0 0 5 30 24 0 0 0 12 8 36 245 75 2 0 0 0 0 0 0 0 0 0 0 0 318 736 388 210 317 8 11 6 36 9 5 0 0 16 116 276 20 29 69 0 0 0 0 11 583 453 619 304 7 100 11 0 0 0 0 0 0 0 0 0 0 0 0 0 0 0 0 0 0
1 128 550 1718 487 416 289 43 2 1 6 28 8 0 0 0 1 3 0 3 6 6 0 0 1 1 1 4 0 2 0 0 0 0 0 0 0 0 1 2 1 4 1 10 7 0 0 7 57 2 0 0 69 0 0 7 7 2 1 0 0 6 0 0 0 0 0 0 0 0 0 0 0 0 0 0 0 35 5 0 0 0 0 0 0 0 62 40 0 0 2 2 0 0 0 1 0 0 0 0 17 102 52 36 178 174 0 0 0 0 20 17 16 36 28 1 10 13 10 58 29 113 9 0 55 169 133 174 35 0 0 0 0 0 0 0 0 0 0 0 0 0 0 0 0 0 0 0 0 0
1 14 374 298 243 229 39 11 3 0 3 1 0 0 0 0 0 0 1 7 3 6 0 0 2 0 0 1 6 4 0 0 0 0 3 1 1 0 0 0 0 0 4 0 0 0 0 3 4 22 0 0 0 0 0 1 0 0 0 0 0 0 0 0 0 0 0 0 0 0 0 0 0 0 0 0 8 6 0 0 0 0 0 0 0 0 122 32 6 39 85 0 0 0 6 21 0 0 0 441 1146 211 286 216 29 152 44 9 1 5 13 60 25 0 0 0 0 0 16 106 123 32 231 477 47 21 0 0 0 2 0 0 0 0 0 0 0 0 0 0 0 0 0 0 0 0 0 0 0 0
34 15 46 96 44 24 1 2 0 7 15 2 0 0 1 0 1 0 0 0 2 115 0 1 0 2 0 0 2 3 0 0 0 0 1 0 2 0 0 0 0 0 2 1 0 45 3 1 0 2 1 0 6 0 0 18 1 0 0 0 0 0 0 0 0 0 0 0 0 0 0 0 0 0 0 0 14 19 0 0 0 0 0 0 0 0 12 1 0 42 30 0 0 0 67 206 141 19 320 1949 316 562 92 37 1 46 102 129 1 12 102 0 3 0 0 0 0 0 47 37 151 23 17 18 8 82 69 18 100 37 11 0 0 0 0 0 0 0 0 0 0 0 0 0 0 0 0 0 0 0
68 14 17 15 2 0 1 1 0 0 0 0 0 0 0 0 0 0 1 0 3 11 5 2 0 0 0 1 0 0 2 0 0 4 14 1 0 0 0 0 0 0 0 4 13 20 4 8 0 0 0 0 1 3 84 16 6 0 0 0 0 0 0 0 0 0 0 0 0 0 0 0 0 0 28 13 1 0 0 0 0 0 0 1 0 0 5 3 0 0 236 41 7 28 220 491 95 8 197 218 15 25 36 16 8 6 0 299 831 221 1 0 0 0 3 0 0 2 2 0 44 0 4 4 7 130 67 78 364 110 36 0 0 0 0 0 0 0 0 0 0 0 0 0 0 0 0 0 0 0
32 0 15 2 0 0 1 1 0 0 2 0 0 0 0 0 0 0 0 0 0 1 0 1 0 0 5 0 0 0 11 67 5 0 0 0 0 0 0 0 0 0 0 0 1 3 1 0 0 0 0 1 5 4 16 2 1 1 0 0 0 0 0 0 0 0 0 0 0 0 0 0 0 0 16 34 2 0 0 0 0 0 0 0 0 0 48 24 253 56 136 16 23 25 0 87 15 11 0 3 11 2 5 3 7 2 226 447 249 46 2 0 0 0 5 0 0 16 3 0 5 24 9 23 10 219 97 170 174 203 18 0 0 0 0 0 0 0 0 0 0 0 0 0 0 0 0 0 0 0
1 2 0 2 14 0 0 0 0 0 0 0 0 0 0 0 0 6 0 1 3 0 0 0 0 0 0 0 13 0 3 1 3 1 4 1 0 0 0 0 0 98 0 0 2 6 0 5 0 0 0 2 20 30 21 2 5 0 0 0 0 0 0 0 0 0 0 0 0 0 0 8 7 8 2 0 0 0 0 0 0 0 0 0 0 0 4 0 194 10 0 0 0 10 2 29 0 2 11 0 1 19 0 8 8 326 1057 483 318 126 0 0 1 0 0 0 0 0 140 21 0 36 0 34 5 11 161 37 7 26 0 3 0 0 0 0 0 0 0 0 0 0 0 0 0 0 0 0 0 0
1 0 1 0 2 1 0 0 0 0 0 0 0 0 0 0 0 0 0 0 0 0 0 5 0 2 1 1 0 0 0 1 0 21 1 0 0 3 1 0 0 0 0 0 0 2 0 0 0 0 7 8 4 95 15 4 4 1 0 0 0 0 0 0 0 0 0 0 0 0 3 32 13 0 0 0 0 0 0 0 0 0 0 0 0 0 5 0 1 1 0 0 3 15 0 0 2 0 29 3 14 9 8 1 27 148 109 33 140 174 0 0 0 0 0 0 0 0 7 1 0 13 1 99 128 51 265 34 25 40 1 0 0 0 0 0 0 0 0 0 0 0 0 0 0 0 0 0 0 0
0 0 0 0 4 35 0 0 0 0 0 0 0 0 0 0 0 0 0 2 0 0 0 0 0 0 8 0 0 0 0 1 1 0 0 2 0 0 0 2 0 0 3 3 1 0 0 0 0 0 3 1 17 5 8 0 11 3 0 0 0 0 0 0 0 0 0 4 0 13 9 0 0 0 0 0 0 0 0 0 0 0 0 0 0 0 0 0 3 1 0 59 136 8 0 2 0 2 4 24 10 7 24 34 59 28 0 8 2 74 3 0 0 0 0 0 0 0 0 0 5 11 3 27 0 0 0 238 4 5 0 0 0 0 0 0 0 0 0 0 0 0 0 0 0 0 0 0 0 0
0 0 0 0 63 21 0 0 0 0 0 0 0 0 2 0 0 1 0 0 0 0 0 0 0 0 0 0 15 0 5 0 0 0 0 0 0 0 3 2 0 0 0 2 2 4 0 0 0 9 5 0 1 29 1 10 6 5 0 3 0 0 0 0 0 0 0 1 4 6 0 0 0 0 0 0 0 0 0 0 0 0 0 0 0 0 0 1 56 58 255 537 141 68 0 0 5 2 2 39 49 780 399 37 12 21 19 0 0 41 11 0 0 0 0 0 0 0 0 0 0 0 0 0 0 5 120 53 0 0 0 0 0 0 0 0 0 0 0 0 0 0 0 0 0 0 0 0 0 0
0 0 0 0 8 6 4 0 0 0 0 0 0 0 0 1 4 0 3 0 0 0 0 0 0 0 2 0 0 15 0 0 0 0 1 6 0 0 0 0 0 0 0 0 7 8 0 0 0 1 2 0 2 14 3 3 0 2 0 0 0 0 0 0 0 0 0 0 18 6 0 1 0 0 0 0 0 0 0 0 0 0 0 0 0 0 8 0 35 140 325 218 78 33 1 4 7 9 1 74 111 133 65 28 0 2 4 0 0 7 2 0 0 0 0 0 0 0 0 1 7 82 103 0 0 4 18 6 0 0 0 0 0 0 0 0 0 0 0 0 0 0 0 0 0 0 0 0 0 0
4 0 0 0 3 5 0 0 0 0 0 0 24 38 1 1 0 1 0 0 0 0 0 0 0 7 13 4 0 22 0 0 0 0 2 6 0 0 0 0 0 0 0 2 4 19 10 0 0 3 6 0 2 39 7 2 0 2 0 0 0 0 0 0 0 0 2 24 54 0 0 1 0 0 0 0 0 0 0 0 0 0 0 0 16 19 81 6 3 31 2 5 16 1 35 0 0 8 7 26 96 0 0 1 0 0 0 3 0 20 9 42 1 0 0 0 0 0 0 0 0 0 0 0 0 0 0 1 0 0 0 0 0 0 0 0 0 0 0 0 0 0 0 0 0 0 0 0 0 0
0 0 0 3 1 2 0 0 0 0 0 0 0 0 4 1 1 1 0 0 0 0 0 0 0 0 4 0 1 0 0 0 0 0 2 0 0 0 0 0 0 0 4 0 0 0 2 12 0 8 2 0 0 16 19 7 2 0 0 0 0 0 0 0 0 2 10 49 15 0 0 2 0 0 0 0 0 0 0 0 0 0 0 0 52 3 0 16 15 43 15 3 21 1 6 13 7 33 13 16 67 41 7 2 16 0 0 25 39 154 189 509 52 18 1 0 0 0 0 0 0 0 0 0 0 0 0 0 0 0 0 0 0 0 0 0 0 0 0 0 0 0 0 0 0 0 0 0 0 0
0 0 0 0 1 1 3 0 0 0 0 0 0 0 0 0 0 0 0 0 0 0 0 0 0 0 0 0 0 0 0 0 0 0 0 0 0 0 5 1 0 0 0 0 0 3 0 7 73 1 0 0 0 6 1 133 111 7 3 1 0 0 0 1 1 22 100 150 7 0 0 3 1 0 0 0 0 0 0 0 0 0 0 30 34 1 2 9 9 14 16 5 2 0 0 39 34 40 13 2 1 1 19 3 4 1 30 29 37 50 219 106 239 57 1 0 0 0 0 0 0 0 0 0 0 0 0 0 0 0 0 0 0 0 0 0 0 0 0 0 0 0 0 0 0 0 0 0 0 0
0 0 0 1 1 0 0 0 0 0 0 4 3 0 2 1 4 0 0 0 0 0 0 7 0 0 0 0 0 2 0 0 0 0 0 1 1 0 1 0 0 0 4 0 0 12 2 8 65 12 5 1 0 0 7 1 3 23 45 8 10 2 6 16 24 12 6 7 0 13 2 0 0 0 0 0 0 0 0 0 0 0 0 0 0 0 0 26 6 9 4 0 1 0 23 225 0 0 0 0 0 0 2 6 22 68 445 1393 431 129 38 0 192 64 0 0 0 0 0 0 0 0 0 0 0 0 0 0 0 0 0 0 0 0 0 0 0 0 0 0 0 0 0 0 0 0 0 0 0 0
0 0 6 1 2 94 5 7 3 0 3 2 0 1 1 0 1 0 0 0 0 0 0 0 0 0 0 0 0 0 3 2 0 0 0 1 0 0 11 10 2 5 0 0 9 5 33 16 3 2 1 0 6 10 10 3 1 0 0 14 0 0 0 2 14 0 0 9 1 11 3 16 0 0 0 0 0 0 0 0 0 0 0 0 0 0 0 1 0 2 21 17 0 3 166 29 1 0 0 0 1 4 0 6 63 113 200 429 261 196 73 156 379 13 0 0 0 0 0 0 0 0 0 0 0 0 0 0 0 0 0 0 0 0 0 0 0 0 0 0 0 0 0 0 0 0 0 0 0 0
1 1 0 0 15 75 1 0 0 1 1 0 0 0 0 0 6 0 0 0 2 0 0 0 0 0 0 0 0 0 0 1 1 2 1 0 0 0 0 2 2 1 3 2 3 0 12 5 8 5 9 0 4 6 7 1 5 2 18 2 0 1 4 18 5 2 5 4 4 0 0 0 2 18 0 0 0 0 0 0 0 0 0 0 0 2 0 0 4 0 0 7 10 26 5 30 308 3 0 0 0 0 0 87 147 228 2 0 20 108 0 3 4 0 0 0 0 0 0 0 0 0 0 0 0 0 0 0 0 0 0 0 0 0 0 0 0 0 0 0 0 0 0 0 0 0 0 0 0 0
0 1 0 0 0 1 2 0 6 8 0 0 0 3 0 0 0 0 3 2 0 0 0 0 0 0 0 0 0 0 0 9 3 0 0 0 0 0 0 0 0 3 0 0 0 0 1 2 4 11 0 1 5 4 0 0 0 0 11 10 3 8 11 0 0 0 0 0 0 0 2 4 5 0 0 0 0 0 0 0 0 0 0 0 0 0 0 0 0 2 0 24 76 47 12 242 470 0 0 0 0 0 0 2 41 0 0 0 0 1 42 140 0 0 0 0 0 0 0 0 0 0 0 0 0 0 0 0 0 0 0 0 0 0 0 0 0 0 0 0 0 0 4 30 4 0 0 0 0 0
0 0 0 5 3 0 0 0 0 1 0 0 3 0 10 2 0 0 1 0 0 0 0 0 0 0 0 0 0 0 0 0 0 0 0 0 0 0 0 0 0 0 1 0 1 3 0 0 0 1 15 0 11 14 2 0 0 0 2 5 10 4 0 0 0 0 0 0 0 0 4 2 0 0 0 0 0 0 0 0 0 0 0 0 0 0 0 0 58 2 3 23 298 201 71 1 1 0 0 0 0 0 0 2 1 0 0 5 0 176 210 1 0 1 0 0 0 0 0 0 0 0 0 0 0 0 0 0 0 0 0 0 0 0 0 0 0 0 0 0 0 0 0 3 1 0 0 0 0 0
0 0 0 0 1 1 0 0 0 0 0 0 0 6 0 0 2 0 0 0 0 0 0 0 0 0 0 0 0 0 0 0 0 0 0 0 0 0 0 0 0 0 0 0 1 0 0 0 0 0 5 8 15 0 0 0 0 0 4 15 7 3 0 0 0 0 0 0 0 0 5 0 0 0 0 0 0 0 0 0 0 0 0 0 0 0 0 0 0 5 3 71 530 0 7 12 8 0 0 0 0 0 0 1 1 1 0 5 13 2 39 3 0 0 0 0 0 0 0 0 0 0 0 0 0 0 0 0 0 0 0 0 0 0 0 0 0 0 0 0 0 0 0 0 0 0 0 0 0 0
0 0 0 0 2 0 0 0 0 0 0 1 7 1 0 2 0 1 1 0 0 0 0 2 0 0 0 0 0 0 0 0 0 0 0 0 0 0 0 0 0 0 5 0 0 0 0 0 0 0 2 13 2 0 0 5 8 4 12 9 3 10 0 0 0 0 0 0 0 0 3 122 4 0 0 0 0 0 0 0 0 0 0 0 0 0 0 0 0 0 17 8 4 1 22 0 0 0 0 0 0 0 0 0 0 0 0 0 0 0 0 0 0 0 0 0 0 0 0 0 0 0 0 0 0 0 0 0 0 0 0 0 0 0 0 0 0 0 0 0 0 0 0 0 0 0 0 0 0 0
2 0 0 0 0 0 0 0 0 0 0 1 0 0 0 0 0 1 0 0 0 4 11 67 0 0 0 0 0 0 0 0 0 0 0 1 1 0 0 0 0 0 0 0 0 0 0 0 0 0 4 31 4 12 8 8 0 1 1 0 0 23 26 0 0 0 0 0 0 0 0 12 7 2 11 0 0 0 0 0 0 0 0 0 0 0 0 0 0 5 0 18 45 7 22 3 1 0 0 0 0 0 0 0 0 0 0 0 0 0 0 0 0 0 0 0 0 0 0 0 0 0 0 0 0 0 0 0 0 0 0 0 0 0 0 0 0 0 0 0 0 0 0 0 0 0 0 0 0 0
0 0 0 0 0 0 0 0 1 0 2 0 0 0 0 0 1 0 0 0 0 0 3 2 2 0 0 0 0 2 0 0 0 0 0 0 0 1 0 0 0 0 0 0 0 0 0 0 0 0 3 63 144 5 6 1 0 0 10 0 1 82 228 5 0 0 0 0 0 0 0 0 0 7 4 0 0 0 0 0 0 0 0 0 0 0 0 0 0 0 8 7 0 16 11 4 0 0 1 0 0 0 0 0 0 0 0 0 0 0 0 0 0 0 0 0 0 0 0 0 0 0 0 0 0 0 0 0 0 0 0 0 0 0 0 0 0 0 0 0 0 0 12 0 0 0 0 0 0 0
0 0 0 0 0 0 0 0 0 3 0 0 5 0 0 0 0 0 0 0 1 0 0 0 0 2 0 0 0 1 1 1 0 0 0 0 0 0 0 0 1 0 0 0 0 0 0 0 2 17 13 72 204 8 12 1 1 3 2 0 0 22 0 0 0 0 0 0 0 0 0 0 0 2 0 0 0 0 0 0 0 0 0 0 0 0 0 0 0 0 1 1 2 13 2 4 0 0 0 0 0 0 0 0 0 0 0 0 0 0 0 0 0 0 0 0 0 0 0 0 0 0 0 0 0 0 0 0 0 0 0 0 0 0 0 0 0 0 0 0 0 0 0 0 0 0 0 0 0 0
0 0 0 0 0 0 0 0 2 0 0 0 7 10 1 4 2 3 4 0 0 2 0 0 3 3 1 0 0 0 0 0 0 0 0 0 0 0 0 0 0 0 0 0 0 0 0 0 4 8 7 27 123 0 10 1 1 4 0 0 0 23 8 0 0 0 0 0 0 0 0 0 0 0 0 0 0 0 0 0 0 0 0 0 0 0 0 0 0 0 0 1 5 10 4 2 3 2 0 11 0 0 0 0 0 0 0 0 0 0 0 0 0 0 0 0 0 0 0 0 0 0 0 0 0 0 0 0 0 0 0 0 0 0 0 0 0 0 0 0 0 0 0 0 0 0 0 0 0 0
0 0 0 0 1 0 0 0 2 7 0 0 0 0 2 0 1 2 2 0 0 0 0 5 3 4 0 0 0 0 0 0 4 0 0 0 0 5 0 0 0 0 0 0 0 0 0 13 0 1 1 19 18 0 0 0 0 1 1 0 21 8 0 4 0 0 0 0 0 0 0 0 0 0 0 0 0 0 0 0 0 0 0 0 0 0 0 0 0 0 0 0 0 4 0 2 4 0 2 0 0 0 0 0 0 0 0 0 0 0 0 0 0 0 0 0 0 0 0 0 0 0 0 0 0 0 0 0 0 0 0 0 0 0 0 0 0 0 0 0 0 0 0 0 0 0 0 0 0 0
0 0 3 0 0 0 0 0 0 0 6 1 0 0 0 0 0 3 0 0 0 2 2 6 11 0 0 0 0 0 0 1 2 5 11 0 3 0 0 0 0 0 0 0 0 3 18 11 1 0 0 0 0 0 0 0 0 0 0 1 8 0 1 0 0 0 0 0 0 0 0 0 0 0 0 0 0 0 0 0 0 0 0 0 0 0 0 0 0 0 0 0 0 0 0 2 7 40 0 0 0 0 0 0 0 0 0 0 0 0 0 0 0 0 0 0 0 0 0 0 0 0 0 0 0 0 0 0 0 0 0 0 0 0 0 0 0 0 0 0 0 0 0 2 8 15 0 0 0 0
1 1 0 0 0 0 0 0 0 0 0 1 0 0 0 0 1 0 0 1 5 0 0 1 2 9 0 0 0 0 11 4 0 0 0 1 0 5 0 0 0 0 0 0 3 5 6 0 0 0 0 0 0 0 0 0 0 0 0 0 0 2 0 0 0 0 0 0 0 0 0 0 3 0 0 0 0 0 0 0 0 0 0 0 0 0 0 0 0 0 0 0 0 0 6 5 46 1 0 0 9 1 1 0 0 0 0 0 0 0 0 0 0 0 0 0 0 0 0 0 0 0 0 0 0 0 0 0 0 0 0 0 0 0 0 0 0 0 0 0 0 0 0 0 0 0 0 0 0 0
0 0 0 0 0 0 0 0 0 0 0 10 1 0 0 0 0 0 1 0 0 0 0 0 0 0 0 0 0 0 0 0 0 0 0 0 0 0 0 0 0 0 0 2 12 0 0 0 0 0 0 0 0 0 0 0 0 0 0 0 12 0 0 0 0 0 0 0 0 0 0 1 0 0 0 0 0 0 0 0 0 0 0 0 0 0 0 0 0 0 0 0 0 0 5 0 0 0 0 1 0 9 0 0 0 0 0 0 0 0 0 0 0 0 0 0 0 0 0 0 0 0 0 0 0 0 0 0 0 0 0 0 0 0 0 0 0 0 0 0 0 0 0 0 0 0 0 0 0 0
0 0 0 0 0 0 0 0 0 6 31 0 9 0 0 2 4 0 0 0 0 0 0 0 0 0 0 0 0 0 0 0 0 0 0 0 0 0 0 0 0 0 0 21 13 0 0 0 0 0 0 0 0 0 0 0 0 0 0 0 2 0 0 0 0 0 0 0 0 0 3 0 0 0 0 0 0 0 0 0 0 0 0 0 0 0 0 0 0 0 0 0 0 0 1 0 2 0 0 0 0 0 0 0 0 0 0 0 0 0 0 0 0 0 0 0 0 0 0 0 0 0 0 0 0 0 0 0 0 0 0 0 0 0 0 0 0 0 0 0 0 0 0 0 0 0 0 0 0 0
2 0 0 0 0 0 1 6 6 4 0 9 14 5 6 9 11 14 0 0 0 0 0 0 0 0 0 0 0 0 0 0 0 0 0 0 0 0 0 0 0 0 0 43 0 0 0 0 0 0 0 0 0 0 0 0 0 0 0 19 0 0 0 0 0 0 0 0 42 0 0 0 0 0 0 0 0 0 0 0 0 0 0 0 0 0 0 0 0 0 0 0 0 0 0 0 5 2 1 13 0 0 0 0 0 0 0 0 0 0 0 0 0 0 0 0 0 0 0 0 0 0 0 0 0 0 0 0 0 0 0 0 0 0 0 0 0 0 0 0 0 0 0 0 0 0 0 0 0 0
1 0 0 0 0 6 0 1 2 0 0 0 18 0 0 0 1 18 15 0 0 0 0 0 0 0 0 0 0 0 0 0 0 0 0 2 1 1 2 2 0 0 51 5 0 0 0 0 0 0 0 0 0 0 0 0 0 0 0 0 1 13 1 0 1 0 0 5 113 88 0 0 0 0 0 0 0 0 0 0 0 0 0 0 0 0 0 0 0 0 0 0 0 0 0 0 0 0 0 0 0 0 0 0 0 0 0 0 0 0 0 0 0 0 0 0 0 0 0 0 0 0 0 0 0 0 0 0 0 0 0 0 0 0 0 0 0 0 0 0 0 0 0 0 0 0 0 0 0 0
6 39 15 3 3 0 0 0 0 3 1 5 67 18 0 1 54 2 10 28 0 1 0 18 7 7 0 0 0 0 3 3 0 0 13 1 21 12 9 9 0 6 56 0 0 0 0 0 0 0 0 0 0 0 0 0 0 0 0 0 0 1 0 0 96 97 15 0 0 0 0 0 0 0 0 0 0 0 0 0 0 0 0 0 0 0 0 0 0 0 0 0 0 0 0 0 0 0 0 0 0 0 0 0 0 0 0 0 0 0 0 0 0 0 0 0 0 0 0 0 0 0 0 0 0 0 0 0 0 0 0 0 0 0 0 0 0 0 0 0 0 0 0 0 0 0 0 0 0 0
51 137 12 0 0 0 0 0 0 0 0 5 6 0 0 0 4 2 1 5 26 105 118 41 6 0 0 0 0 0 1 0 0 3 3 11 35 4 0 6 5 12 1 0 0 0 0 0 0 0 0 0 0 0 0 0 0 0 0 0 0 0 0 0 1 2 0 0 0 0 0 0 0 0 0 0 0 0 0 0 0 0 0 0 0 0 0 0 0 1 0 0 0 0 0 0 0 0 0 0 0 0 0 0 0 0 0 0 0 0 0 0 0 0 0 0 0 0 0 0 0 0 0 0 0 0 0 0 0 0 0 0 0 0 0 0 0 0 0 0 0 0 0 0 0 0 0 0 0 0
42 12 21 5 0 0 0 0 0 0 0 1 4 0 0 7 10 18 0 18 3 56 26 9 40 7 1 0 10 28 12 0 0 0 0 0 4 9 11 7 5 7 0 0 0 0 0 0 0 0 0 0 0 0 0 0 0 0 0 0 0 0 0 0 6 0 0 0 0 0 0 0 0 0 0 0 0 0 0 0 0 0 0 0 0 0 0 0 0 9 0 0 0 0 0 0 0 0 0 0 0 0 0 0 0 0 0 0 0 0 0 0 0 0 0 0 0 0 0 0 0 0 0 0 0 0 0 0 0 0 0 0 0 0 0 0 0 0 0 0 0 0 0 0 0 0 0 0 0 0
0 0 0 3 4 1 0 0 0 0 0 6 2 0 0 0 3 8 1 3 0 8 29 9 3 35 4 16 2 4 0 0 0 0 4 3 9 0 3 0 0 0 0 0 0 0 0 0 0 0 0 0 0 0 0 0 0 0 0 0 0 0 0 0 0 0 0 0 0 0 0 0 0 0 0 0 0 0 0 0 0 0 0 0 0 0 0 0 0 0 0 0 0 0 0 0 0 0 0 0 0 0 0 0 0 0 0 0 0 0 0 0 0 0 0 0 0 0 0 0 0 0 0 0 0 0 0 0 0 0 0 0 0 0 0 0 0 0 0 0 0 0 0 0 0 0 0 0 0 0
0 0 1 0 0 0 0 0 0 0 0 0 0 0 0 0 0 1 3 9 0 0 0 4 9 13 8 18 68 9 4 6 4 20 27 3 0 0 0 0 0 0 0 0 0 0 0 0 0 0 0 0 0 0 0 0 0 0 0 0 0 0 0 0 0 0 0 0 0 0 0 0 0 0 0 0 0 0 0 0 0 0 0 0 0 0 0 0 0 0 0 0 0 0 0 0 0 0 0 0 0 0 0 0 0 0 0 0 0 0 0 0 0 0 0 0 0 0 0 0 0 0 0 0 0 0 0 0 0 0 0 0 0 0 0 0 0 0 0 0 0 0 0 0 0 0 0 0 0 0
0 0 1 0 0 0 0 0 0 0 0 0 0 0 0 0 0 0 0 0 0 0 0 0 0 1 3 3 159 95 7 18 16 33 1 0 4 0 0 0 0 0 0 0 0 0 0 0 0 0 0 0 0 0 0 0 0 0 0 0 0 0 0 0 0 0 0 0 0 0 0 0 0 0 0 0 0 0 0 0 0 0 0 0 0 0 0 0 0 0 0 0 0 0 0 0 0 0 0 0 0 0 0 0 0 0 0 0 0 0 0 0 0 0 0 0 0 0 0 0 0 0 0 0 0 0 0 0 0 0 0 0 0 0 0 0 0 0 0 0 0 0 0 0 0 0 0 0 0 0
0 0 0 0 0 0 0 0 0 0 0 0 0 0 0 0 0 0 0 0 0 0 0 0 0 4 9 11 0 2 15 3 5 3 0 7 14 0 0 0 0 0 0 0 0 0 0 0 0 0 0 0 0 0 0 0 0 0 0 0 0 0 0 0 0 0 0 0 0 0 0 0 0 0 0 0 0 0 0 0 0 0 0 0 0 0 0 0 0 0 0 0 0 0 0 0 0 0 0 0 0 0 0 0 0 0 0 0 0 0 0 0 0 0 0 0 0 0 0 0 0 0 0 0 0 0 0 0 0 0 0 0 0 0 0 0 0 0 0 0 0 0 0 0 0 0 0 0 0 0
0 0 0 0 0 0 0 0 0 0 0 0 7 0 0 0 0 0 0 0 0 0 0 0 21 14 19 1 0 0 21 4 3 1 0 2 2 2 0 0 0 0 0 0 0 0 0 0 0 0 0 0 0 0 0 0 0 0 0 0 0 0 0 0 0 0 0 0 0 0 0 0 0 0 0 0 0 0 0 0 0 0 0 0 0 0 0 0 0 0 0 0 0 0 0 0 0 0 0 0 0 0 0 0 0 0 0 0 0 0 0 0 0 0 0 0 0 0 0 0 0 0 0 0 0 0 0 0 0 0 0 0 0 0 0 0 0 0 0 0 0 0 0 0 0 0 0 0 0 0
0 0 0 0 0 0 0 0 0 0 0 1 6 9 0 0 0 0 0 0 0 0 0 0 0 0 0 0 0 0 0 0 24 0 0 0 4 11 0 0 0 0 0 0 0 0 0 0 0 0 0 0 0 0 0 0 0 0 0 0 0 0 0 0 0 0 0 0 0 0 0 0 0 0 0 0 0 0 0 0 0 0 0 0 0 0 0 0 0 0 0 0 0 0 0 0 0 0 0 0 0 0 0 0 0 0 0 0 0 0 0 0 0 0 0 0 0 0 0 0 0 0 0 0 0 0 0 0 0 0 0 0 0 0 0 0 0 0 0 0 0 0 0 0 0 0 0 0 0 0
1 0 0 0 0 0 0 0 0 0 2 4 2 0 0 0 0 0 0 0 0 0 0 0 0 0 0 28 4 4 6 0 0 0 0 0 0 0 0 0 0 0 0 0 0 0 0 0 0 0 0 0 0 0 0 0 0 0 0 0 0 0 0 0 0 0 0 0 0 0 0 0 0 0 0 0 0 0 0 0 0 0 0 0 0 0 0 0 0 0 0 0 0 0 0 0 0 0 0 0 0 0 0 0 0 0 0 0 0 0 0 0 0 0 0 0 0 0 0 0 0 0 0 0 0 0 0 0 0 0 0 0 0 0 0 0 0 0 0 0 0 0 0 0 0 0 0 0 0 0
0 0 0 0 0 0 0 0 0 0 3 0 0 0 0 0 0 0 0 0 0 0 0 0 0 0 0 15 7 0 0 0 0 12 0 0 0 0 0 0 0 0 0 0 0 0 0 0 0 0 0 0 0 0 0 0 0 0 0 0 0 0 0 0 0 0 0 0 0 0 0 0 0 0 0 0 0 0 0 0 0 0 0 0 0 0 0 0 0 0 0 0 0 0 0 0 0 0 0 0 0 0 0 0 0 0 0 0 0 0 0 0 0 0 0 0 0 0 0 0 0 0 0 0 0 0 0 0 0 0 0 0 0 0 0 0 0 0 0 0 0 0 0 0 0 0 0 0 0 0
0 0 0 0 0 0 0 0 0 0 2 1 0 4 0 0 0 0 0 0 0 0 0 0 0 0 0 0 0 0 0 0 4 1 0 0 0 0 0 0 0 0 0 0 0 0 0 0 0 0 0 0 0 0 0 0 0 0 0 0 0 0 0 0 0 0 0 0 0 0 0 0 0 0 0 0 0 0 0 0 0 0 0 0 0 0 0 0 0 0 0 0 0 0 0 0 0 0 0 0 0 0 0 0 0 0 0 0 0 0 0 0 0 0 0 0 0 0 0 0 0 0 0 0 0 0 0 0 0 0 0 0 0 0 0 0 0 0 0 0 0 0 0 0 0 0 0 0 0 0
0 0 0 0 0 0 0 0 0 1 2 0 0 2 0 0 0 0 0 0 0 0 0 0 0 0 0 0 0 0 0 0 0 0 0 0 0 0 0 0 0 0 0 0 0 0 0 0 0 0 0 0 0 0 0 0 0 0 0 0 0 0 0 0 0 0 0 0 0 0 0 0 0 0 0 0 0 0 0 0 0 0 0 0 0 0 0 0 0 0 0 0 0 0 0 0 0 0 0 0 0 0 0 0 0 0 0 0 0 0 0 0 0 0 0 0 0 0 0 0 0 0 0 0 0 0 0 0 0 0 0 0 0 0 0 0 0 0 0 0 0 0 0 0 0 0 0 0 0 0
0 0 0 0 0 0 0 0 0 0 5 0 0 0 0 0 0 0 0 0 0 0 0 0 0 0 0 0 0 0 0 0 0 0 0 0 0 0 0 0 0 0 0 0 0 0 0 0 0 0 0 7 0 0 0 0 0 0 0 0 0 0 0 0 0 0 0 0 0 0 0 0 0 0 0 0 0 0 0 0 0 0 0 0 0 0 0 0 0 0 0 0 0 0 0 0 0 0 0 0 0 0 0 0 0 0 0 0 0 0 0 0 0 0 0 0 0 0 0 0 0 0 0 0 0 0 0 0 0 0 0 0 0 0 0 0 0 0 0 0 0 0 0 0 0 0 0 0 0 0
0 0 0 2 0 0 0 0 5 26 0 0 0 0 0 0 0 0 0 0 0 0 0 0 0 0 0 0 0 0 0 0 0 0 0 0 0 0 0 0 0 0 0 0 0 0 0 0 0 0 3 0 0 0 0 0 0 0 0 0 0 0 0 0 0 0 0 0 0 0 0 0 0 0 0 0 0 0 0 0 0 0 0 0 0 0 0 0 0 0 0 0 0 0 0 0 0 0 0 0 0 0 0 0 0 0 0 0 0 0 0 0 0 0 0 0 0 0 0 0 0 0 0 0 0 0 0 0 0 0 0 0 0 0 0 0 0 0 0 0 0 0 0 0 0 0 0 0 0 0
0 0 0 0 1 5 17 23 10 0 0 0 0 0 0 0 0 0 0 0 0 0 0 0 0 0 0 0 0 0 0 0 0 0 0 0 0 0 0 0 0 0 0 0 0 0 0 0 0 18 38 0 0 0 0 0 0 0 0 0 0 0 0 0 0 0 0 0 0 0 0 0 0 0 0 0 0 0 0 0 0 0 0 0 0 0 0 0 0 0 0 0 0 0 0 0 0 0 0 0 0 0 0 0 0 0 0 0 0 0 0 0 0 0 0 0 0 0 0 0 0 0 0 0 0 0 0 0 0 0 0 0 0 0 0 0 0 0 0 0 0 0 0 0 0 0 0 0 0 0
0 0 0 0 0 0 6 16 0 0 0 0 0 0 0 0 0 0 0 0 0 0 0 0 0 0 0 0 0 0 0 0 0 0 0 0 0 0 0 0 0 0 0 0 0 0 0 0 2 0 0 1 0 0 0 0 0 0 0 0 0 0 0 0 0 0 0 0 0 0 0 0 0 0 0 0 0 0 0 0 0 0 0 0 0 0 0 0 0 0 0 0 0 0 0 0 0 0 0 0 0 0 0 0 0 0 0 0 0 0 0 0 0 0 0 0 0 0 0 0 0 0 0 0 0 0 0 0 0 0 0 0 0 0 0 0 0 0 0 0 0 0 0 0 0 0 0 0 0 0
0 0 0 0 0 0 0 0 0 0 0 0 0 0 0 0 0 0 0 0 0 0 0 0 0 0 0 0 0 0 0 0 0 0 0 0 0 0 0 0 0 0 0 0 0 0 0 0 5 0 1 0 12 23 0 0 0 0 0 0 0 0 0 0 0 0 0 0 0 0 0 0 0 0 0 0 0 0 0 0 0 0 0 0 0 0 0 0 0 0 0 0 0 0 0 0 0 0 0 0 0 0 0 0 0 0 0 0 0 0 0 0 0 0 0 0 0 0 0 0 0 0 0 0 0 0 0 0 0 0 0 0 0 0 0 0 0 0 0 0 0 0 0 0 0 0 0 0 0 0
0 0 0 0 0 0 0 0 0 0 0 0 0 0 0 0 0 0 0 0 0 0 0 0 0 0 0 0 0 0 0 0 0 0 0 0 0 0 0 0 0 0 0 0 0 0 0 0 0 0 0 0 2 3 0 0 0 0 0 0 0 0 0 0 0 0 0 0 0 0 0 0 0 0 0 0 0 0 0 0 0 0 0 0 0 0 0 0 0 0 0 0 0 0 0 0 0 0 0 0 0 0 0 0 0 0 0 0 0 0 0 0 0 0 0 0 0 0 0 0 0 0 0 0 0 0 0 0 0 0 0 0 0 0 0 0 0 0 0 0 0 0 0 0 0 0 0 0 0 0
0 0 0 0 0 0 0 0 0 0 0 0 0 0 0 0 0 0 0 0 0 0 0 0 0 0 0 0 0 0 0 0 0 0 0 0 0 2 0 0 0 0 0 0 0 0 0 0 0 0 0 4 1 0 0 0 0 0 0 0 0 0 0 0 0 0 0 0 0 0 0 0 0 0 0 0 0 0 0 0 0 0 0 0 0 0 0 0 0 0 0 0 0 0 0 0 0 0 0 0 0 0 0 0 0 0 0 0 0 0 0 0 0 0 0 0 0 0 0 0 0 0 0 0 0 0 0 0 0 0 0 0 0 0 0 0 0 0 0 0 0 0 0 0 0 0 0 0 0 0
0 0 0 0 0 0 0 0 0 0 0 0 0 0 0 0 0 0 0 0 0 0 0 0 0 0 0 0 0 0 0 0 1 0 0 0 0 0 0 0 0 0 0 0 0 0 0 0 0 0 0 0 1 0 0 0 0 0 0 0 0 0 0 0 0 0 0 0 0 0 0 0 0 0 0 0 0 0 0 0 0 0 0 0 0 0 0 0 0 0 0 0 0 0 0 0 0 0 0 0 0 0 0 0 0 0 0 0 0 0 0 0 0 0 0 0 0 0 0 0 0 0 0 0 0 0 0 0 0 0 0 0 0 0 0 0 0 0 0 0 0 0 0 0 0 0 0 0 0 0
0 0 0 0 0 0 0 0 0 0 0 0 0 0 0 0 0 0 0 0 0 0 0 0 0 0 0 0 0 0 6 1 0 0 0 0 0 0 0 0 0 0 0 0 0 0 0 0 0 0 0 0 0 1 0 0 0 0 0 0 0 0 0 0 0 0 0 0 0 0 0 0 0 0 0 0 0 0 0 0 0 0 0 0 0 0 0 0 0 0 0 0 0 0 0 0 0 0 0 0 0 0 0 0 0 0 0 0 0 0 0 0 0 0 0 0 0 0 0 0 0 0 0 0 0 0 0 0 0 0 0 0 0 0 0 0 0 0 0 0 0 0 0 0 0 0 0 0 0 0
0 0 0 0 0 0 0 0 0 0 0 0 0 0 0 0 0 0 0 0 0 0 0 0 0 0 0 0 0 7 5 18 1 1 0 0 1 0 0 0 0 0 0 0 0 0 0 0 0 0 0 0 0 0 0 0 0 0 0 0 0 0 0 0 0 0 0 0 0 0 0 0 0 0 0 0 0 0 0 0 0 0 0 0 0 0 0 0 0 0 0 0 0 0 0 0 0 0 0 0 0 0 0 0 0 0 0 0 0 0 0 0 0 0 0 0 0 0 0 0 0 0 0 0 0 0 0 0 0 0 0 0 0 0 0 0 0 0 0 0 0 0 0 0 0 0 0 0 0 0
0 0 0 0 0 0 0 0 0 0 0 0 0 0 0 0 0 0 0 0 0 0 0 0 0 0 0 0 0 0 6 8 0 0 0 0 2 0 0 0 0 0 0 0 0 0 0 0 0 0 0 0 0 0 0 0 0 0 0 0 0 0 0 0 0 0 0 0 0 0 0 0 0 0 0 0 0 0 0 0 0 0 0 0 0 0 0 0 0 0 0 0 0 0 0 0 0 0 0 0 0 0 0 0 0 0 0 0 0 0 0 0 0 0 0 0 0 0 0 0 0 0 0 0 0 0 0 0 0 0 0 0 0 0 0 0 0 0 0 0 0 0 0 0 0 0 0 0 0 1
0 0 0 0 0 0 0 0 0 0 0 0 0 0 0 0 0 0 0 0 0 0 0 0 0 0 3 0 0 4 0 0 0 0 0 0 0 0 0 0 0 0 0 0 0 0 0 0 0 0 0 0 0 0 0 0 0 0 0 0 0 0 0 0 0 0 0 0 0 0 0 0 0 0 0 0 0 0 0 0 0 0 0 0 0 0 0 0 0 0 0 0 0 0 0 0 0 0 0 0 0 0 0 0 0 0 0 0 0 0 0 0 0 0 0 0 0 0 0 0 0 0 0 0 0 0 0 0 0 0 0 0 0 0 0 0 0 0 0 0 0 0 0 0 0 0 0 0 0 0
0 0 0 0 0 0 0 0 0 0 0 0 0 0 0 0 0 0 0 0 0 0 0 0 0 0 0 0 0 77 27 0 0 0 0 0 0 0 0 0 0 0 0 0 0 0 0 0 0 0 1 0 0 0 0 0 0 0 0 0 0 0 0 0 0 0 0 0 0 0 0 0 0 0 0 0 0 0 0 0 0 0 0 0 0 0 0 0 0 0 0 0 0 0 0 0 0 0 0 0 0 0 0 0 0 0 0 0 0 0 0 0 0 0 0 0 0 0 0 0 0 0 0 0 0 0 0 0 0 0 0 0 0 0 0 0 0 0 0 0 0 0 0 0 0 0 0 0 0 0
0 0 0 0 0 0 0 0 0 0 0 0 0 0 0 0 0 0 0 0 0 0 0 0 0 0 2 0 0 0 0 0 0 0 0 0 0 0 0 0 0 0 0 0 0 0 0 0 3 60 0 0 0 0 0 0 0 0 0 0 0 0 0 0 0 0 0 0 0 0 0 0 0 0 0 0 0 0 0 0 0 0 0 0 0 0 0 0 0 0 0 0 0 0 0 0 0 0 0 0 0 0 0 0 0 0 0 0 0 0 0 0 0 0 0 0 0 0 0 0 0 0 0 0 0 0 0 0 0 0 0 0 0 0 0 0 0 0 0 0 0 0 0 0 0 0 0 0 0 0
0 0 0 0 0 0 0 0 0 0 0 0 0 0 0 0 0 0 0 0 0 0 0 0 0 0 22 0 0 0 0 0 0 0 0 0 0 0 0 0 0 0 0 0 0 0 0 0 1 1 0 0 0 0 0 0 0 0 0 0 0 0 0 0 0 0 0 0 0 0 0 0 0 0 0 0 0 0 0 0 0 0 0 0 0 0 0 0 0 0 0 0 0 0 0 0 0 0 0 0 0 0 0 0 0 0 0 0 0 0 0 0 0 0 0 0 0 0 0 0 0 0 0 0 0 0 0 0 0 0 0 0 0 0 0 0 0 0 0 0 0 0 0 0 0 0 0 0 0 0
0 0 0 0 0 0 0 0 0 0 0 0 0 0 0 0 0 0 0 0 0 0 0 0 0 0 0 1 3 0 0 0 0 0 0 0 0 0 0 0 0 0 0 0 0 0 0 0 0 0 0 0 0 0 0 0 0 0 0 0 0 0 0 0 0 0 0 0 0 0 0 0 0 0 0 0 0 0 0 0 0 0 0 0 0 0 0 0 0 0 0 0 0 0 0 0 0 0 0 0 0 0 0 0 0 0 0 0 0 0 0 0 0 0 0 0 0 0 0 0 0 0 0 0 0 0 0 0 0 0 0 0 0 0 0 0 0 0 0 0 0 0 0 0 0 0 0 0 0 0
0 0 0 0 0 0 0 0 0 1 0 0 0 0 0 0 0 0 0 0 0 0 0 0 0 0 0 0 0 0 0 0 0 0 0 0 0 0 0 0 0 0 0 0 0 0 0 0 0 0 0 0 0 0 0 0 0 0 0 0 0 0 0 0 0 0 0 0 0 0 0 0 0 0 0 0 0 0 0 0 0 0 0 0 0 0 0 0 0 0 0 0 0 0 0 0 0 0 0 0 0 0 0 0 0 0 0 0 0 0 0 0 0 0 0 0 0 0 0 0 0 0 0 0 0 0 0 0 0 0 0 0 0 0 0 0 0 0 0 0 0 0 0 0 0 0 0 0 0 0
0 0 0 0 0 0 0 0 0 0 0 0 0 0 0 0 0 0 0 0 0 0 0 0 0 0 0 0 0 0 0 0 0 0 0 0 0 0 0 0 0 0 0 0 0 0 0 0 0 0 0 0 0 0 0 0 0 0 0 0 0 0 0 0 0 0 0 0 0 0 0 0 0 0 0 0 0 0 0 0 0 0 0 0 0 0 0 0 0 0 0 0 0 0 0 0 0 0 0 0 0 0 0 0 0 0 0 0 0 0 0 0 0 0 0 0 0 0 0 0 0 0 0 0 0 0 0 0 0 0 0 0 0 0 0 0 0 0 0 0 0 0 0 0 0 0 0 0 0 0
0 0 0 0 0 0 0 0 0 0 0 0 0 0 0 0 0 0 0 0 0 0 0 0 0 0 0 0 0 0 0 0 0 0 0 0 0 0 0 0 0 0 0 0 0 0 0 0 0 0 0 0 0 0 0 0 0 0 0 0 0 0 0 0 0 0 0 0 0 0 0 0 0 0 0 0 0 0 0 0 0 0 0 0 0 0 0 0 0 0 0 0 0 0 0 0 0 0 0 0 0 0 0 0 0 0 0 0 0 0 0 0 0 0 0 0 0 0 0 0 0 0 0 0 0 0 0 0 0 0 0 0 0 0 0 0 0 0 0 0 0 0 0 0 0 0 0 0 0 0
0 0 0 0 0 0 0 0 0 0 0 0 0 0 0 0 0 0 0 0 0 0 0 0 0 0 0 0 0 0 0 0 0 0 0 0 0 0 0 0 0 0 0 0 0 0 0 0 0 0 0 0 0 0 0 0 0 0 0 0 0 0 0 0 0 0 0 0 0 0 0 0 0 0 0 0 0 0 0 0 0 0 0 0 0 0 0 0 0 0 0 0 0 0 0 0 0 0 0 0 0 0 0 0 0 0 0 0 0 0 0 0 0 0 0 0 0 0 0 0 0 0 0 0 0 0 0 0 0 0 0 0 0 0 0 0 0 0 0 0 0 0 0 0 0 0 0 0 0 0
0 0 0 0 0 0 0 0 0 0 0 0 0 0 0 0 0 0 0 0 0 0 0 0 0 0 0 0 0 0 0 0 0 0 0 0 0 0 0 0 0 0 0 0 0 0 0 0 0 0 0 0 0 0 0 0 0 0 0 0 0 0 0 0 0 0 0 0 0 0 0 0 0 0 0 0 0 0 0 0 0 0 0 0 0 0 0 0 0 0 0 0 0 0 0 0 0 0 0 0 0 0 0 0 0 0 0 0 0 0 0 0 0 0 0 0 0 0 0 0 0 0 0 0 0 0 0 0 0 0 0 0 0 0 0 0 0 0 0 0 0 0 0 0 0 0 0 0 0 0
