0 0 18 4 0 0 2 1 9 127 3 3 0 13 0 0 0 4 9 0 1 0 0 0 0 20 0 1 0 0 0 0 0 3 16 3 0 0 2 3 0 0 0 3 9 0 0 0 0 0 0 0 1 2 2 8 0 0 0 3 41 23 9 3 2 7 6 1 0 0 0 12 18 181 191 341 109 47 44 11 18 214 67 53 87 213 212 171 31 224 928 685 100 804 420 730 970 720 879 154 188 110 18 81 18 31 65 516 314 33 16 3 31 105 81 41 50 23 12 2 7 75 23 9 1 9 0 8 16 13 8 45 0 119 3 0 0 1 0 0 2 0 0 0 0 0 0 0 0 26
0 2 11 9 0 0 0 0 0 45 4 18 8 5 0 0 0 5 11 0 0 1 82 1 29 37 1 4 0 0 0 0 0 0 1 1 0 0 5 0 0 0 0 0 0 0 0 0 0 0 0 0 0 4 8 0 0 0 0 31 112 56 8 19 5 0 0 1 0 0 0 11 51 38 35 5 63 82 27 75 82 46 13 13 90 205 412 143 289 358 99 28 382 371 236 472 877 495 1053 726 306 50 119 50 7 9 9 63 58 43 5 18 4 12 39 34 11 31 4 21 6 7 23 3 2 2 3 5 13 38 25 24 114 49 1 1 0 0 1 70 7 0 0 0 0 0 0 0 0 0
0 1 0 2 6 0 0 0 1 20 1 6 6 2 1 0 1 1 5 0 0 13 104 24 8 0 3 14 0 0 0 0 0 0 0 8 0 2 0 21 3 0 0 4 0 0 0 0 0 0 0 0 0 0 6 0 0 1 1 16 13 24 6 9 0 0 18 0 0 0 0 2 68 0 5 3 55 80 161 248 89 60 20 40 49 205 523 139 7 10 107 23 116 502 618 702 218 332 345 447 611 306 28 68 55 18 4 20 226 168 79 6 4 14 15 8 14 89 23 13 133 14 8 11 4 5 5 13 0 15 12 9 112 149 0 0 9 0 8 39 5 2 0 0 0 0 0 0 0 0
34 4 0 1 0 0 0 0 0 3 2 7 0 0 0 4 0 0 14 5 0 1 23 25 93 0 4 20 31 0 5 0 0 0 0 0 0 3 0 5 1 0 1 1 0 0 0 0 0 0 1 0 0 0 73 23 2 46 42 5 1 5 18 20 0 0 0 0 0 0 5 69 26 4 1 3 39 195 291 510 186 125 138 208 197 32 53 151 6 214 960 889 1304 648 741 404 152 176 521 526 614 705 134 17 75 101 40 41 359 57 52 38 34 18 1 13 18 124 81 37 92 92 36 5 4 27 4 3 15 6 2 12 19 2 34 3 16 1 0 11 51 6 0 0 0 0 0 0 0 0
2 23 1 0 0 0 0 0 2 2 0 1 0 0 0 10 5 3 2 0 0 1 16 0 3 0 0 0 0 1 1 0 4 1 1 11 4 0 4 0 2 3 0 0 0 0 0 0 1 12 1 0 1 5 154 239 50 72 5 0 3 10 0 8 0 0 0 0 0 21 118 110 76 151 58 64 79 126 321 312 363 353 293 268 266 106 58 57 84 331 925 1516 436 643 461 245 157 728 303 716 656 1043 783 617 549 226 95 22 8 3 12 24 51 74 8 4 7 29 66 72 572 870 249 83 5 0 2 2 6 16 1 2 0 0 2 0 0 2 0 4 39 13 0 0 0 0 0 0 0 0
13 6 0 0 0 0 0 0 1 1 15 0 0 0 0 5 2 3 6 71 9 5 1 0 0 0 0 0 0 4 0 7 0 0 11 124 43 26 2 0 0 0 0 0 0 0 0 0 0 15 50 14 1 3 26 59 41 15 19 1 0 0 5 2 0 0 0 0 4 51 113 138 139 117 182 56 44 43 97 533 858 784 360 84 12 154 59 34 12 209 1284 1266 123 407 736 407 146 1257 417 537 428 616 1155 486 42 168 47 114 7 4 0 2 38 61 6 29 42 12 0 22 203 197 8 6 12 10 2 1 1 0 3 1 0 1 0 0 4 0 0 0 2 2 0 0 0 0 0 0 0 0
12 0 0 0 1 0 0 0 0 4 6 0 0 0 0 1 0 3 0 0 5 2 4 0 0 0 0 0 0 3 17 1 0 0 0 11 2 6 1 0 0 0 0 0 0 0 0 0 0 2 6 6 6 3 0 43 36 11 17 11 3 9 4 0 12 1 0 0 15 69 51 68 465 485 343 164 437 198 595 658 905 1243 1097 578 296 56 8 172 65 82 1272 1166 174 459 787 366 266 477 532 40 34 341 219 200 43 80 87 18 27 20 31 123 248 34 24 38 4 3 30 26 156 146 10 1 12 7 16 3 0 0 5 0 0 0 0 0 0 13 0 0 0 0 0 0 0 0 0 0 0 0
3 0 0 1 0 0 0 0 3 0 0 0 0 0 0 0 0 0 0 0 0 0 0 0 0 0 0 0 0 2 11 0 0 0 4 0 0 1 13 7 0 0 0 0 0 0 0 0 0 0 0 0 5 13 3 5 0 26 35 29 79 100 75 3 25 37 0 0 15 77 9 6 29 71 79 82 122 154 670 1022 1236 820 1032 283 178 185 226 669 245 92 525 97 95 535 413 391 312 685 655 223 167 430 347 576 244 141 24 54 115 26 285 404 111 55 17 71 3 2 1 25 27 6 16 6 9 4 21 1 10 2 0 0 0 0 0 0 0 0 0 0 0 0 0 0 0 0 0 0 0 0
4 0 0 0 0 0 0 0 5 3 0 2 0 10 12 0 0 0 0 0 0 0 0 0 0 0 0 0 0 0 0 0 0 0 0 0 0 2 2 4 0 0 0 0 0 0 0 0 0 4 0 0 2 8 0 1 2 18 8 38 510 232 26 5 11 55 12 10 11 25 4 14 0 26 1 38 25 55 143 548 880 1318 757 75 29 24 432 248 286 59 12 17 377 845 1032 1073 128 384 356 237 306 159 109 393 856 169 230 184 65 43 785 193 259 24 65 14 5 2 25 5 17 1 6 39 11 0 1 6 2 0 3 0 0 0 1 1 0 0 1 0 0 0 0 0 0 0 0 0 0 0
0 0 0 0 0 0 0 4 21 13 0 0 0 0 0 0 0 0 0 0 0 0 0 0 0 0 1 0 0 0 3 0 0 0 0 1 0 0 4 0 2 0 0 0 0 0 0 0 8 2 56 0 23 4 1 1 2 0 0 36 48 153 28 4 6 1 1 2 0 15 0 0 0 3 1 84 46 88 464 711 1184 657 833 472 1011 794 345 90 246 147 80 12 19 589 927 1140 767 210 91 27 36 127 46 6 118 447 316 245 134 18 592 868 328 53 10 288 376 690 225 58 44 22 18 45 63 22 42 0 2 29 75 18 8 3 0 1 0 0 0 0 0 0 0 0 0 0 0 0 0 2
0 0 7 0 0 0 0 0 9 5 4 9 0 0 5 15 1 1 2 0 0 0 0 0 0 0 0 0 0 0 0 3 0 0 0 4 0 0 2 4 0 2 4 3 0 0 3 15 64 29 11 1 17 5 0 0 1 15 19 14 1 129 6 11 0 0 0 0 0 5 0 0 0 0 3 0 50 46 279 369 538 296 570 304 265 380 210 347 675 373 43 1 11 162 466 654 753 52 16 65 28 15 3 21 73 324 930 397 204 145 532 222 265 66 13 155 377 878 431 233 553 191 232 123 122 413 133 82 63 69 11 173 20 35 27 0 0 0 0 0 0 0 0 0 0 1 0 0 0 0
2 2 17 0 0 0 0 0 26 2 0 0 0 0 0 1 18 8 7 0 0 0 0 0 0 0 0 0 0 0 0 0 1 5 11 1 0 3 1 0 1 2 13 2 7 0 2 1 0 2 0 0 4 2 2 5 3 1 1 10 5 5 0 1 1 9 3 0 3 0 4 1 0 0 0 21 36 13 168 428 637 195 92 67 195 143 41 40 147 514 47 1 1 8 19 108 886 370 390 19 0 2 12 41 48 27 543 328 65 86 362 295 91 255 40 299 836 215 683 920 414 467 247 86 162 273 1 0 0 55 1 0 63 34 34 0 0 0 0 0 0 0 0 0 0 0 0 0 0 0
3 0 3 0 0 0 3 1 8 2 1 1 0 0 0 0 1 29 10 7 2 4 0 0 0 0 0 0 0 0 0 0 0 0 1 0 3 1 0 0 0 0 39 4 23 0 13 11 0 0 0 0 5 0 5 0 0 0 5 6 3 5 1 0 0 3 4 0 0 1 13 0 0 0 14 90 216 86 197 110 139 391 96 5 28 19 5 0 0 1 0 0 8 45 77 24 644 361 524 531 17 17 61 24 41 27 52 406 770 380 908 830 155 819 198 73 33 100 1758 1379 213 228 142 5 108 142 6 0 46 40 1 0 34 11 2 1 3 0 0 0 0 0 0 0 0 0 0 0 0 0
0 0 0 0 0 0 1 1 0 1 0 0 0 0 0 0 0 0 88 18 8 8 1 1 0 0 0 0 0 4 18 7 0 0 0 0 1 0 0 0 0 0 3 74 12 0 0 0 12 1 0 31 0 0 0 0 0 0 11 0 18 15 5 5 0 0 74 32 37 21 80 0 1 9 4 356 823 537 269 32 43 321 82 1 24 154 16 2 3 30 1 5 3 59 9 31 93 532 236 214 0 42 274 153 277 106 146 522 347 901 1138 1563 887 272 187 345 319 382 1087 597 294 124 1 2 0 29 27 0 30 6 0 0 1 7 0 0 0 0 0 0 0 0 0 0 0 0 0 0 0 0
0 0 0 0 0 0 1 3 16 1 0 0 0 0 0 0 0 0 7 6 9 0 0 0 2 0 0 0 0 0 1 0 0 0 0 0 0 0 0 0 0 0 0 6 32 0 0 0 0 19 22 45 11 0 0 0 1 5 22 17 125 17 17 10 17 15 174 82 183 112 54 6 7 6 109 819 1520 1189 472 84 3 194 38 9 14 49 25 12 0 63 15 17 3 2 0 4 67 389 197 204 33 77 593 488 1399 1120 1957 1250 1360 886 1172 741 658 695 595 305 162 99 90 150 158 168 58 10 0 33 57 10 24 28 5 2 0 0 0 0 0 0 0 0 0 0 0 0 0 0 0 0 0 0
0 0 0 0 0 0 1 41 150 4 10 0 0 0 0 0 1 0 1 3 0 26 10 1 0 0 0 0 1 4 0 0 0 0 0 0 0 0 0 0 0 0 0 0 3 18 0 0 0 20 67 125 2 2 0 15 33 92 5 109 35 39 10 55 31 81 113 64 71 94 217 128 92 149 630 1003 1610 901 232 18 9 10 0 0 0 0 15 71 17 81 4 14 1 0 9 31 41 5 27 26 21 0 1079 754 597 587 1103 586 725 1063 1471 998 979 363 354 239 58 194 142 129 40 20 195 354 53 126 22 12 5 7 1 0 0 0 12 2 0 0 0 0 0 0 0 0 0 0 0 0 0 0
0 0 0 0 0 0 1 3 8 0 0 0 2 0 0 0 6 3 2 7 5 0 18 39 15 9 9 0 0 0 0 0 0 0 0 0 0 0 0 3 3 0 1 0 1 14 6 3 3 18 54 6 2 22 10 44 100 134 69 30 4 3 1 4 0 5 0 0 0 0 3 0 53 118 236 426 714 512 133 1 1 0 42 1 0 0 2 62 80 14 2 0 7 0 0 29 38 0 2 112 38 251 677 839 387 209 523 247 486 775 712 514 828 521 455 139 40 101 226 33 0 6 36 47 46 401 1 15 4 1 0 0 0 0 2 1 0 0 0 0 0 0 0 0 0 0 0 0 0 0
0 0 1 0 0 5 0 1 0 0 0 1 2 0 0 23 1 6 2 6 4 8 0 2 18 2 8 21 0 0 0 0 2 0 0 0 2 0 0 1 0 0 5 2 0 26 41 2 6 48 39 40 6 81 24 21 68 50 413 14 4 0 1 0 3 1 24 53 4 26 84 7 109 11 67 184 72 158 50 12 5 0 11 3 0 1 0 41 188 5 0 20 65 46 16 0 4 0 23 359 146 98 133 67 128 476 219 168 569 630 142 464 122 174 147 69 81 211 42 40 0 5 6 22 134 888 218 29 1 17 0 0 0 0 0 0 0 0 0 0 0 0 0 0 0 0 0 0 0 0
0 0 0 4 7 4 0 1 0 0 0 0 1 0 0 2 1 1 1 3 3 2 14 0 1 3 56 47 36 0 0 0 0 0 0 10 2 0 0 0 0 0 2 7 26 29 27 5 22 299 94 29 38 19 5 81 164 109 46 29 60 34 4 0 0 2 7 7 3 27 21 14 29 15 9 146 79 28 6 32 31 0 9 31 0 7 12 19 7 1 7 59 90 337 24 4 0 52 139 60 119 261 78 38 120 172 146 470 397 2 4 77 8 507 46 0 40 9 0 0 1 1 4 18 56 236 202 282 16 0 0 0 0 0 0 0 0 0 0 0 0 0 0 0 0 0 0 0 0 0
0 0 0 3 0 0 0 0 0 0 0 0 2 2 0 0 2 0 2 3 2 17 68 3 5 4 2 20 194 7 0 5 5 1 2 0 0 0 0 0 0 1 14 47 13 121 91 14 5 161 40 0 1 10 64 15 30 78 5 0 0 1 0 0 1 6 0 2 13 10 43 39 13 0 0 56 16 0 2 4 4 2 1 2 1 36 18 0 10 11 35 20 4 5 1 49 0 18 17 3 555 732 722 200 72 171 116 309 174 7 1 2 4 219 47 0 0 0 0 0 1 0 0 11 24 22 29 137 21 0 0 0 0 0 0 0 0 0 0 0 0 0 0 0 0 0 0 0 0 0
0 0 0 1 0 0 9 0 0 0 0 0 0 2 0 1 0 0 4 1 1 1 10 6 0 35 8 12 0 5 1 16 9 0 0 0 0 0 0 2 12 6 21 17 14 20 14 35 102 286 233 120 26 44 29 13 11 1 3 0 1 3 18 19 174 79 14 0 10 11 115 37 3 0 10 100 270 122 7 43 7 12 3 6 0 0 9 6 35 27 26 2 1 4 1 0 0 1 306 325 1082 730 386 110 10 34 86 184 1 0 0 0 0 51 1 0 0 0 0 0 0 0 1 4 0 0 75 50 3 0 0 1 0 0 0 0 0 0 0 0 0 0 0 0 0 0 0 0 0 0
0 0 0 0 0 0 0 0 0 0 0 0 0 4 1 3 0 0 0 0 0 8 18 1 1 5 0 0 0 0 16 137 17 4 1 0 0 2 0 1 97 21 0 0 0 0 6 8 256 821 348 279 13 2 0 7 5 11 0 0 3 3 2 0 15 15 20 2 5 58 49 11 18 0 2 16 166 65 59 73 16 37 14 31 11 10 9 14 230 83 20 22 1 16 3 8 6 1 75 354 209 74 73 1 20 36 141 78 12 0 1 2 14 75 0 0 0 0 0 0 0 0 0 0 0 49 90 2 4 5 13 4 0 0 0 0 0 0 0 0 0 0 0 0 0 0 0 0 0 0
0 0 0 0 0 0 0 0 0 0 0 0 0 0 3 1 1 0 0 0 2 7 12 2 3 1 0 0 0 0 0 4 29 13 3 1 14 84 11 15 1 0 0 0 0 0 30 13 43 368 282 124 16 0 1 3 1 1 8 0 0 0 0 0 5 2 32 1 0 4 18 45 35 4 1 0 2 6 20 12 0 31 24 0 1 13 5 0 0 0 3 9 7 4 0 2 6 0 0 0 21 0 4 45 78 46 51 64 81 131 64 21 53 0 1 0 0 0 0 0 0 0 0 12 68 162 106 1 0 0 1 1 0 0 0 0 0 0 0 0 0 0 0 0 0 0 0 0 0 0
0 0 3 0 0 0 0 0 0 0 0 0 0 3 8 0 1 12 0 0 3 1 0 1 0 1 1 0 0 3 0 7 17 18 4 9 13 33 15 2 0 0 0 0 7 62 30 44 3 145 121 24 0 10 7 4 7 14 5 0 0 1 0 0 0 0 1 1 0 0 0 5 94 135 4 7 0 0 0 0 0 11 102 167 3 0 7 3 0 0 0 5 1 1 1 0 1 0 0 2 3 1 6 79 64 44 20 9 5 66 11 339 30 0 0 0 0 0 0 0 0 0 1 10 35 72 48 126 2 0 0 0 0 0 0 0 0 0 0 0 0 0 0 0 0 0 0 0 0 0
0 0 0 0 0 0 0 0 0 0 0 0 0 8 0 0 0 1 0 0 0 0 1 0 0 0 1 0 0 0 0 0 9 9 33 0 1 68 0 0 0 0 0 32 51 53 44 2 7 27 88 35 18 37 27 7 2 3 4 1 0 0 1 0 1 0 0 16 12 14 0 4 3 12 47 12 0 0 0 0 0 1 14 68 35 7 0 0 0 2 3 7 0 1 1 0 5 0 0 8 14 4 12 20 671 0 0 9 0 0 1 25 7 0 0 21 8 0 1 0 0 0 1 0 0 34 94 19 0 0 0 0 0 0 0 0 6 10 1 0 0 2 0 0 0 0 0 0 0 0
0 0 0 0 0 0 0 0 0 0 0 0 0 3 14 1 3 1 2 0 0 5 4 0 1 0 0 4 0 0 0 0 11 31 27 3 0 19 0 0 0 0 0 9 98 18 2 3 3 0 55 13 0 2 0 0 1 0 0 0 4 0 0 2 5 11 0 13 12 1 12 38 0 7 1 10 11 0 0 0 1 1 0 12 0 15 5 6 1 20 0 3 4 5 9 0 1 14 1 9 15 11 25 165 286 402 0 15 0 0 0 9 19 13 38 14 0 0 1 1 20 1 0 0 0 106 20 28 1 0 0 0 0 0 0 1 13 57 0 0 0 0 0 0 0 0 0 0 0 0
0 0 0 0 0 0 0 0 1 0 0 0 1 0 7 1 0 3 2 0 2 11 1 7 0 0 0 13 1 0 0 4 1 5 26 8 0 0 4 14 9 2 4 22 89 5 5 3 0 2 27 7 2 4 1 1 0 0 0 0 1 0 0 4 12 0 0 1 4 1 5 7 2 0 1 0 19 1 0 0 0 1 30 7 2 8 26 20 3 1 7 0 0 0 8 7 1 0 0 1 14 15 6 10 35 317 31 4 0 0 0 0 0 10 20 31 0 0 6 3 0 0 0 0 42 174 17 39 0 0 0 0 0 0 1 0 6 16 0 0 0 0 0 0 0 0 0 0 0 0
0 0 0 0 0 0 0 0 1 0 0 0 0 32 1 1 8 43 7 0 10 28 10 2 0 0 1 3 2 5 10 1 0 43 2 0 2 9 12 21 47 121 14 157 139 4 7 1 9 3 1 41 42 1 2 3 0 0 0 0 0 0 1 1 4 0 0 0 14 60 68 15 4 6 0 4 0 18 0 0 0 0 0 0 0 0 4 6 26 22 12 0 6 0 0 0 0 6 0 0 0 13 17 3 23 865 659 32 10 0 0 0 0 0 0 0 11 142 91 2 0 0 0 43 125 38 98 215 173 21 0 0 0 0 3 12 12 22 0 0 0 0 0 0 0 0 0 0 0 0
0 0 0 0 0 0 0 0 0 2 0 2 10 2 5 7 40 124 4 12 2 7 2 0 0 0 0 3 20 4 0 3 20 1 8 20 10 19 101 140 345 731 339 263 81 5 0 2 3 0 0 1 42 11 5 0 0 0 0 0 1 0 0 0 0 0 0 1 0 3 10 44 17 0 11 7 1 22 7 0 0 10 12 0 23 0 0 0 9 7 5 2 10 11 6 33 16 0 0 0 3 29 10 27 230 357 226 347 26 0 0 0 0 2 0 2 207 95 26 0 0 0 21 136 292 156 1068 625 58 61 0 0 1 14 0 12 0 0 0 0 0 0 0 0 0 0 0 0 0 0
0 0 0 0 0 0 0 0 17 10 8 64 20 1 0 1 4 13 2 1 2 9 12 28 2 6 5 0 5 0 11 1 5 9 47 18 3 3 171 389 673 978 579 582 48 4 2 1 6 0 4 1 52 88 44 15 0 0 0 0 1 2 0 0 0 0 0 1 5 0 15 3 3 0 0 2 0 5 5 0 0 0 1 2 25 0 0 0 4 6 0 1 5 48 2 13 0 1 0 3 0 4 27 11 10 63 4 101 22 0 0 0 11 0 71 94 710 381 100 98 37 19 12 156 124 69 477 547 423 310 72 92 25 140 11 5 0 0 0 0 0 0 0 0 0 0 0 0 0 0
0 0 0 0 0 0 1 5 9 7 3 8 8 0 0 10 0 1 11 5 0 8 94 43 0 0 0 0 1 2 5 10 0 2 11 19 11 33 37 153 478 407 530 263 28 19 10 5 1 13 1 6 8 10 9 0 0 0 0 0 0 0 0 0 0 0 0 0 12 0 1 0 0 0 0 1 4 7 2 2 5 11 20 2 33 0 0 0 36 28 8 0 7 10 2 0 6 9 6 3 12 1 2 11 5 2 0 3 49 4 8 5 37 0 97 894 871 627 221 167 122 174 98 13 6 14 252 572 192 286 22 250 716 78 54 15 0 0 0 0 0 0 0 0 0 0 0 0 0 0
0 0 0 0 1 0 2 3 1 1 4 12 14 4 0 1 1 0 25 17 182 46 8 0 0 0 0 2 15 29 1 8 17 58 33 5 0 32 0 88 491 393 364 123 77 23 6 0 11 11 10 1 7 8 12 1 4 0 0 0 0 0 0 0 0 0 0 0 0 0 4 0 0 0 0 0 0 0 10 0 14 10 34 178 39 0 0 0 0 0 0 0 8 3 1 0 13 4 0 5 3 0 0 1 6 2 24 36 188 148 238 410 114 156 601 1080 711 245 89 397 59 204 6 6 120 214 197 124 7 0 103 404 336 59 49 7 0 0 0 0 0 0 0 0 0 0 0 0 0 0
0 0 1 0 0 1 0 1 1 1 0 9 6 25 5 11 2 10 22 30 66 0 0 0 0 0 0 0 0 34 3 26 8 7 7 4 5 6 5 21 37 125 26 12 6 0 1 0 3 3 3 8 49 3 1 2 11 4 2 0 0 0 0 0 0 0 0 0 0 2 0 0 0 0 0 7 1 20 12 0 1 5 7 7 0 0 0 0 10 0 8 0 0 18 17 18 4 0 0 0 28 0 0 0 0 5 7 11 123 73 115 113 53 359 1161 471 266 338 99 435 105 19 0 21 14 107 124 0 0 0 61 204 1 0 4 0 0 0 0 0 0 0 0 0 0 0 0 0 0 0
0 0 0 1 0 13 16 8 1 8 1 0 0 14 22 4 5 12 30 29 26 0 0 0 0 0 0 0 0 2 81 2 15 1 2 2 1 2 12 0 13 24 6 0 4 0 0 0 1 3 0 18 232 9 11 28 38 1 2 1 0 0 0 0 0 0 0 0 0 0 0 0 0 0 0 0 2 4 2 2 0 0 1 0 0 0 0 0 5 0 2 0 11 15 5 0 15 16 0 1 29 0 0 1 0 0 3 70 51 2 2 16 251 241 165 419 127 245 188 123 280 3 0 0 0 0 2 0 0 0 2 119 26 0 0 0 0 0 0 0 0 0 0 0 0 0 0 0 0 0
0 0 1 0 2 3 6 23 1 1 3 0 5 15 13 3 37 10 4 0 4 10 4 0 0 1 1 26 20 11 42 43 10 0 1 5 5 4 6 4 13 40 4 0 3 0 2 0 0 0 3 50 107 47 4 19 4 1 0 0 0 0 0 0 0 0 0 0 0 0 0 0 0 0 0 0 20 14 3 1 0 0 1 0 0 0 0 0 8 2 21 3 22 65 6 13 13 8 1 7 3 0 0 1 0 0 10 93 622 6 3 1 8 0 3 8 5 23 448 551 71 0 0 0 0 4 7 0 0 0 0 7 133 1 0 0 0 0 0 0 0 0 0 0 0 0 0 0 0 0
4 1 5 8 3 1 20 46 10 8 18 12 11 1 0 128 80 27 2 10 0 0 1 9 2 0 1 15 0 2 9 10 5 1 0 1 3 0 4 1 18 4 1 5 4 0 2 0 0 0 0 54 6 38 41 4 3 0 0 0 0 0 0 0 0 0 0 0 0 0 0 0 0 0 0 1 20 18 3 0 0 0 5 0 0 0 0 0 35 1 8 0 2 34 0 0 0 1 21 4 0 2 3 3 4 14 41 32 200 0 0 0 0 0 21 0 0 1 195 430 330 198 0 0 3 83 0 0 0 67 135 22 53 13 0 0 0 0 0 0 0 0 0 0 0 0 0 0 0 0
2 1 0 0 0 6 0 0 0 3 48 3 4 0 16 54 43 29 12 0 0 2 1 8 4 6 4 2 2 2 1 0 0 8 10 0 0 0 0 1 5 33 5 0 0 0 0 0 0 0 0 62 19 19 31 13 6 0 0 0 0 0 0 0 0 0 0 0 0 0 0 0 0 0 0 0 0 36 156 4 0 10 0 0 0 1 3 132 21 1 3 3 7 2 0 7 1 4 5 20 34 14 12 10 9 8 34 15 94 11 0 0 0 3 111 120 179 576 140 143 837 164 0 6 466 66 0 0 0 183 198 0 0 0 0 1 0 0 0 0 0 0 0 0 0 0 0 0 0 0
0 2 8 3 0 0 9 3 3 3 5 96 14 20 0 0 5 8 1 0 0 0 5 14 10 1 2 3 39 3 0 0 0 1 0 0 1 1 3 1 1 22 27 22 6 1 5 0 0 0 0 125 24 0 5 2 0 0 5 0 0 0 0 0 0 0 0 0 0 0 0 0 0 0 0 1 0 8 38 33 0 0 0 0 0 0 1 12 0 1 1 0 5 35 0 0 0 0 17 8 1 0 5 4 13 0 12 46 39 22 0 0 0 1 175 577 843 590 86 72 105 178 278 315 258 2 0 0 19 568 261 0 0 0 0 0 0 0 0 0 0 0 0 0 0 0 0 0 0 0
0 0 1 0 0 0 5 3 0 1 6 47 1 1 0 1 0 2 1 18 4 0 0 4 0 1 1 2 5 0 0 0 0 1 0 0 0 0 13 2 0 2 1 24 4 0 0 0 0 0 7 103 3 18 3 0 0 0 0 0 1 0 0 0 0 0 0 0 0 0 0 0 0 0 0 2 3 9 84 42 14 20 21 0 0 2 3 0 0 2 0 0 6 10 0 0 0 0 0 11 1 3 4 11 7 8 6 2 52 1 0 5 32 27 27 33 7 76 517 335 27 273 952 582 572 439 203 284 995 1895 1041 55 0 0 0 0 0 0 0 1 0 0 0 0 0 0 0 0 0 0
0 0 3 0 1 6 2 3 2 28 38 6 0 7 9 13 2 0 1 0 0 0 0 0 0 29 17 1 1 0 0 2 7 4 0 2 0 0 0 18 0 1 1 0 2 3 4 1 10 7 9 414 45 8 0 17 0 6 3 0 0 0 0 0 0 0 0 0 0 0 0 0 0 0 0 0 0 39 36 0 2 36 27 0 0 0 0 0 6 9 1 2 6 8 9 35 28 0 1 5 8 0 0 5 12 4 10 2 136 45 7 21 22 7 4 26 6 206 682 537 509 790 936 1107 1663 1459 987 943 1202 1108 1086 3 0 0 0 0 0 0 1 0 0 0 0 0 0 0 0 0 0 0
0 0 0 0 6 2 0 1 9 8 1 4 6 1 2 28 6 1 2 0 0 0 0 0 0 12 8 1 4 0 1 2 5 1 6 3 3 3 1 2 4 0 5 0 1 0 3 0 10 35 659 682 22 75 5 5 22 2 2 7 0 5 0 0 0 0 0 0 0 0 0 0 0 0 0 1 5 0 8 0 0 6 0 0 0 0 0 0 5 2 0 1 18 0 0 2 2 0 2 4 21 33 41 9 33 15 52 45 10 25 20 9 15 11 16 16 24 96 460 1414 1674 920 299 1119 1745 1184 270 866 648 24 273 88 0 0 0 0 0 0 0 0 0 0 0 0 0 0 0 0 0 0
5 0 1 4 0 1 2 0 18 6 5 5 10 5 24 6 0 1 0 0 0 0 0 1 13 4 0 0 0 1 0 50 38 1 0 3 4 0 6 0 0 0 0 0 0 0 2 0 3 37 552 798 643 801 30 29 7 5 4 10 1 0 0 0 0 0 0 0 0 0 0 0 0 0 0 0 0 0 0 15 0 1 1 0 0 0 0 24 141 0 0 33 30 0 0 0 0 0 0 11 5 0 31 26 20 157 442 9 3 0 4 14 4 7 14 36 21 16 144 611 403 622 238 2773 1674 996 375 347 14 547 1245 814 0 0 0 0 0 0 0 0 0 0 0 0 0 0 0 0 0 0
2 6 5 31 1 0 10 9 19 4 8 77 1 2 0 3 0 0 0 0 0 0 0 1 0 0 1 1 0 0 0 22 17 7 1 1 1 0 0 0 0 0 0 1 1 22 0 0 6 7 252 418 693 417 62 91 3 2 3 1 3 0 1 0 0 0 0 0 0 0 0 0 0 0 0 0 0 0 0 32 1 1 6 0 0 0 0 20 42 1 7 31 144 0 0 0 0 0 0 4 4 47 40 29 23 29 7 18 0 0 0 0 3 4 3 6 13 31 14 94 329 403 319 791 1357 1409 839 505 406 848 428 351 3 0 0 0 0 0 0 0 0 0 0 0 0 0 0 0 0 0
7 15 5 20 1 9 18 17 2 0 5 6 0 1 0 0 0 0 0 0 0 0 1 0 0 0 0 0 1 0 3 0 0 2 0 0 1 0 1 0 0 0 0 0 0 6 5 2 1 4 66 294 322 40 25 32 12 3 8 2 0 5 0 0 0 1 0 0 0 0 0 0 0 0 0 0 0 3 0 0 0 6 0 0 0 2 38 66 15 2 1 197 189 25 1 0 0 0 0 85 49 17 46 358 24 3 15 2 35 10 0 0 6 8 15 2 2 32 55 40 193 731 763 391 434 896 825 1387 303 187 84 81 0 0 0 0 0 0 0 0 0 0 0 0 0 0 0 0 0 0
1 1 14 0 3 1 30 51 14 14 4 8 4 0 0 0 0 0 0 5 1 0 0 1 0 0 0 0 1 1 0 0 1 0 0 0 0 0 1 0 1 0 0 0 0 0 0 1 2 22 3 45 157 29 23 2 1 43 75 6 0 0 2 0 0 0 0 0 0 0 0 0 0 0 0 0 0 0 0 0 2 14 16 43 17 60 1 0 25 39 103 167 102 5 16 25 0 6 37 44 53 409 333 539 398 55 29 3 7 17 0 0 1 0 2 13 7 73 49 376 432 713 2088 1834 857 258 1671 2244 1100 0 0 0 0 0 0 0 0 0 0 0 0 0 0 0 0 0 0 0 0 0
3 9 25 0 17 40 12 50 12 19 2 0 5 0 0 0 0 0 0 0 0 2 7 0 0 0 0 1 2 0 0 0 3 1 0 1 0 0 0 0 3 5 0 0 2 4 0 0 41 6 0 11 94 9 5 2 0 20 155 13 4 2 0 0 0 0 0 0 0 0 0 0 0 0 0 0 0 0 0 0 3 8 15 0 0 4 4 41 13 29 78 159 165 20 86 47 10 5 0 7 157 417 612 290 208 159 4 24 3 4 17 0 0 0 16 1 2 410 456 797 700 24 22 237 361 409 523 1085 395 10 77 4 0 0 0 0 0 0 0 0 0 0 0 0 0 0 0 0 0 0
13 7 135 6 47 131 49 20 1 0 0 1 2 2 0 0 0 0 1 1 3 0 2 0 0 0 0 0 0 0 0 0 0 0 0 0 0 0 0 0 1 2 6 0 0 5 0 0 1 0 0 14 33 0 2 6 3 1 3 43 2 5 0 0 0 0 0 0 0 0 0 0 0 0 0 0 0 0 0 2 26 47 0 3 47 0 83 21 7 1 1 6 22 1 0 0 0 0 0 7 6 93 854 312 123 360 13 16 24 9 20 0 0 0 0 67 242 582 167 34 0 0 2 0 61 399 121 554 526 19 35 28 0 0 0 0 0 0 0 0 0 0 0 0 0 0 0 0 0 0
3 37 105 113 439 455 197 35 3 0 0 0 0 1 0 0 1 0 0 0 0 7 0 0 0 0 0 0 0 0 0 0 0 0 0 0 0 0 4 0 0 3 2 13 7 5 0 9 1 2 0 33 17 0 0 3 3 0 40 3 1 6 0 0 0 0 0 0 0 0 0 0 0 0 0 0 0 0 9 33 4 0 0 1 5 5 15 202 78 0 0 0 0 0 0 0 0 0 0 0 0 203 679 259 185 181 13 2 4 23 20 2 0 0 17 118 212 8 21 54 0 0 0 0 18 546 235 589 261 18 37 0 0 0 0 0 0 0 0 0 0 0 0 0 0 0 0 0 0 0
2 106 376 974 396 425 144 41 0 1 1 7 6 0 1 0 1 2 0 2 1 2 0 0 0 0 0 1 0 0 0 0 0 0 0 0 0 0 0 2 2 8 1 3 4 0 0 15 29 0 0 1 14 0 0 6 8 2 1 0 0 2 1 0 0 0 0 0 0 0 0 0 0 0 0 0 0 29 1 0 0 0 0 0 0 0 56 13 4 0 2 1 0 0 0 8 0 0 0 0 17 72 35 49 192 165 0 0 8 3 30 16 20 28 21 4 8 5 16 44 36 91 17 0 23 75 102 150 84 0 0 0 0 0 0 0 0 0 0 0 0 0 0 0 0 0 0 0 0 0
0 18 241 252 136 198 28 20 1 1 1 1 0 0 0 0 0 0 4 1 4 5 0 0 3 0 0 0 2 2 0 0 0 0 0 0 0 0 0 0 0 0 1 0 0 2 0 3 0 4 4 0 0 1 0 7 0 0 0 0 0 0 0 0 0 0 0 0 0 0 0 0 0 0 0 0 2 2 0 0 0 0 0 0 0 0 94 11 7 16 44 2 0 0 3 8 0 0 0 578 952 145 254 240 11 147 54 4 3 3 8 63 28 0 0 1 0 0 25 100 68 49 189 354 105 69 5 0 0 1 0 0 0 0 0 0 0 0 0 0 0 0 0 0 0 0 0 0 0 0
49 29 70 93 58 38 3 7 0 0 17 1 0 0 0 0 0 0 0 0 0 77 1 0 0 0 0 0 0 3 0 0 0 2 8 0 1 0 0 0 2 0 4 1 2 48 2 1 0 0 0 0 0 0 1 12 1 0 0 0 0 0 0 0 0 0 0 0 0 0 0 0 0 0 0 0 2 15 0 0 0 0 0 0 0 1 30 0 0 30 34 0 0 0 70 119 92 12 324 1879 438 779 324 43 5 11 94 316 0 8 69 0 1 0 0 0 1 0 39 64 120 23 15 52 24 33 24 14 55 27 19 0 0 0 0 0 0 0 0 0 0 0 0 0 0 0 0 0 0 0
58 15 30 13 0 0 0 0 0 0 2 2 0 0 0 0 0 0 0 2 3 20 3 1 0 0 0 0 0 2 0 0 0 6 19 0 0 2 0 0 0 0 0 0 3 15 6 0 0 0 1 0 1 5 89 25 6 0 0 0 0 0 0 1 0 0 0 0 0 0 0 0 0 0 39 14 2 0 0 0 0 0 0 0 0 0 11 1 0 0 116 20 10 7 107 297 97 12 122 217 34 12 32 32 9 2 0 345 636 224 2 0 0 0 6 0 0 6 4 1 37 0 1 0 59 177 87 63 253 172 33 1 0 0 0 0 0 0 0 0 0 0 0 0 0 0 0 0 0 0
13 0 10 6 0 1 0 0 0 0 0 7 0 0 0 0 0 1 0 0 0 0 0 0 0 0 0 15 8 0 8 73 2 0 0 0 0 0 0 0 1 0 0 0 0 3 0 0 0 0 0 0 5 3 22 1 0 0 0 0 0 0 0 0 0 0 0 0 0 0 0 0 0 0 7 25 0 0 0 0 0 0 0 0 0 0 70 65 267 108 133 32 11 23 4 56 18 8 0 1 5 22 1 0 1 11 241 370 218 71 0 29 2 0 0 0 0 4 1 0 3 6 6 19 6 195 115 147 87 145 35 1 0 0 0 0 0 0 0 0 0 0 1 0 0 0 0 0 0 0
0 0 0 2 0 0 0 0 0 0 0 0 0 0 0 0 0 1 0 0 4 0 0 0 3 0 0 0 1 0 0 0 0 0 1 0 0 0 0 0 0 2 0 0 0 11 1 0 0 0 1 1 10 45 12 1 2 0 0 0 0 0 0 0 0 0 0 0 0 0 0 3 3 1 3 0 0 0 0 0 0 0 0 0 0 0 2 1 116 4 0 0 0 5 1 34 2 3 5 0 0 5 0 23 4 262 862 580 390 120 0 0 0 0 0 0 0 0 46 24 1 25 5 16 1 7 114 56 5 33 1 11 0 0 0 0 0 0 0 0 0 0 0 0 0 0 0 0 0 0
1 0 0 1 3 0 0 0 0 0 0 0 0 0 0 0 0 0 0 0 0 0 0 9 0 0 0 1 0 0 1 0 0 0 0 0 0 0 1 0 0 0 0 1 0 2 0 0 0 0 1 7 4 68 10 10 6 0 0 0 0 0 0 0 0 0 0 0 0 0 1 4 0 0 0 0 0 0 0 0 0 0 0 0 0 0 5 0 1 1 0 0 3 6 1 0 0 0 16 2 6 3 1 0 36 71 139 28 94 153 0 0 0 0 0 0 0 0 1 10 1 16 8 60 127 36 193 91 24 42 4 0 0 0 0 0 0 0 0 0 0 0 0 0 0 0 0 0 0 0
1 0 0 0 5 57 0 0 0 0 0 0 0 0 0 0 0 0 0 6 0 0 0 0 0 0 2 0 0 0 1 1 1 0 1 0 0 0 0 0 0 0 1 1 1 2 0 0 0 0 5 0 6 4 5 0 3 2 0 0 0 0 0 0 0 0 0 1 1 2 2 0 0 0 0 0 0 0 0 0 0 0 0 0 0 0 2 1 7 0 0 28 156 13 2 0 0 0 4 6 4 1 29 56 86 29 0 25 4 14 14 0 0 0 0 0 0 0 0 0 10 10 2 21 0 0 0 278 9 7 0 0 0 0 0 0 0 0 0 0 0 0 0 0 0 0 0 0 0 0
0 0 0 0 51 31 0 0 0 0 0 0 0 0 0 0 0 2 0 0 0 0 0 0 0 0 0 0 15 0 3 0 0 0 0 0 0 0 0 9 1 0 0 3 1 2 0 0 0 2 1 0 0 1 2 1 4 2 0 0 0 0 0 0 0 0 1 0 5 1 0 0 0 0 0 0 0 0 0 0 0 0 0 0 0 0 0 0 58 65 282 486 235 16 0 0 1 1 0 48 58 428 453 85 7 19 4 0 0 28 13 0 0 0 0 0 0 0 0 0 3 0 0 0 0 24 268 76 0 0 0 0 0 0 0 0 0 0 0 0 0 0 0 0 0 1 0 0 0 0
0 0 0 0 4 2 4 0 0 0 0 0 0 0 0 0 0 0 2 0 0 0 0 0 0 0 0 3 0 13 0 0 0 0 0 3 0 0 0 0 0 0 0 0 2 10 0 0 0 0 0 0 0 3 7 3 0 0 0 0 0 0 0 0 0 0 0 0 18 2 0 0 0 1 0 0 0 0 0 0 0 0 0 0 0 0 1 2 28 100 319 137 98 22 1 3 7 5 0 47 114 124 109 30 2 1 3 0 0 1 18 1 0 0 0 0 0 0 0 0 1 37 92 3 0 37 61 1 0 0 0 0 0 0 0 0 0 0 0 0 0 0 0 0 0 0 0 0 0 0
0 0 0 0 0 12 1 0 0 0 0 0 17 35 0 3 1 1 0 0 0 0 0 0 0 7 5 5 3 28 0 0 0 0 0 5 0 0 0 0 0 0 0 0 4 7 6 0 0 3 4 0 0 17 9 2 0 1 0 0 0 0 0 0 0 0 0 6 39 0 0 0 0 0 0 0 0 0 0 0 0 0 0 0 14 15 53 10 3 8 0 1 29 3 26 2 0 4 12 24 66 0 2 3 0 0 0 2 0 33 12 51 1 0 0 0 0 0 0 0 9 0 54 0 0 0 0 4 0 0 0 0 0 0 0 0 0 0 0 0 0 0 0 0 0 0 0 0 0 0
0 0 0 0 4 0 0 0 0 0 0 0 0 0 3 2 0 0 0 0 0 0 0 0 0 1 4 1 0 1 0 0 0 0 1 0 0 0 0 0 0 0 0 0 0 0 1 8 0 2 7 0 0 11 20 7 2 0 1 0 0 0 0 0 0 0 6 58 29 0 0 0 0 0 0 0 0 0 0 0 0 0 0 6 28 1 0 3 2 26 7 0 11 1 3 9 6 23 23 10 44 8 4 0 14 0 0 20 86 141 226 516 112 18 0 0 0 0 0 0 0 0 0 0 0 0 0 0 0 0 0 0 0 0 0 0 0 0 0 0 0 0 0 0 0 0 0 0 0 0
0 0 0 2 0 0 0 0 0 0 0 0 0 0 4 1 0 0 0 0 0 0 0 0 0 0 0 0 0 2 0 0 0 0 0 0 0 0 2 0 0 0 0 0 0 0 0 4 29 2 0 0 0 0 1 88 173 0 1 0 0 0 0 0 0 8 76 121 4 0 0 0 0 0 0 0 0 0 0 0 0 0 0 31 30 3 2 14 5 1 30 5 1 0 0 14 45 25 10 0 1 0 26 4 1 1 30 3 63 88 250 32 347 126 32 0 0 0 0 0 0 0 0 0 0 0 0 0 0 0 0 0 0 0 0 0 0 0 0 0 0 0 0 0 0 0 0 0 0 0
0 1 0 1 0 0 0 0 0 0 0 0 0 0 1 4 2 0 0 0 0 0 0 1 0 0 0 0 0 0 0 0 0 0 1 1 0 0 0 1 0 0 0 0 0 2 6 16 97 7 2 0 0 0 4 9 3 5 23 4 2 0 4 6 1 2 3 4 0 5 1 0 0 0 0 0 0 0 0 0 0 0 0 0 0 0 0 5 1 2 1 0 0 0 12 193 6 0 0 0 0 1 2 0 22 78 367 1104 408 87 30 0 252 168 0 0 0 0 0 0 0 0 0 0 0 0 0 0 0 0 0 0 0 0 0 0 0 0 0 0 0 0 0 0 0 0 0 0 0 0
0 0 5 4 5 35 2 10 3 0 4 1 0 5 1 0 0 1 0 0 0 0 0 0 0 0 0 0 0 0 0 0 0 0 0 0 1 1 17 0 1 0 0 2 2 7 24 70 3 1 2 0 1 2 10 1 1 0 1 7 0 0 0 0 4 0 2 5 0 11 6 6 0 0 0 0 0 0 0 0 0 0 0 0 0 0 0 1 6 2 19 16 0 1 102 11 2 0 0 0 0 5 0 8 59 226 183 489 226 248 99 172 519 12 0 0 0 0 0 0 0 0 0 0 0 0 0 0 0 0 0 0 0 0 0 0 0 0 0 0 0 0 0 0 0 0 0 0 0 0
1 0 0 2 11 52 3 0 1 0 2 0 1 0 0 0 0 0 0 0 0 0 0 0 0 0 0 0 0 0 0 0 0 2 1 0 0 1 0 2 0 2 3 2 1 0 8 2 1 4 3 1 2 5 2 0 4 4 2 3 0 1 5 1 0 3 3 6 4 0 0 0 1 2 0 0 0 0 0 0 0 0 0 0 0 0 0 0 0 0 0 0 10 31 5 32 151 1 0 0 0 0 0 64 141 236 8 0 7 143 0 2 10 0 0 0 0 0 0 0 0 0 0 0 0 0 0 0 0 0 0 0 0 0 0 0 0 0 0 0 0 0 0 0 0 0 0 0 0 0
3 0 0 4 2 1 0 0 11 1 0 0 0 0 0 0 0 1 0 4 0 0 0 0 0 0 0 0 0 0 0 4 3 0 0 0 0 0 0 0 0 0 0 0 0 0 3 5 8 6 0 0 0 1 0 0 0 0 4 2 3 7 3 0 0 0 0 0 0 0 0 2 6 1 0 0 0 0 0 0 0 0 0 0 0 0 0 0 0 0 0 29 82 18 17 107 345 0 0 0 0 0 0 5 6 0 0 0 0 0 38 99 1 0 0 0 0 0 0 0 0 0 0 0 0 0 0 0 0 0 0 0 0 0 0 0 0 0 0 1 0 0 6 13 8 0 0 0 0 0
0 0 0 0 0 1 0 0 0 3 0 0 9 1 13 3 0 0 1 0 0 0 0 0 0 0 0 0 0 0 0 0 0 0 0 0 0 0 0 0 0 0 2 0 0 0 0 0 0 1 2 0 7 3 0 0 0 0 4 7 3 0 0 0 0 0 0 0 0 0 1 2 0 0 0 0 0 0 0 0 0 0 0 0 0 0 0 0 32 1 4 40 175 155 43 1 0 3 0 3 0 0 0 2 1 0 1 7 0 87 322 1 0 0 0 0 0 0 0 0 0 0 0 0 0 0 0 0 0 0 0 0 0 0 0 0 0 0 0 0 0 0 0 2 1 0 0 0 0 0
0 1 0 0 0 1 0 0 0 0 0 0 0 1 1 0 1 0 0 0 0 0 0 0 0 0 0 0 0 0 0 0 0 0 0 0 0 0 0 0 0 0 2 0 0 0 0 0 0 0 6 1 7 3 0 0 0 0 2 14 3 1 0 0 0 0 0 0 0 0 0 0 0 0 0 0 0 0 0 0 0 1 0 0 0 0 0 0 0 4 8 46 549 1 2 7 5 0 0 0 0 0 0 2 2 1 0 8 30 11 48 11 0 0 0 0 0 0 0 0 0 0 0 0 0 0 0 0 0 0 0 0 0 0 0 0 0 0 0 0 0 0 0 1 0 0 0 0 0 0
0 0 0 0 0 0 0 0 0 0 0 2 5 0 0 1 0 0 1 0 1 0 0 1 1 0 0 0 0 0 0 0 0 0 0 0 0 0 0 0 0 0 1 0 0 0 0 0 0 0 3 24 1 0 0 2 0 9 3 6 6 1 0 0 0 0 0 0 0 0 2 69 5 1 0 0 0 0 0 0 0 0 0 0 0 0 0 0 8 2 26 23 0 4 24 1 0 0 0 0 0 0 0 0 0 0 0 0 0 0 0 0 0 0 0 0 0 0 0 0 0 0 0 0 0 0 0 0 0 0 0 0 0 0 0 0 0 0 0 0 0 0 0 0 0 0 0 0 0 0
1 0 0 0 0 0 0 0 0 0 0 0 0 0 0 0 0 0 0 0 0 2 8 32 0 0 0 0 0 0 0 0 0 0 0 0 2 0 0 0 0 0 0 0 0 0 0 0 0 0 0 34 4 3 8 1 0 1 0 0 0 27 15 0 0 0 0 0 0 0 0 8 8 0 1 0 0 0 0 0 0 0 0 0 0 0 0 0 0 5 7 23 16 24 24 3 1 0 0 0 0 0 0 0 0 0 0 0 0 0 0 0 0 0 0 0 0 0 0 0 0 0 0 0 0 0 0 0 0 0 0 0 0 0 0 0 0 0 0 0 0 0 0 0 0 0 0 0 0 0
0 0 0 0 0 0 0 0 1 0 0 0 0 0 0 0 0 0 0 0 0 1 0 6 5 0 0 0 3 0 0 0 0 0 0 0 0 0 0 0 0 0 0 0 0 0 0 0 0 0 5 64 51 4 1 0 1 0 0 0 2 38 86 0 0 0 0 0 0 0 0 0 0 0 9 0 0 0 0 0 0 0 0 0 0 0 0 0 0 0 17 16 0 19 33 9 0 0 2 0 0 0 0 0 0 0 0 0 0 0 0 0 0 0 0 0 0 0 0 0 0 0 0 0 0 0 0 0 0 0 0 0 0 0 0 0 0 0 0 0 0 0 0 0 0 0 0 0 0 0
0 0 0 0 0 0 0 0 0 0 1 0 4 0 0 0 0 0 0 0 0 0 0 0 0 0 0 0 1 1 0 2 0 0 0 0 0 0 0 1 1 0 0 0 0 0 0 0 1 11 14 53 168 28 25 13 0 0 0 0 0 23 0 0 0 0 0 0 0 0 0 0 0 1 0 0 0 0 0 0 0 0 0 0 0 0 0 0 0 2 0 10 28 21 6 2 0 0 0 0 0 0 0 0 0 0 0 0 0 0 0 0 0 0 0 0 0 0 0 0 0 0 0 0 0 0 0 0 0 0 0 0 0 0 0 0 0 0 0 0 0 0 0 0 0 0 0 0 0 0
0 0 0 0 0 0 0 5 0 0 0 0 7 4 0 2 0 3 2 0 0 0 0 0 0 1 0 0 0 0 0 0 0 0 0 0 0 0 0 0 0 0 0 0 0 0 0 0 4 7 1 15 115 3 22 3 1 0 0 0 2 5 9 0 0 0 0 0 0 0 0 0 0 0 0 0 0 0 0 0 0 0 0 0 0 0 0 0 0 0 0 0 5 5 6 11 19 1 0 16 0 0 0 0 0 0 0 0 0 0 0 0 0 0 0 0 0 0 0 0 0 0 0 0 0 0 0 0 0 0 0 0 0 0 0 0 0 0 0 0 0 0 0 0 0 0 0 0 0 0
0 0 0 0 0 0 0 0 0 9 0 2 0 1 2 0 0 0 2 0 0 0 0 4 1 5 0 0 0 0 0 0 0 0 0 0 0 0 1 0 0 0 0 0 0 0 1 12 0 4 0 9 13 0 0 0 0 0 0 2 10 3 0 0 0 0 0 0 0 0 0 0 0 0 0 0 0 0 0 0 0 0 0 0 0 0 0 0 0 0 0 0 0 0 0 1 8 2 0 0 0 0 0 0 0 0 0 0 0 0 0 0 0 0 0 0 0 0 0 0 0 0 0 0 0 0 0 0 0 0 0 0 0 0 0 0 0 0 0 0 0 0 0 0 0 0 0 0 0 0
0 0 2 0 0 0 0 0 0 0 0 1 0 0 0 0 0 1 1 0 0 3 0 0 7 2 0 0 0 0 0 1 2 0 17 0 2 0 0 0 0 0 0 0 0 1 10 12 0 0 0 0 0 0 0 0 0 0 0 1 11 0 0 0 0 0 0 0 0 0 0 0 0 0 0 0 0 0 0 0 0 0 0 0 0 0 0 0 0 0 0 0 0 0 0 15 5 35 0 0 1 0 0 0 0 0 0 0 0 0 0 0 0 0 0 0 0 0 0 0 0 0 0 0 0 0 0 0 0 0 0 0 0 0 0 0 0 0 0 0 0 0 0 0 4 8 0 0 0 0
1 0 0 0 0 0 0 0 0 0 1 1 0 0 0 0 0 0 0 0 0 0 0 2 2 3 0 0 0 0 0 0 0 1 0 1 0 0 0 0 0 0 0 0 4 3 9 0 0 0 0 0 0 0 0 0 0 0 0 0 4 4 0 0 0 0 0 0 0 0 0 1 3 0 0 0 0 0 0 0 0 0 0 0 0 0 0 0 0 0 0 0 0 0 4 6 16 9 0 0 7 0 0 0 0 0 0 0 0 0 0 0 0 0 0 0 0 0 0 0 0 0 0 0 0 0 0 0 0 0 0 0 0 0 0 0 0 0 0 0 0 0 0 0 0 0 0 0 0 0
0 0 0 0 0 0 0 0 0 0 1 4 0 0 0 0 0 0 1 0 3 0 0 0 0 0 0 0 0 0 0 0 0 0 0 0 0 0 0 0 0 0 0 1 1 0 0 0 0 0 0 0 0 0 0 0 0 0 0 0 1 0 0 0 0 0 0 0 0 0 1 17 0 0 0 0 0 0 0 0 0 0 0 0 0 0 0 0 0 0 0 0 0 0 15 0 0 0 0 0 1 7 0 0 0 0 0 0 0 0 0 0 0 0 0 0 0 0 0 0 0 0 0 0 0 0 0 0 0 0 0 0 0 0 0 0 0 0 0 0 0 0 0 0 0 0 0 0 0 0
0 0 0 0 0 0 0 0 0 0 2 0 3 0 0 3 2 0 0 0 0 0 0 0 0 0 0 0 0 0 0 0 0 0 0 0 0 0 0 0 0 0 0 5 3 0 0 0 0 0 0 0 0 0 0 0 0 0 0 1 2 0 0 0 0 0 0 0 0 0 12 0 0 0 0 0 0 0 0 0 0 0 0 0 0 0 0 0 0 0 0 0 0 0 0 145 48 0 0 0 0 0 0 0 0 0 0 0 0 0 0 0 0 0 0 0 0 0 0 0 0 0 0 0 0 0 0 0 0 0 0 0 0 0 0 0 0 0 0 0 0 0 0 0 0 0 0 0 0 0
1 0 0 0 0 0 2 1 9 2 0 2 7 7 3 5 8 1 0 0 0 0 0 0 0 0 0 0 0 0 0 0 0 0 0 0 0 0 0 0 0 0 0 10 0 0 0 0 0 0 0 0 0 0 0 0 0 0 0 9 2 0 0 0 0 0 0 0 19 0 0 0 0 0 0 0 0 0 0 0 0 0 0 0 0 0 0 0 0 0 0 0 0 0 0 0 4 2 4 4 0 0 0 0 0 0 0 0 0 0 0 0 0 0 0 0 0 0 0 0 0 0 0 0 0 0 0 0 0 0 0 0 0 0 0 0 0 0 0 0 0 0 0 0 0 0 0 0 0 0
2 0 0 0 1 0 0 1 0 0 0 0 3 0 0 0 1 11 3 0 0 0 0 0 0 0 0 0 0 0 0 0 0 0 0 0 1 0 3 4 0 0 34 3 0 0 0 0 0 0 0 0 0 0 0 0 0 0 0 0 12 16 7 0 0 0 0 2 152 43 2 0 0 0 0 0 0 0 0 0 0 0 0 0 0 0 0 0 0 0 0 0 0 0 0 0 0 0 0 0 0 0 0 0 0 0 0 0 0 0 0 0 0 0 0 0 0 0 0 0 0 0 0 0 0 0 0 0 0 0 0 0 0 0 0 0 0 0 0 0 0 0 0 0 0 0 0 0 0 0
1 1 4 3 2 0 0 0 0 0 0 4 43 10 0 3 43 1 4 9 0 0 0 18 2 5 0 0 0 0 0 8 0 0 6 3 11 7 3 3 0 0 11 0 0 0 0 0 0 0 0 0 0 0 0 0 0 0 0 0 0 0 1 0 102 32 15 0 0 0 0 0 0 0 0 0 0 0 0 0 0 0 0 0 0 0 0 0 0 0 0 0 0 0 0 0 0 0 0 0 0 0 0 0 0 0 0 0 0 0 0 0 0 0 0 0 0 0 0 0 0 0 0 0 0 0 0 0 0 0 0 0 0 0 0 0 0 0 0 0 0 0 0 0 0 0 0 0 0 0
5 78 13 0 1 0 0 0 0 0 1 0 2 0 0 0 1 2 4 4 4 90 41 8 2 0 0 0 0 2 0 0 0 0 1 11 43 1 0 3 0 11 0 0 0 0 0 0 0 0 0 0 0 0 0 0 0 0 0 0 0 0 0 0 9 1 1 0 0 0 0 0 0 0 0 0 0 0 1 0 0 0 0 0 0 0 0 0 0 0 0 0 0 0 0 0 0 0 0 0 0 0 0 0 0 0 0 0 0 0 0 0 0 0 0 0 0 0 0 0 0 0 0 0 0 0 0 0 0 0 0 0 0 0 0 0 0 0 0 0 0 0 0 0 0 0 0 0 0 0
20 13 5 1 1 0 0 0 0 0 0 0 6 0 0 1 8 5 0 11 4 46 13 10 13 5 0 0 2 14 8 0 0 0 0 0 3 4 4 2 4 16 0 0 0 0 0 0 0 0 0 0 0 0 0 0 0 0 0 0 0 0 0 0 0 0 0 0 0 0 0 0 0 0 0 0 0 0 0 0 0 0 0 0 0 0 0 0 0 18 0 0 0 0 0 0 0 0 0 0 0 0 0 0 0 0 0 0 0 0 0 0 0 0 0 0 0 0 0 0 0 0 0 0 0 0 0 0 0 0 0 0 0 0 0 0 0 0 0 0 0 0 0 0 0 0 0 0 0 0
0 0 0 0 2 0 0 0 0 0 0 0 1 0 0 0 2 6 1 2 0 4 7 8 3 14 4 3 2 1 0 0 0 0 4 3 0 0 0 0 0 3 0 0 0 0 0 0 0 0 0 0 0 0 0 0 0 0 0 0 0 0 0 0 0 0 0 0 0 0 0 0 0 0 0 0 0 0 0 0 0 0 0 0 0 0 0 0 0 0 0 0 0 0 0 0 0 0 0 0 0 0 0 0 0 0 0 0 0 0 0 0 0 0 0 0 0 0 0 0 0 0 0 0 0 0 0 0 0 0 0 0 0 0 0 0 0 0 0 0 0 0 0 0 0 0 0 0 0 0
0 0 1 0 0 0 0 0 0 0 0 0 0 1 0 0 0 0 1 2 0 0 0 0 7 10 12 20 31 2 6 2 2 14 8 0 1 0 0 0 0 1 0 0 0 0 0 0 0 0 0 0 0 0 0 0 0 0 0 0 0 0 0 0 0 0 0 0 0 0 0 0 0 0 0 0 0 0 0 0 0 0 0 0 0 0 0 0 0 0 0 0 0 0 0 0 0 0 0 0 0 0 0 0 0 0 0 0 0 0 0 0 0 0 0 0 0 0 0 0 0 0 0 0 0 0 0 0 0 0 0 0 0 0 0 0 0 0 0 0 0 0 0 0 0 0 0 0 0 0
0 0 0 0 0 0 0 0 0 0 0 0 0 0 2 0 0 0 0 0 0 0 0 0 2 0 27 9 133 68 7 9 12 60 2 0 7 0 0 0 0 1 0 0 0 0 0 0 0 0 0 0 0 0 0 0 0 0 0 0 0 0 0 0 0 0 0 0 0 0 0 0 0 0 0 0 0 0 0 0 0 0 0 0 0 0 0 0 0 0 0 0 0 0 0 0 0 0 0 0 0 0 0 0 0 0 0 0 0 0 0 0 0 0 0 0 0 0 0 0 0 0 0 0 0 0 0 0 0 0 0 0 0 0 0 0 0 0 0 0 0 0 0 0 0 0 0 0 0 0
0 0 0 0 0 0 0 0 0 0 0 0 0 0 0 0 0 0 0 0 0 0 0 0 2 2 2 1 0 0 4 0 1 10 0 0 6 0 0 0 0 0 0 0 0 0 0 0 0 0 0 0 0 0 0 0 0 0 0 0 0 0 0 0 0 0 0 0 0 0 0 0 0 0 0 0 0 0 0 0 0 0 0 0 0 0 0 0 0 0 0 0 0 0 0 0 0 0 0 0 0 0 0 0 0 0 0 0 0 0 0 0 0 0 0 0 0 0 0 0 0 0 0 0 0 0 0 0 0 0 0 0 0 0 0 0 0 0 0 0 0 0 0 0 0 0 0 0 0 0
0 0 0 0 0 0 0 1 0 0 0 0 0 0 0 0 0 0 0 0 0 0 0 0 11 2 7 0 0 0 27 21 1 1 1 1 1 2 0 0 0 1 0 0 0 0 0 0 0 0 0 0 0 0 0 0 0 0 0 0 0 0 0 0 0 0 0 0 0 0 0 0 0 0 0 0 0 0 0 0 0 0 0 0 0 0 0 0 0 0 0 0 0 0 0 0 0 0 0 0 0 0 0 0 0 0 0 0 0 0 0 0 0 0 0 0 0 0 0 0 0 0 0 0 0 0 0 0 0 0 0 0 0 0 0 0 0 0 0 0 0 0 0 0 0 0 0 0 0 0
0 0 0 0 0 0 0 0 0 0 0 0 4 6 0 0 0 0 0 0 0 0 0 0 0 0 0 0 0 0 0 0 14 0 1 0 3 11 0 0 0 0 0 0 0 0 0 0 0 0 0 0 0 0 0 0 0 0 0 0 0 0 0 0 0 0 0 0 0 0 0 0 0 0 0 0 0 0 0 0 0 0 0 0 0 0 0 0 0 0 0 0 0 0 0 0 0 0 0 0 0 0 0 0 0 0 0 0 0 0 0 0 0 0 0 0 0 0 0 0 0 0 0 0 0 0 0 0 0 0 0 0 0 0 0 0 0 0 0 0 0 0 0 0 0 0 0 0 0 0
6 0 0 0 0 0 0 0 0 0 4 2 2 0 0 0 0 0 0 0 0 0 0 0 0 0 0 9 6 3 6 0 0 0 0 0 0 0 0 0 0 0 0 0 0 0 0 0 0 0 0 0 0 0 0 0 0 0 0 0 0 0 0 0 0 0 0 0 0 0 0 0 0 0 0 0 0 0 0 0 0 0 0 0 0 0 0 0 0 0 0 0 0 0 0 0 0 0 0 0 0 0 0 0 0 0 0 0 0 0 0 0 0 0 0 0 0 0 0 0 0 0 0 0 0 0 0 0 0 0 0 0 0 0 0 0 0 0 0 0 0 0 0 0 0 0 0 0 0 0
0 0 0 0 0 0 0 0 0 0 1 0 0 0 0 0 0 0 0 0 0 0 0 0 0 0 0 10 2 0 0 0 0 3 0 0 0 0 0 0 0 0 0 0 0 0 1 0 0 0 0 0 0 0 0 0 0 0 0 0 0 0 0 0 0 0 0 0 0 0 0 0 0 0 0 0 0 0 0 0 0 0 0 0 0 0 0 0 0 0 0 0 0 0 0 0 0 0 0 0 0 0 0 0 0 0 0 0 0 0 0 0 0 0 0 0 0 0 0 0 0 0 0 0 0 0 0 0 0 0 0 0 0 0 0 0 0 0 0 0 0 0 0 0 0 0 0 0 0 0
0 0 0 0 0 0 0 0 0 0 1 2 0 0 0 0 0 0 0 0 0 0 0 0 0 0 0 0 0 0 0 1 0 2 0 0 0 0 0 0 0 0 0 0 0 0 0 0 0 0 0 0 0 0 0 0 0 0 0 0 0 0 0 0 0 0 0 0 0 0 0 0 0 0 0 0 0 0 0 0 0 0 0 0 0 0 0 0 0 0 0 0 0 0 0 0 0 0 0 0 0 0 0 0 0 0 0 0 0 0 0 0 0 0 0 0 0 0 0 0 0 0 0 0 0 0 0 0 0 0 0 0 0 0 0 0 0 0 0 0 0 0 0 0 0 0 0 0 0 0
0 0 0 0 0 0 0 0 0 1 0 0 0 0 0 0 0 0 0 0 0 0 0 0 0 0 0 0 0 0 0 0 0 0 0 0 0 0 0 0 0 0 0 0 0 0 0 0 0 0 0 0 0 0 0 0 0 0 0 0 0 0 0 0 0 0 0 0 0 0 0 0 0 0 0 0 0 0 0 0 0 0 0 0 0 0 0 0 0 0 0 0 0 0 0 0 0 0 0 0 0 0 0 0 0 0 0 0 0 0 0 0 0 0 0 0 0 0 0 0 0 0 0 0 0 0 0 0 0 0 0 0 0 0 0 0 0 0 0 0 0 0 0 0 0 0 0 0 0 0
0 0 0 0 0 0 0 0 8 3 1 0 0 0 0 0 0 0 0 0 0 0 0 0 0 0 0 0 0 0 0 0 0 0 0 0 0 0 0 0 0 0 0 0 0 0 0 0 0 0 0 3 0 0 0 1 0 0 0 0 0 0 0 0 0 0 0 0 0 0 0 0 0 0 0 0 0 0 0 0 0 0 0 0 0 0 0 0 0 0 0 0 0 0 0 0 0 0 0 0 0 0 0 0 0 0 0 0 0 0 0 0 0 0 0 0 0 0 0 0 0 0 0 0 0 0 0 0 0 0 0 0 0 0 0 0 0 0 0 0 0 0 0 0 0 0 0 0 0 0
0 0 0 2 0 0 0 0 8 42 0 0 0 0 0 0 0 0 0 0 0 0 0 0 0 0 0 0 0 0 0 0 0 0 0 0 0 0 0 0 0 0 0 0 0 0 0 0 0 3 0 0 0 0 0 0 0 0 0 0 0 0 0 0 0 0 0 0 0 0 0 0 0 0 0 0 0 0 0 0 0 0 0 0 0 0 0 0 0 0 0 0 0 0 0 0 0 0 0 0 0 0 0 0 0 0 0 0 0 0 0 0 0 0 0 0 0 0 0 0 0 0 0 0 0 0 0 0 0 0 0 0 0 0 0 0 0 0 0 0 0 0 0 0 0 0 0 0 0 0
0 0 0 0 0 7 17 10 13 3 0 0 0 0 0 0 0 0 0 0 0 0 0 0 0 0 0 0 0 0 0 0 0 0 0 0 0 0 0 0 0 0 0 0 0 0 0 0 0 36 42 0 0 0 0 0 0 0 0 0 0 0 0 0 0 0 0 0 0 0 0 0 0 0 0 0 0 0 0 0 0 0 0 0 0 0 0 0 0 0 0 0 0 0 0 0 0 0 0 0 0 0 0 0 0 0 0 0 0 0 0 0 0 0 0 0 0 0 0 0 0 0 0 0 0 0 0 0 0 0 0 0 0 0 0 0 0 0 0 0 0 0 0 0 0 0 0 0 0 0
0 0 0 0 0 0 16 23 0 0 0 0 0 0 0 0 0 0 0 0 0 0 0 0 0 0 0 0 0 0 0 0 0 0 0 0 0 0 0 0 0 0 0 0 0 0 0 0 0 0 0 0 81 0 0 0 0 0 0 0 0 0 0 0 0 0 0 0 0 0 0 0 0 0 0 0 0 0 0 0 0 0 0 0 0 0 0 0 0 0 0 0 0 0 0 0 0 0 0 0 0 0 0 0 0 0 0 0 0 0 0 0 0 0 0 0 0 0 0 0 0 0 0 0 0 0 0 0 0 0 0 0 0 0 0 0 0 0 0 0 0 0 0 0 0 0 0 0 0 0
0 0 0 0 0 0 0 0 0 0 0 0 0 0 0 0 0 0 0 0 0 0 0 0 0 0 0 0 0 0 0 0 0 0 0 0 0 0 0 0 0 0 0 0 0 0 0 0 2 0 3 0 13 63 0 0 0 0 0 0 0 0 0 0 0 0 0 0 0 0 0 0 0 0 0 0 0 0 0 0 0 0 0 0 0 0 0 0 0 0 0 0 0 0 0 0 0 0 0 0 0 0 0 0 0 0 0 0 0 0 0 0 0 0 0 0 0 0 0 0 0 0 0 0 0 0 0 0 0 0 0 0 0 0 0 0 0 0 0 0 0 0 0 0 0 0 0 0 0 0
0 0 0 0 0 0 0 0 0 0 0 0 0 0 0 0 0 0 0 0 0 0 0 0 0 0 0 0 0 0 0 0 0 0 0 0 0 0 0 0 0 0 0 0 0 0 0 0 0 0 0 0 0 1 0 0 0 0 0 0 0 0 0 0 0 0 0 0 0 0 0 0 0 0 0 0 0 0 0 0 0 0 0 0 0 0 0 0 0 0 0 0 0 0 0 0 0 0 0 0 0 0 0 0 0 0 0 0 0 0 0 0 0 0 0 0 0 0 0 0 0 0 0 0 0 0 0 0 0 0 0 0 0 0 0 0 0 0 0 0 0 0 0 0 0 0 0 0 0 0
0 0 0 0 0 0 0 0 0 0 0 0 0 0 0 0 0 0 0 0 0 0 0 0 0 0 0 0 0 0 0 0 0 0 0 0 0 4 0 0 0 0 0 0 0 0 0 0 3 0 0 0 3 0 0 0 0 0 0 0 0 0 0 0 0 0 0 0 0 0 0 0 0 0 0 0 0 0 0 0 0 0 0 0 0 0 0 0 0 0 0 0 0 0 0 0 0 0 0 0 0 0 0 0 0 0 0 0 0 0 0 0 0 0 0 0 0 0 0 0 0 0 0 0 0 0 0 0 0 0 0 0 0 0 0 0 0 0 0 0 0 0 0 0 0 0 0 0 0 0
0 0 0 0 0 0 0 0 0 0 0 0 0 0 0 0 0 0 0 0 0 0 0 0 0 0 0 0 0 0 0 0 1 0 0 0 0 0 0 0 0 0 0 0 0 0 0 0 0 0 0 0 1 1 0 0 0 0 0 0 0 0 0 0 0 0 0 0 0 0 0 0 0 0 0 0 0 0 0 0 0 0 0 0 0 0 0 0 0 0 0 0 0 0 0 0 0 0 0 0 0 0 0 0 0 0 0 0 0 0 0 0 0 0 0 0 0 0 0 0 0 0 0 0 0 0 0 0 0 0 0 0 0 0 0 0 0 0 0 0 0 0 0 0 0 0 0 0 0 0
0 0 0 0 0 0 0 0 0 0 0 0 0 0 0 0 0 0 0 0 0 0 0 0 0 0 0 0 0 1 4 2 0 0 2 0 0 0 0 0 0 0 0 0 0 0 0 0 0 0 0 1 0 4 0 0 0 0 0 0 0 0 0 0 0 0 0 0 0 0 0 0 0 0 0 0 0 0 0 0 0 0 0 0 0 0 0 0 0 0 0 0 0 0 0 0 0 0 0 0 0 0 0 0 0 0 0 0 0 0 0 0 0 0 0 0 0 0 0 0 0 0 0 0 0 0 0 0 0 0 0 0 0 0 0 0 0 0 0 0 0 0 0 0 0 0 0 0 0 0
0 0 0 0 0 0 0 0 0 0 0 0 0 0 0 0 0 0 0 0 0 0 0 0 0 0 0 0 0 0 3 20 2 0 0 0 0 0 0 0 0 0 0 0 0 0 0 0 0 0 0 0 0 0 0 0 0 0 0 0 0 0 0 0 0 0 0 0 0 0 0 0 0 0 0 0 0 0 0 0 0 0 0 0 0 0 0 0 0 0 0 0 0 0 0 0 0 0 0 0 0 0 0 0 0 0 0 0 0 0 0 0 0 0 0 0 0 0 0 0 0 0 0 0 0 0 0 0 0 0 0 0 0 0 0 0 0 0 0 0 0 0 0 0 0 0 0 0 0 0
0 0 0 0 0 0 0 0 0 0 0 0 0 0 0 0 0 0 0 0 0 0 0 0 0 0 0 0 0 0 2 8 0 0 0 0 5 0 0 0 0 0 0 0 0 0 0 0 1 0 0 0 0 0 0 0 0 0 0 0 0 0 0 0 0 0 0 0 0 0 0 0 0 0 0 0 0 0 0 0 0 0 0 0 0 0 0 0 0 0 0 0 0 0 0 0 0 0 0 0 0 0 0 0 0 0 0 0 0 0 0 0 0 0 0 0 0 0 0 0 0 0 0 0 0 0 0 0 0 0 0 0 0 0 0 0 0 0 0 0 0 0 0 0 0 0 0 0 0 0
0 0 0 0 0 0 0 0 0 0 0 0 0 0 0 0 0 0 0 0 0 0 0 0 0 0 1 0 1 3 0 0 0 0 0 0 0 0 0 0 0 0 0 0 0 0 0 0 0 0 0 0 0 0 0 0 0 0 0 0 0 0 0 0 0 0 0 0 0 0 0 0 0 0 0 0 0 0 0 0 0 0 0 0 0 0 0 0 0 0 0 0 0 0 0 0 0 0 0 0 0 0 0 0 0 0 0 0 0 0 0 0 0 0 0 0 0 0 0 0 0 0 0 0 0 0 0 0 0 0 0 0 0 0 0 0 0 0 0 0 0 0 0 0 0 0 0 0 0 0
0 0 0 0 0 0 0 0 0 0 0 0 0 0 0 0 0 0 0 0 0 0 0 0 0 0 0 0 0 157 74 0 0 0 0 0 0 0 0 0 0 0 0 0 0 0 0 0 0 0 0 0 0 0 0 0 0 0 0 0 0 0 0 0 0 0 0 0 0 0 0 0 0 0 0 0 0 0 0 0 0 0 0 0 0 0 0 0 0 0 0 0 0 0 0 0 0 0 0 0 0 0 0 0 0 0 0 0 0 0 0 0 0 0 0 0 0 0 0 0 0 0 0 0 0 0 0 0 0 0 0 0 0 0 0 0 0 0 0 0 0 0 0 0 0 0 0 0 0 0
0 0 0 0 0 0 0 0 0 0 0 0 0 0 0 0 0 0 0 0 0 0 0 0 0 0 10 0 0 0 0 0 0 1 0 0 0 0 0 0 0 0 0 0 0 0 0 0 0 71 1 0 0 0 0 0 0 0 0 0 0 0 0 0 0 0 0 0 0 0 0 0 0 0 0 0 0 0 0 0 0 0 0 0 0 0 0 0 0 0 0 0 0 0 0 0 0 0 0 0 0 0 0 0 0 0 0 0 0 0 0 0 0 0 0 0 0 0 0 0 0 0 0 0 0 0 0 0 0 0 0 0 0 0 0 0 0 0 0 0 0 0 0 0 0 0 0 0 0 0
0 0 0 0 0 0 0 0 0 0 0 0 0 0 0 0 0 0 0 0 0 0 0 0 0 0 18 0 0 0 0 0 0 0 0 0 0 0 0 0 0 1 0 0 0 0 0 0 1 0 0 0 0 0 0 0 0 0 0 0 0 0 0 0 0 0 0 0 0 0 0 0 0 0 0 0 0 0 0 0 0 0 0 0 0 0 0 0 0 0 0 0 0 0 0 0 0 0 0 0 0 0 0 0 0 0 0 0 0 0 0 0 0 0 0 0 0 0 0 0 0 0 0 0 0 0 0 0 0 0 0 0 0 0 0 0 0 0 0 0 0 0 0 2 0 0 0 0 0 0
0 0 0 0 0 0 0 0 0 0 0 0 0 0 0 0 0 0 0 0 0 0 0 0 0 0 0 0 5 0 0 0 0 0 0 0 0 0 0 0 0 0 0 0 0 0 0 0 0 0 0 0 0 0 0 0 0 0 0 0 0 0 0 0 0 0 0 0 0 0 0 0 0 0 0 0 0 0 0 0 0 0 0 0 0 0 0 0 0 0 0 0 0 0 0 0 0 0 0 0 0 0 0 0 0 0 0 0 0 0 0 0 0 0 0 0 0 0 0 0 0 0 0 0 0 0 0 0 0 0 0 0 0 0 0 0 0 0 0 0 0 0 0 0 0 0 0 0 0 3
0 0 0 0 0 0 0 0 0 0 0 0 0 0 0 0 0 0 0 0 0 0 0 0 0 0 0 0 0 0 0 0 0 0 0 0 0 0 0 0 0 0 0 0 0 0 0 0 0 0 0 0 0 0 0 0 0 0 0 0 0 0 0 0 0 0 0 0 0 0 0 0 0 0 0 0 0 0 0 0 0 0 0 0 0 0 0 0 0 0 0 0 0 0 0 0 0 0 0 0 0 0 0 0 0 0 0 0 0 0 0 0 0 0 0 0 0 0 0 0 0 0 0 0 0 0 0 0 0 0 0 0 0 0 0 0 0 0 0 0 0 0 0 0 0 0 0 0 0 0
0 0 0 0 0 0 0 0 0 0 0 0 0 0 0 0 0 0 0 0 0 0 0 0 0 0 0 0 0 0 0 0 0 0 0 0 0 0 0 0 0 0 0 0 0 0 0 0 0 0 2 0 0 0 0 0 0 0 0 0 0 0 0 0 0 0 0 0 0 0 0 0 0 0 0 0 0 0 0 0 0 0 0 0 0 0 0 0 0 0 0 0 0 0 0 0 0 0 0 0 0 0 0 0 0 0 0 0 0 0 0 0 0 0 0 0 0 0 0 0 0 0 0 0 0 0 0 0 0 0 0 0 0 0 0 0 0 0 0 0 0 0 0 0 0 0 0 0 0 0
0 0 0 0 0 0 0 0 0 0 0 0 0 0 0 0 0 0 0 0 0 0 0 0 0 0 0 0 0 0 0 0 0 0 0 0 0 0 0 0 0 0 0 0 0 0 0 0 0 0 0 0 0 0 0 0 0 0 0 0 0 0 0 0 0 0 0 0 0 0 0 0 0 0 0 0 0 0 0 0 0 0 0 0 0 0 0 0 0 0 0 0 0 0 0 0 0 0 0 0 0 0 0 0 0 0 0 0 0 0 0 0 0 0 0 0 0 0 0 0 0 0 0 0 0 0 0 0 0 0 0 1 0 0 0 0 0 0 1 0 0 0 0 0 1 0 0 0 0 0
0 0 0 0 0 0 0 0 0 0 0 0 0 0 0 0 0 0 0 0 0 0 0 0 0 0 0 0 0 0 0 0 0 0 0 0 0 0 0 0 0 0 0 0 0 0 0 0 0 0 0 0 0 0 0 0 0 0 0 0 0 0 0 0 0 0 0 0 0 0 0 0 0 0 0 0 0 0 0 0 0 0 0 0 0 0 0 0 0 0 0 0 0 0 0 0 0 0 0 0 0 0 0 0 0 0 0 0 0 0 0 0 0 0 0 0 0 0 0 0 0 0 0 0 0 0 0 0 0 0 0 0 0 0 0 0 0 0 0 0 0 0 0 0 0 0 0 0 0 0
0 0 0 0 0 0 0 0 0 0 0 0 0 0 0 0 0 0 0 0 0 0 0 0 0 0 0 0 0 0 0 0 0 0 0 0 0 0 0 0 0 0 0 0 0 0 0 0 0 0 0 0 0 0 0 0 0 0 0 0 0 0 0 0 0 0 0 0 0 0 0 0 0 0 0 0 0 0 0 0 0 0 0 0 0 0 0 0 0 0 0 0 0 0 0 0 0 0 0 0 0 0 0 0 0 0 0 0 0 0 0 0 0 0 0 0 0 0 0 0 0 0 0 0 0 0 0 0 0 0 0 0 0 0 0 0 0 0 0 0 0 0 0 0 0 0 0 0 0 0
