0 0 8 1 0 0 0 0 9 65 10 3 0 3 0 0 0 2 1 0 4 3 0 0 0 22 0 0 0 0 0 0 1 4 2 6 0 0 1 5 0 0 0 0 5 0 0 0 0 0 0 0 0 0 1 0 0 0 0 3 28 17 5 1 0 1 2 0 0 0 0 7 14 113 150 262 67 17 36 14 18 220 21 51 41 155 162 164 23 131 648 362 35 519 321 507 617 230 521 110 128 66 24 22 25 33 41 227 161 19 8 4 21 55 49 28 16 1 3 0 0 33 17 5 1 7 0 2 12 12 2 23 2 4 11 0 0 4 0 0 0 0 0 0 0 0 0 0 0 8
0 2 8 10 1 0 0 0 0 15 6 7 4 7 0 0 0 1 20 0 0 1 22 0 8 21 0 1 0 0 0 0 0 0 0 0 0 1 8 2 0 0 0 0 0 0 0 0 0 0 0 0 0 0 4 0 0 0 0 28 94 14 5 4 4 0 1 1 3 0 0 5 21 44 1 3 49 47 7 24 48 72 0 4 94 211 243 71 167 182 57 30 159 204 130 127 228 320 651 378 154 114 50 23 9 14 0 100 16 17 5 16 2 10 19 20 5 4 4 10 0 5 16 14 3 1 2 3 7 32 19 8 33 36 0 0 0 0 2 34 5 0 0 0 0 0 0 0 0 0
0 0 0 1 1 0 0 0 2 7 1 1 14 3 0 0 0 0 5 0 2 2 72 21 19 0 21 8 0 0 0 0 0 0 0 2 1 2 0 8 2 0 0 1 0 0 0 0 0 0 0 0 0 0 7 1 0 0 3 6 5 10 1 2 0 0 1 0 0 0 0 1 22 0 0 0 0 34 45 206 77 30 4 14 27 139 300 86 2 8 33 20 34 205 311 449 99 295 150 290 366 191 12 32 33 12 7 20 130 121 26 7 0 3 21 2 18 18 62 8 54 12 2 1 1 6 1 3 0 23 6 3 36 62 0 0 1 0 1 27 8 1 0 0 0 0 0 0 0 0
13 8 0 0 0 0 0 0 0 0 3 0 0 0 0 3 0 0 4 3 0 2 6 10 7 0 2 7 8 0 2 0 0 0 0 0 0 3 0 0 1 0 0 0 0 0 0 0 0 0 5 0 2 0 53 20 3 18 30 1 0 1 8 4 0 0 0 0 0 0 3 58 5 0 0 31 33 67 145 91 99 35 51 101 138 13 25 102 1 92 347 312 715 258 472 254 63 131 444 252 269 348 100 17 9 87 5 20 215 43 9 19 45 6 0 6 18 63 43 9 32 39 21 5 13 5 2 3 9 1 1 4 13 0 2 0 3 4 0 3 24 9 0 0 0 0 0 0 0 0
0 8 0 0 0 0 0 0 3 1 2 0 0 0 0 6 6 2 0 0 1 1 1 0 0 0 0 0 0 0 0 0 0 0 0 9 5 0 3 1 0 0 0 0 0 0 0 0 0 1 0 0 0 2 51 130 24 24 7 0 3 1 0 7 0 0 0 0 1 6 87 52 71 112 15 59 120 71 138 149 153 122 183 131 170 69 36 32 11 179 740 273 280 406 225 175 39 363 156 479 396 455 494 482 326 47 73 18 7 9 15 44 18 12 18 0 0 9 44 104 211 421 111 17 2 3 5 0 4 8 0 6 0 0 1 0 0 0 0 0 16 7 0 0 0 0 0 0 0 0
9 0 0 0 0 0 0 0 2 3 12 0 0 0 0 1 1 4 7 26 6 3 1 0 0 0 0 0 0 0 0 3 0 0 9 63 29 13 0 0 0 0 0 0 0 0 0 0 0 8 34 14 0 3 19 251 14 11 9 2 0 0 0 1 0 0 0 0 2 35 84 87 147 49 100 27 30 14 59 205 276 318 262 35 1 97 34 22 3 135 882 437 36 172 259 292 76 695 193 336 230 218 600 269 43 103 25 50 7 1 0 2 3 12 4 6 6 7 0 21 103 117 1 1 1 7 0 1 4 2 11 1 1 0 0 0 0 0 0 0 1 2 0 0 0 0 0 0 0 0
1 0 0 0 0 0 0 0 0 3 2 0 0 2 1 0 0 0 0 0 0 0 3 0 0 0 0 0 0 2 0 0 0 0 0 7 2 0 8 0 0 0 0 0 0 0 0 0 0 7 3 1 2 5 0 18 12 2 42 34 3 1 0 0 3 0 0 0 6 47 45 51 177 256 213 103 225 97 226 311 412 371 789 371 66 5 6 132 49 52 608 502 37 162 263 238 227 271 394 27 29 225 81 55 22 23 87 10 10 3 29 158 113 12 21 12 0 2 19 21 76 90 4 1 2 2 10 1 0 0 0 0 0 0 0 0 0 1 0 0 0 0 1 0 0 0 0 0 0 0
0 0 0 0 0 0 0 0 0 0 1 0 0 0 0 0 0 0 0 0 0 0 0 0 0 0 0 0 0 0 4 0 0 0 0 1 0 0 3 3 0 0 0 0 0 0 0 0 0 0 0 0 3 8 0 4 2 16 56 69 47 38 44 3 14 34 0 0 2 55 1 0 8 20 36 25 70 145 447 698 437 333 370 130 175 99 111 382 175 76 191 46 11 274 210 219 149 564 505 106 113 315 225 256 105 85 12 51 66 27 211 333 34 27 8 45 0 0 7 10 25 6 6 5 2 4 6 3 8 0 0 0 0 0 0 0 0 0 0 0 0 0 0 0 0 0 0 0 0 0
1 0 0 0 0 0 1 0 3 4 0 1 1 6 8 0 0 0 0 0 0 0 0 0 0 0 0 0 0 0 1 0 0 0 2 0 0 0 0 1 0 0 0 0 0 0 0 0 0 1 0 0 0 6 0 0 1 10 10 29 180 123 8 0 16 13 0 3 1 47 2 0 0 2 1 5 3 21 66 349 463 549 663 25 4 11 209 164 207 38 1 6 173 607 598 595 59 315 264 69 122 49 48 211 381 85 141 148 44 28 555 100 195 9 19 9 4 7 6 2 10 19 18 10 3 2 2 5 0 0 4 0 0 0 0 0 0 0 0 0 0 0 0 0 0 0 0 0 0 0
0 0 0 0 0 0 0 14 12 4 0 0 0 0 0 0 0 0 0 0 0 0 0 0 0 0 0 0 0 0 0 1 0 0 0 0 0 0 5 1 0 0 0 0 0 0 2 3 6 0 6 0 6 6 0 1 0 1 1 9 23 104 25 8 11 3 0 2 0 9 0 1 0 0 0 8 4 19 247 674 656 381 439 226 544 568 207 35 86 88 43 0 6 318 445 892 412 59 75 15 34 44 18 11 36 296 167 188 50 15 299 290 274 12 0 122 152 370 148 54 23 9 12 17 22 17 16 0 7 18 70 4 0 0 0 0 0 0 0 0 0 0 0 0 0 0 0 0 0 0
0 0 3 0 0 0 0 0 0 2 3 1 0 0 2 14 3 1 2 0 0 0 0 0 0 3 0 0 0 0 0 4 0 0 0 10 0 0 0 0 2 1 0 0 0 0 4 5 17 10 10 4 9 3 0 0 0 9 12 8 2 66 5 6 0 0 1 0 0 1 0 0 0 0 0 0 0 5 80 235 303 195 430 183 124 180 121 146 253 120 23 1 4 70 212 402 436 36 16 57 20 10 0 12 57 176 415 222 119 139 263 60 85 13 1 56 208 309 170 186 236 139 154 91 143 316 61 35 47 32 6 48 19 20 4 0 0 0 0 0 0 0 0 0 0 0 0 0 1 0
1 0 0 0 0 0 0 0 6 0 0 0 0 0 0 7 7 8 0 0 2 0 1 0 0 0 0 0 0 0 0 0 1 4 4 1 0 0 1 1 1 6 4 3 2 0 0 0 0 0 0 0 1 0 0 0 0 0 0 1 0 4 0 0 0 3 1 0 0 0 6 1 0 0 0 6 67 13 93 238 438 122 24 36 55 91 7 14 71 337 38 0 0 2 8 45 385 243 168 12 0 5 7 52 13 36 273 177 19 18 166 111 52 62 19 177 389 124 305 485 205 246 94 65 93 171 0 0 0 17 4 0 53 41 21 1 0 0 0 0 0 0 0 0 0 0 0 0 0 0
1 0 0 0 0 0 3 0 11 1 0 0 0 0 0 0 2 9 5 2 0 2 0 1 0 0 0 0 0 0 1 0 0 0 0 1 0 1 0 0 0 2 43 0 7 0 2 12 0 0 0 0 5 1 0 0 0 0 0 0 4 4 0 0 0 2 0 0 0 1 11 0 0 0 1 22 102 34 97 20 105 214 38 0 8 4 3 0 0 2 0 0 2 49 68 41 309 237 356 190 8 5 56 13 19 5 3 129 244 168 652 309 60 452 113 16 17 83 680 595 108 160 111 0 37 109 3 0 19 20 0 0 12 11 4 0 0 0 0 0 0 0 0 0 0 0 0 0 0 0
0 0 0 0 0 0 0 0 0 0 0 0 0 0 0 0 0 0 78 8 9 0 1 0 0 0 0 0 0 2 1 1 0 0 0 0 0 0 0 0 0 3 1 85 32 0 0 0 0 0 1 20 0 0 0 0 0 0 0 0 10 6 4 6 2 0 23 8 3 17 52 0 0 3 0 230 441 239 109 15 30 246 30 2 9 77 4 0 0 17 3 1 0 32 9 13 81 419 92 134 1 5 194 62 233 64 54 209 102 441 1178 581 458 152 165 197 106 112 556 294 112 54 1 1 0 9 15 0 10 0 0 0 0 0 0 0 0 0 0 0 0 0 0 0 0 0 0 0 0 0
0 0 0 0 0 0 1 3 7 0 0 0 0 0 0 0 0 0 2 5 11 0 0 0 0 0 0 0 0 0 0 0 0 0 0 0 0 0 0 0 0 0 0 7 17 0 0 0 0 22 8 24 5 0 1 0 5 8 1 13 56 32 4 10 9 10 100 81 109 138 70 3 2 0 38 496 539 768 293 17 0 129 38 3 0 13 9 9 0 24 13 8 2 0 0 5 44 226 141 140 7 21 250 277 769 634 701 524 509 420 475 268 322 540 271 150 141 119 55 63 82 65 10 11 4 11 28 8 7 6 9 0 0 0 0 0 0 0 0 0 0 0 0 0 0 0 0 0 0 0
0 0 0 0 0 0 0 28 4 7 4 0 0 0 0 0 1 0 0 2 0 16 10 0 0 0 0 0 0 0 0 0 0 0 0 0 0 0 0 0 0 0 0 1 0 23 0 0 0 19 67 67 1 1 0 4 26 39 6 78 23 16 5 22 20 52 82 68 54 99 225 37 78 92 389 624 879 545 84 3 3 0 0 0 0 0 8 77 8 28 3 7 0 0 1 23 34 18 16 17 5 2 559 433 482 489 817 193 320 464 380 288 310 277 236 115 23 134 58 100 49 1 93 212 45 71 3 0 2 0 0 0 0 0 25 3 0 0 0 0 0 0 0 0 0 0 0 0 0 0
0 0 0 0 0 0 2 1 0 0 0 0 0 0 0 0 7 4 0 1 6 0 5 30 10 3 4 0 0 0 0 0 0 0 0 0 0 0 0 0 0 0 0 1 0 17 3 8 0 16 12 2 1 9 4 20 73 123 50 31 3 2 6 1 0 0 0 0 0 0 0 1 42 43 181 257 384 192 100 0 0 0 1 0 0 0 0 27 32 16 0 0 13 0 0 10 20 0 3 54 10 138 584 368 213 181 260 130 284 368 420 223 407 258 105 50 33 50 56 8 0 0 20 18 18 212 0 8 2 0 0 0 0 0 0 0 0 0 0 0 0 0 0 0 0 0 0 0 0 0
0 0 0 0 1 2 0 0 0 0 0 0 2 0 0 2 0 0 1 3 0 2 0 0 19 0 9 20 1 1 0 0 0 0 0 0 0 1 0 0 0 0 1 0 0 32 39 1 1 20 25 37 2 32 14 31 121 46 214 7 1 3 0 0 0 3 60 29 1 12 55 6 80 12 33 71 42 83 8 2 0 0 2 2 0 0 6 7 65 3 0 34 42 26 7 1 1 0 16 401 106 92 61 53 77 252 105 259 288 237 66 46 36 137 36 17 81 78 13 1 0 0 0 2 82 309 141 8 1 2 0 0 0 0 0 0 0 0 0 0 0 0 0 0 0 0 0 0 0 0
0 0 0 2 1 4 1 0 0 0 0 0 5 0 0 0 1 1 0 0 1 5 4 1 15 1 38 22 16 0 0 0 0 0 1 32 2 0 0 0 0 0 0 7 17 11 14 3 28 259 67 12 5 18 4 31 250 49 41 16 44 7 5 0 0 0 3 0 5 11 8 13 23 6 2 49 117 34 8 15 11 0 6 19 0 8 14 14 0 0 4 16 61 205 22 1 0 26 127 21 79 138 42 10 39 52 112 346 228 0 0 34 7 269 30 0 7 0 0 0 0 0 3 0 21 147 107 213 3 0 0 0 0 0 0 0 0 0 0 0 0 0 0 0 0 0 0 0 0 0
0 0 0 0 0 0 0 0 0 0 0 1 0 0 0 0 0 0 0 1 1 11 37 2 1 4 1 15 121 5 0 0 0 1 0 0 0 0 0 0 0 4 5 40 5 122 56 14 6 63 34 2 0 6 54 14 30 52 3 0 2 5 0 1 0 0 1 0 9 23 52 31 3 0 0 53 13 0 2 0 5 0 0 1 0 18 19 0 6 7 2 24 6 0 0 13 0 5 10 2 508 527 417 103 79 93 84 304 82 4 0 1 3 115 21 0 0 0 0 0 0 0 0 2 22 0 15 72 2 0 0 0 0 0 0 0 0 0 0 0 0 0 0 0 0 0 0 0 0 0
0 0 0 0 0 0 0 0 0 0 0 0 0 5 0 2 0 0 0 3 0 5 8 2 0 15 3 0 2 1 0 2 4 0 0 0 0 0 0 3 4 6 8 19 0 8 7 22 40 115 147 55 13 28 7 14 9 4 1 0 0 5 14 8 139 70 1 0 7 11 61 25 1 0 7 131 189 101 1 25 3 3 1 1 0 0 1 1 14 7 4 0 0 0 0 0 0 0 223 280 768 486 254 95 0 5 66 77 0 0 0 0 0 8 0 0 0 0 0 0 0 0 3 2 0 0 12 40 0 0 0 0 0 0 0 0 0 0 0 0 0 0 0 0 0 0 0 0 0 0
0 0 0 0 0 0 0 0 0 0 0 0 0 3 6 1 0 0 0 0 1 4 10 1 1 3 0 0 0 0 4 40 20 3 1 0 0 2 0 0 17 4 0 0 0 0 3 34 215 530 159 111 73 0 0 5 0 1 0 1 0 2 0 0 13 15 17 1 6 43 25 15 12 0 0 15 74 33 49 44 28 21 4 23 9 1 2 16 257 33 9 4 0 7 1 13 4 0 35 174 121 46 35 3 12 4 48 66 1 0 0 0 2 32 0 0 0 0 0 0 0 0 0 0 0 50 26 1 2 0 5 7 0 0 0 0 0 0 0 0 0 0 0 0 0 0 0 0 0 0
0 0 0 1 0 0 0 0 0 0 0 0 0 0 0 0 0 0 0 0 0 0 7 0 1 0 0 0 0 0 5 5 29 6 0 0 10 60 1 2 0 0 0 0 0 1 15 14 26 272 196 74 6 0 0 0 0 8 1 0 0 0 0 0 5 1 19 1 0 3 11 20 11 4 0 0 9 1 9 11 1 30 19 0 2 12 8 0 0 0 0 0 0 4 0 0 3 0 1 0 2 1 9 42 58 31 31 36 54 58 31 21 48 0 0 0 0 0 0 0 0 0 0 7 27 40 59 0 0 0 1 0 0 0 0 0 0 0 0 0 0 0 0 0 0 0 0 0 0 0
0 0 1 0 0 0 0 0 0 0 0 0 0 2 2 0 3 4 0 0 4 1 1 0 0 1 0 0 0 0 0 6 3 3 2 2 2 3 3 0 0 0 0 0 7 62 18 22 8 97 110 21 0 7 4 3 9 10 3 0 0 0 0 0 1 0 3 0 0 0 1 7 88 126 2 1 0 0 0 0 0 2 75 100 1 0 4 3 0 0 0 0 0 0 1 2 1 0 1 3 0 1 4 55 15 21 7 0 4 12 0 114 16 0 0 0 0 0 0 0 0 0 2 29 7 17 23 67 2 0 0 0 0 0 0 0 0 0 0 0 0 0 0 0 0 0 0 0 0 0
0 0 0 0 0 0 0 0 0 0 0 0 0 0 0 0 0 0 0 0 2 0 4 0 0 0 0 0 0 0 0 0 4 0 4 0 1 62 0 0 0 0 0 20 9 26 39 0 9 10 44 13 18 16 26 7 6 0 1 0 0 0 0 0 1 0 0 14 4 2 0 1 2 7 34 7 0 0 0 0 0 1 4 50 11 7 0 0 0 2 3 2 7 1 1 0 4 3 0 5 6 1 2 15 336 0 0 0 0 0 0 15 3 0 0 0 0 0 0 0 0 0 0 0 0 23 34 7 0 0 3 0 0 0 0 0 0 0 0 0 0 1 0 0 0 0 0 0 0 0
0 0 0 0 0 0 0 0 0 0 0 0 0 0 10 0 0 0 4 0 0 6 1 2 0 0 1 0 0 0 0 0 0 23 17 0 1 8 0 0 0 0 0 11 72 8 0 0 2 5 41 3 0 1 0 0 0 0 0 0 2 0 0 0 8 7 1 2 4 0 4 35 0 3 3 4 4 0 0 0 0 1 0 6 0 4 1 9 0 3 0 0 2 1 2 0 0 3 0 7 3 14 8 105 143 136 0 0 0 0 1 12 0 7 11 2 0 0 0 2 1 0 0 0 0 17 5 46 0 0 0 0 0 0 0 1 11 25 0 0 0 0 0 0 0 0 0 0 0 0
0 0 0 0 0 0 0 0 0 0 1 0 0 1 8 0 0 0 1 0 3 3 5 5 0 0 0 11 10 0 0 0 0 3 22 5 0 2 0 0 1 0 0 11 36 1 2 2 0 2 13 7 1 0 0 0 0 0 0 0 0 0 0 0 7 1 0 2 1 0 5 7 0 4 1 1 5 0 0 0 0 0 20 2 7 4 7 15 1 4 7 1 0 1 0 4 2 0 0 0 13 9 13 12 20 191 32 0 0 0 0 0 0 2 4 6 0 0 7 0 0 0 0 0 2 80 20 14 0 0 0 0 0 0 0 0 0 5 0 0 0 0 0 0 0 0 0 0 0 0
0 0 0 0 0 0 0 0 0 0 0 0 0 32 2 2 6 25 3 0 2 17 6 1 0 0 0 0 0 2 2 0 0 17 0 0 1 11 7 8 23 31 5 88 146 3 6 1 6 0 1 24 20 4 1 0 0 0 0 0 0 0 1 0 0 0 0 1 10 27 67 16 6 3 0 0 2 14 2 0 0 0 0 0 1 0 0 3 6 6 6 0 1 3 0 2 0 0 0 0 0 12 11 0 17 541 345 30 0 0 0 0 0 0 0 0 5 100 122 3 0 0 0 28 58 38 39 69 86 7 0 0 0 0 0 0 7 1 0 0 0 0 0 0 0 0 0 0 0 0
0 0 0 0 0 3 0 0 0 0 0 0 9 20 4 5 33 49 0 6 0 2 0 2 0 0 0 0 8 0 2 1 10 2 1 7 11 12 26 87 111 329 193 154 43 4 0 0 4 0 0 2 23 5 1 0 0 0 0 0 0 0 0 0 0 0 1 0 1 1 13 14 14 0 6 20 1 16 2 0 0 1 2 0 12 0 0 0 29 6 14 0 1 0 8 16 2 0 0 0 0 1 9 16 178 246 133 195 1 0 0 0 0 0 0 0 90 54 18 0 0 0 3 115 93 102 426 281 22 24 0 0 1 3 0 0 0 0 0 0 0 0 0 0 0 0 0 0 0 0
0 0 0 0 0 0 0 1 4 7 9 27 19 0 1 0 5 5 8 0 6 10 14 14 1 0 1 0 0 4 13 0 0 2 25 8 0 5 42 105 372 477 320 556 41 2 3 3 2 1 5 3 29 59 8 8 0 0 0 0 0 0 0 0 0 0 0 0 0 1 0 1 0 0 0 0 0 2 6 0 0 0 5 2 14 0 0 0 0 4 0 0 7 15 4 7 0 3 0 0 0 13 15 7 5 38 2 47 7 0 0 0 1 0 35 33 545 210 48 25 9 14 3 74 80 40 304 287 236 136 8 9 12 79 3 0 0 0 0 0 0 0 0 0 0 0 0 0 0 0
0 0 0 0 0 0 3 2 5 3 4 0 3 0 0 6 0 2 5 1 0 9 62 29 0 0 0 0 0 2 3 4 0 0 10 24 3 22 20 62 346 188 296 139 21 4 9 2 2 0 3 1 6 2 1 8 0 0 0 0 0 0 0 0 0 0 0 0 0 0 1 3 0 0 0 1 2 9 1 0 0 11 10 1 37 0 0 3 12 14 2 0 9 6 0 0 1 1 1 0 0 0 3 9 0 2 0 3 21 1 0 3 6 0 24 610 184 312 90 78 72 56 44 5 1 3 41 73 2 52 4 153 227 51 22 7 0 0 0 0 0 0 0 0 0 0 0 0 0 0
0 0 0 0 0 0 0 0 1 8 0 1 1 2 0 4 1 0 7 13 135 64 9 0 0 0 0 1 1 21 1 0 4 20 19 1 1 2 0 67 314 217 306 136 35 15 5 0 1 17 2 1 6 6 11 4 1 0 0 0 0 0 0 0 0 0 0 0 0 0 0 0 0 0 0 0 0 1 3 0 9 17 27 115 49 0 0 0 0 1 0 0 7 1 0 2 4 3 1 0 1 0 0 1 1 3 1 10 104 101 124 283 79 43 259 522 250 154 30 263 97 113 22 4 31 54 46 84 0 0 51 130 159 23 29 2 0 0 0 0 0 0 0 0 0 0 0 0 0 0
0 0 0 0 0 0 0 1 1 0 0 3 4 2 1 2 1 2 3 9 59 0 0 0 0 0 0 1 0 9 7 7 2 1 0 3 0 5 6 5 17 97 63 11 2 0 1 0 3 1 2 1 33 1 2 1 1 9 0 0 0 0 0 0 0 0 0 0 0 0 0 0 0 0 0 21 0 25 36 2 3 10 10 2 0 0 0 0 4 1 7 0 0 4 8 4 3 0 0 0 7 0 0 0 0 8 10 16 91 49 119 66 46 228 924 358 142 223 98 263 66 10 0 17 4 12 26 0 0 0 41 152 0 0 2 0 0 0 0 0 0 0 0 0 0 0 0 0 0 0
0 0 1 0 0 15 13 5 1 0 0 0 0 3 5 2 3 2 21 21 9 0 0 0 0 0 0 0 2 1 44 2 16 5 16 1 1 0 2 1 19 12 6 1 0 0 0 0 1 1 0 6 98 4 9 14 15 1 1 0 0 0 0 0 0 0 0 0 0 0 0 0 0 0 0 0 2 5 4 0 0 0 4 0 0 0 0 0 1 0 0 2 0 17 8 3 7 0 0 1 7 0 0 0 0 0 4 56 15 3 0 11 61 93 133 243 55 149 60 86 190 0 0 0 0 0 0 0 0 0 4 71 11 0 0 0 0 0 0 0 0 0 0 0 0 0 0 1 0 0
0 0 0 0 1 0 4 0 1 1 0 0 3 2 5 5 32 8 4 0 3 0 3 0 0 0 0 19 7 5 27 23 9 0 0 3 0 2 0 3 4 16 5 1 1 0 2 0 0 0 0 15 93 48 2 9 3 2 0 0 0 0 0 0 0 0 0 0 0 0 0 0 0 0 0 0 23 3 4 2 0 0 0 0 0 0 0 0 9 0 8 2 20 19 9 7 4 0 0 10 1 0 0 1 0 0 9 41 474 5 0 0 1 0 0 1 1 28 258 221 45 0 0 0 0 2 1 1 0 0 0 0 37 3 0 0 0 0 0 0 0 0 0 0 0 0 0 0 0 0
1 1 0 2 2 1 3 31 3 5 4 3 0 1 3 76 35 12 5 3 2 0 0 3 1 4 0 5 10 6 15 7 5 2 0 0 1 0 3 1 3 3 0 1 4 0 1 0 0 0 0 27 1 10 26 3 1 0 0 0 0 0 0 0 0 0 0 0 0 0 0 0 0 0 0 1 10 20 1 0 0 0 3 0 0 0 0 0 17 0 4 0 2 16 1 0 0 0 3 0 0 2 5 3 2 21 15 12 108 0 0 0 0 0 2 0 0 1 65 135 243 93 0 0 1 51 0 0 0 40 75 2 25 4 0 0 0 0 0 0 0 0 0 0 0 0 0 0 0 0
1 0 0 0 0 3 1 0 0 0 31 3 2 9 7 31 29 19 3 0 0 3 1 4 1 5 3 0 0 2 0 0 2 1 6 1 0 0 0 5 0 16 6 1 0 2 1 0 0 0 3 39 18 35 16 8 0 0 0 0 0 0 0 0 0 0 0 0 0 0 0 0 0 0 0 0 0 33 83 2 1 12 0 0 0 0 2 44 23 0 4 2 4 1 1 1 0 4 0 7 14 9 13 4 1 3 18 11 49 8 0 0 0 13 25 48 126 298 61 130 306 71 0 6 223 17 0 0 0 63 98 0 0 0 0 0 0 0 0 0 0 0 0 0 0 0 0 0 0 0
0 1 3 0 0 0 1 0 0 2 8 73 15 3 0 2 4 22 2 0 0 0 1 8 8 1 1 4 27 4 0 1 0 1 1 0 1 0 4 0 0 15 19 0 4 0 4 0 0 0 0 27 19 4 2 0 0 0 1 0 0 0 0 0 0 0 0 0 0 0 0 0 0 0 0 1 0 19 31 10 0 0 0 0 0 0 2 4 3 0 5 0 4 7 0 0 0 0 2 3 0 1 2 1 14 0 6 23 25 7 0 0 0 0 67 282 480 373 42 31 53 108 70 244 200 0 0 0 4 329 82 0 0 0 0 0 0 0 0 0 0 0 0 0 0 0 0 0 0 0
0 0 0 0 0 0 1 1 1 3 11 21 4 0 0 2 0 1 2 3 0 0 0 3 3 9 7 0 3 0 0 0 0 0 0 0 0 0 5 2 0 1 0 0 1 2 0 0 0 0 0 69 2 4 6 0 0 1 0 0 0 0 0 0 0 0 0 0 0 0 0 0 0 0 0 1 6 5 75 14 5 17 13 0 0 0 7 0 0 0 0 0 2 4 0 0 0 0 0 14 1 0 0 1 23 4 6 6 25 0 0 4 27 14 22 17 1 41 242 157 37 222 448 294 319 139 44 54 350 822 335 3 0 0 0 0 0 0 0 0 0 0 0 0 0 0 0 0 0 0
0 0 0 0 1 1 0 1 0 8 26 5 0 6 5 3 0 3 0 0 0 0 0 0 0 16 19 0 0 0 3 1 9 1 0 0 0 0 0 12 0 1 3 0 0 0 3 2 5 2 7 240 24 3 0 0 5 1 0 3 0 0 0 0 0 0 0 0 0 0 0 0 0 0 0 0 2 14 37 0 5 30 12 0 0 0 0 0 8 2 0 1 2 9 0 4 11 0 0 2 2 0 2 8 8 2 6 0 91 28 1 7 7 4 1 20 11 134 134 319 387 448 536 327 784 500 396 300 450 411 288 1 0 0 0 0 0 0 0 0 0 0 0 0 0 0 0 0 0 0
0 1 0 0 0 0 0 3 4 6 2 1 5 2 2 11 2 1 0 0 0 0 0 0 2 7 7 2 2 0 0 2 3 1 1 3 3 2 0 0 0 0 3 0 2 0 1 0 3 17 455 409 10 42 7 1 6 0 1 2 0 3 0 0 0 0 0 0 0 0 0 0 0 0 0 1 1 0 6 4 0 3 0 0 0 0 0 0 4 0 0 0 11 0 0 0 1 0 4 8 4 0 3 0 21 10 30 43 4 10 12 1 10 14 6 11 2 29 271 783 801 447 210 924 1051 517 131 389 242 34 23 3 0 0 0 0 0 0 0 0 0 0 0 0 0 0 0 0 0 0
0 2 0 1 0 0 1 0 9 3 1 1 2 4 4 0 3 4 0 0 0 0 0 0 2 0 0 3 0 0 0 36 16 1 0 1 1 0 0 1 0 0 0 0 0 0 0 0 1 20 362 248 307 344 31 15 1 8 2 3 3 0 0 0 0 0 0 0 0 0 0 0 0 0 1 0 0 0 0 25 0 1 3 0 0 0 0 24 65 0 0 9 3 0 0 0 0 0 0 6 4 1 5 6 2 84 229 19 1 0 4 5 0 15 2 6 8 3 80 392 267 449 241 2046 1150 386 107 104 8 262 454 305 0 0 0 0 0 0 0 0 0 0 0 0 0 0 0 0 0 0
1 0 2 5 0 0 7 5 4 2 10 27 0 1 1 1 0 0 0 0 0 0 0 0 5 0 3 0 0 0 0 2 7 1 0 0 2 1 0 0 0 0 0 0 1 3 0 0 0 7 128 210 312 221 61 51 2 5 1 4 0 0 0 0 0 0 0 0 0 0 0 0 0 0 0 0 0 0 0 31 1 4 1 0 0 0 0 18 27 1 2 11 73 0 0 0 0 0 0 5 1 25 6 15 10 11 4 17 3 0 0 0 4 2 0 8 1 1 7 29 149 282 339 524 625 419 317 230 168 345 106 136 2 0 0 0 0 0 0 0 0 0 0 0 0 0 0 0 0 0
2 4 2 7 0 0 4 9 1 0 0 6 0 0 0 0 0 0 0 0 0 0 0 0 2 0 0 0 0 1 2 0 0 1 0 0 0 0 0 0 0 0 0 0 0 1 6 1 0 3 20 63 165 11 16 21 5 0 4 0 1 1 0 0 0 1 0 0 0 0 0 0 0 0 0 0 0 0 0 0 0 2 0 0 0 0 28 91 19 2 4 191 131 22 3 0 0 0 0 17 21 4 15 124 26 3 11 0 61 10 1 0 11 2 3 2 6 17 17 18 92 464 356 236 136 436 462 611 157 148 66 46 0 0 0 0 0 0 0 0 0 0 0 0 0 0 0 0 0 0
0 5 4 0 3 0 5 22 10 3 7 3 1 1 0 0 0 0 1 0 1 0 2 1 0 0 0 0 2 0 0 0 0 0 0 0 0 0 0 0 0 0 0 0 0 2 0 0 0 2 1 17 68 10 23 0 1 44 65 6 0 1 0 0 0 0 0 0 0 0 0 0 0 0 0 0 0 0 0 0 0 2 18 14 11 12 3 1 12 43 91 122 118 0 5 0 0 0 19 17 38 248 237 248 352 29 12 2 7 9 0 0 1 0 3 3 3 36 15 290 223 462 1445 1027 539 130 996 1129 645 0 0 0 0 0 0 0 0 0 0 0 0 0 0 0 0 0 0 0 0 0
4 2 5 0 4 7 1 23 6 1 3 1 12 1 0 0 0 0 0 0 0 0 2 0 0 0 9 0 7 0 1 0 0 1 0 2 0 0 0 0 5 0 0 0 0 0 0 0 1 17 1 2 35 3 8 0 0 6 78 4 4 3 0 0 0 0 0 0 0 0 0 0 0 0 0 0 0 0 0 0 0 6 3 1 0 0 1 7 8 33 56 66 82 19 10 6 1 0 0 33 127 166 249 167 178 40 0 7 2 30 10 1 0 0 3 2 6 466 209 656 347 10 8 113 107 73 191 434 270 1 145 6 0 0 0 0 0 0 0 0 0 0 0 0 0 0 0 0 0 0
0 8 80 4 46 56 18 7 0 3 0 0 0 1 0 5 0 0 0 0 1 2 0 0 0 0 0 0 0 0 0 0 0 0 0 0 0 0 0 0 0 3 0 0 0 0 0 0 3 1 0 1 7 0 0 0 4 3 2 22 5 0 1 0 0 0 0 0 0 0 0 0 0 0 0 0 0 0 0 0 19 35 0 2 67 3 48 5 0 1 0 7 6 0 0 0 0 0 0 11 10 69 392 172 44 131 9 8 4 0 13 0 0 0 0 12 277 323 109 39 0 0 0 0 46 364 70 418 419 7 23 24 0 0 0 0 0 0 0 0 0 0 0 0 0 0 0 0 0 0
1 20 70 56 186 204 88 29 9 0 0 0 0 0 3 0 0 0 0 1 1 9 0 0 0 0 0 0 0 0 0 0 0 0 0 0 0 0 0 0 1 1 0 3 3 7 0 19 4 0 0 13 3 0 0 0 1 1 17 4 0 3 0 0 0 0 0 0 0 0 0 0 0 0 0 0 0 0 1 15 7 0 0 0 12 25 16 109 37 0 0 0 0 0 0 0 0 0 0 0 0 125 295 77 81 99 2 1 3 19 9 13 1 0 7 39 97 10 11 43 0 0 0 0 11 262 179 298 156 4 69 0 0 0 0 0 0 0 0 0 0 0 0 0 0 0 0 0 0 0
2 81 231 438 187 134 62 12 0 0 0 7 1 0 0 1 1 2 0 0 1 0 0 0 0 0 0 1 1 1 0 0 0 0 0 0 0 0 2 0 0 0 0 5 2 0 0 12 16 0 0 0 15 0 0 0 3 0 0 0 0 2 0 0 0 0 0 0 0 0 0 0 0 0 0 0 0 17 0 0 0 0 0 0 0 0 20 17 1 1 1 0 0 0 0 0 0 0 0 0 12 45 15 11 52 49 0 0 0 0 10 20 4 16 8 2 16 10 13 39 11 77 6 0 15 66 72 109 50 0 0 0 0 0 0 0 0 0 0 0 0 0 0 0 0 0 0 0 0 0
0 9 149 127 89 69 16 7 1 0 1 0 1 0 0 0 0 1 0 6 1 2 0 0 3 0 0 0 1 0 2 0 0 0 1 0 0 0 0 0 0 0 0 0 0 0 0 1 3 6 0 0 0 0 0 5 0 0 0 0 0 0 0 0 0 0 0 0 0 0 0 0 0 0 0 0 0 0 0 0 0 0 0 0 0 0 42 21 2 7 33 0 0 0 6 11 0 0 0 279 575 113 195 87 1 88 38 2 4 2 4 8 3 0 0 0 0 0 5 53 79 27 183 274 27 40 0 0 0 0 0 0 0 0 0 0 0 0 0 0 0 0 0 0 0 0 0 0 0 0
4 17 31 33 24 8 1 0 2 6 5 0 0 0 0 0 1 0 0 0 6 39 3 0 0 0 0 0 0 1 0 0 0 0 0 0 0 0 0 0 0 0 0 0 0 12 1 0 0 0 0 0 0 0 0 16 0 0 0 0 0 0 0 0 0 0 0 0 0 0 0 0 0 0 0 0 4 70 0 0 0 0 0 0 0 0 9 0 0 23 22 0 0 0 25 70 46 11 166 855 276 382 102 13 0 27 27 98 0 7 14 0 0 0 0 0 0 0 13 41 50 21 25 37 15 42 23 4 65 21 9 0 0 0 0 0 0 0 0 0 0 0 0 0 0 0 0 0 0 0
37 10 14 11 0 0 0 0 0 0 0 0 1 0 0 0 0 0 0 0 0 1 8 3 0 0 0 0 0 0 0 0 0 7 5 0 0 0 0 0 0 0 0 0 3 6 4 2 0 0 0 0 2 2 62 10 5 0 0 0 0 0 0 0 0 0 0 0 0 0 0 0 0 0 15 10 0 0 0 0 0 0 0 0 0 0 6 1 0 1 58 21 1 5 124 272 33 4 115 69 12 9 13 3 3 1 0 95 296 61 0 0 0 0 5 0 0 2 0 0 22 2 2 16 14 74 66 54 232 61 22 0 0 0 0 0 0 0 0 0 0 0 0 0 0 0 0 0 0 0
14 2 5 0 0 0 3 0 0 0 0 0 0 0 0 0 0 0 0 0 0 0 0 0 0 0 0 0 0 1 6 22 1 0 0 0 0 0 0 0 1 0 0 0 0 1 0 0 0 0 0 0 52 1 15 0 0 0 0 0 0 0 0 0 0 0 0 0 0 0 0 0 0 0 16 7 2 0 0 0 0 0 0 0 0 0 22 40 83 37 46 6 8 16 2 38 10 2 0 1 4 1 4 0 2 15 87 252 130 60 2 0 0 0 0 0 0 5 1 0 0 19 8 13 4 133 48 89 36 63 12 0 0 0 0 0 0 0 0 0 0 0 0 0 0 0 0 0 0 0
2 0 0 1 1 0 0 0 0 0 0 0 0 0 0 0 0 1 0 0 0 0 0 3 0 0 0 0 4 0 3 2 0 0 0 0 0 0 0 0 0 0 0 0 1 0 4 0 0 0 0 0 3 36 12 1 0 0 0 0 0 0 0 0 0 0 0 0 0 0 0 5 3 1 0 0 0 0 0 0 0 0 0 0 0 0 3 1 79 4 0 0 1 3 2 19 6 2 1 0 0 1 0 7 5 157 475 435 97 61 0 0 0 0 0 0 0 0 51 9 0 24 1 19 1 7 71 24 2 18 2 4 0 0 0 0 0 0 0 0 0 0 0 0 0 0 0 0 0 0
0 0 0 0 0 0 0 0 0 0 0 0 0 0 0 0 0 0 0 1 0 0 0 10 0 1 0 2 0 0 1 0 0 22 1 0 0 0 0 0 0 0 0 0 0 0 0 0 0 0 2 1 5 46 2 2 1 0 0 0 0 0 0 0 0 0 0 0 0 0 2 0 3 0 0 0 0 0 0 0 0 0 0 0 0 0 0 0 0 0 0 0 3 11 0 0 1 0 2 3 2 2 1 0 15 65 68 10 28 107 0 0 0 0 0 0 0 0 7 2 0 9 1 49 82 18 103 17 18 20 4 0 0 0 0 0 0 0 0 0 0 0 0 0 0 0 0 0 0 0
0 0 0 0 1 23 0 0 0 0 0 0 0 0 0 0 0 0 0 0 0 0 0 0 0 0 4 0 0 0 0 1 0 0 1 1 0 0 0 1 0 0 1 3 0 0 0 0 0 0 0 0 3 1 2 0 0 1 0 0 0 0 0 0 0 0 0 0 1 4 0 0 0 0 0 0 0 0 0 0 0 0 0 0 0 0 0 1 5 3 0 32 77 5 1 0 0 0 2 8 6 5 18 28 38 17 0 9 0 4 2 0 0 0 0 0 0 0 0 0 1 8 2 18 0 0 0 75 1 6 0 0 0 0 0 0 0 0 0 0 0 0 0 0 0 0 0 0 0 0
0 0 0 0 53 23 0 0 0 0 0 0 0 0 1 0 0 0 0 0 0 0 0 0 0 0 0 0 1 0 1 0 0 0 0 0 0 0 1 0 0 0 0 2 1 3 1 0 0 2 4 0 0 6 1 3 0 0 0 0 0 0 0 0 0 0 0 0 4 3 0 0 0 0 0 0 0 0 0 0 0 0 0 0 0 0 0 0 41 36 103 265 84 14 0 0 0 1 0 16 27 377 230 41 4 22 4 0 0 2 11 0 0 0 0 0 0 0 0 0 1 0 0 0 0 2 74 15 0 0 0 0 0 0 0 0 0 0 0 0 0 0 0 0 0 0 0 0 0 0
0 0 0 0 3 2 0 0 0 0 0 0 2 3 0 0 0 0 0 0 0 0 0 0 0 0 0 0 0 17 0 0 0 0 0 1 2 0 0 0 0 0 0 0 0 5 0 0 0 2 5 0 0 7 7 1 0 0 0 0 0 0 0 0 0 0 0 0 7 1 0 0 0 0 0 0 0 0 0 0 0 0 0 0 1 0 2 1 5 73 136 86 52 18 1 1 1 4 1 51 92 72 36 11 0 1 3 0 0 7 2 0 1 0 0 0 0 0 0 0 1 25 31 0 0 4 5 5 0 0 0 0 0 0 0 0 0 0 0 0 0 0 0 0 0 0 0 0 0 0
0 0 0 0 0 4 0 0 0 0 0 0 14 13 1 5 1 0 0 0 0 0 0 0 0 10 4 3 0 10 0 0 0 0 1 1 0 0 0 0 0 0 1 0 1 8 1 0 0 0 2 0 0 10 5 1 0 0 0 0 0 0 0 0 0 0 1 4 51 0 0 0 0 0 0 0 0 0 0 0 0 0 0 0 1 10 25 2 1 5 0 1 7 1 18 0 0 3 3 8 38 0 0 1 0 0 0 3 0 37 6 25 1 0 0 0 0 0 0 0 0 0 0 0 0 0 0 2 0 0 0 0 0 0 0 0 0 0 0 0 0 0 0 0 0 0 0 0 0 0
0 0 0 0 0 1 2 1 0 0 0 0 0 3 0 0 0 0 0 0 0 0 0 0 0 1 1 0 0 4 0 0 0 0 0 0 0 0 0 0 0 0 0 0 0 0 0 6 0 0 0 0 0 1 9 3 2 0 0 0 0 0 0 0 0 0 1 20 10 0 0 0 0 0 0 0 0 0 0 0 0 0 0 0 36 2 1 0 2 26 2 1 11 10 4 14 5 21 5 16 20 4 2 0 6 0 0 10 40 69 79 259 38 5 5 0 0 3 0 0 0 0 0 0 0 0 0 0 0 0 0 0 0 0 0 0 0 0 0 0 0 0 0 0 0 0 0 0 0 0
0 0 0 0 0 0 0 0 0 0 0 0 0 0 0 0 0 0 0 0 0 0 0 0 0 0 0 0 3 0 0 0 0 0 0 0 0 0 0 1 0 0 0 0 0 0 0 3 10 0 0 0 0 0 0 41 68 5 0 0 0 0 0 0 1 8 32 72 2 0 0 0 0 0 0 0 0 0 0 0 0 0 0 26 40 0 1 7 15 1 5 2 2 0 1 15 32 29 1 2 2 0 13 7 2 0 20 1 45 16 171 45 103 21 8 0 0 0 0 0 0 0 0 0 0 0 0 0 0 0 0 0 0 0 0 0 0 0 0 0 0 0 0 0 0 0 0 0 0 0
0 0 0 0 1 0 0 0 0 0 0 0 0 0 0 0 2 0 0 0 0 0 0 0 0 0 0 0 1 0 0 0 0 0 0 0 0 0 0 0 0 0 5 0 0 0 1 3 46 0 0 1 0 0 2 4 1 3 9 2 0 3 1 1 6 1 0 2 0 1 0 0 0 0 0 0 0 0 0 0 0 0 0 0 0 0 0 15 1 2 0 0 4 0 5 139 1 0 0 0 0 0 1 0 12 38 205 543 339 73 21 0 55 31 0 0 0 0 0 0 0 0 0 0 0 0 0 0 0 0 0 0 0 0 0 0 0 0 0 0 0 0 0 0 0 0 0 0 0 0
0 0 0 0 2 32 0 7 0 0 3 2 0 0 4 0 0 1 0 0 0 0 0 0 0 0 0 0 0 0 3 0 0 0 0 0 0 0 5 1 0 0 0 1 0 1 11 8 3 0 2 0 2 3 5 4 0 0 0 0 0 0 0 3 2 0 1 8 0 18 1 7 0 0 0 0 0 0 0 0 0 1 0 0 0 0 0 0 0 2 8 6 1 0 79 18 0 0 0 0 0 1 0 8 37 37 92 216 115 216 80 88 98 1 0 0 0 0 0 0 0 0 0 0 0 0 0 0 0 0 0 0 0 0 0 0 0 0 0 0 0 0 0 0 0 0 0 0 0 0
0 0 1 0 4 24 1 0 1 1 1 0 0 0 0 0 0 0 0 0 0 0 0 0 0 0 0 0 0 0 0 0 1 0 1 0 0 1 0 1 1 0 0 0 2 0 5 1 0 5 1 1 2 2 2 0 1 1 2 0 0 0 1 0 0 3 53 1 5 0 0 0 0 1 0 0 0 0 0 0 0 0 0 0 0 1 0 0 0 0 0 3 6 10 2 23 117 0 0 0 0 0 0 36 93 291 2 0 5 26 0 5 2 0 0 0 0 0 0 0 0 0 0 0 0 0 0 0 0 0 0 0 0 0 0 0 0 0 0 0 0 0 0 0 0 0 0 0 0 0
0 0 0 0 1 0 0 0 10 2 0 0 0 2 0 0 0 0 1 0 1 0 0 0 0 0 0 0 0 0 0 0 0 0 1 0 0 0 0 0 0 0 0 0 0 0 1 1 2 0 0 0 0 0 0 0 3 0 1 2 0 0 0 0 0 0 0 0 0 0 4 2 0 0 0 0 0 0 0 0 0 0 0 0 0 0 0 0 0 0 0 17 61 14 21 96 318 0 0 0 0 0 0 2 11 0 0 0 0 1 19 64 0 0 0 0 0 0 0 0 0 0 0 0 0 0 0 0 0 0 0 0 0 0 0 0 0 0 0 0 0 0 8 10 3 0 0 0 0 0
0 0 0 0 0 0 0 0 0 2 0 0 1 0 2 0 0 0 0 0 0 0 0 0 0 0 0 0 0 0 0 2 0 0 0 0 0 0 0 0 0 0 1 0 0 1 0 0 0 0 7 1 0 0 0 0 0 0 3 2 1 0 0 0 0 0 0 0 0 0 3 0 0 0 0 0 0 0 0 0 0 0 0 0 0 0 0 0 11 2 3 25 105 117 53 1 0 1 0 0 0 0 0 1 1 0 0 0 0 49 56 1 0 1 0 0 0 0 0 0 0 0 0 0 0 0 0 0 0 0 0 0 0 0 0 0 0 0 0 0 0 0 0 2 0 0 0 0 0 0
0 1 0 0 1 1 0 0 0 0 0 0 2 3 0 0 0 0 0 0 0 0 0 0 0 0 0 0 0 0 0 0 0 0 0 0 0 0 0 0 0 0 0 0 0 0 0 0 0 0 0 7 9 0 0 0 0 0 1 1 0 1 0 0 0 0 0 0 0 0 0 0 0 0 0 0 0 0 0 0 0 0 0 0 0 0 0 0 0 1 11 38 387 0 0 19 1 0 0 0 0 0 0 1 1 0 0 2 16 0 18 1 0 0 0 0 0 0 0 0 0 0 0 0 0 0 0 0 0 0 0 0 0 0 0 0 0 0 0 0 0 0 0 0 0 0 0 0 0 0
0 0 0 0 0 0 0 0 0 0 0 1 8 2 0 0 0 0 0 2 0 0 0 0 0 0 0 0 0 0 0 0 0 0 0 0 0 0 0 0 0 0 0 0 0 0 0 0 0 0 0 11 0 1 0 0 2 0 0 2 3 2 0 0 0 0 0 0 0 0 1 46 1 0 0 0 0 0 0 0 0 0 0 0 0 0 0 0 0 0 7 17 7 10 9 1 0 0 0 0 0 0 0 0 0 0 0 0 0 0 0 0 0 0 0 0 0 0 0 0 0 0 0 0 0 0 0 0 0 0 0 0 0 0 0 0 0 0 0 0 0 0 0 0 0 0 0 0 0 0
0 0 0 0 0 0 0 0 0 0 0 1 0 0 0 0 0 0 0 0 0 0 8 25 0 0 0 0 0 0 0 0 0 0 0 0 0 0 0 0 0 0 0 0 0 0 0 0 0 0 0 7 2 0 0 0 1 0 0 0 0 9 15 0 0 0 0 0 0 0 0 22 4 2 8 0 0 0 0 0 0 0 0 0 0 0 0 0 0 2 0 16 6 15 6 2 0 0 0 0 0 0 0 0 0 0 0 0 0 0 0 0 0 0 0 0 0 0 0 0 0 0 0 0 0 0 0 0 0 0 0 0 0 0 0 0 0 0 0 0 0 0 0 0 0 0 0 0 0 0
0 0 0 0 0 0 1 0 0 0 0 0 0 0 0 0 0 0 0 0 0 0 0 1 1 0 0 0 1 0 0 0 0 0 0 0 0 0 0 0 0 0 0 0 0 0 0 0 1 0 1 22 13 2 3 0 0 0 0 0 0 18 32 0 0 0 0 0 0 0 0 0 0 0 9 0 0 0 0 0 0 0 0 0 0 0 0 0 0 0 5 6 1 19 26 3 0 0 1 0 0 0 0 0 0 0 0 0 0 0 0 0 0 0 0 0 0 0 0 0 0 0 0 0 0 0 0 0 0 0 0 0 0 0 0 0 0 0 0 0 0 0 0 0 0 0 0 0 0 0
0 0 0 0 0 0 0 0 0 0 0 0 2 0 0 0 1 0 0 0 0 1 0 0 0 0 0 0 0 0 1 1 0 0 0 0 0 0 0 0 0 0 0 0 0 0 0 0 0 2 6 20 84 5 6 0 1 0 0 0 0 7 0 0 0 0 0 0 0 0 0 0 0 1 0 0 0 0 0 0 0 0 0 0 0 0 0 0 0 0 0 1 9 10 7 10 0 0 0 0 0 0 0 0 0 0 0 0 0 0 0 0 0 0 0 0 0 0 0 0 0 0 0 0 0 0 0 0 0 0 0 0 0 0 0 0 0 0 0 0 0 0 0 0 0 0 0 0 0 0
0 0 0 0 0 0 0 0 0 0 0 0 7 0 0 0 0 1 1 0 0 0 0 0 0 1 1 0 0 0 0 0 0 0 0 0 0 0 0 0 0 0 0 0 0 0 0 0 3 7 1 16 115 2 18 0 0 0 0 0 1 3 2 0 0 0 0 0 0 0 0 0 0 0 0 0 0 0 0 0 0 0 0 0 0 0 0 0 0 0 0 0 5 3 3 2 8 2 0 1 0 0 0 0 0 0 0 0 0 0 0 0 0 0 0 0 0 0 0 0 0 0 0 0 0 0 0 0 0 0 0 0 0 0 0 0 0 0 0 0 0 0 0 0 0 0 0 0 0 0
0 0 0 0 0 0 0 0 0 2 0 0 0 0 3 0 0 0 0 0 0 0 0 2 0 0 0 0 0 0 0 0 0 0 0 0 0 0 0 0 0 0 0 0 0 0 0 0 0 2 1 4 8 0 0 0 0 0 0 0 6 0 0 1 0 0 0 0 0 0 0 0 0 0 0 0 0 0 0 0 0 0 0 0 0 0 0 0 0 0 0 0 0 0 0 2 7 0 1 0 0 0 0 0 0 0 0 0 0 0 0 0 0 0 0 0 0 0 0 0 0 0 0 0 0 0 0 0 0 0 0 0 0 0 0 0 0 0 0 0 0 0 0 0 0 0 0 0 0 0
0 0 0 0 0 0 0 0 0 0 2 0 0 0 0 0 0 2 0 0 0 1 0 0 0 0 0 0 0 0 0 1 0 0 7 0 0 0 0 0 0 0 0 0 0 0 5 12 0 0 0 0 0 0 0 0 0 0 0 1 5 0 0 0 0 0 0 0 0 0 0 0 0 0 0 0 0 0 0 0 0 0 0 0 0 0 0 0 0 0 0 0 0 0 0 1 3 20 0 0 0 0 0 0 0 0 0 0 0 0 0 0 0 0 0 0 0 0 0 0 0 0 0 0 0 0 0 0 0 0 0 0 0 0 0 0 0 0 0 0 0 0 0 0 3 8 0 0 0 0
0 0 0 0 0 0 0 0 0 0 0 0 0 0 0 0 0 0 0 1 3 0 0 0 0 2 0 0 0 0 0 0 0 0 0 1 0 0 0 0 0 0 0 0 0 0 0 0 0 0 0 0 0 0 0 0 0 0 0 0 1 0 0 0 0 0 0 0 0 0 0 0 0 0 0 0 0 0 0 0 0 0 0 0 0 0 0 0 0 0 0 0 0 0 2 2 2 2 0 1 6 0 0 0 0 0 0 0 0 0 0 0 0 0 0 0 0 0 0 0 0 0 0 0 0 0 0 0 0 0 0 0 0 0 0 0 0 0 0 0 0 0 0 0 0 0 0 0 0 0
0 0 0 0 0 0 0 0 0 0 0 3 0 0 0 0 0 0 1 0 1 0 0 0 0 0 0 0 0 0 0 0 0 0 0 0 0 0 0 0 0 0 0 0 0 0 0 0 0 0 0 0 0 0 0 0 0 0 0 0 1 0 0 0 0 0 0 0 0 0 0 4 0 0 0 0 0 0 0 0 0 0 0 0 0 0 0 0 0 0 0 0 0 0 7 0 0 0 0 0 0 0 0 0 0 0 0 0 0 0 0 0 0 0 0 0 0 0 0 0 0 0 0 0 0 0 0 0 0 0 0 0 0 0 0 0 0 0 0 0 0 0 0 0 0 0 0 0 0 0
0 0 0 0 0 0 0 0 0 1 9 0 0 0 0 1 0 0 0 0 0 0 0 0 0 0 0 0 0 0 0 0 0 0 0 0 0 0 0 0 0 0 0 0 2 0 0 0 0 0 0 0 0 0 0 0 0 0 0 0 0 0 0 0 0 0 0 0 0 0 3 1 0 0 0 0 0 0 0 0 0 0 0 0 0 0 0 0 0 0 0 0 0 0 1 0 2 0 0 0 0 0 0 0 0 0 0 0 0 0 0 0 0 0 0 0 0 0 0 0 0 0 0 0 0 0 0 0 0 0 0 0 0 0 0 0 0 0 0 0 0 0 0 0 0 0 0 0 0 0
0 0 0 0 0 0 0 0 0 0 0 0 3 0 0 2 1 2 0 0 0 0 0 0 0 0 0 0 0 0 0 0 0 0 0 0 0 0 0 0 0 0 0 0 0 0 0 0 0 0 0 0 0 0 0 0 0 0 0 12 2 0 0 0 0 0 0 0 66 1 0 0 0 0 0 0 0 0 0 0 0 0 0 0 0 0 0 0 0 0 0 0 0 0 0 0 3 1 2 1 0 0 0 0 0 0 0 0 0 0 0 0 0 0 0 0 0 0 0 0 0 0 0 0 0 0 0 0 0 0 0 0 0 0 0 0 0 0 0 0 0 0 0 0 0 0 0 0 0 0
1 0 0 0 0 0 0 1 0 0 0 0 2 0 0 0 1 7 2 0 0 0 0 0 0 0 0 0 0 0 0 0 0 0 0 0 1 0 1 3 0 0 1 0 0 0 0 0 0 0 0 0 0 0 0 0 0 0 0 0 9 2 1 0 0 0 0 2 136 46 0 0 0 0 0 0 0 0 0 0 0 0 0 0 0 0 0 0 0 0 0 0 0 0 0 0 1 0 0 0 0 0 0 0 0 0 0 0 0 0 0 0 0 0 0 0 0 0 0 0 0 0 0 0 0 0 0 0 0 0 0 0 0 0 0 0 0 0 0 0 0 0 0 0 0 0 0 0 0 0
0 1 0 0 0 0 0 0 0 0 0 2 18 6 0 3 20 0 6 11 0 1 0 5 1 0 0 0 0 0 1 0 0 0 5 1 2 3 1 3 0 0 5 0 0 0 0 0 0 0 0 0 0 0 0 0 0 0 0 0 0 0 1 0 92 34 5 0 0 0 0 0 0 0 0 0 0 0 0 0 0 0 0 0 0 0 0 0 0 0 0 0 0 0 0 0 0 0 0 0 0 0 0 0 0 0 0 0 0 0 0 0 0 0 0 0 0 0 0 0 0 0 0 0 0 0 0 0 0 0 0 0 0 0 0 0 0 0 0 0 0 0 0 0 0 0 0 0 0 0
1 34 2 0 0 0 0 0 0 0 1 2 1 0 0 0 0 0 1 12 11 41 49 4 6 0 0 0 0 2 0 0 0 1 0 11 16 0 0 2 0 0 2 0 0 0 0 0 0 0 0 0 0 0 0 0 0 0 0 0 0 0 0 0 1 1 0 0 0 0 0 0 0 0 0 0 0 0 0 0 0 0 0 0 0 0 0 0 0 0 0 0 0 0 0 0 0 0 0 0 0 0 0 0 0 0 0 0 0 0 0 0 0 0 0 0 0 0 0 0 0 0 0 0 0 0 0 0 0 0 0 0 0 0 0 0 0 0 0 0 0 0 0 0 0 0 0 0 0 0
18 5 14 0 0 2 0 0 0 0 0 0 6 0 0 0 2 1 1 1 3 16 13 4 9 2 0 0 0 16 8 0 0 0 0 0 3 1 1 0 3 1 0 0 0 0 0 0 0 0 0 0 0 0 0 0 0 0 0 0 0 0 0 0 0 0 0 0 0 0 0 0 0 0 0 0 0 0 0 0 0 0 0 0 0 0 0 0 0 1 0 0 0 0 0 0 0 0 0 0 0 0 0 0 0 0 0 0 0 0 0 0 0 0 0 0 0 0 0 0 0 0 0 0 0 0 0 0 0 0 0 0 0 0 0 0 0 0 0 0 0 0 0 0 0 0 0 0 0 0
0 0 0 1 0 0 0 0 0 0 0 0 5 0 0 0 1 3 1 14 0 5 4 6 2 2 6 1 1 2 0 0 0 0 1 0 0 0 0 0 0 0 0 0 0 0 0 0 0 0 0 0 0 0 0 0 0 0 0 0 0 0 0 0 0 0 0 0 0 0 0 0 0 0 0 0 0 0 0 0 0 0 0 0 0 0 0 0 0 0 0 0 0 0 0 0 0 0 0 0 0 0 0 0 0 0 0 0 0 0 0 0 0 0 0 0 0 0 0 0 0 0 0 0 0 0 0 0 0 0 0 0 0 0 0 0 0 0 0 0 0 0 0 0 0 0 0 0 0 0
0 0 0 0 0 0 0 0 0 0 0 0 0 2 0 0 0 0 1 5 0 0 0 2 4 11 5 4 9 1 1 0 0 7 2 3 1 0 0 0 0 0 0 0 0 0 0 0 0 0 0 0 0 0 0 0 0 0 0 0 0 0 0 0 0 0 0 0 0 0 0 0 0 0 0 0 0 0 0 0 0 0 0 0 0 0 0 0 0 0 0 0 0 0 0 0 0 0 0 0 0 0 0 0 0 0 0 0 0 0 0 0 0 0 0 0 0 0 0 0 0 0 0 0 0 0 0 0 0 0 0 0 0 0 0 0 0 0 0 0 0 0 0 0 0 0 0 0 0 0
0 0 0 0 0 0 0 0 0 0 0 0 0 0 0 0 0 0 0 0 0 0 0 0 0 0 1 2 78 16 3 6 4 16 0 0 2 1 0 0 0 0 0 0 0 0 0 0 0 0 0 0 0 0 0 0 0 0 0 0 0 0 0 0 0 0 0 0 0 0 0 0 0 0 0 0 0 0 0 0 0 0 0 0 0 0 0 0 0 0 0 0 0 0 0 0 0 0 0 0 0 0 0 0 0 0 0 0 0 0 0 0 0 0 0 0 0 0 0 0 0 0 0 0 0 0 0 0 0 0 0 0 0 0 0 0 0 0 0 0 0 0 0 0 0 0 0 0 0 0
0 0 0 0 0 0 0 0 0 0 0 0 0 0 0 0 0 0 0 0 0 0 0 0 0 4 1 0 0 1 5 1 3 1 0 3 1 0 0 0 0 0 0 0 0 0 0 0 0 0 0 0 0 0 0 0 0 0 0 0 0 0 0 0 0 0 0 0 0 0 0 0 0 0 0 0 0 0 0 0 0 0 0 0 0 0 0 0 0 0 0 0 0 0 0 0 0 0 0 0 0 0 0 0 0 0 0 0 0 0 0 0 0 0 0 0 0 0 0 0 0 0 0 0 0 0 0 0 0 0 0 0 0 0 0 0 0 0 0 0 0 0 0 0 0 0 0 0 0 0
0 0 0 0 0 0 0 3 0 0 0 0 0 0 0 0 0 0 0 0 0 0 0 0 11 0 8 0 0 0 11 4 4 0 1 1 3 5 0 0 0 0 0 0 0 0 0 0 0 0 0 0 0 0 0 0 0 0 0 0 0 0 0 0 0 0 0 0 0 0 0 0 0 0 0 0 0 0 0 0 0 0 0 0 0 0 0 0 0 0 0 0 0 0 0 0 0 0 0 0 0 0 0 0 0 0 0 0 0 0 0 0 0 0 0 0 0 0 0 0 0 0 0 0 0 0 0 0 0 0 0 0 0 0 0 0 0 0 0 0 0 0 0 0 0 0 0 0 0 0
0 0 0 0 0 0 0 0 0 0 0 2 1 5 0 0 0 0 0 0 0 0 0 0 0 0 1 0 0 0 0 0 14 0 0 0 2 0 0 0 0 0 0 0 0 0 0 0 0 0 0 0 0 0 0 0 0 0 0 0 0 0 0 0 0 0 0 0 0 0 0 0 0 0 0 0 0 0 0 0 0 0 0 0 0 0 0 0 0 0 0 0 0 0 0 0 0 0 0 0 0 0 0 0 0 0 0 0 0 0 0 0 0 0 0 0 0 0 0 0 0 0 0 0 0 0 0 0 0 0 0 0 0 0 0 0 0 0 0 0 0 0 0 0 0 0 0 0 0 0
0 0 0 0 0 0 0 0 0 0 3 0 1 1 0 0 0 0 0 0 0 0 0 0 0 0 0 10 4 2 0 0 0 0 0 0 0 0 0 0 0 0 0 0 0 0 0 0 0 0 0 0 0 0 0 0 0 0 0 0 0 0 0 0 0 0 0 0 0 0 0 0 0 0 0 0 0 0 0 0 0 0 0 0 0 0 0 0 0 0 0 0 0 0 0 0 0 0 0 0 0 0 0 0 0 0 0 0 0 0 0 0 0 0 0 0 0 0 0 0 0 0 0 0 0 0 0 0 0 0 0 0 0 0 0 0 0 0 0 0 0 0 0 0 0 0 0 0 0 0
0 0 0 0 0 0 0 0 0 0 0 0 0 0 0 0 0 0 0 0 0 0 0 0 0 0 0 7 1 0 0 0 2 2 0 0 0 0 0 0 0 0 0 0 0 0 0 0 0 0 0 0 0 0 0 0 0 0 0 0 0 0 0 0 0 0 0 0 0 0 0 0 0 0 0 0 0 0 0 0 0 0 0 0 0 0 0 0 0 0 0 0 0 0 0 0 0 0 0 0 0 0 0 0 0 0 0 0 0 0 0 0 0 0 0 0 0 0 0 0 0 0 0 0 0 0 0 0 0 0 0 0 0 0 0 0 0 0 0 0 0 0 0 0 0 0 0 0 0 0
0 0 0 0 0 0 0 0 0 0 4 0 0 0 0 0 0 0 0 0 0 0 0 0 0 0 0 0 0 0 0 0 0 0 0 0 0 0 0 0 0 0 0 0 0 0 0 0 0 0 0 0 0 0 0 0 0 0 0 0 0 0 0 0 0 0 0 0 0 0 0 0 0 0 0 0 0 0 0 0 0 0 0 0 0 0 0 0 0 0 0 0 0 0 0 0 0 0 0 0 0 0 0 0 0 0 0 0 0 0 0 0 0 0 0 0 0 0 0 0 0 0 0 0 0 0 0 0 0 0 0 0 0 0 0 0 0 0 0 0 0 0 0 0 0 0 0 0 0 0
0 0 0 0 0 0 0 0 0 1 0 0 0 0 0 0 0 0 0 0 0 0 0 0 0 0 0 0 0 0 0 0 0 0 0 0 0 0 0 0 0 0 0 0 0 0 0 0 0 0 0 0 0 0 0 0 0 0 0 0 0 0 0 0 0 0 0 0 0 0 0 0 0 0 0 0 0 0 0 0 0 0 0 0 0 0 0 0 0 0 0 0 0 0 0 0 0 0 0 0 0 0 0 0 0 0 0 0 0 0 0 0 0 0 0 0 0 0 0 0 0 0 0 0 0 0 0 0 0 0 0 0 0 0 0 0 0 0 0 0 0 0 0 0 0 0 0 0 0 0
0 0 0 0 0 0 0 0 0 0 0 0 0 0 0 0 0 0 0 0 0 0 0 0 0 0 0 0 0 0 0 0 0 0 0 0 0 0 0 0 0 0 0 0 0 0 0 0 0 0 0 0 0 0 0 1 0 0 0 0 0 0 0 0 0 0 0 0 0 0 0 0 0 0 0 0 0 0 0 0 0 0 0 0 0 0 0 0 0 0 0 0 0 0 0 0 0 0 0 0 0 0 0 0 0 0 0 0 0 0 0 0 0 0 0 0 0 0 0 0 0 0 0 0 0 0 0 0 0 0 0 0 0 0 0 0 0 0 0 0 0 0 0 0 0 0 0 0 0 0
0 0 0 1 0 0 0 0 6 21 0 0 0 0 0 0 0 0 0 0 0 0 0 0 0 0 0 0 0 0 0 0 0 0 0 0 0 0 0 0 0 0 0 0 0 0 0 0 0 0 0 1 0 0 0 0 0 0 0 0 0 0 0 0 0 0 0 0 0 0 0 0 0 0 0 0 0 0 0 0 0 0 0 0 0 0 0 0 0 0 0 0 0 0 0 0 0 0 0 0 0 0 0 0 0 0 0 0 0 0 0 0 0 0 0 0 0 0 0 0 0 0 0 0 0 0 0 0 0 0 0 0 0 0 0 0 0 0 0 0 0 0 0 0 0 0 0 0 0 0
0 0 0 0 2 5 11 4 0 0 0 0 0 0 0 0 0 0 0 0 0 0 0 0 0 0 0 0 0 0 0 0 0 0 0 0 0 0 0 0 0 0 0 0 0 0 0 0 0 20 19 0 0 0 0 0 0 0 0 0 0 0 0 0 0 0 0 0 0 0 0 0 0 0 0 0 0 0 0 0 0 0 0 0 0 0 0 0 0 0 0 0 0 0 0 0 0 0 0 0 0 0 0 0 0 0 0 0 0 0 0 0 0 0 0 0 0 0 0 0 0 0 0 0 0 0 0 0 0 0 0 0 0 0 0 0 0 0 0 0 0 0 0 0 0 0 0 0 0 0
0 0 0 0 0 0 1 16 0 0 0 0 0 0 0 0 0 0 0 0 0 0 0 0 0 0 0 0 0 0 0 0 0 0 0 0 0 0 0 0 0 0 0 0 0 0 0 0 1 0 0 0 0 0 0 0 0 0 0 0 0 0 0 0 0 0 0 0 0 0 0 0 0 0 0 0 0 0 0 0 0 0 0 0 0 0 0 0 0 0 0 0 0 0 0 0 0 0 0 0 0 0 0 0 0 0 0 0 0 0 0 0 0 0 0 0 0 0 0 0 0 0 0 0 0 0 0 0 0 0 0 0 0 0 0 0 0 0 0 0 0 0 0 0 0 0 0 0 0 0
0 0 0 0 0 0 0 0 0 0 0 0 0 0 0 0 0 0 0 0 0 0 0 0 0 0 0 0 0 0 0 0 0 0 0 0 0 0 0 0 0 0 0 0 0 0 0 0 1 0 0 0 5 7 0 0 0 0 0 0 0 0 0 0 0 0 0 0 0 0 0 0 0 0 0 0 0 0 0 0 0 0 0 0 0 0 0 0 0 0 0 0 0 0 0 0 0 0 0 0 0 0 0 0 0 0 0 0 0 0 0 0 0 0 0 0 0 0 0 0 0 0 0 0 0 0 0 0 0 0 0 0 0 0 0 0 0 0 0 0 0 0 0 0 0 0 0 0 0 0
0 0 0 0 0 0 0 0 0 0 0 0 0 0 0 0 0 0 0 0 0 0 0 0 0 0 0 0 0 0 0 0 0 0 0 0 0 0 0 0 0 0 0 0 0 0 0 0 0 0 0 0 0 1 0 0 0 0 0 0 0 0 0 0 0 0 0 0 0 0 0 0 0 0 0 0 0 0 0 0 0 0 0 0 0 0 0 0 0 0 0 0 0 0 0 0 0 0 0 0 0 0 0 0 0 0 0 0 0 0 0 0 0 0 0 0 0 0 0 0 0 0 0 0 0 0 0 0 0 0 0 0 0 0 0 0 0 0 0 0 0 0 0 0 0 0 0 0 0 0
0 0 0 0 0 0 0 0 0 0 0 0 0 0 0 0 0 0 0 0 0 0 0 0 0 0 0 0 0 0 0 0 0 0 0 0 0 0 0 0 0 0 0 0 0 0 0 0 0 0 0 0 1 0 0 0 0 0 0 0 0 0 0 0 0 0 0 0 0 0 0 0 0 0 0 0 0 0 0 0 0 0 0 0 0 0 0 0 0 0 0 0 0 0 0 0 0 0 0 0 0 0 0 0 0 0 0 0 0 0 0 0 0 0 0 0 0 0 0 0 0 0 0 0 0 0 0 0 0 0 0 0 0 0 0 0 0 0 0 0 0 0 0 0 0 0 0 0 0 0
0 0 0 0 0 0 0 0 0 0 0 0 0 0 0 0 0 0 0 0 0 0 0 0 0 0 0 0 0 0 0 0 2 0 0 0 0 0 0 0 0 0 0 0 0 0 0 0 0 0 0 0 1 0 0 0 0 0 0 0 0 0 0 0 0 0 0 0 0 0 0 0 0 0 0 0 0 0 0 0 0 0 0 0 0 0 0 0 0 0 0 0 0 0 0 0 0 0 0 0 0 0 0 0 0 0 0 0 0 0 0 0 0 0 0 0 0 0 0 0 0 0 0 0 0 0 0 0 0 0 0 0 0 0 0 0 0 0 0 0 0 0 0 0 0 0 0 0 0 0
0 0 0 0 0 0 0 0 0 0 0 0 0 0 0 0 0 0 0 0 0 0 0 0 0 0 0 0 0 1 0 0 0 1 3 0 0 0 0 0 0 0 0 0 0 0 0 0 0 0 0 0 0 1 0 0 0 0 0 0 0 0 0 0 0 0 0 0 0 0 0 0 0 0 0 0 0 0 0 0 0 0 0 0 0 0 0 0 0 0 0 0 0 0 0 0 0 0 0 0 0 0 0 0 0 0 0 0 0 0 0 0 0 0 0 0 0 0 0 0 0 0 0 0 0 0 0 0 0 0 0 0 0 0 0 0 0 0 0 0 0 0 0 0 0 0 0 0 0 0
0 0 0 0 0 0 0 0 0 0 0 0 0 0 0 0 0 0 0 0 0 0 0 0 0 0 0 0 0 1 0 10 3 1 0 0 0 0 0 0 0 0 0 0 0 0 0 0 0 0 0 0 0 0 0 0 0 0 0 0 0 0 0 0 0 0 0 0 0 0 0 0 0 0 0 0 0 0 0 0 0 0 0 0 0 0 0 0 0 0 0 0 0 0 0 0 0 0 0 0 0 0 0 0 0 0 0 0 0 0 0 0 0 0 0 0 0 0 0 0 0 0 0 0 0 0 0 0 0 0 0 0 0 0 0 0 0 0 0 0 0 0 0 0 0 0 0 0 0 0
0 0 0 0 0 0 0 0 0 0 0 0 0 0 0 0 0 0 0 0 0 0 0 0 0 0 0 0 0 0 4 9 0 0 0 0 0 0 0 0 0 0 0 0 0 0 0 0 0 0 0 0 0 0 0 0 0 0 0 0 0 0 0 0 0 0 0 0 0 0 0 0 0 0 0 0 0 0 0 0 0 0 0 0 0 0 0 0 0 0 0 0 0 0 0 0 0 0 0 0 0 0 0 0 0 0 0 0 0 0 0 0 0 0 0 0 0 0 0 0 0 0 0 0 0 0 0 0 0 0 0 0 0 0 0 0 0 0 0 0 0 0 0 0 0 0 0 0 0 0
0 0 0 0 0 0 0 0 0 0 0 0 0 0 0 0 0 0 0 0 0 0 0 0 0 0 0 0 0 3 2 0 0 0 0 0 0 0 0 0 0 0 0 0 0 0 0 0 0 0 0 0 0 0 0 0 0 0 0 0 0 0 0 0 0 0 0 0 0 0 0 0 0 0 0 0 0 0 0 0 0 0 0 0 0 0 0 0 0 0 0 0 0 0 0 0 0 0 0 0 0 0 0 0 0 0 0 0 0 0 0 0 0 0 0 0 0 0 0 0 0 0 0 0 0 0 0 0 0 0 0 0 0 0 0 0 0 0 0 0 0 0 0 0 0 0 0 0 0 0
0 0 0 0 0 0 0 0 0 0 0 0 0 0 0 0 0 0 0 0 0 0 0 0 0 0 0 0 0 58 14 0 0 0 0 0 0 0 0 0 0 0 0 0 0 0 0 0 1 0 0 0 0 0 0 0 0 0 0 0 0 0 0 0 0 0 0 0 0 0 0 0 0 0 0 0 0 0 0 0 0 0 0 0 0 0 0 0 0 0 0 0 0 0 0 0 0 0 0 0 0 0 0 0 0 0 0 0 0 0 0 0 0 0 0 0 0 0 0 0 0 0 0 0 0 0 0 0 0 0 0 0 0 0 0 0 0 0 0 0 0 0 0 0 0 0 0 0 0 0
0 0 0 0 0 0 0 0 0 0 0 0 0 0 0 0 0 0 0 0 0 0 0 0 0 0 1 0 0 0 0 0 0 0 0 0 0 0 0 0 0 0 0 0 0 0 0 0 0 19 0 0 0 0 0 0 0 0 0 0 0 0 0 0 0 0 0 0 0 0 0 0 0 0 0 0 0 0 0 0 0 0 0 0 0 0 0 0 0 0 0 0 0 0 0 0 0 0 0 0 0 0 0 0 0 0 0 0 0 0 0 0 0 0 0 0 0 0 0 0 0 0 0 0 0 0 0 0 0 0 0 0 0 0 0 0 0 0 0 0 0 0 0 0 0 0 0 0 0 0
0 0 0 0 0 0 0 0 0 0 0 0 0 0 0 0 0 0 0 0 0 0 0 0 0 0 15 0 0 0 0 0 0 0 0 0 0 0 0 0 0 0 0 0 0 0 0 0 0 0 0 0 0 0 0 0 0 0 0 0 0 0 0 0 0 0 0 0 0 0 0 0 0 0 0 0 0 0 0 0 0 0 0 0 0 0 0 0 0 0 0 0 0 0 0 0 0 0 0 0 0 0 0 0 0 0 0 0 0 0 0 0 0 0 0 0 0 0 0 0 0 0 0 0 0 0 0 0 0 0 0 0 0 0 0 0 0 0 0 0 0 0 0 0 0 0 0 0 0 0
0 0 0 0 0 0 0 0 0 0 0 0 0 0 0 0 0 0 0 0 0 0 0 0 0 0 0 1 2 0 0 0 0 0 0 0 0 0 0 0 0 0 0 0 0 0 0 0 0 0 0 0 0 0 0 0 0 0 0 0 0 0 0 0 0 0 0 0 0 0 0 0 0 0 0 0 0 0 0 0 0 0 0 0 0 0 0 0 0 0 0 0 0 0 0 0 0 0 0 0 0 0 0 0 0 0 0 0 0 0 0 0 0 0 0 0 0 0 0 0 0 0 0 0 0 0 0 0 0 0 0 0 0 0 0 0 0 0 0 0 0 0 0 0 0 0 0 0 0 4
0 0 0 0 0 0 0 0 0 0 0 0 0 0 0 0 0 0 0 0 0 0 0 0 0 0 0 0 0 0 0 0 0 0 0 0 0 0 0 0 0 0 0 0 0 0 0 0 0 0 0 0 0 0 0 0 0 0 0 0 0 0 0 0 0 0 0 0 0 0 0 0 0 0 0 0 0 0 0 0 0 0 0 0 0 0 0 0 0 0 0 0 0 0 0 0 0 0 0 0 0 0 0 0 0 0 0 0 0 0 0 0 0 0 0 0 0 0 0 0 0 0 0 0 0 0 0 0 0 0 0 0 0 0 0 0 0 0 0 0 0 0 0 0 0 0 0 0 0 0
0 0 0 0 0 0 0 0 0 0 0 0 0 0 0 0 0 0 0 0 0 0 0 0 0 0 0 0 0 0 0 0 0 0 0 0 0 0 0 0 0 0 0 0 0 0 0 0 0 0 0 0 0 0 0 0 0 0 0 0 0 0 0 0 0 0 0 0 0 0 0 0 0 0 0 0 0 0 0 0 0 0 0 0 0 0 0 0 0 0 0 0 0 0 0 0 0 0 0 0 0 0 0 0 0 0 0 0 0 0 0 0 0 0 0 0 0 0 0 0 0 0 0 0 0 0 0 0 0 0 0 0 0 0 0 0 0 0 0 0 0 0 0 0 0 0 0 0 0 0
0 0 0 0 0 0 0 0 0 0 0 0 0 0 0 0 0 0 0 0 0 0 0 0 0 0 0 0 0 0 0 0 0 0 0 0 0 0 0 0 0 0 0 0 0 0 0 0 0 0 0 0 0 0 0 0 0 0 0 0 0 0 0 0 0 0 0 0 0 0 0 0 0 0 0 0 0 0 0 0 0 0 0 0 0 0 0 0 0 0 0 0 0 0 0 0 0 0 0 0 0 0 0 0 0 0 0 0 0 0 0 0 0 0 0 0 0 0 0 0 0 0 0 0 0 0 0 0 0 0 0 0 0 0 0 0 0 0 0 0 0 0 0 0 0 0 0 0 0 0
0 0 0 0 0 0 0 0 0 0 0 0 0 0 0 0 0 0 0 0 0 0 0 0 0 0 0 0 0 0 0 0 0 0 0 0 0 0 0 0 0 0 0 0 0 0 0 0 0 0 0 0 0 0 0 0 0 0 0 0 0 0 0 0 0 0 0 0 0 0 0 0 0 0 0 0 0 0 0 0 0 0 0 0 0 0 0 0 0 0 0 0 0 0 0 0 0 0 0 0 0 0 0 0 0 0 0 0 0 0 0 0 0 0 0 0 0 0 0 0 0 0 0 0 0 0 0 0 0 0 0 0 0 0 0 0 0 0 0 0 0 0 0 0 0 0 0 0 0 0
0 0 0 0 0 0 0 0 0 0 0 0 0 0 0 0 0 0 0 0 0 0 0 0 0 0 0 0 0 0 0 0 0 0 0 0 0 0 0 0 0 0 0 0 0 0 0 0 0 0 0 0 0 0 0 0 0 0 0 0 0 0 0 0 0 0 0 0 0 0 0 0 0 0 0 0 0 0 0 0 0 0 0 0 0 0 0 0 0 0 0 0 0 0 0 0 0 0 0 0 0 0 0 0 0 0 0 0 0 0 0 0 0 0 0 0 0 0 0 0 0 0 0 0 0 0 0 0 0 0 0 0 0 0 0 0 0 0 0 0 0 0 0 0 0 0 0 0 0 0
