0 0 40 3 0 0 6 0 10 99 21 8 0 7 0 0 0 0 5 0 1 17 0 0 0 17 0 1 0 0 0 0 4 1 11 3 0 0 2 3 0 0 0 5 3 0 0 0 0 0 0 0 0 0 0 2 0 0 2 12 41 18 2 6 0 1 0 0 0 0 0 3 9 132 184 399 141 26 63 8 29 186 38 87 94 267 206 194 33 233 1130 726 63 622 483 823 954 651 773 148 215 86 26 15 24 28 58 572 220 34 32 7 25 82 94 36 31 4 4 7 28 73 27 23 2 3 0 6 16 9 1 16 2 5 7 0 0 1 0 0 1 0 0 0 0 0 0 0 0 11
0 4 8 14 1 0 0 0 0 17 8 16 2 2 0 0 0 1 12 0 0 2 29 0 19 19 0 2 0 0 0 0 0 0 1 6 2 3 7 3 0 0 0 0 0 0 0 0 0 0 0 0 0 1 8 0 0 0 0 28 117 16 22 28 3 0 0 2 0 1 0 0 48 50 17 2 68 80 13 13 116 28 5 3 106 309 307 141 363 250 73 18 305 402 203 236 441 614 1068 560 216 106 35 28 9 4 1 44 27 72 8 39 3 17 61 17 3 2 2 16 1 3 18 14 2 3 2 12 8 28 21 5 94 59 0 0 0 0 0 101 4 0 0 0 0 0 0 0 0 0
2 0 0 3 2 0 0 0 1 16 3 2 17 0 0 0 0 1 2 1 0 4 65 20 10 0 14 5 0 0 0 0 0 2 0 6 2 4 0 24 2 0 0 3 0 0 0 0 0 0 0 0 0 0 10 0 0 1 0 8 12 24 3 3 0 0 0 0 0 0 0 2 3 0 0 1 0 37 64 182 65 42 4 16 48 163 574 216 12 6 94 32 109 432 548 755 154 426 283 358 508 344 12 53 25 19 14 33 251 135 16 4 8 4 1 11 12 32 12 38 93 18 6 7 3 10 3 3 0 36 4 14 102 117 1 0 1 0 23 131 3 2 0 0 0 0 0 0 0 0
20 9 0 0 0 0 0 0 0 9 3 0 0 0 0 3 0 0 1 0 0 2 29 11 41 0 1 16 16 0 1 0 0 3 0 0 0 0 0 4 1 0 0 0 0 0 0 0 0 0 4 0 1 0 94 21 1 27 44 2 0 2 23 4 0 0 0 0 0 2 4 69 11 1 0 11 24 51 320 205 152 78 108 313 248 7 47 175 1 214 838 846 1764 704 888 484 145 241 636 391 487 507 205 38 19 97 7 31 327 52 44 12 40 21 0 8 21 52 70 16 27 67 28 11 5 10 0 4 25 2 5 23 14 0 5 0 22 0 0 20 49 9 0 0 0 0 0 0 0 0
1 9 2 0 0 0 0 0 1 0 0 0 0 0 0 18 9 2 3 3 0 2 1 0 1 2 1 2 0 1 0 0 0 1 0 23 8 0 0 0 1 0 0 0 0 0 0 0 0 22 0 0 0 2 45 147 39 34 4 0 2 3 0 10 0 0 0 0 0 13 116 43 96 106 21 65 47 135 259 178 254 191 245 271 278 115 61 47 15 402 1479 609 585 909 506 252 64 724 286 792 750 808 693 735 653 103 80 36 10 11 10 33 35 39 9 1 1 16 90 45 257 836 213 27 8 11 1 0 6 11 1 1 0 0 0 0 0 0 0 0 35 3 0 0 0 0 0 5 1 0
11 3 0 0 0 0 0 0 4 1 4 0 0 0 0 2 0 5 12 85 0 3 0 0 0 0 0 0 0 8 1 0 0 0 13 77 43 5 0 0 0 0 0 0 0 0 0 0 0 19 31 15 0 1 2 40 27 21 10 0 0 0 2 2 0 0 0 0 1 34 75 114 157 81 90 35 40 25 40 274 536 574 405 48 0 187 55 17 2 268 1670 659 69 340 1166 466 122 1977 330 515 443 438 1112 422 29 141 53 80 6 3 0 24 68 20 8 16 14 3 0 19 83 140 2 3 6 11 1 2 6 0 0 0 0 0 0 0 1 0 3 0 0 1 0 0 0 0 0 0 0 0
0 0 0 4 0 0 0 0 0 8 5 0 0 2 3 0 0 0 0 0 0 0 13 0 0 0 0 0 0 1 2 1 1 1 3 7 3 6 1 0 0 0 0 0 0 0 0 0 0 3 0 7 2 9 0 43 10 0 45 49 7 1 0 0 4 2 0 0 6 53 46 62 218 403 319 94 389 167 333 484 884 922 1183 404 142 27 4 250 67 104 1417 1115 64 567 983 483 326 527 729 71 19 312 166 133 13 25 71 13 9 5 34 109 192 29 21 17 1 6 26 30 75 118 7 3 1 2 12 5 0 0 0 0 0 0 0 0 0 11 0 0 0 0 0 0 0 0 0 0 0 0
1 0 0 0 0 0 0 0 5 0 5 0 0 0 0 0 0 0 0 0 0 0 0 0 0 0 0 0 0 6 9 0 0 0 5 8 1 0 21 4 0 0 0 0 0 0 0 0 0 0 0 1 2 18 3 31 3 18 74 58 43 22 36 0 14 25 0 0 6 60 6 7 19 48 55 26 98 179 568 827 1053 667 898 260 177 185 361 840 244 98 482 105 49 494 451 302 257 798 636 321 189 456 350 462 215 140 33 60 71 20 325 427 39 52 23 46 4 4 6 10 20 6 7 5 4 1 35 4 5 0 0 0 0 0 0 0 0 0 0 0 0 0 0 0 0 0 0 0 0 0
5 0 0 0 0 0 0 0 4 22 0 2 1 10 8 0 0 0 0 0 0 0 0 0 0 0 0 0 0 0 5 0 0 0 5 1 0 3 0 0 0 0 0 0 0 0 0 0 0 0 0 0 1 7 0 0 4 7 23 39 324 158 25 6 7 12 3 4 1 28 0 0 1 1 3 16 11 44 40 601 734 1078 625 28 6 16 372 254 312 46 6 4 334 1039 1389 1467 73 515 277 124 260 87 47 328 625 127 207 223 96 165 908 143 190 7 24 15 3 4 6 6 14 7 20 13 4 5 3 6 0 0 2 0 0 0 0 0 0 0 0 0 0 0 0 0 0 0 0 0 0 0
0 0 0 0 0 0 2 1 12 6 0 0 0 0 1 0 0 0 0 0 0 0 0 0 0 0 0 0 0 0 0 0 0 0 0 0 0 0 5 1 2 0 0 0 0 0 0 4 6 5 4 0 14 5 0 0 0 0 2 9 65 148 23 13 14 4 2 2 0 5 0 0 0 0 0 27 28 21 279 653 1029 706 677 303 1157 906 277 79 161 169 61 5 16 608 1175 1576 663 78 96 18 57 92 17 5 99 310 249 210 58 32 451 489 304 20 5 227 293 537 172 27 21 11 30 42 39 25 14 1 3 29 68 15 0 0 1 0 0 0 0 0 0 0 0 0 0 0 0 0 0 0
0 0 11 0 0 0 3 1 6 3 0 7 0 0 6 10 0 2 0 0 0 0 0 0 0 0 0 0 0 0 0 1 0 0 4 2 0 0 1 1 1 5 0 2 0 0 2 12 64 18 13 2 5 6 1 0 0 9 10 18 2 141 6 6 1 1 2 0 3 8 0 0 0 0 0 0 4 12 61 313 417 252 480 215 245 349 226 325 431 297 26 1 1 212 439 816 956 45 16 88 15 8 4 20 91 280 823 358 189 109 369 142 138 19 3 125 340 592 283 233 291 215 255 131 100 402 105 101 41 32 1 84 17 24 10 2 0 0 0 0 0 0 0 0 0 0 0 0 0 0
0 0 5 0 0 0 0 0 9 1 0 0 0 0 0 0 7 17 1 0 5 0 0 0 0 0 0 0 0 0 0 0 1 7 2 1 0 3 0 0 2 22 11 3 5 0 0 10 0 0 0 0 5 1 10 0 2 3 2 3 0 1 0 1 0 0 4 0 1 0 2 1 0 0 0 0 30 4 90 211 569 147 15 63 138 99 22 29 99 515 44 0 3 4 8 111 999 491 290 10 0 4 15 50 18 56 376 228 15 43 250 123 70 120 20 203 781 174 586 868 367 357 217 107 116 259 1 0 0 50 2 0 90 32 31 1 1 0 0 0 0 0 0 0 0 0 0 0 0 0
3 0 1 0 0 0 0 2 5 0 0 0 0 0 0 0 0 11 3 6 6 2 1 0 0 0 0 0 0 0 0 0 1 0 0 1 3 0 0 0 0 7 49 1 20 0 0 21 0 0 0 0 9 0 4 0 0 0 1 0 0 1 0 0 0 0 0 0 0 1 11 0 0 0 0 19 143 68 139 50 150 290 19 0 11 3 11 0 0 4 0 0 2 53 86 25 756 378 660 461 11 1 40 8 13 3 12 128 335 262 1087 650 86 843 315 13 14 120 995 1038 159 287 152 2 66 113 1 0 41 24 0 0 32 23 7 0 1 2 2 0 1 1 1 2 0 0 0 0 0 0
0 0 1 0 0 0 1 2 0 0 0 0 0 0 0 0 0 0 85 10 6 11 1 0 0 0 0 0 0 1 4 2 0 0 0 0 0 0 0 0 0 0 0 80 37 0 0 0 5 0 0 28 3 0 0 0 0 0 2 0 22 6 3 2 0 0 66 16 9 25 54 0 0 3 0 288 706 456 120 10 60 380 43 5 25 162 7 4 0 17 4 2 0 64 12 18 126 530 156 244 0 5 298 124 358 163 101 382 226 614 1288 1412 612 274 347 295 172 225 664 615 134 60 0 2 2 14 22 0 12 1 0 0 0 3 0 0 0 0 0 0 0 0 0 0 0 1 0 0 0 0
0 0 0 0 0 0 0 3 7 0 0 0 0 0 0 0 0 0 2 4 10 0 0 0 0 1 0 0 0 0 1 0 0 0 0 0 0 0 0 0 0 0 0 20 26 0 0 0 0 9 17 16 0 0 3 1 0 6 3 17 77 22 5 19 3 11 141 85 139 154 52 4 5 1 50 575 828 1090 392 14 8 254 25 0 1 9 7 16 0 27 6 11 2 1 0 0 46 313 217 302 11 61 611 599 1643 1218 1452 984 1479 783 795 558 480 612 400 174 172 84 77 91 158 87 26 16 0 26 38 4 12 25 1 0 0 0 1 0 0 0 0 0 0 0 0 0 0 0 0 0 0 0
0 0 0 0 0 0 0 33 27 2 1 0 0 0 0 0 0 0 0 1 0 8 28 1 0 0 0 0 0 3 0 0 0 0 0 0 0 0 0 0 0 0 0 2 1 20 0 0 0 20 67 127 2 2 0 15 27 54 7 71 25 14 1 35 42 40 99 76 66 152 232 52 102 164 632 937 1496 912 101 2 0 3 0 0 0 0 22 33 8 47 0 9 0 0 7 31 45 27 25 23 10 9 1126 727 690 598 781 258 715 893 1067 520 582 297 245 155 66 172 81 66 12 6 159 366 54 71 4 0 5 4 0 0 0 0 14 1 0 0 0 0 0 0 0 0 0 0 0 0 0 0
0 0 0 0 0 0 1 0 0 0 0 0 2 0 0 0 3 5 1 0 3 0 11 21 24 18 2 0 0 0 0 0 0 0 0 0 0 0 0 1 3 0 1 0 0 14 2 6 1 24 28 5 2 36 6 34 58 125 88 34 6 2 2 1 1 10 1 0 0 0 0 7 74 38 246 327 509 352 108 2 0 0 8 0 0 0 0 27 58 13 4 0 2 0 2 16 51 0 15 81 12 235 875 736 468 214 386 297 394 708 878 334 611 327 272 90 37 83 136 9 0 2 26 44 34 310 1 7 0 0 0 0 0 0 0 0 0 0 0 0 0 0 0 0 0 0 0 0 1 0
0 0 11 0 0 1 0 0 1 0 0 2 1 0 1 1 0 2 1 4 0 7 0 0 8 0 8 17 1 3 0 0 0 0 0 0 4 0 0 3 0 0 2 0 0 17 43 7 4 16 43 35 9 39 33 28 54 66 394 41 5 3 0 0 0 2 27 50 6 25 70 6 96 9 29 74 31 127 9 4 1 0 3 1 0 0 0 11 108 0 0 19 59 60 9 0 4 0 35 538 151 126 117 137 102 447 145 161 425 341 121 66 58 180 68 11 98 136 11 4 0 9 11 6 113 562 209 9 3 6 0 0 0 0 0 0 0 0 0 0 0 0 0 0 0 0 0 0 0 0
0 0 0 2 2 7 0 1 0 0 0 0 8 1 0 0 2 0 0 2 2 2 8 17 0 4 44 104 15 0 0 0 0 0 0 9 5 0 0 0 0 0 0 3 29 46 13 2 17 337 68 23 7 22 3 31 129 102 64 34 46 45 1 1 0 0 2 2 4 6 13 8 26 16 3 57 60 39 4 8 9 0 7 21 0 12 8 18 1 1 1 38 71 245 23 1 0 29 210 27 109 231 55 9 90 120 127 345 361 0 0 53 15 447 20 0 5 0 0 0 0 0 6 8 68 173 208 298 8 3 0 0 0 0 0 0 0 0 0 0 0 0 0 0 0 0 0 0 0 0
0 0 0 0 0 0 0 0 0 0 0 1 0 2 0 0 0 0 1 10 0 9 34 2 6 4 5 19 150 1 0 1 3 1 1 0 0 0 0 0 0 7 5 26 5 83 60 21 0 97 55 10 2 6 51 3 23 56 10 0 2 4 2 1 0 6 0 0 14 46 42 36 2 0 1 27 12 0 3 0 11 0 0 0 0 34 12 2 8 3 6 11 9 1 1 20 0 4 15 0 927 1076 566 150 117 99 140 308 136 0 0 0 6 181 55 0 0 0 0 0 0 0 2 3 12 3 13 122 13 0 0 0 0 0 0 0 0 0 0 0 0 0 0 0 0 0 0 0 0 0
0 0 0 0 0 0 0 0 0 0 0 0 0 1 0 0 0 1 1 1 1 8 8 6 0 19 4 0 0 3 0 20 11 0 0 0 0 0 0 1 9 13 11 14 3 6 15 28 64 210 245 68 20 50 25 16 23 3 10 0 0 2 9 13 153 85 4 0 3 7 56 29 1 0 6 67 279 86 1 22 10 3 0 4 0 0 2 7 26 1 10 0 0 0 0 0 1 0 359 443 1526 1001 457 134 4 59 91 80 0 0 0 0 0 25 0 0 0 0 0 0 0 0 11 4 0 0 18 38 0 5 0 0 0 0 0 0 0 0 0 0 0 0 0 0 0 0 0 0 0 0
0 0 0 0 0 0 0 0 0 0 0 0 0 3 6 6 0 0 0 0 0 1 10 2 1 19 4 0 0 0 30 54 19 6 0 0 0 10 0 0 32 16 0 0 4 0 1 18 324 876 309 296 21 4 0 3 2 3 0 0 2 7 0 0 14 7 12 1 2 56 21 13 13 0 0 7 95 58 37 51 28 10 3 19 21 2 2 17 232 59 6 5 1 8 2 18 7 0 85 347 228 77 40 5 11 7 102 58 5 0 0 0 6 40 0 0 0 0 0 0 0 0 0 0 0 27 34 0 0 6 4 0 0 0 0 0 0 0 0 0 0 0 0 0 0 0 0 0 0 0
0 0 0 0 0 0 0 0 0 0 0 0 0 0 0 0 0 0 0 0 0 1 3 1 1 1 0 0 0 0 1 4 30 8 3 0 14 133 4 6 0 0 0 0 0 0 17 19 29 393 320 131 13 0 0 0 0 15 6 2 2 0 0 0 19 3 20 1 0 7 13 25 15 3 0 0 2 1 25 21 7 20 14 0 0 11 5 0 0 1 0 5 1 1 0 1 13 0 0 0 32 0 12 40 55 61 43 56 71 119 79 15 46 0 0 0 0 0 0 0 0 0 0 7 20 69 77 1 0 0 0 0 0 0 0 0 0 0 0 0 0 0 0 0 0 0 0 0 0 0
0 0 1 0 0 0 0 0 0 0 0 0 0 3 1 3 0 5 0 9 4 1 1 1 0 0 0 0 0 0 0 8 12 4 0 2 4 14 1 0 0 0 0 0 8 108 16 44 19 138 127 34 5 4 4 3 11 14 1 0 0 0 0 0 0 2 0 1 0 0 0 0 135 56 4 20 0 0 0 2 0 1 79 184 10 0 1 1 0 0 0 0 1 6 2 0 0 0 4 5 2 2 2 158 63 45 13 0 6 32 3 396 17 0 0 0 0 0 0 0 0 0 3 18 121 6 26 76 0 0 0 0 0 0 0 0 0 0 0 0 0 0 0 0 0 0 0 0 0 1
0 0 0 0 0 0 0 0 0 0 0 0 0 5 0 0 0 0 0 0 2 0 2 0 0 0 1 0 0 0 0 2 1 4 19 0 0 44 0 0 0 0 0 54 23 29 50 0 4 11 52 47 16 16 8 1 1 5 0 2 0 0 0 0 2 0 0 8 17 15 0 2 15 5 41 6 0 0 0 0 0 3 12 53 7 1 2 0 0 2 2 2 0 0 2 3 12 0 0 7 8 7 3 15 544 0 0 1 0 0 0 2 1 0 0 0 4 0 0 0 0 0 0 0 0 22 46 13 0 0 22 0 0 0 0 0 0 0 0 0 0 0 0 0 0 0 0 0 0 0
0 0 0 0 0 0 0 0 0 0 0 0 0 0 15 0 1 2 3 0 0 2 5 2 0 0 0 0 0 0 0 0 4 22 21 1 0 15 0 0 0 0 0 2 90 12 2 0 7 3 44 1 0 0 0 0 1 0 0 0 3 0 0 0 14 18 0 0 2 8 3 33 0 10 3 1 3 0 0 0 0 0 0 3 0 19 6 12 0 4 0 0 0 1 15 0 0 4 2 3 13 6 10 148 277 230 0 2 0 0 1 2 3 0 8 1 0 0 0 10 0 0 0 0 0 28 12 44 0 0 0 0 0 0 0 0 10 37 0 0 0 0 0 0 0 0 0 0 0 0
0 0 0 0 0 0 0 0 0 0 0 0 0 0 9 0 1 6 2 0 1 6 1 5 0 0 0 7 4 1 0 0 1 6 12 1 0 1 3 2 7 3 1 14 44 4 7 0 1 2 17 15 1 0 1 0 0 2 0 0 0 0 0 0 4 0 0 2 0 1 8 11 0 1 1 0 7 0 0 0 0 0 14 3 2 0 11 9 3 2 4 2 0 0 0 10 1 0 0 1 50 13 1 2 34 343 40 1 0 0 0 0 0 13 6 10 0 0 2 0 0 0 0 0 4 162 7 4 1 2 0 0 0 0 0 0 0 21 0 0 0 0 0 0 0 0 0 0 0 0
0 0 0 0 0 0 0 0 0 0 0 0 0 48 5 14 8 24 7 1 0 21 9 2 0 0 0 1 2 0 3 0 0 14 1 0 0 11 10 6 21 57 12 133 115 3 4 0 5 2 3 40 38 0 2 3 0 0 0 0 0 0 0 0 1 0 0 0 6 22 76 27 5 2 0 1 0 6 1 0 0 0 0 0 0 0 0 2 17 1 8 0 3 0 1 0 0 0 0 0 0 25 23 3 14 995 740 33 1 0 0 0 0 0 0 0 4 164 61 1 0 0 0 22 122 26 92 149 127 13 0 0 0 0 0 3 3 1 0 0 0 0 0 0 0 0 0 0 0 0
0 0 0 0 0 0 0 2 0 1 2 0 12 2 5 8 15 74 2 7 2 4 3 5 0 0 0 3 6 8 1 6 16 2 6 14 7 18 52 221 227 567 280 240 83 3 0 2 1 1 0 12 40 18 2 0 0 0 0 0 0 0 0 0 0 0 0 0 0 4 7 42 9 0 5 89 0 6 0 0 0 2 2 0 6 0 0 0 11 6 6 3 3 3 2 47 14 0 0 0 2 48 27 15 223 398 196 434 7 0 0 0 0 1 0 0 151 61 16 0 0 0 13 153 200 190 835 473 18 8 0 0 0 16 3 8 0 0 0 0 0 0 0 0 0 0 0 0 0 0
0 0 0 0 0 0 0 1 5 6 24 39 30 0 0 1 1 11 0 0 4 3 10 27 4 0 1 0 0 2 1 0 2 9 43 17 2 1 70 270 584 965 669 578 35 2 2 3 2 0 6 3 71 106 4 11 0 0 0 0 1 1 0 0 0 0 0 0 0 0 0 0 0 0 0 0 0 2 15 0 0 0 5 0 7 0 0 0 2 4 0 4 9 23 2 7 0 0 0 0 0 1 20 11 11 78 2 95 19 0 0 0 1 0 69 39 575 329 29 111 7 22 1 66 101 38 366 488 355 223 23 30 29 110 1 9 0 0 0 0 0 0 0 0 0 0 0 0 0 0
0 0 0 0 0 0 2 3 1 6 5 1 5 0 8 2 0 0 6 4 0 7 104 26 0 0 0 1 1 0 3 4 3 0 6 10 41 29 45 95 521 355 471 244 38 9 9 2 4 8 1 4 6 13 4 0 0 0 0 0 0 0 0 0 0 0 0 0 0 0 1 1 0 0 0 1 4 3 1 0 0 19 10 0 29 0 0 0 19 21 9 0 4 15 0 0 4 1 4 0 2 1 3 13 8 8 0 1 25 1 12 0 2 0 34 878 638 395 171 115 111 70 55 4 0 11 316 363 4 86 16 234 551 50 16 4 0 0 0 0 0 0 0 0 0 0 0 0 0 0
0 0 0 0 0 0 0 1 1 3 7 9 2 0 0 1 0 2 6 10 238 70 9 2 0 0 0 1 2 21 0 0 6 28 24 5 0 6 0 116 429 317 322 210 53 19 10 0 0 3 1 0 5 2 2 1 0 0 0 0 0 0 0 0 0 0 0 0 0 0 0 0 0 0 0 0 0 16 8 0 7 202 95 126 36 1 0 0 1 0 1 0 2 1 0 0 21 2 0 1 3 0 0 0 1 1 1 3 199 215 249 469 95 61 489 835 476 224 69 491 76 143 5 1 81 221 88 107 1 0 78 271 274 35 38 0 0 0 0 0 0 0 0 0 0 0 0 0 0 0
0 0 0 0 0 0 1 2 0 1 3 7 6 20 1 5 2 5 5 12 87 0 0 0 0 0 0 0 0 8 7 10 8 2 19 11 1 5 6 14 30 105 21 9 2 0 0 0 0 2 2 4 55 3 0 4 0 3 1 0 0 0 0 0 0 0 0 0 0 0 0 0 0 0 0 5 3 93 7 0 0 7 12 12 0 0 0 0 3 0 7 0 0 13 22 9 1 0 0 0 13 1 7 0 0 3 4 17 193 102 164 60 70 265 1117 520 274 346 75 423 113 9 0 40 11 148 133 0 0 0 55 307 0 0 1 0 0 0 0 0 0 0 0 0 0 0 0 0 0 0
0 0 0 0 0 7 16 3 19 1 3 0 0 2 9 3 4 1 14 38 26 0 0 0 0 0 0 1 5 5 55 3 6 1 3 0 3 6 8 1 27 16 4 1 3 0 0 0 0 1 0 14 199 8 27 16 15 1 0 0 0 0 0 0 0 0 0 0 0 0 0 0 0 0 0 0 0 4 8 2 0 0 3 0 1 0 0 0 3 0 0 0 3 12 4 0 3 12 0 0 41 0 0 1 0 0 26 64 33 6 3 27 243 128 177 640 104 246 73 107 304 1 0 0 0 0 0 0 0 0 2 83 6 0 0 0 0 0 0 0 0 0 0 0 0 0 0 0 0 0
0 0 2 0 7 3 9 4 2 5 1 0 3 7 22 11 24 5 2 0 2 7 1 0 0 2 2 37 11 6 42 34 10 0 1 6 0 7 2 25 17 9 3 2 4 0 3 0 0 0 3 48 169 64 2 28 7 2 0 0 0 0 0 0 0 0 0 0 0 0 0 0 0 0 0 0 12 3 2 1 1 1 0 0 0 0 0 0 8 1 26 3 9 82 0 7 1 3 1 4 1 0 0 0 0 0 4 66 519 20 0 0 3 0 1 9 5 33 398 580 59 0 0 0 0 0 0 0 0 0 0 0 43 1 0 0 0 0 0 0 0 0 0 0 0 0 0 0 0 0
1 1 1 2 20 0 5 34 9 5 6 5 11 1 0 125 52 5 3 13 1 0 4 1 3 0 0 12 1 5 5 3 5 1 1 1 2 0 2 1 4 0 3 5 0 0 0 1 0 0 0 37 4 11 13 11 0 0 0 0 0 0 0 0 0 0 0 0 0 0 0 0 0 0 0 1 5 25 1 0 0 0 0 0 0 0 0 0 9 1 9 0 1 14 1 0 0 1 21 1 0 2 3 0 0 21 54 32 139 0 0 0 0 0 2 0 0 1 97 198 355 173 0 0 3 61 0 0 0 70 85 20 36 9 0 0 0 0 0 0 0 0 0 0 0 0 0 0 0 0
1 1 0 0 0 4 4 0 0 1 17 6 2 2 16 52 29 15 7 1 1 1 8 9 3 8 1 1 4 12 3 0 1 6 2 0 0 0 0 6 2 17 19 0 0 3 0 1 1 0 3 47 18 23 8 6 1 0 1 0 0 0 0 0 0 0 0 0 0 0 0 0 0 0 0 0 2 28 102 3 0 5 0 0 0 0 7 97 25 0 4 1 3 1 0 2 0 0 1 15 23 9 6 3 5 24 28 10 51 2 0 0 0 10 18 47 154 553 97 205 611 148 5 4 357 79 0 0 0 140 157 0 0 0 0 0 0 0 0 0 0 0 0 0 0 0 0 0 0 0
0 3 6 1 0 0 14 2 3 6 12 73 11 20 0 2 5 15 3 0 2 0 2 16 3 1 1 3 21 1 0 0 1 0 0 0 0 1 3 0 0 13 34 5 0 2 3 3 0 0 1 89 20 2 2 1 0 0 0 0 0 0 0 0 0 0 0 0 0 0 0 0 0 0 0 2 0 31 19 5 0 1 0 0 0 0 0 14 1 1 2 0 4 1 9 0 0 0 0 0 1 1 2 13 21 0 10 31 21 16 0 0 0 0 106 625 814 550 77 97 79 114 114 278 193 0 0 2 7 537 152 0 0 0 0 0 0 0 0 0 0 0 0 0 0 0 0 0 0 0
0 0 1 0 0 0 2 1 1 3 23 32 0 1 0 0 0 0 1 12 1 0 1 1 2 2 4 3 6 0 0 0 0 4 0 0 0 3 21 1 0 1 0 0 2 2 0 0 0 0 4 63 0 11 3 0 4 0 1 1 0 0 0 0 0 0 0 0 0 0 0 0 0 0 0 0 3 11 78 13 20 19 11 1 0 2 2 0 0 0 0 0 0 7 0 0 0 0 0 7 0 4 4 6 6 4 7 17 17 0 0 0 33 16 41 14 4 43 433 309 18 281 419 495 415 147 98 172 637 1362 710 11 0 0 0 0 0 0 0 0 0 0 0 0 0 0 0 0 0 0
0 0 1 0 0 2 2 1 0 18 17 7 0 3 3 5 5 2 0 0 0 0 0 0 0 6 14 0 0 0 3 10 10 0 0 0 0 0 0 6 3 1 2 4 0 1 6 1 0 7 15 315 36 7 0 8 1 1 1 0 0 0 0 0 0 0 0 0 0 0 0 0 0 0 0 0 0 25 50 1 2 46 18 0 0 0 0 0 7 0 0 7 0 9 4 43 9 0 0 0 7 0 0 12 8 8 8 0 95 43 1 13 25 10 2 6 4 211 383 582 529 849 945 653 1194 830 542 475 698 696 451 3 0 0 0 0 0 0 0 0 0 0 0 0 0 0 0 0 0 0
0 0 0 0 0 1 0 0 9 11 2 0 2 2 6 20 2 2 1 0 0 0 0 0 5 4 10 1 1 0 0 6 1 0 2 1 3 0 3 1 1 0 2 0 0 0 0 0 4 41 600 658 16 72 16 2 2 0 6 1 0 2 0 0 0 0 0 0 0 0 0 0 0 0 0 1 5 0 4 0 0 1 1 0 0 0 0 0 6 1 0 0 8 0 0 2 0 0 1 1 13 9 4 1 33 32 21 56 2 10 3 2 4 12 10 15 6 74 416 1690 1727 794 408 1238 1615 635 129 635 494 13 227 55 0 0 0 0 0 0 0 0 0 0 0 0 0 0 0 0 0 0
0 4 0 2 0 1 1 2 13 6 2 4 2 12 7 1 3 3 0 0 0 0 0 1 8 2 0 1 0 0 0 39 26 0 0 1 0 0 3 3 0 0 0 6 0 0 1 0 2 32 697 676 602 795 45 5 6 0 9 3 1 0 0 0 0 0 0 0 0 0 0 0 0 0 0 0 0 0 0 16 1 0 0 0 0 0 0 16 96 0 0 77 22 0 0 0 0 0 0 6 4 1 13 9 6 165 407 19 3 0 0 11 1 11 4 7 20 13 99 651 432 655 292 2731 1535 427 303 190 5 556 714 690 0 0 0 0 0 0 0 0 0 0 0 0 0 0 0 0 0 0
1 0 5 9 0 3 21 8 17 5 11 65 7 1 0 0 0 0 0 0 0 1 0 0 0 0 2 0 0 0 0 16 15 4 0 2 1 3 0 0 0 0 0 0 0 2 0 0 32 4 322 438 527 383 94 101 1 1 2 0 3 0 0 0 0 0 0 0 0 0 0 0 0 0 0 0 0 0 0 21 0 6 3 0 0 0 0 17 57 0 17 50 77 0 0 0 0 0 0 7 5 48 10 47 10 10 0 3 0 0 0 0 5 2 0 13 6 11 26 91 225 228 310 734 958 744 372 418 262 568 304 211 1 0 0 0 0 0 0 0 0 0 0 0 0 0 0 0 0 0
9 1 0 0 3 4 26 13 3 2 5 0 1 0 0 0 0 0 0 0 0 0 1 0 1 0 0 3 0 1 8 0 0 1 0 1 0 0 0 0 0 0 0 0 0 3 3 0 3 3 48 130 235 14 15 21 2 3 3 8 1 1 0 0 0 1 0 0 0 0 0 0 0 0 0 0 0 1 0 0 1 0 0 0 0 0 22 49 12 2 5 194 123 26 4 0 0 0 0 23 9 3 35 229 36 0 0 3 35 3 0 0 0 14 6 3 5 28 16 26 130 641 451 332 256 601 758 1339 268 153 45 82 0 0 0 0 0 0 0 0 0 0 0 0 0 0 0 0 0 0
16 2 26 0 3 0 58 93 16 14 3 7 0 1 0 0 0 0 0 1 0 0 0 0 0 0 0 0 1 0 0 0 0 0 0 0 0 0 0 0 0 0 0 0 0 1 0 1 4 5 1 11 125 16 11 0 0 30 59 1 0 6 6 0 0 0 0 0 0 0 0 0 0 0 0 0 0 0 0 0 0 4 16 32 5 63 1 0 13 85 101 204 141 4 3 0 0 1 23 30 38 315 203 643 346 21 17 5 12 8 0 0 0 0 8 28 7 70 27 388 326 641 2348 1516 628 203 1802 2032 1422 0 0 0 0 0 0 0 0 0 0 0 0 0 0 0 0 0 0 0 0 0
1 9 13 0 10 13 5 43 15 7 0 0 5 1 0 0 0 0 0 0 0 0 1 0 0 0 1 0 2 0 0 0 3 1 0 1 0 0 0 0 0 2 0 0 0 0 0 0 2 13 0 6 72 1 6 1 0 7 103 16 2 1 0 0 0 0 0 0 0 0 0 0 0 0 0 0 0 0 0 0 0 3 3 4 1 7 4 2 3 25 129 75 108 54 36 20 1 1 0 10 124 258 478 235 198 24 0 3 1 5 9 0 0 0 5 0 8 489 293 622 571 11 13 136 246 615 269 707 368 2 378 3 0 0 0 0 0 0 0 0 0 0 0 0 0 0 0 0 0 0
10 8 128 2 30 96 38 2 0 6 1 1 4 1 0 3 0 0 0 2 0 0 0 0 0 0 0 0 0 0 0 0 0 0 0 0 0 0 0 0 2 1 1 0 0 0 0 0 1 0 0 12 42 0 1 1 1 0 1 26 5 0 3 0 0 0 0 0 0 0 0 0 0 0 0 0 0 0 0 0 15 46 0 3 10 3 88 4 0 0 0 3 7 1 0 0 0 0 0 8 15 82 921 272 112 148 10 11 7 5 8 0 0 0 1 10 290 430 148 37 0 0 0 0 107 340 136 605 427 3 21 11 0 1 0 0 0 0 0 0 0 0 0 0 0 0 0 0 0 0
2 69 120 175 418 489 173 26 9 0 0 0 0 0 4 1 0 0 1 0 1 18 0 0 0 0 0 0 0 0 0 0 0 0 0 0 0 0 1 0 0 0 2 7 1 7 0 12 4 0 0 26 9 2 0 2 1 0 15 0 5 4 0 0 0 0 0 0 0 0 0 0 0 0 0 0 0 0 14 20 1 0 0 0 2 5 14 185 56 2 0 0 0 0 0 0 0 0 0 0 0 227 450 158 108 114 8 1 7 13 4 0 0 0 0 61 171 15 19 63 0 0 0 0 3 587 306 492 232 5 31 1 0 0 0 0 0 0 0 0 0 0 0 0 0 0 0 0 0 0
5 110 388 930 583 484 255 35 0 0 0 4 7 0 0 1 0 6 0 0 1 0 0 0 4 0 0 4 0 1 0 0 0 0 0 0 0 0 0 0 0 1 1 0 3 0 0 25 36 0 0 0 26 0 0 2 2 1 0 0 0 1 0 0 0 0 0 0 0 0 0 0 0 0 0 0 0 19 0 0 0 0 0 0 0 0 43 31 1 6 1 0 0 0 0 0 0 0 0 0 17 40 10 17 71 96 0 0 0 1 8 18 2 10 7 13 3 13 7 23 36 78 5 0 23 102 108 154 53 2 0 0 0 0 0 0 0 0 0 0 0 0 0 0 0 0 0 0 0 0
0 11 353 310 147 186 41 12 7 2 0 4 0 0 0 0 0 0 3 2 4 1 0 2 0 0 0 0 0 5 0 0 0 0 1 0 0 1 0 0 0 0 1 0 2 1 0 3 5 3 0 0 0 0 2 2 0 0 0 0 0 0 0 0 0 0 0 0 0 0 0 0 0 0 0 0 2 1 0 0 0 0 0 0 0 0 79 16 1 13 47 0 0 0 2 10 0 0 1 390 953 111 233 141 5 131 43 1 3 1 2 9 6 1 0 0 0 0 13 53 123 28 169 287 56 52 0 1 0 0 0 0 0 0 0 0 0 0 0 0 0 0 0 0 0 0 0 0 0 0
5 31 39 67 45 16 3 1 0 0 16 0 0 0 0 0 0 0 2 0 2 39 1 0 0 0 0 0 0 1 0 1 0 0 0 0 1 0 0 0 1 0 0 0 1 21 1 0 0 0 0 0 0 0 1 16 0 0 0 0 0 0 0 0 0 0 0 0 0 0 0 0 0 0 0 0 3 9 0 0 0 0 0 0 0 0 10 2 0 40 40 0 0 0 56 104 121 3 242 1605 419 583 86 32 0 11 53 305 0 5 25 0 0 0 0 0 2 0 30 38 115 27 53 29 7 63 26 19 104 56 7 0 0 0 0 0 0 0 0 0 0 0 0 0 0 0 0 0 0 0
37 16 17 6 0 0 0 4 0 0 0 0 0 0 0 0 0 0 2 1 4 6 0 5 0 0 0 0 0 0 2 0 1 7 13 0 0 0 0 0 0 0 0 0 2 3 2 5 0 0 0 0 1 18 106 8 6 0 0 0 0 0 0 0 0 0 0 0 0 0 0 0 0 0 23 12 0 0 0 0 0 0 0 0 0 0 14 0 0 0 120 17 7 7 83 299 72 5 115 175 85 32 30 2 9 12 1 155 463 128 0 0 0 0 4 0 0 0 0 0 38 1 3 5 15 63 26 54 366 140 20 0 0 0 0 0 0 0 0 0 0 0 0 0 0 0 0 0 0 0
9 1 5 0 0 0 5 0 0 0 0 0 0 0 0 0 0 0 0 0 0 0 1 0 0 0 0 0 1 0 6 42 4 0 0 2 0 0 0 0 0 0 0 0 0 3 0 0 0 0 0 0 3 1 40 0 1 1 0 0 0 0 0 0 0 0 0 0 0 0 0 0 0 0 11 23 0 0 0 0 0 0 0 0 0 0 31 40 170 103 127 14 14 11 7 38 11 4 0 1 8 4 1 0 0 2 142 293 122 35 8 0 0 0 0 0 0 3 0 0 5 13 6 26 12 220 130 118 108 215 15 0 0 0 0 0 0 0 0 0 0 0 0 0 0 0 0 0 0 0
5 0 0 2 1 0 0 0 0 0 0 0 0 0 0 0 0 0 0 0 0 1 0 0 0 0 0 0 10 0 0 1 2 0 0 1 1 0 0 0 1 0 0 0 0 6 0 0 0 0 0 3 6 45 13 1 0 0 0 0 0 0 0 0 0 0 0 0 0 0 0 0 0 0 0 0 0 0 0 0 0 0 0 0 0 0 0 2 124 21 0 0 0 0 0 39 0 1 4 0 0 10 0 4 1 229 756 468 183 77 0 0 0 0 0 0 0 0 58 32 1 71 0 21 1 6 70 61 3 40 2 2 2 0 0 0 0 0 0 0 0 0 0 0 0 0 0 0 0 0
1 0 0 4 1 0 0 0 0 0 0 0 0 0 0 0 0 0 2 1 0 0 0 8 0 0 0 2 0 0 0 4 0 0 0 0 0 0 1 0 0 0 0 0 0 0 0 0 0 0 1 1 3 53 6 3 3 0 0 0 0 0 0 0 0 0 0 0 0 0 1 1 1 0 0 0 0 0 0 0 0 0 0 0 0 0 1 0 0 0 0 0 1 13 0 1 3 0 9 5 2 1 5 0 69 84 82 9 45 178 0 0 0 0 0 0 0 0 4 6 0 5 1 82 119 38 189 26 22 53 3 0 0 0 0 0 0 0 0 0 0 0 0 0 0 0 0 0 0 0
0 0 0 0 2 27 1 0 0 0 0 0 0 0 0 0 0 0 0 0 0 0 0 0 0 0 2 0 0 0 0 1 0 0 9 2 0 0 0 0 0 0 6 3 0 0 0 0 0 0 1 0 3 0 4 0 2 0 0 0 0 0 0 0 0 0 0 2 3 6 0 0 0 0 0 0 0 0 0 0 0 0 0 0 0 0 0 0 4 3 0 54 100 8 0 0 0 0 0 4 7 4 26 16 55 10 0 2 0 4 8 0 0 0 0 0 0 0 0 0 0 3 2 17 0 0 0 228 5 5 1 0 0 0 0 0 0 0 0 0 0 0 0 0 0 0 0 0 0 0
0 0 0 0 41 29 0 0 0 0 0 0 0 0 3 0 0 2 0 0 0 0 0 0 0 0 0 4 1 0 6 1 0 0 0 0 0 0 1 0 0 0 0 1 1 0 0 0 0 4 0 0 0 6 2 4 1 8 0 2 0 0 0 0 0 0 0 0 5 2 0 0 0 0 0 0 0 0 0 0 0 0 0 0 0 0 0 0 58 47 128 262 113 16 0 0 1 0 0 26 22 575 388 80 2 8 11 0 0 14 15 0 0 0 0 0 0 0 0 0 0 0 0 0 0 2 74 28 0 0 0 0 0 0 0 0 0 0 0 0 0 0 0 0 0 0 0 0 0 0
0 0 0 0 0 3 2 0 0 0 0 0 0 0 0 0 1 0 12 0 0 0 0 0 0 0 0 0 0 9 0 0 0 0 0 0 0 0 0 0 0 0 0 0 2 7 0 0 0 0 0 0 0 2 1 2 0 0 0 0 0 0 0 0 0 0 0 0 36 0 0 0 1 0 0 0 0 0 0 0 0 0 0 0 0 1 1 0 29 109 234 208 100 30 19 1 10 0 1 36 90 100 88 13 3 0 2 0 0 1 5 0 0 0 0 0 0 0 0 0 1 51 117 0 0 23 10 1 0 0 0 0 0 0 0 0 0 0 0 0 0 0 0 0 0 0 0 0 0 0
0 0 0 0 0 0 1 0 0 0 0 0 14 14 1 2 0 0 0 0 0 0 0 0 0 3 3 1 2 11 0 0 0 0 1 1 2 0 0 0 0 0 0 5 1 4 3 0 0 0 1 0 0 19 9 5 0 0 0 0 0 0 0 0 0 0 2 6 39 0 0 0 0 0 0 0 0 0 0 0 0 0 0 0 0 11 35 3 1 22 0 10 10 1 26 1 0 0 1 12 43 0 3 3 0 0 0 1 0 65 9 14 2 0 0 0 0 0 0 0 0 0 19 0 0 0 0 1 0 0 0 0 0 0 0 0 0 0 0 0 0 0 0 0 0 0 0 0 0 0
1 0 0 2 4 1 1 1 0 0 0 0 0 0 0 0 0 0 0 0 0 0 0 0 0 0 1 0 0 1 0 0 0 0 0 0 0 0 0 0 0 0 0 0 0 0 2 4 0 0 6 0 0 2 12 4 1 0 0 0 0 0 0 0 0 0 1 30 14 0 0 0 0 0 0 0 0 0 0 0 0 0 0 0 55 2 0 0 5 16 11 4 9 4 2 4 5 9 11 13 18 12 8 2 4 0 0 4 55 124 104 423 32 11 0 0 0 0 0 0 0 0 0 0 0 0 0 0 0 0 0 0 0 0 0 0 0 0 0 0 0 0 0 0 0 0 0 0 0 0
0 0 0 0 0 1 0 0 0 0 0 0 0 0 0 0 1 0 0 0 0 0 0 0 0 1 0 0 0 0 0 0 0 0 0 0 0 0 6 2 0 0 0 0 0 1 0 12 16 1 0 0 0 3 1 60 90 0 0 0 0 0 0 0 1 18 42 89 9 0 0 0 0 0 0 0 0 0 0 0 0 0 0 12 22 0 1 5 4 1 9 2 2 0 0 12 40 31 7 3 0 0 5 2 2 0 19 1 46 32 168 139 282 132 2 0 0 0 0 0 0 0 0 0 0 0 0 0 0 0 0 0 0 0 0 0 0 0 0 0 0 0 0 0 0 0 0 0 2 0
0 0 0 1 1 0 0 0 0 0 0 7 0 0 0 1 5 0 0 0 0 0 0 1 0 0 0 0 0 2 0 0 0 0 1 0 0 0 1 0 0 0 0 0 0 2 2 5 47 1 0 0 0 1 6 1 6 10 16 14 2 1 3 1 4 1 0 0 0 0 0 0 0 0 0 0 0 0 0 0 0 0 0 0 0 0 0 8 0 2 0 0 1 0 10 108 2 0 0 0 0 0 0 0 12 51 486 974 410 101 13 0 205 56 0 0 0 0 0 0 0 0 0 0 0 0 0 0 0 0 0 0 0 0 0 0 0 0 0 0 0 0 0 0 0 0 0 0 0 0
0 0 1 14 1 45 0 2 0 0 0 1 0 0 5 0 0 0 0 0 0 0 0 0 0 0 0 0 0 0 1 0 0 0 0 0 0 0 2 1 0 10 0 1 0 5 17 5 4 2 3 0 3 5 8 2 0 0 0 4 0 0 0 0 2 0 1 5 0 16 0 16 0 0 0 0 0 0 0 0 0 0 0 0 0 0 0 0 0 2 10 7 0 0 83 17 2 0 0 0 0 1 0 5 46 96 133 390 225 202 74 212 303 2 0 0 0 0 0 0 0 0 0 0 0 0 0 0 0 0 0 0 0 0 0 0 0 0 0 0 0 0 0 0 0 0 0 0 0 0
0 0 0 0 44 52 0 0 1 0 0 0 0 0 0 0 0 0 0 0 0 0 0 0 0 0 0 0 0 0 1 0 2 2 0 0 0 0 0 1 0 4 0 1 0 0 15 2 1 1 11 0 0 1 0 0 1 3 0 1 0 0 0 1 3 1 1 5 1 0 0 0 4 3 0 0 0 0 0 0 0 0 0 0 0 0 0 0 0 0 0 2 13 11 5 20 475 2 0 0 0 0 0 59 115 283 4 0 10 52 0 2 2 0 0 0 0 0 0 0 0 0 0 0 0 0 0 0 0 0 0 0 0 0 0 0 0 0 0 0 0 0 0 0 0 0 0 0 0 0
1 0 0 1 0 1 0 0 9 0 0 0 0 2 0 0 0 0 1 1 0 0 0 0 0 0 0 0 0 0 0 5 0 0 7 0 0 0 0 0 1 1 0 1 0 0 1 0 5 5 0 0 0 5 0 0 0 0 3 1 1 10 0 0 0 0 0 0 0 0 2 0 22 0 0 0 0 0 0 0 0 0 0 0 0 0 0 0 0 0 0 26 56 10 24 99 352 0 0 0 0 0 0 1 16 0 0 0 0 0 25 100 0 0 0 0 0 0 0 0 0 0 0 0 0 0 0 0 0 0 0 0 0 0 0 0 0 0 0 0 0 0 5 8 2 0 0 0 0 0
0 0 1 0 0 0 0 0 0 14 0 0 5 0 0 1 0 0 1 0 0 0 0 0 0 0 0 0 0 0 0 1 0 0 0 0 0 0 0 0 0 0 0 0 0 0 0 0 0 0 3 1 6 4 0 0 0 0 1 4 1 0 0 0 0 0 0 0 0 0 3 2 0 0 0 0 0 0 0 0 0 0 0 0 0 0 0 0 27 1 2 17 180 204 49 1 0 0 0 0 0 0 2 2 0 0 0 1 0 105 71 0 0 1 0 0 0 0 0 0 0 0 0 0 0 0 0 0 0 0 0 0 0 0 0 0 0 0 0 0 0 0 0 0 0 0 0 0 0 0
0 1 0 0 0 0 0 0 0 0 0 1 0 0 0 0 0 0 0 0 0 0 0 0 0 0 0 0 0 0 0 0 0 0 0 0 0 0 0 0 0 0 0 0 0 0 0 0 0 0 5 1 22 0 0 0 0 0 0 1 0 0 0 0 0 0 0 0 0 0 5 1 0 0 0 0 0 0 0 0 0 0 0 0 0 0 0 0 0 0 21 37 441 2 0 12 6 0 0 0 0 0 0 1 0 6 0 0 9 0 2 0 0 0 0 0 0 0 0 0 0 0 0 0 0 0 0 0 0 0 0 0 0 0 0 0 0 0 0 0 0 0 0 0 0 0 0 0 0 0
0 0 0 0 0 0 0 0 0 0 0 3 3 0 0 0 0 0 0 0 0 2 0 2 0 0 0 0 0 0 0 0 0 0 0 0 1 0 0 0 0 0 0 0 0 0 0 0 0 0 0 14 0 0 0 0 0 0 0 25 5 0 0 0 0 0 0 0 0 0 1 48 0 0 0 0 0 0 0 0 0 0 0 0 0 0 0 0 0 4 0 8 2 5 20 0 0 0 0 0 0 0 0 0 0 0 0 0 0 0 0 0 0 0 0 0 0 0 0 0 0 0 0 0 0 0 0 0 0 0 0 0 0 0 0 0 0 0 0 0 0 0 0 0 0 0 0 0 0 0
0 0 0 0 0 0 0 0 0 0 0 0 0 0 0 0 0 0 0 0 0 0 2 19 0 0 0 0 0 0 0 0 0 0 0 0 1 0 0 0 0 0 0 0 0 0 0 0 0 0 0 18 12 0 0 0 1 0 0 0 0 19 13 0 0 0 0 0 0 0 0 2 7 0 4 0 0 0 0 0 0 0 0 0 0 0 0 0 0 2 0 34 9 11 13 0 2 0 0 0 0 0 0 0 0 0 0 0 0 0 0 0 0 0 0 0 0 0 0 0 0 0 0 0 0 0 0 0 0 0 0 0 0 0 0 0 0 0 0 0 0 0 0 0 0 0 0 0 0 0
0 0 0 0 0 0 0 0 0 0 1 0 0 0 0 0 1 0 0 0 0 2 3 1 1 0 0 0 0 0 0 0 0 0 0 0 0 0 0 0 0 1 0 0 0 0 0 0 0 0 0 25 16 2 1 1 0 0 0 0 0 24 93 0 0 0 0 0 0 0 0 0 1 0 5 0 0 0 0 0 0 0 0 0 0 0 0 0 0 0 7 11 0 14 8 0 0 0 0 0 0 0 0 0 0 0 0 0 0 0 0 0 0 0 0 0 0 0 0 0 0 0 0 0 0 0 0 0 0 0 0 0 0 0 0 0 0 0 0 0 0 0 0 0 0 0 0 0 0 0
0 0 0 0 0 0 0 0 0 0 0 0 2 0 0 0 0 0 0 0 0 0 0 0 0 0 0 0 0 3 0 0 0 0 0 0 0 0 0 0 0 0 0 0 0 0 0 0 0 0 19 41 146 6 9 4 0 0 0 0 0 6 0 0 0 0 0 0 0 0 0 0 0 0 0 0 0 0 0 0 0 0 0 0 0 0 0 0 0 0 1 4 13 32 3 4 0 0 0 0 0 0 0 0 0 0 0 0 0 0 0 0 0 0 0 0 0 0 0 0 0 0 0 0 0 0 0 0 0 0 0 0 0 0 0 0 0 0 0 0 0 0 0 0 0 0 0 0 0 0
0 0 0 0 0 0 0 0 0 0 0 0 25 0 2 2 0 0 2 0 0 1 0 0 0 2 1 0 0 0 0 0 0 0 0 0 0 0 0 0 0 0 0 0 0 0 0 0 0 4 2 17 129 6 8 0 0 0 0 0 0 6 8 0 0 0 0 0 0 0 0 0 0 0 0 0 0 0 0 0 0 0 0 0 0 0 0 0 0 0 0 0 2 1 2 0 2 0 0 8 0 0 0 0 0 0 0 0 0 0 0 0 0 0 0 0 0 0 0 0 0 0 0 0 0 0 0 0 0 0 0 0 0 0 0 0 0 0 0 0 0 0 0 0 0 0 0 0 0 0
0 0 0 0 0 0 0 0 0 12 0 0 0 13 0 0 1 0 0 0 0 0 0 1 0 0 0 0 0 0 0 0 0 0 0 0 0 1 0 0 0 0 0 0 0 0 0 1 0 1 0 15 11 0 0 0 0 0 0 1 7 3 0 0 0 0 0 0 0 0 0 0 0 0 0 0 0 0 0 0 0 0 0 0 0 0 0 0 0 0 0 0 0 0 0 4 13 0 0 0 0 0 0 0 0 0 0 0 0 0 0 0 0 0 0 0 0 0 0 0 0 0 0 0 0 0 0 0 0 0 0 0 0 0 0 0 0 0 0 0 0 0 0 0 0 0 0 0 0 0
0 0 2 0 0 0 0 0 0 0 0 0 0 0 0 0 0 0 0 0 0 1 0 0 4 0 1 0 0 0 0 0 2 0 13 2 2 1 0 0 0 0 0 0 0 0 8 7 0 0 0 0 0 0 0 0 0 0 0 3 6 0 0 0 0 0 0 0 0 0 0 0 0 0 0 0 0 0 0 0 0 0 0 0 0 0 0 0 0 0 0 0 0 0 0 0 13 14 0 0 1 0 0 0 0 0 0 0 0 0 0 0 0 0 0 0 0 0 0 0 0 0 0 0 0 0 0 0 0 0 0 0 0 0 0 0 0 0 0 0 0 0 0 0 11 17 0 0 0 0
1 0 0 0 0 0 0 0 0 0 0 1 0 0 0 0 0 0 0 0 4 1 0 0 0 1 0 0 0 0 0 1 0 0 0 0 0 2 0 0 0 0 0 0 0 1 4 0 0 0 0 0 0 0 0 0 0 0 0 0 1 0 0 0 0 0 0 0 0 0 0 0 2 0 0 0 0 0 0 0 0 0 0 0 0 0 0 0 0 0 0 0 0 0 0 1 8 1 0 0 9 0 0 0 0 0 0 0 0 0 0 0 0 0 0 0 0 0 0 0 0 0 0 0 0 0 0 0 0 0 0 0 0 0 0 0 0 0 0 0 0 0 0 0 0 0 0 0 0 0
0 0 0 0 0 0 0 0 0 0 0 2 0 0 0 0 0 0 1 0 0 0 0 0 0 0 0 0 0 0 0 0 0 0 0 0 0 0 0 0 0 0 0 0 0 0 0 0 0 0 0 0 0 0 0 0 0 0 0 0 0 0 0 0 0 0 0 0 0 0 0 0 0 0 0 0 0 0 0 0 0 0 0 0 0 0 0 0 0 0 0 0 0 0 4 0 0 0 0 0 0 3 0 0 0 0 0 0 0 0 0 0 0 0 0 0 0 0 0 0 0 0 0 0 0 0 0 0 0 0 0 0 0 0 0 0 0 0 0 0 0 0 0 0 0 0 0 0 0 0
0 0 0 0 0 0 0 0 0 1 14 0 7 0 0 0 0 0 0 0 0 0 0 0 0 0 0 0 0 0 0 0 0 0 0 0 0 0 0 0 0 0 0 0 1 0 0 0 0 0 0 0 0 0 0 0 0 0 0 0 2 0 0 0 0 0 0 0 0 0 1 0 0 0 0 0 0 0 0 0 0 0 0 0 0 0 0 0 0 0 0 0 0 0 2 4 7 0 0 0 1 0 0 0 0 0 0 0 0 0 0 0 0 0 0 0 0 0 0 0 0 0 0 0 0 0 0 0 0 0 0 0 0 0 0 0 0 0 0 0 0 0 0 0 0 0 0 0 0 0
0 0 0 0 0 0 0 0 0 1 0 0 5 1 0 1 3 3 0 0 0 0 0 0 0 0 0 0 0 0 0 0 0 0 0 0 0 0 0 0 0 0 0 2 0 0 0 0 0 0 0 0 0 0 0 0 0 0 0 6 1 0 0 0 0 0 0 0 33 1 0 0 0 0 0 0 0 0 0 0 0 0 0 0 0 0 0 0 0 0 0 0 0 0 0 0 3 3 3 3 0 0 0 0 0 0 0 0 0 0 0 0 0 0 0 0 0 0 0 0 0 0 0 0 0 0 0 0 0 0 0 0 0 0 0 0 0 0 0 0 0 0 0 0 0 0 0 0 0 0
0 1 0 0 0 0 0 0 0 0 0 0 10 0 0 0 3 7 0 0 0 0 0 0 0 0 0 0 0 0 0 0 0 0 0 1 1 6 2 0 0 0 0 0 0 0 0 0 0 0 0 0 0 0 0 0 0 0 0 0 6 17 4 0 1 0 0 1 103 41 0 0 0 0 0 0 0 0 0 0 0 0 0 0 0 0 0 0 0 0 0 0 0 0 0 0 1 0 0 0 0 0 0 0 0 0 0 0 0 0 0 0 0 0 0 0 0 0 0 0 0 0 0 0 0 0 0 0 0 0 0 0 0 0 0 0 0 0 0 0 0 0 0 0 0 0 0 0 0 0
2 0 0 0 0 0 0 0 0 0 3 1 44 8 0 5 23 1 0 7 0 0 0 16 2 1 0 0 0 0 0 2 0 0 7 2 9 5 8 2 0 0 5 0 0 0 0 0 0 0 0 0 0 0 0 0 0 0 0 0 0 0 0 0 111 29 7 0 0 0 0 0 0 0 0 0 0 0 0 0 0 0 0 0 0 0 0 0 0 0 0 0 0 0 0 0 0 0 0 0 0 0 0 0 0 0 0 0 0 0 0 0 0 0 0 0 0 0 0 0 0 0 0 0 0 0 0 0 0 0 0 0 0 0 0 0 0 0 0 0 0 0 0 0 0 0 0 0 0 0
5 39 4 0 0 0 0 0 0 0 0 0 3 0 0 0 5 0 2 1 14 68 49 9 4 0 0 0 0 1 0 0 0 1 0 12 22 5 0 1 0 0 0 0 0 0 0 0 0 0 0 0 0 0 0 0 0 0 0 0 0 0 0 0 2 1 0 0 0 0 0 0 0 0 0 0 0 0 0 0 0 0 0 0 0 0 0 0 0 0 0 0 0 0 0 0 0 0 0 0 0 0 0 0 0 0 0 0 0 0 0 0 0 0 0 0 0 0 0 0 0 0 0 0 0 0 0 0 0 0 0 0 0 0 0 0 0 0 0 0 0 0 0 0 0 0 0 0 0 0
8 16 5 0 1 1 0 0 0 0 0 0 2 0 0 0 4 2 0 26 0 121 5 7 10 8 0 0 5 13 5 0 0 0 0 0 0 0 0 0 3 3 0 0 0 0 0 0 0 0 0 0 0 0 0 0 0 0 0 0 0 0 0 0 0 0 0 0 0 0 0 0 0 0 0 0 0 0 0 0 0 0 0 0 0 0 0 0 0 3 0 0 0 0 0 0 0 0 0 0 0 0 0 0 0 0 0 0 0 0 0 0 0 0 0 0 0 0 0 0 0 0 0 0 0 0 0 0 0 0 0 0 0 0 0 0 0 0 0 0 0 0 0 0 0 0 0 0 0 0
0 0 0 0 0 0 0 0 0 0 0 2 4 0 0 0 1 2 0 2 0 1 4 9 3 8 2 1 1 1 0 0 0 0 2 0 0 0 0 0 0 0 0 0 0 0 0 0 0 0 0 0 0 0 0 0 0 0 0 0 0 0 0 0 0 0 0 0 0 0 0 0 0 0 0 0 0 0 0 0 0 0 0 0 0 0 0 0 0 0 0 0 0 0 0 0 0 0 0 0 0 0 0 0 0 0 0 0 0 0 0 0 0 0 0 0 0 0 0 0 0 0 0 0 0 0 0 0 0 0 0 0 0 0 0 0 0 0 0 0 0 0 0 0 0 0 0 0 0 0
0 0 0 0 0 0 0 0 0 0 0 0 0 1 0 0 0 0 0 13 1 0 0 1 4 21 5 9 19 0 1 0 0 11 1 1 0 0 0 0 0 0 0 0 0 0 0 0 0 0 0 0 0 0 0 0 0 0 0 0 0 0 0 0 0 0 0 0 0 0 0 0 0 0 0 0 0 0 0 0 0 0 0 0 0 0 0 0 0 0 0 0 0 0 0 0 0 0 0 0 0 0 0 0 0 0 0 0 0 0 0 0 0 0 0 0 0 0 0 0 0 0 0 0 0 0 0 0 0 0 0 0 0 0 0 0 0 0 0 0 0 0 0 0 0 0 0 0 0 0
0 0 0 0 0 0 0 0 0 0 0 0 0 0 0 0 0 0 0 0 0 0 0 0 1 0 1 7 107 70 3 7 2 13 0 0 2 0 0 0 0 0 0 0 0 0 0 0 0 0 0 0 0 0 0 0 0 0 0 0 0 0 0 0 0 0 0 0 0 0 0 0 0 0 0 0 0 0 0 0 0 0 0 0 0 0 0 0 0 0 0 0 0 0 0 0 0 0 0 0 0 0 0 0 0 0 0 0 0 0 0 0 0 0 0 0 0 0 0 0 0 0 0 0 0 0 0 0 0 0 0 0 0 0 0 0 0 0 0 0 0 0 0 0 0 0 0 0 0 0
0 0 0 0 0 0 0 0 0 0 0 0 0 0 0 0 0 0 0 0 0 0 0 0 0 4 1 3 1 1 4 0 5 1 0 2 2 0 0 0 0 0 0 0 0 0 0 0 0 0 0 0 0 0 0 0 0 0 0 0 0 0 0 0 0 0 0 0 0 0 0 0 0 0 0 0 0 0 0 0 0 0 0 0 0 0 0 0 0 0 0 0 0 0 0 0 0 0 0 0 0 0 0 0 0 0 0 0 0 0 0 0 0 0 0 0 0 0 0 0 0 0 0 0 0 0 0 0 0 0 0 0 0 0 0 0 0 0 0 0 0 0 0 0 0 0 0 0 0 0
0 0 0 0 0 0 0 0 0 0 0 0 0 0 0 0 0 0 0 0 0 0 0 0 6 1 7 0 0 0 6 0 3 0 0 0 0 0 0 0 0 0 0 0 0 0 0 0 0 0 0 0 0 0 0 0 0 0 0 0 0 0 0 0 0 0 0 0 0 0 0 0 0 0 0 0 0 0 0 0 0 0 0 0 0 0 0 0 0 0 0 0 0 0 0 0 0 0 0 0 0 0 0 0 0 0 0 0 0 0 0 0 0 0 0 0 0 0 0 0 0 0 0 0 0 0 0 0 0 0 0 0 0 0 0 0 0 0 0 0 0 0 0 0 0 0 0 0 0 0
0 0 0 0 0 0 0 0 0 0 0 2 6 2 0 0 0 0 0 0 0 0 0 0 0 0 0 0 0 0 0 0 6 0 0 0 1 0 0 0 0 0 0 0 0 0 0 0 0 0 0 0 0 0 0 0 0 0 0 0 0 0 0 0 0 0 0 0 0 0 0 0 0 0 0 0 0 0 0 0 0 0 0 0 0 0 0 0 0 0 0 0 0 0 0 0 0 0 0 0 0 0 0 0 0 0 0 0 0 0 0 0 0 0 0 0 0 0 0 0 0 0 0 0 0 0 0 0 0 0 0 0 0 0 0 0 0 0 0 0 0 0 0 0 0 0 0 0 0 0
5 0 0 0 0 0 0 1 0 0 1 0 2 0 0 0 0 0 0 0 0 0 0 0 0 0 0 13 3 1 4 0 0 0 0 0 0 0 0 0 0 0 0 0 0 0 0 0 0 0 0 0 0 0 0 0 0 0 0 0 0 0 0 0 0 0 0 0 0 0 0 0 0 0 0 0 0 0 0 0 0 0 0 0 0 0 0 0 0 0 0 0 0 0 0 0 0 0 0 0 0 0 0 0 0 0 0 0 0 0 0 0 0 0 0 0 0 0 0 0 0 0 0 0 0 0 0 0 0 0 0 0 0 0 0 0 0 0 0 0 0 0 0 0 0 0 0 0 0 0
0 0 0 0 0 0 0 0 0 0 0 0 0 0 0 0 0 0 0 0 0 0 0 0 0 0 0 9 1 0 0 0 0 1 2 0 0 0 0 0 0 0 0 0 0 0 0 0 0 0 0 0 0 0 0 0 0 0 0 0 0 0 0 0 0 0 0 0 0 0 0 0 0 0 0 0 0 0 0 0 0 0 0 0 0 0 0 0 0 0 0 0 0 0 0 0 0 0 0 0 0 0 0 0 0 0 0 0 0 0 0 0 0 0 0 0 0 0 0 0 0 0 0 0 0 0 0 0 0 0 0 0 0 0 0 0 0 0 0 0 0 0 0 0 0 0 0 0 0 0
0 0 0 0 0 0 0 0 0 0 6 0 0 0 0 0 0 0 0 0 0 0 0 0 0 0 0 0 0 0 0 0 0 2 0 0 0 0 0 0 0 0 0 0 0 0 0 0 0 0 0 0 0 0 0 0 0 0 0 0 0 0 0 0 0 0 0 0 0 0 0 0 0 0 0 0 0 0 0 0 0 0 0 0 0 0 0 0 0 0 0 0 0 0 0 0 0 0 0 0 0 0 0 0 0 0 0 0 0 0 0 0 0 0 0 0 0 0 0 0 0 0 0 0 0 0 0 0 0 0 0 0 0 0 0 0 0 0 0 0 0 0 0 0 0 0 0 0 0 0
0 0 0 0 0 0 0 0 0 2 0 0 0 0 0 0 0 0 0 0 0 0 0 0 0 0 0 0 0 0 0 0 0 0 0 0 0 0 0 0 0 0 0 0 0 0 0 0 0 0 0 0 0 0 0 0 0 0 0 0 0 0 0 0 0 0 0 0 0 0 0 0 0 0 0 0 0 0 0 0 0 0 0 0 0 0 0 0 0 0 0 0 0 0 0 0 0 0 0 0 0 0 0 0 0 0 0 0 0 0 0 0 0 0 0 0 0 0 0 0 0 0 0 0 0 0 0 0 0 0 0 0 0 0 0 0 0 0 0 0 0 0 0 0 0 0 0 0 0 0
0 0 0 0 0 0 0 0 0 0 1 0 0 0 0 0 0 0 0 0 0 0 0 0 0 0 0 0 0 0 0 0 0 0 0 0 0 0 0 0 0 0 0 0 0 0 0 0 0 0 0 0 0 0 0 1 0 0 0 0 0 0 0 0 0 0 0 0 0 0 0 0 0 0 0 0 0 0 0 0 0 0 0 0 0 0 0 0 0 0 0 0 0 0 0 0 0 0 0 0 0 0 0 0 0 0 0 0 0 0 0 0 0 0 0 0 0 0 0 0 0 0 0 0 0 0 0 0 0 0 0 0 0 0 0 0 0 0 0 0 0 0 0 0 0 0 0 0 0 0
0 0 0 2 0 0 0 0 8 27 0 0 0 0 0 0 0 0 0 0 0 0 0 0 0 0 0 0 0 0 0 0 0 0 0 0 0 0 0 0 0 0 0 0 0 0 0 0 2 0 0 0 0 0 0 0 0 0 0 0 0 0 0 0 0 0 0 0 0 0 0 0 0 0 0 0 0 0 0 0 0 0 0 0 0 0 0 0 0 0 0 0 0 0 0 0 0 0 0 0 0 0 0 0 0 0 0 0 0 0 0 0 0 0 0 0 0 0 0 0 0 0 0 0 0 0 0 0 0 0 0 0 0 0 0 0 0 0 0 0 0 0 0 0 0 0 0 0 0 0
0 0 0 0 0 4 12 6 14 2 0 0 0 0 0 0 0 0 0 0 0 0 0 0 0 0 0 0 0 0 0 0 0 0 0 0 0 0 0 0 0 0 0 0 0 0 0 0 0 43 33 1 0 0 0 0 0 0 0 0 0 0 0 0 0 0 0 0 0 0 0 0 0 0 0 0 0 0 0 0 0 0 0 0 0 0 0 0 0 0 0 0 0 0 0 0 0 0 0 0 0 0 0 0 0 0 0 0 0 0 0 0 0 0 0 0 0 0 0 0 0 0 0 0 0 0 0 0 0 0 0 0 0 0 0 0 0 0 0 0 0 0 0 0 0 0 0 0 0 0
0 0 0 0 0 0 17 44 0 0 0 0 0 0 0 0 0 0 0 0 0 0 0 0 0 0 0 0 0 0 0 0 0 0 0 0 0 0 0 0 0 0 0 0 0 0 0 0 0 0 0 0 49 0 0 0 0 0 0 0 0 0 0 0 0 0 0 0 0 0 0 0 0 0 0 0 0 0 0 0 0 0 0 0 0 0 0 0 0 0 0 0 0 0 0 0 0 0 0 0 0 0 0 0 0 0 0 0 0 0 0 0 0 0 0 0 0 0 0 0 0 0 0 0 0 0 0 0 0 0 0 0 0 0 0 0 0 0 0 0 0 0 0 0 0 0 0 0 0 0
0 0 0 0 0 0 0 0 0 0 0 0 0 0 0 0 0 0 0 0 0 0 0 0 0 0 0 0 0 0 0 0 0 0 0 0 0 0 0 0 1 0 0 0 0 0 0 0 0 0 0 0 4 27 0 0 0 0 0 0 0 0 0 0 0 0 0 0 0 0 0 0 0 0 0 0 0 0 0 0 0 0 0 0 0 0 0 0 0 0 0 0 0 0 0 0 0 0 0 0 0 0 0 0 0 0 0 0 0 0 0 0 0 0 0 0 0 0 0 0 0 0 0 0 0 0 0 0 0 0 0 0 0 0 0 0 0 0 0 0 0 0 0 0 0 0 0 0 0 0
0 0 0 0 0 0 0 0 0 0 0 0 0 0 0 0 0 0 0 0 0 0 0 0 0 0 0 0 0 0 0 0 0 0 0 0 0 0 0 0 0 0 0 0 0 0 0 0 0 0 0 0 0 4 0 0 0 0 0 0 0 0 0 0 0 0 0 0 0 0 0 0 0 0 0 0 0 0 0 0 0 0 0 0 0 0 0 0 0 0 0 0 0 0 0 0 0 0 0 0 0 0 0 0 0 0 0 0 0 0 0 0 0 0 0 0 0 0 0 0 0 0 0 0 0 0 0 0 0 0 0 0 0 0 0 0 0 0 0 0 0 0 0 0 0 0 0 0 0 0
0 0 0 0 0 0 0 0 0 0 0 0 0 0 0 0 0 0 1 0 0 0 0 0 0 0 0 0 0 0 0 0 0 0 0 0 0 0 0 0 0 0 0 0 0 0 0 0 2 0 0 1 22 0 0 0 0 0 0 0 0 0 0 0 0 0 0 0 0 0 0 0 0 0 0 0 0 0 0 0 0 0 0 0 0 0 0 0 0 0 0 0 0 0 0 0 0 0 0 0 0 0 0 0 0 0 0 0 0 0 0 0 0 0 0 0 0 0 0 0 0 0 0 0 0 0 0 0 0 0 0 0 0 0 0 0 0 0 0 0 0 0 0 0 0 0 0 0 0 0
0 0 0 0 0 0 0 0 0 0 0 0 0 0 0 0 0 0 0 0 0 0 0 0 0 0 0 0 0 0 0 1 0 0 0 0 0 0 0 0 0 0 0 0 0 0 0 0 0 0 0 0 0 0 0 0 0 0 0 0 0 0 0 0 0 0 0 0 0 0 0 0 0 0 0 0 0 0 0 0 0 0 0 0 0 0 0 0 0 0 0 0 0 0 0 0 0 0 0 0 0 0 0 0 0 0 0 0 0 0 0 0 0 0 0 0 0 0 0 0 0 0 0 0 0 0 0 0 0 0 0 0 0 0 0 0 0 0 0 0 0 0 0 0 0 0 0 0 0 0
0 0 0 0 0 0 0 0 0 0 0 0 0 0 0 0 0 0 0 0 0 0 0 0 0 0 0 0 0 0 2 1 0 0 3 0 0 0 0 0 0 0 0 0 0 0 0 0 0 0 0 0 0 1 0 0 0 0 0 0 0 0 0 0 0 0 0 0 0 0 0 0 0 0 0 0 0 0 0 0 0 0 0 0 0 0 0 0 0 0 0 0 0 0 0 0 0 0 0 0 0 0 0 0 0 0 0 0 0 0 0 0 0 0 0 0 0 0 0 0 0 0 0 0 0 0 0 0 0 0 0 0 0 0 0 0 0 0 0 0 0 0 0 0 0 0 0 0 0 0
0 0 0 0 0 0 0 0 0 0 0 0 0 0 0 0 0 0 0 0 0 0 0 0 0 0 0 0 0 0 1 6 1 0 0 0 1 0 0 0 0 0 0 0 0 0 0 0 0 0 0 0 0 0 0 0 0 0 0 0 0 0 0 0 0 0 0 0 0 0 0 0 0 0 0 0 0 0 0 0 0 0 0 0 0 0 0 0 0 0 0 0 0 0 0 0 0 0 0 0 0 0 0 0 0 0 0 0 0 0 0 0 0 0 0 0 0 0 0 0 0 0 0 0 0 0 0 0 0 0 0 0 0 0 0 0 0 0 0 0 0 0 0 0 0 0 0 0 0 0
0 0 0 0 0 0 0 0 0 0 0 0 0 0 0 0 0 0 0 0 0 0 0 0 0 0 0 0 0 0 1 7 0 0 0 0 0 0 0 0 0 0 0 0 0 0 0 0 0 0 0 0 0 0 0 0 0 0 0 0 0 0 0 0 0 0 0 0 0 0 0 0 0 0 0 0 0 0 0 0 0 0 0 0 0 0 0 0 0 0 0 0 0 0 0 0 0 0 0 0 0 0 0 0 0 0 0 0 0 0 0 0 0 0 0 0 0 0 0 0 0 0 0 0 0 0 0 0 0 0 0 0 0 0 0 0 0 0 0 0 0 0 0 0 0 0 0 0 0 0
0 0 0 0 0 0 0 0 0 0 0 0 0 0 0 0 0 0 0 0 0 0 0 0 0 0 0 1 0 6 0 0 0 0 0 0 0 0 0 0 0 0 0 0 0 0 0 0 0 0 0 0 0 0 0 0 0 0 0 0 0 0 0 0 0 0 0 0 0 0 0 0 0 0 0 0 0 0 0 0 0 0 0 0 0 0 0 0 0 0 0 0 0 0 0 0 0 0 0 0 0 0 0 0 0 0 0 0 0 0 0 0 0 0 0 0 0 0 0 0 0 0 0 0 0 0 0 0 0 0 0 0 0 0 0 0 0 0 0 0 0 0 0 0 0 0 0 0 0 0
0 0 0 0 0 0 0 0 0 0 0 0 0 0 0 0 0 0 0 0 0 0 0 0 0 0 0 0 0 158 43 0 0 0 0 0 0 0 0 0 0 0 0 0 0 0 0 0 2 0 0 0 0 0 0 0 0 0 0 0 0 0 0 0 0 0 0 0 0 0 0 0 0 0 0 0 0 0 0 0 0 0 0 0 0 0 0 0 0 0 0 0 0 0 0 0 0 0 0 0 0 0 0 0 0 0 0 0 0 0 0 0 0 0 0 0 0 0 0 0 0 0 0 0 0 0 0 0 0 0 0 0 0 0 0 0 0 0 0 0 0 0 0 0 0 0 0 0 0 0
0 0 0 0 0 0 0 0 0 0 0 0 0 0 0 0 0 0 0 0 0 0 0 0 0 0 7 0 0 0 0 0 0 0 0 0 0 0 0 0 0 0 0 0 0 0 0 0 0 40 0 0 0 0 0 0 0 0 0 0 0 0 0 0 0 0 0 0 0 0 0 0 0 0 0 0 0 0 0 0 0 0 0 0 0 0 0 0 0 0 0 0 0 0 0 0 0 0 0 0 0 0 0 0 0 0 0 0 0 0 0 0 0 0 0 0 0 0 0 0 0 0 0 0 0 0 0 0 0 0 0 0 0 0 0 0 0 0 0 0 0 0 0 0 0 0 0 0 0 0
0 0 0 0 0 0 0 0 0 0 0 0 0 0 0 0 0 0 0 0 0 0 0 0 0 0 14 0 0 0 0 0 0 0 0 0 0 0 0 0 0 0 0 0 0 0 0 0 6 0 0 0 0 0 0 0 0 0 0 0 0 0 0 0 0 0 0 0 0 0 0 0 0 0 0 0 0 0 0 0 0 0 0 0 0 0 0 0 0 0 0 0 0 0 0 0 0 0 0 0 0 0 0 0 0 0 0 0 0 0 0 0 0 0 0 0 0 0 0 0 0 0 0 0 0 0 0 0 0 0 0 0 0 0 0 0 0 0 0 0 0 0 0 0 0 0 0 0 0 0
0 0 0 0 0 0 0 0 0 0 0 0 0 0 0 0 0 0 0 0 0 0 0 0 0 0 0 1 3 0 0 0 0 0 0 0 0 0 0 0 0 0 0 0 0 0 0 0 0 0 0 0 0 0 0 0 0 0 0 0 0 0 0 0 0 0 0 0 0 0 0 0 0 0 0 0 0 0 0 0 0 0 0 0 0 0 0 0 0 0 0 0 0 0 0 0 0 0 0 0 0 0 0 0 0 0 0 0 0 0 0 0 0 0 0 0 0 0 0 0 0 0 0 0 0 0 0 0 0 0 0 0 0 0 0 0 0 0 0 0 0 0 0 0 0 0 0 0 0 0
0 0 0 0 0 0 0 0 0 0 0 0 0 0 0 0 0 0 0 0 0 0 0 0 0 0 0 0 0 0 0 0 0 0 0 0 0 0 0 0 0 0 0 0 0 0 0 0 0 0 0 0 0 0 0 0 0 0 0 0 0 0 0 0 0 0 0 0 0 0 0 0 0 0 0 0 0 0 0 0 0 0 0 0 0 0 0 0 0 0 0 0 0 0 0 0 0 0 0 0 0 0 0 0 0 0 0 0 0 0 0 0 0 0 0 0 0 0 0 0 0 0 0 0 0 0 0 0 0 0 0 0 0 0 0 0 0 0 0 0 0 0 0 0 0 0 0 0 0 0
0 0 0 0 0 0 0 0 0 0 0 0 0 0 0 0 0 0 0 0 0 0 0 0 0 0 0 0 0 0 0 0 0 0 0 0 0 0 0 0 0 0 0 0 0 0 0 0 0 0 0 0 0 0 0 0 0 0 0 0 0 0 0 0 0 0 0 0 0 0 0 0 0 0 0 0 0 0 0 0 0 0 0 0 0 0 0 0 0 0 0 0 0 0 0 0 0 0 0 0 0 0 0 0 0 0 0 0 0 0 0 0 0 0 0 0 0 0 0 0 0 0 0 0 0 0 0 0 0 0 0 0 0 0 1 0 0 0 0 0 0 0 0 0 0 0 0 0 0 0
0 0 0 0 0 0 0 0 0 0 0 0 0 0 0 0 0 0 0 0 0 0 0 0 0 0 0 0 0 0 0 0 0 0 0 0 0 0 0 0 0 0 0 0 0 0 0 0 0 0 0 0 0 0 0 0 0 0 0 0 0 0 0 0 0 0 0 0 0 0 0 0 0 0 0 0 0 0 0 0 0 0 0 0 0 0 0 0 0 0 0 0 0 0 0 0 0 0 0 0 0 0 0 0 0 0 0 0 0 0 0 0 0 0 0 0 0 0 0 0 0 0 0 0 0 0 0 0 0 0 0 0 0 0 1 0 0 0 0 0 0 0 0 0 0 0 0 0 0 0
0 0 0 0 0 0 0 0 0 0 0 0 0 0 0 0 0 0 0 0 0 0 0 0 0 0 0 0 0 0 0 0 0 0 0 0 0 0 0 0 0 0 0 0 0 0 0 0 0 0 0 0 0 0 0 0 0 0 0 0 0 0 0 0 0 0 0 0 0 0 0 0 0 0 0 0 0 0 0 0 0 0 0 0 0 0 0 0 0 0 0 0 0 0 0 0 0 0 0 0 0 0 0 0 0 0 0 0 0 0 0 0 0 0 0 0 0 0 0 0 0 0 0 0 0 0 0 0 0 0 0 0 0 0 0 0 0 0 0 0 0 0 0 0 0 0 0 0 0 0
0 0 0 0 0 0 0 0 0 0 0 0 0 0 0 0 0 0 0 0 0 0 0 0 0 0 0 0 0 0 0 0 0 0 0 0 0 0 0 0 0 0 0 0 0 0 0 0 0 0 0 0 0 0 0 0 0 0 0 0 0 0 0 0 0 0 0 0 0 0 0 0 0 0 0 0 0 0 0 0 0 0 0 0 0 0 0 0 0 0 0 0 0 0 0 0 0 0 0 0 0 0 0 0 0 0 0 0 0 0 0 0 0 0 0 0 0 0 0 0 0 0 0 0 0 0 0 0 0 0 0 0 0 0 0 0 0 0 0 0 0 0 0 0 0 0 0 0 0 0
