0 1 49 6 0 0 0 4 17 104 6 7 0 24 0 0 0 2 8 0 0 1 0 0 2 24 0 0 0 0 0 0 3 9 5 3 0 0 1 5 0 0 0 6 2 0 0 0 0 0 0 0 0 0 3 4 0 0 0 5 51 18 4 3 1 7 11 0 0 0 0 0 28 216 250 435 77 31 56 29 154 420 51 75 96 248 273 280 49 296 1461 792 120 830 575 760 1082 748 1072 195 247 135 23 110 54 36 42 512 300 20 19 16 32 95 57 46 39 29 3 0 0 34 72 11 0 6 0 1 18 14 1 21 3 3 1 0 0 4 7 0 1 0 0 0 2 0 0 0 0 14
0 0 10 11 0 0 0 0 0 25 1 13 5 4 0 0 0 0 11 0 0 11 29 0 8 25 0 2 0 0 0 0 0 0 0 0 0 11 9 2 0 0 0 0 0 0 0 0 0 0 0 0 0 1 8 0 0 0 0 31 133 22 5 91 12 1 0 6 0 0 0 1 67 129 12 7 347 103 9 33 84 100 7 0 97 324 356 192 341 305 79 19 376 353 436 278 538 656 1270 806 431 161 102 35 10 10 1 72 49 18 14 9 5 12 84 48 9 18 1 26 2 9 21 8 8 6 5 4 18 22 29 7 144 79 0 0 0 0 1 45 12 0 0 0 1 0 0 0 0 0
0 1 0 2 7 0 0 0 0 5 1 6 8 0 0 0 0 8 2 1 0 13 50 21 6 0 1 8 0 0 0 0 0 2 0 6 1 2 0 8 1 0 0 0 0 0 0 0 0 0 0 0 0 0 6 0 0 1 1 4 10 10 3 5 0 0 2 0 0 1 0 2 1 1 0 1 0 112 132 252 82 58 3 18 47 407 760 249 6 4 221 36 94 596 548 886 176 576 362 709 762 394 19 50 34 13 5 21 252 243 37 4 5 7 6 5 10 114 25 27 78 7 5 5 2 5 6 5 6 19 14 5 78 164 0 0 3 0 12 32 6 2 0 0 0 0 0 0 0 0
76 5 0 0 0 0 1 0 0 1 1 5 0 0 0 2 0 0 9 8 0 0 4 6 15 0 3 13 13 0 2 0 0 0 0 0 0 1 0 2 3 0 0 0 0 0 0 0 0 1 2 0 1 0 85 49 0 13 31 2 1 3 3 14 0 0 0 0 0 0 1 209 7 1 0 7 13 71 232 232 114 97 10 118 191 23 82 226 3 175 1152 885 2237 706 1242 642 150 225 626 503 576 649 159 157 32 206 8 42 496 59 18 17 32 22 2 7 20 125 45 15 30 99 28 6 5 5 2 0 20 2 2 19 18 0 28 0 11 0 0 17 35 4 0 0 0 0 0 1 0 0
3 13 1 0 0 0 0 0 4 3 2 0 0 0 0 26 9 2 0 1 1 3 4 0 0 0 1 0 0 0 1 0 0 0 1 16 13 0 0 0 1 0 0 0 0 0 0 0 0 5 1 0 0 1 41 220 42 38 5 0 0 6 0 12 0 0 0 0 0 8 244 136 143 295 22 51 86 193 389 195 255 449 256 22 183 101 71 160 12 588 2053 887 707 978 539 316 85 800 362 808 1158 946 994 785 546 97 114 38 8 27 10 160 30 82 6 1 3 32 64 84 291 800 98 9 3 10 5 1 1 3 0 2 0 0 57 0 0 0 0 0 44 10 0 0 0 0 0 0 0 0
11 5 0 0 1 0 0 0 8 2 5 0 0 0 0 0 1 2 7 73 6 3 0 0 0 0 0 0 2 1 0 18 0 0 16 94 25 14 0 0 0 0 0 0 0 0 0 0 0 10 82 11 0 1 17 62 52 21 10 10 0 0 5 1 0 0 0 0 1 50 149 166 204 132 107 33 30 17 23 301 761 748 577 41 0 177 63 27 7 262 1922 1799 112 376 891 561 103 2464 447 578 454 684 1508 642 32 106 64 69 5 3 5 5 4 28 29 35 47 15 1 17 162 127 8 2 0 8 0 6 1 1 9 0 0 0 0 1 1 0 1 0 4 4 0 0 0 0 0 0 0 0
6 0 0 3 0 1 0 5 1 3 5 0 0 0 0 0 0 0 0 0 2 0 9 0 0 0 0 0 0 1 6 2 0 2 0 31 5 3 2 0 0 0 0 0 0 0 0 0 0 0 3 9 3 4 1 20 15 0 52 20 7 10 1 0 1 1 1 0 4 88 39 63 241 388 360 147 337 162 399 539 758 676 1091 465 94 16 6 196 89 124 1686 1163 115 491 1009 529 341 533 980 86 15 312 150 160 27 39 65 12 12 13 52 152 157 21 22 44 0 11 15 23 75 204 11 3 1 7 5 8 0 0 1 0 0 0 0 0 0 5 0 0 0 0 2 0 0 0 0 0 0 0
1 0 0 0 0 0 0 0 1 0 12 0 0 0 0 0 0 0 0 0 0 0 0 0 0 0 0 0 0 0 5 0 0 0 10 1 0 2 9 1 0 0 0 0 0 0 0 0 0 0 0 0 21 8 15 7 1 14 52 69 66 31 49 3 81 34 0 0 1 84 4 3 33 53 47 57 58 175 603 857 795 448 861 213 212 191 142 727 343 211 532 118 43 421 608 390 231 982 1011 228 174 437 400 536 179 109 11 58 131 35 629 361 161 137 29 90 2 2 5 18 19 18 11 5 4 0 17 3 3 0 0 0 0 0 0 0 0 0 0 0 0 0 0 0 0 0 0 2 0 0
3 1 0 0 0 0 1 0 7 13 0 9 0 2 14 0 0 0 0 0 0 0 0 0 0 0 0 1 0 0 0 0 0 0 3 1 0 0 1 1 0 0 0 0 0 0 0 0 0 0 0 0 1 7 2 0 1 25 11 46 381 271 17 1 72 36 13 20 3 41 0 0 0 0 4 7 4 51 78 488 935 939 759 21 10 4 225 360 431 56 15 8 374 1184 1381 1462 107 464 237 121 364 101 83 514 949 99 205 269 74 47 1041 201 155 11 48 13 4 1 3 20 11 3 19 22 1 1 8 6 2 0 5 2 0 0 0 0 0 0 0 0 0 0 0 0 0 0 0 0 0 0
0 0 0 0 0 0 1 1 14 13 0 0 0 0 0 0 1 0 0 0 0 0 0 0 0 0 0 0 0 0 0 0 0 0 0 0 2 0 2 1 1 0 0 0 0 0 0 2 16 1 10 0 17 12 0 0 1 0 0 20 68 190 22 23 2 1 1 1 11 10 0 1 0 2 0 12 4 35 132 607 1161 768 767 317 1181 1002 256 116 210 149 73 7 10 853 1436 1562 919 217 120 13 88 133 19 1 62 369 292 368 94 21 564 539 165 39 5 183 214 683 319 44 15 16 25 46 35 24 8 10 8 67 193 9 0 0 0 0 0 0 0 0 0 0 0 0 0 0 0 0 0 0
0 0 14 0 0 0 3 0 2 6 4 4 0 0 0 5 2 2 0 0 0 0 0 0 0 0 0 0 0 0 0 0 0 0 0 7 0 2 2 0 0 4 4 0 0 0 7 46 12 22 11 5 20 6 0 0 0 7 17 31 0 157 5 4 0 0 1 0 0 26 0 0 0 0 0 0 11 13 88 298 446 294 586 590 230 329 301 409 414 321 51 2 8 215 462 788 1189 48 20 85 29 26 2 18 275 430 947 577 291 139 467 171 150 21 0 152 369 618 462 176 400 191 258 184 109 516 63 59 71 42 14 129 24 57 2 0 0 0 0 0 0 0 0 0 0 0 0 0 0 0
0 0 4 0 0 0 0 0 15 2 0 0 0 0 0 0 12 9 0 0 0 0 0 0 0 0 0 0 0 0 0 0 0 6 5 0 0 2 2 1 2 32 3 11 4 0 1 2 0 1 0 0 6 4 4 3 3 3 2 14 2 1 0 0 0 1 4 0 4 0 7 0 0 0 0 0 29 24 112 260 523 142 41 58 138 109 52 65 102 767 26 0 1 0 19 146 1392 577 425 7 0 5 41 52 11 102 436 252 33 41 370 207 68 121 45 250 788 254 669 931 717 421 199 149 443 183 1 0 0 51 1 1 80 45 118 0 0 0 0 0 0 0 0 0 0 0 0 0 0 0
2 0 0 0 0 1 6 0 3 4 0 0 0 0 0 0 1 4 23 6 4 2 0 2 0 0 0 0 0 0 0 0 0 0 0 0 3 0 0 0 0 8 54 6 13 0 0 32 1 0 0 0 13 8 7 0 0 0 3 7 3 5 1 0 0 3 1 0 0 3 18 0 0 0 7 31 213 44 171 52 187 244 18 1 20 22 13 1 0 0 0 0 5 30 137 11 761 550 756 472 18 3 42 19 23 3 19 126 727 253 1088 655 107 856 287 26 40 144 1329 1344 154 301 106 4 60 158 16 0 33 28 0 0 36 3 5 0 0 0 0 0 0 0 0 0 0 0 0 0 0 0
0 0 0 0 0 0 4 1 0 4 0 0 0 0 0 0 0 1 99 8 6 5 0 0 0 0 0 0 0 1 11 7 0 0 0 0 0 0 0 0 0 0 1 73 59 0 0 0 6 0 0 42 10 0 0 0 0 0 33 0 12 20 3 33 0 0 31 42 7 17 95 0 2 0 2 356 638 377 212 16 194 643 56 9 9 300 7 1 0 28 6 0 0 52 9 30 77 661 220 276 1 36 324 127 376 78 161 574 264 789 1047 959 874 265 264 279 198 193 977 477 135 78 0 0 0 13 25 0 25 0 0 0 1 0 0 2 0 0 0 0 0 0 0 0 0 0 0 0 0 0
0 0 0 0 0 0 24 2 12 17 0 0 0 0 0 0 0 0 1 2 8 0 0 3 1 2 0 0 1 0 1 0 0 0 0 0 0 0 0 0 0 0 0 7 18 1 0 0 0 56 4 34 0 0 1 0 0 35 45 34 77 28 8 15 13 121 124 88 206 151 54 4 6 1 63 663 1499 1302 567 11 14 388 46 4 3 20 6 10 0 58 13 12 1 12 0 10 39 363 399 299 20 58 502 606 1792 1402 1477 997 1026 1118 844 546 640 682 409 180 233 114 81 121 105 100 30 17 2 6 42 10 12 25 3 0 0 0 0 0 0 0 0 0 0 0 0 0 0 0 0 0 0 0
0 0 0 0 0 0 0 29 20 1 5 0 0 0 0 0 0 0 2 3 0 7 16 0 1 0 0 0 0 5 0 0 0 0 0 0 0 0 0 0 0 0 0 0 0 27 0 0 0 57 110 102 0 0 1 13 34 100 10 145 38 29 27 47 25 54 109 108 78 230 247 161 97 130 681 1122 1949 906 114 1 3 5 2 0 0 0 38 40 4 65 4 11 0 2 6 23 34 40 18 26 15 1 1948 667 623 842 969 358 716 826 1130 905 872 416 219 65 18 155 129 80 29 9 162 376 62 83 8 3 4 2 0 0 0 2 35 2 0 0 0 0 0 0 0 0 0 0 0 0 0 0
0 0 0 0 0 0 0 5 1 0 0 0 2 2 0 0 19 7 0 0 3 0 18 43 23 1 1 0 0 1 0 0 0 0 0 0 0 0 0 0 0 0 1 0 0 12 1 0 2 21 43 1 2 28 27 78 89 150 65 41 2 2 4 0 0 2 1 0 0 0 3 1 72 34 274 423 579 280 112 0 0 0 1 0 0 0 2 56 51 18 3 0 11 0 0 35 26 0 1 95 21 270 847 846 393 244 382 197 537 810 595 499 656 261 321 76 32 96 176 9 0 2 27 52 33 295 3 12 5 0 0 0 0 0 0 0 0 0 0 0 0 0 0 0 0 0 0 0 0 0
0 0 0 0 0 0 0 1 0 0 0 1 0 0 0 6 0 5 10 1 0 1 1 0 21 2 6 19 6 0 0 0 0 0 0 0 1 0 0 1 0 0 6 0 0 13 69 6 7 37 27 28 8 108 22 24 43 101 406 9 4 1 0 0 5 4 36 58 3 64 27 1 179 28 30 63 24 146 11 16 1 0 1 14 0 0 0 11 105 1 0 23 57 49 11 10 4 1 47 631 172 158 191 137 111 483 279 188 526 462 178 75 48 150 109 15 141 161 20 3 0 5 10 10 164 852 196 9 2 4 0 0 0 0 0 0 0 0 0 0 0 0 0 0 0 0 0 0 3 2
0 0 0 0 1 7 0 1 0 0 0 0 1 0 0 1 2 0 0 2 0 4 12 0 1 0 61 32 12 0 0 0 0 0 0 8 1 0 0 0 0 1 1 9 29 20 11 5 14 563 113 62 25 21 11 37 187 82 66 24 50 54 5 1 0 3 14 3 5 9 13 24 27 6 13 66 89 26 10 31 17 0 6 33 0 12 10 8 8 0 1 41 61 248 55 1 0 30 267 10 149 227 60 27 79 118 187 428 630 2 0 131 6 500 32 0 9 0 0 0 0 0 2 7 51 197 264 364 7 1 0 0 0 0 0 0 0 0 0 0 0 0 0 0 0 0 0 0 0 0
0 0 0 0 0 0 0 0 0 0 0 1 1 2 0 0 2 2 0 2 0 4 49 2 3 16 2 19 168 5 0 1 2 0 3 0 0 0 0 0 0 4 3 56 22 106 94 8 5 184 24 7 5 4 59 3 38 175 12 0 2 3 1 0 0 9 1 0 19 13 59 50 11 0 1 63 44 1 3 2 14 0 1 0 0 33 21 0 13 7 2 26 4 0 0 22 1 26 23 2 860 1156 822 140 105 165 144 439 160 5 0 0 2 135 10 0 0 0 0 0 0 0 0 7 13 9 11 120 13 0 0 0 0 0 0 0 0 0 0 0 0 0 0 0 0 0 0 0 0 0
0 0 0 0 0 3 0 0 0 0 0 0 0 1 0 0 2 1 0 0 0 3 11 6 0 17 5 10 0 5 2 19 9 0 0 0 0 0 0 4 15 2 17 13 6 15 9 48 127 273 322 137 32 29 15 8 364 1 0 1 0 3 8 9 269 72 14 0 3 12 78 62 1 0 5 74 265 105 5 55 10 17 5 5 0 0 0 1 34 9 6 0 0 1 0 0 0 15 442 313 1449 1187 450 151 2 21 86 106 3 0 0 0 0 27 0 0 0 0 0 0 0 0 3 11 0 0 57 513 0 0 0 0 0 0 0 0 0 0 0 0 0 0 0 0 0 0 0 0 0 0
0 0 0 0 0 0 0 0 0 0 0 0 0 7 2 3 0 0 0 0 0 9 9 5 0 1 2 0 0 0 24 186 7 2 0 0 0 26 0 0 86 11 0 0 1 0 11 18 249 830 370 243 29 1 0 3 6 2 0 0 1 5 0 0 14 12 18 0 2 64 20 22 8 0 1 13 79 68 28 82 21 24 6 32 14 4 16 2 254 67 24 10 0 3 1 8 9 0 75 347 178 67 49 0 2 6 132 42 2 0 0 0 9 91 0 0 0 0 0 0 0 0 0 0 0 39 23 1 3 4 3 2 0 0 0 0 0 0 0 0 0 0 0 0 0 0 0 0 0 0
0 0 0 0 0 0 0 0 0 0 0 0 0 0 3 0 0 0 0 0 2 1 6 1 0 0 0 0 0 0 2 9 35 10 2 0 6 97 3 4 2 0 0 0 0 0 11 45 24 565 296 130 9 0 0 3 0 2 18 0 0 0 0 0 4 7 45 2 0 6 25 21 15 1 0 0 4 1 16 11 6 64 27 0 0 8 11 1 0 0 1 4 10 2 2 4 6 0 3 1 3 0 6 58 61 37 27 51 116 139 43 38 28 0 0 0 0 0 0 0 0 0 0 3 62 65 59 0 0 0 1 0 0 0 0 0 0 0 0 0 0 0 0 0 0 0 0 0 0 0
0 0 0 0 0 0 0 0 0 0 0 0 0 1 4 0 0 3 0 0 6 1 0 41 0 3 1 0 0 5 1 6 13 6 3 7 7 15 11 0 0 0 0 0 6 118 22 46 14 161 118 14 5 3 8 0 5 15 1 0 0 0 0 0 0 1 0 0 0 0 0 2 133 87 4 7 0 0 0 0 0 7 99 290 5 1 0 0 0 0 0 6 0 1 0 1 0 0 0 6 4 2 3 60 47 34 10 3 7 12 0 110 21 2 0 0 0 0 0 0 0 0 0 11 12 19 37 85 3 0 0 0 0 0 0 0 0 0 0 0 0 0 0 0 0 0 3 0 0 0
0 0 0 0 0 0 0 0 0 0 0 0 0 0 0 0 0 1 0 0 0 0 0 0 1 0 2 0 0 0 0 2 8 9 18 0 0 148 0 0 0 0 0 27 7 33 48 3 13 40 48 32 14 8 13 6 0 0 0 0 0 0 0 0 0 0 0 8 40 5 2 0 3 20 41 42 0 0 0 0 0 2 8 94 14 0 0 1 0 0 7 2 1 4 0 0 2 2 0 7 10 10 5 16 539 0 0 9 0 0 0 3 3 0 0 3 2 0 0 0 0 0 3 0 0 27 29 13 0 0 1 0 0 0 0 0 0 0 0 0 0 0 0 0 0 0 0 0 0 0
0 0 0 0 0 0 0 0 0 0 0 0 0 1 8 2 0 0 3 0 0 5 6 0 0 0 0 3 0 0 0 0 5 61 36 0 0 33 0 1 0 0 0 5 93 17 5 1 4 3 61 15 0 3 0 0 0 0 0 0 4 0 0 0 6 0 0 8 4 7 3 18 2 0 1 1 5 0 0 0 3 0 2 5 1 15 4 9 1 7 0 2 3 0 21 1 0 9 0 3 10 9 21 103 268 305 0 9 0 0 1 1 3 3 41 3 0 0 0 0 2 0 0 0 0 42 20 29 4 0 0 0 0 0 0 0 10 35 0 0 0 0 0 0 0 0 0 0 0 0
0 0 0 0 0 0 0 0 0 0 0 0 0 0 8 0 0 0 0 0 4 2 15 2 0 0 0 13 2 0 0 4 1 5 13 1 0 0 7 0 4 3 12 12 67 6 9 1 2 5 17 11 3 0 0 0 0 2 0 0 0 1 0 3 7 0 0 2 5 1 6 8 0 3 0 3 18 1 0 0 0 0 29 2 3 0 11 8 0 1 2 1 0 5 2 25 0 1 0 0 19 8 6 14 22 426 59 6 0 0 0 0 0 2 14 15 0 0 2 2 0 0 0 0 5 239 12 21 0 0 0 0 0 0 0 0 6 5 0 0 0 0 0 0 0 0 0 0 0 0
0 0 0 0 0 0 0 0 1 0 0 0 0 46 2 1 9 24 0 1 1 13 7 1 0 0 1 9 1 4 9 1 0 26 3 0 1 23 3 11 50 50 21 114 237 2 4 1 7 0 0 26 32 8 2 1 0 0 0 0 0 0 0 1 0 0 0 2 7 38 87 21 11 8 0 0 0 12 1 0 0 0 0 0 1 0 1 8 7 2 10 0 1 4 0 0 1 8 0 0 0 11 15 10 38 1318 678 58 3 0 0 0 0 2 1 0 10 92 47 1 0 0 0 36 70 49 77 233 124 29 0 0 0 0 0 3 10 1 0 0 0 0 0 0 0 0 0 0 0 0
0 0 0 0 0 3 1 1 0 0 2 3 6 5 5 5 15 52 2 6 0 8 2 2 0 0 0 4 23 7 1 5 4 0 6 26 8 37 46 115 421 977 418 310 96 12 0 0 1 1 0 4 29 8 2 0 0 0 0 0 0 0 0 0 0 0 0 0 0 0 15 38 20 1 93 6 0 9 0 0 0 5 2 0 7 0 0 0 6 6 4 3 5 8 8 15 5 0 0 0 2 2 16 23 264 392 250 438 9 0 0 0 0 0 0 2 184 60 22 0 0 0 94 110 216 236 888 594 14 17 0 0 0 32 0 2 0 0 0 0 0 0 0 0 0 0 0 0 0 0
0 0 0 0 0 0 0 1 6 18 9 26 130 2 0 1 9 3 1 0 4 5 7 33 4 17 9 1 0 3 0 1 4 15 29 20 1 4 74 287 809 1099 715 699 63 7 2 23 5 0 17 0 61 88 8 6 0 0 0 0 0 1 0 0 0 0 0 1 0 0 3 1 1 0 0 0 0 11 3 0 0 0 0 1 13 0 0 0 1 4 0 2 8 31 2 7 0 0 0 5 0 9 12 12 31 111 3 73 24 0 0 0 6 0 68 51 486 413 123 39 7 9 5 167 82 46 402 495 491 283 28 35 32 253 4 1 0 0 0 0 0 0 0 0 0 0 0 0 0 0
0 0 0 0 0 0 0 1 5 5 14 3 8 0 2 2 0 3 7 10 0 10 78 25 0 0 0 2 1 6 16 2 5 3 14 29 23 17 44 91 486 402 577 349 51 13 7 14 2 16 3 2 8 10 1 7 0 0 0 0 0 0 0 0 0 0 0 0 0 0 2 0 0 0 0 5 2 4 2 0 1 10 6 3 64 0 0 0 27 27 7 0 3 19 1 0 0 1 4 1 4 0 1 13 2 1 0 3 22 3 1 3 6 0 50 760 628 534 185 123 127 62 51 3 1 13 21 131 23 96 11 262 503 52 30 8 0 0 0 0 0 0 0 0 0 0 0 0 0 0
0 0 0 0 0 0 1 2 0 2 8 11 1 0 2 25 0 3 26 9 203 51 6 0 0 0 1 2 3 26 2 2 5 19 17 11 0 1 1 189 507 285 369 216 62 11 7 0 16 9 2 1 6 1 9 1 1 1 0 0 0 0 0 0 0 0 0 0 1 0 2 0 0 0 0 0 0 0 11 0 3 26 44 166 22 0 0 0 0 2 0 0 1 2 1 1 10 1 0 1 0 0 0 0 8 14 4 7 292 181 349 546 239 112 486 1134 458 281 128 485 68 155 5 4 51 22 32 112 2 0 14 187 265 59 59 4 0 0 0 0 0 0 0 0 0 0 0 0 0 0
0 0 0 0 0 0 0 3 0 2 0 5 2 7 1 9 7 13 24 8 63 0 0 0 0 0 0 0 1 13 6 10 9 2 4 2 2 4 7 7 43 86 47 30 4 0 3 0 1 0 3 2 38 12 1 0 5 2 0 0 0 0 0 0 0 0 0 0 0 0 0 0 0 0 0 7 0 15 5 1 0 9 21 8 0 0 0 0 8 0 3 0 0 1 6 5 2 0 0 0 2 0 0 0 0 5 7 17 240 76 134 78 37 313 1375 683 318 586 114 517 104 3 0 18 4 16 14 3 0 0 44 207 9 0 1 0 0 0 0 0 0 0 0 0 0 0 0 0 0 0
0 0 0 0 0 9 26 6 12 1 0 0 0 7 19 3 1 5 17 37 18 0 0 0 0 0 1 0 1 7 64 5 8 5 6 1 0 2 5 2 14 6 2 1 1 0 0 0 4 0 0 35 340 9 14 24 17 1 5 0 0 0 0 0 0 0 0 0 0 0 0 0 0 0 0 0 0 4 0 0 0 0 3 0 0 0 0 0 15 0 0 0 1 53 2 0 2 19 0 1 2 0 0 1 0 0 5 74 55 11 1 23 118 177 210 563 173 222 84 108 320 2 0 0 0 1 1 0 0 0 5 107 18 0 0 0 0 0 0 0 0 0 0 0 0 0 0 0 0 0
0 0 1 1 4 0 14 6 4 1 0 0 3 10 13 3 30 28 2 1 2 3 13 0 1 0 0 23 21 16 36 38 9 2 0 11 1 9 3 0 9 35 1 2 4 0 7 0 0 4 0 17 179 73 3 33 2 0 0 0 0 0 0 0 0 0 0 0 0 0 0 0 0 0 0 0 12 4 8 0 0 0 0 0 0 0 0 0 9 2 11 0 18 49 6 5 3 3 1 6 9 0 0 0 0 0 10 97 851 5 0 0 0 0 7 4 0 114 388 676 108 0 0 0 1 2 2 0 0 0 0 0 69 10 0 0 0 0 0 0 0 0 0 0 0 0 0 0 0 0
4 0 9 0 3 1 3 104 3 7 9 8 4 1 2 151 88 14 6 9 3 0 5 4 3 14 6 73 4 14 13 6 8 1 0 2 0 0 0 2 10 2 0 6 4 0 1 0 0 0 0 90 5 6 15 1 12 0 0 0 0 0 0 0 0 0 0 0 0 0 0 0 0 0 0 1 3 22 3 0 0 0 1 0 0 0 0 0 21 1 11 0 1 11 2 1 0 1 5 0 0 1 2 6 8 19 40 31 273 0 0 0 0 0 8 1 0 29 91 289 313 137 1 0 4 39 0 0 0 49 113 24 63 16 0 0 0 0 0 0 0 0 0 0 0 0 0 0 0 0
0 1 0 0 0 2 1 0 0 10 34 14 2 1 37 35 36 30 11 1 1 0 6 1 3 9 4 1 2 1 2 0 0 7 8 0 1 0 0 3 1 55 6 2 1 0 1 1 0 0 3 38 10 33 32 7 7 0 0 0 0 0 0 0 0 0 0 0 0 0 0 0 0 0 0 0 0 34 106 6 0 7 0 0 0 0 3 87 23 0 6 2 1 6 0 2 0 3 2 13 25 19 63 5 3 17 13 25 191 79 0 0 0 16 101 68 229 613 127 327 573 192 3 11 250 74 0 0 0 66 162 0 0 0 0 0 0 0 0 0 0 0 0 0 0 0 0 0 0 0
0 2 2 4 0 0 2 8 2 10 4 99 9 28 0 3 1 10 4 0 0 0 3 12 12 3 12 0 21 1 0 0 0 1 0 0 0 2 2 0 3 16 40 12 2 0 4 8 0 0 0 70 24 6 0 1 0 0 7 0 0 0 0 0 0 0 0 0 0 0 0 0 0 0 0 0 0 24 31 1 0 2 0 0 0 0 0 26 0 0 5 0 0 5 23 0 0 0 5 3 0 1 4 1 11 0 5 61 81 30 0 0 0 0 136 661 1073 717 54 71 91 112 179 310 77 1 0 0 22 375 201 0 0 0 0 0 0 0 0 0 0 0 0 0 0 0 0 0 0 0
0 0 0 0 0 2 7 4 0 0 11 38 4 3 0 1 0 1 1 5 1 0 1 4 0 0 3 4 4 0 0 0 0 0 0 0 0 1 18 0 0 1 0 2 28 14 0 2 0 1 2 71 6 4 0 1 0 0 3 4 0 0 0 0 0 0 0 0 0 0 0 0 0 0 0 0 1 8 76 21 6 17 7 0 0 0 3 0 1 0 0 0 2 7 0 0 0 0 0 8 2 3 2 10 2 2 3 12 55 0 0 2 33 34 65 25 27 70 529 314 52 373 691 510 435 309 69 168 725 1569 646 14 0 0 0 0 0 0 0 0 0 0 0 0 0 0 0 0 0 0
0 1 4 0 1 6 6 3 0 45 25 7 0 2 0 15 3 3 0 1 0 0 0 0 0 13 30 1 0 0 0 2 3 2 4 0 0 0 1 11 3 0 0 0 0 0 15 2 4 9 13 395 15 1 0 6 2 2 0 4 0 0 0 0 0 0 0 0 0 0 0 0 0 0 0 0 6 60 55 1 2 21 21 0 0 0 0 0 5 7 0 4 5 13 2 18 13 1 0 4 9 0 1 14 12 10 7 0 133 53 5 12 29 5 5 14 5 297 483 587 620 837 896 600 1663 1083 686 780 967 727 636 3 0 0 0 0 0 0 0 0 0 0 0 0 0 0 0 0 0 0
1 0 0 0 3 7 0 0 39 4 1 6 0 0 8 5 10 2 0 1 0 0 0 0 1 8 8 0 4 0 0 8 0 0 3 1 0 0 3 2 0 0 1 0 1 0 6 0 4 25 629 616 19 108 15 3 2 9 4 7 1 0 0 0 0 0 0 0 0 0 0 0 0 0 0 0 0 0 5 3 0 4 2 0 0 0 0 0 4 2 0 5 74 0 0 1 0 0 4 53 30 8 6 0 21 16 14 58 15 10 18 8 39 6 31 11 8 96 505 1739 1744 899 345 1112 1381 986 251 706 727 44 760 85 1 0 0 0 0 0 0 0 0 0 0 0 0 0 0 0 0 0
2 3 0 6 2 0 2 4 16 3 3 1 4 5 5 1 4 2 0 0 0 0 0 0 8 1 0 0 0 0 0 35 35 0 1 3 2 0 0 1 0 1 0 1 0 0 3 0 1 39 956 824 623 547 69 36 3 0 5 7 2 0 0 0 0 0 0 0 0 0 0 0 0 0 0 0 0 0 0 22 0 0 0 0 0 0 0 17 102 0 0 28 11 0 0 0 0 0 0 31 19 0 30 12 2 167 515 6 19 0 6 4 0 16 9 10 9 9 120 687 412 702 329 2806 1385 513 210 241 51 482 874 623 0 0 0 0 0 0 0 0 0 0 0 0 0 0 0 0 0 0
3 1 2 22 2 1 8 10 21 0 24 55 5 2 0 0 0 0 0 0 0 0 0 0 2 0 0 0 0 0 0 7 6 5 1 2 0 0 0 0 0 0 0 0 0 8 7 0 0 6 259 367 650 428 70 59 6 4 3 3 0 0 0 0 0 0 0 0 0 0 0 0 0 0 2 0 0 0 0 19 2 5 16 0 0 0 0 19 39 2 2 40 102 0 0 0 0 0 0 0 5 31 20 124 29 17 7 25 0 0 0 0 3 13 1 14 3 9 7 46 274 290 425 832 1135 738 473 534 370 684 394 480 1 0 0 0 0 0 0 0 0 0 0 0 0 0 0 0 0 0
5 3 3 5 8 8 14 15 3 1 1 4 1 0 0 0 0 0 0 0 0 0 2 0 1 0 0 0 0 2 3 0 1 4 0 1 0 0 0 0 0 0 0 0 0 1 24 0 2 1 19 120 372 14 34 61 5 0 3 3 1 1 0 0 0 0 0 0 0 0 0 0 0 0 0 0 0 0 2 0 7 1 0 0 0 0 36 83 23 2 8 245 133 19 13 0 0 0 0 19 42 6 47 96 42 1 2 2 13 4 0 0 4 1 4 5 31 27 25 24 213 689 453 334 252 723 727 1457 271 172 119 59 0 0 0 0 0 0 0 0 0 0 0 0 0 0 0 0 0 0
9 1 17 0 2 2 70 57 26 17 7 3 1 1 0 0 0 0 0 0 0 0 2 0 0 0 0 0 2 0 0 0 0 0 0 0 0 0 3 0 0 0 0 0 0 4 0 0 5 22 0 14 95 17 34 0 0 45 76 6 0 0 1 0 0 0 0 0 0 0 0 0 0 0 0 0 0 0 0 0 0 10 38 28 12 10 6 1 15 60 102 219 145 8 10 5 0 0 25 51 43 418 281 515 457 42 16 6 12 9 0 0 4 1 1 4 3 169 22 488 232 834 2491 2112 856 193 2046 2903 1570 0 0 0 0 0 0 0 0 0 0 0 0 0 0 0 0 0 0 0 0 0
5 21 20 0 13 11 10 28 3 10 0 0 1 2 0 0 0 0 0 2 0 1 12 0 0 0 0 1 2 0 0 1 2 18 0 1 0 0 0 0 1 0 0 0 1 0 0 0 0 5 0 5 77 1 5 0 0 4 107 15 2 1 0 0 0 0 0 0 0 0 0 0 0 0 0 0 0 0 0 0 2 4 8 0 0 7 6 7 12 55 108 91 132 6 35 6 1 1 0 38 149 260 653 316 256 44 4 7 1 9 4 1 0 0 3 3 206 601 408 788 686 7 7 269 136 239 387 930 365 3 274 8 0 0 0 0 0 0 0 0 0 0 0 0 0 0 0 0 0 0
14 7 151 3 54 98 48 6 0 2 1 2 2 2 0 0 1 0 0 0 2 0 0 0 0 0 1 0 0 0 0 0 0 0 0 0 0 0 0 0 4 1 3 0 0 0 0 0 0 0 0 12 20 0 0 0 1 1 1 28 1 0 5 0 0 0 0 0 0 0 0 0 0 0 0 0 0 0 0 2 12 57 0 0 40 3 146 6 0 0 1 6 23 1 1 0 0 0 0 17 13 167 987 402 96 342 24 4 13 0 265 3 0 0 0 15 406 498 178 53 0 0 0 0 82 491 78 735 369 26 60 35 0 0 0 0 0 0 0 0 0 0 0 0 0 0 0 0 0 0
2 36 152 151 471 647 255 32 70 0 0 0 0 0 3 0 0 0 0 0 1 5 0 0 0 0 0 0 0 0 0 0 0 1 0 0 0 0 2 0 0 0 0 10 3 1 0 11 4 1 0 35 14 1 0 2 1 0 16 0 0 6 0 0 0 0 0 0 0 0 0 0 0 0 0 0 0 0 6 26 4 0 0 2 1 1 14 164 66 0 0 0 0 0 0 0 0 0 0 0 0 229 662 172 147 200 12 10 2 13 8 1 0 0 5 51 232 22 62 105 0 0 0 0 22 582 271 446 258 13 105 2 0 0 0 0 0 0 0 0 0 0 0 0 0 0 0 0 0 0
6 142 339 1150 719 493 174 61 0 1 0 0 5 0 0 0 0 0 1 0 0 2 0 0 2 0 0 0 0 1 0 0 0 0 0 0 0 0 0 0 1 1 0 2 3 0 0 18 41 1 0 0 27 0 0 1 7 0 0 0 0 14 0 0 0 0 0 0 0 0 0 0 0 0 0 0 0 234 0 0 0 0 0 0 0 0 51 34 0 0 2 0 0 0 0 0 0 0 0 0 8 54 26 26 79 106 0 0 10 3 3 7 13 8 14 0 2 13 14 38 36 57 40 0 47 102 87 468 40 3 0 0 0 0 2 0 0 0 0 0 0 0 0 0 0 0 0 0 0 0
0 8 227 286 129 227 41 7 4 1 1 2 0 0 0 0 0 1 0 2 5 0 0 0 1 1 0 0 1 2 0 0 0 0 4 0 1 0 0 0 0 0 0 1 1 0 1 1 10 7 1 0 0 0 0 9 0 0 0 0 0 0 0 0 0 0 0 0 0 0 0 0 0 0 0 0 3 0 0 0 0 0 0 0 0 0 95 12 14 7 42 0 0 0 48 31 0 0 1 492 964 179 252 201 5 148 93 13 2 2 3 15 11 10 0 0 0 0 14 58 95 34 154 285 37 188 2 0 0 7 0 0 0 0 0 0 0 0 0 0 0 0 0 0 0 0 0 0 0 0
9 24 55 58 58 18 3 1 1 8 19 1 1 0 1 0 0 0 0 0 2 37 1 0 0 0 0 1 0 1 0 0 0 0 0 0 0 0 0 0 0 0 10 1 4 38 0 0 0 0 0 0 1 0 0 10 1 0 0 0 0 0 0 0 0 0 0 0 0 0 0 0 0 0 0 0 4 5 0 0 0 0 0 0 0 1 11 16 0 25 30 0 0 0 106 105 71 16 253 2064 432 578 178 27 1 30 65 164 2 9 52 0 0 6 0 1 0 1 18 17 116 37 30 42 18 78 18 24 66 37 8 0 0 0 0 0 0 0 0 0 0 0 0 0 0 0 0 0 0 0
25 6 23 2 1 0 0 3 0 8 0 0 0 0 0 1 0 0 1 0 6 8 1 2 0 0 0 0 0 1 0 0 1 3 10 0 0 0 0 0 0 0 0 1 1 19 1 0 0 0 0 0 3 7 73 8 9 0 0 0 0 0 0 0 0 0 0 0 0 0 0 0 0 0 54 33 1 0 0 0 0 0 0 0 0 0 13 0 0 0 111 14 7 9 114 316 115 7 92 196 20 15 167 6 7 6 3 191 583 109 5 1 0 9 19 0 0 8 3 1 27 0 3 8 52 88 33 62 258 45 42 0 0 0 0 0 0 0 0 0 0 0 0 0 0 0 0 0 0 0
18 0 3 0 0 0 1 0 0 0 0 0 0 0 0 0 0 0 0 0 0 1 0 2 0 0 2 0 0 0 24 47 8 0 1 0 0 0 0 0 1 0 0 0 1 1 0 0 0 0 1 2 1 1 8 1 0 0 0 0 0 0 0 0 0 0 0 0 0 0 0 0 0 0 27 53 0 0 0 0 0 0 0 1 0 0 49 63 146 68 178 16 25 26 1 58 8 3 0 3 5 2 3 0 1 8 283 337 210 35 3 0 0 0 1 0 0 15 0 0 7 2 16 60 14 168 46 268 102 225 33 0 0 0 0 0 0 0 0 0 0 0 0 0 0 0 0 0 0 0
1 1 0 2 1 0 0 0 0 0 0 0 0 0 0 0 0 0 0 1 1 0 0 0 0 0 0 0 5 0 1 0 0 0 0 1 0 0 0 0 0 28 0 0 0 15 1 1 0 0 0 2 5 37 24 1 1 0 0 0 0 0 0 0 0 0 0 0 0 0 0 2 4 2 2 0 0 0 0 0 0 0 0 0 0 0 3 0 184 7 0 0 0 17 3 27 0 2 2 0 0 9 0 4 3 407 805 359 69 97 0 0 0 0 0 0 0 0 117 18 0 25 0 18 8 15 95 54 2 17 1 0 0 0 0 0 0 0 0 0 0 0 0 0 0 0 0 0 0 0
1 0 0 10 0 1 0 0 0 0 0 0 0 0 0 0 0 0 0 0 0 0 0 6 0 0 1 3 0 0 1 0 0 0 1 0 0 2 0 6 0 0 0 0 0 0 0 0 0 0 1 0 7 68 5 9 5 0 0 0 0 0 0 0 0 0 0 0 0 0 5 2 10 0 0 0 0 0 0 0 0 0 0 0 0 0 7 0 0 0 0 0 3 9 0 0 2 0 12 1 7 3 2 0 37 78 79 8 35 135 0 0 0 0 0 0 0 0 6 3 0 24 3 82 129 44 266 37 69 26 5 0 0 0 0 0 0 0 0 0 0 0 0 0 0 0 0 0 0 0
0 0 0 0 3 38 0 0 0 0 0 0 0 0 0 0 0 0 0 2 0 0 0 0 0 0 2 0 0 0 0 0 1 0 1 2 0 0 0 1 0 0 3 0 0 1 0 0 0 0 4 0 3 0 4 0 3 2 0 0 0 0 0 0 0 0 0 17 2 9 2 0 0 0 0 0 0 0 0 0 0 0 0 0 0 0 0 0 2 0 0 39 128 6 2 0 0 0 0 0 7 18 49 30 103 14 0 24 39 18 2 0 0 0 0 0 0 0 0 0 0 6 0 62 0 0 36 180 13 14 3 0 0 0 0 0 0 0 0 0 0 0 0 0 0 0 0 0 0 0
0 0 0 0 49 28 0 0 0 0 0 0 0 0 6 0 0 0 0 0 0 0 0 0 0 0 0 0 8 0 1 0 0 0 0 0 0 0 0 0 0 0 0 1 2 3 0 0 0 10 16 0 0 7 1 2 7 3 0 1 0 0 0 0 0 0 1 0 6 1 0 1 1 0 0 0 0 0 0 0 0 0 0 0 0 0 0 0 55 42 134 330 120 30 0 0 2 0 0 83 27 584 545 36 8 13 5 0 0 26 8 0 0 0 0 0 0 0 0 0 0 0 0 0 0 0 92 52 0 0 0 0 0 0 0 0 0 0 0 0 0 0 0 0 0 0 0 0 0 0
0 0 0 0 5 0 0 0 0 0 0 0 7 1 0 0 0 0 1 0 0 0 0 0 0 0 1 0 0 4 0 0 0 0 0 3 1 0 0 0 0 2 0 0 5 6 0 0 1 0 0 1 0 9 0 0 0 0 0 0 0 0 0 0 0 0 0 0 23 0 0 0 2 0 0 0 0 0 0 0 0 0 0 0 0 4 2 0 11 94 330 142 71 40 0 1 2 1 2 38 130 90 110 52 27 0 1 0 0 4 8 1 0 0 0 0 0 0 0 2 4 94 167 0 0 7 7 2 0 0 0 0 0 0 0 0 0 0 0 0 0 0 0 0 0 0 0 0 0 0
1 0 0 0 1 1 0 0 0 0 0 0 17 8 1 3 0 1 0 0 0 0 0 0 0 2 5 0 0 4 0 0 0 0 1 2 0 0 0 0 0 0 0 0 8 7 5 0 0 2 1 0 1 15 6 0 0 0 0 0 0 0 0 0 0 0 0 5 219 0 0 1 0 0 0 0 0 0 0 0 0 0 0 0 15 18 34 2 0 18 0 3 13 1 27 1 0 4 5 15 128 0 0 1 1 1 0 1 2 57 31 20 0 1 0 0 0 0 0 0 0 0 0 0 0 0 0 7 0 0 0 0 0 0 0 0 0 0 0 0 0 0 0 0 0 0 0 0 0 0
0 0 0 0 0 0 9 0 0 0 0 0 0 0 0 0 5 0 0 0 0 0 0 0 0 1 0 3 0 1 0 0 0 0 0 4 0 0 0 0 0 0 0 0 0 0 0 5 0 2 0 0 0 8 3 7 37 1 1 0 0 0 0 0 0 0 4 63 9 0 0 2 0 0 0 0 0 0 0 0 0 0 0 0 75 0 1 3 5 14 2 5 8 2 21 9 6 18 17 31 18 6 5 1 32 0 0 14 70 110 102 384 20 14 1 0 0 0 0 0 0 0 0 0 0 0 0 0 0 0 0 0 0 0 0 0 0 0 0 0 0 0 0 0 0 0 0 0 0 0
0 0 0 0 1 2 0 0 0 0 0 1 0 0 0 2 0 0 0 0 0 0 0 0 0 0 0 0 0 1 0 0 0 0 0 0 0 0 1 3 0 0 0 0 0 0 0 0 15 0 0 1 0 5 0 35 69 0 0 0 0 0 0 0 0 4 32 138 2 0 0 3 0 0 0 0 0 0 0 0 0 0 0 35 72 2 1 9 14 3 85 7 1 0 0 18 52 23 109 2 14 0 7 4 1 0 14 5 17 103 143 67 28 3 5 0 0 0 0 0 0 0 0 0 0 0 0 0 0 0 0 0 0 0 0 0 0 0 0 0 0 0 0 0 0 0 1 0 0 0
0 0 0 0 0 0 0 0 0 0 0 0 0 0 0 0 1 0 0 0 0 0 0 0 0 0 0 1 0 3 0 0 0 0 0 0 1 0 1 0 0 0 0 0 0 3 3 9 54 3 3 0 0 0 5 2 4 11 28 15 1 2 2 17 5 1 0 0 0 0 2 0 0 0 0 0 0 0 0 0 0 0 0 2 0 0 0 29 20 2 3 0 0 0 10 198 5 0 0 0 0 1 0 0 20 67 413 909 444 104 41 0 2 5 0 0 0 0 0 0 0 0 0 0 0 0 0 0 0 0 0 0 0 0 0 0 0 0 0 0 0 0 0 0 0 0 0 0 0 0
0 0 2 1 11 34 2 5 0 0 1 2 0 0 2 0 11 0 0 0 0 0 0 0 0 0 0 0 0 0 2 0 0 0 0 0 0 0 3 0 1 0 0 2 2 4 10 10 6 6 0 0 4 5 15 0 0 0 0 3 0 0 0 9 3 0 2 5 0 13 1 4 0 0 0 0 0 0 0 0 0 0 0 0 0 0 0 0 0 5 8 6 0 2 136 17 0 0 0 0 0 8 0 6 49 88 326 372 168 223 124 222 26 1 0 0 0 0 0 0 0 0 0 0 0 0 0 0 0 0 0 0 0 0 0 0 0 0 0 0 0 0 0 0 0 0 0 0 0 0
0 0 0 0 10 54 3 0 1 1 0 0 0 1 0 0 0 0 0 0 0 0 0 0 0 0 0 0 0 0 0 0 3 1 0 0 0 18 0 0 0 2 4 0 2 0 36 0 3 2 4 0 6 1 3 0 1 0 14 0 1 0 1 1 1 6 0 0 0 0 0 0 4 1 0 0 0 0 0 0 0 0 0 0 0 0 0 0 0 0 0 3 18 26 3 25 210 0 0 0 0 0 0 48 106 359 1 1 166 100 0 7 6 0 0 0 0 0 0 0 0 0 0 0 0 0 0 0 0 0 0 0 0 0 0 0 0 0 0 0 0 0 0 0 0 0 0 0 0 0
0 0 0 1 0 9 0 0 3 0 0 0 0 0 0 0 0 0 1 0 0 0 0 0 0 0 0 0 0 0 0 0 0 0 0 0 0 0 0 0 0 0 0 2 0 0 0 0 3 5 0 0 1 3 1 0 0 0 3 1 0 1 0 0 0 0 0 0 0 0 4 7 1 6 0 0 0 0 0 0 0 0 0 0 0 0 0 0 0 2 0 28 52 18 9 346 351 0 0 0 0 0 0 12 9 0 0 0 0 1 42 101 1 0 0 0 0 0 0 0 0 0 0 0 0 0 0 0 0 0 0 0 0 0 0 0 0 0 0 0 0 0 44 18 4 1 0 0 0 0
0 0 0 1 0 0 0 0 0 0 0 0 36 0 0 1 0 0 3 0 0 0 0 0 0 0 0 0 0 0 0 0 0 2 0 0 0 0 0 0 0 0 4 0 0 3 0 0 0 0 4 0 5 2 1 0 0 0 3 3 4 2 0 0 0 0 0 0 0 0 3 0 0 0 0 0 0 0 0 0 0 0 0 0 0 0 0 0 19 2 5 7 174 199 37 0 0 0 0 0 0 0 0 1 1 0 1 2 0 97 137 7 0 6 0 0 0 0 0 0 0 0 0 0 0 0 0 0 0 0 0 0 0 0 0 0 0 0 0 0 0 0 0 4 1 0 0 0 0 0
0 1 0 0 3 0 0 0 0 0 0 0 0 5 0 0 0 0 1 0 0 0 0 0 0 0 0 0 0 0 0 0 0 0 0 0 0 0 0 0 0 0 0 0 0 0 0 0 0 0 2 4 55 0 0 3 0 1 0 2 7 0 0 0 0 0 0 0 0 0 16 0 0 0 0 0 0 0 0 0 0 0 0 0 0 0 0 0 0 0 25 61 518 0 4 5 2 0 0 0 0 0 0 2 4 1 0 15 12 8 107 51 0 0 0 0 0 0 0 0 0 0 0 0 0 0 0 0 0 0 0 0 0 0 0 0 0 0 0 0 0 0 0 0 0 0 0 0 0 0
0 0 0 0 0 0 0 0 0 0 0 1 5 0 0 0 0 0 1 0 0 0 0 0 1 0 0 0 0 0 0 0 0 0 0 0 0 0 0 0 0 0 0 0 0 0 0 0 0 0 0 13 18 0 0 0 1 3 0 13 4 1 0 0 0 0 0 0 0 0 2 78 2 0 0 0 0 0 0 0 0 0 0 0 0 0 0 0 0 0 3 12 3 7 8 1 0 0 0 0 0 0 0 0 0 0 0 0 0 0 0 0 0 0 0 0 0 0 0 0 0 0 0 0 0 0 0 0 0 0 0 0 0 0 0 0 0 0 0 0 0 0 0 0 0 0 0 0 0 0
0 0 0 0 0 0 0 0 0 0 0 0 0 0 0 0 0 1 0 0 0 0 4 35 0 0 0 0 0 0 0 0 0 0 0 0 0 0 0 0 0 0 0 0 0 0 0 0 0 0 0 15 2 1 3 0 0 14 1 0 1 21 9 1 0 0 0 0 0 0 0 15 4 1 3 0 0 0 0 0 0 0 0 0 0 0 0 0 4 5 0 27 4 8 15 1 0 0 0 0 0 0 0 0 0 0 0 0 0 0 0 0 0 0 0 0 0 0 0 0 0 0 0 0 0 0 0 0 0 0 0 0 0 0 0 0 0 0 0 0 0 0 0 0 0 0 0 0 0 0
0 0 0 0 0 0 0 0 0 0 1 0 0 0 0 0 0 0 0 0 0 2 1 0 0 0 0 0 0 1 0 0 0 0 0 0 0 0 0 0 0 1 0 0 0 0 0 0 0 1 0 35 21 1 1 0 2 0 0 0 0 23 76 0 0 0 0 0 0 0 0 0 0 0 4 0 0 0 0 0 0 0 0 0 0 0 0 0 0 0 1 8 2 14 4 3 0 0 0 0 0 0 0 0 0 0 0 0 0 0 0 0 0 0 0 0 0 0 0 0 0 0 0 0 0 0 0 0 0 0 0 0 0 0 0 0 0 0 0 0 0 0 0 0 0 0 0 0 0 0
0 0 0 0 0 0 0 0 0 0 0 0 4 3 0 0 0 0 0 0 0 0 0 0 2 0 0 0 0 0 0 0 0 0 0 0 0 0 0 0 0 0 0 0 0 0 0 0 0 1 4 25 143 15 14 10 1 0 0 4 0 6 0 0 0 0 0 0 0 0 0 0 0 1 1 0 0 0 0 0 0 0 0 0 0 0 0 0 0 0 0 1 17 10 6 4 0 0 5 0 0 0 0 0 0 0 0 0 0 0 0 0 0 0 0 0 0 0 0 0 0 0 0 0 0 0 0 0 0 0 0 0 0 0 0 0 0 0 0 0 0 0 0 0 0 0 0 0 0 0
0 0 0 0 0 0 0 1 0 0 0 0 3 51 0 2 0 5 4 1 0 0 0 0 0 2 1 0 0 0 0 0 0 0 0 0 0 0 1 0 0 0 0 0 0 0 0 0 3 2 0 22 107 0 21 0 0 0 0 0 0 2 3 0 0 0 0 0 0 0 0 0 0 0 0 0 0 0 0 0 0 0 0 0 0 0 0 0 0 0 0 3 2 5 5 3 10 0 0 33 0 0 0 0 0 0 0 0 0 0 0 0 0 0 0 0 0 0 0 0 0 0 0 0 0 0 0 0 0 0 0 0 0 0 0 0 0 0 0 0 0 0 0 0 0 0 0 0 0 0
0 0 0 0 0 0 0 0 2 3 0 0 0 0 5 0 0 1 6 0 0 0 0 1 1 8 0 0 0 0 0 0 0 0 0 0 1 0 0 0 0 0 0 0 0 0 0 3 0 0 2 24 15 0 0 2 0 0 1 0 9 4 0 1 0 0 0 0 0 0 0 0 0 0 0 0 0 0 0 0 0 0 0 0 0 0 0 0 0 0 0 0 0 0 0 2 3 0 3 0 0 0 0 0 0 0 0 0 0 0 0 0 0 0 0 0 0 0 0 0 0 0 0 0 0 0 0 0 0 0 0 0 0 0 0 0 0 0 0 0 0 0 0 0 0 1 0 0 0 0
0 0 0 0 0 0 0 0 0 1 5 0 0 0 0 0 0 3 0 0 0 0 1 0 0 0 0 0 0 0 2 1 0 3 24 0 2 2 0 0 0 0 0 0 0 0 5 11 0 0 0 0 0 0 0 0 0 0 0 2 2 0 0 0 0 0 0 0 0 0 0 0 0 0 0 0 0 0 0 0 0 0 0 0 0 0 0 0 0 0 0 0 0 0 0 3 9 8 0 0 0 0 0 0 0 0 0 0 0 0 0 0 0 0 0 0 0 0 0 0 0 0 0 0 0 0 0 0 0 0 0 0 0 0 0 0 0 0 0 0 0 0 0 0 1 14 0 0 0 0
1 0 0 0 0 0 0 0 0 0 0 0 0 0 0 0 0 2 0 1 1 0 0 0 0 0 0 0 0 0 0 3 0 1 1 0 0 0 0 0 0 0 0 0 1 3 9 0 0 0 0 0 0 0 0 0 0 0 0 0 0 2 0 0 0 0 0 0 0 0 0 1 0 0 0 0 0 0 0 0 0 0 0 0 0 0 0 0 0 0 0 0 0 0 1 3 13 4 0 0 1 0 0 0 0 0 0 0 0 0 0 0 0 0 0 0 0 0 0 0 0 0 0 0 0 0 0 0 0 0 0 0 0 0 0 0 0 0 0 0 0 0 0 0 0 0 0 0 0 0
0 0 0 0 0 0 0 0 0 0 0 4 0 0 0 0 0 0 0 0 0 0 0 0 0 0 0 0 0 0 0 0 0 0 0 0 0 0 0 0 0 0 0 0 0 0 0 0 0 0 0 0 0 0 0 0 0 0 0 0 1 0 0 0 0 0 0 0 0 0 1 0 0 0 0 0 0 0 0 0 0 0 0 0 0 0 0 0 0 0 0 0 0 0 7 0 0 0 0 0 0 2 0 0 0 0 0 0 0 0 0 0 0 0 0 0 0 0 0 0 0 0 0 0 0 0 0 0 0 0 0 0 0 0 0 0 0 0 0 0 0 0 0 0 0 0 0 0 0 0
0 0 0 0 0 0 0 0 0 0 4 1 3 0 0 2 1 0 0 0 0 0 0 0 0 0 0 0 0 0 0 0 0 0 0 0 0 0 0 0 0 0 0 0 0 0 0 0 0 0 0 0 0 0 0 0 0 0 0 1 0 0 0 0 0 0 0 0 0 0 3 1 0 0 0 0 0 0 0 0 0 1 0 0 0 0 0 0 0 0 0 0 0 0 0 0 5 0 0 0 0 0 0 0 0 0 0 0 0 0 0 0 0 0 0 0 0 0 0 0 0 0 0 0 0 0 0 0 0 0 0 0 0 0 0 0 0 0 0 0 0 0 0 0 0 0 0 0 0 0
2 0 0 0 0 0 0 0 0 2 0 1 6 1 0 9 4 0 0 0 0 0 0 0 0 0 0 0 0 0 0 0 0 0 0 0 0 0 0 0 0 0 0 2 3 0 0 0 0 0 0 0 0 0 0 0 0 0 0 3 3 0 0 0 0 0 0 0 25 0 0 0 0 0 0 0 0 0 0 0 0 0 0 0 0 0 0 0 0 0 0 0 0 0 0 0 1 10 2 3 0 0 0 0 0 0 0 0 0 0 0 0 0 0 0 0 0 0 0 0 0 0 0 0 0 0 0 0 0 0 0 0 0 0 0 0 0 0 0 0 0 0 0 0 0 0 0 0 0 0
0 0 0 0 2 0 0 0 3 1 0 0 5 0 0 0 0 16 2 0 0 0 0 0 0 0 0 0 0 0 0 0 0 0 0 7 1 1 0 1 0 0 3 2 0 0 0 0 0 0 0 0 0 0 0 0 0 0 0 0 16 8 1 0 0 0 0 1 130 80 0 0 0 0 0 0 0 0 0 0 0 0 0 0 0 0 0 0 0 0 0 0 0 0 0 0 0 0 0 0 0 0 0 0 0 0 0 0 0 0 0 0 0 0 0 0 0 0 0 0 0 0 0 0 0 0 0 0 0 0 0 0 0 0 0 0 0 0 0 0 0 0 0 0 0 0 0 0 0 0
0 0 0 1 1 0 0 0 0 0 0 14 72 8 0 4 17 0 2 12 2 1 0 5 0 0 0 0 0 0 2 0 0 0 2 0 9 3 16 5 0 1 33 0 0 0 0 0 0 0 0 0 0 0 0 0 0 0 0 0 0 0 1 0 108 39 4 0 0 0 0 0 0 0 0 0 0 0 0 0 0 0 0 0 0 0 0 0 0 0 0 0 0 0 0 0 0 0 0 0 0 0 0 0 0 0 0 0 0 0 0 0 0 0 0 0 0 0 0 0 0 0 0 0 0 0 0 0 0 0 0 0 0 0 0 0 0 0 0 0 0 0 0 0 0 0 0 0 0 0
13 50 9 1 0 0 0 0 0 0 1 1 11 0 0 1 2 0 2 19 13 112 53 4 5 0 0 0 0 3 1 0 0 0 0 5 16 4 0 3 1 4 6 0 0 0 0 0 0 0 0 0 0 0 0 0 0 0 0 0 0 0 0 0 3 0 0 0 0 0 0 0 0 0 0 0 0 0 0 0 0 0 0 0 0 0 0 0 0 0 0 0 0 0 0 0 0 0 0 0 0 0 0 0 0 0 0 0 0 0 0 0 0 0 0 0 0 0 0 0 0 0 0 0 0 0 0 0 0 0 0 0 0 0 0 0 0 0 0 0 0 0 0 0 0 0 0 0 0 0
27 19 1 1 0 0 0 0 0 0 0 0 9 0 0 2 11 1 0 1 0 93 1 2 9 1 0 0 13 25 0 0 0 0 0 0 1 2 2 3 5 24 0 0 0 0 0 0 0 0 0 0 0 0 0 0 0 0 0 0 0 0 0 0 0 0 0 0 0 0 0 0 0 0 0 0 0 0 0 0 0 0 0 0 0 0 0 0 0 4 0 0 0 0 0 0 0 0 0 0 0 0 0 0 0 0 0 0 0 0 0 0 0 0 0 0 0 0 0 0 0 0 0 0 0 0 0 0 0 0 0 0 0 0 0 0 0 0 0 0 0 0 0 0 0 0 0 0 0 0
0 0 0 0 0 0 0 0 0 0 0 1 8 0 0 0 0 3 1 6 0 0 5 5 0 16 2 2 2 6 0 0 0 0 1 3 0 0 3 0 0 0 0 0 0 0 0 0 0 0 0 0 0 0 0 0 0 0 0 0 0 0 0 0 0 0 0 0 0 0 0 0 0 0 0 0 0 0 0 0 0 0 0 0 0 0 0 0 0 0 0 0 0 0 0 0 0 0 0 0 0 0 0 0 0 0 0 0 0 0 0 0 0 0 0 0 0 0 0 0 0 0 0 0 0 0 0 0 0 0 0 0 0 0 0 0 0 0 0 0 0 0 0 0 0 0 0 0 0 0
0 0 0 0 0 0 0 0 0 0 0 0 0 2 0 0 0 1 0 2 0 0 0 0 6 12 9 8 16 2 3 1 0 6 10 3 0 0 0 0 0 0 0 0 0 0 0 0 0 0 0 0 0 0 0 0 0 0 0 0 0 0 0 0 0 0 0 0 0 0 0 0 0 0 0 0 0 0 0 0 0 0 0 0 0 0 0 0 0 0 0 0 0 0 0 0 0 0 0 0 0 0 0 0 0 0 0 0 0 0 0 0 0 0 0 0 0 0 0 0 0 0 0 0 0 0 0 0 0 0 0 0 0 0 0 0 0 0 0 0 0 0 0 0 0 0 0 0 0 0
0 0 0 0 0 0 0 0 0 0 0 0 0 0 0 0 0 0 0 0 0 0 0 0 0 1 1 2 202 162 3 8 4 11 1 0 2 0 0 0 0 0 0 0 0 0 0 0 0 0 0 0 0 0 0 0 0 0 0 0 0 0 0 0 0 0 0 0 0 0 0 0 0 0 0 0 0 0 0 0 0 0 0 0 0 0 0 0 0 0 0 0 0 0 0 0 0 0 0 0 0 0 0 0 0 0 0 0 0 0 0 0 0 0 0 0 0 1 0 0 0 0 0 0 0 0 0 0 0 0 0 0 0 0 0 0 0 0 0 0 0 0 0 0 0 0 0 0 0 0
1 0 0 0 0 0 0 0 0 0 0 0 0 0 0 0 0 0 0 0 1 0 0 0 0 0 2 9 0 0 0 0 6 7 0 0 9 0 0 0 0 0 0 0 0 0 0 0 0 0 0 0 0 0 0 0 0 0 0 0 0 0 0 0 0 0 0 0 0 0 0 0 0 0 0 0 0 0 0 0 0 0 0 0 0 0 0 0 0 0 0 0 0 0 0 0 0 0 0 0 0 0 0 0 0 0 0 0 0 0 0 0 0 0 0 0 0 0 0 0 0 0 0 0 0 0 0 0 0 0 0 0 0 0 0 0 0 0 0 0 0 0 0 0 0 0 0 0 0 0
0 0 0 0 0 0 0 1 0 0 0 0 0 0 0 0 0 0 0 0 0 0 0 0 2 0 6 0 0 0 5 1 0 0 0 3 0 4 0 0 0 0 0 0 0 0 0 0 0 0 0 0 0 0 0 0 0 0 0 0 0 0 0 0 0 0 0 0 0 0 0 0 0 0 0 0 0 0 0 0 0 0 0 0 0 0 0 0 0 0 0 0 0 0 0 0 0 0 0 0 0 0 0 0 0 0 0 0 0 0 0 0 0 0 0 0 0 0 0 0 0 0 0 0 0 0 0 0 0 0 0 0 0 0 0 0 0 0 0 0 0 0 0 0 0 0 0 0 0 0
0 0 0 0 0 0 0 0 0 0 0 0 2 6 0 0 0 0 0 0 0 0 0 0 0 0 0 0 0 0 0 0 7 0 0 1 4 4 0 0 0 0 0 0 0 0 0 0 0 0 0 0 0 0 0 0 0 0 0 0 0 0 0 0 0 0 0 0 0 0 0 0 0 0 0 0 0 0 0 0 0 0 0 0 0 0 0 0 0 0 0 0 0 0 0 0 0 0 0 0 0 0 0 0 0 0 0 0 0 0 0 0 0 0 0 0 0 0 0 0 0 0 0 0 0 0 0 0 0 0 0 0 0 0 0 0 0 0 0 0 0 0 0 0 0 0 0 0 0 0
2 0 0 0 0 0 0 0 2 0 0 1 0 0 0 0 0 0 0 0 0 0 0 0 0 0 0 23 2 4 6 0 0 0 0 0 0 0 0 0 0 0 0 0 0 0 0 0 0 0 0 0 0 0 0 0 0 0 0 0 0 0 0 0 0 0 0 0 0 0 0 0 0 0 0 0 0 0 0 0 0 0 0 0 0 0 0 0 0 0 0 0 0 0 0 0 0 0 0 0 0 0 0 0 0 0 0 0 0 0 0 0 0 0 0 0 0 0 0 0 0 0 0 0 0 0 0 0 0 0 0 0 0 0 0 0 0 0 0 0 0 0 0 0 0 0 0 0 0 0
0 0 0 0 0 0 0 0 0 3 0 0 0 0 0 0 0 0 0 0 0 0 0 0 0 0 0 4 5 0 0 0 1 4 0 0 0 0 0 0 0 0 0 0 0 0 0 0 0 0 0 0 0 0 0 0 0 0 0 0 0 0 0 0 0 0 0 0 0 0 0 0 0 0 0 0 0 0 0 0 0 0 0 0 0 0 0 0 0 0 0 0 0 0 0 0 0 0 0 0 0 0 0 0 0 0 0 0 0 0 0 0 0 0 0 0 0 0 0 0 0 0 0 0 0 0 0 0 0 0 0 0 0 0 0 0 0 0 0 0 0 0 0 0 0 0 0 0 0 0
0 0 0 0 0 0 0 0 0 0 4 0 0 1 0 0 0 0 0 0 0 0 0 0 0 0 0 0 0 0 0 0 0 0 2 0 0 0 0 0 0 0 0 0 0 0 0 0 0 0 0 0 0 0 0 0 0 0 0 0 0 0 0 0 0 0 0 0 0 0 0 0 0 0 0 0 0 0 0 0 0 0 0 0 0 0 0 0 0 0 0 0 0 0 0 0 0 0 0 0 0 0 0 0 0 0 0 0 0 0 0 0 0 0 0 0 0 0 0 0 0 0 0 0 0 0 0 0 0 0 0 0 0 0 0 0 0 0 0 0 0 0 0 0 0 0 0 0 0 0
0 0 0 0 0 0 0 0 0 1 0 0 0 0 0 0 0 0 0 0 0 0 0 0 0 0 0 0 0 0 0 0 0 0 0 0 0 0 0 0 0 0 0 0 0 0 0 0 0 0 0 0 0 0 0 0 0 0 0 0 0 0 0 0 0 0 0 0 0 0 0 0 0 0 0 0 0 0 0 0 0 0 0 0 0 0 0 0 0 0 0 0 0 0 0 0 0 0 0 0 0 0 0 0 0 0 0 0 0 0 0 0 0 0 0 0 0 0 0 0 0 0 0 0 0 0 0 0 0 0 0 0 0 0 0 0 0 0 0 0 0 0 0 0 0 0 0 0 0 0
0 0 0 0 0 0 0 0 1 0 1 0 0 0 0 0 0 0 0 0 0 0 0 0 0 0 0 0 0 0 0 0 0 0 0 0 0 0 0 0 0 0 0 0 0 0 0 0 0 0 0 4 0 0 0 0 0 0 0 0 0 0 0 0 0 0 0 0 0 0 0 0 0 0 0 0 0 0 0 0 0 0 0 0 0 0 0 0 0 0 0 0 0 0 0 0 0 0 0 0 0 0 0 0 0 0 0 0 0 0 0 0 0 0 0 0 0 0 0 0 0 0 0 0 0 0 0 0 0 0 0 0 0 0 0 0 0 0 0 0 0 0 0 0 0 0 0 0 0 0
0 0 0 0 0 0 0 0 25 55 0 0 0 0 0 0 0 0 0 0 0 0 0 0 0 0 0 0 0 0 0 0 0 0 0 0 0 0 0 0 0 0 0 0 0 0 0 0 1 0 3 0 0 0 0 0 0 0 0 0 0 0 0 0 0 0 0 0 0 0 0 0 0 0 0 0 0 0 0 0 0 0 0 0 0 0 0 0 0 0 0 0 0 0 0 0 0 0 0 0 0 0 0 0 0 0 0 0 0 0 0 0 0 0 0 0 0 0 0 0 0 0 0 0 0 0 0 0 0 0 0 0 0 0 0 0 0 0 0 0 0 0 0 0 0 0 0 0 0 0
0 0 0 0 0 0 47 37 24 1 0 0 0 0 0 0 0 0 0 0 0 0 0 0 0 0 0 0 0 0 0 0 0 0 0 0 0 0 0 0 0 0 0 0 0 0 0 0 0 35 65 0 0 0 1 0 0 0 0 0 0 0 0 0 0 0 0 0 0 0 0 0 0 0 0 0 0 0 0 0 0 0 0 0 0 0 0 0 0 0 0 0 0 0 0 0 0 0 0 0 0 0 0 0 0 0 0 0 0 0 0 0 0 0 0 0 0 0 0 0 0 0 0 0 0 0 0 0 0 0 0 0 0 0 0 0 0 0 0 0 0 0 0 0 0 0 0 0 0 0
0 0 0 0 0 0 37 110 0 0 0 0 0 0 0 0 0 0 0 0 0 0 0 0 0 0 0 0 0 0 0 0 0 0 0 0 0 0 0 0 0 0 0 0 0 0 0 0 0 0 0 0 1 0 0 0 0 0 0 0 0 0 0 0 0 0 0 0 0 0 0 0 0 0 0 0 0 0 0 0 0 0 0 0 0 0 0 0 0 0 0 0 0 0 0 0 0 0 0 0 0 0 0 0 0 0 0 0 0 0 0 0 0 0 0 0 0 0 0 0 0 0 0 0 0 0 0 0 0 0 0 0 0 0 0 0 0 0 0 0 0 0 0 0 0 0 0 0 0 0
0 0 0 0 0 0 0 0 0 0 0 0 0 0 0 0 0 0 0 0 0 0 0 0 0 0 0 0 0 0 0 0 0 0 0 0 0 0 0 0 0 0 0 0 0 0 0 0 0 0 0 0 14 89 0 0 0 0 0 0 0 0 0 0 0 0 0 0 0 0 0 0 0 0 0 0 0 0 0 0 0 0 0 0 0 0 0 0 0 0 0 0 0 0 0 0 0 0 0 0 0 0 0 0 0 0 0 0 0 0 0 0 0 0 0 0 0 0 0 0 0 0 0 0 0 0 0 0 0 0 0 0 0 0 0 0 0 0 0 0 0 0 0 0 0 0 0 0 0 0
0 0 0 0 0 0 0 0 0 0 0 0 0 0 0 0 0 0 0 0 0 0 0 0 0 0 0 0 0 0 0 0 0 0 0 0 0 0 0 0 0 0 0 0 0 0 0 0 0 0 0 0 4 7 0 0 0 0 0 0 0 0 0 0 0 0 0 0 0 0 0 0 0 0 0 0 0 0 0 0 0 0 0 0 0 0 0 0 0 0 0 0 0 0 0 0 0 0 0 0 0 0 0 0 0 0 0 0 0 0 0 0 0 0 0 0 0 0 0 0 0 0 0 0 0 0 0 0 0 0 0 0 0 0 0 0 0 0 0 0 0 0 0 0 0 0 0 0 0 0
0 0 0 0 0 0 0 0 0 0 0 0 0 0 0 0 0 0 0 0 0 0 0 0 0 0 0 0 0 0 0 0 0 0 0 0 0 0 0 0 0 0 0 0 0 0 0 2 1 0 0 0 0 0 0 0 0 0 0 0 0 0 0 0 0 0 0 0 0 0 0 0 0 0 0 0 0 0 0 0 0 0 0 0 0 0 0 0 0 0 0 0 0 0 0 0 0 0 0 0 0 0 0 0 0 0 0 0 0 0 0 0 0 0 0 0 0 0 0 0 0 0 0 0 0 0 0 0 0 0 0 0 0 0 0 0 0 0 0 0 0 0 0 0 0 0 0 0 0 0
0 0 0 0 0 0 0 0 0 0 0 0 0 0 0 0 0 0 0 0 0 0 0 0 0 0 0 0 0 0 0 0 0 0 0 0 0 0 0 0 0 0 0 0 0 0 0 0 0 0 0 0 0 0 0 0 0 0 0 0 0 0 0 0 0 0 0 0 0 0 0 0 0 0 0 0 0 0 0 0 0 0 0 0 0 0 0 0 0 0 0 0 0 0 0 0 0 0 0 0 0 0 0 0 0 0 0 0 0 0 0 0 0 0 0 0 0 0 0 0 0 0 0 0 0 0 0 0 0 0 0 0 0 0 0 0 0 0 0 0 0 0 0 0 0 0 0 0 0 0
0 0 0 0 0 0 0 0 0 0 0 0 0 0 0 0 0 0 0 0 0 0 0 0 0 0 0 0 0 0 0 1 0 0 1 0 0 0 0 0 0 0 0 0 0 0 0 0 0 0 0 0 0 3 0 0 0 0 0 0 0 0 0 0 0 0 0 0 0 0 0 0 0 0 0 0 0 0 0 0 0 0 0 0 0 0 0 0 0 0 0 0 0 0 0 0 0 0 0 0 0 0 0 0 0 0 0 0 0 0 0 0 0 0 0 0 0 0 0 0 0 0 0 0 0 0 0 0 0 0 0 0 0 0 0 0 0 0 0 0 0 0 0 0 0 0 0 0 0 0
0 0 0 0 0 0 0 0 0 0 0 0 0 0 0 0 0 0 0 0 0 0 0 0 0 0 0 0 0 0 2 54 2 0 0 0 0 0 0 0 0 0 0 0 0 0 0 0 0 0 0 0 0 0 0 0 0 0 0 0 0 0 0 0 0 0 0 0 0 0 0 0 0 0 0 0 0 0 0 0 0 0 0 0 0 0 0 0 0 0 0 0 0 0 0 0 0 0 0 0 0 0 0 0 0 0 0 0 0 0 0 0 0 0 0 0 0 0 0 0 0 0 0 0 0 0 0 0 0 0 0 0 0 0 0 0 0 0 0 0 0 0 0 0 0 0 0 0 0 0
0 0 0 0 0 0 0 0 0 0 0 0 0 0 0 0 0 0 0 0 0 0 0 0 0 0 0 0 0 0 2 14 0 0 0 0 1 0 0 0 0 0 0 0 0 0 0 0 0 0 0 0 0 0 0 0 0 0 0 0 0 0 0 0 0 0 0 0 0 0 0 0 0 0 0 0 0 0 0 0 0 0 0 0 0 0 0 0 0 0 0 0 0 0 0 0 0 0 0 0 0 0 0 0 0 0 0 0 0 0 0 0 0 0 0 0 0 0 0 0 0 0 0 0 0 0 0 0 0 0 0 0 0 0 0 0 0 0 0 0 0 0 0 0 0 0 0 0 0 0
0 0 0 0 0 0 0 0 0 0 0 0 0 0 0 0 0 0 0 0 0 0 0 0 0 0 2 0 0 0 0 0 0 0 0 0 0 0 0 0 0 0 0 0 0 0 0 0 0 0 0 0 0 0 0 0 0 0 0 0 0 0 0 0 0 0 0 0 0 0 0 0 0 0 0 0 0 0 0 0 0 0 0 0 0 0 0 0 0 0 0 0 0 0 0 0 0 0 0 0 0 0 0 0 0 0 0 0 0 0 0 0 0 0 0 0 0 0 0 0 0 0 0 0 0 0 0 0 0 0 0 0 0 0 0 0 0 0 0 0 0 0 0 0 0 0 0 0 0 0
0 0 0 0 0 0 0 0 0 0 0 0 0 0 0 0 0 0 0 0 0 0 0 0 0 0 0 0 0 237 94 0 0 0 0 0 0 0 0 0 0 0 0 0 0 0 0 0 1 0 0 0 0 0 0 0 0 0 0 0 0 0 0 0 0 0 0 0 0 0 0 0 0 0 0 0 0 0 0 0 0 0 0 0 0 0 0 0 0 0 0 0 0 0 0 0 0 0 0 0 0 0 0 0 0 0 0 0 0 0 0 0 0 0 0 0 0 0 0 0 0 0 0 0 0 0 0 0 0 0 0 0 0 0 0 0 0 0 0 0 0 0 0 0 0 0 0 0 0 0
0 0 0 0 0 0 0 0 0 0 0 0 0 0 0 0 0 0 0 0 0 0 0 0 0 0 11 0 0 0 0 0 0 1 0 0 0 0 0 0 0 0 0 0 0 0 0 0 0 74 0 0 0 0 0 0 0 0 0 0 0 0 0 0 0 0 0 0 0 0 0 0 0 0 0 0 0 0 0 0 0 0 0 0 0 0 0 0 0 0 0 0 0 0 0 0 0 0 0 0 0 0 0 0 0 0 0 0 0 0 0 0 0 0 0 0 0 0 0 0 0 0 0 0 0 0 0 0 0 0 0 0 0 0 0 0 0 0 0 0 0 0 0 0 0 0 0 0 0 0
0 0 0 0 0 0 0 0 0 0 0 0 0 0 0 0 0 0 0 0 0 0 0 0 0 0 24 0 0 0 0 0 0 0 0 0 0 0 0 0 0 0 0 0 0 0 0 0 0 0 0 0 0 0 0 0 0 0 0 0 0 0 0 0 0 0 0 0 0 0 0 0 0 0 0 0 0 0 0 0 0 0 0 0 0 0 0 0 0 0 0 0 0 0 0 0 0 0 0 0 0 0 0 0 0 0 0 0 0 0 0 0 0 0 0 0 0 0 0 0 0 0 0 0 0 0 0 0 0 0 0 0 0 0 0 0 0 0 0 0 0 0 0 0 0 0 0 0 0 0
0 0 0 0 0 0 0 0 0 0 0 0 0 0 0 0 0 0 0 0 0 0 0 0 0 0 0 1 1 0 0 0 0 0 0 0 0 0 0 0 0 0 0 0 0 0 0 0 0 0 0 0 0 0 0 0 0 0 0 0 0 0 0 0 0 0 0 0 0 0 0 0 0 0 0 0 0 0 0 0 0 0 0 0 0 0 0 0 0 0 0 0 0 0 0 0 0 0 0 0 0 0 0 0 0 0 0 0 0 0 0 0 0 0 0 0 0 0 0 0 0 0 0 0 0 0 0 0 0 0 0 0 0 0 0 0 0 0 0 0 0 0 0 0 0 0 0 0 0 0
0 0 0 0 0 0 0 0 0 0 0 0 0 0 0 0 0 0 0 0 0 0 0 0 0 0 0 0 0 0 0 0 0 0 0 0 0 0 0 0 0 0 0 0 0 0 0 0 0 0 0 0 0 0 0 0 0 0 0 0 0 0 0 0 0 0 0 0 0 0 0 0 0 0 0 0 0 0 0 0 0 0 0 0 0 0 0 0 0 0 0 0 0 0 0 0 0 0 0 0 0 0 0 0 0 0 0 0 0 0 0 0 0 0 0 0 0 0 0 0 0 0 0 0 0 0 0 0 0 0 0 0 0 0 0 0 0 0 0 0 0 0 0 0 0 0 0 0 0 0
0 0 0 0 0 0 0 0 0 0 0 0 0 0 0 0 0 0 0 0 0 0 0 0 0 0 0 0 0 0 0 0 0 0 0 0 0 0 0 0 0 0 0 0 0 0 0 0 0 0 0 0 0 0 0 0 0 0 0 0 0 0 0 0 0 0 0 0 0 0 0 0 0 0 0 0 0 0 0 0 0 0 0 0 0 0 0 0 0 0 0 0 0 0 0 0 0 0 0 0 0 0 0 0 0 0 0 0 0 0 0 0 0 0 0 0 0 0 0 0 0 0 0 0 0 0 0 0 0 0 0 0 0 0 0 0 0 0 0 0 0 0 0 0 0 0 0 0 0 0
0 0 0 0 0 0 0 0 0 0 0 0 0 0 0 0 0 0 0 0 0 0 0 0 0 0 0 0 0 0 0 0 0 0 0 0 0 0 0 0 0 0 0 0 0 1 0 0 0 0 0 0 0 0 0 0 0 0 0 0 0 0 0 0 0 0 0 0 0 0 0 0 0 0 0 0 0 0 0 0 0 0 0 0 0 0 0 0 0 0 0 0 0 0 0 0 0 0 0 0 0 0 0 0 0 0 0 0 0 0 0 0 0 0 0 0 0 0 0 0 0 0 0 0 0 0 0 0 0 0 0 0 0 0 0 0 0 0 0 0 0 0 0 0 0 0 0 0 0 0
0 0 0 0 0 0 0 0 0 0 0 0 0 0 0 0 0 0 0 0 0 0 0 0 0 0 0 0 0 0 0 0 0 0 0 0 0 0 0 0 0 0 0 0 0 0 0 0 0 0 0 0 0 0 0 0 0 0 0 0 0 0 0 0 0 0 0 0 0 0 0 0 0 0 0 0 0 0 0 0 0 0 0 0 0 0 0 0 0 0 0 0 0 0 0 0 0 0 0 0 0 0 0 0 0 0 0 0 0 0 0 0 0 0 0 0 0 0 0 0 0 0 0 0 0 0 0 0 0 0 0 0 0 0 0 0 0 0 0 0 0 0 0 0 0 0 0 0 0 0
0 0 0 0 0 0 0 0 0 0 0 0 0 0 0 0 0 0 0 0 0 0 0 0 0 0 0 0 0 0 0 0 0 0 0 0 0 0 0 0 0 0 0 0 0 0 0 0 0 0 0 0 0 0 0 0 0 0 0 0 0 0 0 0 0 0 0 0 0 0 0 0 0 0 0 0 0 0 0 0 0 0 0 0 0 0 0 0 0 0 0 0 0 0 0 0 0 0 0 0 0 0 0 0 0 0 0 0 0 0 0 0 0 0 0 0 0 0 0 0 0 0 0 0 0 0 0 0 0 0 0 0 0 0 0 0 0 0 0 0 0 0 0 0 0 0 0 0 0 0
