0 0 6 0 0 0 0 0 5 37 1 2 0 1 0 0 0 5 1 0 1 6 0 0 0 9 0 0 0 0 0 0 1 0 1 1 0 0 1 1 0 0 0 0 0 0 0 0 0 0 0 0 0 0 1 0 0 0 0 2 24 10 3 2 0 0 0 0 0 0 0 1 2 48 84 135 39 18 10 4 8 85 8 15 47 69 180 56 20 109 673 189 18 198 139 298 371 178 398 42 52 39 22 9 10 20 17 134 81 13 4 2 15 26 28 5 28 0 0 0 4 16 4 11 1 4 0 1 8 3 0 1 3 3 3 0 0 0 0 0 0 0 0 0 0 0 0 0 0 3
0 0 2 1 0 0 0 0 0 9 5 1 1 4 0 0 0 0 1 0 0 0 6 0 6 3 1 0 0 0 0 0 0 0 0 0 0 1 5 0 0 0 0 0 0 0 0 0 0 0 0 0 0 0 2 0 0 0 0 18 32 5 0 120 0 0 0 0 1 0 0 0 31 15 3 1 87 29 2 4 38 10 0 1 34 91 94 47 91 159 30 12 69 99 103 47 136 301 318 181 153 75 33 5 0 8 1 46 18 36 13 8 4 2 22 9 1 0 0 10 0 0 3 2 1 0 1 2 3 13 8 2 13 14 0 0 0 1 1 30 2 0 0 0 0 0 0 0 0 0
2 0 0 0 1 0 0 0 0 10 1 1 4 0 0 0 0 0 0 0 0 9 39 4 5 0 4 4 0 0 0 0 0 1 0 1 0 0 0 2 0 0 0 0 0 0 0 0 0 0 0 0 0 0 3 0 0 0 0 10 6 5 1 2 0 0 0 0 0 0 0 0 0 0 0 0 0 83 42 62 33 16 1 13 20 67 271 47 0 1 17 7 37 79 199 228 51 199 111 117 244 132 7 30 4 2 1 17 61 60 14 2 1 2 5 1 2 4 105 13 21 18 2 4 0 1 3 4 1 18 7 0 35 28 0 0 0 0 1 1 0 1 0 0 0 0 0 0 0 0
5 3 0 0 0 0 0 0 0 3 3 2 0 0 0 0 0 0 0 0 0 0 1 4 2 0 1 2 4 0 3 0 0 0 0 0 0 0 0 1 1 0 0 0 0 0 0 0 0 0 3 0 1 0 66 11 0 10 32 0 0 1 3 2 0 0 0 0 0 1 3 25 2 0 1 1 2 18 80 40 31 20 10 48 72 2 22 56 0 40 356 203 589 211 281 132 120 68 170 116 166 177 51 200 9 52 9 10 105 23 6 7 8 3 0 2 6 24 13 13 12 36 12 1 1 4 0 0 5 0 3 9 6 0 5 0 1 0 0 5 25 7 0 0 0 0 0 0 0 0
4 7 0 0 0 0 0 0 0 0 0 0 0 0 0 6 4 1 0 0 1 0 2 0 0 0 1 0 0 0 0 0 1 0 1 5 1 0 0 0 0 1 0 0 0 0 0 0 0 2 0 0 1 0 28 77 14 21 3 0 0 0 0 3 0 0 0 0 0 6 58 18 33 44 6 22 27 44 113 66 85 95 91 12 51 57 28 15 6 122 474 339 201 226 116 70 39 170 106 252 494 293 241 270 119 41 38 31 3 2 4 16 14 8 4 0 1 9 24 18 63 241 49 2 0 1 2 0 1 1 0 0 0 0 3 0 0 0 0 0 9 4 0 0 0 0 0 0 0 0
6 0 0 0 0 0 0 0 3 1 3 0 0 0 0 0 0 0 4 7 1 1 0 0 0 0 0 0 0 1 1 1 0 0 9 18 12 4 0 0 0 1 1 0 0 0 0 0 0 1 24 10 1 3 2 21 11 3 1 0 0 0 0 1 0 0 0 0 0 9 34 40 46 31 37 13 6 11 23 95 123 106 202 17 1 51 30 14 3 112 664 145 12 57 174 156 35 500 138 175 312 142 361 237 8 37 4 15 5 0 0 2 3 12 3 3 4 1 0 2 41 54 0 0 1 1 0 0 2 0 3 0 1 0 0 0 0 0 0 0 0 1 0 0 0 0 0 1 0 0
1 0 0 2 0 0 0 0 0 5 1 0 0 3 0 0 0 0 0 0 0 0 1 0 0 0 0 0 0 0 0 1 0 1 0 3 2 0 2 0 0 0 0 0 0 0 0 0 0 0 2 2 2 1 0 8 9 1 12 11 0 0 0 0 16 0 0 0 2 43 20 16 90 110 97 93 187 31 158 144 265 206 291 191 28 6 2 54 13 27 458 317 27 189 213 170 177 139 227 17 11 78 71 35 2 14 37 2 2 2 13 161 45 2 7 9 0 2 14 3 18 70 1 0 3 1 4 0 0 0 3 0 0 0 0 0 0 0 0 0 0 1 0 0 0 0 0 0 0 0
3 0 0 2 0 0 0 0 0 0 1 0 0 0 0 0 0 0 0 0 0 0 0 0 0 0 0 0 0 2 5 0 0 0 5 0 1 0 2 7 0 0 0 0 0 0 0 0 0 0 0 0 0 5 1 0 0 2 31 12 29 15 13 0 3 18 0 0 0 25 0 1 14 24 8 10 21 57 230 326 250 144 315 61 51 52 50 138 96 28 155 21 6 108 106 100 69 378 278 63 52 130 157 212 73 49 8 25 36 11 156 214 18 20 5 8 0 1 4 8 9 7 6 1 4 0 15 1 2 0 0 0 0 0 0 0 0 0 0 0 0 0 0 0 0 0 0 0 0 0
0 0 0 0 0 0 13 0 1 4 0 0 1 0 1 0 0 0 0 0 0 0 0 0 0 0 0 0 0 0 0 0 0 0 0 0 0 1 1 0 0 0 0 0 0 0 0 0 0 0 0 0 1 2 0 0 0 5 12 18 105 66 2 0 2 13 0 0 1 13 0 0 0 1 2 6 2 69 11 148 275 226 269 14 1 3 344 91 135 13 1 7 104 316 389 613 74 194 189 53 168 32 30 112 409 43 40 98 26 26 444 47 94 7 6 7 0 1 1 2 1 3 5 11 3 0 0 2 0 0 5 0 0 0 0 0 0 0 0 0 0 0 0 0 0 0 0 0 0 0
0 0 0 0 0 0 0 1 1 1 0 0 0 0 0 0 0 0 0 0 0 0 0 0 0 0 0 0 0 0 0 0 0 0 0 0 0 0 1 0 0 0 0 0 0 0 0 0 0 0 2 0 3 3 0 0 0 0 0 6 23 85 6 5 7 1 1 3 0 4 0 0 0 0 0 4 2 6 65 165 236 211 157 97 421 341 79 27 45 40 24 0 2 238 280 436 439 12 40 1 20 20 7 4 38 111 87 87 60 1 133 144 86 4 6 93 76 265 65 9 2 2 11 3 30 9 6 2 1 5 22 7 0 0 0 0 0 0 0 0 0 0 0 0 0 0 0 0 0 1
0 1 3 0 0 0 0 0 0 1 0 2 0 0 3 0 0 1 0 0 0 0 0 0 0 0 0 0 0 0 0 1 0 0 0 2 0 1 0 0 0 2 0 1 0 0 0 10 9 5 14 4 7 1 0 0 0 3 10 4 0 88 0 0 0 0 0 0 1 3 0 0 0 0 0 0 20 14 37 141 92 98 140 61 105 107 35 95 123 80 4 0 0 54 105 189 293 12 4 21 7 3 1 2 24 172 248 93 40 27 137 38 70 5 0 51 144 283 114 50 66 51 83 65 42 141 17 19 17 11 2 61 7 15 10 0 0 0 0 0 0 0 0 0 0 0 0 0 0 0
1 0 0 0 0 0 0 0 2 0 0 0 0 0 0 0 3 3 0 0 0 0 0 0 0 0 0 0 0 0 0 0 2 1 15 0 0 6 3 1 2 1 2 0 2 1 1 0 1 0 0 0 2 3 8 2 0 2 0 0 1 2 0 0 0 11 2 0 2 0 0 1 0 0 0 1 7 4 311 248 179 80 7 14 40 46 5 8 72 213 15 0 0 2 1 28 265 122 110 7 0 3 4 6 8 83 114 188 39 12 120 47 13 34 4 92 337 69 99 255 60 118 61 30 58 178 0 1 0 12 1 0 30 25 10 0 0 0 0 0 0 0 0 0 0 0 0 0 0 0
1 0 0 0 0 0 1 0 1 1 0 0 0 0 0 0 0 5 11 3 2 9 0 0 0 0 0 0 0 1 0 0 3 0 0 7 3 3 0 0 0 1 14 0 1 0 0 4 0 0 0 0 1 0 0 0 0 0 0 0 3 0 1 0 0 0 0 4 0 1 4 0 0 0 0 19 28 13 162 12 36 92 4 0 1 52 0 0 0 0 0 0 6 22 20 2 185 94 219 321 1 0 6 5 3 4 7 23 108 75 320 124 26 532 79 5 3 33 301 340 40 83 73 0 50 63 5 0 17 12 0 0 12 4 0 1 0 0 0 0 0 0 0 0 0 0 0 0 0 0
0 0 0 0 0 0 2 0 0 3 0 0 0 0 0 0 0 0 21 2 5 0 0 0 0 0 0 0 0 1 8 0 0 0 0 0 1 0 0 0 0 0 0 25 12 0 0 0 2 0 1 7 2 0 0 0 0 0 1 0 6 6 2 0 0 0 28 4 3 3 14 0 0 0 1 91 185 116 55 3 17 190 29 1 6 60 1 1 0 12 2 1 0 22 2 8 20 165 63 59 0 13 154 38 126 25 79 297 95 204 310 326 360 173 166 71 113 86 312 127 49 12 0 2 0 2 9 0 2 0 0 0 2 0 0 0 0 0 0 0 0 0 0 0 0 0 0 0 0 0
0 0 0 0 0 0 0 0 1 0 0 0 0 0 0 0 0 0 2 0 1 0 0 0 1 0 0 0 0 0 2 0 0 0 0 0 0 0 0 0 0 0 0 15 13 0 0 0 0 1 0 10 0 0 0 0 2 2 2 5 33 12 1 14 1 113 27 35 87 41 32 2 0 0 12 183 283 308 188 5 1 155 8 0 2 8 4 4 0 9 8 5 0 0 0 1 15 128 100 79 6 14 179 252 455 372 470 405 475 178 270 152 190 311 105 98 39 38 12 23 24 33 2 4 0 4 12 0 5 9 0 0 0 0 0 0 0 0 0 0 0 0 0 0 0 0 0 0 0 0
0 0 0 0 0 0 0 10 8 0 0 0 0 0 0 0 0 0 0 2 0 5 2 2 0 0 0 0 2 0 0 0 0 0 0 0 0 0 0 0 0 0 0 0 0 7 0 0 0 12 22 31 1 4 0 1 30 34 2 25 1 5 0 15 15 16 184 34 30 73 336 32 34 52 180 330 440 176 57 3 0 1 0 0 0 0 7 26 8 18 1 8 5 0 4 2 9 6 4 2 3 0 333 258 206 214 321 145 154 280 348 131 174 106 60 15 4 215 25 20 2 2 43 114 20 27 3 0 1 1 0 0 0 0 13 1 0 0 0 0 0 0 0 0 0 0 0 0 0 0
0 0 0 0 0 0 1 1 0 0 0 0 1 1 0 1 4 2 1 3 1 0 11 5 7 7 0 0 0 0 0 0 0 0 0 0 0 0 0 0 1 0 0 2 0 5 0 0 0 3 5 0 1 4 3 10 12 51 21 13 1 1 1 0 0 0 0 0 0 0 0 0 27 13 111 90 307 57 26 0 0 0 0 0 0 0 0 14 17 2 0 0 2 0 0 7 7 0 9 38 7 327 645 239 157 76 153 40 150 177 215 90 337 57 50 35 9 23 28 1 0 0 11 9 8 82 0 6 1 0 0 0 0 0 0 0 0 0 0 0 0 0 0 0 0 0 0 0 0 0
0 0 0 0 0 0 0 0 0 0 0 0 1 0 0 0 0 0 15 1 0 0 0 0 2 0 0 13 2 1 0 0 0 0 0 0 0 0 0 0 0 0 0 0 0 9 16 2 1 12 11 14 2 29 9 6 11 25 88 4 2 0 0 0 0 0 4 13 0 45 33 5 27 4 7 93 6 45 36 2 0 0 0 0 1 0 0 11 38 2 0 6 27 16 8 0 2 0 6 202 41 30 64 46 50 148 30 54 119 94 48 17 22 351 42 2 47 103 3 0 0 0 2 2 37 167 98 2 0 0 0 0 0 0 0 0 0 0 0 0 0 0 0 0 0 0 0 0 0 0
0 0 0 0 1 4 1 0 0 0 0 0 2 0 0 0 0 0 0 1 0 2 0 2 1 0 37 27 9 0 0 0 0 0 0 2 0 0 0 0 0 0 0 2 17 11 5 0 11 129 29 5 4 4 0 9 63 16 12 9 12 19 1 0 0 0 0 3 1 4 6 3 14 4 1 36 28 7 1 8 3 0 2 9 0 7 7 3 0 0 1 19 17 87 8 0 0 9 178 8 23 96 22 7 22 19 28 212 81 0 0 41 3 101 7 0 0 0 0 0 0 0 4 4 13 61 60 72 0 0 0 0 0 0 0 0 0 0 0 0 0 0 0 0 0 0 0 0 0 0
0 0 0 0 0 0 0 0 0 0 0 0 0 1 0 0 0 0 0 0 0 3 33 0 1 2 4 12 70 2 0 1 0 0 2 0 0 0 0 0 0 0 1 12 2 19 29 7 2 174 10 1 0 3 20 0 12 121 1 0 0 1 0 0 0 3 0 2 8 7 11 39 1 0 0 14 4 0 2 0 2 0 0 0 0 4 5 0 3 2 5 4 1 1 0 7 0 0 1 1 317 386 297 69 36 45 36 130 40 0 0 0 0 36 1 0 0 0 0 0 0 0 0 2 3 0 2 62 110 0 0 0 0 0 0 0 0 0 0 0 0 0 0 0 0 0 0 0 0 0
0 0 0 0 0 0 0 0 0 0 0 0 0 0 0 0 0 1 0 2 1 6 6 1 0 1 1 0 1 2 0 3 3 0 0 0 0 0 0 0 2 1 4 3 1 2 39 7 20 41 82 23 7 10 3 1 4 0 0 0 0 2 2 2 39 77 1 0 0 5 9 20 0 0 86 22 69 32 4 7 2 0 0 1 0 0 0 0 4 2 4 0 0 0 0 0 0 0 100 172 504 381 236 30 0 2 24 23 0 0 0 0 0 7 0 0 0 0 0 0 0 0 1 2 0 0 43 254 0 0 0 0 0 0 0 0 0 0 0 0 0 0 0 0 0 0 0 0 0 0
0 0 0 0 0 0 0 0 0 0 0 0 0 0 2 0 0 0 0 0 0 0 11 2 2 0 0 0 0 0 3 31 1 3 0 0 0 3 0 0 54 7 0 0 0 0 0 4 79 247 86 39 20 1 0 0 1 1 0 0 1 2 0 0 1 2 9 2 1 20 5 11 5 0 6 0 39 19 20 16 6 26 0 5 8 3 2 20 68 19 5 0 2 0 1 30 0 0 31 140 89 27 16 0 9 0 17 19 1 0 0 0 3 40 0 0 0 0 0 0 0 0 0 0 0 50 7 0 0 2 0 0 0 0 0 0 0 0 0 0 0 0 0 0 0 0 0 0 0 0
0 0 0 0 0 0 0 0 0 0 0 0 0 0 0 0 0 0 0 0 0 0 2 1 1 0 0 0 0 0 1 1 12 3 0 0 3 35 4 5 0 0 0 0 0 0 7 4 5 130 88 34 7 0 0 0 0 2 1 0 0 0 0 0 1 1 11 1 0 5 1 10 12 0 0 1 4 1 7 3 1 18 14 0 0 6 0 0 0 0 0 5 1 1 0 0 2 0 0 0 3 0 2 8 6 11 22 7 27 32 7 0 15 0 0 0 0 0 0 0 0 0 0 4 6 11 56 0 0 0 0 0 0 0 0 0 0 0 0 0 0 0 0 0 0 0 0 0 0 0
0 0 0 0 0 0 0 0 0 0 0 0 0 1 1 0 0 2 0 0 0 0 0 0 0 0 0 0 0 1 0 0 0 0 2 1 0 4 1 0 0 0 0 0 26 51 10 18 0 31 57 12 0 0 0 0 0 4 1 0 0 0 0 0 0 0 0 1 0 0 0 2 25 38 1 17 0 0 0 1 0 0 34 47 0 0 2 1 0 0 0 1 0 0 0 1 0 0 0 3 1 0 0 10 5 12 1 1 2 8 1 25 13 0 0 0 0 0 0 0 0 0 0 9 3 5 18 30 0 0 0 0 0 0 0 0 0 0 0 0 0 0 0 0 0 0 0 0 0 0
0 0 0 0 0 0 0 0 0 0 0 0 0 1 0 0 0 0 0 0 1 0 2 0 0 0 0 0 0 0 0 0 1 1 10 0 0 10 0 0 0 0 0 74 5 13 5 1 0 2 14 13 14 9 12 1 1 1 0 3 0 0 0 0 0 0 0 4 9 1 0 1 1 2 11 1 0 0 0 0 0 0 4 16 3 7 0 0 0 0 3 0 0 1 2 1 1 0 0 0 2 1 1 6 151 0 0 1 0 0 0 1 0 0 0 0 0 0 0 0 0 0 0 0 0 5 21 1 0 0 0 0 0 0 0 0 0 0 0 0 0 0 0 0 0 0 0 0 0 0
0 0 0 0 0 0 0 0 0 0 0 0 0 0 5 1 0 0 4 0 0 0 0 0 0 0 0 0 0 0 0 0 0 13 11 0 0 4 0 0 0 0 0 2 23 2 2 0 5 1 23 0 0 0 0 3 1 0 0 0 0 0 0 0 4 4 0 0 2 3 0 13 0 0 0 0 0 1 0 0 0 0 0 1 0 3 4 5 0 1 0 1 0 0 1 0 0 2 0 4 5 2 5 48 105 67 0 0 0 0 0 1 2 0 5 2 0 0 0 0 0 0 0 0 0 6 0 14 0 0 0 0 0 0 0 0 0 6 0 0 0 0 0 0 0 0 0 0 0 0
0 0 0 0 0 0 0 0 0 0 2 0 0 0 3 0 0 2 1 0 1 5 0 1 0 0 0 3 0 0 0 1 0 4 7 1 0 0 0 0 0 0 0 2 37 2 1 1 2 0 6 2 0 0 3 0 0 1 0 0 0 0 0 0 2 0 0 0 5 0 0 5 0 0 1 0 4 1 0 0 0 0 2 1 0 1 3 12 0 1 1 0 1 0 0 4 0 0 0 0 8 2 1 1 6 92 8 0 0 0 0 0 0 3 0 4 0 0 0 2 0 0 0 0 1 105 2 4 0 0 0 0 0 0 1 0 0 5 0 0 0 0 0 0 0 0 0 0 0 0
0 0 0 0 0 0 0 0 0 0 0 0 0 0 1 1 3 3 2 0 3 6 12 0 0 0 0 1 0 1 0 0 0 18 0 0 0 3 2 1 9 10 5 75 60 2 0 0 3 1 0 10 30 0 0 1 0 0 0 0 0 0 0 0 0 0 0 0 0 6 22 14 2 1 0 0 0 3 0 0 0 0 0 0 0 0 0 2 2 1 1 0 0 0 0 0 0 0 0 0 0 3 2 1 6 319 197 30 0 0 0 0 0 1 0 0 2 49 14 3 0 0 0 8 27 13 28 27 24 2 0 0 0 0 0 0 2 0 0 0 0 0 0 0 0 0 0 0 0 0
0 0 0 0 0 0 0 0 0 0 0 0 3 1 0 3 8 13 1 9 1 2 0 5 0 0 0 0 0 2 0 1 1 2 2 11 1 2 23 46 57 162 70 75 17 5 0 2 1 0 0 1 22 2 0 0 0 0 0 0 0 0 0 0 0 0 0 0 0 2 3 7 3 0 2 4 0 72 0 0 0 1 0 0 0 0 0 0 2 7 5 0 3 2 3 6 4 0 0 0 0 0 4 7 76 171 63 89 2 0 0 0 0 0 0 1 58 17 5 0 0 0 14 54 33 45 227 175 16 1 0 0 0 16 0 1 0 0 0 0 0 0 0 0 0 0 0 0 0 0
0 0 0 0 0 0 0 0 2 3 2 11 24 0 0 0 4 1 0 0 0 11 5 10 0 0 0 0 0 3 4 0 1 0 18 0 0 2 15 61 160 230 144 166 13 3 1 1 0 0 0 3 20 15 1 2 0 0 0 0 0 0 0 0 0 0 0 0 0 0 1 0 0 0 0 0 0 2 3 0 0 0 2 2 3 0 0 0 0 0 0 6 4 6 0 4 0 0 0 2 0 1 0 3 2 30 2 39 2 0 0 0 0 1 17 20 217 258 14 37 14 12 3 29 15 8 145 216 80 76 2 16 6 26 2 0 0 0 0 0 0 0 0 0 0 0 0 0 0 0
0 0 0 0 0 0 0 0 1 0 1 0 0 0 0 3 0 0 7 5 0 4 44 11 0 0 0 0 1 0 0 0 1 0 10 3 6 9 23 25 250 119 128 66 14 1 1 0 0 2 0 4 2 2 0 0 1 0 0 0 0 0 0 0 0 0 0 0 0 0 0 0 0 0 0 1 1 6 3 0 0 5 0 0 22 0 0 0 19 9 0 0 1 5 0 0 4 1 0 0 0 1 0 1 0 0 0 0 12 0 0 1 3 0 13 239 139 118 37 34 49 20 39 5 0 0 10 16 0 14 1 188 109 6 14 0 0 0 0 0 0 0 0 0 0 0 0 0 0 0
0 0 0 0 0 0 0 1 2 0 3 2 9 1 0 1 0 0 3 9 104 105 3 0 0 0 0 0 1 5 0 0 3 9 20 2 0 0 0 91 135 92 109 70 25 6 1 0 0 4 2 0 1 3 5 1 1 0 0 0 0 0 0 0 0 0 0 0 0 0 0 0 0 0 0 0 0 0 6 0 0 4 11 83 3 0 0 0 0 0 0 0 1 1 1 3 1 1 0 0 0 0 0 0 2 1 1 1 60 55 100 106 30 28 153 234 136 73 16 114 38 49 1 0 32 6 30 22 0 0 18 117 42 7 9 0 0 0 0 0 0 0 0 0 0 0 0 0 0 0
0 0 1 0 0 0 0 0 0 3 0 0 3 5 2 2 2 3 3 8 21 0 0 0 0 0 0 0 0 0 3 14 1 0 1 0 0 1 3 12 1 35 8 2 0 0 1 0 1 0 0 5 73 1 0 0 1 4 0 0 0 0 0 0 0 0 0 0 0 0 0 0 0 0 0 2 0 7 7 1 0 4 4 7 0 0 0 0 0 2 2 0 0 4 1 3 0 0 0 0 3 0 0 0 0 1 3 11 72 248 44 22 29 99 510 225 46 96 13 161 50 1 0 14 1 2 1 0 0 0 13 70 1 0 1 0 0 0 0 0 0 0 0 0 0 0 0 0 0 0
0 0 0 0 0 2 11 2 2 0 2 0 0 3 8 4 0 0 8 12 4 0 0 0 0 0 1 0 0 3 27 1 4 0 2 1 1 0 2 0 14 5 1 1 0 0 0 0 0 2 0 1 245 1 2 6 9 0 0 1 0 0 0 0 0 0 0 0 0 0 0 0 0 0 0 0 0 1 0 0 0 0 0 0 0 0 0 0 0 0 0 0 1 5 0 1 5 0 0 0 1 0 0 0 0 0 1 20 22 4 0 6 63 54 48 164 34 64 19 23 165 0 0 0 0 0 0 0 0 0 0 34 8 0 0 0 0 0 0 0 0 0 0 0 0 0 0 0 0 0
0 0 0 0 0 1 1 0 1 2 0 0 3 13 1 6 9 0 1 0 0 1 9 0 0 0 0 3 4 4 8 16 1 0 0 1 0 1 0 0 3 4 0 0 0 0 1 0 0 0 1 7 70 16 1 11 2 0 0 0 0 0 0 0 0 0 0 0 0 0 0 0 0 0 0 0 5 1 0 1 0 0 0 0 0 0 0 0 3 0 3 1 15 13 1 4 0 1 0 11 0 0 0 0 0 0 0 19 198 3 0 0 0 0 0 0 0 7 147 175 15 0 0 0 0 1 1 0 0 0 0 0 20 0 0 0 0 0 0 0 0 0 0 0 0 0 0 0 0 0
0 1 0 0 2 0 2 56 2 1 4 3 3 0 1 61 13 10 2 2 0 0 1 0 6 6 0 0 0 4 14 1 1 0 1 1 0 0 0 0 2 0 0 0 4 0 0 0 0 0 0 26 4 7 6 0 1 1 0 0 0 0 0 0 0 0 0 0 0 0 0 0 0 0 0 0 2 10 0 0 0 0 1 0 0 0 0 0 6 0 4 0 0 17 0 0 0 0 3 2 0 0 3 2 0 3 10 6 58 0 0 0 0 0 1 0 0 0 18 81 107 289 0 0 1 16 0 0 0 19 24 6 14 7 0 0 0 0 0 0 0 0 0 0 0 0 0 0 0 0
0 0 0 0 0 0 1 0 0 0 6 1 2 7 2 16 12 18 7 0 0 1 1 0 1 0 1 0 0 0 0 0 0 0 1 0 0 0 0 3 1 2 4 0 1 0 0 0 0 0 1 20 5 11 5 3 0 0 0 0 0 0 0 0 0 0 0 0 0 0 0 0 0 0 0 0 0 12 52 0 0 4 0 0 0 0 0 26 6 0 1 1 1 0 0 1 0 0 1 2 8 6 14 0 1 0 10 9 24 3 0 0 0 11 19 24 55 176 22 97 176 76 0 2 102 16 0 0 0 38 70 0 0 0 0 0 0 0 0 0 0 0 0 0 0 0 0 0 0 0
0 0 0 0 0 0 0 0 1 0 5 43 1 2 0 0 0 1 0 1 0 0 0 5 0 0 0 0 11 0 0 0 0 0 0 0 0 0 1 0 1 4 11 2 0 0 2 0 0 0 0 39 6 0 0 0 0 0 0 0 0 0 0 0 0 0 0 0 0 0 0 0 0 0 0 2 0 20 11 1 1 3 0 0 0 0 1 3 1 0 0 0 5 1 0 0 0 0 2 1 0 0 0 0 4 0 3 21 11 6 0 0 0 0 27 198 185 149 17 15 59 49 135 164 46 7 0 0 0 91 24 0 0 0 0 0 0 0 0 0 0 0 0 0 0 0 0 0 0 0
0 0 0 0 0 0 0 0 0 0 4 10 0 0 0 3 0 0 1 1 2 0 0 0 0 2 1 1 2 0 0 0 0 0 0 0 0 0 5 2 0 1 1 0 2 1 0 0 0 0 0 27 1 3 1 0 0 0 3 1 0 0 0 0 0 0 0 0 0 0 0 0 0 0 0 0 1 4 40 8 2 6 10 0 0 0 0 0 1 0 0 0 1 2 2 0 0 0 0 1 0 1 1 5 2 2 3 0 20 0 0 0 11 4 8 2 1 20 150 169 6 60 371 157 113 57 52 56 176 429 338 0 0 0 0 0 0 0 0 0 0 0 0 0 0 0 0 0 0 0
0 2 0 0 0 0 0 0 0 6 14 4 0 0 10 1 0 1 0 0 0 0 0 0 0 10 4 0 0 0 2 0 1 0 1 0 0 0 1 4 0 0 1 0 0 0 2 1 0 1 2 116 7 0 0 0 7 0 0 0 0 0 0 0 0 0 0 0 0 0 0 0 0 0 0 0 1 11 29 0 1 8 2 0 0 0 0 0 3 0 2 1 1 26 11 8 9 0 0 0 3 0 0 5 12 91 0 0 67 13 1 1 4 1 2 4 106 45 57 167 157 226 225 315 489 269 167 115 227 144 155 0 0 0 0 0 0 0 0 0 0 0 0 0 0 0 0 0 0 0
0 0 0 0 0 0 0 2 2 4 0 0 1 0 8 7 3 1 0 0 0 0 0 0 6 1 4 1 0 0 0 1 0 0 0 0 1 2 0 0 0 0 0 0 0 1 0 0 1 10 173 159 5 18 3 1 0 1 0 2 1 1 0 0 0 0 0 0 0 0 0 0 0 0 0 0 0 0 3 0 0 0 0 0 0 0 0 0 1 0 0 0 24 0 0 0 0 0 1 2 6 3 0 1 23 11 6 17 1 3 3 3 1 4 0 2 2 23 137 585 488 201 116 421 480 363 103 209 97 4 11 1 0 0 0 0 0 0 0 0 0 0 0 0 0 0 0 0 0 0
0 0 0 1 0 0 1 0 10 7 0 2 3 1 5 1 0 0 0 0 0 0 0 0 0 1 0 0 0 1 0 12 10 0 0 0 0 0 1 1 0 0 0 0 0 0 0 0 2 33 208 137 129 157 16 7 0 0 2 3 2 0 0 0 0 0 0 0 0 0 0 0 0 0 0 0 0 0 0 13 0 0 0 0 0 0 0 7 76 0 0 9 5 0 0 0 0 0 1 5 1 0 6 3 1 54 121 5 1 0 0 2 0 1 2 1 2 11 30 161 221 152 134 1212 426 163 158 86 3 133 369 369 0 0 0 0 0 0 0 0 0 0 0 0 0 0 0 0 0 0
0 0 0 4 0 3 10 8 2 0 4 17 0 1 0 0 0 1 0 0 0 0 0 0 4 0 1 1 0 0 0 5 3 2 0 0 0 0 0 0 0 0 0 1 0 3 0 0 0 0 103 120 172 191 32 25 1 1 0 0 0 0 0 0 0 0 0 0 0 0 0 0 0 0 2 0 0 0 0 32 1 1 1 0 0 0 0 5 16 0 0 6 23 0 0 0 0 0 0 5 0 12 6 38 4 3 1 7 0 0 0 0 0 4 0 2 1 1 2 15 84 132 143 242 283 221 87 88 108 172 85 66 1 0 0 0 0 0 0 0 0 0 0 0 0 0 0 0 0 0
0 2 0 6 2 3 5 2 0 1 0 0 1 0 0 0 0 0 0 0 0 0 1 0 0 0 0 0 0 0 0 0 0 1 0 1 0 0 0 0 0 0 0 0 0 2 1 1 0 3 13 32 80 3 9 5 1 0 1 0 1 0 0 0 0 0 0 0 0 0 0 0 0 0 0 0 0 0 1 0 0 0 0 0 0 0 14 25 13 0 4 49 22 5 3 0 0 0 0 9 26 2 14 96 9 0 2 1 9 0 0 0 0 3 1 0 3 6 6 1 21 268 157 96 153 153 342 459 101 30 20 44 0 0 0 0 0 0 0 0 0 0 0 0 0 0 0 0 0 0
0 0 3 0 7 0 5 30 0 2 3 2 1 1 0 0 0 0 0 0 0 0 0 1 0 0 0 0 0 1 0 0 0 0 0 4 0 0 0 0 0 0 0 0 0 0 0 0 0 0 0 18 20 3 6 0 0 30 23 3 0 0 4 0 0 0 0 0 0 0 0 0 0 0 0 0 0 0 0 0 0 2 10 11 9 9 2 0 9 29 120 27 84 2 1 1 0 0 8 4 26 70 126 241 118 13 5 0 14 3 0 0 0 0 1 1 1 28 6 172 160 227 961 434 289 121 666 458 347 0 0 0 0 0 0 0 0 0 0 0 0 0 0 0 0 0 0 0 0 0
1 0 0 0 3 20 3 18 2 4 0 0 1 1 0 0 0 0 0 0 0 0 0 0 0 0 0 0 3 0 0 1 0 0 0 0 0 0 0 0 2 0 0 0 0 0 0 0 1 2 0 2 16 0 14 0 0 3 21 0 2 2 0 0 0 0 0 0 0 0 0 0 0 0 0 0 0 0 0 0 0 3 8 0 0 4 5 37 22 16 114 33 28 1 12 4 1 0 0 0 43 48 95 83 52 22 0 2 0 3 1 0 0 0 1 2 2 135 102 245 274 1 1 50 245 27 268 445 182 1 233 2 0 0 0 0 0 0 0 0 0 0 0 0 0 0 0 0 0 0
2 1 70 1 17 24 4 6 1 2 0 2 2 1 0 0 0 0 0 1 2 0 0 0 0 0 0 0 0 0 0 1 0 0 0 0 0 0 0 0 2 0 0 0 1 0 0 0 2 0 0 0 5 0 0 0 0 1 1 10 1 0 0 0 0 0 0 0 0 0 0 0 0 0 0 0 0 0 0 0 9 20 0 0 4 0 92 18 0 1 0 2 4 1 0 0 0 0 0 0 6 25 170 78 30 55 1 3 5 2 10 0 0 0 0 4 92 140 49 7 0 0 0 0 41 174 44 145 227 0 17 3 0 0 0 0 0 0 0 0 0 0 0 0 0 0 0 0 0 0
2 19 27 90 102 126 54 23 3 0 0 0 0 0 1 0 0 0 0 0 0 3 0 1 0 0 0 0 0 0 0 0 0 0 0 0 0 0 0 0 0 0 0 0 0 1 0 1 1 2 0 7 1 0 0 0 0 0 10 4 0 0 0 0 0 0 0 0 0 0 0 0 0 0 0 0 0 0 0 8 4 0 0 0 8 0 4 56 20 0 0 0 0 0 0 0 0 0 0 0 0 124 119 50 36 123 1 1 0 9 13 0 0 0 0 15 47 1 3 20 0 0 0 0 3 161 148 208 96 9 12 0 0 0 0 0 0 0 0 0 0 0 0 0 0 0 0 0 0 0
0 34 132 274 78 81 38 9 0 0 0 1 1 0 0 0 1 0 0 0 0 2 0 0 1 0 0 0 0 0 0 0 0 0 0 0 0 0 0 0 0 2 0 1 1 0 0 4 10 0 0 0 9 0 2 2 1 0 0 0 0 8 0 0 0 0 0 0 0 0 0 0 0 0 0 0 0 6 0 0 0 0 0 0 0 0 35 5 0 0 1 2 0 0 0 1 0 0 0 0 5 17 3 2 31 22 0 0 0 0 4 8 0 2 0 0 0 7 11 19 15 26 3 0 11 72 26 161 14 0 0 0 0 0 0 0 0 0 0 0 0 0 0 0 0 0 0 0 0 0
0 2 89 73 43 86 68 10 0 0 0 0 0 0 0 0 0 0 0 1 1 2 0 0 0 0 0 0 0 0 0 0 0 0 0 0 0 0 0 0 0 0 1 0 0 0 0 1 2 1 0 0 0 2 0 0 0 0 0 0 0 0 0 0 0 0 0 0 0 0 0 0 0 0 0 0 0 0 0 0 0 1 0 0 0 0 22 8 1 1 6 1 0 0 0 2 0 0 0 229 312 49 70 16 1 56 7 0 0 0 1 1 0 0 0 0 0 0 9 31 68 21 71 77 19 13 1 0 0 0 0 0 0 0 0 0 0 0 0 0 0 0 0 0 0 0 0 0 0 0
1 12 10 29 16 5 2 1 0 0 2 0 0 0 0 0 1 0 0 0 0 14 0 0 0 0 0 0 1 0 0 0 0 0 0 0 0 0 0 0 0 0 0 0 1 12 0 0 0 0 0 0 0 0 0 8 1 0 0 0 0 0 0 0 0 0 0 0 0 0 0 0 0 0 0 0 5 5 0 0 0 0 0 0 0 0 15 0 0 8 21 0 0 0 5 20 112 2 104 713 174 215 48 6 3 25 12 44 0 5 4 0 0 0 0 0 0 0 21 11 28 11 3 8 9 12 11 12 17 13 1 0 0 0 0 0 0 0 0 0 0 0 0 0 0 0 0 0 0 0
9 7 11 8 0 0 0 0 0 0 0 0 0 0 0 0 0 0 0 1 0 3 3 0 0 0 0 0 0 0 0 0 0 2 0 0 0 0 0 0 0 0 0 6 0 13 1 2 0 0 0 0 0 0 23 10 1 0 0 0 0 0 0 0 0 0 0 0 0 0 0 0 0 0 3 7 0 0 0 0 0 0 0 0 0 0 7 0 0 0 62 5 1 1 250 482 18 3 18 76 10 17 1 0 0 0 0 57 265 31 0 0 0 0 1 0 0 5 0 0 6 0 0 1 10 35 38 23 143 57 17 0 0 0 0 0 0 0 0 0 0 0 0 0 0 0 0 0 0 0
17 2 3 0 0 1 1 0 0 0 0 0 0 0 0 0 0 0 0 0 0 0 1 0 0 14 0 0 1 0 1 8 1 0 0 0 0 0 0 0 2 0 0 0 0 0 0 0 0 0 0 0 2 1 9 0 0 0 0 0 0 0 0 0 0 0 0 0 0 0 0 0 0 0 8 106 0 0 0 0 0 0 0 0 0 0 28 23 76 20 21 4 7 8 0 21 7 1 0 0 1 1 2 0 2 1 67 58 36 9 0 0 0 0 0 0 0 1 0 0 2 3 8 12 4 59 23 61 43 72 8 0 0 0 0 0 0 0 0 0 0 0 0 0 0 0 0 0 0 0
0 0 0 1 0 0 0 0 0 0 0 0 0 0 0 0 0 0 0 0 0 0 0 0 0 0 0 0 0 0 0 0 0 0 0 0 0 0 0 0 0 0 0 0 0 1 58 0 0 0 0 0 5 12 2 0 0 0 0 0 0 0 0 0 0 0 0 0 0 0 0 0 3 0 0 0 0 0 0 0 0 0 0 0 0 0 7 0 60 2 0 0 0 1 0 10 0 0 2 0 0 5 0 0 1 148 213 103 18 18 0 0 0 0 0 0 0 0 9 5 0 7 0 8 0 2 36 11 0 7 0 2 0 0 0 0 0 0 0 0 0 0 0 0 0 0 0 0 0 0
0 0 0 0 0 0 0 0 0 0 0 0 0 0 0 0 0 0 1 0 0 0 0 1 0 0 0 2 0 0 0 0 0 0 0 0 0 0 0 0 0 0 0 0 0 0 0 0 0 0 3 0 6 20 5 1 5 0 0 0 0 0 0 0 0 0 0 0 0 0 0 2 3 0 0 0 0 0 0 0 0 0 0 0 0 0 2 0 0 0 0 0 0 7 0 0 1 0 1 1 1 0 1 0 9 16 49 1 18 41 0 0 0 0 0 0 0 0 5 0 0 4 2 22 93 15 68 13 4 16 0 0 0 0 0 0 0 0 0 0 0 0 0 0 0 0 0 0 0 0
0 0 0 0 4 11 0 0 0 0 0 0 0 0 0 0 0 0 0 0 0 0 0 1 0 0 0 0 1 0 0 0 0 0 0 0 0 0 0 0 0 0 0 1 0 0 0 0 0 0 10 0 1 0 2 0 2 0 0 0 0 0 0 0 0 0 0 1 0 2 0 0 0 0 0 0 0 0 0 0 0 0 0 0 0 0 4 0 0 0 0 10 28 2 1 0 0 0 0 4 3 0 26 9 12 2 0 0 0 0 0 0 0 0 0 0 0 0 0 0 0 5 0 4 0 0 0 55 0 1 0 0 0 0 0 0 0 0 0 0 0 0 0 0 0 0 0 0 0 0
0 0 0 0 46 15 0 0 0 0 0 0 0 0 0 0 0 0 0 0 0 0 0 0 0 0 0 0 1 0 1 0 0 0 0 0 2 0 2 0 0 0 0 0 0 0 1 0 0 1 0 0 1 7 2 1 1 1 0 0 0 0 0 0 0 0 0 0 3 1 0 0 0 4 0 0 0 0 0 0 0 0 0 0 0 0 0 4 19 17 48 72 45 6 0 0 0 0 0 16 10 164 133 16 0 2 0 0 0 10 4 0 0 0 0 0 0 0 0 0 0 0 0 0 0 0 12 1 0 0 0 0 0 0 0 0 0 0 0 0 0 0 0 0 0 0 0 0 0 0
0 0 0 0 0 0 0 0 0 0 0 0 0 2 0 0 0 0 1 0 0 0 0 0 0 0 1 0 0 0 0 0 0 0 0 1 0 0 0 0 0 0 0 0 2 2 0 0 0 0 0 0 0 2 1 0 0 0 0 0 0 0 0 0 0 0 0 0 4 0 0 0 0 0 0 0 0 0 0 0 0 0 0 0 0 0 0 3 6 27 52 54 79 4 3 0 0 1 0 35 69 90 18 6 0 0 0 0 0 0 1 0 0 0 0 0 0 0 0 1 0 11 37 0 0 6 2 1 0 0 0 0 0 0 0 0 0 0 0 0 0 0 0 0 0 0 0 0 0 0
0 0 0 0 0 0 0 0 0 0 0 1 18 3 1 1 0 0 0 0 0 0 0 0 0 1 2 0 0 14 0 0 0 0 0 1 0 0 0 0 0 0 0 1 3 1 0 0 0 0 5 0 1 7 16 3 0 0 0 0 0 0 0 0 0 0 0 3 45 0 0 0 0 0 0 0 0 0 0 0 0 0 0 0 0 2 10 6 11 3 0 1 5 0 7 1 0 0 0 1 15 0 0 1 0 0 0 0 0 2 2 14 0 0 0 0 0 0 0 0 0 0 0 0 0 0 0 0 0 0 0 0 0 0 0 0 0 0 0 0 0 0 0 0 0 0 0 0 0 0
0 0 0 0 0 0 0 0 0 0 0 0 0 2 1 0 0 0 0 0 0 0 0 0 0 0 1 0 1 0 0 0 0 0 1 0 0 0 0 0 0 0 1 0 0 0 0 2 0 0 0 0 0 0 5 3 2 0 0 0 0 0 0 0 0 0 1 6 8 0 0 0 0 0 0 0 0 0 0 0 0 0 0 0 9 0 0 0 2 6 2 0 2 0 0 1 0 7 0 0 14 1 0 0 0 0 0 2 12 29 38 84 3 0 0 0 0 0 0 0 0 0 0 0 0 0 0 0 0 0 0 0 0 0 0 0 0 0 0 0 0 0 0 0 0 0 0 0 0 0
0 0 0 0 0 1 9 0 0 0 0 0 0 0 0 0 0 0 0 0 0 0 0 0 0 0 0 0 1 0 0 0 0 0 0 0 0 0 1 0 0 0 0 0 0 0 0 1 14 0 0 0 0 0 0 22 29 0 0 0 0 0 0 0 0 0 16 127 4 0 0 1 0 0 0 0 0 0 0 0 0 0 0 4 3 0 0 3 0 213 2 0 0 1 2 4 14 29 2 1 1 1 3 1 0 0 10 3 4 14 43 29 19 7 0 0 0 0 0 0 0 0 0 0 0 0 0 0 0 0 0 0 0 0 0 0 0 0 0 0 0 0 0 0 0 0 0 0 0 0
0 0 0 0 0 0 0 0 0 0 0 0 0 0 0 1 0 0 0 0 0 0 0 0 0 0 0 0 0 0 0 0 0 0 0 0 1 0 0 0 0 0 0 0 0 1 4 6 18 0 0 0 0 1 2 2 4 6 8 0 2 4 6 10 3 2 0 0 0 0 0 0 0 0 0 0 0 0 0 0 0 0 0 0 0 0 0 3 0 1 0 0 0 0 3 67 1 0 0 1 0 0 0 0 11 30 431 229 207 29 20 0 11 2 0 0 0 0 0 0 0 0 0 0 0 0 0 0 0 0 0 0 0 0 0 0 0 1 0 0 0 0 0 0 0 0 0 0 0 0
0 0 1 0 0 23 0 2 0 0 1 0 0 0 0 0 0 0 0 0 0 0 0 0 0 0 0 0 0 0 0 0 0 0 0 1 0 0 1 0 0 0 0 0 0 0 14 1 5 2 0 0 3 0 3 0 0 0 0 1 0 0 0 1 2 0 0 3 1 4 0 5 0 0 0 0 0 0 0 0 0 0 0 0 0 0 0 0 0 0 1 9 0 0 30 7 0 0 0 0 0 1 0 1 16 25 41 104 106 95 26 65 18 0 0 0 0 0 0 0 0 0 0 0 0 0 0 0 0 0 0 0 0 0 0 0 0 0 0 0 0 0 0 0 0 0 0 0 0 0
0 0 0 0 20 9 1 0 0 1 0 0 0 0 0 0 0 0 0 0 0 0 0 0 0 0 0 0 0 0 0 0 5 0 0 0 0 0 0 0 0 0 8 2 0 0 0 0 3 1 0 0 0 2 1 0 1 0 1 1 0 0 0 0 0 2 1 0 0 0 0 0 1 2 0 0 0 0 0 0 0 0 0 0 0 1 0 0 0 0 0 2 4 8 0 17 101 0 0 0 0 0 0 15 76 81 2 0 2 10 0 1 1 0 0 0 0 0 0 0 0 0 0 0 0 0 0 0 0 0 0 0 0 0 0 0 0 0 0 0 0 0 0 0 0 0 0 0 0 0
0 0 0 0 0 0 0 0 0 0 0 0 0 0 0 0 0 0 0 0 0 0 0 0 0 0 0 0 0 0 0 0 0 0 1 0 0 0 0 0 0 0 0 0 0 0 0 0 0 1 0 0 0 0 0 0 0 0 1 0 0 0 0 0 0 0 0 0 0 0 0 0 1 0 0 0 0 0 0 0 0 0 0 0 0 0 0 0 0 0 0 1 13 5 4 54 123 0 0 0 0 0 0 2 8 0 0 0 0 0 9 57 0 0 0 0 0 0 0 0 0 0 0 0 0 0 0 0 0 0 0 0 0 0 0 0 0 0 0 0 0 0 1 1 0 0 0 0 0 0
0 0 0 0 0 2 0 0 0 1 0 0 1 0 0 1 0 0 0 0 0 0 0 0 0 0 0 0 0 0 0 1 0 0 0 0 0 0 0 0 0 0 0 0 0 0 0 0 0 0 2 0 5 1 0 0 0 0 0 1 0 0 0 0 0 0 0 0 0 0 0 0 0 0 0 0 0 0 0 0 0 0 0 0 0 0 0 0 11 0 0 8 48 86 32 0 0 1 0 0 0 0 1 0 0 0 0 0 0 27 88 0 0 0 0 0 0 0 0 0 0 0 0 0 0 0 0 0 0 0 0 0 0 0 0 0 0 0 0 0 0 0 0 1 0 0 0 0 0 0
0 0 0 0 1 0 0 0 0 0 0 0 0 0 1 1 0 0 0 0 0 0 0 0 1 0 0 0 0 0 0 0 0 0 0 0 0 0 0 0 0 0 0 0 0 0 0 0 0 0 2 1 8 0 0 0 0 0 0 1 1 0 0 0 0 0 0 0 0 0 0 0 0 0 0 0 0 0 0 0 0 0 0 0 0 0 0 0 0 0 1 14 190 0 0 5 1 0 0 0 0 0 0 0 0 0 0 0 3 0 7 1 0 0 0 0 0 0 0 0 0 0 0 0 0 0 0 0 0 0 0 0 0 0 0 0 0 0 0 0 0 0 0 0 0 0 0 0 0 0
0 0 0 0 0 0 0 0 0 0 0 0 0 0 0 0 0 0 0 0 0 0 0 0 0 0 0 0 0 0 0 0 0 0 0 0 0 0 0 0 0 0 0 0 0 0 0 0 0 0 0 1 0 0 0 0 0 0 0 2 0 1 0 0 0 0 0 0 0 0 1 18 4 0 0 0 0 0 0 0 0 0 0 0 0 0 0 0 0 2 4 6 0 2 7 0 0 0 0 0 0 0 0 0 0 0 0 0 0 0 0 0 0 0 0 0 0 0 0 0 0 0 0 0 0 0 0 0 0 0 0 0 0 0 0 0 0 0 0 0 0 0 0 0 0 0 0 0 0 0
0 0 0 0 0 0 0 0 0 0 0 0 0 1 0 0 0 0 0 0 0 0 2 31 0 0 0 0 0 0 0 0 0 0 0 0 0 0 0 0 0 0 0 0 0 0 0 0 0 0 0 6 1 0 0 0 0 4 0 0 0 2 1 0 0 0 0 0 0 0 0 4 0 0 1 0 0 0 0 0 0 0 0 0 0 0 0 0 0 2 0 12 14 6 111 1 0 0 0 0 0 0 0 0 0 0 0 0 0 0 0 0 0 0 0 0 0 0 0 0 0 0 0 0 0 0 0 0 0 0 0 0 0 0 0 0 0 0 0 0 0 0 0 0 0 0 0 0 0 0
0 0 0 0 0 0 0 0 0 0 0 0 0 0 0 0 0 0 0 0 0 0 0 0 0 0 0 0 0 0 0 0 0 0 0 0 0 0 0 0 0 0 0 0 0 0 0 0 0 0 0 11 11 1 3 0 0 0 0 0 0 7 26 0 0 0 0 0 0 0 0 0 0 0 1 0 0 0 0 0 0 0 0 0 0 0 0 0 0 0 3 0 0 3 2 0 0 0 3 0 0 0 0 0 0 0 0 0 0 0 0 0 0 0 0 0 0 0 0 0 0 0 0 0 0 0 0 0 0 0 0 0 0 0 0 0 0 0 0 0 0 0 0 0 0 0 0 0 0 0
0 0 0 0 0 0 0 0 0 0 0 0 1 0 0 0 0 0 0 0 0 0 0 0 0 0 0 0 0 0 0 0 0 0 0 0 0 0 0 0 0 0 0 0 0 0 0 0 0 0 1 12 45 3 2 0 0 0 0 0 0 4 0 0 0 0 0 0 0 0 0 0 0 1 0 0 0 0 0 0 0 0 0 0 0 0 0 0 0 0 0 7 4 3 1 2 0 0 0 0 0 0 0 0 0 0 0 0 0 0 0 0 0 0 0 0 0 0 0 0 0 0 0 0 0 0 0 0 0 0 0 0 0 0 0 0 0 0 0 0 0 0 0 0 0 0 0 0 0 0
0 0 0 0 0 0 0 0 0 0 0 0 1 2 0 0 0 1 1 0 0 0 0 0 0 2 0 0 0 0 0 0 0 0 0 0 0 0 0 0 0 0 0 0 0 0 0 0 0 3 1 3 39 0 8 0 2 0 0 0 0 1 3 0 0 0 0 0 0 0 0 0 0 0 0 0 0 0 0 0 0 0 0 0 0 0 0 0 0 0 0 0 0 2 1 0 0 0 0 22 0 0 0 0 0 0 0 0 0 0 0 0 0 0 0 0 0 0 0 0 0 0 0 0 0 0 0 0 0 0 0 0 0 0 0 0 0 0 0 0 0 0 0 0 0 0 0 0 0 0
0 0 0 0 0 0 0 0 0 1 0 0 0 0 0 0 0 0 0 0 0 0 0 0 0 0 0 0 0 0 0 0 0 0 0 0 0 1 0 0 0 0 0 0 0 0 0 1 0 0 0 0 3 0 0 0 0 0 0 0 1 1 0 1 0 0 0 0 0 0 0 0 0 0 0 0 0 0 0 0 0 0 0 0 0 0 0 0 0 0 0 0 0 0 0 0 2 0 0 0 0 0 0 0 0 0 0 0 0 0 0 0 0 0 0 0 0 0 0 0 0 0 0 0 0 0 0 0 0 0 0 0 0 0 0 0 0 0 0 0 0 0 0 0 0 0 0 0 0 0
2 0 0 0 0 0 0 0 0 0 0 0 0 0 0 0 0 0 0 0 0 0 0 0 0 0 0 0 0 0 1 0 1 0 5 0 0 0 0 0 0 0 0 0 0 0 3 22 0 0 0 0 0 0 0 0 0 0 0 1 2 0 0 0 0 0 0 0 0 0 0 0 0 0 0 0 0 0 0 0 0 0 0 0 0 0 0 0 0 0 0 0 0 0 0 2 4 4 0 0 0 0 0 0 0 0 0 0 0 0 0 0 0 0 0 0 0 0 0 0 0 0 0 0 0 0 0 0 0 0 0 0 0 0 0 0 0 0 0 0 0 0 0 0 0 2 0 0 0 0
6 0 0 0 0 0 0 0 0 0 0 0 0 0 0 0 0 0 0 0 2 0 0 0 0 1 0 0 0 0 0 2 0 0 0 0 0 0 0 0 0 0 0 0 0 0 0 0 0 0 0 0 0 0 0 0 0 0 0 0 0 0 0 0 0 0 0 0 0 0 0 0 1 0 0 0 0 0 0 0 0 0 0 0 0 0 0 0 0 0 0 0 0 0 1 1 5 0 0 0 1 0 0 0 0 0 0 0 0 0 0 0 0 0 0 0 0 0 0 0 0 0 0 0 0 0 0 0 0 0 0 0 0 0 0 0 0 0 0 0 0 0 0 0 0 0 0 0 0 0
0 0 0 0 0 0 0 0 0 0 0 0 0 0 0 0 0 0 1 0 0 0 0 0 0 0 0 0 0 0 0 0 0 0 0 0 0 0 0 0 0 0 0 0 0 0 0 0 0 0 0 0 0 0 0 0 0 0 0 0 1 0 0 0 0 0 0 0 0 0 0 0 0 0 0 0 0 0 0 0 0 0 0 0 0 0 0 0 0 0 0 0 0 0 4 0 0 0 0 0 0 0 0 0 0 0 0 0 0 0 0 0 0 0 0 0 0 0 0 0 0 0 0 0 0 0 0 0 0 0 0 0 0 0 0 0 0 0 0 0 0 0 0 0 0 0 0 0 0 0
0 0 0 0 0 0 0 0 0 1 6 0 0 0 0 0 0 0 0 0 0 0 0 0 0 0 0 0 0 0 0 0 0 0 0 0 0 0 0 0 0 0 0 0 1 0 0 0 0 0 0 0 0 0 0 0 0 0 0 0 2 0 0 0 0 0 0 0 0 0 1 0 0 0 0 0 0 0 0 0 0 0 0 0 0 0 0 0 0 0 0 0 0 0 0 0 2 0 0 0 0 0 0 0 0 0 0 0 0 0 0 0 0 0 0 0 0 0 0 0 0 0 0 0 0 0 0 0 0 0 0 0 0 0 0 0 0 0 0 0 0 0 0 0 0 0 0 0 0 0
0 0 0 0 0 0 0 0 0 1 0 0 1 0 0 0 0 0 0 0 0 0 0 0 0 0 0 0 0 0 0 0 0 0 0 0 3 0 0 0 0 0 0 1 0 0 0 0 0 0 0 0 0 0 0 0 0 0 0 1 0 0 0 0 0 0 0 0 10 0 0 0 0 0 0 0 0 0 0 0 0 0 0 0 0 0 0 0 0 0 0 0 0 0 0 0 1 0 0 3 0 0 0 0 0 0 0 0 0 0 0 0 0 0 0 0 0 0 0 0 0 0 0 0 0 0 0 0 0 0 0 0 0 0 0 0 0 0 0 0 0 0 0 0 0 0 0 0 0 0
0 0 0 0 0 0 0 0 0 0 0 0 0 0 0 0 0 1 0 0 0 0 0 0 0 0 0 0 0 0 0 0 0 0 0 0 0 3 1 0 0 0 1 0 0 0 0 0 0 0 0 0 0 0 0 0 0 0 0 0 0 9 0 0 0 0 0 0 70 101 1 0 0 0 0 0 0 0 0 0 0 0 0 0 0 0 0 0 0 0 0 0 0 0 0 0 3 0 0 0 0 0 0 0 0 0 0 0 0 0 0 0 0 0 0 0 0 0 0 0 0 0 0 0 0 0 0 0 0 0 0 0 0 0 0 0 0 0 0 0 0 0 0 0 0 0 0 0 0 0
0 0 0 0 0 0 0 0 0 0 0 0 16 3 0 0 8 0 1 3 0 0 0 11 1 0 0 0 0 0 0 2 0 0 1 0 2 0 2 2 0 1 2 0 0 0 0 0 0 0 0 0 0 0 0 0 0 0 0 0 0 1 0 0 59 16 2 0 0 0 0 0 0 0 0 0 0 0 0 0 0 0 0 0 0 0 0 0 0 0 0 0 0 0 0 0 0 0 0 0 0 0 0 0 0 0 0 0 0 0 0 0 0 0 0 0 0 0 0 0 0 0 0 0 0 0 0 0 0 0 0 0 0 0 0 0 0 0 0 0 0 0 0 0 0 0 0 0 0 0
0 15 0 0 0 0 0 0 0 0 0 1 2 0 0 0 1 1 0 2 3 37 15 1 4 0 0 0 0 1 0 0 0 0 0 0 12 1 0 0 0 0 0 0 0 0 0 0 0 0 0 0 0 0 0 0 0 0 0 0 0 0 0 0 1 1 0 0 0 0 0 0 0 0 0 0 0 0 0 0 0 0 0 0 0 0 0 0 0 0 0 0 0 0 0 0 0 0 0 0 0 0 0 0 0 0 0 0 0 0 0 0 0 0 0 0 0 0 0 0 0 0 0 0 0 0 0 0 0 0 0 0 0 0 0 0 0 0 0 0 0 0 0 0 0 0 0 0 0 0
2 2 2 0 2 0 0 0 0 0 0 0 1 0 0 0 3 1 0 1 0 35 7 3 2 0 0 0 1 1 0 0 0 0 0 0 0 0 0 0 0 1 0 0 0 0 0 0 0 0 0 0 0 0 0 0 0 0 0 0 0 0 0 0 0 0 0 0 0 0 0 0 0 0 0 0 0 0 0 0 0 0 0 0 0 0 0 0 0 0 0 0 0 0 0 0 0 0 0 0 0 0 0 0 0 0 0 0 0 0 0 0 0 0 0 0 0 0 0 0 0 0 0 0 0 0 0 0 0 0 0 0 0 0 0 0 0 0 0 0 0 0 0 0 0 0 0 0 0 0
0 0 0 0 0 0 0 0 0 0 0 0 1 0 0 0 0 0 0 0 0 1 7 0 1 1 1 0 1 0 0 0 0 0 1 0 0 0 0 0 0 0 0 0 0 0 0 0 0 0 0 0 0 0 0 0 0 0 0 0 0 0 0 0 0 0 0 0 0 0 0 0 0 0 0 0 0 0 0 0 0 0 0 0 0 0 0 0 0 0 0 0 0 0 0 0 0 0 0 0 0 0 0 0 0 0 0 0 0 0 0 0 0 0 0 0 0 0 0 0 0 0 0 0 0 0 0 0 0 0 0 0 0 0 0 0 0 0 0 0 0 0 0 0 0 0 0 0 0 0
0 0 0 0 0 0 0 0 0 0 0 0 0 0 0 0 0 0 1 0 0 0 0 0 4 3 0 1 6 0 0 0 0 4 0 0 1 0 0 0 0 0 0 0 0 0 0 0 0 0 0 0 0 0 0 0 0 0 0 0 0 0 0 0 0 0 0 0 0 0 0 0 0 0 0 0 0 0 0 0 0 0 0 0 0 0 0 0 0 0 0 0 0 0 0 0 0 0 0 0 0 0 0 0 0 0 0 0 0 0 0 0 0 0 0 0 0 0 0 0 0 0 0 0 0 0 0 0 0 0 0 0 0 0 0 0 0 0 0 0 0 0 0 0 0 0 0 0 0 0
0 0 0 0 0 0 0 0 0 0 0 0 0 0 0 0 0 0 0 0 0 0 0 0 0 0 0 1 49 11 0 1 1 7 1 0 3 0 0 0 0 0 0 0 0 0 0 0 0 0 0 0 0 0 0 0 0 0 0 0 0 0 0 0 0 0 0 0 0 0 0 0 0 0 0 0 0 0 0 0 0 0 0 0 0 0 0 0 0 0 0 0 0 0 0 0 0 0 0 0 0 0 0 0 0 0 0 0 0 0 0 0 0 0 0 0 0 0 0 0 0 0 0 0 0 0 0 0 0 0 0 0 0 0 0 0 0 0 0 0 0 0 0 0 0 0 0 0 0 0
0 0 0 0 0 0 0 0 0 0 0 0 0 0 0 0 0 0 0 1 0 0 0 0 0 2 1 1 0 0 0 0 0 0 0 0 1 0 0 0 0 0 0 0 0 0 0 0 0 0 0 0 0 0 0 0 0 0 0 0 0 0 0 0 0 0 0 0 0 0 0 0 0 0 0 0 0 0 0 0 0 0 0 0 0 0 0 0 0 0 0 0 0 0 0 0 0 0 0 0 0 0 0 0 0 0 0 0 0 0 0 0 0 0 0 0 0 0 0 0 0 0 0 0 0 0 0 0 0 0 0 0 0 0 0 0 0 0 0 0 0 0 0 0 0 0 0 0 0 0
0 0 0 0 0 0 0 0 0 0 0 0 0 0 0 0 0 0 0 0 0 0 0 0 9 0 3 0 0 0 3 0 1 0 0 2 1 0 0 0 0 0 0 0 0 0 0 0 0 0 0 0 0 0 0 0 0 0 0 0 0 0 0 0 0 0 0 0 0 0 0 0 0 0 0 0 0 0 0 0 0 0 0 0 0 0 0 0 0 0 0 0 0 0 0 0 0 0 0 0 0 0 0 0 0 0 0 0 0 0 0 0 0 0 0 0 0 0 0 0 0 0 0 0 0 0 0 0 0 0 0 0 0 0 0 0 0 0 0 0 0 0 0 0 0 0 0 0 0 0
0 0 0 0 0 0 0 0 0 0 0 0 3 1 0 0 0 0 0 0 0 0 0 0 0 0 0 0 0 0 0 0 5 0 0 0 1 0 0 0 0 0 0 0 0 0 0 0 0 0 0 0 0 0 0 0 0 0 0 0 0 0 0 0 0 0 0 0 0 0 0 0 0 0 0 0 0 0 0 0 0 0 0 0 0 0 0 0 0 0 0 0 0 0 0 0 0 0 0 0 0 0 0 0 0 0 0 0 0 0 0 0 0 0 0 0 0 0 0 0 0 0 0 0 0 0 0 0 0 0 0 0 0 0 0 0 0 0 0 0 0 0 0 0 0 0 0 0 0 0
0 0 0 0 0 0 0 0 0 0 0 0 0 0 0 0 0 0 0 0 0 0 0 0 0 0 0 5 0 1 0 0 0 0 0 0 0 0 0 0 0 0 0 0 0 0 0 0 0 0 0 0 0 0 0 0 0 0 0 0 0 0 0 0 0 0 0 0 0 0 0 0 0 0 0 0 0 0 0 0 0 0 0 0 0 0 0 0 0 0 0 0 0 0 0 0 0 0 0 0 0 0 0 0 0 0 0 0 0 0 0 0 0 0 0 0 0 0 0 0 0 0 0 0 0 0 0 0 0 0 0 0 0 0 0 0 0 0 0 0 0 0 0 0 0 0 0 0 0 0
0 0 0 0 0 0 0 0 0 0 1 0 0 0 0 0 0 0 0 0 0 0 0 0 0 0 0 2 1 0 0 0 1 4 0 0 0 0 0 0 0 0 0 0 0 0 0 0 0 0 0 0 0 0 0 0 0 0 0 0 0 0 0 0 0 0 0 0 0 0 0 0 0 0 0 0 0 0 0 0 0 0 0 0 0 0 0 0 0 0 0 0 0 0 0 0 0 0 0 0 0 0 0 0 0 0 0 0 0 0 0 0 0 0 0 0 0 0 0 0 0 0 0 0 0 0 0 0 0 0 0 0 0 0 0 0 0 0 0 0 0 0 0 0 0 0 0 0 0 0
0 0 0 0 0 0 0 0 0 0 4 0 0 0 0 0 0 0 0 0 0 0 0 0 0 0 0 0 0 0 0 0 0 0 0 0 0 0 0 0 0 0 0 0 0 0 0 0 0 0 0 0 0 0 0 0 0 0 0 0 0 0 0 0 0 0 0 0 0 0 0 0 0 0 0 0 0 0 0 0 0 0 0 0 0 0 0 0 0 0 0 0 0 0 0 0 0 0 0 0 0 0 0 0 0 0 0 0 0 0 0 0 0 0 0 0 0 0 0 0 0 0 0 0 0 0 0 0 0 0 0 0 0 0 0 0 0 0 0 0 0 0 0 0 0 0 0 0 0 0
0 0 0 0 0 0 0 0 0 0 0 0 0 0 0 0 0 0 0 0 0 0 0 0 0 0 0 0 0 0 0 0 0 0 0 0 0 0 0 0 0 0 0 0 0 0 0 0 0 0 0 0 0 0 0 0 0 0 0 0 0 0 0 0 0 0 0 0 0 0 0 0 0 0 0 0 0 0 0 0 0 0 0 0 0 0 0 0 0 0 0 0 0 0 0 0 0 0 0 0 0 0 0 0 0 0 0 0 0 0 0 0 0 0 0 0 0 0 0 0 0 0 0 0 0 0 0 0 0 0 0 0 0 0 0 0 0 0 0 0 0 0 0 0 0 0 0 0 0 0
0 0 0 0 0 0 0 0 1 0 0 0 0 0 0 0 0 0 0 0 0 0 0 0 0 0 0 0 0 0 0 0 0 0 0 0 0 0 0 0 0 0 0 0 0 0 0 0 0 0 0 0 0 0 0 0 0 0 0 0 0 0 0 0 0 0 0 0 0 0 0 0 0 0 0 0 0 0 0 0 0 0 0 0 0 0 0 0 0 0 0 0 0 0 0 0 0 0 0 0 0 0 0 0 0 0 0 0 0 0 0 0 0 0 0 0 0 0 0 0 0 0 0 0 0 0 0 0 0 0 0 0 0 0 0 0 0 0 0 0 0 0 0 0 0 0 0 0 0 0
0 0 0 0 0 0 0 0 3 3 0 0 0 0 0 0 0 0 0 0 0 0 0 0 0 0 0 0 0 0 0 0 0 0 0 0 0 0 0 0 0 0 0 0 0 0 0 0 0 0 0 0 0 0 0 0 0 0 0 0 0 0 0 0 0 0 0 0 0 0 0 0 0 0 0 0 0 0 0 0 0 0 0 0 0 0 0 0 0 0 0 0 0 0 0 0 0 0 0 0 0 0 0 0 0 0 0 0 0 0 0 0 0 0 0 0 0 0 0 0 0 0 0 0 0 0 0 0 0 0 0 0 0 0 0 0 0 0 0 0 0 0 0 0 0 0 0 0 0 0
0 0 0 0 0 2 2 4 0 0 0 0 0 0 0 0 0 0 0 0 0 0 0 0 0 0 0 0 0 0 0 0 0 0 0 0 0 0 0 0 0 0 0 0 0 0 0 0 0 7 11 0 0 0 0 0 0 0 0 0 0 0 0 0 0 0 0 0 0 0 0 0 0 0 0 0 0 0 0 0 0 0 0 0 0 0 0 0 0 0 0 0 0 0 0 0 0 0 0 0 0 0 0 0 0 0 0 0 0 0 0 0 0 0 0 0 0 0 0 0 0 0 0 0 0 0 0 0 0 0 0 0 0 0 0 0 0 0 0 0 0 0 0 0 0 0 0 0 0 0
0 0 0 0 0 0 1 5 0 0 0 0 0 0 0 0 0 0 0 0 0 0 0 0 0 0 0 0 0 0 0 0 0 0 0 0 0 0 0 0 0 0 0 0 0 0 0 0 0 0 0 0 0 0 0 0 0 0 0 0 0 0 0 0 0 0 0 0 0 0 0 0 0 0 0 0 0 0 0 0 0 0 0 0 0 0 0 0 0 0 0 0 0 0 0 0 0 0 0 0 0 0 0 0 0 0 0 0 0 0 0 0 0 0 0 0 0 0 0 0 0 0 0 0 0 0 0 0 0 0 0 0 0 0 0 0 0 0 0 0 0 0 0 0 0 0 0 0 0 0
0 0 0 0 0 0 0 0 0 0 0 0 0 0 0 0 0 0 0 0 0 0 0 0 0 0 0 0 0 0 0 0 0 0 0 0 0 0 0 0 0 0 0 0 0 0 0 0 0 0 0 0 6 6 0 0 0 0 0 0 0 0 0 0 0 0 0 0 0 0 0 0 0 0 0 0 0 0 0 0 0 0 0 0 0 0 0 0 0 0 0 0 0 0 0 0 0 0 0 0 0 0 0 0 0 0 0 0 0 0 0 0 0 0 0 0 0 0 0 0 0 0 0 0 0 0 0 0 0 0 0 0 0 0 0 0 0 0 0 0 0 0 0 0 0 0 0 0 0 0
0 0 0 0 0 0 0 0 0 0 0 0 0 0 0 0 0 0 0 0 0 0 0 0 0 0 0 0 0 0 0 0 0 0 0 3 0 0 0 0 0 0 0 0 0 0 0 0 0 0 0 0 0 0 0 0 0 0 0 0 0 0 0 0 0 0 0 0 0 0 0 0 0 0 0 0 0 0 0 0 0 0 0 0 0 0 0 0 0 0 0 0 0 0 0 0 0 0 0 0 0 0 0 0 0 0 0 0 0 0 0 0 0 0 0 0 0 0 0 0 0 0 0 0 0 0 0 0 0 0 0 0 0 0 0 0 0 0 0 0 0 0 0 0 0 0 0 0 0 0
0 0 0 0 0 0 0 0 0 0 0 0 0 0 0 0 0 0 0 0 0 0 0 0 0 0 0 0 0 0 0 0 0 0 0 0 0 0 0 0 0 0 0 0 0 0 0 0 0 0 0 0 0 0 0 0 0 0 0 0 0 0 0 0 0 0 0 0 0 0 0 0 0 0 0 0 0 0 0 0 0 0 0 0 0 0 0 0 0 0 0 0 0 0 0 0 0 0 0 0 0 0 0 0 0 0 0 0 0 0 0 0 0 0 0 0 0 0 0 0 0 0 0 0 0 0 0 0 0 0 0 0 0 0 0 0 0 0 0 0 0 0 0 0 0 0 0 0 0 0
0 0 0 0 0 0 0 0 0 0 0 0 0 0 0 0 0 0 0 0 0 0 0 0 0 0 0 0 0 0 0 0 0 0 0 0 0 0 0 0 0 0 0 0 0 0 0 0 0 0 0 0 1 0 0 0 0 0 0 0 0 0 0 0 0 0 0 0 0 0 0 0 0 0 0 0 0 0 0 0 0 0 0 0 0 0 0 0 0 0 0 0 0 0 0 0 0 0 0 0 0 0 0 0 0 0 0 0 0 0 0 0 0 0 0 0 0 0 0 0 0 0 0 0 0 0 0 0 0 0 0 0 0 0 0 0 0 0 0 0 0 0 0 0 0 0 0 0 0 0
0 0 0 0 0 0 0 0 0 0 0 0 0 0 0 0 0 0 0 0 0 0 0 0 0 0 0 0 0 0 3 0 0 0 0 0 0 0 0 0 0 0 0 0 0 0 0 0 0 0 0 0 0 0 0 0 0 0 0 0 0 0 0 0 0 0 0 0 0 0 0 0 0 0 0 0 0 0 0 0 0 0 0 0 0 0 0 0 0 0 0 0 0 0 0 0 0 0 0 0 0 0 0 0 0 0 0 0 0 0 0 0 0 0 0 0 0 0 0 0 0 0 0 0 0 0 0 0 0 0 0 0 0 0 0 0 0 0 0 0 0 0 0 0 0 0 0 0 0 0
0 0 0 0 0 0 0 0 0 0 0 0 0 0 0 0 0 0 0 0 0 0 0 0 0 0 0 0 0 0 0 4 2 0 0 0 0 0 0 0 0 0 0 0 0 0 0 0 0 0 0 0 0 0 0 0 0 0 0 0 0 0 0 0 0 0 0 0 0 0 0 0 0 0 0 0 0 0 0 0 0 0 0 0 0 0 0 0 0 0 0 0 0 0 0 0 0 0 0 0 0 0 0 0 0 0 0 0 0 0 0 0 0 0 0 0 0 0 0 0 0 0 0 0 0 0 0 0 0 0 0 0 0 0 0 0 0 0 0 0 0 0 0 0 0 0 0 0 0 0
0 0 0 0 0 0 0 0 0 0 0 0 0 0 0 0 0 0 0 0 0 0 0 0 0 0 0 0 0 0 1 1 0 0 0 0 1 0 0 0 0 0 0 0 0 0 0 0 0 0 0 0 0 0 0 0 0 0 0 0 0 0 0 0 0 0 0 0 0 0 0 0 0 0 0 0 0 0 0 0 0 0 0 0 0 0 0 0 0 0 0 0 0 0 0 0 0 0 0 0 0 0 0 0 0 0 0 0 0 0 0 0 0 0 0 0 0 0 0 0 0 0 0 0 0 0 0 0 0 0 0 0 0 0 0 0 0 0 0 0 0 0 0 0 0 0 0 0 0 0
0 0 0 0 0 0 0 0 0 0 0 0 0 0 0 0 0 0 0 0 0 0 0 0 0 0 0 0 0 3 0 0 0 0 0 0 0 0 0 0 0 0 0 0 0 0 0 0 0 0 0 0 0 0 0 0 0 0 0 0 0 0 0 0 0 0 0 0 0 0 0 0 0 0 0 0 0 0 0 0 0 0 0 0 0 0 0 0 0 0 0 0 0 0 0 0 0 0 0 0 0 0 0 0 0 0 0 0 0 0 0 0 0 0 0 0 0 0 0 0 0 0 0 0 0 0 0 0 0 0 0 0 0 0 0 0 0 0 0 0 0 0 0 0 0 0 0 0 0 0
0 0 0 0 0 0 0 0 0 0 0 0 0 0 0 0 0 0 0 0 0 0 0 0 0 0 0 0 0 11 10 0 0 0 0 0 0 0 0 0 0 0 0 0 0 0 0 0 0 0 0 0 0 0 0 0 0 0 0 0 0 0 0 0 0 0 0 0 0 0 0 0 0 0 0 0 0 0 0 0 0 0 0 0 0 0 0 0 0 0 0 0 0 0 0 0 0 0 0 0 0 0 0 0 0 0 0 0 0 0 0 0 0 0 0 0 0 0 0 0 0 0 0 0 0 0 0 0 0 0 0 0 0 0 0 0 0 0 0 0 0 0 0 0 0 0 0 0 0 0
0 0 0 0 0 0 0 0 0 0 0 0 0 0 0 0 0 0 0 0 0 0 0 0 0 0 5 0 0 0 0 0 0 0 0 0 0 0 0 0 0 0 0 0 0 0 0 0 0 22 0 0 0 0 0 0 0 0 0 0 0 0 0 0 0 0 0 0 0 0 0 0 0 0 0 0 0 0 0 0 0 0 0 0 0 0 0 0 0 0 0 0 0 0 0 0 0 0 0 0 0 0 0 0 0 0 0 0 0 0 0 0 0 0 0 0 0 0 0 0 0 0 0 0 0 0 0 0 0 0 0 0 0 0 0 0 0 0 0 0 0 0 0 0 0 0 0 0 0 0
0 0 0 0 0 0 0 0 0 0 0 0 0 0 0 0 0 0 0 0 0 0 0 0 0 0 6 0 0 0 0 0 0 0 0 0 0 0 0 0 0 0 0 0 0 0 0 0 0 0 0 0 0 0 0 0 0 0 0 0 0 0 0 0 0 0 0 0 0 0 0 0 0 0 0 0 0 0 0 0 0 0 0 0 0 0 0 0 0 0 0 0 0 0 0 0 0 0 0 0 0 0 0 0 0 0 0 0 0 0 0 0 0 0 0 0 0 0 0 0 0 0 0 0 0 0 0 0 0 0 0 0 0 0 0 0 0 0 0 0 0 0 0 0 0 0 0 0 0 0
0 0 0 0 0 0 0 0 0 0 0 0 0 0 0 0 0 0 0 0 0 0 0 0 0 0 0 1 0 0 0 0 0 0 0 0 0 0 0 0 0 0 0 0 0 0 0 0 0 0 0 0 0 0 0 0 0 0 0 0 0 0 0 0 0 0 0 0 0 0 0 0 0 0 0 0 0 0 0 0 0 0 0 0 0 0 0 0 0 0 0 0 0 0 0 0 0 0 0 0 0 0 0 0 0 0 0 0 0 0 0 0 0 0 0 0 0 0 0 0 0 0 0 0 0 0 0 0 0 0 0 0 0 0 0 0 0 0 0 0 0 0 0 0 0 0 0 0 0 0
0 0 0 0 0 0 0 0 0 0 0 0 0 0 0 0 0 0 0 0 0 0 0 0 0 0 0 0 0 0 0 0 0 0 0 0 0 0 0 0 0 0 0 0 0 0 0 0 0 0 0 0 0 0 0 0 0 0 0 0 0 0 0 0 0 0 0 0 0 0 0 0 0 0 0 0 0 0 0 0 0 0 0 0 0 0 0 0 0 0 0 0 0 0 0 0 0 0 0 0 0 0 0 0 0 0 0 0 0 0 0 0 0 0 0 0 0 0 0 0 0 0 0 0 0 0 0 0 0 0 0 0 0 0 0 0 0 0 0 0 0 0 0 0 0 0 0 0 0 0
0 0 0 0 0 0 0 0 0 0 0 0 0 0 0 0 0 0 0 0 0 0 0 0 0 0 0 0 0 0 0 0 0 0 0 0 0 0 0 0 0 0 0 0 0 0 0 0 0 0 0 0 0 0 0 0 0 0 0 0 0 0 0 0 0 0 0 0 0 0 0 0 0 0 0 0 0 0 0 0 0 0 0 0 0 0 0 0 0 0 0 0 0 0 0 0 0 0 0 0 0 0 0 0 0 0 0 0 0 0 0 0 0 0 0 0 0 0 0 0 0 0 0 0 0 0 0 0 0 0 0 0 0 0 0 0 0 0 0 0 0 0 0 0 0 0 0 0 0 0
0 0 0 0 0 0 0 0 0 0 0 0 0 0 0 0 0 0 0 0 0 0 0 0 0 0 0 0 0 0 0 0 0 0 0 0 0 0 0 0 0 0 0 0 0 0 0 0 0 0 0 0 0 0 0 0 0 0 0 0 0 0 0 0 0 0 0 0 0 0 0 0 0 0 0 0 0 0 0 0 0 0 0 0 0 0 0 0 0 0 0 0 0 0 0 0 0 0 0 0 0 0 0 0 0 0 0 0 0 0 0 0 0 0 0 0 0 0 0 0 0 0 0 0 0 0 0 0 0 0 0 0 0 0 0 0 0 0 0 0 0 0 0 0 0 0 0 0 0 0
0 0 0 0 0 0 0 0 0 0 0 0 0 0 0 0 0 0 0 0 0 0 0 0 0 0 0 0 0 0 0 0 0 0 0 0 0 0 0 0 0 0 0 0 0 0 0 0 0 0 0 0 0 0 0 0 0 0 0 0 0 0 0 0 0 0 0 0 0 0 0 0 0 0 0 0 0 0 0 0 0 0 0 0 0 0 0 0 0 0 0 0 0 0 0 0 0 0 0 0 0 0 0 0 0 0 0 0 0 0 0 0 0 0 0 0 0 0 0 0 0 0 0 0 0 0 0 0 0 0 0 0 0 0 0 0 0 0 0 0 0 0 0 0 0 0 0 0 0 0
0 0 0 0 0 0 0 0 0 0 0 0 0 0 0 0 0 0 0 0 0 0 0 0 0 0 0 0 0 0 0 0 0 0 0 0 0 0 0 0 0 0 0 0 0 0 0 0 0 0 0 0 0 0 0 0 0 0 0 0 0 0 0 0 0 0 0 0 0 0 0 0 0 0 0 0 0 0 0 0 0 0 0 0 0 0 0 0 0 0 0 0 0 0 0 0 0 0 0 0 0 0 0 0 0 0 0 0 0 0 0 0 0 0 0 0 0 0 0 0 0 0 0 0 0 0 0 0 0 0 0 0 0 0 0 0 0 0 0 0 0 0 0 0 0 0 0 0 0 0
