0 1 5 1 0 0 0 0 15 33 5 2 0 7 0 0 0 3 2 0 0 7 0 0 0 7 0 0 0 0 0 0 0 0 4 4 0 0 2 0 0 0 0 0 2 0 0 0 0 0 0 0 0 0 0 0 0 0 0 5 35 22 25 2 0 0 1 0 0 0 0 0 2 75 118 184 32 7 9 4 11 68 17 32 32 75 73 97 20 157 649 313 28 222 263 396 613 416 463 44 57 44 13 6 16 7 9 155 115 53 5 1 23 67 12 6 7 2 5 0 1 14 14 6 3 1 0 1 3 1 0 5 1 1 2 0 0 2 0 0 0 0 0 0 0 0 0 0 0 7
0 0 4 2 0 0 0 0 0 5 2 35 1 2 0 0 0 0 6 0 0 0 20 0 3 10 0 1 0 0 0 0 0 0 2 0 0 0 5 0 0 0 0 0 0 0 0 0 0 0 0 0 0 5 5 0 0 0 0 37 38 2 3 117 1 0 0 1 0 0 0 0 23 10 11 2 68 13 0 9 84 18 0 0 33 108 96 65 108 162 15 1 120 121 54 91 183 241 333 168 115 24 9 10 2 9 0 13 21 4 11 4 1 1 12 6 0 2 1 11 0 3 4 3 0 0 0 4 5 11 11 1 29 23 0 0 0 0 1 18 7 0 0 0 0 0 0 0 0 0
0 0 0 0 3 0 0 0 1 4 3 1 7 0 0 0 0 1 1 0 0 6 48 16 3 0 0 2 0 0 0 0 0 0 0 1 0 0 0 8 1 0 0 1 0 0 0 0 0 0 0 0 0 0 7 0 0 5 0 4 9 1 2 1 0 0 0 0 0 1 0 0 0 0 0 0 0 34 33 103 33 20 1 5 23 115 258 62 3 3 32 15 33 122 237 252 62 162 89 200 194 163 5 17 4 15 1 10 103 54 7 5 1 1 1 1 6 8 102 3 16 6 8 5 1 0 1 1 0 14 2 1 39 49 0 0 20 0 13 10 4 1 0 0 0 0 0 0 0 0
4 1 0 0 0 0 0 0 0 2 3 0 0 0 1 0 0 0 1 0 0 30 0 0 7 0 0 1 3 0 2 0 0 0 0 0 0 3 0 0 1 0 0 0 0 0 0 0 0 0 1 0 4 0 30 12 0 3 5 3 0 2 3 3 0 0 0 0 0 1 1 20 11 0 0 0 6 24 80 43 75 14 6 44 55 3 10 55 0 50 453 306 552 196 347 266 93 70 241 261 168 265 77 120 7 141 2 13 132 17 4 3 9 1 0 2 5 24 30 11 8 29 2 0 1 0 1 2 3 0 1 13 16 0 4 1 6 2 0 31 31 14 0 0 0 0 0 0 0 0
2 3 0 0 0 0 0 0 1 0 0 0 0 0 0 5 4 1 0 0 0 1 0 0 0 0 0 0 0 1 0 0 0 0 0 0 3 0 1 0 0 0 0 0 0 0 0 0 0 1 1 0 0 0 21 111 15 12 0 0 0 3 0 2 0 0 0 0 0 5 65 18 22 85 1 19 20 36 107 46 123 74 127 24 141 33 34 33 3 113 767 320 172 309 150 92 15 191 102 297 342 476 301 260 199 37 37 25 3 2 5 13 11 18 5 0 0 3 28 15 57 256 70 6 1 0 2 0 1 2 1 0 0 0 0 3 0 0 0 0 11 7 0 0 0 0 0 0 0 0
8 0 0 0 0 0 0 0 2 0 0 0 0 0 0 1 0 0 5 16 0 3 0 0 0 0 0 0 0 0 0 4 0 0 5 19 9 11 0 0 0 0 0 0 0 0 0 0 0 10 16 18 0 5 8 20 5 2 1 2 0 0 1 1 0 0 0 0 0 17 48 43 73 30 41 18 7 4 47 55 173 263 215 19 0 60 31 24 0 105 887 197 22 117 276 248 27 705 178 198 208 194 433 296 25 51 19 23 5 0 0 0 6 23 5 3 3 0 0 6 30 60 8 2 1 5 0 3 4 1 0 0 1 0 0 1 0 0 0 0 0 4 0 0 0 0 0 0 0 0
0 0 0 0 0 0 0 0 0 0 7 0 0 0 0 0 0 0 0 0 0 0 2 0 0 0 0 0 0 2 1 0 0 0 0 7 0 3 2 0 0 0 0 0 0 0 0 0 0 3 0 2 4 3 3 23 9 0 21 10 0 0 1 0 4 0 0 0 2 28 8 28 70 153 76 62 188 69 88 136 276 212 615 331 37 2 1 68 29 53 587 340 21 139 309 316 172 261 291 35 9 289 41 34 13 11 35 0 2 3 6 99 48 4 10 3 2 3 7 12 26 32 4 2 0 2 4 2 0 0 4 0 0 0 0 0 0 2 0 0 0 0 0 0 0 0 0 0 0 0
0 0 0 1 0 0 0 0 0 0 0 0 0 0 0 0 0 0 0 0 0 0 0 0 0 0 0 0 0 0 0 0 0 0 1 1 0 0 30 0 0 0 0 0 0 0 0 0 0 0 0 0 2 7 2 2 0 4 20 20 15 12 24 1 1 14 0 0 3 33 2 2 93 17 17 12 32 67 231 304 300 206 478 96 42 99 36 148 67 17 137 31 7 241 241 97 94 502 323 77 83 140 133 190 98 63 5 14 41 6 124 130 19 15 6 20 0 0 12 1 7 2 4 0 3 2 3 0 0 0 0 0 0 0 0 0 0 0 0 0 0 0 0 0 0 0 0 0 0 0
3 0 0 0 0 0 9 0 3 2 0 0 0 0 4 0 0 0 0 0 0 0 0 0 0 0 0 0 0 0 0 0 0 0 0 0 0 0 0 0 0 0 0 0 0 0 0 0 0 0 0 0 0 1 0 1 1 7 5 26 95 82 3 0 3 2 0 2 0 33 0 0 0 1 0 0 1 15 25 145 273 298 342 16 1 2 161 114 183 11 1 2 120 418 480 618 51 207 126 53 242 26 72 155 335 48 64 80 35 15 215 61 77 6 2 0 1 4 1 3 4 1 4 4 1 1 0 0 0 0 2 0 0 0 1 0 0 0 0 0 0 0 0 0 0 0 0 0 0 0
0 0 0 0 0 0 0 1 0 1 0 0 0 0 2 0 0 0 0 0 0 0 0 0 0 0 0 0 0 0 0 0 0 0 0 0 0 0 2 1 0 0 0 0 0 0 2 0 1 4 7 0 0 1 0 0 0 0 0 3 30 92 10 1 0 1 0 1 0 7 0 0 0 0 0 2 5 4 78 234 313 235 224 81 584 402 88 20 47 54 17 2 0 257 402 538 249 27 44 8 23 24 10 2 20 160 110 107 40 5 189 207 139 7 2 112 119 228 96 22 4 9 9 4 16 4 7 3 1 7 54 1 0 0 0 0 0 0 0 0 0 0 0 0 0 0 0 0 6 0
0 0 3 0 0 0 0 0 2 0 0 5 0 0 0 4 0 0 3 0 0 0 0 0 0 1 0 0 0 0 0 0 0 0 2 0 0 0 1 0 0 2 0 0 0 0 1 0 5 3 3 2 2 1 0 0 0 5 10 2 2 48 2 1 0 0 0 0 0 2 0 0 0 0 0 0 4 13 27 112 136 87 636 69 102 123 77 116 110 193 4 0 0 61 104 273 385 10 6 27 9 18 0 35 20 119 256 140 38 49 227 33 55 7 0 44 153 240 131 44 62 54 136 61 31 168 41 46 9 11 0 31 12 14 2 0 0 0 0 0 0 0 0 0 0 0 0 0 0 0
1 0 1 0 0 0 0 0 2 0 0 0 0 0 0 0 11 3 1 0 1 0 0 0 0 0 0 0 0 0 0 0 3 0 5 0 0 1 2 1 0 1 6 1 1 0 0 0 0 0 0 0 0 0 2 0 1 1 1 1 1 2 0 0 0 1 1 0 1 0 0 4 0 0 0 2 22 15 219 229 198 40 6 10 46 70 4 13 43 203 32 0 0 1 2 25 322 139 90 5 0 2 2 13 9 32 125 87 18 15 41 44 46 27 13 122 303 85 170 248 139 108 47 180 58 73 1 61 0 71 1 1 27 25 25 0 0 0 0 0 0 0 0 0 0 0 0 0 0 0
0 0 0 0 0 0 0 0 0 0 0 0 0 0 0 0 0 6 6 4 2 0 0 0 0 0 0 0 0 0 0 0 0 0 0 0 0 0 0 0 0 1 21 0 9 0 0 6 0 0 0 0 3 0 3 0 0 0 0 0 1 0 0 0 0 1 0 1 0 0 4 0 0 0 0 13 53 38 68 14 71 69 11 0 5 54 1 0 1 1 1 0 2 36 39 4 265 120 338 160 3 2 12 5 2 1 1 39 102 97 447 193 33 468 67 3 8 33 403 424 69 210 52 0 33 40 13 0 18 12 0 0 23 19 0 0 0 0 0 0 0 0 0 0 0 0 0 0 0 0
0 0 0 0 0 0 0 0 0 2 0 0 0 0 0 0 0 0 21 11 2 5 1 0 0 0 0 0 0 0 11 0 0 0 0 0 1 0 0 0 0 2 0 20 14 0 0 0 1 0 0 9 0 0 0 0 0 0 0 0 1 3 3 0 0 0 4 7 3 2 24 0 0 0 1 77 249 123 43 3 20 217 25 3 0 47 1 1 0 19 1 1 0 20 2 6 32 340 46 86 0 4 168 28 141 23 30 252 59 358 367 378 291 119 120 57 40 76 304 133 40 25 0 0 0 7 0 0 2 0 0 0 0 0 0 4 1 0 0 0 0 0 0 0 0 0 0 0 0 0
0 0 0 0 0 0 0 0 4 0 0 0 0 0 0 0 0 0 0 3 5 1 0 0 0 2 0 0 0 0 5 0 0 0 0 0 0 0 0 0 0 0 0 1 18 0 0 0 0 2 0 11 0 0 2 0 3 0 1 6 16 7 0 4 2 165 28 50 75 55 29 1 0 0 35 195 345 355 188 1 0 51 10 2 0 11 5 4 0 6 2 2 2 0 0 1 14 116 64 66 2 24 189 296 595 347 556 532 511 270 195 171 329 351 160 57 45 43 27 15 36 22 7 4 0 8 8 1 6 4 0 0 0 0 0 0 0 0 0 0 0 0 0 0 0 0 0 0 0 0
0 0 0 0 0 0 0 5 198 0 0 0 0 0 0 1 0 0 0 1 0 10 2 2 0 0 0 0 2 2 0 0 0 0 0 0 0 0 0 0 0 0 0 0 0 9 0 0 0 13 23 61 1 0 0 4 6 28 0 13 12 4 7 5 9 23 160 19 25 117 139 23 34 34 233 338 541 278 111 3 1 0 0 0 0 0 9 26 2 16 1 4 0 0 1 9 6 8 9 10 7 0 471 286 230 277 326 99 306 683 414 256 227 120 186 33 12 67 43 15 1 1 48 213 14 24 0 0 3 0 0 0 0 0 8 4 0 0 0 0 0 0 0 0 0 0 0 0 0 0
0 0 0 0 0 0 0 4 0 0 0 0 0 0 0 2 3 1 0 0 1 0 4 17 13 5 0 0 0 0 0 0 0 0 0 0 0 0 0 0 0 0 0 0 0 3 0 1 1 0 12 5 1 6 2 9 14 55 20 19 0 3 0 2 1 0 0 0 0 0 4 0 29 23 106 107 304 85 15 0 0 0 1 0 0 0 0 14 24 3 2 0 1 0 0 7 46 0 2 14 2 70 577 237 154 82 122 65 172 192 223 113 224 85 66 23 11 20 47 3 0 0 23 23 8 117 1 3 0 0 0 0 0 0 0 0 0 0 0 0 0 0 0 0 0 0 0 0 0 0
0 0 1 0 0 0 0 0 0 0 0 0 1 0 0 0 0 1 0 3 0 0 0 1 16 0 6 6 0 0 0 0 0 0 0 0 1 0 0 0 0 0 0 0 0 13 21 0 0 15 13 4 2 18 5 4 7 14 124 2 1 0 0 0 0 15 3 14 0 30 23 4 28 3 9 36 6 42 36 3 0 0 0 0 0 0 0 2 33 1 0 7 35 16 2 0 0 0 21 246 135 67 72 31 36 146 39 68 130 103 37 11 25 45 51 7 39 44 6 0 0 1 2 3 26 185 66 4 2 1 0 0 0 0 0 0 0 0 0 0 0 0 0 0 0 0 0 0 0 0
0 0 0 1 0 0 0 0 0 0 0 0 1 0 0 0 0 0 0 1 0 0 2 0 3 0 29 7 5 0 0 0 0 0 0 3 0 0 0 0 1 0 1 3 4 12 7 11 24 107 51 5 4 8 2 9 50 33 17 8 10 11 0 0 0 5 0 2 1 2 8 4 15 3 0 48 28 5 3 4 4 0 1 5 0 7 1 2 0 0 1 19 27 113 8 0 0 9 208 9 38 88 31 5 31 50 58 106 123 0 0 22 1 110 10 0 2 0 0 0 0 0 1 2 17 89 106 98 0 1 0 0 0 0 0 0 0 0 0 0 0 0 0 0 0 0 0 0 0 0
0 0 0 0 0 0 0 0 0 0 0 0 0 0 1 0 0 0 0 1 0 7 40 3 0 1 1 5 55 3 0 0 2 0 0 0 0 0 0 0 0 0 0 275 5 27 28 5 2 55 8 4 0 0 17 1 20 27 1 0 0 0 0 0 0 1 0 0 2 11 8 62 2 0 1 17 5 0 1 0 1 0 0 0 0 13 4 0 3 0 3 9 1 0 0 5 1 3 4 2 343 494 258 39 24 62 48 181 56 2 0 0 0 46 10 0 0 0 0 0 0 0 0 4 3 0 1 63 63 0 0 0 0 0 0 0 0 0 0 0 0 0 0 0 0 0 0 0 0 0
0 0 0 0 1 0 0 0 0 0 0 0 0 0 0 0 0 1 22 6 0 1 1 0 0 12 0 2 0 4 0 0 0 0 0 0 0 0 0 2 2 0 3 4 1 3 1 8 11 73 80 22 9 9 5 2 4 1 0 0 0 1 0 2 75 38 2 0 1 3 121 16 0 0 5 98 85 29 3 12 10 10 0 3 0 0 0 0 3 3 0 0 0 0 0 0 0 1 162 160 587 401 296 39 3 9 30 41 4 0 0 0 0 2 0 0 0 0 0 0 0 0 2 2 0 0 5 157 0 0 0 0 0 0 0 0 0 0 0 0 0 0 0 0 0 0 0 0 0 0
0 0 0 0 0 0 0 0 0 0 0 0 0 0 0 0 0 0 0 0 0 0 10 0 1 5 0 0 0 0 2 25 0 5 0 0 0 2 0 0 36 3 0 0 0 0 1 3 74 306 91 53 7 1 0 1 1 1 0 0 1 1 0 0 6 1 25 0 0 17 14 4 1 0 0 0 29 22 7 23 6 28 2 8 3 1 7 3 129 41 2 2 0 0 0 7 1 0 20 160 69 34 16 0 18 4 24 20 5 0 0 0 3 20 0 0 0 0 0 0 0 0 0 0 0 19 6 0 0 1 1 0 0 0 0 0 0 0 0 0 0 0 0 0 0 0 0 0 0 0
0 0 0 0 0 0 0 0 0 0 0 0 0 0 4 0 0 0 0 0 0 0 2 0 0 0 0 0 0 0 0 0 10 2 0 0 3 40 2 4 0 0 0 0 0 0 6 3 7 177 138 219 3 0 0 0 1 2 0 1 0 0 0 0 8 2 6 1 0 1 6 7 21 2 0 0 0 2 7 10 3 11 5 0 0 2 3 0 0 0 0 1 0 0 0 0 4 0 1 0 1 1 1 29 13 17 4 14 24 28 14 4 17 0 0 0 0 0 0 0 0 0 0 5 11 10 33 0 0 0 0 0 0 0 0 0 0 0 0 0 0 0 0 0 0 0 0 0 0 0
0 0 0 0 0 0 0 0 0 0 0 0 0 3 0 0 0 2 0 0 0 0 0 0 0 0 0 0 0 0 1 1 3 2 0 0 1 5 1 0 0 0 0 0 1 22 4 26 0 37 31 10 0 5 1 1 1 5 1 0 0 0 0 0 0 0 0 0 0 0 0 0 38 11 0 3 0 0 0 1 0 3 30 51 2 0 0 1 0 0 0 0 0 2 0 0 0 0 1 0 0 1 1 16 14 8 5 0 3 7 0 63 11 0 0 0 0 0 0 0 0 0 1 3 5 1 11 20 0 0 0 0 0 0 0 0 0 0 0 0 0 0 0 0 0 0 0 0 0 0
0 0 0 0 0 0 0 0 0 0 0 0 0 1 0 0 0 0 0 0 0 0 1 0 0 0 0 0 0 0 0 2 0 4 19 0 1 18 0 0 0 0 0 8 2 9 9 0 0 3 46 15 16 15 3 2 0 3 0 1 0 0 0 0 0 0 0 2 9 1 0 3 0 3 12 5 0 0 0 0 0 0 16 20 1 1 0 0 0 1 2 0 1 0 0 0 2 0 0 6 0 1 1 8 159 0 0 0 0 0 0 6 0 0 0 0 0 0 1 0 0 0 0 0 0 8 8 2 0 0 0 0 0 0 0 0 0 0 0 0 0 0 0 0 0 0 0 0 0 0
0 0 0 0 0 0 0 0 0 0 0 0 0 0 1 1 0 1 0 0 0 0 0 0 0 0 0 0 0 0 0 0 4 12 22 2 0 5 1 0 0 0 0 1 28 4 0 0 3 1 20 1 0 0 0 0 0 0 0 0 0 0 0 0 9 2 0 2 0 0 0 13 0 3 5 1 3 0 0 0 3 0 0 0 0 5 4 4 0 5 0 0 3 0 0 0 0 1 0 1 1 0 6 35 103 85 0 0 0 0 0 0 0 1 0 2 0 0 0 0 0 0 0 0 0 10 3 32 0 0 0 0 0 0 0 0 4 21 0 0 0 0 0 0 0 0 0 0 0 0
0 0 0 0 0 0 0 0 0 0 0 0 0 0 13 1 0 0 0 0 1 1 2 0 0 0 0 5 2 0 0 1 0 3 5 1 0 0 0 1 0 2 0 5 45 1 4 0 0 1 14 3 0 0 0 0 0 1 0 0 0 0 0 0 1 0 0 0 0 3 1 5 1 0 3 0 0 0 0 0 0 0 3 0 1 2 0 3 0 1 6 0 0 0 0 1 0 0 0 0 9 7 0 11 16 149 19 0 0 0 0 0 0 2 3 1 0 0 1 0 0 0 0 0 3 86 1 0 0 0 0 0 0 0 2 0 0 2 0 0 0 0 0 0 0 0 0 0 0 0
0 0 0 0 0 0 0 0 1 0 0 0 0 1 3 2 1 7 0 0 0 9 0 0 0 0 0 0 0 1 0 0 0 13 1 0 0 6 2 1 7 4 4 44 80 0 0 1 0 0 0 15 132 2 0 2 0 0 0 0 0 0 0 0 0 0 0 0 3 13 27 10 1 4 0 1 0 10 0 0 0 0 0 0 0 0 0 1 2 1 2 0 0 0 0 0 0 0 0 0 0 2 3 3 6 285 267 13 0 0 0 0 0 0 0 0 1 49 20 1 0 0 0 16 30 9 14 39 39 5 0 0 0 0 0 1 2 1 0 0 0 0 0 0 0 0 0 0 0 0
0 0 0 0 0 2 0 0 0 0 0 0 7 2 3 2 3 19 0 5 0 5 1 0 0 0 0 0 2 0 0 1 0 3 1 8 5 3 22 37 58 192 66 75 26 6 0 2 1 0 0 0 8 3 1 0 0 0 0 0 0 0 0 0 0 0 0 0 0 0 5 7 0 0 4 0 0 5 0 0 0 3 1 0 1 0 0 0 2 1 2 0 0 0 4 7 3 0 0 0 0 0 6 2 47 203 60 102 1 0 0 0 0 0 0 4 37 16 9 0 0 0 3 37 68 66 319 153 8 4 0 0 1 21 0 7 0 0 0 0 0 0 0 0 0 0 0 0 0 0
0 0 0 0 0 0 0 0 0 1 1 9 15 0 0 1 2 3 1 0 2 2 23 14 0 0 0 0 0 5 2 0 0 1 5 10 0 3 27 86 205 316 203 168 14 1 0 1 0 0 4 1 18 22 0 1 0 0 0 0 0 0 0 0 0 0 0 0 0 0 0 0 0 0 0 0 0 4 3 0 0 0 0 0 2 0 0 0 0 2 0 1 3 5 0 4 0 0 0 2 0 1 3 2 2 26 0 32 7 0 0 0 0 0 15 14 146 259 13 64 3 4 2 21 44 5 156 125 267 43 1 7 14 42 1 0 0 0 0 0 0 0 0 0 0 0 0 0 0 0
0 0 0 0 0 0 0 1 0 2 4 0 0 0 1 0 0 0 1 4 0 5 74 9 0 0 0 3 1 0 2 2 0 0 2 9 10 10 8 22 195 130 143 51 14 3 2 1 3 6 2 1 4 0 0 0 0 0 0 0 0 0 0 0 0 0 0 0 0 0 0 1 0 0 0 0 0 6 1 0 0 8 4 0 6 0 0 0 12 6 0 0 3 2 0 0 1 1 0 0 2 0 1 1 1 3 0 0 1 0 8 0 2 0 18 444 161 159 55 48 39 9 18 1 1 5 38 61 1 19 1 77 159 6 13 1 0 0 0 0 0 0 0 0 0 0 0 0 0 0
0 0 0 0 0 0 0 3 0 2 1 3 0 0 0 0 0 0 2 7 199 56 10 0 0 0 0 0 0 0 0 0 4 12 22 1 0 0 0 21 177 105 121 56 6 5 1 0 0 9 0 0 1 1 1 0 0 0 0 0 0 0 0 0 0 0 0 0 0 0 0 0 0 0 0 0 0 0 11 0 1 5 6 44 14 0 0 0 0 0 0 3 0 1 6 2 5 0 0 0 1 0 0 0 0 0 1 9 167 84 93 247 48 38 183 346 112 72 11 416 37 49 2 0 23 9 12 28 0 0 8 67 37 9 36 0 0 0 0 0 0 0 0 0 0 0 0 0 0 0
0 0 0 0 0 0 0 1 0 0 0 0 4 4 0 3 0 1 0 3 52 0 0 0 0 0 0 0 0 2 0 7 1 1 0 0 0 1 2 45 17 30 7 4 0 0 1 0 1 1 0 1 28 0 0 1 1 0 2 0 0 0 0 0 0 0 0 0 0 2 0 0 0 0 0 6 0 9 3 2 0 8 5 2 0 0 0 0 0 0 3 0 0 2 3 3 0 0 0 0 0 0 0 0 0 1 5 4 51 43 62 49 9 119 600 300 45 180 21 168 26 3 0 8 2 13 7 0 0 0 19 91 0 0 0 0 0 0 0 0 0 0 0 0 0 0 0 0 0 0
0 0 0 1 0 3 2 2 0 1 0 0 0 1 0 0 0 2 15 16 11 0 0 0 0 0 0 1 1 2 25 2 2 0 3 0 1 1 4 0 3 14 3 0 0 0 0 0 0 2 0 3 81 6 72 6 10 1 0 0 0 0 0 0 0 0 0 0 0 0 0 0 0 0 0 0 0 2 1 0 0 0 0 0 0 0 0 0 9 0 0 0 0 7 4 0 1 0 0 0 2 0 0 0 0 0 2 39 20 0 0 7 54 46 76 169 35 87 51 23 142 0 0 0 0 0 2 0 0 0 0 59 28 0 0 0 0 0 0 0 0 0 0 0 0 0 0 0 0 0
0 0 1 0 1 0 16 1 0 1 0 0 1 2 4 2 6 19 1 0 0 4 2 0 0 0 0 22 1 4 13 15 4 0 3 2 0 1 1 0 5 10 1 0 0 0 1 0 0 0 0 6 48 29 0 15 1 0 0 0 0 0 0 0 0 0 0 0 0 0 0 0 0 0 0 0 2 2 1 1 0 0 0 0 0 0 0 0 1 0 8 0 12 15 4 1 0 0 0 3 1 0 0 0 0 0 0 32 226 11 0 0 0 0 0 7 1 8 151 400 17 0 0 0 0 2 0 0 0 0 0 0 12 0 0 0 0 0 0 0 0 0 0 0 0 0 0 0 0 0
1 0 0 0 1 0 4 18 1 4 2 2 1 0 0 47 10 9 6 6 0 0 0 2 2 1 0 2 0 0 3 2 3 5 1 0 0 0 0 0 0 0 0 0 1 0 1 0 0 0 0 16 0 14 6 0 1 0 0 0 0 0 0 0 0 0 0 0 0 0 0 0 0 0 0 0 2 3 2 0 0 0 0 0 0 0 0 0 6 0 1 0 2 7 0 0 0 0 3 1 0 1 0 0 0 6 14 13 42 0 0 0 0 0 1 0 0 36 16 86 113 255 0 0 0 13 0 0 0 24 19 13 33 3 0 0 0 0 0 0 0 0 0 0 0 0 0 0 0 0
0 0 0 0 0 1 1 0 0 0 16 1 1 1 17 10 9 5 4 1 0 0 0 0 0 0 1 0 0 0 0 0 1 0 0 0 0 0 0 3 0 5 6 0 0 4 3 0 0 0 3 14 7 11 11 6 0 0 0 0 0 0 0 0 0 0 0 0 0 0 0 0 0 0 0 0 0 14 35 2 0 1 0 0 0 0 0 12 5 0 0 0 1 0 0 5 0 1 0 2 4 1 2 0 1 1 3 3 28 0 0 0 0 4 38 20 67 156 44 130 208 110 0 1 129 24 0 0 0 27 29 0 0 0 0 0 0 0 0 0 0 0 0 0 0 0 0 0 0 0
0 0 1 0 0 0 1 0 2 1 3 70 8 4 0 0 0 1 0 0 1 0 5 12 4 0 1 0 15 0 0 0 0 0 0 0 1 0 1 0 0 2 8 2 1 1 0 0 0 0 0 24 9 2 0 0 0 0 0 0 0 0 0 0 0 0 0 0 0 0 0 0 0 0 0 3 0 0 5 5 0 3 0 0 0 0 1 8 1 0 0 0 3 1 0 0 0 0 0 0 0 0 0 0 8 0 9 14 27 2 0 0 0 0 71 183 446 204 51 30 30 47 24 113 47 8 1 2 1 131 36 0 0 0 0 0 0 0 0 0 0 0 0 0 0 0 0 0 0 0
0 0 0 0 0 1 1 0 0 0 5 7 0 1 0 1 0 0 0 3 1 0 0 0 1 1 1 1 3 0 0 0 0 1 0 0 0 0 4 0 0 0 0 0 2 0 0 0 0 0 8 19 0 0 1 0 0 0 0 3 0 0 0 0 0 0 0 0 0 0 0 0 0 0 0 0 0 4 41 21 1 12 11 1 0 0 0 0 0 0 0 0 0 1 0 0 0 0 0 0 0 5 2 0 4 0 8 1 25 0 0 0 6 3 10 5 0 13 123 73 14 60 245 114 151 90 8 51 210 420 235 0 0 0 0 0 0 0 0 0 0 0 0 0 0 0 0 0 0 0
0 1 1 0 0 1 0 0 0 5 6 4 0 11 12 0 0 2 0 0 0 0 0 0 0 7 3 3 0 0 0 0 1 1 0 0 0 0 1 8 0 0 1 0 0 0 1 1 2 1 9 153 27 5 1 0 1 0 0 0 0 0 0 0 0 0 0 0 0 0 0 0 0 0 0 0 1 24 16 0 0 9 7 0 0 0 0 0 1 1 1 0 0 2 1 8 12 0 0 0 3 0 1 1 9 137 2 0 22 21 0 2 22 1 1 0 124 71 83 196 229 283 345 273 501 360 138 214 253 179 167 0 0 0 0 0 0 0 0 0 0 0 0 0 0 0 0 0 0 0
0 0 0 0 0 0 0 0 1 6 0 1 3 0 2 5 5 1 0 0 0 0 0 0 12 10 3 0 1 0 0 0 1 0 0 0 3 0 1 0 0 0 1 0 1 0 1 0 3 19 215 228 8 76 7 0 0 1 0 1 10 1 0 0 0 0 0 0 0 0 0 0 0 0 0 0 0 0 15 0 0 0 0 0 0 0 0 0 0 1 0 0 14 0 0 0 0 0 0 0 14 0 0 2 7 2 8 51 0 1 0 1 1 5 3 0 5 22 152 538 667 321 128 502 618 338 48 340 220 4 11 1 0 0 0 0 0 0 0 0 0 0 0 0 0 0 0 0 0 0
0 0 0 2 1 0 0 0 4 200 0 0 3 1 0 1 1 0 0 0 0 0 0 1 3 2 0 0 0 0 0 10 11 0 0 1 0 0 1 0 0 0 0 0 0 0 0 0 0 46 221 245 145 188 13 3 0 1 1 3 0 0 0 0 0 0 0 0 0 0 0 0 0 0 0 0 0 0 0 3 0 0 0 0 0 0 0 6 33 0 0 12 7 0 0 0 0 0 0 1 1 0 2 1 1 73 147 3 0 0 1 1 0 2 2 1 1 5 40 310 123 274 142 1127 513 154 76 54 24 164 228 203 0 0 0 0 0 0 0 0 0 0 0 0 0 0 0 0 0 0
0 2 0 3 1 1 12 4 5 0 2 22 1 0 0 0 0 1 0 0 0 0 0 0 1 0 0 1 0 0 0 2 3 2 1 0 0 0 0 0 0 0 0 0 0 1 0 0 0 1 160 205 235 132 37 19 1 3 0 1 0 0 0 0 0 0 0 0 0 0 0 0 0 0 0 0 0 0 0 10 0 2 1 0 0 0 0 16 14 0 1 9 30 0 0 0 0 0 0 1 2 19 4 92 2 8 0 0 0 0 0 0 1 0 0 27 0 1 3 28 75 99 125 260 271 246 258 115 174 156 95 58 0 0 0 0 0 0 0 0 0 0 0 0 0 0 0 0 0 0
4 3 0 5 1 4 2 4 0 0 1 4 0 0 0 0 0 0 0 0 0 0 0 0 0 0 0 0 0 0 0 0 0 3 0 0 0 2 0 0 0 0 0 0 0 0 1 0 8 4 15 55 95 8 4 9 2 0 2 1 1 0 0 0 0 1 0 0 0 0 0 0 0 0 0 0 0 0 2 0 0 0 0 0 0 1 9 20 10 1 2 79 67 8 0 0 0 0 0 7 7 2 13 56 3 0 0 0 2 0 0 0 1 2 2 3 0 8 3 1 31 402 191 182 160 277 342 621 133 35 19 19 0 0 0 0 0 0 0 0 0 0 0 0 0 0 0 0 0 0
0 3 4 0 0 1 16 15 10 6 7 5 1 1 0 0 0 0 0 0 0 0 0 1 0 0 0 0 0 0 0 0 0 0 0 0 0 0 0 0 0 0 0 0 0 1 0 0 1 5 0 3 22 3 10 0 0 14 42 1 1 0 0 0 0 0 0 0 0 0 0 0 0 0 0 0 0 0 0 0 0 0 2 9 4 5 1 0 5 18 45 44 61 4 0 0 0 0 15 20 11 136 48 193 204 10 3 4 3 10 0 0 0 0 2 0 0 21 4 167 116 259 1053 420 356 113 926 712 561 0 0 0 0 0 0 0 0 0 0 0 0 0 0 0 0 0 0 0 0 0
0 1 1 0 4 10 1 12 1 3 0 1 0 0 0 0 0 0 0 0 0 0 1 0 0 0 0 0 1 0 0 0 0 0 0 0 0 0 0 0 2 1 0 0 0 0 0 0 3 2 0 1 13 0 0 0 0 2 34 8 0 2 0 0 0 0 0 0 0 0 0 0 0 0 0 0 0 0 0 0 0 1 2 0 0 2 1 3 2 4 83 58 59 1 17 1 0 0 0 3 34 115 135 99 67 12 1 1 0 1 1 0 0 0 0 0 2 267 115 395 207 1 2 39 541 80 353 519 138 1 179 1 0 0 0 0 0 0 0 0 0 0 0 0 0 0 0 0 0 0
2 14 31 0 19 32 11 18 0 4 0 0 0 1 0 1 0 0 0 1 0 0 0 0 0 0 0 0 0 0 0 1 0 0 0 0 0 0 0 0 3 0 0 0 0 0 0 0 0 0 0 1 4 0 0 0 0 2 2 7 0 1 0 0 0 0 0 0 0 0 0 0 0 0 0 0 0 0 0 0 6 46 0 0 0 0 47 16 0 1 0 2 3 1 1 0 0 0 0 1 0 43 278 95 33 37 6 2 0 4 4 0 0 1 0 6 78 270 61 14 0 0 0 0 62 240 48 216 162 4 6 4 0 0 0 0 0 0 0 0 0 0 0 0 0 0 0 0 0 0
1 36 36 98 153 137 105 11 1 0 0 0 0 0 0 0 0 0 0 0 0 2 0 0 0 0 0 0 0 0 0 0 0 0 0 0 0 0 0 0 0 1 0 0 1 2 0 5 0 1 0 6 1 0 0 0 0 0 8 3 0 0 0 0 0 0 0 0 0 0 0 0 0 0 0 0 0 0 1 18 0 0 0 0 5 0 6 65 23 1 0 0 0 0 0 0 0 0 0 0 0 73 175 44 34 71 0 0 2 15 3 0 0 0 0 8 44 4 6 18 0 0 0 0 0 214 78 237 128 1 8 0 0 0 0 0 0 0 0 0 0 0 0 0 0 0 0 0 0 0
2 140 116 339 213 169 50 4 0 0 0 3 2 0 0 0 0 0 0 1 0 5 0 0 1 0 0 0 0 0 0 0 0 0 0 0 0 0 0 0 0 1 0 1 3 0 0 4 19 1 0 0 9 0 0 0 3 1 0 0 0 0 0 0 0 0 0 0 0 0 0 0 0 0 0 0 0 7 0 0 0 0 0 0 0 0 29 40 0 0 1 0 0 0 0 0 0 0 0 0 5 20 11 2 25 36 1 0 0 0 0 5 0 0 1 0 1 3 6 12 3 37 6 0 33 155 39 239 31 0 0 0 0 0 0 0 0 0 0 0 0 0 0 0 0 0 0 0 0 0
1 2 67 118 59 72 80 4 0 1 0 2 0 0 0 0 0 0 0 0 0 1 0 0 0 0 0 0 0 0 0 0 0 0 1 0 0 0 0 0 0 0 1 0 0 0 0 0 1 2 0 0 0 1 0 0 0 0 0 0 0 0 0 0 0 0 0 0 0 0 0 0 0 0 0 0 0 0 0 0 0 0 0 0 0 0 22 10 0 1 6 1 0 0 0 4 0 0 0 196 303 45 88 37 3 41 14 1 0 0 0 1 0 0 0 0 0 0 4 30 39 20 61 106 10 27 0 1 0 0 0 0 0 0 0 0 0 0 0 0 0 0 0 0 0 0 0 0 0 0
3 8 16 27 22 13 1 1 0 2 2 0 0 0 0 0 0 0 0 0 3 19 0 0 0 0 0 0 0 0 0 0 0 0 0 0 0 0 0 0 0 0 0 0 0 7 1 0 0 0 0 0 0 0 1 8 2 0 0 0 0 0 0 0 0 0 0 0 0 0 0 0 0 0 0 0 3 2 0 0 0 0 0 0 0 0 2 0 0 7 10 0 0 0 15 26 94 4 116 547 132 149 21 1 0 7 1 34 0 0 0 0 0 0 0 0 0 0 19 7 40 12 9 5 0 20 6 2 37 12 0 0 0 0 0 0 0 0 0 0 0 0 0 0 0 0 0 0 0 0
5 4 2 2 0 0 0 1 0 0 0 0 0 0 0 0 0 0 0 0 1 3 1 0 0 0 0 0 0 1 2 0 0 0 0 0 0 0 0 0 0 0 0 1 1 6 2 1 0 0 0 0 3 1 38 2 2 0 0 0 0 0 0 0 0 0 0 0 0 0 0 0 0 0 1 7 0 0 0 0 0 0 0 0 0 0 2 0 0 0 31 8 2 2 235 488 16 0 80 62 22 1 9 1 1 1 0 45 282 58 0 0 0 0 0 0 0 0 0 0 5 0 0 0 11 29 8 34 169 24 3 0 0 0 0 0 0 0 0 0 0 0 0 0 0 0 0 0 0 0
8 2 3 2 0 1 0 0 0 0 0 1 0 0 0 0 0 1 0 0 1 0 0 0 0 0 0 0 0 0 1 22 2 0 0 0 0 0 0 0 0 0 0 0 0 2 0 0 0 0 0 1 1 2 22 1 0 0 0 0 0 0 0 0 0 0 0 0 0 0 0 0 0 0 2 24 0 0 0 0 0 0 0 0 0 0 23 23 47 24 15 2 3 9 0 16 3 0 0 0 1 3 2 0 0 1 67 97 28 6 0 0 0 0 0 0 0 0 0 0 1 4 1 10 5 72 12 65 37 92 9 0 0 0 0 0 0 0 0 0 0 0 0 0 0 0 0 0 0 0
0 0 0 1 2 0 0 0 0 0 0 0 0 0 0 0 0 0 0 0 0 0 0 0 0 0 0 0 1 0 2 1 0 1 0 0 0 0 0 0 0 0 0 0 0 0 75 0 0 0 0 0 40 16 2 0 0 0 0 0 0 0 0 0 0 0 0 0 0 0 0 3 1 1 0 0 0 0 0 0 0 0 0 0 0 0 1 0 46 1 0 0 0 1 6 12 0 0 1 0 0 4 0 1 0 139 194 91 42 12 0 0 0 0 0 0 0 0 12 5 1 32 1 5 1 1 22 13 3 12 0 2 0 0 0 0 0 0 0 0 0 0 0 0 0 0 0 0 0 0
1 0 0 0 1 0 0 0 0 0 0 0 0 0 0 0 0 0 2 0 0 0 0 0 0 0 0 2 0 0 0 0 0 0 2 0 0 0 0 0 0 0 0 0 0 1 0 0 0 0 0 0 3 26 4 0 0 0 0 0 0 0 0 0 0 0 0 0 0 0 1 1 4 0 0 0 0 0 0 0 0 0 0 0 0 0 0 0 0 0 0 0 0 3 0 0 0 0 1 0 1 2 1 0 24 118 34 1 7 47 0 0 0 0 0 0 0 0 2 0 0 3 0 23 73 12 59 9 3 9 0 0 0 0 0 0 0 0 0 0 0 0 0 0 0 0 0 0 0 0
0 0 0 0 0 34 0 0 0 0 0 0 0 0 0 0 0 0 0 0 0 0 0 0 0 0 0 0 0 0 0 0 0 0 0 1 0 0 0 0 0 0 0 0 0 0 0 0 0 0 0 0 0 0 2 0 1 2 0 0 0 0 0 0 0 0 0 0 0 1 1 0 0 0 0 0 0 0 0 0 0 0 0 0 0 0 0 0 1 0 0 12 45 3 0 0 0 0 0 0 2 0 7 5 14 7 0 0 0 5 0 0 0 0 0 0 0 0 0 0 1 1 0 11 0 0 0 73 0 0 0 0 0 0 0 0 0 0 0 0 0 0 0 0 0 0 0 0 0 0
0 0 0 0 53 16 0 0 0 0 0 0 0 0 2 0 0 0 0 0 0 0 0 0 0 0 0 0 2 0 1 0 0 0 0 0 0 0 0 0 1 0 0 2 0 3 0 0 0 0 0 0 0 6 0 0 2 0 0 0 0 0 0 0 0 0 0 0 0 1 0 0 0 0 0 0 0 0 0 0 0 0 0 0 0 0 0 0 10 13 32 93 16 4 0 0 1 1 0 7 8 217 207 12 0 2 2 0 0 3 1 0 0 0 0 0 0 0 0 0 0 0 0 0 0 0 26 5 0 0 0 0 0 0 0 0 0 0 0 0 0 0 0 0 0 0 0 0 0 0
0 0 0 0 0 3 0 0 0 0 0 0 0 1 0 0 0 0 0 0 0 0 0 0 0 0 0 0 0 2 0 0 0 0 0 1 0 0 0 0 0 0 0 0 4 5 0 0 0 0 0 0 0 8 1 1 0 0 0 0 0 0 0 0 0 0 0 0 3 0 0 0 0 0 0 0 0 0 0 0 0 0 0 0 0 1 0 0 7 32 92 73 34 10 3 0 1 3 0 31 67 49 40 6 0 0 0 0 0 0 0 0 0 0 0 0 0 0 0 0 0 12 21 0 0 4 0 0 0 0 0 0 0 0 0 0 0 0 0 0 0 0 0 0 0 0 0 0 0 0
0 0 0 0 0 2 0 0 0 0 0 0 6 2 0 1 0 0 0 0 0 0 0 0 0 16 3 0 0 4 0 0 0 0 1 0 0 0 0 0 0 0 0 1 0 2 0 0 0 0 1 0 0 6 4 2 0 0 0 0 0 0 0 0 0 0 0 3 31 0 0 0 0 0 0 0 0 0 0 0 0 0 0 0 1 8 13 0 1 5 0 1 5 0 4 1 0 0 0 4 12 0 3 1 0 0 0 0 1 6 12 3 0 0 0 0 0 0 0 0 0 0 28 0 0 0 0 0 0 0 0 0 0 0 0 0 0 0 0 0 0 0 0 0 0 0 0 0 0 0
0 0 0 0 1 0 0 0 0 0 0 0 0 2 0 4 0 0 0 0 0 0 0 0 0 0 0 0 0 0 0 0 0 0 1 1 0 0 0 0 0 0 0 0 0 0 0 3 0 3 0 0 0 2 1 3 0 1 0 0 0 0 0 0 0 0 1 10 4 0 0 0 0 0 0 0 0 0 0 0 0 0 0 0 11 1 0 1 0 10 0 0 11 0 3 0 1 10 2 2 13 9 0 1 2 0 1 3 10 23 48 105 9 1 0 0 0 0 0 0 0 0 0 0 0 0 0 0 0 0 0 0 0 0 0 0 0 0 0 0 0 0 0 0 0 0 0 0 0 0
0 0 0 0 0 0 0 0 0 0 0 0 0 0 0 0 0 0 0 0 0 0 0 0 1 0 0 0 0 0 0 0 0 0 0 0 0 0 0 0 0 0 0 0 0 0 0 0 4 1 0 0 0 0 0 22 23 2 0 0 0 0 0 0 1 1 5 50 3 0 0 1 0 0 0 0 0 0 0 0 0 0 0 2 5 0 0 0 1 110 3 0 0 0 0 1 15 145 6 0 0 0 1 5 0 0 14 0 66 24 217 36 22 10 4 0 0 0 0 0 0 0 0 0 0 0 0 0 0 0 0 0 0 0 0 0 0 0 0 0 0 0 0 0 0 0 0 0 0 0
0 0 0 0 0 0 0 0 0 0 0 0 0 0 1 0 0 0 0 0 0 0 0 1 0 0 0 0 0 0 0 0 0 0 0 1 1 1 0 0 0 0 1 0 0 2 0 2 19 1 0 0 0 0 2 1 1 0 5 2 0 1 3 1 0 0 0 0 0 0 0 0 0 0 0 0 0 0 0 0 0 0 0 0 0 0 0 3 1 0 0 0 0 0 6 60 1 0 0 0 0 0 0 0 7 31 240 299 174 27 13 0 24 2 0 0 0 0 0 0 0 0 0 0 0 0 0 0 0 0 0 0 0 0 0 0 0 0 0 0 0 0 0 0 0 0 0 0 0 0
0 0 0 1 2 32 2 0 2 0 0 1 0 0 0 0 0 0 0 0 0 0 0 0 0 0 0 0 0 0 0 0 0 0 0 0 0 1 0 0 0 0 0 0 0 2 4 4 1 0 0 0 3 0 2 2 1 0 0 0 0 0 0 1 2 0 0 3 0 4 1 4 0 0 0 0 0 0 0 0 0 0 0 0 0 0 0 0 0 0 4 3 0 0 63 3 0 0 0 0 0 1 0 3 8 20 81 154 79 84 33 62 31 0 0 0 0 0 0 0 0 0 0 0 0 0 0 0 0 0 0 0 0 0 0 0 0 0 0 0 0 0 0 0 0 0 0 0 0 0
0 0 0 0 28 18 0 0 0 0 0 0 0 0 0 0 0 0 0 0 0 0 0 0 0 0 0 0 0 0 0 0 1 0 0 0 0 0 0 0 0 1 2 0 0 0 4 1 0 0 2 4 2 1 3 0 0 1 1 0 0 1 0 0 0 1 0 1 0 0 0 0 0 0 0 0 0 0 0 0 0 0 0 0 0 0 0 0 0 0 0 0 7 15 0 6 79 0 0 0 0 0 0 14 51 109 0 0 0 51 0 1 0 0 0 0 0 0 0 0 0 0 0 0 0 0 0 0 0 0 0 0 0 0 0 0 0 0 0 0 0 0 0 0 0 0 0 0 0 0
0 0 0 0 0 3 0 0 4 1 0 0 0 0 0 0 0 0 0 0 0 0 0 0 0 0 0 0 0 0 0 0 0 0 0 0 0 0 0 0 0 0 0 0 0 0 0 1 0 2 0 0 2 0 0 0 0 0 0 1 0 0 0 0 0 0 0 0 0 0 1 0 0 0 0 0 0 0 0 0 0 0 0 0 0 0 0 0 0 0 0 4 19 5 7 52 130 0 0 0 0 0 0 1 3 0 0 0 0 0 11 60 1 0 0 0 0 0 0 0 0 0 0 0 0 0 0 0 0 0 0 0 0 0 0 0 0 0 0 0 0 0 0 3 0 0 0 0 0 0
0 0 0 0 0 0 0 0 0 2 0 0 0 0 1 2 0 0 0 0 0 0 0 0 0 0 0 0 0 0 0 1 0 0 0 0 0 0 0 0 0 1 0 0 0 0 0 0 0 0 0 1 1 0 0 0 0 0 0 16 2 0 0 0 0 0 0 0 0 0 1 0 0 0 0 0 0 0 0 0 0 0 0 0 0 0 0 0 10 0 0 21 62 66 40 0 0 0 0 0 0 0 0 0 0 0 0 1 0 28 29 0 0 0 0 0 0 0 0 0 0 0 0 0 0 0 0 0 0 0 0 0 0 0 0 0 0 0 0 0 0 0 0 0 0 0 0 0 0 0
0 1 0 0 0 5 3 0 0 0 0 0 0 1 0 0 0 0 0 0 0 0 0 0 0 0 0 0 0 0 0 0 0 0 0 0 0 0 0 0 0 0 0 0 0 0 0 0 0 0 0 0 0 0 0 0 0 0 0 0 1 0 0 0 0 0 0 0 0 0 1 0 0 0 0 0 0 0 0 0 0 0 0 0 0 0 0 0 0 3 0 35 192 0 0 3 1 0 0 0 0 0 0 0 1 0 0 1 2 2 2 0 0 0 0 0 0 0 0 0 0 0 0 0 0 0 0 0 0 0 0 0 0 0 0 0 0 0 0 0 0 0 0 0 0 0 0 0 0 0
0 0 0 0 0 0 0 0 0 0 0 0 0 0 0 0 0 0 0 0 0 0 0 1 0 0 0 0 0 0 0 0 0 0 0 0 0 0 0 0 0 0 0 0 0 0 0 0 0 0 0 10 0 0 0 1 1 3 1 5 3 0 0 0 0 0 0 0 0 0 0 21 3 0 0 0 0 0 0 0 0 0 0 0 0 0 0 0 0 1 0 3 0 1 7 0 0 0 0 0 0 0 0 0 0 0 0 0 0 0 0 0 0 0 0 0 0 0 0 0 0 0 0 0 0 0 0 0 0 0 0 0 0 0 0 0 0 0 0 0 0 0 0 0 0 0 0 0 0 0
0 0 0 0 0 0 0 0 0 0 0 0 0 0 0 0 0 0 0 0 0 0 2 4 0 0 0 0 0 0 0 0 0 0 0 0 0 0 0 0 0 0 0 0 0 0 0 0 0 0 0 4 2 1 0 1 0 0 0 0 0 3 5 0 0 0 0 0 0 0 0 1 0 0 2 0 0 0 0 0 0 0 0 0 0 0 0 0 0 0 0 6 1 8 3 1 0 0 0 0 0 0 0 0 0 0 0 0 0 0 0 0 0 0 0 0 0 0 0 0 0 0 0 0 0 0 0 0 0 0 0 0 0 0 0 0 0 0 0 0 0 0 0 0 0 0 0 0 0 0
0 0 0 0 0 0 0 0 0 0 0 0 0 0 0 0 0 0 0 0 0 0 3 0 0 0 0 0 0 0 0 0 0 0 0 0 0 0 0 0 0 0 0 0 0 0 0 0 0 2 0 10 15 0 2 0 0 0 1 0 0 20 23 0 0 0 0 0 0 0 0 0 0 0 0 0 0 0 0 0 0 0 0 0 0 0 0 0 0 0 4 5 1 2 21 2 0 0 1 0 0 0 0 0 0 0 0 0 0 0 0 0 0 0 0 0 0 0 0 0 0 0 0 0 0 0 0 0 0 0 0 0 0 0 0 0 0 0 0 0 0 0 0 0 0 0 0 0 0 0
0 0 0 0 0 0 0 0 0 0 0 0 1 0 0 0 0 0 0 0 0 0 0 0 0 0 0 0 0 0 0 1 0 0 0 0 0 0 0 0 0 0 0 0 0 0 0 0 0 5 1 13 64 3 4 0 1 0 0 0 0 5 0 0 0 0 0 0 0 0 0 0 0 1 0 0 0 0 0 0 0 0 0 0 0 0 0 0 0 0 0 14 7 6 1 5 0 0 0 0 0 0 0 0 0 0 0 0 0 0 0 0 0 0 0 0 0 0 0 0 0 0 0 0 0 0 0 0 0 0 0 0 0 0 0 0 0 0 0 0 0 0 0 0 0 0 0 0 0 0
0 0 0 0 0 0 0 0 1 0 0 0 1 1 0 1 0 4 0 0 0 0 0 0 0 1 0 0 0 0 0 0 0 0 0 0 0 0 0 0 0 0 0 0 0 0 0 0 1 1 0 4 51 0 4 0 0 0 0 0 1 4 1 0 0 0 0 0 0 0 0 0 0 0 0 0 0 0 0 0 0 0 0 0 0 0 0 0 0 0 0 0 0 0 2 1 1 0 0 4 0 0 0 0 0 0 0 0 0 0 0 0 0 0 0 0 0 0 0 0 0 0 0 0 0 0 0 0 0 0 0 0 0 0 0 0 0 0 0 0 0 0 0 0 0 0 0 0 0 0
0 0 0 0 1 0 0 0 1 0 0 0 0 0 1 0 0 0 1 0 0 0 0 1 1 0 0 0 0 0 0 0 0 0 0 0 0 0 0 0 0 0 0 0 0 0 0 5 0 0 0 0 4 0 0 0 0 0 0 1 6 0 0 1 0 0 0 0 0 0 0 0 0 0 0 0 0 0 0 0 0 0 0 0 0 0 0 0 0 0 0 0 0 0 0 1 4 0 0 0 0 0 0 0 0 0 0 0 0 0 0 0 0 0 0 0 0 0 0 0 0 0 0 0 0 0 0 0 0 0 0 0 0 0 0 0 0 0 0 0 0 0 0 0 0 0 0 0 0 0
0 0 0 0 0 0 0 0 0 0 1 0 0 0 0 0 0 0 0 0 0 0 0 0 1 0 0 0 0 0 0 0 0 0 2 0 0 0 0 0 0 0 0 0 0 0 2 102 0 0 0 0 0 0 0 0 0 0 0 0 3 0 0 0 0 0 0 0 0 0 0 0 0 0 0 0 0 0 0 0 0 0 0 0 0 0 0 0 0 0 0 0 0 0 0 11 1 6 0 0 0 0 0 0 0 0 0 0 0 0 0 0 0 0 0 0 0 0 0 0 0 0 0 0 0 0 0 0 0 0 0 0 0 0 0 0 0 0 0 0 0 0 0 1 2 2 0 0 0 0
0 0 0 0 0 0 0 0 0 0 0 0 0 0 0 0 0 0 0 1 0 0 0 0 0 0 0 0 0 0 0 0 0 0 0 0 0 0 0 0 0 0 0 0 0 1 2 0 0 0 0 0 0 0 0 0 0 0 0 0 0 1 0 0 0 0 0 0 0 0 0 0 0 0 0 0 0 0 0 0 0 0 0 0 0 0 0 0 0 0 0 0 0 0 1 1 2 0 0 1 4 0 0 0 0 0 0 0 0 0 0 0 0 0 0 0 0 0 0 0 0 0 0 0 0 0 0 0 0 0 0 0 0 0 0 0 0 0 0 0 0 0 0 0 0 0 0 0 0 0
0 0 0 0 0 0 0 0 0 0 0 5 0 0 0 0 0 0 0 0 0 0 0 0 0 0 0 0 0 0 0 0 0 0 0 0 0 0 0 0 0 0 0 0 0 0 0 0 0 0 0 0 0 0 0 0 0 0 0 0 0 0 0 0 0 0 0 0 0 0 0 2 0 0 0 0 0 0 0 0 0 0 0 0 0 0 0 0 0 0 0 0 0 0 0 0 0 0 0 0 0 0 0 0 0 0 0 0 0 0 0 0 0 0 0 0 0 0 0 0 0 0 0 0 0 0 0 0 0 0 0 0 0 0 0 0 0 0 0 0 0 0 0 0 0 0 0 0 0 0
0 0 0 0 0 0 0 0 0 1 5 2 5 0 0 1 0 0 0 0 0 0 0 0 0 0 0 0 0 0 0 0 0 0 0 0 0 0 0 0 0 0 0 0 1 0 0 0 0 0 0 0 0 0 0 0 0 0 0 0 1 0 0 0 0 0 0 0 0 0 0 0 0 0 0 0 0 0 0 0 0 0 0 0 0 0 0 0 0 0 0 0 0 0 0 0 0 0 0 0 0 0 0 0 0 0 0 0 0 0 0 0 0 0 0 0 0 0 0 0 0 0 0 0 0 0 0 0 0 0 0 0 0 0 0 0 0 0 0 0 0 0 0 0 0 0 0 0 0 0
0 0 0 0 0 0 0 0 0 1 0 1 2 0 0 0 4 2 0 0 0 0 0 0 0 0 0 0 0 0 0 0 0 0 0 0 1 0 0 0 0 0 0 2 0 0 0 0 0 0 0 0 0 0 0 0 0 0 0 2 1 0 0 0 0 0 0 0 20 0 0 0 0 0 0 0 0 0 0 0 0 0 0 0 0 0 0 0 0 0 0 0 0 0 0 0 5 0 1 0 0 0 0 0 0 0 0 0 0 0 0 0 0 0 0 0 0 0 0 0 0 0 0 0 0 0 0 0 0 0 0 0 0 0 0 0 0 0 0 0 0 0 0 0 0 0 0 0 0 0
0 0 0 0 0 0 0 2 0 0 0 0 0 0 0 0 0 2 0 0 0 0 0 0 0 0 0 0 0 0 0 0 0 0 0 0 21 1 0 0 0 0 2 0 0 0 0 0 0 0 0 0 0 0 0 0 0 0 0 0 2 2 0 0 0 0 0 1 59 31 0 0 0 0 0 0 1 0 0 0 0 0 0 0 0 0 0 0 0 0 0 0 0 0 0 0 0 0 0 0 0 0 0 0 0 0 0 0 0 0 0 0 0 0 0 0 0 0 0 0 0 0 0 0 0 0 0 0 0 0 0 0 0 0 0 0 0 0 0 0 0 0 0 0 0 0 0 0 0 0
0 0 0 0 0 0 0 0 0 0 0 2 17 1 0 1 5 0 0 8 0 0 0 15 1 1 0 0 0 0 2 0 0 0 0 1 1 1 0 2 0 0 15 0 0 0 0 0 0 0 0 0 0 0 0 0 0 0 0 0 0 1 0 0 34 13 0 0 0 0 0 0 0 0 0 0 0 0 0 0 0 0 0 0 0 0 0 0 0 0 0 0 0 0 0 0 0 0 0 0 0 0 0 0 0 0 0 0 0 0 0 0 0 0 0 0 0 0 0 0 0 0 0 0 0 0 0 0 0 0 0 0 0 0 0 0 0 0 0 0 0 0 0 0 0 0 0 0 0 0
1 17 2 0 0 0 0 0 0 0 0 1 0 0 0 0 0 10 0 2 6 15 9 1 2 0 0 0 0 0 0 0 0 0 0 0 6 0 0 1 1 0 0 0 0 0 0 0 0 0 0 0 0 0 0 0 0 0 0 0 0 0 0 0 0 1 0 0 0 0 0 0 0 0 0 0 0 0 0 0 0 0 0 0 0 0 0 0 0 0 0 0 0 0 0 0 0 0 0 0 0 0 0 0 0 0 0 0 0 0 0 0 0 0 0 0 0 0 0 0 0 0 0 0 0 0 0 0 0 0 0 0 0 0 0 0 0 0 0 0 0 0 0 0 0 0 0 0 0 0
6 4 1 0 0 0 0 0 0 0 0 1 1 0 0 0 1 0 0 0 0 74 2 2 3 3 0 0 1 2 7 0 0 0 0 0 1 2 1 1 1 2 0 0 0 0 0 0 0 0 0 0 0 0 0 0 0 0 0 0 0 0 0 0 0 0 0 0 0 0 0 0 0 0 0 0 0 0 0 0 0 0 0 0 0 0 0 0 0 0 0 0 0 0 0 0 0 0 0 0 0 0 0 0 0 0 0 0 0 0 0 0 0 0 0 0 0 0 0 0 0 0 0 0 0 0 0 0 0 0 0 0 0 0 0 0 0 0 0 0 0 0 0 0 0 0 0 0 0 0
0 0 0 0 0 0 0 0 0 0 0 0 0 0 0 0 0 0 0 0 0 1 5 15 1 9 0 2 0 0 0 0 0 0 0 0 1 0 0 0 0 0 0 0 0 0 0 0 0 0 0 0 0 0 0 0 0 0 0 0 0 0 0 0 0 0 0 0 0 0 0 0 0 0 0 0 0 0 0 0 0 0 0 0 0 0 0 0 0 0 0 0 0 0 0 0 0 0 0 0 0 0 0 0 0 0 0 0 0 0 0 0 0 0 0 0 0 0 0 0 0 0 0 0 0 0 0 0 0 0 0 0 0 0 0 0 0 0 0 0 0 0 0 0 0 0 0 0 0 0
0 0 0 0 0 0 0 0 0 0 0 0 0 0 0 0 0 0 0 0 0 0 0 0 0 7 2 2 17 4 2 0 3 3 1 0 1 0 0 0 0 0 0 0 0 0 0 0 0 0 0 0 0 0 0 0 0 0 0 0 0 0 0 0 0 0 0 0 0 0 0 0 0 0 0 0 0 0 0 0 0 0 0 0 0 0 0 0 0 0 0 0 0 0 0 0 0 0 0 0 0 0 0 0 0 0 0 0 0 0 0 0 0 0 0 0 0 0 0 0 0 0 0 0 0 0 0 0 0 0 0 0 0 0 0 0 0 0 0 0 0 0 0 0 0 0 0 0 0 0
0 0 0 0 0 0 0 0 0 0 1 0 0 0 0 0 0 0 0 0 0 4 0 0 0 0 0 1 65 17 0 0 2 9 1 0 0 0 0 0 0 0 0 0 0 0 0 0 0 0 0 0 0 0 0 0 0 0 0 0 0 0 0 0 0 0 0 0 0 0 0 0 0 0 0 0 0 0 0 0 0 0 0 0 0 0 0 0 0 0 0 0 0 0 0 0 0 0 0 0 0 0 0 0 0 0 0 0 0 0 0 0 0 0 0 0 0 0 0 0 0 0 0 0 0 0 0 0 0 0 0 0 0 0 0 0 0 0 0 0 0 0 0 0 0 0 0 0 0 0
0 0 0 0 0 0 0 0 0 0 0 0 0 0 0 0 0 0 0 0 0 0 2 3 0 2 0 2 0 1 1 2 0 0 0 0 4 0 0 0 0 0 0 0 0 0 0 0 0 0 0 0 0 0 0 0 0 0 0 0 0 0 0 0 0 0 0 0 0 0 0 0 0 0 0 0 0 0 0 0 0 0 0 0 0 0 0 0 0 0 0 0 0 0 0 0 0 0 0 0 0 0 0 0 0 0 0 0 0 0 0 0 0 0 0 0 0 0 0 0 0 0 0 0 0 0 0 0 0 0 0 0 0 0 0 0 0 0 0 0 0 0 0 0 0 0 0 0 0 0
0 0 0 0 0 0 0 0 0 0 0 0 0 0 0 0 0 0 0 0 0 0 0 0 5 0 2 0 0 0 9 0 1 0 0 0 0 0 0 0 0 0 0 0 0 0 0 0 0 0 0 0 0 0 0 0 0 0 0 0 0 0 0 0 0 0 0 0 0 0 0 0 0 0 0 0 0 0 0 0 0 0 0 0 0 0 0 0 0 0 0 0 0 0 0 0 0 0 0 0 0 0 0 0 1 0 0 0 0 0 0 0 0 0 0 0 0 0 0 0 0 0 0 0 0 0 0 0 0 0 0 0 0 0 0 0 0 0 0 0 0 0 0 0 0 0 0 0 0 0
0 0 0 0 0 0 0 0 0 0 0 0 0 2 0 0 0 0 0 0 0 0 0 0 0 0 0 0 0 0 0 0 6 0 0 0 0 0 0 0 0 0 0 0 0 0 0 0 0 0 0 0 0 0 0 0 0 0 0 0 0 0 0 0 0 0 0 0 0 0 0 0 0 0 0 0 0 0 0 0 0 0 0 0 0 0 0 0 0 0 0 0 0 0 0 0 0 0 0 0 0 0 0 0 0 0 0 0 0 0 0 0 0 0 0 0 0 0 0 0 0 0 0 0 0 0 0 0 0 0 0 0 0 0 0 0 0 0 0 0 0 0 0 0 0 0 0 0 0 0
0 0 0 0 0 0 0 0 0 0 1 0 1 0 0 0 0 0 0 0 0 0 0 0 0 0 0 7 0 0 0 0 0 0 0 0 0 0 0 0 0 0 0 0 0 0 0 0 0 0 0 0 0 0 0 0 0 0 0 0 0 0 0 0 0 0 0 0 0 0 0 0 0 0 0 0 0 0 0 0 0 0 0 0 0 0 0 0 0 0 0 0 0 0 0 0 0 0 0 0 0 0 0 0 0 0 0 0 0 0 0 0 0 0 0 0 0 0 0 0 0 0 0 0 0 0 0 0 0 0 0 0 0 0 0 0 0 0 0 0 0 0 0 0 0 0 0 0 0 0
0 0 0 0 0 0 0 0 0 0 0 0 0 0 0 0 0 0 0 0 0 0 0 0 0 0 0 9 2 0 0 0 1 3 0 0 0 0 0 0 0 0 0 0 0 0 0 0 0 0 0 0 0 0 0 0 0 0 0 0 0 0 0 0 0 0 0 0 0 0 0 0 0 0 0 0 0 0 0 0 0 0 0 0 0 0 0 0 0 0 0 0 0 0 0 0 0 0 0 0 0 0 0 0 0 0 0 0 0 0 0 0 0 0 0 0 0 0 0 0 0 0 0 0 0 0 0 0 0 0 0 0 0 0 0 0 0 0 0 0 0 0 0 0 0 0 0 0 0 0
0 0 0 0 0 0 0 0 0 0 1 0 0 0 0 0 0 0 0 0 0 0 0 0 0 0 0 0 0 0 0 0 0 0 0 0 0 0 0 0 0 0 0 0 0 0 0 0 0 0 0 0 0 0 0 0 0 0 0 0 0 0 0 0 0 0 0 0 0 0 0 0 0 0 0 0 0 0 0 0 0 0 0 0 0 0 0 0 0 0 0 0 0 0 0 0 0 0 0 0 0 0 0 0 0 0 0 0 0 0 0 0 0 0 0 0 0 0 0 0 0 0 0 0 0 0 0 0 0 0 0 0 0 0 0 0 0 0 0 0 0 0 0 0 0 0 0 0 0 0
0 0 0 0 0 0 0 0 0 1 0 0 0 0 0 0 0 0 0 0 0 0 0 0 0 0 0 0 0 0 0 0 0 0 0 0 0 0 0 0 0 0 0 0 0 0 0 0 0 0 0 0 0 0 0 0 0 0 0 0 0 0 0 0 0 0 0 0 0 0 0 0 0 0 0 0 0 0 0 0 0 0 0 0 0 0 0 0 0 0 0 0 0 0 0 0 0 0 0 0 0 0 0 0 0 0 0 0 0 0 0 0 0 0 0 0 0 0 0 0 0 0 0 0 0 0 0 0 0 0 0 0 0 0 0 0 0 0 0 0 0 0 0 0 0 0 0 0 0 0
0 0 0 0 0 0 0 0 0 0 1 0 0 0 0 0 0 0 0 0 0 0 0 0 0 0 0 0 0 0 0 0 0 0 0 0 0 0 0 0 0 0 0 0 0 0 0 0 0 0 0 1 0 0 0 0 0 0 0 0 0 0 0 0 0 0 0 0 0 0 0 0 0 0 0 0 0 0 0 0 0 0 0 0 0 0 0 0 0 0 0 0 0 0 0 0 0 0 0 0 0 0 0 0 0 0 0 0 0 0 0 0 0 0 0 0 0 0 0 0 0 0 0 0 0 0 0 0 0 0 0 0 0 0 0 0 0 0 0 0 0 0 0 0 0 0 0 0 0 0
0 0 0 0 0 0 0 0 3 1 0 0 0 0 0 0 0 0 0 0 0 0 0 0 0 0 0 0 0 0 0 0 0 0 0 0 0 0 0 0 0 0 0 0 0 0 0 0 0 0 2 0 0 0 0 0 0 0 0 0 0 0 0 0 0 0 0 0 0 0 0 0 0 0 0 0 0 0 0 0 0 0 0 0 0 0 0 0 0 0 0 0 0 0 0 0 0 0 0 0 0 0 0 0 0 0 0 0 0 0 0 0 0 0 0 0 0 0 0 0 0 0 0 0 0 0 0 0 0 0 0 0 0 0 0 0 0 0 0 0 0 0 0 0 0 0 0 0 0 0
0 0 0 0 0 2 6 1 0 0 0 0 0 0 0 0 0 0 0 0 0 0 0 0 0 0 0 0 0 0 0 0 0 0 0 0 0 0 0 0 0 0 0 0 0 0 0 0 0 1 14 0 0 0 0 0 0 0 0 0 0 0 0 0 0 0 0 0 0 0 0 0 0 0 0 0 0 0 0 0 0 0 0 0 0 0 0 0 0 0 0 0 0 0 0 0 0 0 0 0 0 0 0 0 0 0 0 0 0 0 0 0 0 0 0 0 0 0 0 0 0 0 0 0 0 0 0 0 0 0 0 0 0 0 0 0 0 0 0 0 0 0 0 0 0 0 0 0 0 0
0 0 0 0 0 0 0 5 0 0 0 0 0 0 0 0 0 0 0 0 0 0 0 0 0 0 0 0 0 0 0 0 0 0 0 0 0 0 0 0 0 0 0 0 0 0 0 0 0 0 0 1 0 0 0 0 0 0 0 0 0 0 0 0 0 0 0 0 0 0 0 0 0 0 0 0 0 0 0 0 0 0 0 0 0 0 0 0 0 0 0 0 0 0 0 0 0 0 0 0 0 0 0 0 0 0 0 0 0 0 0 0 0 0 0 0 0 0 0 0 0 0 0 0 0 0 0 0 0 0 0 0 0 0 0 0 0 0 0 0 0 0 0 0 0 0 0 0 0 0
0 0 0 0 0 0 0 0 0 0 0 0 0 0 0 0 0 0 0 0 0 0 0 0 0 0 0 0 0 0 0 0 0 0 0 0 0 0 0 0 0 0 0 0 0 0 0 0 0 0 0 0 1 4 0 0 0 0 0 0 0 0 0 0 0 0 0 0 0 0 0 0 0 0 0 0 0 0 0 0 0 0 0 0 0 0 0 0 0 0 0 0 0 0 0 0 0 0 0 0 0 0 0 0 0 0 0 0 0 0 0 0 0 0 0 0 0 0 0 0 0 0 0 0 0 0 0 0 0 0 0 0 0 0 0 0 0 0 0 0 0 0 0 0 0 0 0 0 0 0
0 0 0 0 0 0 0 0 0 0 0 0 0 0 0 0 0 0 0 0 0 0 0 0 0 0 0 0 0 0 0 0 0 0 0 0 0 0 0 0 0 0 0 0 0 0 0 0 0 0 0 0 1 0 0 0 0 0 0 0 0 0 0 0 0 0 0 0 0 0 0 0 0 0 0 0 0 0 0 0 0 0 0 0 0 0 0 0 0 0 0 0 0 0 0 0 0 0 0 0 0 0 0 0 0 0 0 0 0 0 0 0 0 0 0 0 0 0 0 0 0 0 0 0 0 0 0 0 0 0 0 0 0 0 0 0 0 0 0 0 0 0 0 0 0 0 0 0 0 0
0 0 0 0 0 0 0 0 0 0 0 0 0 0 0 0 0 0 0 0 0 0 0 0 0 0 0 0 0 0 0 0 0 0 0 0 0 0 0 0 0 0 0 0 0 0 0 0 0 0 0 0 1 0 0 0 0 0 0 0 0 0 0 0 0 0 0 0 0 0 0 0 0 0 0 0 0 0 0 0 0 0 0 0 0 0 0 0 0 0 0 0 0 0 0 0 0 0 0 0 0 0 0 0 0 0 0 0 0 0 0 0 0 0 0 0 0 0 0 0 0 0 0 0 0 0 0 0 0 0 0 0 0 0 0 0 0 0 0 0 0 0 0 0 0 0 0 0 0 0
0 0 0 0 0 0 0 0 0 0 0 0 0 0 0 0 0 0 0 0 0 0 0 0 0 0 0 0 0 0 0 0 0 0 0 0 0 0 0 0 0 0 0 0 0 0 0 0 0 0 0 0 0 0 0 0 0 0 0 0 0 0 0 0 0 0 0 0 0 0 0 0 0 0 0 0 0 0 0 0 0 0 0 0 0 0 0 0 0 0 0 0 0 0 0 0 0 0 0 0 0 0 0 0 0 0 0 0 0 0 0 0 0 0 0 0 0 0 0 0 0 0 0 0 0 0 0 0 0 0 0 0 0 0 0 0 0 0 0 0 0 0 0 0 0 0 0 0 0 0
0 0 0 0 0 0 0 0 0 0 0 0 0 0 0 0 0 0 0 0 0 0 0 0 0 0 0 0 0 0 0 0 0 0 0 0 0 0 0 0 0 0 0 0 0 0 0 0 0 0 0 0 0 0 0 0 0 0 0 0 0 0 0 0 0 0 0 0 0 0 0 0 0 0 0 0 0 0 0 0 0 0 0 0 0 0 0 0 0 0 0 0 0 0 0 0 0 0 0 0 0 0 0 0 0 0 0 0 0 0 0 0 0 0 0 0 0 0 0 0 0 0 0 0 0 0 0 0 0 0 0 0 0 0 0 0 0 0 0 0 0 0 0 0 0 0 0 0 0 0
0 0 0 0 0 0 0 0 0 0 0 0 0 0 0 0 0 0 0 0 0 0 0 0 0 0 0 0 0 0 1 3 2 0 0 0 0 0 0 0 0 0 0 0 0 0 0 0 0 0 0 0 0 0 0 0 0 0 0 0 0 0 0 0 0 0 0 0 0 0 0 0 0 0 0 0 0 0 0 0 0 0 0 0 0 0 0 0 0 0 0 0 0 0 0 0 0 0 0 0 0 0 0 0 0 0 0 0 0 0 0 0 0 0 0 0 0 0 0 0 0 0 0 0 0 0 0 0 0 0 0 0 0 0 0 0 0 0 0 0 0 0 0 0 0 0 0 0 0 0
0 0 0 0 0 0 0 0 0 0 0 0 0 0 0 0 0 0 0 0 0 0 0 0 0 0 0 0 0 0 3 5 0 0 0 0 1 0 0 0 0 0 0 0 0 0 0 0 0 0 0 0 0 0 0 0 0 0 0 0 0 0 0 0 0 0 0 0 0 0 0 0 0 0 0 0 0 0 0 0 0 0 0 0 0 0 0 0 0 0 0 0 0 0 0 0 0 0 0 0 0 0 0 0 0 0 0 0 0 0 0 0 0 0 0 0 0 0 0 0 0 0 0 0 0 0 0 0 0 0 0 0 0 0 0 0 0 0 0 0 0 0 0 0 0 0 0 0 0 0
0 0 0 0 0 0 0 0 0 0 0 0 0 0 0 0 0 0 0 0 0 0 0 0 0 0 0 0 0 0 0 0 0 0 0 0 0 0 0 0 0 0 0 0 0 0 0 0 0 0 0 0 0 0 0 0 0 0 0 0 0 0 0 0 0 0 0 0 0 0 0 0 0 0 0 0 0 0 0 0 0 0 0 0 0 0 0 0 0 0 0 0 0 0 0 0 0 0 0 0 0 0 0 0 0 0 0 0 0 0 0 0 0 0 0 0 0 0 0 0 0 0 0 0 0 0 0 0 0 0 0 0 0 0 0 0 0 0 0 0 0 0 0 0 0 0 0 0 0 0
0 0 0 0 0 0 0 0 0 0 0 0 0 0 0 0 0 0 0 0 0 0 0 0 0 0 0 0 0 20 9 0 0 0 0 0 0 0 0 0 0 0 0 0 0 0 0 0 0 0 0 0 0 0 0 0 0 0 0 0 0 0 0 0 0 0 0 0 0 0 0 0 0 0 0 0 0 0 0 0 0 0 0 0 0 0 0 0 0 0 0 0 0 0 0 0 0 0 0 0 0 0 0 0 0 0 0 0 0 0 0 0 0 0 0 0 0 0 0 0 0 0 0 0 0 0 0 0 0 0 0 0 0 0 0 0 0 0 0 0 0 0 0 0 0 0 0 0 0 0
0 0 0 0 0 0 0 0 0 0 0 0 0 0 0 0 0 0 0 0 0 0 0 0 0 0 3 0 0 0 0 0 0 0 0 0 0 0 0 0 0 0 0 0 0 0 0 0 1 20 0 0 0 0 0 0 0 0 0 0 0 0 0 0 0 0 0 0 0 0 0 0 0 0 0 0 0 0 0 0 0 0 0 0 0 0 0 0 0 0 0 0 0 0 0 0 0 0 0 0 0 0 0 0 0 0 0 0 0 0 0 0 0 0 0 0 0 0 0 0 0 0 0 0 0 0 0 0 0 0 0 0 0 0 0 0 0 0 0 0 0 0 0 0 0 0 0 0 0 0
0 0 0 0 0 0 0 0 0 0 0 0 0 0 0 0 0 0 0 0 0 0 0 0 0 0 3 0 0 0 0 0 0 0 0 0 0 0 0 0 0 0 0 0 0 0 0 0 1 0 0 0 0 0 0 0 0 0 0 0 0 0 0 0 0 0 0 0 0 0 0 0 0 0 0 0 0 0 0 0 0 0 0 0 0 0 0 0 0 0 0 0 0 0 0 0 0 0 0 0 0 0 0 0 0 0 0 0 0 0 0 0 0 0 0 0 0 0 0 0 0 0 0 0 0 0 0 0 0 0 0 0 0 0 0 0 0 0 0 0 0 0 0 0 0 0 0 0 0 0
0 0 0 0 0 0 0 0 0 0 0 0 0 0 0 0 0 0 0 0 0 0 0 0 0 0 0 0 1 0 0 0 0 0 0 0 0 0 0 0 0 0 0 0 0 0 0 0 0 0 0 0 0 0 0 0 0 0 0 0 0 0 0 0 0 0 0 0 0 0 0 0 0 0 0 0 0 0 0 0 0 0 0 0 0 0 0 0 0 0 0 0 0 0 0 0 0 0 0 0 0 0 0 0 0 0 0 0 0 0 0 0 0 0 0 0 0 0 0 0 0 0 0 0 0 0 0 0 0 0 0 0 0 0 0 0 0 0 0 0 0 0 0 0 0 0 0 0 0 0
0 0 0 0 0 0 0 0 0 0 0 0 0 0 0 0 0 0 0 0 0 0 0 0 0 0 0 0 0 0 0 0 0 0 0 0 0 0 0 0 0 0 0 0 0 0 0 0 0 0 0 0 0 0 0 0 0 0 0 0 0 0 0 0 0 0 0 0 0 0 0 0 0 0 0 0 0 0 0 0 0 0 0 0 0 0 0 0 0 0 0 0 0 0 0 0 0 0 0 0 0 0 0 0 0 0 0 0 0 0 0 0 0 0 0 0 0 0 0 0 0 0 0 0 0 0 0 0 0 0 0 0 0 0 0 0 0 0 0 0 0 0 0 0 0 0 0 0 0 0
0 0 0 0 0 0 0 0 0 0 0 0 0 0 0 0 0 0 0 0 0 0 0 0 0 0 0 0 0 0 0 0 0 0 0 0 0 0 0 0 0 0 0 0 0 0 0 0 0 0 0 0 0 0 0 0 0 0 0 0 0 0 0 0 0 0 0 0 0 0 0 0 0 0 0 0 0 0 0 0 0 0 0 0 0 0 0 0 0 0 0 0 0 0 0 0 0 0 0 0 0 0 0 0 0 0 0 0 0 0 0 0 0 0 0 0 0 0 0 0 0 0 0 0 0 0 0 0 0 0 0 0 0 0 0 0 0 0 0 0 0 0 0 0 0 0 0 0 0 0
0 0 0 0 0 0 0 0 0 0 0 0 0 0 0 0 0 0 0 0 0 0 0 0 0 0 0 0 0 0 0 0 0 0 0 0 0 0 0 0 0 0 0 0 0 0 0 0 0 0 0 0 0 0 0 0 0 0 0 0 0 0 0 0 0 0 0 0 0 0 0 0 0 0 0 0 0 0 0 0 0 0 0 0 0 0 0 0 0 0 0 0 0 0 0 0 0 0 0 0 0 0 0 0 0 0 0 0 0 0 0 0 0 0 0 0 0 0 0 0 0 0 0 0 0 0 0 0 0 0 0 0 0 0 0 0 0 0 0 0 0 0 0 0 0 0 0 0 0 0
0 0 0 0 0 0 0 0 0 0 0 0 0 0 0 0 0 0 0 0 0 0 0 0 0 0 0 0 0 0 0 0 0 0 0 0 0 0 0 0 0 0 0 0 0 0 0 0 0 0 0 0 0 0 0 0 0 0 0 0 0 0 0 0 0 0 0 0 0 0 0 0 0 0 0 0 0 0 0 0 0 0 0 0 0 0 0 0 0 0 0 0 0 0 0 0 0 0 0 0 0 0 0 0 0 0 0 0 0 0 0 0 0 0 0 0 0 0 0 0 0 0 0 0 0 0 0 0 0 0 0 0 0 0 0 0 0 0 0 0 0 0 0 0 0 0 0 0 0 0
0 0 0 0 0 0 0 0 0 0 0 0 0 0 0 0 0 0 0 0 0 0 0 0 0 0 0 0 0 0 0 0 0 0 0 0 0 0 0 0 0 0 0 0 0 0 0 0 0 0 0 0 0 0 0 0 0 0 0 0 0 0 0 0 0 0 0 0 0 0 0 0 0 0 0 0 0 0 0 0 0 0 0 0 0 0 0 0 0 0 0 0 0 0 0 0 0 0 0 0 0 0 0 0 0 0 0 0 0 0 0 0 0 0 0 0 0 0 0 0 0 0 0 0 0 0 0 0 0 0 0 0 0 0 0 0 0 0 0 0 0 0 0 0 0 0 0 0 0 0
