0 0 24 0 0 0 3 0 6 56 5 3 0 2 0 0 0 0 3 0 0 0 0 0 1 17 0 0 0 0 0 0 1 1 1 1 0 0 1 0 0 0 0 2 2 0 0 0 0 0 0 0 0 0 1 0 0 0 2 3 17 11 6 6 0 3 2 0 0 0 1 6 3 105 202 280 59 5 25 50 19 119 24 27 54 125 286 224 33 258 732 452 47 453 252 542 851 757 880 162 198 74 16 4 21 11 28 293 167 12 15 3 9 64 27 17 23 5 0 0 13 39 31 10 0 2 0 2 7 19 1 7 0 3 2 0 0 0 0 0 3 0 0 0 0 0 0 0 0 4
0 1 8 2 0 0 0 0 0 11 0 19 5 0 0 0 0 1 7 0 0 0 16 0 5 33 0 3 0 0 0 0 0 0 0 1 0 0 0 0 0 0 0 0 0 0 0 0 0 0 0 0 0 4 1 0 0 0 0 24 119 5 29 7 5 0 0 1 2 0 0 0 38 36 14 0 100 29 9 5 42 54 0 1 92 180 254 112 179 193 75 6 236 202 178 176 413 496 733 348 168 107 67 16 4 3 5 21 27 4 25 16 1 6 28 22 1 2 2 9 1 1 19 4 1 0 3 6 6 19 14 0 40 38 1 0 0 0 1 38 5 0 0 0 0 0 0 0 0 0
0 0 0 0 73 0 0 0 0 9 1 1 3 0 0 0 0 1 0 5 1 14 51 20 4 0 0 6 0 0 0 0 0 0 0 0 22 1 0 53 14 0 0 0 0 0 0 0 0 0 0 0 0 0 0 0 0 0 0 1 10 8 1 3 0 0 0 0 0 0 0 1 1 0 0 0 0 74 54 145 82 31 1 21 25 145 602 108 0 3 71 23 81 263 412 594 115 342 204 253 346 338 14 36 10 8 5 18 195 94 18 4 5 2 9 2 3 22 53 7 25 13 1 7 4 2 0 4 1 34 1 1 76 70 0 0 3 0 3 11 4 10 0 0 0 0 0 0 0 0
25 2 0 0 0 0 0 0 0 1 1 1 0 0 0 0 0 0 2 4 0 0 116 1 6 0 2 9 15 0 0 0 0 0 0 0 0 1 0 1 2 0 0 0 0 0 0 0 0 0 1 0 0 0 71 16 1 8 16 4 0 0 2 3 0 0 0 0 0 0 2 48 9 0 1 2 16 55 184 177 55 26 44 87 108 6 37 176 2 126 697 672 1461 425 626 283 55 83 374 388 342 373 100 56 7 88 2 17 214 58 9 5 18 9 0 2 6 54 117 11 33 58 4 1 1 3 2 1 6 0 2 13 5 0 1 0 10 0 0 53 39 1 0 0 0 0 0 0 0 0
2 8 0 0 0 0 0 0 1 3 1 0 0 0 0 5 5 0 1 0 0 0 2 0 0 0 0 0 0 1 0 0 0 0 0 3 6 0 0 0 0 0 0 0 0 0 0 0 0 22 1 0 0 3 36 237 59 13 1 0 0 4 0 9 0 0 0 0 0 2 171 47 55 140 6 38 65 69 503 138 104 178 267 63 137 78 31 24 7 260 1087 422 592 628 341 141 29 420 316 507 519 538 559 477 220 97 53 39 6 9 11 19 19 16 3 0 1 14 51 36 181 547 70 14 2 1 4 0 1 2 1 0 0 0 2 0 0 0 0 0 26 5 0 0 0 0 0 0 0 0
8 2 0 0 0 0 0 0 1 0 3 0 0 0 0 16 1 0 5 26 0 1 0 0 0 0 0 0 0 0 0 1 0 0 52 89 83 14 0 0 0 0 0 0 0 0 0 0 0 4 31 25 0 1 22 29 12 3 6 1 0 0 4 1 0 0 0 0 1 29 42 67 122 94 57 10 11 21 53 153 425 426 295 34 0 143 27 12 5 162 1463 612 41 321 788 327 79 1479 251 639 387 324 919 381 16 63 10 50 5 0 0 2 1 23 4 15 16 11 1 9 71 131 0 3 3 3 1 0 1 0 6 0 1 0 0 0 4 0 5 0 0 7 0 0 0 0 0 0 0 0
0 0 0 1 0 0 0 0 2 3 10 0 0 5 1 0 0 0 0 0 0 0 0 0 0 0 0 0 0 1 0 0 1 0 0 19 1 3 3 0 0 0 0 0 0 0 0 0 0 0 0 3 0 3 0 8 10 1 32 14 0 2 0 0 5 1 0 0 4 53 12 28 135 201 277 63 320 123 237 228 555 468 708 460 69 11 3 149 118 72 1104 813 22 256 717 274 248 358 482 51 22 459 77 60 9 12 58 9 9 3 21 101 110 17 9 12 1 3 71 14 49 73 4 4 3 0 6 0 0 0 1 0 0 0 0 0 0 1 0 0 0 0 0 0 0 0 0 0 0 0
3 0 0 2 0 0 0 0 0 0 1 0 0 0 0 0 0 0 0 0 0 0 0 0 0 0 0 0 0 4 4 0 0 0 3 1 0 0 0 1 0 0 0 0 0 0 0 0 0 0 0 0 1 7 4 14 0 15 33 32 22 24 50 1 5 107 0 0 1 53 1 2 17 36 22 30 67 89 446 609 634 438 651 118 88 185 112 332 170 63 325 46 21 348 329 261 161 750 650 209 124 280 288 454 125 80 8 26 67 9 333 467 35 17 12 32 0 0 13 4 15 5 2 8 3 5 14 1 3 0 0 0 0 0 0 0 0 0 0 0 0 0 0 0 0 0 0 0 0 0
2 0 0 0 0 0 0 0 5 3 0 2 0 7 7 0 0 0 0 0 0 0 0 0 0 0 0 0 0 0 0 0 0 0 0 0 0 0 1 1 0 0 0 0 0 0 0 0 0 0 0 0 1 3 0 0 0 6 4 27 199 117 21 1 2 7 5 5 3 21 6 0 0 2 0 10 8 19 39 296 510 522 550 23 2 7 300 337 205 33 1 1 261 1016 986 916 91 333 254 58 163 45 45 252 514 98 111 432 37 26 511 57 204 20 13 7 2 5 4 7 23 4 7 8 1 1 2 2 0 0 1 1 0 0 0 0 0 0 0 0 0 0 0 0 0 0 0 0 0 0
0 0 0 0 0 0 0 0 7 2 0 0 0 0 0 1 0 0 0 0 0 0 0 0 0 0 0 0 0 0 0 0 0 0 8 0 0 1 0 0 0 0 0 0 0 0 1 1 6 1 5 0 4 1 0 0 0 0 0 5 45 92 8 6 3 2 0 7 0 5 0 0 0 0 0 8 5 26 95 393 689 439 486 178 1058 447 209 44 89 128 32 3 3 407 622 1251 616 147 57 10 64 41 30 4 35 206 178 116 52 16 310 489 173 15 5 168 458 321 162 67 14 5 16 12 45 13 7 1 0 10 94 7 0 0 1 0 0 0 0 0 0 0 0 0 0 0 0 0 0 2
0 0 1 0 0 0 2 0 3 18 2 0 0 0 0 17 0 2 2 0 0 0 0 0 0 0 0 0 0 0 0 0 0 0 0 5 0 0 0 0 0 2 0 1 0 0 4 2 6 10 6 2 6 4 0 0 0 5 19 11 0 38 1 5 0 1 0 0 0 6 0 0 0 0 0 0 10 25 50 201 220 180 283 148 165 195 108 297 435 304 14 0 2 126 410 481 530 21 15 53 10 8 0 12 75 209 441 231 125 71 446 85 119 4 6 83 289 370 242 209 184 102 214 95 59 317 61 103 23 37 2 53 8 13 11 0 0 0 0 0 0 0 0 0 0 0 0 0 0 0
2 0 0 0 0 0 0 0 8 2 0 0 0 0 0 0 15 6 3 0 0 0 0 0 0 0 0 0 0 0 0 0 0 0 6 0 0 1 1 0 1 11 12 5 2 0 0 55 0 0 0 0 1 1 2 1 1 2 0 5 4 0 0 2 0 1 0 1 0 0 0 0 0 0 0 14 30 8 268 171 402 90 9 26 109 85 2 12 69 371 26 0 1 6 3 57 528 227 180 4 0 4 12 19 3 72 301 185 12 44 116 106 96 35 7 121 516 122 300 534 193 207 86 81 78 110 0 0 0 67 2 0 43 14 9 0 0 0 0 0 0 0 0 0 0 0 0 0 1 0
0 0 0 0 0 2 4 0 1 0 0 0 0 0 0 0 1 12 1 7 2 5 0 0 0 0 0 0 0 0 1 0 0 0 0 1 3 0 0 0 0 3 32 1 7 0 0 10 0 0 0 0 4 0 2 0 0 0 2 2 5 0 1 0 0 0 2 0 0 4 3 0 0 0 0 27 95 61 207 54 126 151 8 0 4 3 1 0 0 0 0 0 2 28 38 6 341 335 379 231 2 1 28 3 10 3 7 52 339 135 619 408 74 743 149 6 7 42 900 826 82 289 64 0 24 51 13 0 28 21 0 0 11 8 0 2 0 0 0 0 0 0 0 0 0 0 0 0 0 0
0 0 0 2 0 0 8 1 0 0 0 0 0 0 0 0 0 0 45 12 7 5 0 0 0 0 0 0 0 0 2 0 0 0 0 0 0 0 0 0 0 1 1 50 9 0 0 2 0 0 0 26 1 0 0 0 0 0 2 0 6 3 2 0 0 0 14 7 3 24 66 0 0 0 2 150 538 341 138 5 47 356 30 0 14 76 4 1 0 34 0 0 3 36 3 21 42 634 111 170 0 3 352 80 246 48 111 281 94 546 796 927 638 149 168 131 83 103 541 409 107 45 0 1 0 13 15 0 2 1 0 0 0 0 0 0 0 0 0 0 0 0 0 0 0 0 0 0 0 0
0 0 0 0 0 0 0 1 4 0 0 0 0 0 0 0 0 0 2 1 8 0 0 0 0 0 0 0 0 0 0 0 0 0 0 0 0 0 0 0 0 0 0 4 19 0 0 1 1 19 5 18 0 0 0 1 4 6 7 15 43 10 3 21 12 141 53 57 283 184 41 1 5 0 32 380 861 911 295 14 0 226 21 0 1 5 4 8 0 25 10 19 4 7 0 0 44 219 211 168 4 34 376 496 1042 847 1240 909 736 654 586 348 423 321 360 65 91 79 45 64 79 46 12 4 0 7 33 17 8 21 0 0 0 0 0 0 1 0 0 0 0 0 0 0 0 0 0 0 0 0
0 0 0 0 0 0 0 19 76 0 3 0 0 0 0 0 2 0 0 7 0 7 7 0 0 0 0 0 0 0 0 0 0 0 0 0 0 0 0 0 0 0 0 0 0 11 0 0 0 10 64 68 0 1 2 12 14 38 13 56 10 15 6 8 17 17 184 89 41 105 121 31 76 99 393 665 1058 556 67 1 3 1 0 0 0 0 6 31 4 44 2 6 0 1 2 13 20 11 22 15 9 0 693 404 343 665 569 265 423 694 892 374 432 198 153 48 41 85 69 57 15 2 144 356 56 38 11 0 3 0 0 0 0 0 11 2 0 0 0 0 0 0 0 0 0 0 0 0 0 0
0 0 0 0 0 0 2 1 1 0 0 0 1 0 0 0 5 3 0 0 1 0 9 16 6 12 4 0 0 1 0 0 0 0 0 0 0 0 0 0 0 0 3 0 0 12 3 3 1 15 13 7 6 12 8 28 27 75 54 19 1 3 0 0 0 1 0 0 0 0 2 1 41 36 131 341 593 138 61 0 0 0 0 0 0 0 0 26 34 0 0 0 0 0 0 7 53 1 4 42 5 122 877 522 271 115 172 148 273 397 589 284 486 217 245 36 16 62 109 5 0 0 10 17 23 160 23 5 1 0 0 0 0 0 0 0 0 0 0 0 0 0 0 0 0 0 0 0 1 0
0 0 0 0 0 9 0 1 0 0 0 1 0 0 0 0 0 10 0 0 1 0 1 0 48 1 4 3 0 0 0 0 0 0 0 0 2 0 0 0 0 0 0 0 0 9 43 3 5 12 41 25 4 41 9 28 23 48 219 23 3 3 0 0 1 0 14 29 2 89 42 0 83 6 23 51 18 90 14 4 17 0 1 0 0 0 0 5 68 0 0 15 77 22 5 0 0 0 25 344 137 73 96 64 78 320 116 210 334 216 68 38 44 64 55 17 38 83 6 1 0 0 4 2 90 618 114 5 3 0 0 0 0 0 0 0 0 0 0 0 0 0 0 0 0 0 0 0 0 0
0 0 0 1 0 0 0 0 0 0 0 0 2 1 0 1 1 0 1 2 11 1 7 0 3 4 35 15 14 0 0 0 0 0 0 4 3 0 0 0 0 0 0 18 17 15 10 17 15 303 79 11 8 16 5 12 69 45 34 15 25 34 5 0 0 0 5 1 8 9 4 9 17 4 0 30 42 19 2 10 14 0 2 9 0 6 9 3 0 0 1 11 51 126 19 0 0 8 451 33 62 149 25 7 43 60 78 449 319 0 0 36 3 287 18 0 24 0 0 0 0 0 1 0 17 120 153 168 0 0 0 0 0 0 0 0 0 0 0 0 0 0 0 0 0 0 0 0 0 0
0 0 0 0 0 2 0 0 0 0 0 0 0 5 0 0 0 0 0 1 1 10 38 0 1 3 0 21 69 1 0 6 1 0 0 0 0 0 0 0 0 0 20 119 15 71 36 12 2 108 43 6 0 1 23 4 11 157 4 0 2 1 0 0 0 3 0 0 0 6 17 28 6 0 0 18 12 0 1 0 1 0 1 2 0 8 14 0 5 2 0 6 3 1 0 14 0 1 3 2 561 803 550 60 46 102 76 222 100 4 0 0 3 79 12 0 0 0 0 0 0 0 0 3 7 1 1 81 87 0 0 0 0 0 0 0 0 0 0 0 0 0 0 0 0 0 0 0 0 0
0 0 0 0 1 0 0 0 0 0 0 0 0 4 0 0 0 1 1 0 0 6 7 1 0 12 1 4 0 3 0 10 1 0 0 0 0 0 0 0 7 6 7 11 6 11 12 21 42 130 153 52 8 22 14 5 11 0 1 0 0 1 6 0 227 51 0 0 4 5 44 16 3 0 4 148 295 42 2 16 6 0 2 10 0 0 1 0 14 5 3 0 0 0 0 0 1 1 268 289 882 695 295 51 0 18 49 34 0 0 0 0 0 3 0 0 0 0 0 0 0 0 2 1 0 0 44 277 0 0 0 0 0 0 0 0 0 0 0 0 0 0 0 0 0 0 0 0 0 0
0 0 0 0 0 0 0 0 0 0 0 0 0 5 1 2 0 0 0 0 0 10 2 1 1 2 0 0 0 0 3 21 7 1 0 0 0 0 0 0 50 12 0 0 5 0 0 8 288 533 221 108 19 2 0 2 0 0 0 0 1 4 0 0 2 5 19 4 4 24 15 2 11 0 2 12 64 38 14 61 24 68 3 10 13 1 5 4 249 41 5 3 0 5 2 11 1 0 34 224 94 31 27 1 9 4 50 32 0 0 0 0 1 56 0 0 0 0 0 0 0 0 0 0 0 15 10 2 0 24 0 0 0 0 0 0 0 0 0 0 0 0 0 0 0 0 0 0 0 0
0 0 0 0 0 0 0 0 0 0 0 0 0 0 1 0 0 0 0 0 0 0 3 1 1 0 0 0 0 0 0 1 17 4 0 0 8 64 4 17 0 0 0 0 0 0 26 8 19 328 379 78 3 0 0 1 0 1 0 0 0 0 0 0 5 2 21 8 0 5 5 28 8 1 1 2 2 2 8 2 2 6 41 0 0 5 7 1 0 0 1 3 1 2 0 0 0 0 0 0 8 0 3 11 61 41 26 27 71 82 23 4 38 0 0 0 0 0 0 0 0 0 0 5 15 19 117 1 0 0 0 0 0 0 0 0 0 0 0 0 0 0 0 0 0 0 0 0 0 0
0 0 0 0 0 0 0 0 0 0 0 0 0 1 0 0 2 2 0 0 9 3 1 0 0 0 0 0 0 0 0 8 7 3 1 1 2 17 1 1 0 0 0 0 1 68 12 67 2 63 116 14 6 1 25 0 4 17 0 0 0 0 0 0 0 0 0 1 1 0 1 3 72 31 2 7 0 0 0 1 0 2 43 78 2 0 1 0 0 0 0 1 0 1 0 0 0 0 0 2 2 2 1 36 23 7 4 1 2 10 0 267 17 0 0 0 0 0 0 0 0 0 0 19 4 6 32 43 0 0 0 0 0 0 0 0 0 0 0 0 0 0 0 0 0 0 0 0 0 0
0 0 0 0 0 0 0 0 0 0 0 0 0 2 0 0 0 0 0 0 1 0 4 0 0 1 1 0 0 0 0 0 6 6 20 0 3 120 0 0 0 0 0 7 6 15 23 1 1 23 29 11 8 17 21 0 1 0 1 0 0 0 0 0 1 0 0 2 3 3 2 1 0 6 32 3 0 0 0 0 0 1 20 34 4 2 0 0 0 7 1 1 0 0 0 0 9 0 0 5 5 4 0 8 289 0 0 0 0 0 0 6 0 0 0 2 27 0 0 0 0 0 0 0 0 10 14 2 0 0 1 0 0 0 0 0 0 0 0 0 0 0 0 0 0 0 0 0 0 0
0 0 0 0 0 0 0 0 0 0 0 0 0 0 14 1 0 0 1 0 0 3 1 2 0 0 0 0 0 0 0 0 4 11 22 1 0 3 0 1 0 0 0 7 47 5 3 0 7 0 29 8 0 0 0 0 0 0 0 0 3 0 0 6 6 2 0 3 4 5 1 26 1 1 14 1 1 0 0 0 1 0 1 0 0 5 1 17 0 6 0 1 1 3 1 0 2 2 2 5 3 5 3 67 345 114 0 0 0 0 0 1 1 0 10 1 0 0 0 0 0 0 0 0 0 23 3 25 3 0 0 0 0 0 0 0 0 12 0 0 0 0 0 0 0 0 0 0 0 0
0 0 0 0 0 0 0 0 0 0 0 0 0 0 8 0 0 1 0 0 0 4 3 0 0 0 0 3 0 0 0 1 0 4 6 1 0 0 1 3 0 3 0 2 48 5 2 4 0 4 14 10 0 0 1 0 0 0 0 0 0 0 0 0 11 0 0 0 1 3 1 2 0 4 0 2 5 0 0 0 0 0 20 3 0 4 2 4 2 0 1 0 0 0 0 0 0 0 0 0 4 8 1 2 16 482 26 2 0 0 0 0 0 2 3 6 0 0 0 0 0 0 0 0 5 123 6 3 0 0 0 0 0 0 1 0 2 5 0 0 0 0 0 0 0 0 0 0 0 0
0 0 0 0 0 0 0 0 0 0 0 0 0 0 1 0 6 28 11 0 2 7 5 1 2 0 0 0 1 7 8 0 0 19 1 0 1 11 2 21 52 78 19 63 106 1 2 0 3 0 0 26 19 2 2 1 0 0 0 0 0 0 1 0 0 0 0 0 5 13 64 9 9 1 0 1 0 0 0 0 0 0 0 0 0 0 1 8 2 3 1 0 1 0 0 0 0 0 0 0 0 0 26 3 21 679 365 19 3 0 0 0 0 0 0 0 1 89 33 0 0 0 0 55 38 19 76 65 59 33 0 0 0 0 0 1 1 0 0 0 0 0 0 0 0 0 0 0 0 0
0 0 0 0 0 0 0 0 0 1 0 2 5 1 7 7 15 73 1 1 11 0 2 2 0 0 0 1 6 0 2 1 4 1 4 18 0 9 27 64 268 419 129 223 46 2 0 3 2 0 0 1 20 8 1 0 0 0 0 0 0 0 0 0 0 0 1 0 0 1 4 32 3 2 2 8 0 4 2 0 0 8 1 0 21 0 0 0 5 5 1 8 0 3 5 13 3 0 0 0 2 0 7 6 185 284 228 228 7 0 0 0 0 0 0 2 90 26 11 0 0 0 10 53 73 367 595 331 15 2 0 0 0 0 0 10 0 0 0 0 0 0 0 0 0 0 0 0 0 0
0 0 0 0 0 0 0 1 1 3 6 20 25 1 0 0 3 5 0 0 2 8 12 14 4 1 1 0 0 5 1 0 0 0 18 12 1 3 52 132 633 681 326 466 59 0 0 1 4 0 2 1 52 50 7 6 0 0 0 0 0 0 0 0 0 0 0 0 0 0 1 1 1 0 0 0 0 3 2 0 0 0 1 0 21 0 0 0 0 2 0 5 0 11 0 19 1 0 0 0 0 0 22 8 11 45 0 51 5 0 0 0 1 0 52 36 244 321 32 32 14 11 2 37 43 12 256 363 278 153 8 14 22 38 3 1 0 0 0 0 0 0 0 0 0 0 0 0 0 0
0 0 0 0 0 0 0 1 3 9 5 3 2 0 0 5 0 1 2 4 1 11 75 12 0 0 0 0 1 0 8 4 0 0 7 12 4 13 16 39 309 309 294 319 25 7 2 2 0 1 3 4 6 4 1 0 0 0 0 0 0 0 0 0 0 0 0 0 0 0 1 0 0 0 0 0 0 4 0 0 0 15 6 3 9 0 0 0 15 10 2 0 1 3 0 0 6 2 0 0 0 4 1 8 5 1 0 1 17 0 1 4 3 0 47 706 420 267 74 72 61 42 32 1 4 5 137 133 3 61 8 115 339 21 11 0 0 0 0 0 0 0 0 0 0 0 0 0 0 0
0 0 0 0 0 0 0 2 0 6 3 8 1 0 0 2 0 0 2 14 131 263 8 0 0 0 0 0 1 13 3 0 5 18 13 0 1 1 0 42 296 191 235 98 67 5 2 0 7 11 0 2 4 1 5 0 0 0 0 0 0 0 0 0 0 0 0 0 0 0 0 0 0 0 0 0 0 1 6 0 16 13 56 54 17 0 0 0 0 0 0 0 0 1 0 0 59 2 0 0 0 1 0 1 3 1 7 4 116 93 157 394 161 40 247 532 357 141 29 282 35 67 10 2 24 57 34 55 2 0 26 152 134 17 69 0 0 0 0 0 0 0 0 0 0 0 0 0 0 0
0 0 0 0 0 0 0 2 1 0 32 1 4 9 0 0 0 0 2 8 59 0 0 0 0 0 0 0 0 13 1 14 6 4 2 2 2 1 3 6 30 50 17 12 0 0 0 0 1 1 2 3 19 1 0 3 2 2 2 0 0 0 0 0 0 0 0 0 0 0 0 0 0 0 0 2 0 19 3 1 0 10 4 8 0 0 0 0 2 1 6 0 0 0 3 2 0 0 0 1 3 0 0 0 0 1 5 9 67 56 73 44 24 148 987 397 188 208 23 233 47 12 0 22 2 60 35 0 3 0 31 139 0 0 2 0 0 0 0 0 0 0 0 0 0 0 0 0 0 0
0 0 1 0 0 10 23 6 1 0 5 0 0 2 7 4 2 2 14 16 11 0 0 0 0 0 0 0 0 2 20 2 2 1 4 24 2 4 2 0 5 14 2 1 1 0 0 0 2 2 0 11 140 1 2 19 7 2 1 0 0 0 0 0 0 0 0 0 0 0 0 0 0 0 0 0 0 3 1 0 0 0 2 0 0 0 0 0 3 0 0 1 2 7 7 0 5 20 0 1 0 0 0 0 0 0 2 26 35 4 0 5 126 65 192 640 48 118 33 74 145 0 0 0 0 0 0 0 0 2 0 66 7 0 0 0 0 0 0 0 0 0 0 0 0 0 0 0 0 0
0 0 0 0 0 11 2 1 2 8 0 0 3 4 4 2 19 4 1 0 0 2 7 0 1 0 0 17 5 4 22 19 4 0 0 6 2 9 0 1 14 9 2 1 3 0 0 0 0 2 2 13 78 55 1 17 1 0 0 0 0 0 0 0 0 0 0 0 0 0 0 0 0 0 0 0 5 0 1 0 0 0 0 0 0 0 0 0 5 0 6 1 12 30 0 2 1 0 0 1 1 0 0 0 0 0 1 56 433 7 0 0 6 0 1 2 0 30 196 345 32 1 0 0 0 5 0 0 0 0 0 0 43 2 0 0 0 0 0 0 0 0 0 0 0 0 0 0 0 0
0 26 1 0 0 0 11 106 5 2 7 4 0 0 1 66 54 16 1 7 0 0 4 2 3 0 0 1 0 5 4 5 7 0 1 1 0 7 0 1 5 1 1 0 0 0 0 0 0 0 0 18 3 16 30 1 13 0 0 0 0 0 0 0 0 0 0 0 0 0 0 0 0 0 0 0 6 23 0 0 0 0 2 0 0 0 0 0 8 2 3 0 5 19 0 0 0 1 5 1 0 1 0 0 1 5 16 15 111 0 0 2 0 0 4 0 0 13 68 179 307 325 0 0 3 23 0 0 0 22 61 5 77 9 0 0 0 0 0 0 0 0 0 0 0 0 0 0 0 0
0 1 0 0 0 0 1 0 0 0 9 3 3 1 6 35 14 9 4 0 5 0 2 1 2 0 0 1 1 0 0 0 2 0 0 0 0 0 0 0 1 22 4 1 0 4 1 0 1 0 2 14 9 17 21 3 1 0 0 0 0 0 0 0 0 0 0 0 0 0 0 0 0 0 0 0 1 17 61 1 0 6 0 0 0 0 1 31 9 0 2 1 1 3 0 7 0 0 2 4 24 7 5 5 3 10 14 8 37 0 0 0 0 7 23 31 67 304 40 131 449 52 0 4 154 43 0 0 0 42 86 0 0 0 0 0 0 0 0 0 0 0 0 0 0 0 0 0 0 0
0 0 7 1 0 0 6 0 0 0 8 65 7 21 0 0 0 7 0 1 1 0 0 6 5 0 2 0 11 0 0 0 0 0 0 0 0 0 1 0 7 2 11 1 1 8 1 0 0 0 0 22 11 4 4 1 0 0 0 0 0 0 0 0 0 0 0 0 0 0 0 0 0 0 0 0 0 27 14 6 0 0 0 0 0 0 3 3 0 0 2 0 0 5 0 0 0 0 3 0 0 0 6 1 5 0 7 13 21 5 0 0 0 0 76 466 598 313 59 40 41 66 80 217 126 0 0 0 8 204 80 0 0 0 0 0 0 0 0 0 0 0 0 0 0 0 0 0 0 0
0 0 3 0 0 1 1 2 1 0 3 13 0 0 0 1 0 0 1 3 1 0 0 2 2 0 1 6 6 0 0 0 0 0 0 0 0 0 3 1 0 0 0 0 1 0 0 0 0 0 1 51 2 1 3 0 0 0 3 1 0 0 0 0 0 0 0 0 0 0 0 0 0 0 0 0 2 5 59 10 2 9 6 0 0 0 10 0 0 0 0 0 1 4 1 0 0 0 1 1 0 6 9 2 2 0 5 1 24 0 0 0 28 8 30 17 1 34 223 149 32 191 457 362 262 95 45 81 384 900 380 3 0 0 0 0 0 0 0 0 0 0 0 0 0 0 0 0 0 0
0 1 1 0 0 2 0 0 0 13 11 4 1 7 2 5 0 4 0 0 0 0 0 0 0 6 12 1 0 0 0 0 3 2 0 0 0 0 2 9 1 1 2 1 1 0 7 1 1 2 7 274 16 6 2 0 1 0 8 1 0 0 0 0 0 0 0 0 0 0 0 0 0 0 0 0 0 7 32 0 0 7 6 0 0 0 0 0 2 0 0 4 2 16 2 9 14 0 0 1 4 0 0 3 4 2 2 2 49 14 2 6 12 3 0 4 1 117 282 333 362 500 506 562 972 729 353 456 508 454 281 0 0 0 0 0 0 0 0 0 0 0 0 0 0 0 0 0 0 0
0 0 0 0 0 0 0 0 4 1 0 0 1 1 1 5 2 5 0 0 0 0 0 0 10 6 7 1 0 0 0 5 0 2 2 3 3 1 3 0 0 0 1 0 0 0 11 0 0 19 382 354 11 75 6 1 0 0 1 3 1 2 0 0 0 0 0 0 0 0 0 0 0 0 0 1 1 0 8 0 0 0 0 0 0 0 0 0 2 0 0 0 13 0 0 1 0 0 0 0 8 1 2 0 19 12 20 22 1 4 0 1 0 2 9 4 5 32 255 1035 1376 517 547 685 1134 636 113 561 359 10 24 2 0 0 0 0 0 0 0 0 0 0 0 0 0 0 0 0 0 0
0 0 0 2 0 0 3 0 11 1 1 2 4 1 1 2 2 2 1 0 0 0 0 0 2 1 0 1 0 0 0 25 18 1 0 4 0 0 0 0 0 1 0 0 0 0 0 0 17 21 454 460 370 413 12 9 20 1 2 17 2 0 0 0 0 0 0 0 0 0 0 0 0 0 0 0 0 0 0 8 0 0 0 0 0 0 0 17 56 0 1 21 6 0 0 0 0 0 0 7 6 0 2 2 0 95 255 10 2 0 1 2 0 4 0 17 3 2 72 488 251 341 181 2004 850 368 131 123 6 360 492 539 0 0 0 0 0 0 0 0 0 0 0 0 0 0 0 0 0 0
0 1 1 15 1 2 10 5 3 3 4 20 1 0 0 0 0 0 0 0 0 0 0 2 2 0 0 0 0 0 0 5 3 1 0 0 0 0 0 0 0 0 0 2 0 0 0 0 0 1 116 319 425 322 32 24 22 1 0 6 3 0 0 0 0 0 0 0 0 0 0 0 0 0 1 0 0 0 0 18 1 2 0 0 0 0 0 139 13 0 6 23 27 2 0 0 0 0 0 2 2 18 2 113 5 7 2 9 0 0 0 0 1 1 2 0 3 1 6 22 166 186 262 511 566 552 262 222 221 389 334 285 1 0 0 0 0 0 0 0 0 0 0 0 0 0 0 0 0 0
5 5 0 5 1 2 4 6 1 0 0 2 0 0 0 0 0 0 0 0 0 0 3 0 0 0 0 0 0 0 1 0 0 2 0 1 0 0 1 0 0 0 0 0 0 0 2 0 2 2 55 105 211 4 6 12 1 0 1 0 0 0 0 0 0 1 0 0 0 0 0 0 0 0 0 0 0 0 1 0 1 10 0 0 0 0 17 61 6 2 6 140 86 22 7 0 0 0 0 11 11 1 29 152 6 0 1 2 18 0 0 0 1 3 1 3 0 21 17 16 98 420 284 227 191 408 520 976 193 112 37 52 0 0 0 0 0 0 0 0 0 0 0 0 0 0 0 0 0 0
0 0 12 0 3 0 30 22 11 5 4 8 0 1 0 0 0 0 0 0 0 0 0 0 0 0 0 0 2 0 0 0 0 0 0 0 0 1 2 1 0 0 0 0 0 0 0 4 1 11 1 6 63 5 5 0 6 12 59 3 0 0 1 0 0 0 0 0 0 0 0 0 0 0 0 0 0 0 0 0 0 2 3 23 18 89 3 0 9 31 220 72 81 2 1 2 0 0 132 12 37 196 232 205 201 14 7 2 3 22 0 0 0 0 2 3 0 18 10 301 147 427 1835 1018 421 195 1450 1329 1322 0 0 0 0 0 0 0 0 0 0 0 0 0 0 0 0 0 0 0 0 0
2 10 4 0 5 7 3 19 12 11 0 1 0 0 0 0 0 0 0 0 0 0 4 0 0 0 1 0 2 0 0 0 2 0 0 2 0 0 0 2 2 13 0 0 0 0 0 0 1 2 0 1 29 17 3 0 0 2 45 1 1 0 0 0 0 0 0 0 0 0 0 0 0 0 0 0 0 0 0 0 0 0 5 3 0 2 1 1 6 20 44 54 147 6 9 9 0 0 0 4 86 165 225 229 97 18 1 1 1 2 6 0 0 0 3 2 2 394 149 523 501 8 6 72 76 216 388 357 267 0 170 0 0 0 0 0 0 0 0 0 0 0 0 0 0 0 0 0 0 0
2 1 73 1 35 58 17 6 0 4 0 2 0 4 0 2 0 0 0 0 0 0 0 0 0 0 0 0 0 0 0 0 0 0 0 0 0 0 0 0 0 2 0 0 1 0 0 0 1 2 0 3 10 0 0 0 0 0 5 11 1 0 0 0 0 0 0 0 0 0 0 0 0 0 0 0 0 0 0 0 12 49 0 0 6 2 82 2 0 0 0 14 7 0 2 0 0 0 0 2 8 52 785 159 59 127 9 4 2 1 13 0 0 0 8 31 134 437 71 14 0 0 0 0 63 279 62 619 415 7 7 13 0 0 0 0 0 0 0 0 0 0 0 0 0 0 0 0 0 0
0 47 108 77 267 281 115 25 3 0 0 0 1 0 0 0 0 0 0 0 1 2 0 0 0 0 0 0 0 0 0 0 0 0 0 0 0 0 0 0 0 0 0 3 2 3 0 7 1 1 0 11 21 0 0 0 1 0 2 1 2 0 0 0 0 0 0 0 0 0 0 0 0 0 0 0 0 0 5 9 4 0 0 0 4 9 5 91 35 0 0 0 0 0 0 0 0 0 0 0 0 159 360 102 77 145 5 1 0 10 6 4 0 0 1 44 75 7 13 21 0 0 0 0 5 288 221 364 241 3 15 0 0 0 0 0 0 0 0 0 0 0 0 0 0 0 0 0 0 0
4 71 236 599 447 353 266 15 0 0 0 2 2 0 0 1 0 9 0 0 0 0 0 0 1 0 0 1 0 0 0 0 0 0 0 0 0 0 0 0 0 4 0 4 3 0 0 6 19 0 0 0 12 0 0 0 2 2 0 0 0 1 0 0 0 0 0 0 0 0 0 0 0 0 0 0 0 6 0 0 0 0 0 0 0 0 27 36 3 0 1 0 0 0 0 0 0 0 0 0 7 22 10 6 55 74 1 0 1 0 2 0 1 2 2 0 6 8 40 10 24 49 6 0 4 205 67 188 24 0 0 0 0 0 0 0 0 0 0 0 0 0 0 0 0 0 0 0 0 0
0 4 203 160 135 131 50 3 2 0 0 1 0 0 0 0 0 0 2 2 3 2 0 0 0 0 0 0 0 0 3 0 0 0 0 10 0 0 0 0 0 0 0 0 0 0 0 1 1 4 0 0 0 4 0 1 0 0 0 0 0 0 0 0 0 0 0 0 0 0 0 0 0 0 0 0 0 0 0 0 0 0 0 0 0 0 79 12 2 14 23 1 0 0 1 9 0 0 0 313 435 82 119 61 1 70 14 0 0 1 0 1 3 0 0 0 0 0 3 33 64 20 115 197 41 24 1 0 0 0 0 0 0 0 0 0 0 0 0 0 0 0 0 0 0 0 0 0 0 0
2 16 28 44 21 6 0 0 0 0 5 0 0 0 0 0 1 0 1 0 1 30 0 0 0 0 0 0 2 2 1 0 0 0 1 0 0 0 0 0 1 0 0 0 0 10 2 0 0 0 0 0 4 0 0 9 0 0 0 0 0 0 0 0 0 0 0 0 0 0 0 0 0 0 0 0 2 5 0 0 0 0 0 0 0 26 3 0 0 19 21 0 0 0 13 66 69 4 137 1082 263 256 42 17 0 24 15 110 0 2 6 0 0 0 0 0 0 0 21 17 69 22 14 6 1 26 11 10 93 47 2 0 0 0 0 0 0 0 0 0 0 0 0 0 0 0 0 0 0 0
40 4 15 4 0 0 0 2 0 0 0 0 0 0 0 0 0 0 0 0 1 1 0 0 0 0 0 0 0 0 0 0 0 1 9 0 0 0 0 0 0 0 0 0 1 2 1 48 0 0 0 0 1 2 62 6 7 0 0 0 0 0 0 0 0 0 0 0 0 0 0 0 0 0 32 8 0 0 0 0 0 0 0 0 0 0 8 0 0 0 95 15 67 2 67 357 33 4 75 85 87 21 8 13 2 1 0 139 228 129 0 0 0 0 0 0 0 0 0 0 12 0 0 1 7 38 17 25 185 78 14 0 0 0 0 0 0 0 0 0 0 0 0 0 0 0 0 0 0 0
12 3 3 1 0 0 0 0 0 0 2 0 0 0 0 0 1 0 0 0 1 0 0 0 0 0 19 1 0 2 3 31 2 0 0 0 0 0 0 0 0 0 0 1 1 2 0 0 0 0 0 0 11 2 8 0 0 0 0 0 0 0 0 0 0 0 0 0 0 0 0 0 0 0 11 15 0 0 0 0 0 0 0 0 0 0 21 39 117 56 67 4 13 13 3 8 2 2 0 1 1 0 0 0 1 0 123 189 59 15 0 0 12 0 0 0 0 10 0 0 1 1 11 19 3 76 26 73 83 173 11 3 0 0 0 0 0 0 0 0 0 0 0 0 0 0 0 0 0 0
3 0 0 5 0 0 0 0 0 0 0 0 0 0 0 0 0 0 0 0 0 0 0 0 0 0 0 0 1 0 1 0 0 0 0 0 0 0 0 0 0 0 0 0 1 0 0 0 0 0 0 0 3 24 5 0 1 0 0 0 0 0 0 0 0 0 0 0 0 0 0 0 2 0 0 0 0 0 0 0 0 0 0 0 0 0 0 0 82 8 0 0 0 1 2 9 0 0 2 0 2 4 0 2 0 122 376 155 63 46 0 0 0 0 0 0 0 0 23 6 1 14 2 6 0 3 21 35 2 5 0 5 0 0 0 0 0 0 0 0 0 0 0 0 0 0 0 0 0 0
2 0 0 0 0 0 0 0 0 0 0 0 0 0 0 0 0 0 3 0 0 0 0 8 0 0 1 0 1 0 0 0 0 0 0 0 0 0 0 0 0 0 0 0 0 0 0 0 0 0 1 2 2 29 5 0 2 0 0 0 0 0 0 0 0 0 0 0 0 0 1 3 1 0 0 0 0 0 0 0 0 0 0 0 0 0 1 0 0 0 0 0 3 9 0 0 0 0 7 0 1 4 0 1 27 34 61 2 25 81 0 0 0 0 0 0 0 0 4 4 2 14 0 37 135 8 117 22 18 20 2 0 0 0 0 0 0 0 0 0 0 0 0 0 0 0 0 0 0 0
0 0 0 0 1 16 1 0 0 0 0 0 0 0 0 1 0 0 0 1 0 0 0 0 0 0 2 0 0 0 0 0 0 0 0 0 0 0 0 0 0 0 2 0 0 0 0 0 0 0 5 0 4 0 1 1 1 0 0 0 0 0 0 0 0 0 0 0 1 2 1 0 0 0 0 0 0 0 0 0 0 0 0 0 0 0 0 0 2 1 0 24 66 5 0 0 0 0 0 0 4 4 40 8 103 3 0 1 2 8 0 0 0 0 0 0 0 0 0 0 0 3 0 17 0 0 0 208 2 12 0 0 0 0 0 0 0 0 0 0 0 0 0 0 0 0 0 0 0 0
0 0 0 0 51 10 0 0 0 0 0 0 0 0 0 0 0 6 0 0 0 0 0 0 0 0 2 0 1 0 3 0 0 0 0 0 0 0 0 0 1 0 0 4 1 0 0 0 0 4 0 0 1 5 0 1 3 1 0 0 0 0 0 0 0 0 0 0 3 1 0 0 1 0 0 0 0 0 0 0 0 0 0 0 0 0 0 0 33 20 127 556 65 6 0 0 0 0 0 10 20 315 354 23 2 11 2 0 0 0 1 0 0 0 0 0 0 0 0 0 0 0 0 0 0 1 14 12 0 0 0 0 0 0 0 0 0 0 0 0 0 0 0 0 0 0 0 0 0 0
0 0 0 0 1 2 0 0 0 0 0 0 0 7 0 0 0 0 0 0 0 0 0 0 0 0 0 0 0 2 0 0 0 0 1 0 0 0 0 0 0 0 0 0 1 3 0 0 0 2 0 0 0 2 0 21 0 1 0 0 0 0 0 0 0 0 0 0 8 0 0 0 0 0 0 0 0 0 0 0 0 0 0 0 0 0 1 0 1 58 95 85 82 6 2 0 4 4 6 23 75 49 62 11 0 0 0 0 0 0 6 0 0 0 0 0 0 0 0 0 0 56 93 0 0 14 4 0 0 0 0 0 0 0 0 0 0 0 0 0 0 0 0 0 0 0 0 0 0 0
0 0 0 0 0 1 0 0 0 0 0 0 10 14 2 2 3 0 0 0 0 0 0 0 0 4 0 0 0 3 0 0 0 0 0 0 0 0 0 0 0 0 0 0 1 12 25 0 0 0 0 0 0 15 10 2 0 0 0 0 0 0 0 0 0 0 1 5 243 0 0 0 0 0 0 0 0 0 0 0 0 0 0 0 7 10 16 0 0 3 0 0 9 0 4 0 0 1 5 5 53 0 0 1 0 0 0 0 0 4 5 15 1 0 0 0 0 0 0 0 0 0 0 0 0 0 0 0 0 0 0 0 0 0 0 0 0 0 0 0 0 0 0 0 0 0 0 0 0 0
0 0 0 0 0 0 0 0 0 0 0 0 0 0 0 0 0 0 0 0 0 0 0 0 0 0 2 0 0 0 0 0 0 0 0 0 0 0 0 0 0 0 0 0 0 0 0 0 0 2 0 0 0 2 10 10 1 0 0 0 0 0 0 0 0 0 0 42 7 0 0 0 0 0 0 0 0 0 0 0 0 0 0 0 37 2 0 0 2 8 1 3 3 1 2 1 4 6 3 7 21 10 1 0 0 0 0 10 33 58 122 187 11 3 1 0 0 0 0 0 0 0 0 0 0 0 0 0 0 0 0 0 0 0 0 0 0 0 0 0 0 0 0 0 0 0 0 0 0 0
0 0 0 0 0 0 0 2 0 0 0 0 0 0 0 0 0 0 0 0 0 0 0 0 1 0 0 0 0 0 0 0 0 0 0 0 0 0 1 0 0 0 0 0 0 0 1 3 5 1 0 0 0 5 1 30 52 1 0 0 0 0 0 0 1 26 16 107 1 0 1 1 0 0 0 0 0 0 0 0 0 0 0 14 14 3 15 1 5 79 2 1 0 0 0 2 13 24 89 0 4 0 4 0 0 0 14 2 33 10 78 22 82 50 1 0 0 0 0 0 0 0 0 0 0 0 0 0 0 0 0 0 0 0 0 0 0 0 0 0 0 0 0 0 0 0 0 0 0 0
0 0 0 0 0 0 0 0 0 0 0 0 0 0 0 1 1 0 0 0 0 0 0 0 0 0 0 0 0 0 0 0 0 0 0 0 1 0 20 0 0 0 1 0 0 1 0 4 34 1 0 0 0 0 2 2 2 4 17 5 5 10 2 7 5 0 0 1 0 0 0 0 0 0 0 0 0 0 0 0 0 0 0 0 0 0 0 4 0 2 0 0 0 0 8 62 7 0 0 0 0 0 0 0 22 26 263 550 297 46 27 0 92 13 0 0 0 0 0 0 0 0 0 0 0 0 0 0 0 0 0 0 0 0 0 0 0 0 0 0 0 0 0 0 0 0 0 0 0 0
0 0 0 6 1 29 1 4 3 0 0 0 0 0 2 0 1 0 0 0 0 0 0 0 0 0 0 0 0 0 0 0 0 0 0 0 0 0 2 0 1 1 0 1 0 0 6 5 0 0 1 2 0 10 3 1 0 0 0 2 0 0 0 1 0 0 1 6 0 7 0 5 0 0 0 0 0 0 0 0 0 0 0 0 0 0 0 0 0 5 4 10 0 1 50 8 4 0 0 0 0 1 1 3 20 37 112 195 105 94 53 137 131 1 0 0 0 0 0 0 0 0 0 0 0 0 0 0 0 0 0 0 0 0 0 0 0 0 0 0 0 0 0 0 0 0 0 0 0 0
0 0 0 0 33 17 0 0 8 0 0 0 0 1 0 0 0 0 0 0 1 0 0 0 0 0 0 0 0 0 0 0 1 0 0 0 1 0 0 0 1 0 3 0 0 0 1 1 2 0 3 0 0 2 0 1 1 5 1 1 0 1 0 0 0 1 0 0 2 0 0 0 1 3 0 0 0 0 0 0 0 0 0 0 0 3 0 0 0 0 0 0 5 7 2 4 117 0 0 0 0 0 0 35 62 151 1 0 5 39 0 3 0 0 0 0 0 0 0 0 0 0 0 0 0 0 0 0 0 0 0 0 0 0 0 0 0 0 0 0 0 0 0 0 0 0 0 0 0 0
0 0 0 1 0 0 1 0 1 4 0 0 0 1 0 0 0 0 1 1 0 0 0 0 0 0 0 0 0 0 0 1 0 0 0 0 0 0 0 0 0 0 0 1 0 1 1 0 2 0 0 0 1 1 0 0 0 0 0 2 1 1 0 0 0 0 0 0 0 0 0 2 0 0 0 0 0 0 0 0 0 0 0 0 0 0 0 0 1 0 0 16 20 11 3 72 197 0 0 0 0 0 0 0 7 0 0 0 0 0 13 39 0 0 0 0 0 0 0 0 0 0 0 0 0 0 0 0 0 0 0 0 0 0 0 0 0 0 0 0 0 0 1 7 3 0 0 0 0 0
0 0 0 0 0 0 0 0 0 6 0 0 0 0 1 0 0 0 1 0 0 0 0 0 0 0 0 0 0 0 0 1 0 0 0 0 0 0 0 0 0 0 0 0 0 0 0 0 0 0 9 0 4 4 0 0 0 0 1 1 0 1 0 0 0 0 0 0 0 0 2 0 0 0 0 0 0 0 0 0 0 0 0 0 0 0 0 0 12 0 1 7 135 63 38 0 0 0 0 0 0 0 0 2 0 0 0 1 0 32 68 1 0 2 0 0 0 0 0 0 0 0 0 0 0 0 0 0 0 0 0 0 0 0 0 0 0 0 0 0 0 0 0 1 0 0 0 0 0 0
0 0 0 0 0 0 0 0 0 0 0 0 0 2 0 0 0 0 0 0 0 0 0 0 0 0 0 0 0 0 0 0 0 0 0 0 0 0 0 0 0 0 0 0 0 0 0 0 0 0 1 4 23 0 0 0 0 0 1 2 2 0 0 0 0 0 0 0 0 0 0 0 0 0 0 0 0 0 0 0 0 0 0 0 0 0 0 0 0 0 6 29 383 0 0 1 1 0 0 0 0 0 0 0 11 0 0 1 14 0 14 0 0 0 0 0 0 0 0 0 0 0 0 0 0 0 0 0 0 0 0 0 0 0 0 0 0 0 0 0 0 0 0 0 0 0 0 0 0 0
0 0 0 0 0 0 0 0 0 0 0 3 2 0 0 1 0 0 0 0 0 0 0 0 0 0 0 0 0 0 0 0 0 0 0 0 0 0 0 0 0 0 2 0 0 0 0 0 0 0 1 8 0 0 0 0 0 0 0 0 4 0 0 0 0 0 0 0 0 0 0 37 3 0 0 0 0 0 0 0 0 0 0 0 0 0 0 0 0 0 0 17 1 1 3 0 0 0 0 0 0 0 0 0 0 0 0 0 0 0 0 0 0 0 0 0 0 0 0 0 0 0 0 0 0 0 0 0 0 0 0 0 0 0 0 0 0 0 0 0 0 0 0 0 0 0 0 0 0 0
1 0 0 0 0 0 0 0 0 0 0 2 0 0 0 0 0 0 0 0 0 0 0 14 0 0 0 0 0 0 0 0 0 0 0 0 1 0 0 0 0 0 0 0 0 0 0 0 0 0 0 7 1 0 2 1 0 0 0 0 0 15 7 0 0 0 0 0 0 0 0 0 12 0 1 0 0 0 0 0 0 0 0 0 0 0 0 0 0 4 0 54 2 1 3 2 0 0 0 0 0 0 0 0 0 0 0 0 0 0 0 0 0 0 0 0 0 0 0 0 0 0 0 0 0 0 0 0 0 0 0 0 0 0 0 0 0 0 0 0 0 0 0 0 0 0 0 0 0 0
0 0 0 0 0 0 0 0 0 0 0 0 0 0 0 0 0 0 0 0 0 0 0 0 1 0 0 0 3 0 0 0 0 0 0 0 0 0 0 0 0 0 0 0 0 0 0 0 0 0 1 19 17 3 0 0 0 0 0 0 0 35 31 0 0 0 0 0 0 0 0 0 0 0 7 0 0 0 0 0 0 0 0 0 0 0 0 0 0 0 6 102 0 6 20 7 0 0 0 0 0 0 0 0 0 0 0 0 0 0 0 0 0 0 0 0 0 0 0 0 0 0 0 0 0 0 0 0 0 0 0 0 0 0 0 0 0 0 0 0 0 0 0 0 0 0 0 0 0 0
0 0 0 0 0 0 0 0 0 0 0 0 1 0 0 0 0 0 0 0 0 0 0 0 0 0 0 0 0 0 0 0 0 0 0 0 0 0 0 0 0 0 0 0 0 0 0 0 0 2 2 28 72 1 7 1 0 0 0 0 0 12 0 0 0 0 0 0 0 0 0 0 0 1 0 0 0 0 0 0 0 0 0 0 0 0 0 0 0 0 0 2 6 9 2 0 0 0 0 0 0 0 0 0 0 0 0 0 0 0 0 0 0 0 0 0 0 0 0 0 0 0 0 0 0 0 0 0 0 0 0 0 0 0 0 0 0 0 0 0 0 0 0 0 0 0 0 0 0 0
0 0 0 0 0 0 0 0 1 0 0 0 4 1 0 2 1 3 0 1 0 1 0 0 0 1 0 0 0 0 0 0 1 0 0 0 0 0 0 0 0 0 0 0 0 0 0 0 0 1 0 14 90 0 11 1 0 0 0 0 2 5 2 0 0 0 0 0 0 0 0 0 0 0 0 0 0 0 0 0 0 0 0 0 0 0 0 0 0 0 0 0 2 4 5 7 0 1 0 16 0 0 0 0 0 0 0 0 0 0 0 0 0 0 0 0 0 0 0 0 0 0 0 0 0 0 0 0 0 0 0 0 0 0 0 0 0 0 0 0 0 0 0 0 0 0 0 0 0 0
0 0 0 0 1 0 0 0 0 4 0 0 0 0 1 0 0 0 0 0 0 0 0 3 0 0 0 0 0 0 0 0 0 0 0 0 0 1 0 0 0 0 0 0 0 0 0 1 1 0 0 26 7 0 0 0 0 0 0 0 4 3 0 2 0 0 0 0 0 0 0 0 0 0 0 0 0 0 0 0 0 0 0 0 0 0 0 0 0 0 0 0 0 0 0 1 7 0 0 0 0 0 0 0 0 0 0 0 0 0 0 0 0 0 0 0 0 0 0 0 0 0 0 0 0 0 0 0 0 0 0 0 0 0 0 0 0 0 0 0 0 0 0 0 0 0 0 0 0 0
1 0 0 0 0 0 0 0 0 0 0 1 0 0 0 0 0 0 0 0 0 0 1 1 3 0 0 0 0 0 0 0 0 3 6 0 0 0 0 0 0 0 0 0 0 0 2 50 0 0 0 0 0 0 0 0 0 0 0 0 1 0 0 0 0 0 0 0 0 0 0 0 0 0 0 0 0 0 0 0 0 0 0 0 0 0 0 0 0 0 0 0 0 0 0 6 9 22 0 0 0 0 0 0 0 0 0 0 0 0 0 0 0 0 0 0 0 0 0 0 0 0 0 0 0 0 0 0 0 0 0 0 0 0 0 0 0 0 0 0 0 0 0 0 0 3 0 0 0 0
0 0 0 0 0 0 0 0 0 0 0 2 0 0 0 0 0 1 0 0 1 1 0 0 1 1 0 0 0 0 0 1 0 0 0 0 0 2 0 0 0 0 0 0 3 0 0 0 0 0 0 0 0 0 0 0 0 0 0 0 0 2 0 0 0 0 0 0 0 0 0 0 0 0 0 0 0 0 0 0 0 0 0 0 0 0 0 0 0 0 0 0 0 0 0 12 1 2 0 0 5 0 0 0 0 0 0 0 0 0 0 0 0 0 0 0 0 0 0 0 0 0 0 0 0 0 0 0 0 0 0 0 0 0 0 0 0 0 0 0 0 0 0 0 0 0 0 0 0 0
0 0 0 0 0 0 0 0 0 0 0 19 0 0 0 0 0 0 0 1 0 0 0 0 0 0 0 0 0 0 0 0 0 0 0 0 0 0 0 0 0 0 0 0 0 0 0 0 0 0 0 0 0 0 0 0 0 0 0 0 8 0 0 0 0 0 0 0 0 0 0 0 0 0 0 0 0 0 0 0 0 0 0 0 0 0 0 0 0 0 0 0 0 0 0 0 0 0 0 0 0 0 0 0 0 0 0 0 0 0 0 0 0 0 0 0 0 0 0 0 0 0 0 0 0 0 0 0 0 0 0 0 0 0 0 0 0 0 0 0 0 0 0 0 0 0 0 0 0 0
0 0 0 0 0 0 0 0 0 1 0 1 2 0 0 1 0 0 0 0 0 0 0 0 0 0 0 0 0 0 0 0 0 0 0 0 0 0 0 0 0 0 0 0 0 0 0 0 0 0 0 0 0 0 0 0 0 0 0 0 3 0 0 0 0 0 0 0 0 0 2 0 0 0 0 0 0 0 0 0 0 0 0 0 0 0 0 0 0 0 0 0 0 0 6 0 5 0 0 0 0 0 0 0 0 0 0 0 0 0 0 0 0 0 0 0 0 0 0 0 0 0 0 0 0 0 0 0 0 0 0 0 0 0 0 0 0 0 0 0 0 0 0 0 0 0 0 0 0 0
0 0 0 0 0 0 0 0 0 2 0 0 1 0 0 0 3 0 0 0 0 0 0 0 0 0 0 0 0 0 0 0 0 0 0 0 0 0 0 0 0 0 0 1 0 0 0 0 0 0 0 0 0 0 0 0 0 0 0 2 0 0 0 0 0 0 0 0 18 0 0 0 0 0 0 0 0 0 0 0 0 0 0 0 0 0 0 0 0 0 0 0 0 0 0 0 3 1 0 2 0 0 0 0 0 0 0 0 0 0 0 0 0 0 0 0 0 0 0 0 0 0 0 0 0 0 0 0 0 0 0 0 0 0 0 0 0 0 0 0 0 0 0 0 0 0 0 0 0 0
0 0 0 0 0 0 0 1 0 0 0 0 5 0 0 0 0 7 2 0 0 0 0 0 0 0 0 0 0 0 0 0 0 0 0 0 28 4 7 0 0 0 1 0 0 0 0 0 0 0 0 0 0 0 0 0 0 0 0 0 3 3 1 0 0 0 0 0 64 28 1 0 0 0 0 0 0 0 0 0 0 0 0 0 0 0 0 0 0 0 0 0 0 0 0 0 0 0 0 0 0 0 0 0 0 0 0 0 0 0 0 0 0 0 0 0 0 0 0 0 0 0 0 0 0 0 0 0 0 0 0 0 0 0 0 0 0 0 0 0 0 0 0 0 0 0 0 0 0 0
0 0 0 0 0 0 1 0 0 0 0 4 15 4 0 3 12 1 0 5 0 0 0 3 15 1 0 0 0 0 0 2 0 0 2 1 7 6 6 0 0 0 5 0 0 0 0 0 0 0 0 0 0 0 0 0 0 0 0 0 0 0 0 0 65 19 7 0 0 0 0 0 0 0 0 0 0 0 0 0 0 0 0 0 0 0 0 0 0 0 0 0 0 0 0 0 0 0 0 0 0 0 0 0 0 0 0 0 0 0 0 0 0 0 0 0 0 0 0 0 0 0 0 0 0 0 0 0 0 0 0 0 0 0 0 0 0 0 0 0 0 0 0 0 0 0 0 0 0 0
2 40 4 0 0 0 0 0 0 0 0 0 1 0 0 0 1 0 0 15 9 50 19 3 1 0 0 0 1 2 0 0 0 1 1 2 10 1 0 0 0 0 0 0 0 0 0 0 0 0 0 0 0 0 0 0 0 0 0 0 0 0 0 0 1 1 0 0 0 0 0 0 0 0 0 0 0 0 0 0 0 0 0 0 0 0 0 0 0 0 0 0 0 0 0 0 0 0 0 0 0 0 0 0 0 0 0 0 0 0 0 0 0 0 0 0 0 0 0 0 0 0 0 0 0 0 0 0 0 0 0 0 0 0 0 0 0 0 0 0 0 0 0 0 0 0 0 0 0 0
13 3 2 0 0 1 0 0 0 0 0 0 2 0 0 0 2 1 0 1 1 27 8 3 3 4 0 0 1 12 1 0 0 0 0 0 1 0 0 0 3 244 0 0 0 0 0 0 0 0 0 0 0 0 0 0 0 0 0 0 0 0 0 0 0 0 0 0 0 0 0 0 0 0 0 0 0 0 0 0 0 0 0 0 0 0 0 0 0 0 0 0 0 0 0 0 0 0 0 0 0 0 0 0 0 0 0 0 0 0 0 0 0 0 0 0 0 0 0 0 0 0 0 0 0 0 0 0 0 0 0 0 0 0 0 0 0 0 0 0 0 0 0 0 0 0 0 0 0 0
0 0 0 0 3 0 0 0 0 0 0 0 2 0 0 0 0 0 1 2 0 0 0 11 1 1 1 1 1 0 0 0 0 0 2 0 0 0 0 0 0 0 0 0 0 0 0 0 0 0 0 0 0 0 0 0 0 0 0 0 0 0 0 0 0 0 0 0 0 0 0 0 0 0 0 0 0 0 0 0 0 0 0 0 0 0 0 0 0 0 0 0 0 0 0 0 0 0 0 0 0 0 0 0 0 0 0 0 0 0 0 0 0 0 0 0 0 0 0 0 0 0 0 0 0 0 0 0 0 0 0 0 0 0 0 0 0 0 0 0 0 0 0 0 0 0 0 0 0 0
0 0 0 0 0 0 0 0 0 0 0 0 0 0 0 0 0 0 0 5 0 0 0 0 0 2 1 4 7 0 0 0 2 39 2 0 0 0 0 0 0 0 0 0 0 0 0 0 0 0 0 0 0 0 0 0 0 0 0 0 0 0 0 0 0 0 0 0 0 0 0 0 0 0 0 0 0 0 0 0 0 0 0 0 0 0 0 0 0 0 0 0 0 0 0 0 0 0 0 0 0 0 0 0 0 0 0 0 0 0 0 0 0 0 0 0 0 0 0 0 0 0 0 0 0 0 0 0 0 0 0 0 0 0 0 0 0 0 0 0 0 0 0 0 0 0 0 0 0 0
0 0 0 0 0 0 0 0 0 0 0 0 0 0 0 0 0 0 0 0 0 4 0 0 0 0 0 1 105 43 1 5 2 14 0 0 2 0 0 0 0 0 0 0 0 0 0 0 0 0 0 0 0 0 0 0 0 0 0 0 0 0 0 0 0 0 0 0 0 0 0 0 0 0 0 0 0 0 0 0 0 0 0 0 0 0 0 0 0 0 0 0 0 0 0 0 0 0 0 0 0 0 0 0 0 0 0 0 0 0 0 0 0 0 0 0 0 0 0 0 0 0 0 0 0 0 0 0 0 0 0 0 0 0 0 0 0 0 0 0 0 0 0 0 0 0 0 0 0 0
0 0 0 0 0 0 0 0 0 0 0 0 0 0 0 0 0 0 0 0 1 1 0 0 2 1 1 2 0 0 9 0 5 1 0 2 0 0 0 0 0 0 0 0 0 0 0 0 0 0 0 0 0 0 0 0 0 0 0 0 0 0 0 0 0 0 0 0 0 0 0 0 0 0 0 0 0 0 0 0 0 0 0 0 0 0 0 0 0 0 0 0 0 0 0 0 0 0 0 0 0 0 0 0 0 0 0 0 0 0 0 0 0 0 0 0 0 0 0 0 0 0 0 0 0 0 0 0 0 0 0 0 0 0 0 0 0 0 0 0 0 0 0 0 0 0 0 0 0 0
0 0 0 0 0 0 0 0 0 0 0 0 0 0 0 0 0 0 0 0 0 0 0 0 2 0 1 0 0 0 2 0 0 0 0 0 0 1 0 0 0 0 0 0 0 0 0 0 0 0 0 0 0 0 0 0 0 0 0 0 0 0 0 0 0 0 0 0 0 0 0 0 0 0 0 0 0 0 0 0 0 0 0 0 0 0 0 0 0 0 0 0 0 0 0 0 0 0 0 0 0 0 0 0 0 0 0 0 0 0 0 0 0 0 0 0 0 0 0 0 0 0 0 0 0 0 0 0 0 0 0 0 0 0 0 0 0 0 0 0 0 0 0 0 0 0 0 0 0 0
0 0 0 0 0 0 0 0 0 0 0 2 0 5 0 0 0 0 0 0 0 0 0 0 0 0 0 2 0 0 0 0 6 0 0 0 3 0 0 0 0 0 0 0 0 0 0 0 0 0 0 0 0 0 0 0 0 0 0 0 0 0 0 0 0 0 0 0 0 0 0 0 0 0 0 0 0 0 0 0 0 0 0 0 0 0 0 0 0 0 0 0 0 0 0 0 0 0 0 0 0 0 0 0 0 0 0 0 0 0 0 0 0 0 0 0 0 0 0 0 0 0 0 0 0 0 0 0 0 0 0 0 0 0 0 0 0 0 0 0 0 0 0 0 0 0 0 0 0 0
0 0 0 0 0 0 0 0 0 0 0 0 0 0 0 0 0 0 0 0 0 0 0 0 0 0 0 6 4 1 3 0 0 0 0 0 1 0 0 0 0 0 0 0 0 0 0 0 0 0 0 0 0 0 0 0 0 0 0 0 0 0 0 0 0 0 0 0 0 0 0 0 0 0 0 0 0 0 0 0 0 0 0 0 0 0 0 0 0 0 0 0 0 0 0 0 0 0 0 0 0 0 0 0 0 0 0 0 0 0 0 0 0 0 0 0 0 0 0 0 0 0 0 0 0 0 0 0 0 0 0 0 0 0 0 0 0 0 0 0 0 0 0 0 0 0 0 0 0 0
0 0 0 0 0 0 0 0 0 0 0 0 0 0 0 0 0 0 0 0 0 0 0 0 0 0 0 2 1 0 0 0 0 2 0 0 0 0 0 0 0 0 0 0 0 0 0 0 0 0 0 0 0 0 0 0 0 0 0 0 0 0 0 0 0 0 0 0 0 0 0 0 0 0 0 0 0 0 0 0 0 0 0 0 0 0 0 0 0 0 0 0 0 0 0 0 0 0 0 0 0 0 0 0 0 0 0 0 0 0 0 0 0 0 0 0 0 0 0 0 0 0 0 0 0 0 0 0 0 0 0 0 0 0 0 0 0 0 0 0 0 0 0 0 0 0 0 0 0 0
0 0 0 0 0 0 0 0 0 0 3 0 0 1 0 0 0 0 0 0 0 0 0 0 0 0 0 0 0 0 0 0 0 1 0 0 0 0 0 0 0 0 0 0 0 0 0 0 0 0 0 0 0 0 0 0 0 0 0 0 0 0 0 0 0 0 0 0 0 0 0 0 0 0 0 0 0 0 0 0 0 0 0 0 0 0 0 0 0 0 0 0 0 0 0 0 0 0 0 0 0 0 0 0 0 0 0 0 0 0 0 0 0 0 0 0 0 0 0 0 0 0 0 0 0 0 0 0 0 0 0 0 0 0 0 0 0 0 0 0 0 0 0 0 0 0 0 0 0 0
0 0 0 0 0 0 0 0 0 1 1 0 0 0 0 0 0 0 0 0 0 0 0 0 0 0 0 0 0 0 0 0 0 0 0 0 0 0 0 0 0 0 0 0 0 0 0 0 0 0 0 0 0 0 0 0 0 0 0 0 0 0 0 0 0 0 0 0 0 0 0 0 0 0 0 0 0 0 0 0 0 0 0 0 0 0 0 0 0 0 0 0 0 0 0 0 0 0 0 0 0 0 0 0 0 0 0 0 0 0 0 0 0 0 0 0 0 0 0 0 0 0 0 0 0 0 0 0 0 0 0 0 0 0 0 0 0 0 0 0 0 0 0 0 0 0 0 0 0 0
0 0 0 0 0 0 0 0 0 2 2 0 0 0 0 0 0 0 0 0 0 0 0 0 0 0 0 0 0 0 0 0 0 1 0 0 0 0 0 0 0 0 0 0 0 0 0 0 0 0 0 1 0 0 0 0 0 0 0 0 0 0 0 0 0 0 0 0 0 0 0 0 0 0 0 0 0 0 0 0 0 0 0 0 0 0 0 0 0 0 0 0 0 0 0 0 0 0 0 0 0 0 0 0 0 0 0 0 0 0 0 0 0 0 0 0 0 0 0 0 0 0 0 0 0 0 0 0 0 0 0 0 0 0 0 0 0 0 0 0 0 0 0 0 0 0 0 0 0 0
0 0 0 0 0 0 0 0 10 5 0 0 0 0 0 0 0 0 0 0 0 0 0 0 0 0 0 0 0 0 0 0 0 0 0 0 0 0 0 0 0 0 0 0 0 0 0 0 0 2 3 0 0 0 0 0 0 0 0 0 0 0 0 0 0 0 0 0 0 0 0 0 0 0 0 0 0 0 0 0 0 0 0 0 0 0 0 0 0 0 0 0 0 0 0 0 0 0 0 0 0 0 0 0 0 0 0 0 0 0 0 0 0 0 0 0 0 0 0 0 0 0 0 0 0 0 0 0 0 0 0 0 0 0 0 0 0 0 0 0 0 0 0 0 0 0 0 0 0 0
0 0 0 0 0 3 20 20 7 1 0 0 0 0 0 0 0 0 0 0 0 0 0 0 0 0 0 0 0 0 0 0 0 0 0 0 0 0 0 0 0 0 0 0 0 0 0 0 0 15 20 0 0 0 0 0 0 0 0 0 0 0 0 0 0 0 0 0 0 0 0 0 0 0 0 0 0 0 0 0 0 0 0 0 0 0 0 0 0 0 0 0 0 0 0 0 0 0 0 0 0 0 0 0 0 0 0 0 0 0 0 0 0 0 0 0 0 0 0 0 0 0 0 0 0 0 0 0 0 0 0 0 0 0 0 0 0 0 0 0 0 0 0 0 0 0 0 0 0 0
0 0 0 0 0 0 13 22 0 0 0 0 0 0 0 0 0 0 0 0 0 0 0 0 0 0 0 0 0 0 0 0 0 0 0 0 0 0 0 0 0 0 0 0 0 0 0 0 0 0 0 1 0 0 0 0 0 0 0 0 0 0 0 0 0 0 0 0 0 0 0 0 0 0 0 0 0 0 0 0 0 0 0 0 0 0 0 0 0 0 0 0 0 0 0 0 0 0 0 0 0 0 0 0 0 0 0 0 0 0 0 0 0 0 0 0 0 0 0 0 0 0 0 0 0 0 0 0 0 0 0 0 0 0 0 0 0 0 0 0 0 0 0 0 0 0 0 0 0 0
0 0 0 0 0 0 0 0 0 0 0 0 0 0 0 0 0 0 0 0 0 0 0 0 0 0 0 0 0 0 0 0 0 0 0 0 0 0 0 0 0 0 0 0 0 0 0 0 0 0 0 0 2 21 0 0 0 0 0 0 0 0 0 0 0 0 0 0 0 0 0 0 0 0 0 0 0 0 0 0 0 0 0 0 0 0 0 0 0 0 0 0 0 0 0 0 0 0 0 0 0 0 0 0 0 0 0 0 0 0 0 0 0 0 0 0 0 0 0 0 0 0 0 0 0 0 0 0 0 0 0 0 0 0 0 0 0 0 0 0 0 0 0 0 0 0 0 0 0 0
0 0 0 0 0 0 0 0 0 0 0 0 0 0 0 0 0 0 0 0 0 0 0 0 0 0 0 0 0 0 0 0 0 0 0 0 0 0 0 0 0 0 0 0 0 0 0 0 0 0 0 0 1 2 0 0 0 0 0 0 0 0 0 0 0 0 0 0 0 0 0 0 0 0 0 0 0 0 0 0 0 0 0 0 0 0 0 0 0 0 0 0 0 0 0 0 0 0 0 0 0 0 0 0 0 0 0 0 0 0 0 0 0 0 0 0 0 0 0 0 0 0 0 0 0 0 0 0 0 0 0 0 0 0 0 0 0 0 0 0 0 0 0 0 0 0 0 0 0 0
0 0 0 0 0 0 0 0 0 0 0 0 0 0 0 0 0 0 0 0 0 0 0 0 0 0 0 0 0 0 0 0 0 0 0 0 0 3 0 0 0 0 0 0 0 0 0 0 0 0 0 3 0 0 0 0 0 0 0 0 0 0 0 0 0 0 0 0 0 0 0 0 0 0 0 0 0 0 0 0 0 0 0 0 0 0 0 0 0 0 0 0 0 0 0 0 0 0 0 0 0 0 0 0 0 0 0 0 0 0 0 0 0 0 0 0 0 0 0 0 0 0 0 0 0 0 0 0 0 0 0 0 0 0 0 0 0 0 0 0 0 0 0 0 0 0 0 0 0 0
0 0 0 0 0 0 0 0 0 0 0 0 0 0 0 0 0 0 0 0 0 0 0 0 0 0 0 0 0 0 0 0 0 0 0 0 0 0 0 0 0 0 0 0 0 0 0 0 0 0 0 0 0 0 0 0 0 0 0 0 0 0 0 0 0 0 0 0 0 0 0 0 0 0 0 0 0 0 0 0 0 0 0 0 0 0 0 0 0 0 0 0 0 0 0 0 0 0 0 0 0 0 0 0 0 0 0 0 0 0 0 0 0 0 0 0 0 0 0 0 0 0 0 0 0 0 0 0 0 0 0 0 0 0 0 0 0 0 0 0 0 0 0 0 0 0 0 0 0 0
0 0 0 0 0 0 0 0 0 0 0 0 0 0 0 0 0 0 0 0 0 0 0 0 0 0 0 0 0 0 3 0 0 0 4 0 0 0 0 0 0 0 0 0 0 0 0 0 0 0 0 0 0 2 0 0 0 0 0 0 0 0 0 0 0 0 0 0 0 0 0 0 0 0 0 0 0 0 0 0 0 0 0 0 0 0 0 0 0 0 0 0 0 0 0 0 0 0 0 0 0 0 0 0 0 0 0 0 0 0 0 0 0 0 0 0 0 0 0 0 0 0 0 0 0 0 0 0 0 0 0 0 0 0 0 0 0 0 0 0 0 0 0 0 0 0 0 0 0 0
0 0 0 0 0 0 0 0 0 0 0 0 0 0 0 0 0 0 0 0 0 0 0 0 0 0 0 0 0 0 0 7 0 0 0 0 0 0 0 0 0 0 0 0 0 0 0 0 0 0 0 0 0 0 0 0 0 0 0 0 0 0 0 0 0 0 0 0 0 0 0 0 0 0 0 0 0 0 0 0 0 0 0 0 0 0 0 0 0 0 0 0 0 0 0 0 0 0 0 0 0 0 0 0 0 0 0 0 0 0 0 0 0 0 0 0 0 0 0 0 0 0 0 0 0 0 0 0 0 0 0 0 0 0 0 0 0 0 0 0 0 0 0 0 0 0 0 0 0 0
0 0 0 0 0 0 0 0 0 0 0 0 0 0 0 0 0 0 0 0 0 0 0 0 0 0 0 0 0 0 0 3 0 0 0 0 0 0 0 0 0 0 0 0 0 0 0 0 0 0 0 0 0 0 0 0 0 0 0 0 0 0 0 0 0 0 0 0 0 0 0 0 0 0 0 0 0 0 0 0 0 0 0 0 0 0 0 0 0 0 0 0 0 0 0 0 0 0 0 0 0 0 0 0 0 0 0 0 0 0 0 0 0 0 0 0 0 0 0 0 0 0 0 0 0 0 0 0 0 0 0 0 0 0 0 0 0 0 1 0 0 0 0 0 0 0 0 0 0 0
0 0 0 0 0 0 0 0 0 0 0 0 0 0 0 0 0 0 0 0 0 0 0 0 0 0 0 0 0 0 0 0 0 0 0 0 0 0 0 0 0 0 0 0 0 0 0 0 0 0 0 0 0 0 0 0 0 0 0 0 0 0 0 0 0 0 0 0 0 0 0 0 0 0 0 0 0 0 0 0 0 0 0 0 0 0 0 0 0 0 0 0 0 0 0 0 0 0 0 0 0 0 0 0 0 0 0 0 0 0 0 0 0 0 0 0 0 0 0 0 0 0 0 0 0 0 0 0 0 0 0 0 0 0 0 0 0 0 0 0 0 0 0 0 0 0 0 0 0 0
0 0 0 0 0 0 0 0 0 0 0 0 0 0 0 0 0 0 0 0 0 0 0 0 0 0 0 0 0 109 33 0 0 0 0 0 0 0 0 0 0 0 0 0 0 0 0 0 0 0 0 0 0 0 0 0 0 0 0 0 0 0 0 0 0 0 0 0 0 0 0 0 0 0 0 0 0 0 0 0 0 0 0 0 0 0 0 0 0 0 0 0 0 0 0 0 0 0 0 0 0 0 0 0 0 0 0 0 0 0 0 0 0 0 0 0 0 0 0 0 0 0 0 0 0 0 0 0 0 0 0 0 0 0 0 0 0 0 0 0 0 0 0 0 0 0 0 0 0 0
0 0 0 0 0 0 0 0 0 0 0 0 0 0 0 0 0 0 0 0 0 0 0 0 0 0 3 0 0 0 0 0 0 0 0 0 0 0 0 0 0 0 0 0 0 0 0 0 0 22 0 0 0 0 0 0 0 0 0 0 0 0 0 0 0 0 0 0 0 0 0 0 0 0 0 0 0 0 0 0 0 0 0 0 0 0 0 0 0 0 0 0 0 0 0 0 0 0 0 0 0 0 0 0 0 0 0 0 0 0 0 0 0 0 0 0 0 0 0 0 0 0 0 0 0 0 0 0 0 0 0 0 0 0 0 0 0 0 0 0 0 0 0 0 0 0 0 0 0 0
0 0 0 0 0 0 0 0 0 0 0 0 0 0 0 0 0 0 0 0 0 0 0 0 0 0 7 0 0 0 0 0 0 0 0 0 0 0 0 0 0 0 0 0 0 0 0 0 2 0 0 0 0 0 0 0 0 0 0 0 0 0 0 0 0 0 0 0 0 0 0 0 0 0 0 0 0 0 0 0 0 0 0 0 0 0 0 0 0 0 0 0 0 0 0 0 0 0 0 0 0 0 0 0 0 0 0 0 0 0 0 0 0 0 0 0 0 0 0 0 0 0 0 0 0 0 0 0 0 0 0 0 0 0 0 0 0 0 0 0 0 0 0 0 0 0 0 0 0 0
0 0 0 0 0 0 0 0 0 0 0 0 0 0 0 0 0 0 0 0 0 0 0 0 0 0 0 0 3 0 0 0 0 0 0 0 0 0 0 0 0 0 0 0 0 0 0 0 0 0 0 0 0 0 0 0 0 0 0 0 0 0 0 0 0 0 0 0 0 0 0 0 0 0 0 0 0 0 0 0 0 0 0 0 0 0 0 0 0 0 0 0 0 0 0 0 0 0 0 0 0 0 0 0 0 0 0 0 0 0 0 0 0 0 0 0 0 0 0 0 0 0 0 0 0 0 0 0 0 0 0 0 0 0 0 0 0 0 0 0 0 0 0 0 0 0 0 0 0 0
0 0 0 0 0 0 0 0 0 0 0 0 0 0 0 0 0 0 0 0 0 0 0 0 0 0 0 0 0 0 0 0 0 0 0 0 0 0 0 0 0 0 0 0 0 0 0 0 0 0 0 0 0 0 0 0 0 0 0 0 0 0 0 0 0 0 0 0 0 0 0 0 0 0 0 0 0 0 0 0 0 0 0 0 0 0 0 0 0 0 0 0 0 0 0 0 0 0 0 0 0 0 0 0 0 0 0 0 0 0 0 0 0 0 0 0 0 0 0 0 0 0 0 0 0 0 0 0 0 0 0 0 0 0 0 0 0 0 0 0 0 0 0 0 0 0 0 0 0 0
0 0 0 0 0 0 0 0 0 0 0 0 0 0 0 0 0 0 0 0 0 0 0 0 0 0 0 0 0 0 0 0 0 0 0 0 0 0 0 0 0 0 0 0 0 0 0 0 0 0 0 0 0 0 0 0 0 0 0 0 0 0 0 0 0 0 0 0 0 0 0 0 0 0 0 0 0 0 0 0 0 0 0 0 0 0 0 0 0 0 0 0 0 0 0 0 0 0 0 0 0 0 0 0 0 0 0 0 0 0 0 0 0 0 0 0 0 0 0 0 0 0 0 0 0 0 0 0 0 0 0 0 0 0 0 0 0 0 0 0 0 0 0 0 0 0 0 0 0 0
0 0 0 0 0 0 0 0 0 0 0 0 0 0 0 0 0 0 0 0 0 0 0 0 0 0 0 0 0 0 0 0 0 0 0 0 0 0 0 0 0 0 0 0 0 0 0 0 0 0 0 0 0 0 0 0 0 0 0 0 0 0 0 0 0 0 0 0 0 0 0 0 0 0 0 0 0 0 0 0 0 0 0 0 0 0 0 0 0 0 0 0 0 0 0 0 0 0 0 0 0 0 0 0 0 0 0 0 0 0 0 0 0 0 0 0 0 0 0 0 0 0 0 0 0 0 0 1 0 0 0 1 0 1 0 0 0 0 0 0 0 0 0 0 0 0 0 0 0 0
0 0 0 0 0 0 0 0 0 0 0 0 0 0 0 0 0 0 0 0 0 0 0 0 0 0 0 0 0 0 0 0 0 0 0 0 0 0 0 0 0 0 0 0 0 0 0 0 0 0 0 0 0 0 0 0 0 0 0 0 0 0 0 0 0 0 0 0 0 0 0 0 0 0 0 0 0 0 0 0 0 0 0 0 0 0 0 0 0 0 0 0 0 0 0 0 0 0 0 0 0 0 0 0 0 0 0 0 0 0 0 0 0 0 0 0 0 0 0 0 0 0 0 0 0 0 0 0 0 0 0 0 0 0 0 0 0 0 0 0 0 0 0 0 0 0 0 0 0 0
0 0 0 0 0 0 0 0 0 0 0 0 0 0 0 0 0 0 0 0 0 0 0 0 0 0 0 0 0 0 0 0 0 0 0 0 0 0 0 0 0 0 0 0 0 0 0 0 0 0 0 0 0 0 0 0 0 0 0 0 0 0 0 0 0 0 0 0 0 0 0 0 0 0 0 0 0 0 0 0 0 0 0 0 0 0 0 0 0 0 0 0 0 0 0 0 0 0 0 0 0 0 0 0 0 0 0 0 0 0 0 0 0 0 0 0 0 0 0 0 0 0 0 0 0 0 0 0 0 1 0 0 0 0 0 0 0 0 0 0 0 0 0 0 0 0 0 0 0 0
