0 0 9 7 0 0 6 2 16 110 5 3 0 12 0 0 0 1 6 0 3 5 0 0 2 20 0 0 0 0 0 0 0 3 7 2 0 0 1 6 0 0 0 0 2 0 0 0 0 0 0 0 0 2 1 3 0 0 0 21 97 24 1 5 1 5 5 0 1 0 0 13 15 238 153 367 185 43 45 7 43 208 52 91 117 262 312 255 37 315 1363 893 112 663 594 913 1283 1015 1141 206 268 144 21 19 32 50 95 403 281 14 21 6 32 119 97 60 38 20 4 1 1 41 28 17 1 14 0 4 17 12 0 22 1 7 6 0 0 2 2 1 5 0 0 0 0 0 0 0 0 25
2 3 2 2 1 0 0 0 0 57 18 15 12 11 0 0 0 2 7 0 0 3 16 0 6 17 0 4 0 0 0 0 0 0 1 1 0 1 5 1 0 0 0 0 0 0 0 0 0 0 0 0 0 2 10 0 0 0 0 29 134 29 6 17 9 1 0 1 4 0 0 7 83 98 52 6 37 86 19 97 152 115 19 7 168 211 425 210 526 434 127 47 492 452 454 332 1010 751 1307 968 438 162 39 21 13 23 1 23 50 8 5 12 4 14 42 33 3 25 9 10 2 5 19 3 1 0 0 0 8 35 18 14 87 30 1 0 0 0 1 84 9 0 0 0 2 0 0 0 0 0
0 0 0 2 3 0 0 0 0 18 3 5 7 4 2 0 0 0 5 1 1 5 105 32 27 0 2 19 0 0 0 0 0 0 0 2 0 0 0 17 3 0 0 0 0 0 0 0 0 0 0 0 0 0 7 0 0 1 0 11 9 21 1 3 0 0 0 0 0 1 0 9 4 0 0 2 0 41 219 269 103 73 7 42 28 228 817 251 6 17 124 44 126 655 718 833 386 492 297 603 810 488 19 151 136 9 3 39 307 197 35 48 6 6 8 6 32 59 17 4 131 59 9 6 3 2 1 18 1 28 3 10 159 164 0 0 14 0 7 115 8 0 0 0 0 0 0 0 0 0
37 3 0 0 4 0 2 0 0 4 0 1 0 0 0 3 0 0 4 3 0 0 6 6 6 1 1 8 10 0 1 0 0 0 0 1 0 2 0 9 4 1 0 0 0 0 0 0 0 0 4 0 0 0 86 29 0 28 62 0 0 6 5 13 0 0 0 0 0 3 17 155 23 1 1 8 12 60 369 377 113 71 118 183 192 28 119 248 12 293 1249 1186 1533 862 944 573 217 237 803 835 619 653 187 20 34 129 68 22 417 165 19 50 74 16 1 7 9 123 54 81 43 90 12 6 1 5 0 1 16 2 8 10 15 0 8 2 25 1 1 8 57 13 0 0 0 0 1 0 0 0
0 29 0 0 0 0 0 1 1 1 6 0 0 0 0 8 9 3 2 0 3 1 0 0 1 0 0 0 0 0 0 0 0 0 1 10 10 0 2 0 0 0 0 0 0 0 0 0 0 5 1 0 1 0 44 226 43 65 0 0 2 7 0 20 0 0 0 0 0 17 115 75 219 171 31 26 56 211 367 411 269 380 402 233 348 122 73 91 30 653 1482 1370 504 1249 577 277 122 811 501 841 851 979 1057 673 387 301 68 25 3 25 14 15 27 47 6 0 1 17 117 81 332 834 271 15 10 4 1 0 4 8 1 0 0 0 4 0 0 0 0 1 71 2 0 0 0 0 0 0 0 0
15 5 0 1 0 0 0 0 2 0 4 0 0 0 0 6 2 0 14 69 14 5 0 0 0 0 0 0 1 0 1 1 0 0 36 110 43 28 10 0 0 2 2 0 0 0 0 0 0 10 58 11 0 2 6 63 52 14 25 6 0 0 8 1 0 0 0 0 4 107 117 202 187 156 167 93 56 78 77 650 699 662 587 87 5 164 179 45 11 373 1565 1077 191 559 1122 515 199 1538 565 620 685 558 1424 685 36 145 44 83 2 3 1 1 1 51 9 25 20 7 2 7 320 155 5 4 1 3 1 1 3 0 2 0 1 0 0 0 2 0 0 0 0 2 0 0 0 0 0 0 0 0
0 0 0 1 0 0 0 0 1 19 12 0 0 7 0 1 0 0 0 0 1 3 1 0 0 0 0 0 0 0 34 0 0 0 0 14 1 8 5 0 0 0 0 0 0 0 0 0 0 2 0 4 6 2 1 50 22 3 63 37 6 5 1 0 8 1 0 0 4 106 183 125 229 674 270 125 314 91 432 474 1126 811 1059 866 355 29 16 277 63 257 1587 1406 162 894 1253 603 440 493 766 47 21 678 207 295 45 76 87 19 26 201 137 189 289 52 51 31 8 1 32 39 147 142 5 0 4 6 5 1 0 0 0 0 0 0 0 0 0 18 0 0 0 0 0 0 0 0 0 0 0 0
1 0 0 2 0 0 0 0 8 0 4 0 0 0 0 0 0 0 0 0 0 0 0 0 0 0 0 0 0 0 5 0 0 0 2 1 1 0 113 16 0 0 0 0 0 0 0 0 0 0 0 0 3 41 1 8 0 41 99 78 93 60 72 6 22 39 0 1 3 79 7 2 53 59 127 105 116 164 795 1068 1151 701 851 214 187 225 253 662 234 80 682 161 67 677 540 512 319 742 833 316 149 404 535 647 210 140 21 81 178 47 346 471 107 80 27 93 2 3 6 27 22 8 4 4 6 7 18 1 5 0 0 0 0 0 0 0 0 0 0 0 0 0 0 0 0 0 0 0 0 0
9 1 0 0 0 0 0 0 6 3 0 2 10 3 15 0 0 0 1 0 0 0 0 0 0 0 0 0 0 0 0 0 0 0 5 0 0 0 0 0 0 0 0 0 0 0 1 0 0 0 0 0 5 14 1 0 4 16 20 67 342 302 11 2 2 27 4 11 1 51 1 0 0 12 4 19 22 45 143 613 798 1343 851 25 19 25 536 371 259 71 19 12 400 1002 1292 1597 139 559 588 378 335 251 159 333 783 221 339 355 82 45 911 263 160 21 52 7 4 8 7 10 12 0 3 12 10 1 7 4 1 1 13 0 0 0 0 0 0 0 0 0 0 0 0 0 0 0 0 0 0 0
0 0 0 0 0 0 0 1 13 8 0 0 0 0 1 0 0 1 1 0 0 0 0 0 0 0 0 0 0 0 0 0 0 0 0 1 0 3 0 1 0 0 0 0 0 0 7 0 7 1 3 0 9 13 0 0 1 2 2 29 22 151 19 29 1 1 1 1 0 62 0 0 0 0 0 14 14 82 270 534 1045 671 657 354 919 955 422 302 741 258 60 4 20 702 1338 1451 722 189 141 17 45 217 29 4 107 540 496 182 99 16 480 724 716 95 11 260 279 524 160 43 110 69 35 42 66 36 11 3 3 46 67 17 0 0 0 0 0 0 0 0 0 0 0 0 0 0 0 0 0 22
0 2 13 0 0 0 2 0 4 1 1 2 0 0 0 4 0 1 0 1 0 0 0 0 0 1 0 0 0 0 0 0 0 0 0 2 0 0 3 3 0 2 2 0 0 0 6 8 25 33 9 3 10 12 0 0 1 13 30 26 1 174 7 8 1 2 1 0 0 22 0 0 0 0 2 0 11 62 199 412 615 261 557 337 290 495 359 517 791 462 44 1 14 692 685 988 920 47 24 257 24 14 2 14 171 409 970 306 154 125 526 310 169 71 0 189 494 804 527 334 420 240 343 187 108 584 171 86 60 39 23 175 21 75 85 0 0 0 0 0 0 0 0 0 0 0 0 0 0 0
3 0 7 0 0 0 0 0 9 0 0 0 0 0 0 0 17 3 3 1 1 0 0 0 1 0 0 0 0 0 0 0 2 4 0 0 0 2 1 1 2 19 14 14 8 0 0 0 1 0 0 0 3 0 5 1 0 3 1 10 4 3 0 3 1 5 0 2 3 0 4 0 0 0 0 4 157 17 381 425 614 280 122 51 216 150 40 28 154 525 47 0 0 0 4 129 1482 593 391 20 0 4 11 41 100 71 397 287 32 113 337 225 96 240 75 156 519 393 802 770 314 540 229 92 249 208 0 0 0 150 2 0 130 44 65 2 0 0 0 0 0 0 0 0 0 0 0 0 0 0
0 0 5 0 0 0 3 0 1 9 0 0 0 0 0 0 0 14 2 7 3 1 0 0 0 0 0 0 0 0 0 0 1 0 0 3 1 1 0 0 0 3 69 2 42 0 0 30 0 0 0 0 8 12 7 0 0 0 19 5 4 4 3 0 0 2 2 11 0 2 23 0 0 0 0 36 139 59 194 119 178 307 86 12 249 24 6 0 12 3 0 1 2 29 92 27 992 582 938 703 14 11 58 50 48 19 23 462 605 395 874 773 189 902 164 36 62 87 1137 1128 215 262 134 4 37 151 7 0 66 26 0 0 31 7 4 0 0 0 0 0 0 0 0 0 0 1 0 0 0 0
0 0 0 0 0 0 3 0 0 4 0 0 0 0 0 0 0 2 84 11 6 5 0 0 0 0 0 0 0 0 11 0 0 0 0 0 0 0 0 0 0 1 3 53 55 0 0 0 3 0 0 20 3 0 0 0 0 0 8 0 10 12 0 1 0 0 30 35 22 13 86 0 1 2 2 389 692 450 313 43 46 330 83 14 31 169 7 1 2 43 2 0 0 68 14 39 142 622 196 348 0 21 372 120 331 69 122 568 296 786 1337 1572 699 261 288 202 444 398 742 485 218 82 1 2 0 57 26 0 3 2 1 1 0 6 0 0 0 0 0 0 0 0 0 0 0 0 0 0 0 0
0 0 0 0 0 0 1 1 9 2 0 0 0 0 0 0 0 0 2 5 13 0 0 0 1 0 0 0 0 0 1 0 0 0 0 0 0 0 0 0 0 0 0 11 27 0 0 0 0 6 7 63 1 0 1 1 5 14 16 19 129 43 19 18 17 160 132 177 268 198 76 4 6 6 86 807 1590 978 468 57 1 146 45 7 8 13 68 17 1 50 22 14 0 3 0 9 43 424 200 227 7 80 727 677 1511 1335 2217 1401 928 822 1106 883 686 552 539 285 164 160 122 101 196 162 72 29 0 11 60 6 6 22 8 0 0 1 0 0 0 0 0 0 0 0 0 0 0 0 0 0 0 0
0 0 0 0 0 0 1 41 22 0 0 0 0 0 0 1 11 0 1 3 0 22 16 2 0 0 0 0 1 1 0 0 0 0 0 0 0 0 0 0 0 0 0 1 0 20 0 0 0 42 76 108 0 6 0 14 52 114 8 167 31 19 6 27 50 56 182 79 86 143 294 201 140 199 515 1205 1707 658 292 34 6 2 0 0 0 0 33 126 13 61 3 9 0 0 11 35 72 22 21 8 9 0 1075 624 1128 650 1019 388 595 1108 1486 1120 1415 540 555 240 56 185 244 76 48 7 454 376 70 102 15 1 5 10 3 0 0 0 24 6 0 0 0 0 0 0 0 0 0 0 0 0 0 0
0 0 0 0 0 0 2 1 0 0 0 0 1 0 0 0 23 0 1 0 1 0 26 29 32 3 4 0 0 0 0 0 0 0 0 0 0 0 0 0 0 0 0 0 0 10 4 1 1 44 51 2 3 16 79 80 80 175 76 68 6 4 1 0 0 0 0 0 1 0 10 2 101 76 315 443 572 372 238 0 0 0 6 1 0 43 0 72 108 178 0 0 11 1 1 15 27 0 4 119 47 254 899 671 454 233 425 257 401 880 850 420 899 496 518 184 50 105 181 5 0 5 27 73 62 412 3 3 2 0 0 0 0 0 0 3 0 0 0 0 0 0 0 0 0 0 0 0 0 0
0 0 0 1 1 1 0 2 0 0 0 0 3 0 0 1 0 7 8 2 2 3 0 2 17 2 6 36 2 0 0 0 0 0 0 1 2 0 0 0 0 0 0 0 1 51 59 5 5 40 40 31 5 129 33 38 62 85 376 14 7 1 0 0 5 7 41 92 3 79 149 8 144 21 95 203 198 227 19 26 1 0 5 3 0 0 0 5 72 3 0 37 80 58 15 0 1 0 154 599 201 166 191 117 117 694 164 212 471 328 117 322 76 246 217 51 123 122 11 0 0 7 1 11 110 764 271 43 3 1 0 0 0 0 0 0 0 0 0 0 0 0 0 0 0 0 0 0 0 0
0 0 0 0 3 4 0 0 0 0 0 0 1 2 0 1 9 0 0 2 0 1 3 1 0 4 58 49 31 0 0 0 0 0 0 6 2 0 0 0 0 0 0 7 22 36 19 23 29 441 148 28 17 27 14 63 172 129 64 35 71 0 0 0 1 3 1 3 5 32 21 22 51 11 1 119 209 52 14 25 23 0 10 60 1 39 13 25 13 0 4 103 102 275 20 1 0 28 361 10 179 315 105 40 177 209 209 523 341 1 0 120 5 455 77 0 12 5 0 0 0 0 3 11 44 214 232 302 23 3 0 0 0 0 0 0 0 0 0 0 0 0 0 0 0 0 0 0 0 0
0 0 0 0 0 0 0 0 0 0 0 0 1 2 0 0 0 0 0 1 1 15 67 6 4 4 5 31 165 3 0 1 0 1 1 0 0 0 0 0 0 2 4 34 7 97 112 11 5 251 81 11 8 5 105 14 51 80 6 0 2 0 0 0 0 11 0 0 7 12 54 49 26 0 1 58 20 0 11 1 8 0 5 0 0 7 18 0 20 5 3 40 8 3 0 7 2 26 23 2 630 1061 644 228 79 227 113 313 240 6 0 0 1 319 56 0 0 0 0 0 0 0 2 7 9 14 19 150 25 0 0 0 0 0 0 0 0 0 0 0 0 0 0 0 0 0 0 0 0 0
0 0 0 0 1 0 1 0 0 0 0 0 0 0 0 0 2 2 2 0 0 1 25 10 0 8 7 2 0 8 2 24 7 0 0 0 0 0 0 7 4 20 26 22 14 13 15 26 103 445 331 104 31 48 21 7 15 1 6 0 0 9 35 7 165 92 0 0 4 19 124 21 1 0 35 135 156 70 5 27 8 17 5 4 0 0 8 10 22 17 10 0 1 1 2 0 0 0 280 425 1190 1261 491 144 1 28 182 220 1 0 0 0 0 11 0 0 0 0 0 0 0 0 1 5 0 0 37 110 0 0 0 0 0 0 0 0 0 0 0 0 0 0 0 0 0 0 0 0 0 0
0 0 0 0 0 0 0 0 0 0 0 0 0 2 1 2 0 0 0 2 0 0 21 5 3 9 0 0 0 0 28 59 9 9 0 0 0 8 0 0 34 19 0 0 0 0 3 3 310 990 341 292 38 6 1 2 9 88 0 0 1 1 1 0 9 16 24 3 2 67 26 23 24 0 1 11 114 105 77 66 18 46 1 60 17 4 4 8 210 50 14 3 0 7 1 24 7 4 113 429 331 96 58 4 52 6 222 111 13 0 0 0 6 126 0 0 0 0 0 0 0 0 0 0 0 48 87 23 1 6 7 0 0 0 0 0 0 0 0 0 0 0 0 0 0 0 0 0 0 0
0 0 0 1 0 0 0 0 0 0 0 0 0 0 3 0 0 1 0 0 2 2 5 0 2 0 0 0 0 0 5 3 33 8 4 0 17 132 17 22 0 0 0 0 0 0 15 49 41 522 273 179 18 1 1 1 2 0 18 1 1 0 0 0 10 1 16 4 0 6 13 37 60 6 1 0 5 28 82 30 2 33 30 0 2 15 6 0 0 0 4 2 2 0 0 0 4 0 0 0 28 0 8 44 77 46 70 53 156 130 73 5 35 0 0 0 0 0 0 0 0 0 0 5 56 92 107 0 0 0 9 0 0 0 0 0 0 0 0 0 0 0 0 0 0 0 0 0 0 0
0 0 3 0 0 0 0 0 0 0 0 0 0 0 3 0 3 7 0 1 1 0 1 0 0 0 0 0 0 9 1 13 8 8 8 6 10 57 18 2 0 0 0 0 24 129 21 67 12 162 154 55 3 7 3 2 26 28 0 1 0 0 0 0 0 2 0 0 0 2 0 6 122 131 17 21 0 0 0 2 0 38 105 130 4 0 2 0 0 0 0 1 0 1 0 1 0 0 4 0 1 1 6 161 90 20 17 4 1 27 0 371 26 0 0 0 0 0 0 0 0 0 0 18 12 20 46 123 0 0 0 0 0 0 0 0 0 0 0 0 0 0 0 0 0 0 0 0 0 0
0 0 0 0 0 0 0 0 0 0 0 0 0 4 0 0 0 0 0 0 0 0 1 0 0 1 0 0 0 0 0 1 28 13 96 0 0 51 0 0 0 0 0 26 55 35 76 2 2 22 66 51 26 11 28 1 3 6 3 0 0 0 0 0 1 0 0 18 13 4 2 0 13 9 37 7 0 0 0 0 0 2 24 108 15 2 0 0 0 2 5 2 0 0 1 0 6 1 0 4 8 11 7 22 475 0 0 1 0 0 1 69 1 0 0 7 4 0 0 0 0 0 0 0 0 37 44 19 0 0 0 0 0 0 0 0 4 0 0 0 0 0 0 0 0 0 0 0 0 0
0 0 0 0 0 0 0 0 0 0 0 0 0 0 13 1 1 2 8 0 0 38 0 2 0 0 0 1 0 0 0 0 4 22 50 2 0 12 0 0 0 0 0 18 93 17 1 1 23 1 87 5 0 4 0 0 1 0 0 0 1 0 0 0 14 4 0 9 3 1 2 27 2 5 0 11 19 1 0 0 4 2 6 8 2 19 5 10 0 10 0 2 2 0 8 0 2 6 1 14 12 14 6 152 293 237 0 3 0 0 2 18 1 0 23 1 0 0 0 0 0 0 0 0 0 78 64 88 2 0 0 0 0 0 0 0 5 97 0 0 0 0 0 0 0 0 0 0 0 0
0 0 0 0 0 0 0 0 0 0 1 0 0 2 3 0 0 2 0 0 0 7 4 3 0 0 0 17 1 0 0 1 0 3 12 23 3 0 4 6 2 4 2 19 93 14 4 0 0 3 40 36 1 7 5 0 0 1 0 0 0 0 1 0 5 0 0 1 3 1 23 13 0 0 0 3 6 0 0 0 0 0 28 2 2 3 12 15 5 0 6 1 1 3 2 3 0 0 0 2 13 17 8 5 46 364 57 1 0 0 0 0 0 9 10 13 5 0 1 0 0 0 0 0 51 169 15 76 0 0 0 0 0 0 1 0 2 4 0 0 0 0 0 0 1 0 0 2 0 0
0 0 0 0 0 0 0 0 0 0 0 0 0 1 12 0 18 31 13 1 23 21 11 0 0 0 2 1 1 6 7 0 0 26 2 3 0 19 11 19 110 53 25 161 154 1 11 1 4 8 3 26 22 7 1 1 0 0 0 0 0 0 0 3 0 0 0 7 7 34 106 30 6 4 0 1 2 10 1 0 0 0 0 0 0 0 0 14 10 3 5 0 0 2 0 0 0 1 0 0 0 7 4 14 22 849 707 42 0 0 0 0 0 0 0 0 9 359 44 1 0 0 0 27 143 52 93 351 390 46 0 0 0 0 0 3 8 1 0 0 0 0 0 0 0 0 0 0 0 0
0 0 0 0 0 0 0 1 1 1 2 12 22 24 5 7 54 99 4 5 2 2 2 1 0 0 0 4 18 6 0 7 8 12 4 15 17 28 84 147 390 707 369 284 85 16 0 1 0 0 0 0 45 29 1 0 0 0 0 0 0 0 9 0 0 0 0 0 0 1 11 44 21 0 69 7 5 24 6 0 0 6 3 0 5 0 0 0 7 13 8 9 2 0 2 17 5 0 0 0 0 0 12 82 285 603 409 572 11 0 0 0 0 0 0 7 254 88 12 0 0 0 23 81 245 215 816 486 270 42 0 0 1 25 0 3 0 0 0 0 0 0 0 0 0 0 0 0 0 0
0 0 0 0 0 0 0 4 3 10 15 39 24 1 0 0 5 6 1 2 9 3 14 54 1 5 5 1 2 1 3 1 0 2 45 22 4 5 150 377 697 806 576 658 37 8 2 4 3 0 8 1 55 93 39 13 0 0 0 0 0 2 0 0 0 0 0 0 0 0 3 6 1 0 0 2 0 11 12 0 0 0 2 10 26 0 0 0 1 9 0 2 4 24 4 15 0 0 0 4 0 0 6 16 12 69 13 140 28 0 0 0 1 0 115 108 649 349 46 40 20 16 4 174 261 118 355 633 561 489 69 73 27 118 9 1 0 0 0 0 0 0 0 0 0 0 0 0 0 0
0 0 0 0 0 0 1 1 3 3 4 3 4 0 0 3 0 0 7 4 0 12 143 33 0 0 0 2 0 9 3 3 0 1 6 12 12 23 42 135 548 406 435 248 53 11 10 5 3 8 2 0 26 2 7 5 1 0 0 0 0 0 0 0 0 0 0 0 0 0 1 0 0 0 0 2 1 4 5 0 44 32 7 1 60 0 0 0 19 32 0 0 7 29 1 2 4 5 3 2 0 3 0 6 5 2 0 2 40 2 1 5 2 0 46 955 880 518 184 279 174 82 90 8 1 7 166 388 23 64 12 245 589 37 26 9 0 0 0 0 0 0 0 0 0 0 0 0 0 0
0 0 0 0 0 0 3 2 1 0 7 13 5 2 1 5 4 0 7 29 286 200 14 0 0 0 0 0 8 8 0 8 4 26 27 13 2 7 0 75 451 387 341 202 97 29 7 1 0 14 0 0 14 6 21 1 0 0 0 0 0 0 0 0 0 0 0 0 0 4 0 0 0 0 0 0 0 3 2 0 28 27 48 156 56 2 0 0 0 0 0 0 3 7 0 0 6 5 0 0 3 0 0 0 15 9 3 20 220 276 443 570 140 236 509 1058 696 260 62 442 83 214 3 1 146 189 222 148 7 0 132 292 305 60 69 5 0 0 0 0 0 0 0 0 0 0 0 0 0 0
0 0 0 0 0 0 0 4 2 0 0 2 4 13 2 6 5 5 20 20 132 0 0 0 0 0 0 0 0 21 275 24 14 2 3 10 2 0 10 15 60 104 57 30 3 0 0 0 0 1 1 5 36 6 7 3 0 7 1 0 0 0 0 0 0 0 0 0 0 0 0 0 0 0 0 1 3 30 9 3 2 16 21 5 0 0 0 0 3 0 4 0 0 17 11 3 1 0 0 0 5 0 0 0 0 4 15 26 193 110 165 143 118 493 1158 660 384 367 123 414 101 12 0 8 11 51 208 0 0 0 92 418 0 0 1 0 0 0 0 0 0 0 0 0 0 0 0 0 0 0
0 0 1 1 0 7 12 6 6 8 1 0 0 4 11 6 0 6 17 27 18 0 0 0 0 0 1 0 0 7 79 7 41 0 10 25 2 3 6 0 20 26 0 2 0 1 0 0 1 1 0 9 291 27 118 64 15 1 0 1 0 0 0 0 0 0 0 0 0 0 0 0 0 0 0 0 0 7 2 0 0 0 5 0 0 0 0 0 0 0 0 0 1 32 6 0 8 1 0 0 5 0 0 0 0 0 16 118 172 23 2 43 118 378 192 523 186 295 189 182 277 1 0 0 0 0 0 0 0 0 2 106 26 0 0 0 0 0 0 0 0 0 0 0 0 0 0 0 0 0
0 0 0 0 2 2 14 10 0 0 2 0 2 17 4 8 18 12 3 0 7 15 7 0 0 0 0 24 15 13 37 44 13 2 3 2 1 3 4 18 14 57 7 0 2 0 1 1 0 0 6 48 153 87 22 33 0 0 0 0 0 0 0 0 0 0 0 0 0 0 0 0 0 0 0 0 2 3 2 2 0 0 1 0 0 0 0 0 2 1 17 7 18 53 7 16 8 0 2 14 2 0 0 3 0 0 7 102 765 20 0 0 0 0 1 0 2 66 360 738 72 0 0 0 0 1 3 0 0 0 0 1 59 1 0 0 0 0 0 0 0 0 0 0 0 0 0 0 0 0
1 3 2 0 0 1 33 78 2 5 10 7 8 0 2 109 76 20 5 14 0 0 1 0 10 1 2 18 2 0 13 5 1 1 0 1 0 0 1 2 19 7 1 1 8 0 1 0 0 0 0 79 8 57 22 1 2 0 1 0 0 0 0 0 0 0 0 0 0 0 0 0 0 0 0 0 10 34 4 0 0 0 1 0 0 0 0 1 14 0 2 0 3 130 0 0 0 7 11 3 0 0 1 3 3 10 44 55 216 0 0 0 0 0 3 1 0 9 131 532 260 401 0 0 2 63 0 0 0 76 86 33 43 5 0 0 0 0 0 0 0 0 0 0 0 0 0 0 0 0
0 0 0 0 0 3 7 0 0 6 38 6 2 7 54 59 63 36 8 1 0 1 2 1 1 4 2 1 3 9 0 0 1 3 9 0 0 0 0 1 1 91 19 2 0 1 2 0 0 0 10 74 54 55 28 10 6 0 0 0 0 0 0 0 0 0 0 0 0 0 0 0 0 0 0 0 0 38 136 4 7 12 0 0 0 0 1 93 13 0 11 1 5 2 0 8 0 1 3 5 28 11 84 5 2 43 41 13 103 22 0 0 0 13 86 128 236 644 136 360 782 250 0 5 339 54 1 0 0 205 257 0 0 0 0 0 0 0 0 0 0 0 0 0 0 0 0 0 0 0
0 4 2 1 0 1 1 1 3 3 16 138 21 12 0 1 8 5 1 0 1 0 0 4 2 2 1 0 25 1 0 0 0 1 0 0 0 0 0 0 3 29 40 12 4 0 3 1 0 0 0 94 51 11 4 1 0 0 2 0 0 0 0 0 0 0 0 0 0 0 0 0 0 0 0 0 0 14 33 16 0 2 0 0 0 0 1 18 0 0 9 0 0 5 0 0 0 0 9 0 0 1 2 2 19 0 6 15 47 9 0 0 0 0 158 589 884 600 82 69 95 155 267 399 208 0 0 4 3 424 196 0 0 0 0 0 0 0 0 0 0 1 0 0 0 0 0 0 0 0
0 0 1 0 0 2 2 2 3 0 25 27 2 1 1 29 1 0 1 6 0 0 0 3 0 0 10 2 1 0 0 0 0 0 0 0 0 1 24 2 0 0 0 2 5 0 0 1 0 0 2 89 2 9 1 0 1 4 8 2 0 0 0 0 0 0 0 0 0 0 0 0 0 0 0 0 3 5 67 69 12 32 40 1 0 1 0 0 0 0 0 0 2 18 1 0 0 0 0 16 0 4 3 2 2 5 12 7 49 0 0 4 27 12 33 54 7 52 442 280 41 312 929 605 510 270 179 223 1028 1731 793 30 0 0 0 0 0 0 0 0 0 0 0 0 0 0 0 0 0 0
0 10 2 0 0 10 4 4 3 15 24 2 0 8 5 3 0 1 0 0 0 0 0 0 0 55 37 11 0 0 0 1 1 0 0 1 0 0 0 10 0 3 1 4 1 0 14 0 3 3 14 406 76 15 0 3 0 2 0 0 0 0 0 0 0 0 0 0 0 0 0 0 0 0 0 0 2 17 43 0 0 14 36 0 0 0 0 0 4 3 2 8 5 8 1 21 12 0 0 6 9 0 2 10 8 82 19 5 109 52 7 17 19 12 4 9 5 175 390 699 598 881 906 969 1486 1237 892 935 1276 879 894 0 0 0 0 0 0 0 0 0 0 0 0 0 0 0 0 0 0 0
0 0 0 0 6 6 0 1 15 5 0 0 0 2 6 20 3 0 0 0 0 0 0 0 1 14 25 0 4 0 1 3 0 0 5 0 1 5 0 0 0 0 6 0 2 0 1 0 7 45 483 545 19 90 8 3 4 5 3 7 4 0 0 0 0 0 0 0 0 0 0 0 0 0 0 1 1 0 6 0 0 3 0 0 0 0 0 0 3 0 0 2 16 0 0 5 0 0 10 5 25 7 5 0 19 18 78 59 3 22 10 1 7 16 6 8 9 60 519 1612 1369 1045 318 1096 1575 1135 300 678 618 15 63 26 0 0 0 0 0 0 0 0 0 0 0 0 0 0 0 0 0 0
1 2 0 4 4 0 1 0 31 2 11 2 6 2 0 2 2 7 0 0 0 0 0 0 15 7 0 0 0 0 0 47 18 3 0 1 0 0 0 0 0 0 0 0 0 0 0 0 27 69 590 762 707 642 47 21 0 7 7 4 2 0 0 0 0 0 0 0 0 0 0 0 0 0 0 0 0 0 0 37 0 0 0 0 0 0 0 18 131 0 0 22 21 0 0 0 0 0 0 10 7 0 16 13 8 168 429 14 10 0 7 1 1 2 0 10 11 3 112 772 515 920 467 2381 1732 1213 386 231 51 580 1619 634 0 0 0 0 0 0 0 0 0 0 0 0 0 0 0 0 0 0
2 0 2 13 2 0 25 1 13 3 18 56 1 3 0 0 0 0 0 0 0 0 0 0 2 0 4 0 0 0 0 34 4 7 0 0 2 1 0 0 0 0 0 0 0 1 0 0 2 3 166 454 572 384 109 80 10 2 1 4 1 0 0 0 0 0 0 0 0 0 0 0 0 0 0 0 0 0 0 31 1 11 0 0 0 0 0 14 43 1 7 12 60 0 0 0 0 0 0 9 6 34 26 27 13 15 11 20 0 0 0 0 5 1 4 2 6 6 12 38 442 376 381 817 1287 1206 471 387 422 1128 441 345 1 0 0 0 0 0 0 0 0 0 0 0 0 0 0 0 0 0
4 21 3 3 3 3 11 34 4 1 6 3 1 0 0 0 0 0 0 0 0 0 1 0 0 0 0 0 0 0 1 1 0 0 0 12 1 1 0 0 0 0 0 0 0 3 1 8 0 1 49 240 277 35 29 21 3 0 3 0 2 0 0 0 0 0 0 0 0 0 0 0 0 0 0 0 0 0 0 0 2 0 0 0 0 1 61 80 38 1 16 193 192 17 8 0 0 0 0 28 23 12 58 288 38 0 9 10 22 1 0 0 1 17 2 3 7 21 25 22 86 745 723 335 295 707 932 1693 211 179 95 162 0 0 0 0 0 0 0 0 0 0 0 0 0 0 0 0 0 0
0 8 25 0 8 1 13 63 13 15 7 1 2 1 0 0 0 0 1 0 0 0 2 1 0 0 0 0 1 1 0 0 0 0 0 1 0 0 0 0 0 0 0 0 0 2 0 1 3 5 1 20 205 19 9 0 0 135 74 1 0 0 0 0 0 0 0 0 0 0 0 0 0 0 0 0 0 0 0 0 0 6 17 28 13 13 6 0 35 32 140 117 90 9 3 1 0 4 27 37 58 322 285 540 338 53 12 5 9 9 0 0 14 7 6 1 1 41 26 452 703 915 1950 1803 1062 273 1501 2275 1634 0 3 6 0 0 0 0 0 0 0 0 0 0 0 0 0 0 0 0 0 0
5 15 13 0 6 19 9 33 13 13 1 0 0 0 0 0 0 0 0 0 0 0 0 1 0 0 0 0 3 0 0 0 0 1 1 1 0 0 0 0 3 3 0 0 0 0 0 0 5 5 0 6 63 1 12 2 0 12 129 17 4 1 0 0 0 0 0 0 0 0 0 0 0 0 0 0 0 0 0 0 0 16 15 3 0 8 2 8 26 77 126 131 82 6 26 30 6 1 0 13 143 277 621 258 240 97 5 4 0 15 8 2 0 1 4 3 1 433 359 718 632 21 26 154 312 267 751 1146 298 6 152 6 0 0 0 0 0 0 0 0 0 0 0 0 0 0 0 0 0 0
11 3 101 20 93 124 74 3 1 11 1 0 0 3 0 1 0 0 0 0 2 1 0 0 0 0 0 0 0 0 0 0 0 0 0 0 0 0 0 0 1 3 1 0 0 1 0 0 4 0 0 5 19 0 0 2 12 2 1 27 24 0 0 0 0 0 0 0 0 0 0 0 0 0 0 0 0 0 0 1 31 58 0 0 32 0 202 85 1 2 0 6 11 4 0 0 0 0 0 28 9 70 800 334 165 283 13 7 13 6 22 0 19 0 0 19 218 516 133 35 0 0 0 0 56 422 179 522 524 17 32 17 0 0 0 0 0 0 0 0 0 0 0 0 0 0 0 0 0 0
6 37 82 183 333 399 184 36 6 0 0 0 0 0 1 0 0 0 0 1 1 14 0 2 0 0 0 0 0 0 0 0 0 0 1 2 0 0 1 0 0 0 0 8 3 5 0 15 11 0 0 17 6 0 0 1 6 1 12 3 1 1 0 0 0 0 0 0 0 0 0 0 0 0 0 0 0 0 15 45 9 0 0 1 11 9 30 214 29 0 0 0 0 0 0 0 0 0 0 0 0 222 631 204 194 199 1 8 2 18 5 2 0 0 5 89 206 6 19 75 0 0 0 0 11 533 264 766 270 16 28 1 0 0 0 0 0 0 0 0 0 0 0 0 0 0 0 0 1 0
5 76 405 991 450 314 170 45 0 0 0 1 4 0 0 3 0 2 0 2 0 2 0 0 0 0 0 2 4 1 0 0 0 0 0 0 0 0 0 0 0 5 1 3 2 0 0 18 36 0 0 0 29 0 0 0 1 0 0 0 0 7 0 0 0 0 0 0 0 0 0 0 0 0 0 0 0 15 0 1 0 0 0 0 0 0 87 24 0 0 0 0 0 0 0 0 0 0 0 0 16 49 22 28 83 121 1 0 0 0 11 8 6 8 7 0 28 7 16 52 23 45 8 0 13 99 105 162 68 1 0 0 0 0 0 0 0 0 0 0 0 0 0 0 0 0 0 0 0 0
1 8 332 223 157 506 41 33 3 2 0 2 0 0 0 0 0 0 4 6 1 6 0 0 0 0 0 0 2 3 0 1 1 0 2 0 1 0 0 0 1 0 0 0 0 0 0 0 2 8 0 0 0 0 0 15 0 0 0 0 0 0 0 0 0 0 0 0 0 0 0 0 0 0 0 0 3 2 0 0 0 0 0 0 0 0 119 21 8 25 33 1 0 0 5 16 0 0 0 530 914 137 286 153 5 133 42 0 1 1 3 8 11 0 0 0 0 0 27 62 114 69 238 278 62 50 3 1 0 2 0 0 0 0 0 0 0 0 0 0 0 0 0 0 0 0 0 0 0 0
14 23 105 99 70 67 9 0 0 1 16 3 0 0 0 0 1 0 0 0 1 46 1 0 0 0 0 1 0 3 0 0 0 1 1 0 0 0 0 0 1 0 0 2 0 24 0 0 0 0 2 0 1 0 3 55 0 0 0 0 0 0 0 0 0 0 0 0 0 0 0 0 0 0 0 0 6 3 0 0 0 0 0 0 0 7 50 0 0 48 32 0 0 0 39 147 77 8 315 1453 708 586 225 45 0 47 102 64 0 2 35 0 0 0 0 0 1 0 80 63 148 35 21 106 9 102 20 33 82 34 15 0 0 0 0 0 0 0 0 0 0 0 0 0 0 0 0 0 0 0
47 13 27 6 1 0 3 0 0 0 0 0 0 0 0 0 0 1 0 0 0 3 2 0 0 0 0 0 0 10 0 0 0 9 23 0 0 0 0 0 0 0 0 0 0 11 0 0 0 0 0 0 1 2 72 20 6 0 0 0 0 0 0 0 0 0 0 0 0 0 0 0 0 0 20 10 1 0 0 0 0 0 0 0 0 0 20 2 0 0 137 17 17 17 157 412 139 14 108 135 7 3 43 18 14 5 1 200 612 146 0 0 0 1 0 0 0 4 0 0 48 1 0 1 42 64 79 43 603 150 31 0 0 0 0 0 0 0 0 0 0 0 0 0 0 0 0 0 0 0
27 1 10 3 0 0 5 0 0 0 0 0 0 0 0 1 0 0 0 0 2 0 2 0 0 0 0 0 0 0 11 66 2 0 0 0 0 0 0 0 1 0 0 0 0 1 0 0 0 0 0 0 0 0 22 0 0 0 0 0 0 0 0 0 0 0 0 0 0 0 0 0 0 0 9 34 15 0 0 0 0 0 0 0 1 0 68 62 233 61 88 25 19 34 1 88 24 2 0 1 4 5 3 0 0 7 200 307 138 26 1 0 1 0 0 0 0 3 0 0 4 12 8 8 7 138 104 237 145 193 243 2 0 0 0 0 0 0 0 0 0 0 0 0 0 0 0 0 0 0
0 0 0 0 1 0 0 0 0 0 0 0 0 0 0 0 0 2 0 0 1 0 0 1 0 0 1 0 5 0 2 1 0 0 0 0 0 0 0 0 0 0 0 0 0 0 12 0 0 0 0 1 3 37 12 2 0 0 0 0 0 0 0 0 0 0 0 0 0 0 0 2 2 3 2 0 0 0 0 0 0 0 0 0 0 0 0 0 107 3 0 0 0 3 4 33 4 1 3 0 1 5 0 3 2 213 905 461 150 126 0 0 0 0 0 0 0 0 70 7 4 26 1 29 9 1 39 94 13 13 4 5 0 0 0 0 0 0 0 0 0 0 0 0 0 0 0 0 0 0
0 0 0 0 0 0 0 0 0 0 0 0 0 0 0 0 1 0 0 1 0 0 0 3 0 0 0 3 0 0 0 1 0 0 0 0 0 1 0 0 0 0 1 0 0 3 0 0 0 0 18 2 2 74 9 2 0 0 0 0 0 0 0 0 0 0 0 0 0 0 5 4 3 1 0 0 0 0 0 0 0 0 0 0 0 0 1 0 1 1 0 0 1 28 0 0 6 0 19 1 1 1 5 0 47 160 215 18 81 144 0 0 0 0 0 0 0 0 6 9 0 7 1 101 116 42 207 35 50 31 3 0 0 0 0 0 0 0 0 0 0 0 0 0 0 0 0 0 0 0
0 0 0 0 7 35 0 0 0 0 0 0 0 0 0 0 1 0 0 1 0 0 0 0 0 0 2 0 0 1 0 1 0 0 0 1 0 0 0 0 0 0 3 1 0 1 0 0 0 0 2 0 9 2 4 2 4 2 0 0 0 0 0 0 0 0 0 0 1 11 3 0 0 0 0 0 0 0 0 0 0 0 0 0 0 0 0 0 1 1 0 30 152 25 1 0 1 0 4 5 17 2 9 14 150 19 0 2 8 27 8 0 0 0 0 0 0 0 0 0 3 21 0 29 0 0 0 291 7 2 0 0 0 0 0 0 0 0 0 0 0 0 0 0 0 0 0 0 0 0
0 0 0 0 68 20 1 0 0 0 0 0 0 0 3 0 0 0 2 0 0 0 0 0 0 0 1 0 16 0 3 0 0 0 0 0 0 0 1 0 0 0 0 12 0 1 0 0 0 14 0 0 0 8 0 9 1 3 0 4 0 0 0 0 0 0 3 2 7 2 0 0 1 5 0 0 0 0 0 0 0 0 0 0 0 0 0 0 42 50 192 335 208 18 0 0 0 1 1 43 56 280 319 62 6 16 3 0 0 16 13 0 0 0 0 0 0 0 0 0 0 0 0 0 0 10 142 24 0 0 0 0 0 0 0 0 0 0 0 0 0 0 0 0 0 0 0 0 0 0
0 0 0 0 2 0 0 0 0 0 0 0 1 0 0 0 0 0 1 0 0 0 0 0 0 0 0 0 0 8 0 0 0 0 0 2 0 0 0 0 0 0 0 0 6 4 0 0 0 0 0 0 0 11 17 1 0 0 0 0 0 0 0 0 0 0 0 0 13 2 0 0 0 0 0 0 0 0 0 0 0 0 0 0 1 0 12 0 26 125 229 150 134 17 0 9 4 2 8 110 142 113 120 23 0 1 0 0 0 0 2 0 0 0 0 0 0 0 0 0 0 52 57 0 0 19 8 1 0 0 0 0 0 0 0 0 0 0 0 0 0 0 0 0 0 0 0 0 0 0
0 0 0 0 0 1 1 0 0 0 0 1 30 25 1 0 0 0 0 0 0 0 0 0 0 5 6 0 1 69 0 0 0 0 1 4 0 0 0 0 0 0 0 0 0 9 13 0 0 2 10 0 1 12 14 0 0 0 0 0 0 0 0 0 0 0 1 7 34 0 0 0 0 0 0 0 0 0 0 0 0 0 1 0 1 11 36 3 2 9 0 7 10 0 26 0 0 5 9 28 174 0 1 3 0 0 0 1 2 44 14 50 1 0 0 0 0 0 0 0 0 0 0 0 0 4 0 1 0 0 0 0 0 0 0 0 0 0 0 0 0 0 0 0 0 0 0 0 0 0
0 0 0 0 2 2 1 1 0 0 0 0 0 1 10 1 0 0 0 0 0 0 0 0 0 0 0 0 0 4 0 0 0 0 0 0 0 0 0 0 0 0 0 0 0 0 3 13 0 3 0 0 0 0 8 1 2 0 0 0 0 0 0 0 0 0 10 29 9 0 0 0 0 0 0 0 0 0 0 0 0 0 0 0 50 1 0 1 4 54 3 2 15 1 11 8 5 47 26 26 30 14 5 1 3 0 0 30 170 224 163 294 44 18 0 0 0 0 0 0 0 0 0 0 0 0 0 0 0 0 0 0 0 0 0 0 0 0 0 0 0 0 0 0 0 0 0 0 0 0
0 0 0 0 1 2 0 2 0 0 0 0 0 0 0 0 0 0 0 0 0 0 0 0 0 0 0 4 0 0 0 0 0 0 0 0 0 0 1 1 0 0 0 0 0 0 4 5 31 1 1 0 0 4 0 104 127 2 1 0 0 0 0 0 0 10 55 113 2 0 0 3 0 0 0 0 0 0 0 0 0 0 0 24 47 0 4 4 11 2 4 7 1 0 1 19 77 28 10 8 5 0 7 4 1 0 10 4 60 59 224 47 134 131 1 0 0 0 0 0 0 0 0 0 0 0 0 0 0 0 0 0 0 0 0 0 0 0 0 0 0 0 0 0 0 0 0 0 0 0
0 0 0 1 0 0 0 0 0 0 0 2 0 0 0 22 13 0 0 0 0 0 0 0 0 0 0 1 1 1 1 0 0 0 0 1 2 0 7 0 0 0 0 0 0 2 5 81 102 2 0 0 0 0 22 5 6 4 34 9 3 2 3 17 7 2 1 9 0 0 0 0 0 0 0 0 0 0 0 0 0 0 0 0 0 0 0 24 2 7 0 0 0 0 5 177 19 0 0 1 0 0 0 0 56 68 340 808 391 77 13 0 178 86 0 0 0 0 0 0 0 0 0 0 0 0 0 0 0 0 0 0 0 0 0 0 0 0 0 0 0 0 0 0 0 0 0 0 0 0
0 0 4 2 2 51 6 6 0 0 2 2 0 1 0 0 0 0 0 0 0 0 0 0 0 0 0 0 0 0 1 0 0 0 0 1 0 0 9 0 1 2 0 1 0 2 18 14 1 2 0 0 2 2 19 2 0 0 0 1 0 0 0 0 1 0 1 2 0 9 0 5 0 0 0 0 0 0 0 0 0 0 0 0 0 0 0 6 0 2 9 19 1 6 90 20 3 0 0 0 0 1 0 14 249 114 252 426 194 244 100 159 256 1 0 0 0 0 0 0 0 0 0 0 0 0 0 0 0 0 0 0 0 0 0 0 0 0 0 0 0 0 0 0 0 0 0 0 0 0
0 0 8 0 46 40 2 0 2 0 0 0 0 1 0 0 1 0 0 0 0 0 0 0 0 0 0 0 0 0 0 0 0 0 0 0 0 0 0 1 0 3 7 0 0 0 4 8 2 3 0 0 5 2 3 0 1 8 7 2 0 1 3 2 0 1 1 6 0 0 0 0 2 3 0 0 0 0 0 0 0 0 0 0 0 4 0 0 1 0 0 0 9 58 3 22 257 0 0 0 0 0 0 64 170 248 2 0 4 28 0 21 21 0 0 0 0 0 0 0 0 0 0 0 0 0 0 0 0 0 0 0 0 0 0 0 0 0 0 0 0 0 0 0 0 0 0 0 0 0
0 0 0 0 0 5 0 0 12 0 0 0 0 1 0 0 0 0 1 0 0 0 0 0 0 0 0 0 0 0 0 0 1 6 0 0 0 0 0 0 0 1 0 0 0 0 2 2 14 7 0 0 0 1 0 0 0 0 6 5 0 3 0 0 0 0 0 0 0 0 2 1 10 0 0 0 0 0 0 0 0 0 0 0 0 0 0 0 0 0 0 44 90 24 23 196 348 0 0 0 0 0 0 4 6 0 1 0 0 2 27 67 0 0 0 0 0 0 0 0 0 0 0 0 0 0 0 0 0 0 0 0 0 0 0 0 0 0 0 0 0 0 7 8 1 0 0 0 0 0
0 0 0 0 0 2 0 0 1 4 0 0 9 0 1 0 0 1 0 0 0 0 0 0 0 0 0 0 0 0 0 0 0 0 0 0 0 0 0 0 0 0 0 0 0 0 0 0 0 0 6 1 0 5 0 0 0 0 1 8 1 0 0 0 0 0 0 0 0 0 2 5 0 0 0 0 0 0 0 0 0 0 0 0 0 0 0 0 45 5 5 24 269 159 43 0 0 0 0 0 0 0 1 3 1 0 1 9 0 101 204 0 0 0 0 0 0 0 0 0 0 0 0 0 0 0 0 0 0 0 0 0 0 0 0 0 0 0 0 0 0 0 0 1 0 0 0 0 0 0
1 5 0 0 5 5 0 0 0 0 0 0 0 4 0 0 0 0 0 0 0 0 0 0 0 0 0 0 0 0 0 0 0 0 0 0 0 0 0 0 0 0 0 0 0 0 0 0 0 0 7 0 6 0 0 0 0 0 0 2 1 1 0 0 0 0 0 0 0 0 0 1 0 0 0 0 0 0 0 0 0 0 0 0 0 0 0 0 0 4 21 100 672 0 0 10 10 0 0 0 0 0 0 4 2 1 0 19 20 41 81 3 0 0 0 0 0 0 0 0 0 0 0 0 0 0 0 0 0 0 0 0 0 0 0 0 0 0 0 0 0 0 0 0 0 0 0 0 0 0
0 0 0 0 0 0 0 0 0 0 0 0 6 0 0 0 0 0 1 0 0 0 0 0 0 0 0 0 0 0 0 0 0 0 0 0 0 0 0 0 0 0 0 0 0 0 0 0 0 0 2 10 1 5 0 0 5 2 2 14 1 0 0 0 0 0 0 0 0 0 1 88 1 0 0 0 0 0 0 0 0 0 0 0 0 0 0 0 1 1 24 20 34 4 11 1 0 0 0 0 0 0 0 0 0 0 0 0 0 0 0 0 0 0 0 0 0 0 0 0 0 0 0 0 0 0 0 0 0 0 0 0 0 0 0 0 0 0 0 0 0 0 0 0 0 0 0 0 0 0
0 0 0 0 0 0 0 0 0 0 0 0 0 0 0 0 0 0 0 0 0 0 5 44 0 0 0 0 0 0 0 0 0 0 0 0 4 0 0 0 0 0 0 0 0 0 0 0 0 0 0 27 2 1 2 0 0 0 0 0 1 17 27 0 0 0 0 0 0 0 0 9 9 0 16 0 0 0 0 0 0 0 0 0 0 0 0 0 2 8 6 45 28 58 27 1 1 0 0 0 0 0 0 0 0 0 0 0 0 0 0 0 0 0 0 0 0 0 0 0 0 0 0 0 0 0 0 0 0 0 0 0 0 0 0 0 0 0 0 0 0 0 0 0 0 0 0 0 0 0
0 0 0 0 0 0 0 0 1 0 0 0 0 0 0 0 0 0 0 0 0 0 2 0 5 0 0 0 5 0 0 0 0 0 0 0 0 0 0 0 0 0 0 0 0 0 0 0 0 0 0 18 43 3 1 0 1 0 0 0 4 25 53 0 0 0 0 0 0 0 0 0 5 0 1 0 0 0 0 0 0 0 0 0 0 0 0 0 0 5 23 12 0 190 45 13 0 0 1 0 0 0 0 0 0 0 0 0 0 0 0 0 0 0 0 0 0 0 0 0 0 0 0 0 0 0 0 0 0 0 0 0 0 0 0 0 0 0 0 0 0 0 0 0 0 0 0 0 0 0
0 0 0 0 0 0 0 0 0 0 0 0 2 3 0 0 0 0 0 0 0 0 0 0 3 1 0 0 1 1 1 0 0 0 0 0 0 0 0 0 0 0 0 0 0 0 0 0 0 4 53 55 152 10 12 6 0 0 1 0 0 19 0 0 0 0 0 0 0 0 0 0 0 0 2 0 0 0 0 0 0 0 0 0 0 0 0 0 0 0 0 9 26 9 6 4 0 0 0 0 0 0 0 0 0 0 0 0 0 0 0 0 0 0 0 0 0 0 0 0 0 0 0 0 0 0 0 0 0 0 0 0 0 0 0 0 0 0 0 0 0 0 0 0 0 0 0 0 0 0
0 0 0 0 0 0 0 0 0 0 0 0 8 5 2 1 0 2 1 0 0 1 0 0 0 4 2 0 0 0 0 0 0 0 0 0 0 0 0 1 0 0 0 0 0 0 0 0 1 3 1 22 156 2 29 5 0 0 0 0 1 2 1 0 0 0 0 0 0 0 0 0 0 0 0 0 0 0 0 0 0 0 0 0 0 0 0 0 0 0 0 1 2 2 2 1 13 2 0 7 0 0 0 0 0 0 0 0 0 0 0 0 0 0 0 0 0 0 0 0 0 0 0 0 0 0 0 0 0 0 0 0 0 0 0 0 0 0 0 0 0 0 0 0 0 0 0 0 0 0
0 0 0 0 1 0 0 0 2 5 0 0 0 0 7 0 0 0 3 0 0 0 0 2 3 2 0 0 0 0 0 0 0 0 0 0 0 0 1 0 0 0 0 0 0 0 0 12 0 0 0 16 19 0 0 0 0 0 1 1 11 4 0 0 0 0 0 0 0 0 0 0 0 0 0 0 0 0 0 0 0 0 0 0 0 0 0 0 0 0 0 0 0 2 0 2 27 1 1 0 0 0 0 0 0 0 0 0 0 0 0 0 0 0 0 0 0 0 0 0 0 0 0 0 0 0 0 0 0 0 0 0 0 0 0 0 0 0 0 0 0 0 0 0 0 1 0 0 0 0
0 0 2 0 0 0 0 0 0 0 7 1 0 0 0 0 0 0 0 0 0 0 0 1 0 1 2 0 0 0 0 0 1 2 18 1 0 0 0 0 0 0 0 0 0 0 2 147 0 0 0 0 0 0 0 0 0 0 0 0 4 0 0 0 0 0 0 0 0 0 0 0 0 0 0 0 0 0 0 0 0 0 0 0 0 0 0 0 0 0 0 0 0 0 0 2 15 30 0 0 0 0 0 0 0 0 0 0 0 0 0 0 0 0 0 0 0 0 0 0 0 0 0 0 0 0 0 0 0 0 0 0 0 0 0 0 0 0 0 0 0 0 0 1 7 16 0 0 0 0
2 0 0 0 0 0 0 0 0 0 0 0 0 0 0 0 0 0 0 4 2 1 0 0 0 0 0 0 0 0 0 0 0 0 1 0 0 0 1 0 0 0 0 0 2 4 1 0 0 0 0 0 0 0 0 0 0 0 0 0 1 3 0 0 0 0 0 0 0 0 0 1 7 0 0 0 0 0 0 0 0 0 0 0 0 0 0 0 0 0 0 0 0 0 2 2 4 0 0 0 22 0 0 0 0 0 0 0 0 0 0 0 0 0 0 0 0 0 0 0 0 0 0 0 0 0 0 0 0 0 0 0 0 0 0 0 0 0 0 0 0 0 0 0 0 0 0 0 0 0
0 0 0 0 0 0 0 0 0 0 0 1 0 0 0 0 0 0 0 1 1 0 0 0 0 0 0 0 0 0 0 0 0 0 0 0 0 0 0 0 0 0 0 1 1 0 0 0 0 0 0 0 0 0 0 0 0 0 0 0 3 0 0 0 0 0 0 0 0 0 16 21 0 0 0 0 0 0 0 0 0 0 0 0 0 0 0 0 0 0 0 0 0 0 5 0 1 0 0 0 0 0 0 0 0 0 0 0 0 0 0 0 0 0 0 0 0 0 0 0 0 0 0 0 0 0 0 0 0 0 0 0 0 0 0 0 0 0 0 0 0 0 0 0 0 0 0 0 0 0
0 0 0 0 0 0 0 0 0 2 6 0 4 0 0 3 2 0 0 0 0 0 0 0 0 0 0 0 0 0 0 0 0 0 0 0 0 1 0 0 0 0 0 0 2 0 0 0 0 0 0 0 0 0 0 0 0 0 0 3 0 0 0 0 0 0 0 0 0 0 9 2 0 0 0 0 0 0 0 0 0 0 0 0 0 0 0 0 0 0 0 0 0 0 1 5 4 0 0 0 0 0 0 0 0 0 0 0 0 0 0 0 0 0 0 0 0 0 0 0 0 0 0 0 0 0 0 0 0 0 0 0 0 0 0 0 0 0 0 0 0 0 0 0 0 0 0 0 0 0
1 0 0 0 0 0 0 0 1 4 0 1 9 2 1 1 8 0 0 0 0 0 0 0 0 0 0 0 0 0 0 0 0 0 0 0 0 0 0 0 0 0 0 2 1 0 0 0 0 0 0 0 0 0 0 0 0 0 0 24 1 0 0 0 0 0 0 0 63 1 0 0 0 0 0 0 0 0 0 0 0 0 0 0 0 0 0 0 0 0 0 0 0 0 0 0 6 2 0 3 0 0 0 0 0 0 0 0 0 0 0 0 0 0 0 0 0 0 0 0 0 0 0 0 0 0 0 0 0 0 0 0 0 0 0 0 0 0 0 0 0 0 0 0 0 0 0 0 0 0
0 0 0 0 0 0 0 0 0 0 0 0 0 2 0 0 0 6 1 0 0 0 0 0 0 0 0 0 0 0 0 0 0 0 0 0 7 1 4 0 0 0 2 1 0 0 0 0 0 0 0 0 0 0 0 0 0 0 0 0 12 7 0 0 1 0 0 0 93 84 1 0 0 0 0 0 0 0 0 0 0 0 0 0 0 0 0 0 0 0 0 0 0 0 0 0 3 0 0 0 0 0 0 0 0 0 0 0 0 0 0 0 0 0 0 0 0 0 0 0 0 0 0 0 0 0 0 0 0 0 0 0 0 0 0 0 0 0 0 0 0 0 0 0 0 0 0 0 0 0
1 0 1 0 0 0 0 0 0 0 0 2 55 13 0 1 25 1 2 12 0 0 0 30 2 0 0 0 0 0 0 0 0 0 1 2 22 4 4 0 0 0 30 0 0 0 0 0 0 0 0 0 0 0 0 0 0 0 0 0 0 0 1 0 95 55 36 0 0 0 0 0 0 0 0 0 0 0 0 0 0 0 0 0 0 0 0 0 0 0 0 0 0 0 0 0 0 0 0 0 0 0 0 0 0 0 0 0 0 0 0 0 0 0 0 0 0 0 0 0 0 0 0 0 0 0 0 0 0 0 0 0 0 0 0 0 0 0 0 0 0 0 0 0 0 0 0 0 0 0
4 61 10 0 0 0 0 0 0 0 3 1 2 0 0 0 4 1 1 11 7 124 44 8 3 0 0 0 0 0 8 0 0 0 1 18 31 2 0 7 2 6 0 0 0 0 0 0 0 0 0 0 0 0 0 0 0 0 0 0 0 0 0 0 3 1 1 0 0 0 0 0 0 0 0 0 0 0 0 0 0 0 0 0 0 0 0 0 0 0 0 0 0 0 0 0 0 0 0 0 0 0 0 0 0 0 0 0 0 0 0 0 0 0 0 0 0 0 0 0 0 0 0 0 0 0 0 0 0 0 0 0 0 0 0 0 0 0 0 0 0 0 0 0 0 0 0 0 0 0
38 17 16 3 1 2 0 0 0 0 0 0 0 0 0 0 9 2 0 3 0 109 36 2 9 4 1 0 5 13 5 0 0 0 0 0 0 0 3 2 5 20 0 0 0 0 0 0 0 0 0 0 0 0 0 0 0 0 0 0 0 0 0 0 0 0 0 0 0 0 0 0 0 0 0 0 0 0 0 0 0 0 0 0 0 0 0 0 0 0 0 0 0 0 0 0 0 0 0 0 0 0 0 0 0 0 0 0 0 0 0 0 0 0 0 0 0 0 0 0 0 0 0 0 0 0 0 0 0 0 0 0 0 0 0 0 0 0 0 0 0 0 0 0 0 0 0 0 0 0
0 0 0 0 1 0 0 0 0 0 0 4 2 0 0 0 1 1 0 1 0 3 7 3 1 10 2 0 0 0 0 0 0 0 1 4 0 0 0 0 0 0 0 0 0 0 0 0 0 0 0 0 0 0 0 0 0 0 0 0 0 0 0 0 0 0 0 0 0 0 0 0 0 0 0 0 0 0 0 0 0 0 0 0 0 0 0 0 0 0 0 0 0 0 0 0 0 0 0 0 0 0 0 0 0 0 0 0 0 0 0 0 0 0 0 0 0 0 0 0 0 0 0 0 0 0 0 0 0 0 0 0 0 0 0 0 0 0 0 0 0 0 0 0 0 0 0 0 0 0
0 0 0 0 0 0 0 0 0 0 0 0 0 1 0 0 0 0 1 4 1 0 0 3 2 4 2 7 29 3 0 2 0 8 2 1 0 0 0 0 0 0 0 0 0 0 0 0 0 0 0 0 0 0 0 0 0 0 0 0 0 0 0 0 0 0 0 0 0 0 0 0 0 0 0 0 0 0 0 0 0 0 0 0 0 0 0 0 0 0 0 0 0 0 0 0 0 0 0 0 0 0 0 0 0 0 0 0 0 0 0 0 0 0 0 0 0 0 0 0 0 0 0 0 0 0 0 0 0 0 0 0 0 0 0 0 0 0 0 0 0 0 0 0 0 0 0 0 0 0
0 0 0 0 0 0 0 0 0 0 0 0 0 0 0 0 0 0 0 0 0 0 0 0 1 0 0 2 311 64 1 1 4 29 0 0 1 0 0 0 0 0 0 0 0 0 0 0 0 0 0 0 0 0 0 0 0 0 0 0 0 0 0 0 0 0 0 0 0 0 0 0 0 0 0 0 0 0 0 0 0 0 0 0 0 0 0 0 0 0 0 0 0 0 0 0 0 0 0 0 0 0 0 0 0 0 0 0 0 0 0 0 0 0 0 0 0 0 0 0 0 0 0 0 0 0 0 0 0 0 0 0 0 0 0 0 0 0 0 0 0 0 0 0 0 0 0 0 0 0
0 0 0 0 0 0 0 0 0 0 0 0 0 0 0 0 0 0 0 1 0 0 0 0 0 1 7 2 0 0 15 0 0 1 0 0 1 0 0 0 0 0 0 0 0 0 0 0 0 0 0 0 0 0 0 0 0 0 0 0 0 0 0 0 0 0 0 0 0 0 0 0 0 0 0 0 0 0 0 0 0 0 0 0 0 0 0 0 0 0 0 0 0 0 0 0 0 0 0 0 0 0 0 0 0 0 0 0 0 0 0 0 0 0 0 0 0 0 0 0 0 0 0 0 0 0 0 0 0 0 0 0 0 0 0 0 0 0 0 0 0 0 0 0 0 0 0 0 0 0
0 0 0 0 0 0 0 3 0 0 1 0 0 1 0 0 0 0 0 0 0 0 0 0 4 2 15 0 0 0 18 2 1 0 0 0 1 0 0 0 0 0 0 0 0 0 0 0 0 0 0 0 0 0 0 0 0 0 0 0 0 0 0 0 0 0 0 0 0 0 0 0 0 0 0 0 0 0 0 0 0 0 0 0 0 0 0 0 0 0 0 0 0 0 0 0 0 0 0 0 0 0 0 0 0 0 0 0 0 0 0 0 0 0 0 0 0 0 0 0 0 0 0 0 0 0 0 0 0 0 0 0 0 0 0 0 0 0 0 0 0 0 0 0 0 0 0 0 0 0
0 0 0 0 0 0 0 0 0 0 0 0 2 5 0 0 0 0 0 0 0 0 0 0 0 0 0 0 0 0 0 0 6 0 0 0 0 0 0 0 0 0 0 0 0 0 0 0 0 0 0 0 0 0 0 0 0 0 0 0 0 0 0 0 0 0 0 0 0 0 0 0 0 0 0 0 0 0 0 0 0 0 0 0 0 0 0 0 0 0 0 0 0 0 0 0 0 0 0 0 0 0 0 0 0 0 0 0 0 0 0 0 0 0 0 0 0 0 0 0 0 0 0 0 0 0 0 0 0 0 0 0 0 0 0 0 0 0 0 0 0 0 0 0 0 0 0 0 0 0
1 0 0 0 0 0 0 0 0 0 0 1 0 2 0 0 0 0 0 0 0 0 0 0 0 0 0 11 1 3 1 0 0 0 0 0 0 0 0 0 0 0 0 0 0 0 0 0 0 0 0 0 0 0 0 0 0 0 0 0 0 0 0 0 0 0 0 0 0 0 0 0 0 0 0 0 0 0 0 0 0 0 0 0 0 0 0 0 0 0 0 0 0 0 0 0 0 0 0 0 0 0 0 0 0 0 0 0 0 0 0 0 0 0 0 0 0 0 0 0 0 0 0 0 0 0 0 0 0 0 0 0 0 0 0 0 0 0 0 0 0 0 0 0 0 0 0 0 0 0
0 0 0 0 0 0 0 0 0 3 0 0 0 0 0 0 0 0 0 0 0 0 0 0 0 0 0 4 4 0 0 0 1 0 0 0 0 0 0 0 0 0 0 0 0 0 0 0 0 0 0 0 0 0 0 0 0 0 0 0 0 0 0 0 0 0 0 0 0 0 0 0 0 0 0 0 0 0 0 0 0 0 0 0 0 0 0 0 0 0 0 0 0 0 0 0 0 0 0 0 0 0 0 0 0 0 0 0 0 0 0 0 0 0 0 0 0 0 0 0 0 0 0 0 0 0 0 0 0 0 0 0 0 0 0 0 0 0 0 0 0 0 0 0 0 0 0 0 0 0
0 0 0 0 0 0 0 0 0 0 8 1 0 1 0 0 0 0 0 0 0 0 0 0 0 0 0 0 0 0 0 0 2 4 0 0 0 0 0 0 0 0 0 0 0 0 0 0 0 0 0 0 0 0 0 0 0 0 0 0 0 0 0 0 0 0 0 0 0 0 0 0 0 0 0 0 0 0 0 0 0 0 0 0 0 0 0 0 0 0 0 0 0 0 0 0 0 0 0 0 0 0 0 0 0 0 0 0 0 0 0 0 0 0 0 0 0 0 0 0 0 0 0 0 0 0 0 0 0 0 0 0 0 0 0 0 0 0 0 0 0 0 0 0 0 0 0 0 0 0
0 0 0 0 0 0 0 0 0 1 0 0 0 2 0 0 0 0 0 0 0 0 0 0 0 0 0 0 0 0 0 0 0 0 0 0 0 0 0 0 0 0 0 0 0 0 0 0 0 0 0 0 0 0 0 0 0 0 0 0 0 0 0 0 0 0 0 0 0 0 0 0 0 0 0 0 0 0 0 0 0 0 0 0 0 0 0 0 0 0 0 0 0 0 0 0 0 0 0 0 0 0 0 0 0 0 0 0 0 0 0 0 0 0 0 0 0 0 0 0 0 0 0 0 0 0 0 0 0 0 0 0 0 0 0 0 0 0 0 0 0 0 0 0 0 0 0 0 0 0
0 0 0 0 0 0 0 0 0 0 6 0 0 0 0 0 0 0 0 0 0 0 0 0 0 0 0 0 0 0 0 0 0 0 0 0 0 0 0 0 0 0 0 0 0 0 0 0 0 0 0 7 0 0 0 0 0 0 0 0 0 0 0 0 0 0 0 0 0 0 0 0 0 0 0 0 0 0 0 0 0 0 0 0 0 0 0 0 0 0 0 0 0 0 0 0 0 0 0 0 0 0 0 0 0 0 0 0 0 0 0 0 0 0 0 0 0 0 0 0 0 0 0 0 0 0 0 0 0 0 0 0 0 0 0 0 0 0 0 0 0 0 0 0 0 0 0 0 0 0
0 0 1 0 0 0 0 0 3 29 0 0 0 0 0 0 0 0 0 0 0 0 0 0 0 0 0 0 0 0 0 0 0 0 0 0 0 0 0 0 0 0 0 0 0 0 0 0 1 0 2 0 0 0 0 0 0 0 0 0 0 0 0 0 0 0 0 0 0 0 0 0 0 0 0 0 0 0 0 0 0 0 0 0 0 0 0 0 0 0 0 0 0 0 0 0 0 0 0 0 0 0 0 0 0 0 0 0 0 0 0 0 0 0 0 0 0 0 0 0 0 0 0 0 0 0 0 0 0 0 0 0 0 0 0 0 0 0 0 0 0 0 0 0 0 0 0 0 0 0
0 0 0 0 0 2 19 4 16 0 0 0 0 0 0 0 0 0 0 0 0 0 0 0 0 0 0 0 0 0 0 0 0 0 0 0 0 0 0 0 0 0 0 0 0 0 0 0 0 26 41 0 0 0 0 0 0 0 0 0 0 0 0 0 0 0 0 0 0 0 0 0 0 0 0 0 0 0 0 0 0 0 0 0 0 0 0 0 0 0 0 0 0 0 0 0 0 0 0 0 0 0 0 0 0 0 0 0 0 0 0 0 0 0 0 0 0 0 0 0 0 0 0 0 0 0 0 0 0 0 0 0 0 0 0 0 0 0 0 0 0 0 0 0 0 0 0 0 0 0
2 0 0 0 0 0 4 10 0 0 0 0 0 0 0 0 0 0 0 0 0 0 0 0 0 0 0 0 0 0 0 0 0 0 0 0 0 0 0 0 0 0 0 0 0 0 0 0 1 0 0 0 0 0 0 0 0 0 0 0 0 0 0 0 0 0 0 0 0 0 0 0 0 0 0 0 0 0 0 0 0 0 0 0 0 0 0 0 0 0 0 0 0 0 0 0 0 0 0 0 0 0 0 0 0 0 0 0 0 0 0 0 0 0 0 0 0 0 0 0 0 0 0 0 0 0 0 0 0 0 0 0 0 0 0 0 0 0 0 0 0 0 0 0 0 0 0 0 0 0
0 0 0 0 0 0 0 0 0 0 0 0 0 0 0 0 0 0 0 0 0 0 0 0 0 0 0 0 0 0 0 0 0 0 0 0 0 0 0 0 0 0 0 0 0 0 0 0 0 0 0 0 12 38 0 0 0 0 0 0 0 0 0 0 0 0 0 0 0 0 0 0 0 0 0 0 0 0 0 0 0 0 0 0 0 0 0 0 0 0 0 0 0 0 0 0 0 0 0 0 0 0 0 0 0 0 0 0 0 0 0 0 0 0 0 0 0 0 0 0 0 0 0 0 0 0 0 0 0 0 0 0 0 0 0 0 0 0 0 0 0 0 0 0 0 0 0 0 0 0
0 0 0 0 0 0 0 0 0 0 0 0 0 0 0 0 0 0 0 0 0 0 0 0 0 0 0 0 0 0 0 0 0 0 0 0 0 0 0 0 0 0 0 0 0 0 0 0 0 0 0 0 0 1 0 0 0 0 0 0 0 0 0 0 0 0 0 0 0 0 0 0 0 0 0 0 0 0 0 0 0 0 0 0 0 0 0 0 0 0 0 0 0 0 0 0 0 0 0 0 0 0 0 0 0 0 0 0 0 0 0 0 0 0 0 0 0 0 0 0 0 0 0 0 0 0 0 0 0 0 0 0 0 0 0 0 0 0 0 0 0 0 0 0 0 0 0 0 0 0
0 0 0 0 0 0 0 0 0 0 0 0 0 0 0 0 0 0 0 0 0 0 0 0 0 0 0 0 0 0 0 0 0 0 0 0 0 4 0 0 0 0 0 0 0 0 0 0 0 0 0 1 2 0 0 0 0 0 0 0 0 0 0 0 0 0 0 0 0 0 0 0 0 0 0 0 0 0 0 0 0 0 0 0 0 0 0 0 0 0 0 0 0 0 0 0 0 0 0 0 0 0 0 0 0 0 0 0 0 0 0 0 0 0 0 0 0 0 0 0 0 0 0 0 0 0 0 0 0 0 0 0 0 0 0 0 0 0 0 0 0 0 0 0 0 0 0 0 0 0
0 0 0 0 0 0 0 0 0 0 0 0 0 0 0 0 0 0 0 0 0 0 0 0 0 0 0 0 0 0 0 0 1 0 0 0 0 0 0 0 0 0 0 0 0 0 0 0 0 0 0 0 0 0 0 0 0 0 0 0 0 0 0 0 0 0 0 0 0 0 0 0 0 0 0 0 0 0 0 0 0 0 0 0 0 0 0 0 0 0 0 0 0 0 0 0 0 0 0 0 0 0 0 0 0 0 0 0 0 0 0 0 0 0 0 0 0 0 0 0 0 0 0 0 0 0 0 0 0 0 0 0 0 0 0 0 0 0 0 0 0 0 0 0 0 0 0 0 0 0
0 0 0 0 0 0 0 0 0 0 0 0 0 0 0 0 0 0 0 0 0 0 0 0 0 0 0 0 0 0 4 1 0 0 0 0 0 0 0 0 0 0 0 0 0 0 0 0 0 0 0 0 0 0 0 0 0 0 0 0 0 0 0 0 0 0 0 0 0 0 0 0 0 0 0 0 0 0 0 0 0 0 0 0 0 0 0 0 0 0 0 0 0 0 0 0 0 0 0 0 0 0 0 0 0 0 0 0 0 0 0 0 0 0 0 0 0 0 0 0 0 0 0 0 0 0 0 0 0 0 0 0 0 0 0 0 0 0 0 0 0 0 0 0 0 0 0 0 0 0
0 0 0 0 0 0 0 0 0 0 0 0 0 0 0 0 0 0 0 0 0 0 0 0 0 0 0 0 0 0 1 11 1 0 0 0 0 0 0 0 0 0 0 0 0 0 0 0 0 0 0 0 0 0 0 0 0 0 0 0 0 0 0 0 0 0 0 0 0 0 0 0 0 0 0 0 0 0 0 0 0 0 0 0 0 0 0 0 0 0 0 0 0 0 0 0 0 0 0 0 0 0 0 0 0 0 0 0 0 0 0 0 0 0 0 0 0 0 0 0 0 0 0 0 0 0 0 0 0 0 0 0 0 0 0 0 0 0 0 0 0 0 0 0 0 0 0 0 0 0
0 0 0 0 0 0 0 0 0 0 0 0 0 0 0 0 0 0 0 0 0 0 0 0 0 0 0 0 0 0 1 5 0 0 0 0 1 0 0 0 0 0 0 0 0 0 0 0 0 0 0 0 0 0 0 0 0 0 0 0 0 0 0 0 0 0 0 0 0 0 0 0 0 0 0 0 0 0 0 0 0 0 0 0 0 0 0 0 0 0 0 0 0 0 0 0 0 0 0 0 0 0 0 0 0 0 0 0 0 0 0 0 0 0 0 0 0 0 0 0 0 0 0 0 0 0 0 0 0 0 0 0 0 0 0 0 0 0 0 0 0 0 0 0 0 0 0 0 0 0
0 0 0 0 0 0 0 0 0 0 0 0 0 0 0 0 0 0 0 0 0 0 0 0 0 0 1 0 0 2 0 0 0 0 0 0 0 0 0 0 0 0 0 0 0 0 0 0 0 0 0 0 0 0 0 0 0 0 0 0 0 0 0 0 0 0 0 0 0 0 0 0 0 0 0 0 0 0 0 0 0 0 0 0 0 0 0 0 0 0 0 0 0 0 0 0 0 0 0 0 0 0 0 0 0 0 0 0 0 0 0 0 0 0 0 0 0 0 0 0 0 0 0 0 0 0 0 0 0 0 0 0 0 0 0 0 0 0 0 0 0 0 0 0 0 0 0 0 0 0
0 0 0 0 0 0 0 0 0 0 0 0 0 0 0 0 0 0 0 0 0 0 0 0 0 0 0 0 0 43 18 0 0 0 0 0 0 0 0 0 0 0 0 0 0 0 0 0 0 0 1 0 0 0 0 0 0 0 0 0 0 0 0 0 0 0 0 0 0 0 0 0 0 0 0 0 0 0 0 0 0 0 0 0 0 0 0 0 0 0 0 0 0 0 0 0 0 0 0 0 0 0 0 0 0 0 0 0 0 0 0 0 0 0 0 0 0 0 0 0 0 0 0 0 0 0 0 0 0 0 0 0 0 0 0 0 0 0 0 0 0 0 0 0 0 0 0 0 0 0
0 0 0 0 0 0 0 0 0 0 0 0 0 0 0 0 0 0 0 0 0 0 0 0 0 0 1 0 0 0 0 0 0 0 0 0 0 0 0 0 0 0 0 0 0 0 0 0 1 56 0 0 0 0 0 0 0 0 0 0 0 0 0 0 0 0 0 0 0 0 0 0 0 0 0 0 0 0 0 0 0 0 0 0 0 0 0 0 0 0 0 0 0 0 0 0 0 0 0 0 0 0 0 0 0 0 0 0 0 0 0 0 0 0 0 0 0 0 0 0 0 0 0 0 0 0 0 0 0 0 0 0 0 0 0 0 0 0 0 0 0 0 0 0 0 0 0 0 0 0
0 0 0 0 0 0 0 0 0 0 0 0 0 0 0 0 0 0 0 0 0 0 0 0 0 0 11 0 0 0 0 0 0 0 0 0 0 0 0 0 0 0 0 0 0 0 0 0 5 0 0 0 0 0 0 0 0 0 0 0 0 0 0 0 0 0 0 0 0 0 0 0 0 0 0 0 0 0 0 0 0 0 0 0 0 0 0 0 0 0 0 0 0 0 0 0 0 0 0 0 0 0 0 0 0 0 0 0 0 0 0 0 0 0 0 0 0 0 0 0 0 0 0 0 0 0 0 0 0 0 0 0 0 0 0 0 0 0 0 0 0 0 0 0 0 0 0 0 0 0
0 0 0 0 0 0 0 0 0 0 0 0 0 0 0 0 0 0 0 0 0 0 0 0 0 0 0 1 24 0 0 0 0 0 0 0 0 0 0 0 0 0 0 0 0 0 0 0 0 0 0 0 0 0 0 0 0 0 0 0 0 0 0 0 0 0 0 0 0 0 0 0 0 0 0 0 0 0 0 0 0 0 0 0 0 0 0 0 0 0 0 0 0 0 0 0 0 0 0 0 0 0 0 0 0 0 0 0 0 0 0 0 0 0 0 0 0 0 0 0 0 0 0 0 0 0 0 0 0 0 0 0 0 0 0 0 0 0 0 0 0 0 0 0 0 0 0 0 0 6
0 0 0 0 0 0 0 0 0 0 0 0 0 0 0 0 0 0 0 0 0 0 0 0 0 0 0 0 0 0 0 0 0 0 0 0 0 0 0 0 0 0 0 0 0 0 0 0 0 0 0 0 0 0 0 0 0 0 0 0 0 0 0 0 0 0 0 0 0 0 0 0 0 0 0 0 0 0 0 0 0 0 0 0 0 0 0 0 0 0 0 0 0 0 0 0 0 0 0 0 0 0 0 0 0 0 0 0 0 0 0 0 0 0 0 0 0 0 0 0 0 0 0 0 0 0 0 0 0 0 0 0 0 0 0 0 0 0 0 0 0 0 0 0 1 0 0 0 0 0
0 0 0 0 0 0 0 0 0 0 0 0 0 0 0 0 0 0 0 0 0 0 0 0 0 0 0 0 0 0 0 0 0 0 0 0 0 0 0 0 0 0 0 0 0 0 0 0 0 0 0 0 0 0 0 0 0 0 0 0 0 0 0 0 0 0 0 0 0 0 0 0 0 0 0 0 0 0 0 0 0 0 0 0 0 0 0 0 0 0 0 0 0 0 0 0 0 0 0 0 0 0 0 0 0 0 0 0 0 0 0 0 0 0 0 0 0 0 0 0 0 0 0 0 0 0 0 0 0 0 0 0 0 0 0 0 0 0 0 0 0 0 0 0 0 0 0 0 0 0
0 0 0 0 0 0 0 0 0 0 0 0 0 0 0 0 0 0 0 0 0 0 0 0 0 0 0 0 0 0 0 0 0 0 0 0 0 0 0 0 0 0 0 0 0 0 0 0 0 0 0 0 0 0 0 0 0 0 0 0 0 0 0 0 0 0 0 0 0 0 0 0 0 0 0 0 0 0 0 0 0 0 0 0 0 0 0 0 0 0 0 0 0 0 0 0 0 0 0 0 0 0 0 0 0 0 0 0 0 0 0 0 0 0 0 0 0 0 0 0 0 0 0 0 0 0 0 0 0 0 0 0 0 0 0 0 0 0 0 0 0 0 0 0 0 0 0 0 0 0
0 0 0 0 0 0 0 0 0 0 0 0 0 0 0 0 0 0 0 0 0 0 0 0 0 0 0 0 0 0 0 0 0 0 0 0 0 0 0 0 0 0 0 0 0 0 0 0 0 0 0 0 0 0 0 0 0 0 0 0 0 0 0 0 0 0 0 0 0 0 0 0 0 0 0 0 0 0 0 0 0 0 0 0 0 0 0 0 0 0 0 0 0 0 0 0 0 0 0 0 0 0 0 0 0 0 0 0 0 0 0 0 0 0 0 0 0 0 0 0 0 0 0 0 0 0 0 0 0 0 0 0 0 0 0 0 0 0 0 0 0 0 0 0 0 0 0 0 0 0
0 0 0 0 0 0 0 0 0 0 0 0 0 0 0 0 0 0 0 0 0 0 0 0 0 0 0 0 0 0 0 0 0 0 0 0 0 0 0 0 0 0 0 0 0 0 0 0 0 0 0 0 0 0 0 0 0 0 0 0 0 0 0 0 0 0 0 0 0 0 0 0 0 0 0 0 0 0 0 0 0 0 0 0 0 0 0 0 0 0 0 0 0 0 0 0 0 0 0 0 0 0 0 0 0 0 0 0 0 0 0 0 0 0 0 0 0 0 0 0 0 0 0 0 0 0 0 0 0 0 0 0 0 0 0 1 0 0 0 0 0 0 0 0 0 0 0 0 0 0
