0 0 15 4 0 0 2 0 11 113 5 12 0 6 0 0 0 3 3 0 1 1 0 0 2 17 0 1 0 0 0 0 0 2 1 11 0 0 1 3 0 0 0 0 2 0 0 0 0 0 0 0 0 1 3 2 0 0 2 6 44 29 1 5 0 7 8 0 3 0 0 8 12 182 94 260 151 44 20 10 9 113 81 48 104 159 192 131 28 171 766 657 93 620 368 575 821 751 659 148 383 128 19 34 58 52 81 379 199 9 15 7 13 80 42 25 22 23 4 10 0 32 16 11 0 13 0 2 16 27 1 13 1 16 4 0 3 4 0 0 5 0 0 0 0 0 0 0 0 16
0 0 2 5 0 0 0 0 0 39 6 8 4 5 0 0 0 0 24 0 0 0 25 0 11 29 1 2 0 0 0 0 0 0 0 0 0 0 7 0 0 0 0 0 0 0 0 0 0 0 0 0 0 5 2 0 0 0 0 29 76 23 5 29 14 1 0 0 0 0 0 11 56 60 21 1 26 73 10 62 127 104 16 5 109 217 239 145 281 329 85 43 388 370 262 403 945 446 702 573 250 89 31 25 5 1 0 26 60 25 4 4 0 21 91 18 4 15 4 13 4 11 12 2 2 0 0 2 18 78 13 8 48 57 0 0 0 1 0 75 17 0 0 0 0 0 0 0 0 0
1 0 0 0 2 0 1 0 0 1 4 1 17 3 0 0 0 0 1 0 2 12 106 24 18 0 0 11 0 0 0 0 0 0 0 6 4 1 0 20 2 0 0 5 0 0 0 0 0 0 0 0 0 0 5 2 0 0 1 13 17 8 1 10 0 0 0 0 0 0 1 9 7 0 0 1 0 57 203 224 105 36 7 31 24 119 423 164 16 8 84 37 125 444 620 542 346 323 234 452 528 325 11 107 39 9 3 12 219 126 22 6 2 20 3 6 3 71 13 2 77 50 3 3 2 3 5 2 0 29 7 2 43 120 0 0 24 0 9 116 14 3 0 0 0 0 0 0 0 0
35 6 0 0 0 0 0 0 0 2 3 1 0 0 0 3 0 0 1 0 0 0 2 9 6 0 2 10 8 0 0 0 0 1 0 0 0 4 0 2 5 0 0 0 0 0 0 0 0 1 2 0 0 0 69 40 0 39 47 2 0 0 8 13 0 0 0 0 0 0 14 128 64 4 0 6 26 99 275 395 140 111 89 278 120 20 76 189 7 192 937 988 1081 704 659 372 117 223 450 467 520 566 247 32 57 84 37 21 328 128 33 28 44 22 0 5 15 96 52 29 55 78 19 2 2 10 0 0 9 0 5 17 16 1 10 1 39 1 1 6 84 6 0 0 0 0 0 0 0 0
2 9 0 0 0 0 0 1 1 0 0 0 0 0 0 4 4 2 0 2 1 0 0 0 1 1 0 0 0 1 0 0 1 0 2 4 2 0 3 0 1 0 0 0 0 0 0 0 1 4 0 0 0 0 29 185 38 40 0 0 1 3 0 17 0 0 0 0 1 11 73 45 97 136 55 46 64 197 314 342 204 241 337 412 212 77 62 63 27 309 941 1013 384 896 311 317 111 586 393 672 492 810 571 394 398 192 38 40 3 10 19 21 17 46 5 1 1 26 78 56 189 474 122 7 6 0 2 0 3 2 2 0 0 1 7 0 0 0 0 1 62 4 0 0 0 0 0 0 0 0
21 3 0 0 0 0 0 0 1 0 2 0 0 0 0 4 0 1 10 58 190 2 0 0 0 0 0 0 0 0 0 0 0 0 127 93 32 22 0 1 0 86 1 0 0 0 0 0 0 12 34 15 3 2 8 25 102 9 15 1 0 0 16 3 0 0 0 0 6 80 103 132 120 89 107 64 41 61 40 471 748 538 368 65 7 96 105 26 17 211 1264 1024 185 384 772 552 134 1094 433 424 356 458 884 386 47 128 28 70 8 2 0 2 2 26 15 10 26 4 2 11 227 128 1 4 7 3 4 0 1 0 1 0 0 0 2 1 6 0 1 0 3 3 0 0 0 0 0 0 0 0
0 0 0 3 0 0 0 0 6 2 11 0 0 1 0 0 0 0 6 0 0 3 10 0 0 0 0 0 0 0 2 0 0 0 0 9 2 6 1 0 0 0 0 0 0 0 0 0 0 0 0 6 14 27 1 22 46 3 46 29 5 9 4 0 6 1 0 0 2 80 52 98 203 354 272 148 272 158 383 538 1021 1150 907 708 310 26 12 123 71 112 1102 1149 135 514 790 341 230 461 392 45 24 285 189 177 26 62 94 14 19 12 34 162 205 52 40 35 3 3 11 26 89 80 13 1 5 3 11 2 0 0 0 0 0 0 0 0 0 12 0 0 0 0 0 0 0 0 0 0 0 0
3 0 0 0 1 0 0 0 0 0 0 0 0 0 0 0 0 0 0 0 0 0 0 0 0 0 0 0 0 1 4 0 0 0 7 1 0 7 5 11 0 0 0 0 0 0 0 0 0 0 0 0 0 10 2 9 0 34 50 56 63 60 69 9 15 30 0 0 3 128 10 6 25 60 100 80 103 87 625 742 1093 697 963 187 265 141 178 474 211 66 568 117 111 427 469 465 299 623 516 233 117 302 294 654 122 97 16 44 105 28 208 369 107 52 22 68 3 0 3 22 36 4 3 5 7 2 6 2 9 1 0 0 0 0 0 0 0 0 0 0 0 0 0 0 0 0 0 0 0 0
4 0 0 0 0 0 1 0 2 5 0 0 0 4 14 0 0 0 0 0 0 0 0 0 0 0 0 0 0 0 1 0 0 0 0 0 0 1 0 0 0 0 0 0 0 0 0 0 0 0 0 0 0 13 0 0 2 17 10 57 273 200 20 1 4 48 8 10 4 29 4 0 0 8 2 27 12 43 171 511 851 999 675 34 28 22 694 257 276 82 9 15 359 817 967 986 119 450 357 264 250 219 100 324 674 156 207 230 52 26 663 230 213 16 57 7 3 2 5 6 12 1 7 14 19 3 0 2 0 0 5 1 0 0 0 0 0 0 0 0 0 0 0 0 0 0 0 0 0 0
0 0 0 0 0 0 0 1 18 4 0 0 0 0 0 0 0 0 0 0 0 0 0 0 0 0 0 0 0 0 0 0 0 0 0 0 1 0 0 0 0 0 0 0 0 0 2 1 13 3 1 0 15 6 0 0 1 3 0 16 35 139 34 14 5 3 0 1 0 7 0 0 0 3 0 21 12 90 391 692 820 497 579 216 639 631 343 149 250 211 102 2 47 539 888 1074 436 178 79 1 35 212 26 12 135 567 260 220 68 9 353 435 228 98 10 155 388 555 185 43 78 30 25 28 50 12 21 0 4 19 59 7 0 2 0 0 0 0 0 0 0 0 0 0 0 0 0 0 0 2
0 0 6 0 0 0 0 0 7 1 1 4 0 0 0 2 1 7 1 0 0 0 0 0 0 5 0 0 0 0 0 0 0 0 0 4 2 1 9 0 7 5 0 0 0 0 3 13 14 35 9 8 11 2 0 0 2 8 15 12 1 180 12 14 0 0 3 0 1 19 0 0 0 0 0 0 15 44 194 249 445 162 572 313 239 470 267 370 532 377 67 1 196 247 437 554 648 28 18 41 20 12 0 8 139 286 707 278 182 127 403 237 178 67 1 130 324 883 426 255 504 184 272 155 190 311 195 102 76 33 11 139 46 31 42 0 0 0 0 0 0 0 0 2 0 0 0 0 0 0
2 0 4 0 0 0 0 0 10 1 0 0 0 0 0 3 9 7 0 0 2 0 0 0 0 0 0 0 0 0 0 0 2 5 3 0 0 0 1 3 1 9 9 1 3 0 2 3 0 0 0 0 24 1 14 2 1 1 0 4 0 5 0 7 0 3 1 2 3 0 5 3 0 0 0 7 130 14 132 478 488 211 83 78 128 126 60 42 142 557 41 0 2 5 14 59 859 368 293 14 0 1 12 40 47 37 437 295 39 91 302 253 116 228 49 159 493 207 752 694 325 309 204 92 101 220 0 0 0 17 18 0 97 37 31 0 0 0 0 0 0 0 0 0 0 0 0 0 0 0
1 0 0 0 0 0 2 0 0 0 0 0 0 0 0 0 0 8 2 4 1 3 0 0 0 0 0 0 0 0 2 0 1 0 0 4 0 2 0 0 1 2 45 1 22 0 0 17 0 0 0 0 5 3 3 0 0 0 4 5 1 3 0 1 0 0 0 5 0 2 31 0 0 0 1 50 94 105 217 107 109 164 26 2 28 19 1 0 1 5 4 1 6 13 82 25 663 410 553 524 18 11 48 75 33 22 69 626 572 264 836 647 145 541 288 149 36 72 960 1079 194 252 139 2 32 78 6 0 42 21 0 1 23 11 5 0 0 0 0 0 0 0 0 0 0 1 0 0 0 0
0 0 0 0 0 0 1 2 0 1 0 0 0 0 0 0 0 2 75 13 7 6 1 0 0 0 0 0 0 4 4 0 0 0 0 0 0 0 0 0 0 0 0 55 26 0 0 0 6 0 0 15 0 0 0 0 0 0 6 0 11 6 3 5 0 0 27 52 23 6 77 0 1 7 5 301 600 467 298 42 42 302 96 11 47 190 13 1 0 44 4 0 0 61 6 35 121 476 178 217 0 27 340 132 314 88 135 376 275 590 949 1179 902 248 169 235 298 367 531 413 212 96 0 0 0 43 7 0 11 3 0 0 0 6 1 2 0 0 0 0 0 0 0 0 0 0 0 0 0 0
0 0 0 0 0 0 0 0 7 0 0 0 0 0 0 0 0 0 0 7 4 0 0 0 2 0 0 0 0 0 0 0 0 0 0 0 0 0 0 0 0 0 0 7 39 0 0 1 4 3 9 37 19 0 5 2 6 6 10 36 75 46 10 4 6 8 88 142 229 131 67 2 4 11 76 614 1394 850 353 85 4 101 19 3 13 32 37 18 0 24 13 9 0 2 3 4 44 298 152 183 22 86 450 441 1281 925 1718 1087 964 861 1130 890 638 535 468 315 138 94 98 109 168 137 41 17 0 15 75 12 13 16 6 0 0 0 0 0 0 0 0 0 0 0 0 0 0 0 0 0 0 0
0 0 0 0 0 0 0 33 37 2 1 0 0 0 0 0 0 0 1 7 0 10 14 3 0 0 0 0 0 1 0 0 0 0 0 0 0 0 0 0 0 0 0 0 4 12 0 0 0 22 51 54 0 0 1 10 47 92 15 120 14 25 6 31 11 46 133 59 49 78 125 61 137 132 371 641 1092 628 201 44 7 16 1 0 0 0 30 55 5 76 3 10 0 0 5 24 23 11 20 6 16 0 960 675 655 553 919 352 577 978 1535 1131 1383 483 320 351 57 146 167 114 44 9 156 288 60 88 10 3 3 2 0 0 0 0 20 0 0 0 0 0 0 0 0 0 0 0 0 0 0 0
0 0 0 0 1 0 0 0 0 0 0 0 0 2 1 2 15 1 10 0 2 0 14 24 23 10 1 0 2 0 0 0 0 0 0 0 0 0 0 0 2 0 1 7 0 10 4 2 0 45 14 3 0 12 9 42 68 119 48 45 0 16 0 0 0 9 1 0 0 0 6 0 41 109 279 326 375 307 86 0 0 0 11 0 0 0 0 57 116 9 1 0 9 0 2 17 48 0 8 96 37 188 677 707 439 205 369 219 479 795 716 440 867 492 492 222 48 77 158 19 0 5 39 31 39 341 5 5 3 0 0 0 0 0 0 0 0 0 0 0 0 0 0 0 0 0 0 0 0 0
0 0 0 0 0 5 0 2 0 0 0 0 13 0 0 8 0 7 2 2 0 0 0 4 23 3 2 15 1 0 1 0 0 0 0 0 3 2 1 0 0 0 1 4 0 26 49 0 1 37 42 23 12 67 16 24 30 64 357 2 1 1 0 0 0 9 18 39 12 27 70 13 98 20 83 151 133 125 13 83 0 0 6 14 0 5 1 12 71 7 1 30 44 25 10 1 3 0 32 295 151 105 151 107 135 397 189 210 405 497 119 549 111 242 215 60 76 136 34 6 0 0 0 13 86 665 101 22 3 2 0 0 0 0 0 0 0 0 0 0 0 0 0 0 0 0 0 0 0 0
0 0 1 0 0 6 0 0 0 0 0 0 0 2 0 0 0 0 2 4 4 0 1 0 2 0 44 63 13 0 0 0 0 0 2 10 2 0 0 0 0 0 1 5 14 22 31 1 13 259 98 20 9 6 6 24 112 93 31 37 63 11 6 0 0 0 2 8 6 21 40 16 38 1 4 105 120 34 5 33 26 0 43 44 0 16 6 5 12 3 2 49 69 277 14 3 0 18 151 36 108 192 83 35 147 121 131 382 322 2 2 59 11 386 53 0 8 0 0 0 0 0 2 10 83 228 181 257 20 0 0 0 0 0 0 0 0 0 0 0 0 0 0 0 0 0 0 0 0 0
0 0 0 1 0 0 0 0 0 0 0 0 0 1 1 0 1 0 0 7 10 10 113 5 2 2 2 10 117 12 0 1 0 0 3 0 0 0 0 0 0 1 1 30 16 116 113 11 15 152 52 12 0 6 47 4 55 51 1 0 1 1 0 0 1 15 0 0 9 4 27 39 22 0 0 58 27 0 3 34 6 0 2 1 0 14 27 0 0 8 3 26 12 6 0 20 1 15 18 4 474 794 479 128 70 179 90 201 205 9 0 0 6 341 21 0 0 0 0 0 0 0 0 2 6 14 15 113 8 0 0 0 0 0 0 0 0 0 0 0 0 0 0 0 0 0 0 0 0 1
0 0 0 0 0 0 0 0 0 0 0 0 0 0 0 0 0 1 1 1 2 4 11 2 0 6 9 11 2 6 0 3 8 0 0 0 0 0 0 1 10 8 6 8 5 5 17 30 55 272 214 77 16 30 17 7 11 1 0 0 1 9 17 3 141 144 2 0 1 8 80 47 6 0 2 109 159 60 5 49 8 20 5 3 0 2 2 9 32 10 14 0 0 1 2 0 0 0 260 369 1196 701 441 126 3 28 103 234 8 0 0 0 0 19 0 0 0 0 0 0 0 0 2 1 0 0 23 25 0 0 0 0 0 0 0 0 0 0 0 0 0 0 0 0 0 0 0 0 0 0
0 0 0 0 0 0 0 0 0 0 0 0 0 3 0 3 0 0 0 0 0 0 17 2 1 1 0 0 0 0 12 41 0 4 18 0 0 4 0 0 153 5 0 0 0 0 4 11 100 675 292 284 24 0 2 8 0 0 0 1 2 3 0 0 13 28 53 6 5 81 57 23 32 0 4 30 83 66 102 79 12 41 10 30 9 11 4 17 250 52 17 13 0 10 0 5 4 0 70 373 161 70 46 1 19 22 113 114 19 0 2 0 11 107 0 0 0 0 0 0 0 0 0 0 0 33 55 2 3 6 8 0 0 0 0 0 0 0 0 1 0 0 0 0 0 0 0 0 0 0
0 0 0 0 0 0 0 0 0 0 0 0 0 5 0 0 1 0 0 0 0 3 10 0 1 0 0 0 0 0 1 18 40 13 0 0 26 114 28 17 2 0 0 0 0 0 8 15 47 324 151 95 3 0 0 5 0 1 2 2 0 0 0 0 17 1 9 7 0 4 10 24 50 15 1 1 5 21 19 17 10 41 22 0 1 8 2 0 1 0 1 4 1 0 0 1 3 1 0 1 27 1 8 51 75 29 54 38 58 86 41 7 46 0 0 0 0 0 0 0 0 0 0 3 36 59 69 18 0 0 0 0 0 0 0 0 0 0 0 0 0 0 0 0 0 0 0 0 0 0
0 0 1 0 0 0 0 0 0 0 0 0 0 0 0 0 1 2 0 0 19 0 1 1 0 0 1 0 0 1 2 2 1 7 1 6 8 30 11 1 0 0 0 0 12 65 20 56 3 91 162 37 7 8 3 5 9 21 2 0 0 0 0 0 0 0 0 1 0 0 0 1 94 99 7 16 0 0 0 4 0 9 119 128 0 1 2 1 0 0 0 3 0 8 0 0 0 0 1 3 10 10 3 90 60 30 26 5 1 23 3 567 23 0 0 0 0 0 0 0 0 0 5 13 8 23 56 100 1 0 0 0 0 0 0 0 0 0 0 0 0 0 0 0 0 0 0 0 0 0
0 0 0 0 0 0 0 0 0 0 0 0 0 0 0 0 0 0 0 0 0 0 1 0 0 3 1 0 0 0 0 1 2 4 17 0 0 33 0 0 0 0 0 20 29 15 54 1 0 21 55 39 24 24 32 1 1 2 2 1 0 0 0 0 0 0 0 20 8 2 3 0 8 5 29 16 0 0 0 0 0 1 19 53 19 4 0 0 0 0 6 3 0 1 1 2 14 1 0 2 15 2 4 22 468 0 0 6 0 0 0 48 7 0 0 0 1 0 0 0 0 0 3 2 0 37 33 27 0 0 4 0 1 0 0 0 3 0 0 0 0 0 0 0 0 0 0 0 0 1
0 0 0 0 0 0 0 0 0 0 0 0 0 1 6 33 4 0 2 0 0 1 0 3 0 0 0 0 0 0 0 0 5 53 27 17 0 12 0 0 0 0 0 12 83 18 0 0 7 0 46 7 0 5 0 0 0 0 0 0 3 0 1 0 14 8 0 13 6 7 5 35 0 4 1 4 6 0 0 0 1 0 0 17 1 16 6 6 3 8 0 4 2 1 2 2 0 5 0 2 2 8 9 83 186 134 0 6 0 0 1 6 7 5 16 5 0 0 0 0 2 1 0 0 0 64 45 37 0 0 0 0 0 0 0 1 6 26 0 0 0 0 0 0 0 0 0 0 0 0
0 0 0 0 0 0 0 0 0 0 0 0 0 1 9 0 3 0 0 0 0 4 1 3 0 0 0 8 1 0 0 9 0 4 27 15 0 1 7 7 4 3 1 9 111 8 1 7 0 3 18 25 0 0 0 0 0 0 0 0 0 0 0 0 13 0 0 2 5 1 5 9 0 0 0 1 21 1 0 0 0 0 13 0 3 3 20 6 1 0 7 9 0 1 1 5 0 1 0 2 3 16 8 3 66 191 26 3 0 0 0 0 0 5 6 16 0 0 7 0 0 0 0 0 35 130 11 14 0 0 0 0 0 0 1 0 1 7 0 0 0 0 0 0 0 0 0 0 0 0
0 0 0 0 0 0 0 0 1 0 0 4 0 1 0 4 8 20 3 1 10 21 6 0 3 0 0 3 1 4 6 2 0 34 7 0 1 5 10 34 37 51 3 99 220 5 5 3 0 21 0 27 19 3 0 2 0 0 0 0 0 0 5 0 0 0 0 1 7 37 69 29 4 2 0 2 4 5 0 0 0 0 0 0 0 0 1 3 22 11 8 0 1 1 0 1 0 0 0 1 0 1 12 3 6 456 550 21 7 0 0 0 0 1 0 0 13 146 49 4 0 0 0 23 137 26 76 321 267 7 0 0 0 0 0 5 10 3 0 0 0 0 0 0 0 0 0 0 0 0
0 0 0 0 0 0 0 1 0 2 3 3 13 9 2 6 18 95 3 1 1 2 2 1 0 0 0 5 18 4 1 6 4 3 3 15 2 20 53 156 346 512 382 241 132 15 0 0 1 0 0 1 42 15 2 0 0 0 0 0 0 0 0 0 0 0 0 0 3 0 9 21 8 0 10 6 0 12 1 0 0 13 9 0 13 0 0 0 7 4 5 11 4 3 7 13 4 0 0 0 1 1 10 43 188 374 277 233 9 0 0 0 0 0 0 1 246 85 14 0 0 0 11 134 179 121 663 399 84 41 0 0 1 22 2 11 0 0 0 0 0 0 0 0 0 0 0 0 0 0
0 0 0 0 0 0 0 0 4 8 11 41 13 3 0 1 1 9 0 3 1 7 12 60 4 9 5 0 0 0 7 0 0 10 69 26 14 5 153 255 351 772 478 516 93 10 2 4 2 0 7 1 30 115 19 5 0 0 0 0 0 0 0 0 0 0 0 0 3 1 0 1 1 0 0 0 0 5 10 0 0 0 2 1 9 0 0 0 1 1 0 2 11 27 5 20 2 2 1 0 0 1 5 11 4 44 1 122 26 0 0 0 0 0 147 116 456 215 47 49 19 16 9 122 169 153 529 504 456 389 58 73 29 104 7 2 0 0 0 0 0 0 0 0 0 0 0 0 0 0
0 0 0 0 0 0 2 3 0 4 8 9 0 0 20 7 0 1 16 2 0 12 134 41 0 0 0 0 1 0 5 4 0 0 5 28 23 31 41 98 386 339 361 147 36 6 5 8 3 6 1 2 26 18 8 1 4 0 0 0 0 0 0 0 0 0 0 0 2 1 0 0 0 0 0 0 1 1 8 2 21 14 9 1 29 0 0 2 12 11 0 0 6 19 2 0 10 1 5 1 0 0 3 7 8 2 0 12 37 1 8 1 6 0 57 611 777 501 127 177 123 88 53 12 6 8 355 263 2 41 17 157 400 38 38 0 0 0 0 0 0 0 0 0 0 0 0 0 0 0
0 0 0 0 0 0 2 4 0 1 1 5 2 0 0 0 3 1 15 17 261 44 15 3 0 0 0 2 3 28 1 6 15 13 15 8 0 19 0 68 443 274 256 82 93 32 9 0 4 7 7 0 15 6 31 1 0 0 0 0 0 0 0 0 0 0 0 0 0 1 0 0 0 0 0 0 0 0 9 0 23 14 48 107 16 0 0 0 0 0 1 8 6 4 2 0 17 4 0 0 0 0 0 0 2 9 1 41 230 104 233 326 97 194 345 851 477 240 110 351 60 125 5 2 113 219 341 126 22 0 68 282 306 54 91 3 0 0 0 0 0 0 0 0 0 0 0 0 0 0
0 0 0 0 0 0 0 6 1 2 1 4 3 10 1 6 3 9 9 24 70 1 0 0 0 0 0 0 0 3 21 38 5 0 2 4 1 0 1 19 35 106 41 71 5 0 0 0 0 2 4 0 77 4 4 6 6 3 0 0 0 0 0 0 0 0 0 0 0 0 1 0 0 0 0 4 2 36 6 4 1 3 8 7 0 0 0 0 9 0 1 4 1 13 21 7 2 0 0 0 1 2 0 1 0 9 3 33 137 42 119 127 39 333 895 416 287 213 105 371 62 20 0 25 7 77 104 0 0 0 73 369 0 0 5 0 0 0 0 0 0 0 0 0 0 0 0 0 0 0
0 0 1 1 0 1 13 5 1 0 0 0 0 4 6 3 2 1 37 50 29 0 0 0 0 0 0 0 0 7 44 2 18 0 13 1 0 3 9 0 9 4 3 1 3 0 0 0 5 2 1 7 164 13 16 54 17 5 1 0 0 0 0 0 0 0 0 0 0 0 0 0 0 0 0 0 2 5 2 1 0 2 0 0 0 0 0 0 3 0 1 0 4 26 3 1 11 1 0 0 3 0 0 0 0 6 3 125 61 17 0 43 123 271 276 288 188 233 117 118 180 2 0 0 0 0 3 0 0 0 0 82 35 0 0 0 0 0 0 0 0 0 0 0 0 0 0 0 0 0
0 0 1 0 0 0 8 9 2 3 3 0 1 12 2 7 20 10 2 1 1 6 1 0 0 0 0 18 16 10 25 53 17 3 1 4 2 4 4 11 11 15 2 1 3 1 2 0 0 0 0 55 117 48 0 24 0 0 0 0 0 0 0 0 0 0 0 0 1 0 0 0 0 0 0 0 4 5 3 0 0 2 0 0 0 0 0 0 3 0 11 5 14 45 3 9 6 2 0 5 4 0 0 0 0 1 7 46 366 8 0 0 3 1 3 2 10 27 279 492 51 0 0 0 0 3 5 0 0 0 0 2 76 8 0 0 0 0 0 0 0 0 0 0 0 0 0 0 0 0
0 2 1 0 0 0 19 45 5 2 10 7 9 0 3 97 58 32 5 15 1 1 7 2 3 2 10 24 2 2 7 3 1 0 2 0 0 1 0 2 15 5 0 0 9 0 2 0 0 0 0 78 7 51 17 5 4 0 0 0 0 0 0 0 0 0 0 0 0 0 0 0 0 0 0 0 2 34 0 0 0 0 3 0 0 0 1 0 18 0 20 0 1 40 1 0 0 0 12 6 0 2 6 12 3 19 21 41 196 0 0 0 0 0 7 0 0 1 127 284 338 348 0 0 9 53 1 0 0 43 83 28 55 3 0 0 0 0 0 0 0 0 0 0 0 0 0 0 0 0
0 0 0 0 0 5 6 0 1 8 26 4 1 1 13 32 39 35 6 1 0 4 1 1 1 4 19 0 0 15 0 0 0 2 5 0 0 0 0 4 0 11 11 0 1 0 0 0 0 0 2 60 61 71 30 6 0 0 0 0 0 0 0 0 0 0 0 0 0 0 0 0 0 0 0 0 0 35 91 1 0 1 1 0 0 0 0 92 6 1 2 0 3 2 0 4 0 0 2 5 41 24 51 4 14 21 18 10 81 9 0 0 0 10 154 149 149 417 118 125 695 258 1 16 225 25 0 0 0 193 197 0 0 0 0 0 0 0 0 0 0 0 0 0 0 0 0 1 0 0
0 2 4 2 0 0 0 4 7 3 7 93 7 13 1 0 5 3 1 0 8 0 0 4 6 2 2 0 21 5 0 0 0 0 0 0 0 0 3 0 0 11 20 25 3 0 3 0 0 0 2 80 22 2 2 2 0 0 2 0 0 0 0 0 0 0 0 0 0 0 0 0 0 0 0 0 0 5 37 3 2 20 0 0 0 0 1 10 0 0 5 0 8 10 0 0 2 0 0 2 0 0 3 2 31 0 13 29 42 11 0 0 1 0 104 415 735 495 48 40 80 231 253 302 143 1 0 2 3 397 182 0 0 0 0 0 0 0 0 0 0 0 0 0 0 0 0 0 0 0
0 0 0 0 0 0 7 4 1 1 14 20 0 0 2 2 1 1 1 11 0 0 0 2 0 0 3 1 2 2 0 0 0 0 0 0 0 0 18 0 0 0 2 0 0 2 2 1 0 0 1 73 1 5 1 0 0 0 2 1 2 0 0 0 0 0 0 0 0 0 0 0 0 0 0 0 2 1 101 96 10 30 13 0 0 1 3 0 2 1 0 0 14 12 0 0 0 0 0 11 3 2 3 3 3 4 28 4 48 1 0 5 42 21 74 26 0 56 444 209 25 262 912 520 456 273 238 222 1029 1629 775 21 0 0 0 0 0 0 0 0 1 0 0 0 0 0 0 0 0 0
0 0 1 0 1 3 8 3 0 8 24 2 0 1 4 5 2 1 0 0 0 0 0 0 0 42 42 0 0 0 1 3 12 1 0 0 0 0 0 12 0 0 0 1 0 1 14 0 0 5 3 383 47 9 0 2 0 3 0 0 0 0 0 0 0 0 0 0 0 0 0 0 0 0 0 0 3 14 51 5 0 18 37 0 0 0 0 0 1 3 0 1 3 4 2 20 14 1 2 0 17 0 3 5 15 30 13 3 114 86 3 19 16 5 0 13 6 184 375 475 407 604 754 863 1664 924 834 904 1157 809 1145 1 0 0 0 0 0 0 0 0 0 0 0 0 0 0 0 0 0 0
0 0 0 0 3 7 0 3 15 11 1 2 4 1 5 18 1 1 0 0 0 0 1 0 0 6 2 0 4 0 0 1 0 2 1 1 4 4 0 0 0 0 1 0 0 1 0 0 7 54 462 478 35 112 7 0 8 2 6 2 0 4 0 0 0 0 0 0 0 0 0 0 0 0 0 0 1 0 1 5 0 3 0 0 0 0 0 0 4 0 0 5 8 0 0 0 1 0 4 3 8 7 18 1 63 18 68 54 7 25 14 0 2 5 8 15 7 52 391 1265 1024 715 533 927 1238 1143 209 800 453 20 139 22 0 0 0 0 0 0 0 0 0 0 0 0 0 0 0 0 0 0
2 1 0 4 4 0 1 0 13 1 1 0 4 3 4 5 3 1 0 0 0 0 0 1 10 3 0 1 2 1 0 37 35 0 0 0 0 0 3 1 0 0 0 0 0 0 1 0 1 38 558 745 571 473 34 22 3 2 2 5 0 0 0 0 0 0 0 0 0 0 0 0 0 0 1 0 0 0 0 23 0 0 17 0 0 0 0 28 80 0 0 17 9 0 0 0 0 0 0 7 13 0 13 18 5 101 431 122 6 0 1 1 2 6 2 22 16 4 69 563 384 645 295 2110 1811 1044 332 253 5 495 1754 665 1 0 0 0 0 0 0 0 0 0 0 0 0 0 0 0 0 0
3 1 1 17 2 1 10 6 7 2 5 50 1 2 0 0 0 0 0 0 0 0 0 0 1 0 0 0 0 0 0 7 12 3 5 0 2 0 0 0 0 0 0 2 0 0 2 0 0 8 174 401 378 408 91 99 10 34 3 1 1 0 0 0 0 0 0 0 0 0 0 0 0 0 0 0 0 0 0 54 3 4 15 0 0 0 0 12 26 1 2 38 92 0 0 0 0 0 0 4 11 35 22 14 24 9 7 29 0 0 0 0 4 2 2 2 7 6 5 46 290 234 399 643 1101 1048 396 520 429 1154 451 406 3 0 0 0 0 0 0 0 0 0 0 0 0 0 0 0 0 0
1 2 4 6 2 2 17 19 0 1 3 4 0 0 0 0 0 0 0 0 0 0 0 0 0 0 0 0 0 0 1 0 0 0 0 3 0 0 0 0 0 0 0 0 0 1 7 3 6 5 60 157 250 89 37 45 4 0 4 0 1 0 0 0 0 2 0 0 0 0 0 0 0 0 0 0 0 0 0 0 3 8 0 0 0 1 55 60 24 2 4 191 191 16 8 0 0 0 0 15 81 2 47 259 22 3 0 5 11 0 0 0 14 1 5 1 13 30 25 45 114 860 660 495 335 832 1185 1482 196 161 100 132 0 0 0 0 0 0 0 0 0 0 0 0 0 0 0 0 0 0
1 1 11 0 6 0 12 70 13 11 3 0 4 1 0 0 0 0 0 1 0 0 0 2 0 0 0 0 1 0 0 0 0 0 0 1 0 1 0 0 1 0 0 0 0 0 0 0 2 14 8 36 166 21 22 0 0 53 42 5 0 0 4 0 0 0 0 0 0 0 0 0 0 0 0 0 0 0 0 0 0 4 13 43 8 21 1 1 14 41 97 160 126 5 6 2 0 0 59 43 56 256 255 317 237 66 8 2 12 7 0 0 3 1 3 10 13 63 28 398 717 808 1684 1510 885 209 1538 1851 1183 0 0 3 0 0 0 0 0 0 0 0 0 0 0 0 0 0 0 0 0 0
1 4 28 0 26 8 5 79 18 3 0 0 0 2 0 0 0 0 0 0 0 0 0 0 0 0 0 0 0 0 0 0 0 0 0 2 0 0 0 0 2 0 0 0 0 0 0 0 23 8 0 6 59 4 3 1 0 6 102 11 1 0 0 0 0 0 0 0 0 0 0 0 0 0 0 0 0 0 0 0 3 10 6 0 0 11 0 11 11 53 92 108 157 21 43 12 3 0 0 11 116 243 562 205 164 109 0 5 1 14 2 1 0 2 2 3 5 331 314 646 619 21 22 184 335 285 422 950 378 10 106 7 0 0 0 0 0 0 0 0 0 0 0 0 0 0 0 0 0 0
5 5 80 17 65 98 58 4 0 0 0 1 0 1 0 1 0 0 0 0 0 0 0 0 0 0 0 0 0 0 0 0 0 0 0 0 0 0 0 0 3 1 1 0 0 1 0 0 2 1 0 7 23 0 0 1 1 2 0 36 4 1 0 0 0 0 0 0 0 0 0 0 0 0 0 0 0 0 0 0 36 40 0 2 30 3 84 35 1 0 1 7 9 2 0 0 0 0 0 7 10 102 678 216 161 212 18 41 2 3 19 1 0 0 0 10 237 473 163 19 1 0 0 0 43 387 206 557 517 29 40 41 0 0 0 0 0 0 0 0 0 0 0 0 0 0 0 0 0 0
7 40 86 166 292 313 193 43 10 0 0 0 0 0 0 2 0 1 0 0 0 8 0 0 0 0 0 0 0 0 0 0 0 0 0 0 0 0 0 0 0 1 2 8 6 11 0 18 6 2 0 9 21 1 0 1 1 1 9 6 2 4 0 0 0 0 0 0 0 0 0 0 0 0 0 0 0 0 4 26 5 0 0 5 2 2 22 126 31 0 0 0 0 0 0 0 0 0 0 0 0 221 541 113 135 152 9 11 1 10 3 1 0 0 8 89 193 3 17 41 0 0 0 0 12 454 294 633 364 8 57 1 0 0 0 0 0 0 0 0 0 0 0 0 0 0 0 0 0 0
0 61 322 757 374 246 131 55 0 1 0 12 2 0 0 1 0 1 0 0 0 2 0 0 0 0 0 0 0 1 0 0 0 0 0 0 0 0 1 2 0 2 0 2 1 0 0 12 29 1 0 1 12 0 0 0 3 0 1 0 0 2 0 0 0 0 0 0 0 0 0 0 0 0 0 0 0 9 1 0 0 0 0 0 0 0 44 24 0 0 4 4 0 0 0 5 0 0 0 0 9 62 22 32 89 93 2 0 1 2 4 2 9 36 23 2 3 3 14 33 30 47 6 0 12 157 89 154 91 2 1 0 0 0 0 0 0 0 0 0 0 0 0 0 0 0 0 0 0 0
1 13 140 163 145 196 57 22 4 1 2 6 0 0 0 1 0 2 0 2 6 11 0 0 0 0 0 0 0 6 0 0 0 0 0 0 0 0 0 0 1 0 2 0 0 0 0 1 5 6 2 0 0 0 0 5 1 0 0 0 0 0 0 0 0 0 0 0 0 0 0 0 0 0 0 0 2 1 0 0 0 0 0 2 0 0 65 8 5 17 26 2 0 0 1 7 0 0 0 445 857 195 204 152 4 82 61 1 0 2 5 45 16 2 0 0 0 0 14 51 121 76 260 332 96 93 1 0 0 1 0 0 0 0 0 0 0 0 0 0 0 0 0 0 0 0 0 0 0 0
13 29 28 111 66 65 2 0 0 0 18 1 0 0 0 0 0 0 0 0 2 80 0 0 0 0 0 0 0 1 0 0 0 0 0 0 1 0 0 0 0 0 0 2 0 19 1 1 1 0 1 0 0 0 3 18 0 0 0 0 0 0 0 0 0 0 0 0 0 0 0 0 0 0 0 0 5 4 0 0 0 0 0 0 0 7 42 1 0 27 31 0 0 0 31 113 56 5 228 1555 519 597 327 24 0 42 56 119 0 4 48 3 0 0 0 0 1 1 93 52 136 41 41 105 23 62 24 15 80 41 33 0 0 0 0 0 0 0 0 0 0 0 0 0 0 0 0 0 0 0
38 14 8 0 0 0 0 3 0 0 0 0 1 0 0 1 0 0 1 0 2 9 0 0 0 0 1 2 0 1 0 0 0 12 6 0 0 0 0 0 1 0 0 2 1 13 0 3 1 0 1 0 2 0 68 12 8 0 0 0 0 0 0 0 0 0 0 0 0 0 0 0 0 0 36 5 0 0 0 0 0 0 0 0 0 0 17 0 0 0 71 14 11 6 94 306 87 3 68 153 34 10 22 14 8 0 0 175 434 134 2 0 0 0 4 0 0 2 3 1 50 0 5 5 48 57 103 68 344 182 37 1 0 0 0 0 0 0 0 0 0 0 0 0 0 0 0 0 0 0
11 0 3 4 0 0 1 0 0 0 0 2 0 0 0 1 0 0 0 0 1 0 0 0 0 0 0 1 0 0 10 59 6 0 0 0 0 0 0 0 0 0 0 0 0 0 0 0 0 0 0 0 2 1 24 0 0 0 2 0 0 0 0 0 0 0 0 0 0 0 0 0 0 0 19 35 0 0 0 0 9 5 0 0 0 0 65 47 229 73 83 41 16 41 3 76 7 1 0 1 10 3 4 0 2 15 120 316 155 40 0 0 7 0 4 0 0 11 0 0 0 10 6 15 9 145 81 208 117 234 39 1 0 0 0 0 0 0 0 0 0 0 0 0 0 0 0 0 0 0
0 5 0 3 0 0 0 0 0 0 0 0 0 0 0 0 0 0 0 0 1 0 0 0 0 0 0 0 0 0 3 1 0 0 1 0 0 0 0 0 0 0 0 0 0 3 2 0 0 0 0 0 5 28 8 0 1 0 0 0 0 0 0 0 0 0 0 0 0 0 0 2 4 2 2 0 0 0 0 0 0 0 0 0 0 0 2 9 123 8 0 0 1 3 2 35 0 1 5 0 1 7 1 6 3 166 634 366 359 99 0 0 0 0 0 0 0 0 78 8 4 34 1 39 7 13 129 101 10 20 95 6 0 0 0 0 0 0 0 0 0 0 0 0 0 0 0 0 0 0
1 0 0 0 0 1 0 0 0 0 0 0 0 0 0 0 0 0 0 0 0 0 0 5 0 0 0 4 0 3 0 1 0 15 0 0 0 0 0 0 0 0 0 0 0 1 0 0 0 0 4 0 3 104 6 2 1 0 0 0 0 0 0 0 0 0 0 0 0 0 1 5 4 0 1 0 0 0 0 0 0 0 0 0 0 0 8 0 0 0 0 0 2 25 1 0 3 0 7 1 1 0 3 0 34 86 166 56 62 192 0 0 0 0 0 0 0 0 3 22 1 12 2 87 54 27 165 83 38 31 3 0 0 0 0 0 0 0 0 0 0 0 0 0 0 0 0 0 0 0
0 0 0 0 5 31 1 0 0 0 0 0 0 0 0 1 3 0 0 1 0 0 0 0 0 0 2 0 2 0 0 0 0 0 2 2 0 0 0 3 0 0 2 1 0 1 0 0 0 0 3 0 6 1 4 0 2 0 0 0 0 0 0 0 0 0 0 0 1 7 1 0 0 0 1 0 0 0 0 0 0 0 0 0 0 0 0 0 28 0 0 36 131 12 0 0 3 0 6 5 0 2 10 21 118 42 0 5 14 12 15 0 0 0 0 0 0 0 0 0 8 3 2 18 0 0 0 223 5 2 0 0 0 0 0 0 0 0 0 0 0 0 0 0 0 0 0 0 0 0
0 0 0 0 97 25 0 0 0 0 0 0 0 0 3 0 0 0 0 0 0 0 0 0 0 0 0 0 1 0 2 0 0 0 0 0 0 0 0 0 0 0 0 1 0 0 1 0 0 4 2 0 0 10 2 2 1 4 0 2 0 0 0 0 0 0 0 0 5 2 0 0 1 0 0 0 0 0 0 0 0 0 0 0 0 0 0 0 44 39 163 274 137 7 0 0 2 0 0 42 48 361 312 93 11 16 2 0 0 25 13 0 0 0 0 0 0 0 0 0 0 0 0 0 0 2 71 55 0 0 0 0 0 0 0 0 0 0 0 0 0 0 0 0 0 0 0 0 0 0
0 0 0 0 2 1 0 0 0 0 0 0 6 0 0 1 1 0 13 0 0 0 0 0 0 0 1 0 0 3 0 0 0 0 0 3 1 0 0 0 0 0 0 0 0 12 0 0 0 1 5 0 0 3 5 0 0 0 0 0 0 0 0 0 0 0 0 0 5 0 0 0 0 0 0 0 0 0 0 0 0 0 0 0 0 0 0 2 40 88 142 172 98 21 0 2 2 8 2 80 160 158 169 7 1 5 3 0 0 4 5 0 0 0 0 0 0 0 0 2 2 74 71 0 0 40 21 17 0 0 0 0 0 0 0 0 0 0 0 0 0 0 0 0 0 0 0 0 0 0
0 0 0 1 0 1 0 0 0 0 0 0 28 16 0 4 0 0 0 0 0 0 0 0 0 3 9 1 0 9 0 0 0 0 1 5 0 0 0 0 0 0 0 2 0 7 3 0 0 3 1 0 0 15 12 3 0 0 0 0 0 0 0 0 0 0 0 13 37 0 0 0 0 0 0 0 0 0 0 0 0 0 0 0 4 18 48 3 2 4 0 1 10 2 23 0 0 0 12 26 82 0 1 1 0 0 0 4 2 25 22 72 1 0 0 0 0 0 0 0 0 0 4 0 0 16 0 5 1 0 0 0 0 0 0 0 0 0 0 0 0 0 0 0 0 0 0 0 0 0
0 0 0 0 1 0 1 0 0 0 0 0 0 0 1 2 2 0 0 0 0 0 0 0 0 0 2 0 1 2 0 0 0 0 0 2 0 0 0 0 0 0 1 0 0 1 2 0 0 3 2 0 0 3 10 1 0 0 0 0 0 0 0 0 0 0 2 21 1 0 0 0 0 0 0 0 0 0 0 0 0 0 0 1 40 5 0 6 1 25 5 6 6 3 4 6 5 29 25 12 30 7 2 0 8 0 0 35 126 154 216 404 52 14 0 0 0 0 0 0 0 0 0 0 0 0 0 0 0 0 0 0 0 0 0 0 0 0 0 0 0 0 0 0 0 0 0 0 0 0
0 0 0 0 1 1 0 0 0 0 0 0 0 0 0 0 0 0 0 0 0 0 0 0 2 0 0 0 1 0 0 0 0 0 1 0 0 0 0 0 0 0 0 0 0 0 0 1 17 1 0 0 0 1 0 57 81 0 0 0 0 0 0 0 1 6 51 81 0 0 2 3 0 0 0 0 0 0 0 0 0 0 0 16 38 1 1 6 7 4 5 6 0 0 1 12 100 18 5 2 4 1 19 2 9 2 22 5 82 71 226 27 256 67 9 0 0 0 0 0 0 0 0 0 0 0 0 0 0 0 0 0 0 0 0 0 0 0 0 0 0 0 0 0 0 0 0 0 0 0
0 0 0 0 0 3 0 0 0 0 0 2 0 0 0 5 2 0 0 0 0 0 0 1 0 0 0 0 0 0 0 0 0 0 1 0 0 0 0 0 0 0 0 0 0 6 1 7 73 6 3 0 0 0 9 3 1 8 39 12 2 1 2 8 4 4 5 3 0 5 0 0 0 0 0 0 0 0 0 0 0 0 0 0 0 0 0 14 2 0 2 5 1 0 7 156 9 0 0 0 0 5 4 1 33 55 310 768 366 97 6 0 366 147 0 0 0 0 0 0 0 0 0 0 0 0 0 0 0 0 0 0 0 0 0 0 0 0 0 0 0 0 0 0 0 0 0 0 0 0
0 0 1 2 1 59 2 4 2 0 1 0 0 3 0 0 1 1 0 0 0 0 0 0 0 0 0 0 0 0 3 0 0 0 0 0 0 0 15 0 5 1 0 0 4 6 26 6 0 0 1 0 1 4 5 1 0 0 0 1 0 0 0 1 1 0 2 10 0 11 0 2 0 0 0 0 0 0 0 0 0 0 0 0 0 0 0 1 1 0 10 9 0 2 113 16 1 0 0 0 7 14 0 39 63 98 151 324 197 166 127 129 243 7 0 0 0 0 0 0 0 0 0 0 0 0 0 0 0 0 0 0 0 0 0 0 0 0 0 0 0 0 0 0 0 0 0 0 0 0
0 0 0 0 14 46 0 0 1 0 0 0 0 3 0 0 0 0 0 1 0 0 0 0 0 0 0 0 0 0 1 0 1 1 0 0 0 3 0 0 0 2 0 0 3 0 1 3 4 1 2 1 5 1 2 0 1 9 2 8 0 0 0 0 0 4 0 1 3 0 0 0 2 2 0 0 0 0 0 0 0 0 0 0 0 0 0 0 0 0 0 6 10 32 2 43 162 0 0 0 0 0 0 84 159 226 2 0 13 29 0 17 19 0 0 0 0 0 0 0 0 0 0 0 0 0 0 0 0 0 0 0 0 0 0 0 0 0 0 0 0 0 0 0 0 0 0 0 0 0
0 0 0 0 2 1 0 0 30 1 1 0 0 0 0 0 0 0 2 1 0 0 0 0 0 0 0 0 0 0 0 0 2 0 0 0 1 0 0 0 0 0 0 0 0 0 2 0 11 1 0 0 0 0 0 0 0 0 0 7 1 4 5 0 0 0 0 0 0 0 0 0 5 1 0 0 0 0 0 0 0 0 0 0 0 0 0 0 0 0 0 23 62 5 23 122 292 0 0 0 0 0 0 7 29 0 1 0 0 0 20 88 0 0 0 0 0 0 0 0 0 0 0 0 0 0 0 0 0 0 0 0 0 0 0 0 0 0 0 0 0 0 13 9 6 0 0 0 0 0
0 0 1 1 1 1 0 0 0 3 0 0 0 2 0 1 0 0 2 0 0 0 0 0 0 0 0 0 0 0 0 0 0 0 0 0 0 0 0 0 0 0 0 0 0 2 0 0 0 0 4 1 4 1 0 1 0 0 1 4 3 0 0 0 0 0 0 0 0 0 0 0 0 0 0 0 0 0 0 0 0 0 0 0 0 0 0 0 33 0 8 35 230 147 31 2 0 0 0 0 0 0 0 4 1 0 0 4 0 150 246 7 0 0 0 0 0 0 0 0 0 0 0 0 0 0 0 0 0 0 0 0 0 0 0 0 0 0 0 0 0 0 0 7 0 0 0 0 0 0
0 0 0 0 0 0 0 0 0 0 0 0 0 1 0 0 0 0 0 0 0 0 0 0 1 0 0 0 0 0 0 0 0 0 0 0 0 0 0 0 0 0 0 0 0 0 0 0 0 0 6 1 7 0 0 0 0 0 0 7 0 0 0 0 0 0 0 0 0 0 0 0 0 0 0 0 0 0 0 0 0 0 0 0 0 0 0 0 0 6 16 110 396 0 0 5 4 0 0 0 0 0 0 2 3 1 0 2 15 24 143 2 0 0 0 0 0 0 0 0 0 0 0 0 0 0 0 0 0 0 0 0 0 0 0 0 0 0 0 0 0 0 0 0 0 0 0 0 0 0
0 0 0 0 0 0 0 0 0 0 0 0 4 0 0 0 0 0 1 0 0 0 0 0 0 0 0 0 0 0 0 0 0 0 0 0 0 0 0 0 0 0 1 0 0 0 0 0 0 0 0 6 1 0 0 1 3 0 1 5 1 0 0 0 0 0 0 0 0 0 3 56 1 0 0 0 0 0 0 0 0 0 0 0 0 0 0 0 3 7 31 39 16 6 31 5 0 0 0 0 0 0 0 0 0 0 0 0 0 0 0 0 0 0 0 0 0 0 0 0 0 0 0 0 0 0 0 0 0 0 0 0 0 0 0 0 0 0 0 0 0 0 0 0 0 0 0 0 0 0
0 0 0 0 0 0 0 0 0 0 0 0 0 3 0 0 0 0 0 0 0 3 7 39 0 0 0 0 0 0 0 0 0 0 0 0 0 0 0 0 0 0 0 0 0 0 0 0 0 0 0 11 0 1 1 0 0 0 0 0 0 6 11 0 0 0 0 0 0 0 0 5 11 3 7 0 0 0 0 0 0 0 0 0 0 0 0 0 0 3 9 56 24 21 20 0 0 0 0 0 0 0 0 0 0 0 0 0 0 0 0 0 0 0 0 0 0 0 0 0 0 0 0 0 0 0 0 0 0 0 0 0 0 0 0 0 0 0 0 0 0 0 0 0 0 0 0 0 0 0
0 0 0 0 0 0 0 0 0 0 0 0 0 0 0 0 0 0 0 0 0 0 0 1 1 0 0 0 0 2 0 0 0 0 0 0 0 0 0 0 0 0 0 0 0 0 0 0 0 0 1 36 36 0 2 1 3 0 0 0 3 19 75 4 0 0 0 0 0 0 0 0 0 0 17 1 0 0 0 0 0 0 0 0 0 0 0 0 0 1 25 7 0 73 46 22 0 0 1 0 0 0 0 0 0 0 0 0 0 0 0 0 0 0 0 0 0 0 0 0 0 0 0 0 0 0 0 0 0 0 0 0 0 0 0 0 0 0 0 0 0 0 0 0 0 0 0 0 0 0
0 0 0 0 0 0 0 0 0 0 0 0 42 0 0 0 0 0 0 0 0 0 0 0 0 0 3 0 0 1 0 0 0 0 0 0 0 0 0 0 0 0 0 0 0 0 0 0 0 5 14 21 127 24 20 1 0 0 1 0 0 14 0 0 0 0 0 0 0 0 0 0 0 2 0 0 0 0 0 0 0 0 0 0 0 0 0 0 0 0 0 9 55 24 20 6 0 0 0 0 0 0 0 0 0 0 0 0 0 0 0 0 0 0 0 0 0 0 0 0 0 0 0 0 0 0 0 0 0 0 0 0 0 0 0 0 0 0 0 0 0 0 0 0 0 0 0 0 0 0
0 0 0 0 0 0 0 2 1 0 0 0 5 5 1 0 2 2 8 3 0 0 0 0 1 1 0 0 0 0 0 0 0 0 0 0 0 0 1 0 0 0 0 0 0 0 0 0 1 2 0 12 108 1 31 0 1 11 0 0 2 5 2 0 0 0 0 0 0 0 0 0 0 0 0 0 0 0 0 0 0 0 0 0 0 0 0 0 0 0 0 1 16 34 17 6 16 2 0 6 0 0 0 0 0 0 0 0 0 0 0 0 0 0 0 0 0 0 0 0 0 0 0 0 0 0 0 0 0 0 0 0 0 0 0 0 0 0 0 0 0 0 0 0 0 0 0 0 0 0
0 0 0 0 0 0 0 0 0 4 0 0 0 0 1 0 1 0 0 0 0 0 0 1 0 2 0 0 0 0 0 0 0 0 0 0 0 0 0 0 1 0 0 0 0 0 0 2 0 0 1 11 11 0 0 1 0 0 0 0 8 3 0 1 0 0 0 0 0 0 0 0 0 0 0 0 0 0 0 0 0 0 0 0 0 0 0 0 0 0 0 0 0 0 0 0 17 2 1 0 0 0 0 0 0 0 0 0 0 0 0 0 0 0 0 0 0 0 0 0 0 0 0 0 0 0 0 0 0 0 0 0 0 0 0 0 0 0 0 0 0 0 0 0 0 0 0 0 0 0
0 0 3 0 0 0 0 0 0 0 1 2 0 0 0 0 0 0 0 0 0 0 0 0 0 0 0 0 0 0 0 0 1 0 10 0 1 2 0 0 0 0 0 0 0 0 4 12 0 0 0 0 0 0 0 0 0 0 0 0 1 0 0 0 0 0 0 0 0 0 0 0 0 0 0 0 0 0 0 0 0 0 0 0 0 0 0 0 0 0 0 0 0 0 0 6 16 16 0 0 0 0 0 0 0 0 0 0 0 0 0 0 0 0 0 0 0 0 0 0 0 0 0 0 0 0 0 0 0 0 0 0 0 0 0 0 0 0 0 0 0 0 0 0 8 16 0 0 0 0
1 0 0 0 0 0 0 0 0 0 0 0 0 0 0 0 0 1 0 0 2 1 0 0 2 1 0 0 0 0 0 0 0 1 0 1 0 0 0 0 0 0 0 0 0 3 1 0 0 0 0 0 0 0 0 0 0 0 1 0 0 0 0 0 0 0 0 0 0 0 0 6 14 0 0 0 0 0 0 0 0 0 0 0 0 0 0 0 0 0 0 0 0 0 7 8 1 0 0 0 2 0 0 0 0 0 0 0 0 0 0 0 0 0 0 0 0 0 0 0 0 0 0 0 0 0 0 0 0 0 0 0 0 0 0 0 0 0 0 0 0 0 0 0 0 0 0 0 0 0
0 0 0 0 0 0 0 0 0 0 0 6 0 0 0 0 0 0 0 0 2 0 0 0 0 0 0 0 0 0 0 4 0 0 0 0 0 0 0 0 0 0 0 0 1 0 0 0 0 0 0 0 0 0 0 0 0 0 0 0 3 0 0 0 0 0 0 0 0 0 27 270 0 0 0 0 0 0 0 0 0 0 0 0 0 0 0 0 0 0 0 0 0 0 27 1 2 0 0 0 0 3 0 0 0 0 0 0 0 0 0 0 0 0 0 0 0 0 0 0 0 0 0 0 0 0 0 0 0 0 0 0 0 0 0 0 0 0 0 0 0 0 0 0 0 0 0 0 0 0
0 0 0 0 0 0 0 0 0 1 7 0 1 0 0 1 0 0 0 0 0 0 0 0 0 0 0 0 0 0 0 0 0 0 0 0 0 0 0 0 0 0 0 1 2 0 0 0 0 0 0 0 0 0 0 0 0 0 0 0 0 0 0 0 0 0 0 0 0 0 19 2 0 0 0 0 0 0 0 0 0 0 0 0 0 0 0 0 0 0 0 0 0 0 6 2 10 0 0 0 0 0 0 0 0 0 0 0 0 0 0 0 0 0 0 0 0 0 0 0 0 0 0 0 0 0 0 0 0 0 0 0 0 0 0 0 0 0 0 0 0 0 0 0 0 0 0 0 0 0
3 0 0 0 0 0 0 0 0 2 0 1 6 2 1 7 4 3 0 0 0 0 0 0 0 0 0 0 0 0 0 0 0 0 0 0 2 0 0 0 0 0 0 4 0 0 0 0 0 0 0 0 0 0 0 0 0 0 0 13 0 0 0 0 0 0 0 0 8 0 0 0 0 0 0 0 0 0 0 0 0 0 0 0 0 0 0 0 0 0 0 0 0 0 0 0 3 2 1 12 0 0 0 0 0 0 0 0 0 0 0 0 0 0 0 0 0 0 0 0 0 0 0 0 0 0 0 0 0 0 0 0 0 0 0 0 0 0 0 0 0 0 0 0 0 0 0 0 0 0
0 0 0 0 0 0 0 0 0 1 0 0 0 0 0 0 0 2 1 0 0 0 0 0 0 0 0 0 0 0 0 0 0 0 0 1 1 0 1 0 0 0 7 0 0 0 0 0 0 0 0 0 0 0 0 0 0 0 0 0 4 12 0 0 0 0 0 1 52 38 1 0 0 0 0 0 0 0 0 0 0 0 0 0 0 0 0 0 0 0 0 0 0 0 0 0 10 0 1 0 0 0 0 0 0 0 0 0 0 0 0 0 0 0 0 0 0 0 0 0 0 0 0 0 0 0 0 0 0 0 0 0 0 0 0 0 0 0 0 0 0 0 0 0 0 0 0 0 0 0
0 1 0 0 0 0 0 0 0 0 0 2 52 14 0 2 20 3 4 7 0 1 0 13 1 1 0 0 0 0 1 0 0 0 2 0 9 1 2 4 0 0 8 0 0 0 0 0 0 0 0 0 0 0 0 0 0 0 0 0 0 1 0 1 60 42 11 1 0 0 0 0 0 0 0 0 0 0 0 0 0 0 0 0 0 0 0 0 0 0 0 0 0 0 0 0 0 0 0 0 0 0 0 0 0 0 0 0 0 0 0 0 0 0 0 0 0 0 0 0 0 0 0 0 0 0 0 0 0 0 0 0 0 0 0 0 0 0 0 0 0 0 0 0 0 0 0 0 0 0
4 47 6 0 0 0 0 0 0 0 1 0 4 0 0 0 1 0 0 5 3 61 58 12 0 0 0 0 0 0 0 0 0 0 0 5 20 1 0 3 0 12 0 0 0 0 0 0 0 0 0 0 0 0 0 0 0 0 0 0 0 0 0 0 16 2 0 0 0 0 0 0 0 0 0 0 0 0 0 0 0 0 0 0 0 0 0 0 0 0 0 0 0 0 0 0 0 0 0 0 0 0 0 0 0 0 0 0 0 0 0 0 0 0 0 0 0 0 0 0 0 0 0 0 0 0 0 0 0 0 0 0 0 0 0 0 0 0 0 0 0 0 0 0 0 0 0 0 0 0
21 12 1 2 0 0 0 0 0 0 0 0 0 0 0 1 6 3 0 4 1 49 20 1 14 1 0 0 1 7 2 0 0 0 0 0 0 1 2 4 2 46 0 0 0 0 0 0 0 0 0 0 0 0 0 0 0 0 0 0 0 0 0 0 2 0 0 0 0 0 0 0 0 0 0 0 0 0 0 0 0 0 0 0 0 0 0 0 0 1 0 0 0 0 0 0 0 0 0 0 0 0 0 0 0 0 0 0 0 0 0 0 0 0 0 0 0 0 0 0 0 0 0 0 0 0 0 0 0 0 0 0 0 0 0 0 0 0 0 0 0 0 0 0 0 0 0 0 0 0
0 0 0 4 2 0 0 0 0 0 0 1 3 0 0 0 0 0 0 0 0 0 2 7 1 9 3 0 0 0 0 0 0 0 1 1 0 2 0 0 0 0 0 0 0 0 0 0 0 0 0 0 0 0 0 0 0 0 0 0 0 0 0 0 0 0 0 0 0 0 0 0 0 0 0 0 0 0 0 0 0 0 0 0 0 0 0 0 0 0 0 0 0 0 0 0 0 0 0 0 0 0 0 0 0 0 0 0 0 0 0 0 0 0 0 0 0 0 0 0 0 0 0 0 0 0 0 0 0 0 0 0 0 0 0 0 0 0 0 0 0 0 0 0 0 0 0 0 0 0
0 0 0 0 0 0 0 0 0 0 0 0 0 1 0 0 0 1 0 8 0 0 0 0 1 11 1 4 34 1 3 2 2 5 12 0 0 0 0 0 0 0 0 0 0 0 0 0 0 0 0 0 0 0 0 0 0 0 0 0 0 0 0 0 0 0 0 0 0 0 0 0 0 0 0 0 0 0 0 0 0 0 0 0 0 0 0 0 0 0 0 0 0 0 0 0 0 0 0 0 0 0 0 0 0 0 0 0 0 0 0 0 0 0 0 0 0 0 0 0 0 0 0 0 0 0 0 0 0 0 0 0 0 0 0 0 0 0 0 0 0 0 0 0 0 0 0 0 0 0
0 0 0 0 0 0 0 0 0 0 0 0 0 0 0 0 0 0 0 0 0 0 0 0 0 0 1 6 133 80 2 8 6 29 0 0 0 0 0 0 0 0 0 0 0 0 0 0 0 0 0 0 0 0 0 0 0 0 0 0 0 0 0 0 0 0 0 0 0 0 0 0 0 0 0 0 0 0 0 0 0 0 0 0 0 0 0 0 0 0 0 0 0 0 0 0 0 0 0 0 0 0 0 0 0 0 0 0 0 0 0 0 0 0 0 0 0 0 0 0 0 0 0 0 0 0 0 0 0 0 0 0 0 0 0 0 0 0 0 0 0 0 0 0 0 0 0 0 0 0
0 0 0 0 0 0 0 0 0 0 0 0 0 1 0 0 0 0 0 0 0 0 0 0 0 0 1 2 0 1 6 0 2 3 0 0 2 0 0 0 0 0 0 0 0 0 0 0 0 0 0 0 0 0 0 0 0 0 0 0 0 0 0 0 0 0 0 0 0 0 0 0 0 0 0 0 0 0 0 0 0 0 0 0 0 0 0 0 0 0 0 0 0 0 0 0 0 0 0 0 0 0 0 0 0 0 0 0 0 0 0 0 0 0 0 0 0 0 0 0 0 0 0 0 0 0 0 0 0 0 0 0 0 0 0 0 0 0 0 0 0 0 0 0 0 0 0 0 0 0
0 0 0 0 0 0 0 0 0 0 0 0 0 1 0 0 0 0 0 0 0 0 0 0 14 5 4 0 0 0 10 1 4 3 0 0 1 0 0 0 0 0 0 0 0 0 0 0 0 0 0 0 0 0 0 0 0 0 0 0 0 0 0 0 0 0 0 0 0 0 0 0 0 0 0 0 0 0 0 0 0 0 0 0 0 0 0 0 0 0 0 0 0 0 0 0 0 0 0 0 0 0 0 0 0 0 0 0 0 0 0 0 0 0 0 0 0 0 0 0 0 0 0 0 0 0 0 0 0 0 0 0 0 0 0 0 0 0 0 0 0 0 0 0 0 0 0 0 0 0
0 0 0 0 0 0 0 0 0 0 0 0 4 4 0 0 0 0 0 0 0 0 0 0 0 0 0 0 0 0 0 0 5 0 0 0 1 2 0 0 0 0 0 0 0 0 0 0 0 0 0 0 0 0 0 0 0 0 0 0 0 0 0 0 0 0 0 0 0 0 0 0 0 0 0 0 0 0 0 0 0 0 0 0 0 0 0 0 0 0 0 0 0 0 0 0 0 0 0 0 0 0 0 0 0 0 0 0 0 0 0 0 0 0 0 0 0 0 0 0 0 0 0 0 0 0 0 0 0 0 0 0 0 0 0 0 0 0 0 0 0 0 0 0 0 0 0 0 0 0
0 0 0 0 0 0 0 0 0 0 1 0 1 1 0 0 0 0 0 0 0 0 0 0 0 0 0 16 2 0 2 0 0 0 0 0 0 0 0 0 0 0 0 0 0 0 0 0 0 0 0 0 0 0 0 0 0 0 0 0 0 0 0 0 0 0 0 0 0 0 0 0 0 0 0 0 0 0 0 0 0 0 0 0 0 0 0 0 0 0 0 0 0 0 0 0 0 0 0 0 0 0 0 0 0 0 0 0 0 0 0 0 0 0 0 0 0 0 0 0 0 0 0 0 0 0 0 0 0 0 0 0 0 0 0 0 0 0 0 0 0 0 0 0 0 0 0 0 0 0
0 0 0 0 0 0 0 0 0 1 2 1 0 0 0 0 0 0 0 0 0 0 0 0 0 0 0 3 7 0 0 0 0 2 0 0 0 0 0 0 0 0 0 0 0 0 0 0 0 0 0 0 0 0 0 0 0 0 0 0 0 0 0 0 0 0 0 0 0 0 0 0 0 0 0 0 0 0 0 0 0 0 0 0 0 0 0 0 0 0 0 0 0 0 0 0 0 0 0 0 0 0 0 0 0 0 0 0 0 0 0 0 0 0 0 0 0 0 0 0 0 0 0 0 0 0 0 0 0 0 0 0 0 0 0 0 0 0 0 0 0 0 0 0 0 0 0 0 0 0
0 0 0 0 0 0 0 0 0 0 1 3 0 0 0 0 0 0 0 0 0 0 0 0 0 0 0 0 0 0 0 4 0 0 0 0 0 0 0 0 0 0 0 0 0 0 0 0 0 0 0 0 0 0 0 0 0 0 0 0 0 0 0 0 0 0 0 0 0 0 0 0 0 0 0 0 0 0 0 0 0 0 0 0 0 0 0 0 0 0 0 0 0 0 0 0 0 0 0 0 0 0 0 0 0 0 0 0 0 0 0 0 0 0 0 0 0 0 0 0 0 0 0 0 0 0 0 0 0 0 0 0 0 0 0 0 0 0 0 0 0 0 0 0 0 0 0 0 0 0
0 0 0 0 0 0 0 0 0 0 2 0 0 2 0 0 0 0 0 0 0 0 0 0 0 0 0 0 0 0 0 0 0 0 0 0 0 0 0 0 0 0 0 0 0 0 0 0 0 0 0 0 0 0 0 0 0 0 0 0 0 0 0 0 0 0 0 0 0 0 0 0 0 0 0 0 0 0 0 0 0 0 0 0 0 0 0 0 0 0 0 0 0 0 0 0 0 0 0 0 0 0 0 0 0 0 0 0 0 0 0 0 0 0 0 0 0 0 0 0 0 0 0 0 0 0 0 0 0 0 0 0 0 0 0 0 0 0 0 0 0 0 0 0 0 0 0 0 0 0
0 0 0 0 0 0 0 0 0 0 1 0 0 0 0 0 0 0 0 0 0 0 0 0 0 0 0 0 0 0 0 0 0 0 0 0 0 0 0 0 0 0 0 0 0 0 0 0 0 0 0 4 0 0 0 0 0 0 0 0 0 0 0 0 0 0 0 0 0 0 0 0 0 0 0 0 0 0 0 0 0 0 0 0 0 0 0 0 0 0 0 0 0 0 0 0 0 0 0 0 0 0 0 0 0 0 0 0 0 0 0 0 0 0 0 0 0 0 0 0 0 0 0 0 0 0 0 0 0 0 0 0 0 0 0 0 0 0 0 0 0 0 0 0 0 0 0 0 0 0
0 0 0 0 0 0 0 0 5 15 0 0 0 0 0 0 0 0 0 0 0 0 0 0 0 0 0 0 0 0 0 0 0 0 0 0 0 0 0 0 0 0 0 0 0 0 0 0 1 0 1 0 0 0 0 0 0 0 0 0 0 0 0 0 0 0 0 0 0 0 0 0 0 0 0 0 0 0 0 0 0 0 0 0 0 0 0 0 0 0 0 0 0 0 0 0 0 0 0 0 0 0 0 0 0 0 0 0 0 0 0 0 0 0 0 0 0 0 0 0 0 0 0 0 0 0 0 0 0 0 0 0 0 0 0 0 0 0 0 0 0 0 0 0 0 0 0 0 0 0
1 0 0 0 0 2 15 7 2 1 0 0 0 0 0 0 0 0 0 0 0 0 0 0 0 0 0 0 0 0 0 0 0 0 0 0 0 0 0 0 0 0 0 0 0 0 0 0 0 17 30 0 0 0 0 0 0 0 0 0 0 0 0 0 0 0 0 0 0 0 0 0 0 0 0 0 0 0 0 0 0 0 0 0 0 0 0 0 0 0 0 0 0 0 0 0 0 0 0 0 0 0 0 0 0 0 0 0 0 0 0 0 0 0 0 0 0 0 0 0 0 0 0 0 0 0 0 0 0 0 0 0 0 0 0 0 0 0 0 0 0 0 0 0 0 0 0 0 0 0
11 0 0 0 0 0 2 12 0 0 0 0 0 0 0 0 0 0 0 0 0 0 0 0 0 0 0 0 0 0 0 0 0 0 0 0 0 0 0 0 0 0 0 0 0 0 0 0 0 0 0 0 1 0 0 0 0 0 0 0 0 0 0 0 0 0 0 0 0 0 0 0 0 0 0 0 0 0 0 0 0 0 0 0 0 0 0 0 0 0 0 0 0 0 0 0 0 0 0 0 0 0 0 0 0 0 0 0 0 0 0 0 0 0 0 0 0 0 0 0 0 0 0 0 0 0 0 0 0 0 0 0 0 0 0 0 0 0 0 0 0 0 0 0 0 0 0 0 0 0
0 0 0 0 0 0 0 0 0 0 0 0 0 0 0 0 0 0 0 0 0 0 0 0 0 0 0 0 0 0 0 0 0 0 0 0 0 0 0 0 0 0 0 0 0 0 0 0 1 0 0 0 4 11 0 0 0 0 0 0 0 0 0 0 0 0 0 0 0 0 0 0 0 0 0 0 0 0 0 0 0 0 0 0 0 0 0 0 0 0 0 0 0 0 0 0 0 0 0 0 0 0 0 0 0 0 0 0 0 0 0 0 0 0 0 0 0 0 0 0 0 0 0 0 0 0 0 0 0 0 0 0 0 0 0 0 0 0 0 0 0 0 0 0 0 0 0 0 0 0
0 0 0 0 0 0 0 0 0 0 0 0 0 0 0 0 0 0 0 0 0 0 0 0 0 0 0 0 0 0 0 0 0 0 0 0 0 0 0 0 0 0 0 0 0 0 0 0 0 0 0 0 1 0 0 0 0 0 0 0 0 0 0 0 0 0 0 0 0 0 0 0 0 0 0 0 0 0 0 0 0 0 0 0 0 0 0 0 0 0 0 0 0 0 0 0 0 0 0 0 0 0 0 0 0 0 0 0 0 0 0 0 0 0 0 0 0 0 0 0 0 0 0 0 0 0 0 0 0 0 0 0 0 0 0 0 0 0 0 0 0 0 0 0 0 0 0 0 0 0
0 0 0 0 0 0 0 0 0 0 0 0 0 0 0 0 0 0 0 0 0 0 0 0 0 0 0 0 0 0 0 0 0 0 0 0 0 1 0 0 0 0 0 0 0 0 0 0 1 0 0 0 0 0 0 0 0 0 0 0 0 0 0 0 0 0 0 0 0 0 0 0 0 0 0 0 0 0 0 0 0 0 0 0 0 0 0 0 0 0 0 0 0 0 0 0 0 0 0 0 0 0 0 0 0 0 0 0 0 0 0 0 0 0 0 0 0 0 0 0 0 0 0 0 0 0 0 0 0 0 0 0 0 0 0 0 0 0 0 0 0 0 0 0 0 0 0 0 0 0
0 0 0 0 0 0 0 0 0 0 0 0 0 0 0 0 0 0 0 0 0 0 0 0 0 0 0 0 0 0 0 0 7 0 0 0 0 0 0 0 0 0 0 0 0 0 0 0 0 0 0 0 0 0 0 0 0 0 0 0 0 0 0 0 0 0 0 0 0 0 0 0 0 0 0 0 0 0 0 0 0 0 0 0 0 0 0 0 0 0 0 0 0 0 0 0 0 0 0 0 0 0 0 0 0 0 0 0 0 0 0 0 0 0 0 0 0 0 0 0 0 0 0 0 0 0 0 0 0 0 0 0 0 0 0 0 0 0 0 0 0 0 0 0 0 0 0 0 0 0
0 0 0 0 0 0 0 0 0 0 0 0 0 0 0 0 0 0 0 0 0 0 0 0 0 0 0 0 0 1 0 0 0 0 1 0 0 0 0 0 0 0 0 0 0 0 0 0 0 0 0 0 0 7 1 0 0 0 0 0 0 0 0 0 0 0 0 0 0 0 0 0 0 0 0 0 0 0 0 0 0 0 0 0 0 0 0 0 0 0 0 0 0 0 0 0 0 0 0 0 0 0 0 0 0 0 0 0 0 0 0 0 0 0 0 0 0 0 0 0 0 0 0 0 0 0 0 0 0 0 0 0 0 0 0 0 0 0 0 0 0 0 0 0 0 0 0 0 0 0
0 0 0 0 0 0 0 0 0 0 0 0 0 0 0 0 0 0 0 0 0 0 0 0 0 0 0 0 0 0 0 20 1 0 0 0 1 0 0 0 0 0 0 0 0 0 0 0 0 0 0 0 0 0 0 0 0 0 0 0 0 0 0 0 0 0 0 0 0 0 0 0 0 0 0 0 0 0 0 0 0 0 0 0 0 0 0 0 0 0 0 0 0 0 0 0 0 0 0 0 0 0 0 0 0 0 0 0 0 0 0 0 0 0 0 0 0 0 0 0 0 0 0 0 0 0 0 0 0 0 0 0 0 0 0 0 0 0 0 0 0 0 0 0 0 0 0 0 0 0
0 0 0 0 0 0 0 0 0 0 0 0 0 0 0 0 0 0 0 0 0 0 0 0 0 0 0 0 0 0 1 8 0 0 0 0 2 0 0 0 0 0 0 0 0 0 0 0 0 0 0 0 0 0 0 0 0 0 0 0 0 0 0 0 0 0 0 0 0 0 0 0 0 0 0 0 0 0 0 0 0 0 0 0 0 0 0 0 0 0 0 0 0 0 0 0 0 0 0 0 0 0 0 0 0 0 0 0 0 0 0 0 0 0 0 0 0 0 0 0 0 0 0 0 0 0 0 0 0 0 0 0 0 0 0 0 0 0 0 0 0 0 0 0 0 0 0 0 0 0
0 0 0 0 0 0 0 0 0 0 0 0 0 0 0 0 0 0 0 0 0 0 0 0 0 0 0 1 0 0 0 0 0 0 0 0 0 0 0 0 0 0 0 0 0 0 0 0 0 0 0 0 0 0 0 0 0 0 0 0 0 0 0 0 0 0 0 0 0 0 0 0 0 0 0 0 0 0 0 0 0 0 0 0 0 0 0 0 0 0 0 0 0 0 0 0 0 0 0 0 0 0 0 0 0 0 0 0 0 0 0 0 0 0 0 0 0 0 0 0 0 0 0 0 0 0 0 0 0 0 0 0 0 0 0 0 0 0 0 0 0 0 0 0 0 0 0 0 0 0
0 0 0 0 0 0 0 0 0 0 0 0 0 0 0 0 0 0 0 0 0 0 0 0 0 0 0 0 0 67 41 0 0 0 0 0 0 0 0 0 0 0 0 0 0 0 0 0 2 0 1 0 0 0 0 0 0 0 0 0 0 0 0 0 0 0 0 0 0 0 0 0 0 0 0 0 0 0 0 0 0 0 0 0 0 0 0 0 0 0 0 0 0 0 0 0 0 0 0 0 0 0 0 0 0 0 0 0 0 0 0 0 0 0 0 0 0 0 0 0 0 0 0 0 0 0 0 0 0 0 0 0 0 0 0 0 0 0 0 0 0 0 0 0 0 0 0 0 0 0
0 0 0 0 0 0 0 0 0 0 0 0 0 0 0 0 0 0 0 0 0 0 0 0 0 0 4 0 0 0 0 0 0 0 0 0 0 0 0 0 0 0 0 0 0 0 0 0 1 48 0 0 0 0 0 0 0 0 0 0 0 0 0 0 0 0 0 0 0 0 0 0 0 0 0 0 0 0 0 0 0 0 0 0 0 0 0 0 0 0 0 0 0 0 0 0 0 0 0 0 0 0 0 0 0 0 0 0 0 0 0 0 0 0 0 0 0 0 0 0 0 0 0 0 0 0 0 0 0 0 0 0 0 0 0 0 0 0 0 0 0 0 0 0 0 0 0 0 0 0
0 0 0 0 0 0 0 0 0 0 0 0 0 0 0 0 0 0 0 0 0 0 0 0 0 0 12 0 0 0 0 0 0 0 0 0 0 0 0 0 0 0 0 0 0 0 0 0 0 0 0 0 0 0 0 0 0 0 0 0 0 0 0 0 0 0 0 0 0 0 0 0 0 0 0 0 0 0 0 0 0 0 0 0 0 0 0 0 0 0 0 0 0 0 0 0 0 0 0 0 0 0 0 0 0 0 0 0 0 0 0 0 0 0 0 0 0 0 0 0 0 0 0 0 0 0 0 0 0 0 0 0 0 0 0 0 0 0 0 0 0 0 0 0 0 0 0 0 0 0
0 0 0 0 0 0 0 0 0 0 0 0 0 0 0 0 0 0 0 0 0 0 0 0 0 0 0 3 4 0 0 0 0 0 0 0 0 0 0 0 0 0 0 0 0 0 0 0 0 0 0 0 0 0 0 0 0 0 0 0 0 0 0 0 0 0 0 0 0 0 0 0 0 0 0 0 0 0 0 0 0 0 0 0 0 0 0 0 0 0 0 0 0 0 0 0 0 0 0 0 0 0 0 0 0 0 0 0 0 0 0 0 0 0 0 0 0 0 0 0 0 0 0 0 0 0 0 0 0 0 0 0 0 0 0 0 0 0 0 0 0 0 0 0 0 0 0 0 0 0
0 0 0 0 0 0 0 0 0 0 0 0 0 0 0 0 0 0 0 0 0 0 0 0 0 0 0 0 0 0 0 0 0 0 0 0 0 0 0 0 0 0 0 0 0 0 0 0 0 0 0 0 0 0 0 0 0 0 0 0 0 0 0 0 0 0 0 0 0 0 0 0 0 0 0 0 0 0 0 0 0 0 0 0 0 0 0 0 0 0 0 0 0 0 0 0 0 0 0 0 0 0 0 0 0 0 0 0 0 0 0 0 0 0 0 0 0 0 0 0 0 0 0 0 0 0 0 0 0 0 0 0 0 0 0 0 0 0 0 0 0 0 0 0 0 0 0 0 0 0
0 0 0 0 0 0 0 0 0 0 0 0 0 0 0 0 0 0 0 0 0 0 0 0 0 0 0 0 0 0 0 0 0 0 0 0 0 0 0 0 0 0 0 0 0 0 0 0 0 0 0 0 0 0 0 0 0 0 0 0 0 0 0 0 0 0 0 0 0 0 0 0 0 0 0 0 0 0 0 0 0 0 0 0 0 0 0 0 0 0 0 0 0 0 0 0 0 0 0 0 0 0 0 0 0 0 0 0 0 0 0 0 0 0 0 0 0 0 0 0 0 0 0 0 0 0 0 0 0 0 0 0 0 0 0 0 0 0 0 0 0 0 0 0 0 0 0 0 0 0
0 0 0 0 0 0 0 0 0 0 0 0 0 0 0 0 0 0 0 0 0 0 0 0 0 0 0 0 0 0 0 0 0 0 0 0 0 0 0 0 0 0 0 0 0 0 0 0 0 0 0 0 0 0 0 0 0 0 0 0 0 0 0 0 0 0 0 0 0 0 0 0 0 0 0 0 0 0 0 0 0 0 0 0 0 0 0 0 0 0 0 0 0 0 0 0 0 0 0 0 0 0 0 0 0 0 0 0 0 0 0 0 0 0 0 0 0 0 0 0 0 0 0 0 0 0 0 0 0 0 0 0 0 0 0 0 0 0 0 0 0 0 0 0 0 0 0 0 0 0
0 0 0 0 0 0 0 0 0 0 0 0 0 0 0 0 0 0 0 0 0 0 0 0 0 0 0 0 0 0 0 0 0 0 0 0 0 0 0 0 0 0 0 0 0 0 0 0 0 0 0 0 0 0 0 0 0 0 0 0 0 0 0 0 0 0 0 0 0 0 0 0 0 0 0 0 0 0 0 0 0 0 0 0 0 0 0 0 0 0 0 0 0 0 0 0 0 0 0 0 0 0 0 0 0 0 0 0 0 0 0 0 0 0 0 0 0 0 0 0 0 0 0 0 0 0 0 0 0 0 0 0 0 0 0 0 0 0 0 0 0 0 0 0 0 0 0 0 0 0
0 0 0 0 0 0 0 0 0 0 0 0 0 0 0 0 0 0 0 0 0 0 0 0 0 0 0 0 0 0 0 0 0 0 0 0 0 0 0 0 0 0 0 0 0 0 0 0 0 0 0 0 0 0 0 0 0 0 0 0 0 0 0 0 0 0 0 0 0 0 0 0 0 0 0 0 0 0 0 0 0 0 0 0 0 0 0 0 0 0 0 0 0 0 0 0 0 0 0 0 0 0 0 0 0 0 0 0 0 0 0 0 0 0 0 0 0 0 0 0 0 0 10 0 0 0 0 0 0 0 0 0 0 0 0 0 0 0 0 0 0 0 0 0 0 0 0 0 0 0
