0 0 19 1 0 0 3 2 5 107 14 8 0 12 0 0 0 2 11 0 1 0 0 0 1 4 0 1 0 0 0 0 0 2 13 0 0 0 1 4 0 0 0 1 2 0 0 0 0 0 0 0 0 1 0 1 0 0 0 3 43 13 3 3 0 0 4 0 0 0 0 7 19 173 226 351 85 11 53 6 23 222 113 60 127 217 336 202 44 461 1332 913 65 777 497 559 1252 704 1171 167 180 100 20 29 28 40 45 521 277 27 21 25 22 70 55 38 50 7 1 0 2 41 35 29 1 2 0 1 7 6 1 15 2 4 6 0 1 0 0 0 3 0 0 0 1 0 0 0 0 18
0 2 5 9 0 0 0 0 0 26 17 6 3 5 0 0 0 4 8 0 0 5 28 0 4 24 0 0 0 0 0 0 0 0 0 1 0 15 2 0 0 0 0 0 0 0 0 0 0 0 0 0 0 0 2 0 0 0 0 17 127 19 19 9 4 0 0 0 0 0 0 0 64 51 14 1 57 112 4 17 59 57 5 4 177 254 449 147 518 374 61 49 336 461 254 249 467 641 1297 848 331 37 60 23 18 21 4 73 31 84 14 6 1 11 32 42 4 9 1 15 2 9 4 12 5 0 1 13 7 32 19 6 102 72 2 0 0 0 1 68 13 0 0 0 0 0 0 0 0 0
1 0 0 1 77 0 0 0 0 8 2 1 4 4 0 0 0 11 3 1 3 10 85 24 3 0 1 12 0 0 0 0 0 1 0 2 0 6 0 52 0 0 0 2 0 0 0 0 0 0 0 0 0 0 6 0 1 0 0 11 19 14 3 3 0 0 0 0 0 0 0 2 1 1 0 0 4 62 173 327 237 62 2 19 23 315 688 221 15 14 75 27 92 470 683 835 244 471 295 684 585 353 14 59 15 10 33 38 276 140 39 23 4 7 0 11 6 56 15 17 67 21 3 3 5 1 2 10 0 25 8 11 86 125 0 0 1 0 1 18 4 2 0 0 0 0 0 0 0 0
47 4 0 0 0 0 0 0 0 5 2 1 0 0 0 3 0 1 2 8 0 0 3 5 5 0 1 15 24 0 1 0 0 0 0 1 0 1 0 5 3 0 0 0 0 0 0 0 0 0 3 0 0 0 55 20 0 28 27 2 0 2 2 10 0 0 0 0 0 2 5 103 14 2 0 6 13 54 235 239 118 42 86 102 173 53 50 203 3 255 1121 1044 1743 684 962 481 133 215 727 679 530 692 173 24 13 146 9 44 329 43 11 13 30 14 0 6 23 88 36 37 33 99 17 4 4 9 1 2 13 2 5 9 19 0 11 0 15 13 0 85 46 4 0 0 0 0 0 0 0 0
2 30 1 0 0 0 0 0 3 2 1 0 0 0 0 7 1 3 0 0 4 1 0 0 1 2 0 0 0 2 0 0 0 1 3 12 16 0 1 0 0 0 0 0 0 0 0 0 2 4 0 0 0 1 99 200 33 22 1 0 1 17 0 3 0 0 0 0 0 27 189 75 102 143 25 50 75 188 326 197 277 310 303 188 185 105 27 43 19 671 1933 658 645 1003 490 245 61 767 424 849 772 884 807 687 400 69 85 76 13 11 15 20 37 25 12 1 2 21 55 67 228 827 126 16 3 1 1 1 6 4 2 2 0 0 0 0 0 0 0 0 36 6 0 0 0 0 0 0 0 0
18 4 0 0 0 0 0 0 4 1 3 0 0 0 0 5 1 0 12 47 5 6 0 0 0 0 0 0 0 5 0 2 0 1 15 87 25 18 0 0 0 0 1 0 0 0 0 0 0 5 16 16 1 0 5 68 33 14 15 0 0 0 2 4 0 0 0 0 1 40 98 105 212 94 99 37 23 18 49 236 460 564 383 105 1 193 26 32 4 294 2008 674 61 385 895 563 129 2433 402 519 565 629 1078 665 22 116 21 41 11 8 4 3 70 26 8 9 30 6 1 14 103 197 2 1 2 13 1 0 3 1 6 0 2 0 0 0 2 0 0 0 0 2 1 0 0 0 0 0 0 0
0 0 0 3 0 0 0 0 0 5 3 0 0 7 1 0 0 0 0 0 0 1 0 0 0 0 0 0 0 1 3 0 0 1 0 7 5 1 2 0 0 0 0 0 0 0 0 0 0 0 0 6 2 4 2 27 10 1 33 36 3 6 0 0 4 0 0 0 11 83 35 85 227 418 272 111 389 165 338 500 762 805 897 523 109 15 3 157 214 101 1718 1120 63 543 985 572 468 542 869 65 38 323 101 76 8 63 120 12 11 7 35 187 203 10 68 31 2 1 35 23 112 141 13 3 2 1 13 4 0 0 9 0 0 0 0 0 0 5 0 0 0 2 0 0 0 0 0 0 0 0
2 0 0 3 0 0 0 0 0 0 1 0 0 0 0 0 0 0 0 0 0 0 0 0 0 0 0 0 0 0 2 0 0 0 8 0 0 3 19 2 0 0 0 0 0 0 0 0 0 0 0 0 3 14 1 6 0 34 43 58 71 30 43 6 10 20 0 0 1 59 4 5 14 51 119 75 90 222 719 827 1013 674 1117 194 331 197 228 900 283 87 549 86 71 508 512 323 272 1007 1040 191 149 448 455 546 159 96 19 75 115 50 494 537 58 54 10 92 3 4 3 20 11 13 3 8 8 2 6 1 4 0 0 0 0 0 0 0 0 0 0 0 0 0 0 0 0 0 0 0 0 0
3 0 0 0 0 0 0 0 3 4 0 0 0 3 7 0 0 0 0 0 0 0 0 0 0 0 0 0 0 0 2 0 0 0 4 0 0 6 0 1 0 0 0 0 0 0 0 0 0 1 0 0 11 7 0 0 1 13 3 38 395 226 15 1 4 15 2 8 1 36 0 0 0 6 1 11 11 34 51 400 814 844 912 26 5 8 474 272 468 60 15 2 373 1194 1420 1588 90 707 255 163 354 102 72 424 732 204 232 254 93 35 885 126 288 12 40 7 2 0 6 14 14 4 6 38 6 0 3 2 0 0 3 0 0 0 0 0 0 0 0 0 0 0 0 0 0 0 0 0 0 0
0 0 0 0 0 0 0 1 9 9 0 0 0 0 0 0 0 0 1 0 0 0 0 0 0 0 0 0 0 0 0 0 0 0 0 0 1 7 0 0 0 0 0 0 0 0 0 1 3 0 2 0 9 8 0 1 0 0 0 17 45 173 17 28 3 0 0 5 2 6 0 0 0 0 0 9 3 46 141 733 1008 817 654 342 1326 991 380 127 211 154 78 8 6 824 1192 1672 996 84 89 11 80 101 47 5 92 381 393 290 93 30 428 532 229 26 11 323 503 701 260 116 16 11 13 52 57 15 9 1 0 26 68 9 0 0 0 0 0 0 0 0 0 0 0 0 0 0 0 0 0 0
0 4 11 0 0 0 2 0 2 2 1 5 0 0 0 10 3 0 0 0 0 0 0 0 0 0 0 0 0 0 0 8 0 0 1 4 0 0 0 4 0 6 0 1 1 0 0 2 23 7 3 0 7 2 0 0 0 11 20 17 1 119 9 4 0 2 0 0 3 2 0 0 0 0 0 0 34 17 77 427 551 272 529 196 201 378 187 432 480 346 26 0 10 440 520 907 1056 36 19 277 23 12 1 39 108 302 980 382 214 140 496 129 276 23 7 151 341 772 324 231 326 169 325 128 95 528 57 60 53 25 9 129 5 39 4 0 0 0 0 0 0 0 0 0 0 0 0 0 0 0
0 1 0 0 0 0 0 0 3 0 0 0 0 0 0 2 8 9 5 0 0 0 0 0 0 0 0 0 0 0 0 0 0 5 6 0 6 0 2 5 0 8 16 6 0 0 3 1 0 0 0 0 0 0 4 0 3 0 1 3 7 1 0 0 0 8 2 1 0 0 0 0 0 0 0 1 99 10 260 269 623 157 35 48 327 86 18 54 111 557 41 0 0 1 11 99 1065 483 346 29 0 4 101 65 22 85 352 294 18 60 286 251 94 130 13 303 876 222 807 870 346 438 153 125 155 195 0 0 0 35 3 0 85 35 63 0 0 0 0 0 0 0 0 0 0 0 0 0 0 0
2 0 8 0 0 2 3 0 1 1 0 0 0 0 0 0 0 11 6 9 5 2 0 1 0 0 0 0 0 0 0 0 0 0 0 0 1 0 0 0 0 3 105 1 16 0 1 3 0 0 0 0 0 0 0 0 0 0 1 2 0 3 0 0 0 1 1 2 0 8 20 0 0 0 0 43 131 113 302 33 115 271 15 7 18 12 6 1 9 2 0 0 12 32 76 18 668 504 768 489 5 3 44 14 14 6 18 179 408 275 921 622 85 1062 226 41 38 67 1343 1290 181 237 123 0 64 186 3 0 53 9 0 0 37 11 1 0 0 0 0 0 0 0 0 0 0 0 0 0 0 0
0 0 0 0 0 0 0 8 0 2 0 0 0 0 0 0 0 1 67 30 14 6 0 0 0 0 0 0 0 2 6 0 0 0 0 1 7 0 0 0 0 2 0 73 49 0 0 0 1 0 0 23 4 0 0 0 0 0 5 0 9 6 2 7 0 0 41 19 7 46 57 0 0 0 2 420 737 368 184 27 252 598 101 20 13 165 1 3 0 29 1 0 0 53 9 17 110 613 213 254 0 24 349 138 458 79 121 486 260 596 1128 1526 814 512 348 220 243 157 979 390 145 71 0 0 0 24 20 0 11 0 0 1 0 0 0 0 0 0 0 0 0 0 0 0 0 0 0 0 0 0
0 0 0 0 0 1 0 3 8 2 0 0 0 0 0 0 0 0 1 4 12 0 0 0 0 0 0 0 0 0 1 0 0 0 0 0 1 0 0 0 0 0 0 2 20 0 0 0 0 6 3 55 0 0 0 0 4 15 9 11 55 16 9 21 12 215 109 111 190 183 73 1 3 0 84 722 1071 1223 520 15 0 266 81 0 6 18 15 7 0 26 5 7 5 0 0 0 48 358 253 285 23 78 572 684 1948 1460 1672 987 1180 1002 687 564 581 591 526 296 177 143 129 64 122 112 120 4 0 10 26 1 13 11 6 0 0 0 0 0 0 0 0 0 0 0 0 0 0 0 0 0 0 0
0 0 0 0 0 0 0 43 25 2 3 0 0 0 0 0 1 0 5 19 0 4 2 0 1 0 1 0 0 1 0 0 0 0 0 0 0 0 0 0 0 0 0 0 2 18 0 0 0 26 84 72 0 1 0 5 37 63 6 71 37 11 5 128 43 31 273 65 65 164 222 44 121 140 597 1039 1382 839 104 12 4 4 0 0 0 0 11 68 9 99 3 14 0 0 2 27 33 13 53 39 30 0 1168 688 690 717 942 250 505 914 1074 552 687 336 435 200 54 180 119 122 29 3 323 506 112 98 4 0 3 7 0 0 0 0 14 2 0 0 0 0 0 0 0 0 0 0 0 0 0 0
0 0 0 0 0 0 0 1 0 0 0 0 1 0 0 0 10 6 0 8 1 0 19 22 8 4 4 0 0 0 0 0 0 0 0 0 0 0 0 0 0 0 0 0 0 13 0 1 1 31 49 4 3 21 13 36 68 110 69 40 2 3 0 0 1 2 0 0 0 1 1 0 67 36 244 333 528 313 170 0 0 0 4 0 0 0 1 34 77 9 2 0 21 0 0 13 39 0 16 106 19 261 967 771 617 198 370 216 430 917 655 488 657 408 244 90 73 50 205 16 0 4 24 22 28 371 3 9 0 0 0 0 0 0 0 2 0 0 0 0 0 0 0 0 0 0 0 0 0 0
0 0 1 1 1 2 1 0 0 0 0 0 0 0 2 1 0 0 20 4 2 7 10 0 8 1 2 20 3 1 0 0 0 0 0 0 4 0 0 0 0 0 0 0 1 31 63 7 4 22 17 21 9 73 27 34 40 62 354 13 3 1 0 0 2 12 141 65 1 25 57 2 121 49 43 66 37 109 36 11 1 0 14 4 0 0 0 5 114 1 0 28 138 56 4 1 1 1 48 564 206 119 153 89 140 587 159 179 500 536 150 104 41 184 100 24 119 282 126 3 0 2 3 2 167 719 196 13 2 1 0 0 0 0 0 0 0 0 0 0 0 0 0 0 0 0 0 0 0 0
0 0 0 1 2 2 0 0 0 0 0 0 0 0 0 9 2 0 0 3 0 1 14 0 6 0 37 27 55 0 0 0 0 0 0 13 5 0 0 0 0 0 2 7 17 40 13 16 25 417 125 14 11 29 6 37 161 67 34 24 46 22 3 0 0 0 4 0 2 26 18 13 40 18 7 72 61 38 20 28 12 0 4 45 0 4 34 13 5 0 2 33 101 235 6 0 0 111 313 18 134 218 60 16 78 102 202 388 375 0 0 87 0 603 73 0 2 0 0 0 0 0 4 22 49 205 216 312 2 3 0 0 0 0 0 0 0 0 0 0 0 0 0 0 0 0 0 0 0 0
0 0 1 1 0 1 0 0 0 0 0 0 0 1 0 0 0 0 1 1 1 9 78 2 2 3 3 11 94 2 0 0 0 0 0 0 0 0 0 0 0 3 5 73 9 80 79 6 5 88 30 3 0 3 58 1 46 101 5 0 0 3 1 0 1 10 0 2 19 13 64 21 12 0 0 51 15 1 1 2 2 0 0 0 0 11 25 1 8 1 2 17 5 1 0 3 0 8 11 1 944 1289 842 158 64 116 184 473 412 9 0 0 1 234 74 0 0 0 0 0 0 0 1 3 17 4 18 105 140 0 0 0 0 0 0 0 0 0 0 0 0 0 0 0 0 0 0 0 0 0
0 0 0 0 1 0 0 0 0 0 0 0 0 0 0 0 1 0 2 1 0 3 6 9 0 9 0 2 0 2 1 6 7 0 0 0 0 0 0 5 10 13 15 9 9 14 11 31 91 248 250 83 17 53 13 4 17 2 1 1 0 10 19 12 140 80 1 0 8 2 66 19 0 0 7 167 259 79 2 57 14 7 3 5 0 0 0 1 33 5 1 0 0 0 1 0 0 0 380 373 1436 1027 503 112 2 16 139 104 2 0 0 0 0 10 0 0 0 0 0 0 0 0 2 5 0 0 93 288 0 0 0 0 0 0 0 0 0 0 0 0 0 0 0 0 0 0 0 0 0 0
0 0 0 0 0 0 0 0 0 0 0 0 0 3 7 1 9 0 0 0 0 1 4 2 0 3 2 0 0 0 23 56 6 7 0 0 0 15 0 0 60 16 0 0 2 0 5 10 294 1120 283 229 33 6 2 1 4 6 0 0 3 11 1 0 8 19 22 0 5 97 21 6 20 0 0 19 164 166 43 48 23 22 11 30 10 1 8 2 161 54 18 4 1 4 5 8 0 0 86 333 171 79 21 3 12 6 100 101 7 0 0 0 7 72 0 0 0 0 0 0 0 0 0 0 0 74 53 0 0 3 1 0 0 0 0 0 0 0 0 0 0 0 0 0 0 0 0 0 0 0
0 0 0 0 0 0 0 0 0 0 0 0 0 0 1 0 0 0 0 0 1 4 6 0 1 0 0 0 0 0 0 7 33 20 1 0 12 107 7 15 0 0 0 0 0 0 16 19 21 360 422 153 9 0 0 1 0 3 4 0 1 0 0 0 8 2 16 1 0 2 7 30 20 1 1 0 5 1 77 15 1 32 23 0 0 5 57 0 0 0 2 2 7 5 0 0 0 0 0 0 3 0 13 86 35 30 40 43 89 146 124 16 44 0 0 0 0 0 0 0 0 0 0 5 67 49 314 6 0 0 0 0 0 0 0 0 0 0 0 0 0 0 0 0 0 0 0 0 0 0
0 0 0 0 0 0 0 0 0 0 0 0 0 0 0 0 0 2 0 0 1 0 2 0 0 4 0 0 0 0 0 10 10 5 18 3 5 25 5 0 0 0 0 0 3 104 19 75 3 183 106 32 3 1 2 10 9 10 1 0 0 0 0 0 0 0 0 1 0 0 5 7 106 60 7 6 0 0 0 0 0 3 92 163 4 1 3 0 0 0 0 0 0 1 1 1 0 1 0 3 3 9 0 65 39 35 19 2 22 30 0 393 30 0 0 0 0 0 0 0 0 0 0 8 5 31 18 89 0 0 0 0 0 0 0 0 0 0 0 0 0 0 0 0 0 0 0 0 0 0
0 0 0 0 0 0 0 0 0 0 0 0 0 0 0 0 0 0 0 0 0 0 0 0 0 0 0 0 0 0 0 3 2 0 21 0 4 58 0 0 0 0 0 24 15 34 38 2 0 15 60 43 19 16 16 5 0 3 1 0 0 0 0 0 0 0 0 12 6 4 1 1 2 9 47 4 0 0 0 0 0 2 19 119 11 6 0 0 0 12 3 2 0 1 0 0 5 1 0 5 10 26 2 20 518 0 0 3 0 0 0 37 3 0 0 0 0 0 2 0 0 0 0 0 0 23 16 2 0 0 1 0 0 0 0 0 1 0 0 0 0 0 0 0 0 0 0 0 0 0
0 0 0 0 0 0 0 0 0 0 0 0 0 9 12 0 1 0 12 0 0 4 1 6 1 0 0 1 0 0 0 0 2 79 21 0 0 25 0 1 0 0 0 3 71 8 4 6 16 11 38 7 0 0 0 1 2 0 0 0 3 1 0 0 9 7 0 5 4 1 0 18 2 1 0 5 8 0 0 0 3 0 0 1 1 11 0 6 0 7 0 1 0 1 8 0 1 4 2 5 12 16 11 138 308 231 0 2 0 0 0 9 3 2 9 3 0 0 0 0 0 0 0 0 0 21 7 43 0 0 0 0 0 0 0 0 2 18 0 0 0 0 0 0 0 0 0 0 0 0
0 0 0 0 0 0 0 0 0 0 0 0 0 1 11 0 0 3 0 0 0 0 0 2 0 0 0 4 0 0 0 2 1 3 12 7 0 1 0 0 1 0 0 20 45 10 5 0 0 2 20 7 1 0 1 0 0 1 0 0 0 0 0 0 1 0 0 1 5 0 6 8 0 0 1 0 8 1 0 0 0 0 16 5 3 2 10 2 0 0 6 0 0 0 0 1 0 0 0 1 22 16 4 4 28 565 41 1 0 0 0 0 0 4 9 10 0 0 5 0 0 0 0 0 12 177 9 11 0 0 0 0 0 0 0 0 0 6 0 0 0 0 0 0 0 0 0 0 0 0
0 0 0 0 0 0 0 0 2 0 0 0 0 0 0 4 8 17 8 0 2 52 3 1 0 0 1 0 0 4 6 1 1 36 4 0 1 16 7 9 31 49 6 113 155 4 12 4 3 3 1 40 17 1 1 0 0 0 0 0 0 0 1 0 0 0 0 0 6 29 54 15 3 3 0 0 0 5 1 0 0 0 0 0 1 0 3 1 3 18 6 0 0 1 0 0 0 0 0 0 0 8 10 5 14 1203 809 39 0 0 0 0 0 0 0 0 8 299 37 5 0 0 0 71 71 26 86 175 113 41 0 0 0 0 0 4 7 1 0 0 0 0 0 0 0 0 0 0 0 0
0 0 0 0 0 0 0 1 0 0 0 2 7 21 3 4 9 109 3 9 0 8 11 3 0 0 1 1 17 5 1 5 5 1 3 12 7 29 73 113 245 560 187 166 80 10 0 1 4 0 0 10 30 43 0 0 0 0 0 0 0 0 0 0 0 0 0 0 0 5 23 22 20 0 56 43 0 19 5 0 0 3 2 0 18 0 0 0 1 5 9 1 1 0 3 19 1 0 0 0 0 168 9 15 279 448 348 406 6 0 0 0 0 0 0 2 120 54 36 0 0 0 7 126 184 266 760 537 53 12 0 0 1 20 0 2 0 0 0 0 0 0 0 0 0 0 0 0 0 0
0 0 0 0 0 0 0 1 5 10 21 26 23 1 0 2 2 9 1 1 2 1 14 26 1 0 4 0 0 0 2 0 2 2 38 20 1 4 239 249 547 1009 596 627 38 6 0 3 3 4 7 6 53 92 4 1 0 0 0 0 1 0 0 0 0 0 1 0 0 0 1 2 0 0 0 1 1 4 9 0 0 0 3 0 8 0 0 0 0 0 0 1 4 24 1 10 0 0 1 0 0 5 11 8 8 80 0 78 18 0 0 0 2 0 44 54 563 361 37 14 20 1 2 75 105 30 382 500 463 290 30 70 41 92 2 0 0 0 0 0 0 0 0 0 0 0 0 0 0 0
0 0 0 0 0 0 0 5 2 3 3 4 17 0 3 3 0 4 22 5 0 7 105 24 0 0 0 0 0 0 2 0 0 1 5 15 28 36 66 92 446 307 408 161 48 9 7 3 7 7 2 6 10 4 2 3 0 0 0 0 0 0 0 0 0 0 0 0 0 0 0 0 0 0 0 2 2 6 5 0 2 21 44 0 10 0 0 0 12 1 0 1 4 14 2 0 2 6 0 0 0 6 1 5 2 2 0 0 16 0 1 3 4 0 33 945 635 444 140 127 111 77 44 2 0 9 43 165 3 126 11 233 540 44 27 1 0 0 0 0 0 0 0 0 0 0 0 0 0 0
0 0 0 0 1 0 1 5 0 4 24 13 3 3 1 6 0 0 7 11 304 213 4 0 0 0 0 2 1 6 2 0 12 29 7 3 0 5 0 317 418 377 401 138 69 11 6 0 20 7 0 0 4 5 3 2 0 0 0 0 0 0 0 0 0 0 0 0 0 0 1 0 0 0 0 0 0 0 4 2 14 22 63 168 55 0 0 0 2 0 0 0 2 1 1 3 5 1 0 1 0 0 0 0 6 3 8 9 168 191 350 612 113 95 497 893 480 203 60 479 85 106 4 3 55 94 63 151 2 0 90 349 237 57 63 1 0 0 0 0 0 0 0 0 0 0 0 0 0 0
0 0 0 0 0 0 0 30 0 2 1 5 6 17 0 4 2 3 8 19 76 1 0 0 0 0 0 0 0 13 4 10 3 3 1 26 34 1 7 20 29 63 39 27 3 0 0 0 1 4 0 1 31 15 1 5 1 0 3 0 0 0 0 0 0 0 0 0 0 0 0 0 0 0 0 0 2 26 3 1 1 8 15 26 0 0 0 0 0 1 5 0 0 2 4 3 1 0 0 0 3 0 0 0 0 8 6 9 199 69 121 92 49 373 1496 554 229 499 68 449 87 2 0 29 6 38 24 0 0 0 67 245 0 0 0 0 0 0 0 0 0 0 0 0 0 0 0 0 0 0
0 0 1 1 0 6 15 5 7 1 0 0 0 3 12 3 2 5 19 25 15 0 0 0 0 0 0 0 0 5 52 3 28 2 25 25 7 0 4 3 18 11 2 1 3 0 0 0 6 1 0 4 187 3 42 22 14 0 5 0 0 0 0 0 0 0 0 0 0 0 0 0 0 0 0 0 1 3 1 4 0 0 0 0 0 0 0 0 0 0 0 0 6 54 1 0 3 2 0 0 5 0 0 0 0 0 3 49 60 1 0 13 198 153 247 472 101 208 110 106 308 1 0 0 0 0 0 2 0 0 0 142 14 0 0 0 0 0 0 0 0 0 0 0 0 0 0 0 0 0
0 0 0 0 1 1 7 1 0 0 0 0 3 17 10 18 35 9 6 1 6 4 6 0 0 0 0 106 12 6 27 22 9 1 0 2 1 2 3 0 0 13 12 1 1 0 5 0 0 1 0 12 191 66 3 22 1 0 1 0 0 0 0 0 0 0 0 0 0 0 0 0 0 0 0 0 4 8 1 0 0 0 0 0 0 0 0 0 11 0 4 2 19 43 3 8 1 1 0 6 3 0 0 0 0 1 1 78 837 5 0 0 0 0 0 2 0 31 341 633 105 0 0 0 0 0 0 0 0 0 0 1 63 6 0 0 0 0 0 0 0 0 0 0 0 0 0 0 0 0
2 1 2 1 4 0 4 80 2 5 13 6 3 1 2 104 69 19 3 7 0 0 1 2 1 2 1 6 1 8 9 5 1 0 0 1 1 0 2 1 10 3 1 4 4 0 0 0 0 0 0 55 7 15 12 0 2 0 0 0 0 0 0 0 0 0 0 0 0 0 0 0 0 0 0 0 8 46 0 0 0 0 1 0 0 0 1 2 18 1 4 0 1 26 0 0 0 0 9 3 0 0 1 1 4 31 56 27 201 0 0 0 0 0 4 0 0 0 75 336 326 369 0 2 3 53 0 1 0 42 65 13 51 9 0 0 0 0 0 0 0 0 0 0 0 0 0 0 0 0
0 2 0 0 0 1 2 0 0 0 23 8 2 3 188 37 32 18 5 1 0 1 2 2 0 3 1 1 0 8 2 0 3 3 6 0 0 0 0 9 0 18 4 1 1 0 1 16 0 0 2 61 28 47 31 5 1 0 0 0 0 0 0 0 0 0 0 0 0 0 0 0 0 1 0 0 1 25 120 4 0 6 0 0 0 0 4 54 11 0 1 1 5 0 0 6 0 1 1 8 19 19 43 9 3 21 22 11 57 16 0 0 0 8 64 39 163 612 108 306 503 126 0 7 395 66 0 0 0 106 152 0 0 0 0 0 0 0 0 0 0 0 0 0 0 0 0 1 0 0
0 0 0 0 0 0 2 0 4 2 11 77 15 8 0 1 0 12 2 1 3 0 6 9 7 0 1 0 25 3 0 0 0 0 0 0 0 0 0 0 3 11 37 3 2 1 4 0 0 0 0 94 17 8 0 1 0 0 4 0 0 0 0 0 0 0 0 0 0 0 0 0 0 0 0 1 0 11 33 3 0 1 0 0 0 0 0 6 0 0 6 0 0 3 0 0 0 0 5 4 0 1 6 1 5 0 6 21 37 17 0 0 0 0 144 701 922 554 52 50 112 94 113 369 104 0 0 3 1 403 125 0 0 0 0 0 0 0 0 0 0 0 0 0 0 0 0 0 0 0
0 0 0 0 0 1 4 2 2 1 6 17 0 3 0 0 1 1 0 2 0 0 1 0 0 1 10 6 1 0 0 0 1 1 0 0 0 2 13 0 0 0 0 0 0 2 0 2 0 0 39 50 4 5 2 1 0 6 4 2 1 0 0 0 0 0 0 0 0 0 0 0 0 0 0 0 1 12 124 26 28 11 15 0 0 0 0 0 0 0 0 0 1 10 0 0 0 0 0 3 1 4 2 8 12 2 6 2 25 0 0 0 36 19 42 53 5 45 431 345 23 290 772 445 397 291 56 312 644 1490 694 2 0 0 0 0 0 0 0 0 0 0 0 0 0 0 0 0 0 0
0 2 0 0 0 3 2 0 0 13 35 3 0 41 4 11 3 2 0 0 0 0 0 0 0 12 21 0 0 0 0 0 1 0 3 0 0 0 1 9 0 2 1 0 0 2 4 0 0 1 11 295 25 2 0 2 0 1 1 1 0 0 0 0 0 0 0 0 0 0 0 0 0 0 0 0 5 13 99 0 0 20 33 0 0 0 0 0 2 5 1 3 2 6 10 16 18 1 1 0 18 0 0 21 7 13 3 1 78 38 1 9 12 13 2 2 2 201 235 503 556 833 880 715 1476 1209 677 551 1134 828 421 0 0 0 0 0 0 0 0 0 0 0 0 0 0 0 0 0 0 0
0 0 0 0 4 0 0 2 10 10 5 16 2 0 2 13 7 2 0 0 0 0 0 0 0 3 3 0 7 0 0 2 2 1 3 0 1 1 2 1 0 0 0 0 2 0 3 0 2 31 605 542 17 109 4 1 2 3 1 10 0 5 0 0 0 0 0 0 0 0 0 0 0 0 0 0 1 0 6 0 0 6 0 0 0 0 0 0 2 0 0 0 20 0 0 1 0 0 0 18 8 1 6 0 36 11 35 26 1 9 2 2 6 5 5 5 2 43 392 1582 1716 878 263 1195 1308 747 316 633 527 157 54 5 0 0 0 0 0 0 0 0 0 0 0 0 0 0 0 0 0 0
0 3 0 4 2 1 2 1 11 0 1 0 4 2 1 0 1 2 1 0 0 0 0 0 6 3 0 0 0 0 0 28 25 0 0 2 1 0 1 1 0 0 0 0 0 1 0 0 5 23 549 580 695 554 31 30 1 0 8 4 1 0 0 0 0 0 0 0 0 0 0 0 0 0 1 0 0 0 0 10 0 0 0 0 0 0 0 20 94 0 2 20 9 0 0 0 0 0 0 10 8 1 9 12 3 90 423 10 3 0 4 2 0 9 1 7 8 35 115 605 408 520 278 2482 1402 600 333 195 14 568 737 452 0 0 0 0 0 0 0 0 0 0 0 0 0 0 0 0 0 0
1 0 2 32 0 3 31 3 11 4 31 34 2 5 0 0 0 0 0 0 0 0 0 0 0 0 1 1 0 0 0 11 3 5 0 0 1 3 0 0 0 0 0 0 1 0 1 0 0 5 155 356 591 480 70 69 3 3 14 2 0 0 0 0 0 0 0 0 0 0 0 0 0 0 2 0 0 0 0 30 8 5 2 0 0 0 0 8 57 0 2 20 80 0 0 0 0 0 0 8 0 55 9 28 18 8 3 12 0 0 0 0 4 0 0 3 4 6 27 26 239 259 360 650 956 733 481 373 330 577 397 217 1 0 0 0 0 0 0 0 0 0 0 0 0 0 0 0 0 0
4 3 4 15 1 4 15 8 2 6 1 5 0 1 0 0 0 0 0 0 0 0 0 0 1 0 0 1 1 0 1 0 0 0 0 0 0 0 0 0 0 0 0 0 0 5 3 1 1 0 65 276 476 22 14 31 2 0 0 3 1 0 0 0 0 1 0 0 0 0 0 0 0 0 0 0 0 0 0 0 1 0 0 0 0 1 29 51 14 1 3 263 169 19 3 0 0 0 0 23 13 5 85 134 21 2 2 4 17 1 0 0 3 25 2 4 5 26 30 4 175 650 421 362 291 504 722 1332 229 181 48 81 0 0 0 0 0 0 0 0 0 0 0 0 0 0 0 0 0 0
0 5 12 0 6 1 9 86 11 10 4 7 12 0 0 0 0 0 0 0 0 0 9 1 0 0 0 0 0 0 0 0 0 0 0 10 0 1 1 0 0 0 0 0 0 0 0 0 4 0 1 25 175 19 20 0 0 39 80 4 0 0 0 0 0 0 0 0 0 0 0 0 0 0 0 0 0 0 0 0 0 6 9 33 14 8 3 0 11 39 127 163 162 2 1 0 0 1 15 29 45 360 184 418 356 34 14 5 8 1 0 0 2 16 2 0 0 96 40 617 261 706 2359 1492 797 236 1930 1921 1170 2 0 3 0 0 0 0 0 0 0 0 0 0 0 0 0 0 0 0 0 0
8 7 19 0 16 8 6 30 10 12 0 0 0 1 0 0 0 0 0 0 0 0 0 0 0 0 0 0 8 0 5 0 4 0 0 0 0 0 0 0 4 0 0 0 0 0 0 0 0 17 0 16 49 3 5 0 0 11 71 15 2 0 0 0 0 0 0 0 0 0 0 0 0 0 0 0 0 0 0 0 0 5 5 1 0 5 2 7 6 40 127 176 163 10 28 11 1 0 0 17 192 386 496 267 205 52 0 6 2 6 3 2 0 0 1 1 4 578 394 618 476 6 20 184 134 168 336 706 397 1 355 3 0 0 0 0 0 0 0 0 0 0 0 0 0 0 0 0 0 0
4 21 115 1 54 147 64 6 0 2 0 3 0 0 0 1 6 0 0 0 0 1 0 0 0 0 0 0 0 0 0 0 0 0 0 0 0 0 0 0 0 0 0 0 1 1 0 0 0 0 0 16 16 0 0 0 1 2 1 13 1 0 0 0 0 0 0 0 0 0 0 0 0 0 0 0 0 0 0 0 28 55 0 0 9 0 129 6 1 0 0 5 7 0 0 0 0 0 0 7 15 71 811 361 161 219 6 11 2 5 10 1 0 0 0 96 240 363 132 35 0 0 0 0 70 621 101 1081 509 12 11 8 0 0 0 0 0 0 0 0 0 0 0 0 0 0 0 0 0 0
3 35 192 215 335 443 201 36 8 0 0 0 0 0 2 0 0 0 0 0 0 13 0 0 0 0 0 0 0 0 0 0 0 0 0 0 0 0 0 0 0 0 0 6 2 6 0 10 1 0 0 12 11 3 0 0 3 1 14 8 0 1 0 0 0 0 0 0 0 0 0 0 0 0 0 0 0 0 5 26 5 0 0 0 17 8 15 179 81 1 0 0 0 0 0 0 0 0 0 0 0 252 474 191 92 181 10 1 3 15 2 1 4 0 0 43 205 8 4 55 0 0 0 0 4 347 241 567 211 12 25 0 0 0 0 0 0 0 0 0 0 0 0 0 0 0 0 0 0 0
0 92 361 979 494 372 188 55 0 2 0 1 14 0 0 1 0 0 3 1 1 0 0 0 1 0 0 3 0 0 0 0 0 0 0 0 0 0 0 0 0 0 1 1 1 0 0 9 30 0 0 0 24 0 0 0 0 1 0 0 0 2 0 0 0 0 0 0 0 0 0 0 0 0 0 0 0 18 0 0 0 0 0 0 0 0 42 24 2 0 1 0 0 0 0 1 0 0 0 0 16 32 17 8 53 158 0 0 0 0 3 9 2 6 7 0 1 7 8 46 48 104 7 0 23 177 48 213 41 0 0 0 0 0 0 0 0 0 0 0 0 0 0 0 0 0 0 0 0 0
1 6 371 282 165 369 56 11 4 3 0 10 0 0 0 0 0 0 3 2 7 7 0 0 1 0 0 0 0 0 5 0 1 2 2 0 0 0 0 0 0 0 1 0 0 0 0 3 0 4 1 0 0 5 0 1 0 0 0 0 0 0 0 0 0 0 0 0 0 0 0 0 0 0 0 0 3 0 0 0 0 0 0 0 0 0 102 125 1 6 34 1 0 0 7 21 0 0 0 521 1042 203 249 95 5 116 23 1 2 1 1 6 2 194 0 0 0 0 8 112 80 33 168 290 13 15 0 0 0 0 0 0 0 0 0 0 0 0 0 0 0 0 0 0 0 0 0 0 0 0
24 19 51 40 56 30 0 1 1 2 5 1 1 0 0 0 0 0 0 0 5 42 0 0 0 1 0 0 0 0 0 0 0 0 1 0 0 0 0 0 0 0 0 0 1 14 2 0 1 0 0 0 0 0 1 17 1 0 0 0 0 0 0 0 0 0 0 0 0 0 0 0 0 0 0 0 1 13 0 0 0 0 0 0 0 0 101 0 0 33 28 0 0 0 58 218 87 6 324 1704 325 590 85 57 1 36 30 89 0 1 5 0 0 0 0 0 1 3 25 24 115 27 13 31 4 49 12 22 87 27 9 0 0 0 0 0 0 0 0 0 0 0 0 0 0 0 0 0 0 0
33 9 11 4 0 0 0 0 0 0 0 0 0 0 0 0 0 0 0 1 0 2 1 0 0 2 0 0 0 4 1 0 0 0 3 0 0 0 0 0 0 0 0 2 0 18 1 4 0 0 0 0 3 20 66 5 3 0 0 0 0 0 0 0 0 0 0 0 0 0 0 0 0 0 14 17 0 0 0 0 0 0 0 0 0 0 19 1 0 2 137 8 2 4 103 321 59 3 111 200 16 7 7 3 3 4 0 152 580 123 0 0 0 0 1 0 1 7 1 0 38 0 0 0 23 82 59 55 397 290 30 0 0 0 0 0 0 0 0 0 0 0 0 0 0 0 0 0 0 0
13 1 17 1 0 0 1 0 0 0 1 0 0 0 0 0 0 0 0 0 1 0 0 1 0 0 0 0 0 1 12 32 1 0 5 0 0 0 0 0 3 0 0 0 0 0 0 0 0 0 0 1 1 1 23 1 0 0 0 0 0 0 0 0 0 0 0 0 0 0 0 0 0 0 40 28 7 0 0 0 0 0 0 0 0 0 67 44 122 56 84 16 8 23 6 54 21 1 0 3 4 0 1 0 1 12 195 298 117 26 0 0 0 0 0 0 0 25 0 0 1 7 8 24 15 196 73 177 112 163 33 0 0 0 0 0 0 0 0 0 0 0 0 0 0 0 0 0 0 0
3 0 0 0 0 0 0 0 0 0 0 0 0 0 0 0 0 0 0 0 0 0 0 0 0 0 0 0 9 0 0 1 0 1 0 0 0 0 0 0 0 0 0 0 0 1 58 0 0 0 0 1 5 28 8 1 1 0 0 0 0 0 0 0 0 0 0 0 0 0 0 2 0 0 0 0 0 0 0 0 0 0 0 0 0 0 0 0 186 6 0 0 0 2 3 26 0 2 3 0 0 7 0 3 3 302 916 329 86 76 0 0 0 0 0 0 0 0 33 3 0 66 0 16 3 8 46 54 6 25 0 2 0 0 0 0 0 0 0 0 0 0 0 0 0 0 0 0 0 0
1 1 0 0 6 0 0 0 0 0 0 0 0 0 0 0 0 0 0 1 0 0 0 5 0 0 0 2 1 1 0 0 0 0 0 0 0 0 0 0 0 0 1 0 0 0 0 0 0 0 0 1 4 53 4 4 2 0 0 0 0 0 0 0 0 0 0 0 0 0 3 2 1 0 0 0 0 0 0 0 0 0 0 0 0 0 0 0 0 0 0 0 1 11 0 0 1 0 1 6 1 5 3 0 28 95 77 1 85 128 0 0 0 0 0 0 0 0 9 9 0 0 1 34 79 44 177 32 20 25 1 0 0 0 0 0 0 0 0 0 0 0 0 0 0 0 0 0 0 0
0 0 0 0 1 50 2 0 0 0 0 0 0 0 0 0 0 0 0 1 0 0 0 0 0 0 0 0 0 0 0 1 0 0 0 0 0 0 0 0 0 0 1 2 4 1 0 0 0 0 3 0 3 0 3 0 2 3 0 0 0 0 0 0 0 0 0 21 6 6 0 0 0 0 0 0 0 0 0 0 0 0 0 0 0 0 0 0 12 6 0 136 134 9 0 0 0 0 0 1 8 8 6 15 73 13 0 1 2 8 1 0 0 0 0 0 0 0 0 0 0 18 0 18 0 0 0 221 9 6 0 0 0 0 0 0 0 0 0 0 0 0 0 0 0 0 0 0 0 0
0 0 0 0 33 20 0 0 0 0 0 0 0 0 1 0 0 0 0 0 0 0 0 0 0 0 0 8 4 0 3 0 0 0 0 0 0 0 1 1 0 0 0 2 1 0 0 0 0 42 0 0 0 5 1 2 3 1 0 2 0 0 0 0 0 0 0 0 5 1 0 0 0 0 0 0 0 0 0 0 0 0 0 0 0 0 0 0 52 49 177 285 137 16 0 1 0 0 0 63 28 617 392 25 2 18 3 0 0 123 12 0 0 0 0 0 0 0 0 0 0 0 0 0 0 3 16 26 0 0 0 0 0 0 0 0 0 0 0 0 0 0 0 0 0 0 0 0 0 0
0 0 0 0 0 1 11 0 0 0 0 0 1 2 0 1 0 0 0 0 0 0 0 0 0 0 0 0 0 3 0 0 0 0 0 2 0 0 0 0 0 0 0 0 0 3 0 0 0 0 6 0 0 11 6 0 0 0 0 0 0 0 0 0 0 0 0 0 2 1 0 0 0 0 0 0 0 0 0 0 0 0 0 0 0 0 1 0 10 102 325 174 112 32 17 1 24 4 0 29 90 105 55 9 0 1 0 0 0 0 3 0 0 0 0 0 0 0 0 0 2 100 99 0 0 11 4 2 0 0 0 0 0 0 0 0 0 0 0 0 0 0 0 0 0 0 0 0 0 0
0 0 0 0 0 0 0 0 0 0 0 0 10 7 0 2 0 5 0 0 0 0 0 0 0 4 1 0 1 76 0 0 1 0 1 5 0 0 0 0 0 0 0 2 0 4 15 0 0 2 0 0 1 43 8 2 0 0 0 0 0 0 0 0 0 0 1 7 133 0 0 1 0 0 0 0 0 0 0 0 0 0 0 0 4 19 48 4 3 13 0 3 10 0 12 1 0 1 5 15 70 0 0 2 0 0 0 2 2 8 22 29 0 0 0 0 0 0 0 0 0 0 0 0 0 1 0 3 0 0 0 0 0 0 0 0 0 0 0 0 0 0 0 0 0 0 0 0 0 0
0 0 0 0 2 0 2 0 0 0 0 0 5 0 3 6 0 0 0 0 0 0 0 0 0 0 0 0 0 0 0 0 0 0 0 0 0 0 0 0 0 0 0 0 0 0 1 2 0 0 0 0 0 10 7 7 3 0 0 0 0 0 0 0 0 0 2 23 15 0 0 0 0 0 0 0 0 0 0 0 0 0 0 0 60 3 0 0 6 21 3 2 12 1 61 3 6 26 7 21 20 19 5 0 2 0 0 1 69 95 113 290 31 16 2 0 0 0 0 0 0 0 0 0 0 0 0 0 0 0 0 0 0 0 0 0 0 0 0 0 1 0 0 0 0 0 0 0 0 0
0 0 0 1 0 0 0 3 0 0 0 0 0 0 0 1 0 0 0 0 0 0 0 0 0 0 0 0 0 0 0 0 0 0 0 0 0 0 1 1 0 0 0 0 0 0 0 12 7 0 1 0 0 1 0 54 102 0 0 0 0 0 0 0 1 6 26 101 1 0 0 1 0 0 0 0 0 0 0 0 0 0 0 32 30 0 0 1 4 0 2 1 1 0 3 17 55 19 16 2 3 0 5 7 2 0 47 3 36 15 184 71 135 84 1 0 0 0 0 0 0 0 0 0 0 0 0 0 0 0 0 0 0 0 0 0 0 0 0 0 0 0 0 0 0 0 0 0 0 0
0 0 0 0 2 0 0 0 0 0 0 1 0 0 0 0 0 0 0 0 0 0 0 0 0 0 0 0 0 0 0 0 0 0 0 0 0 1 0 1 0 0 0 0 0 0 2 5 104 3 0 0 0 1 11 3 0 7 9 6 6 2 11 1 8 0 2 1 0 1 0 0 0 0 0 0 0 0 0 0 0 0 0 0 0 0 0 1 20 5 0 0 0 0 6 138 2 0 0 0 0 0 0 0 19 80 695 728 454 72 22 0 123 33 0 0 0 0 0 0 0 0 0 0 0 0 0 0 0 0 0 0 0 0 0 0 0 0 0 0 0 0 0 0 0 0 0 0 0 0
0 0 1 1 4 48 1 3 1 1 0 1 0 1 1 1 0 0 0 0 0 0 0 0 0 0 0 0 0 0 0 0 0 0 0 0 0 0 16 0 1 0 0 0 2 1 22 11 4 1 0 0 2 6 8 1 1 0 0 0 0 0 0 2 2 0 1 2 1 14 0 4 0 0 0 0 0 0 0 0 0 0 0 0 0 0 0 0 0 3 8 30 0 2 120 24 0 0 0 0 0 1 0 8 46 104 171 373 232 218 93 195 162 0 0 0 0 0 0 0 0 0 0 0 0 0 0 0 0 0 0 0 0 0 0 0 0 0 0 0 0 0 0 0 0 0 0 0 0 0
0 0 0 0 39 31 1 0 2 2 0 0 0 1 0 0 6 0 0 0 0 0 0 0 0 0 0 0 0 0 0 0 0 0 0 0 0 0 11 0 0 0 11 0 0 0 8 1 0 2 0 0 3 1 5 0 4 1 3 0 0 2 0 0 0 4 2 3 4 0 0 0 2 1 0 0 0 0 0 0 0 0 0 0 0 3 0 0 0 0 0 0 16 21 3 28 264 1 0 0 0 0 0 57 130 324 0 0 6 51 0 4 1 0 0 0 0 0 0 0 0 0 0 0 0 0 0 0 0 0 0 0 0 0 0 0 0 0 0 0 0 0 0 0 0 0 0 0 0 0
1 0 0 0 0 2 0 0 5 2 0 0 0 1 0 0 0 0 1 0 0 0 0 0 0 0 0 0 0 0 0 1 0 1 0 0 0 0 0 0 0 0 0 0 0 0 3 0 0 5 1 0 0 3 0 0 0 0 7 1 1 0 0 0 0 0 0 0 0 0 5 1 4 0 0 0 0 0 0 0 0 0 0 0 0 0 0 0 0 0 0 12 39 23 20 380 410 0 0 0 0 0 0 26 7 0 0 0 0 0 29 67 0 0 0 0 0 0 0 0 0 0 0 0 0 0 0 0 0 0 0 0 0 0 0 0 0 0 0 0 0 0 2 2 0 0 0 0 0 0
0 0 7 0 1 1 0 0 0 0 0 0 1 0 0 0 0 3 0 0 0 0 0 0 0 0 0 0 0 0 0 0 1 0 0 0 0 0 0 0 0 0 0 0 0 0 0 0 0 0 3 0 2 4 1 0 0 0 0 1 2 2 0 0 0 0 0 0 0 0 2 0 0 0 0 0 0 0 0 0 0 0 0 0 0 0 0 0 27 7 0 13 215 201 98 0 0 0 0 0 0 0 1 1 1 0 0 1 0 119 87 10 2 0 0 0 0 0 0 0 0 0 0 0 0 0 0 0 0 0 0 0 0 0 0 0 0 0 0 0 0 0 0 0 0 0 0 0 0 0
0 5 0 0 0 0 0 0 0 0 0 0 0 1 0 0 0 0 0 0 0 0 0 0 0 0 0 0 0 0 0 0 0 0 0 0 0 0 0 0 0 0 0 0 0 0 0 0 0 0 0 8 24 0 0 0 0 0 0 3 6 0 0 0 0 0 0 0 0 0 0 0 0 0 0 0 0 0 0 0 0 0 0 0 0 0 0 0 0 0 11 90 854 0 0 9 2 0 0 0 0 0 0 0 0 0 0 0 22 9 30 1 0 0 0 0 0 0 0 0 0 0 0 0 0 0 0 0 0 0 0 0 0 0 0 0 0 0 0 0 0 0 0 0 0 0 0 0 0 0
0 0 0 0 0 0 0 0 0 0 0 1 5 0 0 0 0 0 1 1 0 1 0 0 1 0 0 0 0 0 0 0 0 0 0 0 0 0 0 0 0 0 0 0 0 0 0 0 0 0 1 23 17 0 0 0 2 0 1 2 7 0 0 0 0 0 0 0 0 0 1 70 2 0 0 0 0 0 0 0 0 0 0 0 0 0 0 0 0 2 5 22 2 1 18 1 0 0 0 0 0 0 0 0 0 0 0 0 0 0 0 0 0 0 0 0 0 0 0 0 0 0 0 0 0 0 0 0 0 0 0 0 0 0 0 0 0 0 0 0 0 0 0 0 0 0 0 0 0 0
0 0 0 0 0 0 0 0 0 0 0 0 0 0 0 0 0 0 0 0 0 1 6 32 0 0 0 0 0 0 0 0 0 0 0 0 3 0 0 0 0 0 0 0 0 0 0 0 0 0 0 16 0 0 0 0 1 3 0 0 0 28 13 0 0 0 0 0 0 0 0 8 3 0 2 0 0 0 0 0 0 0 0 0 0 0 0 0 0 6 0 42 5 6 10 1 0 0 0 0 0 0 0 0 0 0 0 0 0 0 0 0 0 0 0 0 0 0 0 0 0 0 0 0 0 0 0 0 0 0 0 0 0 0 0 0 0 0 0 0 0 0 0 0 0 0 0 0 0 0
0 0 0 0 0 0 0 0 0 0 1 0 0 0 0 0 1 0 0 0 1 1 0 0 2 0 0 0 0 0 0 0 0 0 0 0 0 2 0 0 0 0 0 0 0 0 0 0 0 0 0 32 24 0 0 0 17 0 0 1 0 35 43 0 0 0 0 0 0 0 0 0 0 0 0 0 0 0 0 0 0 0 0 0 0 0 0 0 0 0 5 16 1 19 33 8 0 0 0 0 0 0 0 0 0 0 0 0 0 0 0 0 0 0 0 0 0 0 0 0 0 0 0 0 0 0 0 0 0 0 0 0 0 0 0 0 0 0 0 0 0 0 0 0 0 0 0 0 0 0
0 0 0 0 0 0 0 0 0 0 0 0 4 3 0 0 0 3 0 0 1 0 0 0 0 0 0 1 0 2 2 0 0 0 0 0 0 0 0 0 0 0 0 0 0 0 0 0 0 0 10 43 136 15 7 1 0 0 0 0 0 14 0 0 0 0 0 0 0 0 0 0 0 1 0 0 0 0 0 0 0 0 0 0 0 0 0 0 0 0 0 3 26 36 7 0 0 0 0 0 0 0 0 0 0 0 0 0 0 0 0 0 0 0 0 0 0 0 0 0 0 0 0 0 0 0 0 0 0 0 0 0 0 0 0 0 0 0 0 0 0 0 0 0 0 0 0 0 0 0
0 0 0 0 0 0 0 0 0 0 0 0 3 1 0 8 1 1 1 0 0 0 0 0 0 6 0 0 0 0 0 0 0 0 0 0 0 0 1 0 0 0 0 0 0 0 0 0 0 2 0 8 176 0 20 0 0 0 0 0 0 4 0 0 0 0 0 0 0 0 0 0 0 0 0 0 0 0 0 0 0 0 0 0 0 0 0 0 0 0 0 0 2 0 3 0 18 13 0 27 0 0 0 0 0 0 0 0 0 0 0 0 0 0 0 0 0 0 0 0 0 0 0 0 0 0 0 0 0 0 0 0 0 0 0 0 0 0 0 0 0 0 0 0 0 0 0 0 0 0
0 0 0 0 2 0 0 0 0 1 0 1 0 0 0 0 1 1 0 0 0 0 0 7 0 8 0 0 0 0 0 0 0 0 0 0 0 0 0 0 0 0 0 0 0 0 0 2 0 1 0 19 12 0 0 0 0 0 0 1 22 4 0 2 0 0 0 0 0 0 0 0 0 0 0 0 0 0 0 0 0 0 0 0 0 0 0 0 0 0 0 0 0 0 0 0 7 0 0 0 0 0 0 0 0 0 0 0 0 0 0 0 0 0 0 0 0 0 0 0 0 0 0 0 0 0 0 0 0 0 0 0 0 0 0 0 0 0 0 0 0 0 0 0 0 0 0 0 0 0
0 0 2 0 0 0 0 0 0 0 0 1 0 0 0 0 0 2 0 0 0 0 0 0 0 0 0 0 0 0 0 0 1 0 13 0 2 0 0 0 0 0 0 0 0 0 9 68 0 0 0 0 0 0 0 0 0 0 0 20 10 0 0 0 0 0 0 0 0 0 0 0 0 0 0 0 0 0 0 0 0 0 0 0 0 0 0 0 0 0 0 0 0 0 0 1 17 19 0 0 0 0 0 0 0 0 0 0 0 0 0 0 0 0 0 0 0 0 0 0 0 0 0 0 0 0 0 0 0 0 0 0 0 0 0 0 0 0 0 0 0 0 0 1 1 7 0 0 0 0
0 0 0 0 0 0 0 0 0 0 0 3 0 0 0 0 0 0 0 0 0 0 0 0 0 1 0 0 0 0 0 0 0 0 0 1 0 0 0 0 0 0 0 0 0 0 1 0 0 0 0 0 0 0 0 0 0 0 0 0 0 0 0 0 0 0 0 0 0 0 0 0 3 0 0 0 0 0 0 0 0 0 0 0 0 0 0 0 0 0 0 0 0 0 1 1 2 5 0 2 3 0 0 0 0 0 0 0 0 0 0 0 0 0 0 0 0 0 0 0 0 0 0 0 0 0 0 0 0 0 0 0 0 0 0 0 0 0 0 0 0 0 0 0 0 0 0 0 0 0
0 0 0 0 0 0 0 0 0 0 0 1 0 0 0 0 1 0 0 2 1 0 0 0 0 0 0 0 0 0 0 0 0 0 0 0 0 0 0 0 0 0 0 0 0 0 0 0 0 0 0 0 0 0 0 0 0 0 0 0 1 0 0 0 0 0 0 0 0 0 0 11 0 0 0 0 0 0 0 0 0 0 0 0 0 0 0 0 0 0 0 0 0 0 5 0 0 0 0 1 0 0 0 0 0 0 0 0 0 0 0 0 0 0 0 0 0 0 0 0 0 0 0 0 0 0 0 0 0 0 0 0 0 0 0 0 0 0 0 0 0 0 0 0 0 0 0 0 0 0
0 0 0 0 0 0 0 0 0 3 5 0 8 0 0 2 0 0 0 0 0 0 0 0 0 0 0 0 0 0 0 0 0 0 0 0 0 0 0 0 0 0 0 0 2 0 0 0 0 0 0 0 0 0 0 0 0 0 0 0 6 0 0 0 0 0 0 0 0 0 3 0 0 0 0 0 0 0 0 0 0 0 0 0 0 0 0 0 0 0 0 0 0 0 3 4 1 0 0 0 0 0 0 0 0 0 0 0 0 0 0 0 0 0 0 0 0 0 0 0 0 0 0 0 0 0 0 0 0 0 0 0 0 0 0 0 0 0 0 0 0 0 0 0 0 0 0 0 0 0
1 0 0 0 0 0 0 0 0 0 0 4 25 0 0 0 8 0 0 0 0 0 0 0 0 0 0 0 0 0 0 0 0 0 0 0 0 0 0 0 0 0 0 0 0 0 0 0 0 0 0 0 0 0 0 0 0 0 0 7 1 0 0 0 0 0 0 0 36 4 0 0 0 0 0 0 0 0 0 0 0 0 0 0 0 0 0 0 0 0 0 0 0 0 0 0 0 2 1 2 0 0 0 0 0 0 0 0 0 0 0 0 0 0 0 0 0 0 0 0 0 0 0 0 0 0 0 0 0 0 0 0 0 0 0 0 0 0 0 0 0 0 0 0 0 0 0 0 0 0
0 0 0 0 0 0 0 0 0 0 0 0 4 0 0 0 2 6 2 0 0 0 0 0 0 0 0 0 0 0 0 0 0 0 0 0 1 0 2 2 0 0 0 0 0 0 0 0 0 0 0 0 0 0 0 0 0 0 0 0 2 4 0 0 0 0 0 0 144 54 0 0 0 0 0 0 0 0 0 0 0 0 0 0 0 0 0 0 0 0 0 0 0 0 0 0 0 0 0 0 0 0 0 0 0 0 0 0 0 0 0 0 0 0 0 0 0 0 0 0 0 0 0 0 0 0 0 0 0 0 0 0 0 0 0 0 0 0 0 0 0 0 0 0 0 0 0 0 0 0
0 0 1 0 0 0 0 0 0 0 1 8 42 4 0 1 24 0 1 9 0 2 0 27 10 1 0 0 0 0 0 0 0 0 12 1 22 4 2 1 0 1 6 0 0 0 0 0 0 0 0 0 0 0 0 0 0 0 0 0 0 0 0 0 108 41 7 0 0 0 0 0 0 0 0 0 0 0 0 0 0 0 0 0 0 0 0 0 0 0 0 0 0 0 0 0 0 0 0 0 0 0 0 0 0 0 0 0 0 0 0 0 0 0 0 0 0 0 0 0 0 0 0 0 0 0 0 0 0 0 0 0 0 0 0 0 0 0 0 0 0 0 0 0 0 0 0 0 0 0
8 51 1 0 0 0 0 0 0 0 1 0 2 0 0 0 3 0 0 7 7 117 31 13 2 0 0 0 0 0 0 0 0 1 0 0 14 1 0 3 0 1 0 0 0 0 0 0 0 0 0 0 0 0 0 0 0 0 0 0 0 0 0 0 1 0 0 0 0 0 0 0 0 0 0 0 0 0 0 0 0 0 0 0 0 0 0 0 0 0 0 0 0 0 0 0 0 0 0 0 0 0 0 0 0 0 0 0 0 0 0 0 0 0 0 0 0 0 0 0 0 0 0 0 0 0 0 0 0 0 0 0 0 0 0 0 0 0 0 0 0 0 0 0 0 0 0 0 0 0
17 14 16 0 0 0 0 0 0 0 0 0 3 0 0 0 8 1 0 0 0 29 8 4 6 2 0 0 8 9 5 0 0 0 0 0 1 0 0 1 5 1 0 0 0 0 0 0 0 0 0 0 0 0 0 0 0 0 0 0 0 0 0 0 0 0 0 0 0 0 0 0 0 0 0 0 0 0 0 0 0 0 0 0 0 0 0 0 0 2 0 0 0 0 0 0 0 0 0 0 0 0 0 0 0 0 0 0 0 0 0 0 0 0 0 0 0 0 0 0 0 0 0 0 0 0 0 0 0 0 0 0 0 0 0 0 0 0 0 0 0 0 0 0 0 0 0 0 0 0
0 0 0 0 0 0 0 0 0 0 0 6 7 0 0 0 0 0 0 2 0 1 9 4 1 12 13 4 1 0 0 0 0 0 3 1 0 0 0 0 0 0 0 0 0 0 0 0 0 0 0 0 0 0 0 0 0 0 0 0 0 0 0 0 0 0 0 0 0 0 0 0 0 0 0 0 0 0 0 0 0 0 0 0 0 0 0 0 0 0 0 0 0 0 0 0 0 0 0 0 0 0 0 0 0 0 0 0 0 0 0 0 0 0 0 0 0 0 0 0 0 0 0 0 0 0 0 0 0 0 0 0 0 0 0 0 0 0 0 0 0 0 0 0 0 0 0 0 0 0
0 0 0 0 0 0 0 0 0 0 0 0 0 1 0 0 0 0 0 17 0 0 1 1 4 9 7 4 11 0 0 0 0 7 5 0 0 0 0 0 0 0 0 0 0 0 0 0 0 0 0 0 0 0 0 0 0 0 0 0 0 0 0 0 0 0 0 0 0 0 0 0 0 0 0 0 0 0 0 0 0 0 0 0 0 0 0 0 0 0 0 0 0 0 0 0 0 0 0 0 0 0 0 0 0 0 0 0 0 0 0 0 0 0 0 0 0 0 0 0 0 0 0 0 0 0 0 0 0 0 0 0 0 0 0 0 0 0 0 0 0 0 0 0 0 0 0 0 0 0
0 0 0 0 0 0 0 0 0 0 0 0 0 0 0 0 0 0 0 0 0 0 0 0 3 0 0 2 318 40 1 2 3 11 0 2 2 0 0 0 0 0 0 0 0 0 0 0 0 0 0 0 0 0 0 0 0 0 0 0 0 0 0 0 0 0 0 0 0 0 0 0 0 0 0 0 0 0 0 0 0 0 0 0 0 0 0 0 0 0 0 0 0 0 0 0 0 0 0 0 0 0 0 0 0 0 0 0 0 0 0 0 0 0 0 0 0 0 0 0 0 0 0 0 0 0 0 0 0 0 0 0 0 0 0 0 0 0 0 0 0 0 0 0 0 0 0 0 0 0
0 0 0 0 0 0 0 0 0 0 0 0 0 0 0 0 0 0 0 3 0 0 0 0 0 2 5 4 0 0 3 0 1 1 0 0 2 0 0 0 0 0 0 0 0 0 0 0 0 0 0 0 0 0 0 0 0 0 0 0 0 0 0 0 0 0 0 0 0 0 0 0 0 0 0 0 0 0 0 0 0 0 0 0 0 0 0 0 0 0 0 0 0 0 0 0 0 0 0 0 0 0 0 0 0 0 0 0 0 0 0 0 0 0 0 0 0 0 0 0 0 0 0 0 0 0 0 0 0 0 0 0 0 0 0 0 0 0 0 0 0 0 0 0 0 0 0 0 0 0
0 0 0 0 0 0 0 2 0 0 2 0 0 0 0 0 0 0 0 0 0 0 0 0 0 2 14 0 0 0 5 1 1 0 0 0 2 0 0 0 0 0 0 0 0 0 0 0 0 0 0 0 0 0 0 0 0 0 0 0 0 0 0 0 0 0 0 0 0 0 0 0 0 0 0 0 0 0 0 0 0 0 0 0 0 0 0 0 0 0 0 0 0 0 0 0 0 0 0 0 0 0 0 0 0 0 0 0 0 0 0 0 0 0 0 0 0 0 0 0 0 0 0 0 0 0 0 0 0 0 0 0 0 0 0 0 0 0 0 0 0 0 0 0 0 0 0 0 0 0
0 0 0 0 0 0 0 0 0 0 0 1 2 1 0 0 0 0 0 0 0 0 0 0 0 0 0 0 0 0 0 0 29 0 0 0 4 1 0 0 0 0 0 0 0 0 0 0 0 0 0 0 0 0 0 0 0 0 0 0 0 0 0 0 0 0 0 0 0 0 0 0 0 0 0 0 0 0 0 0 0 0 0 0 0 0 0 0 0 0 0 0 0 0 0 0 0 0 0 0 0 0 0 0 0 0 0 0 0 0 0 0 0 0 0 0 0 0 0 0 0 0 0 0 0 0 0 0 0 0 0 0 0 0 0 0 0 0 0 0 0 0 0 0 0 0 0 0 0 0
2 0 0 0 0 0 0 0 0 0 0 0 0 0 0 0 0 0 0 0 0 0 0 0 0 0 0 16 1 4 0 0 0 0 0 0 0 0 0 0 0 0 0 0 0 0 0 0 0 0 0 0 0 0 0 0 0 0 0 0 0 0 0 0 0 0 0 0 0 0 0 0 0 0 0 0 0 0 0 0 0 0 0 0 0 0 0 0 0 0 0 0 0 0 0 0 0 0 0 0 0 0 0 0 0 0 0 0 0 0 0 0 0 0 0 0 0 0 0 0 0 0 0 0 0 0 0 0 0 0 0 0 0 0 0 0 0 0 0 0 0 0 0 0 0 0 0 0 0 0
0 0 0 0 0 0 0 0 0 4 1 0 0 0 0 0 0 0 0 0 0 0 0 0 0 0 0 3 1 0 0 0 3 3 0 0 0 0 0 0 0 0 0 0 0 0 0 0 0 0 0 0 0 0 0 0 0 0 0 0 0 0 0 0 0 0 0 0 0 0 0 0 0 0 0 0 0 0 0 0 0 0 0 0 0 0 0 0 0 0 0 0 0 0 0 0 0 0 0 0 0 0 0 0 0 0 0 0 0 0 0 0 0 0 0 0 0 0 0 0 0 0 0 0 0 0 0 0 0 0 0 0 0 0 0 0 0 0 0 0 0 0 0 0 0 0 0 0 0 0
0 0 0 0 0 0 0 0 0 0 2 0 0 1 0 0 0 0 0 0 0 0 0 0 0 0 0 0 0 0 0 0 0 0 0 0 0 0 0 0 0 0 0 0 0 0 0 0 0 0 0 0 0 0 0 0 0 0 0 0 0 0 0 0 0 0 0 0 0 0 0 0 0 0 0 0 0 0 0 0 0 0 0 0 0 0 0 0 0 0 0 0 0 0 0 0 0 0 0 0 0 0 0 0 0 0 0 0 0 0 0 0 0 0 0 0 0 0 0 0 0 0 0 0 0 0 0 0 0 0 0 0 0 0 0 0 0 0 0 0 0 0 0 0 0 0 0 0 0 0
0 0 0 0 0 0 0 0 0 0 10 0 0 0 0 0 0 0 0 0 0 0 0 0 0 0 0 0 0 0 0 0 0 0 0 0 0 0 0 0 0 0 0 0 0 0 0 0 0 0 0 0 0 0 0 0 0 0 0 0 0 0 0 0 0 0 0 0 0 0 0 0 0 0 0 0 0 0 0 0 0 0 0 0 0 0 0 0 0 0 0 0 0 0 0 0 0 0 0 0 0 0 0 0 0 0 0 0 0 0 0 0 0 0 0 0 0 0 0 0 0 0 0 0 0 0 0 0 0 0 0 0 0 0 0 0 0 0 0 0 0 0 0 0 0 0 0 0 0 0
0 0 0 0 0 0 0 0 0 0 13 0 0 0 0 0 0 0 0 0 0 0 0 0 0 0 0 0 0 0 0 0 0 0 0 0 0 0 0 0 0 0 0 0 0 0 0 0 0 0 0 10 0 0 0 0 0 0 0 0 0 0 0 0 0 0 0 0 0 0 0 0 0 0 0 0 0 0 0 0 0 0 0 0 0 0 0 0 0 0 0 0 0 0 0 0 0 0 0 0 0 0 0 0 0 0 0 0 0 0 0 0 0 0 0 0 0 0 0 0 0 0 0 0 0 0 0 0 0 0 0 0 0 0 0 0 0 0 0 0 0 0 0 0 0 0 0 0 0 0
0 0 0 0 0 0 0 0 5 8 0 0 0 0 0 0 0 0 0 0 0 0 0 0 0 0 0 0 0 0 0 0 0 0 0 0 0 0 0 0 0 0 0 0 0 0 0 0 2 0 2 0 0 0 0 0 0 0 0 0 0 0 0 0 0 0 0 0 0 0 0 0 0 0 0 0 0 0 0 0 0 0 0 0 0 0 0 0 0 0 0 0 0 0 0 0 0 0 0 0 0 0 0 0 0 0 0 0 0 0 0 0 0 0 0 0 0 0 0 0 0 0 0 0 0 0 0 0 0 0 0 0 0 0 0 0 0 0 0 0 0 0 0 0 0 0 0 0 0 0
0 0 0 0 0 2 10 15 1 0 0 0 0 0 0 0 0 0 0 0 0 0 0 0 0 0 0 0 0 0 0 0 0 0 0 0 0 0 0 0 0 0 0 0 0 0 0 0 0 17 35 1 0 0 1 0 0 0 0 0 0 0 0 0 0 0 0 0 0 0 0 0 0 0 0 0 0 0 0 0 0 0 0 0 0 0 0 0 0 0 0 0 0 0 0 0 0 0 0 0 0 0 0 0 0 0 0 0 0 0 0 0 0 0 0 0 0 0 0 0 0 0 0 0 0 0 0 0 0 0 0 0 0 0 0 0 0 0 0 0 0 0 0 0 0 0 0 0 0 0
0 0 0 0 0 0 1 11 0 0 0 0 0 0 0 0 0 0 0 0 0 0 0 0 0 0 0 0 0 0 0 0 0 0 0 0 0 0 0 0 0 0 0 0 0 0 0 0 0 0 0 0 0 0 0 0 0 0 0 0 0 0 0 0 0 0 0 0 0 0 0 0 0 0 0 0 0 0 0 0 0 0 0 0 0 0 0 0 0 0 0 0 0 0 0 0 0 0 0 0 0 0 0 0 0 0 0 0 0 0 0 0 0 0 0 0 0 0 0 0 0 0 0 0 0 0 0 0 0 0 0 0 0 0 0 0 0 0 0 0 0 0 0 0 0 0 0 0 0 0
0 0 0 0 0 0 0 0 0 0 0 0 0 0 0 0 0 0 0 0 0 0 0 0 0 0 0 0 0 0 0 0 0 0 0 0 0 0 0 0 0 0 0 0 0 0 0 0 0 0 1 0 2 4 0 0 0 0 0 0 0 0 0 0 0 0 0 0 0 0 0 0 0 0 0 0 0 0 0 0 0 0 0 0 0 0 0 0 0 0 0 0 0 0 0 0 0 0 0 0 0 0 0 0 0 0 0 0 0 0 0 0 0 0 0 0 0 0 0 0 0 0 0 0 0 0 0 0 0 0 0 0 0 0 0 0 0 0 0 0 0 0 0 0 0 0 0 0 0 0
0 0 0 0 0 0 0 0 0 0 0 0 0 0 0 0 0 0 0 0 0 0 0 0 0 0 0 0 0 0 0 0 0 0 0 0 0 0 0 0 0 0 0 0 0 0 0 0 0 0 0 0 0 0 0 0 0 0 0 0 0 0 0 0 0 0 0 0 0 0 0 0 0 0 0 0 0 0 0 0 0 0 0 0 0 0 0 0 0 0 0 0 0 0 0 0 0 0 0 0 0 0 0 0 0 0 0 0 0 0 0 0 0 0 0 0 0 0 0 0 0 0 0 0 0 0 0 0 0 0 0 0 0 0 0 0 0 0 0 0 0 0 0 0 0 0 0 0 0 0
0 0 0 0 0 0 0 0 0 0 0 0 0 0 0 0 0 0 0 0 0 0 0 0 0 0 0 0 0 0 0 0 0 0 0 0 0 0 0 0 0 0 0 0 0 0 0 0 0 0 0 1 0 0 0 0 0 0 0 0 0 0 0 0 0 0 0 0 0 0 0 0 0 0 0 0 0 0 0 0 0 0 0 0 0 0 0 0 0 0 0 0 0 0 0 0 0 0 0 0 0 0 0 0 0 0 0 0 0 0 0 0 0 0 0 0 0 0 0 0 0 0 0 0 0 0 0 0 0 0 0 0 0 0 0 0 0 0 0 0 0 0 0 0 0 0 0 0 0 0
0 0 0 0 0 0 0 0 0 0 0 0 0 0 0 0 0 0 0 0 0 0 0 0 0 0 0 0 0 0 0 0 0 0 0 0 0 0 0 0 0 0 0 0 0 0 0 0 0 0 0 0 1 0 0 0 0 0 0 0 0 0 0 0 0 0 0 0 0 0 0 0 0 0 0 0 0 0 0 0 0 0 0 0 0 0 0 0 0 0 0 0 0 0 0 0 0 0 0 0 0 0 0 0 0 0 0 0 0 0 0 0 0 0 0 0 0 0 0 0 0 0 0 0 0 0 0 0 0 0 0 0 0 0 0 0 0 0 0 0 0 0 0 0 0 0 0 0 0 0
0 0 0 0 0 0 0 0 0 0 0 0 0 0 0 0 0 0 0 0 0 0 0 0 0 0 0 0 0 0 4 0 0 0 0 0 0 0 0 0 0 0 0 0 0 0 0 0 0 0 0 0 0 2 0 0 0 0 0 0 0 0 0 0 0 0 0 0 0 0 0 0 0 0 0 0 0 0 0 0 0 0 0 0 0 0 0 0 0 0 0 0 0 0 0 0 0 0 0 0 0 0 0 0 0 0 0 0 0 0 0 0 0 0 0 0 0 0 0 0 0 0 0 0 0 0 0 0 0 0 0 0 0 0 0 0 0 0 0 0 0 0 0 0 0 0 0 0 0 0
0 0 0 0 0 0 0 0 0 0 0 0 0 0 0 0 0 0 0 0 0 0 0 0 0 0 0 0 0 1 1 15 3 0 0 0 0 0 0 0 0 0 0 0 0 0 0 0 0 0 0 0 0 0 0 0 0 0 0 0 0 0 0 0 0 0 0 0 0 0 0 0 0 0 0 0 0 0 0 0 0 0 0 0 0 0 0 0 0 0 0 0 0 0 0 0 0 0 0 0 0 0 0 0 0 0 0 0 0 0 0 0 0 0 0 0 0 0 0 0 0 0 0 0 0 0 0 0 0 0 0 0 0 0 0 0 0 0 0 0 0 0 0 0 0 0 0 0 0 0
0 0 0 0 0 0 0 0 0 0 0 0 0 0 0 0 0 0 0 0 0 0 0 0 0 0 0 0 0 0 3 8 0 0 0 0 2 0 0 0 0 0 0 0 0 0 0 0 0 0 0 0 0 0 0 0 0 0 0 0 0 0 0 0 0 0 0 0 0 0 0 0 0 0 0 0 0 0 0 0 0 0 0 0 0 0 0 0 0 0 0 0 0 0 0 0 0 0 0 0 0 0 0 0 0 0 0 0 0 0 0 0 0 0 0 0 0 0 0 0 0 0 0 0 0 0 0 0 0 0 0 0 0 0 0 0 0 0 0 0 0 0 0 0 0 0 0 0 0 0
0 0 0 0 0 0 0 0 0 0 0 0 0 0 0 0 0 0 0 0 0 0 0 0 0 0 1 0 0 8 0 0 0 0 0 0 0 0 0 0 0 0 0 0 0 0 0 0 0 0 0 0 0 0 0 0 0 0 0 0 0 0 0 0 0 0 0 0 0 0 0 0 0 0 0 0 0 0 0 0 0 0 0 0 0 0 0 0 0 0 0 0 0 0 0 0 0 0 0 0 0 0 0 0 0 0 0 0 0 0 0 0 0 0 0 0 0 0 0 0 0 0 0 0 0 0 0 0 0 0 0 0 0 0 0 0 0 0 0 0 0 0 0 0 0 0 0 0 0 0
0 0 0 0 0 0 0 0 0 0 0 0 0 0 0 0 0 0 0 0 0 0 0 0 0 0 0 0 0 62 5 0 0 0 0 0 0 0 0 0 0 0 0 0 0 0 0 0 0 0 1 0 0 0 0 0 0 0 0 0 0 0 0 0 0 0 0 0 0 0 0 0 0 0 0 0 0 0 0 0 0 0 0 0 0 0 0 0 0 0 0 0 0 0 0 0 0 0 0 0 0 0 0 0 0 0 0 0 0 0 0 0 0 0 0 0 0 0 0 0 0 0 0 0 0 0 0 0 0 0 0 0 0 0 0 0 0 0 0 0 0 0 0 0 0 0 0 0 0 0
0 0 0 0 0 0 0 0 0 0 0 0 0 0 0 0 0 0 0 0 0 0 0 0 0 0 4 0 0 0 0 0 0 0 0 0 0 0 0 0 0 0 0 0 0 0 0 0 1 48 0 0 0 0 0 0 0 0 0 0 0 0 0 0 0 0 0 0 0 0 0 0 0 0 0 0 0 0 0 0 0 0 0 0 0 0 0 0 0 0 0 0 0 0 0 0 0 0 0 0 0 0 0 0 0 0 0 0 0 0 0 0 0 0 0 0 0 0 0 0 0 0 0 0 0 0 0 0 0 0 0 0 0 0 0 0 0 0 0 0 0 0 0 0 0 0 0 0 0 0
0 0 0 0 0 0 0 0 0 0 0 0 0 0 0 0 0 0 0 0 0 0 0 0 0 0 15 0 0 0 0 0 0 0 0 0 0 0 0 0 0 0 0 0 0 0 0 0 3 0 0 0 0 0 0 0 0 0 0 0 0 0 0 0 0 0 0 0 0 0 0 0 0 0 0 0 0 0 0 0 0 0 0 0 0 0 0 0 0 0 0 0 0 0 0 0 0 0 0 0 0 0 0 0 0 0 0 0 0 0 0 0 0 0 0 0 0 0 0 0 0 0 0 0 0 0 0 0 0 0 0 0 0 0 0 0 0 0 0 0 0 0 0 0 0 0 0 0 0 0
0 0 0 0 0 0 0 0 0 0 0 0 0 0 0 0 0 0 0 0 0 0 0 0 0 0 0 1 5 0 0 0 0 0 0 0 0 0 0 0 0 0 0 0 0 0 0 0 0 0 0 0 0 0 0 0 0 0 0 0 0 0 0 0 0 0 0 0 0 0 0 0 0 0 0 0 0 0 0 0 0 0 0 0 0 0 0 0 0 0 0 0 0 0 0 0 0 0 0 0 0 0 0 0 0 0 0 0 0 0 0 0 0 0 0 0 0 0 0 0 0 0 0 0 0 0 0 0 0 0 0 0 0 0 0 0 0 0 0 0 0 0 0 0 0 0 0 0 0 0
0 0 0 0 0 0 0 0 0 0 0 0 0 0 0 0 0 0 0 0 0 0 0 0 0 0 0 0 0 0 0 0 0 0 0 0 0 0 0 0 0 0 0 0 0 0 0 0 0 0 0 0 0 0 0 0 0 0 0 0 0 0 0 0 0 0 0 0 0 0 0 0 0 0 0 0 0 0 0 0 0 0 0 0 0 0 0 0 0 0 0 0 0 0 0 0 0 0 0 0 0 0 0 0 0 0 0 0 0 0 0 0 0 0 0 0 0 0 0 0 0 0 0 0 0 0 0 0 0 0 0 0 0 0 0 0 0 0 0 0 0 0 0 0 0 0 0 0 0 0
0 0 0 0 0 0 0 0 0 0 0 0 0 0 0 0 0 0 0 0 0 0 0 0 0 0 0 0 0 0 0 0 0 0 0 0 0 0 0 0 0 0 0 0 0 0 0 0 0 0 0 0 0 0 0 0 0 0 0 0 0 0 0 0 0 0 0 0 0 0 0 0 0 0 0 0 0 0 0 0 0 0 0 0 0 0 0 0 0 0 0 0 0 0 0 0 0 0 0 0 0 0 0 0 0 0 0 0 0 0 0 0 0 0 0 0 0 0 0 0 0 0 0 0 0 0 0 0 0 0 0 0 0 0 0 0 0 0 0 0 0 0 0 0 0 0 0 0 0 0
0 0 0 0 0 0 0 0 0 0 0 0 0 0 0 0 0 0 0 0 0 0 0 0 0 0 0 0 0 0 0 0 0 0 0 0 0 0 0 0 0 0 0 0 0 0 0 0 0 0 0 0 0 0 0 0 0 0 0 0 0 0 0 0 0 0 0 0 0 0 0 0 0 0 0 0 0 0 0 0 0 0 0 0 0 0 0 0 0 0 0 0 0 0 0 0 0 0 0 0 0 0 0 0 0 0 0 0 0 0 0 0 0 0 0 0 0 0 0 0 0 0 0 0 0 0 0 0 0 0 0 0 0 0 0 0 0 0 0 0 0 0 0 0 0 0 0 0 0 0
0 0 0 0 0 0 0 0 0 0 0 0 0 0 0 0 0 0 0 0 0 0 0 0 0 0 0 0 0 0 0 0 0 0 0 0 0 0 0 0 0 0 0 0 0 0 0 0 0 0 0 0 0 0 0 0 0 0 0 0 0 0 0 0 0 0 0 0 0 0 0 0 0 0 0 0 0 0 0 0 0 0 0 0 0 0 0 0 0 0 0 0 0 0 0 0 0 0 0 0 0 0 0 0 0 0 0 0 0 0 0 0 0 0 0 0 0 0 0 0 0 0 0 0 0 0 0 0 0 0 0 0 0 0 0 0 0 0 0 0 0 0 0 0 0 0 0 0 0 0
0 0 0 0 0 0 0 0 0 0 0 0 0 0 0 0 0 0 0 0 0 0 0 0 0 0 0 0 0 0 0 0 0 0 0 0 0 0 0 0 0 0 0 0 0 0 0 0 0 0 0 0 0 0 0 0 0 0 0 0 0 0 0 0 0 0 0 0 0 0 0 0 0 0 0 0 0 0 0 0 0 0 0 0 0 0 0 0 0 0 0 0 0 0 0 0 0 0 0 0 0 0 0 0 0 0 0 0 0 0 0 0 0 0 0 0 0 0 0 0 0 0 0 0 0 0 0 0 0 0 0 0 0 0 0 0 0 0 0 0 0 0 0 0 0 0 0 0 0 0
