0 0 6 2 0 0 2 0 4 21 5 3 0 6 0 0 0 1 3 0 0 0 0 0 3 2 0 0 0 0 0 0 0 0 0 1 0 0 0 1 0 0 0 0 0 0 0 0 0 0 0 0 0 0 0 0 0 0 0 2 9 8 4 1 0 1 0 0 0 0 0 0 4 29 56 130 47 7 18 5 10 70 9 29 21 54 75 86 23 289 508 222 13 198 145 500 681 153 383 61 55 36 8 14 16 14 20 286 94 6 4 3 6 48 15 14 11 3 0 0 2 21 4 4 0 6 0 1 7 1 0 4 0 2 1 0 0 0 0 0 1 0 0 0 0 0 0 0 1 8
0 2 0 0 0 0 0 0 0 14 4 12 2 1 0 0 0 19 2 0 0 0 10 1 1 6 0 0 0 0 0 0 0 0 0 1 0 1 2 0 0 0 0 0 0 0 0 0 0 0 0 0 0 0 3 0 0 0 0 27 37 9 1 119 1 0 0 0 0 0 0 0 8 10 4 2 51 28 1 5 46 6 5 0 66 68 141 39 76 146 36 4 69 72 210 89 120 152 342 187 113 19 15 15 2 2 0 151 16 4 1 7 1 5 11 8 1 1 1 5 1 3 3 1 0 1 0 1 5 32 10 4 30 16 0 0 0 0 0 33 7 0 0 0 0 0 0 0 1 0
0 0 0 0 3 0 0 0 0 8 2 1 4 5 0 0 0 0 0 1 0 9 47 9 7 0 0 2 0 0 0 0 0 1 0 4 0 1 0 5 4 0 0 0 0 0 0 0 0 0 0 0 0 1 0 0 0 0 0 1 6 5 0 3 0 0 0 0 0 0 0 0 1 0 0 0 1 20 38 212 31 9 2 10 7 51 285 55 2 2 36 13 11 98 143 230 38 133 73 110 135 101 10 15 3 3 4 15 55 98 8 5 1 2 1 2 3 2 7 2 18 4 3 1 3 7 0 2 0 17 19 1 37 46 0 0 0 0 0 15 3 5 0 0 0 0 0 0 0 0
2 3 0 0 0 0 0 0 0 2 0 1 0 0 0 0 2 0 1 0 0 0 1 2 2 0 0 5 5 0 0 0 0 0 0 0 0 2 0 0 2 0 0 0 0 0 0 0 0 0 1 0 0 0 24 20 0 14 8 1 0 0 1 1 0 0 0 0 0 0 0 25 6 0 0 1 6 18 99 63 50 14 16 56 53 8 22 34 0 54 243 220 489 194 288 131 18 91 160 109 133 183 53 2 4 45 18 10 111 25 2 3 6 13 0 0 8 34 22 6 8 39 5 1 1 1 0 0 1 0 0 3 11 0 1 0 6 0 0 2 30 0 0 0 0 0 0 0 0 0
1 3 0 0 0 0 0 0 0 1 3 0 0 0 0 2 2 2 0 1 0 0 5 0 0 0 0 0 0 0 1 0 0 0 0 4 3 0 0 0 0 1 0 0 0 0 0 0 0 2 1 0 0 0 22 101 13 7 0 0 0 3 0 1 0 0 0 0 0 4 87 17 34 34 1 32 14 33 83 64 55 39 71 13 68 45 20 12 10 83 433 155 240 266 144 69 18 192 173 216 173 288 339 208 131 26 41 17 1 6 5 7 9 13 2 0 1 2 87 19 85 266 46 15 3 1 7 0 1 0 1 0 0 0 2 0 0 0 0 0 9 5 0 0 0 0 0 0 0 0
1 0 0 0 0 0 0 0 0 0 1 0 0 0 0 0 0 0 3 9 6 5 0 0 0 0 0 0 0 0 0 0 0 0 5 14 13 10 0 0 0 0 0 0 0 0 0 0 0 0 20 5 1 4 2 24 9 5 4 1 0 0 0 2 0 0 0 0 1 10 32 39 55 29 24 9 10 3 8 142 107 144 273 7 0 49 11 11 0 67 588 173 10 85 195 110 87 605 134 199 188 98 418 206 10 38 6 29 13 0 0 0 0 4 3 4 6 2 0 14 31 24 1 1 0 2 0 0 0 0 1 0 0 0 0 0 0 0 0 0 4 4 0 0 0 0 0 0 0 0
0 0 0 0 0 0 0 0 1 9 1 0 0 1 0 0 0 0 0 0 0 0 0 0 0 0 0 0 0 0 1 0 0 0 0 0 0 1 2 0 0 0 0 0 0 0 0 0 0 1 0 0 0 1 5 4 43 0 17 10 1 0 0 0 3 1 0 0 2 21 21 11 56 103 116 32 150 40 93 111 249 165 363 92 34 7 1 83 15 18 544 264 17 178 219 150 114 122 171 27 4 90 44 21 2 7 32 1 3 0 7 53 58 14 8 2 0 1 2 7 24 58 6 0 0 0 2 2 0 0 7 0 0 0 0 0 0 2 0 0 0 0 0 0 0 0 0 0 0 0
1 0 0 2 0 0 0 0 0 0 0 0 0 0 0 0 0 0 0 0 0 0 0 0 0 0 0 0 0 0 2 0 0 1 3 0 0 1 1 3 0 0 0 0 0 0 0 0 0 0 0 0 3 8 1 12 0 20 14 9 19 7 19 2 8 10 0 0 0 30 0 0 4 14 25 6 30 49 187 204 268 118 323 63 83 47 97 233 96 21 117 26 8 98 218 111 70 325 379 76 41 112 136 164 106 65 6 16 38 16 160 197 10 33 1 11 0 1 4 2 9 9 3 0 0 8 16 8 2 0 0 0 0 0 0 0 0 0 0 0 0 0 0 0 0 0 0 0 0 0
0 0 0 0 0 0 0 0 0 1 0 3 0 1 1 0 0 0 0 0 0 0 0 0 0 0 0 0 0 0 2 0 0 0 0 0 0 0 0 0 0 0 0 0 0 0 0 0 0 0 0 0 1 5 0 0 0 0 15 11 77 86 6 0 0 8 0 1 0 22 0 0 0 2 0 0 2 15 24 121 181 221 484 26 0 3 173 105 96 12 0 0 99 289 385 375 30 302 118 48 90 19 18 134 172 30 57 86 19 14 347 38 45 12 3 1 1 3 0 2 4 1 1 6 3 1 0 1 0 0 7 0 0 0 0 0 0 0 0 0 0 0 0 0 0 0 0 0 0 0
1 0 0 0 0 0 0 0 3 0 0 0 0 0 0 0 0 0 1 0 0 0 0 0 0 0 0 0 0 0 0 0 0 0 0 0 0 0 0 0 0 0 0 0 0 0 0 1 2 0 2 0 3 2 0 0 0 0 0 1 14 41 6 7 0 0 0 2 0 8 0 0 0 0 0 2 1 30 81 160 218 183 186 146 540 279 86 33 77 64 10 4 2 156 288 473 251 22 38 6 10 39 6 2 22 112 119 65 38 8 168 140 91 6 1 86 113 186 69 32 290 5 5 10 21 2 4 4 1 15 23 7 0 0 1 0 0 0 0 0 0 0 0 0 0 0 0 0 0 0
0 0 8 0 0 0 0 0 0 0 0 0 0 0 0 1 1 1 0 0 0 0 0 0 0 1 0 0 0 0 0 0 0 0 0 0 0 0 0 0 0 1 1 0 0 0 0 5 11 1 4 1 3 0 0 0 0 6 5 4 1 58 1 17 0 0 0 0 0 3 0 0 0 0 0 0 4 4 16 242 117 129 135 61 92 138 37 88 147 73 23 0 0 48 177 185 228 16 5 259 8 2 2 3 29 88 219 134 35 106 175 37 57 7 3 41 128 330 87 39 107 36 63 52 36 181 53 25 18 4 2 45 6 6 2 0 0 0 0 0 0 0 0 0 0 0 0 0 0 0
0 0 1 0 0 0 0 0 3 0 0 0 0 0 0 0 2 7 0 0 0 0 0 0 0 0 0 0 0 0 0 0 1 0 4 0 0 0 1 0 0 4 2 0 1 0 1 1 4 0 0 0 2 0 4 1 0 0 0 0 0 1 0 0 0 2 0 0 0 0 1 1 0 0 0 0 10 6 171 104 194 37 11 15 32 41 15 3 61 263 10 0 0 1 4 17 220 146 104 1 0 1 4 8 13 47 120 86 3 7 69 38 6 23 9 69 281 60 99 250 73 93 70 22 53 84 0 0 0 6 0 0 34 21 8 0 0 0 0 0 0 0 0 0 0 0 0 0 0 0
1 0 0 0 0 1 0 0 1 0 0 0 0 0 0 0 0 9 4 0 3 0 0 0 0 0 0 0 0 0 0 0 0 0 0 0 0 0 0 0 0 1 17 1 7 0 0 4 0 0 0 0 0 0 24 0 0 0 0 0 0 0 1 0 0 0 1 5 0 1 5 0 0 0 0 4 36 37 121 12 44 34 3 0 2 1 1 0 5 1 0 0 0 17 30 7 163 114 149 103 1 1 15 4 3 1 5 29 83 197 356 124 15 218 69 6 7 35 262 493 32 82 157 0 15 34 5 0 22 13 0 0 5 10 1 0 0 0 0 0 0 0 0 0 0 0 0 0 0 0
0 0 0 0 0 0 0 0 0 0 0 0 0 0 0 0 0 0 16 7 2 2 1 0 0 0 0 0 0 3 0 0 0 0 0 0 0 0 0 0 0 0 2 23 23 0 0 0 0 0 0 11 0 0 0 0 0 0 0 0 2 6 1 0 0 0 135 4 6 5 36 0 0 0 1 95 188 131 30 5 49 161 12 1 5 30 1 0 0 15 0 0 0 10 0 12 34 139 44 46 0 7 92 37 146 18 23 254 106 145 352 316 357 190 98 79 69 74 325 112 47 15 0 0 0 14 3 0 2 0 0 0 0 0 0 0 0 0 0 0 0 0 0 0 0 0 0 0 0 0
0 0 0 0 0 0 0 0 1 0 0 0 0 0 0 0 0 0 3 1 5 0 0 0 0 0 0 0 0 0 0 0 0 0 0 0 0 0 0 0 0 0 0 6 12 0 0 0 0 1 3 12 0 0 2 0 0 4 2 4 22 7 5 18 0 140 34 24 112 68 23 2 0 0 23 196 359 352 256 2 0 39 6 2 2 7 7 2 0 10 3 9 0 0 0 0 14 89 92 83 2 44 127 232 495 282 401 403 282 177 207 176 114 203 110 84 45 33 36 16 21 20 6 4 0 2 14 0 6 4 0 0 0 0 0 0 0 0 0 0 0 0 0 0 0 0 0 0 0 0
0 0 0 0 0 0 0 5 5 1 0 0 0 0 0 0 0 0 0 2 0 5 9 1 0 0 0 0 1 1 0 0 0 0 0 0 0 0 0 0 0 0 0 0 0 7 0 0 0 4 32 23 0 0 0 2 12 33 4 22 4 2 5 16 13 3 129 27 13 38 74 16 33 54 165 530 496 371 22 4 1 2 0 0 0 0 6 12 3 15 0 3 0 0 1 4 15 9 1 10 0 1 332 250 267 219 311 57 211 365 246 187 152 108 71 15 8 26 25 43 9 1 40 108 23 23 0 0 2 0 0 0 0 0 10 1 0 0 0 0 0 0 0 0 0 0 0 0 0 0
0 0 0 0 0 0 0 4 1 0 0 0 0 0 0 0 0 0 0 0 0 0 6 8 1 4 0 0 0 0 0 0 0 0 0 0 0 0 0 0 0 0 0 0 0 3 1 0 0 5 10 2 3 9 5 8 15 34 20 18 1 1 0 0 0 3 0 0 0 0 0 0 25 15 76 205 222 60 14 0 0 0 1 0 0 0 0 10 19 1 0 0 0 0 0 2 9 0 1 26 2 54 358 261 132 45 149 42 80 182 231 128 135 179 51 47 10 25 40 1 0 0 8 10 6 88 0 1 1 0 0 0 0 0 0 3 0 0 0 0 0 0 0 0 0 0 0 0 0 0
0 0 0 0 0 0 0 0 0 0 0 0 1 0 0 0 0 2 0 0 0 0 0 0 2 0 2 7 0 0 0 0 0 0 0 0 1 0 0 0 0 0 0 0 0 10 17 0 1 7 12 7 0 46 4 5 11 16 99 5 0 0 0 0 1 2 4 8 0 68 9 1 31 7 6 21 5 29 1 1 0 0 1 1 0 0 0 0 25 0 0 10 21 26 5 0 4 0 10 178 43 68 43 28 47 162 124 62 162 86 22 18 282 34 20 6 41 48 4 0 0 0 2 1 32 171 73 5 1 3 0 0 0 0 0 0 0 0 0 0 0 0 0 0 0 0 0 0 0 0
0 0 0 0 0 1 0 0 0 0 0 0 1 0 0 0 0 0 0 2 0 2 2 0 3 0 19 9 2 0 0 0 0 0 0 3 2 0 0 0 0 0 0 3 8 23 7 1 7 83 23 3 1 4 1 6 46 20 22 3 9 3 2 0 0 0 1 0 3 1 8 4 9 3 1 20 10 9 0 1 2 0 3 6 0 4 2 8 0 0 0 19 27 82 10 0 0 15 200 4 98 81 20 6 23 17 71 82 162 0 0 15 0 146 7 0 0 0 0 0 0 0 1 3 18 59 53 81 0 0 0 0 0 0 0 0 0 0 0 0 0 0 0 0 0 0 0 0 0 0
0 0 0 0 0 0 0 0 0 0 0 0 0 0 0 0 0 0 0 1 0 2 40 4 2 0 0 7 59 1 0 6 0 0 0 0 0 0 0 0 0 0 2 34 3 39 35 8 0 30 7 1 0 0 15 2 22 34 2 0 0 1 0 0 0 4 0 0 4 5 13 14 2 0 0 61 5 0 0 0 0 0 0 0 0 29 5 2 5 1 1 10 0 0 1 3 0 2 1 0 427 288 244 43 20 33 31 76 46 6 0 0 0 31 4 0 0 0 0 0 0 0 0 2 6 0 0 36 24 0 0 0 0 0 0 0 0 0 0 0 0 0 0 0 0 0 0 0 0 0
0 0 0 0 2 0 0 0 0 0 0 0 0 0 0 0 0 0 1 1 0 4 3 0 0 5 0 1 0 1 0 2 0 0 0 0 0 0 0 0 3 3 4 3 0 7 2 13 20 69 101 34 7 14 2 2 4 1 0 0 0 0 3 4 39 25 1 0 1 6 24 5 0 0 1 11 70 52 0 8 1 0 0 2 0 0 1 2 4 0 1 0 0 0 0 0 0 0 126 159 457 505 107 27 0 3 30 31 3 0 0 0 0 0 0 0 0 0 0 0 0 0 0 1 0 0 4 47 0 0 0 0 0 0 0 0 0 0 0 0 0 0 0 0 0 0 0 0 0 0
0 0 0 0 0 0 0 0 0 0 0 0 0 1 0 0 0 0 0 0 0 1 5 0 2 0 1 0 0 0 7 26 3 4 0 0 0 2 0 0 14 7 0 0 1 0 1 4 83 218 69 57 16 1 0 0 1 0 0 0 0 2 0 0 2 12 9 0 4 24 6 2 3 0 0 0 23 12 17 14 7 12 6 4 5 1 16 3 90 21 1 1 1 1 1 1 0 0 25 113 69 28 18 0 8 0 27 38 1 0 0 0 0 13 0 0 0 0 0 0 0 0 0 0 0 12 11 0 0 4 3 0 0 0 0 0 0 0 0 0 0 0 0 0 0 0 0 0 0 0
0 0 0 0 0 0 0 0 0 0 0 0 0 0 0 0 0 0 0 0 0 1 2 0 0 0 0 0 0 0 1 4 12 0 0 0 1 30 5 4 0 0 0 0 0 0 3 10 6 132 212 74 1 0 0 0 0 1 2 0 0 0 0 0 2 1 8 0 0 2 2 4 13 0 0 0 3 0 2 6 0 11 7 0 0 6 3 0 0 0 0 1 1 1 0 0 1 0 0 0 4 0 17 15 33 8 10 13 35 28 12 5 16 0 0 0 0 0 0 0 0 0 0 0 5 21 21 0 0 0 0 0 0 0 0 0 0 0 0 0 0 0 0 0 0 0 0 0 0 0
0 0 0 0 0 0 0 0 0 0 0 0 0 0 0 0 1 4 0 0 3 0 1 0 0 0 0 0 0 0 1 0 4 1 0 0 0 5 0 0 0 0 0 0 0 22 5 11 1 41 45 7 0 0 1 0 2 10 1 0 0 0 0 0 1 0 0 0 0 0 0 0 42 38 2 6 0 0 0 0 0 2 24 35 2 0 0 1 0 0 0 0 0 1 0 0 0 1 0 0 2 0 1 21 9 3 1 0 1 1 0 41 11 0 0 0 0 0 0 0 0 0 0 6 3 2 10 31 0 0 0 0 0 0 0 0 0 0 0 0 0 0 0 0 0 0 0 0 0 0
0 0 0 0 0 0 0 0 0 0 0 0 0 1 0 0 0 0 0 0 0 0 1 0 0 0 0 0 0 0 0 1 3 6 22 0 3 24 0 0 0 0 0 8 10 10 18 0 0 6 22 14 8 4 6 0 2 0 0 0 0 0 0 0 1 0 0 6 2 0 13 0 2 4 18 4 0 0 0 0 0 1 2 16 4 2 0 0 0 7 0 3 0 0 0 0 1 0 0 5 2 2 1 6 168 0 0 1 0 0 0 3 0 0 0 0 0 0 0 0 0 0 1 0 0 6 11 1 0 0 0 0 0 0 0 0 0 0 0 0 0 0 0 0 0 0 0 0 0 0
0 0 0 0 0 0 0 0 0 0 0 0 0 0 2 3 0 1 2 0 0 2 0 3 0 0 0 0 0 0 0 0 1 11 12 0 0 3 0 0 0 0 0 1 25 2 0 0 7 2 13 3 0 1 0 0 0 0 0 0 0 0 0 0 0 5 0 55 0 0 0 10 0 0 0 5 10 0 0 0 3 0 0 0 0 9 2 1 0 4 0 0 0 0 0 0 0 0 0 5 2 3 2 36 113 57 0 1 0 0 0 1 0 0 2 1 0 0 0 0 0 0 0 0 0 5 4 19 0 3 0 0 0 0 0 0 2 11 0 0 0 0 0 0 0 0 0 0 0 0
0 0 0 0 0 0 0 0 0 0 0 0 0 0 4 0 0 2 0 0 0 7 4 1 0 0 1 5 1 0 1 0 0 0 5 2 0 1 0 1 0 2 0 4 28 0 1 1 0 1 9 8 0 0 2 0 0 0 0 0 0 0 0 0 1 0 0 0 0 0 1 2 0 0 0 1 1 0 0 0 0 0 5 0 0 0 3 2 0 0 0 0 0 2 0 0 0 1 0 1 1 4 1 0 10 249 25 0 0 0 0 0 0 0 2 1 0 0 1 0 0 0 0 0 3 39 3 1 0 0 0 0 0 0 0 0 2 1 0 0 0 0 0 0 0 0 0 0 0 0
0 0 0 0 0 0 0 0 0 0 0 0 0 0 5 1 1 5 6 0 0 6 2 0 0 0 0 0 0 0 2 0 0 7 0 1 0 3 0 1 1 6 5 32 66 3 1 1 0 1 0 8 7 2 0 1 0 0 0 0 0 0 0 0 0 0 0 0 3 6 25 3 2 1 0 0 0 3 0 0 0 0 0 0 0 0 0 2 2 0 2 0 0 0 0 0 0 0 0 0 0 4 5 1 5 227 166 7 0 0 0 0 0 0 0 0 0 154 32 1 0 0 0 12 37 8 79 75 39 1 0 0 0 0 1 0 1 0 0 0 0 0 0 0 0 0 0 0 0 0
0 0 0 0 0 1 0 1 0 2 0 0 5 1 2 1 2 9 1 1 0 7 5 0 0 0 2 0 2 3 1 0 0 1 0 3 1 2 20 21 71 162 84 123 28 1 0 0 0 0 0 1 27 5 0 0 0 0 0 0 0 0 0 0 0 0 0 0 0 1 2 8 3 0 6 3 0 3 2 0 1 1 2 0 0 0 0 0 4 1 0 1 0 0 4 8 7 0 0 0 0 0 3 5 60 154 62 103 3 0 0 0 0 0 0 0 38 12 4 0 0 0 4 25 33 40 198 134 11 4 0 0 0 5 0 0 0 0 0 0 0 0 0 0 0 0 0 0 0 0
0 0 0 0 0 0 0 1 2 2 11 7 5 3 0 1 1 2 0 0 1 1 5 6 0 1 0 0 1 1 0 0 0 2 9 2 0 0 24 55 172 256 157 255 24 1 0 3 2 1 0 0 26 19 2 0 0 0 0 0 0 0 0 0 0 0 0 0 0 0 0 0 0 0 0 0 1 1 2 0 0 0 1 0 2 0 0 0 0 0 0 0 0 7 2 8 0 0 0 0 0 0 3 1 4 20 2 24 33 0 0 0 1 0 12 21 175 99 16 8 7 9 0 27 21 10 114 133 120 250 1 12 2 48 0 1 0 0 0 0 0 0 0 0 0 0 0 0 0 0
0 0 0 0 0 0 0 0 0 3 3 0 2 0 0 0 0 2 4 8 0 2 82 9 0 0 0 0 0 0 1 1 0 0 2 4 6 34 15 14 238 110 125 52 7 1 8 1 1 0 0 0 3 2 2 1 0 0 0 0 0 0 0 0 0 0 0 0 0 0 0 2 0 0 0 1 0 3 1 0 0 8 4 1 6 0 0 0 2 7 0 0 0 1 0 1 0 1 0 0 1 1 0 8 1 0 0 1 1 0 0 2 2 0 4 376 127 103 40 45 27 15 9 0 0 2 4 26 0 14 0 79 145 10 4 0 0 0 0 0 0 0 0 0 0 0 0 0 0 0
0 0 0 0 0 0 1 0 0 2 0 2 2 2 0 2 0 0 2 1 165 32 9 0 0 0 0 0 0 2 0 0 3 6 25 3 0 1 0 41 102 121 109 51 37 2 1 0 1 1 0 0 2 0 1 0 0 0 0 0 0 0 0 0 0 0 0 0 0 0 0 0 0 0 0 0 0 0 7 0 5 6 12 31 10 1 0 0 0 0 0 0 0 0 0 1 0 3 0 1 0 0 0 0 1 0 2 6 35 24 136 118 28 27 149 360 134 83 14 143 23 39 1 0 7 1 30 107 0 0 10 31 66 3 11 0 0 0 0 0 0 0 0 0 0 0 0 0 0 0
0 0 0 0 0 0 0 1 0 1 0 3 1 0 0 0 0 1 0 1 27 0 0 0 0 0 0 0 0 4 75 2 6 2 0 0 1 1 1 2 3 33 3 10 0 0 0 0 0 1 0 0 14 1 0 2 3 0 0 0 0 0 0 0 0 0 0 0 0 0 0 0 0 0 0 0 3 9 4 1 0 6 5 1 0 0 0 0 2 0 8 0 0 0 1 3 0 0 0 0 0 0 0 0 0 1 6 2 46 25 45 27 8 87 488 153 107 87 32 99 26 1 0 8 1 3 2 0 0 0 11 102 0 0 0 0 0 0 0 0 0 0 0 0 0 0 0 0 0 0
0 0 0 3 0 5 8 0 1 0 0 0 0 2 6 0 0 1 8 6 7 0 0 0 0 0 2 0 0 0 25 0 5 1 2 1 0 4 3 0 10 2 3 0 1 0 0 0 2 2 0 1 171 3 68 6 4 1 0 0 0 0 0 0 0 0 0 0 0 0 0 0 0 0 0 0 0 3 8 0 0 2 1 0 0 0 0 0 1 0 0 0 0 2 3 0 3 0 0 0 1 0 0 0 0 0 35 21 19 0 0 2 21 76 76 265 29 54 23 46 86 0 0 0 0 0 0 0 0 0 0 29 1 0 0 0 0 0 0 0 0 0 0 0 0 0 0 0 0 0
0 0 0 0 0 0 2 0 1 0 0 0 0 4 0 1 13 5 0 0 8 1 4 0 0 0 0 8 7 4 9 4 2 0 0 0 2 2 3 0 2 34 1 0 1 0 2 0 0 0 2 0 49 34 2 8 1 0 0 0 0 0 0 0 0 0 0 0 0 0 0 0 0 0 0 0 11 0 1 0 0 0 0 0 0 0 0 0 0 0 9 1 7 11 1 7 0 0 0 1 27 0 0 0 0 0 1 27 337 5 0 0 0 0 0 2 0 14 173 175 18 0 0 0 2 0 0 0 0 0 0 0 14 0 0 0 0 0 0 0 0 0 0 0 0 0 0 0 0 0
1 0 0 0 0 0 2 14 1 3 5 1 5 0 1 31 17 11 1 1 0 0 1 0 1 23 7 5 0 2 8 1 3 3 0 0 0 0 2 1 2 0 0 0 0 0 0 0 0 0 0 11 1 5 8 2 2 0 0 0 0 0 0 0 0 0 0 0 0 0 0 0 0 0 0 0 5 4 0 0 0 0 0 0 0 0 0 1 5 0 3 0 0 6 0 0 0 0 0 0 0 0 0 1 0 6 7 13 47 0 0 0 0 0 1 0 0 0 44 103 125 183 0 0 0 16 0 0 0 26 9 1 10 2 0 0 0 0 0 0 0 0 0 0 0 0 0 0 0 0
0 1 0 0 0 0 2 0 0 0 10 2 0 0 6 9 9 11 3 0 0 1 0 0 0 1 0 0 3 2 0 0 0 0 0 0 0 0 0 1 0 4 7 0 0 0 2 0 0 0 4 11 7 5 8 0 1 0 0 0 0 0 0 0 0 0 0 0 0 0 0 0 0 0 0 0 0 6 48 0 0 2 0 0 0 0 0 25 9 1 1 1 0 0 0 3 0 0 0 3 7 7 1 2 3 1 3 6 14 3 0 0 0 4 17 24 50 164 18 80 218 41 0 2 86 14 0 0 0 40 54 0 0 0 0 0 0 0 0 0 0 0 0 0 0 0 0 0 0 0
0 2 0 0 0 0 3 0 0 2 4 36 1 3 1 0 0 3 0 0 0 0 0 4 3 0 0 0 3 0 0 0 0 0 0 0 0 1 1 0 0 5 16 5 1 6 1 1 0 0 0 28 3 1 0 0 0 0 0 0 0 0 0 0 0 0 0 0 0 0 0 0 0 0 0 0 0 12 10 4 0 1 0 0 0 0 0 0 0 0 2 0 2 1 0 0 0 0 1 1 0 0 1 0 2 0 1 7 15 2 0 0 0 0 86 135 248 167 11 14 17 40 51 105 36 1 0 0 0 132 29 0 0 0 0 0 0 0 0 0 0 0 0 0 0 0 0 0 0 0
0 0 0 0 0 0 0 0 0 0 0 10 0 1 0 1 1 0 1 2 0 0 0 1 0 0 0 0 0 1 0 0 0 0 0 0 0 1 2 0 0 0 2 0 0 8 0 0 0 0 0 20 0 1 1 0 0 0 1 0 1 0 0 0 0 0 0 0 0 0 0 0 0 0 0 0 1 1 38 13 0 3 7 0 0 0 2 0 0 0 0 0 0 2 0 0 0 0 0 1 0 2 3 1 1 3 3 3 15 1 0 0 5 4 11 1 3 13 112 110 7 106 260 152 129 36 12 88 194 366 129 1 0 0 0 0 0 0 0 0 0 0 0 0 0 0 0 0 0 0
0 2 1 0 0 2 0 0 0 5 6 4 0 3 5 0 0 0 0 0 0 0 0 0 0 2 5 0 0 0 0 0 1 0 0 0 0 0 1 5 1 0 1 0 0 1 1 0 0 1 3 110 11 1 0 3 0 2 1 0 0 0 0 0 0 0 0 0 0 0 0 0 0 0 0 0 1 2 15 1 0 5 2 0 0 0 0 0 4 1 0 0 0 0 0 5 5 0 0 0 0 0 1 3 4 1 4 0 33 26 1 1 2 0 0 2 1 173 54 120 132 336 337 313 354 301 185 215 208 243 84 0 0 0 0 0 0 0 0 0 0 0 0 0 0 0 0 0 0 0
0 0 0 0 1 0 0 0 0 1 0 1 2 0 8 4 1 0 0 1 0 0 0 0 5 4 2 2 0 0 0 0 1 0 0 0 0 0 5 2 0 0 0 0 0 0 1 0 0 10 317 186 4 15 7 0 0 1 0 3 2 0 0 0 0 0 0 0 0 0 0 0 0 0 0 0 0 0 2 0 0 7 0 0 0 0 0 0 3 0 0 0 16 0 0 0 0 0 0 3 5 0 0 1 17 2 19 12 1 1 1 2 1 2 1 3 3 22 155 593 561 344 156 538 443 219 48 280 132 2 19 0 0 0 0 0 0 0 0 0 0 0 0 0 0 0 0 0 0 0
0 4 0 2 0 1 1 0 6 1 0 1 3 0 6 1 1 1 0 0 0 0 0 0 3 1 0 0 0 0 0 13 5 1 0 0 0 0 0 0 0 0 0 0 0 1 0 0 4 35 266 182 133 177 10 3 0 2 1 0 0 0 0 0 0 0 0 0 0 0 0 0 0 0 0 0 0 0 0 5 0 0 0 0 0 0 0 6 45 0 0 11 0 0 0 0 0 0 0 0 2 0 0 3 0 47 95 2 1 0 0 2 0 0 1 0 2 4 26 228 137 203 101 931 508 199 40 130 12 144 283 286 0 0 0 0 0 0 0 0 0 0 0 0 0 0 0 0 0 0
1 2 0 1 0 0 13 6 10 2 1 18 1 0 0 0 0 0 0 0 0 0 0 0 0 0 3 1 0 0 0 2 3 0 0 0 0 0 0 0 0 0 0 1 0 0 0 0 0 2 157 124 201 142 132 17 1 1 2 2 2 0 0 0 0 0 0 0 0 0 0 0 0 0 0 0 0 0 0 9 0 1 0 0 0 0 0 5 13 0 1 3 31 0 0 0 0 0 0 2 0 16 1 122 2 9 0 2 0 0 0 0 1 1 1 1 0 0 1 57 76 173 117 245 253 272 141 129 159 122 109 69 0 0 0 0 0 0 0 0 0 0 0 0 0 0 0 0 0 0
1 0 3 4 0 0 1 3 5 1 2 2 0 0 0 0 0 0 0 0 0 0 0 0 0 0 0 0 1 0 1 0 0 1 0 0 0 0 0 0 0 0 0 0 0 2 2 0 4 0 21 45 58 15 8 6 1 0 0 0 0 0 0 0 0 0 0 0 0 0 0 0 0 0 0 0 0 0 1 0 0 1 0 0 0 1 14 20 7 0 3 53 21 4 3 0 0 0 0 5 9 0 19 40 3 0 4 1 8 0 0 0 0 0 2 0 1 10 3 4 23 264 205 64 59 159 277 433 81 60 20 46 0 0 0 0 0 0 0 0 0 0 0 0 0 0 0 0 0 0
0 0 7 0 3 0 21 18 2 4 4 0 1 0 0 0 0 0 0 0 0 0 0 0 0 0 0 0 0 0 0 0 0 0 0 0 0 0 0 0 0 0 0 0 0 0 0 0 1 4 0 5 15 4 6 0 0 12 22 3 1 0 0 0 0 0 0 0 0 0 0 0 0 0 0 0 0 0 0 0 0 1 5 12 2 3 0 0 9 17 46 32 68 0 0 0 0 0 4 2 18 75 44 96 121 12 4 0 0 2 0 0 1 0 4 0 0 5 2 120 91 198 756 520 175 55 801 579 447 0 0 0 0 0 0 0 0 0 0 0 0 0 0 0 0 0 0 0 0 0
3 0 8 0 2 5 0 6 2 2 0 0 0 0 0 0 0 0 0 0 2 0 1 0 0 0 0 0 0 0 0 0 0 0 0 0 0 0 0 1 1 1 0 0 0 0 0 0 0 0 0 0 14 0 1 0 0 4 42 5 0 1 0 0 0 0 0 0 0 0 0 0 0 0 0 0 0 0 0 0 0 0 4 0 0 0 2 11 4 10 43 53 45 5 22 4 0 0 0 1 19 63 158 69 75 7 1 2 1 1 1 0 0 0 0 0 3 148 103 170 183 0 1 61 52 71 414 267 130 0 110 2 0 0 0 0 0 0 0 0 0 0 0 0 0 0 0 0 0 0
1 1 48 2 13 81 28 2 0 0 0 0 0 3 0 0 0 0 0 0 1 0 0 0 0 0 0 0 0 0 0 0 0 0 0 0 0 0 0 0 0 0 0 0 0 0 0 0 0 0 0 3 3 0 0 0 0 5 1 10 4 0 0 0 0 0 0 0 0 0 0 0 0 0 0 0 0 0 0 0 4 17 0 0 4 0 56 7 0 1 0 0 2 0 0 0 0 0 0 5 1 21 263 101 24 44 6 3 21 2 3 0 0 0 0 5 76 129 55 15 0 0 0 0 28 195 39 257 213 0 31 1 0 0 0 0 0 0 0 0 0 0 0 0 0 0 0 0 0 0
0 7 17 59 178 120 202 21 5 0 0 0 1 0 1 0 0 0 0 0 0 1 0 0 0 0 0 0 0 0 0 0 0 0 0 0 0 0 0 0 0 0 0 1 3 1 0 3 2 0 0 4 0 0 0 0 1 0 4 4 0 0 0 0 0 0 0 0 0 0 0 0 0 0 0 0 0 0 1 4 1 0 0 0 0 0 3 82 18 2 0 0 0 0 0 0 0 0 0 0 0 108 184 112 30 29 5 2 0 4 3 1 0 0 0 13 30 0 3 8 0 0 0 0 13 156 53 238 76 0 11 0 0 0 0 0 0 0 0 0 0 0 0 0 0 0 0 0 0 0
1 35 98 261 101 93 33 6 0 0 0 4 2 0 0 1 1 1 0 0 0 0 0 0 1 0 0 2 0 0 0 0 0 0 0 0 0 0 0 0 1 0 0 1 2 0 0 6 7 0 0 0 8 0 0 0 0 0 1 0 0 0 0 0 0 0 0 0 0 0 0 0 0 0 0 0 0 2 0 0 0 0 0 0 0 0 14 19 1 0 2 2 0 0 0 0 0 0 0 0 4 13 4 2 13 30 0 0 0 1 2 1 1 1 1 0 3 2 11 16 8 18 1 0 4 44 9 74 21 0 0 0 0 0 0 0 0 0 0 0 0 0 0 0 0 0 0 0 0 0
1 2 146 69 76 83 31 6 0 0 0 0 0 0 0 0 0 0 0 1 1 1 0 0 0 1 0 0 0 0 0 0 0 0 2 0 0 0 0 0 0 0 0 0 0 0 0 0 1 3 0 0 0 0 0 0 0 0 0 0 0 0 0 0 0 0 0 0 0 0 0 0 0 0 0 0 1 0 0 0 0 0 0 0 0 0 36 3 1 3 7 0 0 0 1 1 0 0 0 164 214 43 75 17 3 24 3 3 0 0 0 1 0 4 0 0 0 0 1 28 65 9 72 138 5 2 0 0 1 0 0 0 0 0 0 0 0 0 0 0 0 0 0 0 0 0 0 0 0 0
3 19 13 20 13 7 0 0 1 8 0 0 0 0 0 0 0 0 0 0 0 19 0 0 0 0 0 0 1 0 0 0 0 0 0 0 1 0 0 0 0 0 0 0 0 4 0 0 0 0 0 0 1 0 0 6 0 0 0 0 0 0 0 0 0 0 0 0 0 0 0 0 0 0 0 0 3 3 0 0 0 0 0 0 0 0 16 0 0 7 6 0 0 0 23 40 54 3 61 535 136 181 24 9 0 7 7 31 0 0 0 0 0 0 0 0 0 0 12 3 27 17 5 13 2 12 4 2 36 9 0 0 0 0 0 0 0 0 0 0 0 0 0 0 0 0 0 0 0 0
10 5 2 2 0 0 0 0 0 0 0 0 0 0 0 1 0 0 1 0 1 6 2 0 0 0 0 2 0 0 0 0 0 3 0 0 0 0 0 0 0 0 0 0 0 5 2 1 0 0 0 0 1 0 18 4 1 0 0 0 0 0 0 0 0 0 0 0 0 0 0 0 0 0 1 1 0 0 0 0 0 0 0 0 0 0 19 0 0 0 29 8 0 6 20 117 28 0 35 69 2 1 10 12 1 1 0 27 207 99 0 0 0 0 0 0 0 1 0 0 3 0 0 0 12 16 7 17 326 81 8 0 0 0 0 0 0 0 0 0 0 0 0 0 0 0 0 0 0 0
4 0 0 0 0 0 4 0 0 0 0 0 0 0 0 0 0 0 0 0 0 0 0 0 0 0 1 0 0 0 4 12 0 0 0 0 0 0 0 0 0 0 0 0 0 1 0 0 0 0 0 0 2 0 9 0 0 0 0 0 0 0 0 0 0 0 0 0 0 0 0 0 0 0 2 1 0 0 0 0 0 0 0 0 0 0 42 32 194 15 29 2 4 7 0 19 9 2 0 0 2 1 1 0 0 3 85 67 42 4 0 0 0 0 0 0 0 1 0 0 2 8 1 6 0 47 8 61 27 61 6 0 0 0 0 0 0 0 0 0 0 0 0 0 0 0 0 0 0 0
1 0 0 0 0 0 0 0 0 0 0 0 0 0 0 0 0 0 0 0 0 0 0 1 0 0 0 0 1 0 2 0 0 0 0 0 0 0 0 0 0 0 0 0 0 4 86 0 0 0 0 0 1 13 6 0 0 0 0 0 0 0 0 0 0 0 0 0 0 0 0 1 0 1 0 0 0 0 0 0 0 0 0 0 0 0 2 0 54 2 0 0 0 2 0 8 0 0 0 0 0 2 0 1 0 62 135 81 10 16 0 0 0 0 0 0 0 0 4 9 0 26 0 4 1 3 25 12 1 13 0 0 0 0 0 0 0 0 0 0 0 0 0 0 0 0 0 0 0 0
0 0 0 0 0 0 0 0 0 0 0 0 0 0 0 0 0 0 1 0 0 0 0 1 0 0 0 0 1 0 0 0 0 0 1 0 0 0 0 0 0 0 0 0 0 0 0 0 0 0 0 3 2 24 5 0 0 0 0 0 0 0 0 0 0 0 0 0 0 0 0 1 3 0 0 0 0 0 0 0 0 0 0 0 0 0 0 0 0 0 0 0 0 7 0 0 1 0 0 2 1 2 2 0 11 30 27 1 13 31 0 0 0 0 0 0 0 0 0 0 0 4 0 17 33 28 48 8 3 7 0 0 0 0 0 0 0 0 0 0 0 0 0 0 0 0 0 0 0 0
0 0 0 0 1 18 0 0 0 0 0 0 0 0 0 0 0 0 0 1 0 0 0 0 0 0 0 0 0 0 1 3 0 0 0 0 0 0 0 0 0 0 2 2 0 0 0 0 0 0 0 0 4 5 1 0 0 0 0 0 0 0 0 0 0 0 0 1 0 2 0 0 0 0 0 0 0 0 0 0 0 0 0 0 0 0 0 0 0 0 0 14 42 3 0 0 1 0 0 0 0 2 7 7 16 3 0 0 0 0 0 0 0 0 0 0 0 0 0 0 0 0 0 4 0 0 0 70 0 1 0 0 0 0 0 0 0 0 0 0 0 0 0 0 0 0 0 0 0 0
0 0 0 0 29 15 0 0 0 0 0 0 0 0 1 0 0 0 0 0 0 0 0 0 0 0 0 0 1 0 11 0 0 0 0 0 0 0 1 0 0 0 0 2 0 0 0 0 0 2 0 0 0 1 0 2 1 0 0 0 0 0 0 0 0 0 0 0 6 2 0 0 0 1 0 0 0 0 0 0 0 0 0 0 0 0 0 0 18 11 35 71 8 6 0 0 0 0 0 3 10 239 359 9 0 1 3 0 0 4 1 0 0 0 0 0 0 0 0 0 0 0 0 0 0 0 6 3 0 0 0 0 0 0 0 0 0 0 0 0 0 0 0 0 0 0 0 0 0 0
0 0 0 0 0 2 0 0 0 0 0 0 0 0 0 0 0 0 0 0 0 0 0 0 0 0 0 0 0 1 0 0 0 0 0 0 1 0 0 0 0 0 0 0 0 5 0 0 0 0 0 0 0 4 0 0 0 0 0 0 0 0 0 0 0 0 0 0 3 0 0 0 0 0 0 0 0 0 0 0 0 0 0 0 0 0 0 0 6 34 94 30 16 3 3 8 0 3 0 25 32 49 18 4 0 0 0 0 0 0 0 0 0 0 0 0 0 0 0 0 0 18 53 0 0 1 0 0 0 0 0 0 0 0 0 0 0 0 0 0 0 0 0 0 0 0 0 0 0 0
0 0 0 0 0 0 0 0 0 0 0 1 9 5 0 1 0 0 0 0 0 0 0 0 0 0 3 0 0 3 0 0 0 0 0 3 0 0 0 0 0 0 0 0 0 2 0 0 0 0 1 0 0 18 1 2 0 0 0 0 0 0 0 0 0 0 0 1 65 0 0 0 0 0 0 0 0 0 0 0 0 0 0 0 1 0 5 2 0 5 0 0 2 0 2 1 0 0 0 4 18 0 1 0 0 0 0 0 1 6 0 8 0 0 0 0 0 0 0 0 0 0 0 0 0 0 0 2 0 0 0 0 0 0 0 0 0 0 0 0 0 0 0 0 0 0 0 0 0 0
0 0 0 0 0 0 1 0 0 0 0 0 0 0 0 0 0 0 0 0 0 0 0 0 0 0 0 0 0 0 0 0 0 0 0 1 0 0 0 0 0 0 0 0 0 0 0 5 0 1 0 0 0 1 3 4 1 0 0 0 0 0 0 0 0 0 0 3 3 0 0 0 0 0 0 0 0 0 0 0 0 0 0 0 31 0 0 0 1 9 2 4 7 2 3 0 1 8 5 6 14 3 0 0 2 0 0 2 32 26 64 171 3 1 0 0 0 0 0 0 0 0 0 0 0 0 0 0 0 0 0 0 0 0 0 0 0 0 0 0 0 0 0 0 0 0 0 0 0 0
0 0 0 0 0 1 0 1 0 0 0 0 0 0 0 0 0 0 0 0 0 0 0 0 0 0 0 0 0 0 0 0 0 0 0 0 1 0 0 0 0 0 0 0 0 0 0 0 5 0 0 0 0 0 2 39 67 0 1 0 0 0 0 0 0 1 11 21 0 0 0 0 0 0 0 0 0 0 0 0 0 0 0 1 11 1 0 4 0 0 0 0 0 0 1 1 15 5 101 0 0 0 1 0 0 0 4 0 15 14 50 12 17 6 0 0 0 0 0 0 0 0 0 0 0 0 0 0 0 0 0 0 0 0 0 0 0 0 0 0 0 0 0 0 0 0 0 0 0 0
0 0 0 0 0 0 0 0 0 0 0 0 0 0 0 0 0 0 0 0 0 0 0 0 0 0 0 0 0 0 0 0 0 0 0 0 0 0 1 0 0 0 0 0 0 1 0 4 25 0 0 2 0 0 8 2 0 0 19 3 0 0 2 2 1 0 0 0 0 0 0 0 0 0 0 0 0 0 0 0 0 0 0 0 0 0 0 2 0 0 0 0 1 0 4 42 3 0 0 0 0 0 0 0 25 31 308 235 199 33 7 0 15 2 0 0 0 0 0 0 0 0 0 0 0 0 0 0 0 0 0 0 0 0 0 0 0 0 0 0 0 0 0 0 0 0 0 0 0 0
0 0 1 1 0 20 0 3 1 1 0 0 0 0 0 0 3 0 0 0 0 0 0 0 0 0 0 0 0 0 0 0 0 0 0 0 0 1 1 0 0 0 0 0 1 3 8 3 0 1 0 0 3 1 1 2 0 0 0 0 0 0 0 0 0 0 0 8 0 10 1 2 0 0 0 0 0 0 0 0 0 0 0 0 0 0 0 1 0 0 2 5 1 0 24 12 0 0 0 0 0 0 0 2 8 8 60 123 78 82 14 36 37 0 0 0 0 0 0 0 0 0 0 0 0 0 0 0 0 0 0 0 0 0 0 0 0 0 0 0 0 0 0 0 0 0 0 0 0 0
0 0 1 0 33 16 0 0 0 0 0 0 0 3 0 0 0 0 1 0 0 0 0 0 0 0 0 0 0 0 0 0 0 0 0 0 0 0 0 0 2 0 0 0 0 0 2 0 0 0 1 6 0 0 2 0 0 0 0 0 0 0 1 0 0 2 0 1 3 0 0 0 1 1 0 0 0 0 0 0 0 0 0 0 0 0 0 0 0 0 0 0 6 19 0 4 50 0 0 0 0 0 0 14 38 125 1 0 2 18 0 0 0 0 0 0 0 0 0 0 0 0 0 0 0 0 0 0 0 0 0 0 0 0 0 0 0 0 0 0 0 0 0 0 0 0 0 0 0 0
0 0 0 0 0 0 0 0 1 0 0 0 0 1 0 0 0 0 0 0 0 0 0 0 0 0 0 0 0 0 0 0 0 0 0 0 0 0 0 0 0 0 0 0 0 0 0 0 0 1 0 0 0 0 2 0 0 0 0 0 0 0 0 0 0 0 0 0 0 0 0 3 2 0 0 0 0 0 0 0 0 0 0 0 0 0 0 0 1 0 0 2 10 8 3 35 101 0 0 0 0 0 0 0 3 0 0 0 0 0 6 23 0 0 0 0 0 0 0 0 0 0 0 0 0 0 0 0 0 0 0 0 0 0 0 0 0 0 0 0 0 0 0 1 1 0 0 0 0 0
0 0 0 0 0 0 0 0 0 2 0 0 0 0 6 0 0 0 0 0 0 0 0 0 0 0 0 0 0 0 0 1 0 0 0 0 0 0 0 0 0 0 0 0 0 0 0 0 0 0 0 0 0 3 0 0 0 0 2 1 0 0 0 0 0 0 0 0 0 0 0 0 0 0 0 0 0 0 0 0 0 0 0 0 0 0 0 0 7 0 1 9 42 47 25 0 0 0 0 0 0 0 1 0 0 0 0 0 0 18 30 0 0 0 0 0 0 0 0 0 0 0 0 0 0 0 0 0 0 0 0 0 0 0 0 0 0 0 0 0 0 0 0 0 0 0 0 0 0 0
0 0 0 0 4 1 0 0 0 0 0 0 0 0 0 0 0 0 0 0 0 0 0 0 0 0 0 0 0 0 0 0 0 0 0 0 0 0 0 0 0 0 0 0 0 0 0 0 0 0 1 0 2 0 0 0 0 0 0 0 0 1 0 0 0 0 0 0 0 0 0 0 0 0 0 0 0 0 0 0 0 0 0 0 0 0 0 0 0 2 1 21 225 0 0 3 3 0 0 0 0 0 0 0 0 0 0 1 1 0 0 0 0 0 0 0 0 0 0 0 0 0 0 0 0 0 0 0 0 0 0 0 0 0 0 0 0 0 0 0 0 0 0 0 0 0 0 0 0 0
0 0 0 0 0 0 0 0 0 0 0 0 2 0 0 0 0 0 0 0 0 0 0 0 0 0 0 0 0 0 0 0 0 0 0 0 0 0 0 0 0 0 0 0 0 0 0 0 0 0 1 4 0 0 0 0 0 0 0 1 1 0 0 0 0 0 0 0 0 0 0 24 0 0 0 0 0 0 0 0 0 0 0 0 0 0 0 0 0 0 8 8 1 3 11 0 0 0 0 0 0 0 0 0 0 0 0 0 0 0 0 0 0 0 0 0 0 0 0 0 0 0 0 0 0 0 0 0 0 0 0 0 0 0 0 0 0 0 0 0 0 0 0 0 0 0 0 0 0 0
0 0 0 0 0 0 0 0 0 0 0 0 0 0 0 0 0 0 0 0 0 0 1 11 0 0 0 0 0 0 0 0 0 0 0 0 0 0 0 0 0 0 0 0 0 0 0 0 0 0 0 6 0 0 0 0 0 0 0 0 0 2 1 0 0 0 0 0 0 0 0 0 1 0 3 0 0 0 0 0 0 0 0 0 0 0 0 0 0 0 0 7 4 1 3 1 0 1 0 0 0 0 0 0 0 0 0 0 0 0 0 0 0 0 0 0 0 0 0 0 0 0 0 0 0 0 0 0 0 0 0 0 0 0 0 0 0 0 0 0 0 0 0 0 0 0 0 0 0 0
0 0 0 0 0 0 0 0 0 0 0 0 0 0 0 0 0 0 0 0 0 0 0 4 0 0 0 0 0 0 0 0 0 0 0 0 0 0 0 0 0 0 0 0 0 0 0 0 0 0 0 6 13 0 0 0 1 0 0 0 1 4 15 0 0 0 0 0 0 0 0 0 0 0 3 0 0 0 0 0 0 0 0 0 0 0 0 0 0 0 1 3 0 3 7 0 0 0 0 0 0 0 0 0 0 0 0 0 0 0 0 0 0 0 0 0 0 0 0 0 0 0 0 0 0 0 0 0 0 0 0 0 0 0 0 0 0 0 0 0 0 0 0 0 0 0 0 0 0 0
0 0 0 0 0 0 0 0 0 0 0 0 0 0 0 0 0 0 0 0 0 0 0 0 0 0 0 0 0 0 0 0 0 0 0 0 0 0 0 1 0 0 0 0 0 0 0 0 0 1 2 19 45 0 1 0 0 0 0 0 0 3 0 0 0 0 0 0 0 0 0 0 0 2 0 0 0 0 0 0 0 0 0 0 0 0 0 0 0 0 0 0 6 13 1 2 0 0 1 0 0 0 0 0 0 0 0 0 0 0 0 0 0 0 0 0 0 0 0 0 0 0 0 0 0 0 0 0 0 0 0 0 0 0 0 0 0 0 0 0 0 0 0 0 0 0 0 0 0 0
0 0 0 0 0 0 0 0 0 0 0 0 3 1 0 0 0 0 2 0 0 0 0 0 0 3 0 0 0 0 0 0 0 0 0 0 0 0 2 0 0 0 0 0 0 0 0 0 0 0 0 4 53 0 5 0 0 0 0 1 0 2 3 0 0 0 0 0 0 0 0 0 0 0 0 0 0 0 0 0 0 0 0 0 0 0 0 0 0 0 0 0 0 0 8 0 6 0 0 3 0 0 0 0 0 0 0 0 0 0 0 0 0 0 0 0 0 0 0 0 0 0 0 0 0 0 0 0 0 0 0 0 0 0 0 0 0 0 0 0 0 0 0 0 0 0 0 0 0 0
0 0 0 0 0 0 0 0 0 1 0 0 0 1 0 0 1 1 0 0 0 0 0 0 0 0 0 0 0 0 0 0 0 0 0 0 0 0 0 0 0 0 0 0 0 0 0 2 0 0 0 2 2 0 0 1 0 0 1 0 1 0 0 0 0 0 0 0 0 0 0 0 0 0 0 0 0 0 0 0 0 0 0 0 0 0 0 0 0 0 0 0 0 0 0 0 4 0 0 0 0 0 0 0 0 0 0 0 0 0 0 0 0 0 0 0 0 0 0 0 0 0 0 0 0 0 0 0 0 0 0 0 0 0 0 0 0 0 0 0 0 0 0 0 0 0 0 0 0 0
0 0 0 0 0 0 0 0 0 0 0 2 0 0 0 0 0 0 0 0 0 0 0 0 0 0 0 0 0 0 0 0 0 1 3 0 0 0 0 0 0 0 0 0 0 0 7 68 0 0 0 0 0 0 0 0 0 0 0 1 7 0 0 0 0 0 0 0 0 0 0 0 0 0 0 0 0 0 0 0 0 0 0 0 0 0 0 0 0 0 0 0 0 0 0 4 1 8 0 0 0 0 0 0 0 0 0 0 0 0 0 0 0 0 0 0 0 0 0 0 0 0 0 0 0 0 0 0 0 0 0 0 0 0 0 0 0 0 0 0 0 0 0 0 0 8 0 0 0 0
0 0 0 0 0 0 0 0 0 0 0 0 0 0 0 0 1 0 0 1 2 1 0 0 0 1 0 0 0 0 0 0 0 0 0 0 0 0 0 0 0 0 0 0 0 0 1 0 0 0 0 0 0 0 0 0 0 0 0 0 0 1 0 0 0 0 0 0 0 0 0 0 0 0 0 0 0 0 0 0 0 0 0 0 0 0 0 0 0 0 0 0 0 0 0 0 10 0 0 2 2 0 0 0 0 0 0 0 0 0 0 0 0 0 0 0 0 0 0 0 0 0 0 0 0 0 0 0 0 0 0 0 0 0 0 0 0 0 0 0 0 0 0 0 0 0 0 0 0 0
0 0 0 0 0 0 0 0 0 0 0 4 0 0 0 0 1 0 1 0 0 0 0 0 0 0 0 0 0 0 0 0 0 0 0 0 0 0 0 0 0 0 0 0 0 0 0 0 0 0 0 0 0 0 0 0 0 0 0 0 0 0 0 0 0 0 0 0 0 0 0 0 0 0 0 0 0 0 0 0 0 0 0 0 0 0 0 0 0 0 0 0 0 0 1 0 0 0 0 0 0 0 0 0 0 0 0 0 0 0 0 0 0 0 0 0 0 0 0 0 0 0 0 0 0 0 0 0 0 0 0 0 0 0 0 0 0 0 0 0 0 0 0 0 0 0 0 0 0 0
0 0 0 0 0 0 0 0 0 0 9 0 10 0 0 0 1 0 0 0 0 0 0 0 0 0 0 0 0 0 0 0 0 0 0 0 0 0 0 0 0 0 0 0 2 0 0 0 0 0 0 0 0 0 0 0 0 0 0 0 0 0 0 0 0 0 0 0 0 0 0 0 0 0 0 0 0 0 0 0 0 0 0 0 0 0 0 0 0 0 0 0 0 0 2 0 4 0 0 0 0 0 0 0 0 0 0 0 0 0 0 0 0 0 0 0 0 0 0 0 0 0 0 0 0 0 0 0 0 0 0 0 0 0 0 0 0 0 0 0 0 0 0 0 0 0 0 0 0 0
0 0 0 0 0 0 0 0 0 0 0 0 2 0 0 0 4 1 0 0 0 0 0 0 0 0 0 0 0 0 0 0 0 0 0 0 0 0 0 0 0 0 0 1 0 0 0 0 0 0 0 0 0 0 0 0 0 0 0 185 0 0 0 0 0 0 0 0 13 0 0 0 0 0 0 0 0 0 0 0 0 0 0 0 0 0 0 0 0 0 0 0 0 0 0 0 0 0 0 2 0 0 0 0 0 0 0 0 0 0 0 0 0 0 0 0 0 0 0 0 0 0 0 0 0 0 0 0 0 0 0 0 0 0 0 0 0 0 0 0 0 0 0 0 0 0 0 0 0 0
0 0 0 0 0 0 0 1 0 0 0 0 0 0 0 1 0 7 0 0 0 0 0 0 0 0 0 0 0 0 0 0 0 0 0 0 0 2 1 0 0 0 0 0 0 0 0 0 0 0 0 0 0 0 0 0 0 0 0 0 0 1 0 0 0 0 0 0 46 15 0 0 0 0 0 0 0 0 0 0 0 0 0 0 0 0 0 0 0 0 0 0 0 0 0 0 0 0 0 0 0 0 0 0 0 0 0 0 0 0 0 0 0 0 0 0 0 0 0 0 0 0 0 0 0 0 0 0 0 0 0 0 0 0 0 0 0 0 0 0 0 0 0 0 0 0 0 0 0 0
0 0 0 0 0 0 0 0 0 0 0 0 15 3 0 0 9 0 1 6 0 0 0 21 1 0 0 0 0 0 1 0 0 0 2 0 5 0 2 1 0 0 2 0 0 0 0 0 0 0 0 0 0 0 0 0 0 0 0 0 0 0 0 0 29 10 2 0 0 0 0 0 0 0 0 0 0 0 0 0 0 0 0 0 0 0 0 0 0 0 0 0 0 0 0 0 0 0 0 0 0 0 0 0 0 0 0 0 0 0 0 0 0 0 0 0 0 0 0 0 0 0 0 0 0 0 0 0 0 0 0 0 0 0 0 0 0 0 0 0 0 0 0 0 0 0 0 0 0 0
2 7 0 0 1 0 0 0 0 0 1 0 2 0 0 0 2 0 0 3 6 20 19 2 0 0 0 0 0 0 0 0 0 0 0 1 3 0 0 0 0 0 0 0 0 0 0 0 0 0 0 0 0 0 0 0 0 0 0 0 0 0 0 0 0 0 0 0 0 0 0 0 0 0 0 0 0 0 0 0 0 0 0 0 0 0 0 0 0 0 0 0 0 0 0 0 0 0 0 0 0 0 0 0 0 0 0 0 0 0 0 0 0 0 0 0 0 0 0 0 0 0 0 0 0 0 0 0 0 0 0 0 0 0 0 0 0 0 0 0 0 0 0 0 0 0 0 0 0 0
7 3 2 0 0 0 0 0 0 0 0 1 3 0 0 1 0 1 0 2 0 35 0 0 4 0 1 0 1 3 2 0 0 0 0 0 0 0 0 0 2 6 0 0 0 0 0 0 0 0 0 0 0 0 0 0 0 0 0 0 0 0 0 0 0 0 0 0 0 0 0 0 0 0 0 0 0 0 0 0 0 0 0 0 0 0 0 0 0 0 0 0 0 0 0 0 0 0 0 0 0 0 0 0 0 0 0 0 0 0 0 0 0 0 0 0 0 0 0 0 0 0 0 0 0 0 0 0 0 0 0 0 0 0 0 0 0 0 0 0 0 0 0 0 0 0 0 0 0 0
0 0 0 0 0 0 0 0 0 0 0 0 1 0 0 0 1 0 0 0 0 1 6 0 1 4 0 0 0 0 0 0 0 0 4 0 1 0 0 0 0 0 0 0 0 0 0 0 0 0 0 0 0 0 0 0 0 0 0 0 0 0 0 0 0 0 0 0 0 0 0 0 0 0 0 0 0 0 0 0 0 0 0 0 0 0 0 0 0 0 0 0 0 0 0 0 0 0 0 0 0 0 0 0 0 0 0 0 0 0 0 0 0 0 0 0 0 0 0 0 0 0 0 0 0 0 0 0 0 0 0 0 0 0 0 0 0 0 0 0 0 0 0 0 0 0 0 0 0 0
0 0 0 0 0 0 0 0 0 0 0 0 0 0 0 0 0 0 2 2 0 0 0 0 0 2 0 4 2 0 0 0 0 2 3 1 0 0 0 0 0 0 0 0 0 0 0 0 0 0 0 0 0 0 0 0 0 0 0 0 0 0 0 0 0 0 0 0 0 0 0 0 0 0 0 0 0 0 0 0 0 0 0 0 0 0 0 0 0 0 0 0 0 0 0 0 0 0 0 0 0 0 0 0 0 0 0 0 0 0 0 0 0 0 0 0 0 0 0 0 0 0 0 0 0 0 0 0 0 0 0 0 0 0 0 0 0 0 0 0 0 0 0 0 0 0 0 0 0 0
0 0 0 0 0 0 0 0 0 0 0 0 0 0 0 0 0 0 0 0 0 0 0 0 0 0 0 2 40 20 1 3 0 12 0 0 2 0 0 0 0 0 0 0 0 0 0 0 0 0 0 0 0 0 0 0 0 0 0 0 0 0 0 0 0 0 0 0 0 0 0 0 0 0 0 0 0 0 0 0 0 0 0 0 0 0 0 0 0 0 0 0 0 0 0 0 0 0 0 0 0 0 0 0 0 0 0 0 0 0 0 0 0 0 0 0 0 0 0 0 0 0 0 0 0 0 0 0 0 0 0 0 0 0 0 0 0 0 0 0 0 0 0 0 0 0 0 0 0 0
0 0 0 0 0 0 0 0 0 0 0 0 0 0 0 0 0 0 0 0 0 0 0 0 0 0 1 5 0 0 2 0 1 1 0 0 2 0 0 0 0 0 0 0 0 0 0 0 0 0 0 0 0 0 0 0 0 0 0 0 0 0 0 0 0 0 0 0 0 0 0 0 0 0 0 0 0 0 0 0 0 0 0 0 0 0 0 0 0 0 0 0 0 0 0 0 0 0 0 0 0 0 0 0 0 0 0 0 0 0 0 0 0 0 0 0 0 0 0 0 0 0 0 0 0 0 0 0 0 0 0 0 0 0 0 0 0 0 0 0 0 0 0 0 0 0 0 0 0 0
0 0 0 0 0 0 0 0 0 0 0 0 0 0 0 0 0 0 0 0 0 0 0 0 3 0 1 0 0 0 6 0 0 0 0 0 1 0 0 0 0 0 0 0 0 0 0 0 0 0 0 0 0 0 0 0 0 0 0 0 0 0 0 0 0 0 0 0 0 0 0 0 0 0 0 0 0 0 0 0 0 0 0 0 0 0 0 0 0 0 0 0 0 0 0 0 0 0 0 0 0 0 0 0 0 0 0 0 0 0 0 0 0 0 0 0 0 0 0 0 0 0 0 0 0 0 0 0 0 0 0 0 0 0 0 0 0 0 0 0 0 0 0 0 0 0 0 0 0 0
0 0 0 0 0 0 0 0 0 0 0 0 0 0 0 0 0 0 0 0 0 0 0 0 0 0 0 0 0 0 0 0 0 0 0 0 2 1 0 0 0 0 0 0 0 0 0 0 0 0 0 0 0 0 0 0 0 0 0 0 0 0 0 0 0 0 0 0 0 0 0 0 0 0 0 0 0 0 0 0 0 0 0 0 0 0 0 0 0 0 0 0 0 0 0 0 0 0 0 0 0 0 0 0 0 0 0 0 0 0 0 0 0 0 0 0 0 0 0 0 0 0 0 0 0 0 0 0 0 0 0 0 0 0 0 0 0 0 0 0 0 0 0 0 0 0 0 0 0 0
0 0 0 0 0 0 0 0 0 0 0 0 0 0 0 0 0 0 0 0 0 0 0 0 0 0 0 3 0 1 1 0 0 0 0 0 0 0 0 0 0 0 0 0 0 0 0 0 0 0 0 0 0 0 0 0 0 0 0 0 0 0 0 0 0 0 0 0 0 0 0 0 0 0 0 0 0 0 0 0 0 0 0 0 0 0 0 0 0 0 0 0 0 0 0 0 0 0 0 0 0 0 0 0 0 0 0 0 0 0 0 0 0 0 0 0 0 0 0 0 0 0 0 0 0 0 0 0 0 0 0 0 0 0 0 0 0 0 0 0 0 0 0 0 0 0 0 0 0 0
0 0 0 0 0 0 0 0 0 7 0 0 0 0 0 0 0 0 0 0 0 0 0 0 0 0 0 4 2 0 0 0 2 0 0 0 0 0 0 0 0 0 0 0 0 0 0 0 0 0 0 0 0 0 0 0 0 0 0 0 0 0 0 0 0 0 0 0 0 0 0 0 0 0 0 0 0 0 0 0 0 0 0 0 0 0 0 0 0 0 0 0 0 0 0 0 0 0 0 0 0 0 0 0 0 0 0 0 0 0 0 0 0 0 0 0 0 0 0 0 0 0 0 0 0 0 0 0 0 0 0 0 0 0 0 0 0 0 0 0 0 0 0 0 0 0 0 0 0 0
0 0 0 0 0 0 0 0 0 0 0 0 0 0 0 0 0 0 0 0 0 0 0 0 0 0 0 0 0 0 0 0 1 0 0 0 0 0 0 0 0 0 0 0 0 0 0 0 0 0 0 0 0 0 0 0 0 0 0 0 0 0 0 0 0 0 0 0 0 0 0 0 0 0 0 0 0 0 0 0 0 0 0 0 0 0 0 0 0 0 0 0 0 0 0 0 0 0 0 0 0 0 0 0 0 0 0 0 0 0 0 0 0 0 0 0 0 0 0 0 0 0 0 0 0 0 0 0 0 0 0 0 0 0 0 0 0 0 0 0 0 0 0 0 0 0 0 0 0 0
0 0 0 0 0 0 0 0 1 0 1 0 0 0 0 0 0 0 0 0 0 0 0 0 0 0 0 0 0 0 0 0 0 0 0 0 0 0 0 0 0 0 0 0 0 0 0 0 0 0 0 0 0 0 0 0 0 0 0 0 0 0 0 0 0 0 0 0 0 0 0 0 0 0 0 0 0 0 0 0 0 0 0 0 0 0 0 0 0 0 0 0 0 0 0 0 0 0 0 0 0 0 0 0 0 0 0 0 0 0 0 0 0 0 0 0 0 0 0 0 0 0 0 0 0 0 0 0 0 0 0 0 0 0 0 0 0 0 0 0 0 0 0 0 0 0 0 0 0 0
0 0 0 0 0 0 0 0 1 0 0 0 0 1 0 0 0 0 0 0 0 0 0 0 0 0 0 0 0 0 0 0 0 0 0 0 0 0 0 0 0 0 0 0 0 0 0 0 0 0 0 1 0 0 0 0 0 0 0 0 0 0 0 0 0 0 0 0 0 0 0 0 0 0 0 0 0 0 0 0 0 0 0 0 0 0 0 0 0 0 0 0 0 0 0 0 0 0 0 0 0 0 0 0 0 0 0 0 0 0 0 0 0 0 0 0 0 0 0 0 0 0 0 0 0 0 0 0 0 0 0 0 0 0 0 0 0 0 0 0 0 0 0 0 0 0 0 0 0 0
0 0 0 0 0 0 0 0 1 10 0 0 0 0 0 0 0 0 0 0 0 0 0 0 0 0 0 0 0 0 0 0 0 0 0 0 0 0 0 0 0 0 0 0 0 0 0 0 0 0 1 0 0 0 0 0 0 0 0 0 0 0 0 0 0 0 0 0 0 0 0 0 0 0 0 0 0 0 0 0 0 0 0 0 0 0 0 0 0 0 0 0 0 0 0 0 0 0 0 0 0 0 0 0 0 0 0 0 0 0 0 0 0 0 0 0 0 0 0 0 0 0 0 0 0 0 0 0 0 0 0 0 0 0 0 0 0 0 0 0 0 0 0 0 0 0 0 0 0 0
0 0 0 0 0 0 2 3 0 0 0 0 0 0 0 0 0 0 0 0 0 0 0 0 0 0 0 0 0 0 0 0 0 0 0 0 0 0 0 0 0 0 0 0 0 0 0 0 0 10 16 0 0 0 0 0 0 0 0 0 0 0 0 0 0 0 0 0 0 0 0 0 0 0 0 0 0 0 0 0 0 0 0 0 0 0 0 0 0 0 0 0 0 0 0 0 0 0 0 0 0 0 0 0 0 0 0 0 0 0 0 0 0 0 0 0 0 0 0 0 0 0 0 0 0 0 0 0 0 0 0 0 0 0 0 0 0 0 0 0 0 0 0 0 0 0 0 0 0 0
0 0 0 0 0 0 0 2 0 0 0 0 0 0 0 0 0 0 0 0 0 0 0 0 0 0 0 0 0 0 0 0 0 0 0 0 0 0 0 0 0 0 0 0 0 0 0 0 0 0 0 0 0 0 0 0 0 0 0 0 0 0 0 0 0 0 0 0 0 0 0 0 0 0 0 0 0 0 0 0 0 0 0 0 0 0 0 0 0 0 0 0 0 0 0 0 0 0 0 0 0 0 0 0 0 0 0 0 0 0 0 0 0 0 0 0 0 0 0 0 0 0 0 0 0 0 0 0 0 0 0 0 0 0 0 0 0 0 0 0 0 0 0 0 0 0 0 0 0 0
0 0 0 0 0 0 0 0 0 0 0 0 0 0 0 0 0 0 0 0 0 0 0 0 0 0 0 0 0 0 0 0 0 0 0 0 0 0 0 0 0 0 0 0 0 0 0 0 0 0 0 0 3 3 0 0 0 0 0 0 0 0 0 0 0 0 0 0 0 0 0 0 0 0 0 0 0 0 0 0 0 0 0 0 0 0 0 0 0 0 0 0 0 0 0 0 0 0 0 0 0 0 0 0 0 0 0 0 0 0 0 0 0 0 0 0 0 0 0 0 0 0 0 0 0 0 0 0 0 0 0 0 0 0 0 0 0 0 0 0 0 0 0 0 0 0 0 0 0 0
0 0 0 0 0 0 0 0 0 0 0 0 0 0 0 0 0 0 0 0 0 0 0 0 0 0 0 0 0 0 0 0 0 0 0 1 0 0 0 0 0 0 0 0 0 0 0 0 0 0 0 0 0 0 0 0 0 0 0 0 0 0 0 0 0 0 0 0 0 0 0 0 0 0 0 0 0 0 0 0 0 0 0 0 0 0 0 0 0 0 0 0 0 0 0 0 0 0 0 0 0 0 0 0 0 0 0 0 0 0 0 0 0 0 0 0 0 0 0 0 0 0 0 0 0 0 0 0 0 0 0 0 0 0 0 0 0 0 0 0 0 0 0 0 0 0 0 0 0 0
0 0 0 0 0 0 0 0 0 0 0 0 0 0 0 0 0 0 0 0 0 0 0 0 0 0 0 0 0 0 0 0 0 0 0 0 0 0 0 0 0 0 0 0 0 0 0 0 0 0 0 0 0 0 0 0 0 0 0 0 0 0 0 0 0 0 0 0 0 0 0 0 0 0 0 0 0 0 0 0 0 0 0 0 0 0 0 0 0 0 0 0 0 0 0 0 0 0 0 0 0 0 0 0 0 0 0 0 0 0 0 0 0 0 0 0 0 0 0 0 0 0 0 0 0 0 0 0 0 0 0 0 0 0 0 0 0 0 0 0 0 0 0 0 0 0 0 0 0 0
0 0 0 0 0 0 0 0 0 0 0 0 0 0 0 0 0 0 0 0 0 0 0 0 0 0 0 0 0 0 0 0 0 0 0 0 0 0 0 0 0 0 0 0 0 0 0 0 0 0 0 0 3 0 0 0 0 0 0 0 0 0 0 0 0 0 0 0 0 0 0 0 0 0 0 0 0 0 0 0 0 0 0 0 0 0 0 0 0 0 0 0 0 0 0 0 0 0 0 0 0 0 0 0 0 0 0 0 0 0 0 0 0 0 0 0 0 0 0 0 0 0 0 0 0 0 0 0 0 0 0 0 0 0 0 0 0 0 0 0 0 0 0 0 0 0 0 0 0 0
0 0 0 0 0 0 0 0 0 0 0 0 0 0 0 0 0 0 0 0 0 0 0 0 0 0 0 0 0 0 0 0 0 0 0 0 0 0 0 0 0 0 0 0 0 0 0 0 0 0 0 0 0 0 0 0 0 0 0 0 0 0 0 0 0 0 0 0 0 0 0 0 0 0 0 0 0 0 0 0 0 0 0 0 0 0 0 0 0 0 0 0 0 0 0 0 0 0 0 0 0 0 0 0 0 0 0 0 0 0 0 0 0 0 0 0 0 0 0 0 0 0 0 0 0 0 0 0 0 0 0 0 0 0 0 0 0 0 0 0 0 0 0 0 0 0 0 0 0 0
0 0 0 0 0 0 0 0 0 0 0 0 0 0 0 0 0 0 0 0 0 0 0 0 0 0 0 0 0 0 0 3 2 1 0 0 0 0 0 0 0 0 0 0 0 0 0 0 0 0 0 0 0 0 0 0 0 0 0 0 0 0 0 0 0 0 0 0 0 0 0 0 0 0 0 0 0 0 0 0 0 0 0 0 0 0 0 0 0 0 0 0 0 0 0 0 0 0 0 0 0 0 0 0 0 0 0 0 0 0 0 0 0 0 0 0 0 0 0 0 0 0 0 0 0 0 0 0 0 0 0 0 0 0 0 0 0 0 0 0 0 0 0 0 0 0 0 0 0 0
0 0 0 0 0 0 0 0 0 0 0 0 0 0 0 0 0 0 0 0 0 0 0 0 0 0 0 0 0 0 2 2 0 0 0 0 1 0 0 0 0 0 0 0 0 0 0 0 0 0 0 0 0 0 0 0 0 0 0 0 0 0 0 0 0 0 0 0 0 0 0 0 0 0 0 0 0 0 0 0 0 0 0 0 0 0 0 0 0 0 0 0 0 0 0 0 0 0 0 0 0 0 0 0 0 0 0 0 0 0 0 0 0 0 0 0 0 0 0 0 0 0 0 0 0 0 0 0 0 0 0 0 0 0 0 0 0 0 0 0 0 0 0 0 0 0 0 0 0 0
0 0 0 0 0 0 0 0 0 0 0 0 0 0 0 0 0 0 0 0 0 0 0 0 0 0 0 0 0 0 0 0 0 0 0 0 0 0 0 0 0 0 0 0 0 0 0 0 0 0 0 0 0 0 0 0 0 0 0 0 0 0 0 0 0 0 0 0 0 0 0 0 0 0 0 0 0 0 0 0 0 0 0 0 0 0 0 0 0 0 0 0 0 0 0 0 0 0 0 0 0 0 0 0 0 0 0 0 0 0 0 0 0 0 0 0 0 0 0 0 0 0 0 0 0 0 0 0 0 0 0 0 0 0 0 0 0 0 0 0 0 0 0 0 0 0 0 0 0 0
0 0 0 0 0 0 0 0 0 0 0 0 0 0 0 0 0 0 0 0 0 0 0 0 0 0 0 0 0 23 4 0 0 0 0 0 0 0 0 0 0 0 0 0 0 0 0 0 0 0 0 0 0 0 0 0 0 0 0 0 0 0 0 0 0 0 0 0 0 0 0 0 0 0 0 0 0 0 0 0 0 0 0 0 0 0 0 0 0 0 0 0 0 0 0 0 0 0 0 0 0 0 0 0 0 0 0 0 0 0 0 0 0 0 0 0 0 0 0 0 0 0 0 0 0 0 0 0 0 0 0 0 0 0 0 0 0 0 0 0 0 0 0 0 0 0 0 0 0 0
0 0 0 0 0 0 0 0 0 0 0 0 0 0 0 0 0 0 0 0 0 0 0 0 0 0 0 0 0 0 0 0 0 0 0 0 0 0 0 0 0 0 0 0 0 0 0 0 0 15 0 0 0 0 0 0 0 0 0 0 0 0 0 0 0 0 0 0 0 0 0 0 0 0 0 0 0 0 0 0 0 0 0 0 0 0 0 0 0 0 0 0 0 0 0 0 0 0 0 0 0 0 0 0 0 0 0 0 0 0 0 0 0 0 0 0 0 0 0 0 0 0 0 0 0 0 0 0 0 0 0 0 0 0 0 0 0 0 0 0 0 0 0 0 0 0 0 0 0 0
0 0 0 0 0 0 0 0 0 0 0 0 0 0 0 0 0 0 0 0 0 0 0 0 0 0 5 0 0 0 0 0 0 0 0 0 0 0 0 0 0 0 0 0 0 0 0 0 2 0 0 0 0 0 0 0 0 0 0 0 0 0 0 0 0 0 0 0 0 0 0 0 0 0 0 0 0 0 0 0 0 0 0 0 0 0 0 0 0 0 0 0 0 0 0 0 0 0 0 0 0 0 0 0 0 0 0 0 0 0 0 0 0 0 0 0 0 0 0 0 0 0 0 0 0 0 0 0 0 0 0 0 0 0 0 0 0 0 0 0 0 0 0 0 0 0 0 0 0 0
0 0 0 0 0 0 0 0 0 0 0 0 0 0 0 0 0 0 0 0 0 0 0 0 0 0 0 0 0 0 0 0 0 0 0 0 0 0 0 0 0 0 0 0 0 0 0 0 0 0 0 0 0 0 0 0 0 0 0 0 0 0 0 0 0 0 0 0 0 0 0 0 0 0 0 0 0 0 0 0 0 0 0 0 0 0 0 0 0 0 0 0 0 0 0 0 0 0 0 0 0 0 0 0 0 0 0 0 0 0 0 0 0 0 0 0 0 0 0 0 0 0 0 0 0 0 0 0 0 0 0 0 0 0 0 0 0 0 0 0 0 0 0 0 0 0 0 0 0 0
0 0 0 0 0 0 0 0 0 0 0 0 0 0 0 0 0 0 0 0 0 0 0 0 0 0 0 0 0 0 0 0 0 0 0 0 0 0 0 0 0 0 0 0 0 0 0 0 0 0 0 0 0 0 0 0 0 0 0 0 0 0 0 0 0 0 0 0 0 0 0 0 0 0 0 0 0 0 0 0 0 0 0 0 0 0 0 0 0 0 0 0 0 0 0 0 0 0 0 0 0 0 0 0 0 0 0 0 0 0 0 0 0 0 0 0 0 0 0 0 0 0 0 0 0 0 0 0 0 0 0 0 0 0 0 0 0 0 0 0 0 0 0 0 0 0 0 0 0 0
0 0 0 0 0 0 0 0 0 0 0 0 0 0 0 0 0 0 0 0 0 0 0 0 0 0 0 0 0 0 0 0 0 0 0 0 0 0 0 0 0 0 0 0 0 0 0 0 0 0 0 0 0 0 0 0 0 0 0 0 0 0 0 0 0 0 0 0 0 0 0 0 0 0 0 0 0 0 0 0 0 0 0 0 0 0 0 0 0 0 0 0 0 0 0 0 0 0 0 0 0 0 0 0 0 0 0 0 0 0 0 0 0 0 0 0 0 0 0 0 0 0 0 0 0 0 0 0 0 0 0 0 0 0 0 0 0 0 0 0 0 0 0 0 0 0 0 0 0 0
0 0 0 0 0 0 0 0 0 0 0 0 0 0 0 0 0 0 0 0 0 0 0 0 0 0 0 0 0 0 0 0 0 0 0 0 0 0 0 0 0 0 0 0 0 0 0 0 0 0 0 0 0 0 0 0 0 0 0 0 0 0 0 0 0 0 0 0 0 0 0 0 0 0 0 0 0 0 0 0 0 0 0 0 0 0 0 0 0 0 0 0 0 0 0 0 0 0 0 0 0 0 0 0 0 0 0 0 0 0 0 0 0 0 0 0 0 0 0 0 0 0 0 0 0 0 0 0 0 0 0 0 0 0 0 0 0 0 0 0 0 0 0 0 0 0 0 0 0 0
0 0 0 0 0 0 0 0 0 0 0 0 0 0 0 0 0 0 0 0 0 0 0 0 0 0 0 0 0 0 0 0 0 0 0 0 0 0 0 0 0 0 0 0 0 0 0 0 0 0 0 0 0 0 0 0 0 0 0 0 0 0 0 0 0 0 0 0 0 0 0 0 0 0 0 0 0 0 0 0 0 0 0 0 0 0 0 0 0 0 0 0 0 0 0 0 0 0 0 0 0 0 0 0 0 0 0 0 0 0 0 0 0 0 0 0 0 0 0 0 0 0 0 0 0 0 0 0 0 0 0 0 0 0 0 0 0 0 0 0 0 0 0 0 0 0 0 0 0 0
0 0 0 0 0 0 0 0 0 0 0 0 0 0 0 0 0 0 0 0 0 0 0 0 0 0 0 0 0 0 0 0 0 0 0 0 0 0 0 0 0 0 0 0 0 0 0 0 0 0 0 0 0 0 0 0 0 0 0 0 0 0 0 0 0 0 0 0 0 0 0 0 0 0 0 0 0 0 0 0 0 0 0 0 0 0 0 0 0 0 0 0 0 0 0 0 0 0 0 0 0 0 0 0 0 0 0 0 0 0 0 0 0 0 0 0 0 0 0 0 0 0 0 0 0 0 0 0 0 0 0 0 0 0 0 0 0 0 0 0 0 0 0 0 0 0 0 0 0 0
