0 0 14 4 0 0 0 1 22 106 1 6 0 3 0 0 0 2 0 0 0 2 1 0 4 15 0 0 0 0 0 0 0 1 6 1 0 0 3 1 0 0 0 1 2 0 0 0 0 0 0 0 0 0 4 1 0 0 0 1 41 26 4 4 0 3 5 0 0 0 1 12 24 175 99 251 164 38 33 10 11 123 86 51 96 176 187 139 42 165 752 618 184 434 284 691 1000 781 919 161 199 124 16 93 29 62 78 445 216 34 25 20 12 101 34 26 15 41 4 1 5 46 9 2 1 24 0 1 9 13 3 19 0 3 4 0 1 2 0 1 3 1 0 0 0 0 0 0 0 25
0 2 5 1 0 0 0 0 0 20 2 14 6 0 0 0 0 0 16 0 0 1 23 4 5 29 1 1 0 0 0 0 0 0 1 1 0 0 7 1 0 0 0 0 0 0 0 0 0 0 0 0 0 3 3 0 0 0 0 40 91 12 2 80 7 1 0 1 6 0 0 13 51 43 33 24 24 74 6 23 86 46 14 5 98 143 301 109 249 324 143 57 354 334 296 315 955 411 899 713 261 100 74 37 4 4 9 20 42 5 5 7 2 22 41 22 2 43 1 9 1 10 9 1 1 1 0 4 15 35 90 8 55 46 1 0 0 0 2 92 11 0 0 0 0 0 0 0 0 0
0 0 0 0 1 0 0 0 0 7 0 0 14 2 0 0 0 2 1 1 3 12 104 22 13 0 0 12 0 0 0 0 0 0 2 5 0 2 0 9 19 0 0 1 0 0 0 0 0 0 0 0 0 0 8 0 0 0 0 15 14 14 2 6 1 0 0 0 0 0 0 5 5 0 0 2 1 33 173 204 56 29 6 25 28 185 520 141 3 11 118 33 124 748 690 560 337 293 255 505 552 320 18 65 24 11 5 7 228 139 37 6 1 8 6 5 7 198 20 5 71 18 5 5 0 1 2 5 1 9 22 2 82 107 0 0 8 0 8 89 13 3 0 0 0 0 0 2 1 0
14 1 0 0 0 0 0 0 0 5 2 0 0 1 0 1 0 0 13 0 0 1 5 5 5 0 0 6 7 0 2 0 0 0 0 2 1 1 0 4 7 0 0 0 0 0 0 0 0 0 1 0 1 0 65 24 0 41 29 10 0 5 3 12 0 0 0 0 0 0 5 48 23 0 1 5 21 47 222 496 129 87 87 149 89 33 59 163 7 190 861 1136 1185 686 791 444 182 286 446 531 491 569 147 15 51 95 31 9 225 115 24 29 45 15 0 9 17 133 65 24 47 74 13 0 2 3 2 2 7 1 11 5 7 1 13 2 23 3 1 12 50 5 0 0 0 0 0 0 0 0
18 12 0 0 0 0 0 0 0 0 16 0 0 0 0 11 5 5 0 0 0 0 2 0 1 0 0 1 1 1 0 0 0 0 0 17 2 0 1 0 1 0 0 0 0 0 0 0 0 3 0 0 1 0 40 280 39 14 0 0 0 0 0 8 0 0 0 0 3 25 64 53 145 140 44 32 37 179 348 286 337 242 544 196 146 60 76 82 28 304 998 1540 390 769 368 370 145 430 380 648 715 910 874 452 305 230 43 40 4 4 6 35 34 44 14 1 5 83 101 50 178 606 115 18 2 4 5 1 3 9 2 0 0 0 19 1 0 0 0 2 49 19 0 0 0 0 0 0 0 0
11 2 2 0 0 0 0 0 1 0 4 0 0 0 1 10 0 0 7 50 4 4 0 0 0 0 0 0 2 1 2 1 0 0 21 92 26 24 2 0 0 0 3 0 0 0 0 0 0 6 28 7 0 2 9 29 45 12 10 2 0 0 8 1 0 0 0 0 2 47 83 155 176 127 83 81 49 57 74 450 671 652 370 39 2 88 113 33 4 263 1457 1099 207 716 930 420 132 1319 534 426 614 608 1089 441 52 127 34 88 7 1 6 3 1 54 7 10 78 16 4 12 237 145 2 0 15 7 0 1 0 0 0 1 0 0 0 1 13 0 0 0 0 19 0 0 0 0 0 0 0 0
1 0 0 0 1 0 0 1 1 13 6 0 0 1 2 0 0 2 0 0 1 4 2 0 0 0 0 0 0 0 1 0 1 1 0 6 2 2 0 0 0 0 0 0 0 0 0 0 0 2 0 5 0 3 2 30 26 0 43 32 0 5 0 0 6 1 0 0 2 76 164 59 185 233 279 141 553 107 368 562 1096 1053 942 466 185 21 10 139 43 283 1318 1324 270 609 803 368 283 448 378 24 19 311 309 366 76 135 130 25 43 31 21 238 196 76 42 69 0 1 15 16 98 75 6 1 11 7 2 0 0 0 4 0 0 0 0 0 0 18 0 0 0 0 0 0 0 0 0 0 0 0
2 0 0 2 0 0 0 0 1 0 2 0 0 1 0 0 0 0 0 0 0 0 0 0 0 0 0 0 0 2 13 0 0 0 4 1 2 0 75 5 0 0 0 0 0 0 0 0 0 0 0 0 1 12 6 12 0 19 28 60 59 86 42 5 11 24 0 0 1 76 3 5 22 47 116 54 85 81 606 526 1217 651 860 229 132 106 175 491 257 84 513 196 162 542 459 413 280 614 685 222 164 261 392 895 212 132 44 37 119 36 205 378 141 43 16 67 1 2 6 47 25 7 8 3 6 2 7 1 3 0 0 0 0 0 0 0 0 0 0 0 0 0 0 0 0 0 0 0 0 0
3 0 0 0 0 0 13 0 5 1 0 1 0 1 3 0 0 0 0 0 0 0 0 0 0 0 0 0 0 0 2 0 0 0 0 1 1 4 3 1 0 0 0 0 0 0 0 0 0 0 0 0 3 10 0 0 0 13 3 56 298 193 12 2 2 29 3 10 4 33 0 1 0 4 3 32 23 31 215 549 1048 958 839 33 21 18 584 326 172 45 8 45 379 820 1075 973 145 400 444 299 355 183 180 349 772 171 287 227 21 41 716 272 203 33 78 18 0 17 3 15 15 2 8 13 31 3 1 7 0 0 7 0 0 0 0 0 0 0 0 0 0 0 0 0 0 0 0 0 0 0
0 0 0 0 0 0 0 1 5 18 0 0 0 0 0 0 0 0 0 0 0 0 0 0 0 0 0 0 0 0 0 1 0 0 0 0 0 0 3 2 1 0 0 0 0 0 1 0 1 1 1 0 13 4 0 0 0 0 1 13 35 102 23 3 2 3 0 0 0 22 0 0 0 0 0 13 16 84 398 420 896 744 465 327 704 560 341 212 308 257 80 4 39 486 1116 1176 507 253 97 5 32 172 30 3 149 509 340 168 133 4 526 602 338 50 10 151 239 464 181 30 143 53 73 40 82 3 38 5 2 12 86 5 0 0 0 1 0 0 0 0 0 0 0 0 0 0 0 0 0 0
0 8 31 0 0 0 2 0 3 1 4 3 0 0 0 16 0 2 1 0 0 0 0 0 0 0 0 0 0 0 0 2 0 0 0 2 0 0 0 0 0 6 4 0 0 0 3 10 16 22 8 2 10 3 0 0 0 4 20 20 0 106 7 5 0 1 0 0 2 48 0 0 0 0 1 0 17 35 223 446 434 178 588 257 175 383 371 349 543 316 57 10 17 174 407 612 792 32 26 49 33 42 1 18 166 279 773 271 199 135 580 315 607 80 6 148 407 838 521 215 434 277 204 116 165 332 104 46 53 27 9 108 27 29 52 0 0 0 0 0 0 0 0 0 0 0 0 0 0 0
1 0 2 0 0 0 0 0 3 4 0 0 0 0 0 1 4 2 3 0 2 0 0 0 0 0 0 0 0 0 0 0 1 3 5 0 0 0 0 2 1 8 17 3 2 0 2 2 2 0 0 3 2 3 7 2 4 2 4 7 10 3 0 3 1 6 1 9 1 0 2 2 0 0 0 9 219 10 223 430 555 142 121 81 135 121 28 37 119 423 41 0 1 10 19 77 772 421 405 20 0 3 16 57 73 31 515 331 30 93 374 338 88 256 53 150 398 226 739 552 285 367 153 262 100 147 2 0 0 49 6 1 56 40 34 0 0 0 0 0 0 0 0 0 0 0 0 0 0 0
2 0 0 0 0 0 0 1 3 1 0 0 0 0 0 0 0 11 16 7 4 3 0 1 0 0 0 0 0 0 0 0 1 0 0 2 0 4 0 0 0 2 26 1 28 0 0 18 0 0 0 0 12 19 7 0 0 0 2 7 1 1 1 0 0 3 2 0 1 3 11 0 0 0 3 43 72 122 300 98 186 161 58 0 33 31 2 0 1 2 0 0 10 30 97 30 666 423 638 489 27 22 63 38 56 29 87 334 459 283 968 782 108 685 143 53 29 69 1047 850 279 215 98 1 42 82 12 0 18 33 0 0 33 6 5 1 1 0 0 0 0 0 0 0 0 0 0 0 0 0
4 0 0 0 0 0 1 1 0 2 0 0 0 0 0 0 0 1 77 17 4 6 0 1 0 0 0 0 0 1 9 3 0 0 0 0 1 0 0 0 0 0 2 80 14 0 0 0 12 2 1 20 3 0 0 0 0 0 9 0 6 14 3 0 0 0 31 45 33 11 70 0 0 7 4 288 510 517 226 38 25 228 71 5 21 192 3 0 1 38 4 1 0 34 10 48 89 742 162 188 0 45 276 104 254 58 142 489 266 597 1958 1603 845 204 175 155 432 424 735 333 151 67 1 1 0 45 6 0 5 0 0 1 3 3 0 0 0 0 0 0 0 0 0 0 0 0 0 0 0 0
0 0 1 0 0 0 0 1 14 2 0 0 0 0 0 0 0 0 1 4 18 0 1 0 0 1 0 0 0 0 1 0 0 0 0 0 0 0 0 0 0 0 0 7 32 0 0 0 2 9 6 72 1 0 1 2 12 3 71 14 60 10 6 10 11 101 82 107 200 109 53 4 5 4 83 633 1496 874 278 103 3 126 23 2 6 19 29 11 0 41 12 7 3 3 0 8 65 258 182 191 40 62 609 360 1324 894 1837 1306 1154 988 1244 1017 751 511 415 314 173 133 109 129 192 136 43 19 0 14 69 4 8 15 1 0 0 0 0 0 0 0 0 0 0 0 0 0 0 0 0 0 0 0
0 0 0 0 0 0 1 17 17 1 1 0 0 0 0 0 4 0 0 7 0 14 3 0 1 0 0 0 0 2 0 0 0 0 0 0 0 0 0 0 0 0 0 0 0 16 0 0 0 27 47 90 0 0 1 6 39 67 15 60 6 26 3 36 54 38 58 50 42 114 108 74 139 113 327 549 1121 486 196 74 7 9 2 0 0 0 25 56 9 49 2 3 0 1 4 32 71 11 19 8 18 1 1141 557 528 391 1193 467 552 1142 1838 1162 1188 355 398 330 39 196 176 103 44 12 172 223 47 65 9 7 51 0 1 0 0 0 19 3 0 0 0 0 0 0 0 0 0 0 0 0 0 0
0 0 0 0 0 0 0 3 1 0 0 0 1 1 0 0 4 2 1 0 0 0 25 23 13 7 2 0 0 0 0 0 0 0 0 0 0 0 0 0 1 0 0 0 0 7 2 2 2 25 19 9 0 9 77 135 77 94 32 29 11 7 0 1 0 0 1 0 0 0 5 1 43 80 241 414 281 280 103 0 1 0 6 0 0 0 0 36 147 13 0 0 4 0 1 16 32 0 5 114 36 214 665 731 371 150 375 199 436 718 708 394 826 587 547 223 34 63 116 5 0 1 35 38 21 367 5 7 4 0 0 0 0 0 0 0 0 0 0 0 0 0 0 0 0 0 0 0 0 0
0 0 0 1 0 3 0 3 0 0 0 1 1 0 1 0 0 5 2 2 0 2 0 2 8 22 3 27 3 0 2 0 1 0 0 0 3 0 0 0 0 0 0 0 0 19 28 17 1 44 45 17 23 108 30 23 42 44 484 15 4 2 0 0 1 1 9 54 1 30 139 40 92 16 67 152 183 159 29 23 3 0 3 5 0 0 0 12 61 4 0 20 156 26 11 0 5 0 83 263 181 98 132 60 82 442 210 295 434 343 151 257 134 183 182 52 48 373 18 12 0 0 2 29 65 664 144 24 0 1 0 0 0 0 0 0 0 0 0 0 0 0 0 0 0 0 0 0 0 0
0 0 0 2 1 1 0 0 0 0 0 0 2 0 0 1 0 0 0 1 2 0 8 1 3 2 51 49 13 0 0 0 0 0 0 6 3 0 0 0 0 2 0 6 14 16 13 10 55 337 111 7 14 15 5 40 113 68 26 18 54 8 2 0 1 2 4 1 2 105 24 40 31 15 5 108 126 30 10 47 22 0 4 23 0 2 7 22 8 0 8 80 110 245 18 1 0 44 174 15 131 243 305 58 117 159 153 451 365 1 0 77 11 377 85 0 7 21 0 0 0 0 2 6 55 164 173 197 31 2 0 0 0 0 0 0 0 0 0 0 0 0 0 0 0 0 0 0 0 0
0 0 0 2 0 0 0 0 0 0 0 0 0 3 0 0 0 0 0 1 1 14 65 2 4 4 1 10 150 9 0 5 0 0 3 0 0 0 0 0 0 0 5 16 6 79 91 5 3 206 38 12 0 24 50 8 22 44 2 0 0 0 0 0 0 4 0 0 8 8 48 25 10 0 2 53 10 0 9 3 4 0 0 2 0 20 16 2 6 6 12 16 8 2 0 16 0 27 20 2 612 653 557 161 78 160 76 213 139 7 0 0 3 216 26 0 0 0 0 0 0 0 0 4 14 12 11 84 9 0 0 0 0 0 0 0 0 0 0 0 0 0 0 0 0 0 0 0 0 0
0 0 0 0 0 1 1 0 0 0 0 0 0 1 0 0 0 1 1 1 0 5 13 7 0 7 7 8 1 3 2 11 4 0 0 0 0 0 0 0 4 5 14 11 4 7 117 29 67 278 235 46 31 37 5 9 0 10 4 0 0 4 9 21 89 87 0 0 1 12 73 40 2 0 5 59 150 73 7 24 6 27 7 6 0 0 4 4 33 15 2 0 0 0 0 0 1 3 222 289 1137 680 392 130 3 36 99 241 7 0 0 0 0 11 0 0 0 0 0 0 0 0 0 5 0 0 45 50 0 0 0 0 0 0 0 0 0 0 0 0 0 0 0 0 0 0 0 0 0 0
0 0 0 0 0 0 0 2 0 0 0 0 0 0 1 6 0 0 0 0 0 1 25 1 3 0 0 0 0 0 11 62 5 4 3 0 0 6 0 0 60 41 0 0 0 0 1 2 134 683 304 226 12 3 1 2 3 28 0 0 1 3 0 0 11 17 22 2 6 86 51 17 47 0 1 13 116 63 54 101 22 34 4 39 12 5 2 5 151 73 16 4 0 3 1 9 2 1 89 302 181 75 52 3 10 19 88 87 67 0 0 0 4 84 0 0 0 0 0 0 0 0 0 0 0 38 97 0 2 2 1 0 0 0 0 0 0 0 0 0 0 0 0 0 0 0 0 0 0 0
0 0 0 1 0 0 0 0 0 0 0 0 0 2 0 0 1 1 0 0 0 2 9 0 0 0 0 0 0 0 2 6 56 17 1 0 15 112 33 19 1 0 0 0 0 0 8 21 40 299 197 82 5 0 0 1 0 0 3 4 0 0 0 0 6 0 8 6 0 6 10 26 40 11 0 0 19 25 16 28 0 41 16 0 4 4 18 0 0 0 5 9 6 18 0 0 0 0 1 1 15 1 6 27 53 40 55 41 50 110 30 12 46 0 0 0 0 0 0 0 0 0 0 3 28 95 88 0 0 0 5 0 0 0 0 0 0 0 0 0 0 0 0 0 0 0 0 0 0 0
0 0 4 0 0 0 0 0 0 0 0 0 0 0 1 0 1 3 0 0 1 0 1 1 0 0 1 0 0 0 2 1 4 11 12 13 14 43 12 0 0 0 0 0 40 74 37 60 10 86 106 51 12 8 3 6 3 14 2 0 0 0 0 0 0 1 0 0 19 0 0 1 91 69 7 27 0 0 0 20 1 11 85 130 5 2 1 0 0 0 0 3 0 3 1 0 0 0 0 0 1 0 3 75 55 62 25 8 3 24 0 460 24 1 0 0 0 0 0 0 0 0 2 10 5 10 35 70 0 0 0 0 0 0 0 0 0 0 0 0 0 0 0 0 0 0 0 0 0 0
0 0 0 0 0 0 0 0 0 0 0 0 0 0 0 0 0 3 0 0 1 0 0 1 0 0 0 0 0 0 0 3 37 11 37 0 0 43 0 0 0 0 0 40 25 68 44 2 3 18 43 58 19 9 29 5 1 2 2 9 0 0 0 0 0 0 0 7 5 3 3 3 4 7 44 6 0 0 0 0 0 3 20 102 23 3 0 0 0 0 2 3 1 3 0 0 9 0 0 7 7 8 1 19 401 0 0 11 0 0 0 88 7 0 0 4 1 0 0 0 0 0 0 0 0 21 44 19 0 0 1 0 0 0 0 0 1 0 0 0 0 0 0 0 0 0 0 0 1 0
0 0 0 0 0 0 0 0 0 0 0 0 0 5 4 0 0 1 3 0 0 2 1 5 0 0 0 2 0 0 0 0 12 31 40 0 0 4 1 0 0 0 1 2 72 10 1 0 9 0 37 2 0 2 0 0 0 0 0 0 2 0 0 0 27 8 3 7 4 2 2 27 1 5 1 4 4 0 4 0 10 1 0 8 0 17 3 6 1 6 0 6 2 0 3 1 0 2 4 1 9 11 8 63 224 97 0 10 0 0 0 13 11 9 17 5 0 0 0 2 1 0 0 0 0 78 14 24 1 0 0 0 0 0 0 0 8 29 0 0 0 0 1 0 0 0 0 0 0 0
0 0 0 0 0 0 0 0 0 0 1 0 0 0 4 0 0 2 0 0 0 4 2 4 0 0 0 8 1 2 0 11 2 3 22 2 0 0 13 15 1 1 1 6 87 4 4 0 1 1 19 26 1 0 4 0 0 0 0 0 0 0 0 1 8 1 0 0 9 0 19 1 2 0 0 1 5 3 0 0 0 0 13 3 4 36 3 8 2 1 1 0 2 0 0 3 3 0 0 1 15 20 2 2 53 201 21 9 0 0 0 0 0 2 4 18 0 0 0 2 0 0 0 0 21 198 37 40 2 3 0 0 0 0 0 1 2 13 0 0 0 0 0 0 2 0 0 0 0 0
0 0 0 0 0 0 0 0 0 0 1 0 0 0 3 3 9 20 2 3 3 28 9 2 0 0 0 0 1 2 11 1 0 42 4 1 1 6 8 32 45 159 9 92 79 1 8 0 0 1 0 38 11 3 2 13 0 0 0 0 0 0 1 0 1 0 0 0 11 21 87 19 2 2 0 0 0 2 0 0 0 0 0 0 0 0 1 4 9 4 0 0 3 0 1 2 0 0 0 0 0 2 18 5 6 585 485 16 4 0 0 0 0 1 0 0 16 85 29 2 0 0 0 36 81 37 56 306 202 16 0 0 0 0 0 6 1 2 0 0 0 0 0 0 0 0 0 0 0 0
0 0 0 0 0 0 0 1 0 1 1 1 7 16 4 6 16 58 0 4 4 8 1 0 0 0 0 5 24 8 0 2 2 3 11 8 3 37 61 74 351 538 271 214 68 9 0 1 2 0 0 2 22 20 6 0 0 0 0 0 0 0 1 0 0 0 0 0 0 2 11 20 2 0 3 4 1 19 6 0 0 2 1 0 4 0 0 0 2 2 10 12 4 2 11 22 7 0 1 0 0 2 12 25 202 289 262 248 23 0 0 0 0 0 0 130 220 112 19 0 0 0 7 117 88 179 717 409 82 20 0 0 1 70 1 3 0 0 0 0 0 0 0 0 0 0 0 0 0 0
0 0 0 0 0 0 0 1 5 5 12 51 24 0 0 1 4 5 2 2 4 9 4 24 11 7 6 0 1 6 17 2 0 17 42 13 2 4 194 271 400 836 551 457 60 9 3 3 4 0 0 23 37 40 17 5 0 0 0 0 1 2 0 0 0 0 0 0 2 0 4 3 0 0 0 0 0 5 5 0 0 0 0 4 7 0 0 0 0 1 0 1 8 30 7 11 0 0 0 1 0 0 11 13 14 53 4 99 39 0 0 0 1 0 76 100 397 239 44 30 20 15 7 86 123 94 358 358 379 454 49 50 23 133 18 1 0 0 0 0 0 0 0 0 0 0 0 0 0 0
0 0 0 0 0 0 3 8 8 4 4 3 5 0 1 4 0 1 7 7 1 12 94 30 0 0 0 0 2 5 8 3 0 1 5 11 14 73 31 77 492 323 339 132 34 7 13 3 0 4 1 3 19 1 2 0 1 0 0 0 0 0 0 0 0 0 0 0 0 0 0 0 0 0 0 1 0 1 6 0 5 12 9 3 17 0 0 0 9 16 0 0 2 10 1 1 12 2 0 0 3 2 0 6 4 4 0 1 47 0 0 3 3 0 65 771 982 450 113 143 120 118 40 19 0 19 270 415 11 68 30 141 523 20 14 0 0 0 0 0 0 0 0 0 0 0 0 0 0 0
0 0 0 0 0 0 1 2 0 1 3 8 3 0 1 2 4 1 13 22 248 64 14 0 0 0 0 1 1 16 0 4 9 16 18 1 0 3 0 70 322 283 259 167 97 21 9 0 6 2 1 0 39 4 18 3 0 0 0 0 0 0 0 0 0 0 0 0 0 2 0 0 0 0 0 0 0 8 5 0 24 9 29 71 47 0 0 0 3 0 0 0 2 1 11 1 6 8 0 0 0 0 0 2 1 5 2 14 218 158 255 555 116 170 467 856 625 234 53 336 72 155 7 3 70 159 261 92 15 0 44 295 258 43 49 3 0 0 0 0 0 0 0 0 0 0 0 0 0 0
0 0 0 0 0 0 0 7 0 2 0 6 3 9 0 7 9 12 22 13 44 1 0 0 0 0 0 0 1 11 7 29 11 5 0 3 2 0 1 12 28 87 88 54 0 0 0 0 0 1 0 0 60 2 1 2 1 3 0 0 0 0 0 0 0 0 0 0 0 0 0 0 0 0 0 6 1 22 7 1 1 6 7 2 0 0 0 0 2 1 6 0 0 12 8 7 7 3 0 0 4 0 0 0 1 8 9 23 131 59 138 60 206 399 714 585 446 328 142 302 64 17 0 6 16 113 62 0 0 0 41 200 0 0 5 0 0 0 0 0 0 0 0 0 0 0 0 0 0 0
0 0 0 0 0 2 9 10 4 1 1 0 0 5 29 3 0 0 31 47 15 0 0 0 0 0 1 0 0 1 44 2 16 1 7 2 0 0 1 0 5 13 4 0 1 0 1 0 0 2 0 2 178 4 20 34 19 3 1 2 0 0 0 0 0 0 0 0 0 0 0 0 0 0 0 0 1 5 0 0 4 0 1 0 0 0 0 0 4 0 0 0 2 28 7 0 6 1 0 0 3 0 0 0 0 1 4 100 60 17 1 10 204 255 191 454 184 305 149 223 247 0 0 0 0 0 0 0 0 0 0 65 36 0 0 0 0 0 0 0 0 0 1 0 0 0 0 0 0 0
0 0 0 0 0 1 3 18 0 1 0 0 2 22 4 9 17 10 5 0 4 8 5 0 0 0 0 27 24 11 24 40 11 1 1 4 0 1 0 0 6 36 4 1 2 0 5 0 0 0 0 52 317 56 0 23 1 0 0 0 0 0 0 0 0 0 0 0 0 0 0 0 0 0 0 0 7 3 2 0 0 0 0 0 0 0 0 0 5 2 24 0 16 51 7 18 2 2 0 6 3 0 0 0 0 0 8 66 383 31 0 0 8 4 1 3 16 25 327 706 54 0 0 0 0 3 1 0 0 0 0 0 66 7 0 0 0 0 0 0 0 0 0 0 0 0 0 0 0 0
2 2 2 1 3 0 13 24 3 5 8 89 22 1 1 128 49 25 7 6 1 2 4 18 0 2 14 11 1 1 10 9 4 2 3 5 1 0 6 1 20 3 0 0 5 0 0 0 0 0 0 70 8 62 18 11 3 0 0 0 0 0 0 0 0 0 0 0 0 0 0 0 0 0 0 1 2 16 1 0 0 0 1 0 0 0 0 0 16 2 2 0 2 38 1 0 0 1 8 1 0 1 3 7 3 4 39 212 121 0 0 0 0 0 8 0 0 2 127 328 241 257 1 0 3 32 0 0 0 45 87 42 150 1 0 0 0 0 0 0 0 0 0 0 0 0 0 0 0 0
1 0 0 0 0 3 6 0 1 59 71 26 1 1 32 26 37 31 1 1 0 0 21 1 3 7 8 3 1 1 2 0 0 3 6 0 0 0 0 1 0 8 7 4 1 0 9 0 0 0 12 49 26 24 25 6 3 0 0 0 0 0 0 0 0 0 0 0 0 0 0 0 0 0 0 0 4 32 73 9 1 9 0 0 0 0 1 103 9 0 4 3 4 1 0 5 0 2 2 1 24 18 6 9 0 17 14 13 81 2 0 0 0 10 84 80 198 406 96 159 627 169 1 7 251 24 0 0 0 157 208 0 0 0 0 0 0 0 0 0 0 0 1 0 0 0 0 0 0 0
0 2 0 1 0 5 0 9 47 9 13 96 20 10 0 0 0 31 0 0 0 0 2 5 5 1 6 0 26 1 0 0 3 0 0 0 0 0 3 0 0 26 18 14 0 1 3 1 0 0 0 69 23 4 0 4 0 0 0 0 0 0 0 0 0 0 0 0 0 0 0 0 0 0 0 2 0 12 36 15 1 6 0 0 0 0 1 17 1 1 5 0 5 5 0 0 0 0 2 4 0 1 2 2 17 0 3 21 29 4 0 0 0 0 77 452 646 441 58 41 54 197 233 248 306 3 0 5 13 429 204 1 0 0 0 0 0 0 0 0 0 0 0 0 0 0 0 0 0 0
0 0 0 0 0 0 3 6 1 2 12 22 0 1 0 0 1 0 0 6 1 0 0 0 1 3 3 1 6 3 0 0 0 0 0 0 0 1 7 0 0 1 2 1 1 1 0 0 0 0 1 71 0 4 0 1 0 3 1 0 0 0 0 0 0 0 0 0 0 0 0 0 0 0 0 0 0 11 76 53 16 23 19 0 0 2 5 1 1 0 0 0 2 12 0 0 0 0 0 4 0 1 0 9 11 7 12 3 52 0 0 8 24 14 38 34 2 40 402 192 2 163 987 464 340 243 266 256 987 1686 978 24 0 0 0 0 0 0 0 0 0 0 0 0 0 0 0 0 0 0
0 0 1 0 0 6 4 2 0 22 156 2 0 11 9 6 0 1 0 0 0 0 0 0 0 28 19 1 0 0 0 5 2 0 2 0 0 0 2 9 0 4 0 2 0 2 11 1 1 4 14 299 28 39 0 8 0 0 0 4 0 0 0 0 0 0 0 0 0 0 0 0 0 0 0 0 1 14 45 5 1 15 13 0 0 0 0 0 0 5 2 3 10 8 8 15 10 0 2 5 18 0 2 0 20 19 1 8 136 49 1 22 15 2 4 19 2 149 398 441 455 739 754 964 1745 1291 698 1029 1419 989 1199 7 1 0 0 0 0 0 0 0 0 0 1 0 0 0 0 0 0 0
0 0 0 0 9 2 1 0 10 4 0 1 2 0 3 37 9 1 0 0 0 0 1 0 13 5 2 1 11 0 0 3 0 1 5 1 0 4 2 1 0 0 0 0 2 1 2 0 16 30 448 489 24 109 12 3 15 1 1 4 0 1 0 0 0 0 0 0 0 0 0 0 0 0 0 1 0 0 3 0 0 4 1 0 0 0 0 0 3 2 0 2 6 0 0 7 0 0 1 5 13 5 22 10 21 5 38 31 7 14 9 1 11 10 5 13 3 50 379 1194 1147 619 321 744 1542 1303 282 620 453 18 255 66 0 0 0 0 0 0 0 0 0 0 0 0 0 0 0 0 0 0
1 2 0 10 8 0 2 1 17 2 5 0 4 0 1 0 2 2 0 0 0 0 0 0 5 0 0 0 0 0 0 25 22 0 0 1 1 0 0 0 0 0 3 0 0 0 0 0 1 30 379 840 634 587 39 15 8 1 0 3 1 0 0 0 0 0 0 0 0 0 0 0 0 0 1 0 0 0 0 18 1 1 1 0 0 0 0 23 56 0 0 35 5 0 0 0 0 0 0 5 2 0 35 21 18 107 327 24 10 2 6 5 0 5 0 25 17 7 98 535 403 504 252 2024 1368 847 289 271 21 375 1763 924 0 2 0 0 0 0 0 0 0 0 0 0 0 0 0 0 0 0
2 1 1 26 0 2 21 5 9 4 16 52 2 2 0 0 0 0 0 0 0 0 0 0 2 0 1 0 0 0 0 6 13 0 0 0 3 0 0 0 0 0 0 0 0 0 0 0 0 2 370 360 502 393 76 55 4 0 0 1 2 0 0 0 0 0 0 0 0 0 0 0 0 0 2 0 0 0 0 40 2 8 1 0 0 0 0 10 55 4 5 9 53 0 0 0 0 0 0 11 4 20 49 166 39 13 5 9 0 1 1 0 1 0 3 2 4 15 4 43 293 206 227 585 1208 1103 489 488 423 946 491 341 3 0 0 0 0 0 0 0 0 0 0 0 0 0 0 0 0 0
8 2 4 14 2 10 10 24 1 0 1 13 1 0 0 0 0 0 0 0 0 0 0 0 1 0 0 0 0 0 1 0 1 0 0 2 3 1 2 0 0 0 0 0 0 0 3 2 1 1 66 166 245 75 25 19 1 7 0 0 1 0 0 0 0 1 0 0 0 0 0 0 0 0 0 0 0 0 0 0 7 4 1 0 0 0 38 173 19 1 5 172 134 16 4 0 0 0 0 20 130 7 30 283 21 1 2 0 10 6 0 0 1 8 0 3 3 27 22 22 124 558 505 400 387 721 1245 1356 170 168 117 133 0 0 0 0 0 0 0 0 0 0 0 0 0 0 0 0 0 0
0 2 15 0 3 1 2 46 7 10 5 2 0 0 0 0 0 0 0 0 0 0 0 0 0 0 0 0 1 2 0 0 0 0 0 4 0 0 0 0 0 0 0 0 0 0 0 0 3 8 9 73 186 64 16 2 0 62 40 3 0 0 0 0 0 0 0 0 0 0 0 0 0 0 0 0 0 0 0 0 0 25 14 27 22 12 4 1 4 22 138 94 85 7 3 1 0 5 27 36 76 252 297 337 269 27 9 2 9 3 1 4 1 0 1 4 6 36 32 255 477 774 1419 1789 740 342 1709 2213 1467 0 1 4 0 0 0 0 0 0 0 0 0 0 0 0 0 0 0 0 0 0
3 23 21 0 7 13 7 82 11 7 0 2 0 0 0 0 0 0 0 0 1 0 3 0 0 0 0 0 1 0 0 1 0 0 0 1 0 0 1 0 7 0 0 0 0 1 0 0 4 2 0 70 40 59 7 0 0 13 64 13 6 0 0 0 0 0 0 0 0 0 0 0 0 0 0 0 0 0 0 0 8 10 3 1 0 13 8 16 12 68 101 98 88 15 48 25 6 4 0 2 98 278 772 185 141 377 0 4 3 9 1 2 0 0 3 1 2 267 350 551 696 22 12 126 270 242 479 1156 277 9 372 8 0 0 0 0 0 0 0 0 0 0 0 0 0 0 0 0 0 0
11 3 78 49 62 153 70 4 3 1 2 2 2 0 1 0 0 0 0 1 0 0 0 0 0 0 0 0 0 0 0 0 0 0 0 0 0 1 0 0 0 0 1 0 0 0 0 0 1 1 0 1 7 0 0 2 1 0 0 25 1 0 0 0 0 0 0 0 0 0 0 0 0 0 0 0 0 0 0 1 9 37 0 1 21 2 84 24 0 3 6 6 27 3 0 0 0 0 0 3 8 68 755 243 132 184 19 9 6 1 12 1 0 1 0 11 190 491 169 31 0 0 0 0 21 309 168 500 423 19 32 8 0 0 0 0 0 0 0 0 0 0 0 0 0 0 0 0 0 0
7 20 97 142 257 288 251 47 5 0 0 0 0 0 2 0 0 0 0 0 1 12 0 0 0 0 0 0 0 0 0 0 0 0 0 1 0 0 0 0 0 0 0 3 7 1 0 21 0 0 0 4 21 0 0 2 5 1 26 3 1 0 0 0 0 0 0 0 0 0 0 0 0 0 0 0 0 0 5 32 7 2 0 1 37 3 83 98 21 0 0 0 1 0 0 0 0 0 0 0 0 96 482 143 175 175 2 3 1 14 2 0 0 0 4 81 124 9 13 48 0 0 0 0 2 454 268 677 480 18 12 0 0 0 0 0 0 0 0 0 0 0 0 0 0 0 0 0 0 0
2 96 328 873 400 232 181 45 0 7 0 1 1 0 0 0 0 0 0 0 0 3 0 0 1 0 0 1 2 0 0 0 0 0 0 0 0 0 1 0 2 11 0 5 2 0 0 2 33 0 0 1 13 0 0 0 1 0 2 0 0 1 0 0 0 0 0 0 0 0 0 0 0 0 0 0 0 13 2 0 0 0 0 0 0 0 33 24 0 13 2 0 0 0 0 1 0 0 0 0 7 81 29 26 133 203 0 0 0 0 28 18 14 41 23 7 1 10 4 32 9 40 5 0 9 84 75 170 80 5 2 0 0 0 0 0 1 0 0 0 0 0 0 0 0 0 0 0 0 0
0 5 179 191 116 155 41 14 14 3 0 4 0 0 0 0 0 0 4 0 1 6 0 0 2 0 0 0 0 1 2 1 0 1 0 0 0 0 0 0 0 0 0 0 0 0 0 0 4 4 2 0 0 0 0 2 0 0 0 0 2 0 0 0 0 0 0 0 0 0 0 0 0 0 0 0 2 3 0 0 0 1 0 0 0 0 45 12 7 9 16 1 0 0 4 4 0 0 0 435 694 218 196 193 8 111 207 0 0 4 4 42 16 3 2 0 0 1 23 39 81 104 257 265 84 54 6 0 0 0 0 0 0 0 0 0 0 0 0 0 0 0 0 0 0 0 0 0 0 0
8 29 25 100 101 49 3 1 1 0 25 0 0 1 2 0 0 0 0 0 1 62 0 0 2 0 0 0 2 2 0 0 0 1 0 0 0 0 0 0 0 0 0 1 0 20 9 1 0 1 0 0 0 0 0 10 2 0 0 0 0 0 0 0 0 0 0 0 0 0 0 0 0 0 0 1 7 6 0 0 0 0 0 0 0 0 36 0 0 19 9 0 0 0 27 101 38 5 181 1276 400 362 219 22 1 8 54 71 0 6 44 0 0 0 0 0 0 2 72 35 133 17 46 100 17 48 33 17 67 34 32 1 0 0 0 0 0 0 0 0 0 0 0 0 0 0 0 0 0 0
22 9 10 3 0 0 0 1 0 0 0 0 0 0 0 0 0 0 0 0 0 23 5 0 0 0 0 0 0 2 1 0 0 7 22 0 0 0 1 0 0 0 0 0 0 2 0 1 1 0 1 0 2 0 63 38 7 0 0 0 0 0 0 0 0 0 0 0 0 0 0 0 0 0 24 9 1 0 0 0 0 0 0 0 0 0 32 1 1 0 108 27 30 18 230 245 68 14 60 95 9 4 17 26 7 5 0 131 338 140 0 0 0 1 2 0 0 0 0 1 55 1 2 0 48 60 96 37 405 207 77 0 0 0 1 0 0 0 0 0 0 0 0 0 0 0 0 0 0 0
10 0 2 1 0 0 2 0 0 0 0 6 0 0 0 0 0 0 0 0 0 0 0 0 0 0 0 0 0 0 1 52 2 0 0 0 0 0 0 0 0 0 0 0 0 0 0 0 0 0 0 3 2 1 31 1 0 1 0 0 0 0 0 0 0 0 0 0 0 0 0 0 0 0 4 13 2 0 3 0 0 0 0 0 0 0 80 49 168 72 135 17 8 10 0 53 18 5 0 0 3 3 0 0 3 1 164 255 162 35 2 0 0 0 0 0 0 4 1 1 2 10 2 9 0 103 104 405 211 214 156 0 0 0 0 0 0 0 0 0 0 0 0 0 0 0 0 0 0 0
0 0 0 2 3 0 0 0 0 0 0 0 0 0 0 0 0 1 0 0 0 0 1 0 0 0 0 0 1 0 1 0 0 1 0 0 0 0 0 0 0 0 0 0 0 1 1 13 0 0 0 1 8 39 6 1 0 0 0 0 0 0 0 0 0 0 0 0 0 0 0 1 3 2 3 0 0 0 0 0 0 0 0 0 0 0 0 0 93 0 0 0 2 0 3 13 3 2 5 0 0 12 0 5 0 183 653 411 199 79 1 0 0 0 0 0 0 0 58 8 15 18 1 20 8 11 143 82 19 41 17 4 0 0 0 0 0 0 0 0 0 0 0 0 0 0 0 0 0 0
0 0 0 2 4 2 0 0 0 0 0 0 0 0 0 0 0 0 0 1 0 0 0 5 0 0 0 0 0 0 0 1 0 0 0 0 0 0 0 0 0 0 0 0 0 0 0 0 0 0 10 0 3 86 7 0 3 0 0 0 0 0 0 0 0 0 0 0 0 0 3 5 2 2 0 1 0 0 0 0 0 0 0 0 0 0 0 0 0 0 0 0 6 24 0 0 1 0 5 1 2 2 5 2 35 68 136 40 60 161 0 0 0 0 0 0 0 0 0 10 3 5 4 80 94 44 131 80 46 21 0 0 0 0 0 0 0 0 0 0 0 0 0 0 0 0 0 0 0 0
0 0 0 0 3 92 0 0 0 0 0 0 0 0 0 0 0 0 0 0 0 0 0 0 0 0 0 0 0 0 0 0 0 0 0 0 0 0 0 1 0 0 0 1 0 0 0 0 0 0 1 0 7 4 5 1 3 0 0 0 0 0 0 0 0 0 0 1 0 5 1 0 0 0 0 0 0 0 0 0 0 0 0 0 0 0 0 0 3 1 0 10 99 15 2 1 0 2 4 8 5 1 16 14 107 52 0 9 12 7 13 0 0 0 0 0 0 0 0 0 6 10 3 19 0 0 0 283 4 14 0 0 0 0 0 0 0 0 0 0 0 0 0 0 0 0 0 0 0 0
0 0 0 0 77 51 0 0 0 0 0 0 0 0 4 0 0 0 1 0 0 0 0 0 0 0 0 3 0 0 0 0 0 0 0 0 0 0 1 0 0 0 0 6 0 0 0 0 0 3 1 0 0 3 0 0 1 3 0 0 0 0 0 0 0 0 1 0 7 5 0 1 1 1 0 0 0 0 0 0 0 0 0 0 0 0 0 0 38 44 136 257 220 14 0 0 0 0 3 28 50 294 214 62 19 5 5 0 0 11 8 0 0 0 0 0 0 0 0 0 0 0 0 0 0 19 214 39 0 0 0 0 0 0 0 0 0 0 0 0 0 0 0 0 0 0 0 0 0 0
0 0 0 0 1 2 2 0 0 0 0 0 10 2 0 0 0 0 0 0 0 0 0 0 0 0 0 0 0 2 0 0 0 0 0 0 1 0 0 0 0 0 0 0 4 6 0 0 0 6 0 0 0 1 15 0 2 0 0 0 0 0 0 0 0 0 0 0 6 0 0 0 0 0 0 0 0 0 0 0 0 0 1 0 0 0 1 3 14 43 196 95 50 12 1 1 9 2 1 87 156 85 65 12 0 5 4 0 0 5 8 0 0 0 0 0 0 0 0 0 3 90 67 0 0 81 28 1 0 0 0 0 0 0 0 0 0 0 0 0 0 0 0 0 0 0 0 0 0 0
0 0 0 0 1 1 0 0 0 0 0 0 14 13 0 5 0 0 1 0 0 0 0 0 0 2 1 0 0 10 0 0 0 0 0 1 0 0 0 0 0 0 0 0 1 8 3 0 0 1 1 0 1 19 6 0 0 0 0 0 0 0 0 0 0 0 0 10 133 0 1 0 0 0 0 0 0 0 0 0 0 0 1 0 2 2 2 4 2 5 0 0 13 0 22 2 0 0 7 51 117 0 0 0 0 0 0 5 2 33 13 50 1 0 0 0 0 0 0 0 0 0 1 0 0 0 0 12 0 0 0 0 0 0 0 0 0 0 0 0 0 0 0 0 0 0 0 0 0 0
0 0 0 0 1 0 0 0 0 0 0 0 0 1 2 0 0 0 0 0 0 0 0 0 0 1 0 0 0 0 0 0 0 1 0 0 0 0 0 0 0 0 0 0 0 0 5 8 1 1 0 0 0 1 2 8 1 1 0 0 0 0 0 0 0 0 4 12 13 0 0 0 0 0 0 0 0 0 0 0 0 0 0 6 38 3 0 0 11 24 3 8 8 0 1 11 2 23 11 13 19 15 0 2 3 0 0 34 152 163 136 264 48 23 0 0 0 0 0 0 0 0 0 0 0 0 0 0 0 0 0 0 0 0 0 0 0 0 0 0 0 0 0 0 0 0 0 0 0 0
0 0 0 0 0 3 1 5 0 0 0 0 0 0 0 0 0 0 0 0 0 0 0 0 0 0 0 0 0 1 0 0 0 0 1 0 0 0 0 1 0 0 0 0 0 0 0 3 12 0 0 0 0 0 0 48 68 1 1 0 0 0 0 0 0 4 41 108 1 0 1 1 0 0 0 0 0 0 0 0 0 0 0 23 41 1 4 4 6 179 20 0 7 0 1 5 66 13 2 3 3 1 10 15 1 0 11 5 61 33 141 69 118 83 5 0 0 0 0 0 0 0 0 0 0 0 0 0 0 0 0 0 0 0 0 0 0 0 0 0 0 0 0 0 0 0 0 0 0 0
0 0 1 0 0 0 0 0 0 0 0 0 0 0 1 0 0 0 0 0 1 0 0 0 0 0 0 1 0 0 0 0 0 0 0 0 0 0 0 0 0 0 1 0 0 4 0 12 59 1 1 0 0 0 14 1 5 7 16 9 3 1 1 12 0 2 0 0 0 3 0 0 0 0 0 0 0 0 0 0 0 0 0 0 0 0 0 1 6 2 3 0 1 1 6 122 5 0 0 0 0 1 1 1 18 38 195 642 301 27 10 0 235 146 0 0 0 0 0 0 0 0 0 0 0 0 0 0 0 0 0 0 0 0 0 0 0 0 0 0 0 0 0 0 0 0 0 0 0 0
0 0 2 2 4 52 7 6 1 1 3 0 0 0 1 0 0 0 0 0 0 0 0 0 0 0 0 0 0 0 0 0 0 0 0 0 0 0 1 1 0 0 0 0 1 1 21 5 1 0 1 0 2 4 9 4 0 0 0 3 0 0 0 0 0 0 2 7 1 20 0 6 0 0 0 0 0 0 0 0 0 0 0 0 4 0 0 2 0 0 5 11 0 4 95 10 5 0 0 0 2 2 0 11 361 68 212 294 212 168 119 130 190 7 0 0 0 0 0 0 1 0 0 0 0 0 0 0 0 0 0 0 0 0 0 0 0 0 0 0 0 0 0 0 0 0 0 0 0 0
0 0 1 0 53 59 1 0 0 0 1 0 0 1 0 0 0 0 0 0 2 0 0 0 0 0 0 0 0 0 0 0 0 0 0 0 0 0 0 0 0 0 1 3 1 0 0 3 2 2 4 0 0 3 0 0 0 6 3 2 0 0 1 0 0 0 8 0 0 0 0 0 1 2 0 0 0 0 0 0 0 0 0 0 0 0 0 0 0 0 0 0 6 22 3 17 120 0 0 0 0 0 0 46 135 193 2 0 2 14 0 13 9 0 0 0 0 0 0 0 0 0 0 0 0 0 0 0 0 0 0 0 0 0 0 0 0 0 0 0 0 0 0 0 0 0 0 0 0 0
0 0 0 0 0 1 0 0 5 1 3 1 0 1 0 0 0 0 0 0 0 0 0 0 0 0 0 0 0 0 0 1 1 0 0 0 0 0 0 0 0 0 0 3 0 0 1 0 8 4 0 0 0 0 0 0 0 0 4 0 1 3 1 0 0 0 0 0 0 0 2 1 2 0 0 0 0 0 0 0 0 0 0 0 0 0 0 0 1 3 0 17 71 8 10 96 231 0 0 0 0 0 0 3 2 0 0 0 0 2 29 85 0 0 0 0 0 0 0 0 0 0 0 0 0 0 0 0 0 0 0 0 0 0 0 0 0 0 0 0 0 0 25 5 2 0 0 0 0 0
0 0 0 0 0 0 0 0 0 21 0 0 0 0 1 1 0 0 0 0 0 0 0 0 0 0 0 0 0 0 0 0 0 0 0 0 0 0 0 0 0 0 2 0 0 0 0 0 0 0 2 2 1 1 0 0 0 0 3 0 3 0 0 0 0 0 0 0 0 0 0 1 0 0 0 0 0 0 0 0 0 0 0 0 0 0 0 0 30 1 19 27 165 65 35 0 0 1 0 0 0 0 5 1 0 0 0 2 0 96 220 1 0 0 0 0 0 0 0 0 0 0 0 0 0 0 0 0 0 0 0 0 0 0 0 0 0 0 0 0 0 0 0 4 0 0 0 0 0 0
0 1 0 0 1 1 0 0 0 0 0 0 0 2 1 0 0 0 0 0 0 0 0 0 1 0 0 0 0 0 0 0 0 0 0 0 0 0 0 0 0 0 0 0 0 0 0 0 0 0 3 0 3 0 1 0 0 0 1 3 1 0 0 0 0 0 0 0 0 0 6 0 0 0 0 0 0 0 0 0 0 0 0 0 0 0 0 0 0 1 15 72 361 0 2 14 4 0 0 0 0 0 0 0 0 5 0 3 10 41 84 32 0 0 0 0 0 0 0 0 0 0 0 0 0 0 0 0 0 0 0 0 0 0 0 0 0 0 0 0 0 0 0 0 0 0 0 0 0 0
0 0 0 0 0 0 0 0 0 0 0 1 3 0 0 0 0 0 1 0 0 0 0 0 1 0 0 0 0 0 0 0 0 0 0 0 1 0 0 0 0 0 1 0 0 0 0 0 0 0 3 8 1 0 0 0 0 1 0 13 3 2 0 0 0 0 0 0 0 0 0 51 1 0 0 0 0 0 0 0 0 0 0 0 0 0 0 0 1 5 20 66 5 16 41 1 0 0 0 0 0 0 0 0 0 0 0 0 0 0 0 0 0 0 0 0 0 0 0 0 0 0 0 0 0 0 0 0 0 0 0 0 0 0 0 0 0 0 0 0 0 0 0 0 0 0 0 0 0 0
0 0 0 0 0 0 0 0 0 0 0 0 0 1 0 0 0 0 0 0 0 0 12 21 0 0 0 0 0 0 0 0 0 0 0 0 4 1 0 0 0 0 0 0 0 0 0 0 0 0 0 10 2 1 2 0 0 0 0 0 1 10 4 0 0 0 0 0 0 0 0 3 1 0 1 0 0 0 0 0 0 0 0 0 0 0 0 0 0 12 11 47 19 56 40 1 0 0 0 0 0 0 0 0 0 0 0 0 0 0 0 0 0 0 0 0 0 0 0 0 0 0 0 0 0 0 0 0 0 0 0 0 0 0 0 0 0 0 0 0 0 0 0 0 0 0 0 0 0 0
0 0 0 0 0 0 0 0 0 0 0 0 0 0 0 0 0 0 0 0 1 0 0 10 3 0 0 0 0 0 0 0 0 0 0 0 0 0 2 0 0 0 0 0 0 0 0 0 0 0 1 28 8 1 1 0 1 0 0 0 1 15 55 0 0 0 0 0 0 0 0 0 0 0 1 0 0 0 0 0 0 0 0 0 0 0 0 0 0 0 59 14 1 77 26 31 0 0 1 0 0 0 0 0 0 0 0 0 0 0 0 0 0 0 0 0 0 0 0 0 0 0 0 0 0 0 0 0 0 0 0 0 0 0 0 0 0 0 0 0 0 0 0 0 0 0 0 0 0 0
0 0 0 0 0 0 0 1 0 0 0 0 1 4 0 0 0 0 0 0 0 0 10 0 1 2 0 0 1 0 1 0 0 0 0 0 0 0 0 0 1 0 0 0 0 0 0 0 0 1 25 202 93 8 16 3 0 0 1 0 0 4 0 0 0 0 0 0 0 0 0 0 0 0 0 0 0 0 0 0 0 0 0 0 0 0 0 0 0 0 1 6 42 25 18 4 0 0 1 0 0 0 0 0 0 0 0 0 0 0 0 0 0 0 0 0 0 0 0 0 0 0 0 0 0 0 0 0 0 0 0 0 0 0 0 0 0 0 0 0 0 0 0 0 0 0 0 0 0 0
0 0 0 0 0 0 0 0 0 0 0 0 9 1 1 1 0 4 0 0 0 2 0 0 0 3 0 0 0 0 0 0 0 0 0 0 0 0 0 0 0 0 0 0 0 0 0 0 1 1 0 4 110 0 22 0 0 0 0 0 0 3 2 0 0 0 0 0 0 0 0 0 0 0 0 0 0 0 0 0 0 0 0 1 0 0 0 0 0 0 0 1 4 11 5 4 17 0 0 11 0 0 0 0 0 0 0 0 0 0 0 0 0 0 0 0 0 0 0 0 0 0 0 0 0 0 0 0 0 0 0 0 0 0 0 0 0 0 0 0 0 0 0 0 0 0 0 0 0 0
0 0 0 0 0 0 0 0 0 4 1 0 0 1 0 0 3 0 1 0 0 0 0 4 0 3 0 0 0 0 0 0 0 0 0 0 0 0 0 0 0 0 0 0 0 0 0 0 0 0 0 6 47 0 0 3 0 0 0 2 4 0 0 0 0 0 0 0 0 0 0 0 0 0 0 0 0 0 0 0 0 0 0 0 0 0 0 0 0 0 0 0 0 0 0 9 9 0 0 0 2 0 0 0 0 0 0 0 0 0 0 0 0 0 0 0 0 0 0 0 0 0 0 0 0 0 0 0 0 0 0 0 0 0 0 0 0 0 0 0 0 0 0 0 0 1 0 0 0 0
2 0 0 0 0 0 0 0 0 0 1 1 0 0 0 0 0 0 0 0 0 0 0 0 0 2 1 0 0 0 0 0 0 2 11 0 1 0 0 0 0 0 0 0 0 0 8 48 0 0 0 0 0 0 0 0 0 0 0 0 7 0 0 0 0 0 0 0 0 0 0 0 0 0 0 0 0 0 0 0 0 0 0 0 0 0 0 0 0 0 0 0 0 0 0 2 12 12 0 0 0 0 0 0 0 0 0 0 0 0 0 0 0 0 0 0 0 0 0 0 0 0 0 0 0 0 0 0 0 0 0 0 0 0 0 0 0 0 0 0 0 0 0 1 3 9 0 0 0 0
1 0 0 0 0 0 0 0 0 0 0 1 0 0 0 0 0 0 0 2 3 0 0 0 0 0 0 0 0 0 1 2 0 0 0 0 0 0 0 0 0 0 0 0 2 3 3 0 0 0 0 0 0 0 0 0 0 0 0 0 1 0 0 0 0 0 0 0 0 0 0 8 3 0 0 0 0 0 0 0 0 0 0 0 0 0 0 0 0 1 0 0 0 0 12 4 2 2 0 0 9 0 0 0 0 0 0 0 0 0 0 0 0 0 0 0 0 0 0 0 0 0 0 0 0 0 0 0 0 0 0 0 0 0 0 0 0 0 0 0 0 0 0 0 0 0 0 0 0 0
0 0 0 0 0 0 0 0 0 0 0 3 0 0 0 0 0 0 0 0 0 0 0 0 0 0 0 0 0 0 0 0 0 0 0 0 0 0 0 0 0 0 0 0 0 0 0 0 0 0 0 0 0 0 0 0 0 0 0 0 5 0 0 0 0 0 0 0 0 0 11 304 0 0 0 0 0 0 0 0 0 0 0 0 0 0 0 0 0 0 0 0 0 0 13 0 1 0 0 5 0 0 0 0 0 0 0 0 0 0 0 0 0 0 0 0 0 0 0 0 0 0 0 0 0 0 0 0 0 0 0 0 0 0 0 0 0 0 0 0 0 0 0 0 0 0 0 0 0 0
0 0 0 0 0 0 0 0 0 0 3 0 2 0 0 0 1 0 0 0 0 0 0 0 0 0 0 0 0 0 0 0 0 0 0 0 0 0 0 0 0 0 0 2 1 0 0 0 0 0 0 0 0 0 0 0 0 0 0 3 0 0 0 0 0 0 0 0 0 0 23 1 0 0 0 0 0 0 0 0 0 0 0 0 0 0 0 0 0 0 0 0 0 0 4 3 16 0 0 0 0 0 0 0 0 0 0 0 0 0 0 0 0 0 0 0 0 0 0 0 0 0 0 0 0 0 0 0 0 0 0 0 0 0 0 0 0 0 0 0 0 0 0 0 0 1 0 0 0 0
2 0 0 0 0 0 3 1 0 1 0 0 5 1 1 0 10 3 0 0 0 0 0 0 0 0 0 0 0 0 0 0 0 0 0 1 0 10 0 0 0 0 0 6 0 0 0 0 0 0 0 0 0 0 0 0 0 0 0 9 0 0 0 0 0 0 0 0 13 0 0 0 0 0 0 0 0 0 0 0 0 0 0 0 0 0 0 0 0 0 0 0 0 0 0 0 4 5 6 0 0 0 0 0 0 0 0 0 0 0 0 0 0 0 0 0 0 0 0 0 0 0 0 0 0 0 0 0 0 0 0 0 0 0 0 0 0 0 0 0 0 0 0 0 0 0 0 0 0 0
0 0 0 0 0 0 0 1 0 0 0 0 0 0 0 0 2 4 4 0 0 0 0 0 0 0 0 0 0 0 0 0 0 0 0 0 3 2 1 0 0 0 2 2 0 0 0 0 0 0 0 0 0 0 0 0 0 0 0 0 10 7 0 0 2 0 0 4 62 50 0 0 0 0 0 0 0 0 0 0 0 0 0 0 0 0 0 0 0 0 0 0 0 0 0 0 4 0 1 0 0 0 0 0 0 0 0 0 0 0 0 0 0 0 0 0 0 0 0 0 0 0 0 0 0 0 0 0 0 0 0 0 0 0 0 0 0 0 0 0 0 0 0 0 0 0 0 0 0 0
0 0 1 1 1 0 0 0 0 0 0 1 44 5 0 0 9 0 0 5 0 0 0 38 4 2 0 0 0 0 1 2 0 0 5 0 6 5 2 7 0 0 10 0 0 0 0 0 0 0 0 0 0 0 0 0 0 0 0 0 0 0 0 8 127 24 12 0 0 0 0 0 0 0 0 0 0 0 0 0 0 0 0 0 0 0 0 0 0 0 0 0 0 0 0 0 0 0 0 0 0 0 0 0 0 0 0 0 0 0 0 0 0 0 0 0 0 0 0 0 0 0 0 0 0 0 0 0 0 0 0 0 0 0 0 0 0 0 0 0 0 0 0 0 0 0 0 0 0 0
4 55 0 0 0 0 0 0 0 0 0 1 3 0 0 0 0 0 0 2 5 96 27 5 9 0 0 0 0 0 0 0 0 0 1 0 19 0 0 1 0 6 0 0 0 0 0 0 0 0 0 0 0 0 0 0 0 0 0 0 0 0 0 0 16 9 1 0 0 0 0 0 0 0 0 0 0 0 0 0 0 0 0 0 0 1 0 0 0 0 0 0 0 0 0 0 0 0 0 0 0 0 0 0 0 0 0 0 0 0 0 0 0 0 0 0 0 0 0 0 0 0 0 0 0 0 0 0 0 0 0 0 0 0 0 0 0 0 0 0 0 0 0 0 0 0 0 0 0 0
18 4 2 1 1 1 0 0 0 0 0 0 2 0 0 1 7 0 0 11 1 66 48 2 7 2 0 0 1 10 2 0 0 0 0 0 2 0 1 1 3 23 0 0 0 0 0 0 0 0 0 0 0 0 0 0 0 0 0 0 0 0 0 0 1 0 0 0 0 0 0 0 0 0 0 0 0 0 0 0 0 0 0 0 0 0 0 0 0 3 0 0 0 0 0 0 0 0 0 0 0 0 0 0 0 0 0 0 0 0 0 0 0 0 0 0 0 0 0 0 0 0 0 0 0 0 0 0 0 0 0 0 0 0 0 0 0 0 0 0 0 0 0 0 0 0 0 0 0 0
0 0 0 0 0 0 0 0 0 0 0 5 5 0 0 0 1 3 0 0 0 3 6 0 2 4 2 1 5 0 0 0 0 0 1 1 1 0 0 0 0 1 2 0 0 0 0 0 0 0 0 0 0 0 0 0 0 0 0 0 0 0 0 0 0 0 0 0 0 0 0 0 0 0 0 0 0 0 0 0 0 0 0 0 0 0 0 0 0 0 0 0 0 0 0 0 0 0 0 0 0 0 0 0 0 0 0 0 0 0 0 0 0 0 0 0 0 0 0 0 0 0 0 0 0 0 0 0 0 0 0 0 0 0 0 0 0 0 0 0 0 0 0 0 0 0 0 0 0 0
0 0 0 0 0 0 0 0 0 0 0 0 0 3 0 0 0 0 0 3 1 0 0 0 0 5 2 5 14 3 1 0 2 9 1 0 2 0 0 0 0 0 1 0 0 0 0 0 0 0 0 0 0 0 0 0 0 0 0 0 0 0 0 0 0 0 0 0 0 0 0 0 0 0 0 0 0 0 0 0 0 0 0 0 0 0 0 0 0 0 0 0 0 0 0 0 0 0 0 0 0 0 0 0 0 0 0 0 0 0 0 0 0 0 0 0 0 0 0 0 0 0 0 0 0 0 0 0 0 0 0 0 0 0 0 0 0 0 0 0 0 0 0 0 0 0 0 0 0 0
0 0 0 0 0 0 0 0 0 0 0 0 0 0 0 0 0 0 0 0 2 0 0 0 3 0 0 2 125 37 0 8 4 17 0 0 4 0 0 0 0 0 0 0 0 0 0 0 0 0 0 0 0 0 0 0 0 0 0 0 0 0 0 0 0 0 0 0 0 0 0 0 0 0 0 0 0 0 0 0 0 0 0 0 0 0 0 0 0 0 0 0 0 0 0 0 0 0 0 0 1 0 0 0 0 0 0 0 0 0 0 0 0 0 0 0 0 0 0 0 0 0 0 0 0 0 0 0 0 0 0 0 0 0 0 0 0 0 0 0 0 0 0 0 0 0 0 0 0 0
0 0 0 0 0 0 0 0 0 0 0 0 0 0 0 0 0 0 0 0 1 0 0 0 0 0 3 3 0 0 6 0 0 2 0 0 3 1 0 0 0 0 0 0 0 0 0 0 0 0 0 0 0 0 0 0 0 0 0 0 0 0 0 0 0 0 0 0 0 0 0 0 0 0 0 0 0 0 0 0 0 0 0 0 0 0 0 0 0 0 0 0 0 0 0 0 0 0 0 0 0 0 0 0 0 0 0 0 0 0 0 0 0 0 0 0 0 0 0 0 0 0 0 0 0 0 0 0 0 0 0 0 0 0 0 0 0 0 0 0 0 0 0 0 0 0 0 0 0 0
0 0 0 0 0 0 0 2 0 0 0 0 0 0 0 0 0 0 0 0 0 0 0 0 6 2 6 0 0 0 11 0 1 1 0 4 2 0 0 0 0 0 0 0 0 0 0 0 0 0 0 0 0 0 0 0 0 0 0 0 0 0 0 1 0 0 0 0 0 0 0 0 0 0 0 0 0 0 0 0 0 0 0 0 0 0 0 0 0 0 0 0 0 0 0 0 0 0 0 0 0 0 0 0 0 0 0 0 0 0 0 0 0 0 0 0 0 0 0 0 0 0 0 0 0 0 0 0 0 0 0 0 0 0 0 0 0 0 0 0 0 0 0 0 0 0 0 0 0 0
0 0 0 0 0 0 0 0 0 0 0 0 3 8 0 0 0 0 0 0 0 0 0 0 0 0 0 0 0 0 0 0 7 0 0 2 2 2 0 0 0 0 0 0 0 0 0 0 0 0 0 0 0 0 0 0 0 0 0 0 0 0 0 0 0 0 0 0 0 0 0 0 0 0 0 0 0 0 0 0 0 0 0 0 0 0 0 0 0 0 0 0 0 0 0 0 0 0 0 0 0 0 0 0 0 0 0 0 0 0 0 0 0 0 0 0 0 0 0 0 0 0 0 0 0 0 0 0 0 0 0 0 0 0 0 0 0 0 0 0 0 0 0 0 0 0 0 0 0 0
3 0 0 0 0 0 0 0 0 1 1 0 0 0 0 0 0 0 0 0 0 0 0 0 0 0 0 12 0 0 1 0 0 0 0 0 1 0 0 0 0 0 0 0 0 0 0 0 0 0 0 0 0 0 0 0 0 0 0 0 0 0 0 0 0 0 0 0 0 0 0 0 0 0 0 0 0 0 0 0 0 0 0 0 0 0 0 0 0 0 0 0 0 0 0 0 0 0 0 0 0 0 0 0 0 0 0 0 0 0 0 0 0 0 0 0 0 0 0 0 0 0 0 0 0 0 0 0 0 0 0 0 0 0 0 0 0 0 0 0 0 0 0 0 0 0 0 0 0 0
0 0 0 0 0 0 0 0 0 1 2 0 0 0 0 0 0 0 0 0 0 0 0 0 0 0 0 0 0 0 0 0 3 0 0 0 0 0 0 0 0 0 0 0 0 0 1 0 0 0 0 0 0 0 0 0 0 0 0 0 0 0 0 0 0 0 0 0 0 0 0 0 0 0 0 0 0 0 0 0 0 0 0 0 0 0 0 0 0 0 0 0 0 0 0 0 0 0 0 0 0 0 0 0 0 0 0 0 0 0 0 0 0 0 0 0 0 0 0 0 0 0 0 0 0 0 0 0 0 0 0 0 0 0 0 0 0 0 0 0 0 0 0 0 0 0 0 0 0 0
0 0 0 0 0 0 0 0 0 0 0 1 0 0 0 0 0 0 0 0 0 0 0 0 0 0 0 0 0 0 0 0 3 0 0 0 0 0 0 0 0 0 0 0 0 0 0 1 0 0 0 0 0 0 0 0 0 0 0 0 0 0 0 0 0 0 0 0 0 0 0 0 0 0 0 0 0 0 0 0 0 0 0 0 0 0 0 0 0 0 0 0 0 0 0 0 0 0 0 0 0 0 0 0 0 0 0 0 0 0 0 0 0 0 0 0 0 0 0 0 0 0 0 0 0 0 0 0 0 0 0 0 0 0 0 0 0 0 0 0 0 0 0 0 0 0 0 0 0 0
0 0 0 0 0 0 0 0 0 0 2 0 0 1 0 0 0 0 0 0 0 0 0 0 0 0 0 0 0 0 0 0 0 0 0 0 0 0 0 0 0 0 0 0 0 0 0 0 0 0 0 0 0 0 0 0 0 0 0 0 0 0 0 0 0 0 0 0 0 0 0 0 0 0 0 0 0 0 0 0 0 0 0 0 0 0 0 0 0 0 0 0 0 0 0 0 0 0 0 0 0 0 0 0 0 0 0 0 0 0 0 0 0 0 0 0 0 0 0 0 0 0 0 0 0 0 0 0 0 0 0 0 0 0 0 0 0 0 0 0 0 0 0 0 0 0 0 0 0 0
0 0 0 0 0 0 0 0 0 0 0 0 0 1 0 0 0 0 0 0 0 0 0 0 0 0 0 0 0 0 0 0 0 0 0 0 0 0 0 0 0 0 0 0 0 0 0 0 2 0 1 1 0 0 0 1 0 0 0 0 0 0 0 0 0 0 0 0 0 0 0 0 0 0 0 0 0 0 0 0 0 0 0 0 0 0 0 0 0 0 0 0 0 0 0 0 0 0 0 0 0 0 0 0 0 0 0 0 0 0 0 0 0 0 0 0 0 0 0 0 0 0 0 0 0 0 0 0 0 0 0 0 0 0 0 0 0 0 0 0 0 0 0 0 0 0 0 0 0 0
0 0 0 0 0 0 0 0 4 24 0 0 0 0 0 0 0 0 0 0 0 0 0 0 0 0 0 0 0 0 0 0 0 0 0 0 0 0 0 0 0 0 0 0 0 0 0 0 3 1 0 0 0 0 0 0 0 0 0 0 0 0 0 0 0 0 0 0 0 0 0 0 0 0 0 0 0 0 0 0 0 0 0 0 0 0 0 0 0 0 0 0 0 0 0 0 0 0 0 0 0 0 0 0 0 0 0 0 0 0 0 0 0 0 0 0 0 0 0 0 0 0 0 0 0 0 0 0 0 0 0 0 0 0 0 0 0 0 0 0 0 0 0 0 0 0 0 0 0 0
0 0 0 0 0 1 2 12 11 0 0 0 0 0 0 0 0 0 0 0 0 0 0 0 0 0 0 0 0 0 0 0 0 0 0 0 0 0 0 0 0 0 0 0 0 0 0 0 0 24 35 0 0 0 2 0 0 0 0 0 0 0 0 0 0 0 0 0 0 0 0 0 0 0 0 0 0 0 0 0 0 0 0 0 0 0 0 0 0 0 0 0 0 0 0 0 0 0 0 0 0 0 0 0 0 0 0 0 0 0 0 0 0 0 0 0 0 0 0 0 0 0 0 0 0 0 0 0 0 0 0 0 0 0 0 0 0 0 0 0 0 0 0 0 0 0 0 0 0 0
4 0 0 0 0 0 9 19 0 0 0 0 0 0 0 0 0 0 0 0 0 0 0 0 0 0 0 0 0 0 0 0 0 0 0 0 0 0 0 0 0 0 0 0 0 0 0 0 0 0 0 0 0 0 0 0 0 0 0 0 0 0 0 0 0 0 0 0 0 0 0 0 0 0 0 0 0 0 0 0 0 0 0 0 0 0 0 0 0 0 0 0 0 0 0 0 0 0 0 0 0 0 0 0 0 0 0 0 0 0 0 0 0 0 0 0 0 0 0 0 0 0 0 0 0 0 0 0 0 0 0 0 0 0 0 0 0 0 0 0 0 0 0 0 0 0 0 0 0 0
0 0 0 0 0 0 0 0 0 0 0 0 0 0 0 0 0 0 0 0 0 0 0 0 0 0 0 0 0 0 0 0 0 0 0 0 0 0 0 0 0 0 0 0 0 0 0 0 0 0 0 0 8 30 0 0 0 0 0 0 0 0 0 0 0 0 0 0 0 0 0 0 0 0 0 0 0 0 0 0 0 0 0 0 0 0 0 0 0 0 0 0 0 0 0 0 0 0 0 0 0 0 0 0 0 0 0 0 0 0 0 0 0 0 0 0 0 0 0 0 0 0 0 0 0 0 0 0 0 0 0 0 0 0 0 0 0 0 0 0 0 0 0 0 0 0 0 0 0 0
0 0 0 0 0 0 0 0 0 0 0 0 0 0 0 0 0 0 0 0 0 0 0 0 0 0 0 0 0 0 0 0 0 0 0 0 0 0 0 0 0 0 0 0 0 0 0 0 0 0 0 0 1 0 0 0 0 0 0 0 0 0 0 0 0 0 0 0 0 0 0 0 0 0 0 0 0 0 0 0 0 0 0 0 0 0 0 0 0 0 0 0 0 0 0 0 0 0 0 0 0 0 0 0 0 0 0 0 0 0 0 0 0 0 0 0 0 0 0 0 0 0 0 0 0 0 0 0 0 0 0 0 0 0 0 0 0 0 0 0 0 0 0 0 0 0 0 0 0 0
0 0 0 0 0 0 0 0 0 0 0 0 0 0 0 0 0 0 0 0 0 0 0 0 0 0 0 0 0 0 0 0 0 0 0 0 0 3 0 0 0 0 0 0 0 0 0 0 0 0 0 0 0 0 0 0 0 0 0 0 0 0 0 0 0 0 0 0 0 0 0 0 0 0 0 0 0 0 0 0 0 0 0 0 0 0 0 0 0 0 0 0 0 0 0 0 0 0 0 0 0 0 0 0 0 0 0 0 0 0 0 0 0 0 0 0 0 0 0 0 0 0 0 0 0 0 0 0 0 0 0 0 0 0 0 0 0 0 0 0 0 0 0 0 0 0 0 0 0 0
0 0 0 0 0 0 0 0 0 0 0 0 0 0 0 0 0 0 0 0 0 0 0 0 0 0 0 0 0 0 0 2 1 0 0 0 0 0 0 0 0 0 0 0 0 0 0 0 0 0 0 0 0 0 0 0 0 0 0 0 0 0 0 0 0 0 0 0 0 0 0 0 0 0 0 0 0 0 0 0 0 0 0 0 0 0 0 0 0 0 0 0 0 0 0 0 0 0 0 0 0 0 0 0 0 0 0 0 0 0 0 0 0 0 0 0 0 0 0 0 0 0 0 0 0 0 0 0 0 0 0 0 0 0 0 0 0 0 0 0 0 0 0 0 0 0 0 0 0 0
0 0 0 0 0 0 0 0 0 0 0 0 0 0 0 0 0 0 0 0 0 0 0 0 0 0 0 0 0 0 0 0 0 0 1 0 0 0 0 0 0 0 0 0 0 0 0 0 0 0 0 0 0 0 0 0 0 0 0 0 0 0 0 0 0 0 0 0 0 0 0 0 0 0 0 0 0 0 0 0 0 0 0 0 0 0 0 0 0 0 0 0 0 0 0 0 0 0 0 0 0 0 0 0 0 0 0 0 0 0 0 0 0 0 0 0 0 0 0 0 0 0 0 0 0 0 0 0 0 0 0 0 0 0 0 0 0 0 0 0 0 0 0 0 0 0 0 0 0 0
0 0 0 0 0 0 0 0 0 0 0 0 0 0 0 0 0 0 0 0 0 0 0 0 0 0 0 0 0 0 5 11 0 1 0 0 0 0 0 0 0 0 0 0 0 0 0 0 0 0 0 0 0 0 0 0 0 0 0 0 0 0 0 0 0 0 0 0 0 0 0 0 0 0 0 0 0 0 0 0 0 0 0 0 0 0 0 0 0 0 0 0 0 0 0 0 0 0 0 0 0 0 0 0 0 0 0 0 0 0 0 0 0 0 0 0 0 0 0 0 0 0 0 0 0 0 0 0 0 0 0 0 0 0 0 0 0 0 0 0 0 0 0 0 0 0 0 0 0 0
0 0 0 0 0 0 0 0 0 0 0 0 0 0 0 0 0 0 0 0 0 0 0 0 0 0 0 0 0 0 2 8 0 0 1 0 2 0 0 0 0 0 0 0 0 0 0 0 0 0 0 0 0 0 0 0 0 0 0 0 0 0 0 0 0 0 0 0 0 0 0 0 0 0 0 0 0 0 0 0 0 0 0 0 0 0 0 0 0 0 0 0 0 0 0 0 0 0 0 0 0 0 0 0 0 0 0 0 0 0 0 0 0 0 0 0 0 0 0 0 0 0 0 0 0 0 0 0 0 0 0 0 0 0 0 0 0 0 0 0 0 0 0 0 0 0 0 0 0 0
0 0 0 0 0 0 0 0 0 0 0 0 0 0 0 0 0 0 0 0 0 0 0 0 0 0 3 0 0 2 0 0 0 0 0 0 1 0 0 0 0 0 0 0 0 0 0 0 0 0 1 0 0 0 0 0 0 0 0 0 0 0 0 0 0 0 0 0 0 0 0 0 0 0 0 0 0 0 0 0 0 0 0 0 0 0 0 0 0 0 0 0 0 0 0 0 0 0 0 0 0 0 0 0 0 0 0 0 0 0 0 0 0 0 0 0 0 0 0 0 0 0 0 0 0 0 0 0 0 0 0 0 0 0 0 0 0 0 0 0 0 0 0 0 0 0 0 0 0 0
0 0 0 0 0 0 0 0 0 0 0 0 0 0 0 0 0 0 0 0 0 0 0 0 0 0 0 0 0 108 22 0 0 0 0 0 0 0 0 0 0 0 0 0 0 0 0 0 2 0 0 0 0 0 0 0 0 0 0 0 0 0 0 0 0 0 0 0 0 0 0 0 0 0 0 0 0 0 0 0 0 0 0 0 0 0 0 0 0 0 0 0 0 0 0 0 0 0 0 0 0 0 0 0 0 0 0 0 0 0 0 0 0 0 0 0 0 0 0 0 0 0 0 0 0 0 0 0 0 0 0 0 0 0 0 0 0 0 0 0 0 0 0 0 0 0 0 0 0 0
0 0 0 0 0 0 0 0 0 0 0 0 0 0 0 0 0 0 0 0 0 0 0 0 0 0 4 0 0 0 0 0 0 0 0 0 0 0 0 0 0 0 0 0 0 0 0 0 1 34 0 0 0 0 0 0 0 0 0 0 0 0 0 0 0 0 0 0 0 0 0 0 0 0 0 0 0 0 0 0 0 0 0 0 0 0 0 0 0 0 0 0 0 0 0 0 0 0 0 0 0 0 0 0 0 0 0 0 0 0 0 0 0 0 0 0 0 0 0 0 0 0 0 0 0 0 0 0 0 0 0 0 0 0 0 0 0 0 0 0 0 0 0 0 0 0 0 0 0 0
0 0 0 0 0 0 0 0 0 0 0 0 0 0 0 0 0 0 0 0 0 0 0 0 0 0 20 0 0 0 1 0 0 0 0 0 0 0 0 0 0 0 0 0 0 0 0 0 11 0 0 0 0 0 0 0 0 0 0 0 0 0 0 0 0 0 0 0 0 0 0 0 0 0 0 0 0 0 0 0 0 0 0 0 0 0 0 0 0 0 0 0 0 0 0 0 0 0 0 0 0 0 0 0 0 0 0 0 0 0 0 0 0 0 0 0 0 0 0 0 0 0 0 0 0 0 0 0 0 0 0 0 0 0 0 0 0 0 0 0 0 0 0 0 0 0 0 0 0 0
0 0 0 0 0 0 0 0 0 0 0 0 0 0 0 0 0 0 0 0 0 0 0 0 0 0 0 4 4 0 0 0 0 0 0 0 0 0 0 0 0 0 0 0 0 0 0 0 0 0 0 0 0 0 0 0 0 0 0 0 0 0 0 0 0 0 0 0 0 0 0 0 0 0 0 0 0 0 0 0 0 0 0 0 0 0 0 0 0 0 0 0 0 0 0 0 0 0 0 0 0 0 0 0 0 0 0 0 0 0 0 0 0 0 0 0 0 0 0 0 0 0 0 0 0 0 0 0 0 0 0 0 0 0 0 0 0 0 0 0 0 0 0 0 0 0 0 0 0 0
0 0 0 0 0 0 0 0 0 0 0 0 0 0 0 0 0 0 0 0 0 0 0 0 0 0 0 0 0 0 0 0 0 0 0 0 0 0 0 0 0 0 0 0 0 0 0 0 0 0 0 0 0 0 0 0 0 0 0 0 0 0 0 0 0 0 0 0 0 0 0 0 0 0 0 0 0 0 0 0 0 0 0 0 0 0 0 0 0 0 0 0 0 0 0 0 0 0 0 0 0 0 0 0 0 0 0 0 0 0 0 0 0 0 0 0 0 0 0 0 0 0 0 0 0 0 0 0 0 0 0 0 0 0 0 0 0 0 0 0 0 0 0 0 0 0 0 0 0 0
0 0 0 0 0 0 0 0 0 0 0 0 0 0 0 0 0 0 0 0 0 0 0 0 0 0 0 0 0 0 0 0 0 0 0 0 0 0 0 0 0 0 0 0 0 0 0 0 0 0 0 0 0 0 0 0 0 0 0 0 0 0 0 0 0 0 0 0 0 0 0 0 0 0 0 0 0 0 0 0 0 0 0 0 0 0 0 0 0 0 0 0 0 0 0 0 0 0 0 0 0 0 0 0 0 0 0 0 0 0 0 0 0 0 0 0 0 0 0 0 0 0 0 0 0 0 0 0 0 0 0 0 0 0 0 0 0 0 0 0 0 0 0 0 0 0 0 0 0 0
0 0 0 0 0 0 0 0 0 0 0 0 0 0 0 0 0 0 0 0 0 0 0 0 0 0 0 0 0 0 0 0 0 0 0 0 0 0 0 0 0 0 0 0 0 0 0 0 0 0 0 0 0 0 0 0 0 0 0 0 0 0 0 0 0 0 0 0 0 0 0 0 0 0 0 0 0 0 0 0 0 0 0 0 0 0 0 0 0 0 0 0 0 0 0 0 0 0 0 0 0 0 0 0 0 0 0 0 0 0 0 0 0 0 0 0 0 0 0 0 0 0 0 0 0 0 0 0 0 0 0 0 0 0 0 0 0 0 0 0 0 0 0 0 0 0 0 0 0 0
0 0 0 0 0 0 0 0 0 0 0 0 0 0 0 0 0 0 0 0 0 0 0 0 0 0 0 0 0 0 0 0 0 0 0 0 0 0 0 0 0 0 0 0 0 0 0 0 0 0 0 0 0 0 0 0 0 0 0 0 0 0 0 0 0 0 0 0 0 0 0 0 0 0 0 0 0 0 0 0 0 0 0 0 0 0 0 0 0 0 0 0 0 0 0 0 0 0 0 0 0 0 0 0 0 0 0 0 0 0 0 0 0 0 0 0 0 0 0 0 0 0 0 0 0 0 0 0 0 0 0 0 0 0 0 0 0 0 0 0 0 0 0 0 0 0 0 0 0 0
0 0 0 0 0 0 0 0 0 0 0 0 0 0 0 0 0 0 0 0 0 0 0 0 0 0 0 0 0 0 0 0 0 0 0 0 0 0 0 0 0 0 0 0 0 0 0 0 0 0 0 0 0 0 0 0 0 0 0 0 0 0 0 0 0 0 0 0 0 0 0 0 0 0 0 0 0 0 0 0 0 0 0 0 0 0 0 0 0 0 0 0 0 0 0 0 0 0 0 0 0 0 0 0 0 0 0 0 0 0 0 0 0 0 0 0 0 0 0 0 0 0 0 0 0 0 0 0 0 0 0 0 0 0 0 0 0 0 0 0 0 0 0 0 0 0 0 0 0 0
