0 0 26 14 0 0 2 3 25 146 12 9 0 4 0 0 0 0 3 0 7 6 0 0 3 11 0 0 0 0 0 0 1 14 20 3 0 0 1 13 0 0 0 3 9 0 0 0 0 0 0 0 0 0 3 7 0 0 0 8 70 19 30 9 0 8 4 0 0 1 5 7 25 264 287 483 170 31 80 12 39 348 40 51 159 275 331 305 62 412 1278 801 83 852 613 1019 1110 848 1344 178 304 175 20 66 45 30 59 765 398 44 19 16 53 99 97 85 56 20 9 0 5 42 70 38 4 6 0 5 7 11 5 147 2 12 6 0 0 0 0 0 4 0 0 0 0 0 0 0 0 30
0 5 14 7 3 0 0 0 0 39 16 22 20 7 0 0 0 4 12 0 0 3 34 0 29 39 0 1 0 0 0 0 0 0 0 2 0 8 9 1 0 0 0 0 0 0 0 0 0 0 0 0 0 1 18 0 0 0 0 25 193 31 12 42 9 0 0 6 0 0 0 6 85 102 37 6 125 95 13 29 160 75 22 10 131 327 544 234 335 395 108 58 345 402 281 348 624 978 1482 1174 344 95 53 37 21 40 5 30 64 16 11 11 7 68 80 42 35 21 1 42 7 13 18 13 3 3 2 10 19 45 42 15 100 82 1 0 0 0 3 75 6 0 0 0 0 0 0 0 0 0
2 0 0 1 9 0 0 0 4 31 4 4 24 8 0 0 0 15 4 3 9 25 140 27 14 0 2 5 0 0 0 0 0 2 0 3 1 5 0 26 0 0 0 16 0 0 0 0 0 0 0 0 0 4 14 0 0 5 0 18 22 19 9 5 1 0 0 0 0 2 1 2 3 0 4 1 1 61 261 337 150 67 27 11 65 314 803 182 6 22 109 39 143 849 871 1051 278 774 410 842 832 542 19 72 37 24 10 37 351 222 62 39 11 9 17 6 7 177 47 20 102 125 12 12 5 13 4 9 1 17 9 6 347 239 0 0 2 0 123 34 3 2 0 0 1 0 0 0 0 0
59 11 0 0 0 0 0 0 0 4 1 3 0 0 0 3 1 0 6 6 0 1 4 14 15 1 1 21 30 0 4 0 0 0 0 1 0 12 0 12 7 0 0 0 0 0 0 0 0 0 2 0 4 1 121 36 0 16 54 4 0 2 5 11 0 0 0 0 0 2 11 202 10 3 1 5 51 92 275 239 140 75 62 190 252 28 55 231 7 240 1215 971 1650 740 1134 681 191 330 1019 893 749 887 253 31 51 191 17 34 420 51 30 44 34 25 0 14 24 119 104 27 75 117 24 12 2 13 5 3 19 5 5 29 42 0 15 1 7 1 0 13 56 10 0 0 0 0 0 0 0 0
0 39 0 0 0 0 0 0 7 12 3 0 0 0 0 32 9 6 3 1 0 1 11 0 3 0 0 1 0 3 1 0 0 0 1 31 18 0 2 0 0 2 0 0 0 0 0 0 1 12 1 0 1 2 52 346 63 35 10 0 2 3 0 14 0 0 0 0 1 15 223 81 132 204 24 85 131 245 414 255 453 411 433 45 268 106 98 171 33 644 1908 837 630 1016 495 393 123 885 362 1069 933 1123 1210 828 500 116 137 37 16 29 24 21 57 71 19 3 6 44 92 101 341 1124 251 39 3 17 7 1 3 7 8 0 2 0 12 0 0 0 0 0 56 6 0 0 0 0 0 0 0 0
24 6 0 0 2 0 0 0 3 2 6 0 0 0 0 18 11 2 10 101 4 5 1 0 0 0 0 0 0 0 0 4 0 0 15 117 49 23 0 0 0 0 1 0 0 0 0 0 0 19 140 8 1 2 20 73 38 19 7 4 0 0 5 6 1 0 0 0 10 57 135 176 215 115 199 64 74 32 64 366 834 871 474 44 1 229 54 43 12 381 2372 914 106 549 857 628 286 2649 493 602 884 583 1374 517 31 149 192 82 16 5 4 5 192 29 21 29 33 20 2 27 177 257 24 6 4 199 1 0 7 1 6 3 1 0 0 0 1 0 2 0 0 5 0 0 0 0 0 0 0 0
3 0 0 8 0 0 0 0 3 5 14 0 0 2 1 0 0 0 0 0 0 0 19 0 0 0 0 0 1 1 5 2 0 1 0 16 10 2 2 0 0 0 0 0 0 0 0 0 0 2 1 12 3 9 6 63 14 0 67 68 16 4 2 0 8 0 0 0 7 138 44 108 329 579 421 177 468 179 570 772 1134 996 1234 659 136 20 9 240 88 177 2004 1443 110 519 998 635 511 663 765 84 62 380 172 157 27 74 107 14 15 17 81 188 279 39 101 36 4 2 52 40 109 173 11 1 17 7 16 4 0 0 4 2 0 0 0 0 1 8 0 0 0 0 0 0 0 0 0 0 0 0
0 0 0 2 0 0 0 0 8 0 1 0 0 0 0 0 0 0 0 0 0 0 0 0 0 0 0 0 0 2 8 0 0 0 4 5 0 0 17 12 0 0 0 0 0 0 0 0 0 0 0 0 6 14 1 5 0 46 65 95 79 63 170 11 25 90 0 0 15 134 12 14 61 61 120 54 124 259 1027 1176 1414 799 982 249 352 218 247 972 428 126 597 96 96 488 623 418 353 1249 1204 230 237 487 584 729 259 135 16 66 164 20 723 519 88 109 36 81 2 6 13 16 42 6 21 8 5 1 11 6 13 0 0 0 0 0 0 0 0 0 0 0 0 0 0 0 0 0 0 0 0 0
7 2 0 0 0 0 0 0 13 13 0 1 2 3 4 0 0 0 0 0 0 0 0 0 0 0 0 0 0 0 4 0 0 0 2 1 0 0 2 4 0 0 0 0 0 0 0 0 0 0 0 0 7 14 0 0 2 12 30 49 501 344 39 2 6 33 8 5 6 59 51 5 0 10 3 22 28 52 78 631 926 1157 1040 171 22 13 786 469 419 87 12 16 384 1173 1445 1622 184 891 278 174 392 120 150 454 1039 205 273 360 70 191 1278 298 285 44 37 32 3 8 5 20 20 6 15 38 13 9 4 33 1 0 11 1 0 0 0 0 0 0 0 0 0 0 0 0 1 0 0 0 0 0
0 0 0 0 0 0 3 3 35 34 0 0 0 0 0 0 0 0 0 0 0 0 0 0 0 0 0 0 0 0 0 0 0 0 0 0 0 1 7 0 1 1 0 0 0 0 5 2 6 0 12 0 22 11 0 0 2 0 1 48 70 221 29 19 1 2 1 5 4 5 0 0 0 0 0 14 20 47 216 762 1480 1192 977 450 1548 1078 409 120 268 227 81 9 14 724 1185 1866 981 188 131 26 153 167 34 8 111 401 372 340 138 34 493 997 233 34 6 356 449 935 225 67 86 15 27 42 51 29 19 2 1 55 129 16 0 0 0 0 0 0 0 0 0 0 0 0 0 0 0 0 0 0
0 0 19 0 0 0 5 0 3 10 5 4 0 0 3 18 5 1 5 0 0 0 0 0 0 0 0 0 0 0 0 1 0 0 0 1 0 0 1 0 0 3 2 1 0 0 5 78 45 32 23 3 17 15 0 0 0 16 15 32 4 137 7 8 6 2 2 0 3 8 0 0 0 0 0 0 27 78 128 720 634 407 767 320 301 439 252 395 635 384 30 0 4 187 485 908 1249 53 58 271 41 25 23 52 191 326 940 459 275 198 667 258 223 34 1 150 406 693 587 225 426 262 338 190 139 653 126 73 75 51 3 116 47 55 11 0 0 0 0 0 0 0 0 0 0 0 0 0 0 0
3 0 6 0 0 0 0 1 20 8 0 0 0 0 0 5 14 8 1 0 1 0 0 0 0 0 0 0 0 0 0 0 0 4 11 3 0 1 0 8 5 17 32 9 6 0 9 0 0 0 0 0 3 5 14 1 3 2 1 8 3 8 0 2 3 18 1 2 0 0 6 2 0 0 0 1 29 24 157 447 803 212 68 79 211 109 36 32 126 747 51 0 0 2 28 115 1037 495 376 20 0 6 19 71 35 79 564 306 52 120 291 223 97 106 42 294 1035 296 832 1089 591 635 196 127 174 192 0 0 0 102 2 0 144 29 45 0 0 0 0 0 0 0 1 0 0 0 0 0 0 0
3 0 9 0 0 3 5 0 7 4 0 0 0 0 0 0 4 32 3 12 13 29 0 1 0 0 0 0 0 0 0 0 0 0 0 1 1 0 0 0 0 6 89 7 28 0 1 13 0 0 0 0 4 1 6 0 0 0 3 6 1 4 4 0 0 6 2 1 0 9 17 0 0 0 2 67 156 88 232 65 148 355 20 0 31 58 14 0 0 7 0 0 4 78 113 17 822 508 831 545 23 25 72 68 67 27 35 198 640 501 1018 738 119 1068 223 197 72 149 2017 1739 191 321 155 0 63 236 2 0 65 37 0 2 15 17 9 0 0 0 0 0 0 0 0 0 0 0 0 0 0 0
1 0 0 0 0 0 2 7 0 6 0 0 0 0 0 0 0 1 114 15 11 13 1 2 1 0 0 0 0 2 9 5 0 0 0 0 2 0 0 0 0 1 0 121 71 0 0 0 3 0 1 55 1 0 0 0 0 0 14 0 13 11 1 4 0 0 54 19 6 27 73 0 0 0 1 470 781 572 198 32 129 640 109 20 23 170 7 4 2 33 4 0 0 111 12 46 154 691 353 316 1 33 372 155 536 76 221 537 277 941 1590 1826 925 426 582 507 291 282 1309 668 200 295 0 1 0 23 29 0 77 8 0 0 0 0 0 0 0 0 0 0 0 0 0 0 0 0 0 0 0 0
0 0 0 0 0 2 4 2 12 3 0 0 0 0 0 0 0 0 6 8 26 0 1 0 5 3 0 0 0 0 0 0 0 0 0 0 0 0 0 0 0 0 0 12 18 0 0 0 1 26 9 33 1 0 0 10 3 10 14 37 101 44 15 25 16 62 214 237 231 220 89 1 2 0 77 905 1918 1752 547 50 3 216 83 6 9 30 21 19 0 47 17 20 0 12 0 2 63 405 465 259 44 56 526 566 1780 1487 1889 1292 1180 1606 933 839 729 864 726 232 230 127 107 174 205 121 54 7 0 6 46 9 47 54 5 0 0 0 1 0 0 0 0 0 0 0 0 0 0 0 0 0 0 0
0 0 0 0 0 0 0 72 163 14 11 0 0 0 0 1 12 0 5 4 0 15 19 19 3 0 0 0 2 2 0 0 0 0 0 0 0 0 0 0 0 0 0 0 0 44 0 0 0 43 111 113 1 0 3 16 47 142 12 133 64 31 4 88 60 63 208 137 112 209 310 98 190 173 807 1199 2075 1237 302 36 11 4 8 0 0 8 15 160 10 54 2 11 0 1 15 310 51 26 29 49 20 3 1140 666 696 708 1177 432 906 1125 1487 835 1156 513 492 141 51 186 244 179 44 9 435 495 86 181 8 1 14 5 0 0 0 0 14 10 0 0 0 0 0 0 0 0 0 0 0 0 0 0
0 0 0 0 0 0 4 7 3 0 0 0 2 0 0 2 25 5 1 6 6 0 25 45 21 20 11 0 1 1 0 0 0 0 0 0 0 0 0 0 0 0 0 1 0 18 7 2 0 24 24 10 9 32 20 59 88 237 109 56 5 2 0 0 2 5 1 0 0 0 0 0 143 66 374 477 887 663 290 0 1 0 0 0 0 0 0 63 76 32 0 0 20 0 3 30 50 0 20 87 44 361 842 930 493 242 501 258 511 948 1280 483 858 346 699 111 51 134 258 4 0 1 62 42 43 471 1 17 1 0 0 0 0 0 0 0 0 0 0 0 0 0 0 0 0 0 0 0 0 0
0 1 0 3 2 8 0 1 0 0 0 0 4 0 0 1 0 6 17 6 2 4 11 0 15 2 16 24 1 1 0 0 1 0 0 0 0 0 0 1 0 0 0 0 1 27 92 12 0 33 40 40 21 179 28 27 64 107 632 44 11 5 0 0 0 4 51 107 8 97 59 6 264 54 57 81 34 197 87 17 1 0 19 6 3 0 1 29 364 0 0 46 124 67 10 9 9 0 44 757 211 210 178 102 207 597 223 184 681 495 148 87 125 216 218 69 125 219 36 13 0 2 4 15 165 937 280 36 5 7 0 0 0 0 0 0 0 0 0 0 0 0 0 0 0 0 0 0 0 0
0 0 1 0 10 3 0 0 0 0 0 0 12 1 0 2 11 0 1 6 7 8 13 0 5 6 69 44 25 0 0 0 0 0 3 42 4 0 0 0 0 1 3 53 32 28 19 4 24 565 136 30 24 25 4 36 182 93 65 56 108 50 2 0 0 3 7 2 0 13 26 13 34 23 7 109 102 43 10 35 26 0 7 37 0 33 38 24 4 3 3 48 128 409 37 0 0 40 477 16 122 292 73 50 97 127 193 406 669 9 1 119 13 528 60 0 16 3 0 0 0 0 6 15 62 264 306 309 7 1 0 0 0 0 0 0 0 0 0 0 0 0 0 0 0 0 0 0 0 0
0 0 0 3 1 0 0 0 0 0 0 0 1 1 2 0 2 0 3 4 3 15 121 7 5 6 4 38 362 1 0 1 4 0 2 0 0 0 0 0 0 4 11 91 24 161 122 47 5 182 37 17 2 13 169 11 67 189 6 0 0 5 2 0 1 9 1 1 35 30 93 69 12 0 5 84 32 0 3 0 5 0 1 0 0 28 28 1 19 8 1 27 7 6 1 43 0 12 14 1 856 1311 896 159 100 188 200 506 219 15 0 0 9 260 36 0 0 0 0 0 0 0 0 7 24 7 26 162 11 0 0 0 0 0 0 0 0 0 0 0 0 0 0 0 0 0 0 0 0 0
0 0 0 2 0 0 0 0 0 0 0 0 0 2 0 0 0 4 7 0 2 4 15 12 0 29 7 4 1 8 1 36 20 0 0 0 0 0 0 3 7 6 35 13 14 31 23 27 181 283 405 102 16 64 20 17 20 2 9 0 0 12 23 18 185 98 1 1 7 17 88 41 2 0 21 145 463 191 4 41 11 25 9 4 0 0 3 9 45 8 14 0 1 1 1 0 0 5 369 551 1550 1129 602 149 3 35 131 93 3 0 0 0 0 18 0 0 0 0 0 0 0 0 6 60 0 0 69 292 0 0 0 0 0 0 0 0 0 0 0 0 0 0 0 0 0 0 0 0 0 0
0 0 0 0 0 0 0 0 0 0 0 0 0 3 6 2 0 0 0 3 1 2 14 10 4 3 2 0 0 0 14 146 24 3 0 0 0 5 0 0 91 19 0 0 0 0 5 22 403 1176 396 258 61 1 0 8 3 14 0 1 7 7 3 0 26 27 37 1 5 64 60 21 27 0 2 11 147 82 48 117 23 51 16 23 14 3 15 122 314 95 20 6 0 10 6 24 12 2 80 495 192 90 36 2 23 48 110 104 5 0 0 0 5 79 0 0 0 0 0 0 0 0 0 0 0 83 37 0 2 14 6 0 0 0 0 0 0 0 0 0 0 0 0 0 0 0 0 0 0 0
0 0 0 2 0 0 0 0 0 0 0 0 0 4 3 2 1 0 0 0 4 3 17 2 8 0 0 0 0 0 0 21 42 11 11 0 14 142 34 14 0 0 0 0 0 0 33 35 75 589 351 191 17 0 2 2 0 6 7 0 0 0 0 0 13 4 39 2 0 5 22 83 44 5 2 1 7 3 39 25 2 42 16 0 1 22 8 10 0 2 0 4 3 3 0 7 10 0 0 1 6 0 6 49 82 63 66 122 115 150 55 13 52 0 0 0 0 0 0 0 0 0 0 8 32 87 131 1 0 0 4 0 0 0 0 0 0 0 0 1 0 0 0 0 0 0 0 0 0 0
1 0 2 0 0 0 0 0 0 0 0 0 0 3 19 0 4 3 0 2 16 2 5 5 1 4 0 0 0 1 3 4 26 5 4 9 6 23 13 1 0 0 0 0 5 119 33 54 9 230 216 33 1 27 10 7 10 26 1 0 0 0 0 0 0 0 1 1 0 0 4 8 214 104 11 9 0 0 0 2 0 6 112 242 12 3 1 0 0 0 0 1 0 8 0 4 0 1 3 6 0 13 8 118 59 26 25 13 8 42 0 353 32 0 0 0 0 0 0 0 0 0 4 30 11 13 65 195 0 0 5 0 0 0 0 0 0 0 0 0 0 0 0 0 0 0 0 0 0 0
0 0 0 0 0 0 0 0 0 0 0 0 0 3 0 0 0 0 0 0 2 0 2 0 0 1 4 0 0 0 0 2 8 14 47 0 2 75 0 0 0 0 0 29 30 57 85 2 1 30 64 62 17 33 34 6 2 0 3 1 0 0 0 0 1 0 0 25 11 12 16 4 14 21 42 11 0 0 0 0 0 6 22 88 20 7 0 1 0 5 5 5 0 2 0 1 8 1 0 18 18 5 6 27 630 0 0 12 0 0 0 5 9 0 0 5 5 0 0 0 0 0 0 0 0 50 49 11 0 0 1 0 0 0 0 0 2 0 0 0 0 0 0 0 0 0 0 0 0 0
0 0 0 0 0 0 0 0 0 0 0 0 0 0 24 0 2 0 5 0 0 14 2 2 0 0 3 14 0 0 0 0 6 239 30 0 0 22 2 1 0 0 1 10 130 22 8 1 24 5 74 12 0 0 0 1 0 0 0 0 4 0 0 1 24 1 0 5 6 7 5 48 2 5 1 8 23 0 0 0 3 0 0 3 0 25 4 12 2 20 0 1 4 0 10 2 0 12 5 5 15 9 16 141 412 282 0 9 0 0 0 1 4 8 17 1 0 0 0 0 0 0 0 0 0 48 6 63 2 0 0 0 0 0 0 1 28 46 0 0 0 0 0 0 0 0 0 0 0 0
0 0 0 0 0 0 0 0 0 0 2 0 0 0 23 0 0 9 0 0 2 11 4 8 1 0 0 15 4 0 0 3 1 9 23 2 1 2 5 1 0 2 3 25 103 15 18 0 1 3 23 12 3 3 2 0 0 3 0 0 0 0 0 1 13 0 0 2 8 6 6 45 1 3 4 1 14 3 0 0 0 0 57 1 7 5 13 30 3 1 5 1 0 4 3 6 1 0 0 6 25 10 8 7 30 297 50 4 0 0 0 0 0 10 76 71 1 0 10 1 0 0 0 0 7 250 65 8 0 0 0 0 0 0 0 0 0 15 0 0 0 0 0 0 1 0 0 0 0 0
0 0 0 0 0 0 0 1 2 0 0 0 0 0 10 2 18 39 6 1 19 52 9 6 0 0 1 2 1 6 12 1 0 32 27 1 2 15 21 41 61 111 23 151 158 5 12 2 12 1 0 100 39 2 3 2 0 0 0 0 0 0 5 0 2 0 0 4 10 70 115 45 9 2 0 1 0 15 1 0 0 0 0 0 0 0 2 26 19 5 17 1 2 0 1 2 0 0 0 0 0 10 10 3 19 1165 860 43 6 0 0 0 0 0 0 0 11 175 59 4 0 0 0 50 115 54 114 193 171 61 0 0 0 0 1 9 5 1 0 0 0 0 0 0 0 0 0 0 0 0
0 0 0 0 0 0 0 1 1 2 1 3 10 22 18 21 32 107 1 16 0 3 0 3 0 0 0 7 23 6 2 7 13 6 9 35 33 20 100 127 391 923 339 369 112 16 0 4 5 2 0 5 34 18 1 0 0 0 0 0 0 0 0 0 0 0 2 2 0 6 26 42 25 1 8 14 2 11 5 0 0 4 5 0 21 0 0 0 12 24 20 8 1 5 17 50 5 0 2 0 0 7 10 17 332 402 285 623 17 0 0 0 0 1 0 6 197 121 25 0 0 0 12 85 228 287 1198 797 61 28 0 0 0 113 0 4 0 0 0 0 0 0 0 0 0 0 0 0 0 0
0 0 0 0 0 1 0 7 14 11 15 77 41 6 0 1 8 8 0 3 1 7 16 42 4 3 8 1 0 9 10 1 0 9 27 50 3 13 312 339 779 1761 855 860 51 15 4 7 3 1 5 6 86 125 16 11 0 0 0 0 0 0 0 0 0 0 0 0 0 0 8 1 0 0 0 0 1 5 9 0 0 0 0 0 80 0 0 0 5 7 2 2 12 48 4 23 1 0 0 3 0 1 32 13 11 105 5 150 36 0 0 0 0 0 68 38 740 616 64 33 24 30 7 159 141 105 537 699 507 357 24 139 37 171 17 0 0 0 0 0 0 0 0 0 0 0 0 0 0 0
0 0 0 0 0 0 5 3 5 4 11 12 4 0 8 9 0 0 13 9 0 6 160 26 0 0 0 0 1 3 6 6 2 4 14 21 35 20 66 106 726 521 564 262 59 13 13 11 6 2 1 5 8 14 3 2 0 0 0 0 0 0 0 0 0 0 0 0 1 0 0 3 0 0 0 4 2 10 4 0 1 23 13 4 44 0 0 1 55 41 2 1 3 15 0 0 4 3 4 4 6 5 0 7 3 0 0 1 24 1 0 12 16 0 61 1331 1040 592 250 211 161 112 99 31 2 6 89 201 7 170 9 359 996 107 56 1 0 0 0 0 0 0 0 0 0 0 0 0 0 0
0 0 0 0 0 0 0 1 1 9 5 18 11 2 0 9 0 1 29 11 396 302 13 0 0 0 0 2 6 29 2 2 16 91 28 3 2 18 1 125 731 463 486 225 80 29 11 0 12 6 7 1 13 5 9 1 1 0 0 0 0 0 0 0 0 0 0 0 0 1 1 0 0 0 0 0 0 2 4 0 18 17 64 314 71 0 0 0 0 0 0 0 5 4 0 2 10 3 0 1 1 0 0 0 9 9 2 27 243 206 452 639 138 141 613 1417 718 308 90 527 74 208 13 3 112 81 57 205 2 0 98 366 413 104 65 7 0 0 0 0 0 0 0 0 0 0 0 0 0 0
0 0 2 0 0 0 0 6 1 2 2 8 17 14 1 2 6 5 22 14 78 0 0 0 0 0 0 2 1 30 3 43 12 3 6 6 5 1 13 8 47 130 49 9 3 0 0 0 2 5 5 8 70 6 2 1 8 8 0 0 0 0 0 0 0 0 0 0 0 0 0 0 0 0 0 2 1 30 13 1 1 26 17 9 0 0 0 0 2 0 19 0 1 6 3 7 2 0 0 1 6 1 1 0 0 33 19 26 206 98 187 174 107 414 1834 683 265 304 101 480 134 10 0 46 10 63 27 0 0 0 74 394 0 0 0 0 0 0 0 0 0 0 0 0 0 0 0 0 0 0
0 0 0 1 0 16 21 15 11 2 0 0 0 9 23 17 2 14 30 30 29 0 0 0 0 0 1 0 0 9 75 2 14 3 15 6 2 3 15 3 20 22 2 1 1 3 0 0 3 3 0 52 328 17 14 29 25 2 1 1 0 0 0 0 0 0 0 0 0 0 0 0 0 0 0 0 0 3 8 0 0 0 3 0 0 0 0 0 2 0 2 0 2 45 7 0 13 11 0 0 13 0 0 1 0 0 5 69 51 8 0 30 382 210 310 662 101 276 167 161 410 0 0 0 0 0 0 0 0 0 2 119 13 0 0 0 0 0 0 0 0 0 0 0 0 0 0 0 0 0
0 0 8 0 4 1 5 15 2 5 2 0 6 21 6 27 42 11 3 2 1 8 14 0 0 1 1 49 23 9 24 78 14 0 1 6 0 9 4 1 11 21 25 1 1 0 2 0 0 0 1 22 185 107 6 75 1 0 0 0 0 0 0 0 0 0 0 0 0 0 0 0 0 0 0 0 28 11 20 0 0 0 0 0 0 0 0 0 3 2 16 3 36 99 7 25 5 3 0 6 10 0 0 1 0 1 8 163 898 9 0 0 0 0 4 1 3 34 416 742 89 0 0 0 0 2 1 0 0 0 0 8 62 1 0 0 0 0 0 0 0 0 0 0 0 0 0 0 0 0
16 2 6 5 4 6 6 137 7 14 19 8 7 0 6 209 69 25 3 14 1 0 6 4 2 0 2 12 4 8 24 10 12 3 2 5 2 0 0 0 27 7 3 5 3 0 1 0 0 0 0 54 24 14 16 2 4 0 0 0 0 0 0 0 0 0 0 0 0 0 0 0 0 0 0 2 4 33 1 0 1 0 2 0 0 0 0 0 16 1 24 0 4 26 0 1 0 2 18 11 0 2 13 9 3 21 55 38 222 0 0 0 0 0 10 1 0 1 134 311 437 383 0 0 5 66 0 0 0 103 90 18 72 16 0 0 0 0 0 0 0 0 0 0 0 0 0 0 0 0
0 8 0 0 0 5 3 1 1 5 51 12 7 5 120 50 64 48 18 1 0 0 6 2 1 20 3 3 1 0 1 0 1 6 14 1 0 0 0 12 2 20 15 4 1 1 4 1 1 0 1 116 25 61 38 10 5 0 0 0 0 0 0 0 0 0 0 0 0 0 0 0 0 0 0 0 0 40 152 4 0 24 0 0 0 0 4 130 44 0 6 9 9 10 2 11 0 3 3 21 59 17 130 22 3 19 14 24 85 26 0 0 0 7 55 77 207 657 120 374 719 175 0 7 440 46 0 0 0 85 166 0 0 0 0 0 0 0 0 0 0 0 0 0 0 0 0 0 0 0
1 1 2 0 0 0 4 4 7 5 10 137 22 5 1 2 1 5 3 1 6 0 4 5 13 3 2 1 65 2 0 0 0 0 0 0 0 1 5 5 0 23 35 9 5 0 4 1 0 0 0 77 35 3 1 3 0 0 1 0 0 0 0 0 0 0 0 0 0 0 0 0 0 0 0 0 0 16 44 11 0 3 0 0 0 0 5 16 0 0 3 0 6 2 14 0 1 1 15 7 0 0 9 3 14 0 6 36 69 26 0 0 0 0 192 670 1218 881 102 59 89 216 143 348 208 1 0 0 9 767 198 0 0 0 0 0 0 0 0 0 0 0 0 0 0 0 0 0 0 0
0 0 3 0 0 1 5 4 0 0 21 38 1 2 0 1 1 2 0 8 1 0 1 4 0 6 3 6 6 0 0 0 0 1 0 0 0 0 31 9 0 1 3 1 9 3 0 2 0 1 3 89 0 21 7 0 2 0 1 4 0 0 0 0 0 0 0 0 0 0 0 0 0 0 0 0 1 15 126 24 12 31 24 0 0 0 1 0 0 0 0 0 1 21 0 0 0 0 0 8 3 6 23 10 5 3 11 7 41 0 0 0 72 33 82 44 19 89 837 365 57 291 861 696 641 309 156 358 980 1818 934 8 0 0 0 0 0 0 0 0 0 0 0 0 0 0 0 0 0 0
0 4 5 0 0 13 3 6 1 13 24 6 0 7 8 7 0 5 0 0 0 0 0 0 0 16 23 0 0 0 3 3 4 4 1 0 0 0 0 15 0 1 1 2 1 6 13 2 7 5 6 654 59 5 1 3 0 4 1 2 0 0 0 0 0 0 0 0 0 0 0 0 0 0 0 0 4 33 103 0 3 60 50 0 0 0 0 0 13 8 2 8 11 16 4 28 21 0 0 2 5 0 4 18 13 6 6 2 178 41 11 20 31 16 1 28 114 346 419 868 669 993 1061 857 1766 1481 775 993 1104 1159 793 0 0 0 0 0 0 0 0 0 0 0 0 0 0 0 0 0 0 0
0 1 0 0 4 2 0 6 22 18 2 6 5 2 7 35 2 1 1 0 0 0 0 0 6 18 12 0 5 0 1 5 1 2 11 1 4 5 6 0 0 0 3 0 0 1 5 0 4 45 798 781 7 104 33 2 2 2 4 19 1 2 0 0 0 0 0 0 0 0 0 0 0 0 0 0 0 0 27 16 1 8 0 0 0 0 0 0 12 2 0 1 22 0 0 6 0 0 3 7 22 11 13 1 61 21 40 213 5 8 7 2 4 14 4 34 30 134 622 2339 2165 1090 700 1478 2150 1161 219 1018 735 23 183 7 0 0 0 0 0 0 0 0 0 0 0 0 0 0 0 0 0 0
1 6 0 4 4 0 3 1 20 5 3 1 18 4 5 0 6 6 0 0 0 0 0 0 11 6 0 1 0 0 2 40 33 2 0 6 3 0 2 3 0 0 0 2 0 0 0 0 2 28 981 1249 783 948 80 14 6 5 8 9 2 0 0 0 0 0 0 0 0 0 0 0 0 0 1 0 0 0 0 35 0 0 0 0 0 0 0 44 153 3 0 36 17 0 0 0 0 0 0 14 7 1 41 24 20 276 567 24 1 0 4 8 2 9 5 16 14 15 193 999 571 901 473 3385 1881 788 284 330 17 666 1209 836 0 0 0 0 0 0 0 0 0 0 0 0 0 0 0 0 0 0
1 4 2 13 0 2 28 8 38 40 31 75 1 13 1 0 0 0 0 0 0 1 0 0 11 0 7 0 0 0 0 22 6 5 0 3 4 0 0 0 0 0 0 4 0 0 0 0 0 9 304 455 812 536 180 80 3 18 3 4 1 0 0 0 0 0 0 0 0 0 0 0 0 0 16 4 0 0 0 46 3 5 4 0 0 0 0 47 66 2 3 32 123 0 0 0 0 0 0 4 2 100 26 193 26 113 5 28 0 0 0 0 7 1 4 6 10 15 10 56 388 346 535 984 1446 1125 624 579 415 864 598 426 1 1 0 0 0 0 0 0 0 0 0 0 0 0 0 0 0 0
7 5 1 10 0 15 23 15 4 4 8 14 5 1 0 0 0 0 0 0 0 0 2 0 0 0 0 0 0 0 2 0 0 0 0 3 2 2 0 0 0 0 0 0 0 1 5 0 11 3 32 257 293 23 16 63 7 1 3 2 2 0 0 0 0 0 0 0 0 0 0 0 0 0 0 0 0 0 5 0 0 0 0 0 0 2 74 56 22 4 8 266 227 36 3 0 0 0 0 23 30 5 102 198 30 4 6 3 56 7 0 0 14 7 8 3 5 12 151 39 217 909 689 466 375 946 1110 1792 245 190 67 146 1 0 0 0 0 0 0 0 0 0 0 0 0 0 0 0 0 0
3 1 23 0 4 2 18 67 15 11 13 7 4 1 0 0 0 0 0 0 2 0 1 1 1 0 0 0 1 0 0 0 0 0 0 2 0 1 3 0 0 0 0 0 0 0 0 1 2 1 4 29 147 21 33 1 0 78 87 4 0 1 1 0 0 0 0 0 0 0 0 0 0 0 0 0 0 0 0 0 0 1 21 35 13 17 5 3 40 61 127 241 165 15 3 4 0 6 25 52 77 564 295 676 519 52 26 6 10 13 0 0 13 0 2 3 27 71 57 558 295 912 2639 2766 985 377 2155 2949 1627 0 0 1 0 0 0 0 0 0 0 0 0 0 0 0 0 0 0 0 0 0
10 17 26 0 8 13 6 49 10 16 1 0 2 2 0 0 0 0 0 0 0 3 28 2 0 0 3 0 3 0 0 0 3 13 0 2 0 0 0 3 5 1 0 0 0 0 0 0 2 2 0 9 73 3 21 0 0 6 164 16 5 0 0 0 0 0 0 0 0 0 0 0 0 0 0 0 0 0 0 0 0 2 10 0 0 4 5 7 9 48 53 88 161 25 59 23 6 0 0 60 273 360 789 502 286 75 1 9 0 11 9 1 0 0 7 3 3 711 389 973 824 18 12 213 204 304 505 1060 409 7 357 11 0 0 0 0 0 0 0 0 0 0 0 0 0 0 0 0 0 0
7 12 217 1 49 167 56 10 0 8 0 3 2 0 1 2 0 0 0 0 2 2 0 0 0 0 3 0 0 0 0 0 0 0 0 0 0 0 0 0 8 1 2 0 2 1 0 0 2 2 2 8 39 0 0 1 2 0 8 35 9 0 0 0 0 0 0 0 0 0 0 0 0 0 0 0 0 0 0 0 43 94 0 0 41 3 124 11 0 1 1 3 23 1 0 0 0 0 0 12 13 107 1111 418 162 297 8 5 7 5 24 0 0 0 0 17 381 606 176 37 0 0 0 0 88 531 138 759 510 4 15 10 0 0 0 0 0 0 0 0 0 0 0 0 0 0 0 0 0 0
7 62 122 167 655 694 338 53 13 0 0 0 0 0 5 2 0 0 0 0 2 5 0 0 0 0 0 0 0 0 0 0 0 0 2 1 0 0 1 0 0 1 0 10 16 8 2 4 7 1 0 17 12 1 0 0 2 0 9 1 1 6 0 0 0 0 0 0 0 0 0 0 0 0 0 0 0 0 11 46 3 0 0 0 7 2 24 269 83 0 0 0 0 0 0 0 0 0 0 0 0 321 797 272 166 224 9 11 3 26 10 3 0 0 5 87 262 14 21 63 0 0 0 0 9 621 271 439 193 4 22 5 0 0 0 0 0 0 0 0 0 0 0 0 0 0 0 0 0 0
0 114 455 1533 680 460 264 43 1 0 1 5 5 0 0 0 2 3 0 1 0 5 0 0 1 0 0 54 0 2 0 0 0 0 1 0 0 0 0 1 2 1 6 3 8 0 0 25 58 0 0 0 48 0 0 0 12 2 2 0 0 17 0 0 0 0 0 0 0 0 0 0 0 0 0 0 0 25 3 0 0 0 0 0 0 0 67 38 3 0 0 0 0 0 0 1 0 0 0 1 10 52 28 28 177 163 0 1 0 0 2 44 4 19 7 0 14 13 19 55 55 123 12 0 51 172 92 455 36 1 0 0 0 0 0 0 0 0 0 0 0 0 0 0 0 0 0 0 0 0
0 14 311 295 178 276 35 10 4 3 5 2 0 0 0 1 0 0 2 7 9 14 0 0 3 0 0 0 2 2 0 0 0 2 8 0 0 0 0 0 0 0 2 0 2 0 0 4 3 4 0 0 0 0 1 0 1 0 0 0 0 0 0 0 0 0 0 0 0 0 0 0 0 0 0 0 4 5 0 0 0 0 0 0 0 0 120 29 3 26 63 18 0 0 15 29 0 0 0 632 1073 191 342 171 9 134 55 2 0 1 1 19 8 6 0 0 0 0 17 128 100 31 198 482 30 26 1 0 0 1 0 0 0 0 0 0 0 0 0 0 0 0 0 0 0 0 0 0 0 0
19 34 46 76 84 17 4 3 1 1 73 0 0 0 0 0 0 0 0 0 1 110 1 0 0 0 0 1 0 0 0 0 0 7 2 0 1 0 0 0 0 0 0 5 1 27 4 0 0 0 0 0 1 0 0 23 0 0 0 0 0 0 0 0 0 0 0 0 0 0 0 0 0 0 0 0 7 14 0 0 0 0 0 0 0 0 94 0 0 33 36 0 0 0 67 206 117 11 334 2230 518 817 160 43 1 120 76 132 0 11 33 0 0 0 0 0 0 0 74 53 102 36 13 53 14 65 8 13 49 54 7 0 0 0 0 0 0 0 0 0 0 0 0 0 0 0 0 0 0 0
60 7 9 8 2 0 0 6 0 0 0 0 0 0 0 0 0 1 3 2 2 5 16 1 0 0 0 5 0 8 1 0 0 5 11 0 0 0 0 0 0 0 0 5 2 16 1 7 1 0 7 0 2 4 192 14 5 0 0 0 0 0 0 0 0 0 0 0 0 0 0 0 0 0 27 25 0 0 0 0 0 0 0 0 0 0 15 6 0 0 176 28 3 7 136 608 95 18 149 176 33 12 71 18 0 8 0 226 774 209 0 0 0 0 0 0 0 0 0 0 25 0 0 1 43 100 41 39 630 130 40 0 0 0 0 0 0 0 0 0 0 0 0 0 0 0 0 0 0 0
18 3 4 2 0 0 7 0 0 0 0 0 0 0 0 0 0 0 0 0 0 0 0 0 0 0 0 2 0 2 18 61 5 1 0 0 0 0 0 0 6 0 0 0 2 2 3 0 0 0 0 0 8 6 38 1 0 0 0 0 0 0 0 0 0 0 0 0 0 0 0 0 0 0 19 39 0 0 0 0 0 0 0 0 0 0 37 86 205 66 105 15 16 17 1 62 24 14 0 3 6 4 8 1 4 6 186 372 210 99 0 0 1 0 0 0 0 1 1 0 7 6 4 30 9 197 163 308 141 178 25 0 0 0 0 0 0 0 0 0 0 0 0 0 0 0 0 0 0 0
5 0 0 3 1 0 0 0 0 0 0 0 0 0 0 0 0 0 0 1 0 1 0 0 0 0 1 0 4 0 4 2 2 1 3 0 0 0 0 0 0 0 0 0 0 5 22 1 0 0 0 0 8 85 14 3 2 0 0 0 0 0 0 0 0 0 0 0 0 0 0 4 6 0 0 0 0 0 0 0 0 0 0 0 0 0 2 0 156 11 0 0 0 8 0 90 11 2 8 2 0 21 0 6 2 292 1271 568 118 136 0 0 0 0 0 0 0 0 57 3 1 51 2 26 6 18 79 85 13 14 0 19 0 0 0 0 0 0 0 0 0 0 0 0 0 0 0 0 0 0
1 2 1 0 1 0 0 0 0 0 0 0 0 0 0 0 0 0 0 1 0 0 0 4 0 0 0 1 0 2 0 0 0 0 0 0 0 8 0 3 0 0 0 1 0 0 0 0 0 0 16 4 7 91 5 4 1 2 0 0 0 0 0 0 0 0 0 0 0 0 8 2 2 0 0 0 0 0 0 0 0 0 0 0 0 0 0 0 4 0 0 0 9 19 0 1 0 1 8 3 5 12 2 3 65 87 117 15 93 273 0 0 0 0 0 0 0 0 7 11 0 4 2 70 148 39 205 25 34 34 2 0 0 0 0 0 0 0 0 0 0 0 0 0 0 0 0 0 0 0
0 0 0 0 6 37 3 0 0 0 0 0 0 0 0 0 1 0 2 0 0 0 0 0 0 0 4 0 0 0 1 2 0 0 0 0 0 0 0 1 0 0 3 0 2 0 0 0 0 0 2 0 13 2 2 0 11 7 0 0 0 0 0 0 0 0 0 1 4 6 1 0 1 0 0 0 0 0 0 0 0 0 0 0 0 0 0 0 4 0 0 70 159 9 0 0 0 0 1 3 7 6 27 31 102 28 0 2 0 15 3 0 0 0 0 0 0 0 0 0 2 41 0 32 0 0 0 246 9 10 0 0 0 0 0 0 0 0 0 0 0 0 0 0 0 0 0 0 0 0
0 0 0 0 79 22 1 0 0 0 0 0 0 0 5 0 0 0 2 0 0 0 0 0 0 0 0 0 14 0 4 0 0 0 0 0 0 0 1 1 3 0 0 7 1 2 0 0 0 1 9 0 0 8 5 12 2 4 0 4 0 0 0 0 0 0 1 1 12 3 0 0 2 0 0 0 0 0 0 0 0 0 0 0 0 0 0 0 77 53 173 480 201 22 0 0 6 0 0 25 32 766 448 61 5 16 1 0 0 120 27 0 0 0 0 0 0 0 0 0 0 0 0 0 0 0 121 40 0 0 0 0 0 0 0 0 0 0 0 0 0 0 0 0 0 0 0 0 0 0
0 0 0 0 6 3 1 0 0 0 0 0 0 1 0 0 0 0 1 0 0 0 0 0 0 0 4 0 0 5 0 0 0 0 0 5 1 0 0 0 0 0 0 0 3 2 0 0 0 1 4 0 3 3 1 2 0 0 0 0 0 0 0 0 0 0 0 0 17 1 0 0 0 0 0 0 0 0 0 0 0 0 0 0 0 0 2 0 28 174 290 203 88 35 1 3 5 5 0 60 130 177 78 19 5 5 1 0 0 1 16 0 0 0 0 0 0 0 0 0 0 87 144 0 0 10 0 2 0 0 0 0 0 0 0 0 0 0 0 0 0 0 0 0 0 0 0 0 0 0
0 0 0 1 1 1 0 0 0 0 0 1 32 12 0 0 0 4 0 1 0 0 0 0 0 8 4 1 1 75 0 0 0 0 5 3 0 0 0 0 0 0 0 1 1 4 7 0 0 0 4 0 2 30 9 3 0 0 0 0 0 0 0 0 0 0 4 9 122 0 0 0 0 0 0 0 0 0 0 0 0 0 0 0 3 24 79 4 2 59 0 13 25 3 33 3 0 5 4 21 110 0 0 4 2 0 0 0 0 43 14 41 0 0 0 0 0 0 0 0 0 0 0 0 0 0 0 2 0 0 0 0 0 0 0 0 0 0 0 0 0 0 0 0 0 0 0 0 1 0
0 0 0 1 0 0 2 0 0 0 0 0 0 0 2 1 3 1 0 0 0 0 0 0 0 1 3 0 0 3 0 0 0 0 2 0 0 0 0 0 0 0 16 0 0 0 1 11 0 2 1 0 0 16 27 6 2 0 0 0 0 0 0 0 0 0 2 31 19 0 0 1 0 0 0 0 0 0 0 0 0 0 0 1 70 5 0 0 6 28 6 2 11 1 9 11 7 28 14 16 32 23 5 1 4 0 0 20 67 144 234 494 45 14 0 0 0 0 0 0 0 0 1 0 0 0 0 0 0 0 0 0 0 0 0 0 0 0 0 0 0 0 0 0 0 0 0 0 0 0
0 0 0 2 0 3 4 2 0 0 0 0 0 0 0 0 0 0 0 0 0 0 0 0 0 0 0 4 4 0 0 0 0 0 0 0 0 0 2 2 0 0 0 0 0 0 3 10 9 1 0 2 0 1 0 123 123 4 0 1 0 0 0 0 0 10 47 122 3 0 0 4 0 0 0 0 0 0 0 0 0 0 0 12 68 0 1 14 2 6 2 4 2 1 0 28 76 29 24 3 0 0 20 5 3 2 29 1 58 53 286 242 119 59 6 0 0 0 0 0 0 0 0 0 0 0 0 0 0 0 0 0 0 0 0 0 0 0 0 0 0 0 0 0 0 0 0 0 0 0
0 0 1 0 0 0 0 0 0 0 0 1 0 0 0 2 14 0 0 0 0 0 0 0 0 0 0 1 1 0 5 0 0 0 0 2 2 1 0 0 0 0 1 0 0 6 2 8 134 6 1 0 0 0 5 1 1 11 29 7 1 4 8 9 5 4 6 0 0 2 0 0 0 0 0 0 0 0 0 0 0 0 0 0 0 0 1 6 6 2 0 0 2 0 7 214 7 0 0 0 0 0 1 0 30 84 657 1273 519 108 23 0 55 34 0 0 0 0 0 0 0 0 0 0 0 0 0 0 0 0 0 0 0 0 0 0 0 0 0 0 0 0 0 0 0 0 0 0 0 0
0 0 5 1 1 162 1 10 0 2 2 4 0 2 1 0 5 0 0 0 0 0 0 0 0 0 0 0 0 0 0 0 0 0 0 2 1 0 18 1 2 1 0 1 5 9 37 23 7 2 2 0 1 8 21 18 0 0 0 0 0 0 0 1 0 0 1 13 0 31 8 14 0 0 0 0 0 0 0 0 0 0 0 0 0 0 0 1 1 2 6 16 2 1 161 24 1 0 0 0 0 2 0 12 36 93 182 582 214 419 151 262 203 0 0 0 0 0 0 0 0 0 0 0 0 0 0 0 0 0 0 0 0 0 0 0 0 0 0 0 0 0 0 0 0 0 0 0 0 0
0 0 0 0 72 67 0 0 0 3 0 0 0 0 0 0 8 0 0 0 0 0 0 0 0 0 0 0 0 0 0 0 2 0 0 0 0 0 0 1 1 1 2 0 0 0 14 1 6 4 5 1 1 5 3 0 3 3 0 0 0 5 0 0 0 0 0 0 2 0 0 0 5 1 0 0 0 0 0 0 0 0 0 0 0 0 0 0 0 0 0 0 4 23 3 46 376 0 0 0 0 0 0 28 116 420 4 0 4 47 0 3 4 0 0 0 0 0 0 0 0 0 0 0 0 0 0 0 0 0 0 0 0 0 0 0 0 0 0 0 0 0 0 0 0 0 0 0 0 0
0 0 0 0 0 2 0 0 3 10 2 0 0 1 0 0 0 0 1 1 0 0 0 0 0 0 0 0 0 0 0 3 1 6 0 0 0 0 0 0 0 0 0 2 0 0 5 3 5 9 0 0 0 7 0 0 0 0 6 1 0 7 1 0 0 0 0 0 0 0 1 5 3 0 0 0 0 0 0 0 0 0 0 0 0 0 0 0 0 0 0 27 64 16 11 229 425 0 0 0 0 0 0 8 19 0 0 0 0 0 130 112 1 0 0 0 0 0 0 0 0 0 0 0 0 0 0 0 0 0 0 0 0 0 0 0 0 0 0 0 0 0 2 3 2 0 0 0 0 0
0 0 3 0 0 2 0 0 0 5 0 0 8 0 0 2 0 0 4 0 0 0 0 0 0 0 0 0 0 0 0 0 0 0 0 0 0 0 0 0 0 0 0 0 0 0 0 0 0 1 11 1 11 10 0 0 0 0 2 7 2 1 0 0 0 0 0 0 2 0 146 1 0 0 0 0 0 0 0 0 0 0 0 0 0 0 0 0 17 4 2 12 230 318 74 1 1 1 0 0 0 0 1 2 3 0 1 2 0 168 411 1 1 0 0 0 0 0 0 0 0 0 0 0 0 0 0 0 0 0 0 0 0 0 0 0 0 0 0 0 0 0 0 1 0 0 0 0 0 0
0 0 0 0 2 1 0 0 0 1 0 0 0 4 0 0 0 0 0 0 0 0 0 0 2 0 0 0 0 0 0 0 0 0 0 0 0 0 0 0 0 0 0 0 0 0 0 0 0 0 10 9 20 0 0 0 0 0 1 3 3 0 0 0 0 0 0 0 0 0 0 0 0 2 0 0 0 0 0 0 0 0 0 0 0 0 0 0 0 12 27 84 1022 0 1 15 4 0 0 0 0 0 0 0 4 0 0 2 35 36 92 1 0 0 0 0 0 0 0 0 0 0 0 0 0 0 0 0 0 0 0 0 0 0 0 0 0 0 0 0 0 0 0 0 0 0 0 0 0 0
0 0 0 0 1 0 0 0 0 0 0 3 5 0 0 0 0 1 1 0 0 1 0 1 0 0 0 0 0 0 0 0 0 0 0 0 1 0 0 0 0 0 2 0 0 0 0 0 0 0 3 27 2 0 0 0 2 2 1 9 6 3 0 0 0 0 0 0 0 0 1 100 4 1 0 0 0 0 0 0 0 0 0 0 0 0 0 0 0 0 4 15 3 4 8 0 0 0 0 0 0 0 0 0 0 0 0 0 0 1 0 0 0 0 0 0 0 0 0 0 0 0 0 0 0 0 0 0 0 0 0 0 0 0 0 0 0 0 0 0 0 0 0 0 0 0 0 0 0 0
1 0 0 0 0 0 0 0 0 0 1 1 0 0 0 0 0 0 0 0 0 6 6 33 0 0 0 0 0 0 0 0 0 0 0 0 1 1 0 0 0 0 0 0 0 0 0 0 0 0 0 24 6 0 3 1 0 0 0 0 1 17 23 0 0 0 0 0 0 0 0 11 13 0 4 0 0 0 0 0 0 0 0 0 0 0 0 0 0 5 0 33 10 19 26 0 0 3 0 0 0 0 0 0 0 0 0 0 0 0 0 0 0 0 0 0 0 0 0 0 0 0 0 0 0 0 0 0 0 0 0 0 0 0 0 0 0 0 0 0 0 0 0 0 0 0 0 0 0 0
0 0 0 0 0 0 0 0 0 0 0 0 0 0 0 0 0 0 0 0 4 0 1 4 2 0 0 0 3 1 0 0 0 0 0 0 0 1 0 0 0 1 0 0 0 0 0 0 0 0 1 30 36 0 3 1 21 0 0 0 1 36 109 0 0 0 0 0 0 0 0 0 3 0 7 0 0 0 0 0 0 0 0 0 0 0 0 0 0 1 11 58 0 27 35 0 0 0 0 0 0 0 0 0 0 0 0 0 0 0 0 0 0 0 0 0 0 0 0 0 0 0 0 0 0 0 0 0 0 0 0 0 0 0 0 0 0 0 0 0 0 0 0 0 0 0 0 0 0 0
0 0 0 0 0 0 0 0 0 0 0 0 2 1 0 0 0 0 0 0 1 0 1 0 2 1 0 0 0 1 1 0 0 0 0 0 0 0 0 0 0 0 0 0 0 0 0 0 0 4 6 58 201 13 16 2 0 0 0 0 0 13 0 0 0 0 0 0 0 0 0 1 0 11 0 0 0 0 0 0 0 0 0 0 0 0 0 0 0 0 0 4 9 16 9 2 0 0 0 0 0 0 0 0 0 0 0 0 0 0 0 0 0 0 0 0 0 0 0 0 0 0 0 0 0 0 0 0 0 0 0 0 0 0 0 0 0 0 0 0 0 0 0 0 0 0 0 0 0 0
0 0 0 0 0 0 0 0 1 0 0 0 6 5 0 1 3 0 4 0 0 3 0 0 0 3 0 0 0 0 0 0 1 0 0 0 0 0 0 0 2 0 0 0 0 0 0 0 3 11 1 36 208 1 28 3 0 0 0 0 0 10 3 0 0 0 0 0 0 0 0 0 0 0 0 0 0 0 0 0 0 0 0 0 0 0 0 0 0 0 0 0 0 2 6 1 12 1 0 9 0 0 0 0 0 0 0 0 0 0 0 0 0 0 0 0 0 0 0 0 0 0 0 0 0 0 0 0 0 0 0 0 0 0 0 0 0 0 0 0 0 0 0 0 0 0 0 0 0 0
0 0 0 0 0 0 0 0 0 9 0 0 0 1 4 0 5 0 0 0 0 0 0 2 1 9 0 0 0 0 0 0 0 0 0 1 0 3 0 0 0 0 0 0 0 0 0 8 0 2 2 31 25 0 0 0 0 0 0 2 16 5 1 6 0 0 0 0 0 0 0 0 0 0 0 0 0 0 0 0 0 0 0 0 0 0 0 0 1 0 0 0 0 0 0 4 7 0 1 0 0 0 0 0 0 0 0 0 0 0 0 0 0 0 0 0 0 0 0 0 0 0 0 0 0 0 0 0 0 0 0 0 0 0 0 0 0 0 0 0 0 0 0 0 0 3 0 0 0 0
1 0 3 0 0 0 0 0 0 0 0 0 0 0 0 0 0 1 0 0 0 4 1 0 0 1 0 0 0 0 0 5 1 3 25 0 3 0 0 0 0 0 0 0 0 0 16 15 0 0 0 0 0 0 0 0 0 0 0 1 5 0 0 0 0 0 0 0 0 0 0 0 0 0 0 0 0 0 0 0 0 0 0 0 0 0 0 0 0 0 0 0 0 0 0 3 34 29 0 0 0 0 0 0 0 0 0 0 0 0 0 0 0 0 0 0 0 0 0 0 0 0 0 0 0 0 0 0 0 0 0 0 0 0 0 0 0 0 0 0 0 0 0 1 3 5 0 0 0 0
0 0 0 0 0 0 0 0 0 0 0 0 0 0 0 0 1 0 0 0 6 0 0 0 0 2 0 0 0 0 0 0 0 0 0 0 0 2 0 0 0 0 0 0 0 3 2 0 0 0 0 0 0 0 0 0 0 0 0 0 1 0 0 0 0 0 0 0 0 0 0 1 0 0 0 0 0 0 0 0 0 0 0 0 0 0 0 0 0 0 0 0 0 0 1 5 19 1 0 4 12 0 0 0 0 0 0 0 0 0 0 0 0 0 0 0 0 0 0 0 0 0 0 0 0 0 0 0 0 0 0 0 0 0 0 0 0 0 0 0 0 0 0 0 0 0 0 0 0 0
0 0 0 0 0 0 0 0 0 0 0 3 0 0 0 0 1 0 0 0 0 0 0 0 0 0 0 0 0 0 0 0 0 0 0 0 0 0 0 0 0 0 0 0 1 0 0 0 0 0 0 0 0 0 0 0 0 0 0 0 4 0 0 0 0 0 0 0 0 0 0 1 0 0 0 0 0 0 0 0 0 0 0 0 0 0 0 0 0 0 0 0 0 0 3 0 0 0 0 0 0 1 0 0 0 0 0 0 0 0 0 0 0 0 0 0 0 0 0 0 0 0 0 0 0 0 0 0 0 0 0 0 0 0 0 0 0 0 0 0 0 0 0 0 0 0 0 0 0 0
0 0 0 0 0 0 0 0 0 0 15 0 12 0 0 3 1 0 0 0 0 0 0 0 0 0 0 0 0 0 0 0 0 0 0 0 0 0 0 0 0 0 0 1 5 0 0 0 0 0 0 0 0 0 0 0 0 0 0 0 1 0 0 0 0 0 0 0 0 0 8 0 0 0 0 0 0 0 0 0 0 0 0 0 0 0 0 0 0 0 0 0 0 0 0 1 10 0 0 0 0 0 0 0 0 0 0 0 0 0 0 0 0 0 0 0 0 0 0 0 0 0 0 0 0 0 0 0 0 0 0 0 0 0 0 0 0 0 0 0 0 0 0 0 0 0 0 0 0 0
1 0 0 0 0 1 1 0 0 0 0 1 17 1 2 2 13 5 0 0 0 0 0 0 0 0 0 0 0 0 0 0 0 0 0 0 0 0 0 0 0 0 0 3 1 0 0 0 0 0 0 0 0 0 0 0 0 0 0 8 7 0 0 0 0 0 0 0 56 0 0 0 0 0 0 0 0 0 0 0 0 0 0 0 0 0 0 0 0 0 0 0 0 0 0 0 3 1 0 14 0 0 0 0 0 0 0 0 0 0 0 0 0 0 0 0 0 0 0 0 0 0 0 0 0 0 0 0 0 0 0 0 0 0 0 0 0 0 0 0 0 0 0 0 0 0 0 0 0 0
6 0 0 0 0 2 0 1 0 0 0 0 5 0 0 0 0 7 6 0 0 0 0 0 0 0 0 0 0 0 0 0 0 0 0 1 4 6 13 0 0 0 3 1 0 0 0 0 0 0 0 0 0 0 0 0 0 0 0 0 4 8 4 0 0 0 0 1 192 109 0 0 0 0 0 0 0 0 0 0 0 0 0 0 0 0 0 0 0 0 0 0 0 0 0 0 0 0 0 0 0 0 0 0 0 0 0 0 0 0 0 0 0 0 0 0 0 0 0 0 0 0 0 0 0 0 0 0 0 0 0 0 0 0 0 0 0 0 0 0 0 0 0 0 0 0 0 0 0 0
3 2 0 0 0 0 0 0 0 0 0 4 55 9 0 1 72 2 4 11 0 0 0 15 2 5 0 0 0 0 1 4 0 0 9 1 16 7 20 8 0 0 6 0 0 0 0 0 0 0 0 0 0 0 0 0 0 0 0 0 0 0 0 1 227 60 9 0 0 0 0 0 0 0 0 0 0 0 0 0 0 0 0 0 0 0 0 0 0 0 0 0 0 0 0 0 0 0 0 0 0 0 0 0 0 0 0 0 0 0 0 0 0 0 0 0 0 0 0 0 0 0 0 0 0 0 0 0 0 0 0 0 0 0 0 0 0 0 0 0 0 0 0 0 0 0 0 0 0 0
5 64 8 2 0 0 0 0 0 0 0 3 5 0 0 3 8 2 0 12 31 143 58 12 1 0 0 0 0 1 1 0 0 2 1 16 40 2 0 5 2 2 1 0 0 0 0 0 0 0 0 0 0 0 0 0 0 0 0 0 0 0 0 0 2 0 0 0 0 0 0 0 0 0 0 0 0 0 0 0 0 0 0 0 0 0 0 0 0 0 0 0 0 0 0 0 0 0 0 0 0 0 0 0 0 0 0 0 0 0 0 0 0 0 0 0 0 0 0 0 0 0 0 0 0 0 0 0 0 0 0 0 0 0 0 0 0 0 0 0 0 0 0 0 0 0 0 0 0 0
25 15 15 0 0 1 0 0 0 0 0 0 2 0 0 2 5 3 0 6 4 61 21 7 19 1 0 0 4 22 21 0 0 0 0 0 4 2 0 3 4 2 0 0 0 0 0 0 0 0 0 0 0 0 0 0 0 0 0 0 0 0 0 0 0 0 0 0 0 0 0 0 0 0 0 0 0 0 0 0 0 0 0 0 0 0 0 0 0 3 0 0 0 0 0 0 0 0 0 0 0 0 0 0 0 0 0 0 0 0 0 0 0 0 0 0 0 0 0 0 0 0 0 0 0 0 0 0 0 0 0 0 0 0 0 0 0 0 0 0 0 0 0 0 0 0 0 0 0 0
0 0 0 1 1 0 0 0 0 0 0 1 1 0 0 0 0 5 0 8 0 4 14 15 5 24 6 23 11 16 0 0 0 0 2 1 2 0 0 0 0 0 0 0 0 0 0 0 0 0 0 0 0 0 0 0 0 0 0 0 0 0 0 0 0 0 0 0 0 0 0 0 0 0 0 0 0 0 0 0 0 0 0 0 0 0 0 0 0 0 0 0 0 0 0 0 0 0 0 0 0 0 0 0 0 0 0 0 0 0 0 0 0 0 0 0 0 0 0 0 0 0 0 0 0 0 0 0 0 0 0 0 0 0 0 0 0 0 0 0 0 0 0 0 0 0 0 0 0 0
1 0 0 0 0 0 0 0 0 0 0 0 0 0 0 0 0 1 0 12 0 0 0 1 5 18 3 25 28 3 7 3 0 14 8 1 0 0 0 0 0 0 0 0 0 0 0 0 0 0 0 0 0 0 0 0 0 0 0 0 0 0 0 0 0 0 0 0 0 0 0 0 0 0 0 0 0 0 0 0 0 0 0 0 0 0 0 0 0 0 0 0 0 0 0 0 0 0 0 0 0 0 0 0 0 0 0 0 0 0 0 0 0 0 0 0 0 0 0 0 0 0 0 0 0 0 0 0 0 0 0 0 0 0 0 0 0 0 0 0 0 0 0 0 0 0 0 0 0 0
0 0 0 0 0 0 0 0 0 0 0 0 0 0 0 0 0 0 0 0 0 0 1 0 1 0 1 2 274 59 7 25 7 44 3 0 13 0 0 0 0 0 0 0 0 0 0 0 0 0 0 0 0 0 0 0 0 0 0 0 0 0 0 0 0 0 0 0 0 0 0 0 0 0 0 0 0 0 0 0 0 0 0 0 0 0 0 0 0 0 0 0 0 0 0 0 0 0 0 0 0 0 0 0 0 0 0 0 0 0 0 0 0 0 0 0 0 0 0 0 0 0 0 0 0 0 0 0 0 0 0 0 0 0 0 0 0 0 0 0 0 0 0 0 0 0 0 0 0 0
0 0 0 0 0 0 0 0 0 0 0 0 0 0 0 0 0 0 0 2 0 0 0 1 0 1 7 14 0 2 10 0 6 4 0 0 6 0 0 0 0 0 0 0 0 0 0 0 0 0 0 0 0 0 0 0 0 0 0 0 0 0 0 0 0 0 0 0 0 0 0 0 0 0 0 0 0 0 0 0 0 0 0 0 0 0 0 0 0 0 0 0 0 0 0 0 0 0 0 0 0 0 0 0 0 0 0 0 0 0 0 0 0 0 0 0 0 0 0 0 0 0 0 0 0 0 0 0 0 0 0 0 0 0 0 0 0 0 0 0 0 0 0 0 0 0 0 0 0 0
0 0 0 0 0 0 0 1 0 0 0 0 1 1 0 0 0 0 0 0 0 0 0 0 8 4 10 0 0 1 31 0 3 3 0 0 1 4 0 0 0 0 0 0 0 0 0 0 0 0 0 0 0 0 0 0 0 0 0 0 0 0 0 0 0 0 0 0 0 0 0 0 0 0 0 0 0 0 0 0 0 0 0 0 0 0 0 0 0 0 0 0 0 0 0 0 0 0 0 0 0 0 0 0 0 0 0 0 0 0 0 0 0 0 0 0 0 0 0 0 0 0 0 0 0 0 0 0 0 0 0 0 0 0 0 0 0 0 0 0 0 0 0 0 0 0 0 0 0 0
0 0 0 0 0 0 0 0 0 0 0 1 13 4 0 0 0 0 0 0 0 0 0 0 0 0 0 0 0 0 0 0 15 0 0 0 1 1 0 0 0 0 0 0 0 0 0 0 0 0 0 0 0 0 0 0 0 0 0 0 0 0 0 0 0 0 0 0 0 0 0 0 0 0 0 0 0 0 0 0 0 0 0 0 0 0 0 0 0 0 0 0 0 0 0 0 0 0 0 0 0 0 0 0 0 0 0 0 0 0 0 0 0 0 0 0 0 0 0 0 0 0 0 0 0 0 0 0 0 0 0 0 0 0 0 0 0 0 0 0 0 0 0 0 0 0 0 0 0 0
0 0 0 0 0 0 0 0 0 1 6 2 5 0 0 0 0 0 0 0 0 0 0 0 0 0 0 27 12 2 9 0 0 0 0 0 0 0 0 0 0 0 0 0 0 0 0 0 0 0 0 0 0 0 0 0 0 0 0 0 0 0 0 0 0 0 0 0 0 0 0 0 0 0 0 0 0 0 0 0 0 0 0 0 0 0 0 0 0 0 0 0 0 0 0 0 0 0 0 0 0 0 0 0 0 0 0 0 0 0 0 0 0 0 0 0 0 0 0 0 0 0 0 0 0 0 0 0 0 0 0 0 0 0 0 0 0 0 0 0 0 0 0 0 0 0 0 0 0 0
0 0 0 0 0 0 0 0 0 0 1 0 0 0 0 0 0 0 0 0 0 0 0 0 0 0 0 1 10 0 0 0 4 5 0 0 0 0 0 0 0 0 0 0 0 0 0 0 0 0 0 0 0 0 0 0 0 0 0 0 0 0 0 0 0 0 0 0 0 0 0 0 0 0 0 0 0 0 0 0 0 0 0 0 0 0 0 0 0 0 0 0 0 0 0 0 0 0 0 0 0 0 0 0 0 0 0 0 0 0 0 0 0 0 0 0 0 0 0 0 0 0 0 0 0 0 0 0 0 0 0 0 0 0 0 0 0 0 0 0 0 0 0 0 0 0 0 0 0 0
0 0 0 0 0 0 0 0 0 0 2 1 0 5 0 0 0 0 0 0 0 0 0 0 0 0 0 0 0 0 0 0 2 0 0 0 0 0 0 0 0 0 0 0 0 0 0 0 0 0 0 0 0 0 0 0 0 0 0 0 0 0 0 0 0 0 0 0 0 0 0 0 0 0 0 0 0 0 0 0 0 0 0 0 0 0 0 0 0 0 0 0 0 0 0 0 0 0 0 0 0 0 0 0 0 0 0 0 0 0 0 0 0 0 0 0 0 0 0 0 0 0 0 0 0 0 0 0 0 0 0 0 0 0 0 0 0 0 0 0 0 0 0 0 0 0 0 0 0 0
0 0 0 0 0 0 0 0 0 2 5 0 0 0 0 0 0 0 0 0 0 0 0 0 0 0 0 0 0 0 0 0 0 0 0 0 0 0 0 0 0 0 0 0 0 0 0 0 0 0 0 0 0 0 0 0 0 0 0 0 0 0 0 0 0 0 0 0 0 0 0 0 0 0 0 0 0 0 0 0 0 0 0 0 0 0 0 0 0 0 0 0 0 0 0 0 0 0 0 0 0 0 0 0 0 0 0 0 0 0 0 0 0 0 0 0 0 0 0 0 0 0 0 0 0 0 0 0 0 0 0 0 0 0 0 0 0 0 0 0 0 0 0 0 0 0 0 0 0 0
0 0 0 0 0 0 0 0 4 0 0 0 0 1 0 0 0 0 0 0 0 0 0 0 0 0 0 0 0 0 0 0 0 0 0 0 0 0 0 0 0 0 0 0 0 0 0 0 0 0 0 6 0 0 0 0 0 0 0 0 0 0 0 0 0 0 0 0 0 0 0 0 0 0 0 0 0 0 0 0 0 0 0 0 0 0 0 0 0 0 0 0 0 0 0 0 0 0 0 0 0 0 0 0 0 0 0 0 0 0 0 0 0 0 0 0 0 0 0 0 0 0 0 0 0 0 0 0 0 0 0 0 0 0 0 0 0 0 0 0 0 0 0 0 0 0 0 0 0 0
0 0 2 0 0 0 0 0 9 52 0 0 0 0 0 0 0 0 0 0 0 0 0 0 0 0 0 0 0 0 0 0 0 0 0 0 0 0 0 0 0 0 0 0 0 0 0 0 1 1 2 1 0 0 0 0 0 0 0 0 0 0 0 0 0 0 0 0 0 0 0 0 0 0 0 0 0 0 0 0 0 0 0 0 0 0 0 0 0 0 0 0 0 0 0 0 0 0 0 0 0 0 0 0 0 0 0 0 0 0 0 0 0 0 0 0 0 0 0 0 0 0 0 0 0 0 0 0 0 0 0 0 0 0 0 0 0 0 0 0 0 0 0 0 0 0 0 0 0 0
0 0 0 0 0 5 22 18 7 0 0 0 0 0 0 0 0 0 0 0 0 0 0 0 0 0 0 0 0 0 0 0 0 0 0 0 0 0 0 0 0 0 0 0 0 0 0 0 0 57 40 0 0 0 3 0 0 0 0 0 0 0 0 0 0 0 0 0 0 0 0 0 0 0 0 0 0 0 0 0 0 0 0 0 0 0 0 0 0 0 0 0 0 0 0 0 0 0 0 0 0 0 0 0 0 0 0 0 0 0 0 0 0 0 0 0 0 0 0 0 0 0 0 0 0 0 0 0 0 0 0 0 0 0 0 0 0 0 0 0 0 0 0 0 0 0 0 0 0 0
0 0 0 0 0 0 32 29 0 0 0 0 0 0 0 0 0 0 0 0 0 0 0 0 0 0 0 0 0 0 0 0 0 0 0 0 0 0 0 0 0 0 0 0 0 0 0 0 0 0 0 0 1 0 0 0 0 0 0 0 0 0 0 0 0 0 0 0 0 0 0 0 0 0 0 0 0 0 0 0 0 0 0 0 0 0 0 0 0 0 0 0 0 0 0 0 0 0 0 0 0 0 0 0 0 0 0 0 0 0 0 0 0 0 0 0 0 0 0 0 0 0 0 0 0 0 0 0 0 0 0 0 0 0 0 0 0 0 0 0 0 0 0 0 0 0 0 0 0 0
0 0 0 0 0 0 0 0 0 0 0 0 0 0 0 0 0 0 0 0 0 0 0 0 0 0 0 0 0 0 0 0 0 0 0 0 0 0 0 0 0 0 0 0 0 0 0 0 0 0 0 0 9 28 0 0 0 0 0 0 0 0 0 0 0 0 0 0 0 0 0 0 0 0 0 0 0 0 0 0 0 0 0 0 0 0 0 0 0 0 0 0 0 0 0 0 0 0 0 0 0 0 0 0 0 0 0 0 0 0 0 0 0 0 0 0 0 0 0 0 0 0 0 0 0 0 0 0 0 0 0 0 0 0 0 0 0 0 0 0 0 0 0 0 0 0 0 0 0 0
0 0 0 0 0 0 0 0 0 0 0 0 0 0 0 0 0 0 0 0 0 0 0 0 0 0 0 0 0 0 0 0 0 0 0 0 0 0 0 0 0 0 0 0 0 0 0 0 0 0 0 0 1 0 0 0 0 0 0 0 0 0 0 0 0 0 0 0 0 0 0 0 0 0 0 0 0 0 0 0 0 0 0 0 0 0 0 0 0 0 0 0 0 0 0 0 0 0 0 0 0 0 0 0 0 0 0 0 0 0 0 0 0 0 0 0 0 0 0 0 0 0 0 0 0 0 0 0 0 0 0 0 0 0 0 0 0 0 0 0 0 0 0 0 0 0 0 0 0 0
0 0 0 0 0 0 0 0 0 0 0 0 0 0 0 0 0 0 1 0 0 0 0 0 0 0 0 0 0 0 0 0 0 0 0 0 0 0 0 0 0 0 0 0 0 0 0 0 1 0 0 0 2 0 0 0 0 0 0 0 0 0 0 0 0 0 0 0 0 0 0 0 0 0 0 0 0 0 0 0 0 0 0 0 0 0 0 0 0 0 0 0 0 0 0 0 0 0 0 0 0 0 0 0 0 0 0 0 0 0 0 0 0 0 0 0 0 0 0 0 0 0 0 0 0 0 0 0 0 0 0 0 0 0 0 0 0 0 0 0 0 0 0 0 0 0 0 0 0 0
0 0 0 0 0 0 0 0 0 0 0 0 0 0 0 0 0 0 0 0 0 0 0 0 0 0 0 0 0 0 0 0 1 0 0 0 0 0 0 0 0 0 0 0 0 0 0 0 0 0 0 0 0 0 0 0 0 0 0 0 0 0 0 0 0 0 0 0 0 0 0 0 0 0 0 0 0 0 0 0 0 0 0 0 0 0 0 0 0 0 0 0 0 0 0 0 0 0 0 0 0 0 0 0 0 0 0 0 0 0 0 0 0 0 0 0 0 0 0 0 0 0 0 0 0 0 0 0 0 0 0 0 0 0 0 0 0 0 0 0 0 0 0 0 0 0 0 0 0 0
0 0 0 0 0 0 0 0 0 0 0 0 0 0 0 0 0 0 0 0 0 0 0 0 0 0 0 0 0 3 1 0 0 0 1 0 0 0 0 0 0 0 0 0 0 0 0 0 0 0 0 0 0 5 3 0 0 0 0 0 0 0 0 0 0 0 0 0 0 0 0 0 0 0 0 0 0 0 0 0 0 0 0 0 0 0 0 0 0 0 0 0 0 0 0 0 0 0 0 0 0 0 0 0 0 0 0 0 0 0 0 0 0 0 0 0 0 0 0 0 0 0 0 0 0 0 0 0 0 0 0 0 0 0 0 0 0 0 0 0 0 0 0 0 0 0 0 0 0 0
0 0 0 0 0 0 0 0 0 0 0 0 0 0 0 0 0 0 0 0 0 0 0 0 0 0 0 0 0 0 2 18 1 0 0 0 0 0 0 0 0 0 0 0 0 0 0 0 0 0 0 0 0 0 0 0 0 0 0 0 0 0 0 0 0 0 0 0 0 0 0 0 0 0 0 0 0 0 0 0 0 0 0 0 0 0 0 0 0 0 0 0 0 0 0 0 0 0 0 0 0 0 0 0 0 0 0 0 0 0 0 0 0 0 0 0 0 0 0 0 0 0 0 0 0 0 0 0 0 0 0 0 0 0 0 0 0 0 0 0 0 0 0 0 0 0 0 0 0 0
0 0 0 0 0 0 0 0 0 0 0 0 0 0 0 0 0 0 0 0 0 0 0 0 0 0 0 0 0 0 12 7 0 0 0 0 0 0 0 0 0 0 0 0 0 0 0 0 0 0 0 0 0 0 0 0 0 0 0 0 0 0 0 0 0 0 0 0 0 0 0 0 0 0 0 0 0 0 0 0 0 0 0 0 0 0 0 0 0 0 0 0 0 0 0 0 0 0 0 0 0 0 0 0 0 0 0 0 0 0 0 0 0 0 0 0 0 0 0 0 0 0 0 0 0 0 0 0 0 0 0 0 0 0 0 0 0 0 0 0 0 0 0 0 0 0 0 0 0 0
0 0 0 0 0 0 0 0 0 0 0 0 0 0 0 0 0 0 0 0 0 0 0 0 0 0 3 0 0 4 0 0 0 0 0 0 4 0 0 0 0 0 0 0 0 0 0 0 0 0 0 0 0 0 0 0 0 0 0 0 0 0 0 0 0 0 0 0 0 0 0 0 0 0 0 0 0 0 0 0 0 0 0 0 0 0 0 0 0 0 0 0 0 0 0 0 0 0 0 0 0 0 0 0 0 0 0 0 0 0 0 0 0 0 0 0 0 0 0 0 0 0 0 0 0 0 0 0 0 0 0 0 0 0 0 0 0 0 0 0 0 0 0 0 0 0 0 0 0 0
0 0 0 0 0 0 0 0 0 0 0 0 0 0 0 0 0 0 0 0 0 0 0 0 0 0 0 0 0 118 25 0 0 0 0 0 0 0 0 0 0 0 0 0 0 0 0 0 0 0 0 0 0 0 0 0 0 0 0 0 0 0 0 0 0 0 0 0 0 0 0 0 0 0 0 0 0 0 0 0 0 0 0 0 0 0 0 0 0 0 0 0 0 0 0 0 0 0 0 0 0 0 0 0 0 0 0 0 0 0 0 0 0 0 0 0 0 0 0 0 0 0 0 0 0 0 0 0 0 0 0 0 0 0 0 0 0 0 0 0 0 0 0 0 0 0 0 0 0 0
0 0 0 0 0 0 0 0 0 0 0 0 0 0 0 0 0 0 0 0 0 0 0 0 0 0 7 0 0 0 1 0 0 0 0 0 0 0 0 0 0 0 0 0 0 0 0 0 0 50 0 0 0 0 0 0 0 0 0 0 0 0 0 0 0 0 0 0 0 0 0 0 0 0 0 0 0 0 0 0 0 0 0 0 0 0 0 0 0 0 0 0 0 0 0 0 0 0 0 0 0 0 0 0 0 0 0 0 0 0 0 0 0 0 0 0 0 0 0 0 0 0 0 0 0 0 0 0 0 0 0 0 0 0 0 0 0 0 0 0 0 0 0 0 0 0 0 0 0 0
0 0 0 0 0 0 0 0 0 0 0 0 0 0 0 0 0 0 0 0 0 0 0 0 0 0 30 0 0 0 0 0 0 0 0 0 0 0 0 0 0 0 0 0 0 0 0 0 6 0 0 0 0 0 0 0 0 0 0 0 0 0 0 0 0 0 0 0 0 0 0 0 0 0 0 0 0 0 0 0 0 0 0 0 0 0 0 0 0 0 0 0 0 0 0 0 0 0 0 0 0 0 0 0 0 0 0 0 0 0 0 0 0 0 0 0 0 0 0 0 0 0 0 0 0 0 0 0 0 0 0 0 0 0 0 0 0 0 0 0 0 0 0 0 0 0 0 0 0 0
0 0 0 0 0 0 0 0 0 0 0 0 0 0 0 0 0 0 0 0 0 0 0 0 0 0 0 5 10 0 0 0 0 0 0 0 0 0 0 0 0 0 0 0 0 0 0 0 0 0 0 0 0 0 0 0 0 0 0 0 0 0 0 0 0 0 0 0 0 0 0 0 0 0 0 0 0 0 0 0 0 0 0 0 0 0 0 0 0 0 0 0 0 0 0 0 0 0 0 0 0 0 0 0 0 0 0 0 0 0 0 0 0 0 0 0 0 0 0 0 0 0 0 0 0 0 0 0 0 0 0 0 0 0 0 0 0 0 0 0 0 0 0 0 0 0 0 0 0 0
0 0 0 0 0 0 0 0 0 0 0 0 0 0 0 0 0 0 0 0 0 0 0 0 0 0 0 0 0 0 0 0 0 0 0 0 0 0 0 0 0 0 0 0 0 0 0 0 0 0 0 0 0 0 0 0 0 0 0 0 0 0 0 0 0 0 0 0 0 0 0 0 0 0 0 0 0 0 0 0 0 0 0 0 0 0 0 0 0 0 0 0 0 0 0 0 0 0 0 0 0 0 0 0 0 0 0 0 0 0 0 0 0 0 0 0 0 0 0 0 0 0 0 0 0 0 0 0 0 0 0 0 0 0 0 0 0 0 0 0 0 0 0 0 0 0 0 0 0 0
0 0 0 0 0 0 0 0 0 0 0 0 0 0 0 0 0 0 0 0 0 0 0 0 0 0 0 0 0 0 0 0 0 0 0 0 0 0 0 0 0 0 0 0 0 0 0 0 0 0 1 0 0 0 0 0 0 0 0 0 0 0 0 0 0 0 0 0 0 0 0 0 0 0 0 0 0 0 0 0 0 0 0 0 0 0 0 0 0 0 0 0 0 0 0 0 0 0 0 0 0 0 0 0 0 0 0 0 0 0 0 0 0 0 0 0 0 0 0 0 0 0 0 0 0 0 0 0 0 0 0 0 0 0 0 0 0 0 0 0 0 0 0 0 0 0 0 0 0 0
0 0 0 0 0 0 0 0 0 0 0 0 0 0 0 0 0 0 0 0 0 0 0 0 0 0 0 0 0 0 0 0 0 0 0 0 0 0 0 2 0 0 0 0 0 0 0 0 0 0 0 0 0 0 0 0 0 0 0 0 0 0 0 0 0 0 0 0 0 0 0 0 0 0 0 0 0 0 0 0 0 0 0 0 0 0 0 0 0 0 0 0 0 0 0 0 0 0 0 0 0 0 0 0 0 0 0 0 0 0 0 0 0 0 0 0 0 0 0 0 0 0 0 0 0 0 0 0 0 0 0 0 0 0 0 0 0 0 0 0 0 0 0 0 0 0 0 0 0 0
0 0 0 0 0 0 0 0 0 0 0 0 0 0 0 0 0 0 0 0 0 0 0 0 0 0 0 0 0 0 0 0 0 0 0 0 0 0 0 0 0 0 0 0 0 0 0 0 0 0 0 0 0 0 0 0 0 0 0 0 0 0 0 0 0 0 0 0 0 0 0 0 0 0 0 0 0 0 0 0 0 0 0 0 0 0 0 0 0 0 0 0 0 0 0 0 0 0 0 0 0 0 0 0 0 0 0 0 0 0 0 0 0 0 0 0 0 0 0 0 0 0 0 0 0 0 0 0 0 0 0 0 0 0 0 0 0 0 0 0 0 0 0 0 0 0 0 0 0 0
0 0 0 0 0 0 0 0 0 0 0 0 0 0 0 0 0 0 0 0 0 0 0 0 0 0 0 0 0 0 0 0 0 0 0 0 0 0 0 0 0 0 0 0 0 0 0 0 0 0 0 0 0 0 0 0 0 0 0 0 0 0 0 0 0 0 0 0 0 0 0 0 0 0 0 0 0 0 0 0 0 0 0 0 0 0 0 0 0 0 0 0 0 0 0 0 0 0 0 0 0 0 0 0 0 0 0 0 0 0 0 0 0 0 0 0 0 0 0 0 0 0 0 0 0 0 0 0 0 0 0 0 0 0 0 0 0 0 0 0 0 0 0 0 0 0 0 0 0 0
