0 0 24 8 0 0 8 1 15 138 16 11 0 7 0 0 0 2 6 0 2 3 0 0 2 26 0 1 0 0 0 0 6 2 7 4 0 0 0 9 0 2 0 1 3 0 0 0 0 0 0 0 0 0 4 1 0 0 0 6 38 26 4 9 0 10 5 0 0 0 0 5 13 249 225 428 120 61 74 18 30 226 67 58 85 224 254 221 36 225 1091 643 86 727 415 1333 1051 594 976 143 184 166 26 49 21 81 70 599 279 24 10 4 34 102 77 40 26 22 7 3 7 49 47 15 6 18 0 6 11 37 1 39 1 2 3 0 1 5 0 0 2 0 0 0 0 0 0 0 0 27
0 4 10 17 0 0 0 0 0 32 12 77 10 3 0 0 0 4 12 0 0 1 38 0 16 45 0 3 0 0 0 0 0 0 2 0 0 3 4 1 0 0 1 0 0 0 0 0 0 0 0 0 0 3 17 0 0 0 0 40 174 28 13 169 19 0 0 4 0 4 0 4 75 57 35 1 237 118 7 44 170 45 25 3 130 268 343 131 484 325 124 32 355 373 204 343 501 622 937 888 302 104 79 36 13 9 4 81 42 23 32 16 3 9 51 37 8 33 2 55 5 4 17 9 4 1 3 6 23 43 31 15 62 51 3 0 0 2 7 80 6 0 0 0 0 0 0 0 0 0
0 0 0 2 12 0 0 0 0 21 3 17 11 18 3 0 0 9 15 2 1 25 109 27 7 0 0 30 0 0 0 0 0 4 0 13 1 3 0 57 3 0 0 3 0 0 0 0 0 0 0 0 0 0 8 0 0 2 1 13 23 10 30 12 0 0 18 0 0 0 2 6 3 0 6 0 4 63 152 257 103 109 24 26 39 298 716 158 2 13 145 29 123 607 613 813 260 694 321 527 546 359 22 76 41 11 17 25 214 202 55 7 4 6 5 10 10 97 23 29 112 12 4 5 2 10 11 9 3 24 17 6 110 189 0 0 2 0 10 31 19 9 0 0 0 0 0 0 0 1
34 7 0 0 0 0 0 0 0 3 3 2 0 1 2 4 0 0 0 2 0 0 1 38 72 1 7 25 23 0 5 0 0 2 0 4 0 5 0 7 9 0 0 1 0 0 0 0 0 0 10 0 1 0 81 39 0 9 65 19 0 1 10 13 0 0 0 0 0 2 8 121 21 0 0 4 22 85 378 422 219 49 98 236 180 24 71 172 10 164 530 861 1422 641 954 559 188 203 559 342 646 576 151 38 33 132 21 51 255 84 22 22 58 13 0 15 18 65 88 35 65 112 29 6 6 12 3 2 13 1 11 31 28 0 9 4 14 3 1 19 79 8 0 0 0 0 0 0 0 0
4 22 3 0 0 0 0 0 16 7 2 0 0 0 0 30 11 2 3 0 0 0 5 0 1 1 0 0 0 0 9 0 1 0 3 25 12 0 5 1 1 0 0 0 0 0 0 0 2 8 0 0 0 5 79 237 63 70 2 0 9 1 0 32 0 0 0 0 0 15 146 80 141 182 42 45 114 194 513 343 494 475 383 261 368 141 59 45 25 348 1311 649 593 882 471 269 107 799 403 1080 591 1139 808 684 426 150 113 32 19 20 16 21 42 33 11 0 8 43 76 111 287 919 146 43 11 5 2 0 5 11 1 3 0 0 2 1 0 1 0 1 64 7 0 0 0 0 0 0 0 0
27 5 0 0 0 0 0 0 3 7 4 0 0 0 0 5 0 5 16 72 7 25 1 0 0 0 0 0 0 2 0 4 0 0 23 184 53 41 0 0 0 0 1 0 0 0 0 0 0 9 33 14 1 3 14 285 66 38 17 3 2 0 13 3 2 0 0 0 3 46 101 165 249 87 103 51 30 41 59 416 952 858 480 116 7 224 73 54 9 247 1868 969 167 345 819 629 170 1892 481 934 445 391 1135 531 41 131 40 78 39 5 0 7 80 42 13 29 51 22 2 23 159 179 4 5 3 8 6 4 7 1 8 2 16 0 0 0 1 0 1 0 1 6 0 0 0 0 0 0 0 0
4 0 0 0 2 0 0 0 4 9 13 0 0 0 1 0 0 0 0 0 1 2 3 0 0 0 0 0 0 6 2 2 0 0 0 18 4 4 7 0 0 0 0 0 0 0 0 0 0 1 2 6 14 21 1 34 13 1 42 59 9 8 0 1 6 2 0 0 6 85 58 85 303 543 333 124 484 187 470 627 1430 1169 1226 616 123 15 5 182 106 161 1198 966 174 519 817 550 352 451 546 74 28 404 119 147 44 61 123 12 18 10 39 143 167 30 19 52 2 1 22 18 106 119 9 5 3 5 12 5 0 0 5 0 0 0 0 0 0 11 0 0 0 0 0 0 0 0 0 0 0 0
1 0 0 2 0 0 0 0 1 1 14 0 0 0 0 0 0 0 0 0 0 0 0 0 0 0 0 1 0 6 9 0 0 0 8 6 0 0 8 7 0 0 0 0 0 0 0 0 0 0 0 0 10 11 1 6 0 37 73 65 64 53 58 3 14 42 0 0 9 102 9 5 42 47 138 49 128 211 639 957 1240 721 1184 275 173 228 201 613 219 85 505 97 87 438 376 381 250 867 898 261 182 368 390 602 282 164 20 51 121 22 352 468 94 68 43 86 5 3 5 21 27 8 14 6 8 4 9 2 6 1 0 0 0 0 0 0 0 3 0 0 0 0 0 0 0 0 0 0 0 0
8 0 0 0 0 0 2 0 2 6 0 3 0 13 11 0 0 0 0 0 0 0 0 0 0 0 0 0 0 0 3 0 0 0 4 0 0 1 0 1 0 0 0 0 0 0 1 0 0 0 0 0 1 17 0 0 5 19 10 38 391 290 26 8 5 47 24 13 5 49 0 0 8 1 1 17 23 32 101 568 804 1237 806 42 17 22 398 297 323 46 22 19 623 1045 1194 1234 150 490 335 203 311 113 151 313 730 168 196 231 46 60 1037 167 174 15 77 17 2 13 4 12 15 2 10 46 20 2 2 9 0 1 17 0 0 0 1 0 0 0 0 0 0 0 0 0 0 0 0 0 0 0
0 0 0 0 0 0 0 2 11 10 0 0 0 3 0 0 0 0 0 0 0 0 0 0 0 0 0 0 0 0 0 0 0 0 0 0 0 1 5 2 0 0 0 0 0 0 1 2 7 2 4 0 27 8 0 2 1 1 0 31 57 212 26 12 2 5 1 2 3 12 0 0 0 0 0 23 21 92 360 784 833 884 866 379 1266 960 278 117 251 196 86 11 16 511 1153 1385 624 159 108 28 76 80 26 31 115 517 291 279 87 21 507 516 390 35 8 275 408 710 175 120 29 30 25 37 43 26 18 6 7 38 97 22 0 0 0 0 0 0 0 0 0 0 0 0 0 0 0 0 0 3
0 2 14 0 0 0 1 1 7 0 2 9 0 0 0 27 2 2 1 0 0 0 0 0 0 4 0 0 0 0 0 2 0 1 1 2 0 0 0 0 1 3 0 0 0 0 8 15 24 24 23 4 15 12 0 0 1 15 20 21 1 186 13 4 0 0 2 0 0 27 0 0 0 0 1 0 57 38 104 520 548 355 629 326 290 444 225 275 629 321 37 1 3 147 704 846 654 46 34 116 36 34 0 26 101 289 1086 423 174 143 624 237 201 90 5 173 347 874 517 273 471 193 297 98 115 468 102 75 62 59 7 149 33 45 26 0 0 0 0 0 0 0 0 0 0 0 0 0 0 0
1 0 1 0 0 0 0 1 11 2 0 0 0 0 0 1 19 9 4 2 0 0 0 0 0 0 0 0 0 0 0 0 0 6 10 1 0 0 1 1 13 34 5 8 5 0 1 0 0 0 0 0 2 1 4 0 0 0 0 8 1 3 0 0 5 3 1 5 3 0 10 3 0 0 0 7 250 107 166 342 751 199 33 81 194 222 30 32 137 577 35 1 0 4 12 58 856 441 322 26 0 12 13 42 33 52 420 278 57 97 365 255 93 161 20 216 718 352 732 795 468 543 132 95 148 251 0 0 0 51 3 0 91 43 54 1 0 0 0 0 0 0 0 0 0 0 0 0 1 0
1 0 0 0 0 3 4 0 6 4 0 0 0 0 0 0 5 42 15 25 7 4 0 8 0 0 0 0 0 1 2 0 2 0 0 3 2 0 0 0 0 3 72 4 21 0 0 34 0 0 0 0 3 1 13 0 0 0 4 7 4 5 3 0 0 5 8 0 0 6 10 0 0 0 0 52 136 93 204 49 155 259 32 7 33 10 5 0 0 3 0 0 11 73 98 22 607 412 771 416 20 10 39 26 44 9 28 349 513 334 1005 777 119 738 166 126 36 84 1322 1366 192 233 111 6 57 146 3 0 49 31 0 0 22 30 2 0 0 0 0 0 0 0 0 0 0 0 0 0 0 0
0 0 0 0 0 0 1 2 0 0 0 0 0 0 0 0 0 0 124 18 13 21 0 1 0 0 0 0 0 5 10 2 0 0 0 0 5 0 0 0 0 1 3 127 49 0 0 0 7 0 0 38 5 0 0 0 0 0 12 0 25 6 4 3 0 0 163 40 15 18 84 0 0 4 1 360 611 468 239 25 74 557 95 3 34 156 8 2 0 17 2 2 0 69 9 38 114 474 264 227 0 27 317 114 327 65 105 580 335 821 1742 1508 900 360 310 268 245 303 976 513 167 157 0 2 0 25 17 0 12 3 0 0 0 4 1 0 0 0 0 0 0 0 0 0 0 0 0 0 0 0
0 0 0 0 0 0 5 2 18 7 0 0 0 0 0 0 0 0 4 10 27 0 0 1 3 3 0 0 0 0 1 0 0 0 0 0 0 0 0 0 0 0 0 13 25 0 0 1 2 26 6 50 5 0 3 0 7 11 21 27 138 37 8 26 6 140 173 133 228 150 86 1 4 2 119 728 1507 1241 482 82 3 191 80 8 13 66 27 15 0 45 8 15 5 9 1 9 61 322 271 269 21 75 467 490 1140 1224 1519 1437 1032 969 924 813 638 778 595 317 209 155 136 116 151 114 41 12 0 21 53 12 13 20 0 0 0 0 0 0 0 0 0 0 0 0 0 0 0 0 0 0 0 0
0 0 0 0 0 0 0 56 18 2 10 0 0 0 0 0 7 0 2 3 0 33 41 3 0 0 0 0 0 3 0 0 0 0 0 0 0 0 0 0 1 0 2 0 2 24 0 0 0 32 82 178 2 0 0 19 35 129 8 106 16 20 8 44 58 83 202 120 120 236 274 89 178 154 853 1048 1642 750 226 52 6 5 0 0 0 1 22 66 17 57 2 11 2 3 4 27 57 16 19 44 9 2 1401 790 490 743 1116 547 762 1003 1304 1007 1259 331 442 285 137 215 194 132 27 7 165 374 53 101 10 2 13 2 0 0 0 0 31 4 0 0 0 0 0 0 0 0 0 0 0 0 0 0
0 0 0 0 0 0 0 3 2 0 0 0 1 0 0 0 11 7 3 35 2 0 32 54 32 13 2 0 0 0 0 0 0 0 0 0 0 0 0 0 0 0 0 0 0 21 4 5 2 26 37 3 9 14 11 72 115 191 78 48 6 7 1 2 93 3 1 0 0 0 1 1 93 127 421 342 551 362 153 0 0 0 3 0 1 0 0 48 110 21 1 0 6 0 3 17 25 0 14 79 17 241 848 895 443 260 387 324 588 712 705 455 866 451 516 115 68 88 147 6 0 3 24 39 44 406 2 15 3 0 0 0 0 0 0 0 0 0 0 0 0 0 0 0 0 0 0 0 0 0
0 1 0 1 4 0 0 9 0 0 0 0 4 0 0 9 0 11 7 7 2 3 0 1 11 3 4 26 2 0 0 0 1 0 4 0 3 0 1 0 1 0 3 4 0 17 46 0 9 35 47 45 19 97 57 46 44 111 522 24 0 4 1 0 2 5 43 99 6 54 71 4 129 15 41 128 56 212 17 32 0 0 8 12 0 1 0 22 139 1 0 31 102 84 22 14 4 1 62 476 134 128 134 84 167 545 146 184 523 548 103 126 159 245 160 76 104 170 10 2 0 1 6 25 142 635 213 17 0 2 0 0 0 0 0 0 0 0 0 0 0 0 0 0 0 0 0 0 0 0
0 0 0 7 5 6 1 0 0 0 0 0 3 2 0 0 8 1 1 7 2 13 8 2 6 2 94 64 36 0 0 0 0 0 1 44 14 0 0 0 0 3 2 16 29 30 15 3 35 431 119 27 17 45 9 44 264 83 47 39 71 40 2 1 1 0 6 6 3 20 18 22 48 18 3 104 88 58 3 27 23 0 5 41 1 16 16 27 8 0 6 32 94 337 27 2 0 26 267 14 105 316 56 25 120 114 210 492 462 1 2 60 11 460 53 0 17 1 0 0 0 0 5 6 59 184 218 262 8 3 1 0 0 0 0 0 0 0 0 0 0 0 0 0 0 0 0 0 0 0
0 0 0 1 0 0 0 0 0 0 0 0 0 2 1 0 1 0 4 2 1 17 114 8 4 5 7 42 208 4 0 9 3 0 10 0 0 0 0 0 0 2 17 125 14 156 141 14 7 156 58 5 3 14 96 10 34 100 7 0 8 8 3 0 0 9 3 1 22 21 104 50 23 0 0 87 20 0 5 0 6 0 0 0 0 49 38 1 4 13 1 24 10 4 0 24 0 13 6 3 829 1212 671 197 83 176 172 412 187 19 15 2 3 199 40 0 0 0 0 0 0 0 0 14 8 21 18 152 11 0 0 0 0 0 0 0 0 0 0 0 0 0 0 0 0 0 0 0 0 0
0 0 0 0 1 0 5 0 0 0 0 1 0 2 1 0 0 2 11 1 0 7 28 8 0 29 6 9 0 9 1 33 15 0 2 0 0 0 0 1 14 10 36 13 8 20 34 28 151 263 388 119 20 75 17 18 12 2 2 0 1 5 22 12 229 142 2 0 12 22 175 48 3 0 6 136 293 141 1 24 8 6 9 3 0 0 2 6 29 16 6 0 0 0 0 0 0 15 307 365 1226 937 559 130 2 40 151 188 1 0 0 0 0 12 0 0 0 0 0 0 0 0 7 5 0 0 54 202 0 0 0 0 0 0 0 0 0 0 0 0 0 0 0 0 0 0 0 0 0 0
0 0 0 0 0 0 0 0 0 0 0 0 0 9 0 3 1 0 0 4 0 1 20 0 4 5 0 0 0 0 24 150 20 1 2 0 0 2 0 0 80 18 0 0 1 0 3 12 353 825 408 240 37 2 3 6 0 5 0 0 2 0 1 0 25 20 26 6 7 162 44 19 20 0 1 10 107 84 50 106 34 50 11 50 11 5 11 18 315 72 32 14 1 14 2 14 12 3 81 308 137 67 56 1 24 34 125 97 15 0 0 0 16 88 0 0 0 0 0 0 0 0 0 0 0 63 58 1 2 16 8 0 0 0 0 0 0 0 0 0 0 0 0 0 0 0 0 0 0 0
0 0 0 5 0 0 0 0 0 0 0 0 0 0 2 0 0 0 0 0 0 7 16 0 5 1 0 0 0 0 1 5 47 20 6 0 13 135 16 25 2 0 0 0 0 0 10 25 54 581 341 166 21 0 1 3 0 4 7 1 0 0 0 1 6 0 31 2 0 12 18 63 47 2 0 3 9 13 24 10 2 37 18 0 1 19 13 0 0 1 0 3 1 4 1 2 5 0 0 7 16 1 5 31 112 53 45 40 82 147 79 27 57 0 0 0 0 0 0 0 0 0 0 10 36 111 100 2 0 0 9 1 0 0 0 0 0 0 0 0 0 0 0 0 0 0 0 0 0 0
0 0 2 0 0 0 0 0 0 0 0 0 0 3 3 0 2 8 0 0 13 4 0 5 2 1 0 0 0 1 0 10 5 15 6 6 4 20 21 0 0 0 0 0 16 67 27 53 8 170 179 39 1 3 7 3 23 33 4 0 0 0 0 0 0 2 2 1 0 0 0 3 139 88 5 11 0 0 0 0 0 10 125 204 3 0 5 2 0 0 0 0 0 11 0 1 0 0 2 4 5 11 1 80 58 30 8 2 20 34 1 343 24 0 0 0 0 0 0 0 0 0 3 20 10 16 48 101 1 0 0 0 0 0 0 0 0 0 0 0 0 0 0 0 0 0 0 0 0 0
0 0 0 0 0 0 0 0 0 0 0 0 0 1 0 0 0 0 0 0 0 0 2 0 0 0 3 0 0 0 0 7 6 9 32 0 0 60 0 0 0 0 0 10 44 39 34 7 19 40 101 55 35 19 46 8 2 7 2 2 0 0 0 0 4 0 0 18 9 7 12 3 3 11 69 21 0 0 0 0 1 1 19 90 12 5 2 0 0 2 1 3 1 2 6 9 10 3 0 10 17 11 10 16 545 0 0 3 1 0 1 20 3 0 0 1 1 0 1 0 0 1 4 0 0 39 83 22 0 0 0 0 0 0 0 1 0 0 0 0 0 0 0 0 0 0 0 0 0 0
0 0 0 0 0 0 0 0 0 0 0 0 0 0 6 13 5 0 4 0 0 8 1 3 0 0 0 3 0 0 0 0 4 49 27 1 0 33 2 3 0 1 1 8 111 20 1 1 28 3 83 9 0 4 0 0 1 0 0 0 6 0 0 1 24 5 0 8 10 13 5 54 6 8 0 9 6 0 0 0 3 0 1 20 0 27 17 19 1 19 0 1 8 0 8 1 0 10 2 12 14 18 19 117 240 228 0 3 0 0 0 9 7 6 22 7 0 0 0 1 0 0 0 0 0 62 24 56 1 0 0 0 0 0 0 0 14 78 0 0 0 0 0 0 0 0 0 0 0 0
0 0 0 0 0 0 0 0 0 0 0 0 2 0 12 1 0 2 2 0 4 3 3 3 0 0 2 16 3 0 0 3 0 8 20 0 1 4 2 4 1 1 3 24 84 10 11 9 0 6 25 16 6 0 4 1 0 2 0 0 0 8 0 2 19 0 0 1 9 15 12 14 0 1 1 2 22 1 0 0 0 1 40 6 12 6 17 22 7 1 8 0 2 0 0 6 2 0 0 1 16 17 13 2 48 259 21 1 0 0 0 0 0 1 5 23 2 0 5 4 0 0 0 0 23 188 56 17 0 5 0 0 0 0 2 0 4 14 0 0 0 0 0 0 0 0 0 0 0 0
0 0 0 0 0 0 0 0 6 0 1 0 0 37 2 5 16 14 10 0 10 34 11 2 0 0 1 13 0 2 7 1 0 50 5 1 2 25 26 15 90 151 26 154 150 12 5 3 12 9 0 51 27 2 5 3 0 0 0 0 0 0 0 0 1 0 0 0 20 66 117 27 8 11 0 4 3 12 0 0 0 0 0 0 0 0 0 18 18 9 4 0 4 0 0 2 1 1 0 0 0 9 19 1 23 786 632 40 2 0 0 0 0 0 0 2 6 161 68 8 0 0 0 51 118 54 62 251 182 8 0 0 0 0 2 2 4 4 0 0 0 0 0 0 0 0 0 0 0 0
0 0 0 0 0 1 0 0 1 5 1 0 52 6 9 9 48 116 1 11 2 0 5 1 0 0 0 1 19 6 0 6 19 4 21 29 7 17 104 200 406 844 441 327 70 23 0 0 6 1 1 3 71 17 4 0 0 0 0 0 0 0 0 0 0 0 0 1 0 7 10 54 9 0 14 18 1 23 21 0 0 2 0 0 7 0 0 0 17 12 12 3 4 10 36 23 24 0 0 0 0 101 29 23 225 416 274 322 14 0 0 0 0 0 0 2 258 71 20 0 0 0 49 142 158 133 1049 600 57 28 0 0 1 21 1 4 0 0 0 0 0 0 0 0 0 0 0 0 0 0
0 0 0 0 0 0 0 5 13 11 10 59 51 1 0 0 5 9 0 1 5 7 11 43 6 3 7 1 0 2 5 10 4 7 38 25 2 17 178 307 868 1324 802 684 50 39 9 2 3 0 3 8 48 95 19 13 0 0 0 0 1 0 0 0 0 0 0 0 0 0 2 1 2 0 0 2 0 13 10 0 0 1 2 2 24 2 0 1 1 4 1 0 10 37 5 35 0 0 0 2 1 1 16 20 13 81 1 89 17 0 0 0 2 0 113 54 881 389 39 32 19 27 13 116 171 72 555 496 436 489 58 75 38 123 4 0 0 0 0 0 0 0 0 0 0 0 0 0 0 0
0 0 0 0 0 0 4 3 3 6 5 4 6 0 5 20 0 0 17 18 0 7 111 55 0 0 0 2 1 2 5 4 4 2 13 31 29 24 53 109 565 419 540 269 74 24 7 3 1 13 3 3 11 5 1 3 0 0 0 0 0 0 0 0 0 0 0 0 1 0 2 3 0 0 0 2 8 4 0 0 1 22 21 2 37 1 0 3 25 33 11 0 4 10 3 0 2 7 0 2 28 2 2 10 3 0 0 2 42 2 2 8 9 0 80 1117 982 456 137 352 113 93 94 21 10 12 259 372 13 84 13 265 816 60 43 0 0 0 0 0 0 0 0 0 0 0 0 0 0 0
0 0 0 0 0 0 9 3 1 2 13 9 4 1 1 6 3 2 4 13 236 276 7 0 0 0 0 2 4 16 6 2 7 55 24 7 0 1 0 130 597 327 477 165 95 18 11 0 15 8 0 5 5 5 11 0 3 0 0 0 0 0 0 0 0 0 0 0 0 0 1 0 0 0 0 0 0 0 6 0 20 28 47 190 51 0 0 0 2 0 0 0 13 0 0 2 8 5 0 2 4 0 0 0 4 7 5 30 197 150 250 434 106 161 570 1012 651 310 73 375 80 164 10 2 87 195 246 122 1 0 73 305 321 65 182 6 0 0 0 0 0 0 0 0 0 0 0 0 0 1
0 0 15 0 0 0 2 5 1 1 0 6 9 25 4 10 5 8 15 10 112 0 0 0 0 0 0 4 0 18 6 25 7 9 2 139 4 1 5 14 43 179 44 30 5 0 5 0 1 3 1 2 48 2 0 7 3 5 1 0 0 0 0 0 0 0 0 0 0 1 1 0 0 0 0 8 2 47 10 0 1 9 25 7 0 0 0 0 12 0 8 0 1 5 10 15 8 0 0 1 5 0 0 0 0 9 6 27 177 53 151 101 25 322 1041 583 277 377 76 408 89 27 0 25 24 98 104 0 0 0 83 364 0 0 19 0 0 0 0 0 0 0 0 0 0 0 0 0 0 0
0 0 1 0 0 15 23 12 1 10 2 0 0 5 18 8 3 6 38 39 10 0 0 0 0 0 0 0 2 3 62 0 7 5 11 1 3 2 9 0 19 19 5 0 2 1 0 0 3 1 0 8 307 13 109 34 29 2 2 0 0 0 0 0 0 0 0 0 0 0 0 0 0 0 0 0 0 7 4 0 0 0 1 0 0 0 0 0 6 0 2 0 2 34 8 2 7 6 0 0 4 0 0 2 0 1 9 71 49 7 2 17 220 224 242 493 102 201 190 269 300 3 0 0 0 0 0 0 0 0 1 123 41 0 0 0 0 0 0 0 0 0 0 0 0 0 0 0 0 0
0 0 2 0 1 0 4 40 1 1 2 0 3 22 11 5 81 16 4 6 8 4 21 0 0 1 0 42 19 10 26 42 14 1 4 2 1 4 5 4 34 37 16 2 2 0 12 0 0 0 2 31 143 69 6 33 1 0 1 1 0 0 0 0 0 0 0 0 0 0 0 0 0 0 0 0 17 15 6 1 0 0 1 0 0 0 0 0 8 1 10 6 42 72 9 16 6 5 2 7 3 0 0 3 0 2 4 94 486 18 0 0 2 0 2 2 8 15 410 658 81 0 0 0 0 5 0 0 0 0 0 4 112 6 0 0 0 0 0 0 0 0 0 0 0 0 0 0 0 0
3 2 5 4 2 0 17 140 10 17 24 5 5 2 1 156 81 31 7 18 1 1 8 4 3 0 0 6 1 26 13 14 2 4 3 2 2 1 1 6 19 7 4 4 7 0 5 0 0 0 0 45 7 120 20 5 2 0 1 0 0 0 0 0 0 0 0 0 0 0 0 0 0 0 0 0 10 37 0 0 0 0 0 0 0 0 0 0 42 3 5 0 2 34 0 0 0 3 16 5 0 3 10 8 3 38 59 26 228 0 0 0 0 0 7 1 0 0 145 283 327 144 0 0 4 79 0 0 0 61 156 36 78 7 0 0 0 0 0 0 0 0 0 0 0 0 0 0 0 0
0 2 0 0 0 12 2 2 0 3 58 19 2 11 24 57 38 25 13 1 1 2 1 1 4 17 0 0 0 1 1 0 4 5 16 1 0 0 0 28 0 24 19 3 3 1 1 2 2 0 3 59 31 39 27 3 9 0 0 0 0 0 0 0 0 0 0 0 0 0 0 0 0 3 0 0 0 31 160 3 0 14 0 0 0 0 0 104 22 0 8 2 6 7 1 11 0 0 6 3 20 15 19 13 6 16 22 32 83 9 0 0 0 11 83 120 182 541 110 179 729 173 0 20 291 56 0 0 0 138 156 0 0 0 0 0 0 0 0 0 0 0 0 0 0 0 0 0 0 0
0 5 1 2 0 1 9 3 14 4 15 117 19 26 0 0 7 8 1 0 5 0 6 13 20 0 2 2 38 2 0 0 0 2 0 0 0 1 1 1 1 22 68 10 3 8 6 1 0 0 0 90 46 3 4 2 0 0 2 0 0 0 0 0 0 0 0 0 0 0 0 0 0 0 0 0 0 19 51 7 0 1 0 0 0 0 2 25 0 0 5 0 1 7 0 0 0 0 8 11 0 1 5 7 6 0 6 57 62 24 0 0 1 0 192 575 780 705 68 81 103 151 134 325 308 0 0 0 48 633 159 0 0 0 0 0 0 0 0 0 0 0 0 0 0 0 0 0 0 0
0 0 8 0 0 1 5 1 1 3 13 51 0 3 0 5 0 3 2 4 0 0 1 4 2 2 6 5 5 0 0 0 0 0 0 0 0 1 18 0 0 0 0 0 3 0 0 3 0 0 3 113 1 5 1 1 1 0 4 8 2 0 0 0 0 0 0 0 0 0 0 0 0 0 0 0 3 12 113 37 23 18 27 2 0 0 2 0 1 0 0 0 4 13 0 0 0 0 1 10 2 4 3 15 5 4 7 12 43 3 0 2 43 48 59 67 14 60 577 349 27 290 702 619 544 349 213 240 1081 1913 799 81 0 0 0 0 0 0 0 0 0 0 0 0 0 0 0 0 0 0
0 4 2 0 3 16 3 11 1 19 44 9 1 7 7 5 9 5 0 0 0 0 0 0 0 14 25 0 0 0 0 5 9 2 0 0 0 0 2 17 7 5 1 1 0 0 12 2 0 17 11 583 33 5 8 3 1 1 2 0 0 0 0 0 0 0 0 0 0 0 0 0 0 0 0 0 6 30 155 0 1 34 48 0 0 0 0 0 6 15 5 14 1 21 0 32 20 0 1 1 7 0 9 3 12 4 3 2 172 41 6 13 46 4 2 25 20 239 389 568 519 916 726 941 1698 1434 938 1077 1316 860 991 20 0 0 0 0 0 0 0 0 0 0 0 0 0 0 0 0 0 0
0 10 0 0 3 0 0 5 33 13 3 3 6 0 5 29 4 4 0 0 0 0 0 0 13 8 48 3 5 0 2 4 0 0 6 3 2 5 4 0 1 0 1 0 0 1 0 0 5 49 614 654 39 83 7 4 15 3 6 7 4 2 0 0 0 0 0 0 0 0 0 0 0 0 0 0 1 0 5 0 0 3 1 0 0 0 0 0 14 0 0 1 15 0 0 4 1 0 14 8 20 4 23 8 35 13 33 129 5 16 30 7 6 20 6 23 13 78 411 1758 1720 1016 354 1506 1874 1460 331 680 908 21 108 67 0 0 0 0 0 0 0 0 0 0 0 0 0 0 0 0 0 0
2 7 0 1 1 1 4 3 16 5 5 1 7 4 11 6 5 3 0 0 0 0 0 2 4 4 0 1 1 3 0 65 35 0 1 3 3 2 2 1 0 1 0 3 0 0 1 0 3 25 725 1048 820 839 93 35 2 4 26 4 3 0 0 0 0 0 0 0 0 0 0 0 0 0 2 0 0 0 0 33 2 0 3 0 0 0 0 19 129 0 2 14 16 0 0 0 0 0 0 9 13 0 15 30 13 199 564 13 7 0 5 25 1 15 3 25 23 12 142 789 475 593 469 3173 1783 812 399 363 6 579 1183 537 0 0 1 0 0 0 0 0 0 0 0 0 0 0 0 0 0 0
4 4 1 28 0 0 28 11 23 36 13 73 0 2 0 0 0 0 0 0 0 0 0 2 0 0 7 0 0 0 0 17 16 5 0 3 1 1 0 0 0 3 0 1 0 0 0 0 0 3 230 494 740 586 110 149 10 1 8 1 4 2 0 0 0 0 0 0 0 0 0 0 0 0 0 0 0 0 1 48 1 9 3 0 0 0 0 21 67 4 3 24 88 0 0 0 0 0 0 5 3 62 19 192 32 34 12 19 0 0 0 0 2 2 6 16 13 13 20 68 213 361 472 951 1668 1298 532 659 428 892 531 440 6 0 0 0 0 0 0 0 0 0 0 0 0 0 0 0 0 0
12 3 2 13 1 4 17 13 4 0 3 9 1 0 0 0 0 0 0 0 0 0 1 0 1 0 0 0 0 0 2 0 1 0 0 2 1 1 0 0 0 0 0 0 0 3 9 43 8 11 54 168 315 79 29 40 8 3 16 1 2 0 0 10 1 1 0 0 0 0 0 0 0 0 0 0 0 0 0 0 2 5 0 0 0 1 33 57 20 0 23 228 192 26 4 0 0 0 0 45 32 18 70 221 29 1 12 11 40 11 0 0 3 2 6 6 6 45 53 37 134 738 770 452 442 1066 1075 1759 272 189 116 129 0 0 0 0 0 0 0 0 0 0 0 0 0 0 0 0 0 0
1 2 17 0 3 0 11 57 13 15 11 3 5 4 0 0 0 0 1 2 1 0 0 1 0 0 0 0 11 0 0 0 0 0 0 1 0 6 2 0 0 0 0 0 0 0 0 0 3 7 3 22 97 60 26 1 0 65 84 2 0 0 2 0 0 0 0 0 0 0 0 0 0 0 0 0 0 0 0 0 0 11 31 32 21 84 0 0 19 63 130 214 121 22 8 0 0 3 35 51 92 473 324 497 424 33 14 6 15 16 0 0 2 0 4 3 11 51 45 389 588 617 2386 2624 920 428 1889 2736 1974 0 3 0 0 0 0 0 0 0 0 0 0 0 0 0 0 0 0 0 0 0
5 8 25 0 13 20 5 35 6 18 1 0 5 0 0 0 0 0 0 1 0 0 3 0 0 0 1 1 5 0 0 0 0 1 0 1 0 0 0 2 4 1 0 0 1 0 0 0 0 13 0 4 67 4 24 0 0 4 145 16 2 1 0 0 0 0 0 0 0 0 0 0 0 0 0 0 0 0 0 0 1 7 8 7 0 14 11 9 22 64 91 122 100 16 79 26 6 2 0 4 196 480 627 360 299 66 2 7 1 21 3 0 0 0 11 4 7 459 420 763 703 23 9 210 220 486 499 1115 338 10 300 18 0 0 0 0 0 0 0 0 0 0 0 0 0 0 0 0 0 0
10 8 136 2 52 163 44 16 1 4 0 1 3 6 0 1 0 0 0 5 4 1 0 0 0 0 0 0 0 0 3 1 0 0 0 0 0 0 0 0 1 5 2 0 1 2 0 0 4 2 0 9 19 0 2 4 6 0 6 30 12 2 1 0 0 0 0 0 0 0 0 0 0 0 0 0 0 0 0 1 27 86 0 0 5 5 98 16 0 6 1 5 15 1 0 0 0 0 0 3 11 97 1050 342 161 214 21 21 8 6 36 3 0 0 0 36 309 583 146 30 0 0 0 0 96 489 143 617 536 11 69 46 0 0 0 0 0 0 0 0 0 0 0 0 0 0 0 0 0 0
8 63 182 209 393 574 192 47 5 0 0 0 0 0 9 1 1 1 1 0 1 7 0 0 0 0 0 0 0 0 0 1 0 0 0 0 0 0 2 0 0 2 1 5 2 18 0 24 0 2 0 47 29 0 0 1 8 0 19 3 0 5 0 0 0 0 0 0 0 0 0 0 0 0 0 0 0 0 6 21 17 0 0 1 23 7 20 177 43 0 0 0 0 0 0 0 0 0 0 0 0 227 724 232 197 213 8 0 4 22 9 2 0 0 14 53 191 18 19 54 0 0 0 0 18 679 293 392 318 7 59 0 0 0 0 0 0 1 0 0 0 0 0 0 0 0 0 0 0 0
2 110 400 807 644 426 240 45 0 0 1 8 2 0 0 0 0 5 0 0 1 9 0 0 7 0 1 1 0 1 0 0 0 0 1 0 0 0 0 3 6 2 2 7 5 0 0 6 51 4 0 0 29 0 0 0 3 1 1 0 0 9 0 0 0 0 0 0 0 0 0 0 0 0 0 0 0 28 0 0 0 0 0 0 0 0 33 25 0 0 3 1 0 0 0 2 0 0 0 0 11 65 27 40 169 117 0 0 8 2 3 17 11 38 22 5 4 4 12 37 20 73 17 0 46 121 73 237 46 0 1 0 0 0 0 0 0 0 0 0 0 0 0 0 0 0 0 0 0 0
0 10 301 279 137 221 64 15 5 9 1 8 0 0 0 0 0 0 3 5 3 6 0 0 1 0 0 1 4 4 2 0 0 0 0 0 2 1 0 0 0 0 2 1 2 1 0 1 1 18 0 0 0 1 0 0 0 0 0 0 0 0 0 0 0 0 0 0 0 0 0 0 0 0 0 0 2 2 0 0 0 0 0 0 0 0 100 19 6 27 46 1 0 0 4 8 0 0 0 548 909 189 268 153 28 164 58 8 2 1 10 70 40 3 0 0 0 0 24 64 132 80 216 504 64 49 3 1 0 3 0 0 1 0 0 0 0 0 0 0 0 0 0 0 0 0 0 0 0 0
30 38 37 97 60 55 0 1 1 1 5 0 0 0 0 0 0 0 0 0 2 65 0 0 0 1 0 0 0 4 0 0 0 4 1 0 0 0 0 0 0 0 0 0 0 41 5 0 1 0 0 0 0 0 1 23 0 0 0 0 0 0 0 0 0 0 0 0 0 0 0 0 0 0 0 0 3 12 0 0 0 0 0 2 0 35 16 4 0 29 41 0 0 0 35 90 101 6 211 1786 544 594 160 35 1 20 59 226 0 7 71 1 0 0 0 0 0 0 40 35 116 44 14 81 17 90 56 7 69 58 9 1 0 1 0 0 0 0 0 0 0 0 0 0 0 4 0 0 0 0
61 16 21 14 1 0 0 2 1 0 0 0 0 0 0 0 0 0 1 0 3 16 10 4 0 0 0 1 0 3 3 0 0 4 4 0 0 0 0 0 0 0 0 1 4 14 3 1 0 0 1 0 1 3 139 35 8 0 1 0 0 0 0 0 0 0 0 0 0 0 0 0 0 0 27 9 1 0 0 0 0 0 0 0 0 0 9 13 0 0 95 20 4 10 154 396 102 10 98 111 82 4 50 41 13 6 0 229 594 186 1 0 0 0 8 0 0 2 0 0 54 0 7 5 61 127 85 52 423 136 34 1 0 0 0 0 0 0 0 0 0 0 0 0 0 0 0 0 0 0
19 1 6 2 0 0 1 0 0 0 0 0 0 0 0 0 0 0 0 0 1 0 0 0 0 0 0 11 0 9 14 73 8 1 0 0 0 1 0 0 0 0 0 0 1 5 1 0 0 0 0 0 4 1 11 1 0 0 0 0 0 0 0 0 0 0 0 0 0 0 0 0 0 0 10 28 0 0 2 0 0 0 0 0 0 0 66 44 247 37 77 12 6 24 1 54 15 3 1 0 7 1 16 0 2 2 186 329 244 67 2 0 3 0 0 0 0 2 0 0 5 15 17 37 8 236 101 254 142 243 39 2 0 0 0 0 0 0 0 0 0 0 0 0 0 3 0 0 0 0
3 0 0 5 2 0 0 0 0 0 0 0 0 0 0 0 0 1 1 1 1 0 0 0 0 0 1 0 10 1 5 1 1 0 0 1 0 0 0 0 0 2 0 0 0 16 4 1 0 0 1 3 5 53 18 2 1 0 0 0 0 0 0 0 0 0 0 0 0 0 0 3 24 7 0 0 0 0 0 0 0 0 0 0 0 0 2 0 142 6 0 0 0 4 2 41 0 0 3 0 3 4 0 10 4 251 1101 603 230 136 0 0 0 0 0 0 0 0 145 11 2 68 19 41 10 19 57 112 2 20 1 57 1 0 0 0 0 0 0 0 0 0 0 0 0 0 0 0 0 0
0 0 0 1 0 2 0 0 0 0 0 0 0 0 0 0 0 0 0 0 0 0 0 13 0 0 0 27 0 2 0 3 0 0 2 2 0 0 0 0 0 0 0 0 0 0 0 0 0 1 1 12 4 96 15 12 12 0 0 0 0 0 0 0 0 0 0 0 0 0 4 8 11 0 0 0 0 0 0 0 0 0 0 0 0 0 12 0 1 0 0 0 10 27 0 0 0 0 4 5 12 10 9 0 24 98 128 6 87 200 0 0 0 0 0 0 0 0 9 9 4 10 1 107 224 43 263 52 15 46 0 0 0 0 0 0 0 0 0 0 0 0 0 0 0 0 0 0 0 0
0 0 0 0 2 31 0 0 0 0 0 0 0 0 0 0 0 2 0 1 0 0 0 0 0 0 1 0 0 0 1 0 0 0 1 1 0 0 0 2 0 0 7 7 0 0 0 0 0 0 8 0 7 3 3 0 13 1 0 0 0 0 0 0 0 0 0 7 0 6 2 0 0 0 2 0 0 0 0 0 0 0 0 1 0 0 1 0 5 3 0 36 183 12 1 0 0 0 1 2 5 12 24 19 70 31 0 12 5 9 2 0 0 0 0 0 0 0 0 0 1 20 2 16 0 0 0 188 8 4 1 0 0 0 0 0 0 0 0 0 0 0 0 0 0 0 0 0 0 0
0 0 0 0 66 22 0 0 0 0 0 0 0 0 3 0 0 1 0 0 0 0 0 0 0 0 0 0 6 0 8 0 0 0 1 1 0 0 3 2 3 0 0 3 1 7 0 0 0 3 0 0 0 6 3 2 5 2 0 0 0 0 0 0 0 0 0 0 10 1 0 0 2 0 0 0 0 0 0 0 0 0 0 0 0 0 0 0 91 55 194 549 196 24 0 1 0 1 0 31 53 423 362 83 9 20 12 0 0 8 1 0 0 0 0 0 0 0 0 0 2 0 0 0 0 3 245 32 0 0 0 0 0 0 0 0 0 0 0 0 0 0 0 0 0 0 0 0 0 0
0 0 0 0 2 0 7 0 0 0 0 0 0 0 0 0 0 0 1 0 0 0 0 0 0 0 3 0 0 8 0 0 0 0 0 5 0 0 0 0 0 0 0 0 6 5 0 0 0 0 5 0 0 6 7 0 1 1 0 0 0 0 0 0 0 0 0 0 12 0 0 0 1 0 0 0 0 0 0 0 0 0 0 0 1 2 6 2 66 102 290 216 111 45 2 4 19 1 5 75 137 218 63 19 0 1 3 0 0 6 4 3 0 0 0 0 1 0 0 1 3 67 105 0 0 25 33 1 0 0 0 0 0 0 0 0 0 0 0 0 0 0 0 0 0 0 0 0 0 0
3 0 0 0 0 5 0 0 0 0 0 1 24 35 0 2 0 0 4 0 0 0 0 0 0 7 6 1 1 10 0 0 0 0 3 1 0 0 0 0 0 0 0 1 1 6 5 0 0 1 2 0 1 23 19 0 0 0 0 0 0 0 0 0 0 0 0 7 52 0 0 0 2 0 0 0 0 0 0 0 0 0 0 1 15 14 53 5 2 11 2 2 19 4 32 0 1 7 33 44 89 0 0 3 0 0 0 1 1 36 33 46 4 0 0 0 0 0 0 0 4 0 11 0 0 0 0 1 0 0 0 0 0 0 0 0 0 0 0 0 0 0 0 0 0 0 0 0 0 0
0 0 0 2 0 0 1 0 0 0 0 0 0 1 3 5 0 0 0 0 0 0 0 0 0 0 5 0 0 1 0 0 0 0 1 1 0 0 0 0 0 0 2 0 0 2 4 11 2 6 1 0 0 13 6 14 0 2 1 0 0 0 0 0 0 0 10 34 18 0 0 0 0 0 0 0 0 0 0 0 0 0 0 0 48 0 0 3 7 35 2 0 7 1 7 14 8 53 46 16 37 10 44 0 5 0 0 34 80 168 154 493 56 26 3 0 0 0 0 0 0 0 1 0 0 0 0 0 0 0 0 0 0 0 0 0 0 0 0 0 0 0 0 0 0 0 0 0 0 0
0 0 0 1 1 0 0 0 0 0 0 0 0 0 0 3 0 0 0 0 0 0 0 0 0 0 0 0 2 1 0 0 0 0 0 0 0 0 7 0 0 0 0 0 0 0 0 15 19 4 1 0 0 3 0 99 105 1 23 0 0 0 0 1 2 15 85 118 4 0 2 2 0 0 0 0 0 0 0 0 0 0 0 4 69 1 2 21 8 9 14 7 1 2 2 32 53 28 12 3 2 0 16 6 1 0 29 3 64 58 209 52 291 122 2 0 0 0 0 0 0 0 0 0 0 0 0 0 0 0 0 0 0 0 0 0 0 0 0 0 0 0 0 0 0 0 0 0 0 0
0 1 0 0 2 0 0 0 0 0 0 1 0 0 6 11 9 0 0 0 0 0 0 0 0 0 0 0 0 0 0 0 0 0 13 0 0 0 0 1 0 0 0 0 0 0 3 10 100 8 0 0 0 4 6 8 8 7 44 10 11 7 12 9 9 29 6 2 0 1 0 0 0 0 0 0 0 0 0 0 0 0 1 0 0 0 0 41 5 1 1 0 3 0 14 168 4 0 0 1 0 0 8 0 14 74 378 1089 488 93 27 0 142 53 0 0 0 0 0 0 0 0 0 0 0 0 0 0 0 0 0 0 0 0 0 0 0 0 0 0 0 0 0 0 0 0 0 0 0 0
0 0 0 1 2 80 2 9 3 1 2 2 0 0 0 0 0 0 0 0 0 0 0 0 0 0 0 0 0 0 1 0 0 0 0 1 0 1 7 0 8 0 0 0 3 0 27 10 2 3 3 0 0 1 20 32 2 0 3 1 0 0 0 3 1 0 0 13 3 8 1 4 0 0 0 0 0 0 0 0 0 0 0 0 0 0 0 0 2 6 30 8 1 1 137 19 1 0 0 0 0 3 0 9 68 73 154 376 169 250 107 218 308 1 0 0 0 0 0 0 0 0 0 0 0 0 0 0 0 0 0 0 0 0 0 0 0 0 0 0 0 0 0 0 0 0 0 0 0 0
0 0 0 0 54 63 1 0 0 0 1 0 0 1 0 0 3 0 0 0 0 0 0 0 0 0 0 0 0 0 0 0 4 3 1 0 0 0 0 0 0 6 2 1 2 0 4 14 3 0 5 2 2 4 6 0 4 8 4 2 0 1 2 0 3 11 0 1 3 0 0 0 4 1 0 0 0 0 0 0 0 0 0 0 0 1 0 0 0 0 0 0 18 24 5 32 292 0 0 0 0 0 0 41 188 293 1 0 14 43 0 4 8 0 0 0 0 0 0 0 0 0 0 0 0 0 0 0 0 0 0 0 0 0 0 0 0 0 0 0 0 0 0 0 0 0 0 0 0 0
1 0 0 0 19 1 0 0 12 2 3 0 0 1 0 0 0 0 1 0 1 0 0 0 0 0 0 0 0 0 0 3 0 0 0 0 0 0 0 0 0 2 0 0 0 0 7 1 8 14 0 0 3 0 0 0 0 0 3 2 0 3 0 0 0 0 0 0 0 0 2 9 1 1 0 0 0 0 0 0 0 0 0 0 0 0 0 0 0 0 0 21 94 23 9 256 367 0 0 0 0 0 0 5 8 0 0 0 0 0 31 133 0 0 0 0 0 0 0 0 0 0 0 0 0 0 0 0 0 0 0 0 0 0 0 0 0 0 0 0 0 0 9 14 5 0 0 0 0 0
0 0 1 1 2 2 0 0 0 14 0 0 4 0 7 1 0 1 0 0 0 0 0 0 0 0 0 0 0 0 0 2 0 0 0 0 0 0 0 0 0 0 0 0 0 0 0 0 0 7 5 4 6 8 0 0 0 0 2 9 5 0 0 0 0 0 0 0 0 0 1 0 0 0 0 0 0 0 0 0 0 0 0 0 0 0 0 0 33 0 2 19 227 155 56 0 0 1 0 0 0 0 0 7 1 0 3 0 0 123 318 2 0 0 0 0 0 0 0 0 0 0 0 0 0 0 0 0 0 0 0 0 0 0 0 0 0 0 0 0 0 0 0 2 0 0 0 0 0 0
0 5 0 0 1 0 0 0 0 0 0 1 0 12 0 1 0 0 0 0 0 0 0 0 0 0 0 0 0 0 0 0 1 0 0 0 0 0 0 0 0 0 0 0 0 0 0 0 0 0 2 6 11 0 0 0 0 0 0 4 8 0 0 0 0 0 0 0 0 0 1 0 0 0 0 0 0 0 0 0 0 0 0 0 0 0 0 0 0 1 14 46 722 1 0 10 4 0 0 0 0 0 0 2 0 1 0 3 18 91 88 5 0 0 0 0 0 0 0 0 0 0 0 0 0 0 0 0 0 0 0 0 0 0 0 0 0 0 0 0 0 0 0 0 0 0 0 0 0 0
0 0 0 0 0 0 0 0 0 0 0 0 16 1 0 0 0 0 1 0 0 0 0 0 0 0 0 0 0 0 0 0 0 0 0 0 14 0 0 0 0 0 0 0 0 0 0 0 0 0 2 25 4 0 0 0 0 2 0 11 16 1 0 0 0 0 0 0 0 0 1 97 3 0 0 0 0 0 0 0 0 0 0 0 0 0 0 0 6 7 13 15 2 7 21 2 0 0 0 0 0 0 0 0 0 0 0 0 0 0 0 0 0 0 0 0 0 0 0 0 0 0 0 0 0 0 0 0 0 0 0 0 0 0 0 0 0 0 0 0 0 0 0 0 0 0 0 0 0 0
0 0 0 0 0 0 0 0 1 0 0 0 0 0 0 0 0 0 0 0 0 4 12 77 0 0 0 0 0 0 0 0 0 0 0 2 4 0 0 0 0 0 0 0 0 0 0 0 0 0 0 36 3 0 0 0 0 0 0 0 0 19 13 0 0 0 0 0 0 0 0 4 11 0 7 0 0 0 0 0 0 0 0 0 0 0 0 0 0 14 6 36 17 14 35 2 11 0 0 0 0 0 0 0 0 0 0 0 0 0 0 0 0 0 0 0 0 0 0 0 0 0 0 0 0 0 0 0 0 0 0 0 0 0 0 0 0 0 0 0 2 0 0 0 0 0 0 0 0 0
0 0 0 0 0 0 0 0 0 0 0 1 0 0 0 0 0 1 0 0 1 0 5 6 2 0 0 0 1 1 0 0 0 0 0 0 0 1 1 0 0 0 0 0 0 0 0 0 0 2 2 43 29 5 4 0 3 0 0 0 1 35 69 0 0 0 0 0 0 0 0 0 2 3 3 0 0 0 0 0 0 0 0 0 0 0 0 0 0 0 13 13 2 131 28 8 0 0 2 0 0 0 0 0 0 0 0 0 0 0 0 0 0 0 0 0 0 0 0 0 0 0 0 0 0 0 0 0 0 0 0 0 0 0 0 0 0 0 0 0 0 0 0 0 0 0 0 0 0 0
0 0 0 0 0 0 0 0 0 0 0 0 5 2 0 0 0 0 0 0 0 0 0 0 1 1 0 0 0 2 1 0 0 0 0 0 0 0 0 0 0 0 0 0 0 0 0 0 0 14 7 36 145 9 20 0 2 0 3 0 0 22 0 0 0 0 0 0 0 0 0 0 0 1 0 0 0 0 0 0 0 0 0 0 0 0 0 0 0 0 0 3 23 43 28 5 0 0 2 0 0 0 0 0 0 0 0 0 0 0 0 0 0 0 0 0 0 0 0 0 0 0 0 0 0 0 0 0 0 0 0 0 0 0 0 0 0 0 0 0 0 0 0 0 0 0 0 0 0 0
0 0 0 0 0 0 0 1 0 0 0 0 19 3 2 3 2 3 1 1 0 0 0 0 0 3 0 0 0 0 0 0 0 0 0 0 0 0 0 0 0 0 0 0 0 0 0 0 4 15 2 22 204 0 25 1 1 1 0 0 3 11 7 0 0 0 0 0 0 0 0 0 0 0 0 0 0 0 0 0 0 0 0 0 0 0 0 0 0 0 0 0 3 14 5 1 3 2 0 12 0 0 0 0 0 0 0 0 0 0 0 0 0 0 0 0 0 0 0 0 0 0 0 0 0 0 0 0 0 0 0 0 0 0 0 0 0 0 0 0 0 0 0 0 0 0 0 0 0 0
0 0 0 0 1 0 0 0 1 7 1 0 0 2 1 0 0 0 4 0 0 0 0 8 0 3 0 0 0 0 0 0 0 0 0 0 0 0 2 0 0 0 0 0 0 0 0 4 0 0 1 23 23 0 0 0 0 0 2 1 13 15 0 2 0 0 0 0 0 0 0 0 0 0 0 0 0 0 0 0 0 0 0 0 0 0 0 0 0 0 0 0 0 0 0 2 8 0 7 0 0 0 0 0 0 0 0 0 0 0 0 0 0 0 0 0 0 0 0 0 0 0 0 0 0 0 0 0 0 0 0 0 0 0 0 0 0 0 0 0 0 0 0 0 0 1 0 0 0 0
2 0 4 0 0 0 0 0 0 0 4 0 0 0 0 0 0 0 0 0 0 3 0 0 1 0 0 0 0 0 0 5 0 2 20 3 0 0 0 0 0 0 0 0 0 0 11 11 0 0 0 0 0 0 0 0 0 0 0 5 8 0 0 0 0 0 0 0 0 0 0 0 0 0 0 0 0 0 0 0 0 0 0 0 0 0 0 0 0 0 0 0 0 4 0 3 19 30 0 0 2 0 0 0 0 0 0 0 0 0 0 0 0 0 0 0 0 0 0 0 0 0 0 0 0 0 0 0 0 0 0 0 0 0 0 0 0 0 0 0 0 0 0 0 3 19 0 0 0 0
1 0 0 0 0 0 0 0 0 0 0 0 0 0 0 0 0 0 0 1 2 2 0 0 0 1 0 0 0 0 1 2 0 1 0 0 0 0 0 0 0 0 0 0 3 1 7 0 0 0 0 0 0 0 0 0 0 0 0 0 0 0 0 0 0 0 0 0 0 0 0 0 0 0 0 0 0 0 0 0 0 0 0 0 0 0 0 0 0 0 0 0 0 0 5 5 14 2 0 1 9 0 0 0 0 0 0 0 0 0 0 0 0 0 0 0 0 0 0 0 0 0 0 0 0 0 0 0 0 0 0 0 0 0 0 0 0 0 0 0 0 0 0 0 0 0 0 0 0 0
0 0 0 0 0 0 0 0 0 0 0 4 0 0 0 0 3 0 0 0 1 0 0 0 0 0 0 0 0 0 0 0 0 0 0 0 0 0 0 0 0 0 0 0 6 0 0 0 0 0 0 0 0 0 0 0 0 0 0 0 3 0 0 0 0 0 0 0 0 0 0 0 0 0 0 0 0 0 0 0 0 0 0 0 0 0 0 0 0 0 0 0 0 0 4 0 0 0 0 0 0 4 0 0 0 0 0 0 0 0 0 0 0 0 0 0 0 0 0 0 0 0 0 0 0 0 0 0 0 0 0 0 0 0 0 0 0 0 0 0 2 0 0 0 0 0 0 0 0 0
0 0 0 0 0 0 0 0 0 1 4 1 5 0 0 1 1 0 0 0 0 0 0 0 0 0 0 0 0 0 0 0 0 0 0 0 0 0 0 0 0 0 0 1 7 0 0 0 0 0 0 0 0 0 0 0 0 0 0 0 0 0 0 0 0 0 0 0 0 0 0 0 0 0 0 0 0 0 0 0 0 0 0 0 0 0 0 0 0 0 0 0 0 0 1 4 5 0 0 0 0 0 0 0 0 0 0 0 0 0 0 0 0 0 0 0 0 0 0 0 0 0 0 0 0 0 0 0 0 0 0 0 0 0 0 0 0 0 0 0 0 0 0 0 0 0 0 0 0 0
0 0 0 0 0 1 2 0 2 1 1 4 7 0 0 9 11 8 0 0 0 0 0 0 0 0 0 0 0 0 0 0 0 0 0 0 1 0 0 0 0 0 0 9 1 0 0 0 0 0 0 0 0 0 0 0 0 0 0 8 0 0 0 0 0 0 0 0 60 1 0 0 0 0 0 0 0 0 0 0 0 0 0 0 0 0 0 0 0 0 0 0 0 0 0 0 3 6 4 8 0 0 0 0 0 0 0 0 0 0 0 0 0 0 0 0 0 0 0 0 0 0 0 0 0 0 0 0 0 0 0 0 0 0 0 0 0 0 0 0 0 0 0 0 0 0 0 0 0 0
1 0 0 0 3 0 0 0 0 0 0 0 3 0 0 0 0 11 2 0 0 0 0 0 0 0 0 0 0 0 0 0 0 0 0 4 1 34 4 2 0 0 4 0 0 0 0 0 0 0 0 0 0 0 0 0 0 0 0 0 6 5 3 0 1 0 0 5 252 65 0 0 0 0 0 0 0 0 0 0 0 0 0 0 0 0 0 0 0 0 0 0 0 0 0 0 2 1 0 0 0 0 0 0 0 0 0 0 0 0 0 0 0 0 0 0 0 0 0 0 0 0 0 0 0 0 0 0 0 0 0 0 0 0 0 0 0 0 0 0 0 0 0 0 0 0 0 0 0 0
0 0 1 2 1 0 0 0 0 0 0 2 56 10 0 7 34 0 4 14 1 0 0 52 4 2 0 0 0 0 2 5 0 0 7 0 19 15 9 1 0 0 13 0 0 0 0 0 0 0 0 0 0 0 0 0 0 0 0 0 0 1 3 4 117 52 9 1 0 0 0 0 0 0 0 0 0 0 0 0 0 0 0 0 0 0 0 0 0 0 0 0 0 0 0 0 0 0 0 0 0 0 0 0 0 0 0 0 0 0 0 0 0 0 0 0 0 0 0 0 0 0 0 0 0 0 0 0 0 0 0 0 0 0 0 0 0 0 0 0 0 0 0 0 0 0 0 0 0 0
5 63 5 2 0 0 1 0 0 0 0 1 2 0 0 3 4 5 2 5 14 84 40 28 6 0 0 0 0 4 2 0 0 0 4 8 50 3 0 3 1 2 0 0 0 0 0 0 0 0 0 0 0 0 0 0 0 0 0 0 0 0 0 0 1 1 0 0 0 0 0 0 0 0 0 0 0 0 0 0 0 0 0 0 0 0 0 0 0 0 0 0 0 0 0 0 0 0 0 0 0 0 0 0 0 0 0 0 0 0 0 0 0 0 0 0 0 0 0 0 0 0 0 0 0 0 0 0 0 0 0 0 0 0 0 0 0 0 0 0 0 0 0 0 0 0 0 0 0 0
34 13 15 0 2 1 0 0 0 0 0 0 2 0 0 3 9 4 0 10 3 78 19 6 12 3 2 0 7 17 9 0 0 0 0 0 1 0 1 2 9 3 0 0 0 0 0 0 0 0 0 0 0 0 0 0 0 0 0 0 0 0 0 0 0 1 0 0 0 0 0 0 0 0 0 0 0 0 0 0 0 0 0 0 0 0 0 0 0 4 0 0 0 0 0 0 0 0 0 0 0 0 0 0 0 0 0 0 0 0 0 0 0 0 0 0 0 0 0 0 0 0 0 0 0 0 0 0 0 0 0 0 0 0 0 0 0 0 0 0 0 0 0 0 0 0 0 0 0 0
0 0 0 2 0 0 0 0 0 0 0 8 2 0 0 0 0 4 0 0 0 4 10 9 3 20 14 5 3 2 0 0 0 0 9 0 3 0 0 0 0 0 0 0 0 0 0 0 0 0 0 0 0 0 0 0 0 0 0 0 0 0 0 0 0 0 0 0 0 0 0 0 0 0 0 0 0 0 0 0 0 0 0 0 0 0 0 0 0 0 0 0 0 0 0 0 0 0 0 0 0 0 0 0 0 0 0 0 0 0 0 0 0 0 0 0 0 0 0 0 0 0 0 0 0 0 0 0 0 0 0 0 0 0 0 0 0 0 0 0 0 0 0 0 0 0 0 0 0 0
0 0 1 0 0 0 0 0 0 0 0 0 0 0 0 0 0 1 0 26 0 3 0 4 11 6 7 12 25 2 0 0 1 8 9 0 0 0 0 0 0 0 0 0 0 0 0 0 0 0 0 0 0 0 0 0 0 0 0 0 0 0 0 0 0 0 0 0 0 0 0 0 0 0 0 0 0 0 0 0 0 0 0 0 0 0 0 0 0 0 0 0 0 0 0 0 0 0 0 0 0 0 0 0 0 0 0 0 0 0 0 0 0 0 0 0 0 0 0 0 0 0 0 0 0 0 0 0 0 0 0 0 0 0 0 0 0 0 0 0 0 0 0 0 0 0 0 0 0 0
0 0 0 0 0 0 0 0 0 0 0 0 0 0 0 0 0 0 0 0 0 0 1 0 0 0 1 3 188 93 3 2 5 22 10 0 5 0 0 0 0 0 0 0 0 0 0 0 0 0 0 0 0 0 0 0 0 0 0 0 0 0 0 0 0 0 0 0 0 0 0 0 0 0 0 0 0 0 0 0 0 0 0 0 0 0 0 0 0 0 0 0 0 0 0 0 0 0 0 0 0 0 0 0 0 0 0 0 0 0 0 0 0 0 0 0 0 0 0 0 0 0 0 0 0 0 0 0 0 0 0 0 0 0 0 0 0 0 0 0 0 0 0 0 0 0 0 0 0 0
0 0 0 0 0 0 0 0 0 0 0 0 0 0 0 0 0 0 0 4 0 0 0 0 0 1 1 7 0 1 6 0 3 1 0 3 6 0 0 0 0 0 0 0 0 0 0 0 0 0 0 0 0 0 0 0 0 0 0 0 0 0 0 0 0 0 0 0 0 0 0 0 0 0 0 0 0 0 0 0 0 0 0 0 0 0 0 0 0 0 0 0 0 0 0 0 0 0 0 0 0 0 0 0 0 0 0 0 0 0 0 0 0 0 0 0 0 0 0 0 0 0 0 0 0 0 0 0 0 0 0 0 0 0 0 0 0 0 0 0 0 0 0 0 0 0 0 0 0 0
0 0 0 0 0 0 0 4 0 0 0 0 1 1 0 0 0 0 0 0 0 0 0 0 4 3 14 0 0 0 27 13 7 0 1 0 2 2 0 0 0 0 0 0 0 0 0 0 0 0 0 0 0 0 0 0 0 0 0 0 0 0 0 0 0 0 0 0 0 0 0 0 0 0 0 0 0 0 0 0 0 0 0 0 0 0 0 0 0 0 0 0 0 0 0 0 0 0 0 0 0 0 0 0 0 0 0 0 0 0 0 0 0 0 0 0 0 0 0 0 0 0 0 0 0 0 0 0 0 0 0 0 0 0 0 0 0 0 0 0 0 0 0 0 0 0 0 0 0 0
0 0 0 0 0 0 0 0 0 0 0 0 5 9 0 0 0 0 0 0 0 0 0 0 0 0 0 0 0 0 0 0 14 0 0 0 3 4 0 0 0 0 0 0 0 0 0 0 0 0 0 0 0 0 0 0 0 0 0 0 0 0 0 0 0 0 0 0 0 0 0 0 0 0 0 0 0 0 0 0 0 0 0 0 0 0 0 0 0 0 0 0 0 0 0 0 0 0 0 0 0 0 0 0 0 0 0 0 0 0 0 0 0 0 0 0 0 0 0 0 0 0 0 0 0 0 0 0 0 0 0 0 0 0 0 0 0 0 0 0 0 0 0 0 0 0 0 0 0 0
0 0 0 0 0 0 0 0 0 0 1 2 0 1 0 0 0 0 0 0 0 0 0 0 0 0 0 11 4 2 8 0 0 0 0 0 1 0 0 0 0 0 0 0 0 0 0 0 0 0 0 0 0 0 0 0 0 0 0 0 0 0 0 0 0 0 0 0 0 0 0 0 0 0 0 0 0 0 0 0 0 0 0 0 0 0 0 0 0 0 0 0 0 0 0 0 0 0 0 0 0 0 0 0 0 0 0 0 0 0 0 0 0 0 0 0 0 0 0 0 0 0 0 0 0 0 0 0 0 0 0 0 0 0 0 0 0 0 0 0 0 0 0 0 0 0 0 0 0 0
0 0 0 0 0 0 0 0 0 0 1 0 0 0 0 0 0 0 0 0 0 0 0 0 0 0 0 5 4 0 0 0 1 8 0 0 0 0 0 0 0 0 0 0 0 0 0 0 0 0 0 0 0 0 0 0 0 0 0 0 0 0 0 0 0 0 0 0 0 0 0 0 0 0 0 0 0 0 0 0 0 0 0 0 0 0 0 0 0 0 0 0 0 0 0 0 0 0 0 0 0 0 0 0 0 0 0 0 0 0 0 0 0 0 0 0 0 0 0 0 0 0 0 0 0 0 0 0 0 0 0 0 0 0 0 0 0 0 0 0 0 0 0 0 0 0 0 0 0 0
0 0 0 0 0 0 0 0 0 0 4 1 0 0 0 0 0 0 0 0 0 0 0 0 0 0 0 0 0 0 0 0 9 0 0 0 0 0 0 0 0 0 0 0 0 0 0 0 0 0 0 0 0 0 0 0 0 0 0 0 0 0 0 0 0 0 0 0 0 0 0 0 0 0 0 0 0 0 0 0 0 0 0 0 0 0 0 0 0 0 0 0 0 0 0 0 0 0 0 0 0 0 0 0 0 0 0 0 0 0 0 0 0 0 0 0 0 0 0 0 0 0 0 0 0 0 0 0 0 0 0 0 0 0 0 0 0 0 0 0 0 0 0 0 0 0 0 0 0 0
0 0 0 0 0 0 0 0 0 3 3 0 0 0 0 0 0 0 0 0 0 0 0 0 0 0 0 0 0 0 0 0 0 0 0 0 0 0 0 0 0 0 0 0 0 0 0 0 0 0 0 0 0 0 0 0 0 0 0 0 0 0 0 0 0 0 0 0 0 0 0 0 0 0 0 0 0 0 0 0 0 0 0 0 0 0 0 0 0 0 0 0 0 0 0 0 0 0 0 0 0 0 0 0 0 0 0 0 0 0 0 0 0 0 0 0 0 0 0 0 0 0 0 0 0 0 0 0 0 0 0 0 0 0 0 0 0 0 0 0 0 0 0 0 0 0 0 0 0 0
0 0 0 0 0 0 0 0 0 0 4 0 0 0 0 0 0 0 0 0 0 0 0 0 0 0 0 0 0 0 0 0 0 0 0 0 0 0 0 0 0 0 0 0 0 0 0 0 0 0 0 2 1 0 0 0 0 0 0 0 0 0 0 0 0 0 0 0 0 0 0 0 0 0 0 0 0 0 0 0 0 0 0 0 0 0 0 0 0 0 0 0 0 0 0 0 0 0 0 0 0 0 0 0 0 0 0 0 0 0 0 0 0 0 0 0 0 0 0 0 0 0 0 0 0 0 0 0 0 0 0 0 0 0 0 0 0 0 0 0 0 0 0 0 0 0 0 0 0 0
0 0 1 0 0 0 0 0 13 19 0 0 0 0 0 0 0 0 0 0 0 0 0 0 0 0 0 0 0 0 0 0 0 0 0 0 0 0 0 0 0 0 0 0 0 0 0 0 0 1 0 0 0 0 0 0 0 0 0 0 0 0 0 0 0 0 0 0 0 0 0 0 0 0 0 0 0 0 0 0 0 0 0 0 0 0 0 0 0 0 0 0 0 0 0 0 0 0 0 0 0 0 0 0 0 0 0 0 0 0 0 0 0 0 0 0 0 0 0 0 0 0 0 0 0 0 0 0 0 0 0 0 0 0 0 0 0 0 0 0 0 0 0 0 0 0 0 0 0 0
0 0 0 0 0 2 12 9 13 0 0 0 0 0 0 0 0 0 0 0 0 0 0 0 0 0 0 0 0 0 0 0 0 0 0 0 0 0 0 0 0 0 0 0 0 0 0 0 0 31 55 0 0 0 0 0 0 0 0 0 0 0 0 0 0 0 0 0 0 0 0 0 0 0 0 0 0 0 0 0 0 0 0 0 0 0 0 0 0 0 0 0 0 0 0 0 0 0 0 0 0 0 0 0 0 0 0 0 0 0 0 0 0 0 0 0 0 0 0 0 0 0 0 0 0 0 0 0 0 0 0 0 0 0 0 0 0 0 0 0 0 0 0 0 0 0 0 0 0 0
0 0 0 0 0 0 7 33 0 0 0 0 0 0 0 0 0 0 0 0 0 0 0 0 0 0 0 0 0 0 0 0 0 0 0 0 0 0 0 0 0 0 0 0 0 0 0 0 0 0 0 0 0 0 0 0 0 0 0 0 0 0 0 0 0 0 0 0 0 0 0 0 0 0 0 0 0 0 0 0 0 0 0 0 0 0 0 0 0 0 0 0 0 0 0 0 0 0 0 0 0 0 0 0 0 0 0 0 0 0 0 0 0 0 0 0 0 0 0 0 0 0 0 0 0 0 0 0 0 0 0 0 0 0 0 0 0 0 0 0 0 0 0 0 0 0 0 0 0 0
0 0 0 0 0 0 0 0 0 0 0 0 0 0 0 0 0 0 0 0 0 0 0 0 0 0 0 0 0 0 0 0 0 0 0 0 0 0 0 0 0 0 0 0 0 0 0 0 0 0 0 0 8 35 0 0 0 0 0 0 0 0 0 0 0 0 0 0 0 0 0 0 0 0 0 0 0 0 0 0 0 0 0 0 0 0 0 0 0 0 0 0 0 0 0 0 0 0 0 0 0 0 0 0 0 0 0 0 0 0 0 0 0 0 0 0 0 0 0 0 0 0 0 0 0 0 0 0 0 0 0 0 0 0 0 0 0 0 0 0 0 0 0 0 0 0 0 0 0 0
0 0 0 0 0 0 0 0 0 0 0 0 0 0 0 0 0 0 0 0 0 0 0 0 0 0 0 0 0 0 0 0 0 0 0 1 0 0 0 0 0 0 0 0 0 0 0 0 0 0 0 0 1 1 0 0 0 0 0 0 0 0 0 0 0 0 0 0 0 0 0 0 0 0 0 0 0 0 0 0 0 0 0 0 0 0 0 0 0 0 0 0 0 0 0 0 0 0 0 0 0 0 0 0 0 0 0 0 0 0 0 0 0 0 0 0 0 0 0 0 0 0 0 0 0 0 0 0 0 0 0 0 0 0 0 0 0 0 0 0 0 0 0 0 0 0 0 0 0 0
0 0 0 0 0 0 0 0 0 0 0 0 0 0 0 0 0 0 0 0 0 0 0 0 0 0 0 0 0 0 0 0 0 0 0 0 0 0 0 0 0 0 0 0 0 0 0 0 3 0 0 1 0 0 0 0 0 0 0 0 0 0 0 0 0 0 0 0 0 0 0 0 0 0 0 0 0 0 0 0 0 0 0 0 0 0 0 0 0 0 0 0 0 0 0 0 0 0 0 0 0 0 0 0 0 0 0 0 0 0 0 0 0 0 0 0 0 0 0 0 0 0 0 0 0 0 0 0 0 0 0 0 0 0 0 0 0 0 0 0 0 0 0 0 0 0 0 0 0 0
0 0 0 0 0 0 0 0 0 0 0 0 0 0 0 0 0 0 0 0 0 0 0 0 0 0 0 0 0 0 0 0 1 0 0 0 0 0 0 0 0 0 0 0 0 0 0 0 0 0 0 0 1 0 0 0 0 0 0 0 0 0 0 0 0 0 0 0 0 0 0 0 0 0 0 0 0 0 0 0 0 0 0 0 0 0 0 0 0 0 0 0 0 0 0 0 0 0 0 0 0 0 0 0 0 0 0 0 0 0 0 0 0 0 0 0 0 0 0 0 0 0 0 0 0 0 0 0 0 0 0 0 0 0 0 0 0 0 0 0 0 0 0 0 0 0 0 0 0 0
0 0 0 0 0 0 0 0 0 0 0 0 0 0 0 0 0 0 0 0 0 0 0 0 0 0 0 0 0 0 2 4 0 1 3 0 0 0 0 0 0 0 0 0 0 0 0 0 0 0 0 0 0 1 0 0 0 0 0 0 0 0 0 0 0 0 0 0 0 0 0 0 0 0 0 0 0 0 0 0 0 0 0 0 0 0 0 0 0 0 0 0 0 0 0 0 0 0 0 0 0 0 0 0 0 0 0 0 0 0 0 0 0 0 0 0 0 0 0 0 0 0 0 0 0 0 0 0 0 0 0 0 0 0 0 0 0 0 0 0 0 0 0 0 0 0 0 0 0 0
0 0 0 0 0 0 0 0 0 0 0 0 0 0 0 0 0 0 0 0 0 0 0 0 0 0 0 0 0 1 3 8 3 0 0 0 1 0 0 0 0 0 0 0 0 0 0 0 0 0 0 0 0 0 0 0 0 0 0 0 0 0 0 0 0 0 0 0 0 0 0 0 0 0 0 0 0 0 0 0 0 0 0 0 0 0 0 0 0 0 0 0 0 0 0 0 0 0 0 0 0 0 0 0 0 0 0 0 0 0 0 0 0 0 0 0 0 0 0 0 0 0 0 0 0 0 0 0 0 0 0 0 0 0 0 0 0 0 0 0 0 0 0 0 0 0 0 0 0 0
0 0 0 0 0 0 0 0 0 0 0 0 0 0 0 0 0 0 0 0 0 0 0 0 0 0 0 0 0 0 2 10 0 0 0 1 1 0 0 0 0 0 0 0 0 0 0 0 0 0 0 0 0 0 0 0 0 0 0 0 0 0 0 0 0 0 0 0 0 0 0 0 0 0 0 0 0 0 0 0 0 0 0 0 0 0 0 0 0 0 0 0 0 0 0 0 0 0 0 0 0 0 0 0 0 0 0 0 0 0 0 0 0 0 0 0 0 0 0 0 0 0 0 0 0 0 0 0 0 0 0 0 0 0 0 0 0 0 0 0 0 0 0 0 0 0 0 0 0 0
0 0 0 0 0 0 0 0 0 0 0 0 0 0 0 0 0 0 0 0 0 0 0 0 0 0 3 1 0 4 0 0 0 0 0 1 0 0 0 0 0 0 0 0 0 0 0 0 0 0 0 0 0 0 0 0 0 0 0 0 0 0 0 0 0 0 0 0 0 0 0 0 0 0 0 0 0 0 0 0 0 0 0 0 0 0 0 0 0 0 0 0 0 0 0 0 0 0 0 0 0 0 0 0 0 0 0 0 0 0 0 0 0 0 0 0 0 0 0 0 0 0 0 0 0 0 0 0 0 0 0 0 0 0 0 0 0 0 0 0 0 0 0 0 0 0 0 0 0 0
0 0 0 0 0 0 0 0 0 0 0 0 0 0 0 0 0 0 0 0 0 0 0 0 0 0 0 0 0 137 27 0 0 0 0 0 0 0 0 0 0 0 0 0 0 0 0 0 0 0 0 0 0 0 0 0 0 0 0 0 0 0 0 0 0 0 0 0 0 0 0 0 0 0 0 0 0 0 0 0 0 0 0 0 0 0 0 0 0 0 0 0 0 0 0 0 0 0 0 0 0 0 0 0 0 0 0 0 0 0 0 0 0 0 0 0 0 0 0 0 0 0 0 0 0 0 0 0 0 0 0 0 0 0 0 0 0 0 0 0 0 0 0 0 0 0 0 0 0 0
0 0 0 0 0 0 0 0 0 0 0 0 0 0 0 0 0 0 0 0 0 0 0 0 0 0 7 0 0 0 1 0 0 0 0 0 0 0 0 0 0 0 0 0 0 0 0 0 0 57 0 0 0 0 0 0 0 0 0 0 0 0 0 0 0 0 0 0 0 0 0 0 0 0 0 0 0 0 0 0 0 0 0 0 0 0 0 0 0 0 0 0 0 0 0 0 0 0 0 0 0 0 0 0 0 0 0 0 0 0 0 0 0 0 0 0 0 0 0 0 0 0 0 0 0 0 0 0 0 0 0 0 0 0 0 0 0 0 0 0 0 0 0 0 0 0 0 0 0 0
0 0 0 0 0 0 0 0 0 0 0 0 0 0 0 0 0 0 0 0 0 0 0 0 0 0 12 0 0 0 0 0 0 0 0 0 0 0 0 0 0 0 0 0 0 0 0 0 3 0 0 0 0 0 0 0 0 0 0 0 0 0 0 0 0 0 0 0 0 0 0 0 0 0 0 0 0 0 0 0 0 0 0 0 0 0 0 0 0 0 0 0 0 0 0 0 0 0 0 0 0 0 0 0 0 0 0 0 0 0 0 0 0 0 0 0 0 0 0 0 0 0 0 0 0 0 0 0 0 0 0 0 0 0 0 0 0 0 0 0 0 0 0 0 0 0 0 0 0 0
0 0 0 0 0 0 0 0 0 0 0 0 0 0 0 0 0 0 0 0 0 0 0 0 0 0 0 1 2 0 0 0 0 0 0 0 0 0 0 0 0 0 0 0 0 0 0 0 0 0 0 0 0 0 0 0 0 0 0 0 0 0 0 0 0 0 0 0 0 0 0 0 0 0 0 0 0 0 0 0 0 0 0 0 0 0 0 0 0 0 0 0 0 0 0 0 0 0 0 0 0 0 0 0 0 0 0 0 0 0 0 0 0 0 0 0 0 0 0 0 0 0 0 0 0 0 0 0 0 0 0 0 0 0 0 0 0 0 0 0 0 0 0 0 0 0 0 0 0 0
0 0 0 0 0 0 0 0 0 0 0 0 0 0 0 0 0 0 0 0 0 0 0 0 0 0 0 0 0 0 0 0 0 0 0 0 0 0 0 0 0 0 0 0 0 0 0 0 0 0 0 0 0 0 0 0 0 0 0 0 0 0 0 0 0 0 0 0 0 0 0 0 0 0 0 0 0 0 0 0 0 0 0 0 0 0 0 0 0 0 0 0 0 0 0 0 0 0 0 0 0 0 0 0 0 0 0 0 0 0 0 0 0 0 0 0 0 0 0 0 0 0 0 0 0 0 0 0 0 0 0 0 0 0 0 0 0 0 0 0 0 0 0 0 0 0 0 0 0 0
0 0 0 0 0 0 0 0 0 0 0 0 0 0 0 0 0 0 0 0 0 0 0 0 0 0 0 0 0 0 0 0 0 0 0 0 0 0 0 0 0 0 0 0 0 0 0 0 0 0 0 0 0 0 0 0 0 0 0 0 0 0 0 0 0 0 0 0 0 0 0 0 0 0 0 0 0 0 0 0 0 0 0 0 0 0 0 0 0 0 0 0 0 0 0 0 0 0 0 0 0 0 0 0 0 0 0 0 0 0 0 0 0 0 0 0 0 0 0 0 0 0 0 0 0 0 0 0 0 0 0 0 0 0 0 0 0 0 0 0 0 0 0 0 0 0 0 0 0 0
0 0 0 0 0 0 0 0 0 0 0 0 0 0 0 0 0 0 0 0 0 0 0 0 0 0 0 0 0 0 0 0 0 0 0 0 0 0 0 0 0 0 0 0 0 0 0 0 0 0 0 0 0 0 0 0 0 0 0 0 0 0 0 0 0 0 0 0 0 0 0 0 0 0 0 0 0 0 0 0 0 0 0 0 0 0 0 0 0 0 0 0 0 0 0 0 0 0 0 0 0 0 0 0 0 0 0 0 0 0 0 0 0 0 0 0 0 0 0 0 0 0 0 0 0 0 0 0 0 0 0 0 0 0 0 0 0 0 0 0 0 0 0 0 0 0 0 0 0 0
0 0 0 0 0 0 0 0 0 0 0 0 0 0 0 0 0 0 0 0 0 0 0 0 0 0 0 0 0 0 0 0 0 0 0 0 0 0 0 0 0 0 0 0 0 0 0 0 0 0 0 0 0 0 0 0 0 0 0 0 0 0 0 0 0 0 0 0 0 0 0 0 0 0 0 0 0 0 0 0 0 0 0 0 0 0 0 0 0 0 0 0 0 0 0 0 0 0 0 0 0 0 0 0 0 0 0 0 0 0 0 0 0 0 0 0 0 0 0 0 0 0 0 0 0 0 0 0 0 0 0 0 0 0 0 0 0 0 0 0 0 0 0 0 0 0 0 0 0 0
0 0 0 0 0 0 0 0 0 0 0 0 0 0 0 0 0 0 0 0 0 0 0 0 0 0 0 0 0 0 0 0 0 0 0 0 0 0 0 0 0 0 0 0 0 0 0 0 0 0 0 0 0 0 0 0 0 0 0 0 0 0 0 0 0 0 0 0 0 0 0 0 0 0 0 0 0 0 0 0 0 0 0 0 0 0 0 0 0 0 0 0 0 0 0 0 0 0 0 0 0 0 0 0 0 0 0 0 0 0 0 0 0 0 0 0 0 0 0 0 0 0 0 0 0 0 0 0 0 0 0 0 0 0 0 0 0 0 0 0 0 0 0 0 0 0 0 0 0 0
